metal_amount,modulator,add_solvent,reaction_time,reaction_temperature,label_id,Intensity_exp,FWHM_exp,q_exp,Intensity_final,FWHM_final,q_final,rule_applied
74,14,1,7,16,Y5999908,,,,0,30.0,0,0
74,14,1,7,17,Y5999909,,,,0,30.0,0,0
74,14,1,7,18,Y5999910,,,,0,30.0,0,0
74,14,1,7,19,Y5999911,,,,0,30.0,0,0
74,14,1,7,20,Y5999912,,,,0,30.0,0,0
74,14,1,7,21,Y5999913,,,,0,30.0,0,0
74,14,1,7,22,Y5999914,,,,0,30.0,0,0
74,14,1,7,23,Y5999915,,,,0,30.0,0,0
74,14,1,7,24,Y5999916,,,,0,30.0,0,0
74,14,1,7,25,Y5999917,,,,0,30.0,0,0
74,14,1,7,26,Y5999918,,,,0,30.0,0,0
74,14,1,7,27,Y5999919,,,,0,30.0,0,0
74,14,1,7,28,Y5999920,,,,0,30.0,0,0
74,14,1,7,29,Y5999921,,,,0,30.0,0,0
74,14,1,7,30,Y5999922,,,,0,30.0,0,0
74,14,1,8,10,Y5999923,,,,0,30.0,0,0
74,14,1,8,11,Y5999924,,,,0,30.0,0,0
74,14,1,8,12,Y5999925,,,,0,30.0,0,0
74,14,1,8,13,Y5999926,,,,0,30.0,0,0
74,14,1,8,14,Y5999927,,,,0,30.0,0,0
74,14,1,8,15,Y5999928,,,,0,30.0,0,0
74,14,1,8,16,Y5999929,,,,0,30.0,0,0
74,14,1,8,17,Y5999930,,,,0,30.0,0,0
74,14,1,8,18,Y5999931,,,,0,30.0,0,0
74,14,1,8,19,Y5999932,,,,0,30.0,0,0
74,14,1,8,20,Y5999933,,,,0,30.0,0,0
74,14,1,8,21,Y5999934,,,,0,30.0,0,0
74,14,1,8,22,Y5999935,,,,0,30.0,0,0
74,14,1,8,23,Y5999936,,,,0,30.0,0,0
74,14,1,8,24,Y5999937,,,,0,30.0,0,0
74,14,1,8,25,Y5999938,,,,0,30.0,0,0
74,14,1,8,26,Y5999939,,,,0,30.0,0,0
74,14,1,8,27,Y5999940,,,,0,30.0,0,0
74,14,1,8,28,Y5999941,,,,0,30.0,0,0
74,14,1,8,29,Y5999942,,,,0,30.0,0,0
74,14,1,8,30,Y5999943,,,,0,30.0,0,0
74,14,1,9,10,Y5999944,,,,0,30.0,0,0
74,14,1,9,11,Y5999945,,,,0,30.0,0,0
74,14,1,9,12,Y5999946,,,,0,30.0,0,0
74,14,1,9,13,Y5999947,,,,0,30.0,0,0
74,14,1,9,14,Y5999948,,,,0,30.0,0,0
74,14,1,9,15,Y5999949,,,,0,30.0,0,0
74,14,1,9,16,Y5999950,,,,0,30.0,0,0
74,14,1,9,17,Y5999951,,,,0,30.0,0,0
74,14,1,9,18,Y5999952,,,,0,30.0,0,0
74,14,1,9,19,Y5999953,,,,0,30.0,0,0
74,14,1,9,20,Y5999954,,,,0,30.0,0,0
74,14,1,9,21,Y5999955,,,,0,30.0,0,0
74,14,1,9,22,Y5999956,,,,0,30.0,0,0
74,14,1,9,23,Y5999957,,,,0,30.0,0,0
74,14,1,9,24,Y5999958,,,,0,30.0,0,0
74,14,1,9,25,Y5999959,,,,0,30.0,0,0
74,14,1,9,26,Y5999960,,,,0,30.0,0,0
74,14,1,9,27,Y5999961,,,,0,30.0,0,0
74,14,1,9,28,Y5999962,,,,0,30.0,0,0
74,14,1,9,29,Y5999963,,,,0,30.0,0,0
74,14,1,9,30,Y5999964,,,,0,30.0,0,0
74,14,1,10,10,Y5999965,,,,0,30.0,0,0
74,14,1,10,11,Y5999966,,,,0,30.0,0,0
74,14,1,10,12,Y5999967,,,,0,30.0,0,0
74,14,1,10,13,Y5999968,,,,0,30.0,0,0
74,14,1,10,14,Y5999969,,,,0,30.0,0,0
74,14,1,10,15,Y5999970,,,,0,30.0,0,0
74,14,1,10,16,Y5999971,,,,0,30.0,0,0
74,14,1,10,17,Y5999972,,,,0,30.0,0,0
74,14,1,10,18,Y5999973,,,,0,30.0,0,0
74,14,1,10,19,Y5999974,,,,0,30.0,0,0
74,14,1,10,20,Y5999975,,,,0,30.0,0,0
74,14,1,10,21,Y5999976,,,,0,30.0,0,0
74,14,1,10,22,Y5999977,,,,0,30.0,0,0
74,14,1,10,23,Y5999978,,,,0,30.0,0,0
74,14,1,10,24,Y5999979,,,,0,30.0,0,0
74,14,1,10,25,Y5999980,,,,0,30.0,0,0
74,14,1,10,26,Y5999981,,,,0,30.0,0,0
74,14,1,10,27,Y5999982,,,,0,30.0,0,0
74,14,1,10,28,Y5999983,,,,0,30.0,0,0
74,14,1,10,29,Y5999984,,,,0,30.0,0,0
74,14,1,10,30,Y5999985,,,,0,30.0,0,0
74,14,1,11,10,Y5999986,,,,0,30.0,0,0
74,14,1,11,11,Y5999987,,,,0,30.0,0,0
74,14,1,11,12,Y5999988,,,,0,30.0,0,0
74,14,1,11,13,Y5999989,,,,0,30.0,0,0
74,14,1,11,14,Y5999990,,,,0,30.0,0,0
74,14,1,11,15,Y5999991,,,,0,30.0,0,0
74,14,1,11,16,Y5999992,,,,0,30.0,0,0
74,14,1,11,17,Y5999993,,,,0,30.0,0,0
74,14,1,11,18,Y5999994,,,,0,30.0,0,0
74,14,1,11,19,Y5999995,,,,0,30.0,0,0
74,14,1,11,20,Y5999996,,,,0,30.0,0,0
74,14,1,11,21,Y5999997,,,,0,30.0,0,0
74,14,1,11,22,Y5999998,,,,0,30.0,0,0
74,14,1,11,23,Y5999999,,,,0,30.0,0,0
74,14,1,11,24,Y6000000,,,,0,30.0,0,0
74,14,1,11,25,Y6000001,,,,0,30.0,0,0
74,14,1,11,26,Y6000002,,,,0,30.0,0,0
74,14,1,11,27,Y6000003,,,,0,30.0,0,0
74,14,1,11,28,Y6000004,,,,0,30.0,0,0
74,14,1,11,29,Y6000005,,,,0,30.0,0,0
74,14,1,11,30,Y6000006,,,,0,30.0,0,0
74,14,1,12,10,Y6000007,,,,0,30.0,0,0
74,14,1,12,11,Y6000008,,,,0,30.0,0,0
74,14,1,12,12,Y6000009,,,,0,30.0,0,0
74,14,1,12,13,Y6000010,,,,0,30.0,0,0
74,14,1,12,14,Y6000011,,,,0,30.0,0,0
74,14,1,12,15,Y6000012,,,,0,30.0,0,0
74,14,1,12,16,Y6000013,,,,0,30.0,0,0
74,14,1,12,17,Y6000014,,,,0,30.0,0,0
74,14,1,12,18,Y6000015,,,,0,30.0,0,0
74,14,1,12,19,Y6000016,,,,0,30.0,0,0
74,14,1,12,20,Y6000017,,,,0,30.0,0,0
74,14,1,12,21,Y6000018,,,,0,30.0,0,0
74,14,1,12,22,Y6000019,,,,0,30.0,0,0
74,14,1,12,23,Y6000020,,,,0,30.0,0,0
74,14,1,12,24,Y6000021,,,,0,30.0,0,0
74,14,1,12,25,Y6000022,,,,0,30.0,0,0
74,14,1,12,26,Y6000023,,,,0,30.0,0,0
74,14,1,12,27,Y6000024,,,,0,30.0,0,0
74,14,1,12,28,Y6000025,,,,0,30.0,0,0
74,14,1,12,29,Y6000026,,,,0,30.0,0,0
74,14,1,12,30,Y6000027,,,,0,30.0,0,0
74,14,2,1,10,Y6000028,,,,0,30.0,0,0
74,14,2,1,11,Y6000029,,,,0,30.0,0,0
74,14,2,1,12,Y6000030,,,,0,30.0,0,0
74,14,2,1,13,Y6000031,,,,0,30.0,0,0
74,14,2,1,14,Y6000032,,,,0,30.0,0,0
74,14,2,1,15,Y6000033,,,,0,30.0,0,0
74,14,2,1,16,Y6000034,,,,0,30.0,0,0
74,14,2,1,17,Y6000035,,,,0,30.0,0,0
74,14,2,1,18,Y6000036,,,,0,30.0,0,0
74,14,2,1,19,Y6000037,,,,0,30.0,0,0
74,14,2,1,20,Y6000038,,,,0,30.0,0,0
74,14,2,1,21,Y6000039,,,,0,30.0,0,0
74,14,2,1,22,Y6000040,,,,0,30.0,0,0
74,14,2,1,23,Y6000041,,,,0,30.0,0,0
74,14,2,1,24,Y6000042,,,,0,30.0,0,0
74,14,2,1,25,Y6000043,,,,0,30.0,0,0
74,14,2,1,26,Y6000044,,,,0,30.0,0,0
74,14,2,1,27,Y6000045,,,,0,30.0,0,0
74,14,2,1,28,Y6000046,,,,0,30.0,0,2
74,14,2,1,29,Y6000047,,,,0,30.0,0,2
74,14,2,1,30,Y6000048,,,,0,30.0,0,2
74,14,2,2,10,Y6000049,,,,0,30.0,0,0
74,14,2,2,11,Y6000050,,,,0,30.0,0,0
74,14,2,2,12,Y6000051,,,,0,30.0,0,0
74,14,2,2,13,Y6000052,,,,0,30.0,0,0
74,14,2,2,14,Y6000053,,,,0,30.0,0,0
74,14,2,2,15,Y6000054,,,,0,30.0,0,0
74,14,2,2,16,Y6000055,,,,0,30.0,0,0
74,14,2,2,17,Y6000056,,,,0,30.0,0,0
74,14,2,2,18,Y6000057,,,,0,30.0,0,0
74,14,2,2,19,Y6000058,,,,0,30.0,0,0
74,14,2,2,20,Y6000059,,,,0,30.0,0,0
74,14,2,2,21,Y6000060,,,,0,30.0,0,0
74,14,2,2,22,Y6000061,,,,0,30.0,0,0
74,14,2,2,23,Y6000062,,,,0,30.0,0,0
74,14,2,2,24,Y6000063,,,,0,30.0,0,0
74,14,2,2,25,Y6000064,,,,0,30.0,0,0
74,14,2,2,26,Y6000065,,,,0,30.0,0,0
74,14,2,2,27,Y6000066,,,,0,30.0,0,0
74,14,2,2,28,Y6000067,,,,0,30.0,0,2
74,14,2,2,29,Y6000068,,,,0,30.0,0,2
74,14,2,2,30,Y6000069,,,,0,30.0,0,2
74,14,2,3,10,Y6000070,,,,0,30.0,0,0
74,14,2,3,11,Y6000071,,,,0,30.0,0,0
74,14,2,3,12,Y6000072,,,,0,30.0,0,0
74,14,2,3,13,Y6000073,,,,0,30.0,0,0
74,14,2,3,14,Y6000074,,,,0,30.0,0,0
74,14,2,3,15,Y6000075,,,,0,30.0,0,0
74,14,2,3,16,Y6000076,,,,0,30.0,0,0
74,14,2,3,17,Y6000077,,,,0,30.0,0,0
74,14,2,3,18,Y6000078,,,,0,30.0,0,0
74,14,2,3,19,Y6000079,,,,0,30.0,0,0
74,14,2,3,20,Y6000080,,,,0,30.0,0,0
74,14,2,3,21,Y6000081,,,,0,30.0,0,0
74,14,2,3,22,Y6000082,,,,0,30.0,0,0
74,14,2,3,23,Y6000083,,,,0,30.0,0,0
74,14,2,3,24,Y6000084,,,,0,30.0,0,0
74,14,2,3,25,Y6000085,,,,0,30.0,0,0
74,14,2,3,26,Y6000086,,,,0,30.0,0,0
74,14,2,3,27,Y6000087,,,,0,30.0,0,0
74,14,2,3,28,Y6000088,,,,0,30.0,0,0
74,14,2,3,29,Y6000089,,,,0,30.0,0,2
74,14,2,3,30,Y6000090,,,,0,30.0,0,2
74,14,2,4,10,Y6000091,,,,0,30.0,0,0
74,14,2,4,11,Y6000092,,,,0,30.0,0,0
74,14,2,4,12,Y6000093,,,,0,30.0,0,0
74,14,2,4,13,Y6000094,,,,0,30.0,0,0
74,14,2,4,14,Y6000095,,,,0,30.0,0,0
74,14,2,4,15,Y6000096,,,,0,30.0,0,0
74,14,2,4,16,Y6000097,,,,0,30.0,0,0
74,14,2,4,17,Y6000098,,,,0,30.0,0,0
74,14,2,4,18,Y6000099,,,,0,30.0,0,0
74,14,2,4,19,Y6000100,,,,0,30.0,0,0
74,14,2,4,20,Y6000101,,,,0,30.0,0,0
74,14,2,4,21,Y6000102,,,,0,30.0,0,0
74,14,2,4,22,Y6000103,,,,0,30.0,0,0
74,14,2,4,23,Y6000104,,,,0,30.0,0,0
74,14,2,4,24,Y6000105,,,,0,30.0,0,0
74,14,2,4,25,Y6000106,,,,0,30.0,0,0
74,14,2,4,26,Y6000107,,,,0,30.0,0,0
74,14,2,4,27,Y6000108,,,,0,30.0,0,0
74,14,2,4,28,Y6000109,,,,0,30.0,0,0
74,14,2,4,29,Y6000110,,,,0,30.0,0,0
74,14,2,4,30,Y6000111,,,,0,30.0,0,0
74,14,2,5,10,Y6000112,,,,0,30.0,0,0
74,14,2,5,11,Y6000113,,,,0,30.0,0,0
74,14,2,5,12,Y6000114,,,,0,30.0,0,0
74,14,2,5,13,Y6000115,,,,0,30.0,0,0
74,14,2,5,14,Y6000116,,,,0,30.0,0,0
74,14,2,5,15,Y6000117,,,,0,30.0,0,0
74,14,2,5,16,Y6000118,,,,0,30.0,0,0
74,14,2,5,17,Y6000119,,,,0,30.0,0,0
74,14,2,5,18,Y6000120,,,,0,30.0,0,0
74,14,2,5,19,Y6000121,,,,0,30.0,0,0
74,14,2,5,20,Y6000122,,,,0,30.0,0,0
74,14,2,5,21,Y6000123,,,,0,30.0,0,0
74,14,2,5,22,Y6000124,,,,0,30.0,0,0
74,14,2,5,23,Y6000125,,,,0,30.0,0,0
74,14,2,5,24,Y6000126,,,,0,30.0,0,0
74,14,2,5,25,Y6000127,,,,0,30.0,0,0
74,14,2,5,26,Y6000128,,,,0,30.0,0,0
74,14,2,5,27,Y6000129,,,,0,30.0,0,0
74,14,2,5,28,Y6000130,,,,0,30.0,0,0
74,14,2,5,29,Y6000131,,,,0,30.0,0,0
74,14,2,5,30,Y6000132,,,,0,30.0,0,0
74,14,2,6,10,Y6000133,,,,0,30.0,0,0
74,14,2,6,11,Y6000134,,,,0,30.0,0,0
74,14,2,6,12,Y6000135,,,,0,30.0,0,0
74,14,2,6,13,Y6000136,,,,0,30.0,0,0
74,14,2,6,14,Y6000137,,,,0,30.0,0,0
74,14,2,6,15,Y6000138,,,,0,30.0,0,0
74,14,2,6,16,Y6000139,,,,0,30.0,0,0
74,14,2,6,17,Y6000140,,,,0,30.0,0,0
74,14,2,6,18,Y6000141,,,,0,30.0,0,0
74,14,2,6,19,Y6000142,,,,0,30.0,0,0
74,14,2,6,20,Y6000143,,,,0,30.0,0,0
74,14,2,6,21,Y6000144,,,,0,30.0,0,0
74,14,2,6,22,Y6000145,,,,0,30.0,0,0
74,14,2,6,23,Y6000146,,,,0,30.0,0,0
74,14,2,6,24,Y6000147,,,,0,30.0,0,0
74,14,2,6,25,Y6000148,,,,0,30.0,0,0
74,14,2,6,26,Y6000149,,,,0,30.0,0,0
74,14,2,6,27,Y6000150,,,,0,30.0,0,0
74,14,2,6,28,Y6000151,,,,0,30.0,0,0
74,14,2,6,29,Y6000152,,,,0,30.0,0,0
74,14,2,6,30,Y6000153,,,,0,30.0,0,0
74,14,2,7,10,Y6000154,,,,0,30.0,0,0
74,14,2,7,11,Y6000155,,,,0,30.0,0,0
74,14,2,7,12,Y6000156,,,,0,30.0,0,0
74,14,2,7,13,Y6000157,,,,0,30.0,0,0
74,14,2,7,14,Y6000158,,,,0,30.0,0,0
74,14,2,7,15,Y6000159,,,,0,30.0,0,0
74,14,2,7,16,Y6000160,,,,0,30.0,0,0
74,14,2,7,17,Y6000161,,,,0,30.0,0,0
74,14,2,7,18,Y6000162,,,,0,30.0,0,0
74,14,2,7,19,Y6000163,,,,0,30.0,0,0
74,14,2,7,20,Y6000164,,,,0,30.0,0,0
74,14,2,7,21,Y6000165,,,,0,30.0,0,0
74,14,2,7,22,Y6000166,,,,0,30.0,0,0
74,14,2,7,23,Y6000167,,,,0,30.0,0,0
74,14,2,7,24,Y6000168,,,,0,30.0,0,0
74,14,2,7,25,Y6000169,,,,0,30.0,0,0
74,14,2,7,26,Y6000170,,,,0,30.0,0,0
74,14,2,7,27,Y6000171,,,,0,30.0,0,0
74,14,2,7,28,Y6000172,,,,0,30.0,0,0
74,14,2,7,29,Y6000173,,,,0,30.0,0,0
74,14,2,7,30,Y6000174,,,,0,30.0,0,0
74,14,2,8,10,Y6000175,,,,0,30.0,0,0
74,14,2,8,11,Y6000176,,,,0,30.0,0,0
74,14,2,8,12,Y6000177,,,,0,30.0,0,0
74,14,2,8,13,Y6000178,,,,0,30.0,0,0
74,14,2,8,14,Y6000179,,,,0,30.0,0,0
74,14,2,8,15,Y6000180,,,,0,30.0,0,0
74,14,2,8,16,Y6000181,,,,0,30.0,0,0
74,14,2,8,17,Y6000182,,,,0,30.0,0,0
74,14,2,8,18,Y6000183,,,,0,30.0,0,0
74,14,2,8,19,Y6000184,,,,0,30.0,0,0
74,14,2,8,20,Y6000185,,,,0,30.0,0,0
74,14,2,8,21,Y6000186,,,,0,30.0,0,0
74,14,2,8,22,Y6000187,,,,0,30.0,0,0
74,14,2,8,23,Y6000188,,,,0,30.0,0,0
74,14,2,8,24,Y6000189,,,,0,30.0,0,0
74,14,2,8,25,Y6000190,,,,0,30.0,0,0
74,14,2,8,26,Y6000191,,,,0,30.0,0,0
74,14,2,8,27,Y6000192,,,,0,30.0,0,0
74,14,2,8,28,Y6000193,,,,0,30.0,0,0
74,14,2,8,29,Y6000194,,,,0,30.0,0,0
74,14,2,8,30,Y6000195,,,,0,30.0,0,0
74,14,2,9,10,Y6000196,,,,0,30.0,0,0
74,14,2,9,11,Y6000197,,,,0,30.0,0,0
74,14,2,9,12,Y6000198,,,,0,30.0,0,0
74,14,2,9,13,Y6000199,,,,0,30.0,0,0
74,14,2,9,14,Y6000200,,,,0,30.0,0,0
74,14,2,9,15,Y6000201,,,,0,30.0,0,0
74,14,2,9,16,Y6000202,,,,0,30.0,0,0
74,14,2,9,17,Y6000203,,,,0,30.0,0,0
74,14,2,9,18,Y6000204,,,,0,30.0,0,0
74,14,2,9,19,Y6000205,,,,0,30.0,0,0
74,14,2,9,20,Y6000206,,,,0,30.0,0,0
74,14,2,9,21,Y6000207,,,,0,30.0,0,0
74,14,2,9,22,Y6000208,,,,0,30.0,0,0
74,14,2,9,23,Y6000209,,,,0,30.0,0,0
74,14,2,9,24,Y6000210,,,,0,30.0,0,0
74,14,2,9,25,Y6000211,,,,0,30.0,0,0
74,14,2,9,26,Y6000212,,,,0,30.0,0,0
74,14,2,9,27,Y6000213,,,,0,30.0,0,0
74,14,2,9,28,Y6000214,,,,0,30.0,0,0
74,14,2,9,29,Y6000215,,,,0,30.0,0,0
74,14,2,9,30,Y6000216,,,,0,30.0,0,0
74,14,2,10,10,Y6000217,,,,0,30.0,0,0
74,14,2,10,11,Y6000218,,,,0,30.0,0,0
74,14,2,10,12,Y6000219,,,,0,30.0,0,0
74,14,2,10,13,Y6000220,,,,0,30.0,0,0
74,14,2,10,14,Y6000221,,,,0,30.0,0,0
74,14,2,10,15,Y6000222,,,,0,30.0,0,0
74,14,2,10,16,Y6000223,,,,0,30.0,0,0
74,14,2,10,17,Y6000224,,,,0,30.0,0,0
74,14,2,10,18,Y6000225,,,,0,30.0,0,0
74,14,2,10,19,Y6000226,,,,0,30.0,0,0
74,14,2,10,20,Y6000227,,,,0,30.0,0,0
74,14,2,10,21,Y6000228,,,,0,30.0,0,0
74,14,2,10,22,Y6000229,,,,0,30.0,0,0
74,14,2,10,23,Y6000230,,,,0,30.0,0,0
74,14,2,10,24,Y6000231,,,,0,30.0,0,0
74,14,2,10,25,Y6000232,,,,0,30.0,0,0
74,14,2,10,26,Y6000233,,,,0,30.0,0,0
74,14,2,10,27,Y6000234,,,,0,30.0,0,0
74,14,2,10,28,Y6000235,,,,0,30.0,0,0
74,14,2,10,29,Y6000236,,,,0,30.0,0,0
74,14,2,10,30,Y6000237,,,,0,30.0,0,0
74,14,2,11,10,Y6000238,,,,0,30.0,0,0
74,14,2,11,11,Y6000239,,,,0,30.0,0,0
74,14,2,11,12,Y6000240,,,,0,30.0,0,0
74,14,2,11,13,Y6000241,,,,0,30.0,0,0
74,14,2,11,14,Y6000242,,,,0,30.0,0,0
74,14,2,11,15,Y6000243,,,,0,30.0,0,0
74,14,2,11,16,Y6000244,,,,0,30.0,0,0
74,14,2,11,17,Y6000245,,,,0,30.0,0,0
74,14,2,11,18,Y6000246,,,,0,30.0,0,0
74,14,2,11,19,Y6000247,,,,0,30.0,0,0
74,14,2,11,20,Y6000248,,,,0,30.0,0,0
74,14,2,11,21,Y6000249,,,,0,30.0,0,0
74,14,2,11,22,Y6000250,,,,0,30.0,0,0
74,14,2,11,23,Y6000251,,,,0,30.0,0,0
74,14,2,11,24,Y6000252,,,,0,30.0,0,0
74,14,2,11,25,Y6000253,,,,0,30.0,0,0
74,14,2,11,26,Y6000254,,,,0,30.0,0,0
74,14,2,11,27,Y6000255,,,,0,30.0,0,0
74,14,2,11,28,Y6000256,,,,0,30.0,0,0
74,14,2,11,29,Y6000257,,,,0,30.0,0,0
74,14,2,11,30,Y6000258,,,,0,30.0,0,0
74,14,2,12,10,Y6000259,,,,0,30.0,0,0
74,14,2,12,11,Y6000260,,,,0,30.0,0,0
74,14,2,12,12,Y6000261,,,,0,30.0,0,0
74,14,2,12,13,Y6000262,,,,0,30.0,0,0
74,14,2,12,14,Y6000263,,,,0,30.0,0,0
74,14,2,12,15,Y6000264,,,,0,30.0,0,0
74,14,2,12,16,Y6000265,,,,0,30.0,0,0
74,14,2,12,17,Y6000266,,,,0,30.0,0,0
74,14,2,12,18,Y6000267,,,,0,30.0,0,0
74,14,2,12,19,Y6000268,,,,0,30.0,0,0
74,14,2,12,20,Y6000269,,,,0,30.0,0,0
74,14,2,12,21,Y6000270,,,,0,30.0,0,0
74,14,2,12,22,Y6000271,,,,0,30.0,0,0
74,14,2,12,23,Y6000272,,,,0,30.0,0,0
74,14,2,12,24,Y6000273,,,,0,30.0,0,0
74,14,2,12,25,Y6000274,,,,0,30.0,0,0
74,14,2,12,26,Y6000275,,,,0,30.0,0,0
74,14,2,12,27,Y6000276,,,,0,30.0,0,0
74,14,2,12,28,Y6000277,,,,0,30.0,0,0
74,14,2,12,29,Y6000278,,,,0,30.0,0,0
74,14,2,12,30,Y6000279,,,,0,30.0,0,0
74,14,3,1,10,Y6000280,,,,0,30.0,0,0
74,14,3,1,11,Y6000281,,,,0,30.0,0,0
74,14,3,1,12,Y6000282,,,,0,30.0,0,0
74,14,3,1,13,Y6000283,,,,0,30.0,0,0
74,14,3,1,14,Y6000284,,,,0,30.0,0,0
74,14,3,1,15,Y6000285,,,,0,30.0,0,0
74,14,3,1,16,Y6000286,,,,0,30.0,0,0
74,14,3,1,17,Y6000287,,,,0,30.0,0,0
74,14,3,1,18,Y6000288,,,,0,30.0,0,0
74,14,3,1,19,Y6000289,,,,0,30.0,0,0
74,14,3,1,20,Y6000290,,,,0,30.0,0,0
74,14,3,1,21,Y6000291,,,,0,30.0,0,0
74,14,3,1,22,Y6000292,,,,0,30.0,0,0
74,14,3,1,23,Y6000293,,,,0,30.0,0,0
74,14,3,1,24,Y6000294,,,,0,30.0,0,0
74,14,3,1,25,Y6000295,,,,0,30.0,0,0
74,14,3,1,26,Y6000296,,,,0,30.0,0,0
74,14,3,1,27,Y6000297,,,,0,30.0,0,0
74,14,3,1,28,Y6000298,,,,0,30.0,0,0
74,14,3,1,29,Y6000299,,,,0,30.0,0,0
74,14,3,1,30,Y6000300,,,,0,30.0,0,0
74,14,3,2,10,Y6000301,,,,0,30.0,0,0
74,14,3,2,11,Y6000302,,,,0,30.0,0,0
74,14,3,2,12,Y6000303,,,,0,30.0,0,0
74,14,3,2,13,Y6000304,,,,0,30.0,0,0
74,14,3,2,14,Y6000305,,,,0,30.0,0,0
74,14,3,2,15,Y6000306,,,,0,30.0,0,0
74,14,3,2,16,Y6000307,,,,0,30.0,0,0
74,14,3,2,17,Y6000308,,,,0,30.0,0,0
74,14,3,2,18,Y6000309,,,,0,30.0,0,0
74,14,3,2,19,Y6000310,,,,0,30.0,0,0
74,14,3,2,20,Y6000311,,,,0,30.0,0,0
74,14,3,2,21,Y6000312,,,,0,30.0,0,0
74,14,3,2,22,Y6000313,,,,0,30.0,0,0
74,14,3,2,23,Y6000314,,,,0,30.0,0,0
74,14,3,2,24,Y6000315,,,,0,30.0,0,0
74,14,3,2,25,Y6000316,,,,0,30.0,0,0
74,14,3,2,26,Y6000317,,,,0,30.0,0,0
74,14,3,2,27,Y6000318,,,,0,30.0,0,0
74,14,3,2,28,Y6000319,,,,0,30.0,0,0
74,14,3,2,29,Y6000320,,,,0,30.0,0,0
74,14,3,2,30,Y6000321,,,,0,30.0,0,0
74,14,3,3,10,Y6000322,,,,0,30.0,0,0
74,14,3,3,11,Y6000323,,,,0,30.0,0,0
74,14,3,3,12,Y6000324,,,,0,30.0,0,0
74,14,3,3,13,Y6000325,,,,0,30.0,0,0
74,14,3,3,14,Y6000326,,,,0,30.0,0,0
74,14,3,3,15,Y6000327,,,,0,30.0,0,0
74,14,3,3,16,Y6000328,,,,0,30.0,0,0
74,14,3,3,17,Y6000329,,,,0,30.0,0,0
74,14,3,3,18,Y6000330,,,,0,30.0,0,0
74,14,3,3,19,Y6000331,,,,0,30.0,0,0
74,14,3,3,20,Y6000332,,,,0,30.0,0,0
74,14,3,3,21,Y6000333,,,,0,30.0,0,0
74,14,3,3,22,Y6000334,,,,0,30.0,0,0
74,14,3,3,23,Y6000335,,,,0,30.0,0,0
74,14,3,3,24,Y6000336,,,,0,30.0,0,0
74,14,3,3,25,Y6000337,,,,0,30.0,0,0
74,14,3,3,26,Y6000338,,,,0,30.0,0,0
74,14,3,3,27,Y6000339,,,,0,30.0,0,0
74,14,3,3,28,Y6000340,,,,0,30.0,0,0
74,14,3,3,29,Y6000341,,,,0,30.0,0,0
74,14,3,3,30,Y6000342,,,,0,30.0,0,0
74,14,3,4,10,Y6000343,,,,0,30.0,0,0
74,14,3,4,11,Y6000344,,,,0,30.0,0,0
74,14,3,4,12,Y6000345,,,,0,30.0,0,0
74,14,3,4,13,Y6000346,,,,0,30.0,0,0
74,14,3,4,14,Y6000347,,,,0,30.0,0,0
74,14,3,4,15,Y6000348,,,,0,30.0,0,0
74,14,3,4,16,Y6000349,,,,0,30.0,0,0
74,14,3,4,17,Y6000350,,,,0,30.0,0,0
74,14,3,4,18,Y6000351,,,,0,30.0,0,0
74,14,3,4,19,Y6000352,,,,0,30.0,0,0
74,14,3,4,20,Y6000353,,,,0,30.0,0,0
74,14,3,4,21,Y6000354,,,,0,30.0,0,0
74,14,3,4,22,Y6000355,,,,0,30.0,0,0
74,14,3,4,23,Y6000356,,,,0,30.0,0,0
74,14,3,4,24,Y6000357,,,,0,30.0,0,0
74,14,3,4,25,Y6000358,,,,0,30.0,0,0
74,14,3,4,26,Y6000359,,,,0,30.0,0,0
74,14,3,4,27,Y6000360,,,,0,30.0,0,0
74,14,3,4,28,Y6000361,,,,0,30.0,0,0
74,14,3,4,29,Y6000362,,,,0,30.0,0,0
74,14,3,4,30,Y6000363,,,,0,30.0,0,0
74,14,3,5,10,Y6000364,,,,0,30.0,0,0
74,14,3,5,11,Y6000365,,,,0,30.0,0,0
74,14,3,5,12,Y6000366,,,,0,30.0,0,0
74,14,3,5,13,Y6000367,,,,0,30.0,0,0
74,14,3,5,14,Y6000368,,,,0,30.0,0,0
74,14,3,5,15,Y6000369,,,,0,30.0,0,0
74,14,3,5,16,Y6000370,,,,0,30.0,0,0
74,14,3,5,17,Y6000371,,,,0,30.0,0,0
74,14,3,5,18,Y6000372,,,,0,30.0,0,0
74,14,3,5,19,Y6000373,,,,0,30.0,0,0
74,14,3,5,20,Y6000374,,,,0,30.0,0,0
74,14,3,5,21,Y6000375,,,,0,30.0,0,0
74,14,3,5,22,Y6000376,,,,0,30.0,0,0
74,14,3,5,23,Y6000377,,,,0,30.0,0,0
74,14,3,5,24,Y6000378,,,,0,30.0,0,0
74,14,3,5,25,Y6000379,,,,0,30.0,0,0
74,14,3,5,26,Y6000380,,,,0,30.0,0,0
74,14,3,5,27,Y6000381,,,,0,30.0,0,0
74,14,3,5,28,Y6000382,,,,0,30.0,0,0
74,14,3,5,29,Y6000383,,,,0,30.0,0,0
74,14,3,5,30,Y6000384,,,,0,30.0,0,0
74,14,3,6,10,Y6000385,,,,0,30.0,0,0
74,14,3,6,11,Y6000386,,,,0,30.0,0,0
74,14,3,6,12,Y6000387,,,,0,30.0,0,0
74,14,3,6,13,Y6000388,,,,0,30.0,0,0
74,14,3,6,14,Y6000389,,,,0,30.0,0,0
74,14,3,6,15,Y6000390,,,,0,30.0,0,0
74,14,3,6,16,Y6000391,,,,0,30.0,0,0
74,14,3,6,17,Y6000392,,,,0,30.0,0,0
74,14,3,6,18,Y6000393,,,,0,30.0,0,0
74,14,3,6,19,Y6000394,,,,0,30.0,0,0
74,14,3,6,20,Y6000395,,,,0,30.0,0,0
74,14,3,6,21,Y6000396,,,,0,30.0,0,0
74,14,3,6,22,Y6000397,,,,0,30.0,0,0
74,14,3,6,23,Y6000398,,,,0,30.0,0,0
74,14,3,6,24,Y6000399,,,,0,30.0,0,0
74,14,3,6,25,Y6000400,,,,0,30.0,0,0
74,14,3,6,26,Y6000401,,,,0,30.0,0,0
74,14,3,6,27,Y6000402,,,,0,30.0,0,0
74,14,3,6,28,Y6000403,,,,0,30.0,0,0
74,14,3,6,29,Y6000404,,,,0,30.0,0,0
74,14,3,6,30,Y6000405,,,,0,30.0,0,0
74,14,3,7,10,Y6000406,,,,0,30.0,0,0
74,14,3,7,11,Y6000407,,,,0,30.0,0,0
74,14,3,7,12,Y6000408,,,,0,30.0,0,0
74,14,3,7,13,Y6000409,,,,0,30.0,0,0
74,14,3,7,14,Y6000410,,,,0,30.0,0,0
74,14,3,7,15,Y6000411,,,,0,30.0,0,0
74,14,3,7,16,Y6000412,,,,0,30.0,0,0
74,14,3,7,17,Y6000413,,,,0,30.0,0,0
74,14,3,7,18,Y6000414,,,,0,30.0,0,0
74,14,3,7,19,Y6000415,,,,0,30.0,0,0
74,14,3,7,20,Y6000416,,,,0,30.0,0,0
74,14,3,7,21,Y6000417,,,,0,30.0,0,0
74,14,3,7,22,Y6000418,,,,0,30.0,0,0
74,14,3,7,23,Y6000419,,,,0,30.0,0,0
74,14,3,7,24,Y6000420,,,,0,30.0,0,0
74,14,3,7,25,Y6000421,,,,0,30.0,0,0
74,14,3,7,26,Y6000422,,,,0,30.0,0,0
74,14,3,7,27,Y6000423,,,,0,30.0,0,0
74,14,3,7,28,Y6000424,,,,0,30.0,0,0
74,14,3,7,29,Y6000425,,,,0,30.0,0,0
74,14,3,7,30,Y6000426,,,,0,30.0,0,0
74,14,3,8,10,Y6000427,,,,0,30.0,0,0
74,14,3,8,11,Y6000428,,,,0,30.0,0,0
74,14,3,8,12,Y6000429,,,,0,30.0,0,0
74,14,3,8,13,Y6000430,,,,0,30.0,0,0
74,14,3,8,14,Y6000431,,,,0,30.0,0,0
74,14,3,8,15,Y6000432,,,,0,30.0,0,0
74,14,3,8,16,Y6000433,,,,0,30.0,0,0
74,14,3,8,17,Y6000434,,,,0,30.0,0,0
74,14,3,8,18,Y6000435,,,,0,30.0,0,0
74,14,3,8,19,Y6000436,,,,0,30.0,0,0
74,14,3,8,20,Y6000437,,,,0,30.0,0,0
74,14,3,8,21,Y6000438,,,,0,30.0,0,0
74,14,3,8,22,Y6000439,,,,0,30.0,0,0
74,14,3,8,23,Y6000440,,,,0,30.0,0,0
74,14,3,8,24,Y6000441,,,,0,30.0,0,0
74,14,3,8,25,Y6000442,,,,0,30.0,0,0
74,14,3,8,26,Y6000443,,,,0,30.0,0,0
74,14,3,8,27,Y6000444,,,,0,30.0,0,0
74,14,3,8,28,Y6000445,,,,0,30.0,0,0
74,14,3,8,29,Y6000446,,,,0,30.0,0,0
74,14,3,8,30,Y6000447,,,,0,30.0,0,0
74,14,3,9,10,Y6000448,,,,0,30.0,0,0
74,14,3,9,11,Y6000449,,,,0,30.0,0,0
74,14,3,9,12,Y6000450,,,,0,30.0,0,0
74,14,3,9,13,Y6000451,,,,0,30.0,0,0
74,14,3,9,14,Y6000452,,,,0,30.0,0,0
74,14,3,9,15,Y6000453,,,,0,30.0,0,0
74,14,3,9,16,Y6000454,,,,0,30.0,0,0
74,14,3,9,17,Y6000455,,,,0,30.0,0,0
74,14,3,9,18,Y6000456,,,,0,30.0,0,0
74,14,3,9,19,Y6000457,,,,0,30.0,0,0
74,14,3,9,20,Y6000458,,,,0,30.0,0,0
74,14,3,9,21,Y6000459,,,,0,30.0,0,0
74,14,3,9,22,Y6000460,,,,0,30.0,0,0
74,14,3,9,23,Y6000461,,,,0,30.0,0,0
74,14,3,9,24,Y6000462,,,,0,30.0,0,0
74,14,3,9,25,Y6000463,,,,0,30.0,0,0
74,14,3,9,26,Y6000464,,,,0,30.0,0,0
74,14,3,9,27,Y6000465,,,,0,30.0,0,0
74,14,3,9,28,Y6000466,,,,0,30.0,0,0
74,14,3,9,29,Y6000467,,,,0,30.0,0,0
74,14,3,9,30,Y6000468,,,,0,30.0,0,0
74,14,3,10,10,Y6000469,,,,0,30.0,0,0
74,14,3,10,11,Y6000470,,,,0,30.0,0,0
74,14,3,10,12,Y6000471,,,,0,30.0,0,0
74,14,3,10,13,Y6000472,,,,0,30.0,0,0
74,14,3,10,14,Y6000473,,,,0,30.0,0,0
74,14,3,10,15,Y6000474,,,,0,30.0,0,0
74,14,3,10,16,Y6000475,,,,0,30.0,0,0
74,14,3,10,17,Y6000476,,,,0,30.0,0,0
74,14,3,10,18,Y6000477,,,,0,30.0,0,0
74,14,3,10,19,Y6000478,,,,0,30.0,0,0
74,14,3,10,20,Y6000479,,,,0,30.0,0,0
74,14,3,10,21,Y6000480,,,,0,30.0,0,0
74,14,3,10,22,Y6000481,,,,0,30.0,0,0
74,14,3,10,23,Y6000482,,,,0,30.0,0,0
74,14,3,10,24,Y6000483,,,,0,30.0,0,0
74,14,3,10,25,Y6000484,,,,0,30.0,0,0
74,14,3,10,26,Y6000485,,,,0,30.0,0,0
74,14,3,10,27,Y6000486,,,,0,30.0,0,0
74,14,3,10,28,Y6000487,,,,0,30.0,0,0
74,14,3,10,29,Y6000488,,,,0,30.0,0,0
74,14,3,10,30,Y6000489,,,,0,30.0,0,0
74,14,3,11,10,Y6000490,,,,0,30.0,0,0
74,14,3,11,11,Y6000491,,,,0,30.0,0,0
74,14,3,11,12,Y6000492,,,,0,30.0,0,0
74,14,3,11,13,Y6000493,,,,0,30.0,0,0
74,14,3,11,14,Y6000494,,,,0,30.0,0,0
74,14,3,11,15,Y6000495,,,,0,30.0,0,0
74,14,3,11,16,Y6000496,,,,0,30.0,0,0
74,14,3,11,17,Y6000497,,,,0,30.0,0,0
74,14,3,11,18,Y6000498,,,,0,30.0,0,0
74,14,3,11,19,Y6000499,,,,0,30.0,0,0
74,14,3,11,20,Y6000500,,,,0,30.0,0,0
74,14,3,11,21,Y6000501,,,,0,30.0,0,0
74,14,3,11,22,Y6000502,,,,0,30.0,0,0
74,14,3,11,23,Y6000503,,,,0,30.0,0,0
74,14,3,11,24,Y6000504,,,,0,30.0,0,0
74,14,3,11,25,Y6000505,,,,0,30.0,0,0
74,14,3,11,26,Y6000506,,,,0,30.0,0,0
74,14,3,11,27,Y6000507,,,,0,30.0,0,0
74,14,3,11,28,Y6000508,,,,0,30.0,0,0
74,14,3,11,29,Y6000509,,,,0,30.0,0,0
74,14,3,11,30,Y6000510,,,,0,30.0,0,0
74,14,3,12,10,Y6000511,,,,0,30.0,0,0
74,14,3,12,11,Y6000512,,,,0,30.0,0,0
74,14,3,12,12,Y6000513,,,,0,30.0,0,0
74,14,3,12,13,Y6000514,,,,0,30.0,0,0
74,14,3,12,14,Y6000515,,,,0,30.0,0,0
74,14,3,12,15,Y6000516,,,,0,30.0,0,0
74,14,3,12,16,Y6000517,,,,0,30.0,0,0
74,14,3,12,17,Y6000518,,,,0,30.0,0,0
74,14,3,12,18,Y6000519,,,,0,30.0,0,0
74,14,3,12,19,Y6000520,,,,0,30.0,0,0
74,14,3,12,20,Y6000521,,,,0,30.0,0,0
74,14,3,12,21,Y6000522,,,,0,30.0,0,0
74,14,3,12,22,Y6000523,,,,0,30.0,0,0
74,14,3,12,23,Y6000524,,,,0,30.0,0,0
74,14,3,12,24,Y6000525,,,,0,30.0,0,0
74,14,3,12,25,Y6000526,,,,0,30.0,0,0
74,14,3,12,26,Y6000527,,,,0,30.0,0,0
74,14,3,12,27,Y6000528,,,,0,30.0,0,0
74,14,3,12,28,Y6000529,,,,0,30.0,0,0
74,14,3,12,29,Y6000530,,,,0,30.0,0,0
74,14,3,12,30,Y6000531,,,,0,30.0,0,0
74,14,4,1,10,Y6000532,,,,0,30.0,0,0
74,14,4,1,11,Y6000533,,,,0,30.0,0,0
74,14,4,1,12,Y6000534,,,,0,30.0,0,0
74,14,4,1,13,Y6000535,,,,0,30.0,0,0
74,14,4,1,14,Y6000536,,,,0,30.0,0,0
74,14,4,1,15,Y6000537,,,,0,30.0,0,0
74,14,4,1,16,Y6000538,,,,0,30.0,0,0
74,14,4,1,17,Y6000539,,,,0,30.0,0,0
74,14,4,1,18,Y6000540,,,,0,30.0,0,0
74,14,4,1,19,Y6000541,,,,0,30.0,0,0
74,14,4,1,20,Y6000542,,,,0,30.0,0,0
74,14,4,1,21,Y6000543,,,,0,30.0,0,0
74,14,4,1,22,Y6000544,,,,0,30.0,0,0
74,14,4,1,23,Y6000545,,,,0,30.0,0,0
74,14,4,1,24,Y6000546,,,,0,30.0,0,0
74,14,4,1,25,Y6000547,,,,0,30.0,0,0
74,14,4,1,26,Y6000548,,,,0,30.0,0,0
74,14,4,1,27,Y6000549,,,,0,30.0,0,0
74,14,4,1,28,Y6000550,,,,0,30.0,0,0
74,14,4,1,29,Y6000551,,,,0,30.0,0,0
74,14,4,1,30,Y6000552,,,,0,30.0,0,0
74,14,4,2,10,Y6000553,,,,0,30.0,0,0
74,14,4,2,11,Y6000554,,,,0,30.0,0,0
74,14,4,2,12,Y6000555,,,,0,30.0,0,0
74,14,4,2,13,Y6000556,,,,0,30.0,0,0
74,14,4,2,14,Y6000557,,,,0,30.0,0,0
74,14,4,2,15,Y6000558,,,,0,30.0,0,0
74,14,4,2,16,Y6000559,,,,0,30.0,0,0
74,14,4,2,17,Y6000560,,,,0,30.0,0,0
74,14,4,2,18,Y6000561,,,,0,30.0,0,0
74,14,4,2,19,Y6000562,,,,0,30.0,0,0
74,14,4,2,20,Y6000563,,,,0,30.0,0,0
74,14,4,2,21,Y6000564,,,,0,30.0,0,0
74,14,4,2,22,Y6000565,,,,0,30.0,0,0
74,14,4,2,23,Y6000566,,,,0,30.0,0,0
74,14,4,2,24,Y6000567,,,,0,30.0,0,0
74,14,4,2,25,Y6000568,,,,0,30.0,0,0
74,14,4,2,26,Y6000569,,,,0,30.0,0,0
74,14,4,2,27,Y6000570,,,,0,30.0,0,0
74,14,4,2,28,Y6000571,,,,0,30.0,0,0
74,14,4,2,29,Y6000572,,,,0,30.0,0,0
74,14,4,2,30,Y6000573,,,,0,30.0,0,0
74,14,4,3,10,Y6000574,,,,0,30.0,0,0
74,14,4,3,11,Y6000575,,,,0,30.0,0,0
74,14,4,3,12,Y6000576,,,,0,30.0,0,0
74,14,4,3,13,Y6000577,,,,0,30.0,0,0
74,14,4,3,14,Y6000578,,,,0,30.0,0,0
74,14,4,3,15,Y6000579,,,,0,30.0,0,0
74,14,4,3,16,Y6000580,,,,0,30.0,0,0
74,14,4,3,17,Y6000581,,,,0,30.0,0,0
74,14,4,3,18,Y6000582,,,,0,30.0,0,0
74,14,4,3,19,Y6000583,,,,0,30.0,0,0
74,14,4,3,20,Y6000584,,,,0,30.0,0,0
74,14,4,3,21,Y6000585,,,,0,30.0,0,0
74,14,4,3,22,Y6000586,,,,0,30.0,0,0
74,14,4,3,23,Y6000587,,,,0,30.0,0,0
74,14,4,3,24,Y6000588,,,,0,30.0,0,0
74,14,4,3,25,Y6000589,,,,0,30.0,0,0
74,14,4,3,26,Y6000590,,,,0,30.0,0,0
74,14,4,3,27,Y6000591,,,,0,30.0,0,0
74,14,4,3,28,Y6000592,,,,0,30.0,0,0
74,14,4,3,29,Y6000593,,,,0,30.0,0,0
74,14,4,3,30,Y6000594,,,,0,30.0,0,0
74,14,4,4,10,Y6000595,,,,0,30.0,0,0
74,14,4,4,11,Y6000596,,,,0,30.0,0,0
74,14,4,4,12,Y6000597,,,,0,30.0,0,0
74,14,4,4,13,Y6000598,,,,0,30.0,0,0
74,14,4,4,14,Y6000599,,,,0,30.0,0,0
74,14,4,4,15,Y6000600,,,,0,30.0,0,0
74,14,4,4,16,Y6000601,,,,0,30.0,0,0
74,14,4,4,17,Y6000602,,,,0,30.0,0,0
74,14,4,4,18,Y6000603,,,,0,30.0,0,0
74,14,4,4,19,Y6000604,,,,0,30.0,0,0
74,14,4,4,20,Y6000605,,,,0,30.0,0,0
74,14,4,4,21,Y6000606,,,,0,30.0,0,0
74,14,4,4,22,Y6000607,,,,0,30.0,0,0
74,14,4,4,23,Y6000608,,,,0,30.0,0,0
74,14,4,4,24,Y6000609,,,,0,30.0,0,0
74,14,4,4,25,Y6000610,,,,0,30.0,0,0
74,14,4,4,26,Y6000611,,,,0,30.0,0,0
74,14,4,4,27,Y6000612,,,,0,30.0,0,0
74,14,4,4,28,Y6000613,,,,0,30.0,0,0
74,14,4,4,29,Y6000614,,,,0,30.0,0,0
74,14,4,4,30,Y6000615,,,,0,30.0,0,0
74,14,4,5,10,Y6000616,,,,0,30.0,0,0
74,14,4,5,11,Y6000617,,,,0,30.0,0,0
74,14,4,5,12,Y6000618,,,,0,30.0,0,0
74,14,4,5,13,Y6000619,,,,0,30.0,0,0
74,14,4,5,14,Y6000620,,,,0,30.0,0,0
74,14,4,5,15,Y6000621,,,,0,30.0,0,0
74,14,4,5,16,Y6000622,,,,0,30.0,0,0
74,14,4,5,17,Y6000623,,,,0,30.0,0,0
74,14,4,5,18,Y6000624,,,,0,30.0,0,0
74,14,4,5,19,Y6000625,,,,0,30.0,0,0
74,14,4,5,20,Y6000626,,,,0,30.0,0,0
74,14,4,5,21,Y6000627,,,,0,30.0,0,0
74,14,4,5,22,Y6000628,,,,0,30.0,0,0
74,14,4,5,23,Y6000629,,,,0,30.0,0,0
74,14,4,5,24,Y6000630,,,,0,30.0,0,0
74,14,4,5,25,Y6000631,,,,0,30.0,0,0
74,14,4,5,26,Y6000632,,,,0,30.0,0,0
74,14,4,5,27,Y6000633,,,,0,30.0,0,0
74,14,4,5,28,Y6000634,,,,0,30.0,0,0
74,14,4,5,29,Y6000635,,,,0,30.0,0,0
74,14,4,5,30,Y6000636,,,,0,30.0,0,0
74,14,4,6,10,Y6000637,,,,0,30.0,0,0
74,14,4,6,11,Y6000638,,,,0,30.0,0,0
74,14,4,6,12,Y6000639,,,,0,30.0,0,0
74,14,4,6,13,Y6000640,,,,0,30.0,0,0
74,14,4,6,14,Y6000641,,,,0,30.0,0,0
74,14,4,6,15,Y6000642,,,,0,30.0,0,0
74,14,4,6,16,Y6000643,,,,0,30.0,0,0
74,14,4,6,17,Y6000644,,,,0,30.0,0,0
74,14,4,6,18,Y6000645,,,,0,30.0,0,0
74,14,4,6,19,Y6000646,,,,0,30.0,0,0
74,14,4,6,20,Y6000647,,,,0,30.0,0,0
74,14,4,6,21,Y6000648,,,,0,30.0,0,0
74,14,4,6,22,Y6000649,,,,0,30.0,0,0
74,14,4,6,23,Y6000650,,,,0,30.0,0,0
74,14,4,6,24,Y6000651,,,,0,30.0,0,0
74,14,4,6,25,Y6000652,,,,0,30.0,0,0
74,14,4,6,26,Y6000653,,,,0,30.0,0,0
74,14,4,6,27,Y6000654,,,,0,30.0,0,0
74,14,4,6,28,Y6000655,,,,0,30.0,0,0
74,14,4,6,29,Y6000656,,,,0,30.0,0,0
74,14,4,6,30,Y6000657,,,,0,30.0,0,0
74,14,4,7,10,Y6000658,,,,0,30.0,0,0
74,14,4,7,11,Y6000659,,,,0,30.0,0,0
74,14,4,7,12,Y6000660,,,,0,30.0,0,0
74,14,4,7,13,Y6000661,,,,0,30.0,0,0
74,14,4,7,14,Y6000662,,,,0,30.0,0,0
74,14,4,7,15,Y6000663,,,,0,30.0,0,0
74,14,4,7,16,Y6000664,,,,0,30.0,0,0
74,14,4,7,17,Y6000665,,,,0,30.0,0,0
74,14,4,7,18,Y6000666,,,,0,30.0,0,0
74,14,4,7,19,Y6000667,,,,0,30.0,0,0
74,14,4,7,20,Y6000668,,,,0,30.0,0,0
74,14,4,7,21,Y6000669,,,,0,30.0,0,0
74,14,4,7,22,Y6000670,,,,0,30.0,0,0
74,14,4,7,23,Y6000671,,,,0,30.0,0,0
74,14,4,7,24,Y6000672,,,,0,30.0,0,0
74,14,4,7,25,Y6000673,,,,0,30.0,0,0
74,14,4,7,26,Y6000674,,,,0,30.0,0,0
74,14,4,7,27,Y6000675,,,,0,30.0,0,0
74,14,4,7,28,Y6000676,,,,0,30.0,0,0
74,14,4,7,29,Y6000677,,,,0,30.0,0,0
74,14,4,7,30,Y6000678,,,,0,30.0,0,0
74,14,4,8,10,Y6000679,,,,0,30.0,0,0
74,14,4,8,11,Y6000680,,,,0,30.0,0,0
74,14,4,8,12,Y6000681,,,,0,30.0,0,0
74,14,4,8,13,Y6000682,,,,0,30.0,0,0
74,14,4,8,14,Y6000683,,,,0,30.0,0,0
74,14,4,8,15,Y6000684,,,,0,30.0,0,0
74,14,4,8,16,Y6000685,,,,0,30.0,0,0
74,14,4,8,17,Y6000686,,,,0,30.0,0,0
74,14,4,8,18,Y6000687,,,,0,30.0,0,0
74,14,4,8,19,Y6000688,,,,0,30.0,0,0
74,14,4,8,20,Y6000689,,,,0,30.0,0,0
74,14,4,8,21,Y6000690,,,,0,30.0,0,0
74,14,4,8,22,Y6000691,,,,0,30.0,0,0
74,14,4,8,23,Y6000692,,,,0,30.0,0,0
74,14,4,8,24,Y6000693,,,,0,30.0,0,0
74,14,4,8,25,Y6000694,,,,0,30.0,0,0
74,14,4,8,26,Y6000695,,,,0,30.0,0,0
74,14,4,8,27,Y6000696,,,,0,30.0,0,0
74,14,4,8,28,Y6000697,,,,0,30.0,0,0
74,14,4,8,29,Y6000698,,,,0,30.0,0,0
74,14,4,8,30,Y6000699,,,,0,30.0,0,0
74,14,4,9,10,Y6000700,,,,0,30.0,0,0
74,14,4,9,11,Y6000701,,,,0,30.0,0,0
74,14,4,9,12,Y6000702,,,,0,30.0,0,0
74,14,4,9,13,Y6000703,,,,0,30.0,0,0
74,14,4,9,14,Y6000704,,,,0,30.0,0,0
74,14,4,9,15,Y6000705,,,,0,30.0,0,0
74,14,4,9,16,Y6000706,,,,0,30.0,0,0
74,14,4,9,17,Y6000707,,,,0,30.0,0,0
74,14,4,9,18,Y6000708,,,,0,30.0,0,0
74,14,4,9,19,Y6000709,,,,0,30.0,0,0
74,14,4,9,20,Y6000710,,,,0,30.0,0,0
74,14,4,9,21,Y6000711,,,,0,30.0,0,0
74,14,4,9,22,Y6000712,,,,0,30.0,0,0
74,14,4,9,23,Y6000713,,,,0,30.0,0,0
74,14,4,9,24,Y6000714,,,,0,30.0,0,0
74,14,4,9,25,Y6000715,,,,0,30.0,0,0
74,14,4,9,26,Y6000716,,,,0,30.0,0,0
74,14,4,9,27,Y6000717,,,,0,30.0,0,0
74,14,4,9,28,Y6000718,,,,0,30.0,0,0
74,14,4,9,29,Y6000719,,,,0,30.0,0,0
74,14,4,9,30,Y6000720,,,,0,30.0,0,0
74,14,4,10,10,Y6000721,,,,0,30.0,0,0
74,14,4,10,11,Y6000722,,,,0,30.0,0,0
74,14,4,10,12,Y6000723,,,,0,30.0,0,0
74,14,4,10,13,Y6000724,,,,0,30.0,0,0
74,14,4,10,14,Y6000725,,,,0,30.0,0,0
74,14,4,10,15,Y6000726,,,,0,30.0,0,0
74,14,4,10,16,Y6000727,,,,0,30.0,0,0
74,14,4,10,17,Y6000728,,,,0,30.0,0,2
74,14,4,10,18,Y6000729,,,,0,30.0,0,2
74,14,4,10,19,Y6000730,,,,0,30.0,0,2
74,14,4,10,20,Y6000731,,,,0,30.0,0,0
74,14,4,10,21,Y6000732,,,,0,30.0,0,0
74,14,4,10,22,Y6000733,,,,0,30.0,0,0
74,14,4,10,23,Y6000734,,,,0,30.0,0,0
74,14,4,10,24,Y6000735,,,,0,30.0,0,0
74,14,4,10,25,Y6000736,,,,0,30.0,0,0
74,14,4,10,26,Y6000737,,,,0,30.0,0,0
74,14,4,10,27,Y6000738,,,,0,30.0,0,0
74,14,4,10,28,Y6000739,,,,0,30.0,0,0
74,14,4,10,29,Y6000740,,,,0,30.0,0,0
74,14,4,10,30,Y6000741,,,,0,30.0,0,0
74,14,4,11,10,Y6000742,,,,0,30.0,0,0
74,14,4,11,11,Y6000743,,,,0,30.0,0,0
74,14,4,11,12,Y6000744,,,,0,30.0,0,0
74,14,4,11,13,Y6000745,,,,0,30.0,0,0
74,14,4,11,14,Y6000746,,,,0,30.0,0,0
74,14,4,11,15,Y6000747,,,,0,30.0,0,0
74,14,4,11,16,Y6000748,,,,0,30.0,0,0
74,14,4,11,17,Y6000749,,,,0,30.0,0,2
74,14,4,11,18,Y6000750,,,,0,30.0,0,2
74,14,4,11,19,Y6000751,,,,0,30.0,0,2
74,14,4,11,20,Y6000752,,,,0,30.0,0,0
74,14,4,11,21,Y6000753,,,,0,30.0,0,0
74,14,4,11,22,Y6000754,,,,0,30.0,0,0
74,14,4,11,23,Y6000755,,,,0,30.0,0,0
74,14,4,11,24,Y6000756,,,,0,30.0,0,0
74,14,4,11,25,Y6000757,,,,0,30.0,0,0
74,14,4,11,26,Y6000758,,,,0,30.0,0,0
74,14,4,11,27,Y6000759,,,,0,30.0,0,0
74,14,4,11,28,Y6000760,,,,0,30.0,0,0
74,14,4,11,29,Y6000761,,,,0,30.0,0,0
74,14,4,11,30,Y6000762,,,,0,30.0,0,0
74,14,4,12,10,Y6000763,,,,0,30.0,0,0
74,14,4,12,11,Y6000764,,,,0,30.0,0,0
74,14,4,12,12,Y6000765,,,,0,30.0,0,0
74,14,4,12,13,Y6000766,,,,0,30.0,0,0
74,14,4,12,14,Y6000767,,,,0,30.0,0,0
74,14,4,12,15,Y6000768,,,,0,30.0,0,0
74,14,4,12,16,Y6000769,,,,0,30.0,0,0
74,14,4,12,17,Y6000770,,,,0,30.0,0,2
74,14,4,12,18,Y6000771,,,,0,30.0,0,2
74,14,4,12,19,Y6000772,,,,0,30.0,0,2
74,14,4,12,20,Y6000773,,,,0,30.0,0,0
74,14,4,12,21,Y6000774,,,,0,30.0,0,0
74,14,4,12,22,Y6000775,,,,0,30.0,0,0
74,14,4,12,23,Y6000776,,,,0,30.0,0,0
74,14,4,12,24,Y6000777,,,,0,30.0,0,0
74,14,4,12,25,Y6000778,,,,0,30.0,0,0
74,14,4,12,26,Y6000779,,,,0,30.0,0,0
74,14,4,12,27,Y6000780,,,,0,30.0,0,0
74,14,4,12,28,Y6000781,,,,0,30.0,0,0
74,14,4,12,29,Y6000782,,,,0,30.0,0,0
74,14,4,12,30,Y6000783,,,,0,30.0,0,0
74,14,5,1,10,Y6000784,,,,0,30.0,0,0
74,14,5,1,11,Y6000785,,,,0,30.0,0,0
74,14,5,1,12,Y6000786,,,,0,30.0,0,0
74,14,5,1,13,Y6000787,,,,0,30.0,0,0
74,14,5,1,14,Y6000788,,,,0,30.0,0,0
74,14,5,1,15,Y6000789,,,,0,30.0,0,0
74,14,5,1,16,Y6000790,,,,0,30.0,0,0
74,14,5,1,17,Y6000791,,,,0,30.0,0,0
74,14,5,1,18,Y6000792,,,,0,30.0,0,0
74,14,5,1,19,Y6000793,,,,0,30.0,0,0
74,14,5,1,20,Y6000794,,,,0,30.0,0,0
74,14,5,1,21,Y6000795,,,,0,30.0,0,0
74,14,5,1,22,Y6000796,,,,0,30.0,0,0
74,14,5,1,23,Y6000797,,,,0,30.0,0,0
74,14,5,1,24,Y6000798,,,,0,30.0,0,0
74,14,5,1,25,Y6000799,,,,0,30.0,0,0
74,14,5,1,26,Y6000800,,,,0,30.0,0,0
74,14,5,1,27,Y6000801,,,,0,30.0,0,0
74,14,5,1,28,Y6000802,,,,0,30.0,0,0
74,14,5,1,29,Y6000803,,,,0,30.0,0,0
74,14,5,1,30,Y6000804,,,,0,30.0,0,0
74,14,5,2,10,Y6000805,,,,0,30.0,0,0
74,14,5,2,11,Y6000806,,,,0,30.0,0,0
74,14,5,2,12,Y6000807,,,,0,30.0,0,0
74,14,5,2,13,Y6000808,,,,0,30.0,0,0
74,14,5,2,14,Y6000809,,,,0,30.0,0,0
74,14,5,2,15,Y6000810,,,,0,30.0,0,0
74,14,5,2,16,Y6000811,,,,0,30.0,0,0
74,14,5,2,17,Y6000812,,,,0,30.0,0,0
74,14,5,2,18,Y6000813,,,,0,30.0,0,0
74,14,5,2,19,Y6000814,,,,0,30.0,0,0
74,14,5,2,20,Y6000815,,,,0,30.0,0,0
74,14,5,2,21,Y6000816,,,,0,30.0,0,0
74,14,5,2,22,Y6000817,,,,0,30.0,0,0
74,14,5,2,23,Y6000818,,,,0,30.0,0,0
74,14,5,2,24,Y6000819,,,,0,30.0,0,0
74,14,5,2,25,Y6000820,,,,0,30.0,0,0
74,14,5,2,26,Y6000821,,,,0,30.0,0,0
74,14,5,2,27,Y6000822,,,,0,30.0,0,0
74,14,5,2,28,Y6000823,,,,0,30.0,0,0
74,14,5,2,29,Y6000824,,,,0,30.0,0,0
74,14,5,2,30,Y6000825,,,,0,30.0,0,0
74,14,5,3,10,Y6000826,,,,0,30.0,0,0
74,14,5,3,11,Y6000827,,,,0,30.0,0,0
74,14,5,3,12,Y6000828,,,,0,30.0,0,0
74,14,5,3,13,Y6000829,,,,0,30.0,0,0
74,14,5,3,14,Y6000830,,,,0,30.0,0,0
74,14,5,3,15,Y6000831,,,,0,30.0,0,0
74,14,5,3,16,Y6000832,,,,0,30.0,0,0
74,14,5,3,17,Y6000833,,,,0,30.0,0,0
74,14,5,3,18,Y6000834,,,,0,30.0,0,0
74,14,5,3,19,Y6000835,,,,0,30.0,0,0
74,14,5,3,20,Y6000836,,,,0,30.0,0,0
74,14,5,3,21,Y6000837,,,,0,30.0,0,0
74,14,5,3,22,Y6000838,,,,0,30.0,0,0
74,14,5,3,23,Y6000839,,,,0,30.0,0,0
74,14,5,3,24,Y6000840,,,,0,30.0,0,0
74,14,5,3,25,Y6000841,,,,0,30.0,0,0
74,14,5,3,26,Y6000842,,,,0,30.0,0,0
74,14,5,3,27,Y6000843,,,,0,30.0,0,0
74,14,5,3,28,Y6000844,,,,0,30.0,0,0
74,14,5,3,29,Y6000845,,,,0,30.0,0,0
74,14,5,3,30,Y6000846,,,,0,30.0,0,0
74,14,5,4,10,Y6000847,,,,0,30.0,0,0
74,14,5,4,11,Y6000848,,,,0,30.0,0,0
74,14,5,4,12,Y6000849,,,,0,30.0,0,0
74,14,5,4,13,Y6000850,,,,0,30.0,0,0
74,14,5,4,14,Y6000851,,,,0,30.0,0,0
74,14,5,4,15,Y6000852,,,,0,30.0,0,0
74,14,5,4,16,Y6000853,,,,0,30.0,0,0
74,14,5,4,17,Y6000854,,,,0,30.0,0,0
74,14,5,4,18,Y6000855,,,,0,30.0,0,0
74,14,5,4,19,Y6000856,,,,0,30.0,0,0
74,14,5,4,20,Y6000857,,,,0,30.0,0,0
74,14,5,4,21,Y6000858,,,,0,30.0,0,0
74,14,5,4,22,Y6000859,,,,0,30.0,0,0
74,14,5,4,23,Y6000860,,,,0,30.0,0,0
74,14,5,4,24,Y6000861,,,,0,30.0,0,0
74,14,5,4,25,Y6000862,,,,0,30.0,0,0
74,14,5,4,26,Y6000863,,,,0,30.0,0,0
74,14,5,4,27,Y6000864,,,,0,30.0,0,0
74,14,5,4,28,Y6000865,,,,0,30.0,0,0
74,14,5,4,29,Y6000866,,,,0,30.0,0,0
74,14,5,4,30,Y6000867,,,,0,30.0,0,0
74,14,5,5,10,Y6000868,,,,0,30.0,0,0
74,14,5,5,11,Y6000869,,,,0,30.0,0,0
74,14,5,5,12,Y6000870,,,,0,30.0,0,0
74,14,5,5,13,Y6000871,,,,0,30.0,0,0
74,14,5,5,14,Y6000872,,,,0,30.0,0,0
74,14,5,5,15,Y6000873,,,,0,30.0,0,0
74,14,5,5,16,Y6000874,,,,0,30.0,0,0
74,14,5,5,17,Y6000875,,,,0,30.0,0,0
74,14,5,5,18,Y6000876,,,,0,30.0,0,0
74,14,5,5,19,Y6000877,,,,0,30.0,0,0
74,14,5,5,20,Y6000878,,,,0,30.0,0,0
74,14,5,5,21,Y6000879,,,,0,30.0,0,0
74,14,5,5,22,Y6000880,,,,0,30.0,0,0
74,14,5,5,23,Y6000881,,,,0,30.0,0,0
74,14,5,5,24,Y6000882,,,,0,30.0,0,0
74,14,5,5,25,Y6000883,,,,0,30.0,0,0
74,14,5,5,26,Y6000884,,,,0,30.0,0,0
74,14,5,5,27,Y6000885,,,,0,30.0,0,0
74,14,5,5,28,Y6000886,,,,0,30.0,0,0
74,14,5,5,29,Y6000887,,,,0,30.0,0,0
74,14,5,5,30,Y6000888,,,,0,30.0,0,0
74,14,5,6,10,Y6000889,,,,0,30.0,0,0
74,14,5,6,11,Y6000890,,,,0,30.0,0,0
74,14,5,6,12,Y6000891,,,,0,30.0,0,0
74,14,5,6,13,Y6000892,,,,0,30.0,0,0
74,14,5,6,14,Y6000893,,,,0,30.0,0,0
74,14,5,6,15,Y6000894,,,,0,30.0,0,0
74,14,5,6,16,Y6000895,,,,0,30.0,0,0
74,14,5,6,17,Y6000896,,,,0,30.0,0,0
74,14,5,6,18,Y6000897,,,,0,30.0,0,0
74,14,5,6,19,Y6000898,,,,0,30.0,0,0
74,14,5,6,20,Y6000899,,,,0,30.0,0,0
74,14,5,6,21,Y6000900,,,,0,30.0,0,0
74,14,5,6,22,Y6000901,,,,0,30.0,0,0
74,14,5,6,23,Y6000902,,,,0,30.0,0,0
74,14,5,6,24,Y6000903,,,,0,30.0,0,0
74,14,5,6,25,Y6000904,,,,0,30.0,0,0
74,14,5,6,26,Y6000905,,,,0,30.0,0,0
74,14,5,6,27,Y6000906,,,,0,30.0,0,0
74,14,5,6,28,Y6000907,,,,0,30.0,0,0
74,14,5,6,29,Y6000908,,,,0,30.0,0,0
74,14,5,6,30,Y6000909,,,,0,30.0,0,0
74,14,5,7,10,Y6000910,,,,0,30.0,0,0
74,14,5,7,11,Y6000911,,,,0,30.0,0,0
74,14,5,7,12,Y6000912,,,,0,30.0,0,0
74,14,5,7,13,Y6000913,,,,0,30.0,0,0
74,14,5,7,14,Y6000914,,,,0,30.0,0,0
74,14,5,7,15,Y6000915,,,,0,30.0,0,0
74,14,5,7,16,Y6000916,,,,0,30.0,0,0
74,14,5,7,17,Y6000917,,,,0,30.0,0,0
74,14,5,7,18,Y6000918,,,,0,30.0,0,0
74,14,5,7,19,Y6000919,,,,0,30.0,0,0
74,14,5,7,20,Y6000920,,,,0,30.0,0,0
74,14,5,7,21,Y6000921,,,,0,30.0,0,0
74,14,5,7,22,Y6000922,,,,0,30.0,0,0
74,14,5,7,23,Y6000923,,,,0,30.0,0,0
74,14,5,7,24,Y6000924,,,,0,30.0,0,0
74,14,5,7,25,Y6000925,,,,0,30.0,0,0
74,14,5,7,26,Y6000926,,,,0,30.0,0,0
74,14,5,7,27,Y6000927,,,,0,30.0,0,0
74,14,5,7,28,Y6000928,,,,0,30.0,0,0
74,14,5,7,29,Y6000929,,,,0,30.0,0,0
74,14,5,7,30,Y6000930,,,,0,30.0,0,0
74,14,5,8,10,Y6000931,,,,0,30.0,0,0
74,14,5,8,11,Y6000932,,,,0,30.0,0,0
74,14,5,8,12,Y6000933,,,,0,30.0,0,0
74,14,5,8,13,Y6000934,,,,0,30.0,0,0
74,14,5,8,14,Y6000935,,,,0,30.0,0,0
74,14,5,8,15,Y6000936,,,,0,30.0,0,0
74,14,5,8,16,Y6000937,,,,0,30.0,0,0
74,14,5,8,17,Y6000938,,,,0,30.0,0,0
74,14,5,8,18,Y6000939,,,,0,30.0,0,0
74,14,5,8,19,Y6000940,,,,0,30.0,0,0
74,14,5,8,20,Y6000941,,,,0,30.0,0,0
74,14,5,8,21,Y6000942,,,,0,30.0,0,0
74,14,5,8,22,Y6000943,,,,0,30.0,0,0
74,14,5,8,23,Y6000944,,,,0,30.0,0,0
74,14,5,8,24,Y6000945,,,,0,30.0,0,0
74,14,5,8,25,Y6000946,,,,0,30.0,0,0
74,14,5,8,26,Y6000947,,,,0,30.0,0,0
74,14,5,8,27,Y6000948,,,,0,30.0,0,0
74,14,5,8,28,Y6000949,,,,0,30.0,0,0
74,14,5,8,29,Y6000950,,,,0,30.0,0,0
74,14,5,8,30,Y6000951,,,,0,30.0,0,0
74,14,5,9,10,Y6000952,,,,0,30.0,0,0
74,14,5,9,11,Y6000953,,,,0,30.0,0,0
74,14,5,9,12,Y6000954,,,,0,30.0,0,0
74,14,5,9,13,Y6000955,,,,0,30.0,0,0
74,14,5,9,14,Y6000956,,,,0,30.0,0,0
74,14,5,9,15,Y6000957,,,,0,30.0,0,0
74,14,5,9,16,Y6000958,,,,0,30.0,0,0
74,14,5,9,17,Y6000959,,,,0,30.0,0,2
74,14,5,9,18,Y6000960,,,,0,30.0,0,2
74,14,5,9,19,Y6000961,,,,0,30.0,0,2
74,14,5,9,20,Y6000962,,,,0,30.0,0,0
74,14,5,9,21,Y6000963,,,,0,30.0,0,0
74,14,5,9,22,Y6000964,,,,0,30.0,0,0
74,14,5,9,23,Y6000965,,,,0,30.0,0,0
74,14,5,9,24,Y6000966,,,,0,30.0,0,0
74,14,5,9,25,Y6000967,,,,0,30.0,0,0
74,14,5,9,26,Y6000968,,,,0,30.0,0,0
74,14,5,9,27,Y6000969,,,,0,30.0,0,0
74,14,5,9,28,Y6000970,,,,0,30.0,0,0
74,14,5,9,29,Y6000971,,,,0,30.0,0,0
74,14,5,9,30,Y6000972,,,,0,30.0,0,0
74,14,5,10,10,Y6000973,,,,0,30.0,0,0
74,14,5,10,11,Y6000974,,,,0,30.0,0,0
74,14,5,10,12,Y6000975,,,,0,30.0,0,0
74,14,5,10,13,Y6000976,,,,0,30.0,0,0
74,14,5,10,14,Y6000977,,,,0,30.0,0,0
74,14,5,10,15,Y6000978,,,,0,30.0,0,0
74,14,5,10,16,Y6000979,,,,0,30.0,0,2
74,14,5,10,17,Y6000980,,,,0,30.0,0,2
74,14,5,10,18,Y6000981,,,,0,30.0,0,2
74,14,5,10,19,Y6000982,,,,0,30.0,0,2
74,14,5,10,20,Y6000983,,,,0,30.0,0,2
74,14,5,10,21,Y6000984,,,,0,30.0,0,0
74,14,5,10,22,Y6000985,,,,0,30.0,0,0
74,14,5,10,23,Y6000986,,,,0,30.0,0,0
74,14,5,10,24,Y6000987,,,,0,30.0,0,0
74,14,5,10,25,Y6000988,,,,0,30.0,0,0
74,14,5,10,26,Y6000989,,,,0,30.0,0,0
74,14,5,10,27,Y6000990,,,,0,30.0,0,0
74,14,5,10,28,Y6000991,,,,0,30.0,0,0
74,14,5,10,29,Y6000992,,,,0,30.0,0,0
74,14,5,10,30,Y6000993,,,,0,30.0,0,0
74,14,5,11,10,Y6000994,,,,0,30.0,0,0
74,14,5,11,11,Y6000995,,,,0,30.0,0,0
74,14,5,11,12,Y6000996,,,,0,30.0,0,0
74,14,5,11,13,Y6000997,,,,0,30.0,0,0
74,14,5,11,14,Y6000998,,,,0,30.0,0,0
74,14,5,11,15,Y6000999,,,,0,30.0,0,0
74,14,5,11,16,Y6001000,,,,0,30.0,0,2
74,14,5,11,17,Y6001001,,,,0,30.0,0,2
74,14,5,11,18,Y6001002,,,,0,30.0,0,2
74,14,5,11,19,Y6001003,,,,0,30.0,0,2
74,14,5,11,20,Y6001004,,,,0,30.0,0,2
74,14,5,11,21,Y6001005,,,,0,30.0,0,0
74,14,5,11,22,Y6001006,,,,0,30.0,0,0
74,14,5,11,23,Y6001007,,,,0,30.0,0,0
74,14,5,11,24,Y6001008,,,,0,30.0,0,0
74,14,5,11,25,Y6001009,,,,0,30.0,0,0
74,14,5,11,26,Y6001010,,,,0,30.0,0,0
74,14,5,11,27,Y6001011,,,,0,30.0,0,0
74,14,5,11,28,Y6001012,,,,0,30.0,0,0
74,14,5,11,29,Y6001013,,,,0,30.0,0,0
74,14,5,11,30,Y6001014,,,,0,30.0,0,0
74,14,5,12,10,Y6001015,,,,0,30.0,0,0
74,14,5,12,11,Y6001016,,,,0,30.0,0,0
74,14,5,12,12,Y6001017,,,,0,30.0,0,0
74,14,5,12,13,Y6001018,,,,0,30.0,0,0
74,14,5,12,14,Y6001019,,,,0,30.0,0,0
74,14,5,12,15,Y6001020,,,,0,30.0,0,0
74,14,5,12,16,Y6001021,,,,0,30.0,0,2
74,14,5,12,17,Y6001022,,,,0,30.0,0,2
74,14,5,12,18,Y6001023,,,,0,30.0,0,2
74,14,5,12,19,Y6001024,,,,0,30.0,0,2
74,14,5,12,20,Y6001025,,,,0,30.0,0,2
74,14,5,12,21,Y6001026,,,,0,30.0,0,0
74,14,5,12,22,Y6001027,,,,0,30.0,0,0
74,14,5,12,23,Y6001028,,,,0,30.0,0,0
74,14,5,12,24,Y6001029,,,,0,30.0,0,0
74,14,5,12,25,Y6001030,,,,0,30.0,0,0
74,14,5,12,26,Y6001031,,,,0,30.0,0,0
74,14,5,12,27,Y6001032,,,,0,30.0,0,0
74,14,5,12,28,Y6001033,,,,0,30.0,0,0
74,14,5,12,29,Y6001034,,,,0,30.0,0,0
74,14,5,12,30,Y6001035,,,,0,30.0,0,0
74,14,6,1,10,Y6001036,,,,0,30.0,0,0
74,14,6,1,11,Y6001037,,,,0,30.0,0,0
74,14,6,1,12,Y6001038,,,,0,30.0,0,0
74,14,6,1,13,Y6001039,,,,0,30.0,0,0
74,14,6,1,14,Y6001040,,,,0,30.0,0,0
74,14,6,1,15,Y6001041,,,,0,30.0,0,0
74,14,6,1,16,Y6001042,,,,0,30.0,0,0
74,14,6,1,17,Y6001043,,,,0,30.0,0,0
74,14,6,1,18,Y6001044,,,,0,30.0,0,0
74,14,6,1,19,Y6001045,,,,0,30.0,0,0
74,14,6,1,20,Y6001046,,,,0,30.0,0,0
74,14,6,1,21,Y6001047,,,,0,30.0,0,0
74,14,6,1,22,Y6001048,,,,0,30.0,0,0
74,14,6,1,23,Y6001049,,,,0,30.0,0,0
74,14,6,1,24,Y6001050,,,,0,30.0,0,0
74,14,6,1,25,Y6001051,,,,0,30.0,0,0
74,14,6,1,26,Y6001052,,,,0,30.0,0,0
74,14,6,1,27,Y6001053,,,,0,30.0,0,0
74,14,6,1,28,Y6001054,,,,0,30.0,0,0
74,14,6,1,29,Y6001055,,,,0,30.0,0,0
74,14,6,1,30,Y6001056,,,,0,30.0,0,0
74,14,6,2,10,Y6001057,,,,0,30.0,0,0
74,14,6,2,11,Y6001058,,,,0,30.0,0,0
74,14,6,2,12,Y6001059,,,,0,30.0,0,0
74,14,6,2,13,Y6001060,,,,0,30.0,0,0
74,14,6,2,14,Y6001061,,,,0,30.0,0,0
74,14,6,2,15,Y6001062,,,,0,30.0,0,0
74,14,6,2,16,Y6001063,,,,0,30.0,0,0
74,14,6,2,17,Y6001064,,,,0,30.0,0,0
74,14,6,2,18,Y6001065,,,,0,30.0,0,0
74,14,6,2,19,Y6001066,,,,0,30.0,0,0
74,14,6,2,20,Y6001067,,,,0,30.0,0,0
74,14,6,2,21,Y6001068,,,,0,30.0,0,0
74,14,6,2,22,Y6001069,,,,0,30.0,0,0
74,14,6,2,23,Y6001070,,,,0,30.0,0,0
74,14,6,2,24,Y6001071,,,,0,30.0,0,0
74,14,6,2,25,Y6001072,,,,0,30.0,0,0
74,14,6,2,26,Y6001073,,,,0,30.0,0,0
74,14,6,2,27,Y6001074,,,,0,30.0,0,0
74,14,6,2,28,Y6001075,,,,0,30.0,0,0
74,14,6,2,29,Y6001076,,,,0,30.0,0,0
74,14,6,2,30,Y6001077,,,,0,30.0,0,0
74,14,6,3,10,Y6001078,,,,0,30.0,0,0
74,14,6,3,11,Y6001079,,,,0,30.0,0,0
74,14,6,3,12,Y6001080,,,,0,30.0,0,0
74,14,6,3,13,Y6001081,,,,0,30.0,0,0
74,14,6,3,14,Y6001082,,,,0,30.0,0,0
74,14,6,3,15,Y6001083,,,,0,30.0,0,0
74,14,6,3,16,Y6001084,,,,0,30.0,0,0
74,14,6,3,17,Y6001085,,,,0,30.0,0,0
74,14,6,3,18,Y6001086,,,,0,30.0,0,0
74,14,6,3,19,Y6001087,,,,0,30.0,0,0
74,14,6,3,20,Y6001088,,,,0,30.0,0,0
74,14,6,3,21,Y6001089,,,,0,30.0,0,0
74,14,6,3,22,Y6001090,,,,0,30.0,0,0
74,14,6,3,23,Y6001091,,,,0,30.0,0,0
74,14,6,3,24,Y6001092,,,,0,30.0,0,0
74,14,6,3,25,Y6001093,,,,0,30.0,0,0
74,14,6,3,26,Y6001094,,,,0,30.0,0,0
74,14,6,3,27,Y6001095,,,,0,30.0,0,0
74,14,6,3,28,Y6001096,,,,0,30.0,0,0
74,14,6,3,29,Y6001097,,,,0,30.0,0,0
74,14,6,3,30,Y6001098,,,,0,30.0,0,0
74,14,6,4,10,Y6001099,,,,0,30.0,0,0
74,14,6,4,11,Y6001100,,,,0,30.0,0,0
74,14,6,4,12,Y6001101,,,,0,30.0,0,0
74,14,6,4,13,Y6001102,,,,0,30.0,0,0
74,14,6,4,14,Y6001103,,,,0,30.0,0,0
74,14,6,4,15,Y6001104,,,,0,30.0,0,0
74,14,6,4,16,Y6001105,,,,0,30.0,0,0
74,14,6,4,17,Y6001106,,,,0,30.0,0,0
74,14,6,4,18,Y6001107,,,,0,30.0,0,0
74,14,6,4,19,Y6001108,,,,0,30.0,0,0
74,14,6,4,20,Y6001109,,,,0,30.0,0,0
74,14,6,4,21,Y6001110,,,,0,30.0,0,0
74,14,6,4,22,Y6001111,,,,0,30.0,0,0
74,14,6,4,23,Y6001112,,,,0,30.0,0,0
74,14,6,4,24,Y6001113,,,,0,30.0,0,0
74,14,6,4,25,Y6001114,,,,0,30.0,0,0
74,14,6,4,26,Y6001115,,,,0,30.0,0,0
74,14,6,4,27,Y6001116,,,,0,30.0,0,0
74,14,6,4,28,Y6001117,,,,0,30.0,0,0
74,14,6,4,29,Y6001118,,,,0,30.0,0,0
74,14,6,4,30,Y6001119,,,,0,30.0,0,0
74,14,6,5,10,Y6001120,,,,0,30.0,0,0
74,14,6,5,11,Y6001121,,,,0,30.0,0,0
74,14,6,5,12,Y6001122,,,,0,30.0,0,0
74,14,6,5,13,Y6001123,,,,0,30.0,0,0
74,14,6,5,14,Y6001124,,,,0,30.0,0,0
74,14,6,5,15,Y6001125,,,,0,30.0,0,0
74,14,6,5,16,Y6001126,,,,0,30.0,0,0
74,14,6,5,17,Y6001127,,,,0,30.0,0,0
74,14,6,5,18,Y6001128,,,,0,30.0,0,0
74,14,6,5,19,Y6001129,,,,0,30.0,0,0
74,14,6,5,20,Y6001130,,,,0,30.0,0,0
74,14,6,5,21,Y6001131,,,,0,30.0,0,0
74,14,6,5,22,Y6001132,,,,0,30.0,0,0
74,14,6,5,23,Y6001133,,,,0,30.0,0,0
74,14,6,5,24,Y6001134,,,,0,30.0,0,0
74,14,6,5,25,Y6001135,,,,0,30.0,0,0
74,14,6,5,26,Y6001136,,,,0,30.0,0,0
74,14,6,5,27,Y6001137,,,,0,30.0,0,0
74,14,6,5,28,Y6001138,,,,0,30.0,0,0
74,14,6,5,29,Y6001139,,,,0,30.0,0,0
74,14,6,5,30,Y6001140,,,,0,30.0,0,0
74,14,6,6,10,Y6001141,,,,0,30.0,0,0
74,14,6,6,11,Y6001142,,,,0,30.0,0,0
74,14,6,6,12,Y6001143,,,,0,30.0,0,0
74,14,6,6,13,Y6001144,,,,0,30.0,0,0
74,14,6,6,14,Y6001145,,,,0,30.0,0,0
74,14,6,6,15,Y6001146,,,,0,30.0,0,0
74,14,6,6,16,Y6001147,,,,0,30.0,0,0
74,14,6,6,17,Y6001148,,,,0,30.0,0,0
74,14,6,6,18,Y6001149,,,,0,30.0,0,0
74,14,6,6,19,Y6001150,,,,0,30.0,0,0
74,14,6,6,20,Y6001151,,,,0,30.0,0,0
74,14,6,6,21,Y6001152,,,,0,30.0,0,0
74,14,6,6,22,Y6001153,,,,0,30.0,0,0
74,14,6,6,23,Y6001154,,,,0,30.0,0,0
74,14,6,6,24,Y6001155,,,,0,30.0,0,0
74,14,6,6,25,Y6001156,,,,0,30.0,0,0
74,14,6,6,26,Y6001157,,,,0,30.0,0,0
74,14,6,6,27,Y6001158,,,,0,30.0,0,0
74,14,6,6,28,Y6001159,,,,0,30.0,0,0
74,14,6,6,29,Y6001160,,,,0,30.0,0,0
74,14,6,6,30,Y6001161,,,,0,30.0,0,0
74,14,6,7,10,Y6001162,,,,0,30.0,0,0
74,14,6,7,11,Y6001163,,,,0,30.0,0,0
74,14,6,7,12,Y6001164,,,,0,30.0,0,0
74,14,6,7,13,Y6001165,,,,0,30.0,0,0
74,14,6,7,14,Y6001166,,,,0,30.0,0,0
74,14,6,7,15,Y6001167,,,,0,30.0,0,0
74,14,6,7,16,Y6001168,,,,0,30.0,0,0
74,14,6,7,17,Y6001169,,,,0,30.0,0,0
74,14,6,7,18,Y6001170,,,,0,30.0,0,0
74,14,6,7,19,Y6001171,,,,0,30.0,0,0
74,14,6,7,20,Y6001172,,,,0,30.0,0,0
74,14,6,7,21,Y6001173,,,,0,30.0,0,0
74,14,6,7,22,Y6001174,,,,0,30.0,0,0
74,14,6,7,23,Y6001175,,,,0,30.0,0,0
74,14,6,7,24,Y6001176,,,,0,30.0,0,0
74,14,6,7,25,Y6001177,,,,0,30.0,0,0
74,14,6,7,26,Y6001178,,,,0,30.0,0,0
74,14,6,7,27,Y6001179,,,,0,30.0,0,0
74,14,6,7,28,Y6001180,,,,0,30.0,0,0
74,14,6,7,29,Y6001181,,,,0,30.0,0,0
74,14,6,7,30,Y6001182,,,,0,30.0,0,0
74,14,6,8,10,Y6001183,,,,0,30.0,0,0
74,14,6,8,11,Y6001184,,,,0,30.0,0,0
74,14,6,8,12,Y6001185,,,,0,30.0,0,0
74,14,6,8,13,Y6001186,,,,0,30.0,0,0
74,14,6,8,14,Y6001187,,,,0,30.0,0,0
74,14,6,8,15,Y6001188,,,,0,30.0,0,0
74,14,6,8,16,Y6001189,,,,0,30.0,0,0
74,14,6,8,17,Y6001190,,,,0,30.0,0,0
74,14,6,8,18,Y6001191,,,,0,30.0,0,0
74,14,6,8,19,Y6001192,,,,0,30.0,0,0
74,14,6,8,20,Y6001193,,,,0,30.0,0,0
74,14,6,8,21,Y6001194,,,,0,30.0,0,0
74,14,6,8,22,Y6001195,,,,0,30.0,0,0
74,14,6,8,23,Y6001196,,,,0,30.0,0,0
74,14,6,8,24,Y6001197,,,,0,30.0,0,0
74,14,6,8,25,Y6001198,,,,0,30.0,0,0
74,14,6,8,26,Y6001199,,,,0,30.0,0,0
74,14,6,8,27,Y6001200,,,,0,30.0,0,0
74,14,6,8,28,Y6001201,,,,0,30.0,0,0
74,14,6,8,29,Y6001202,,,,0,30.0,0,0
74,14,6,8,30,Y6001203,,,,0,30.0,0,0
74,14,6,9,10,Y6001204,,,,0,30.0,0,0
74,14,6,9,11,Y6001205,,,,0,30.0,0,0
74,14,6,9,12,Y6001206,,,,0,30.0,0,0
74,14,6,9,13,Y6001207,,,,0,30.0,0,0
74,14,6,9,14,Y6001208,,,,0,30.0,0,0
74,14,6,9,15,Y6001209,,,,0,30.0,0,0
74,14,6,9,16,Y6001210,,,,0,30.0,0,0
74,14,6,9,17,Y6001211,,,,0,30.0,0,2
74,14,6,9,18,Y6001212,,,,0,30.0,0,2
74,14,6,9,19,Y6001213,,,,0,30.0,0,2
74,14,6,9,20,Y6001214,,,,0,30.0,0,0
74,14,6,9,21,Y6001215,,,,0,30.0,0,0
74,14,6,9,22,Y6001216,,,,0,30.0,0,0
74,14,6,9,23,Y6001217,,,,0,30.0,0,0
74,14,6,9,24,Y6001218,,,,0,30.0,0,0
74,14,6,9,25,Y6001219,,,,0,30.0,0,0
74,14,6,9,26,Y6001220,,,,0,30.0,0,0
74,14,6,9,27,Y6001221,,,,0,30.0,0,0
74,14,6,9,28,Y6001222,,,,0,30.0,0,0
74,14,6,9,29,Y6001223,,,,0,30.0,0,0
74,14,6,9,30,Y6001224,,,,0,30.0,0,0
74,14,6,10,10,Y6001225,,,,0,30.0,0,0
74,14,6,10,11,Y6001226,,,,0,30.0,0,0
74,14,6,10,12,Y6001227,,,,0,30.0,0,0
74,14,6,10,13,Y6001228,,,,0,30.0,0,0
74,14,6,10,14,Y6001229,,,,0,30.0,0,0
74,14,6,10,15,Y6001230,,,,0,30.0,0,0
74,14,6,10,16,Y6001231,,,,0,30.0,0,2
74,14,6,10,17,Y6001232,,,,0,30.0,0,2
74,14,6,10,18,Y6001233,,,,0,30.0,0,2
74,14,6,10,19,Y6001234,,,,0,30.0,0,2
74,14,6,10,20,Y6001235,,,,0,30.0,0,2
74,14,6,10,21,Y6001236,,,,0,30.0,0,0
74,14,6,10,22,Y6001237,,,,0,30.0,0,0
74,14,6,10,23,Y6001238,,,,0,30.0,0,0
74,14,6,10,24,Y6001239,,,,0,30.0,0,0
74,14,6,10,25,Y6001240,,,,0,30.0,0,0
74,14,6,10,26,Y6001241,,,,0,30.0,0,0
74,14,6,10,27,Y6001242,,,,0,30.0,0,0
74,14,6,10,28,Y6001243,,,,0,30.0,0,0
74,14,6,10,29,Y6001244,,,,0,30.0,0,0
74,14,6,10,30,Y6001245,,,,0,30.0,0,0
74,14,6,11,10,Y6001246,,,,0,30.0,0,0
74,14,6,11,11,Y6001247,,,,0,30.0,0,0
74,14,6,11,12,Y6001248,,,,0,30.0,0,0
74,14,6,11,13,Y6001249,,,,0,30.0,0,0
74,14,6,11,14,Y6001250,,,,0,30.0,0,0
74,14,6,11,15,Y6001251,,,,0,30.0,0,0
74,14,6,11,16,Y6001252,,,,0,30.0,0,2
74,14,6,11,17,Y6001253,,,,0,30.0,0,2
74,14,6,11,18,Y6001254,,,,0,30.0,0,2
74,14,6,11,19,Y6001255,,,,0,30.0,0,2
74,14,6,11,20,Y6001256,,,,0,30.0,0,2
74,14,6,11,21,Y6001257,,,,0,30.0,0,0
74,14,6,11,22,Y6001258,,,,0,30.0,0,0
74,14,6,11,23,Y6001259,,,,0,30.0,0,0
74,14,6,11,24,Y6001260,,,,0,30.0,0,0
74,14,6,11,25,Y6001261,,,,0,30.0,0,0
74,14,6,11,26,Y6001262,,,,0,30.0,0,0
74,14,6,11,27,Y6001263,,,,0,30.0,0,0
74,14,6,11,28,Y6001264,,,,0,30.0,0,0
74,14,6,11,29,Y6001265,,,,0,30.0,0,0
74,14,6,11,30,Y6001266,,,,0,30.0,0,0
74,14,6,12,10,Y6001267,,,,0,30.0,0,0
74,14,6,12,11,Y6001268,,,,0,30.0,0,0
74,14,6,12,12,Y6001269,,,,0,30.0,0,0
74,14,6,12,13,Y6001270,,,,0,30.0,0,0
74,14,6,12,14,Y6001271,,,,0,30.0,0,0
74,14,6,12,15,Y6001272,,,,0,30.0,0,0
74,14,6,12,16,Y6001273,,,,0,30.0,0,2
74,14,6,12,17,Y6001274,,,,0,30.0,0,2
74,14,6,12,18,Y6001275,,,,0,30.0,0,2
74,14,6,12,19,Y6001276,,,,0,30.0,0,2
74,14,6,12,20,Y6001277,,,,0,30.0,0,2
74,14,6,12,21,Y6001278,,,,0,30.0,0,0
74,14,6,12,22,Y6001279,,,,0,30.0,0,0
74,14,6,12,23,Y6001280,,,,0,30.0,0,0
74,14,6,12,24,Y6001281,,,,0,30.0,0,0
74,14,6,12,25,Y6001282,,,,0,30.0,0,0
74,14,6,12,26,Y6001283,,,,0,30.0,0,0
74,14,6,12,27,Y6001284,,,,0,30.0,0,0
74,14,6,12,28,Y6001285,,,,0,30.0,0,0
74,14,6,12,29,Y6001286,,,,0,30.0,0,0
74,14,6,12,30,Y6001287,,,,0,30.0,0,0
74,14,7,1,10,Y6001288,,,,0,30.0,0,0
74,14,7,1,11,Y6001289,,,,0,30.0,0,0
74,14,7,1,12,Y6001290,,,,0,30.0,0,0
74,14,7,1,13,Y6001291,,,,0,30.0,0,0
74,14,7,1,14,Y6001292,,,,0,30.0,0,0
74,14,7,1,15,Y6001293,,,,0,30.0,0,0
74,14,7,1,16,Y6001294,,,,0,30.0,0,0
74,14,7,1,17,Y6001295,,,,0,30.0,0,0
74,14,7,1,18,Y6001296,,,,0,30.0,0,0
74,14,7,1,19,Y6001297,,,,0,30.0,0,0
74,14,7,1,20,Y6001298,,,,0,30.0,0,0
74,14,7,1,21,Y6001299,,,,0,30.0,0,0
74,14,7,1,22,Y6001300,,,,0,30.0,0,0
74,14,7,1,23,Y6001301,,,,0,30.0,0,0
74,14,7,1,24,Y6001302,,,,0,30.0,0,0
74,14,7,1,25,Y6001303,,,,0,30.0,0,0
74,14,7,1,26,Y6001304,,,,0,30.0,0,0
74,14,7,1,27,Y6001305,,,,0,30.0,0,0
74,14,7,1,28,Y6001306,,,,0,30.0,0,0
74,14,7,1,29,Y6001307,,,,0,30.0,0,0
74,14,7,1,30,Y6001308,,,,0,30.0,0,0
74,14,7,2,10,Y6001309,,,,0,30.0,0,0
74,14,7,2,11,Y6001310,,,,0,30.0,0,0
74,14,7,2,12,Y6001311,,,,0,30.0,0,0
74,14,7,2,13,Y6001312,,,,0,30.0,0,0
74,14,7,2,14,Y6001313,,,,0,30.0,0,0
74,14,7,2,15,Y6001314,,,,0,30.0,0,0
74,14,7,2,16,Y6001315,,,,0,30.0,0,0
74,14,7,2,17,Y6001316,,,,0,30.0,0,0
74,14,7,2,18,Y6001317,,,,0,30.0,0,0
74,14,7,2,19,Y6001318,,,,0,30.0,0,0
74,14,7,2,20,Y6001319,,,,0,30.0,0,0
74,14,7,2,21,Y6001320,,,,0,30.0,0,0
74,14,7,2,22,Y6001321,,,,0,30.0,0,0
74,14,7,2,23,Y6001322,,,,0,30.0,0,0
74,14,7,2,24,Y6001323,,,,0,30.0,0,0
74,14,7,2,25,Y6001324,,,,0,30.0,0,0
74,14,7,2,26,Y6001325,,,,0,30.0,0,0
74,14,7,2,27,Y6001326,,,,0,30.0,0,0
74,14,7,2,28,Y6001327,,,,0,30.0,0,0
74,14,7,2,29,Y6001328,,,,0,30.0,0,0
74,14,7,2,30,Y6001329,,,,0,30.0,0,0
74,14,7,3,10,Y6001330,,,,0,30.0,0,0
74,14,7,3,11,Y6001331,,,,0,30.0,0,0
74,14,7,3,12,Y6001332,,,,0,30.0,0,0
74,14,7,3,13,Y6001333,,,,0,30.0,0,0
74,14,7,3,14,Y6001334,,,,0,30.0,0,0
74,14,7,3,15,Y6001335,,,,0,30.0,0,0
74,14,7,3,16,Y6001336,,,,0,30.0,0,0
74,14,7,3,17,Y6001337,,,,0,30.0,0,0
74,14,7,3,18,Y6001338,,,,0,30.0,0,0
74,14,7,3,19,Y6001339,,,,0,30.0,0,0
74,14,7,3,20,Y6001340,,,,0,30.0,0,0
74,14,7,3,21,Y6001341,,,,0,30.0,0,0
74,14,7,3,22,Y6001342,,,,0,30.0,0,0
74,14,7,3,23,Y6001343,,,,0,30.0,0,0
74,14,7,3,24,Y6001344,,,,0,30.0,0,0
74,14,7,3,25,Y6001345,,,,0,30.0,0,0
74,14,7,3,26,Y6001346,,,,0,30.0,0,0
74,14,7,3,27,Y6001347,,,,0,30.0,0,0
74,14,7,3,28,Y6001348,,,,0,30.0,0,0
74,14,7,3,29,Y6001349,,,,0,30.0,0,0
74,14,7,3,30,Y6001350,,,,0,30.0,0,0
74,14,7,4,10,Y6001351,,,,0,30.0,0,0
74,14,7,4,11,Y6001352,,,,0,30.0,0,0
74,14,7,4,12,Y6001353,,,,0,30.0,0,0
74,14,7,4,13,Y6001354,,,,0,30.0,0,0
74,14,7,4,14,Y6001355,,,,0,30.0,0,0
74,14,7,4,15,Y6001356,,,,0,30.0,0,0
74,14,7,4,16,Y6001357,,,,0,30.0,0,0
74,14,7,4,17,Y6001358,,,,0,30.0,0,0
74,14,7,4,18,Y6001359,,,,0,30.0,0,0
74,14,7,4,19,Y6001360,,,,0,30.0,0,0
74,14,7,4,20,Y6001361,,,,0,30.0,0,0
74,14,7,4,21,Y6001362,,,,0,30.0,0,0
74,14,7,4,22,Y6001363,,,,0,30.0,0,0
74,14,7,4,23,Y6001364,,,,0,30.0,0,0
74,14,7,4,24,Y6001365,,,,0,30.0,0,0
74,14,7,4,25,Y6001366,,,,0,30.0,0,0
74,14,7,4,26,Y6001367,,,,0,30.0,0,0
74,14,7,4,27,Y6001368,,,,0,30.0,0,0
74,14,7,4,28,Y6001369,,,,0,30.0,0,0
74,14,7,4,29,Y6001370,,,,0,30.0,0,0
74,14,7,4,30,Y6001371,,,,0,30.0,0,0
74,14,7,5,10,Y6001372,,,,0,30.0,0,0
74,14,7,5,11,Y6001373,,,,0,30.0,0,0
74,14,7,5,12,Y6001374,,,,0,30.0,0,0
74,14,7,5,13,Y6001375,,,,0,30.0,0,0
74,14,7,5,14,Y6001376,,,,0,30.0,0,0
74,14,7,5,15,Y6001377,,,,0,30.0,0,0
74,14,7,5,16,Y6001378,,,,0,30.0,0,0
74,14,7,5,17,Y6001379,,,,0,30.0,0,0
74,14,7,5,18,Y6001380,,,,0,30.0,0,0
74,14,7,5,19,Y6001381,,,,0,30.0,0,0
74,14,7,5,20,Y6001382,,,,0,30.0,0,0
74,14,7,5,21,Y6001383,,,,0,30.0,0,0
74,14,7,5,22,Y6001384,,,,0,30.0,0,0
74,14,7,5,23,Y6001385,,,,0,30.0,0,0
74,14,7,5,24,Y6001386,,,,0,30.0,0,0
74,14,7,5,25,Y6001387,,,,0,30.0,0,0
74,14,7,5,26,Y6001388,,,,0,30.0,0,0
74,14,7,5,27,Y6001389,,,,0,30.0,0,0
74,14,7,5,28,Y6001390,,,,0,30.0,0,0
74,14,7,5,29,Y6001391,,,,0,30.0,0,0
74,14,7,5,30,Y6001392,,,,0,30.0,0,0
74,14,7,6,10,Y6001393,,,,0,30.0,0,0
74,14,7,6,11,Y6001394,,,,0,30.0,0,0
74,14,7,6,12,Y6001395,,,,0,30.0,0,0
74,14,7,6,13,Y6001396,,,,0,30.0,0,0
74,14,7,6,14,Y6001397,,,,0,30.0,0,0
74,14,7,6,15,Y6001398,,,,0,30.0,0,0
74,14,7,6,16,Y6001399,,,,0,30.0,0,0
74,14,7,6,17,Y6001400,,,,0,30.0,0,0
74,14,7,6,18,Y6001401,,,,0,30.0,0,0
74,14,7,6,19,Y6001402,,,,0,30.0,0,0
74,14,7,6,20,Y6001403,,,,0,30.0,0,0
74,14,7,6,21,Y6001404,,,,0,30.0,0,0
74,14,7,6,22,Y6001405,,,,0,30.0,0,0
74,14,7,6,23,Y6001406,,,,0,30.0,0,0
74,14,7,6,24,Y6001407,,,,0,30.0,0,0
74,14,7,6,25,Y6001408,,,,0,30.0,0,0
74,14,7,6,26,Y6001409,,,,0,30.0,0,0
74,14,7,6,27,Y6001410,,,,0,30.0,0,0
74,14,7,6,28,Y6001411,,,,0,30.0,0,0
74,14,7,6,29,Y6001412,,,,0,30.0,0,0
74,14,7,6,30,Y6001413,,,,0,30.0,0,0
74,14,7,7,10,Y6001414,,,,0,30.0,0,0
74,14,7,7,11,Y6001415,,,,0,30.0,0,0
74,14,7,7,12,Y6001416,,,,0,30.0,0,0
74,14,7,7,13,Y6001417,,,,0,30.0,0,0
74,14,7,7,14,Y6001418,,,,0,30.0,0,0
74,14,7,7,15,Y6001419,,,,0,30.0,0,0
74,14,7,7,16,Y6001420,,,,0,30.0,0,0
74,14,7,7,17,Y6001421,,,,0,30.0,0,0
74,14,7,7,18,Y6001422,,,,0,30.0,0,0
74,14,7,7,19,Y6001423,,,,0,30.0,0,0
74,14,7,7,20,Y6001424,,,,0,30.0,0,0
74,14,7,7,21,Y6001425,,,,0,30.0,0,0
74,14,7,7,22,Y6001426,,,,0,30.0,0,0
74,14,7,7,23,Y6001427,,,,0,30.0,0,0
74,14,7,7,24,Y6001428,,,,0,30.0,0,0
74,14,7,7,25,Y6001429,,,,0,30.0,0,0
74,14,7,7,26,Y6001430,,,,0,30.0,0,0
74,14,7,7,27,Y6001431,,,,0,30.0,0,0
74,14,7,7,28,Y6001432,,,,0,30.0,0,0
74,14,7,7,29,Y6001433,,,,0,30.0,0,0
74,14,7,7,30,Y6001434,,,,0,30.0,0,0
74,14,7,8,10,Y6001435,,,,0,30.0,0,0
74,14,7,8,11,Y6001436,,,,0,30.0,0,0
74,14,7,8,12,Y6001437,,,,0,30.0,0,0
74,14,7,8,13,Y6001438,,,,0,30.0,0,0
74,14,7,8,14,Y6001439,,,,0,30.0,0,0
74,14,7,8,15,Y6001440,,,,0,30.0,0,0
74,14,7,8,16,Y6001441,,,,0,30.0,0,0
74,14,7,8,17,Y6001442,,,,0,30.0,0,0
74,14,7,8,18,Y6001443,,,,0,30.0,0,0
74,14,7,8,19,Y6001444,,,,0,30.0,0,0
74,14,7,8,20,Y6001445,,,,0,30.0,0,0
74,14,7,8,21,Y6001446,,,,0,30.0,0,0
74,14,7,8,22,Y6001447,,,,0,30.0,0,0
74,14,7,8,23,Y6001448,,,,0,30.0,0,0
74,14,7,8,24,Y6001449,,,,0,30.0,0,0
74,14,7,8,25,Y6001450,,,,0,30.0,0,0
74,14,7,8,26,Y6001451,,,,0,30.0,0,0
74,14,7,8,27,Y6001452,,,,0,30.0,0,0
74,14,7,8,28,Y6001453,,,,0,30.0,0,0
74,14,7,8,29,Y6001454,,,,0,30.0,0,0
74,14,7,8,30,Y6001455,,,,0,30.0,0,0
74,14,7,9,10,Y6001456,,,,0,30.0,0,0
74,14,7,9,11,Y6001457,,,,0,30.0,0,0
74,14,7,9,12,Y6001458,,,,0,30.0,0,0
74,14,7,9,13,Y6001459,,,,0,30.0,0,0
74,14,7,9,14,Y6001460,,,,0,30.0,0,0
74,14,7,9,15,Y6001461,,,,0,30.0,0,0
74,14,7,9,16,Y6001462,,,,0,30.0,0,0
74,14,7,9,17,Y6001463,,,,0,30.0,0,2
74,14,7,9,18,Y6001464,,,,0,30.0,0,2
74,14,7,9,19,Y6001465,,,,0,30.0,0,2
74,14,7,9,20,Y6001466,,,,0,30.0,0,0
74,14,7,9,21,Y6001467,,,,0,30.0,0,0
74,14,7,9,22,Y6001468,,,,0,30.0,0,0
74,14,7,9,23,Y6001469,,,,0,30.0,0,0
74,14,7,9,24,Y6001470,,,,0,30.0,0,0
74,14,7,9,25,Y6001471,,,,0,30.0,0,0
74,14,7,9,26,Y6001472,,,,0,30.0,0,0
74,14,7,9,27,Y6001473,,,,0,30.0,0,0
74,14,7,9,28,Y6001474,,,,0,30.0,0,0
74,14,7,9,29,Y6001475,,,,0,30.0,0,0
74,14,7,9,30,Y6001476,,,,0,30.0,0,0
74,14,7,10,10,Y6001477,,,,0,30.0,0,0
74,14,7,10,11,Y6001478,,,,0,30.0,0,0
74,14,7,10,12,Y6001479,,,,0,30.0,0,0
74,14,7,10,13,Y6001480,,,,0,30.0,0,0
74,14,7,10,14,Y6001481,,,,0,30.0,0,0
74,14,7,10,15,Y6001482,,,,0,30.0,0,0
74,14,7,10,16,Y6001483,,,,0,30.0,0,2
74,14,7,10,17,Y6001484,,,,0,30.0,0,2
74,14,7,10,18,Y6001485,,,,0,30.0,0,2
74,14,7,10,19,Y6001486,,,,0,30.0,0,2
74,14,7,10,20,Y6001487,,,,0,30.0,0,2
74,14,7,10,21,Y6001488,,,,0,30.0,0,0
74,14,7,10,22,Y6001489,,,,0,30.0,0,0
74,14,7,10,23,Y6001490,,,,0,30.0,0,0
74,14,7,10,24,Y6001491,,,,0,30.0,0,0
74,14,7,10,25,Y6001492,,,,0,30.0,0,0
74,14,7,10,26,Y6001493,,,,0,30.0,0,0
74,14,7,10,27,Y6001494,,,,0,30.0,0,0
74,14,7,10,28,Y6001495,,,,0,30.0,0,0
74,14,7,10,29,Y6001496,,,,0,30.0,0,0
74,14,7,10,30,Y6001497,,,,0,30.0,0,0
74,14,7,11,10,Y6001498,,,,0,30.0,0,0
74,14,7,11,11,Y6001499,,,,0,30.0,0,0
74,14,7,11,12,Y6001500,,,,0,30.0,0,0
74,14,7,11,13,Y6001501,,,,0,30.0,0,0
74,14,7,11,14,Y6001502,,,,0,30.0,0,0
74,14,7,11,15,Y6001503,,,,0,30.0,0,0
74,14,7,11,16,Y6001504,,,,0,30.0,0,2
74,14,7,11,17,Y6001505,,,,0,30.0,0,2
74,14,7,11,18,Y6001506,,,,0,30.0,0,2
74,14,7,11,19,Y6001507,,,,0,30.0,0,2
74,14,7,11,20,Y6001508,,,,0,30.0,0,2
74,14,7,11,21,Y6001509,,,,0,30.0,0,0
74,14,7,11,22,Y6001510,,,,0,30.0,0,0
74,14,7,11,23,Y6001511,,,,0,30.0,0,0
74,14,7,11,24,Y6001512,,,,0,30.0,0,0
74,14,7,11,25,Y6001513,,,,0,30.0,0,0
74,14,7,11,26,Y6001514,,,,0,30.0,0,0
74,14,7,11,27,Y6001515,,,,0,30.0,0,0
74,14,7,11,28,Y6001516,,,,0,30.0,0,0
74,14,7,11,29,Y6001517,,,,0,30.0,0,0
74,14,7,11,30,Y6001518,,,,0,30.0,0,0
74,14,7,12,10,Y6001519,,,,0,30.0,0,0
74,14,7,12,11,Y6001520,,,,0,30.0,0,0
74,14,7,12,12,Y6001521,,,,0,30.0,0,0
74,14,7,12,13,Y6001522,,,,0,30.0,0,0
74,14,7,12,14,Y6001523,,,,0,30.0,0,0
74,14,7,12,15,Y6001524,,,,0,30.0,0,0
74,14,7,12,16,Y6001525,,,,0,30.0,0,2
74,14,7,12,17,Y6001526,,,,0,30.0,0,2
74,14,7,12,18,Y6001527,,,,0,30.0,0,2
74,14,7,12,19,Y6001528,,,,0,30.0,0,2
74,14,7,12,20,Y6001529,,,,0,30.0,0,2
74,14,7,12,21,Y6001530,,,,0,30.0,0,0
74,14,7,12,22,Y6001531,,,,0,30.0,0,0
74,14,7,12,23,Y6001532,,,,0,30.0,0,0
74,14,7,12,24,Y6001533,,,,0,30.0,0,0
74,14,7,12,25,Y6001534,,,,0,30.0,0,0
74,14,7,12,26,Y6001535,,,,0,30.0,0,0
74,14,7,12,27,Y6001536,,,,0,30.0,0,0
74,14,7,12,28,Y6001537,,,,0,30.0,0,0
74,14,7,12,29,Y6001538,,,,0,30.0,0,0
74,14,7,12,30,Y6001539,,,,0,30.0,0,0
74,14,8,1,10,Y6001540,,,,0,30.0,0,0
74,14,8,1,11,Y6001541,,,,0,30.0,0,0
74,14,8,1,12,Y6001542,,,,0,30.0,0,0
74,14,8,1,13,Y6001543,,,,0,30.0,0,0
74,14,8,1,14,Y6001544,,,,0,30.0,0,0
74,14,8,1,15,Y6001545,,,,0,30.0,0,0
74,14,8,1,16,Y6001546,,,,0,30.0,0,0
74,14,8,1,17,Y6001547,,,,0,30.0,0,0
74,14,8,1,18,Y6001548,,,,0,30.0,0,0
74,14,8,1,19,Y6001549,,,,0,30.0,0,0
74,14,8,1,20,Y6001550,,,,0,30.0,0,0
74,14,8,1,21,Y6001551,,,,0,30.0,0,0
74,14,8,1,22,Y6001552,,,,0,30.0,0,0
74,14,8,1,23,Y6001553,,,,0,30.0,0,0
74,14,8,1,24,Y6001554,,,,0,30.0,0,0
74,14,8,1,25,Y6001555,,,,0,30.0,0,0
74,14,8,1,26,Y6001556,,,,0,30.0,0,0
74,14,8,1,27,Y6001557,,,,0,30.0,0,0
74,14,8,1,28,Y6001558,,,,0,30.0,0,0
74,14,8,1,29,Y6001559,,,,0,30.0,0,0
74,14,8,1,30,Y6001560,,,,0,30.0,0,0
74,14,8,2,10,Y6001561,,,,0,30.0,0,0
74,14,8,2,11,Y6001562,,,,0,30.0,0,0
74,14,8,2,12,Y6001563,,,,0,30.0,0,0
74,14,8,2,13,Y6001564,,,,0,30.0,0,0
74,14,8,2,14,Y6001565,,,,0,30.0,0,0
74,14,8,2,15,Y6001566,,,,0,30.0,0,0
74,14,8,2,16,Y6001567,,,,0,30.0,0,0
74,14,8,2,17,Y6001568,,,,0,30.0,0,0
74,14,8,2,18,Y6001569,,,,0,30.0,0,0
74,14,8,2,19,Y6001570,,,,0,30.0,0,0
74,14,8,2,20,Y6001571,,,,0,30.0,0,0
74,14,8,2,21,Y6001572,,,,0,30.0,0,0
74,14,8,2,22,Y6001573,,,,0,30.0,0,0
74,14,8,2,23,Y6001574,,,,0,30.0,0,0
74,14,8,2,24,Y6001575,,,,0,30.0,0,0
74,14,8,2,25,Y6001576,,,,0,30.0,0,0
74,14,8,2,26,Y6001577,,,,0,30.0,0,0
74,14,8,2,27,Y6001578,,,,0,30.0,0,0
74,14,8,2,28,Y6001579,,,,0,30.0,0,0
74,14,8,2,29,Y6001580,,,,0,30.0,0,0
74,14,8,2,30,Y6001581,,,,0,30.0,0,0
74,14,8,3,10,Y6001582,,,,0,30.0,0,0
74,14,8,3,11,Y6001583,,,,0,30.0,0,0
74,14,8,3,12,Y6001584,,,,0,30.0,0,0
74,14,8,3,13,Y6001585,,,,0,30.0,0,0
74,14,8,3,14,Y6001586,,,,0,30.0,0,0
74,14,8,3,15,Y6001587,,,,0,30.0,0,0
74,14,8,3,16,Y6001588,,,,0,30.0,0,0
74,14,8,3,17,Y6001589,,,,0,30.0,0,0
74,14,8,3,18,Y6001590,,,,0,30.0,0,0
74,14,8,3,19,Y6001591,,,,0,30.0,0,0
74,14,8,3,20,Y6001592,,,,0,30.0,0,0
74,14,8,3,21,Y6001593,,,,0,30.0,0,0
74,14,8,3,22,Y6001594,,,,0,30.0,0,0
74,14,8,3,23,Y6001595,,,,0,30.0,0,0
74,14,8,3,24,Y6001596,,,,0,30.0,0,0
74,14,8,3,25,Y6001597,,,,0,30.0,0,0
74,14,8,3,26,Y6001598,,,,0,30.0,0,0
74,14,8,3,27,Y6001599,,,,0,30.0,0,0
74,14,8,3,28,Y6001600,,,,0,30.0,0,0
74,14,8,3,29,Y6001601,,,,0,30.0,0,0
74,14,8,3,30,Y6001602,,,,0,30.0,0,0
74,14,8,4,10,Y6001603,,,,0,30.0,0,0
74,14,8,4,11,Y6001604,,,,0,30.0,0,0
74,14,8,4,12,Y6001605,,,,0,30.0,0,0
74,14,8,4,13,Y6001606,,,,0,30.0,0,0
74,14,8,4,14,Y6001607,,,,0,30.0,0,0
74,14,8,4,15,Y6001608,,,,0,30.0,0,0
74,14,8,4,16,Y6001609,,,,0,30.0,0,0
74,14,8,4,17,Y6001610,,,,0,30.0,0,0
74,14,8,4,18,Y6001611,,,,0,30.0,0,0
74,14,8,4,19,Y6001612,,,,0,30.0,0,0
74,14,8,4,20,Y6001613,,,,0,30.0,0,0
74,14,8,4,21,Y6001614,,,,0,30.0,0,0
74,14,8,4,22,Y6001615,,,,0,30.0,0,0
74,14,8,4,23,Y6001616,,,,0,30.0,0,0
74,14,8,4,24,Y6001617,,,,0,30.0,0,0
74,14,8,4,25,Y6001618,,,,0,30.0,0,0
74,14,8,4,26,Y6001619,,,,0,30.0,0,0
74,14,8,4,27,Y6001620,,,,0,30.0,0,0
74,14,8,4,28,Y6001621,,,,0,30.0,0,0
74,14,8,4,29,Y6001622,,,,0,30.0,0,0
74,14,8,4,30,Y6001623,,,,0,30.0,0,0
74,14,8,5,10,Y6001624,,,,0,30.0,0,0
74,14,8,5,11,Y6001625,,,,0,30.0,0,0
74,14,8,5,12,Y6001626,,,,0,30.0,0,0
74,14,8,5,13,Y6001627,,,,0,30.0,0,0
74,14,8,5,14,Y6001628,,,,0,30.0,0,0
74,14,8,5,15,Y6001629,,,,0,30.0,0,0
74,14,8,5,16,Y6001630,,,,0,30.0,0,0
74,14,8,5,17,Y6001631,,,,0,30.0,0,0
74,14,8,5,18,Y6001632,,,,0,30.0,0,0
74,14,8,5,19,Y6001633,,,,0,30.0,0,0
74,14,8,5,20,Y6001634,,,,0,30.0,0,0
74,14,8,5,21,Y6001635,,,,0,30.0,0,0
74,14,8,5,22,Y6001636,,,,0,30.0,0,0
74,14,8,5,23,Y6001637,,,,0,30.0,0,0
74,14,8,5,24,Y6001638,,,,0,30.0,0,0
74,14,8,5,25,Y6001639,,,,0,30.0,0,0
74,14,8,5,26,Y6001640,,,,0,30.0,0,0
74,14,8,5,27,Y6001641,,,,0,30.0,0,0
74,14,8,5,28,Y6001642,,,,0,30.0,0,0
74,14,8,5,29,Y6001643,,,,0,30.0,0,0
74,14,8,5,30,Y6001644,,,,0,30.0,0,0
74,14,8,6,10,Y6001645,,,,0,30.0,0,0
74,14,8,6,11,Y6001646,,,,0,30.0,0,0
74,14,8,6,12,Y6001647,,,,0,30.0,0,0
74,14,8,6,13,Y6001648,,,,0,30.0,0,0
74,14,8,6,14,Y6001649,,,,0,30.0,0,0
74,14,8,6,15,Y6001650,,,,0,30.0,0,0
74,14,8,6,16,Y6001651,,,,0,30.0,0,0
74,14,8,6,17,Y6001652,,,,0,30.0,0,0
74,14,8,6,18,Y6001653,,,,0,30.0,0,0
74,14,8,6,19,Y6001654,,,,0,30.0,0,0
74,14,8,6,20,Y6001655,,,,0,30.0,0,0
74,14,8,6,21,Y6001656,,,,0,30.0,0,0
74,14,8,6,22,Y6001657,,,,0,30.0,0,0
74,14,8,6,23,Y6001658,,,,0,30.0,0,0
74,14,8,6,24,Y6001659,,,,0,30.0,0,0
74,14,8,6,25,Y6001660,,,,0,30.0,0,0
74,14,8,6,26,Y6001661,,,,0,30.0,0,0
74,14,8,6,27,Y6001662,,,,0,30.0,0,0
74,14,8,6,28,Y6001663,,,,0,30.0,0,0
74,14,8,6,29,Y6001664,,,,0,30.0,0,0
74,14,8,6,30,Y6001665,,,,0,30.0,0,0
74,14,8,7,10,Y6001666,,,,0,30.0,0,0
74,14,8,7,11,Y6001667,,,,0,30.0,0,0
74,14,8,7,12,Y6001668,,,,0,30.0,0,0
74,14,8,7,13,Y6001669,,,,0,30.0,0,0
74,14,8,7,14,Y6001670,,,,0,30.0,0,0
74,14,8,7,15,Y6001671,,,,0,30.0,0,0
74,14,8,7,16,Y6001672,,,,0,30.0,0,0
74,14,8,7,17,Y6001673,,,,0,30.0,0,0
74,14,8,7,18,Y6001674,,,,0,30.0,0,0
74,14,8,7,19,Y6001675,,,,0,30.0,0,0
74,14,8,7,20,Y6001676,,,,0,30.0,0,0
74,14,8,7,21,Y6001677,,,,0,30.0,0,0
74,14,8,7,22,Y6001678,,,,0,30.0,0,0
74,14,8,7,23,Y6001679,,,,0,30.0,0,0
74,14,8,7,24,Y6001680,,,,0,30.0,0,0
74,14,8,7,25,Y6001681,,,,0,30.0,0,0
74,14,8,7,26,Y6001682,,,,0,30.0,0,0
74,14,8,7,27,Y6001683,,,,0,30.0,0,0
74,14,8,7,28,Y6001684,,,,0,30.0,0,0
74,14,8,7,29,Y6001685,,,,0,30.0,0,0
74,14,8,7,30,Y6001686,,,,0,30.0,0,0
74,14,8,8,10,Y6001687,,,,0,30.0,0,0
74,14,8,8,11,Y6001688,,,,0,30.0,0,0
74,14,8,8,12,Y6001689,,,,0,30.0,0,0
74,14,8,8,13,Y6001690,,,,0,30.0,0,0
74,14,8,8,14,Y6001691,,,,0,30.0,0,0
74,14,8,8,15,Y6001692,,,,0,30.0,0,0
74,14,8,8,16,Y6001693,,,,0,30.0,0,0
74,14,8,8,17,Y6001694,,,,0,30.0,0,0
74,14,8,8,18,Y6001695,,,,0,30.0,0,0
74,14,8,8,19,Y6001696,,,,0,30.0,0,0
74,14,8,8,20,Y6001697,,,,0,30.0,0,0
74,14,8,8,21,Y6001698,,,,0,30.0,0,0
74,14,8,8,22,Y6001699,,,,0,30.0,0,0
74,14,8,8,23,Y6001700,,,,0,30.0,0,0
74,14,8,8,24,Y6001701,,,,0,30.0,0,0
74,14,8,8,25,Y6001702,,,,0,30.0,0,0
74,14,8,8,26,Y6001703,,,,0,30.0,0,0
74,14,8,8,27,Y6001704,,,,0,30.0,0,0
74,14,8,8,28,Y6001705,,,,0,30.0,0,0
74,14,8,8,29,Y6001706,,,,0,30.0,0,0
74,14,8,8,30,Y6001707,,,,0,30.0,0,0
74,14,8,9,10,Y6001708,,,,0,30.0,0,0
74,14,8,9,11,Y6001709,,,,0,30.0,0,0
74,14,8,9,12,Y6001710,,,,0,30.0,0,0
74,14,8,9,13,Y6001711,,,,0,30.0,0,0
74,14,8,9,14,Y6001712,,,,0,30.0,0,0
74,14,8,9,15,Y6001713,,,,0,30.0,0,0
74,14,8,9,16,Y6001714,,,,0,30.0,0,0
74,14,8,9,17,Y6001715,,,,0,30.0,0,0
74,14,8,9,18,Y6001716,,,,0,30.0,0,0
74,14,8,9,19,Y6001717,,,,0,30.0,0,0
74,14,8,9,20,Y6001718,,,,0,30.0,0,0
74,14,8,9,21,Y6001719,,,,0,30.0,0,0
74,14,8,9,22,Y6001720,,,,0,30.0,0,0
74,14,8,9,23,Y6001721,,,,0,30.0,0,0
74,14,8,9,24,Y6001722,,,,0,30.0,0,0
74,14,8,9,25,Y6001723,,,,0,30.0,0,0
74,14,8,9,26,Y6001724,,,,0,30.0,0,0
74,14,8,9,27,Y6001725,,,,0,30.0,0,0
74,14,8,9,28,Y6001726,,,,0,30.0,0,0
74,14,8,9,29,Y6001727,,,,0,30.0,0,0
74,14,8,9,30,Y6001728,,,,0,30.0,0,0
74,14,8,10,10,Y6001729,,,,0,30.0,0,0
74,14,8,10,11,Y6001730,,,,0,30.0,0,0
74,14,8,10,12,Y6001731,,,,0,30.0,0,0
74,14,8,10,13,Y6001732,,,,0,30.0,0,0
74,14,8,10,14,Y6001733,,,,0,30.0,0,0
74,14,8,10,15,Y6001734,,,,0,30.0,0,0
74,14,8,10,16,Y6001735,,,,0,30.0,0,0
74,14,8,10,17,Y6001736,,,,0,30.0,0,2
74,14,8,10,18,Y6001737,,,,0,30.0,0,2
74,14,8,10,19,Y6001738,,,,0,30.0,0,2
74,14,8,10,20,Y6001739,,,,0,30.0,0,0
74,14,8,10,21,Y6001740,,,,0,30.0,0,0
74,14,8,10,22,Y6001741,,,,0,30.0,0,0
74,14,8,10,23,Y6001742,,,,0,30.0,0,0
74,14,8,10,24,Y6001743,,,,0,30.0,0,0
74,14,8,10,25,Y6001744,,,,0,30.0,0,0
74,14,8,10,26,Y6001745,,,,0,30.0,0,0
74,14,8,10,27,Y6001746,,,,0,30.0,0,0
74,14,8,10,28,Y6001747,,,,0,30.0,0,0
74,14,8,10,29,Y6001748,,,,0,30.0,0,0
74,14,8,10,30,Y6001749,,,,0,30.0,0,0
74,14,8,11,10,Y6001750,,,,0,30.0,0,0
74,14,8,11,11,Y6001751,,,,0,30.0,0,0
74,14,8,11,12,Y6001752,,,,0,30.0,0,0
74,14,8,11,13,Y6001753,,,,0,30.0,0,0
74,14,8,11,14,Y6001754,,,,0,30.0,0,0
74,14,8,11,15,Y6001755,,,,0,30.0,0,0
74,14,8,11,16,Y6001756,,,,0,30.0,0,0
74,14,8,11,17,Y6001757,,,,0,30.0,0,2
74,14,8,11,18,Y6001758,,,,0,30.0,0,2
74,14,8,11,19,Y6001759,,,,0,30.0,0,2
74,14,8,11,20,Y6001760,,,,0,30.0,0,0
74,14,8,11,21,Y6001761,,,,0,30.0,0,0
74,14,8,11,22,Y6001762,,,,0,30.0,0,0
74,14,8,11,23,Y6001763,,,,0,30.0,0,0
74,14,8,11,24,Y6001764,,,,0,30.0,0,0
74,14,8,11,25,Y6001765,,,,0,30.0,0,0
74,14,8,11,26,Y6001766,,,,0,30.0,0,0
74,14,8,11,27,Y6001767,,,,0,30.0,0,0
74,14,8,11,28,Y6001768,,,,0,30.0,0,0
74,14,8,11,29,Y6001769,,,,0,30.0,0,0
74,14,8,11,30,Y6001770,,,,0,30.0,0,0
74,14,8,12,10,Y6001771,,,,0,30.0,0,0
74,14,8,12,11,Y6001772,,,,0,30.0,0,0
74,14,8,12,12,Y6001773,,,,0,30.0,0,0
74,14,8,12,13,Y6001774,,,,0,30.0,0,0
74,14,8,12,14,Y6001775,,,,0,30.0,0,0
74,14,8,12,15,Y6001776,,,,0,30.0,0,0
74,14,8,12,16,Y6001777,,,,0,30.0,0,0
74,14,8,12,17,Y6001778,,,,0,30.0,0,2
74,14,8,12,18,Y6001779,,,,0,30.0,0,2
74,14,8,12,19,Y6001780,,,,0,30.0,0,2
74,14,8,12,20,Y6001781,,,,0,30.0,0,0
74,14,8,12,21,Y6001782,,,,0,30.0,0,0
74,14,8,12,22,Y6001783,,,,0,30.0,0,0
74,14,8,12,23,Y6001784,,,,0,30.0,0,0
74,14,8,12,24,Y6001785,,,,0,30.0,0,0
74,14,8,12,25,Y6001786,,,,0,30.0,0,0
74,14,8,12,26,Y6001787,,,,0,30.0,0,0
74,14,8,12,27,Y6001788,,,,0,30.0,0,0
74,14,8,12,28,Y6001789,,,,0,30.0,0,0
74,14,8,12,29,Y6001790,,,,0,30.0,0,0
74,14,8,12,30,Y6001791,,,,0,30.0,0,0
74,14,9,1,10,Y6001792,,,,0,30.0,0,0
74,14,9,1,11,Y6001793,,,,0,30.0,0,0
74,14,9,1,12,Y6001794,,,,0,30.0,0,0
74,14,9,1,13,Y6001795,,,,0,30.0,0,0
74,14,9,1,14,Y6001796,,,,0,30.0,0,0
74,14,9,1,15,Y6001797,,,,0,30.0,0,0
74,14,9,1,16,Y6001798,,,,0,30.0,0,0
74,14,9,1,17,Y6001799,,,,0,30.0,0,0
74,14,9,1,18,Y6001800,,,,0,30.0,0,0
74,14,9,1,19,Y6001801,,,,0,30.0,0,0
74,14,9,1,20,Y6001802,,,,0,30.0,0,0
74,14,9,1,21,Y6001803,,,,0,30.0,0,0
74,14,9,1,22,Y6001804,,,,0,30.0,0,0
74,14,9,1,23,Y6001805,,,,0,30.0,0,0
74,14,9,1,24,Y6001806,,,,0,30.0,0,0
74,14,9,1,25,Y6001807,,,,0,30.0,0,0
74,14,9,1,26,Y6001808,,,,0,30.0,0,0
74,14,9,1,27,Y6001809,,,,0,30.0,0,0
74,14,9,1,28,Y6001810,,,,0,30.0,0,0
74,14,9,1,29,Y6001811,,,,0,30.0,0,0
74,14,9,1,30,Y6001812,,,,0,30.0,0,0
74,14,9,2,10,Y6001813,,,,0,30.0,0,0
74,14,9,2,11,Y6001814,,,,0,30.0,0,0
74,14,9,2,12,Y6001815,,,,0,30.0,0,0
74,14,9,2,13,Y6001816,,,,0,30.0,0,0
74,14,9,2,14,Y6001817,,,,0,30.0,0,0
74,14,9,2,15,Y6001818,,,,0,30.0,0,0
74,14,9,2,16,Y6001819,,,,0,30.0,0,0
74,14,9,2,17,Y6001820,,,,0,30.0,0,0
74,14,9,2,18,Y6001821,,,,0,30.0,0,0
74,14,9,2,19,Y6001822,,,,0,30.0,0,0
74,14,9,2,20,Y6001823,,,,0,30.0,0,0
74,14,9,2,21,Y6001824,,,,0,30.0,0,0
74,14,9,2,22,Y6001825,,,,0,30.0,0,0
74,14,9,2,23,Y6001826,,,,0,30.0,0,0
74,14,9,2,24,Y6001827,,,,0,30.0,0,0
74,14,9,2,25,Y6001828,,,,0,30.0,0,0
74,14,9,2,26,Y6001829,,,,0,30.0,0,0
74,14,9,2,27,Y6001830,,,,0,30.0,0,0
74,14,9,2,28,Y6001831,,,,0,30.0,0,0
74,14,9,2,29,Y6001832,,,,0,30.0,0,0
74,14,9,2,30,Y6001833,,,,0,30.0,0,0
74,14,9,3,10,Y6001834,,,,0,30.0,0,0
74,14,9,3,11,Y6001835,,,,0,30.0,0,0
74,14,9,3,12,Y6001836,,,,0,30.0,0,0
74,14,9,3,13,Y6001837,,,,0,30.0,0,0
74,14,9,3,14,Y6001838,,,,0,30.0,0,0
74,14,9,3,15,Y6001839,,,,0,30.0,0,0
74,14,9,3,16,Y6001840,,,,0,30.0,0,0
74,14,9,3,17,Y6001841,,,,0,30.0,0,0
74,14,9,3,18,Y6001842,,,,0,30.0,0,0
74,14,9,3,19,Y6001843,,,,0,30.0,0,0
74,14,9,3,20,Y6001844,,,,0,30.0,0,0
74,14,9,3,21,Y6001845,,,,0,30.0,0,0
74,14,9,3,22,Y6001846,,,,0,30.0,0,0
74,14,9,3,23,Y6001847,,,,0,30.0,0,0
74,14,9,3,24,Y6001848,,,,0,30.0,0,0
74,14,9,3,25,Y6001849,,,,0,30.0,0,0
74,14,9,3,26,Y6001850,,,,0,30.0,0,0
74,14,9,3,27,Y6001851,,,,0,30.0,0,0
74,14,9,3,28,Y6001852,,,,0,30.0,0,0
74,14,9,3,29,Y6001853,,,,0,30.0,0,0
74,14,9,3,30,Y6001854,,,,0,30.0,0,0
74,14,9,4,10,Y6001855,,,,0,30.0,0,0
74,14,9,4,11,Y6001856,,,,0,30.0,0,0
74,14,9,4,12,Y6001857,,,,0,30.0,0,0
74,14,9,4,13,Y6001858,,,,0,30.0,0,0
74,14,9,4,14,Y6001859,,,,0,30.0,0,0
74,14,9,4,15,Y6001860,,,,0,30.0,0,0
74,14,9,4,16,Y6001861,,,,0,30.0,0,0
74,14,9,4,17,Y6001862,,,,0,30.0,0,0
74,14,9,4,18,Y6001863,,,,0,30.0,0,0
74,14,9,4,19,Y6001864,,,,0,30.0,0,0
74,14,9,4,20,Y6001865,,,,0,30.0,0,0
74,14,9,4,21,Y6001866,,,,0,30.0,0,0
74,14,9,4,22,Y6001867,,,,0,30.0,0,0
74,14,9,4,23,Y6001868,,,,0,30.0,0,0
74,14,9,4,24,Y6001869,,,,0,30.0,0,0
74,14,9,4,25,Y6001870,,,,0,30.0,0,0
74,14,9,4,26,Y6001871,,,,0,30.0,0,0
74,14,9,4,27,Y6001872,,,,0,30.0,0,0
74,14,9,4,28,Y6001873,,,,0,30.0,0,0
74,14,9,4,29,Y6001874,,,,0,30.0,0,0
74,14,9,4,30,Y6001875,,,,0,30.0,0,0
74,14,9,5,10,Y6001876,,,,0,30.0,0,0
74,14,9,5,11,Y6001877,,,,0,30.0,0,0
74,14,9,5,12,Y6001878,,,,0,30.0,0,0
74,14,9,5,13,Y6001879,,,,0,30.0,0,0
74,14,9,5,14,Y6001880,,,,0,30.0,0,0
74,14,9,5,15,Y6001881,,,,0,30.0,0,0
74,14,9,5,16,Y6001882,,,,0,30.0,0,0
74,14,9,5,17,Y6001883,,,,0,30.0,0,0
74,14,9,5,18,Y6001884,,,,0,30.0,0,0
74,14,9,5,19,Y6001885,,,,0,30.0,0,0
74,14,9,5,20,Y6001886,,,,0,30.0,0,0
74,14,9,5,21,Y6001887,,,,0,30.0,0,0
74,14,9,5,22,Y6001888,,,,0,30.0,0,0
74,14,9,5,23,Y6001889,,,,0,30.0,0,0
74,14,9,5,24,Y6001890,,,,0,30.0,0,0
74,14,9,5,25,Y6001891,,,,0,30.0,0,0
74,14,9,5,26,Y6001892,,,,0,30.0,0,0
74,14,9,5,27,Y6001893,,,,0,30.0,0,0
74,14,9,5,28,Y6001894,,,,0,30.0,0,0
74,14,9,5,29,Y6001895,,,,0,30.0,0,0
74,14,9,5,30,Y6001896,,,,0,30.0,0,0
74,14,9,6,10,Y6001897,,,,0,30.0,0,0
74,14,9,6,11,Y6001898,,,,0,30.0,0,0
74,14,9,6,12,Y6001899,,,,0,30.0,0,0
74,14,9,6,13,Y6001900,,,,0,30.0,0,0
74,14,9,6,14,Y6001901,,,,0,30.0,0,0
74,14,9,6,15,Y6001902,,,,0,30.0,0,0
74,14,9,6,16,Y6001903,,,,0,30.0,0,0
74,14,9,6,17,Y6001904,,,,0,30.0,0,0
74,14,9,6,18,Y6001905,,,,0,30.0,0,0
74,14,9,6,19,Y6001906,,,,0,30.0,0,0
74,14,9,6,20,Y6001907,,,,0,30.0,0,0
74,14,9,6,21,Y6001908,,,,0,30.0,0,0
74,14,9,6,22,Y6001909,,,,0,30.0,0,0
74,14,9,6,23,Y6001910,,,,0,30.0,0,0
74,14,9,6,24,Y6001911,,,,0,30.0,0,0
74,14,9,6,25,Y6001912,,,,0,30.0,0,0
74,14,9,6,26,Y6001913,,,,0,30.0,0,0
74,14,9,6,27,Y6001914,,,,0,30.0,0,0
74,14,9,6,28,Y6001915,,,,0,30.0,0,0
74,14,9,6,29,Y6001916,,,,0,30.0,0,0
74,14,9,6,30,Y6001917,,,,0,30.0,0,0
74,14,9,7,10,Y6001918,,,,0,30.0,0,0
74,14,9,7,11,Y6001919,,,,0,30.0,0,0
74,14,9,7,12,Y6001920,,,,0,30.0,0,0
74,14,9,7,13,Y6001921,,,,0,30.0,0,0
74,14,9,7,14,Y6001922,,,,0,30.0,0,0
74,14,9,7,15,Y6001923,,,,0,30.0,0,0
74,14,9,7,16,Y6001924,,,,0,30.0,0,0
74,14,9,7,17,Y6001925,,,,0,30.0,0,0
74,14,9,7,18,Y6001926,,,,0,30.0,0,0
74,14,9,7,19,Y6001927,,,,0,30.0,0,0
74,14,9,7,20,Y6001928,,,,0,30.0,0,0
74,14,9,7,21,Y6001929,,,,0,30.0,0,0
74,14,9,7,22,Y6001930,,,,0,30.0,0,0
74,14,9,7,23,Y6001931,,,,0,30.0,0,0
74,14,9,7,24,Y6001932,,,,0,30.0,0,0
74,14,9,7,25,Y6001933,,,,0,30.0,0,0
74,14,9,7,26,Y6001934,,,,0,30.0,0,0
74,14,9,7,27,Y6001935,,,,0,30.0,0,0
74,14,9,7,28,Y6001936,,,,0,30.0,0,0
74,14,9,7,29,Y6001937,,,,0,30.0,0,0
74,14,9,7,30,Y6001938,,,,0,30.0,0,0
74,14,9,8,10,Y6001939,,,,0,30.0,0,0
74,14,9,8,11,Y6001940,,,,0,30.0,0,0
74,14,9,8,12,Y6001941,,,,0,30.0,0,0
74,14,9,8,13,Y6001942,,,,0,30.0,0,0
74,14,9,8,14,Y6001943,,,,0,30.0,0,0
74,14,9,8,15,Y6001944,,,,0,30.0,0,0
74,14,9,8,16,Y6001945,,,,0,30.0,0,0
74,14,9,8,17,Y6001946,,,,0,30.0,0,0
74,14,9,8,18,Y6001947,,,,0,30.0,0,0
74,14,9,8,19,Y6001948,,,,0,30.0,0,0
74,14,9,8,20,Y6001949,,,,0,30.0,0,0
74,14,9,8,21,Y6001950,,,,0,30.0,0,0
74,14,9,8,22,Y6001951,,,,0,30.0,0,0
74,14,9,8,23,Y6001952,,,,0,30.0,0,0
74,14,9,8,24,Y6001953,,,,0,30.0,0,0
74,14,9,8,25,Y6001954,,,,0,30.0,0,0
74,14,9,8,26,Y6001955,,,,0,30.0,0,0
74,14,9,8,27,Y6001956,,,,0,30.0,0,0
74,14,9,8,28,Y6001957,,,,0,30.0,0,0
74,14,9,8,29,Y6001958,,,,0,30.0,0,0
74,14,9,8,30,Y6001959,,,,0,30.0,0,0
74,14,9,9,10,Y6001960,,,,0,30.0,0,0
74,14,9,9,11,Y6001961,,,,0,30.0,0,0
74,14,9,9,12,Y6001962,,,,0,30.0,0,0
74,14,9,9,13,Y6001963,,,,0,30.0,0,0
74,14,9,9,14,Y6001964,,,,0,30.0,0,0
74,14,9,9,15,Y6001965,,,,0,30.0,0,0
74,14,9,9,16,Y6001966,,,,0,30.0,0,0
74,14,9,9,17,Y6001967,,,,0,30.0,0,0
74,14,9,9,18,Y6001968,,,,0,30.0,0,0
74,14,9,9,19,Y6001969,,,,0,30.0,0,0
74,14,9,9,20,Y6001970,,,,0,30.0,0,0
74,14,9,9,21,Y6001971,,,,0,30.0,0,0
74,14,9,9,22,Y6001972,,,,0,30.0,0,0
74,14,9,9,23,Y6001973,,,,0,30.0,0,0
74,14,9,9,24,Y6001974,,,,0,30.0,0,0
74,14,9,9,25,Y6001975,,,,0,30.0,0,0
74,14,9,9,26,Y6001976,,,,0,30.0,0,0
74,14,9,9,27,Y6001977,,,,0,30.0,0,0
74,14,9,9,28,Y6001978,,,,0,30.0,0,0
74,14,9,9,29,Y6001979,,,,0,30.0,0,0
74,14,9,9,30,Y6001980,,,,0,30.0,0,0
74,14,9,10,10,Y6001981,,,,0,30.0,0,0
74,14,9,10,11,Y6001982,,,,0,30.0,0,0
74,14,9,10,12,Y6001983,,,,0,30.0,0,0
74,14,9,10,13,Y6001984,,,,0,30.0,0,0
74,14,9,10,14,Y6001985,,,,0,30.0,0,0
74,14,9,10,15,Y6001986,,,,0,30.0,0,0
74,14,9,10,16,Y6001987,,,,0,30.0,0,0
74,14,9,10,17,Y6001988,,,,0,30.0,0,0
74,14,9,10,18,Y6001989,,,,0,30.0,0,0
74,14,9,10,19,Y6001990,,,,0,30.0,0,0
74,14,9,10,20,Y6001991,,,,0,30.0,0,0
74,14,9,10,21,Y6001992,,,,0,30.0,0,0
74,14,9,10,22,Y6001993,,,,0,30.0,0,0
74,14,9,10,23,Y6001994,,,,0,30.0,0,0
74,14,9,10,24,Y6001995,,,,0,30.0,0,0
74,14,9,10,25,Y6001996,,,,0,30.0,0,0
74,14,9,10,26,Y6001997,,,,0,30.0,0,0
74,14,9,10,27,Y6001998,,,,0,30.0,0,0
74,14,9,10,28,Y6001999,,,,0,30.0,0,0
74,14,9,10,29,Y6002000,,,,0,30.0,0,0
74,14,9,10,30,Y6002001,,,,0,30.0,0,0
74,14,9,11,10,Y6002002,,,,0,30.0,0,0
74,14,9,11,11,Y6002003,,,,0,30.0,0,0
74,14,9,11,12,Y6002004,,,,0,30.0,0,0
74,14,9,11,13,Y6002005,,,,0,30.0,0,0
74,14,9,11,14,Y6002006,,,,0,30.0,0,0
74,14,9,11,15,Y6002007,,,,0,30.0,0,0
74,14,9,11,16,Y6002008,,,,0,30.0,0,0
74,14,9,11,17,Y6002009,,,,0,30.0,0,0
74,14,9,11,18,Y6002010,,,,0,30.0,0,0
74,14,9,11,19,Y6002011,,,,0,30.0,0,0
74,14,9,11,20,Y6002012,,,,0,30.0,0,0
74,14,9,11,21,Y6002013,,,,0,30.0,0,0
74,14,9,11,22,Y6002014,,,,0,30.0,0,0
74,14,9,11,23,Y6002015,,,,0,30.0,0,0
74,14,9,11,24,Y6002016,,,,0,30.0,0,0
74,14,9,11,25,Y6002017,,,,0,30.0,0,0
74,14,9,11,26,Y6002018,,,,0,30.0,0,0
74,14,9,11,27,Y6002019,,,,0,30.0,0,0
74,14,9,11,28,Y6002020,,,,0,30.0,0,0
74,14,9,11,29,Y6002021,,,,0,30.0,0,0
74,14,9,11,30,Y6002022,,,,0,30.0,0,0
74,14,9,12,10,Y6002023,,,,0,30.0,0,0
74,14,9,12,11,Y6002024,,,,0,30.0,0,0
74,14,9,12,12,Y6002025,,,,0,30.0,0,0
74,14,9,12,13,Y6002026,,,,0,30.0,0,0
74,14,9,12,14,Y6002027,,,,0,30.0,0,0
74,14,9,12,15,Y6002028,,,,0,30.0,0,0
74,14,9,12,16,Y6002029,,,,0,30.0,0,0
74,14,9,12,17,Y6002030,,,,0,30.0,0,0
74,14,9,12,18,Y6002031,,,,0,30.0,0,0
74,14,9,12,19,Y6002032,,,,0,30.0,0,0
74,14,9,12,20,Y6002033,,,,0,30.0,0,0
74,14,9,12,21,Y6002034,,,,0,30.0,0,0
74,14,9,12,22,Y6002035,,,,0,30.0,0,0
74,14,9,12,23,Y6002036,,,,0,30.0,0,0
74,14,9,12,24,Y6002037,,,,0,30.0,0,0
74,14,9,12,25,Y6002038,,,,0,30.0,0,0
74,14,9,12,26,Y6002039,,,,0,30.0,0,0
74,14,9,12,27,Y6002040,,,,0,30.0,0,0
74,14,9,12,28,Y6002041,,,,0,30.0,0,0
74,14,9,12,29,Y6002042,,,,0,30.0,0,0
74,14,9,12,30,Y6002043,,,,0,30.0,0,0
74,14,10,1,10,Y6002044,,,,0,30.0,0,0
74,14,10,1,11,Y6002045,,,,0,30.0,0,0
74,14,10,1,12,Y6002046,,,,0,30.0,0,0
74,14,10,1,13,Y6002047,,,,0,30.0,0,0
74,14,10,1,14,Y6002048,,,,0,30.0,0,0
74,14,10,1,15,Y6002049,,,,0,30.0,0,0
74,14,10,1,16,Y6002050,,,,0,30.0,0,0
74,14,10,1,17,Y6002051,,,,0,30.0,0,0
74,14,10,1,18,Y6002052,,,,0,30.0,0,0
74,14,10,1,19,Y6002053,,,,0,30.0,0,0
74,14,10,1,20,Y6002054,,,,0,30.0,0,0
74,14,10,1,21,Y6002055,,,,0,30.0,0,0
74,14,10,1,22,Y6002056,,,,0,30.0,0,0
74,14,10,1,23,Y6002057,,,,0,30.0,0,0
74,14,10,1,24,Y6002058,,,,0,30.0,0,0
74,14,10,1,25,Y6002059,,,,0,30.0,0,0
74,14,10,1,26,Y6002060,,,,0,30.0,0,0
74,14,10,1,27,Y6002061,,,,0,30.0,0,0
74,14,10,1,28,Y6002062,,,,0,30.0,0,0
74,14,10,1,29,Y6002063,,,,0,30.0,0,0
74,14,10,1,30,Y6002064,,,,0,30.0,0,0
74,14,10,2,10,Y6002065,,,,0,30.0,0,0
74,14,10,2,11,Y6002066,,,,0,30.0,0,0
74,14,10,2,12,Y6002067,,,,0,30.0,0,0
74,14,10,2,13,Y6002068,,,,0,30.0,0,0
74,14,10,2,14,Y6002069,,,,0,30.0,0,0
74,14,10,2,15,Y6002070,,,,0,30.0,0,0
74,14,10,2,16,Y6002071,,,,0,30.0,0,0
74,14,10,2,17,Y6002072,,,,0,30.0,0,0
74,14,10,2,18,Y6002073,,,,0,30.0,0,0
74,14,10,2,19,Y6002074,,,,0,30.0,0,0
74,14,10,2,20,Y6002075,,,,0,30.0,0,0
74,14,10,2,21,Y6002076,,,,0,30.0,0,0
74,14,10,2,22,Y6002077,,,,0,30.0,0,0
74,14,10,2,23,Y6002078,,,,0,30.0,0,0
74,14,10,2,24,Y6002079,,,,0,30.0,0,0
74,14,10,2,25,Y6002080,,,,0,30.0,0,0
74,14,10,2,26,Y6002081,,,,0,30.0,0,0
74,14,10,2,27,Y6002082,,,,0,30.0,0,0
74,14,10,2,28,Y6002083,,,,0,30.0,0,0
74,14,10,2,29,Y6002084,,,,0,30.0,0,0
74,14,10,2,30,Y6002085,,,,0,30.0,0,0
74,14,10,3,10,Y6002086,,,,0,30.0,0,0
74,14,10,3,11,Y6002087,,,,0,30.0,0,0
74,14,10,3,12,Y6002088,,,,0,30.0,0,0
74,14,10,3,13,Y6002089,,,,0,30.0,0,0
74,14,10,3,14,Y6002090,,,,0,30.0,0,0
74,14,10,3,15,Y6002091,,,,0,30.0,0,0
74,14,10,3,16,Y6002092,,,,0,30.0,0,0
74,14,10,3,17,Y6002093,,,,0,30.0,0,0
74,14,10,3,18,Y6002094,,,,0,30.0,0,0
74,14,10,3,19,Y6002095,,,,0,30.0,0,0
74,14,10,3,20,Y6002096,,,,0,30.0,0,0
74,14,10,3,21,Y6002097,,,,0,30.0,0,0
74,14,10,3,22,Y6002098,,,,0,30.0,0,0
74,14,10,3,23,Y6002099,,,,0,30.0,0,0
74,14,10,3,24,Y6002100,,,,0,30.0,0,0
74,14,10,3,25,Y6002101,,,,0,30.0,0,0
74,14,10,3,26,Y6002102,,,,0,30.0,0,0
74,14,10,3,27,Y6002103,,,,0,30.0,0,0
74,14,10,3,28,Y6002104,,,,0,30.0,0,0
74,14,10,3,29,Y6002105,,,,0,30.0,0,0
74,14,10,3,30,Y6002106,,,,0,30.0,0,0
74,14,10,4,10,Y6002107,,,,0,30.0,0,0
74,14,10,4,11,Y6002108,,,,0,30.0,0,0
74,14,10,4,12,Y6002109,,,,0,30.0,0,0
74,14,10,4,13,Y6002110,,,,0,30.0,0,0
74,14,10,4,14,Y6002111,,,,0,30.0,0,0
74,14,10,4,15,Y6002112,,,,0,30.0,0,0
74,14,10,4,16,Y6002113,,,,0,30.0,0,0
74,14,10,4,17,Y6002114,,,,0,30.0,0,0
74,14,10,4,18,Y6002115,,,,0,30.0,0,0
74,14,10,4,19,Y6002116,,,,0,30.0,0,0
74,14,10,4,20,Y6002117,,,,0,30.0,0,0
74,14,10,4,21,Y6002118,,,,0,30.0,0,0
74,14,10,4,22,Y6002119,,,,0,30.0,0,0
74,14,10,4,23,Y6002120,,,,0,30.0,0,0
74,14,10,4,24,Y6002121,,,,0,30.0,0,0
74,14,10,4,25,Y6002122,,,,0,30.0,0,0
74,14,10,4,26,Y6002123,,,,0,30.0,0,0
74,14,10,4,27,Y6002124,,,,0,30.0,0,0
74,14,10,4,28,Y6002125,,,,0,30.0,0,0
74,14,10,4,29,Y6002126,,,,0,30.0,0,0
74,14,10,4,30,Y6002127,,,,0,30.0,0,0
74,14,10,5,10,Y6002128,,,,0,30.0,0,0
74,14,10,5,11,Y6002129,,,,0,30.0,0,0
74,14,10,5,12,Y6002130,,,,0,30.0,0,0
74,14,10,5,13,Y6002131,,,,0,30.0,0,0
74,14,10,5,14,Y6002132,,,,0,30.0,0,0
74,14,10,5,15,Y6002133,,,,0,30.0,0,0
74,14,10,5,16,Y6002134,,,,0,30.0,0,0
74,14,10,5,17,Y6002135,,,,0,30.0,0,0
74,14,10,5,18,Y6002136,,,,0,30.0,0,0
74,14,10,5,19,Y6002137,,,,0,30.0,0,0
74,14,10,5,20,Y6002138,,,,0,30.0,0,0
74,14,10,5,21,Y6002139,,,,0,30.0,0,0
74,14,10,5,22,Y6002140,,,,0,30.0,0,0
74,14,10,5,23,Y6002141,,,,0,30.0,0,0
74,14,10,5,24,Y6002142,,,,0,30.0,0,0
74,14,10,5,25,Y6002143,,,,0,30.0,0,0
74,14,10,5,26,Y6002144,,,,0,30.0,0,0
74,14,10,5,27,Y6002145,,,,0,30.0,0,0
74,14,10,5,28,Y6002146,,,,0,30.0,0,0
74,14,10,5,29,Y6002147,,,,0,30.0,0,0
74,14,10,5,30,Y6002148,,,,0,30.0,0,0
74,14,10,6,10,Y6002149,,,,0,30.0,0,0
74,14,10,6,11,Y6002150,,,,0,30.0,0,0
74,14,10,6,12,Y6002151,,,,0,30.0,0,0
74,14,10,6,13,Y6002152,,,,0,30.0,0,0
74,14,10,6,14,Y6002153,,,,0,30.0,0,0
74,14,10,6,15,Y6002154,,,,0,30.0,0,0
74,14,10,6,16,Y6002155,,,,0,30.0,0,0
74,14,10,6,17,Y6002156,,,,0,30.0,0,0
74,14,10,6,18,Y6002157,,,,0,30.0,0,0
74,14,10,6,19,Y6002158,,,,0,30.0,0,0
74,14,10,6,20,Y6002159,,,,0,30.0,0,0
74,14,10,6,21,Y6002160,,,,0,30.0,0,0
74,14,10,6,22,Y6002161,,,,0,30.0,0,0
74,14,10,6,23,Y6002162,,,,0,30.0,0,0
74,14,10,6,24,Y6002163,,,,0,30.0,0,0
74,14,10,6,25,Y6002164,,,,0,30.0,0,0
74,14,10,6,26,Y6002165,,,,0,30.0,0,0
74,14,10,6,27,Y6002166,,,,0,30.0,0,0
74,14,10,6,28,Y6002167,,,,0,30.0,0,0
74,14,10,6,29,Y6002168,,,,0,30.0,0,0
74,14,10,6,30,Y6002169,,,,0,30.0,0,0
74,14,10,7,10,Y6002170,,,,0,30.0,0,0
74,14,10,7,11,Y6002171,,,,0,30.0,0,0
74,14,10,7,12,Y6002172,,,,0,30.0,0,0
74,14,10,7,13,Y6002173,,,,0,30.0,0,0
74,14,10,7,14,Y6002174,,,,0,30.0,0,0
74,14,10,7,15,Y6002175,,,,0,30.0,0,0
74,14,10,7,16,Y6002176,,,,0,30.0,0,0
74,14,10,7,17,Y6002177,,,,0,30.0,0,0
74,14,10,7,18,Y6002178,,,,0,30.0,0,0
74,14,10,7,19,Y6002179,,,,0,30.0,0,0
74,14,10,7,20,Y6002180,,,,0,30.0,0,0
74,14,10,7,21,Y6002181,,,,0,30.0,0,0
74,14,10,7,22,Y6002182,,,,0,30.0,0,0
74,14,10,7,23,Y6002183,,,,0,30.0,0,0
74,14,10,7,24,Y6002184,,,,0,30.0,0,0
74,14,10,7,25,Y6002185,,,,0,30.0,0,0
74,14,10,7,26,Y6002186,,,,0,30.0,0,0
74,14,10,7,27,Y6002187,,,,0,30.0,0,0
74,14,10,7,28,Y6002188,,,,0,30.0,0,0
74,14,10,7,29,Y6002189,,,,0,30.0,0,0
74,14,10,7,30,Y6002190,,,,0,30.0,0,0
74,14,10,8,10,Y6002191,,,,0,30.0,0,0
74,14,10,8,11,Y6002192,,,,0,30.0,0,0
74,14,10,8,12,Y6002193,,,,0,30.0,0,0
74,14,10,8,13,Y6002194,,,,0,30.0,0,0
74,14,10,8,14,Y6002195,,,,0,30.0,0,0
74,14,10,8,15,Y6002196,,,,0,30.0,0,0
74,14,10,8,16,Y6002197,,,,0,30.0,0,0
74,14,10,8,17,Y6002198,,,,0,30.0,0,0
74,14,10,8,18,Y6002199,,,,0,30.0,0,0
74,14,10,8,19,Y6002200,,,,0,30.0,0,0
74,14,10,8,20,Y6002201,,,,0,30.0,0,0
74,14,10,8,21,Y6002202,,,,0,30.0,0,0
74,14,10,8,22,Y6002203,,,,0,30.0,0,0
74,14,10,8,23,Y6002204,,,,0,30.0,0,0
74,14,10,8,24,Y6002205,,,,0,30.0,0,0
74,14,10,8,25,Y6002206,,,,0,30.0,0,0
74,14,10,8,26,Y6002207,,,,0,30.0,0,0
74,14,10,8,27,Y6002208,,,,0,30.0,0,0
74,14,10,8,28,Y6002209,,,,0,30.0,0,0
74,14,10,8,29,Y6002210,,,,0,30.0,0,0
74,14,10,8,30,Y6002211,,,,0,30.0,0,0
74,14,10,9,10,Y6002212,,,,0,30.0,0,0
74,14,10,9,11,Y6002213,,,,0,30.0,0,0
74,14,10,9,12,Y6002214,,,,0,30.0,0,0
74,14,10,9,13,Y6002215,,,,0,30.0,0,0
74,14,10,9,14,Y6002216,,,,0,30.0,0,0
74,14,10,9,15,Y6002217,,,,0,30.0,0,0
74,14,10,9,16,Y6002218,,,,0,30.0,0,0
74,14,10,9,17,Y6002219,,,,0,30.0,0,0
74,14,10,9,18,Y6002220,,,,0,30.0,0,0
74,14,10,9,19,Y6002221,,,,0,30.0,0,0
74,14,10,9,20,Y6002222,,,,0,30.0,0,0
74,14,10,9,21,Y6002223,,,,0,30.0,0,0
74,14,10,9,22,Y6002224,,,,0,30.0,0,0
74,14,10,9,23,Y6002225,,,,0,30.0,0,0
74,14,10,9,24,Y6002226,,,,0,30.0,0,0
74,14,10,9,25,Y6002227,,,,0,30.0,0,0
74,14,10,9,26,Y6002228,,,,0,30.0,0,0
74,14,10,9,27,Y6002229,,,,0,30.0,0,0
74,14,10,9,28,Y6002230,,,,0,30.0,0,0
74,14,10,9,29,Y6002231,,,,0,30.0,0,0
74,14,10,9,30,Y6002232,,,,0,30.0,0,0
74,14,10,10,10,Y6002233,,,,0,30.0,0,0
74,14,10,10,11,Y6002234,,,,0,30.0,0,0
74,14,10,10,12,Y6002235,,,,0,30.0,0,0
74,14,10,10,13,Y6002236,,,,0,30.0,0,0
74,14,10,10,14,Y6002237,,,,0,30.0,0,0
74,14,10,10,15,Y6002238,,,,0,30.0,0,0
74,14,10,10,16,Y6002239,,,,0,30.0,0,0
74,14,10,10,17,Y6002240,,,,0,30.0,0,0
74,14,10,10,18,Y6002241,,,,0,30.0,0,0
74,14,10,10,19,Y6002242,,,,0,30.0,0,0
74,14,10,10,20,Y6002243,,,,0,30.0,0,0
74,14,10,10,21,Y6002244,,,,0,30.0,0,0
74,14,10,10,22,Y6002245,,,,0,30.0,0,0
74,14,10,10,23,Y6002246,,,,0,30.0,0,0
74,14,10,10,24,Y6002247,,,,0,30.0,0,0
74,14,10,10,25,Y6002248,,,,0,30.0,0,0
74,14,10,10,26,Y6002249,,,,0,30.0,0,0
74,14,10,10,27,Y6002250,,,,0,30.0,0,0
74,14,10,10,28,Y6002251,,,,0,30.0,0,0
74,14,10,10,29,Y6002252,,,,0,30.0,0,0
74,14,10,10,30,Y6002253,,,,0,30.0,0,0
74,14,10,11,10,Y6002254,,,,0,30.0,0,0
74,14,10,11,11,Y6002255,,,,0,30.0,0,0
74,14,10,11,12,Y6002256,,,,0,30.0,0,0
74,14,10,11,13,Y6002257,,,,0,30.0,0,0
74,14,10,11,14,Y6002258,,,,0,30.0,0,0
74,14,10,11,15,Y6002259,,,,0,30.0,0,0
74,14,10,11,16,Y6002260,,,,0,30.0,0,0
74,14,10,11,17,Y6002261,,,,0,30.0,0,0
74,14,10,11,18,Y6002262,,,,0,30.0,0,0
74,14,10,11,19,Y6002263,,,,0,30.0,0,0
74,14,10,11,20,Y6002264,,,,0,30.0,0,0
74,14,10,11,21,Y6002265,,,,0,30.0,0,0
74,14,10,11,22,Y6002266,,,,0,30.0,0,0
74,14,10,11,23,Y6002267,,,,0,30.0,0,0
74,14,10,11,24,Y6002268,,,,0,30.0,0,0
74,14,10,11,25,Y6002269,,,,0,30.0,0,0
74,14,10,11,26,Y6002270,,,,0,30.0,0,0
74,14,10,11,27,Y6002271,,,,0,30.0,0,0
74,14,10,11,28,Y6002272,,,,0,30.0,0,0
74,14,10,11,29,Y6002273,,,,0,30.0,0,0
74,14,10,11,30,Y6002274,,,,0,30.0,0,0
74,14,10,12,10,Y6002275,,,,0,30.0,0,0
74,14,10,12,11,Y6002276,,,,0,30.0,0,0
74,14,10,12,12,Y6002277,,,,0,30.0,0,0
74,14,10,12,13,Y6002278,,,,0,30.0,0,0
74,14,10,12,14,Y6002279,,,,0,30.0,0,0
74,14,10,12,15,Y6002280,,,,0,30.0,0,0
74,14,10,12,16,Y6002281,,,,0,30.0,0,0
74,14,10,12,17,Y6002282,,,,0,30.0,0,0
74,14,10,12,18,Y6002283,,,,0,30.0,0,0
74,14,10,12,19,Y6002284,,,,0,30.0,0,0
74,14,10,12,20,Y6002285,,,,0,30.0,0,0
74,14,10,12,21,Y6002286,,,,0,30.0,0,0
74,14,10,12,22,Y6002287,,,,0,30.0,0,0
74,14,10,12,23,Y6002288,,,,0,30.0,0,0
74,14,10,12,24,Y6002289,,,,0,30.0,0,0
74,14,10,12,25,Y6002290,,,,0,30.0,0,0
74,14,10,12,26,Y6002291,,,,0,30.0,0,0
74,14,10,12,27,Y6002292,,,,0,30.0,0,0
74,14,10,12,28,Y6002293,,,,0,30.0,0,0
74,14,10,12,29,Y6002294,,,,0,30.0,0,0
74,14,10,12,30,Y6002295,,,,0,30.0,0,0
74,14,11,1,10,Y6002296,,,,0,30.0,0,0
74,14,11,1,11,Y6002297,,,,0,30.0,0,0
74,14,11,1,12,Y6002298,,,,0,30.0,0,0
74,14,11,1,13,Y6002299,,,,0,30.0,0,0
74,14,11,1,14,Y6002300,,,,0,30.0,0,0
74,14,11,1,15,Y6002301,,,,0,30.0,0,0
74,14,11,1,16,Y6002302,,,,0,30.0,0,0
74,14,11,1,17,Y6002303,,,,0,30.0,0,0
74,14,11,1,18,Y6002304,,,,0,30.0,0,0
74,14,11,1,19,Y6002305,,,,0,30.0,0,0
74,14,11,1,20,Y6002306,,,,0,30.0,0,0
74,14,11,1,21,Y6002307,,,,0,30.0,0,0
74,14,11,1,22,Y6002308,,,,0,30.0,0,0
74,14,11,1,23,Y6002309,,,,0,30.0,0,0
74,14,11,1,24,Y6002310,,,,0,30.0,0,0
74,14,11,1,25,Y6002311,,,,0,30.0,0,0
74,14,11,1,26,Y6002312,,,,0,30.0,0,0
74,14,11,1,27,Y6002313,,,,0,30.0,0,0
74,14,11,1,28,Y6002314,,,,0,30.0,0,0
74,14,11,1,29,Y6002315,,,,0,30.0,0,0
74,14,11,1,30,Y6002316,,,,0,30.0,0,0
74,14,11,2,10,Y6002317,,,,0,30.0,0,0
74,14,11,2,11,Y6002318,,,,0,30.0,0,0
74,14,11,2,12,Y6002319,,,,0,30.0,0,0
74,14,11,2,13,Y6002320,,,,0,30.0,0,0
74,14,11,2,14,Y6002321,,,,0,30.0,0,0
74,14,11,2,15,Y6002322,,,,0,30.0,0,0
74,14,11,2,16,Y6002323,,,,0,30.0,0,0
74,14,11,2,17,Y6002324,,,,0,30.0,0,0
74,14,11,2,18,Y6002325,,,,0,30.0,0,0
74,14,11,2,19,Y6002326,,,,0,30.0,0,0
74,14,11,2,20,Y6002327,,,,0,30.0,0,0
74,14,11,2,21,Y6002328,,,,0,30.0,0,0
74,14,11,2,22,Y6002329,,,,0,30.0,0,0
74,14,11,2,23,Y6002330,,,,0,30.0,0,0
74,14,11,2,24,Y6002331,,,,0,30.0,0,0
74,14,11,2,25,Y6002332,,,,0,30.0,0,0
74,14,11,2,26,Y6002333,,,,0,30.0,0,0
74,14,11,2,27,Y6002334,,,,0,30.0,0,0
74,14,11,2,28,Y6002335,,,,0,30.0,0,0
74,14,11,2,29,Y6002336,,,,0,30.0,0,0
74,14,11,2,30,Y6002337,,,,0,30.0,0,0
74,14,11,3,10,Y6002338,,,,0,30.0,0,0
74,14,11,3,11,Y6002339,,,,0,30.0,0,0
74,14,11,3,12,Y6002340,,,,0,30.0,0,0
74,14,11,3,13,Y6002341,,,,0,30.0,0,0
74,14,11,3,14,Y6002342,,,,0,30.0,0,0
74,14,11,3,15,Y6002343,,,,0,30.0,0,0
74,14,11,3,16,Y6002344,,,,0,30.0,0,0
74,14,11,3,17,Y6002345,,,,0,30.0,0,0
74,14,11,3,18,Y6002346,,,,0,30.0,0,0
74,14,11,3,19,Y6002347,,,,0,30.0,0,0
74,14,11,3,20,Y6002348,,,,0,30.0,0,0
74,14,11,3,21,Y6002349,,,,0,30.0,0,0
74,14,11,3,22,Y6002350,,,,0,30.0,0,0
74,14,11,3,23,Y6002351,,,,0,30.0,0,0
74,14,11,3,24,Y6002352,,,,0,30.0,0,0
74,14,11,3,25,Y6002353,,,,0,30.0,0,0
74,14,11,3,26,Y6002354,,,,0,30.0,0,0
74,14,11,3,27,Y6002355,,,,0,30.0,0,0
74,14,11,3,28,Y6002356,,,,0,30.0,0,0
74,14,11,3,29,Y6002357,,,,0,30.0,0,0
74,14,11,3,30,Y6002358,,,,0,30.0,0,0
74,14,11,4,10,Y6002359,,,,0,30.0,0,0
74,14,11,4,11,Y6002360,,,,0,30.0,0,0
74,14,11,4,12,Y6002361,,,,0,30.0,0,0
74,14,11,4,13,Y6002362,,,,0,30.0,0,0
74,14,11,4,14,Y6002363,,,,0,30.0,0,0
74,14,11,4,15,Y6002364,,,,0,30.0,0,0
74,14,11,4,16,Y6002365,,,,0,30.0,0,0
74,14,11,4,17,Y6002366,,,,0,30.0,0,0
74,14,11,4,18,Y6002367,,,,0,30.0,0,0
74,14,11,4,19,Y6002368,,,,0,30.0,0,0
74,14,11,4,20,Y6002369,,,,0,30.0,0,0
74,14,11,4,21,Y6002370,,,,0,30.0,0,0
74,14,11,4,22,Y6002371,,,,0,30.0,0,0
74,14,11,4,23,Y6002372,,,,0,30.0,0,0
74,14,11,4,24,Y6002373,,,,0,30.0,0,0
74,14,11,4,25,Y6002374,,,,0,30.0,0,0
74,14,11,4,26,Y6002375,,,,0,30.0,0,0
74,14,11,4,27,Y6002376,,,,0,30.0,0,0
74,14,11,4,28,Y6002377,,,,0,30.0,0,0
74,14,11,4,29,Y6002378,,,,0,30.0,0,0
74,14,11,4,30,Y6002379,,,,0,30.0,0,0
74,14,11,5,10,Y6002380,,,,0,30.0,0,0
74,14,11,5,11,Y6002381,,,,0,30.0,0,0
74,14,11,5,12,Y6002382,,,,0,30.0,0,0
74,14,11,5,13,Y6002383,,,,0,30.0,0,0
74,14,11,5,14,Y6002384,,,,0,30.0,0,0
74,14,11,5,15,Y6002385,,,,0,30.0,0,0
74,14,11,5,16,Y6002386,,,,0,30.0,0,0
74,14,11,5,17,Y6002387,,,,0,30.0,0,0
74,14,11,5,18,Y6002388,,,,0,30.0,0,0
74,14,11,5,19,Y6002389,,,,0,30.0,0,0
74,14,11,5,20,Y6002390,,,,0,30.0,0,0
74,14,11,5,21,Y6002391,,,,0,30.0,0,0
74,14,11,5,22,Y6002392,,,,0,30.0,0,0
74,14,11,5,23,Y6002393,,,,0,30.0,0,0
74,14,11,5,24,Y6002394,,,,0,30.0,0,0
74,14,11,5,25,Y6002395,,,,0,30.0,0,0
74,14,11,5,26,Y6002396,,,,0,30.0,0,0
74,14,11,5,27,Y6002397,,,,0,30.0,0,0
74,14,11,5,28,Y6002398,,,,0,30.0,0,0
74,14,11,5,29,Y6002399,,,,0,30.0,0,0
74,14,11,5,30,Y6002400,,,,0,30.0,0,0
74,14,11,6,10,Y6002401,,,,0,30.0,0,0
74,14,11,6,11,Y6002402,,,,0,30.0,0,0
74,14,11,6,12,Y6002403,,,,0,30.0,0,0
74,14,11,6,13,Y6002404,,,,0,30.0,0,0
74,14,11,6,14,Y6002405,,,,0,30.0,0,0
74,14,11,6,15,Y6002406,,,,0,30.0,0,0
74,14,11,6,16,Y6002407,,,,0,30.0,0,0
74,14,11,6,17,Y6002408,,,,0,30.0,0,0
74,14,11,6,18,Y6002409,,,,0,30.0,0,0
74,14,11,6,19,Y6002410,,,,0,30.0,0,0
74,14,11,6,20,Y6002411,,,,0,30.0,0,0
74,14,11,6,21,Y6002412,,,,0,30.0,0,0
74,14,11,6,22,Y6002413,,,,0,30.0,0,0
74,14,11,6,23,Y6002414,,,,0,30.0,0,0
74,14,11,6,24,Y6002415,,,,0,30.0,0,0
74,14,11,6,25,Y6002416,,,,0,30.0,0,0
74,14,11,6,26,Y6002417,,,,0,30.0,0,0
74,14,11,6,27,Y6002418,,,,0,30.0,0,0
74,14,11,6,28,Y6002419,,,,0,30.0,0,0
74,14,11,6,29,Y6002420,,,,0,30.0,0,0
74,14,11,6,30,Y6002421,,,,0,30.0,0,0
74,14,11,7,10,Y6002422,,,,0,30.0,0,0
74,14,11,7,11,Y6002423,,,,0,30.0,0,0
74,14,11,7,12,Y6002424,,,,0,30.0,0,0
74,14,11,7,13,Y6002425,,,,0,30.0,0,0
74,14,11,7,14,Y6002426,,,,0,30.0,0,0
74,14,11,7,15,Y6002427,,,,0,30.0,0,0
74,14,11,7,16,Y6002428,,,,0,30.0,0,0
74,14,11,7,17,Y6002429,,,,0,30.0,0,0
74,14,11,7,18,Y6002430,,,,0,30.0,0,0
74,14,11,7,19,Y6002431,,,,0,30.0,0,0
74,14,11,7,20,Y6002432,,,,0,30.0,0,0
74,14,11,7,21,Y6002433,,,,0,30.0,0,0
74,14,11,7,22,Y6002434,,,,0,30.0,0,0
74,14,11,7,23,Y6002435,,,,0,30.0,0,0
74,14,11,7,24,Y6002436,,,,0,30.0,0,0
74,14,11,7,25,Y6002437,,,,0,30.0,0,0
74,14,11,7,26,Y6002438,,,,0,30.0,0,0
74,14,11,7,27,Y6002439,,,,0,30.0,0,0
74,14,11,7,28,Y6002440,,,,0,30.0,0,0
74,14,11,7,29,Y6002441,,,,0,30.0,0,0
74,14,11,7,30,Y6002442,,,,0,30.0,0,0
74,14,11,8,10,Y6002443,,,,0,30.0,0,0
74,14,11,8,11,Y6002444,,,,0,30.0,0,0
74,14,11,8,12,Y6002445,,,,0,30.0,0,0
74,14,11,8,13,Y6002446,,,,0,30.0,0,0
74,14,11,8,14,Y6002447,,,,0,30.0,0,0
74,14,11,8,15,Y6002448,,,,0,30.0,0,0
74,14,11,8,16,Y6002449,,,,0,30.0,0,0
74,14,11,8,17,Y6002450,,,,0,30.0,0,0
74,14,11,8,18,Y6002451,,,,0,30.0,0,0
74,14,11,8,19,Y6002452,,,,0,30.0,0,0
74,14,11,8,20,Y6002453,,,,0,30.0,0,0
74,14,11,8,21,Y6002454,,,,0,30.0,0,0
74,14,11,8,22,Y6002455,,,,0,30.0,0,0
74,14,11,8,23,Y6002456,,,,0,30.0,0,0
74,14,11,8,24,Y6002457,,,,0,30.0,0,0
74,14,11,8,25,Y6002458,,,,0,30.0,0,0
74,14,11,8,26,Y6002459,,,,0,30.0,0,0
74,14,11,8,27,Y6002460,,,,0,30.0,0,0
74,14,11,8,28,Y6002461,,,,0,30.0,0,0
74,14,11,8,29,Y6002462,,,,0,30.0,0,0
74,14,11,8,30,Y6002463,,,,0,30.0,0,0
74,14,11,9,10,Y6002464,,,,0,30.0,0,0
74,14,11,9,11,Y6002465,,,,0,30.0,0,0
74,14,11,9,12,Y6002466,,,,0,30.0,0,0
74,14,11,9,13,Y6002467,,,,0,30.0,0,0
74,14,11,9,14,Y6002468,,,,0,30.0,0,0
74,14,11,9,15,Y6002469,,,,0,30.0,0,0
74,14,11,9,16,Y6002470,,,,0,30.0,0,0
74,14,11,9,17,Y6002471,,,,0,30.0,0,0
74,14,11,9,18,Y6002472,,,,0,30.0,0,0
74,14,11,9,19,Y6002473,,,,0,30.0,0,0
74,14,11,9,20,Y6002474,,,,0,30.0,0,0
74,14,11,9,21,Y6002475,,,,0,30.0,0,0
74,14,11,9,22,Y6002476,,,,0,30.0,0,0
74,14,11,9,23,Y6002477,,,,0,30.0,0,0
74,14,11,9,24,Y6002478,,,,0,30.0,0,0
74,14,11,9,25,Y6002479,,,,0,30.0,0,0
74,14,11,9,26,Y6002480,,,,0,30.0,0,0
74,14,11,9,27,Y6002481,,,,0,30.0,0,0
74,14,11,9,28,Y6002482,,,,0,30.0,0,0
74,14,11,9,29,Y6002483,,,,0,30.0,0,0
74,14,11,9,30,Y6002484,,,,0,30.0,0,0
74,14,11,10,10,Y6002485,,,,0,30.0,0,0
74,14,11,10,11,Y6002486,,,,0,30.0,0,0
74,14,11,10,12,Y6002487,,,,0,30.0,0,0
74,14,11,10,13,Y6002488,,,,0,30.0,0,0
74,14,11,10,14,Y6002489,,,,0,30.0,0,0
74,14,11,10,15,Y6002490,,,,0,30.0,0,0
74,14,11,10,16,Y6002491,,,,0,30.0,0,0
74,14,11,10,17,Y6002492,,,,0,30.0,0,0
74,14,11,10,18,Y6002493,,,,0,30.0,0,0
74,14,11,10,19,Y6002494,,,,0,30.0,0,0
74,14,11,10,20,Y6002495,,,,0,30.0,0,0
74,14,11,10,21,Y6002496,,,,0,30.0,0,0
74,14,11,10,22,Y6002497,,,,0,30.0,0,0
74,14,11,10,23,Y6002498,,,,0,30.0,0,0
74,14,11,10,24,Y6002499,,,,0,30.0,0,0
74,14,11,10,25,Y6002500,,,,0,30.0,0,0
74,14,11,10,26,Y6002501,,,,0,30.0,0,0
74,14,11,10,27,Y6002502,,,,0,30.0,0,0
74,14,11,10,28,Y6002503,,,,0,30.0,0,0
74,14,11,10,29,Y6002504,,,,0,30.0,0,0
74,14,11,10,30,Y6002505,,,,0,30.0,0,0
74,14,11,11,10,Y6002506,,,,0,30.0,0,0
74,14,11,11,11,Y6002507,,,,0,30.0,0,0
74,14,11,11,12,Y6002508,,,,0,30.0,0,0
74,14,11,11,13,Y6002509,,,,0,30.0,0,0
74,14,11,11,14,Y6002510,,,,0,30.0,0,0
74,14,11,11,15,Y6002511,,,,0,30.0,0,0
74,14,11,11,16,Y6002512,,,,0,30.0,0,0
74,14,11,11,17,Y6002513,,,,0,30.0,0,0
74,14,11,11,18,Y6002514,,,,0,30.0,0,0
74,14,11,11,19,Y6002515,,,,0,30.0,0,0
74,14,11,11,20,Y6002516,,,,0,30.0,0,0
74,14,11,11,21,Y6002517,,,,0,30.0,0,0
74,14,11,11,22,Y6002518,,,,0,30.0,0,0
74,14,11,11,23,Y6002519,,,,0,30.0,0,0
74,14,11,11,24,Y6002520,,,,0,30.0,0,0
74,14,11,11,25,Y6002521,,,,0,30.0,0,0
74,14,11,11,26,Y6002522,,,,0,30.0,0,0
74,14,11,11,27,Y6002523,,,,0,30.0,0,0
74,14,11,11,28,Y6002524,,,,0,30.0,0,0
74,14,11,11,29,Y6002525,,,,0,30.0,0,0
74,14,11,11,30,Y6002526,,,,0,30.0,0,0
74,14,11,12,10,Y6002527,,,,0,30.0,0,0
74,14,11,12,11,Y6002528,,,,0,30.0,0,0
74,14,11,12,12,Y6002529,,,,0,30.0,0,0
74,14,11,12,13,Y6002530,,,,0,30.0,0,0
74,14,11,12,14,Y6002531,,,,0,30.0,0,0
74,14,11,12,15,Y6002532,,,,0,30.0,0,0
74,14,11,12,16,Y6002533,,,,0,30.0,0,0
74,14,11,12,17,Y6002534,,,,0,30.0,0,0
74,14,11,12,18,Y6002535,,,,0,30.0,0,0
74,14,11,12,19,Y6002536,,,,0,30.0,0,0
74,14,11,12,20,Y6002537,,,,0,30.0,0,0
74,14,11,12,21,Y6002538,,,,0,30.0,0,0
74,14,11,12,22,Y6002539,,,,0,30.0,0,0
74,14,11,12,23,Y6002540,,,,0,30.0,0,0
74,14,11,12,24,Y6002541,,,,0,30.0,0,0
74,14,11,12,25,Y6002542,,,,0,30.0,0,0
74,14,11,12,26,Y6002543,,,,0,30.0,0,0
74,14,11,12,27,Y6002544,,,,0,30.0,0,0
74,14,11,12,28,Y6002545,,,,0,30.0,0,0
74,14,11,12,29,Y6002546,,,,0,30.0,0,0
74,14,11,12,30,Y6002547,,,,0,30.0,0,0
74,14,12,1,10,Y6002548,,,,0,30.0,0,0
74,14,12,1,11,Y6002549,,,,0,30.0,0,0
74,14,12,1,12,Y6002550,,,,0,30.0,0,0
74,14,12,1,13,Y6002551,,,,0,30.0,0,0
74,14,12,1,14,Y6002552,,,,0,30.0,0,0
74,14,12,1,15,Y6002553,,,,0,30.0,0,0
74,14,12,1,16,Y6002554,,,,0,30.0,0,0
74,14,12,1,17,Y6002555,,,,0,30.0,0,0
74,14,12,1,18,Y6002556,,,,0,30.0,0,0
74,14,12,1,19,Y6002557,,,,0,30.0,0,0
74,14,12,1,20,Y6002558,,,,0,30.0,0,0
74,14,12,1,21,Y6002559,,,,0,30.0,0,0
74,14,12,1,22,Y6002560,,,,0,30.0,0,0
74,14,12,1,23,Y6002561,,,,0,30.0,0,0
74,14,12,1,24,Y6002562,,,,0,30.0,0,0
74,14,12,1,25,Y6002563,,,,0,30.0,0,0
74,14,12,1,26,Y6002564,,,,0,30.0,0,0
74,14,12,1,27,Y6002565,,,,0,30.0,0,0
74,14,12,1,28,Y6002566,,,,0,30.0,0,0
74,14,12,1,29,Y6002567,,,,0,30.0,0,0
74,14,12,1,30,Y6002568,,,,0,30.0,0,0
74,14,12,2,10,Y6002569,,,,0,30.0,0,0
74,14,12,2,11,Y6002570,,,,0,30.0,0,0
74,14,12,2,12,Y6002571,,,,0,30.0,0,0
74,14,12,2,13,Y6002572,,,,0,30.0,0,0
74,14,12,2,14,Y6002573,,,,0,30.0,0,0
74,14,12,2,15,Y6002574,,,,0,30.0,0,0
74,14,12,2,16,Y6002575,,,,0,30.0,0,0
74,14,12,2,17,Y6002576,,,,0,30.0,0,0
74,14,12,2,18,Y6002577,,,,0,30.0,0,0
74,14,12,2,19,Y6002578,,,,0,30.0,0,0
74,14,12,2,20,Y6002579,,,,0,30.0,0,0
74,14,12,2,21,Y6002580,,,,0,30.0,0,0
74,14,12,2,22,Y6002581,,,,0,30.0,0,0
74,14,12,2,23,Y6002582,,,,0,30.0,0,0
74,14,12,2,24,Y6002583,,,,0,30.0,0,0
74,14,12,2,25,Y6002584,,,,0,30.0,0,0
74,14,12,2,26,Y6002585,,,,0,30.0,0,0
74,14,12,2,27,Y6002586,,,,0,30.0,0,0
74,14,12,2,28,Y6002587,,,,0,30.0,0,0
74,14,12,2,29,Y6002588,,,,0,30.0,0,0
74,14,12,2,30,Y6002589,,,,0,30.0,0,0
74,14,12,3,10,Y6002590,,,,0,30.0,0,0
74,14,12,3,11,Y6002591,,,,0,30.0,0,0
74,14,12,3,12,Y6002592,,,,0,30.0,0,0
74,14,12,3,13,Y6002593,,,,0,30.0,0,0
74,14,12,3,14,Y6002594,,,,0,30.0,0,0
74,14,12,3,15,Y6002595,,,,0,30.0,0,0
74,14,12,3,16,Y6002596,,,,0,30.0,0,0
74,14,12,3,17,Y6002597,,,,0,30.0,0,0
74,14,12,3,18,Y6002598,,,,0,30.0,0,0
74,14,12,3,19,Y6002599,,,,0,30.0,0,0
74,14,12,3,20,Y6002600,,,,0,30.0,0,0
74,14,12,3,21,Y6002601,,,,0,30.0,0,0
74,14,12,3,22,Y6002602,,,,0,30.0,0,0
74,14,12,3,23,Y6002603,,,,0,30.0,0,0
74,14,12,3,24,Y6002604,,,,0,30.0,0,0
74,14,12,3,25,Y6002605,,,,0,30.0,0,0
74,14,12,3,26,Y6002606,,,,0,30.0,0,0
74,14,12,3,27,Y6002607,,,,0,30.0,0,0
74,14,12,3,28,Y6002608,,,,0,30.0,0,0
74,14,12,3,29,Y6002609,,,,0,30.0,0,0
74,14,12,3,30,Y6002610,,,,0,30.0,0,0
74,14,12,4,10,Y6002611,,,,0,30.0,0,0
74,14,12,4,11,Y6002612,,,,0,30.0,0,0
74,14,12,4,12,Y6002613,,,,0,30.0,0,0
74,14,12,4,13,Y6002614,,,,0,30.0,0,0
74,14,12,4,14,Y6002615,,,,0,30.0,0,0
74,14,12,4,15,Y6002616,,,,0,30.0,0,0
74,14,12,4,16,Y6002617,,,,0,30.0,0,0
74,14,12,4,17,Y6002618,,,,0,30.0,0,0
74,14,12,4,18,Y6002619,,,,0,30.0,0,0
74,14,12,4,19,Y6002620,,,,0,30.0,0,0
74,14,12,4,20,Y6002621,,,,0,30.0,0,0
74,14,12,4,21,Y6002622,,,,0,30.0,0,0
74,14,12,4,22,Y6002623,,,,0,30.0,0,0
74,14,12,4,23,Y6002624,,,,0,30.0,0,0
74,14,12,4,24,Y6002625,,,,0,30.0,0,0
74,14,12,4,25,Y6002626,,,,0,30.0,0,0
74,14,12,4,26,Y6002627,,,,0,30.0,0,0
74,14,12,4,27,Y6002628,,,,0,30.0,0,0
74,14,12,4,28,Y6002629,,,,0,30.0,0,0
74,14,12,4,29,Y6002630,,,,0,30.0,0,0
74,14,12,4,30,Y6002631,,,,0,30.0,0,0
74,14,12,5,10,Y6002632,,,,0,30.0,0,0
74,14,12,5,11,Y6002633,,,,0,30.0,0,0
74,14,12,5,12,Y6002634,,,,0,30.0,0,0
74,14,12,5,13,Y6002635,,,,0,30.0,0,0
74,14,12,5,14,Y6002636,,,,0,30.0,0,0
74,14,12,5,15,Y6002637,,,,0,30.0,0,0
74,14,12,5,16,Y6002638,,,,0,30.0,0,0
74,14,12,5,17,Y6002639,,,,0,30.0,0,0
74,14,12,5,18,Y6002640,,,,0,30.0,0,0
74,14,12,5,19,Y6002641,,,,0,30.0,0,0
74,14,12,5,20,Y6002642,,,,0,30.0,0,0
74,14,12,5,21,Y6002643,,,,0,30.0,0,0
74,14,12,5,22,Y6002644,,,,0,30.0,0,0
74,14,12,5,23,Y6002645,,,,0,30.0,0,0
74,14,12,5,24,Y6002646,,,,0,30.0,0,0
74,14,12,5,25,Y6002647,,,,0,30.0,0,0
74,14,12,5,26,Y6002648,,,,0,30.0,0,0
74,14,12,5,27,Y6002649,,,,0,30.0,0,0
74,14,12,5,28,Y6002650,,,,0,30.0,0,0
74,14,12,5,29,Y6002651,,,,0,30.0,0,0
74,14,12,5,30,Y6002652,,,,0,30.0,0,0
74,14,12,6,10,Y6002653,,,,0,30.0,0,0
74,14,12,6,11,Y6002654,,,,0,30.0,0,0
74,14,12,6,12,Y6002655,,,,0,30.0,0,0
74,14,12,6,13,Y6002656,,,,0,30.0,0,0
74,14,12,6,14,Y6002657,,,,0,30.0,0,0
74,14,12,6,15,Y6002658,,,,0,30.0,0,0
74,14,12,6,16,Y6002659,,,,0,30.0,0,0
74,14,12,6,17,Y6002660,,,,0,30.0,0,0
74,14,12,6,18,Y6002661,,,,0,30.0,0,0
74,14,12,6,19,Y6002662,,,,0,30.0,0,0
74,14,12,6,20,Y6002663,,,,0,30.0,0,0
74,14,12,6,21,Y6002664,,,,0,30.0,0,0
74,14,12,6,22,Y6002665,,,,0,30.0,0,0
74,14,12,6,23,Y6002666,,,,0,30.0,0,0
74,14,12,6,24,Y6002667,,,,0,30.0,0,0
74,14,12,6,25,Y6002668,,,,0,30.0,0,0
74,14,12,6,26,Y6002669,,,,0,30.0,0,0
74,14,12,6,27,Y6002670,,,,0,30.0,0,0
74,14,12,6,28,Y6002671,,,,0,30.0,0,0
74,14,12,6,29,Y6002672,,,,0,30.0,0,0
74,14,12,6,30,Y6002673,,,,0,30.0,0,0
74,14,12,7,10,Y6002674,,,,0,30.0,0,0
74,14,12,7,11,Y6002675,,,,0,30.0,0,0
74,14,12,7,12,Y6002676,,,,0,30.0,0,0
74,14,12,7,13,Y6002677,,,,0,30.0,0,0
74,14,12,7,14,Y6002678,,,,0,30.0,0,0
74,14,12,7,15,Y6002679,,,,0,30.0,0,0
74,14,12,7,16,Y6002680,,,,0,30.0,0,0
74,14,12,7,17,Y6002681,,,,0,30.0,0,0
74,14,12,7,18,Y6002682,,,,0,30.0,0,0
74,14,12,7,19,Y6002683,,,,0,30.0,0,0
74,14,12,7,20,Y6002684,,,,0,30.0,0,0
74,14,12,7,21,Y6002685,,,,0,30.0,0,0
74,14,12,7,22,Y6002686,,,,0,30.0,0,0
74,14,12,7,23,Y6002687,,,,0,30.0,0,0
74,14,12,7,24,Y6002688,,,,0,30.0,0,0
74,14,12,7,25,Y6002689,,,,0,30.0,0,0
74,14,12,7,26,Y6002690,,,,0,30.0,0,0
74,14,12,7,27,Y6002691,,,,0,30.0,0,0
74,14,12,7,28,Y6002692,,,,0,30.0,0,0
74,14,12,7,29,Y6002693,,,,0,30.0,0,0
74,14,12,7,30,Y6002694,,,,0,30.0,0,0
74,14,12,8,10,Y6002695,,,,0,30.0,0,0
74,14,12,8,11,Y6002696,,,,0,30.0,0,0
74,14,12,8,12,Y6002697,,,,0,30.0,0,0
74,14,12,8,13,Y6002698,,,,0,30.0,0,0
74,14,12,8,14,Y6002699,,,,0,30.0,0,0
74,14,12,8,15,Y6002700,,,,0,30.0,0,0
74,14,12,8,16,Y6002701,,,,0,30.0,0,0
74,14,12,8,17,Y6002702,,,,0,30.0,0,0
74,14,12,8,18,Y6002703,,,,0,30.0,0,0
74,14,12,8,19,Y6002704,,,,0,30.0,0,0
74,14,12,8,20,Y6002705,,,,0,30.0,0,0
74,14,12,8,21,Y6002706,,,,0,30.0,0,0
74,14,12,8,22,Y6002707,,,,0,30.0,0,0
74,14,12,8,23,Y6002708,,,,0,30.0,0,0
74,14,12,8,24,Y6002709,,,,0,30.0,0,0
74,14,12,8,25,Y6002710,,,,0,30.0,0,0
74,14,12,8,26,Y6002711,,,,0,30.0,0,0
74,14,12,8,27,Y6002712,,,,0,30.0,0,0
74,14,12,8,28,Y6002713,,,,0,30.0,0,0
74,14,12,8,29,Y6002714,,,,0,30.0,0,0
74,14,12,8,30,Y6002715,,,,0,30.0,0,0
74,14,12,9,10,Y6002716,,,,0,30.0,0,0
74,14,12,9,11,Y6002717,,,,0,30.0,0,0
74,14,12,9,12,Y6002718,,,,0,30.0,0,0
74,14,12,9,13,Y6002719,,,,0,30.0,0,0
74,14,12,9,14,Y6002720,,,,0,30.0,0,0
74,14,12,9,15,Y6002721,,,,0,30.0,0,0
74,14,12,9,16,Y6002722,,,,0,30.0,0,0
74,14,12,9,17,Y6002723,,,,0,30.0,0,0
74,14,12,9,18,Y6002724,,,,0,30.0,0,0
74,14,12,9,19,Y6002725,,,,0,30.0,0,0
74,14,12,9,20,Y6002726,,,,0,30.0,0,0
74,14,12,9,21,Y6002727,,,,0,30.0,0,0
74,14,12,9,22,Y6002728,,,,0,30.0,0,0
74,14,12,9,23,Y6002729,,,,0,30.0,0,0
74,14,12,9,24,Y6002730,,,,0,30.0,0,0
74,14,12,9,25,Y6002731,,,,0,30.0,0,0
74,14,12,9,26,Y6002732,,,,0,30.0,0,0
74,14,12,9,27,Y6002733,,,,0,30.0,0,0
74,14,12,9,28,Y6002734,,,,0,30.0,0,0
74,14,12,9,29,Y6002735,,,,0,30.0,0,0
74,14,12,9,30,Y6002736,,,,0,30.0,0,0
74,14,12,10,10,Y6002737,,,,0,30.0,0,0
74,14,12,10,11,Y6002738,,,,0,30.0,0,0
74,14,12,10,12,Y6002739,,,,0,30.0,0,0
74,14,12,10,13,Y6002740,,,,0,30.0,0,0
74,14,12,10,14,Y6002741,,,,0,30.0,0,0
74,14,12,10,15,Y6002742,,,,0,30.0,0,0
74,14,12,10,16,Y6002743,,,,0,30.0,0,0
74,14,12,10,17,Y6002744,,,,0,30.0,0,0
74,14,12,10,18,Y6002745,,,,0,30.0,0,0
74,14,12,10,19,Y6002746,,,,0,30.0,0,0
74,14,12,10,20,Y6002747,,,,0,30.0,0,0
74,14,12,10,21,Y6002748,,,,0,30.0,0,0
74,14,12,10,22,Y6002749,,,,0,30.0,0,0
74,14,12,10,23,Y6002750,,,,0,30.0,0,0
74,14,12,10,24,Y6002751,,,,0,30.0,0,0
74,14,12,10,25,Y6002752,,,,0,30.0,0,0
74,14,12,10,26,Y6002753,,,,0,30.0,0,0
74,14,12,10,27,Y6002754,,,,0,30.0,0,0
74,14,12,10,28,Y6002755,,,,0,30.0,0,0
74,14,12,10,29,Y6002756,,,,0,30.0,0,0
74,14,12,10,30,Y6002757,,,,0,30.0,0,0
74,14,12,11,10,Y6002758,,,,0,30.0,0,0
74,14,12,11,11,Y6002759,,,,0,30.0,0,0
74,14,12,11,12,Y6002760,,,,0,30.0,0,0
74,14,12,11,13,Y6002761,,,,0,30.0,0,0
74,14,12,11,14,Y6002762,,,,0,30.0,0,0
74,14,12,11,15,Y6002763,,,,0,30.0,0,0
74,14,12,11,16,Y6002764,,,,0,30.0,0,0
74,14,12,11,17,Y6002765,,,,0,30.0,0,0
74,14,12,11,18,Y6002766,,,,0,30.0,0,0
74,14,12,11,19,Y6002767,,,,0,30.0,0,0
74,14,12,11,20,Y6002768,,,,0,30.0,0,0
74,14,12,11,21,Y6002769,,,,0,30.0,0,0
74,14,12,11,22,Y6002770,,,,0,30.0,0,0
74,14,12,11,23,Y6002771,,,,0,30.0,0,0
74,14,12,11,24,Y6002772,,,,0,30.0,0,0
74,14,12,11,25,Y6002773,,,,0,30.0,0,0
74,14,12,11,26,Y6002774,,,,0,30.0,0,0
74,14,12,11,27,Y6002775,,,,0,30.0,0,0
74,14,12,11,28,Y6002776,,,,0,30.0,0,0
74,14,12,11,29,Y6002777,,,,0,30.0,0,0
74,14,12,11,30,Y6002778,,,,0,30.0,0,0
74,14,12,12,10,Y6002779,,,,0,30.0,0,0
74,14,12,12,11,Y6002780,,,,0,30.0,0,0
74,14,12,12,12,Y6002781,,,,0,30.0,0,0
74,14,12,12,13,Y6002782,,,,0,30.0,0,0
74,14,12,12,14,Y6002783,,,,0,30.0,0,0
74,14,12,12,15,Y6002784,,,,0,30.0,0,0
74,14,12,12,16,Y6002785,,,,0,30.0,0,0
74,14,12,12,17,Y6002786,,,,0,30.0,0,0
74,14,12,12,18,Y6002787,,,,0,30.0,0,0
74,14,12,12,19,Y6002788,,,,0,30.0,0,0
74,14,12,12,20,Y6002789,,,,0,30.0,0,0
74,14,12,12,21,Y6002790,,,,0,30.0,0,0
74,14,12,12,22,Y6002791,,,,0,30.0,0,0
74,14,12,12,23,Y6002792,,,,0,30.0,0,0
74,14,12,12,24,Y6002793,,,,0,30.0,0,0
74,14,12,12,25,Y6002794,,,,0,30.0,0,0
74,14,12,12,26,Y6002795,,,,0,30.0,0,0
74,14,12,12,27,Y6002796,,,,0,30.0,0,0
74,14,12,12,28,Y6002797,,,,0,30.0,0,0
74,14,12,12,29,Y6002798,,,,0,30.0,0,0
74,14,12,12,30,Y6002799,,,,0,30.0,0,0
74,14,13,1,10,Y6002800,,,,0,30.0,0,0
74,14,13,1,11,Y6002801,,,,0,30.0,0,0
74,14,13,1,12,Y6002802,,,,0,30.0,0,0
74,14,13,1,13,Y6002803,,,,0,30.0,0,0
74,14,13,1,14,Y6002804,,,,0,30.0,0,0
74,14,13,1,15,Y6002805,,,,0,30.0,0,0
74,14,13,1,16,Y6002806,,,,0,30.0,0,0
74,14,13,1,17,Y6002807,,,,0,30.0,0,0
74,14,13,1,18,Y6002808,,,,0,30.0,0,0
74,14,13,1,19,Y6002809,,,,0,30.0,0,0
74,14,13,1,20,Y6002810,,,,0,30.0,0,0
74,14,13,1,21,Y6002811,,,,0,30.0,0,0
74,14,13,1,22,Y6002812,,,,0,30.0,0,0
74,14,13,1,23,Y6002813,,,,0,30.0,0,0
74,14,13,1,24,Y6002814,,,,0,30.0,0,0
74,14,13,1,25,Y6002815,,,,0,30.0,0,0
74,14,13,1,26,Y6002816,,,,0,30.0,0,0
74,14,13,1,27,Y6002817,,,,0,30.0,0,0
74,14,13,1,28,Y6002818,,,,0,30.0,0,0
74,14,13,1,29,Y6002819,,,,0,30.0,0,0
74,14,13,1,30,Y6002820,,,,0,30.0,0,0
74,14,13,2,10,Y6002821,,,,0,30.0,0,0
74,14,13,2,11,Y6002822,,,,0,30.0,0,0
74,14,13,2,12,Y6002823,,,,0,30.0,0,0
74,14,13,2,13,Y6002824,,,,0,30.0,0,0
74,14,13,2,14,Y6002825,,,,0,30.0,0,0
74,14,13,2,15,Y6002826,,,,0,30.0,0,0
74,14,13,2,16,Y6002827,,,,0,30.0,0,0
74,14,13,2,17,Y6002828,,,,0,30.0,0,0
74,14,13,2,18,Y6002829,,,,0,30.0,0,0
74,14,13,2,19,Y6002830,,,,0,30.0,0,0
74,14,13,2,20,Y6002831,,,,0,30.0,0,0
74,14,13,2,21,Y6002832,,,,0,30.0,0,0
74,14,13,2,22,Y6002833,,,,0,30.0,0,0
74,14,13,2,23,Y6002834,,,,0,30.0,0,0
74,14,13,2,24,Y6002835,,,,0,30.0,0,0
74,14,13,2,25,Y6002836,,,,0,30.0,0,0
74,14,13,2,26,Y6002837,,,,0,30.0,0,0
74,14,13,2,27,Y6002838,,,,0,30.0,0,0
74,14,13,2,28,Y6002839,,,,0,30.0,0,0
74,14,13,2,29,Y6002840,,,,0,30.0,0,0
74,14,13,2,30,Y6002841,,,,0,30.0,0,0
74,14,13,3,10,Y6002842,,,,0,30.0,0,0
74,14,13,3,11,Y6002843,,,,0,30.0,0,0
74,14,13,3,12,Y6002844,,,,0,30.0,0,0
74,14,13,3,13,Y6002845,,,,0,30.0,0,0
74,14,13,3,14,Y6002846,,,,0,30.0,0,0
74,14,13,3,15,Y6002847,,,,0,30.0,0,0
74,14,13,3,16,Y6002848,,,,0,30.0,0,0
74,14,13,3,17,Y6002849,,,,0,30.0,0,0
74,14,13,3,18,Y6002850,,,,0,30.0,0,0
74,14,13,3,19,Y6002851,,,,0,30.0,0,0
74,14,13,3,20,Y6002852,,,,0,30.0,0,0
74,14,13,3,21,Y6002853,,,,0,30.0,0,0
74,14,13,3,22,Y6002854,,,,0,30.0,0,0
74,14,13,3,23,Y6002855,,,,0,30.0,0,0
74,14,13,3,24,Y6002856,,,,0,30.0,0,0
74,14,13,3,25,Y6002857,,,,0,30.0,0,0
74,14,13,3,26,Y6002858,,,,0,30.0,0,0
74,14,13,3,27,Y6002859,,,,0,30.0,0,0
74,14,13,3,28,Y6002860,,,,0,30.0,0,0
74,14,13,3,29,Y6002861,,,,0,30.0,0,0
74,14,13,3,30,Y6002862,,,,0,30.0,0,0
74,14,13,4,10,Y6002863,,,,0,30.0,0,0
74,14,13,4,11,Y6002864,,,,0,30.0,0,0
74,14,13,4,12,Y6002865,,,,0,30.0,0,0
74,14,13,4,13,Y6002866,,,,0,30.0,0,0
74,14,13,4,14,Y6002867,,,,0,30.0,0,0
74,14,13,4,15,Y6002868,,,,0,30.0,0,0
74,14,13,4,16,Y6002869,,,,0,30.0,0,0
74,14,13,4,17,Y6002870,,,,0,30.0,0,0
74,14,13,4,18,Y6002871,,,,0,30.0,0,0
74,14,13,4,19,Y6002872,,,,0,30.0,0,0
74,14,13,4,20,Y6002873,,,,0,30.0,0,0
74,14,13,4,21,Y6002874,,,,0,30.0,0,0
74,14,13,4,22,Y6002875,,,,0,30.0,0,0
74,14,13,4,23,Y6002876,,,,0,30.0,0,0
74,14,13,4,24,Y6002877,,,,0,30.0,0,0
74,14,13,4,25,Y6002878,,,,0,30.0,0,0
74,14,13,4,26,Y6002879,,,,0,30.0,0,0
74,14,13,4,27,Y6002880,,,,0,30.0,0,0
74,14,13,4,28,Y6002881,,,,0,30.0,0,0
74,14,13,4,29,Y6002882,,,,0,30.0,0,0
74,14,13,4,30,Y6002883,,,,0,30.0,0,0
74,14,13,5,10,Y6002884,,,,0,30.0,0,0
74,14,13,5,11,Y6002885,,,,0,30.0,0,0
74,14,13,5,12,Y6002886,,,,0,30.0,0,0
74,14,13,5,13,Y6002887,,,,0,30.0,0,0
74,14,13,5,14,Y6002888,,,,0,30.0,0,0
74,14,13,5,15,Y6002889,,,,0,30.0,0,0
74,14,13,5,16,Y6002890,,,,0,30.0,0,0
74,14,13,5,17,Y6002891,,,,0,30.0,0,0
74,14,13,5,18,Y6002892,,,,0,30.0,0,0
74,14,13,5,19,Y6002893,,,,0,30.0,0,0
74,14,13,5,20,Y6002894,,,,0,30.0,0,0
74,14,13,5,21,Y6002895,,,,0,30.0,0,0
74,14,13,5,22,Y6002896,,,,0,30.0,0,0
74,14,13,5,23,Y6002897,,,,0,30.0,0,0
74,14,13,5,24,Y6002898,,,,0,30.0,0,0
74,14,13,5,25,Y6002899,,,,0,30.0,0,0
74,14,13,5,26,Y6002900,,,,0,30.0,0,0
74,14,13,5,27,Y6002901,,,,0,30.0,0,0
74,14,13,5,28,Y6002902,,,,0,30.0,0,0
74,14,13,5,29,Y6002903,,,,0,30.0,0,0
74,14,13,5,30,Y6002904,,,,0,30.0,0,0
74,14,13,6,10,Y6002905,,,,0,30.0,0,0
74,14,13,6,11,Y6002906,,,,0,30.0,0,0
74,14,13,6,12,Y6002907,,,,0,30.0,0,0
74,14,13,6,13,Y6002908,,,,0,30.0,0,0
74,14,13,6,14,Y6002909,,,,0,30.0,0,0
74,14,13,6,15,Y6002910,,,,0,30.0,0,0
74,14,13,6,16,Y6002911,,,,0,30.0,0,0
74,14,13,6,17,Y6002912,,,,0,30.0,0,0
74,14,13,6,18,Y6002913,,,,0,30.0,0,0
74,14,13,6,19,Y6002914,,,,0,30.0,0,0
74,14,13,6,20,Y6002915,,,,0,30.0,0,0
74,14,13,6,21,Y6002916,,,,0,30.0,0,0
74,14,13,6,22,Y6002917,,,,0,30.0,0,0
74,14,13,6,23,Y6002918,,,,0,30.0,0,0
74,14,13,6,24,Y6002919,,,,0,30.0,0,0
74,14,13,6,25,Y6002920,,,,0,30.0,0,0
74,14,13,6,26,Y6002921,,,,0,30.0,0,0
74,14,13,6,27,Y6002922,,,,0,30.0,0,0
74,14,13,6,28,Y6002923,,,,0,30.0,0,0
74,14,13,6,29,Y6002924,,,,0,30.0,0,0
74,14,13,6,30,Y6002925,,,,0,30.0,0,0
74,14,13,7,10,Y6002926,,,,0,30.0,0,0
74,14,13,7,11,Y6002927,,,,0,30.0,0,0
74,14,13,7,12,Y6002928,,,,0,30.0,0,0
74,14,13,7,13,Y6002929,,,,0,30.0,0,0
74,14,13,7,14,Y6002930,,,,0,30.0,0,0
74,14,13,7,15,Y6002931,,,,0,30.0,0,0
74,14,13,7,16,Y6002932,,,,0,30.0,0,0
74,14,13,7,17,Y6002933,,,,0,30.0,0,0
74,14,13,7,18,Y6002934,,,,0,30.0,0,0
74,14,13,7,19,Y6002935,,,,0,30.0,0,0
74,14,13,7,20,Y6002936,,,,0,30.0,0,0
74,14,13,7,21,Y6002937,,,,0,30.0,0,0
74,14,13,7,22,Y6002938,,,,0,30.0,0,0
74,14,13,7,23,Y6002939,,,,0,30.0,0,0
74,14,13,7,24,Y6002940,,,,0,30.0,0,0
74,14,13,7,25,Y6002941,,,,0,30.0,0,0
74,14,13,7,26,Y6002942,,,,0,30.0,0,0
74,14,13,7,27,Y6002943,,,,0,30.0,0,0
74,14,13,7,28,Y6002944,,,,0,30.0,0,0
74,14,13,7,29,Y6002945,,,,0,30.0,0,0
74,14,13,7,30,Y6002946,,,,0,30.0,0,0
74,14,13,8,10,Y6002947,,,,0,30.0,0,0
74,14,13,8,11,Y6002948,,,,0,30.0,0,0
74,14,13,8,12,Y6002949,,,,0,30.0,0,0
74,14,13,8,13,Y6002950,,,,0,30.0,0,0
74,14,13,8,14,Y6002951,,,,0,30.0,0,0
74,14,13,8,15,Y6002952,,,,0,30.0,0,0
74,14,13,8,16,Y6002953,,,,0,30.0,0,0
74,14,13,8,17,Y6002954,,,,0,30.0,0,0
74,14,13,8,18,Y6002955,,,,0,30.0,0,0
74,14,13,8,19,Y6002956,,,,0,30.0,0,0
74,14,13,8,20,Y6002957,,,,0,30.0,0,0
74,14,13,8,21,Y6002958,,,,0,30.0,0,0
74,14,13,8,22,Y6002959,,,,0,30.0,0,0
74,14,13,8,23,Y6002960,,,,0,30.0,0,0
74,14,13,8,24,Y6002961,,,,0,30.0,0,0
74,14,13,8,25,Y6002962,,,,0,30.0,0,0
74,14,13,8,26,Y6002963,,,,0,30.0,0,0
74,14,13,8,27,Y6002964,,,,0,30.0,0,0
74,14,13,8,28,Y6002965,,,,0,30.0,0,0
74,14,13,8,29,Y6002966,,,,0,30.0,0,0
74,14,13,8,30,Y6002967,,,,0,30.0,0,0
74,14,13,9,10,Y6002968,,,,0,30.0,0,0
74,14,13,9,11,Y6002969,,,,0,30.0,0,0
74,14,13,9,12,Y6002970,,,,0,30.0,0,0
74,14,13,9,13,Y6002971,,,,0,30.0,0,0
74,14,13,9,14,Y6002972,,,,0,30.0,0,0
74,14,13,9,15,Y6002973,,,,0,30.0,0,0
74,14,13,9,16,Y6002974,,,,0,30.0,0,0
74,14,13,9,17,Y6002975,,,,0,30.0,0,0
74,14,13,9,18,Y6002976,,,,0,30.0,0,0
74,14,13,9,19,Y6002977,,,,0,30.0,0,0
74,14,13,9,20,Y6002978,,,,0,30.0,0,0
74,14,13,9,21,Y6002979,,,,0,30.0,0,0
74,14,13,9,22,Y6002980,,,,0,30.0,0,0
74,14,13,9,23,Y6002981,,,,0,30.0,0,0
74,14,13,9,24,Y6002982,,,,0,30.0,0,0
74,14,13,9,25,Y6002983,,,,0,30.0,0,0
74,14,13,9,26,Y6002984,,,,0,30.0,0,0
74,14,13,9,27,Y6002985,,,,0,30.0,0,0
74,14,13,9,28,Y6002986,,,,0,30.0,0,0
74,14,13,9,29,Y6002987,,,,0,30.0,0,0
74,14,13,9,30,Y6002988,,,,0,30.0,0,0
74,14,13,10,10,Y6002989,,,,0,30.0,0,0
74,14,13,10,11,Y6002990,,,,0,30.0,0,0
74,14,13,10,12,Y6002991,,,,0,30.0,0,0
74,14,13,10,13,Y6002992,,,,0,30.0,0,0
74,14,13,10,14,Y6002993,,,,0,30.0,0,0
74,14,13,10,15,Y6002994,,,,0,30.0,0,0
74,14,13,10,16,Y6002995,,,,0,30.0,0,0
74,14,13,10,17,Y6002996,,,,0,30.0,0,0
74,14,13,10,18,Y6002997,,,,0,30.0,0,0
74,14,13,10,19,Y6002998,,,,0,30.0,0,0
74,14,13,10,20,Y6002999,,,,0,30.0,0,0
74,14,13,10,21,Y6003000,,,,0,30.0,0,0
74,14,13,10,22,Y6003001,,,,0,30.0,0,0
74,14,13,10,23,Y6003002,,,,0,30.0,0,0
74,14,13,10,24,Y6003003,,,,0,30.0,0,0
74,14,13,10,25,Y6003004,,,,0,30.0,0,0
74,14,13,10,26,Y6003005,,,,0,30.0,0,0
74,14,13,10,27,Y6003006,,,,0,30.0,0,0
74,14,13,10,28,Y6003007,,,,0,30.0,0,0
74,14,13,10,29,Y6003008,,,,0,30.0,0,0
74,14,13,10,30,Y6003009,,,,0,30.0,0,0
74,14,13,11,10,Y6003010,,,,0,30.0,0,0
74,14,13,11,11,Y6003011,,,,0,30.0,0,0
74,14,13,11,12,Y6003012,,,,0,30.0,0,0
74,14,13,11,13,Y6003013,,,,0,30.0,0,0
74,14,13,11,14,Y6003014,,,,0,30.0,0,0
74,14,13,11,15,Y6003015,,,,0,30.0,0,0
74,14,13,11,16,Y6003016,,,,0,30.0,0,0
74,14,13,11,17,Y6003017,,,,0,30.0,0,0
74,14,13,11,18,Y6003018,,,,0,30.0,0,0
74,14,13,11,19,Y6003019,,,,0,30.0,0,0
74,14,13,11,20,Y6003020,,,,0,30.0,0,0
74,14,13,11,21,Y6003021,,,,0,30.0,0,0
74,14,13,11,22,Y6003022,,,,0,30.0,0,0
74,14,13,11,23,Y6003023,,,,0,30.0,0,0
74,14,13,11,24,Y6003024,,,,0,30.0,0,0
74,14,13,11,25,Y6003025,,,,0,30.0,0,0
74,14,13,11,26,Y6003026,,,,0,30.0,0,0
74,14,13,11,27,Y6003027,,,,0,30.0,0,0
74,14,13,11,28,Y6003028,,,,0,30.0,0,0
74,14,13,11,29,Y6003029,,,,0,30.0,0,0
74,14,13,11,30,Y6003030,,,,0,30.0,0,0
74,14,13,12,10,Y6003031,,,,0,30.0,0,0
74,14,13,12,11,Y6003032,,,,0,30.0,0,0
74,14,13,12,12,Y6003033,,,,0,30.0,0,0
74,14,13,12,13,Y6003034,,,,0,30.0,0,0
74,14,13,12,14,Y6003035,,,,0,30.0,0,0
74,14,13,12,15,Y6003036,,,,0,30.0,0,0
74,14,13,12,16,Y6003037,,,,0,30.0,0,0
74,14,13,12,17,Y6003038,,,,0,30.0,0,0
74,14,13,12,18,Y6003039,,,,0,30.0,0,0
74,14,13,12,19,Y6003040,,,,0,30.0,0,0
74,14,13,12,20,Y6003041,,,,0,30.0,0,0
74,14,13,12,21,Y6003042,,,,0,30.0,0,0
74,14,13,12,22,Y6003043,,,,0,30.0,0,0
74,14,13,12,23,Y6003044,,,,0,30.0,0,0
74,14,13,12,24,Y6003045,,,,0,30.0,0,0
74,14,13,12,25,Y6003046,,,,0,30.0,0,0
74,14,13,12,26,Y6003047,,,,0,30.0,0,0
74,14,13,12,27,Y6003048,,,,0,30.0,0,0
74,14,13,12,28,Y6003049,,,,0,30.0,0,0
74,14,13,12,29,Y6003050,,,,0,30.0,0,0
74,14,13,12,30,Y6003051,,,,0,30.0,0,0
74,14,14,1,10,Y6003052,,,,0,30.0,0,0
74,14,14,1,11,Y6003053,,,,0,30.0,0,0
74,14,14,1,12,Y6003054,,,,0,30.0,0,0
74,14,14,1,13,Y6003055,,,,0,30.0,0,0
74,14,14,1,14,Y6003056,,,,0,30.0,0,0
74,14,14,1,15,Y6003057,,,,0,30.0,0,0
74,14,14,1,16,Y6003058,,,,0,30.0,0,0
74,14,14,1,17,Y6003059,,,,0,30.0,0,0
74,14,14,1,18,Y6003060,,,,0,30.0,0,0
74,14,14,1,19,Y6003061,,,,0,30.0,0,0
74,14,14,1,20,Y6003062,,,,0,30.0,0,0
74,14,14,1,21,Y6003063,,,,0,30.0,0,0
74,14,14,1,22,Y6003064,,,,0,30.0,0,0
74,14,14,1,23,Y6003065,,,,0,30.0,0,0
74,14,14,1,24,Y6003066,,,,0,30.0,0,0
74,14,14,1,25,Y6003067,,,,0,30.0,0,0
74,14,14,1,26,Y6003068,,,,0,30.0,0,0
74,14,14,1,27,Y6003069,,,,0,30.0,0,0
74,14,14,1,28,Y6003070,,,,0,30.0,0,0
74,14,14,1,29,Y6003071,,,,0,30.0,0,0
74,14,14,1,30,Y6003072,,,,0,30.0,0,0
74,14,14,2,10,Y6003073,,,,0,30.0,0,0
74,14,14,2,11,Y6003074,,,,0,30.0,0,0
74,14,14,2,12,Y6003075,,,,0,30.0,0,0
74,14,14,2,13,Y6003076,,,,0,30.0,0,0
74,14,14,2,14,Y6003077,,,,0,30.0,0,0
74,14,14,2,15,Y6003078,,,,0,30.0,0,0
74,14,14,2,16,Y6003079,,,,0,30.0,0,0
74,14,14,2,17,Y6003080,,,,0,30.0,0,0
74,14,14,2,18,Y6003081,,,,0,30.0,0,0
74,14,14,2,19,Y6003082,,,,0,30.0,0,0
74,14,14,2,20,Y6003083,,,,0,30.0,0,0
74,14,14,2,21,Y6003084,,,,0,30.0,0,0
74,14,14,2,22,Y6003085,,,,0,30.0,0,0
74,14,14,2,23,Y6003086,,,,0,30.0,0,0
74,14,14,2,24,Y6003087,,,,0,30.0,0,0
74,14,14,2,25,Y6003088,,,,0,30.0,0,0
74,14,14,2,26,Y6003089,,,,0,30.0,0,0
74,14,14,2,27,Y6003090,,,,0,30.0,0,0
74,14,14,2,28,Y6003091,,,,0,30.0,0,0
74,14,14,2,29,Y6003092,,,,0,30.0,0,0
74,14,14,2,30,Y6003093,,,,0,30.0,0,0
74,14,14,3,10,Y6003094,,,,0,30.0,0,0
74,14,14,3,11,Y6003095,,,,0,30.0,0,0
74,14,14,3,12,Y6003096,,,,0,30.0,0,0
74,14,14,3,13,Y6003097,,,,0,30.0,0,0
74,14,14,3,14,Y6003098,,,,0,30.0,0,0
74,14,14,3,15,Y6003099,,,,0,30.0,0,0
74,14,14,3,16,Y6003100,,,,0,30.0,0,0
74,14,14,3,17,Y6003101,,,,0,30.0,0,0
74,14,14,3,18,Y6003102,,,,0,30.0,0,0
74,14,14,3,19,Y6003103,,,,0,30.0,0,0
74,14,14,3,20,Y6003104,,,,0,30.0,0,0
74,14,14,3,21,Y6003105,,,,0,30.0,0,0
74,14,14,3,22,Y6003106,,,,0,30.0,0,0
74,14,14,3,23,Y6003107,,,,0,30.0,0,0
74,14,14,3,24,Y6003108,,,,0,30.0,0,0
74,14,14,3,25,Y6003109,,,,0,30.0,0,0
74,14,14,3,26,Y6003110,,,,0,30.0,0,0
74,14,14,3,27,Y6003111,,,,0,30.0,0,0
74,14,14,3,28,Y6003112,,,,0,30.0,0,0
74,14,14,3,29,Y6003113,,,,0,30.0,0,0
74,14,14,3,30,Y6003114,,,,0,30.0,0,0
74,14,14,4,10,Y6003115,,,,0,30.0,0,0
74,14,14,4,11,Y6003116,,,,0,30.0,0,0
74,14,14,4,12,Y6003117,,,,0,30.0,0,0
74,14,14,4,13,Y6003118,,,,0,30.0,0,0
74,14,14,4,14,Y6003119,,,,0,30.0,0,0
74,14,14,4,15,Y6003120,,,,0,30.0,0,0
74,14,14,4,16,Y6003121,,,,0,30.0,0,0
74,14,14,4,17,Y6003122,,,,0,30.0,0,0
74,14,14,4,18,Y6003123,,,,0,30.0,0,0
74,14,14,4,19,Y6003124,,,,0,30.0,0,0
74,14,14,4,20,Y6003125,,,,0,30.0,0,0
74,14,14,4,21,Y6003126,,,,0,30.0,0,0
74,14,14,4,22,Y6003127,,,,0,30.0,0,0
74,14,14,4,23,Y6003128,,,,0,30.0,0,0
74,14,14,4,24,Y6003129,,,,0,30.0,0,0
74,14,14,4,25,Y6003130,,,,0,30.0,0,0
74,14,14,4,26,Y6003131,,,,0,30.0,0,0
74,14,14,4,27,Y6003132,,,,0,30.0,0,0
74,14,14,4,28,Y6003133,,,,0,30.0,0,0
74,14,14,4,29,Y6003134,,,,0,30.0,0,0
74,14,14,4,30,Y6003135,,,,0,30.0,0,0
74,14,14,5,10,Y6003136,,,,0,30.0,0,0
74,14,14,5,11,Y6003137,,,,0,30.0,0,0
74,14,14,5,12,Y6003138,,,,0,30.0,0,0
74,14,14,5,13,Y6003139,,,,0,30.0,0,0
74,14,14,5,14,Y6003140,,,,0,30.0,0,0
74,14,14,5,15,Y6003141,,,,0,30.0,0,0
74,14,14,5,16,Y6003142,,,,0,30.0,0,0
74,14,14,5,17,Y6003143,,,,0,30.0,0,0
74,14,14,5,18,Y6003144,,,,0,30.0,0,0
74,14,14,5,19,Y6003145,,,,0,30.0,0,0
74,14,14,5,20,Y6003146,,,,0,30.0,0,0
74,14,14,5,21,Y6003147,,,,0,30.0,0,0
74,14,14,5,22,Y6003148,,,,0,30.0,0,0
74,14,14,5,23,Y6003149,,,,0,30.0,0,0
74,14,14,5,24,Y6003150,,,,0,30.0,0,0
74,14,14,5,25,Y6003151,,,,0,30.0,0,0
74,14,14,5,26,Y6003152,,,,0,30.0,0,0
74,14,14,5,27,Y6003153,,,,0,30.0,0,0
74,14,14,5,28,Y6003154,,,,0,30.0,0,0
74,14,14,5,29,Y6003155,,,,0,30.0,0,0
74,14,14,5,30,Y6003156,,,,0,30.0,0,0
74,14,14,6,10,Y6003157,,,,0,30.0,0,0
74,14,14,6,11,Y6003158,,,,0,30.0,0,0
74,14,14,6,12,Y6003159,,,,0,30.0,0,0
74,14,14,6,13,Y6003160,,,,0,30.0,0,0
74,14,14,6,14,Y6003161,,,,0,30.0,0,0
74,14,14,6,15,Y6003162,,,,0,30.0,0,0
74,14,14,6,16,Y6003163,,,,0,30.0,0,0
74,14,14,6,17,Y6003164,,,,0,30.0,0,0
74,14,14,6,18,Y6003165,,,,0,30.0,0,0
74,14,14,6,19,Y6003166,,,,0,30.0,0,0
74,14,14,6,20,Y6003167,,,,0,30.0,0,0
74,14,14,6,21,Y6003168,,,,0,30.0,0,0
74,14,14,6,22,Y6003169,,,,0,30.0,0,0
74,14,14,6,23,Y6003170,,,,0,30.0,0,0
74,14,14,6,24,Y6003171,,,,0,30.0,0,0
74,14,14,6,25,Y6003172,,,,0,30.0,0,0
74,14,14,6,26,Y6003173,,,,0,30.0,0,0
74,14,14,6,27,Y6003174,,,,0,30.0,0,0
74,14,14,6,28,Y6003175,,,,0,30.0,0,0
74,14,14,6,29,Y6003176,,,,0,30.0,0,0
74,14,14,6,30,Y6003177,,,,0,30.0,0,0
74,14,14,7,10,Y6003178,,,,0,30.0,0,0
74,14,14,7,11,Y6003179,,,,0,30.0,0,0
74,14,14,7,12,Y6003180,,,,0,30.0,0,0
74,14,14,7,13,Y6003181,,,,0,30.0,0,0
74,14,14,7,14,Y6003182,,,,0,30.0,0,0
74,14,14,7,15,Y6003183,,,,0,30.0,0,0
74,14,14,7,16,Y6003184,,,,0,30.0,0,0
74,14,14,7,17,Y6003185,,,,0,30.0,0,0
74,14,14,7,18,Y6003186,,,,0,30.0,0,0
74,14,14,7,19,Y6003187,,,,0,30.0,0,0
74,14,14,7,20,Y6003188,,,,0,30.0,0,0
74,14,14,7,21,Y6003189,,,,0,30.0,0,0
74,14,14,7,22,Y6003190,,,,0,30.0,0,0
74,14,14,7,23,Y6003191,,,,0,30.0,0,0
74,14,14,7,24,Y6003192,,,,0,30.0,0,0
74,14,14,7,25,Y6003193,,,,0,30.0,0,0
74,14,14,7,26,Y6003194,,,,0,30.0,0,0
74,14,14,7,27,Y6003195,,,,0,30.0,0,0
74,14,14,7,28,Y6003196,,,,0,30.0,0,0
74,14,14,7,29,Y6003197,,,,0,30.0,0,0
74,14,14,7,30,Y6003198,,,,0,30.0,0,0
74,14,14,8,10,Y6003199,,,,0,30.0,0,0
74,14,14,8,11,Y6003200,,,,0,30.0,0,0
74,14,14,8,12,Y6003201,,,,0,30.0,0,0
74,14,14,8,13,Y6003202,,,,0,30.0,0,0
74,14,14,8,14,Y6003203,,,,0,30.0,0,0
74,14,14,8,15,Y6003204,,,,0,30.0,0,0
74,14,14,8,16,Y6003205,,,,0,30.0,0,0
74,14,14,8,17,Y6003206,,,,0,30.0,0,0
74,14,14,8,18,Y6003207,,,,0,30.0,0,0
74,14,14,8,19,Y6003208,,,,0,30.0,0,0
74,14,14,8,20,Y6003209,,,,0,30.0,0,0
74,14,14,8,21,Y6003210,,,,0,30.0,0,0
74,14,14,8,22,Y6003211,,,,0,30.0,0,0
74,14,14,8,23,Y6003212,,,,0,30.0,0,0
74,14,14,8,24,Y6003213,,,,0,30.0,0,0
74,14,14,8,25,Y6003214,,,,0,30.0,0,0
74,14,14,8,26,Y6003215,,,,0,30.0,0,0
74,14,14,8,27,Y6003216,,,,0,30.0,0,0
74,14,14,8,28,Y6003217,,,,0,30.0,0,0
74,14,14,8,29,Y6003218,,,,0,30.0,0,0
74,14,14,8,30,Y6003219,,,,0,30.0,0,0
74,14,14,9,10,Y6003220,,,,0,30.0,0,0
74,14,14,9,11,Y6003221,,,,0,30.0,0,0
74,14,14,9,12,Y6003222,,,,0,30.0,0,0
74,14,14,9,13,Y6003223,,,,0,30.0,0,0
74,14,14,9,14,Y6003224,,,,0,30.0,0,0
74,14,14,9,15,Y6003225,,,,0,30.0,0,0
74,14,14,9,16,Y6003226,,,,0,30.0,0,0
74,14,14,9,17,Y6003227,,,,0,30.0,0,0
74,14,14,9,18,Y6003228,,,,0,30.0,0,0
74,14,14,9,19,Y6003229,,,,0,30.0,0,0
74,14,14,9,20,Y6003230,,,,0,30.0,0,0
74,14,14,9,21,Y6003231,,,,0,30.0,0,0
74,14,14,9,22,Y6003232,,,,0,30.0,0,0
74,14,14,9,23,Y6003233,,,,0,30.0,0,0
74,14,14,9,24,Y6003234,,,,0,30.0,0,0
74,14,14,9,25,Y6003235,,,,0,30.0,0,0
74,14,14,9,26,Y6003236,,,,0,30.0,0,0
74,14,14,9,27,Y6003237,,,,0,30.0,0,0
74,14,14,9,28,Y6003238,,,,0,30.0,0,0
74,14,14,9,29,Y6003239,,,,0,30.0,0,0
74,14,14,9,30,Y6003240,,,,0,30.0,0,0
74,14,14,10,10,Y6003241,,,,0,30.0,0,0
74,14,14,10,11,Y6003242,,,,0,30.0,0,0
74,14,14,10,12,Y6003243,,,,0,30.0,0,0
74,14,14,10,13,Y6003244,,,,0,30.0,0,0
74,14,14,10,14,Y6003245,,,,0,30.0,0,0
74,14,14,10,15,Y6003246,,,,0,30.0,0,0
74,14,14,10,16,Y6003247,,,,0,30.0,0,0
74,14,14,10,17,Y6003248,,,,0,30.0,0,0
74,14,14,10,18,Y6003249,,,,0,30.0,0,0
74,14,14,10,19,Y6003250,,,,0,30.0,0,0
74,14,14,10,20,Y6003251,,,,0,30.0,0,0
74,14,14,10,21,Y6003252,,,,0,30.0,0,0
74,14,14,10,22,Y6003253,,,,0,30.0,0,0
74,14,14,10,23,Y6003254,,,,0,30.0,0,0
74,14,14,10,24,Y6003255,,,,0,30.0,0,0
74,14,14,10,25,Y6003256,,,,0,30.0,0,0
74,14,14,10,26,Y6003257,,,,0,30.0,0,0
74,14,14,10,27,Y6003258,,,,0,30.0,0,0
74,14,14,10,28,Y6003259,,,,0,30.0,0,0
74,14,14,10,29,Y6003260,,,,0,30.0,0,0
74,14,14,10,30,Y6003261,,,,0,30.0,0,0
74,14,14,11,10,Y6003262,,,,0,30.0,0,0
74,14,14,11,11,Y6003263,,,,0,30.0,0,0
74,14,14,11,12,Y6003264,,,,0,30.0,0,0
74,14,14,11,13,Y6003265,,,,0,30.0,0,0
74,14,14,11,14,Y6003266,,,,0,30.0,0,0
74,14,14,11,15,Y6003267,,,,0,30.0,0,0
74,14,14,11,16,Y6003268,,,,0,30.0,0,0
74,14,14,11,17,Y6003269,,,,0,30.0,0,0
74,14,14,11,18,Y6003270,,,,0,30.0,0,0
74,14,14,11,19,Y6003271,,,,0,30.0,0,0
74,14,14,11,20,Y6003272,,,,0,30.0,0,0
74,14,14,11,21,Y6003273,,,,0,30.0,0,0
74,14,14,11,22,Y6003274,,,,0,30.0,0,0
74,14,14,11,23,Y6003275,,,,0,30.0,0,0
74,14,14,11,24,Y6003276,,,,0,30.0,0,0
74,14,14,11,25,Y6003277,,,,0,30.0,0,0
74,14,14,11,26,Y6003278,,,,0,30.0,0,0
74,14,14,11,27,Y6003279,,,,0,30.0,0,0
74,14,14,11,28,Y6003280,,,,0,30.0,0,0
74,14,14,11,29,Y6003281,,,,0,30.0,0,0
74,14,14,11,30,Y6003282,,,,0,30.0,0,0
74,14,14,12,10,Y6003283,,,,0,30.0,0,0
74,14,14,12,11,Y6003284,,,,0,30.0,0,0
74,14,14,12,12,Y6003285,,,,0,30.0,0,0
74,14,14,12,13,Y6003286,,,,0,30.0,0,0
74,14,14,12,14,Y6003287,,,,0,30.0,0,0
74,14,14,12,15,Y6003288,,,,0,30.0,0,0
74,14,14,12,16,Y6003289,,,,0,30.0,0,0
74,14,14,12,17,Y6003290,,,,0,30.0,0,0
74,14,14,12,18,Y6003291,,,,0,30.0,0,0
74,14,14,12,19,Y6003292,,,,0,30.0,0,0
74,14,14,12,20,Y6003293,,,,0,30.0,0,0
74,14,14,12,21,Y6003294,,,,0,30.0,0,0
74,14,14,12,22,Y6003295,,,,0,30.0,0,0
74,14,14,12,23,Y6003296,,,,0,30.0,0,0
74,14,14,12,24,Y6003297,,,,0,30.0,0,0
74,14,14,12,25,Y6003298,,,,0,30.0,0,0
74,14,14,12,26,Y6003299,,,,0,30.0,0,0
74,14,14,12,27,Y6003300,,,,0,30.0,0,0
74,14,14,12,28,Y6003301,,,,0,30.0,0,0
74,14,14,12,29,Y6003302,,,,0,30.0,0,0
74,14,14,12,30,Y6003303,,,,0,30.0,0,0
74,14,15,1,10,Y6003304,,,,0,30.0,0,0
74,14,15,1,11,Y6003305,,,,0,30.0,0,0
74,14,15,1,12,Y6003306,,,,0,30.0,0,0
74,14,15,1,13,Y6003307,,,,0,30.0,0,0
74,14,15,1,14,Y6003308,,,,0,30.0,0,0
74,14,15,1,15,Y6003309,,,,0,30.0,0,0
74,14,15,1,16,Y6003310,,,,0,30.0,0,0
74,14,15,1,17,Y6003311,,,,0,30.0,0,0
74,14,15,1,18,Y6003312,,,,0,30.0,0,0
74,14,15,1,19,Y6003313,,,,0,30.0,0,0
74,14,15,1,20,Y6003314,,,,0,30.0,0,0
74,14,15,1,21,Y6003315,,,,0,30.0,0,0
74,14,15,1,22,Y6003316,,,,0,30.0,0,0
74,14,15,1,23,Y6003317,,,,0,30.0,0,0
74,14,15,1,24,Y6003318,,,,0,30.0,0,0
74,14,15,1,25,Y6003319,,,,0,30.0,0,0
74,14,15,1,26,Y6003320,,,,0,30.0,0,0
74,14,15,1,27,Y6003321,,,,0,30.0,0,0
74,14,15,1,28,Y6003322,,,,0,30.0,0,0
74,14,15,1,29,Y6003323,,,,0,30.0,0,0
74,14,15,1,30,Y6003324,,,,0,30.0,0,0
74,14,15,2,10,Y6003325,,,,0,30.0,0,0
74,14,15,2,11,Y6003326,,,,0,30.0,0,0
74,14,15,2,12,Y6003327,,,,0,30.0,0,0
74,14,15,2,13,Y6003328,,,,0,30.0,0,0
74,14,15,2,14,Y6003329,,,,0,30.0,0,0
74,14,15,2,15,Y6003330,,,,0,30.0,0,0
74,14,15,2,16,Y6003331,,,,0,30.0,0,0
74,14,15,2,17,Y6003332,,,,0,30.0,0,0
74,14,15,2,18,Y6003333,,,,0,30.0,0,0
74,14,15,2,19,Y6003334,,,,0,30.0,0,0
74,14,15,2,20,Y6003335,,,,0,30.0,0,0
74,14,15,2,21,Y6003336,,,,0,30.0,0,0
74,14,15,2,22,Y6003337,,,,0,30.0,0,0
74,14,15,2,23,Y6003338,,,,0,30.0,0,0
74,14,15,2,24,Y6003339,,,,0,30.0,0,0
74,14,15,2,25,Y6003340,,,,0,30.0,0,0
74,14,15,2,26,Y6003341,,,,0,30.0,0,0
74,14,15,2,27,Y6003342,,,,0,30.0,0,0
74,14,15,2,28,Y6003343,,,,0,30.0,0,0
74,14,15,2,29,Y6003344,,,,0,30.0,0,0
74,14,15,2,30,Y6003345,,,,0,30.0,0,0
74,14,15,3,10,Y6003346,,,,0,30.0,0,0
74,14,15,3,11,Y6003347,,,,0,30.0,0,0
74,14,15,3,12,Y6003348,,,,0,30.0,0,0
74,14,15,3,13,Y6003349,,,,0,30.0,0,0
74,14,15,3,14,Y6003350,,,,0,30.0,0,0
74,14,15,3,15,Y6003351,,,,0,30.0,0,0
74,14,15,3,16,Y6003352,,,,0,30.0,0,0
74,14,15,3,17,Y6003353,,,,0,30.0,0,0
74,14,15,3,18,Y6003354,,,,0,30.0,0,0
74,14,15,3,19,Y6003355,,,,0,30.0,0,0
74,14,15,3,20,Y6003356,,,,0,30.0,0,0
74,14,15,3,21,Y6003357,,,,0,30.0,0,0
74,14,15,3,22,Y6003358,,,,0,30.0,0,0
74,14,15,3,23,Y6003359,,,,0,30.0,0,0
74,14,15,3,24,Y6003360,,,,0,30.0,0,0
74,14,15,3,25,Y6003361,,,,0,30.0,0,0
74,14,15,3,26,Y6003362,,,,0,30.0,0,0
74,14,15,3,27,Y6003363,,,,0,30.0,0,0
74,14,15,3,28,Y6003364,,,,0,30.0,0,0
74,14,15,3,29,Y6003365,,,,0,30.0,0,0
74,14,15,3,30,Y6003366,,,,0,30.0,0,0
74,14,15,4,10,Y6003367,,,,0,30.0,0,0
74,14,15,4,11,Y6003368,,,,0,30.0,0,0
74,14,15,4,12,Y6003369,,,,0,30.0,0,0
74,14,15,4,13,Y6003370,,,,0,30.0,0,0
74,14,15,4,14,Y6003371,,,,0,30.0,0,0
74,14,15,4,15,Y6003372,,,,0,30.0,0,0
74,14,15,4,16,Y6003373,,,,0,30.0,0,0
74,14,15,4,17,Y6003374,,,,0,30.0,0,0
74,14,15,4,18,Y6003375,,,,0,30.0,0,0
74,14,15,4,19,Y6003376,,,,0,30.0,0,0
74,14,15,4,20,Y6003377,,,,0,30.0,0,0
74,14,15,4,21,Y6003378,,,,0,30.0,0,0
74,14,15,4,22,Y6003379,,,,0,30.0,0,0
74,14,15,4,23,Y6003380,,,,0,30.0,0,0
74,14,15,4,24,Y6003381,,,,0,30.0,0,0
74,14,15,4,25,Y6003382,,,,0,30.0,0,0
74,14,15,4,26,Y6003383,,,,0,30.0,0,0
74,14,15,4,27,Y6003384,,,,0,30.0,0,0
74,14,15,4,28,Y6003385,,,,0,30.0,0,0
74,14,15,4,29,Y6003386,,,,0,30.0,0,0
74,14,15,4,30,Y6003387,,,,0,30.0,0,0
74,14,15,5,10,Y6003388,,,,0,30.0,0,0
74,14,15,5,11,Y6003389,,,,0,30.0,0,0
74,14,15,5,12,Y6003390,,,,0,30.0,0,0
74,14,15,5,13,Y6003391,,,,0,30.0,0,0
74,14,15,5,14,Y6003392,,,,0,30.0,0,0
74,14,15,5,15,Y6003393,,,,0,30.0,0,0
74,14,15,5,16,Y6003394,,,,0,30.0,0,0
74,14,15,5,17,Y6003395,,,,0,30.0,0,0
74,14,15,5,18,Y6003396,,,,0,30.0,0,0
74,14,15,5,19,Y6003397,,,,0,30.0,0,0
74,14,15,5,20,Y6003398,,,,0,30.0,0,0
74,14,15,5,21,Y6003399,,,,0,30.0,0,0
74,14,15,5,22,Y6003400,,,,0,30.0,0,0
74,14,15,5,23,Y6003401,,,,0,30.0,0,0
74,14,15,5,24,Y6003402,,,,0,30.0,0,0
74,14,15,5,25,Y6003403,,,,0,30.0,0,0
74,14,15,5,26,Y6003404,,,,0,30.0,0,0
74,14,15,5,27,Y6003405,,,,0,30.0,0,0
74,14,15,5,28,Y6003406,,,,0,30.0,0,0
74,14,15,5,29,Y6003407,,,,0,30.0,0,0
74,14,15,5,30,Y6003408,,,,0,30.0,0,0
74,14,15,6,10,Y6003409,,,,0,30.0,0,0
74,14,15,6,11,Y6003410,,,,0,30.0,0,0
74,14,15,6,12,Y6003411,,,,0,30.0,0,0
74,14,15,6,13,Y6003412,,,,0,30.0,0,0
74,14,15,6,14,Y6003413,,,,0,30.0,0,0
74,14,15,6,15,Y6003414,,,,0,30.0,0,0
74,14,15,6,16,Y6003415,,,,0,30.0,0,0
74,14,15,6,17,Y6003416,,,,0,30.0,0,0
74,14,15,6,18,Y6003417,,,,0,30.0,0,0
74,14,15,6,19,Y6003418,,,,0,30.0,0,0
74,14,15,6,20,Y6003419,,,,0,30.0,0,0
74,14,15,6,21,Y6003420,,,,0,30.0,0,0
74,14,15,6,22,Y6003421,,,,0,30.0,0,0
74,14,15,6,23,Y6003422,,,,0,30.0,0,0
74,14,15,6,24,Y6003423,,,,0,30.0,0,0
74,14,15,6,25,Y6003424,,,,0,30.0,0,0
74,14,15,6,26,Y6003425,,,,0,30.0,0,0
74,14,15,6,27,Y6003426,,,,0,30.0,0,0
74,14,15,6,28,Y6003427,,,,0,30.0,0,0
74,14,15,6,29,Y6003428,,,,0,30.0,0,0
74,14,15,6,30,Y6003429,,,,0,30.0,0,0
74,14,15,7,10,Y6003430,,,,0,30.0,0,0
74,14,15,7,11,Y6003431,,,,0,30.0,0,0
74,14,15,7,12,Y6003432,,,,0,30.0,0,0
74,14,15,7,13,Y6003433,,,,0,30.0,0,0
74,14,15,7,14,Y6003434,,,,0,30.0,0,0
74,14,15,7,15,Y6003435,,,,0,30.0,0,0
74,14,15,7,16,Y6003436,,,,0,30.0,0,0
74,14,15,7,17,Y6003437,,,,0,30.0,0,0
74,14,15,7,18,Y6003438,,,,0,30.0,0,0
74,14,15,7,19,Y6003439,,,,0,30.0,0,0
74,14,15,7,20,Y6003440,,,,0,30.0,0,0
74,14,15,7,21,Y6003441,,,,0,30.0,0,0
74,14,15,7,22,Y6003442,,,,0,30.0,0,0
74,14,15,7,23,Y6003443,,,,0,30.0,0,0
74,14,15,7,24,Y6003444,,,,0,30.0,0,0
74,14,15,7,25,Y6003445,,,,0,30.0,0,0
74,14,15,7,26,Y6003446,,,,0,30.0,0,0
74,14,15,7,27,Y6003447,,,,0,30.0,0,0
74,14,15,7,28,Y6003448,,,,0,30.0,0,0
74,14,15,7,29,Y6003449,,,,0,30.0,0,0
74,14,15,7,30,Y6003450,,,,0,30.0,0,0
74,14,15,8,10,Y6003451,,,,0,30.0,0,0
74,14,15,8,11,Y6003452,,,,0,30.0,0,0
74,14,15,8,12,Y6003453,,,,0,30.0,0,0
74,14,15,8,13,Y6003454,,,,0,30.0,0,0
74,14,15,8,14,Y6003455,,,,0,30.0,0,0
74,14,15,8,15,Y6003456,,,,0,30.0,0,0
74,14,15,8,16,Y6003457,,,,0,30.0,0,0
74,14,15,8,17,Y6003458,,,,0,30.0,0,0
74,14,15,8,18,Y6003459,,,,0,30.0,0,0
74,14,15,8,19,Y6003460,,,,0,30.0,0,0
74,14,15,8,20,Y6003461,,,,0,30.0,0,0
74,14,15,8,21,Y6003462,,,,0,30.0,0,0
74,14,15,8,22,Y6003463,,,,0,30.0,0,0
74,14,15,8,23,Y6003464,,,,0,30.0,0,0
74,14,15,8,24,Y6003465,,,,0,30.0,0,0
74,14,15,8,25,Y6003466,,,,0,30.0,0,0
74,14,15,8,26,Y6003467,,,,0,30.0,0,0
74,14,15,8,27,Y6003468,,,,0,30.0,0,0
74,14,15,8,28,Y6003469,,,,0,30.0,0,0
74,14,15,8,29,Y6003470,,,,0,30.0,0,0
74,14,15,8,30,Y6003471,,,,0,30.0,0,0
74,14,15,9,10,Y6003472,,,,0,30.0,0,0
74,14,15,9,11,Y6003473,,,,0,30.0,0,0
74,14,15,9,12,Y6003474,,,,0,30.0,0,0
74,14,15,9,13,Y6003475,,,,0,30.0,0,0
74,14,15,9,14,Y6003476,,,,0,30.0,0,0
74,14,15,9,15,Y6003477,,,,0,30.0,0,0
74,14,15,9,16,Y6003478,,,,0,30.0,0,0
74,14,15,9,17,Y6003479,,,,0,30.0,0,0
74,14,15,9,18,Y6003480,,,,0,30.0,0,0
74,14,15,9,19,Y6003481,,,,0,30.0,0,0
74,14,15,9,20,Y6003482,,,,0,30.0,0,0
74,14,15,9,21,Y6003483,,,,0,30.0,0,0
74,14,15,9,22,Y6003484,,,,0,30.0,0,0
74,14,15,9,23,Y6003485,,,,0,30.0,0,0
74,14,15,9,24,Y6003486,,,,0,30.0,0,0
74,14,15,9,25,Y6003487,,,,0,30.0,0,0
74,14,15,9,26,Y6003488,,,,0,30.0,0,0
74,14,15,9,27,Y6003489,,,,0,30.0,0,0
74,14,15,9,28,Y6003490,,,,0,30.0,0,0
74,14,15,9,29,Y6003491,,,,0,30.0,0,0
74,14,15,9,30,Y6003492,,,,0,30.0,0,0
74,14,15,10,10,Y6003493,,,,0,30.0,0,0
74,14,15,10,11,Y6003494,,,,0,30.0,0,0
74,14,15,10,12,Y6003495,,,,0,30.0,0,0
74,14,15,10,13,Y6003496,,,,0,30.0,0,0
74,14,15,10,14,Y6003497,,,,0,30.0,0,0
74,14,15,10,15,Y6003498,,,,0,30.0,0,0
74,14,15,10,16,Y6003499,,,,0,30.0,0,0
74,14,15,10,17,Y6003500,,,,0,30.0,0,0
74,14,15,10,18,Y6003501,,,,0,30.0,0,0
74,14,15,10,19,Y6003502,,,,0,30.0,0,0
74,14,15,10,20,Y6003503,,,,0,30.0,0,0
74,14,15,10,21,Y6003504,,,,0,30.0,0,0
74,14,15,10,22,Y6003505,,,,0,30.0,0,0
74,14,15,10,23,Y6003506,,,,0,30.0,0,0
74,14,15,10,24,Y6003507,,,,0,30.0,0,0
74,14,15,10,25,Y6003508,,,,0,30.0,0,0
74,14,15,10,26,Y6003509,,,,0,30.0,0,0
74,14,15,10,27,Y6003510,,,,0,30.0,0,0
74,14,15,10,28,Y6003511,,,,0,30.0,0,0
74,14,15,10,29,Y6003512,,,,0,30.0,0,0
74,14,15,10,30,Y6003513,,,,0,30.0,0,0
74,14,15,11,10,Y6003514,,,,0,30.0,0,0
74,14,15,11,11,Y6003515,,,,0,30.0,0,0
74,14,15,11,12,Y6003516,,,,0,30.0,0,0
74,14,15,11,13,Y6003517,,,,0,30.0,0,0
74,14,15,11,14,Y6003518,,,,0,30.0,0,0
74,14,15,11,15,Y6003519,,,,0,30.0,0,0
74,14,15,11,16,Y6003520,,,,0,30.0,0,0
74,14,15,11,17,Y6003521,,,,0,30.0,0,0
74,14,15,11,18,Y6003522,,,,0,30.0,0,0
74,14,15,11,19,Y6003523,,,,0,30.0,0,0
74,14,15,11,20,Y6003524,,,,0,30.0,0,0
74,14,15,11,21,Y6003525,,,,0,30.0,0,0
74,14,15,11,22,Y6003526,,,,0,30.0,0,0
74,14,15,11,23,Y6003527,,,,0,30.0,0,0
74,14,15,11,24,Y6003528,,,,0,30.0,0,0
74,14,15,11,25,Y6003529,,,,0,30.0,0,0
74,14,15,11,26,Y6003530,,,,0,30.0,0,0
74,14,15,11,27,Y6003531,,,,0,30.0,0,0
74,14,15,11,28,Y6003532,,,,0,30.0,0,0
74,14,15,11,29,Y6003533,,,,0,30.0,0,0
74,14,15,11,30,Y6003534,,,,0,30.0,0,0
74,14,15,12,10,Y6003535,,,,0,30.0,0,0
74,14,15,12,11,Y6003536,,,,0,30.0,0,0
74,14,15,12,12,Y6003537,,,,0,30.0,0,0
74,14,15,12,13,Y6003538,,,,0,30.0,0,0
74,14,15,12,14,Y6003539,,,,0,30.0,0,0
74,14,15,12,15,Y6003540,,,,0,30.0,0,0
74,14,15,12,16,Y6003541,,,,0,30.0,0,0
74,14,15,12,17,Y6003542,,,,0,30.0,0,0
74,14,15,12,18,Y6003543,,,,0,30.0,0,0
74,14,15,12,19,Y6003544,,,,0,30.0,0,0
74,14,15,12,20,Y6003545,,,,0,30.0,0,0
74,14,15,12,21,Y6003546,,,,0,30.0,0,0
74,14,15,12,22,Y6003547,,,,0,30.0,0,0
74,14,15,12,23,Y6003548,,,,0,30.0,0,0
74,14,15,12,24,Y6003549,,,,0,30.0,0,0
74,14,15,12,25,Y6003550,,,,0,30.0,0,0
74,14,15,12,26,Y6003551,,,,0,30.0,0,0
74,14,15,12,27,Y6003552,,,,0,30.0,0,0
74,14,15,12,28,Y6003553,,,,0,30.0,0,0
74,14,15,12,29,Y6003554,,,,0,30.0,0,0
74,14,15,12,30,Y6003555,,,,0,30.0,0,0
74,14,16,1,10,Y6003556,,,,0,30.0,0,0
74,14,16,1,11,Y6003557,,,,0,30.0,0,0
74,14,16,1,12,Y6003558,,,,0,30.0,0,0
74,14,16,1,13,Y6003559,,,,0,30.0,0,0
74,14,16,1,14,Y6003560,,,,0,30.0,0,0
74,14,16,1,15,Y6003561,,,,0,30.0,0,0
74,14,16,1,16,Y6003562,,,,0,30.0,0,0
74,14,16,1,17,Y6003563,,,,0,30.0,0,0
74,14,16,1,18,Y6003564,,,,0,30.0,0,0
74,14,16,1,19,Y6003565,,,,0,30.0,0,0
74,14,16,1,20,Y6003566,,,,0,30.0,0,0
74,14,16,1,21,Y6003567,,,,0,30.0,0,0
74,14,16,1,22,Y6003568,,,,0,30.0,0,0
74,14,16,1,23,Y6003569,,,,0,30.0,0,0
74,14,16,1,24,Y6003570,,,,0,30.0,0,0
74,14,16,1,25,Y6003571,,,,0,30.0,0,0
74,14,16,1,26,Y6003572,,,,0,30.0,0,0
74,14,16,1,27,Y6003573,,,,0,30.0,0,0
74,14,16,1,28,Y6003574,,,,0,30.0,0,0
74,14,16,1,29,Y6003575,,,,0,30.0,0,0
74,14,16,1,30,Y6003576,,,,0,30.0,0,0
74,14,16,2,10,Y6003577,,,,0,30.0,0,0
74,14,16,2,11,Y6003578,,,,0,30.0,0,0
74,14,16,2,12,Y6003579,,,,0,30.0,0,0
74,14,16,2,13,Y6003580,,,,0,30.0,0,0
74,14,16,2,14,Y6003581,,,,0,30.0,0,0
74,14,16,2,15,Y6003582,,,,0,30.0,0,0
74,14,16,2,16,Y6003583,,,,0,30.0,0,0
74,14,16,2,17,Y6003584,,,,0,30.0,0,0
74,14,16,2,18,Y6003585,,,,0,30.0,0,0
74,14,16,2,19,Y6003586,,,,0,30.0,0,0
74,14,16,2,20,Y6003587,,,,0,30.0,0,0
74,14,16,2,21,Y6003588,,,,0,30.0,0,0
74,14,16,2,22,Y6003589,,,,0,30.0,0,0
74,14,16,2,23,Y6003590,,,,0,30.0,0,0
74,14,16,2,24,Y6003591,,,,0,30.0,0,0
74,14,16,2,25,Y6003592,,,,0,30.0,0,0
74,14,16,2,26,Y6003593,,,,0,30.0,0,0
74,14,16,2,27,Y6003594,,,,0,30.0,0,0
74,14,16,2,28,Y6003595,,,,0,30.0,0,0
74,14,16,2,29,Y6003596,,,,0,30.0,0,0
74,14,16,2,30,Y6003597,,,,0,30.0,0,0
74,14,16,3,10,Y6003598,,,,0,30.0,0,0
74,14,16,3,11,Y6003599,,,,0,30.0,0,0
74,14,16,3,12,Y6003600,,,,0,30.0,0,0
74,14,16,3,13,Y6003601,,,,0,30.0,0,0
74,14,16,3,14,Y6003602,,,,0,30.0,0,0
74,14,16,3,15,Y6003603,,,,0,30.0,0,0
74,14,16,3,16,Y6003604,,,,0,30.0,0,0
74,14,16,3,17,Y6003605,,,,0,30.0,0,0
74,14,16,3,18,Y6003606,,,,0,30.0,0,0
74,14,16,3,19,Y6003607,,,,0,30.0,0,0
74,14,16,3,20,Y6003608,,,,0,30.0,0,0
74,14,16,3,21,Y6003609,,,,0,30.0,0,0
74,14,16,3,22,Y6003610,,,,0,30.0,0,0
74,14,16,3,23,Y6003611,,,,0,30.0,0,0
74,14,16,3,24,Y6003612,,,,0,30.0,0,0
74,14,16,3,25,Y6003613,,,,0,30.0,0,0
74,14,16,3,26,Y6003614,,,,0,30.0,0,0
74,14,16,3,27,Y6003615,,,,0,30.0,0,0
74,14,16,3,28,Y6003616,,,,0,30.0,0,0
74,14,16,3,29,Y6003617,,,,0,30.0,0,0
74,14,16,3,30,Y6003618,,,,0,30.0,0,0
74,14,16,4,10,Y6003619,,,,0,30.0,0,0
74,14,16,4,11,Y6003620,,,,0,30.0,0,0
74,14,16,4,12,Y6003621,,,,0,30.0,0,0
74,14,16,4,13,Y6003622,,,,0,30.0,0,0
74,14,16,4,14,Y6003623,,,,0,30.0,0,0
74,14,16,4,15,Y6003624,,,,0,30.0,0,0
74,14,16,4,16,Y6003625,,,,0,30.0,0,0
74,14,16,4,17,Y6003626,,,,0,30.0,0,0
74,14,16,4,18,Y6003627,,,,0,30.0,0,0
74,14,16,4,19,Y6003628,,,,0,30.0,0,0
74,14,16,4,20,Y6003629,,,,0,30.0,0,0
74,14,16,4,21,Y6003630,,,,0,30.0,0,0
74,14,16,4,22,Y6003631,,,,0,30.0,0,0
74,14,16,4,23,Y6003632,,,,0,30.0,0,0
74,14,16,4,24,Y6003633,,,,0,30.0,0,0
74,14,16,4,25,Y6003634,,,,0,30.0,0,0
74,14,16,4,26,Y6003635,,,,0,30.0,0,0
74,14,16,4,27,Y6003636,,,,0,30.0,0,0
74,14,16,4,28,Y6003637,,,,0,30.0,0,0
74,14,16,4,29,Y6003638,,,,0,30.0,0,0
74,14,16,4,30,Y6003639,,,,0,30.0,0,0
74,14,16,5,10,Y6003640,,,,0,30.0,0,0
74,14,16,5,11,Y6003641,,,,0,30.0,0,0
74,14,16,5,12,Y6003642,,,,0,30.0,0,0
74,14,16,5,13,Y6003643,,,,0,30.0,0,0
74,14,16,5,14,Y6003644,,,,0,30.0,0,0
74,14,16,5,15,Y6003645,,,,0,30.0,0,0
74,14,16,5,16,Y6003646,,,,0,30.0,0,0
74,14,16,5,17,Y6003647,,,,0,30.0,0,0
74,14,16,5,18,Y6003648,,,,0,30.0,0,0
74,14,16,5,19,Y6003649,,,,0,30.0,0,0
74,14,16,5,20,Y6003650,,,,0,30.0,0,0
74,14,16,5,21,Y6003651,,,,0,30.0,0,0
74,14,16,5,22,Y6003652,,,,0,30.0,0,0
74,14,16,5,23,Y6003653,,,,0,30.0,0,0
74,14,16,5,24,Y6003654,,,,0,30.0,0,0
74,14,16,5,25,Y6003655,,,,0,30.0,0,0
74,14,16,5,26,Y6003656,,,,0,30.0,0,0
74,14,16,5,27,Y6003657,,,,0,30.0,0,0
74,14,16,5,28,Y6003658,,,,0,30.0,0,0
74,14,16,5,29,Y6003659,,,,0,30.0,0,0
74,14,16,5,30,Y6003660,,,,0,30.0,0,0
74,14,16,6,10,Y6003661,,,,0,30.0,0,0
74,14,16,6,11,Y6003662,,,,0,30.0,0,0
74,14,16,6,12,Y6003663,,,,0,30.0,0,0
74,14,16,6,13,Y6003664,,,,0,30.0,0,0
74,14,16,6,14,Y6003665,,,,0,30.0,0,0
74,14,16,6,15,Y6003666,,,,0,30.0,0,0
74,14,16,6,16,Y6003667,,,,0,30.0,0,0
74,14,16,6,17,Y6003668,,,,0,30.0,0,0
74,14,16,6,18,Y6003669,,,,0,30.0,0,0
74,14,16,6,19,Y6003670,,,,0,30.0,0,0
74,14,16,6,20,Y6003671,,,,0,30.0,0,0
74,14,16,6,21,Y6003672,,,,0,30.0,0,0
74,14,16,6,22,Y6003673,,,,0,30.0,0,0
74,14,16,6,23,Y6003674,,,,0,30.0,0,0
74,14,16,6,24,Y6003675,,,,0,30.0,0,0
74,14,16,6,25,Y6003676,,,,0,30.0,0,0
74,14,16,6,26,Y6003677,,,,0,30.0,0,0
74,14,16,6,27,Y6003678,,,,0,30.0,0,0
74,14,16,6,28,Y6003679,,,,0,30.0,0,0
74,14,16,6,29,Y6003680,,,,0,30.0,0,0
74,14,16,6,30,Y6003681,,,,0,30.0,0,0
74,14,16,7,10,Y6003682,,,,0,30.0,0,0
74,14,16,7,11,Y6003683,,,,0,30.0,0,0
74,14,16,7,12,Y6003684,,,,0,30.0,0,0
74,14,16,7,13,Y6003685,,,,0,30.0,0,0
74,14,16,7,14,Y6003686,,,,0,30.0,0,0
74,14,16,7,15,Y6003687,,,,0,30.0,0,0
74,14,16,7,16,Y6003688,,,,0,30.0,0,0
74,14,16,7,17,Y6003689,,,,0,30.0,0,0
74,14,16,7,18,Y6003690,,,,0,30.0,0,0
74,14,16,7,19,Y6003691,,,,0,30.0,0,0
74,14,16,7,20,Y6003692,,,,0,30.0,0,0
74,14,16,7,21,Y6003693,,,,0,30.0,0,0
74,14,16,7,22,Y6003694,,,,0,30.0,0,0
74,14,16,7,23,Y6003695,,,,0,30.0,0,0
74,14,16,7,24,Y6003696,,,,0,30.0,0,0
74,14,16,7,25,Y6003697,,,,0,30.0,0,0
74,14,16,7,26,Y6003698,,,,0,30.0,0,0
74,14,16,7,27,Y6003699,,,,0,30.0,0,0
74,14,16,7,28,Y6003700,,,,0,30.0,0,0
74,14,16,7,29,Y6003701,,,,0,30.0,0,0
74,14,16,7,30,Y6003702,,,,0,30.0,0,0
74,14,16,8,10,Y6003703,,,,0,30.0,0,0
74,14,16,8,11,Y6003704,,,,0,30.0,0,0
74,14,16,8,12,Y6003705,,,,0,30.0,0,0
74,14,16,8,13,Y6003706,,,,0,30.0,0,0
74,14,16,8,14,Y6003707,,,,0,30.0,0,0
74,14,16,8,15,Y6003708,,,,0,30.0,0,0
74,14,16,8,16,Y6003709,,,,0,30.0,0,0
74,14,16,8,17,Y6003710,,,,0,30.0,0,0
74,14,16,8,18,Y6003711,,,,0,30.0,0,0
74,14,16,8,19,Y6003712,,,,0,30.0,0,0
74,14,16,8,20,Y6003713,,,,0,30.0,0,0
74,14,16,8,21,Y6003714,,,,0,30.0,0,0
74,14,16,8,22,Y6003715,,,,0,30.0,0,0
74,14,16,8,23,Y6003716,,,,0,30.0,0,0
74,14,16,8,24,Y6003717,,,,0,30.0,0,0
74,14,16,8,25,Y6003718,,,,0,30.0,0,0
74,14,16,8,26,Y6003719,,,,0,30.0,0,0
74,14,16,8,27,Y6003720,,,,0,30.0,0,0
74,14,16,8,28,Y6003721,,,,0,30.0,0,0
74,14,16,8,29,Y6003722,,,,0,30.0,0,0
74,14,16,8,30,Y6003723,,,,0,30.0,0,0
74,14,16,9,10,Y6003724,,,,0,30.0,0,0
74,14,16,9,11,Y6003725,,,,0,30.0,0,0
74,14,16,9,12,Y6003726,,,,0,30.0,0,0
74,14,16,9,13,Y6003727,,,,0,30.0,0,0
74,14,16,9,14,Y6003728,,,,0,30.0,0,0
74,14,16,9,15,Y6003729,,,,0,30.0,0,0
74,14,16,9,16,Y6003730,,,,0,30.0,0,0
74,14,16,9,17,Y6003731,,,,0,30.0,0,0
74,14,16,9,18,Y6003732,,,,0,30.0,0,0
74,14,16,9,19,Y6003733,,,,0,30.0,0,0
74,14,16,9,20,Y6003734,,,,0,30.0,0,0
74,14,16,9,21,Y6003735,,,,0,30.0,0,0
74,14,16,9,22,Y6003736,,,,0,30.0,0,0
74,14,16,9,23,Y6003737,,,,0,30.0,0,0
74,14,16,9,24,Y6003738,,,,0,30.0,0,0
74,14,16,9,25,Y6003739,,,,0,30.0,0,0
74,14,16,9,26,Y6003740,,,,0,30.0,0,0
74,14,16,9,27,Y6003741,,,,0,30.0,0,0
74,14,16,9,28,Y6003742,,,,0,30.0,0,0
74,14,16,9,29,Y6003743,,,,0,30.0,0,0
74,14,16,9,30,Y6003744,,,,0,30.0,0,0
74,14,16,10,10,Y6003745,,,,0,30.0,0,0
74,14,16,10,11,Y6003746,,,,0,30.0,0,0
74,14,16,10,12,Y6003747,,,,0,30.0,0,0
74,14,16,10,13,Y6003748,,,,0,30.0,0,0
74,14,16,10,14,Y6003749,,,,0,30.0,0,0
74,14,16,10,15,Y6003750,,,,0,30.0,0,0
74,14,16,10,16,Y6003751,,,,0,30.0,0,0
74,14,16,10,17,Y6003752,,,,0,30.0,0,0
74,14,16,10,18,Y6003753,,,,0,30.0,0,0
74,14,16,10,19,Y6003754,,,,0,30.0,0,0
74,14,16,10,20,Y6003755,,,,0,30.0,0,0
74,14,16,10,21,Y6003756,,,,0,30.0,0,0
74,14,16,10,22,Y6003757,,,,0,30.0,0,0
74,14,16,10,23,Y6003758,,,,0,30.0,0,0
74,14,16,10,24,Y6003759,,,,0,30.0,0,0
74,14,16,10,25,Y6003760,,,,0,30.0,0,0
74,14,16,10,26,Y6003761,,,,0,30.0,0,0
74,14,16,10,27,Y6003762,,,,0,30.0,0,0
74,14,16,10,28,Y6003763,,,,0,30.0,0,0
74,14,16,10,29,Y6003764,,,,0,30.0,0,0
74,14,16,10,30,Y6003765,,,,0,30.0,0,0
74,14,16,11,10,Y6003766,,,,0,30.0,0,0
74,14,16,11,11,Y6003767,,,,0,30.0,0,0
74,14,16,11,12,Y6003768,,,,0,30.0,0,0
74,14,16,11,13,Y6003769,,,,0,30.0,0,0
74,14,16,11,14,Y6003770,,,,0,30.0,0,0
74,14,16,11,15,Y6003771,,,,0,30.0,0,0
74,14,16,11,16,Y6003772,,,,0,30.0,0,0
74,14,16,11,17,Y6003773,,,,0,30.0,0,0
74,14,16,11,18,Y6003774,,,,0,30.0,0,0
74,14,16,11,19,Y6003775,,,,0,30.0,0,0
74,14,16,11,20,Y6003776,,,,0,30.0,0,0
74,14,16,11,21,Y6003777,,,,0,30.0,0,0
74,14,16,11,22,Y6003778,,,,0,30.0,0,0
74,14,16,11,23,Y6003779,,,,0,30.0,0,0
74,14,16,11,24,Y6003780,,,,0,30.0,0,0
74,14,16,11,25,Y6003781,,,,0,30.0,0,0
74,14,16,11,26,Y6003782,,,,0,30.0,0,0
74,14,16,11,27,Y6003783,,,,0,30.0,0,0
74,14,16,11,28,Y6003784,,,,0,30.0,0,0
74,14,16,11,29,Y6003785,,,,0,30.0,0,0
74,14,16,11,30,Y6003786,,,,0,30.0,0,0
74,14,16,12,10,Y6003787,,,,0,30.0,0,0
74,14,16,12,11,Y6003788,,,,0,30.0,0,0
74,14,16,12,12,Y6003789,,,,0,30.0,0,0
74,14,16,12,13,Y6003790,,,,0,30.0,0,0
74,14,16,12,14,Y6003791,,,,0,30.0,0,0
74,14,16,12,15,Y6003792,,,,0,30.0,0,0
74,14,16,12,16,Y6003793,,,,0,30.0,0,0
74,14,16,12,17,Y6003794,,,,0,30.0,0,0
74,14,16,12,18,Y6003795,,,,0,30.0,0,0
74,14,16,12,19,Y6003796,,,,0,30.0,0,0
74,14,16,12,20,Y6003797,,,,0,30.0,0,0
74,14,16,12,21,Y6003798,,,,0,30.0,0,0
74,14,16,12,22,Y6003799,,,,0,30.0,0,0
74,14,16,12,23,Y6003800,,,,0,30.0,0,0
74,14,16,12,24,Y6003801,,,,0,30.0,0,0
74,14,16,12,25,Y6003802,,,,0,30.0,0,0
74,14,16,12,26,Y6003803,,,,0,30.0,0,0
74,14,16,12,27,Y6003804,,,,0,30.0,0,0
74,14,16,12,28,Y6003805,,,,0,30.0,0,0
74,14,16,12,29,Y6003806,,,,0,30.0,0,0
74,14,16,12,30,Y6003807,,,,0,30.0,0,0
74,14,17,1,10,Y6003808,,,,0,30.0,0,0
74,14,17,1,11,Y6003809,,,,0,30.0,0,0
74,14,17,1,12,Y6003810,,,,0,30.0,0,0
74,14,17,1,13,Y6003811,,,,0,30.0,0,0
74,14,17,1,14,Y6003812,,,,0,30.0,0,0
74,14,17,1,15,Y6003813,,,,0,30.0,0,0
74,14,17,1,16,Y6003814,,,,0,30.0,0,0
74,14,17,1,17,Y6003815,,,,0,30.0,0,0
74,14,17,1,18,Y6003816,,,,0,30.0,0,0
74,14,17,1,19,Y6003817,,,,0,30.0,0,0
74,14,17,1,20,Y6003818,,,,0,30.0,0,0
74,14,17,1,21,Y6003819,,,,0,30.0,0,0
74,14,17,1,22,Y6003820,,,,0,30.0,0,0
74,14,17,1,23,Y6003821,,,,0,30.0,0,0
74,14,17,1,24,Y6003822,,,,0,30.0,0,0
74,14,17,1,25,Y6003823,,,,0,30.0,0,0
74,14,17,1,26,Y6003824,,,,0,30.0,0,0
74,14,17,1,27,Y6003825,,,,0,30.0,0,0
74,14,17,1,28,Y6003826,,,,0,30.0,0,0
74,14,17,1,29,Y6003827,,,,0,30.0,0,0
74,14,17,1,30,Y6003828,,,,0,30.0,0,0
74,14,17,2,10,Y6003829,,,,0,30.0,0,0
74,14,17,2,11,Y6003830,,,,0,30.0,0,0
74,14,17,2,12,Y6003831,,,,0,30.0,0,0
74,14,17,2,13,Y6003832,,,,0,30.0,0,0
74,14,17,2,14,Y6003833,,,,0,30.0,0,0
74,14,17,2,15,Y6003834,,,,0,30.0,0,0
74,14,17,2,16,Y6003835,,,,0,30.0,0,0
74,14,17,2,17,Y6003836,,,,0,30.0,0,0
74,14,17,2,18,Y6003837,,,,0,30.0,0,0
74,14,17,2,19,Y6003838,,,,0,30.0,0,0
74,14,17,2,20,Y6003839,,,,0,30.0,0,0
74,14,17,2,21,Y6003840,,,,0,30.0,0,0
74,14,17,2,22,Y6003841,,,,0,30.0,0,0
74,14,17,2,23,Y6003842,,,,0,30.0,0,0
74,14,17,2,24,Y6003843,,,,0,30.0,0,0
74,14,17,2,25,Y6003844,,,,0,30.0,0,0
74,14,17,2,26,Y6003845,,,,0,30.0,0,0
74,14,17,2,27,Y6003846,,,,0,30.0,0,0
74,14,17,2,28,Y6003847,,,,0,30.0,0,0
74,14,17,2,29,Y6003848,,,,0,30.0,0,0
74,14,17,2,30,Y6003849,,,,0,30.0,0,0
74,14,17,3,10,Y6003850,,,,0,30.0,0,0
74,14,17,3,11,Y6003851,,,,0,30.0,0,0
74,14,17,3,12,Y6003852,,,,0,30.0,0,0
74,14,17,3,13,Y6003853,,,,0,30.0,0,0
74,14,17,3,14,Y6003854,,,,0,30.0,0,0
74,14,17,3,15,Y6003855,,,,0,30.0,0,0
74,14,17,3,16,Y6003856,,,,0,30.0,0,0
74,14,17,3,17,Y6003857,,,,0,30.0,0,0
74,14,17,3,18,Y6003858,,,,0,30.0,0,0
74,14,17,3,19,Y6003859,,,,0,30.0,0,0
74,14,17,3,20,Y6003860,,,,0,30.0,0,0
74,14,17,3,21,Y6003861,,,,0,30.0,0,0
74,14,17,3,22,Y6003862,,,,0,30.0,0,0
74,14,17,3,23,Y6003863,,,,0,30.0,0,0
74,14,17,3,24,Y6003864,,,,0,30.0,0,0
74,14,17,3,25,Y6003865,,,,0,30.0,0,0
74,14,17,3,26,Y6003866,,,,0,30.0,0,0
74,14,17,3,27,Y6003867,,,,0,30.0,0,0
74,14,17,3,28,Y6003868,,,,0,30.0,0,0
74,14,17,3,29,Y6003869,,,,0,30.0,0,0
74,14,17,3,30,Y6003870,,,,0,30.0,0,0
74,14,17,4,10,Y6003871,,,,0,30.0,0,0
74,14,17,4,11,Y6003872,,,,0,30.0,0,0
74,14,17,4,12,Y6003873,,,,0,30.0,0,0
74,14,17,4,13,Y6003874,,,,0,30.0,0,0
74,14,17,4,14,Y6003875,,,,0,30.0,0,0
74,14,17,4,15,Y6003876,,,,0,30.0,0,0
74,14,17,4,16,Y6003877,,,,0,30.0,0,0
74,14,17,4,17,Y6003878,,,,0,30.0,0,0
74,14,17,4,18,Y6003879,,,,0,30.0,0,0
74,14,17,4,19,Y6003880,,,,0,30.0,0,0
74,14,17,4,20,Y6003881,,,,0,30.0,0,0
74,14,17,4,21,Y6003882,,,,0,30.0,0,0
74,14,17,4,22,Y6003883,,,,0,30.0,0,0
74,14,17,4,23,Y6003884,,,,0,30.0,0,0
74,14,17,4,24,Y6003885,,,,0,30.0,0,0
74,14,17,4,25,Y6003886,,,,0,30.0,0,0
74,14,17,4,26,Y6003887,,,,0,30.0,0,0
74,14,17,4,27,Y6003888,,,,0,30.0,0,0
74,14,17,4,28,Y6003889,,,,0,30.0,0,0
74,14,17,4,29,Y6003890,,,,0,30.0,0,0
74,14,17,4,30,Y6003891,,,,0,30.0,0,0
74,14,17,5,10,Y6003892,,,,0,30.0,0,0
74,14,17,5,11,Y6003893,,,,0,30.0,0,0
74,14,17,5,12,Y6003894,,,,0,30.0,0,0
74,14,17,5,13,Y6003895,,,,0,30.0,0,0
74,14,17,5,14,Y6003896,,,,0,30.0,0,0
74,14,17,5,15,Y6003897,,,,0,30.0,0,0
74,14,17,5,16,Y6003898,,,,0,30.0,0,0
74,14,17,5,17,Y6003899,,,,0,30.0,0,0
74,14,17,5,18,Y6003900,,,,0,30.0,0,0
74,14,17,5,19,Y6003901,,,,0,30.0,0,0
74,14,17,5,20,Y6003902,,,,0,30.0,0,0
74,14,17,5,21,Y6003903,,,,0,30.0,0,0
74,14,17,5,22,Y6003904,,,,0,30.0,0,0
74,14,17,5,23,Y6003905,,,,0,30.0,0,0
74,14,17,5,24,Y6003906,,,,0,30.0,0,0
74,14,17,5,25,Y6003907,,,,0,30.0,0,0
74,14,17,5,26,Y6003908,,,,0,30.0,0,0
74,14,17,5,27,Y6003909,,,,0,30.0,0,0
74,14,17,5,28,Y6003910,,,,0,30.0,0,0
74,14,17,5,29,Y6003911,,,,0,30.0,0,0
74,14,17,5,30,Y6003912,,,,0,30.0,0,0
74,14,17,6,10,Y6003913,,,,0,30.0,0,0
74,14,17,6,11,Y6003914,,,,0,30.0,0,0
74,14,17,6,12,Y6003915,,,,0,30.0,0,0
74,14,17,6,13,Y6003916,,,,0,30.0,0,0
74,14,17,6,14,Y6003917,,,,0,30.0,0,0
74,14,17,6,15,Y6003918,,,,0,30.0,0,0
74,14,17,6,16,Y6003919,,,,0,30.0,0,0
74,14,17,6,17,Y6003920,,,,0,30.0,0,0
74,14,17,6,18,Y6003921,,,,0,30.0,0,0
74,14,17,6,19,Y6003922,,,,0,30.0,0,0
74,14,17,6,20,Y6003923,,,,0,30.0,0,0
74,14,17,6,21,Y6003924,,,,0,30.0,0,0
74,14,17,6,22,Y6003925,,,,0,30.0,0,0
74,14,17,6,23,Y6003926,,,,0,30.0,0,0
74,14,17,6,24,Y6003927,,,,0,30.0,0,0
74,14,17,6,25,Y6003928,,,,0,30.0,0,0
74,14,17,6,26,Y6003929,,,,0,30.0,0,0
74,14,17,6,27,Y6003930,,,,0,30.0,0,0
74,14,17,6,28,Y6003931,,,,0,30.0,0,0
74,14,17,6,29,Y6003932,,,,0,30.0,0,0
74,14,17,6,30,Y6003933,,,,0,30.0,0,0
74,14,17,7,10,Y6003934,,,,0,30.0,0,0
74,14,17,7,11,Y6003935,,,,0,30.0,0,0
74,14,17,7,12,Y6003936,,,,0,30.0,0,0
74,14,17,7,13,Y6003937,,,,0,30.0,0,0
74,14,17,7,14,Y6003938,,,,0,30.0,0,0
74,14,17,7,15,Y6003939,,,,0,30.0,0,0
74,14,17,7,16,Y6003940,,,,0,30.0,0,0
74,14,17,7,17,Y6003941,,,,0,30.0,0,0
74,14,17,7,18,Y6003942,,,,0,30.0,0,0
74,14,17,7,19,Y6003943,,,,0,30.0,0,0
74,14,17,7,20,Y6003944,,,,0,30.0,0,0
74,14,17,7,21,Y6003945,,,,0,30.0,0,0
74,14,17,7,22,Y6003946,,,,0,30.0,0,0
74,14,17,7,23,Y6003947,,,,0,30.0,0,0
74,14,17,7,24,Y6003948,,,,0,30.0,0,0
74,14,17,7,25,Y6003949,,,,0,30.0,0,0
74,14,17,7,26,Y6003950,,,,0,30.0,0,0
74,14,17,7,27,Y6003951,,,,0,30.0,0,0
74,14,17,7,28,Y6003952,,,,0,30.0,0,0
74,14,17,7,29,Y6003953,,,,0,30.0,0,0
74,14,17,7,30,Y6003954,,,,0,30.0,0,0
74,14,17,8,10,Y6003955,,,,0,30.0,0,0
74,14,17,8,11,Y6003956,,,,0,30.0,0,0
74,14,17,8,12,Y6003957,,,,0,30.0,0,0
74,14,17,8,13,Y6003958,,,,0,30.0,0,0
74,14,17,8,14,Y6003959,,,,0,30.0,0,0
74,14,17,8,15,Y6003960,,,,0,30.0,0,0
74,14,17,8,16,Y6003961,,,,0,30.0,0,0
74,14,17,8,17,Y6003962,,,,0,30.0,0,0
74,14,17,8,18,Y6003963,,,,0,30.0,0,0
74,14,17,8,19,Y6003964,,,,0,30.0,0,0
74,14,17,8,20,Y6003965,,,,0,30.0,0,0
74,14,17,8,21,Y6003966,,,,0,30.0,0,0
74,14,17,8,22,Y6003967,,,,0,30.0,0,0
74,14,17,8,23,Y6003968,,,,0,30.0,0,0
74,14,17,8,24,Y6003969,,,,0,30.0,0,0
74,14,17,8,25,Y6003970,,,,0,30.0,0,0
74,14,17,8,26,Y6003971,,,,0,30.0,0,0
74,14,17,8,27,Y6003972,,,,0,30.0,0,0
74,14,17,8,28,Y6003973,,,,0,30.0,0,0
74,14,17,8,29,Y6003974,,,,0,30.0,0,0
74,14,17,8,30,Y6003975,,,,0,30.0,0,0
74,14,17,9,10,Y6003976,,,,0,30.0,0,0
74,14,17,9,11,Y6003977,,,,0,30.0,0,0
74,14,17,9,12,Y6003978,,,,0,30.0,0,0
74,14,17,9,13,Y6003979,,,,0,30.0,0,0
74,14,17,9,14,Y6003980,,,,0,30.0,0,0
74,14,17,9,15,Y6003981,,,,0,30.0,0,0
74,14,17,9,16,Y6003982,,,,0,30.0,0,0
74,14,17,9,17,Y6003983,,,,0,30.0,0,0
74,14,17,9,18,Y6003984,,,,0,30.0,0,0
74,14,17,9,19,Y6003985,,,,0,30.0,0,0
74,14,17,9,20,Y6003986,,,,0,30.0,0,0
74,14,17,9,21,Y6003987,,,,0,30.0,0,0
74,14,17,9,22,Y6003988,,,,0,30.0,0,0
74,14,17,9,23,Y6003989,,,,0,30.0,0,0
74,14,17,9,24,Y6003990,,,,0,30.0,0,0
74,14,17,9,25,Y6003991,,,,0,30.0,0,0
74,14,17,9,26,Y6003992,,,,0,30.0,0,0
74,14,17,9,27,Y6003993,,,,0,30.0,0,0
74,14,17,9,28,Y6003994,,,,0,30.0,0,0
74,14,17,9,29,Y6003995,,,,0,30.0,0,0
74,14,17,9,30,Y6003996,,,,0,30.0,0,0
74,14,17,10,10,Y6003997,,,,0,30.0,0,0
74,14,17,10,11,Y6003998,,,,0,30.0,0,0
74,14,17,10,12,Y6003999,,,,0,30.0,0,0
74,14,17,10,13,Y6004000,,,,0,30.0,0,0
74,14,17,10,14,Y6004001,,,,0,30.0,0,0
74,14,17,10,15,Y6004002,,,,0,30.0,0,0
74,14,17,10,16,Y6004003,,,,0,30.0,0,0
74,14,17,10,17,Y6004004,,,,0,30.0,0,0
74,14,17,10,18,Y6004005,,,,0,30.0,0,0
74,14,17,10,19,Y6004006,,,,0,30.0,0,0
74,14,17,10,20,Y6004007,,,,0,30.0,0,0
74,14,17,10,21,Y6004008,,,,0,30.0,0,0
74,14,17,10,22,Y6004009,,,,0,30.0,0,0
74,14,17,10,23,Y6004010,,,,0,30.0,0,0
74,14,17,10,24,Y6004011,,,,0,30.0,0,0
74,14,17,10,25,Y6004012,,,,0,30.0,0,0
74,14,17,10,26,Y6004013,,,,0,30.0,0,0
74,14,17,10,27,Y6004014,,,,0,30.0,0,0
74,14,17,10,28,Y6004015,,,,0,30.0,0,0
74,14,17,10,29,Y6004016,,,,0,30.0,0,0
74,14,17,10,30,Y6004017,,,,0,30.0,0,0
74,14,17,11,10,Y6004018,,,,0,30.0,0,0
74,14,17,11,11,Y6004019,,,,0,30.0,0,0
74,14,17,11,12,Y6004020,,,,0,30.0,0,0
74,14,17,11,13,Y6004021,,,,0,30.0,0,0
74,14,17,11,14,Y6004022,,,,0,30.0,0,0
74,14,17,11,15,Y6004023,,,,0,30.0,0,0
74,14,17,11,16,Y6004024,,,,0,30.0,0,0
74,14,17,11,17,Y6004025,,,,0,30.0,0,0
74,14,17,11,18,Y6004026,,,,0,30.0,0,0
74,14,17,11,19,Y6004027,,,,0,30.0,0,0
74,14,17,11,20,Y6004028,,,,0,30.0,0,0
74,14,17,11,21,Y6004029,,,,0,30.0,0,0
74,14,17,11,22,Y6004030,,,,0,30.0,0,0
74,14,17,11,23,Y6004031,,,,0,30.0,0,0
74,14,17,11,24,Y6004032,,,,0,30.0,0,0
74,14,17,11,25,Y6004033,,,,0,30.0,0,0
74,14,17,11,26,Y6004034,,,,0,30.0,0,0
74,14,17,11,27,Y6004035,,,,0,30.0,0,0
74,14,17,11,28,Y6004036,,,,0,30.0,0,0
74,14,17,11,29,Y6004037,,,,0,30.0,0,0
74,14,17,11,30,Y6004038,,,,0,30.0,0,0
74,14,17,12,10,Y6004039,,,,0,30.0,0,0
74,14,17,12,11,Y6004040,,,,0,30.0,0,0
74,14,17,12,12,Y6004041,,,,0,30.0,0,0
74,14,17,12,13,Y6004042,,,,0,30.0,0,0
74,14,17,12,14,Y6004043,,,,0,30.0,0,0
74,14,17,12,15,Y6004044,,,,0,30.0,0,0
74,14,17,12,16,Y6004045,,,,0,30.0,0,0
74,14,17,12,17,Y6004046,,,,0,30.0,0,0
74,14,17,12,18,Y6004047,,,,0,30.0,0,0
74,14,17,12,19,Y6004048,,,,0,30.0,0,0
74,14,17,12,20,Y6004049,,,,0,30.0,0,0
74,14,17,12,21,Y6004050,,,,0,30.0,0,0
74,14,17,12,22,Y6004051,,,,0,30.0,0,0
74,14,17,12,23,Y6004052,,,,0,30.0,0,0
74,14,17,12,24,Y6004053,,,,0,30.0,0,0
74,14,17,12,25,Y6004054,,,,0,30.0,0,0
74,14,17,12,26,Y6004055,,,,0,30.0,0,0
74,14,17,12,27,Y6004056,,,,0,30.0,0,0
74,14,17,12,28,Y6004057,,,,0,30.0,0,0
74,14,17,12,29,Y6004058,,,,0,30.0,0,0
74,14,17,12,30,Y6004059,,,,0,30.0,0,0
74,14,18,1,10,Y6004060,,,,0,30.0,0,0
74,14,18,1,11,Y6004061,,,,0,30.0,0,0
74,14,18,1,12,Y6004062,,,,0,30.0,0,0
74,14,18,1,13,Y6004063,,,,0,30.0,0,0
74,14,18,1,14,Y6004064,,,,0,30.0,0,0
74,14,18,1,15,Y6004065,,,,0,30.0,0,0
74,14,18,1,16,Y6004066,,,,0,30.0,0,0
74,14,18,1,17,Y6004067,,,,0,30.0,0,0
74,14,18,1,18,Y6004068,,,,0,30.0,0,0
74,14,18,1,19,Y6004069,,,,0,30.0,0,0
74,14,18,1,20,Y6004070,,,,0,30.0,0,0
74,14,18,1,21,Y6004071,,,,0,30.0,0,0
74,14,18,1,22,Y6004072,,,,0,30.0,0,0
74,14,18,1,23,Y6004073,,,,0,30.0,0,0
74,14,18,1,24,Y6004074,,,,0,30.0,0,0
74,14,18,1,25,Y6004075,,,,0,30.0,0,0
74,14,18,1,26,Y6004076,,,,0,30.0,0,0
74,14,18,1,27,Y6004077,,,,0,30.0,0,0
74,14,18,1,28,Y6004078,,,,0,30.0,0,0
74,14,18,1,29,Y6004079,,,,0,30.0,0,0
74,14,18,1,30,Y6004080,,,,0,30.0,0,0
74,14,18,2,10,Y6004081,,,,0,30.0,0,0
74,14,18,2,11,Y6004082,,,,0,30.0,0,0
74,14,18,2,12,Y6004083,,,,0,30.0,0,0
74,14,18,2,13,Y6004084,,,,0,30.0,0,0
74,14,18,2,14,Y6004085,,,,0,30.0,0,0
74,14,18,2,15,Y6004086,,,,0,30.0,0,0
74,14,18,2,16,Y6004087,,,,0,30.0,0,0
74,14,18,2,17,Y6004088,,,,0,30.0,0,0
74,14,18,2,18,Y6004089,,,,0,30.0,0,0
74,14,18,2,19,Y6004090,,,,0,30.0,0,0
74,14,18,2,20,Y6004091,,,,0,30.0,0,0
74,14,18,2,21,Y6004092,,,,0,30.0,0,0
74,14,18,2,22,Y6004093,,,,0,30.0,0,0
74,14,18,2,23,Y6004094,,,,0,30.0,0,0
74,14,18,2,24,Y6004095,,,,0,30.0,0,0
74,14,18,2,25,Y6004096,,,,0,30.0,0,0
74,14,18,2,26,Y6004097,,,,0,30.0,0,0
74,14,18,2,27,Y6004098,,,,0,30.0,0,0
74,14,18,2,28,Y6004099,,,,0,30.0,0,0
74,14,18,2,29,Y6004100,,,,0,30.0,0,0
74,14,18,2,30,Y6004101,,,,0,30.0,0,0
74,14,18,3,10,Y6004102,,,,0,30.0,0,0
74,14,18,3,11,Y6004103,,,,0,30.0,0,0
74,14,18,3,12,Y6004104,,,,0,30.0,0,0
74,14,18,3,13,Y6004105,,,,0,30.0,0,0
74,14,18,3,14,Y6004106,,,,0,30.0,0,0
74,14,18,3,15,Y6004107,,,,0,30.0,0,0
74,14,18,3,16,Y6004108,,,,0,30.0,0,0
74,14,18,3,17,Y6004109,,,,0,30.0,0,0
74,14,18,3,18,Y6004110,,,,0,30.0,0,0
74,14,18,3,19,Y6004111,,,,0,30.0,0,0
74,14,18,3,20,Y6004112,,,,0,30.0,0,0
74,14,18,3,21,Y6004113,,,,0,30.0,0,0
74,14,18,3,22,Y6004114,,,,0,30.0,0,0
74,14,18,3,23,Y6004115,,,,0,30.0,0,0
74,14,18,3,24,Y6004116,,,,0,30.0,0,0
74,14,18,3,25,Y6004117,,,,0,30.0,0,0
74,14,18,3,26,Y6004118,,,,0,30.0,0,0
74,14,18,3,27,Y6004119,,,,0,30.0,0,0
74,14,18,3,28,Y6004120,,,,0,30.0,0,0
74,14,18,3,29,Y6004121,,,,0,30.0,0,0
74,14,18,3,30,Y6004122,,,,0,30.0,0,0
74,14,18,4,10,Y6004123,,,,0,30.0,0,0
74,14,18,4,11,Y6004124,,,,0,30.0,0,0
74,14,18,4,12,Y6004125,,,,0,30.0,0,0
74,14,18,4,13,Y6004126,,,,0,30.0,0,0
74,14,18,4,14,Y6004127,,,,0,30.0,0,0
74,14,18,4,15,Y6004128,,,,0,30.0,0,0
74,14,18,4,16,Y6004129,,,,0,30.0,0,0
74,14,18,4,17,Y6004130,,,,0,30.0,0,0
74,14,18,4,18,Y6004131,,,,0,30.0,0,0
74,14,18,4,19,Y6004132,,,,0,30.0,0,0
74,14,18,4,20,Y6004133,,,,0,30.0,0,0
74,14,18,4,21,Y6004134,,,,0,30.0,0,0
74,14,18,4,22,Y6004135,,,,0,30.0,0,0
74,14,18,4,23,Y6004136,,,,0,30.0,0,0
74,14,18,4,24,Y6004137,,,,0,30.0,0,0
74,14,18,4,25,Y6004138,,,,0,30.0,0,0
74,14,18,4,26,Y6004139,,,,0,30.0,0,0
74,14,18,4,27,Y6004140,,,,0,30.0,0,0
74,14,18,4,28,Y6004141,,,,0,30.0,0,0
74,14,18,4,29,Y6004142,,,,0,30.0,0,0
74,14,18,4,30,Y6004143,,,,0,30.0,0,0
74,14,18,5,10,Y6004144,,,,0,30.0,0,0
74,14,18,5,11,Y6004145,,,,0,30.0,0,0
74,14,18,5,12,Y6004146,,,,0,30.0,0,0
74,14,18,5,13,Y6004147,,,,0,30.0,0,0
74,14,18,5,14,Y6004148,,,,0,30.0,0,0
74,14,18,5,15,Y6004149,,,,0,30.0,0,0
74,14,18,5,16,Y6004150,,,,0,30.0,0,0
74,14,18,5,17,Y6004151,,,,0,30.0,0,0
74,14,18,5,18,Y6004152,,,,0,30.0,0,0
74,14,18,5,19,Y6004153,,,,0,30.0,0,0
74,14,18,5,20,Y6004154,,,,0,30.0,0,0
74,14,18,5,21,Y6004155,,,,0,30.0,0,0
74,14,18,5,22,Y6004156,,,,0,30.0,0,0
74,14,18,5,23,Y6004157,,,,0,30.0,0,0
74,14,18,5,24,Y6004158,,,,0,30.0,0,0
74,14,18,5,25,Y6004159,,,,0,30.0,0,0
74,14,18,5,26,Y6004160,,,,0,30.0,0,0
74,14,18,5,27,Y6004161,,,,0,30.0,0,0
74,14,18,5,28,Y6004162,,,,0,30.0,0,0
74,14,18,5,29,Y6004163,,,,0,30.0,0,0
74,14,18,5,30,Y6004164,,,,0,30.0,0,0
74,14,18,6,10,Y6004165,,,,0,30.0,0,0
74,14,18,6,11,Y6004166,,,,0,30.0,0,0
74,14,18,6,12,Y6004167,,,,0,30.0,0,0
74,14,18,6,13,Y6004168,,,,0,30.0,0,0
74,14,18,6,14,Y6004169,,,,0,30.0,0,0
74,14,18,6,15,Y6004170,,,,0,30.0,0,0
74,14,18,6,16,Y6004171,,,,0,30.0,0,0
74,14,18,6,17,Y6004172,,,,0,30.0,0,0
74,14,18,6,18,Y6004173,,,,0,30.0,0,0
74,14,18,6,19,Y6004174,,,,0,30.0,0,0
74,14,18,6,20,Y6004175,,,,0,30.0,0,0
74,14,18,6,21,Y6004176,,,,0,30.0,0,0
74,14,18,6,22,Y6004177,,,,0,30.0,0,0
74,14,18,6,23,Y6004178,,,,0,30.0,0,0
74,14,18,6,24,Y6004179,,,,0,30.0,0,0
74,14,18,6,25,Y6004180,,,,0,30.0,0,0
74,14,18,6,26,Y6004181,,,,0,30.0,0,0
74,14,18,6,27,Y6004182,,,,0,30.0,0,0
74,14,18,6,28,Y6004183,,,,0,30.0,0,0
74,14,18,6,29,Y6004184,,,,0,30.0,0,0
74,14,18,6,30,Y6004185,,,,0,30.0,0,0
74,14,18,7,10,Y6004186,,,,0,30.0,0,0
74,14,18,7,11,Y6004187,,,,0,30.0,0,0
74,14,18,7,12,Y6004188,,,,0,30.0,0,0
74,14,18,7,13,Y6004189,,,,0,30.0,0,0
74,14,18,7,14,Y6004190,,,,0,30.0,0,0
74,14,18,7,15,Y6004191,,,,0,30.0,0,0
74,14,18,7,16,Y6004192,,,,0,30.0,0,0
74,14,18,7,17,Y6004193,,,,0,30.0,0,0
74,14,18,7,18,Y6004194,,,,0,30.0,0,0
74,14,18,7,19,Y6004195,,,,0,30.0,0,0
74,14,18,7,20,Y6004196,,,,0,30.0,0,0
74,14,18,7,21,Y6004197,,,,0,30.0,0,0
74,14,18,7,22,Y6004198,,,,0,30.0,0,0
74,14,18,7,23,Y6004199,,,,0,30.0,0,0
74,14,18,7,24,Y6004200,,,,0,30.0,0,0
74,14,18,7,25,Y6004201,,,,0,30.0,0,0
74,14,18,7,26,Y6004202,,,,0,30.0,0,0
74,14,18,7,27,Y6004203,,,,0,30.0,0,0
74,14,18,7,28,Y6004204,,,,0,30.0,0,0
74,14,18,7,29,Y6004205,,,,0,30.0,0,0
74,14,18,7,30,Y6004206,,,,0,30.0,0,0
74,14,18,8,10,Y6004207,,,,0,30.0,0,0
74,14,18,8,11,Y6004208,,,,0,30.0,0,0
74,14,18,8,12,Y6004209,,,,0,30.0,0,0
74,14,18,8,13,Y6004210,,,,0,30.0,0,0
74,14,18,8,14,Y6004211,,,,0,30.0,0,0
74,14,18,8,15,Y6004212,,,,0,30.0,0,0
74,14,18,8,16,Y6004213,,,,0,30.0,0,0
74,14,18,8,17,Y6004214,,,,0,30.0,0,0
74,14,18,8,18,Y6004215,,,,0,30.0,0,0
74,14,18,8,19,Y6004216,,,,0,30.0,0,0
74,14,18,8,20,Y6004217,,,,0,30.0,0,0
74,14,18,8,21,Y6004218,,,,0,30.0,0,0
74,14,18,8,22,Y6004219,,,,0,30.0,0,0
74,14,18,8,23,Y6004220,,,,0,30.0,0,0
74,14,18,8,24,Y6004221,,,,0,30.0,0,0
74,14,18,8,25,Y6004222,,,,0,30.0,0,0
74,14,18,8,26,Y6004223,,,,0,30.0,0,0
74,14,18,8,27,Y6004224,,,,0,30.0,0,0
74,14,18,8,28,Y6004225,,,,0,30.0,0,0
74,14,18,8,29,Y6004226,,,,0,30.0,0,0
74,14,18,8,30,Y6004227,,,,0,30.0,0,0
74,14,18,9,10,Y6004228,,,,0,30.0,0,0
74,14,18,9,11,Y6004229,,,,0,30.0,0,0
74,14,18,9,12,Y6004230,,,,0,30.0,0,0
74,14,18,9,13,Y6004231,,,,0,30.0,0,0
74,14,18,9,14,Y6004232,,,,0,30.0,0,0
74,14,18,9,15,Y6004233,,,,0,30.0,0,0
74,14,18,9,16,Y6004234,,,,0,30.0,0,0
74,14,18,9,17,Y6004235,,,,0,30.0,0,0
74,14,18,9,18,Y6004236,,,,0,30.0,0,0
74,14,18,9,19,Y6004237,,,,0,30.0,0,0
74,14,18,9,20,Y6004238,,,,0,30.0,0,0
74,14,18,9,21,Y6004239,,,,0,30.0,0,0
74,14,18,9,22,Y6004240,,,,0,30.0,0,0
74,14,18,9,23,Y6004241,,,,0,30.0,0,0
74,14,18,9,24,Y6004242,,,,0,30.0,0,0
74,14,18,9,25,Y6004243,,,,0,30.0,0,0
74,14,18,9,26,Y6004244,,,,0,30.0,0,0
74,14,18,9,27,Y6004245,,,,0,30.0,0,0
74,14,18,9,28,Y6004246,,,,0,30.0,0,0
74,14,18,9,29,Y6004247,,,,0,30.0,0,0
74,14,18,9,30,Y6004248,,,,0,30.0,0,0
74,14,18,10,10,Y6004249,,,,0,30.0,0,0
74,14,18,10,11,Y6004250,,,,0,30.0,0,0
74,14,18,10,12,Y6004251,,,,0,30.0,0,0
74,14,18,10,13,Y6004252,,,,0,30.0,0,0
74,14,18,10,14,Y6004253,,,,0,30.0,0,0
74,14,18,10,15,Y6004254,,,,0,30.0,0,0
74,14,18,10,16,Y6004255,,,,0,30.0,0,0
74,14,18,10,17,Y6004256,,,,0,30.0,0,0
74,14,18,10,18,Y6004257,,,,0,30.0,0,0
74,14,18,10,19,Y6004258,,,,0,30.0,0,0
74,14,18,10,20,Y6004259,,,,0,30.0,0,0
74,14,18,10,21,Y6004260,,,,0,30.0,0,0
74,14,18,10,22,Y6004261,,,,0,30.0,0,0
74,14,18,10,23,Y6004262,,,,0,30.0,0,0
74,14,18,10,24,Y6004263,,,,0,30.0,0,0
74,14,18,10,25,Y6004264,,,,0,30.0,0,0
74,14,18,10,26,Y6004265,,,,0,30.0,0,0
74,14,18,10,27,Y6004266,,,,0,30.0,0,0
74,14,18,10,28,Y6004267,,,,0,30.0,0,0
74,14,18,10,29,Y6004268,,,,0,30.0,0,0
74,14,18,10,30,Y6004269,,,,0,30.0,0,0
74,14,18,11,10,Y6004270,,,,0,30.0,0,0
74,14,18,11,11,Y6004271,,,,0,30.0,0,0
74,14,18,11,12,Y6004272,,,,0,30.0,0,0
74,14,18,11,13,Y6004273,,,,0,30.0,0,0
74,14,18,11,14,Y6004274,,,,0,30.0,0,0
74,14,18,11,15,Y6004275,,,,0,30.0,0,0
74,14,18,11,16,Y6004276,,,,0,30.0,0,0
74,14,18,11,17,Y6004277,,,,0,30.0,0,0
74,14,18,11,18,Y6004278,,,,0,30.0,0,0
74,14,18,11,19,Y6004279,,,,0,30.0,0,0
74,14,18,11,20,Y6004280,,,,0,30.0,0,0
74,14,18,11,21,Y6004281,,,,0,30.0,0,0
74,14,18,11,22,Y6004282,,,,0,30.0,0,0
74,14,18,11,23,Y6004283,,,,0,30.0,0,0
74,14,18,11,24,Y6004284,,,,0,30.0,0,0
74,14,18,11,25,Y6004285,,,,0,30.0,0,0
74,14,18,11,26,Y6004286,,,,0,30.0,0,0
74,14,18,11,27,Y6004287,,,,0,30.0,0,0
74,14,18,11,28,Y6004288,,,,0,30.0,0,0
74,14,18,11,29,Y6004289,,,,0,30.0,0,0
74,14,18,11,30,Y6004290,,,,0,30.0,0,0
74,14,18,12,10,Y6004291,,,,0,30.0,0,0
74,14,18,12,11,Y6004292,,,,0,30.0,0,0
74,14,18,12,12,Y6004293,,,,0,30.0,0,0
74,14,18,12,13,Y6004294,,,,0,30.0,0,0
74,14,18,12,14,Y6004295,,,,0,30.0,0,0
74,14,18,12,15,Y6004296,,,,0,30.0,0,0
74,14,18,12,16,Y6004297,,,,0,30.0,0,0
74,14,18,12,17,Y6004298,,,,0,30.0,0,0
74,14,18,12,18,Y6004299,,,,0,30.0,0,0
74,14,18,12,19,Y6004300,,,,0,30.0,0,0
74,14,18,12,20,Y6004301,,,,0,30.0,0,0
74,14,18,12,21,Y6004302,,,,0,30.0,0,0
74,14,18,12,22,Y6004303,,,,0,30.0,0,0
74,14,18,12,23,Y6004304,,,,0,30.0,0,0
74,14,18,12,24,Y6004305,,,,0,30.0,0,0
74,14,18,12,25,Y6004306,,,,0,30.0,0,0
74,14,18,12,26,Y6004307,,,,0,30.0,0,0
74,14,18,12,27,Y6004308,,,,0,30.0,0,0
74,14,18,12,28,Y6004309,,,,0,30.0,0,0
74,14,18,12,29,Y6004310,,,,0,30.0,0,0
74,14,18,12,30,Y6004311,,,,0,30.0,0,0
74,14,19,1,10,Y6004312,,,,0,30.0,0,0
74,14,19,1,11,Y6004313,,,,0,30.0,0,0
74,14,19,1,12,Y6004314,,,,0,30.0,0,0
74,14,19,1,13,Y6004315,,,,0,30.0,0,0
74,14,19,1,14,Y6004316,,,,0,30.0,0,0
74,14,19,1,15,Y6004317,,,,0,30.0,0,0
74,14,19,1,16,Y6004318,,,,0,30.0,0,0
74,14,19,1,17,Y6004319,,,,0,30.0,0,0
74,14,19,1,18,Y6004320,,,,0,30.0,0,0
74,14,19,1,19,Y6004321,,,,0,30.0,0,0
74,14,19,1,20,Y6004322,,,,0,30.0,0,0
74,14,19,1,21,Y6004323,,,,0,30.0,0,0
74,14,19,1,22,Y6004324,,,,0,30.0,0,0
74,14,19,1,23,Y6004325,,,,0,30.0,0,0
74,14,19,1,24,Y6004326,,,,0,30.0,0,0
74,14,19,1,25,Y6004327,,,,0,30.0,0,0
74,14,19,1,26,Y6004328,,,,0,30.0,0,0
74,14,19,1,27,Y6004329,,,,0,30.0,0,0
74,14,19,1,28,Y6004330,,,,0,30.0,0,0
74,14,19,1,29,Y6004331,,,,0,30.0,0,0
74,14,19,1,30,Y6004332,,,,0,30.0,0,0
74,14,19,2,10,Y6004333,,,,0,30.0,0,0
74,14,19,2,11,Y6004334,,,,0,30.0,0,0
74,14,19,2,12,Y6004335,,,,0,30.0,0,0
74,14,19,2,13,Y6004336,,,,0,30.0,0,0
74,14,19,2,14,Y6004337,,,,0,30.0,0,0
74,14,19,2,15,Y6004338,,,,0,30.0,0,0
74,14,19,2,16,Y6004339,,,,0,30.0,0,0
74,14,19,2,17,Y6004340,,,,0,30.0,0,0
74,14,19,2,18,Y6004341,,,,0,30.0,0,0
74,14,19,2,19,Y6004342,,,,0,30.0,0,0
74,14,19,2,20,Y6004343,,,,0,30.0,0,0
74,14,19,2,21,Y6004344,,,,0,30.0,0,0
74,14,19,2,22,Y6004345,,,,0,30.0,0,0
74,14,19,2,23,Y6004346,,,,0,30.0,0,0
74,14,19,2,24,Y6004347,,,,0,30.0,0,0
74,14,19,2,25,Y6004348,,,,0,30.0,0,0
74,14,19,2,26,Y6004349,,,,0,30.0,0,0
74,14,19,2,27,Y6004350,,,,0,30.0,0,0
74,14,19,2,28,Y6004351,,,,0,30.0,0,0
74,14,19,2,29,Y6004352,,,,0,30.0,0,0
74,14,19,2,30,Y6004353,,,,0,30.0,0,0
74,14,19,3,10,Y6004354,,,,0,30.0,0,0
74,14,19,3,11,Y6004355,,,,0,30.0,0,0
74,14,19,3,12,Y6004356,,,,0,30.0,0,0
74,14,19,3,13,Y6004357,,,,0,30.0,0,0
74,14,19,3,14,Y6004358,,,,0,30.0,0,0
74,14,19,3,15,Y6004359,,,,0,30.0,0,0
74,14,19,3,16,Y6004360,,,,0,30.0,0,0
74,14,19,3,17,Y6004361,,,,0,30.0,0,0
74,14,19,3,18,Y6004362,,,,0,30.0,0,0
74,14,19,3,19,Y6004363,,,,0,30.0,0,0
74,14,19,3,20,Y6004364,,,,0,30.0,0,0
74,14,19,3,21,Y6004365,,,,0,30.0,0,0
74,14,19,3,22,Y6004366,,,,0,30.0,0,0
74,14,19,3,23,Y6004367,,,,0,30.0,0,0
74,14,19,3,24,Y6004368,,,,0,30.0,0,0
74,14,19,3,25,Y6004369,,,,0,30.0,0,0
74,14,19,3,26,Y6004370,,,,0,30.0,0,0
74,14,19,3,27,Y6004371,,,,0,30.0,0,0
74,14,19,3,28,Y6004372,,,,0,30.0,0,0
74,14,19,3,29,Y6004373,,,,0,30.0,0,0
74,14,19,3,30,Y6004374,,,,0,30.0,0,0
74,14,19,4,10,Y6004375,,,,0,30.0,0,0
74,14,19,4,11,Y6004376,,,,0,30.0,0,0
74,14,19,4,12,Y6004377,,,,0,30.0,0,0
74,14,19,4,13,Y6004378,,,,0,30.0,0,0
74,14,19,4,14,Y6004379,,,,0,30.0,0,0
74,14,19,4,15,Y6004380,,,,0,30.0,0,0
74,14,19,4,16,Y6004381,,,,0,30.0,0,0
74,14,19,4,17,Y6004382,,,,0,30.0,0,0
74,14,19,4,18,Y6004383,,,,0,30.0,0,0
74,14,19,4,19,Y6004384,,,,0,30.0,0,0
74,14,19,4,20,Y6004385,,,,0,30.0,0,0
74,14,19,4,21,Y6004386,,,,0,30.0,0,0
74,14,19,4,22,Y6004387,,,,0,30.0,0,0
74,14,19,4,23,Y6004388,,,,0,30.0,0,0
74,14,19,4,24,Y6004389,,,,0,30.0,0,0
74,14,19,4,25,Y6004390,,,,0,30.0,0,0
74,14,19,4,26,Y6004391,,,,0,30.0,0,0
74,14,19,4,27,Y6004392,,,,0,30.0,0,0
74,14,19,4,28,Y6004393,,,,0,30.0,0,0
74,14,19,4,29,Y6004394,,,,0,30.0,0,0
74,14,19,4,30,Y6004395,,,,0,30.0,0,0
74,14,19,5,10,Y6004396,,,,0,30.0,0,0
74,14,19,5,11,Y6004397,,,,0,30.0,0,0
74,14,19,5,12,Y6004398,,,,0,30.0,0,0
74,14,19,5,13,Y6004399,,,,0,30.0,0,0
74,14,19,5,14,Y6004400,,,,0,30.0,0,0
74,14,19,5,15,Y6004401,,,,0,30.0,0,0
74,14,19,5,16,Y6004402,,,,0,30.0,0,0
74,14,19,5,17,Y6004403,,,,0,30.0,0,0
74,14,19,5,18,Y6004404,,,,0,30.0,0,0
74,14,19,5,19,Y6004405,,,,0,30.0,0,0
74,14,19,5,20,Y6004406,,,,0,30.0,0,0
74,14,19,5,21,Y6004407,,,,0,30.0,0,0
74,14,19,5,22,Y6004408,,,,0,30.0,0,0
74,14,19,5,23,Y6004409,,,,0,30.0,0,0
74,14,19,5,24,Y6004410,,,,0,30.0,0,0
74,14,19,5,25,Y6004411,,,,0,30.0,0,0
74,14,19,5,26,Y6004412,,,,0,30.0,0,0
74,14,19,5,27,Y6004413,,,,0,30.0,0,0
74,14,19,5,28,Y6004414,,,,0,30.0,0,0
74,14,19,5,29,Y6004415,,,,0,30.0,0,0
74,14,19,5,30,Y6004416,,,,0,30.0,0,0
74,14,19,6,10,Y6004417,,,,0,30.0,0,0
74,14,19,6,11,Y6004418,,,,0,30.0,0,0
74,14,19,6,12,Y6004419,,,,0,30.0,0,0
74,14,19,6,13,Y6004420,,,,0,30.0,0,0
74,14,19,6,14,Y6004421,,,,0,30.0,0,0
74,14,19,6,15,Y6004422,,,,0,30.0,0,0
74,14,19,6,16,Y6004423,,,,0,30.0,0,0
74,14,19,6,17,Y6004424,,,,0,30.0,0,0
74,14,19,6,18,Y6004425,,,,0,30.0,0,0
74,14,19,6,19,Y6004426,,,,0,30.0,0,0
74,14,19,6,20,Y6004427,,,,0,30.0,0,0
74,14,19,6,21,Y6004428,,,,0,30.0,0,0
74,14,19,6,22,Y6004429,,,,0,30.0,0,0
74,14,19,6,23,Y6004430,,,,0,30.0,0,0
74,14,19,6,24,Y6004431,,,,0,30.0,0,0
74,14,19,6,25,Y6004432,,,,0,30.0,0,0
74,14,19,6,26,Y6004433,,,,0,30.0,0,0
74,14,19,6,27,Y6004434,,,,0,30.0,0,0
74,14,19,6,28,Y6004435,,,,0,30.0,0,0
74,14,19,6,29,Y6004436,,,,0,30.0,0,0
74,14,19,6,30,Y6004437,,,,0,30.0,0,0
74,14,19,7,10,Y6004438,,,,0,30.0,0,0
74,14,19,7,11,Y6004439,,,,0,30.0,0,0
74,14,19,7,12,Y6004440,,,,0,30.0,0,0
74,14,19,7,13,Y6004441,,,,0,30.0,0,0
74,14,19,7,14,Y6004442,,,,0,30.0,0,0
74,14,19,7,15,Y6004443,,,,0,30.0,0,0
74,14,19,7,16,Y6004444,,,,0,30.0,0,0
74,14,19,7,17,Y6004445,,,,0,30.0,0,0
74,14,19,7,18,Y6004446,,,,0,30.0,0,0
74,14,19,7,19,Y6004447,,,,0,30.0,0,0
74,14,19,7,20,Y6004448,,,,0,30.0,0,0
74,14,19,7,21,Y6004449,,,,0,30.0,0,0
74,14,19,7,22,Y6004450,,,,0,30.0,0,0
74,14,19,7,23,Y6004451,,,,0,30.0,0,0
74,14,19,7,24,Y6004452,,,,0,30.0,0,0
74,14,19,7,25,Y6004453,,,,0,30.0,0,0
74,14,19,7,26,Y6004454,,,,0,30.0,0,0
74,14,19,7,27,Y6004455,,,,0,30.0,0,0
74,14,19,7,28,Y6004456,,,,0,30.0,0,0
74,14,19,7,29,Y6004457,,,,0,30.0,0,0
74,14,19,7,30,Y6004458,,,,0,30.0,0,0
74,14,19,8,10,Y6004459,,,,0,30.0,0,0
74,14,19,8,11,Y6004460,,,,0,30.0,0,0
74,14,19,8,12,Y6004461,,,,0,30.0,0,0
74,14,19,8,13,Y6004462,,,,0,30.0,0,0
74,14,19,8,14,Y6004463,,,,0,30.0,0,0
74,14,19,8,15,Y6004464,,,,0,30.0,0,0
74,14,19,8,16,Y6004465,,,,0,30.0,0,0
74,14,19,8,17,Y6004466,,,,0,30.0,0,0
74,14,19,8,18,Y6004467,,,,0,30.0,0,0
74,14,19,8,19,Y6004468,,,,0,30.0,0,0
74,14,19,8,20,Y6004469,,,,0,30.0,0,0
74,14,19,8,21,Y6004470,,,,0,30.0,0,0
74,14,19,8,22,Y6004471,,,,0,30.0,0,0
74,14,19,8,23,Y6004472,,,,0,30.0,0,0
74,14,19,8,24,Y6004473,,,,0,30.0,0,0
74,14,19,8,25,Y6004474,,,,0,30.0,0,0
74,14,19,8,26,Y6004475,,,,0,30.0,0,0
74,14,19,8,27,Y6004476,,,,0,30.0,0,0
74,14,19,8,28,Y6004477,,,,0,30.0,0,0
74,14,19,8,29,Y6004478,,,,0,30.0,0,0
74,14,19,8,30,Y6004479,,,,0,30.0,0,0
74,14,19,9,10,Y6004480,,,,0,30.0,0,0
74,14,19,9,11,Y6004481,,,,0,30.0,0,0
74,14,19,9,12,Y6004482,,,,0,30.0,0,0
74,14,19,9,13,Y6004483,,,,0,30.0,0,0
74,14,19,9,14,Y6004484,,,,0,30.0,0,0
74,14,19,9,15,Y6004485,,,,0,30.0,0,0
74,14,19,9,16,Y6004486,,,,0,30.0,0,0
74,14,19,9,17,Y6004487,,,,0,30.0,0,0
74,14,19,9,18,Y6004488,,,,0,30.0,0,0
74,14,19,9,19,Y6004489,,,,0,30.0,0,0
74,14,19,9,20,Y6004490,,,,0,30.0,0,0
74,14,19,9,21,Y6004491,,,,0,30.0,0,0
74,14,19,9,22,Y6004492,,,,0,30.0,0,0
74,14,19,9,23,Y6004493,,,,0,30.0,0,0
74,14,19,9,24,Y6004494,,,,0,30.0,0,0
74,14,19,9,25,Y6004495,,,,0,30.0,0,0
74,14,19,9,26,Y6004496,,,,0,30.0,0,0
74,14,19,9,27,Y6004497,,,,0,30.0,0,0
74,14,19,9,28,Y6004498,,,,0,30.0,0,0
74,14,19,9,29,Y6004499,,,,0,30.0,0,0
74,14,19,9,30,Y6004500,,,,0,30.0,0,0
74,14,19,10,10,Y6004501,,,,0,30.0,0,0
74,14,19,10,11,Y6004502,,,,0,30.0,0,0
74,14,19,10,12,Y6004503,,,,0,30.0,0,0
74,14,19,10,13,Y6004504,,,,0,30.0,0,0
74,14,19,10,14,Y6004505,,,,0,30.0,0,0
74,14,19,10,15,Y6004506,,,,0,30.0,0,0
74,14,19,10,16,Y6004507,,,,0,30.0,0,0
74,14,19,10,17,Y6004508,,,,0,30.0,0,0
74,14,19,10,18,Y6004509,,,,0,30.0,0,0
74,14,19,10,19,Y6004510,,,,0,30.0,0,0
74,14,19,10,20,Y6004511,,,,0,30.0,0,0
74,14,19,10,21,Y6004512,,,,0,30.0,0,0
74,14,19,10,22,Y6004513,,,,0,30.0,0,0
74,14,19,10,23,Y6004514,,,,0,30.0,0,0
74,14,19,10,24,Y6004515,,,,0,30.0,0,0
74,14,19,10,25,Y6004516,,,,0,30.0,0,0
74,14,19,10,26,Y6004517,,,,0,30.0,0,0
74,14,19,10,27,Y6004518,,,,0,30.0,0,0
74,14,19,10,28,Y6004519,,,,0,30.0,0,0
74,14,19,10,29,Y6004520,,,,0,30.0,0,0
74,14,19,10,30,Y6004521,,,,0,30.0,0,0
74,14,19,11,10,Y6004522,,,,0,30.0,0,0
74,14,19,11,11,Y6004523,,,,0,30.0,0,0
74,14,19,11,12,Y6004524,,,,0,30.0,0,0
74,14,19,11,13,Y6004525,,,,0,30.0,0,0
74,14,19,11,14,Y6004526,,,,0,30.0,0,0
74,14,19,11,15,Y6004527,,,,0,30.0,0,0
74,14,19,11,16,Y6004528,,,,0,30.0,0,0
74,14,19,11,17,Y6004529,,,,0,30.0,0,0
74,14,19,11,18,Y6004530,,,,0,30.0,0,0
74,14,19,11,19,Y6004531,,,,0,30.0,0,0
74,14,19,11,20,Y6004532,,,,0,30.0,0,0
74,14,19,11,21,Y6004533,,,,0,30.0,0,0
74,14,19,11,22,Y6004534,,,,0,30.0,0,0
74,14,19,11,23,Y6004535,,,,0,30.0,0,0
74,14,19,11,24,Y6004536,,,,0,30.0,0,0
74,14,19,11,25,Y6004537,,,,0,30.0,0,0
74,14,19,11,26,Y6004538,,,,0,30.0,0,0
74,14,19,11,27,Y6004539,,,,0,30.0,0,0
74,14,19,11,28,Y6004540,,,,0,30.0,0,0
74,14,19,11,29,Y6004541,,,,0,30.0,0,0
74,14,19,11,30,Y6004542,,,,0,30.0,0,0
74,14,19,12,10,Y6004543,,,,0,30.0,0,0
74,14,19,12,11,Y6004544,,,,0,30.0,0,0
74,14,19,12,12,Y6004545,,,,0,30.0,0,0
74,14,19,12,13,Y6004546,,,,0,30.0,0,0
74,14,19,12,14,Y6004547,,,,0,30.0,0,0
74,14,19,12,15,Y6004548,,,,0,30.0,0,0
74,14,19,12,16,Y6004549,,,,0,30.0,0,0
74,14,19,12,17,Y6004550,,,,0,30.0,0,0
74,14,19,12,18,Y6004551,,,,0,30.0,0,0
74,14,19,12,19,Y6004552,,,,0,30.0,0,0
74,14,19,12,20,Y6004553,,,,0,30.0,0,0
74,14,19,12,21,Y6004554,,,,0,30.0,0,0
74,14,19,12,22,Y6004555,,,,0,30.0,0,0
74,14,19,12,23,Y6004556,,,,0,30.0,0,0
74,14,19,12,24,Y6004557,,,,0,30.0,0,0
74,14,19,12,25,Y6004558,,,,0,30.0,0,0
74,14,19,12,26,Y6004559,,,,0,30.0,0,0
74,14,19,12,27,Y6004560,,,,0,30.0,0,0
74,14,19,12,28,Y6004561,,,,0,30.0,0,0
74,14,19,12,29,Y6004562,,,,0,30.0,0,0
74,14,19,12,30,Y6004563,,,,0,30.0,0,0
74,14,20,1,10,Y6004564,,,,0,30.0,0,0
74,14,20,1,11,Y6004565,,,,0,30.0,0,0
74,14,20,1,12,Y6004566,,,,0,30.0,0,0
74,14,20,1,13,Y6004567,,,,0,30.0,0,0
74,14,20,1,14,Y6004568,,,,0,30.0,0,0
74,14,20,1,15,Y6004569,,,,0,30.0,0,0
74,14,20,1,16,Y6004570,,,,0,30.0,0,0
74,14,20,1,17,Y6004571,,,,0,30.0,0,0
74,14,20,1,18,Y6004572,,,,0,30.0,0,0
74,14,20,1,19,Y6004573,,,,0,30.0,0,0
74,14,20,1,20,Y6004574,,,,0,30.0,0,0
74,14,20,1,21,Y6004575,,,,0,30.0,0,0
74,14,20,1,22,Y6004576,,,,0,30.0,0,0
74,14,20,1,23,Y6004577,,,,0,30.0,0,0
74,14,20,1,24,Y6004578,,,,0,30.0,0,0
74,14,20,1,25,Y6004579,,,,0,30.0,0,0
74,14,20,1,26,Y6004580,,,,0,30.0,0,0
74,14,20,1,27,Y6004581,,,,0,30.0,0,0
74,14,20,1,28,Y6004582,,,,0,30.0,0,0
74,14,20,1,29,Y6004583,,,,0,30.0,0,0
74,14,20,1,30,Y6004584,,,,0,30.0,0,0
74,14,20,2,10,Y6004585,,,,0,30.0,0,0
74,14,20,2,11,Y6004586,,,,0,30.0,0,0
74,14,20,2,12,Y6004587,,,,0,30.0,0,0
74,14,20,2,13,Y6004588,,,,0,30.0,0,0
74,14,20,2,14,Y6004589,,,,0,30.0,0,0
74,14,20,2,15,Y6004590,,,,0,30.0,0,0
74,14,20,2,16,Y6004591,,,,0,30.0,0,0
74,14,20,2,17,Y6004592,,,,0,30.0,0,0
74,14,20,2,18,Y6004593,,,,0,30.0,0,0
74,14,20,2,19,Y6004594,,,,0,30.0,0,0
74,14,20,2,20,Y6004595,,,,0,30.0,0,0
74,14,20,2,21,Y6004596,,,,0,30.0,0,0
74,14,20,2,22,Y6004597,,,,0,30.0,0,0
74,14,20,2,23,Y6004598,,,,0,30.0,0,0
74,14,20,2,24,Y6004599,,,,0,30.0,0,0
74,14,20,2,25,Y6004600,,,,0,30.0,0,0
74,14,20,2,26,Y6004601,,,,0,30.0,0,0
74,14,20,2,27,Y6004602,,,,0,30.0,0,0
74,14,20,2,28,Y6004603,,,,0,30.0,0,0
74,14,20,2,29,Y6004604,,,,0,30.0,0,0
74,14,20,2,30,Y6004605,,,,0,30.0,0,0
74,14,20,3,10,Y6004606,,,,0,30.0,0,0
74,14,20,3,11,Y6004607,,,,0,30.0,0,0
74,14,20,3,12,Y6004608,,,,0,30.0,0,0
74,14,20,3,13,Y6004609,,,,0,30.0,0,0
74,14,20,3,14,Y6004610,,,,0,30.0,0,0
74,14,20,3,15,Y6004611,,,,0,30.0,0,0
74,14,20,3,16,Y6004612,,,,0,30.0,0,0
74,14,20,3,17,Y6004613,,,,0,30.0,0,0
74,14,20,3,18,Y6004614,,,,0,30.0,0,0
74,14,20,3,19,Y6004615,,,,0,30.0,0,0
74,14,20,3,20,Y6004616,,,,0,30.0,0,0
74,14,20,3,21,Y6004617,,,,0,30.0,0,0
74,14,20,3,22,Y6004618,,,,0,30.0,0,0
74,14,20,3,23,Y6004619,,,,0,30.0,0,0
74,14,20,3,24,Y6004620,,,,0,30.0,0,0
74,14,20,3,25,Y6004621,,,,0,30.0,0,0
74,14,20,3,26,Y6004622,,,,0,30.0,0,0
74,14,20,3,27,Y6004623,,,,0,30.0,0,0
74,14,20,3,28,Y6004624,,,,0,30.0,0,0
74,14,20,3,29,Y6004625,,,,0,30.0,0,0
74,14,20,3,30,Y6004626,,,,0,30.0,0,0
74,14,20,4,10,Y6004627,,,,0,30.0,0,0
74,14,20,4,11,Y6004628,,,,0,30.0,0,0
74,14,20,4,12,Y6004629,,,,0,30.0,0,0
74,14,20,4,13,Y6004630,,,,0,30.0,0,0
74,14,20,4,14,Y6004631,,,,0,30.0,0,0
74,14,20,4,15,Y6004632,,,,0,30.0,0,0
74,14,20,4,16,Y6004633,,,,0,30.0,0,0
74,14,20,4,17,Y6004634,,,,0,30.0,0,0
74,14,20,4,18,Y6004635,,,,0,30.0,0,0
74,14,20,4,19,Y6004636,,,,0,30.0,0,0
74,14,20,4,20,Y6004637,,,,0,30.0,0,0
74,14,20,4,21,Y6004638,,,,0,30.0,0,0
74,14,20,4,22,Y6004639,,,,0,30.0,0,0
74,14,20,4,23,Y6004640,,,,0,30.0,0,0
74,14,20,4,24,Y6004641,,,,0,30.0,0,0
74,14,20,4,25,Y6004642,,,,0,30.0,0,0
74,14,20,4,26,Y6004643,,,,0,30.0,0,0
74,14,20,4,27,Y6004644,,,,0,30.0,0,0
74,14,20,4,28,Y6004645,,,,0,30.0,0,0
74,14,20,4,29,Y6004646,,,,0,30.0,0,0
74,14,20,4,30,Y6004647,,,,0,30.0,0,0
74,14,20,5,10,Y6004648,,,,0,30.0,0,0
74,14,20,5,11,Y6004649,,,,0,30.0,0,0
74,14,20,5,12,Y6004650,,,,0,30.0,0,0
74,14,20,5,13,Y6004651,,,,0,30.0,0,0
74,14,20,5,14,Y6004652,,,,0,30.0,0,0
74,14,20,5,15,Y6004653,,,,0,30.0,0,0
74,14,20,5,16,Y6004654,,,,0,30.0,0,0
74,14,20,5,17,Y6004655,,,,0,30.0,0,0
74,14,20,5,18,Y6004656,,,,0,30.0,0,0
74,14,20,5,19,Y6004657,,,,0,30.0,0,0
74,14,20,5,20,Y6004658,,,,0,30.0,0,0
74,14,20,5,21,Y6004659,,,,0,30.0,0,0
74,14,20,5,22,Y6004660,,,,0,30.0,0,0
74,14,20,5,23,Y6004661,,,,0,30.0,0,0
74,14,20,5,24,Y6004662,,,,0,30.0,0,0
74,14,20,5,25,Y6004663,,,,0,30.0,0,0
74,14,20,5,26,Y6004664,,,,0,30.0,0,0
74,14,20,5,27,Y6004665,,,,0,30.0,0,0
74,14,20,5,28,Y6004666,,,,0,30.0,0,0
74,14,20,5,29,Y6004667,,,,0,30.0,0,0
74,14,20,5,30,Y6004668,,,,0,30.0,0,0
74,14,20,6,10,Y6004669,,,,0,30.0,0,0
74,14,20,6,11,Y6004670,,,,0,30.0,0,0
74,14,20,6,12,Y6004671,,,,0,30.0,0,0
74,14,20,6,13,Y6004672,,,,0,30.0,0,0
74,14,20,6,14,Y6004673,,,,0,30.0,0,0
74,14,20,6,15,Y6004674,,,,0,30.0,0,0
74,14,20,6,16,Y6004675,,,,0,30.0,0,0
74,14,20,6,17,Y6004676,,,,0,30.0,0,0
74,14,20,6,18,Y6004677,,,,0,30.0,0,0
74,14,20,6,19,Y6004678,,,,0,30.0,0,0
74,14,20,6,20,Y6004679,,,,0,30.0,0,0
74,14,20,6,21,Y6004680,,,,0,30.0,0,0
74,14,20,6,22,Y6004681,,,,0,30.0,0,0
74,14,20,6,23,Y6004682,,,,0,30.0,0,0
74,14,20,6,24,Y6004683,,,,0,30.0,0,0
74,14,20,6,25,Y6004684,,,,0,30.0,0,0
74,14,20,6,26,Y6004685,,,,0,30.0,0,0
74,14,20,6,27,Y6004686,,,,0,30.0,0,0
74,14,20,6,28,Y6004687,,,,0,30.0,0,0
74,14,20,6,29,Y6004688,,,,0,30.0,0,0
74,14,20,6,30,Y6004689,,,,0,30.0,0,0
74,14,20,7,10,Y6004690,,,,0,30.0,0,0
74,14,20,7,11,Y6004691,,,,0,30.0,0,0
74,14,20,7,12,Y6004692,,,,0,30.0,0,0
74,14,20,7,13,Y6004693,,,,0,30.0,0,0
74,14,20,7,14,Y6004694,,,,0,30.0,0,0
74,14,20,7,15,Y6004695,,,,0,30.0,0,0
74,14,20,7,16,Y6004696,,,,0,30.0,0,0
74,14,20,7,17,Y6004697,,,,0,30.0,0,0
74,14,20,7,18,Y6004698,,,,0,30.0,0,0
74,14,20,7,19,Y6004699,,,,0,30.0,0,0
74,14,20,7,20,Y6004700,,,,0,30.0,0,0
74,14,20,7,21,Y6004701,,,,0,30.0,0,0
74,14,20,7,22,Y6004702,,,,0,30.0,0,0
74,14,20,7,23,Y6004703,,,,0,30.0,0,0
74,14,20,7,24,Y6004704,,,,0,30.0,0,0
74,14,20,7,25,Y6004705,,,,0,30.0,0,0
74,14,20,7,26,Y6004706,,,,0,30.0,0,0
74,14,20,7,27,Y6004707,,,,0,30.0,0,0
74,14,20,7,28,Y6004708,,,,0,30.0,0,0
74,14,20,7,29,Y6004709,,,,0,30.0,0,0
74,14,20,7,30,Y6004710,,,,0,30.0,0,0
74,14,20,8,10,Y6004711,,,,0,30.0,0,0
74,14,20,8,11,Y6004712,,,,0,30.0,0,0
74,14,20,8,12,Y6004713,,,,0,30.0,0,0
74,14,20,8,13,Y6004714,,,,0,30.0,0,0
74,14,20,8,14,Y6004715,,,,0,30.0,0,0
74,14,20,8,15,Y6004716,,,,0,30.0,0,0
74,14,20,8,16,Y6004717,,,,0,30.0,0,0
74,14,20,8,17,Y6004718,,,,0,30.0,0,0
74,14,20,8,18,Y6004719,,,,0,30.0,0,0
74,14,20,8,19,Y6004720,,,,0,30.0,0,0
74,14,20,8,20,Y6004721,,,,0,30.0,0,0
74,14,20,8,21,Y6004722,,,,0,30.0,0,0
74,14,20,8,22,Y6004723,,,,0,30.0,0,0
74,14,20,8,23,Y6004724,,,,0,30.0,0,0
74,14,20,8,24,Y6004725,,,,0,30.0,0,0
74,14,20,8,25,Y6004726,,,,0,30.0,0,0
74,14,20,8,26,Y6004727,,,,0,30.0,0,0
74,14,20,8,27,Y6004728,,,,0,30.0,0,0
74,14,20,8,28,Y6004729,,,,0,30.0,0,0
74,14,20,8,29,Y6004730,,,,0,30.0,0,0
74,14,20,8,30,Y6004731,,,,0,30.0,0,0
74,14,20,9,10,Y6004732,,,,0,30.0,0,0
74,14,20,9,11,Y6004733,,,,0,30.0,0,0
74,14,20,9,12,Y6004734,,,,0,30.0,0,0
74,14,20,9,13,Y6004735,,,,0,30.0,0,0
74,14,20,9,14,Y6004736,,,,0,30.0,0,0
74,14,20,9,15,Y6004737,,,,0,30.0,0,0
74,14,20,9,16,Y6004738,,,,0,30.0,0,0
74,14,20,9,17,Y6004739,,,,0,30.0,0,0
74,14,20,9,18,Y6004740,,,,0,30.0,0,0
74,14,20,9,19,Y6004741,,,,0,30.0,0,0
74,14,20,9,20,Y6004742,,,,0,30.0,0,0
74,14,20,9,21,Y6004743,,,,0,30.0,0,0
74,14,20,9,22,Y6004744,,,,0,30.0,0,0
74,14,20,9,23,Y6004745,,,,0,30.0,0,0
74,14,20,9,24,Y6004746,,,,0,30.0,0,0
74,14,20,9,25,Y6004747,,,,0,30.0,0,0
74,14,20,9,26,Y6004748,,,,0,30.0,0,0
74,14,20,9,27,Y6004749,,,,0,30.0,0,0
74,14,20,9,28,Y6004750,,,,0,30.0,0,0
74,14,20,9,29,Y6004751,,,,0,30.0,0,0
74,14,20,9,30,Y6004752,,,,0,30.0,0,0
74,14,20,10,10,Y6004753,,,,0,30.0,0,0
74,14,20,10,11,Y6004754,,,,0,30.0,0,0
74,14,20,10,12,Y6004755,,,,0,30.0,0,0
74,14,20,10,13,Y6004756,,,,0,30.0,0,0
74,14,20,10,14,Y6004757,,,,0,30.0,0,0
74,14,20,10,15,Y6004758,,,,0,30.0,0,0
74,14,20,10,16,Y6004759,,,,0,30.0,0,0
74,14,20,10,17,Y6004760,,,,0,30.0,0,0
74,14,20,10,18,Y6004761,,,,0,30.0,0,0
74,14,20,10,19,Y6004762,,,,0,30.0,0,0
74,14,20,10,20,Y6004763,,,,0,30.0,0,0
74,14,20,10,21,Y6004764,,,,0,30.0,0,0
74,14,20,10,22,Y6004765,,,,0,30.0,0,0
74,14,20,10,23,Y6004766,,,,0,30.0,0,0
74,14,20,10,24,Y6004767,,,,0,30.0,0,0
74,14,20,10,25,Y6004768,,,,0,30.0,0,0
74,14,20,10,26,Y6004769,,,,0,30.0,0,0
74,14,20,10,27,Y6004770,,,,0,30.0,0,0
74,14,20,10,28,Y6004771,,,,0,30.0,0,0
74,14,20,10,29,Y6004772,,,,0,30.0,0,0
74,14,20,10,30,Y6004773,,,,0,30.0,0,0
74,14,20,11,10,Y6004774,,,,0,30.0,0,0
74,14,20,11,11,Y6004775,,,,0,30.0,0,0
74,14,20,11,12,Y6004776,,,,0,30.0,0,0
74,14,20,11,13,Y6004777,,,,0,30.0,0,0
74,14,20,11,14,Y6004778,,,,0,30.0,0,0
74,14,20,11,15,Y6004779,,,,0,30.0,0,0
74,14,20,11,16,Y6004780,,,,0,30.0,0,0
74,14,20,11,17,Y6004781,,,,0,30.0,0,0
74,14,20,11,18,Y6004782,,,,0,30.0,0,0
74,14,20,11,19,Y6004783,,,,0,30.0,0,0
74,14,20,11,20,Y6004784,,,,0,30.0,0,0
74,14,20,11,21,Y6004785,,,,0,30.0,0,0
74,14,20,11,22,Y6004786,,,,0,30.0,0,0
74,14,20,11,23,Y6004787,,,,0,30.0,0,0
74,14,20,11,24,Y6004788,,,,0,30.0,0,0
74,14,20,11,25,Y6004789,,,,0,30.0,0,0
74,14,20,11,26,Y6004790,,,,0,30.0,0,0
74,14,20,11,27,Y6004791,,,,0,30.0,0,0
74,14,20,11,28,Y6004792,,,,0,30.0,0,0
74,14,20,11,29,Y6004793,,,,0,30.0,0,0
74,14,20,11,30,Y6004794,,,,0,30.0,0,0
74,14,20,12,10,Y6004795,,,,0,30.0,0,0
74,14,20,12,11,Y6004796,,,,0,30.0,0,0
74,14,20,12,12,Y6004797,,,,0,30.0,0,0
74,14,20,12,13,Y6004798,,,,0,30.0,0,0
74,14,20,12,14,Y6004799,,,,0,30.0,0,0
74,14,20,12,15,Y6004800,,,,0,30.0,0,0
74,14,20,12,16,Y6004801,,,,0,30.0,0,0
74,14,20,12,17,Y6004802,,,,0,30.0,0,0
74,14,20,12,18,Y6004803,,,,0,30.0,0,0
74,14,20,12,19,Y6004804,,,,0,30.0,0,0
74,14,20,12,20,Y6004805,,,,0,30.0,0,0
74,14,20,12,21,Y6004806,,,,0,30.0,0,0
74,14,20,12,22,Y6004807,,,,0,30.0,0,0
74,14,20,12,23,Y6004808,,,,0,30.0,0,0
74,14,20,12,24,Y6004809,,,,0,30.0,0,0
74,14,20,12,25,Y6004810,,,,0,30.0,0,0
74,14,20,12,26,Y6004811,,,,0,30.0,0,0
74,14,20,12,27,Y6004812,,,,0,30.0,0,0
74,14,20,12,28,Y6004813,,,,0,30.0,0,0
74,14,20,12,29,Y6004814,,,,0,30.0,0,0
74,14,20,12,30,Y6004815,,,,0,30.0,0,0
74,14,21,1,10,Y6004816,,,,0,30.0,0,0
74,14,21,1,11,Y6004817,,,,0,30.0,0,0
74,14,21,1,12,Y6004818,,,,0,30.0,0,0
74,14,21,1,13,Y6004819,,,,0,30.0,0,0
74,14,21,1,14,Y6004820,,,,0,30.0,0,0
74,14,21,1,15,Y6004821,,,,0,30.0,0,0
74,14,21,1,16,Y6004822,,,,0,30.0,0,0
74,14,21,1,17,Y6004823,,,,0,30.0,0,0
74,14,21,1,18,Y6004824,,,,0,30.0,0,0
74,14,21,1,19,Y6004825,,,,0,30.0,0,0
74,14,21,1,20,Y6004826,,,,0,30.0,0,0
74,14,21,1,21,Y6004827,,,,0,30.0,0,0
74,14,21,1,22,Y6004828,,,,0,30.0,0,0
74,14,21,1,23,Y6004829,,,,0,30.0,0,0
74,14,21,1,24,Y6004830,,,,0,30.0,0,0
74,14,21,1,25,Y6004831,,,,0,30.0,0,0
74,14,21,1,26,Y6004832,,,,0,30.0,0,0
74,14,21,1,27,Y6004833,,,,0,30.0,0,0
74,14,21,1,28,Y6004834,,,,0,30.0,0,0
74,14,21,1,29,Y6004835,,,,0,30.0,0,0
74,14,21,1,30,Y6004836,,,,0,30.0,0,0
74,14,21,2,10,Y6004837,,,,0,30.0,0,0
74,14,21,2,11,Y6004838,,,,0,30.0,0,0
74,14,21,2,12,Y6004839,,,,0,30.0,0,0
74,14,21,2,13,Y6004840,,,,0,30.0,0,0
74,14,21,2,14,Y6004841,,,,0,30.0,0,0
74,14,21,2,15,Y6004842,,,,0,30.0,0,0
74,14,21,2,16,Y6004843,,,,0,30.0,0,0
74,14,21,2,17,Y6004844,,,,0,30.0,0,0
74,14,21,2,18,Y6004845,,,,0,30.0,0,0
74,14,21,2,19,Y6004846,,,,0,30.0,0,0
74,14,21,2,20,Y6004847,,,,0,30.0,0,0
74,14,21,2,21,Y6004848,,,,0,30.0,0,0
74,14,21,2,22,Y6004849,,,,0,30.0,0,0
74,14,21,2,23,Y6004850,,,,0,30.0,0,0
74,14,21,2,24,Y6004851,,,,0,30.0,0,0
74,14,21,2,25,Y6004852,,,,0,30.0,0,0
74,14,21,2,26,Y6004853,,,,0,30.0,0,0
74,14,21,2,27,Y6004854,,,,0,30.0,0,0
74,14,21,2,28,Y6004855,,,,0,30.0,0,0
74,14,21,2,29,Y6004856,,,,0,30.0,0,0
74,14,21,2,30,Y6004857,,,,0,30.0,0,0
74,14,21,3,10,Y6004858,,,,0,30.0,0,0
74,14,21,3,11,Y6004859,,,,0,30.0,0,0
74,14,21,3,12,Y6004860,,,,0,30.0,0,0
74,14,21,3,13,Y6004861,,,,0,30.0,0,0
74,14,21,3,14,Y6004862,,,,0,30.0,0,0
74,14,21,3,15,Y6004863,,,,0,30.0,0,0
74,14,21,3,16,Y6004864,,,,0,30.0,0,0
74,14,21,3,17,Y6004865,,,,0,30.0,0,0
74,14,21,3,18,Y6004866,,,,0,30.0,0,0
74,14,21,3,19,Y6004867,,,,0,30.0,0,0
74,14,21,3,20,Y6004868,,,,0,30.0,0,0
74,14,21,3,21,Y6004869,,,,0,30.0,0,0
74,14,21,3,22,Y6004870,,,,0,30.0,0,0
74,14,21,3,23,Y6004871,,,,0,30.0,0,0
74,14,21,3,24,Y6004872,,,,0,30.0,0,0
74,14,21,3,25,Y6004873,,,,0,30.0,0,0
74,14,21,3,26,Y6004874,,,,0,30.0,0,0
74,14,21,3,27,Y6004875,,,,0,30.0,0,0
74,14,21,3,28,Y6004876,,,,0,30.0,0,0
74,14,21,3,29,Y6004877,,,,0,30.0,0,0
74,14,21,3,30,Y6004878,,,,0,30.0,0,0
74,14,21,4,10,Y6004879,,,,0,30.0,0,0
74,14,21,4,11,Y6004880,,,,0,30.0,0,0
74,14,21,4,12,Y6004881,,,,0,30.0,0,0
74,14,21,4,13,Y6004882,,,,0,30.0,0,0
74,14,21,4,14,Y6004883,,,,0,30.0,0,0
74,14,21,4,15,Y6004884,,,,0,30.0,0,0
74,14,21,4,16,Y6004885,,,,0,30.0,0,0
74,14,21,4,17,Y6004886,,,,0,30.0,0,0
74,14,21,4,18,Y6004887,,,,0,30.0,0,0
74,14,21,4,19,Y6004888,,,,0,30.0,0,0
74,14,21,4,20,Y6004889,,,,0,30.0,0,0
74,14,21,4,21,Y6004890,,,,0,30.0,0,0
74,14,21,4,22,Y6004891,,,,0,30.0,0,0
74,14,21,4,23,Y6004892,,,,0,30.0,0,0
74,14,21,4,24,Y6004893,,,,0,30.0,0,0
74,14,21,4,25,Y6004894,,,,0,30.0,0,0
74,14,21,4,26,Y6004895,,,,0,30.0,0,0
74,14,21,4,27,Y6004896,,,,0,30.0,0,0
74,14,21,4,28,Y6004897,,,,0,30.0,0,0
74,14,21,4,29,Y6004898,,,,0,30.0,0,0
74,14,21,4,30,Y6004899,,,,0,30.0,0,0
74,14,21,5,10,Y6004900,,,,0,30.0,0,0
74,14,21,5,11,Y6004901,,,,0,30.0,0,0
74,14,21,5,12,Y6004902,,,,0,30.0,0,0
74,14,21,5,13,Y6004903,,,,0,30.0,0,0
74,14,21,5,14,Y6004904,,,,0,30.0,0,0
74,14,21,5,15,Y6004905,,,,0,30.0,0,0
74,14,21,5,16,Y6004906,,,,0,30.0,0,0
74,14,21,5,17,Y6004907,,,,0,30.0,0,0
74,14,21,5,18,Y6004908,,,,0,30.0,0,0
74,14,21,5,19,Y6004909,,,,0,30.0,0,0
74,14,21,5,20,Y6004910,,,,0,30.0,0,0
74,14,21,5,21,Y6004911,,,,0,30.0,0,0
74,14,21,5,22,Y6004912,,,,0,30.0,0,0
74,14,21,5,23,Y6004913,,,,0,30.0,0,0
74,14,21,5,24,Y6004914,,,,0,30.0,0,0
74,14,21,5,25,Y6004915,,,,0,30.0,0,0
74,14,21,5,26,Y6004916,,,,0,30.0,0,0
74,14,21,5,27,Y6004917,,,,0,30.0,0,0
74,14,21,5,28,Y6004918,,,,0,30.0,0,0
74,14,21,5,29,Y6004919,,,,0,30.0,0,0
74,14,21,5,30,Y6004920,,,,0,30.0,0,0
74,14,21,6,10,Y6004921,,,,0,30.0,0,0
74,14,21,6,11,Y6004922,,,,0,30.0,0,0
74,14,21,6,12,Y6004923,,,,0,30.0,0,0
74,14,21,6,13,Y6004924,,,,0,30.0,0,0
74,14,21,6,14,Y6004925,,,,0,30.0,0,0
74,14,21,6,15,Y6004926,,,,0,30.0,0,0
74,14,21,6,16,Y6004927,,,,0,30.0,0,0
74,14,21,6,17,Y6004928,,,,0,30.0,0,0
74,14,21,6,18,Y6004929,,,,0,30.0,0,0
74,14,21,6,19,Y6004930,,,,0,30.0,0,0
74,14,21,6,20,Y6004931,,,,0,30.0,0,0
74,14,21,6,21,Y6004932,,,,0,30.0,0,0
74,14,21,6,22,Y6004933,,,,0,30.0,0,0
74,14,21,6,23,Y6004934,,,,0,30.0,0,0
74,14,21,6,24,Y6004935,,,,0,30.0,0,0
74,14,21,6,25,Y6004936,,,,0,30.0,0,0
74,14,21,6,26,Y6004937,,,,0,30.0,0,0
74,14,21,6,27,Y6004938,,,,0,30.0,0,0
74,14,21,6,28,Y6004939,,,,0,30.0,0,0
74,14,21,6,29,Y6004940,,,,0,30.0,0,0
74,14,21,6,30,Y6004941,,,,0,30.0,0,0
74,14,21,7,10,Y6004942,,,,0,30.0,0,0
74,14,21,7,11,Y6004943,,,,0,30.0,0,0
74,14,21,7,12,Y6004944,,,,0,30.0,0,0
74,14,21,7,13,Y6004945,,,,0,30.0,0,0
74,14,21,7,14,Y6004946,,,,0,30.0,0,0
74,14,21,7,15,Y6004947,,,,0,30.0,0,0
74,14,21,7,16,Y6004948,,,,0,30.0,0,0
74,14,21,7,17,Y6004949,,,,0,30.0,0,0
74,14,21,7,18,Y6004950,,,,0,30.0,0,0
74,14,21,7,19,Y6004951,,,,0,30.0,0,0
74,14,21,7,20,Y6004952,,,,0,30.0,0,0
74,14,21,7,21,Y6004953,,,,0,30.0,0,0
74,14,21,7,22,Y6004954,,,,0,30.0,0,0
74,14,21,7,23,Y6004955,,,,0,30.0,0,0
74,14,21,7,24,Y6004956,,,,0,30.0,0,0
74,14,21,7,25,Y6004957,,,,0,30.0,0,0
74,14,21,7,26,Y6004958,,,,0,30.0,0,0
74,14,21,7,27,Y6004959,,,,0,30.0,0,0
74,14,21,7,28,Y6004960,,,,0,30.0,0,0
74,14,21,7,29,Y6004961,,,,0,30.0,0,0
74,14,21,7,30,Y6004962,,,,0,30.0,0,0
74,14,21,8,10,Y6004963,,,,0,30.0,0,0
74,14,21,8,11,Y6004964,,,,0,30.0,0,0
74,14,21,8,12,Y6004965,,,,0,30.0,0,0
74,14,21,8,13,Y6004966,,,,0,30.0,0,0
74,14,21,8,14,Y6004967,,,,0,30.0,0,0
74,14,21,8,15,Y6004968,,,,0,30.0,0,0
74,14,21,8,16,Y6004969,,,,0,30.0,0,0
74,14,21,8,17,Y6004970,,,,0,30.0,0,0
74,14,21,8,18,Y6004971,,,,0,30.0,0,0
74,14,21,8,19,Y6004972,,,,0,30.0,0,0
74,14,21,8,20,Y6004973,,,,0,30.0,0,0
74,14,21,8,21,Y6004974,,,,0,30.0,0,0
74,14,21,8,22,Y6004975,,,,0,30.0,0,0
74,14,21,8,23,Y6004976,,,,0,30.0,0,0
74,14,21,8,24,Y6004977,,,,0,30.0,0,0
74,14,21,8,25,Y6004978,,,,0,30.0,0,0
74,14,21,8,26,Y6004979,,,,0,30.0,0,0
74,14,21,8,27,Y6004980,,,,0,30.0,0,0
74,14,21,8,28,Y6004981,,,,0,30.0,0,0
74,14,21,8,29,Y6004982,,,,0,30.0,0,0
74,14,21,8,30,Y6004983,,,,0,30.0,0,0
74,14,21,9,10,Y6004984,,,,0,30.0,0,0
74,14,21,9,11,Y6004985,,,,0,30.0,0,0
74,14,21,9,12,Y6004986,,,,0,30.0,0,0
74,14,21,9,13,Y6004987,,,,0,30.0,0,0
74,14,21,9,14,Y6004988,,,,0,30.0,0,0
74,14,21,9,15,Y6004989,,,,0,30.0,0,0
74,14,21,9,16,Y6004990,,,,0,30.0,0,0
74,14,21,9,17,Y6004991,,,,0,30.0,0,0
74,14,21,9,18,Y6004992,,,,0,30.0,0,0
74,14,21,9,19,Y6004993,,,,0,30.0,0,0
74,14,21,9,20,Y6004994,,,,0,30.0,0,0
74,14,21,9,21,Y6004995,,,,0,30.0,0,0
74,14,21,9,22,Y6004996,,,,0,30.0,0,0
74,14,21,9,23,Y6004997,,,,0,30.0,0,0
74,14,21,9,24,Y6004998,,,,0,30.0,0,0
74,14,21,9,25,Y6004999,,,,0,30.0,0,0
74,14,21,9,26,Y6005000,,,,0,30.0,0,0
74,14,21,9,27,Y6005001,,,,0,30.0,0,0
74,14,21,9,28,Y6005002,,,,0,30.0,0,0
74,14,21,9,29,Y6005003,,,,0,30.0,0,0
74,14,21,9,30,Y6005004,,,,0,30.0,0,0
74,14,21,10,10,Y6005005,,,,0,30.0,0,0
74,14,21,10,11,Y6005006,,,,0,30.0,0,0
74,14,21,10,12,Y6005007,,,,0,30.0,0,0
74,14,21,10,13,Y6005008,,,,0,30.0,0,0
74,14,21,10,14,Y6005009,,,,0,30.0,0,0
74,14,21,10,15,Y6005010,,,,0,30.0,0,0
74,14,21,10,16,Y6005011,,,,0,30.0,0,0
74,14,21,10,17,Y6005012,,,,0,30.0,0,0
74,14,21,10,18,Y6005013,,,,0,30.0,0,0
74,14,21,10,19,Y6005014,,,,0,30.0,0,0
74,14,21,10,20,Y6005015,,,,0,30.0,0,0
74,14,21,10,21,Y6005016,,,,0,30.0,0,0
74,14,21,10,22,Y6005017,,,,0,30.0,0,0
74,14,21,10,23,Y6005018,,,,0,30.0,0,0
74,14,21,10,24,Y6005019,,,,0,30.0,0,0
74,14,21,10,25,Y6005020,,,,0,30.0,0,0
74,14,21,10,26,Y6005021,,,,0,30.0,0,0
74,14,21,10,27,Y6005022,,,,0,30.0,0,0
74,14,21,10,28,Y6005023,,,,0,30.0,0,0
74,14,21,10,29,Y6005024,,,,0,30.0,0,0
74,14,21,10,30,Y6005025,,,,0,30.0,0,0
74,14,21,11,10,Y6005026,,,,0,30.0,0,0
74,14,21,11,11,Y6005027,,,,0,30.0,0,0
74,14,21,11,12,Y6005028,,,,0,30.0,0,0
74,14,21,11,13,Y6005029,,,,0,30.0,0,0
74,14,21,11,14,Y6005030,,,,0,30.0,0,0
74,14,21,11,15,Y6005031,,,,0,30.0,0,0
74,14,21,11,16,Y6005032,,,,0,30.0,0,0
74,14,21,11,17,Y6005033,,,,0,30.0,0,0
74,14,21,11,18,Y6005034,,,,0,30.0,0,0
74,14,21,11,19,Y6005035,,,,0,30.0,0,0
74,14,21,11,20,Y6005036,,,,0,30.0,0,0
74,14,21,11,21,Y6005037,,,,0,30.0,0,0
74,14,21,11,22,Y6005038,,,,0,30.0,0,0
74,14,21,11,23,Y6005039,,,,0,30.0,0,0
74,14,21,11,24,Y6005040,,,,0,30.0,0,0
74,14,21,11,25,Y6005041,,,,0,30.0,0,0
74,14,21,11,26,Y6005042,,,,0,30.0,0,0
74,14,21,11,27,Y6005043,,,,0,30.0,0,0
74,14,21,11,28,Y6005044,,,,0,30.0,0,0
74,14,21,11,29,Y6005045,,,,0,30.0,0,0
74,14,21,11,30,Y6005046,,,,0,30.0,0,0
74,14,21,12,10,Y6005047,,,,0,30.0,0,0
74,14,21,12,11,Y6005048,,,,0,30.0,0,0
74,14,21,12,12,Y6005049,,,,0,30.0,0,0
74,14,21,12,13,Y6005050,,,,0,30.0,0,0
74,14,21,12,14,Y6005051,,,,0,30.0,0,0
74,14,21,12,15,Y6005052,,,,0,30.0,0,0
74,14,21,12,16,Y6005053,,,,0,30.0,0,0
74,14,21,12,17,Y6005054,,,,0,30.0,0,0
74,14,21,12,18,Y6005055,,,,0,30.0,0,0
74,14,21,12,19,Y6005056,,,,0,30.0,0,0
74,14,21,12,20,Y6005057,,,,0,30.0,0,0
74,14,21,12,21,Y6005058,,,,0,30.0,0,0
74,14,21,12,22,Y6005059,,,,0,30.0,0,0
74,14,21,12,23,Y6005060,,,,0,30.0,0,0
74,14,21,12,24,Y6005061,,,,0,30.0,0,0
74,14,21,12,25,Y6005062,,,,0,30.0,0,0
74,14,21,12,26,Y6005063,,,,0,30.0,0,0
74,14,21,12,27,Y6005064,,,,0,30.0,0,0
74,14,21,12,28,Y6005065,,,,0,30.0,0,0
74,14,21,12,29,Y6005066,,,,0,30.0,0,0
74,14,21,12,30,Y6005067,,,,0,30.0,0,0
74,14,22,1,10,Y6005068,,,,0,30.0,0,0
74,14,22,1,11,Y6005069,,,,0,30.0,0,0
74,14,22,1,12,Y6005070,,,,0,30.0,0,0
74,14,22,1,13,Y6005071,,,,0,30.0,0,0
74,14,22,1,14,Y6005072,,,,0,30.0,0,0
74,14,22,1,15,Y6005073,,,,0,30.0,0,0
74,14,22,1,16,Y6005074,,,,0,30.0,0,0
74,14,22,1,17,Y6005075,,,,0,30.0,0,0
74,14,22,1,18,Y6005076,,,,0,30.0,0,0
74,14,22,1,19,Y6005077,,,,0,30.0,0,0
74,14,22,1,20,Y6005078,,,,0,30.0,0,0
74,14,22,1,21,Y6005079,,,,0,30.0,0,0
74,14,22,1,22,Y6005080,,,,0,30.0,0,0
74,14,22,1,23,Y6005081,,,,0,30.0,0,0
74,14,22,1,24,Y6005082,,,,0,30.0,0,0
74,14,22,1,25,Y6005083,,,,0,30.0,0,0
74,14,22,1,26,Y6005084,,,,0,30.0,0,0
74,14,22,1,27,Y6005085,,,,0,30.0,0,0
74,14,22,1,28,Y6005086,,,,0,30.0,0,0
74,14,22,1,29,Y6005087,,,,0,30.0,0,0
74,14,22,1,30,Y6005088,,,,0,30.0,0,0
74,14,22,2,10,Y6005089,,,,0,30.0,0,0
74,14,22,2,11,Y6005090,,,,0,30.0,0,0
74,14,22,2,12,Y6005091,,,,0,30.0,0,0
74,14,22,2,13,Y6005092,,,,0,30.0,0,0
74,14,22,2,14,Y6005093,,,,0,30.0,0,0
74,14,22,2,15,Y6005094,,,,0,30.0,0,0
74,14,22,2,16,Y6005095,,,,0,30.0,0,0
74,14,22,2,17,Y6005096,,,,0,30.0,0,0
74,14,22,2,18,Y6005097,,,,0,30.0,0,0
74,14,22,2,19,Y6005098,,,,0,30.0,0,0
74,14,22,2,20,Y6005099,,,,0,30.0,0,0
74,14,22,2,21,Y6005100,,,,0,30.0,0,0
74,14,22,2,22,Y6005101,,,,0,30.0,0,0
74,14,22,2,23,Y6005102,,,,0,30.0,0,0
74,14,22,2,24,Y6005103,,,,0,30.0,0,0
74,14,22,2,25,Y6005104,,,,0,30.0,0,0
74,14,22,2,26,Y6005105,,,,0,30.0,0,0
74,14,22,2,27,Y6005106,,,,0,30.0,0,0
74,14,22,2,28,Y6005107,,,,0,30.0,0,0
74,14,22,2,29,Y6005108,,,,0,30.0,0,0
74,14,22,2,30,Y6005109,,,,0,30.0,0,0
74,14,22,3,10,Y6005110,,,,0,30.0,0,0
74,14,22,3,11,Y6005111,,,,0,30.0,0,0
74,14,22,3,12,Y6005112,,,,0,30.0,0,0
74,14,22,3,13,Y6005113,,,,0,30.0,0,0
74,14,22,3,14,Y6005114,,,,0,30.0,0,0
74,14,22,3,15,Y6005115,,,,0,30.0,0,0
74,14,22,3,16,Y6005116,,,,0,30.0,0,0
74,14,22,3,17,Y6005117,,,,0,30.0,0,0
74,14,22,3,18,Y6005118,,,,0,30.0,0,0
74,14,22,3,19,Y6005119,,,,0,30.0,0,0
74,14,22,3,20,Y6005120,,,,0,30.0,0,0
74,14,22,3,21,Y6005121,,,,0,30.0,0,0
74,14,22,3,22,Y6005122,,,,0,30.0,0,0
74,14,22,3,23,Y6005123,,,,0,30.0,0,0
74,14,22,3,24,Y6005124,,,,0,30.0,0,0
74,14,22,3,25,Y6005125,,,,0,30.0,0,0
74,14,22,3,26,Y6005126,,,,0,30.0,0,0
74,14,22,3,27,Y6005127,,,,0,30.0,0,0
74,14,22,3,28,Y6005128,,,,0,30.0,0,0
74,14,22,3,29,Y6005129,,,,0,30.0,0,0
74,14,22,3,30,Y6005130,,,,0,30.0,0,0
74,14,22,4,10,Y6005131,,,,0,30.0,0,0
74,14,22,4,11,Y6005132,,,,0,30.0,0,0
74,14,22,4,12,Y6005133,,,,0,30.0,0,0
74,14,22,4,13,Y6005134,,,,0,30.0,0,0
74,14,22,4,14,Y6005135,,,,0,30.0,0,0
74,14,22,4,15,Y6005136,,,,0,30.0,0,0
74,14,22,4,16,Y6005137,,,,0,30.0,0,0
74,14,22,4,17,Y6005138,,,,0,30.0,0,0
74,14,22,4,18,Y6005139,,,,0,30.0,0,0
74,14,22,4,19,Y6005140,,,,0,30.0,0,0
74,14,22,4,20,Y6005141,,,,0,30.0,0,0
74,14,22,4,21,Y6005142,,,,0,30.0,0,0
74,14,22,4,22,Y6005143,,,,0,30.0,0,0
74,14,22,4,23,Y6005144,,,,0,30.0,0,0
74,14,22,4,24,Y6005145,,,,0,30.0,0,0
74,14,22,4,25,Y6005146,,,,0,30.0,0,0
74,14,22,4,26,Y6005147,,,,0,30.0,0,0
74,14,22,4,27,Y6005148,,,,0,30.0,0,0
74,14,22,4,28,Y6005149,,,,0,30.0,0,0
74,14,22,4,29,Y6005150,,,,0,30.0,0,0
74,14,22,4,30,Y6005151,,,,0,30.0,0,0
74,14,22,5,10,Y6005152,,,,0,30.0,0,0
74,14,22,5,11,Y6005153,,,,0,30.0,0,0
74,14,22,5,12,Y6005154,,,,0,30.0,0,0
74,14,22,5,13,Y6005155,,,,0,30.0,0,0
74,14,22,5,14,Y6005156,,,,0,30.0,0,0
74,14,22,5,15,Y6005157,,,,0,30.0,0,0
74,14,22,5,16,Y6005158,,,,0,30.0,0,0
74,14,22,5,17,Y6005159,,,,0,30.0,0,0
74,14,22,5,18,Y6005160,,,,0,30.0,0,0
74,14,22,5,19,Y6005161,,,,0,30.0,0,0
74,14,22,5,20,Y6005162,,,,0,30.0,0,0
74,14,22,5,21,Y6005163,,,,0,30.0,0,0
74,14,22,5,22,Y6005164,,,,0,30.0,0,0
74,14,22,5,23,Y6005165,,,,0,30.0,0,0
74,14,22,5,24,Y6005166,,,,0,30.0,0,0
74,14,22,5,25,Y6005167,,,,0,30.0,0,0
74,14,22,5,26,Y6005168,,,,0,30.0,0,0
74,14,22,5,27,Y6005169,,,,0,30.0,0,0
74,14,22,5,28,Y6005170,,,,0,30.0,0,0
74,14,22,5,29,Y6005171,,,,0,30.0,0,0
74,14,22,5,30,Y6005172,,,,0,30.0,0,0
74,14,22,6,10,Y6005173,,,,0,30.0,0,0
74,14,22,6,11,Y6005174,,,,0,30.0,0,0
74,14,22,6,12,Y6005175,,,,0,30.0,0,0
74,14,22,6,13,Y6005176,,,,0,30.0,0,0
74,14,22,6,14,Y6005177,,,,0,30.0,0,0
74,14,22,6,15,Y6005178,,,,0,30.0,0,0
74,14,22,6,16,Y6005179,,,,0,30.0,0,0
74,14,22,6,17,Y6005180,,,,0,30.0,0,0
74,14,22,6,18,Y6005181,,,,0,30.0,0,0
74,14,22,6,19,Y6005182,,,,0,30.0,0,0
74,14,22,6,20,Y6005183,,,,0,30.0,0,0
74,14,22,6,21,Y6005184,,,,0,30.0,0,0
74,14,22,6,22,Y6005185,,,,0,30.0,0,0
74,14,22,6,23,Y6005186,,,,0,30.0,0,0
74,14,22,6,24,Y6005187,,,,0,30.0,0,0
74,14,22,6,25,Y6005188,,,,0,30.0,0,0
74,14,22,6,26,Y6005189,,,,0,30.0,0,0
74,14,22,6,27,Y6005190,,,,0,30.0,0,0
74,14,22,6,28,Y6005191,,,,0,30.0,0,0
74,14,22,6,29,Y6005192,,,,0,30.0,0,0
74,14,22,6,30,Y6005193,,,,0,30.0,0,0
74,14,22,7,10,Y6005194,,,,0,30.0,0,0
74,14,22,7,11,Y6005195,,,,0,30.0,0,0
74,14,22,7,12,Y6005196,,,,0,30.0,0,0
74,14,22,7,13,Y6005197,,,,0,30.0,0,0
74,14,22,7,14,Y6005198,,,,0,30.0,0,0
74,14,22,7,15,Y6005199,,,,0,30.0,0,0
74,14,22,7,16,Y6005200,,,,0,30.0,0,0
74,14,22,7,17,Y6005201,,,,0,30.0,0,0
74,14,22,7,18,Y6005202,,,,0,30.0,0,0
74,14,22,7,19,Y6005203,,,,0,30.0,0,0
74,14,22,7,20,Y6005204,,,,0,30.0,0,0
74,14,22,7,21,Y6005205,,,,0,30.0,0,0
74,14,22,7,22,Y6005206,,,,0,30.0,0,0
74,14,22,7,23,Y6005207,,,,0,30.0,0,0
74,14,22,7,24,Y6005208,,,,0,30.0,0,0
74,14,22,7,25,Y6005209,,,,0,30.0,0,0
74,14,22,7,26,Y6005210,,,,0,30.0,0,0
74,14,22,7,27,Y6005211,,,,0,30.0,0,0
74,14,22,7,28,Y6005212,,,,0,30.0,0,0
74,14,22,7,29,Y6005213,,,,0,30.0,0,0
74,14,22,7,30,Y6005214,,,,0,30.0,0,0
74,14,22,8,10,Y6005215,,,,0,30.0,0,0
74,14,22,8,11,Y6005216,,,,0,30.0,0,0
74,14,22,8,12,Y6005217,,,,0,30.0,0,0
74,14,22,8,13,Y6005218,,,,0,30.0,0,0
74,14,22,8,14,Y6005219,,,,0,30.0,0,0
74,14,22,8,15,Y6005220,,,,0,30.0,0,0
74,14,22,8,16,Y6005221,,,,0,30.0,0,0
74,14,22,8,17,Y6005222,,,,0,30.0,0,0
74,14,22,8,18,Y6005223,,,,0,30.0,0,0
74,14,22,8,19,Y6005224,,,,0,30.0,0,0
74,14,22,8,20,Y6005225,,,,0,30.0,0,0
74,14,22,8,21,Y6005226,,,,0,30.0,0,0
74,14,22,8,22,Y6005227,,,,0,30.0,0,0
74,14,22,8,23,Y6005228,,,,0,30.0,0,0
74,14,22,8,24,Y6005229,,,,0,30.0,0,0
74,14,22,8,25,Y6005230,,,,0,30.0,0,0
74,14,22,8,26,Y6005231,,,,0,30.0,0,0
74,14,22,8,27,Y6005232,,,,0,30.0,0,0
74,14,22,8,28,Y6005233,,,,0,30.0,0,0
74,14,22,8,29,Y6005234,,,,0,30.0,0,0
74,14,22,8,30,Y6005235,,,,0,30.0,0,0
74,14,22,9,10,Y6005236,,,,0,30.0,0,0
74,14,22,9,11,Y6005237,,,,0,30.0,0,0
74,14,22,9,12,Y6005238,,,,0,30.0,0,0
74,14,22,9,13,Y6005239,,,,0,30.0,0,0
74,14,22,9,14,Y6005240,,,,0,30.0,0,0
74,14,22,9,15,Y6005241,,,,0,30.0,0,0
74,14,22,9,16,Y6005242,,,,0,30.0,0,0
74,14,22,9,17,Y6005243,,,,0,30.0,0,0
74,14,22,9,18,Y6005244,,,,0,30.0,0,0
74,14,22,9,19,Y6005245,,,,0,30.0,0,0
74,14,22,9,20,Y6005246,,,,0,30.0,0,0
74,14,22,9,21,Y6005247,,,,0,30.0,0,0
74,14,22,9,22,Y6005248,,,,0,30.0,0,0
74,14,22,9,23,Y6005249,,,,0,30.0,0,0
74,14,22,9,24,Y6005250,,,,0,30.0,0,0
74,14,22,9,25,Y6005251,,,,0,30.0,0,0
74,14,22,9,26,Y6005252,,,,0,30.0,0,0
74,14,22,9,27,Y6005253,,,,0,30.0,0,0
74,14,22,9,28,Y6005254,,,,0,30.0,0,0
74,14,22,9,29,Y6005255,,,,0,30.0,0,0
74,14,22,9,30,Y6005256,,,,0,30.0,0,0
74,14,22,10,10,Y6005257,,,,0,30.0,0,0
74,14,22,10,11,Y6005258,,,,0,30.0,0,0
74,14,22,10,12,Y6005259,,,,0,30.0,0,0
74,14,22,10,13,Y6005260,,,,0,30.0,0,0
74,14,22,10,14,Y6005261,,,,0,30.0,0,0
74,14,22,10,15,Y6005262,,,,0,30.0,0,0
74,14,22,10,16,Y6005263,,,,0,30.0,0,0
74,14,22,10,17,Y6005264,,,,0,30.0,0,0
74,14,22,10,18,Y6005265,,,,0,30.0,0,0
74,14,22,10,19,Y6005266,,,,0,30.0,0,0
74,14,22,10,20,Y6005267,,,,0,30.0,0,0
74,14,22,10,21,Y6005268,,,,0,30.0,0,0
74,14,22,10,22,Y6005269,,,,0,30.0,0,0
74,14,22,10,23,Y6005270,,,,0,30.0,0,0
74,14,22,10,24,Y6005271,,,,0,30.0,0,0
74,14,22,10,25,Y6005272,,,,0,30.0,0,0
74,14,22,10,26,Y6005273,,,,0,30.0,0,0
74,14,22,10,27,Y6005274,,,,0,30.0,0,0
74,14,22,10,28,Y6005275,,,,0,30.0,0,0
74,14,22,10,29,Y6005276,,,,0,30.0,0,0
74,14,22,10,30,Y6005277,,,,0,30.0,0,0
74,14,22,11,10,Y6005278,,,,0,30.0,0,0
74,14,22,11,11,Y6005279,,,,0,30.0,0,0
74,14,22,11,12,Y6005280,,,,0,30.0,0,0
74,14,22,11,13,Y6005281,,,,0,30.0,0,0
74,14,22,11,14,Y6005282,,,,0,30.0,0,0
74,14,22,11,15,Y6005283,,,,0,30.0,0,0
74,14,22,11,16,Y6005284,,,,0,30.0,0,0
74,14,22,11,17,Y6005285,,,,0,30.0,0,0
74,14,22,11,18,Y6005286,,,,0,30.0,0,0
74,14,22,11,19,Y6005287,,,,0,30.0,0,0
74,14,22,11,20,Y6005288,,,,0,30.0,0,0
74,14,22,11,21,Y6005289,,,,0,30.0,0,0
74,14,22,11,22,Y6005290,,,,0,30.0,0,0
74,14,22,11,23,Y6005291,,,,0,30.0,0,0
74,14,22,11,24,Y6005292,,,,0,30.0,0,0
74,14,22,11,25,Y6005293,,,,0,30.0,0,0
74,14,22,11,26,Y6005294,,,,0,30.0,0,0
74,14,22,11,27,Y6005295,,,,0,30.0,0,0
74,14,22,11,28,Y6005296,,,,0,30.0,0,0
74,14,22,11,29,Y6005297,,,,0,30.0,0,0
74,14,22,11,30,Y6005298,,,,0,30.0,0,0
74,14,22,12,10,Y6005299,,,,0,30.0,0,0
74,14,22,12,11,Y6005300,,,,0,30.0,0,0
74,14,22,12,12,Y6005301,,,,0,30.0,0,0
74,14,22,12,13,Y6005302,,,,0,30.0,0,0
74,14,22,12,14,Y6005303,,,,0,30.0,0,0
74,14,22,12,15,Y6005304,,,,0,30.0,0,0
74,14,22,12,16,Y6005305,,,,0,30.0,0,0
74,14,22,12,17,Y6005306,,,,0,30.0,0,0
74,14,22,12,18,Y6005307,,,,0,30.0,0,0
74,14,22,12,19,Y6005308,,,,0,30.0,0,0
74,14,22,12,20,Y6005309,,,,0,30.0,0,0
74,14,22,12,21,Y6005310,,,,0,30.0,0,0
74,14,22,12,22,Y6005311,,,,0,30.0,0,0
74,14,22,12,23,Y6005312,,,,0,30.0,0,0
74,14,22,12,24,Y6005313,,,,0,30.0,0,0
74,14,22,12,25,Y6005314,,,,0,30.0,0,0
74,14,22,12,26,Y6005315,,,,0,30.0,0,0
74,14,22,12,27,Y6005316,,,,0,30.0,0,0
74,14,22,12,28,Y6005317,,,,0,30.0,0,0
74,14,22,12,29,Y6005318,,,,0,30.0,0,0
74,14,22,12,30,Y6005319,,,,0,30.0,0,0
74,14,23,1,10,Y6005320,,,,0,30.0,0,0
74,14,23,1,11,Y6005321,,,,0,30.0,0,0
74,14,23,1,12,Y6005322,,,,0,30.0,0,0
74,14,23,1,13,Y6005323,,,,0,30.0,0,0
74,14,23,1,14,Y6005324,,,,0,30.0,0,0
74,14,23,1,15,Y6005325,,,,0,30.0,0,0
74,14,23,1,16,Y6005326,,,,0,30.0,0,0
74,14,23,1,17,Y6005327,,,,0,30.0,0,0
74,14,23,1,18,Y6005328,,,,0,30.0,0,0
74,14,23,1,19,Y6005329,,,,0,30.0,0,0
74,14,23,1,20,Y6005330,,,,0,30.0,0,0
74,14,23,1,21,Y6005331,,,,0,30.0,0,0
74,14,23,1,22,Y6005332,,,,0,30.0,0,0
74,14,23,1,23,Y6005333,,,,0,30.0,0,0
74,14,23,1,24,Y6005334,,,,0,30.0,0,0
74,14,23,1,25,Y6005335,,,,0,30.0,0,0
74,14,23,1,26,Y6005336,,,,0,30.0,0,0
74,14,23,1,27,Y6005337,,,,0,30.0,0,0
74,14,23,1,28,Y6005338,,,,0,30.0,0,0
74,14,23,1,29,Y6005339,,,,0,30.0,0,0
74,14,23,1,30,Y6005340,,,,0,30.0,0,0
74,14,23,2,10,Y6005341,,,,0,30.0,0,0
74,14,23,2,11,Y6005342,,,,0,30.0,0,0
74,14,23,2,12,Y6005343,,,,0,30.0,0,0
74,14,23,2,13,Y6005344,,,,0,30.0,0,0
74,14,23,2,14,Y6005345,,,,0,30.0,0,0
74,14,23,2,15,Y6005346,,,,0,30.0,0,0
74,14,23,2,16,Y6005347,,,,0,30.0,0,0
74,14,23,2,17,Y6005348,,,,0,30.0,0,0
74,14,23,2,18,Y6005349,,,,0,30.0,0,0
74,14,23,2,19,Y6005350,,,,0,30.0,0,0
74,14,23,2,20,Y6005351,,,,0,30.0,0,0
74,14,23,2,21,Y6005352,,,,0,30.0,0,0
74,14,23,2,22,Y6005353,,,,0,30.0,0,0
74,14,23,2,23,Y6005354,,,,0,30.0,0,0
74,14,23,2,24,Y6005355,,,,0,30.0,0,0
74,14,23,2,25,Y6005356,,,,0,30.0,0,0
74,14,23,2,26,Y6005357,,,,0,30.0,0,0
74,14,23,2,27,Y6005358,,,,0,30.0,0,0
74,14,23,2,28,Y6005359,,,,0,30.0,0,0
74,14,23,2,29,Y6005360,,,,0,30.0,0,0
74,14,23,2,30,Y6005361,,,,0,30.0,0,0
74,14,23,3,10,Y6005362,,,,0,30.0,0,0
74,14,23,3,11,Y6005363,,,,0,30.0,0,0
74,14,23,3,12,Y6005364,,,,0,30.0,0,0
74,14,23,3,13,Y6005365,,,,0,30.0,0,0
74,14,23,3,14,Y6005366,,,,0,30.0,0,0
74,14,23,3,15,Y6005367,,,,0,30.0,0,0
74,14,23,3,16,Y6005368,,,,0,30.0,0,0
74,14,23,3,17,Y6005369,,,,0,30.0,0,0
74,14,23,3,18,Y6005370,,,,0,30.0,0,0
74,14,23,3,19,Y6005371,,,,0,30.0,0,0
74,14,23,3,20,Y6005372,,,,0,30.0,0,0
74,14,23,3,21,Y6005373,,,,0,30.0,0,0
74,14,23,3,22,Y6005374,,,,0,30.0,0,0
74,14,23,3,23,Y6005375,,,,0,30.0,0,0
74,14,23,3,24,Y6005376,,,,0,30.0,0,0
74,14,23,3,25,Y6005377,,,,0,30.0,0,0
74,14,23,3,26,Y6005378,,,,0,30.0,0,0
74,14,23,3,27,Y6005379,,,,0,30.0,0,0
74,14,23,3,28,Y6005380,,,,0,30.0,0,0
74,14,23,3,29,Y6005381,,,,0,30.0,0,0
74,14,23,3,30,Y6005382,,,,0,30.0,0,0
74,14,23,4,10,Y6005383,,,,0,30.0,0,0
74,14,23,4,11,Y6005384,,,,0,30.0,0,0
74,14,23,4,12,Y6005385,,,,0,30.0,0,0
74,14,23,4,13,Y6005386,,,,0,30.0,0,0
74,14,23,4,14,Y6005387,,,,0,30.0,0,0
74,14,23,4,15,Y6005388,,,,0,30.0,0,0
74,14,23,4,16,Y6005389,,,,0,30.0,0,0
74,14,23,4,17,Y6005390,,,,0,30.0,0,0
74,14,23,4,18,Y6005391,,,,0,30.0,0,0
74,14,23,4,19,Y6005392,,,,0,30.0,0,0
74,14,23,4,20,Y6005393,,,,0,30.0,0,0
74,14,23,4,21,Y6005394,,,,0,30.0,0,0
74,14,23,4,22,Y6005395,,,,0,30.0,0,0
74,14,23,4,23,Y6005396,,,,0,30.0,0,0
74,14,23,4,24,Y6005397,,,,0,30.0,0,0
74,14,23,4,25,Y6005398,,,,0,30.0,0,0
74,14,23,4,26,Y6005399,,,,0,30.0,0,0
74,14,23,4,27,Y6005400,,,,0,30.0,0,0
74,14,23,4,28,Y6005401,,,,0,30.0,0,0
74,14,23,4,29,Y6005402,,,,0,30.0,0,0
74,14,23,4,30,Y6005403,,,,0,30.0,0,0
74,14,23,5,10,Y6005404,,,,0,30.0,0,0
74,14,23,5,11,Y6005405,,,,0,30.0,0,0
74,14,23,5,12,Y6005406,,,,0,30.0,0,0
74,14,23,5,13,Y6005407,,,,0,30.0,0,0
74,14,23,5,14,Y6005408,,,,0,30.0,0,0
74,14,23,5,15,Y6005409,,,,0,30.0,0,0
74,14,23,5,16,Y6005410,,,,0,30.0,0,0
74,14,23,5,17,Y6005411,,,,0,30.0,0,0
74,14,23,5,18,Y6005412,,,,0,30.0,0,0
74,14,23,5,19,Y6005413,,,,0,30.0,0,0
74,14,23,5,20,Y6005414,,,,0,30.0,0,0
74,14,23,5,21,Y6005415,,,,0,30.0,0,0
74,14,23,5,22,Y6005416,,,,0,30.0,0,0
74,14,23,5,23,Y6005417,,,,0,30.0,0,0
74,14,23,5,24,Y6005418,,,,0,30.0,0,0
74,14,23,5,25,Y6005419,,,,0,30.0,0,0
74,14,23,5,26,Y6005420,,,,0,30.0,0,0
74,14,23,5,27,Y6005421,,,,0,30.0,0,0
74,14,23,5,28,Y6005422,,,,0,30.0,0,0
74,14,23,5,29,Y6005423,,,,0,30.0,0,0
74,14,23,5,30,Y6005424,,,,0,30.0,0,0
74,14,23,6,10,Y6005425,,,,0,30.0,0,0
74,14,23,6,11,Y6005426,,,,0,30.0,0,0
74,14,23,6,12,Y6005427,,,,0,30.0,0,0
74,14,23,6,13,Y6005428,,,,0,30.0,0,0
74,14,23,6,14,Y6005429,,,,0,30.0,0,0
74,14,23,6,15,Y6005430,,,,0,30.0,0,0
74,14,23,6,16,Y6005431,,,,0,30.0,0,0
74,14,23,6,17,Y6005432,,,,0,30.0,0,0
74,14,23,6,18,Y6005433,,,,0,30.0,0,0
74,14,23,6,19,Y6005434,,,,0,30.0,0,0
74,14,23,6,20,Y6005435,,,,0,30.0,0,0
74,14,23,6,21,Y6005436,,,,0,30.0,0,0
74,14,23,6,22,Y6005437,,,,0,30.0,0,0
74,14,23,6,23,Y6005438,,,,0,30.0,0,0
74,14,23,6,24,Y6005439,,,,0,30.0,0,0
74,14,23,6,25,Y6005440,,,,0,30.0,0,0
74,14,23,6,26,Y6005441,,,,0,30.0,0,0
74,14,23,6,27,Y6005442,,,,0,30.0,0,0
74,14,23,6,28,Y6005443,,,,0,30.0,0,0
74,14,23,6,29,Y6005444,,,,0,30.0,0,0
74,14,23,6,30,Y6005445,,,,0,30.0,0,0
74,14,23,7,10,Y6005446,,,,0,30.0,0,0
74,14,23,7,11,Y6005447,,,,0,30.0,0,0
74,14,23,7,12,Y6005448,,,,0,30.0,0,0
74,14,23,7,13,Y6005449,,,,0,30.0,0,0
74,14,23,7,14,Y6005450,,,,0,30.0,0,0
74,14,23,7,15,Y6005451,,,,0,30.0,0,0
74,14,23,7,16,Y6005452,,,,0,30.0,0,0
74,14,23,7,17,Y6005453,,,,0,30.0,0,0
74,14,23,7,18,Y6005454,,,,0,30.0,0,0
74,14,23,7,19,Y6005455,,,,0,30.0,0,0
74,14,23,7,20,Y6005456,,,,0,30.0,0,0
74,14,23,7,21,Y6005457,,,,0,30.0,0,0
74,14,23,7,22,Y6005458,,,,0,30.0,0,0
74,14,23,7,23,Y6005459,,,,0,30.0,0,0
74,14,23,7,24,Y6005460,,,,0,30.0,0,0
74,14,23,7,25,Y6005461,,,,0,30.0,0,0
74,14,23,7,26,Y6005462,,,,0,30.0,0,0
74,14,23,7,27,Y6005463,,,,0,30.0,0,0
74,14,23,7,28,Y6005464,,,,0,30.0,0,0
74,14,23,7,29,Y6005465,,,,0,30.0,0,0
74,14,23,7,30,Y6005466,,,,0,30.0,0,0
74,14,23,8,10,Y6005467,,,,0,30.0,0,0
74,14,23,8,11,Y6005468,,,,0,30.0,0,0
74,14,23,8,12,Y6005469,,,,0,30.0,0,0
74,14,23,8,13,Y6005470,,,,0,30.0,0,0
74,14,23,8,14,Y6005471,,,,0,30.0,0,0
74,14,23,8,15,Y6005472,,,,0,30.0,0,0
74,14,23,8,16,Y6005473,,,,0,30.0,0,0
74,14,23,8,17,Y6005474,,,,0,30.0,0,0
74,14,23,8,18,Y6005475,,,,0,30.0,0,0
74,14,23,8,19,Y6005476,,,,0,30.0,0,0
74,14,23,8,20,Y6005477,,,,0,30.0,0,0
74,14,23,8,21,Y6005478,,,,0,30.0,0,0
74,14,23,8,22,Y6005479,,,,0,30.0,0,0
74,14,23,8,23,Y6005480,,,,0,30.0,0,0
74,14,23,8,24,Y6005481,,,,0,30.0,0,0
74,14,23,8,25,Y6005482,,,,0,30.0,0,0
74,14,23,8,26,Y6005483,,,,0,30.0,0,0
74,14,23,8,27,Y6005484,,,,0,30.0,0,0
74,14,23,8,28,Y6005485,,,,0,30.0,0,0
74,14,23,8,29,Y6005486,,,,0,30.0,0,0
74,14,23,8,30,Y6005487,,,,0,30.0,0,0
74,14,23,9,10,Y6005488,,,,0,30.0,0,0
74,14,23,9,11,Y6005489,,,,0,30.0,0,0
74,14,23,9,12,Y6005490,,,,0,30.0,0,0
74,14,23,9,13,Y6005491,,,,0,30.0,0,0
74,14,23,9,14,Y6005492,,,,0,30.0,0,0
74,14,23,9,15,Y6005493,,,,0,30.0,0,0
74,14,23,9,16,Y6005494,,,,0,30.0,0,0
74,14,23,9,17,Y6005495,,,,0,30.0,0,0
74,14,23,9,18,Y6005496,,,,0,30.0,0,0
74,14,23,9,19,Y6005497,,,,0,30.0,0,0
74,14,23,9,20,Y6005498,,,,0,30.0,0,0
74,14,23,9,21,Y6005499,,,,0,30.0,0,0
74,14,23,9,22,Y6005500,,,,0,30.0,0,0
74,14,23,9,23,Y6005501,,,,0,30.0,0,0
74,14,23,9,24,Y6005502,,,,0,30.0,0,0
74,14,23,9,25,Y6005503,,,,0,30.0,0,0
74,14,23,9,26,Y6005504,,,,0,30.0,0,0
74,14,23,9,27,Y6005505,,,,0,30.0,0,0
74,14,23,9,28,Y6005506,,,,0,30.0,0,0
74,14,23,9,29,Y6005507,,,,0,30.0,0,0
74,14,23,9,30,Y6005508,,,,0,30.0,0,0
74,14,23,10,10,Y6005509,,,,0,30.0,0,0
74,14,23,10,11,Y6005510,,,,0,30.0,0,0
74,14,23,10,12,Y6005511,,,,0,30.0,0,0
74,14,23,10,13,Y6005512,,,,0,30.0,0,0
74,14,23,10,14,Y6005513,,,,0,30.0,0,0
74,14,23,10,15,Y6005514,,,,0,30.0,0,0
74,14,23,10,16,Y6005515,,,,0,30.0,0,0
74,14,23,10,17,Y6005516,,,,0,30.0,0,0
74,14,23,10,18,Y6005517,,,,0,30.0,0,0
74,14,23,10,19,Y6005518,,,,0,30.0,0,0
74,14,23,10,20,Y6005519,,,,0,30.0,0,0
74,14,23,10,21,Y6005520,,,,0,30.0,0,0
74,14,23,10,22,Y6005521,,,,0,30.0,0,0
74,14,23,10,23,Y6005522,,,,0,30.0,0,0
74,14,23,10,24,Y6005523,,,,0,30.0,0,0
74,14,23,10,25,Y6005524,,,,0,30.0,0,0
74,14,23,10,26,Y6005525,,,,0,30.0,0,0
74,14,23,10,27,Y6005526,,,,0,30.0,0,0
74,14,23,10,28,Y6005527,,,,0,30.0,0,0
74,14,23,10,29,Y6005528,,,,0,30.0,0,0
74,14,23,10,30,Y6005529,,,,0,30.0,0,0
74,14,23,11,10,Y6005530,,,,0,30.0,0,0
74,14,23,11,11,Y6005531,,,,0,30.0,0,0
74,14,23,11,12,Y6005532,,,,0,30.0,0,0
74,14,23,11,13,Y6005533,,,,0,30.0,0,0
74,14,23,11,14,Y6005534,,,,0,30.0,0,0
74,14,23,11,15,Y6005535,,,,0,30.0,0,0
74,14,23,11,16,Y6005536,,,,0,30.0,0,0
74,14,23,11,17,Y6005537,,,,0,30.0,0,0
74,14,23,11,18,Y6005538,,,,0,30.0,0,0
74,14,23,11,19,Y6005539,,,,0,30.0,0,0
74,14,23,11,20,Y6005540,,,,0,30.0,0,0
74,14,23,11,21,Y6005541,,,,0,30.0,0,0
74,14,23,11,22,Y6005542,,,,0,30.0,0,0
74,14,23,11,23,Y6005543,,,,0,30.0,0,0
74,14,23,11,24,Y6005544,,,,0,30.0,0,0
74,14,23,11,25,Y6005545,,,,0,30.0,0,0
74,14,23,11,26,Y6005546,,,,0,30.0,0,0
74,14,23,11,27,Y6005547,,,,0,30.0,0,0
74,14,23,11,28,Y6005548,,,,0,30.0,0,0
74,14,23,11,29,Y6005549,,,,0,30.0,0,0
74,14,23,11,30,Y6005550,,,,0,30.0,0,0
74,14,23,12,10,Y6005551,,,,0,30.0,0,0
74,14,23,12,11,Y6005552,,,,0,30.0,0,0
74,14,23,12,12,Y6005553,,,,0,30.0,0,0
74,14,23,12,13,Y6005554,,,,0,30.0,0,0
74,14,23,12,14,Y6005555,,,,0,30.0,0,0
74,14,23,12,15,Y6005556,,,,0,30.0,0,0
74,14,23,12,16,Y6005557,,,,0,30.0,0,0
74,14,23,12,17,Y6005558,,,,0,30.0,0,0
74,14,23,12,18,Y6005559,,,,0,30.0,0,0
74,14,23,12,19,Y6005560,,,,0,30.0,0,0
74,14,23,12,20,Y6005561,,,,0,30.0,0,0
74,14,23,12,21,Y6005562,,,,0,30.0,0,0
74,14,23,12,22,Y6005563,,,,0,30.0,0,0
74,14,23,12,23,Y6005564,,,,0,30.0,0,0
74,14,23,12,24,Y6005565,,,,0,30.0,0,0
74,14,23,12,25,Y6005566,,,,0,30.0,0,0
74,14,23,12,26,Y6005567,,,,0,30.0,0,0
74,14,23,12,27,Y6005568,,,,0,30.0,0,0
74,14,23,12,28,Y6005569,,,,0,30.0,0,0
74,14,23,12,29,Y6005570,,,,0,30.0,0,0
74,14,23,12,30,Y6005571,,,,0,30.0,0,0
74,14,24,1,10,Y6005572,,,,0,30.0,0,0
74,14,24,1,11,Y6005573,,,,0,30.0,0,0
74,14,24,1,12,Y6005574,,,,0,30.0,0,0
74,14,24,1,13,Y6005575,,,,0,30.0,0,0
74,14,24,1,14,Y6005576,,,,0,30.0,0,0
74,14,24,1,15,Y6005577,,,,0,30.0,0,0
74,14,24,1,16,Y6005578,,,,0,30.0,0,0
74,14,24,1,17,Y6005579,,,,0,30.0,0,0
74,14,24,1,18,Y6005580,,,,0,30.0,0,0
74,14,24,1,19,Y6005581,,,,0,30.0,0,0
74,14,24,1,20,Y6005582,,,,0,30.0,0,0
74,14,24,1,21,Y6005583,,,,0,30.0,0,0
74,14,24,1,22,Y6005584,,,,0,30.0,0,0
74,14,24,1,23,Y6005585,,,,0,30.0,0,0
74,14,24,1,24,Y6005586,,,,0,30.0,0,0
74,14,24,1,25,Y6005587,,,,0,30.0,0,0
74,14,24,1,26,Y6005588,,,,0,30.0,0,0
74,14,24,1,27,Y6005589,,,,0,30.0,0,0
74,14,24,1,28,Y6005590,,,,0,30.0,0,0
74,14,24,1,29,Y6005591,,,,0,30.0,0,0
74,14,24,1,30,Y6005592,,,,0,30.0,0,0
74,14,24,2,10,Y6005593,,,,0,30.0,0,0
74,14,24,2,11,Y6005594,,,,0,30.0,0,0
74,14,24,2,12,Y6005595,,,,0,30.0,0,0
74,14,24,2,13,Y6005596,,,,0,30.0,0,0
74,14,24,2,14,Y6005597,,,,0,30.0,0,0
74,14,24,2,15,Y6005598,,,,0,30.0,0,0
74,14,24,2,16,Y6005599,,,,0,30.0,0,0
74,14,24,2,17,Y6005600,,,,0,30.0,0,0
74,14,24,2,18,Y6005601,,,,0,30.0,0,0
74,14,24,2,19,Y6005602,,,,0,30.0,0,0
74,14,24,2,20,Y6005603,,,,0,30.0,0,0
74,14,24,2,21,Y6005604,,,,0,30.0,0,0
74,14,24,2,22,Y6005605,,,,0,30.0,0,0
74,14,24,2,23,Y6005606,,,,0,30.0,0,0
74,14,24,2,24,Y6005607,,,,0,30.0,0,0
74,14,24,2,25,Y6005608,,,,0,30.0,0,0
74,14,24,2,26,Y6005609,,,,0,30.0,0,0
74,14,24,2,27,Y6005610,,,,0,30.0,0,0
74,14,24,2,28,Y6005611,,,,0,30.0,0,0
74,14,24,2,29,Y6005612,,,,0,30.0,0,0
74,14,24,2,30,Y6005613,,,,0,30.0,0,0
74,14,24,3,10,Y6005614,,,,0,30.0,0,0
74,14,24,3,11,Y6005615,,,,0,30.0,0,0
74,14,24,3,12,Y6005616,,,,0,30.0,0,0
74,14,24,3,13,Y6005617,,,,0,30.0,0,0
74,14,24,3,14,Y6005618,,,,0,30.0,0,0
74,14,24,3,15,Y6005619,,,,0,30.0,0,0
74,14,24,3,16,Y6005620,,,,0,30.0,0,0
74,14,24,3,17,Y6005621,,,,0,30.0,0,0
74,14,24,3,18,Y6005622,,,,0,30.0,0,0
74,14,24,3,19,Y6005623,,,,0,30.0,0,0
74,14,24,3,20,Y6005624,,,,0,30.0,0,0
74,14,24,3,21,Y6005625,,,,0,30.0,0,0
74,14,24,3,22,Y6005626,,,,0,30.0,0,0
74,14,24,3,23,Y6005627,,,,0,30.0,0,0
74,14,24,3,24,Y6005628,,,,0,30.0,0,0
74,14,24,3,25,Y6005629,,,,0,30.0,0,0
74,14,24,3,26,Y6005630,,,,0,30.0,0,0
74,14,24,3,27,Y6005631,,,,0,30.0,0,0
74,14,24,3,28,Y6005632,,,,0,30.0,0,0
74,14,24,3,29,Y6005633,,,,0,30.0,0,0
74,14,24,3,30,Y6005634,,,,0,30.0,0,0
74,14,24,4,10,Y6005635,,,,0,30.0,0,0
74,14,24,4,11,Y6005636,,,,0,30.0,0,0
74,14,24,4,12,Y6005637,,,,0,30.0,0,0
74,14,24,4,13,Y6005638,,,,0,30.0,0,0
74,14,24,4,14,Y6005639,,,,0,30.0,0,0
74,14,24,4,15,Y6005640,,,,0,30.0,0,0
74,14,24,4,16,Y6005641,,,,0,30.0,0,0
74,14,24,4,17,Y6005642,,,,0,30.0,0,0
74,14,24,4,18,Y6005643,,,,0,30.0,0,0
74,14,24,4,19,Y6005644,,,,0,30.0,0,0
74,14,24,4,20,Y6005645,,,,0,30.0,0,0
74,14,24,4,21,Y6005646,,,,0,30.0,0,0
74,14,24,4,22,Y6005647,,,,0,30.0,0,0
74,14,24,4,23,Y6005648,,,,0,30.0,0,0
74,14,24,4,24,Y6005649,,,,0,30.0,0,0
74,14,24,4,25,Y6005650,,,,0,30.0,0,0
74,14,24,4,26,Y6005651,,,,0,30.0,0,0
74,14,24,4,27,Y6005652,,,,0,30.0,0,0
74,14,24,4,28,Y6005653,,,,0,30.0,0,0
74,14,24,4,29,Y6005654,,,,0,30.0,0,0
74,14,24,4,30,Y6005655,,,,0,30.0,0,0
74,14,24,5,10,Y6005656,,,,0,30.0,0,0
74,14,24,5,11,Y6005657,,,,0,30.0,0,0
74,14,24,5,12,Y6005658,,,,0,30.0,0,0
74,14,24,5,13,Y6005659,,,,0,30.0,0,0
74,14,24,5,14,Y6005660,,,,0,30.0,0,0
74,14,24,5,15,Y6005661,,,,0,30.0,0,0
74,14,24,5,16,Y6005662,,,,0,30.0,0,0
74,14,24,5,17,Y6005663,,,,0,30.0,0,0
74,14,24,5,18,Y6005664,,,,0,30.0,0,0
74,14,24,5,19,Y6005665,,,,0,30.0,0,0
74,14,24,5,20,Y6005666,,,,0,30.0,0,0
74,14,24,5,21,Y6005667,,,,0,30.0,0,0
74,14,24,5,22,Y6005668,,,,0,30.0,0,0
74,14,24,5,23,Y6005669,,,,0,30.0,0,0
74,14,24,5,24,Y6005670,,,,0,30.0,0,0
74,14,24,5,25,Y6005671,,,,0,30.0,0,0
74,14,24,5,26,Y6005672,,,,0,30.0,0,0
74,14,24,5,27,Y6005673,,,,0,30.0,0,0
74,14,24,5,28,Y6005674,,,,0,30.0,0,0
74,14,24,5,29,Y6005675,,,,0,30.0,0,0
74,14,24,5,30,Y6005676,,,,0,30.0,0,0
74,14,24,6,10,Y6005677,,,,0,30.0,0,0
74,14,24,6,11,Y6005678,,,,0,30.0,0,0
74,14,24,6,12,Y6005679,,,,0,30.0,0,0
74,14,24,6,13,Y6005680,,,,0,30.0,0,0
74,14,24,6,14,Y6005681,,,,0,30.0,0,0
74,14,24,6,15,Y6005682,,,,0,30.0,0,0
74,14,24,6,16,Y6005683,,,,0,30.0,0,0
74,14,24,6,17,Y6005684,,,,0,30.0,0,0
74,14,24,6,18,Y6005685,,,,0,30.0,0,0
74,14,24,6,19,Y6005686,,,,0,30.0,0,0
74,14,24,6,20,Y6005687,,,,0,30.0,0,0
74,14,24,6,21,Y6005688,,,,0,30.0,0,0
74,14,24,6,22,Y6005689,,,,0,30.0,0,0
74,14,24,6,23,Y6005690,,,,0,30.0,0,0
74,14,24,6,24,Y6005691,,,,0,30.0,0,0
74,14,24,6,25,Y6005692,,,,0,30.0,0,0
74,14,24,6,26,Y6005693,,,,0,30.0,0,0
74,14,24,6,27,Y6005694,,,,0,30.0,0,0
74,14,24,6,28,Y6005695,,,,0,30.0,0,0
74,14,24,6,29,Y6005696,,,,0,30.0,0,0
74,14,24,6,30,Y6005697,,,,0,30.0,0,0
74,14,24,7,10,Y6005698,,,,0,30.0,0,0
74,14,24,7,11,Y6005699,,,,0,30.0,0,0
74,14,24,7,12,Y6005700,,,,0,30.0,0,0
74,14,24,7,13,Y6005701,,,,0,30.0,0,0
74,14,24,7,14,Y6005702,,,,0,30.0,0,0
74,14,24,7,15,Y6005703,,,,0,30.0,0,0
74,14,24,7,16,Y6005704,,,,0,30.0,0,0
74,14,24,7,17,Y6005705,,,,0,30.0,0,0
74,14,24,7,18,Y6005706,,,,0,30.0,0,0
74,14,24,7,19,Y6005707,,,,0,30.0,0,0
74,14,24,7,20,Y6005708,,,,0,30.0,0,0
74,14,24,7,21,Y6005709,,,,0,30.0,0,0
74,14,24,7,22,Y6005710,,,,0,30.0,0,0
74,14,24,7,23,Y6005711,,,,0,30.0,0,0
74,14,24,7,24,Y6005712,,,,0,30.0,0,0
74,14,24,7,25,Y6005713,,,,0,30.0,0,0
74,14,24,7,26,Y6005714,,,,0,30.0,0,0
74,14,24,7,27,Y6005715,,,,0,30.0,0,0
74,14,24,7,28,Y6005716,,,,0,30.0,0,0
74,14,24,7,29,Y6005717,,,,0,30.0,0,0
74,14,24,7,30,Y6005718,,,,0,30.0,0,0
74,14,24,8,10,Y6005719,,,,0,30.0,0,0
74,14,24,8,11,Y6005720,,,,0,30.0,0,0
74,14,24,8,12,Y6005721,,,,0,30.0,0,0
74,14,24,8,13,Y6005722,,,,0,30.0,0,0
74,14,24,8,14,Y6005723,,,,0,30.0,0,0
74,14,24,8,15,Y6005724,,,,0,30.0,0,0
74,14,24,8,16,Y6005725,,,,0,30.0,0,0
74,14,24,8,17,Y6005726,,,,0,30.0,0,0
74,14,24,8,18,Y6005727,,,,0,30.0,0,0
74,14,24,8,19,Y6005728,,,,0,30.0,0,0
74,14,24,8,20,Y6005729,,,,0,30.0,0,0
74,14,24,8,21,Y6005730,,,,0,30.0,0,0
74,14,24,8,22,Y6005731,,,,0,30.0,0,0
74,14,24,8,23,Y6005732,,,,0,30.0,0,0
74,14,24,8,24,Y6005733,,,,0,30.0,0,0
74,14,24,8,25,Y6005734,,,,0,30.0,0,0
74,14,24,8,26,Y6005735,,,,0,30.0,0,0
74,14,24,8,27,Y6005736,,,,0,30.0,0,0
74,14,24,8,28,Y6005737,,,,0,30.0,0,0
74,14,24,8,29,Y6005738,,,,0,30.0,0,0
74,14,24,8,30,Y6005739,,,,0,30.0,0,0
74,14,24,9,10,Y6005740,,,,0,30.0,0,0
74,14,24,9,11,Y6005741,,,,0,30.0,0,0
74,14,24,9,12,Y6005742,,,,0,30.0,0,0
74,14,24,9,13,Y6005743,,,,0,30.0,0,0
74,14,24,9,14,Y6005744,,,,0,30.0,0,0
74,14,24,9,15,Y6005745,,,,0,30.0,0,0
74,14,24,9,16,Y6005746,,,,0,30.0,0,0
74,14,24,9,17,Y6005747,,,,0,30.0,0,0
74,14,24,9,18,Y6005748,,,,0,30.0,0,0
74,14,24,9,19,Y6005749,,,,0,30.0,0,0
74,14,24,9,20,Y6005750,,,,0,30.0,0,0
74,14,24,9,21,Y6005751,,,,0,30.0,0,0
74,14,24,9,22,Y6005752,,,,0,30.0,0,0
74,14,24,9,23,Y6005753,,,,0,30.0,0,0
74,14,24,9,24,Y6005754,,,,0,30.0,0,0
74,14,24,9,25,Y6005755,,,,0,30.0,0,0
74,14,24,9,26,Y6005756,,,,0,30.0,0,0
74,14,24,9,27,Y6005757,,,,0,30.0,0,0
74,14,24,9,28,Y6005758,,,,0,30.0,0,0
74,14,24,9,29,Y6005759,,,,0,30.0,0,0
74,14,24,9,30,Y6005760,,,,0,30.0,0,0
74,14,24,10,10,Y6005761,,,,0,30.0,0,0
74,14,24,10,11,Y6005762,,,,0,30.0,0,0
74,14,24,10,12,Y6005763,,,,0,30.0,0,0
74,14,24,10,13,Y6005764,,,,0,30.0,0,0
74,14,24,10,14,Y6005765,,,,0,30.0,0,0
74,14,24,10,15,Y6005766,,,,0,30.0,0,0
74,14,24,10,16,Y6005767,,,,0,30.0,0,0
74,14,24,10,17,Y6005768,,,,0,30.0,0,0
74,14,24,10,18,Y6005769,,,,0,30.0,0,0
74,14,24,10,19,Y6005770,,,,0,30.0,0,0
74,14,24,10,20,Y6005771,,,,0,30.0,0,0
74,14,24,10,21,Y6005772,,,,0,30.0,0,0
74,14,24,10,22,Y6005773,,,,0,30.0,0,0
74,14,24,10,23,Y6005774,,,,0,30.0,0,0
74,14,24,10,24,Y6005775,,,,0,30.0,0,0
74,14,24,10,25,Y6005776,,,,0,30.0,0,0
74,14,24,10,26,Y6005777,,,,0,30.0,0,0
74,14,24,10,27,Y6005778,,,,0,30.0,0,0
74,14,24,10,28,Y6005779,,,,0,30.0,0,0
74,14,24,10,29,Y6005780,,,,0,30.0,0,0
74,14,24,10,30,Y6005781,,,,0,30.0,0,0
74,14,24,11,10,Y6005782,,,,0,30.0,0,0
74,14,24,11,11,Y6005783,,,,0,30.0,0,0
74,14,24,11,12,Y6005784,,,,0,30.0,0,0
74,14,24,11,13,Y6005785,,,,0,30.0,0,0
74,14,24,11,14,Y6005786,,,,0,30.0,0,0
74,14,24,11,15,Y6005787,,,,0,30.0,0,0
74,14,24,11,16,Y6005788,,,,0,30.0,0,0
74,14,24,11,17,Y6005789,,,,0,30.0,0,0
74,14,24,11,18,Y6005790,,,,0,30.0,0,0
74,14,24,11,19,Y6005791,,,,0,30.0,0,0
74,14,24,11,20,Y6005792,,,,0,30.0,0,0
74,14,24,11,21,Y6005793,,,,0,30.0,0,0
74,14,24,11,22,Y6005794,,,,0,30.0,0,0
74,14,24,11,23,Y6005795,,,,0,30.0,0,0
74,14,24,11,24,Y6005796,,,,0,30.0,0,0
74,14,24,11,25,Y6005797,,,,0,30.0,0,0
74,14,24,11,26,Y6005798,,,,0,30.0,0,0
74,14,24,11,27,Y6005799,,,,0,30.0,0,0
74,14,24,11,28,Y6005800,,,,0,30.0,0,0
74,14,24,11,29,Y6005801,,,,0,30.0,0,0
74,14,24,11,30,Y6005802,,,,0,30.0,0,0
74,14,24,12,10,Y6005803,,,,0,30.0,0,0
74,14,24,12,11,Y6005804,,,,0,30.0,0,0
74,14,24,12,12,Y6005805,,,,0,30.0,0,0
74,14,24,12,13,Y6005806,,,,0,30.0,0,0
74,14,24,12,14,Y6005807,,,,0,30.0,0,0
74,14,24,12,15,Y6005808,,,,0,30.0,0,0
74,14,24,12,16,Y6005809,,,,0,30.0,0,0
74,14,24,12,17,Y6005810,,,,0,30.0,0,0
74,14,24,12,18,Y6005811,,,,0,30.0,0,0
74,14,24,12,19,Y6005812,,,,0,30.0,0,0
74,14,24,12,20,Y6005813,,,,0,30.0,0,0
74,14,24,12,21,Y6005814,,,,0,30.0,0,0
74,14,24,12,22,Y6005815,,,,0,30.0,0,0
74,14,24,12,23,Y6005816,,,,0,30.0,0,0
74,14,24,12,24,Y6005817,,,,0,30.0,0,0
74,14,24,12,25,Y6005818,,,,0,30.0,0,0
74,14,24,12,26,Y6005819,,,,0,30.0,0,0
74,14,24,12,27,Y6005820,,,,0,30.0,0,0
74,14,24,12,28,Y6005821,,,,0,30.0,0,0
74,14,24,12,29,Y6005822,,,,0,30.0,0,0
74,14,24,12,30,Y6005823,,,,0,30.0,0,0
74,14,25,1,10,Y6005824,,,,0,30.0,0,0
74,14,25,1,11,Y6005825,,,,0,30.0,0,0
74,14,25,1,12,Y6005826,,,,0,30.0,0,0
74,14,25,1,13,Y6005827,,,,0,30.0,0,0
74,14,25,1,14,Y6005828,,,,0,30.0,0,0
74,14,25,1,15,Y6005829,,,,0,30.0,0,0
74,14,25,1,16,Y6005830,,,,0,30.0,0,0
74,14,25,1,17,Y6005831,,,,0,30.0,0,0
74,14,25,1,18,Y6005832,,,,0,30.0,0,0
74,14,25,1,19,Y6005833,,,,0,30.0,0,0
74,14,25,1,20,Y6005834,,,,0,30.0,0,0
74,14,25,1,21,Y6005835,,,,0,30.0,0,0
74,14,25,1,22,Y6005836,,,,0,30.0,0,0
74,14,25,1,23,Y6005837,,,,0,30.0,0,0
74,14,25,1,24,Y6005838,,,,0,30.0,0,0
74,14,25,1,25,Y6005839,,,,0,30.0,0,0
74,14,25,1,26,Y6005840,,,,0,30.0,0,0
74,14,25,1,27,Y6005841,,,,0,30.0,0,0
74,14,25,1,28,Y6005842,,,,0,30.0,0,0
74,14,25,1,29,Y6005843,,,,0,30.0,0,0
74,14,25,1,30,Y6005844,,,,0,30.0,0,0
74,14,25,2,10,Y6005845,,,,0,30.0,0,0
74,14,25,2,11,Y6005846,,,,0,30.0,0,0
74,14,25,2,12,Y6005847,,,,0,30.0,0,0
74,14,25,2,13,Y6005848,,,,0,30.0,0,0
74,14,25,2,14,Y6005849,,,,0,30.0,0,0
74,14,25,2,15,Y6005850,,,,0,30.0,0,0
74,14,25,2,16,Y6005851,,,,0,30.0,0,0
74,14,25,2,17,Y6005852,,,,0,30.0,0,0
74,14,25,2,18,Y6005853,,,,0,30.0,0,0
74,14,25,2,19,Y6005854,,,,0,30.0,0,0
74,14,25,2,20,Y6005855,,,,0,30.0,0,0
74,14,25,2,21,Y6005856,,,,0,30.0,0,0
74,14,25,2,22,Y6005857,,,,0,30.0,0,0
74,14,25,2,23,Y6005858,,,,0,30.0,0,0
74,14,25,2,24,Y6005859,,,,0,30.0,0,0
74,14,25,2,25,Y6005860,,,,0,30.0,0,0
74,14,25,2,26,Y6005861,,,,0,30.0,0,0
74,14,25,2,27,Y6005862,,,,0,30.0,0,0
74,14,25,2,28,Y6005863,,,,0,30.0,0,0
74,14,25,2,29,Y6005864,,,,0,30.0,0,0
74,14,25,2,30,Y6005865,,,,0,30.0,0,0
74,14,25,3,10,Y6005866,,,,0,30.0,0,0
74,14,25,3,11,Y6005867,,,,0,30.0,0,0
74,14,25,3,12,Y6005868,,,,0,30.0,0,0
74,14,25,3,13,Y6005869,,,,0,30.0,0,0
74,14,25,3,14,Y6005870,,,,0,30.0,0,0
74,14,25,3,15,Y6005871,,,,0,30.0,0,0
74,14,25,3,16,Y6005872,,,,0,30.0,0,0
74,14,25,3,17,Y6005873,,,,0,30.0,0,0
74,14,25,3,18,Y6005874,,,,0,30.0,0,0
74,14,25,3,19,Y6005875,,,,0,30.0,0,0
74,14,25,3,20,Y6005876,,,,0,30.0,0,0
74,14,25,3,21,Y6005877,,,,0,30.0,0,0
74,14,25,3,22,Y6005878,,,,0,30.0,0,0
74,14,25,3,23,Y6005879,,,,0,30.0,0,0
74,14,25,3,24,Y6005880,,,,0,30.0,0,0
74,14,25,3,25,Y6005881,,,,0,30.0,0,0
74,14,25,3,26,Y6005882,,,,0,30.0,0,0
74,14,25,3,27,Y6005883,,,,0,30.0,0,0
74,14,25,3,28,Y6005884,,,,0,30.0,0,0
74,14,25,3,29,Y6005885,,,,0,30.0,0,0
74,14,25,3,30,Y6005886,,,,0,30.0,0,0
74,14,25,4,10,Y6005887,,,,0,30.0,0,0
74,14,25,4,11,Y6005888,,,,0,30.0,0,0
74,14,25,4,12,Y6005889,,,,0,30.0,0,0
74,14,25,4,13,Y6005890,,,,0,30.0,0,0
74,14,25,4,14,Y6005891,,,,0,30.0,0,0
74,14,25,4,15,Y6005892,,,,0,30.0,0,0
74,14,25,4,16,Y6005893,,,,0,30.0,0,0
74,14,25,4,17,Y6005894,,,,0,30.0,0,0
74,14,25,4,18,Y6005895,,,,0,30.0,0,0
74,14,25,4,19,Y6005896,,,,0,30.0,0,0
74,14,25,4,20,Y6005897,,,,0,30.0,0,0
74,14,25,4,21,Y6005898,,,,0,30.0,0,0
74,14,25,4,22,Y6005899,,,,0,30.0,0,0
74,14,25,4,23,Y6005900,,,,0,30.0,0,0
74,14,25,4,24,Y6005901,,,,0,30.0,0,0
74,14,25,4,25,Y6005902,,,,0,30.0,0,0
74,14,25,4,26,Y6005903,,,,0,30.0,0,0
74,14,25,4,27,Y6005904,,,,0,30.0,0,0
74,14,25,4,28,Y6005905,,,,0,30.0,0,0
74,14,25,4,29,Y6005906,,,,0,30.0,0,0
74,14,25,4,30,Y6005907,,,,0,30.0,0,0
74,14,25,5,10,Y6005908,,,,0,30.0,0,0
74,14,25,5,11,Y6005909,,,,0,30.0,0,0
74,14,25,5,12,Y6005910,,,,0,30.0,0,0
74,14,25,5,13,Y6005911,,,,0,30.0,0,0
74,14,25,5,14,Y6005912,,,,0,30.0,0,0
74,14,25,5,15,Y6005913,,,,0,30.0,0,0
74,14,25,5,16,Y6005914,,,,0,30.0,0,0
74,14,25,5,17,Y6005915,,,,0,30.0,0,0
74,14,25,5,18,Y6005916,,,,0,30.0,0,0
74,14,25,5,19,Y6005917,,,,0,30.0,0,0
74,14,25,5,20,Y6005918,,,,0,30.0,0,0
74,14,25,5,21,Y6005919,,,,0,30.0,0,0
74,14,25,5,22,Y6005920,,,,0,30.0,0,0
74,14,25,5,23,Y6005921,,,,0,30.0,0,0
74,14,25,5,24,Y6005922,,,,0,30.0,0,0
74,14,25,5,25,Y6005923,,,,0,30.0,0,0
74,14,25,5,26,Y6005924,,,,0,30.0,0,0
74,14,25,5,27,Y6005925,,,,0,30.0,0,0
74,14,25,5,28,Y6005926,,,,0,30.0,0,0
74,14,25,5,29,Y6005927,,,,0,30.0,0,0
74,14,25,5,30,Y6005928,,,,0,30.0,0,0
74,14,25,6,10,Y6005929,,,,0,30.0,0,0
74,14,25,6,11,Y6005930,,,,0,30.0,0,0
74,14,25,6,12,Y6005931,,,,0,30.0,0,0
74,14,25,6,13,Y6005932,,,,0,30.0,0,0
74,14,25,6,14,Y6005933,,,,0,30.0,0,0
74,14,25,6,15,Y6005934,,,,0,30.0,0,0
74,14,25,6,16,Y6005935,,,,0,30.0,0,0
74,14,25,6,17,Y6005936,,,,0,30.0,0,0
74,14,25,6,18,Y6005937,,,,0,30.0,0,0
74,14,25,6,19,Y6005938,,,,0,30.0,0,0
74,14,25,6,20,Y6005939,,,,0,30.0,0,0
74,14,25,6,21,Y6005940,,,,0,30.0,0,0
74,14,25,6,22,Y6005941,,,,0,30.0,0,0
74,14,25,6,23,Y6005942,,,,0,30.0,0,0
74,14,25,6,24,Y6005943,,,,0,30.0,0,0
74,14,25,6,25,Y6005944,,,,0,30.0,0,0
74,14,25,6,26,Y6005945,,,,0,30.0,0,0
74,14,25,6,27,Y6005946,,,,0,30.0,0,0
74,14,25,6,28,Y6005947,,,,0,30.0,0,0
74,14,25,6,29,Y6005948,,,,0,30.0,0,0
74,14,25,6,30,Y6005949,,,,0,30.0,0,0
74,14,25,7,10,Y6005950,,,,0,30.0,0,0
74,14,25,7,11,Y6005951,,,,0,30.0,0,0
74,14,25,7,12,Y6005952,,,,0,30.0,0,0
74,14,25,7,13,Y6005953,,,,0,30.0,0,0
74,14,25,7,14,Y6005954,,,,0,30.0,0,0
74,14,25,7,15,Y6005955,,,,0,30.0,0,0
74,14,25,7,16,Y6005956,,,,0,30.0,0,0
74,14,25,7,17,Y6005957,,,,0,30.0,0,0
74,14,25,7,18,Y6005958,,,,0,30.0,0,0
74,14,25,7,19,Y6005959,,,,0,30.0,0,0
74,14,25,7,20,Y6005960,,,,0,30.0,0,0
74,14,25,7,21,Y6005961,,,,0,30.0,0,0
74,14,25,7,22,Y6005962,,,,0,30.0,0,0
74,14,25,7,23,Y6005963,,,,0,30.0,0,0
74,14,25,7,24,Y6005964,,,,0,30.0,0,0
74,14,25,7,25,Y6005965,,,,0,30.0,0,0
74,14,25,7,26,Y6005966,,,,0,30.0,0,0
74,14,25,7,27,Y6005967,,,,0,30.0,0,0
74,14,25,7,28,Y6005968,,,,0,30.0,0,0
74,14,25,7,29,Y6005969,,,,0,30.0,0,0
74,14,25,7,30,Y6005970,,,,0,30.0,0,0
74,14,25,8,10,Y6005971,,,,0,30.0,0,0
74,14,25,8,11,Y6005972,,,,0,30.0,0,0
74,14,25,8,12,Y6005973,,,,0,30.0,0,0
74,14,25,8,13,Y6005974,,,,0,30.0,0,0
74,14,25,8,14,Y6005975,,,,0,30.0,0,0
74,14,25,8,15,Y6005976,,,,0,30.0,0,0
74,14,25,8,16,Y6005977,,,,0,30.0,0,0
74,14,25,8,17,Y6005978,,,,0,30.0,0,0
74,14,25,8,18,Y6005979,,,,0,30.0,0,0
74,14,25,8,19,Y6005980,,,,0,30.0,0,0
74,14,25,8,20,Y6005981,,,,0,30.0,0,0
74,14,25,8,21,Y6005982,,,,0,30.0,0,0
74,14,25,8,22,Y6005983,,,,0,30.0,0,0
74,14,25,8,23,Y6005984,,,,0,30.0,0,0
74,14,25,8,24,Y6005985,,,,0,30.0,0,0
74,14,25,8,25,Y6005986,,,,0,30.0,0,0
74,14,25,8,26,Y6005987,,,,0,30.0,0,0
74,14,25,8,27,Y6005988,,,,0,30.0,0,0
74,14,25,8,28,Y6005989,,,,0,30.0,0,0
74,14,25,8,29,Y6005990,,,,0,30.0,0,0
74,14,25,8,30,Y6005991,,,,0,30.0,0,0
74,14,25,9,10,Y6005992,,,,0,30.0,0,0
74,14,25,9,11,Y6005993,,,,0,30.0,0,0
74,14,25,9,12,Y6005994,,,,0,30.0,0,0
74,14,25,9,13,Y6005995,,,,0,30.0,0,0
74,14,25,9,14,Y6005996,,,,0,30.0,0,0
74,14,25,9,15,Y6005997,,,,0,30.0,0,0
74,14,25,9,16,Y6005998,,,,0,30.0,0,0
74,14,25,9,17,Y6005999,,,,0,30.0,0,0
74,14,25,9,18,Y6006000,,,,0,30.0,0,0
74,14,25,9,19,Y6006001,,,,0,30.0,0,0
74,14,25,9,20,Y6006002,,,,0,30.0,0,0
74,14,25,9,21,Y6006003,,,,0,30.0,0,0
74,14,25,9,22,Y6006004,,,,0,30.0,0,0
74,14,25,9,23,Y6006005,,,,0,30.0,0,0
74,14,25,9,24,Y6006006,,,,0,30.0,0,0
74,14,25,9,25,Y6006007,,,,0,30.0,0,0
74,14,25,9,26,Y6006008,,,,0,30.0,0,0
74,14,25,9,27,Y6006009,,,,0,30.0,0,0
74,14,25,9,28,Y6006010,,,,0,30.0,0,0
74,14,25,9,29,Y6006011,,,,0,30.0,0,0
74,14,25,9,30,Y6006012,,,,0,30.0,0,0
74,14,25,10,10,Y6006013,,,,0,30.0,0,0
74,14,25,10,11,Y6006014,,,,0,30.0,0,0
74,14,25,10,12,Y6006015,,,,0,30.0,0,0
74,14,25,10,13,Y6006016,,,,0,30.0,0,0
74,14,25,10,14,Y6006017,,,,0,30.0,0,0
74,14,25,10,15,Y6006018,,,,0,30.0,0,0
74,14,25,10,16,Y6006019,,,,0,30.0,0,0
74,14,25,10,17,Y6006020,,,,0,30.0,0,0
74,14,25,10,18,Y6006021,,,,0,30.0,0,0
74,14,25,10,19,Y6006022,,,,0,30.0,0,0
74,14,25,10,20,Y6006023,,,,0,30.0,0,0
74,14,25,10,21,Y6006024,,,,0,30.0,0,0
74,14,25,10,22,Y6006025,,,,0,30.0,0,0
74,14,25,10,23,Y6006026,,,,0,30.0,0,0
74,14,25,10,24,Y6006027,,,,0,30.0,0,0
74,14,25,10,25,Y6006028,,,,0,30.0,0,0
74,14,25,10,26,Y6006029,,,,0,30.0,0,0
74,14,25,10,27,Y6006030,,,,0,30.0,0,0
74,14,25,10,28,Y6006031,,,,0,30.0,0,0
74,14,25,10,29,Y6006032,,,,0,30.0,0,0
74,14,25,10,30,Y6006033,,,,0,30.0,0,0
74,14,25,11,10,Y6006034,,,,0,30.0,0,0
74,14,25,11,11,Y6006035,,,,0,30.0,0,0
74,14,25,11,12,Y6006036,,,,0,30.0,0,0
74,14,25,11,13,Y6006037,,,,0,30.0,0,0
74,14,25,11,14,Y6006038,,,,0,30.0,0,0
74,14,25,11,15,Y6006039,,,,0,30.0,0,0
74,14,25,11,16,Y6006040,,,,0,30.0,0,0
74,14,25,11,17,Y6006041,,,,0,30.0,0,0
74,14,25,11,18,Y6006042,,,,0,30.0,0,0
74,14,25,11,19,Y6006043,,,,0,30.0,0,0
74,14,25,11,20,Y6006044,,,,0,30.0,0,0
74,14,25,11,21,Y6006045,,,,0,30.0,0,0
74,14,25,11,22,Y6006046,,,,0,30.0,0,0
74,14,25,11,23,Y6006047,,,,0,30.0,0,0
74,14,25,11,24,Y6006048,,,,0,30.0,0,0
74,14,25,11,25,Y6006049,,,,0,30.0,0,0
74,14,25,11,26,Y6006050,,,,0,30.0,0,0
74,14,25,11,27,Y6006051,,,,0,30.0,0,0
74,14,25,11,28,Y6006052,,,,0,30.0,0,0
74,14,25,11,29,Y6006053,,,,0,30.0,0,0
74,14,25,11,30,Y6006054,,,,0,30.0,0,0
74,14,25,12,10,Y6006055,,,,0,30.0,0,0
74,14,25,12,11,Y6006056,,,,0,30.0,0,0
74,14,25,12,12,Y6006057,,,,0,30.0,0,0
74,14,25,12,13,Y6006058,,,,0,30.0,0,0
74,14,25,12,14,Y6006059,,,,0,30.0,0,0
74,14,25,12,15,Y6006060,,,,0,30.0,0,0
74,14,25,12,16,Y6006061,,,,0,30.0,0,0
74,14,25,12,17,Y6006062,,,,0,30.0,0,0
74,14,25,12,18,Y6006063,,,,0,30.0,0,0
74,14,25,12,19,Y6006064,,,,0,30.0,0,0
74,14,25,12,20,Y6006065,,,,0,30.0,0,0
74,14,25,12,21,Y6006066,,,,0,30.0,0,0
74,14,25,12,22,Y6006067,,,,0,30.0,0,0
74,14,25,12,23,Y6006068,,,,0,30.0,0,0
74,14,25,12,24,Y6006069,,,,0,30.0,0,0
74,14,25,12,25,Y6006070,,,,0,30.0,0,0
74,14,25,12,26,Y6006071,,,,0,30.0,0,0
74,14,25,12,27,Y6006072,,,,0,30.0,0,0
74,14,25,12,28,Y6006073,,,,0,30.0,0,0
74,14,25,12,29,Y6006074,,,,0,30.0,0,0
74,14,25,12,30,Y6006075,,,,0,30.0,0,0
74,14,26,1,10,Y6006076,,,,0,30.0,0,0
74,14,26,1,11,Y6006077,,,,0,30.0,0,0
74,14,26,1,12,Y6006078,,,,0,30.0,0,0
74,14,26,1,13,Y6006079,,,,0,30.0,0,0
74,14,26,1,14,Y6006080,,,,0,30.0,0,0
74,14,26,1,15,Y6006081,,,,0,30.0,0,0
74,14,26,1,16,Y6006082,,,,0,30.0,0,0
74,14,26,1,17,Y6006083,,,,0,30.0,0,0
74,14,26,1,18,Y6006084,,,,0,30.0,0,0
74,14,26,1,19,Y6006085,,,,0,30.0,0,0
74,14,26,1,20,Y6006086,,,,0,30.0,0,0
74,14,26,1,21,Y6006087,,,,0,30.0,0,0
74,14,26,1,22,Y6006088,,,,0,30.0,0,0
74,14,26,1,23,Y6006089,,,,0,30.0,0,0
74,14,26,1,24,Y6006090,,,,0,30.0,0,0
74,14,26,1,25,Y6006091,,,,0,30.0,0,0
74,14,26,1,26,Y6006092,,,,0,30.0,0,0
74,14,26,1,27,Y6006093,,,,0,30.0,0,0
74,14,26,1,28,Y6006094,,,,0,30.0,0,0
74,14,26,1,29,Y6006095,,,,0,30.0,0,0
74,14,26,1,30,Y6006096,,,,0,30.0,0,0
74,14,26,2,10,Y6006097,,,,0,30.0,0,0
74,14,26,2,11,Y6006098,,,,0,30.0,0,0
74,14,26,2,12,Y6006099,,,,0,30.0,0,0
74,14,26,2,13,Y6006100,,,,0,30.0,0,0
74,14,26,2,14,Y6006101,,,,0,30.0,0,0
74,14,26,2,15,Y6006102,,,,0,30.0,0,0
74,14,26,2,16,Y6006103,,,,0,30.0,0,0
74,14,26,2,17,Y6006104,,,,0,30.0,0,0
74,14,26,2,18,Y6006105,,,,0,30.0,0,0
74,14,26,2,19,Y6006106,,,,0,30.0,0,0
74,14,26,2,20,Y6006107,,,,0,30.0,0,0
74,14,26,2,21,Y6006108,,,,0,30.0,0,0
74,14,26,2,22,Y6006109,,,,0,30.0,0,0
74,14,26,2,23,Y6006110,,,,0,30.0,0,0
74,14,26,2,24,Y6006111,,,,0,30.0,0,0
74,14,26,2,25,Y6006112,,,,0,30.0,0,0
74,14,26,2,26,Y6006113,,,,0,30.0,0,0
74,14,26,2,27,Y6006114,,,,0,30.0,0,0
74,14,26,2,28,Y6006115,,,,0,30.0,0,0
74,14,26,2,29,Y6006116,,,,0,30.0,0,0
74,14,26,2,30,Y6006117,,,,0,30.0,0,0
74,14,26,3,10,Y6006118,,,,0,30.0,0,0
74,14,26,3,11,Y6006119,,,,0,30.0,0,0
74,14,26,3,12,Y6006120,,,,0,30.0,0,0
74,14,26,3,13,Y6006121,,,,0,30.0,0,0
74,14,26,3,14,Y6006122,,,,0,30.0,0,0
74,14,26,3,15,Y6006123,,,,0,30.0,0,0
74,14,26,3,16,Y6006124,,,,0,30.0,0,0
74,14,26,3,17,Y6006125,,,,0,30.0,0,0
74,14,26,3,18,Y6006126,,,,0,30.0,0,0
74,14,26,3,19,Y6006127,,,,0,30.0,0,0
74,14,26,3,20,Y6006128,,,,0,30.0,0,0
74,14,26,3,21,Y6006129,,,,0,30.0,0,0
74,14,26,3,22,Y6006130,,,,0,30.0,0,0
74,14,26,3,23,Y6006131,,,,0,30.0,0,0
74,14,26,3,24,Y6006132,,,,0,30.0,0,0
74,14,26,3,25,Y6006133,,,,0,30.0,0,0
74,14,26,3,26,Y6006134,,,,0,30.0,0,0
74,14,26,3,27,Y6006135,,,,0,30.0,0,0
74,14,26,3,28,Y6006136,,,,0,30.0,0,0
74,14,26,3,29,Y6006137,,,,0,30.0,0,0
74,14,26,3,30,Y6006138,,,,0,30.0,0,0
74,14,26,4,10,Y6006139,,,,0,30.0,0,0
74,14,26,4,11,Y6006140,,,,0,30.0,0,0
74,14,26,4,12,Y6006141,,,,0,30.0,0,0
74,14,26,4,13,Y6006142,,,,0,30.0,0,0
74,14,26,4,14,Y6006143,,,,0,30.0,0,0
74,14,26,4,15,Y6006144,,,,0,30.0,0,0
74,14,26,4,16,Y6006145,,,,0,30.0,0,0
74,14,26,4,17,Y6006146,,,,0,30.0,0,0
74,14,26,4,18,Y6006147,,,,0,30.0,0,0
74,14,26,4,19,Y6006148,,,,0,30.0,0,0
74,14,26,4,20,Y6006149,,,,0,30.0,0,0
74,14,26,4,21,Y6006150,,,,0,30.0,0,0
74,14,26,4,22,Y6006151,,,,0,30.0,0,0
74,14,26,4,23,Y6006152,,,,0,30.0,0,0
74,14,26,4,24,Y6006153,,,,0,30.0,0,0
74,14,26,4,25,Y6006154,,,,0,30.0,0,0
74,14,26,4,26,Y6006155,,,,0,30.0,0,0
74,14,26,4,27,Y6006156,,,,0,30.0,0,0
74,14,26,4,28,Y6006157,,,,0,30.0,0,0
74,14,26,4,29,Y6006158,,,,0,30.0,0,0
74,14,26,4,30,Y6006159,,,,0,30.0,0,0
74,14,26,5,10,Y6006160,,,,0,30.0,0,0
74,14,26,5,11,Y6006161,,,,0,30.0,0,0
74,14,26,5,12,Y6006162,,,,0,30.0,0,0
74,14,26,5,13,Y6006163,,,,0,30.0,0,0
74,14,26,5,14,Y6006164,,,,0,30.0,0,0
74,14,26,5,15,Y6006165,,,,0,30.0,0,0
74,14,26,5,16,Y6006166,,,,0,30.0,0,0
74,14,26,5,17,Y6006167,,,,0,30.0,0,0
74,14,26,5,18,Y6006168,,,,0,30.0,0,0
74,14,26,5,19,Y6006169,,,,0,30.0,0,0
74,14,26,5,20,Y6006170,,,,0,30.0,0,0
74,14,26,5,21,Y6006171,,,,0,30.0,0,0
74,14,26,5,22,Y6006172,,,,0,30.0,0,0
74,14,26,5,23,Y6006173,,,,0,30.0,0,0
74,14,26,5,24,Y6006174,,,,0,30.0,0,0
74,14,26,5,25,Y6006175,,,,0,30.0,0,0
74,14,26,5,26,Y6006176,,,,0,30.0,0,0
74,14,26,5,27,Y6006177,,,,0,30.0,0,0
74,14,26,5,28,Y6006178,,,,0,30.0,0,0
74,14,26,5,29,Y6006179,,,,0,30.0,0,0
74,14,26,5,30,Y6006180,,,,0,30.0,0,0
74,14,26,6,10,Y6006181,,,,0,30.0,0,0
74,14,26,6,11,Y6006182,,,,0,30.0,0,0
74,14,26,6,12,Y6006183,,,,0,30.0,0,0
74,14,26,6,13,Y6006184,,,,0,30.0,0,0
74,14,26,6,14,Y6006185,,,,0,30.0,0,0
74,14,26,6,15,Y6006186,,,,0,30.0,0,0
74,14,26,6,16,Y6006187,,,,0,30.0,0,0
74,14,26,6,17,Y6006188,,,,0,30.0,0,0
74,14,26,6,18,Y6006189,,,,0,30.0,0,0
74,14,26,6,19,Y6006190,,,,0,30.0,0,0
74,14,26,6,20,Y6006191,,,,0,30.0,0,0
74,14,26,6,21,Y6006192,,,,0,30.0,0,0
74,14,26,6,22,Y6006193,,,,0,30.0,0,0
74,14,26,6,23,Y6006194,,,,0,30.0,0,0
74,14,26,6,24,Y6006195,,,,0,30.0,0,0
74,14,26,6,25,Y6006196,,,,0,30.0,0,0
74,14,26,6,26,Y6006197,,,,0,30.0,0,0
74,14,26,6,27,Y6006198,,,,0,30.0,0,0
74,14,26,6,28,Y6006199,,,,0,30.0,0,0
74,14,26,6,29,Y6006200,,,,0,30.0,0,0
74,14,26,6,30,Y6006201,,,,0,30.0,0,0
74,14,26,7,10,Y6006202,,,,0,30.0,0,0
74,14,26,7,11,Y6006203,,,,0,30.0,0,0
74,14,26,7,12,Y6006204,,,,0,30.0,0,0
74,14,26,7,13,Y6006205,,,,0,30.0,0,0
74,14,26,7,14,Y6006206,,,,0,30.0,0,0
74,14,26,7,15,Y6006207,,,,0,30.0,0,0
74,14,26,7,16,Y6006208,,,,0,30.0,0,0
74,14,26,7,17,Y6006209,,,,0,30.0,0,0
74,14,26,7,18,Y6006210,,,,0,30.0,0,0
74,14,26,7,19,Y6006211,,,,0,30.0,0,0
74,14,26,7,20,Y6006212,,,,0,30.0,0,0
74,14,26,7,21,Y6006213,,,,0,30.0,0,0
74,14,26,7,22,Y6006214,,,,0,30.0,0,0
74,14,26,7,23,Y6006215,,,,0,30.0,0,0
74,14,26,7,24,Y6006216,,,,0,30.0,0,0
74,14,26,7,25,Y6006217,,,,0,30.0,0,0
74,14,26,7,26,Y6006218,,,,0,30.0,0,0
74,14,26,7,27,Y6006219,,,,0,30.0,0,0
74,14,26,7,28,Y6006220,,,,0,30.0,0,0
74,14,26,7,29,Y6006221,,,,0,30.0,0,0
74,14,26,7,30,Y6006222,,,,0,30.0,0,0
74,14,26,8,10,Y6006223,,,,0,30.0,0,0
74,14,26,8,11,Y6006224,,,,0,30.0,0,0
74,14,26,8,12,Y6006225,,,,0,30.0,0,0
74,14,26,8,13,Y6006226,,,,0,30.0,0,0
74,14,26,8,14,Y6006227,,,,0,30.0,0,0
74,14,26,8,15,Y6006228,,,,0,30.0,0,0
74,14,26,8,16,Y6006229,,,,0,30.0,0,0
74,14,26,8,17,Y6006230,,,,0,30.0,0,0
74,14,26,8,18,Y6006231,,,,0,30.0,0,0
74,14,26,8,19,Y6006232,,,,0,30.0,0,0
74,14,26,8,20,Y6006233,,,,0,30.0,0,0
74,14,26,8,21,Y6006234,,,,0,30.0,0,0
74,14,26,8,22,Y6006235,,,,0,30.0,0,0
74,14,26,8,23,Y6006236,,,,0,30.0,0,0
74,14,26,8,24,Y6006237,,,,0,30.0,0,0
74,14,26,8,25,Y6006238,,,,0,30.0,0,0
74,14,26,8,26,Y6006239,,,,0,30.0,0,0
74,14,26,8,27,Y6006240,,,,0,30.0,0,0
74,14,26,8,28,Y6006241,,,,0,30.0,0,0
74,14,26,8,29,Y6006242,,,,0,30.0,0,0
74,14,26,8,30,Y6006243,,,,0,30.0,0,0
74,14,26,9,10,Y6006244,,,,0,30.0,0,0
74,14,26,9,11,Y6006245,,,,0,30.0,0,0
74,14,26,9,12,Y6006246,,,,0,30.0,0,0
74,14,26,9,13,Y6006247,,,,0,30.0,0,0
74,14,26,9,14,Y6006248,,,,0,30.0,0,0
74,14,26,9,15,Y6006249,,,,0,30.0,0,0
74,14,26,9,16,Y6006250,,,,0,30.0,0,0
74,14,26,9,17,Y6006251,,,,0,30.0,0,0
74,14,26,9,18,Y6006252,,,,0,30.0,0,0
74,14,26,9,19,Y6006253,,,,0,30.0,0,0
74,14,26,9,20,Y6006254,,,,0,30.0,0,0
74,14,26,9,21,Y6006255,,,,0,30.0,0,0
74,14,26,9,22,Y6006256,,,,0,30.0,0,0
74,14,26,9,23,Y6006257,,,,0,30.0,0,0
74,14,26,9,24,Y6006258,,,,0,30.0,0,0
74,14,26,9,25,Y6006259,,,,0,30.0,0,0
74,14,26,9,26,Y6006260,,,,0,30.0,0,0
74,14,26,9,27,Y6006261,,,,0,30.0,0,0
74,14,26,9,28,Y6006262,,,,0,30.0,0,0
74,14,26,9,29,Y6006263,,,,0,30.0,0,0
74,14,26,9,30,Y6006264,,,,0,30.0,0,0
74,14,26,10,10,Y6006265,,,,0,30.0,0,0
74,14,26,10,11,Y6006266,,,,0,30.0,0,0
74,14,26,10,12,Y6006267,,,,0,30.0,0,0
74,14,26,10,13,Y6006268,,,,0,30.0,0,0
74,14,26,10,14,Y6006269,,,,0,30.0,0,0
74,14,26,10,15,Y6006270,,,,0,30.0,0,0
74,14,26,10,16,Y6006271,,,,0,30.0,0,0
74,14,26,10,17,Y6006272,,,,0,30.0,0,0
74,14,26,10,18,Y6006273,,,,0,30.0,0,0
74,14,26,10,19,Y6006274,,,,0,30.0,0,0
74,14,26,10,20,Y6006275,,,,0,30.0,0,0
74,14,26,10,21,Y6006276,,,,0,30.0,0,0
74,14,26,10,22,Y6006277,,,,0,30.0,0,0
74,14,26,10,23,Y6006278,,,,0,30.0,0,0
74,14,26,10,24,Y6006279,,,,0,30.0,0,0
74,14,26,10,25,Y6006280,,,,0,30.0,0,0
74,14,26,10,26,Y6006281,,,,0,30.0,0,0
74,14,26,10,27,Y6006282,,,,0,30.0,0,0
74,14,26,10,28,Y6006283,,,,0,30.0,0,0
74,14,26,10,29,Y6006284,,,,0,30.0,0,0
74,14,26,10,30,Y6006285,,,,0,30.0,0,0
74,14,26,11,10,Y6006286,,,,0,30.0,0,0
74,14,26,11,11,Y6006287,,,,0,30.0,0,0
74,14,26,11,12,Y6006288,,,,0,30.0,0,0
74,14,26,11,13,Y6006289,,,,0,30.0,0,0
74,14,26,11,14,Y6006290,,,,0,30.0,0,0
74,14,26,11,15,Y6006291,,,,0,30.0,0,0
74,14,26,11,16,Y6006292,,,,0,30.0,0,0
74,14,26,11,17,Y6006293,,,,0,30.0,0,0
74,14,26,11,18,Y6006294,,,,0,30.0,0,0
74,14,26,11,19,Y6006295,,,,0,30.0,0,0
74,14,26,11,20,Y6006296,,,,0,30.0,0,0
74,14,26,11,21,Y6006297,,,,0,30.0,0,0
74,14,26,11,22,Y6006298,,,,0,30.0,0,0
74,14,26,11,23,Y6006299,,,,0,30.0,0,0
74,14,26,11,24,Y6006300,,,,0,30.0,0,0
74,14,26,11,25,Y6006301,,,,0,30.0,0,0
74,14,26,11,26,Y6006302,,,,0,30.0,0,0
74,14,26,11,27,Y6006303,,,,0,30.0,0,0
74,14,26,11,28,Y6006304,,,,0,30.0,0,0
74,14,26,11,29,Y6006305,,,,0,30.0,0,0
74,14,26,11,30,Y6006306,,,,0,30.0,0,0
74,14,26,12,10,Y6006307,,,,0,30.0,0,0
74,14,26,12,11,Y6006308,,,,0,30.0,0,0
74,14,26,12,12,Y6006309,,,,0,30.0,0,0
74,14,26,12,13,Y6006310,,,,0,30.0,0,0
74,14,26,12,14,Y6006311,,,,0,30.0,0,0
74,14,26,12,15,Y6006312,,,,0,30.0,0,0
74,14,26,12,16,Y6006313,,,,0,30.0,0,0
74,14,26,12,17,Y6006314,,,,0,30.0,0,0
74,14,26,12,18,Y6006315,,,,0,30.0,0,0
74,14,26,12,19,Y6006316,,,,0,30.0,0,0
74,14,26,12,20,Y6006317,,,,0,30.0,0,0
74,14,26,12,21,Y6006318,,,,0,30.0,0,0
74,14,26,12,22,Y6006319,,,,0,30.0,0,0
74,14,26,12,23,Y6006320,,,,0,30.0,0,0
74,14,26,12,24,Y6006321,,,,0,30.0,0,0
74,14,26,12,25,Y6006322,,,,0,30.0,0,0
74,14,26,12,26,Y6006323,,,,0,30.0,0,0
74,14,26,12,27,Y6006324,,,,0,30.0,0,0
74,14,26,12,28,Y6006325,,,,0,30.0,0,0
74,14,26,12,29,Y6006326,,,,0,30.0,0,0
74,14,26,12,30,Y6006327,,,,0,30.0,0,0
74,14,27,1,10,Y6006328,,,,0,30.0,0,0
74,14,27,1,11,Y6006329,,,,0,30.0,0,0
74,14,27,1,12,Y6006330,,,,0,30.0,0,0
74,14,27,1,13,Y6006331,,,,0,30.0,0,0
74,14,27,1,14,Y6006332,,,,0,30.0,0,0
74,14,27,1,15,Y6006333,,,,0,30.0,0,0
74,14,27,1,16,Y6006334,,,,0,30.0,0,0
74,14,27,1,17,Y6006335,,,,0,30.0,0,0
74,14,27,1,18,Y6006336,,,,0,30.0,0,0
74,14,27,1,19,Y6006337,,,,0,30.0,0,0
74,14,27,1,20,Y6006338,,,,0,30.0,0,0
74,14,27,1,21,Y6006339,,,,0,30.0,0,0
74,14,27,1,22,Y6006340,,,,0,30.0,0,0
74,14,27,1,23,Y6006341,,,,0,30.0,0,0
74,14,27,1,24,Y6006342,,,,0,30.0,0,0
74,14,27,1,25,Y6006343,,,,0,30.0,0,0
74,14,27,1,26,Y6006344,,,,0,30.0,0,0
74,14,27,1,27,Y6006345,,,,0,30.0,0,0
74,14,27,1,28,Y6006346,,,,0,30.0,0,0
74,14,27,1,29,Y6006347,,,,0,30.0,0,0
74,14,27,1,30,Y6006348,,,,0,30.0,0,0
74,14,27,2,10,Y6006349,,,,0,30.0,0,0
74,14,27,2,11,Y6006350,,,,0,30.0,0,0
74,14,27,2,12,Y6006351,,,,0,30.0,0,0
74,14,27,2,13,Y6006352,,,,0,30.0,0,0
74,14,27,2,14,Y6006353,,,,0,30.0,0,0
74,14,27,2,15,Y6006354,,,,0,30.0,0,0
74,14,27,2,16,Y6006355,,,,0,30.0,0,0
74,14,27,2,17,Y6006356,,,,0,30.0,0,0
74,14,27,2,18,Y6006357,,,,0,30.0,0,0
74,14,27,2,19,Y6006358,,,,0,30.0,0,0
74,14,27,2,20,Y6006359,,,,0,30.0,0,0
74,14,27,2,21,Y6006360,,,,0,30.0,0,0
74,14,27,2,22,Y6006361,,,,0,30.0,0,0
74,14,27,2,23,Y6006362,,,,0,30.0,0,0
74,14,27,2,24,Y6006363,,,,0,30.0,0,0
74,14,27,2,25,Y6006364,,,,0,30.0,0,0
74,14,27,2,26,Y6006365,,,,0,30.0,0,0
74,14,27,2,27,Y6006366,,,,0,30.0,0,0
74,14,27,2,28,Y6006367,,,,0,30.0,0,0
74,14,27,2,29,Y6006368,,,,0,30.0,0,0
74,14,27,2,30,Y6006369,,,,0,30.0,0,0
74,14,27,3,10,Y6006370,,,,0,30.0,0,0
74,14,27,3,11,Y6006371,,,,0,30.0,0,0
74,14,27,3,12,Y6006372,,,,0,30.0,0,0
74,14,27,3,13,Y6006373,,,,0,30.0,0,0
74,14,27,3,14,Y6006374,,,,0,30.0,0,0
74,14,27,3,15,Y6006375,,,,0,30.0,0,0
74,14,27,3,16,Y6006376,,,,0,30.0,0,0
74,14,27,3,17,Y6006377,,,,0,30.0,0,0
74,14,27,3,18,Y6006378,,,,0,30.0,0,0
74,14,27,3,19,Y6006379,,,,0,30.0,0,0
74,14,27,3,20,Y6006380,,,,0,30.0,0,0
74,14,27,3,21,Y6006381,,,,0,30.0,0,0
74,14,27,3,22,Y6006382,,,,0,30.0,0,0
74,14,27,3,23,Y6006383,,,,0,30.0,0,0
74,14,27,3,24,Y6006384,,,,0,30.0,0,0
74,14,27,3,25,Y6006385,,,,0,30.0,0,0
74,14,27,3,26,Y6006386,,,,0,30.0,0,0
74,14,27,3,27,Y6006387,,,,0,30.0,0,0
74,14,27,3,28,Y6006388,,,,0,30.0,0,0
74,14,27,3,29,Y6006389,,,,0,30.0,0,0
74,14,27,3,30,Y6006390,,,,0,30.0,0,0
74,14,27,4,10,Y6006391,,,,0,30.0,0,0
74,14,27,4,11,Y6006392,,,,0,30.0,0,0
74,14,27,4,12,Y6006393,,,,0,30.0,0,0
74,14,27,4,13,Y6006394,,,,0,30.0,0,0
74,14,27,4,14,Y6006395,,,,0,30.0,0,0
74,14,27,4,15,Y6006396,,,,0,30.0,0,0
74,14,27,4,16,Y6006397,,,,0,30.0,0,0
74,14,27,4,17,Y6006398,,,,0,30.0,0,0
74,14,27,4,18,Y6006399,,,,0,30.0,0,0
74,14,27,4,19,Y6006400,,,,0,30.0,0,0
74,14,27,4,20,Y6006401,,,,0,30.0,0,0
74,14,27,4,21,Y6006402,,,,0,30.0,0,0
74,14,27,4,22,Y6006403,,,,0,30.0,0,0
74,14,27,4,23,Y6006404,,,,0,30.0,0,0
74,14,27,4,24,Y6006405,,,,0,30.0,0,0
74,14,27,4,25,Y6006406,,,,0,30.0,0,0
74,14,27,4,26,Y6006407,,,,0,30.0,0,0
74,14,27,4,27,Y6006408,,,,0,30.0,0,0
74,14,27,4,28,Y6006409,,,,0,30.0,0,0
74,14,27,4,29,Y6006410,,,,0,30.0,0,0
74,14,27,4,30,Y6006411,,,,0,30.0,0,0
74,14,27,5,10,Y6006412,,,,0,30.0,0,0
74,14,27,5,11,Y6006413,,,,0,30.0,0,0
74,14,27,5,12,Y6006414,,,,0,30.0,0,0
74,14,27,5,13,Y6006415,,,,0,30.0,0,0
74,14,27,5,14,Y6006416,,,,0,30.0,0,0
74,14,27,5,15,Y6006417,,,,0,30.0,0,0
74,14,27,5,16,Y6006418,,,,0,30.0,0,0
74,14,27,5,17,Y6006419,,,,0,30.0,0,0
74,14,27,5,18,Y6006420,,,,0,30.0,0,0
74,14,27,5,19,Y6006421,,,,0,30.0,0,0
74,14,27,5,20,Y6006422,,,,0,30.0,0,0
74,14,27,5,21,Y6006423,,,,0,30.0,0,0
74,14,27,5,22,Y6006424,,,,0,30.0,0,0
74,14,27,5,23,Y6006425,,,,0,30.0,0,0
74,14,27,5,24,Y6006426,,,,0,30.0,0,0
74,14,27,5,25,Y6006427,,,,0,30.0,0,0
74,14,27,5,26,Y6006428,,,,0,30.0,0,0
74,14,27,5,27,Y6006429,,,,0,30.0,0,0
74,14,27,5,28,Y6006430,,,,0,30.0,0,0
74,14,27,5,29,Y6006431,,,,0,30.0,0,0
74,14,27,5,30,Y6006432,,,,0,30.0,0,0
74,14,27,6,10,Y6006433,,,,0,30.0,0,0
74,14,27,6,11,Y6006434,,,,0,30.0,0,0
74,14,27,6,12,Y6006435,,,,0,30.0,0,0
74,14,27,6,13,Y6006436,,,,0,30.0,0,0
74,14,27,6,14,Y6006437,,,,0,30.0,0,0
74,14,27,6,15,Y6006438,,,,0,30.0,0,0
74,14,27,6,16,Y6006439,,,,0,30.0,0,0
74,14,27,6,17,Y6006440,,,,0,30.0,0,0
74,14,27,6,18,Y6006441,,,,0,30.0,0,0
74,14,27,6,19,Y6006442,,,,0,30.0,0,0
74,14,27,6,20,Y6006443,,,,0,30.0,0,0
74,14,27,6,21,Y6006444,,,,0,30.0,0,0
74,14,27,6,22,Y6006445,,,,0,30.0,0,0
74,14,27,6,23,Y6006446,,,,0,30.0,0,0
74,14,27,6,24,Y6006447,,,,0,30.0,0,0
74,14,27,6,25,Y6006448,,,,0,30.0,0,0
74,14,27,6,26,Y6006449,,,,0,30.0,0,0
74,14,27,6,27,Y6006450,,,,0,30.0,0,0
74,14,27,6,28,Y6006451,,,,0,30.0,0,0
74,14,27,6,29,Y6006452,,,,0,30.0,0,0
74,14,27,6,30,Y6006453,,,,0,30.0,0,0
74,14,27,7,10,Y6006454,,,,0,30.0,0,0
74,14,27,7,11,Y6006455,,,,0,30.0,0,0
74,14,27,7,12,Y6006456,,,,0,30.0,0,0
74,14,27,7,13,Y6006457,,,,0,30.0,0,0
74,14,27,7,14,Y6006458,,,,0,30.0,0,0
74,14,27,7,15,Y6006459,,,,0,30.0,0,0
74,14,27,7,16,Y6006460,,,,0,30.0,0,0
74,14,27,7,17,Y6006461,,,,0,30.0,0,0
74,14,27,7,18,Y6006462,,,,0,30.0,0,0
74,14,27,7,19,Y6006463,,,,0,30.0,0,0
74,14,27,7,20,Y6006464,,,,0,30.0,0,0
74,14,27,7,21,Y6006465,,,,0,30.0,0,0
74,14,27,7,22,Y6006466,,,,0,30.0,0,0
74,14,27,7,23,Y6006467,,,,0,30.0,0,0
74,14,27,7,24,Y6006468,,,,0,30.0,0,0
74,14,27,7,25,Y6006469,,,,0,30.0,0,0
74,14,27,7,26,Y6006470,,,,0,30.0,0,0
74,14,27,7,27,Y6006471,,,,0,30.0,0,0
74,14,27,7,28,Y6006472,,,,0,30.0,0,0
74,14,27,7,29,Y6006473,,,,0,30.0,0,0
74,14,27,7,30,Y6006474,,,,0,30.0,0,0
74,14,27,8,10,Y6006475,,,,0,30.0,0,0
74,14,27,8,11,Y6006476,,,,0,30.0,0,0
74,14,27,8,12,Y6006477,,,,0,30.0,0,0
74,14,27,8,13,Y6006478,,,,0,30.0,0,0
74,14,27,8,14,Y6006479,,,,0,30.0,0,0
74,14,27,8,15,Y6006480,,,,0,30.0,0,0
74,14,27,8,16,Y6006481,,,,0,30.0,0,0
74,14,27,8,17,Y6006482,,,,0,30.0,0,0
74,14,27,8,18,Y6006483,,,,0,30.0,0,0
74,14,27,8,19,Y6006484,,,,0,30.0,0,0
74,14,27,8,20,Y6006485,,,,0,30.0,0,0
74,14,27,8,21,Y6006486,,,,0,30.0,0,0
74,14,27,8,22,Y6006487,,,,0,30.0,0,0
74,14,27,8,23,Y6006488,,,,0,30.0,0,0
74,14,27,8,24,Y6006489,,,,0,30.0,0,0
74,14,27,8,25,Y6006490,,,,0,30.0,0,0
74,14,27,8,26,Y6006491,,,,0,30.0,0,0
74,14,27,8,27,Y6006492,,,,0,30.0,0,0
74,14,27,8,28,Y6006493,,,,0,30.0,0,0
74,14,27,8,29,Y6006494,,,,0,30.0,0,0
74,14,27,8,30,Y6006495,,,,0,30.0,0,0
74,14,27,9,10,Y6006496,,,,0,30.0,0,0
74,14,27,9,11,Y6006497,,,,0,30.0,0,0
74,14,27,9,12,Y6006498,,,,0,30.0,0,0
74,14,27,9,13,Y6006499,,,,0,30.0,0,0
74,14,27,9,14,Y6006500,,,,0,30.0,0,0
74,14,27,9,15,Y6006501,,,,0,30.0,0,0
74,14,27,9,16,Y6006502,,,,0,30.0,0,0
74,14,27,9,17,Y6006503,,,,0,30.0,0,0
74,14,27,9,18,Y6006504,,,,0,30.0,0,0
74,14,27,9,19,Y6006505,,,,0,30.0,0,0
74,14,27,9,20,Y6006506,,,,0,30.0,0,0
74,14,27,9,21,Y6006507,,,,0,30.0,0,0
74,14,27,9,22,Y6006508,,,,0,30.0,0,0
74,14,27,9,23,Y6006509,,,,0,30.0,0,0
74,14,27,9,24,Y6006510,,,,0,30.0,0,0
74,14,27,9,25,Y6006511,,,,0,30.0,0,0
74,14,27,9,26,Y6006512,,,,0,30.0,0,0
74,14,27,9,27,Y6006513,,,,0,30.0,0,0
74,14,27,9,28,Y6006514,,,,0,30.0,0,0
74,14,27,9,29,Y6006515,,,,0,30.0,0,0
74,14,27,9,30,Y6006516,,,,0,30.0,0,0
74,14,27,10,10,Y6006517,,,,0,30.0,0,0
74,14,27,10,11,Y6006518,,,,0,30.0,0,0
74,14,27,10,12,Y6006519,,,,0,30.0,0,0
74,14,27,10,13,Y6006520,,,,0,30.0,0,0
74,14,27,10,14,Y6006521,,,,0,30.0,0,0
74,14,27,10,15,Y6006522,,,,0,30.0,0,0
74,14,27,10,16,Y6006523,,,,0,30.0,0,0
74,14,27,10,17,Y6006524,,,,0,30.0,0,0
74,14,27,10,18,Y6006525,,,,0,30.0,0,0
74,14,27,10,19,Y6006526,,,,0,30.0,0,0
74,14,27,10,20,Y6006527,,,,0,30.0,0,0
74,14,27,10,21,Y6006528,,,,0,30.0,0,0
74,14,27,10,22,Y6006529,,,,0,30.0,0,0
74,14,27,10,23,Y6006530,,,,0,30.0,0,0
74,14,27,10,24,Y6006531,,,,0,30.0,0,0
74,14,27,10,25,Y6006532,,,,0,30.0,0,0
74,14,27,10,26,Y6006533,,,,0,30.0,0,0
74,14,27,10,27,Y6006534,,,,0,30.0,0,0
74,14,27,10,28,Y6006535,,,,0,30.0,0,0
74,14,27,10,29,Y6006536,,,,0,30.0,0,0
74,14,27,10,30,Y6006537,,,,0,30.0,0,0
74,14,27,11,10,Y6006538,,,,0,30.0,0,0
74,14,27,11,11,Y6006539,,,,0,30.0,0,0
74,14,27,11,12,Y6006540,,,,0,30.0,0,0
74,14,27,11,13,Y6006541,,,,0,30.0,0,0
74,14,27,11,14,Y6006542,,,,0,30.0,0,0
74,14,27,11,15,Y6006543,,,,0,30.0,0,0
74,14,27,11,16,Y6006544,,,,0,30.0,0,0
74,14,27,11,17,Y6006545,,,,0,30.0,0,0
74,14,27,11,18,Y6006546,,,,0,30.0,0,0
74,14,27,11,19,Y6006547,,,,0,30.0,0,0
74,14,27,11,20,Y6006548,,,,0,30.0,0,0
74,14,27,11,21,Y6006549,,,,0,30.0,0,0
74,14,27,11,22,Y6006550,,,,0,30.0,0,0
74,14,27,11,23,Y6006551,,,,0,30.0,0,0
74,14,27,11,24,Y6006552,,,,0,30.0,0,0
74,14,27,11,25,Y6006553,,,,0,30.0,0,0
74,14,27,11,26,Y6006554,,,,0,30.0,0,0
74,14,27,11,27,Y6006555,,,,0,30.0,0,0
74,14,27,11,28,Y6006556,,,,0,30.0,0,0
74,14,27,11,29,Y6006557,,,,0,30.0,0,0
74,14,27,11,30,Y6006558,,,,0,30.0,0,0
74,14,27,12,10,Y6006559,,,,0,30.0,0,0
74,14,27,12,11,Y6006560,,,,0,30.0,0,0
74,14,27,12,12,Y6006561,,,,0,30.0,0,0
74,14,27,12,13,Y6006562,,,,0,30.0,0,0
74,14,27,12,14,Y6006563,,,,0,30.0,0,0
74,14,27,12,15,Y6006564,,,,0,30.0,0,0
74,14,27,12,16,Y6006565,,,,0,30.0,0,0
74,14,27,12,17,Y6006566,,,,0,30.0,0,0
74,14,27,12,18,Y6006567,,,,0,30.0,0,0
74,14,27,12,19,Y6006568,,,,0,30.0,0,0
74,14,27,12,20,Y6006569,,,,0,30.0,0,0
74,14,27,12,21,Y6006570,,,,0,30.0,0,0
74,14,27,12,22,Y6006571,,,,0,30.0,0,0
74,14,27,12,23,Y6006572,,,,0,30.0,0,0
74,14,27,12,24,Y6006573,,,,0,30.0,0,0
74,14,27,12,25,Y6006574,,,,0,30.0,0,0
74,14,27,12,26,Y6006575,,,,0,30.0,0,0
74,14,27,12,27,Y6006576,,,,0,30.0,0,0
74,14,27,12,28,Y6006577,,,,0,30.0,0,0
74,14,27,12,29,Y6006578,,,,0,30.0,0,0
74,14,27,12,30,Y6006579,,,,0,30.0,0,0
74,14,28,1,10,Y6006580,,,,0,30.0,0,0
74,14,28,1,11,Y6006581,,,,0,30.0,0,0
74,14,28,1,12,Y6006582,,,,0,30.0,0,0
74,14,28,1,13,Y6006583,,,,0,30.0,0,0
74,14,28,1,14,Y6006584,,,,0,30.0,0,0
74,14,28,1,15,Y6006585,,,,0,30.0,0,0
74,14,28,1,16,Y6006586,,,,0,30.0,0,0
74,14,28,1,17,Y6006587,,,,0,30.0,0,0
74,14,28,1,18,Y6006588,,,,0,30.0,0,0
74,14,28,1,19,Y6006589,,,,0,30.0,0,0
74,14,28,1,20,Y6006590,,,,0,30.0,0,0
74,14,28,1,21,Y6006591,,,,0,30.0,0,0
74,14,28,1,22,Y6006592,,,,0,30.0,0,0
74,14,28,1,23,Y6006593,,,,0,30.0,0,0
74,14,28,1,24,Y6006594,,,,0,30.0,0,0
74,14,28,1,25,Y6006595,,,,0,30.0,0,0
74,14,28,1,26,Y6006596,,,,0,30.0,0,0
74,14,28,1,27,Y6006597,,,,0,30.0,0,0
74,14,28,1,28,Y6006598,,,,0,30.0,0,0
74,14,28,1,29,Y6006599,,,,0,30.0,0,0
74,14,28,1,30,Y6006600,,,,0,30.0,0,0
74,14,28,2,10,Y6006601,,,,0,30.0,0,0
74,14,28,2,11,Y6006602,,,,0,30.0,0,0
74,14,28,2,12,Y6006603,,,,0,30.0,0,0
74,14,28,2,13,Y6006604,,,,0,30.0,0,0
74,14,28,2,14,Y6006605,,,,0,30.0,0,0
74,14,28,2,15,Y6006606,,,,0,30.0,0,0
74,14,28,2,16,Y6006607,,,,0,30.0,0,0
74,14,28,2,17,Y6006608,,,,0,30.0,0,0
74,14,28,2,18,Y6006609,,,,0,30.0,0,0
74,14,28,2,19,Y6006610,,,,0,30.0,0,0
74,14,28,2,20,Y6006611,,,,0,30.0,0,0
74,14,28,2,21,Y6006612,,,,0,30.0,0,0
74,14,28,2,22,Y6006613,,,,0,30.0,0,0
74,14,28,2,23,Y6006614,,,,0,30.0,0,0
74,14,28,2,24,Y6006615,,,,0,30.0,0,0
74,14,28,2,25,Y6006616,,,,0,30.0,0,0
74,14,28,2,26,Y6006617,,,,0,30.0,0,0
74,14,28,2,27,Y6006618,,,,0,30.0,0,0
74,14,28,2,28,Y6006619,,,,0,30.0,0,0
74,14,28,2,29,Y6006620,,,,0,30.0,0,0
74,14,28,2,30,Y6006621,,,,0,30.0,0,0
74,14,28,3,10,Y6006622,,,,0,30.0,0,0
74,14,28,3,11,Y6006623,,,,0,30.0,0,0
74,14,28,3,12,Y6006624,,,,0,30.0,0,0
74,14,28,3,13,Y6006625,,,,0,30.0,0,0
74,14,28,3,14,Y6006626,,,,0,30.0,0,0
74,14,28,3,15,Y6006627,,,,0,30.0,0,0
74,14,28,3,16,Y6006628,,,,0,30.0,0,0
74,14,28,3,17,Y6006629,,,,0,30.0,0,0
74,14,28,3,18,Y6006630,,,,0,30.0,0,0
74,14,28,3,19,Y6006631,,,,0,30.0,0,0
74,14,28,3,20,Y6006632,,,,0,30.0,0,0
74,14,28,3,21,Y6006633,,,,0,30.0,0,0
74,14,28,3,22,Y6006634,,,,0,30.0,0,0
74,14,28,3,23,Y6006635,,,,0,30.0,0,0
74,14,28,3,24,Y6006636,,,,0,30.0,0,0
74,14,28,3,25,Y6006637,,,,0,30.0,0,0
74,14,28,3,26,Y6006638,,,,0,30.0,0,0
74,14,28,3,27,Y6006639,,,,0,30.0,0,0
74,14,28,3,28,Y6006640,,,,0,30.0,0,0
74,14,28,3,29,Y6006641,,,,0,30.0,0,0
74,14,28,3,30,Y6006642,,,,0,30.0,0,0
74,14,28,4,10,Y6006643,,,,0,30.0,0,0
74,14,28,4,11,Y6006644,,,,0,30.0,0,0
74,14,28,4,12,Y6006645,,,,0,30.0,0,0
74,14,28,4,13,Y6006646,,,,0,30.0,0,0
74,14,28,4,14,Y6006647,,,,0,30.0,0,0
74,14,28,4,15,Y6006648,,,,0,30.0,0,0
74,14,28,4,16,Y6006649,,,,0,30.0,0,0
74,14,28,4,17,Y6006650,,,,0,30.0,0,0
74,14,28,4,18,Y6006651,,,,0,30.0,0,0
74,14,28,4,19,Y6006652,,,,0,30.0,0,0
74,14,28,4,20,Y6006653,,,,0,30.0,0,0
74,14,28,4,21,Y6006654,,,,0,30.0,0,0
74,14,28,4,22,Y6006655,,,,0,30.0,0,0
74,14,28,4,23,Y6006656,,,,0,30.0,0,0
74,14,28,4,24,Y6006657,,,,0,30.0,0,0
74,14,28,4,25,Y6006658,,,,0,30.0,0,0
74,14,28,4,26,Y6006659,,,,0,30.0,0,0
74,14,28,4,27,Y6006660,,,,0,30.0,0,0
74,14,28,4,28,Y6006661,,,,0,30.0,0,0
74,14,28,4,29,Y6006662,,,,0,30.0,0,0
74,14,28,4,30,Y6006663,,,,0,30.0,0,0
74,14,28,5,10,Y6006664,,,,0,30.0,0,0
74,14,28,5,11,Y6006665,,,,0,30.0,0,0
74,14,28,5,12,Y6006666,,,,0,30.0,0,0
74,14,28,5,13,Y6006667,,,,0,30.0,0,0
74,14,28,5,14,Y6006668,,,,0,30.0,0,0
74,14,28,5,15,Y6006669,,,,0,30.0,0,0
74,14,28,5,16,Y6006670,,,,0,30.0,0,0
74,14,28,5,17,Y6006671,,,,0,30.0,0,0
74,14,28,5,18,Y6006672,,,,0,30.0,0,0
74,14,28,5,19,Y6006673,,,,0,30.0,0,0
74,14,28,5,20,Y6006674,,,,0,30.0,0,0
74,14,28,5,21,Y6006675,,,,0,30.0,0,0
74,14,28,5,22,Y6006676,,,,0,30.0,0,0
74,14,28,5,23,Y6006677,,,,0,30.0,0,0
74,14,28,5,24,Y6006678,,,,0,30.0,0,0
74,14,28,5,25,Y6006679,,,,0,30.0,0,0
74,14,28,5,26,Y6006680,,,,0,30.0,0,0
74,14,28,5,27,Y6006681,,,,0,30.0,0,0
74,14,28,5,28,Y6006682,,,,0,30.0,0,0
74,14,28,5,29,Y6006683,,,,0,30.0,0,0
74,14,28,5,30,Y6006684,,,,0,30.0,0,0
74,14,28,6,10,Y6006685,,,,0,30.0,0,0
74,14,28,6,11,Y6006686,,,,0,30.0,0,0
74,14,28,6,12,Y6006687,,,,0,30.0,0,0
74,14,28,6,13,Y6006688,,,,0,30.0,0,0
74,14,28,6,14,Y6006689,,,,0,30.0,0,0
74,14,28,6,15,Y6006690,,,,0,30.0,0,0
74,14,28,6,16,Y6006691,,,,0,30.0,0,0
74,14,28,6,17,Y6006692,,,,0,30.0,0,0
74,14,28,6,18,Y6006693,,,,0,30.0,0,0
74,14,28,6,19,Y6006694,,,,0,30.0,0,0
74,14,28,6,20,Y6006695,,,,0,30.0,0,0
74,14,28,6,21,Y6006696,,,,0,30.0,0,0
74,14,28,6,22,Y6006697,,,,0,30.0,0,0
74,14,28,6,23,Y6006698,,,,0,30.0,0,0
74,14,28,6,24,Y6006699,,,,0,30.0,0,0
74,14,28,6,25,Y6006700,,,,0,30.0,0,0
74,14,28,6,26,Y6006701,,,,0,30.0,0,0
74,14,28,6,27,Y6006702,,,,0,30.0,0,0
74,14,28,6,28,Y6006703,,,,0,30.0,0,0
74,14,28,6,29,Y6006704,,,,0,30.0,0,0
74,14,28,6,30,Y6006705,,,,0,30.0,0,0
74,14,28,7,10,Y6006706,,,,0,30.0,0,0
74,14,28,7,11,Y6006707,,,,0,30.0,0,0
74,14,28,7,12,Y6006708,,,,0,30.0,0,0
74,14,28,7,13,Y6006709,,,,0,30.0,0,0
74,14,28,7,14,Y6006710,,,,0,30.0,0,0
74,14,28,7,15,Y6006711,,,,0,30.0,0,0
74,14,28,7,16,Y6006712,,,,0,30.0,0,0
74,14,28,7,17,Y6006713,,,,0,30.0,0,0
74,14,28,7,18,Y6006714,,,,0,30.0,0,0
74,14,28,7,19,Y6006715,,,,0,30.0,0,0
74,14,28,7,20,Y6006716,,,,0,30.0,0,0
74,14,28,7,21,Y6006717,,,,0,30.0,0,0
74,14,28,7,22,Y6006718,,,,0,30.0,0,0
74,14,28,7,23,Y6006719,,,,0,30.0,0,0
74,14,28,7,24,Y6006720,,,,0,30.0,0,0
74,14,28,7,25,Y6006721,,,,0,30.0,0,0
74,14,28,7,26,Y6006722,,,,0,30.0,0,0
74,14,28,7,27,Y6006723,,,,0,30.0,0,0
74,14,28,7,28,Y6006724,,,,0,30.0,0,0
74,14,28,7,29,Y6006725,,,,0,30.0,0,0
74,14,28,7,30,Y6006726,,,,0,30.0,0,0
74,14,28,8,10,Y6006727,,,,0,30.0,0,0
74,14,28,8,11,Y6006728,,,,0,30.0,0,0
74,14,28,8,12,Y6006729,,,,0,30.0,0,0
74,14,28,8,13,Y6006730,,,,0,30.0,0,0
74,14,28,8,14,Y6006731,,,,0,30.0,0,0
74,14,28,8,15,Y6006732,,,,0,30.0,0,0
74,14,28,8,16,Y6006733,,,,0,30.0,0,0
74,14,28,8,17,Y6006734,,,,0,30.0,0,0
74,14,28,8,18,Y6006735,,,,0,30.0,0,0
74,14,28,8,19,Y6006736,,,,0,30.0,0,0
74,14,28,8,20,Y6006737,,,,0,30.0,0,0
74,14,28,8,21,Y6006738,,,,0,30.0,0,0
74,14,28,8,22,Y6006739,,,,0,30.0,0,0
74,14,28,8,23,Y6006740,,,,0,30.0,0,0
74,14,28,8,24,Y6006741,,,,0,30.0,0,0
74,14,28,8,25,Y6006742,,,,0,30.0,0,0
74,14,28,8,26,Y6006743,,,,0,30.0,0,0
74,14,28,8,27,Y6006744,,,,0,30.0,0,0
74,14,28,8,28,Y6006745,,,,0,30.0,0,0
74,14,28,8,29,Y6006746,,,,0,30.0,0,0
74,14,28,8,30,Y6006747,,,,0,30.0,0,0
74,14,28,9,10,Y6006748,,,,0,30.0,0,0
74,14,28,9,11,Y6006749,,,,0,30.0,0,0
74,14,28,9,12,Y6006750,,,,0,30.0,0,0
74,14,28,9,13,Y6006751,,,,0,30.0,0,0
74,14,28,9,14,Y6006752,,,,0,30.0,0,0
74,14,28,9,15,Y6006753,,,,0,30.0,0,0
74,14,28,9,16,Y6006754,,,,0,30.0,0,0
74,14,28,9,17,Y6006755,,,,0,30.0,0,0
74,14,28,9,18,Y6006756,,,,0,30.0,0,0
74,14,28,9,19,Y6006757,,,,0,30.0,0,0
74,14,28,9,20,Y6006758,,,,0,30.0,0,0
74,14,28,9,21,Y6006759,,,,0,30.0,0,0
74,14,28,9,22,Y6006760,,,,0,30.0,0,0
74,14,28,9,23,Y6006761,,,,0,30.0,0,0
74,14,28,9,24,Y6006762,,,,0,30.0,0,0
74,14,28,9,25,Y6006763,,,,0,30.0,0,0
74,14,28,9,26,Y6006764,,,,0,30.0,0,0
74,14,28,9,27,Y6006765,,,,0,30.0,0,0
74,14,28,9,28,Y6006766,,,,0,30.0,0,0
74,14,28,9,29,Y6006767,,,,0,30.0,0,0
74,14,28,9,30,Y6006768,,,,0,30.0,0,0
74,14,28,10,10,Y6006769,,,,0,30.0,0,0
74,14,28,10,11,Y6006770,,,,0,30.0,0,0
74,14,28,10,12,Y6006771,,,,0,30.0,0,0
74,14,28,10,13,Y6006772,,,,0,30.0,0,0
74,14,28,10,14,Y6006773,,,,0,30.0,0,0
74,14,28,10,15,Y6006774,,,,0,30.0,0,0
74,14,28,10,16,Y6006775,,,,0,30.0,0,0
74,14,28,10,17,Y6006776,,,,0,30.0,0,0
74,14,28,10,18,Y6006777,,,,0,30.0,0,0
74,14,28,10,19,Y6006778,,,,0,30.0,0,0
74,14,28,10,20,Y6006779,,,,0,30.0,0,0
74,14,28,10,21,Y6006780,,,,0,30.0,0,0
74,14,28,10,22,Y6006781,,,,0,30.0,0,0
74,14,28,10,23,Y6006782,,,,0,30.0,0,0
74,14,28,10,24,Y6006783,,,,0,30.0,0,0
74,14,28,10,25,Y6006784,,,,0,30.0,0,0
74,14,28,10,26,Y6006785,,,,0,30.0,0,0
74,14,28,10,27,Y6006786,,,,0,30.0,0,0
74,14,28,10,28,Y6006787,,,,0,30.0,0,0
74,14,28,10,29,Y6006788,,,,0,30.0,0,0
74,14,28,10,30,Y6006789,,,,0,30.0,0,0
74,14,28,11,10,Y6006790,,,,0,30.0,0,0
74,14,28,11,11,Y6006791,,,,0,30.0,0,0
74,14,28,11,12,Y6006792,,,,0,30.0,0,0
74,14,28,11,13,Y6006793,,,,0,30.0,0,0
74,14,28,11,14,Y6006794,,,,0,30.0,0,0
74,14,28,11,15,Y6006795,,,,0,30.0,0,0
74,14,28,11,16,Y6006796,,,,0,30.0,0,0
74,14,28,11,17,Y6006797,,,,0,30.0,0,0
74,14,28,11,18,Y6006798,,,,0,30.0,0,0
74,14,28,11,19,Y6006799,,,,0,30.0,0,0
74,14,28,11,20,Y6006800,,,,0,30.0,0,0
74,14,28,11,21,Y6006801,,,,0,30.0,0,0
74,14,28,11,22,Y6006802,,,,0,30.0,0,0
74,14,28,11,23,Y6006803,,,,0,30.0,0,0
74,14,28,11,24,Y6006804,,,,0,30.0,0,0
74,14,28,11,25,Y6006805,,,,0,30.0,0,0
74,14,28,11,26,Y6006806,,,,0,30.0,0,0
74,14,28,11,27,Y6006807,,,,0,30.0,0,0
74,14,28,11,28,Y6006808,,,,0,30.0,0,0
74,14,28,11,29,Y6006809,,,,0,30.0,0,0
74,14,28,11,30,Y6006810,,,,0,30.0,0,0
74,14,28,12,10,Y6006811,,,,0,30.0,0,0
74,14,28,12,11,Y6006812,,,,0,30.0,0,0
74,14,28,12,12,Y6006813,,,,0,30.0,0,0
74,14,28,12,13,Y6006814,,,,0,30.0,0,0
74,14,28,12,14,Y6006815,,,,0,30.0,0,0
74,14,28,12,15,Y6006816,,,,0,30.0,0,0
74,14,28,12,16,Y6006817,,,,0,30.0,0,0
74,14,28,12,17,Y6006818,,,,0,30.0,0,0
74,14,28,12,18,Y6006819,,,,0,30.0,0,0
74,14,28,12,19,Y6006820,,,,0,30.0,0,0
74,14,28,12,20,Y6006821,,,,0,30.0,0,0
74,14,28,12,21,Y6006822,,,,0,30.0,0,0
74,14,28,12,22,Y6006823,,,,0,30.0,0,0
74,14,28,12,23,Y6006824,,,,0,30.0,0,0
74,14,28,12,24,Y6006825,,,,0,30.0,0,0
74,14,28,12,25,Y6006826,,,,0,30.0,0,0
74,14,28,12,26,Y6006827,,,,0,30.0,0,0
74,14,28,12,27,Y6006828,,,,0,30.0,0,0
74,14,28,12,28,Y6006829,,,,0,30.0,0,0
74,14,28,12,29,Y6006830,,,,0,30.0,0,0
74,14,28,12,30,Y6006831,,,,0,30.0,0,0
74,14,29,1,10,Y6006832,,,,0,30.0,0,0
74,14,29,1,11,Y6006833,,,,0,30.0,0,0
74,14,29,1,12,Y6006834,,,,0,30.0,0,0
74,14,29,1,13,Y6006835,,,,0,30.0,0,0
74,14,29,1,14,Y6006836,,,,0,30.0,0,0
74,14,29,1,15,Y6006837,,,,0,30.0,0,0
74,14,29,1,16,Y6006838,,,,0,30.0,0,0
74,14,29,1,17,Y6006839,,,,0,30.0,0,0
74,14,29,1,18,Y6006840,,,,0,30.0,0,0
74,14,29,1,19,Y6006841,,,,0,30.0,0,0
74,14,29,1,20,Y6006842,,,,0,30.0,0,0
74,14,29,1,21,Y6006843,,,,0,30.0,0,0
74,14,29,1,22,Y6006844,,,,0,30.0,0,0
74,14,29,1,23,Y6006845,,,,0,30.0,0,0
74,14,29,1,24,Y6006846,,,,0,30.0,0,0
74,14,29,1,25,Y6006847,,,,0,30.0,0,0
74,14,29,1,26,Y6006848,,,,0,30.0,0,0
74,14,29,1,27,Y6006849,,,,0,30.0,0,0
74,14,29,1,28,Y6006850,,,,0,30.0,0,0
74,14,29,1,29,Y6006851,,,,0,30.0,0,0
74,14,29,1,30,Y6006852,,,,0,30.0,0,0
74,14,29,2,10,Y6006853,,,,0,30.0,0,0
74,14,29,2,11,Y6006854,,,,0,30.0,0,0
74,14,29,2,12,Y6006855,,,,0,30.0,0,0
74,14,29,2,13,Y6006856,,,,0,30.0,0,0
74,14,29,2,14,Y6006857,,,,0,30.0,0,0
74,14,29,2,15,Y6006858,,,,0,30.0,0,0
74,14,29,2,16,Y6006859,,,,0,30.0,0,0
74,14,29,2,17,Y6006860,,,,0,30.0,0,0
74,14,29,2,18,Y6006861,,,,0,30.0,0,0
74,14,29,2,19,Y6006862,,,,0,30.0,0,0
74,14,29,2,20,Y6006863,,,,0,30.0,0,0
74,14,29,2,21,Y6006864,,,,0,30.0,0,0
74,14,29,2,22,Y6006865,,,,0,30.0,0,0
74,14,29,2,23,Y6006866,,,,0,30.0,0,0
74,14,29,2,24,Y6006867,,,,0,30.0,0,0
74,14,29,2,25,Y6006868,,,,0,30.0,0,0
74,14,29,2,26,Y6006869,,,,0,30.0,0,0
74,14,29,2,27,Y6006870,,,,0,30.0,0,0
74,14,29,2,28,Y6006871,,,,0,30.0,0,0
74,14,29,2,29,Y6006872,,,,0,30.0,0,0
74,14,29,2,30,Y6006873,,,,0,30.0,0,0
74,14,29,3,10,Y6006874,,,,0,30.0,0,0
74,14,29,3,11,Y6006875,,,,0,30.0,0,0
74,14,29,3,12,Y6006876,,,,0,30.0,0,0
74,14,29,3,13,Y6006877,,,,0,30.0,0,0
74,14,29,3,14,Y6006878,,,,0,30.0,0,0
74,14,29,3,15,Y6006879,,,,0,30.0,0,0
74,14,29,3,16,Y6006880,,,,0,30.0,0,0
74,14,29,3,17,Y6006881,,,,0,30.0,0,0
74,14,29,3,18,Y6006882,,,,0,30.0,0,0
74,14,29,3,19,Y6006883,,,,0,30.0,0,0
74,14,29,3,20,Y6006884,,,,0,30.0,0,0
74,14,29,3,21,Y6006885,,,,0,30.0,0,0
74,14,29,3,22,Y6006886,,,,0,30.0,0,0
74,14,29,3,23,Y6006887,,,,0,30.0,0,0
74,14,29,3,24,Y6006888,,,,0,30.0,0,0
74,14,29,3,25,Y6006889,,,,0,30.0,0,0
74,14,29,3,26,Y6006890,,,,0,30.0,0,0
74,14,29,3,27,Y6006891,,,,0,30.0,0,0
74,14,29,3,28,Y6006892,,,,0,30.0,0,0
74,14,29,3,29,Y6006893,,,,0,30.0,0,0
74,14,29,3,30,Y6006894,,,,0,30.0,0,0
74,14,29,4,10,Y6006895,,,,0,30.0,0,0
74,14,29,4,11,Y6006896,,,,0,30.0,0,0
74,14,29,4,12,Y6006897,,,,0,30.0,0,0
74,14,29,4,13,Y6006898,,,,0,30.0,0,0
74,14,29,4,14,Y6006899,,,,0,30.0,0,0
74,14,29,4,15,Y6006900,,,,0,30.0,0,0
74,14,29,4,16,Y6006901,,,,0,30.0,0,0
74,14,29,4,17,Y6006902,,,,0,30.0,0,0
74,14,29,4,18,Y6006903,,,,0,30.0,0,0
74,14,29,4,19,Y6006904,,,,0,30.0,0,0
74,14,29,4,20,Y6006905,,,,0,30.0,0,0
74,14,29,4,21,Y6006906,,,,0,30.0,0,0
74,14,29,4,22,Y6006907,,,,0,30.0,0,0
74,14,29,4,23,Y6006908,,,,0,30.0,0,0
74,14,29,4,24,Y6006909,,,,0,30.0,0,0
74,14,29,4,25,Y6006910,,,,0,30.0,0,0
74,14,29,4,26,Y6006911,,,,0,30.0,0,0
74,14,29,4,27,Y6006912,,,,0,30.0,0,0
74,14,29,4,28,Y6006913,,,,0,30.0,0,0
74,14,29,4,29,Y6006914,,,,0,30.0,0,0
74,14,29,4,30,Y6006915,,,,0,30.0,0,0
74,14,29,5,10,Y6006916,,,,0,30.0,0,0
74,14,29,5,11,Y6006917,,,,0,30.0,0,0
74,14,29,5,12,Y6006918,,,,0,30.0,0,0
74,14,29,5,13,Y6006919,,,,0,30.0,0,0
74,14,29,5,14,Y6006920,,,,0,30.0,0,0
74,14,29,5,15,Y6006921,,,,0,30.0,0,0
74,14,29,5,16,Y6006922,,,,0,30.0,0,0
74,14,29,5,17,Y6006923,,,,0,30.0,0,0
74,14,29,5,18,Y6006924,,,,0,30.0,0,0
74,14,29,5,19,Y6006925,,,,0,30.0,0,0
74,14,29,5,20,Y6006926,,,,0,30.0,0,0
74,14,29,5,21,Y6006927,,,,0,30.0,0,0
74,14,29,5,22,Y6006928,,,,0,30.0,0,0
74,14,29,5,23,Y6006929,,,,0,30.0,0,0
74,14,29,5,24,Y6006930,,,,0,30.0,0,0
74,14,29,5,25,Y6006931,,,,0,30.0,0,0
74,14,29,5,26,Y6006932,,,,0,30.0,0,0
74,14,29,5,27,Y6006933,,,,0,30.0,0,0
74,14,29,5,28,Y6006934,,,,0,30.0,0,0
74,14,29,5,29,Y6006935,,,,0,30.0,0,0
74,14,29,5,30,Y6006936,,,,0,30.0,0,0
74,14,29,6,10,Y6006937,,,,0,30.0,0,0
74,14,29,6,11,Y6006938,,,,0,30.0,0,0
74,14,29,6,12,Y6006939,,,,0,30.0,0,0
74,14,29,6,13,Y6006940,,,,0,30.0,0,0
74,14,29,6,14,Y6006941,,,,0,30.0,0,0
74,14,29,6,15,Y6006942,,,,0,30.0,0,0
74,14,29,6,16,Y6006943,,,,0,30.0,0,0
74,14,29,6,17,Y6006944,,,,0,30.0,0,0
74,14,29,6,18,Y6006945,,,,0,30.0,0,0
74,14,29,6,19,Y6006946,,,,0,30.0,0,0
74,14,29,6,20,Y6006947,,,,0,30.0,0,0
74,14,29,6,21,Y6006948,,,,0,30.0,0,0
74,14,29,6,22,Y6006949,,,,0,30.0,0,0
74,14,29,6,23,Y6006950,,,,0,30.0,0,0
74,14,29,6,24,Y6006951,,,,0,30.0,0,0
74,14,29,6,25,Y6006952,,,,0,30.0,0,0
74,14,29,6,26,Y6006953,,,,0,30.0,0,0
74,14,29,6,27,Y6006954,,,,0,30.0,0,0
74,14,29,6,28,Y6006955,,,,0,30.0,0,0
74,14,29,6,29,Y6006956,,,,0,30.0,0,0
74,14,29,6,30,Y6006957,,,,0,30.0,0,0
74,14,29,7,10,Y6006958,,,,0,30.0,0,0
74,14,29,7,11,Y6006959,,,,0,30.0,0,0
74,14,29,7,12,Y6006960,,,,0,30.0,0,0
74,14,29,7,13,Y6006961,,,,0,30.0,0,0
74,14,29,7,14,Y6006962,,,,0,30.0,0,0
74,14,29,7,15,Y6006963,,,,0,30.0,0,0
74,14,29,7,16,Y6006964,,,,0,30.0,0,0
74,14,29,7,17,Y6006965,,,,0,30.0,0,0
74,14,29,7,18,Y6006966,,,,0,30.0,0,0
74,14,29,7,19,Y6006967,,,,0,30.0,0,0
74,14,29,7,20,Y6006968,,,,0,30.0,0,0
74,14,29,7,21,Y6006969,,,,0,30.0,0,0
74,14,29,7,22,Y6006970,,,,0,30.0,0,0
74,14,29,7,23,Y6006971,,,,0,30.0,0,0
74,14,29,7,24,Y6006972,,,,0,30.0,0,0
74,14,29,7,25,Y6006973,,,,0,30.0,0,0
74,14,29,7,26,Y6006974,,,,0,30.0,0,0
74,14,29,7,27,Y6006975,,,,0,30.0,0,0
74,14,29,7,28,Y6006976,,,,0,30.0,0,0
74,14,29,7,29,Y6006977,,,,0,30.0,0,0
74,14,29,7,30,Y6006978,,,,0,30.0,0,0
74,14,29,8,10,Y6006979,,,,0,30.0,0,0
74,14,29,8,11,Y6006980,,,,0,30.0,0,0
74,14,29,8,12,Y6006981,,,,0,30.0,0,0
74,14,29,8,13,Y6006982,,,,0,30.0,0,0
74,14,29,8,14,Y6006983,,,,0,30.0,0,0
74,14,29,8,15,Y6006984,,,,0,30.0,0,0
74,14,29,8,16,Y6006985,,,,0,30.0,0,0
74,14,29,8,17,Y6006986,,,,0,30.0,0,0
74,14,29,8,18,Y6006987,,,,0,30.0,0,0
74,14,29,8,19,Y6006988,,,,0,30.0,0,0
74,14,29,8,20,Y6006989,,,,0,30.0,0,0
74,14,29,8,21,Y6006990,,,,0,30.0,0,0
74,14,29,8,22,Y6006991,,,,0,30.0,0,0
74,14,29,8,23,Y6006992,,,,0,30.0,0,0
74,14,29,8,24,Y6006993,,,,0,30.0,0,0
74,14,29,8,25,Y6006994,,,,0,30.0,0,0
74,14,29,8,26,Y6006995,,,,0,30.0,0,0
74,14,29,8,27,Y6006996,,,,0,30.0,0,0
74,14,29,8,28,Y6006997,,,,0,30.0,0,0
74,14,29,8,29,Y6006998,,,,0,30.0,0,0
74,14,29,8,30,Y6006999,,,,0,30.0,0,0
74,14,29,9,10,Y6007000,,,,0,30.0,0,0
74,14,29,9,11,Y6007001,,,,0,30.0,0,0
74,14,29,9,12,Y6007002,,,,0,30.0,0,0
74,14,29,9,13,Y6007003,,,,0,30.0,0,0
74,14,29,9,14,Y6007004,,,,0,30.0,0,0
74,14,29,9,15,Y6007005,,,,0,30.0,0,0
74,14,29,9,16,Y6007006,,,,0,30.0,0,0
74,14,29,9,17,Y6007007,,,,0,30.0,0,0
74,14,29,9,18,Y6007008,,,,0,30.0,0,0
74,14,29,9,19,Y6007009,,,,0,30.0,0,0
74,14,29,9,20,Y6007010,,,,0,30.0,0,0
74,14,29,9,21,Y6007011,,,,0,30.0,0,0
74,14,29,9,22,Y6007012,,,,0,30.0,0,0
74,14,29,9,23,Y6007013,,,,0,30.0,0,0
74,14,29,9,24,Y6007014,,,,0,30.0,0,0
74,14,29,9,25,Y6007015,,,,0,30.0,0,0
74,14,29,9,26,Y6007016,,,,0,30.0,0,0
74,14,29,9,27,Y6007017,,,,0,30.0,0,0
74,14,29,9,28,Y6007018,,,,0,30.0,0,0
74,14,29,9,29,Y6007019,,,,0,30.0,0,0
74,14,29,9,30,Y6007020,,,,0,30.0,0,0
74,14,29,10,10,Y6007021,,,,0,30.0,0,0
74,14,29,10,11,Y6007022,,,,0,30.0,0,0
74,14,29,10,12,Y6007023,,,,0,30.0,0,0
74,14,29,10,13,Y6007024,,,,0,30.0,0,0
74,14,29,10,14,Y6007025,,,,0,30.0,0,0
74,14,29,10,15,Y6007026,,,,0,30.0,0,0
74,14,29,10,16,Y6007027,,,,0,30.0,0,0
74,14,29,10,17,Y6007028,,,,0,30.0,0,0
74,14,29,10,18,Y6007029,,,,0,30.0,0,0
74,14,29,10,19,Y6007030,,,,0,30.0,0,0
74,14,29,10,20,Y6007031,,,,0,30.0,0,0
74,14,29,10,21,Y6007032,,,,0,30.0,0,0
74,14,29,10,22,Y6007033,,,,0,30.0,0,0
74,14,29,10,23,Y6007034,,,,0,30.0,0,0
74,14,29,10,24,Y6007035,,,,0,30.0,0,0
74,14,29,10,25,Y6007036,,,,0,30.0,0,0
74,14,29,10,26,Y6007037,,,,0,30.0,0,0
74,14,29,10,27,Y6007038,,,,0,30.0,0,0
74,14,29,10,28,Y6007039,,,,0,30.0,0,0
74,14,29,10,29,Y6007040,,,,0,30.0,0,0
74,14,29,10,30,Y6007041,,,,0,30.0,0,0
74,14,29,11,10,Y6007042,,,,0,30.0,0,0
74,14,29,11,11,Y6007043,,,,0,30.0,0,0
74,14,29,11,12,Y6007044,,,,0,30.0,0,0
74,14,29,11,13,Y6007045,,,,0,30.0,0,0
74,14,29,11,14,Y6007046,,,,0,30.0,0,0
74,14,29,11,15,Y6007047,,,,0,30.0,0,0
74,14,29,11,16,Y6007048,,,,0,30.0,0,0
74,14,29,11,17,Y6007049,,,,0,30.0,0,0
74,14,29,11,18,Y6007050,,,,0,30.0,0,0
74,14,29,11,19,Y6007051,,,,0,30.0,0,0
74,14,29,11,20,Y6007052,,,,0,30.0,0,0
74,14,29,11,21,Y6007053,,,,0,30.0,0,0
74,14,29,11,22,Y6007054,,,,0,30.0,0,0
74,14,29,11,23,Y6007055,,,,0,30.0,0,0
74,14,29,11,24,Y6007056,,,,0,30.0,0,0
74,14,29,11,25,Y6007057,,,,0,30.0,0,0
74,14,29,11,26,Y6007058,,,,0,30.0,0,0
74,14,29,11,27,Y6007059,,,,0,30.0,0,0
74,14,29,11,28,Y6007060,,,,0,30.0,0,0
74,14,29,11,29,Y6007061,,,,0,30.0,0,0
74,14,29,11,30,Y6007062,,,,0,30.0,0,0
74,14,29,12,10,Y6007063,,,,0,30.0,0,0
74,14,29,12,11,Y6007064,,,,0,30.0,0,0
74,14,29,12,12,Y6007065,,,,0,30.0,0,0
74,14,29,12,13,Y6007066,,,,0,30.0,0,0
74,14,29,12,14,Y6007067,,,,0,30.0,0,0
74,14,29,12,15,Y6007068,,,,0,30.0,0,0
74,14,29,12,16,Y6007069,,,,0,30.0,0,0
74,14,29,12,17,Y6007070,,,,0,30.0,0,0
74,14,29,12,18,Y6007071,,,,0,30.0,0,0
74,14,29,12,19,Y6007072,,,,0,30.0,0,0
74,14,29,12,20,Y6007073,,,,0,30.0,0,0
74,14,29,12,21,Y6007074,,,,0,30.0,0,0
74,14,29,12,22,Y6007075,,,,0,30.0,0,0
74,14,29,12,23,Y6007076,,,,0,30.0,0,0
74,14,29,12,24,Y6007077,,,,0,30.0,0,0
74,14,29,12,25,Y6007078,,,,0,30.0,0,0
74,14,29,12,26,Y6007079,,,,0,30.0,0,0
74,14,29,12,27,Y6007080,,,,0,30.0,0,0
74,14,29,12,28,Y6007081,,,,0,30.0,0,0
74,14,29,12,29,Y6007082,,,,0,30.0,0,0
74,14,29,12,30,Y6007083,,,,0,30.0,0,0
74,14,30,1,10,Y6007084,,,,0,30.0,0,0
74,14,30,1,11,Y6007085,,,,0,30.0,0,0
74,14,30,1,12,Y6007086,,,,0,30.0,0,0
74,14,30,1,13,Y6007087,,,,0,30.0,0,0
74,14,30,1,14,Y6007088,,,,0,30.0,0,0
74,14,30,1,15,Y6007089,,,,0,30.0,0,0
74,14,30,1,16,Y6007090,,,,0,30.0,0,0
74,14,30,1,17,Y6007091,,,,0,30.0,0,0
74,14,30,1,18,Y6007092,,,,0,30.0,0,0
74,14,30,1,19,Y6007093,,,,0,30.0,0,0
74,14,30,1,20,Y6007094,,,,0,30.0,0,0
74,14,30,1,21,Y6007095,,,,0,30.0,0,0
74,14,30,1,22,Y6007096,,,,0,30.0,0,0
74,14,30,1,23,Y6007097,,,,0,30.0,0,0
74,14,30,1,24,Y6007098,,,,0,30.0,0,0
74,14,30,1,25,Y6007099,,,,0,30.0,0,0
74,14,30,1,26,Y6007100,,,,0,30.0,0,0
74,14,30,1,27,Y6007101,,,,0,30.0,0,0
74,14,30,1,28,Y6007102,,,,0,30.0,0,0
74,14,30,1,29,Y6007103,,,,0,30.0,0,0
74,14,30,1,30,Y6007104,,,,0,30.0,0,0
74,14,30,2,10,Y6007105,,,,0,30.0,0,0
74,14,30,2,11,Y6007106,,,,0,30.0,0,0
74,14,30,2,12,Y6007107,,,,0,30.0,0,0
74,14,30,2,13,Y6007108,,,,0,30.0,0,0
74,14,30,2,14,Y6007109,,,,0,30.0,0,0
74,14,30,2,15,Y6007110,,,,0,30.0,0,0
74,14,30,2,16,Y6007111,,,,0,30.0,0,0
74,14,30,2,17,Y6007112,,,,0,30.0,0,0
74,14,30,2,18,Y6007113,,,,0,30.0,0,0
74,14,30,2,19,Y6007114,,,,0,30.0,0,0
74,14,30,2,20,Y6007115,,,,0,30.0,0,0
74,14,30,2,21,Y6007116,,,,0,30.0,0,0
74,14,30,2,22,Y6007117,,,,0,30.0,0,0
74,14,30,2,23,Y6007118,,,,0,30.0,0,0
74,14,30,2,24,Y6007119,,,,0,30.0,0,0
74,14,30,2,25,Y6007120,,,,0,30.0,0,0
74,14,30,2,26,Y6007121,,,,0,30.0,0,0
74,14,30,2,27,Y6007122,,,,0,30.0,0,0
74,14,30,2,28,Y6007123,,,,0,30.0,0,0
74,14,30,2,29,Y6007124,,,,0,30.0,0,0
74,14,30,2,30,Y6007125,,,,0,30.0,0,0
74,14,30,3,10,Y6007126,,,,0,30.0,0,0
74,14,30,3,11,Y6007127,,,,0,30.0,0,0
74,14,30,3,12,Y6007128,,,,0,30.0,0,0
74,14,30,3,13,Y6007129,,,,0,30.0,0,0
74,14,30,3,14,Y6007130,,,,0,30.0,0,0
74,14,30,3,15,Y6007131,,,,0,30.0,0,0
74,14,30,3,16,Y6007132,,,,0,30.0,0,0
74,14,30,3,17,Y6007133,,,,0,30.0,0,0
74,14,30,3,18,Y6007134,,,,0,30.0,0,0
74,14,30,3,19,Y6007135,,,,0,30.0,0,0
74,14,30,3,20,Y6007136,,,,0,30.0,0,0
74,14,30,3,21,Y6007137,,,,0,30.0,0,0
74,14,30,3,22,Y6007138,,,,0,30.0,0,0
74,14,30,3,23,Y6007139,,,,0,30.0,0,0
74,14,30,3,24,Y6007140,,,,0,30.0,0,0
74,14,30,3,25,Y6007141,,,,0,30.0,0,0
74,14,30,3,26,Y6007142,,,,0,30.0,0,0
74,14,30,3,27,Y6007143,,,,0,30.0,0,0
74,14,30,3,28,Y6007144,,,,0,30.0,0,0
74,14,30,3,29,Y6007145,,,,0,30.0,0,0
74,14,30,3,30,Y6007146,,,,0,30.0,0,0
74,14,30,4,10,Y6007147,,,,0,30.0,0,0
74,14,30,4,11,Y6007148,,,,0,30.0,0,0
74,14,30,4,12,Y6007149,,,,0,30.0,0,0
74,14,30,4,13,Y6007150,,,,0,30.0,0,0
74,14,30,4,14,Y6007151,,,,0,30.0,0,0
74,14,30,4,15,Y6007152,,,,0,30.0,0,0
74,14,30,4,16,Y6007153,,,,0,30.0,0,0
74,14,30,4,17,Y6007154,,,,0,30.0,0,0
74,14,30,4,18,Y6007155,,,,0,30.0,0,0
74,14,30,4,19,Y6007156,,,,0,30.0,0,0
74,14,30,4,20,Y6007157,,,,0,30.0,0,0
74,14,30,4,21,Y6007158,,,,0,30.0,0,0
74,14,30,4,22,Y6007159,,,,0,30.0,0,0
74,14,30,4,23,Y6007160,,,,0,30.0,0,0
74,14,30,4,24,Y6007161,,,,0,30.0,0,0
74,14,30,4,25,Y6007162,,,,0,30.0,0,0
74,14,30,4,26,Y6007163,,,,0,30.0,0,0
74,14,30,4,27,Y6007164,,,,0,30.0,0,0
74,14,30,4,28,Y6007165,,,,0,30.0,0,0
74,14,30,4,29,Y6007166,,,,0,30.0,0,0
74,14,30,4,30,Y6007167,,,,0,30.0,0,0
74,14,30,5,10,Y6007168,,,,0,30.0,0,0
74,14,30,5,11,Y6007169,,,,0,30.0,0,0
74,14,30,5,12,Y6007170,,,,0,30.0,0,0
74,14,30,5,13,Y6007171,,,,0,30.0,0,0
74,14,30,5,14,Y6007172,,,,0,30.0,0,0
74,14,30,5,15,Y6007173,,,,0,30.0,0,0
74,14,30,5,16,Y6007174,,,,0,30.0,0,0
74,14,30,5,17,Y6007175,,,,0,30.0,0,0
74,14,30,5,18,Y6007176,,,,0,30.0,0,0
74,14,30,5,19,Y6007177,,,,0,30.0,0,0
74,14,30,5,20,Y6007178,,,,0,30.0,0,0
74,14,30,5,21,Y6007179,,,,0,30.0,0,0
74,14,30,5,22,Y6007180,,,,0,30.0,0,0
74,14,30,5,23,Y6007181,,,,0,30.0,0,0
74,14,30,5,24,Y6007182,,,,0,30.0,0,0
74,14,30,5,25,Y6007183,,,,0,30.0,0,0
74,14,30,5,26,Y6007184,,,,0,30.0,0,0
74,14,30,5,27,Y6007185,,,,0,30.0,0,0
74,14,30,5,28,Y6007186,,,,0,30.0,0,0
74,14,30,5,29,Y6007187,,,,0,30.0,0,0
74,14,30,5,30,Y6007188,,,,0,30.0,0,0
74,14,30,6,10,Y6007189,,,,0,30.0,0,0
74,14,30,6,11,Y6007190,,,,0,30.0,0,0
74,14,30,6,12,Y6007191,,,,0,30.0,0,0
74,14,30,6,13,Y6007192,,,,0,30.0,0,0
74,14,30,6,14,Y6007193,,,,0,30.0,0,0
74,14,30,6,15,Y6007194,,,,0,30.0,0,0
74,14,30,6,16,Y6007195,,,,0,30.0,0,0
74,14,30,6,17,Y6007196,,,,0,30.0,0,0
74,14,30,6,18,Y6007197,,,,0,30.0,0,0
74,14,30,6,19,Y6007198,,,,0,30.0,0,0
74,14,30,6,20,Y6007199,,,,0,30.0,0,0
74,14,30,6,21,Y6007200,,,,0,30.0,0,0
74,14,30,6,22,Y6007201,,,,0,30.0,0,0
74,14,30,6,23,Y6007202,,,,0,30.0,0,0
74,14,30,6,24,Y6007203,,,,0,30.0,0,0
74,14,30,6,25,Y6007204,,,,0,30.0,0,0
74,14,30,6,26,Y6007205,,,,0,30.0,0,0
74,14,30,6,27,Y6007206,,,,0,30.0,0,0
74,14,30,6,28,Y6007207,,,,0,30.0,0,0
74,14,30,6,29,Y6007208,,,,0,30.0,0,0
74,14,30,6,30,Y6007209,,,,0,30.0,0,0
74,14,30,7,10,Y6007210,,,,0,30.0,0,0
74,14,30,7,11,Y6007211,,,,0,30.0,0,0
74,14,30,7,12,Y6007212,,,,0,30.0,0,0
74,14,30,7,13,Y6007213,,,,0,30.0,0,0
74,14,30,7,14,Y6007214,,,,0,30.0,0,0
74,14,30,7,15,Y6007215,,,,0,30.0,0,0
74,14,30,7,16,Y6007216,,,,0,30.0,0,0
74,14,30,7,17,Y6007217,,,,0,30.0,0,0
74,14,30,7,18,Y6007218,,,,0,30.0,0,0
74,14,30,7,19,Y6007219,,,,0,30.0,0,0
74,14,30,7,20,Y6007220,,,,0,30.0,0,0
74,14,30,7,21,Y6007221,,,,0,30.0,0,0
74,14,30,7,22,Y6007222,,,,0,30.0,0,0
74,14,30,7,23,Y6007223,,,,0,30.0,0,0
74,14,30,7,24,Y6007224,,,,0,30.0,0,0
74,14,30,7,25,Y6007225,,,,0,30.0,0,0
74,14,30,7,26,Y6007226,,,,0,30.0,0,0
74,14,30,7,27,Y6007227,,,,0,30.0,0,0
74,14,30,7,28,Y6007228,,,,0,30.0,0,0
74,14,30,7,29,Y6007229,,,,0,30.0,0,0
74,14,30,7,30,Y6007230,,,,0,30.0,0,0
74,14,30,8,10,Y6007231,,,,0,30.0,0,0
74,14,30,8,11,Y6007232,,,,0,30.0,0,0
74,14,30,8,12,Y6007233,,,,0,30.0,0,0
74,14,30,8,13,Y6007234,,,,0,30.0,0,0
74,14,30,8,14,Y6007235,,,,0,30.0,0,0
74,14,30,8,15,Y6007236,,,,0,30.0,0,0
74,14,30,8,16,Y6007237,,,,0,30.0,0,0
74,14,30,8,17,Y6007238,,,,0,30.0,0,0
74,14,30,8,18,Y6007239,,,,0,30.0,0,0
74,14,30,8,19,Y6007240,,,,0,30.0,0,0
74,14,30,8,20,Y6007241,,,,0,30.0,0,0
74,14,30,8,21,Y6007242,,,,0,30.0,0,0
74,14,30,8,22,Y6007243,,,,0,30.0,0,0
74,14,30,8,23,Y6007244,,,,0,30.0,0,0
74,14,30,8,24,Y6007245,,,,0,30.0,0,0
74,14,30,8,25,Y6007246,,,,0,30.0,0,0
74,14,30,8,26,Y6007247,,,,0,30.0,0,0
74,14,30,8,27,Y6007248,,,,0,30.0,0,0
74,14,30,8,28,Y6007249,,,,0,30.0,0,0
74,14,30,8,29,Y6007250,,,,0,30.0,0,0
74,14,30,8,30,Y6007251,,,,0,30.0,0,0
74,14,30,9,10,Y6007252,,,,0,30.0,0,0
74,14,30,9,11,Y6007253,,,,0,30.0,0,0
74,14,30,9,12,Y6007254,,,,0,30.0,0,0
74,14,30,9,13,Y6007255,,,,0,30.0,0,0
74,14,30,9,14,Y6007256,,,,0,30.0,0,0
74,14,30,9,15,Y6007257,,,,0,30.0,0,0
74,14,30,9,16,Y6007258,,,,0,30.0,0,0
74,14,30,9,17,Y6007259,,,,0,30.0,0,0
74,14,30,9,18,Y6007260,,,,0,30.0,0,0
74,14,30,9,19,Y6007261,,,,0,30.0,0,0
74,14,30,9,20,Y6007262,,,,0,30.0,0,0
74,14,30,9,21,Y6007263,,,,0,30.0,0,0
74,14,30,9,22,Y6007264,,,,0,30.0,0,0
74,14,30,9,23,Y6007265,,,,0,30.0,0,0
74,14,30,9,24,Y6007266,,,,0,30.0,0,0
74,14,30,9,25,Y6007267,,,,0,30.0,0,0
74,14,30,9,26,Y6007268,,,,0,30.0,0,0
74,14,30,9,27,Y6007269,,,,0,30.0,0,0
74,14,30,9,28,Y6007270,,,,0,30.0,0,0
74,14,30,9,29,Y6007271,,,,0,30.0,0,0
74,14,30,9,30,Y6007272,,,,0,30.0,0,0
74,14,30,10,10,Y6007273,,,,0,30.0,0,0
74,14,30,10,11,Y6007274,,,,0,30.0,0,0
74,14,30,10,12,Y6007275,,,,0,30.0,0,0
74,14,30,10,13,Y6007276,,,,0,30.0,0,0
74,14,30,10,14,Y6007277,,,,0,30.0,0,0
74,14,30,10,15,Y6007278,,,,0,30.0,0,0
74,14,30,10,16,Y6007279,,,,0,30.0,0,0
74,14,30,10,17,Y6007280,,,,0,30.0,0,0
74,14,30,10,18,Y6007281,,,,0,30.0,0,0
74,14,30,10,19,Y6007282,,,,0,30.0,0,0
74,14,30,10,20,Y6007283,,,,0,30.0,0,0
74,14,30,10,21,Y6007284,,,,0,30.0,0,0
74,14,30,10,22,Y6007285,,,,0,30.0,0,0
74,14,30,10,23,Y6007286,,,,0,30.0,0,0
74,14,30,10,24,Y6007287,,,,0,30.0,0,0
74,14,30,10,25,Y6007288,,,,0,30.0,0,0
74,14,30,10,26,Y6007289,,,,0,30.0,0,0
74,14,30,10,27,Y6007290,,,,0,30.0,0,0
74,14,30,10,28,Y6007291,,,,0,30.0,0,0
74,14,30,10,29,Y6007292,,,,0,30.0,0,0
74,14,30,10,30,Y6007293,,,,0,30.0,0,0
74,14,30,11,10,Y6007294,,,,0,30.0,0,0
74,14,30,11,11,Y6007295,,,,0,30.0,0,0
74,14,30,11,12,Y6007296,,,,0,30.0,0,0
74,14,30,11,13,Y6007297,,,,0,30.0,0,0
74,14,30,11,14,Y6007298,,,,0,30.0,0,0
74,14,30,11,15,Y6007299,,,,0,30.0,0,0
74,14,30,11,16,Y6007300,,,,0,30.0,0,0
74,14,30,11,17,Y6007301,,,,0,30.0,0,0
74,14,30,11,18,Y6007302,,,,0,30.0,0,0
74,14,30,11,19,Y6007303,,,,0,30.0,0,0
74,14,30,11,20,Y6007304,,,,0,30.0,0,0
74,14,30,11,21,Y6007305,,,,0,30.0,0,0
74,14,30,11,22,Y6007306,,,,0,30.0,0,0
74,14,30,11,23,Y6007307,,,,0,30.0,0,0
74,14,30,11,24,Y6007308,,,,0,30.0,0,0
74,14,30,11,25,Y6007309,,,,0,30.0,0,0
74,14,30,11,26,Y6007310,,,,0,30.0,0,0
74,14,30,11,27,Y6007311,,,,0,30.0,0,0
74,14,30,11,28,Y6007312,,,,0,30.0,0,0
74,14,30,11,29,Y6007313,,,,0,30.0,0,0
74,14,30,11,30,Y6007314,,,,0,30.0,0,0
74,14,30,12,10,Y6007315,,,,0,30.0,0,0
74,14,30,12,11,Y6007316,,,,0,30.0,0,0
74,14,30,12,12,Y6007317,,,,0,30.0,0,0
74,14,30,12,13,Y6007318,,,,0,30.0,0,0
74,14,30,12,14,Y6007319,,,,0,30.0,0,0
74,14,30,12,15,Y6007320,,,,0,30.0,0,0
74,14,30,12,16,Y6007321,,,,0,30.0,0,0
74,14,30,12,17,Y6007322,,,,0,30.0,0,0
74,14,30,12,18,Y6007323,,,,0,30.0,0,0
74,14,30,12,19,Y6007324,,,,0,30.0,0,0
74,14,30,12,20,Y6007325,,,,0,30.0,0,0
74,14,30,12,21,Y6007326,,,,0,30.0,0,0
74,14,30,12,22,Y6007327,,,,0,30.0,0,0
74,14,30,12,23,Y6007328,,,,0,30.0,0,0
74,14,30,12,24,Y6007329,,,,0,30.0,0,0
74,14,30,12,25,Y6007330,,,,0,30.0,0,0
74,14,30,12,26,Y6007331,,,,0,30.0,0,0
74,14,30,12,27,Y6007332,,,,0,30.0,0,0
74,14,30,12,28,Y6007333,,,,0,30.0,0,0
74,14,30,12,29,Y6007334,,,,0,30.0,0,0
74,14,30,12,30,Y6007335,,,,0,30.0,0,0
74,15,0,1,10,Y6007336,,,,0,30.0,0,0
74,15,0,1,11,Y6007337,,,,0,30.0,0,0
74,15,0,1,12,Y6007338,,,,0,30.0,0,0
74,15,0,1,13,Y6007339,,,,0,30.0,0,0
74,15,0,1,14,Y6007340,,,,0,30.0,0,0
74,15,0,1,15,Y6007341,,,,0,30.0,0,0
74,15,0,1,16,Y6007342,,,,0,30.0,0,0
74,15,0,1,17,Y6007343,,,,0,30.0,0,0
74,15,0,1,18,Y6007344,,,,0,30.0,0,0
74,15,0,1,19,Y6007345,,,,0,30.0,0,0
74,15,0,1,20,Y6007346,,,,0,30.0,0,0
74,15,0,1,21,Y6007347,,,,0,30.0,0,0
74,15,0,1,22,Y6007348,,,,0,30.0,0,0
74,15,0,1,23,Y6007349,,,,0,30.0,0,0
74,15,0,1,24,Y6007350,,,,0,30.0,0,0
74,15,0,1,25,Y6007351,,,,0,30.0,0,0
74,15,0,1,26,Y6007352,,,,0,30.0,0,0
74,15,0,1,27,Y6007353,,,,0,30.0,0,0
74,15,0,1,28,Y6007354,,,,0,30.0,0,2
74,15,0,1,29,Y6007355,,,,0,30.0,0,1
74,15,0,1,30,Y6007356,,,,0,30.0,0,1
74,15,0,2,10,Y6007357,,,,0,30.0,0,0
74,15,0,2,11,Y6007358,,,,0,30.0,0,0
74,15,0,2,12,Y6007359,,,,0,30.0,0,0
74,15,0,2,13,Y6007360,,,,0,30.0,0,0
74,15,0,2,14,Y6007361,,,,0,30.0,0,0
74,15,0,2,15,Y6007362,,,,0,30.0,0,0
74,15,0,2,16,Y6007363,,,,0,30.0,0,0
74,15,0,2,17,Y6007364,,,,0,30.0,0,0
74,15,0,2,18,Y6007365,,,,0,30.0,0,0
74,15,0,2,19,Y6007366,,,,0,30.0,0,0
74,15,0,2,20,Y6007367,,,,0,30.0,0,0
74,15,0,2,21,Y6007368,,,,0,30.0,0,0
74,15,0,2,22,Y6007369,,,,0,30.0,0,0
74,15,0,2,23,Y6007370,,,,0,30.0,0,0
74,15,0,2,24,Y6007371,,,,0,30.0,0,0
74,15,0,2,25,Y6007372,,,,0,30.0,0,0
74,15,0,2,26,Y6007373,,,,0,30.0,0,0
74,15,0,2,27,Y6007374,,,,0,30.0,0,0
74,15,0,2,28,Y6007375,,,,0,30.0,0,2
74,15,0,2,29,Y6007376,,,,0,30.0,0,1
74,15,0,2,30,Y6007377,,,,0,30.0,0,1
74,15,0,3,10,Y6007378,,,,0,30.0,0,0
74,15,0,3,11,Y6007379,,,,0,30.0,0,0
74,15,0,3,12,Y6007380,,,,0,30.0,0,0
74,15,0,3,13,Y6007381,,,,0,30.0,0,0
74,15,0,3,14,Y6007382,,,,0,30.0,0,0
74,15,0,3,15,Y6007383,,,,0,30.0,0,0
74,15,0,3,16,Y6007384,,,,0,30.0,0,0
74,15,0,3,17,Y6007385,,,,0,30.0,0,0
74,15,0,3,18,Y6007386,,,,0,30.0,0,0
74,15,0,3,19,Y6007387,,,,0,30.0,0,0
74,15,0,3,20,Y6007388,,,,0,30.0,0,0
74,15,0,3,21,Y6007389,,,,0,30.0,0,0
74,15,0,3,22,Y6007390,,,,0,30.0,0,0
74,15,0,3,23,Y6007391,,,,0,30.0,0,0
74,15,0,3,24,Y6007392,,,,0,30.0,0,0
74,15,0,3,25,Y6007393,,,,0,30.0,0,0
74,15,0,3,26,Y6007394,,,,0,30.0,0,0
74,15,0,3,27,Y6007395,,,,0,30.0,0,0
74,15,0,3,28,Y6007396,,,,0,30.0,0,2
74,15,0,3,29,Y6007397,,,,0,30.0,0,2
74,15,0,3,30,Y6007398,,,,0,30.0,0,2
74,15,0,4,10,Y6007399,,,,0,30.0,0,0
74,15,0,4,11,Y6007400,,,,0,30.0,0,0
74,15,0,4,12,Y6007401,,,,0,30.0,0,0
74,15,0,4,13,Y6007402,,,,0,30.0,0,0
74,15,0,4,14,Y6007403,,,,0,30.0,0,0
74,15,0,4,15,Y6007404,,,,0,30.0,0,0
74,15,0,4,16,Y6007405,,,,0,30.0,0,0
74,15,0,4,17,Y6007406,,,,0,30.0,0,0
74,15,0,4,18,Y6007407,,,,0,30.0,0,0
74,15,0,4,19,Y6007408,,,,0,30.0,0,0
74,15,0,4,20,Y6007409,,,,0,30.0,0,0
74,15,0,4,21,Y6007410,,,,0,30.0,0,0
74,15,0,4,22,Y6007411,,,,0,30.0,0,0
74,15,0,4,23,Y6007412,,,,0,30.0,0,0
74,15,0,4,24,Y6007413,,,,0,30.0,0,0
74,15,0,4,25,Y6007414,,,,0,30.0,0,0
74,15,0,4,26,Y6007415,,,,0,30.0,0,0
74,15,0,4,27,Y6007416,,,,0,30.0,0,0
74,15,0,4,28,Y6007417,,,,0,30.0,0,0
74,15,0,4,29,Y6007418,,,,0,30.0,0,0
74,15,0,4,30,Y6007419,,,,0,30.0,0,0
74,15,0,5,10,Y6007420,,,,0,30.0,0,0
74,15,0,5,11,Y6007421,,,,0,30.0,0,0
74,15,0,5,12,Y6007422,,,,0,30.0,0,0
74,15,0,5,13,Y6007423,,,,0,30.0,0,0
74,15,0,5,14,Y6007424,,,,0,30.0,0,0
74,15,0,5,15,Y6007425,,,,0,30.0,0,0
74,15,0,5,16,Y6007426,,,,0,30.0,0,0
74,15,0,5,17,Y6007427,,,,0,30.0,0,0
74,15,0,5,18,Y6007428,,,,0,30.0,0,0
74,15,0,5,19,Y6007429,,,,0,30.0,0,0
74,15,0,5,20,Y6007430,,,,0,30.0,0,0
74,15,0,5,21,Y6007431,,,,0,30.0,0,0
74,15,0,5,22,Y6007432,,,,0,30.0,0,0
74,15,0,5,23,Y6007433,,,,0,30.0,0,0
74,15,0,5,24,Y6007434,,,,0,30.0,0,0
74,15,0,5,25,Y6007435,,,,0,30.0,0,0
74,15,0,5,26,Y6007436,,,,0,30.0,0,0
74,15,0,5,27,Y6007437,,,,0,30.0,0,0
74,15,0,5,28,Y6007438,,,,0,30.0,0,0
74,15,0,5,29,Y6007439,,,,0,30.0,0,0
74,15,0,5,30,Y6007440,,,,0,30.0,0,0
74,15,0,6,10,Y6007441,,,,0,30.0,0,0
74,15,0,6,11,Y6007442,,,,0,30.0,0,0
74,15,0,6,12,Y6007443,,,,0,30.0,0,0
74,15,0,6,13,Y6007444,,,,0,30.0,0,0
74,15,0,6,14,Y6007445,,,,0,30.0,0,0
74,15,0,6,15,Y6007446,,,,0,30.0,0,0
74,15,0,6,16,Y6007447,,,,0,30.0,0,0
74,15,0,6,17,Y6007448,,,,0,30.0,0,0
74,15,0,6,18,Y6007449,,,,0,30.0,0,0
74,15,0,6,19,Y6007450,,,,0,30.0,0,0
74,15,0,6,20,Y6007451,,,,0,30.0,0,0
74,15,0,6,21,Y6007452,,,,0,30.0,0,0
74,15,0,6,22,Y6007453,,,,0,30.0,0,0
74,15,0,6,23,Y6007454,,,,0,30.0,0,0
74,15,0,6,24,Y6007455,,,,0,30.0,0,0
74,15,0,6,25,Y6007456,,,,0,30.0,0,0
74,15,0,6,26,Y6007457,,,,0,30.0,0,0
74,15,0,6,27,Y6007458,,,,0,30.0,0,0
74,15,0,6,28,Y6007459,,,,0,30.0,0,0
74,15,0,6,29,Y6007460,,,,0,30.0,0,0
74,15,0,6,30,Y6007461,,,,0,30.0,0,0
74,15,0,7,10,Y6007462,,,,0,30.0,0,0
74,15,0,7,11,Y6007463,,,,0,30.0,0,0
74,15,0,7,12,Y6007464,,,,0,30.0,0,0
74,15,0,7,13,Y6007465,,,,0,30.0,0,0
74,15,0,7,14,Y6007466,,,,0,30.0,0,0
74,15,0,7,15,Y6007467,,,,0,30.0,0,0
74,15,0,7,16,Y6007468,,,,0,30.0,0,0
74,15,0,7,17,Y6007469,,,,0,30.0,0,0
74,15,0,7,18,Y6007470,,,,0,30.0,0,0
74,15,0,7,19,Y6007471,,,,0,30.0,0,0
74,15,0,7,20,Y6007472,,,,0,30.0,0,0
74,15,0,7,21,Y6007473,,,,0,30.0,0,0
74,15,0,7,22,Y6007474,,,,0,30.0,0,0
74,15,0,7,23,Y6007475,,,,0,30.0,0,0
74,15,0,7,24,Y6007476,,,,0,30.0,0,0
74,15,0,7,25,Y6007477,,,,0,30.0,0,0
74,15,0,7,26,Y6007478,,,,0,30.0,0,0
74,15,0,7,27,Y6007479,,,,0,30.0,0,0
74,15,0,7,28,Y6007480,,,,0,30.0,0,0
74,15,0,7,29,Y6007481,,,,0,30.0,0,0
74,15,0,7,30,Y6007482,,,,0,30.0,0,0
74,15,0,8,10,Y6007483,,,,0,30.0,0,0
74,15,0,8,11,Y6007484,,,,0,30.0,0,0
74,15,0,8,12,Y6007485,,,,0,30.0,0,0
74,15,0,8,13,Y6007486,,,,0,30.0,0,0
74,15,0,8,14,Y6007487,,,,0,30.0,0,0
74,15,0,8,15,Y6007488,,,,0,30.0,0,0
74,15,0,8,16,Y6007489,,,,0,30.0,0,0
74,15,0,8,17,Y6007490,,,,0,30.0,0,0
74,15,0,8,18,Y6007491,,,,0,30.0,0,0
74,15,0,8,19,Y6007492,,,,0,30.0,0,0
74,15,0,8,20,Y6007493,,,,0,30.0,0,0
74,15,0,8,21,Y6007494,,,,0,30.0,0,0
74,15,0,8,22,Y6007495,,,,0,30.0,0,0
74,15,0,8,23,Y6007496,,,,0,30.0,0,0
74,15,0,8,24,Y6007497,,,,0,30.0,0,0
74,15,0,8,25,Y6007498,,,,0,30.0,0,0
74,15,0,8,26,Y6007499,,,,0,30.0,0,0
74,15,0,8,27,Y6007500,,,,0,30.0,0,0
74,15,0,8,28,Y6007501,,,,0,30.0,0,0
74,15,0,8,29,Y6007502,,,,0,30.0,0,0
74,15,0,8,30,Y6007503,,,,0,30.0,0,0
74,15,0,9,10,Y6007504,,,,0,30.0,0,0
74,15,0,9,11,Y6007505,,,,0,30.0,0,0
74,15,0,9,12,Y6007506,,,,0,30.0,0,0
74,15,0,9,13,Y6007507,,,,0,30.0,0,0
74,15,0,9,14,Y6007508,,,,0,30.0,0,0
74,15,0,9,15,Y6007509,,,,0,30.0,0,0
74,15,0,9,16,Y6007510,,,,0,30.0,0,0
74,15,0,9,17,Y6007511,,,,0,30.0,0,0
74,15,0,9,18,Y6007512,,,,0,30.0,0,0
74,15,0,9,19,Y6007513,,,,0,30.0,0,0
74,15,0,9,20,Y6007514,,,,0,30.0,0,0
74,15,0,9,21,Y6007515,,,,0,30.0,0,0
74,15,0,9,22,Y6007516,,,,0,30.0,0,0
74,15,0,9,23,Y6007517,,,,0,30.0,0,0
74,15,0,9,24,Y6007518,,,,0,30.0,0,0
74,15,0,9,25,Y6007519,,,,0,30.0,0,0
74,15,0,9,26,Y6007520,,,,0,30.0,0,0
74,15,0,9,27,Y6007521,,,,0,30.0,0,0
74,15,0,9,28,Y6007522,,,,0,30.0,0,0
74,15,0,9,29,Y6007523,,,,0,30.0,0,0
74,15,0,9,30,Y6007524,,,,0,30.0,0,0
74,15,0,10,10,Y6007525,,,,0,30.0,0,0
74,15,0,10,11,Y6007526,,,,0,30.0,0,0
74,15,0,10,12,Y6007527,,,,0,30.0,0,0
74,15,0,10,13,Y6007528,,,,0,30.0,0,0
74,15,0,10,14,Y6007529,,,,0,30.0,0,0
74,15,0,10,15,Y6007530,,,,0,30.0,0,0
74,15,0,10,16,Y6007531,,,,0,30.0,0,0
74,15,0,10,17,Y6007532,,,,0,30.0,0,0
74,15,0,10,18,Y6007533,,,,0,30.0,0,0
74,15,0,10,19,Y6007534,,,,0,30.0,0,0
74,15,0,10,20,Y6007535,,,,0,30.0,0,0
74,15,0,10,21,Y6007536,,,,0,30.0,0,0
74,15,0,10,22,Y6007537,,,,0,30.0,0,0
74,15,0,10,23,Y6007538,,,,0,30.0,0,0
74,15,0,10,24,Y6007539,,,,0,30.0,0,0
74,15,0,10,25,Y6007540,,,,0,30.0,0,0
74,15,0,10,26,Y6007541,,,,0,30.0,0,0
74,15,0,10,27,Y6007542,,,,0,30.0,0,0
74,15,0,10,28,Y6007543,,,,0,30.0,0,0
74,15,0,10,29,Y6007544,,,,0,30.0,0,0
74,15,0,10,30,Y6007545,,,,0,30.0,0,0
74,15,0,11,10,Y6007546,,,,0,30.0,0,0
74,15,0,11,11,Y6007547,,,,0,30.0,0,0
74,15,0,11,12,Y6007548,,,,0,30.0,0,0
74,15,0,11,13,Y6007549,,,,0,30.0,0,0
74,15,0,11,14,Y6007550,,,,0,30.0,0,0
74,15,0,11,15,Y6007551,,,,0,30.0,0,0
74,15,0,11,16,Y6007552,,,,0,30.0,0,0
74,15,0,11,17,Y6007553,,,,0,30.0,0,0
74,15,0,11,18,Y6007554,,,,0,30.0,0,0
74,15,0,11,19,Y6007555,,,,0,30.0,0,0
74,15,0,11,20,Y6007556,,,,0,30.0,0,0
74,15,0,11,21,Y6007557,,,,0,30.0,0,0
74,15,0,11,22,Y6007558,,,,0,30.0,0,0
74,15,0,11,23,Y6007559,,,,0,30.0,0,0
74,15,0,11,24,Y6007560,,,,0,30.0,0,0
74,15,0,11,25,Y6007561,,,,0,30.0,0,0
74,15,0,11,26,Y6007562,,,,0,30.0,0,0
74,15,0,11,27,Y6007563,,,,0,30.0,0,0
74,15,0,11,28,Y6007564,,,,0,30.0,0,0
74,15,0,11,29,Y6007565,,,,0,30.0,0,0
74,15,0,11,30,Y6007566,,,,0,30.0,0,0
74,15,0,12,10,Y6007567,,,,0,30.0,0,0
74,15,0,12,11,Y6007568,,,,0,30.0,0,0
74,15,0,12,12,Y6007569,,,,0,30.0,0,0
74,15,0,12,13,Y6007570,,,,0,30.0,0,0
74,15,0,12,14,Y6007571,,,,0,30.0,0,0
74,15,0,12,15,Y6007572,,,,0,30.0,0,0
74,15,0,12,16,Y6007573,,,,0,30.0,0,0
74,15,0,12,17,Y6007574,,,,0,30.0,0,0
74,15,0,12,18,Y6007575,,,,0,30.0,0,0
74,15,0,12,19,Y6007576,,,,0,30.0,0,0
74,15,0,12,20,Y6007577,,,,0,30.0,0,0
74,15,0,12,21,Y6007578,,,,0,30.0,0,0
74,15,0,12,22,Y6007579,,,,0,30.0,0,0
74,15,0,12,23,Y6007580,,,,0,30.0,0,0
74,15,0,12,24,Y6007581,,,,0,30.0,0,0
74,15,0,12,25,Y6007582,,,,0,30.0,0,0
74,15,0,12,26,Y6007583,,,,0,30.0,0,0
74,15,0,12,27,Y6007584,,,,0,30.0,0,0
74,15,0,12,28,Y6007585,,,,0,30.0,0,0
74,15,0,12,29,Y6007586,,,,0,30.0,0,0
74,15,0,12,30,Y6007587,,,,0,30.0,0,0
74,15,1,1,10,Y6007588,,,,0,30.0,0,0
74,15,1,1,11,Y6007589,,,,0,30.0,0,0
74,15,1,1,12,Y6007590,,,,0,30.0,0,0
74,15,1,1,13,Y6007591,,,,0,30.0,0,0
74,15,1,1,14,Y6007592,,,,0,30.0,0,0
74,15,1,1,15,Y6007593,,,,0,30.0,0,0
74,15,1,1,16,Y6007594,,,,0,30.0,0,0
74,15,1,1,17,Y6007595,,,,0,30.0,0,0
74,15,1,1,18,Y6007596,,,,0,30.0,0,0
74,15,1,1,19,Y6007597,,,,0,30.0,0,0
74,15,1,1,20,Y6007598,,,,0,30.0,0,0
74,15,1,1,21,Y6007599,,,,0,30.0,0,0
74,15,1,1,22,Y6007600,,,,0,30.0,0,0
74,15,1,1,23,Y6007601,,,,0,30.0,0,0
74,15,1,1,24,Y6007602,,,,0,30.0,0,0
74,15,1,1,25,Y6007603,,,,0,30.0,0,0
74,15,1,1,26,Y6007604,,,,0,30.0,0,0
74,15,1,1,27,Y6007605,,,,0,30.0,0,0
74,15,1,1,28,Y6007606,,,,0,30.0,0,2
74,15,1,1,29,Y6007607,,,,0,30.0,0,1
74,15,1,1,30,Y6007608,,,,0,30.0,0,1
74,15,1,2,10,Y6007609,,,,0,30.0,0,0
74,15,1,2,11,Y6007610,,,,0,30.0,0,0
74,15,1,2,12,Y6007611,,,,0,30.0,0,0
74,15,1,2,13,Y6007612,,,,0,30.0,0,0
74,15,1,2,14,Y6007613,,,,0,30.0,0,0
74,15,1,2,15,Y6007614,,,,0,30.0,0,0
74,15,1,2,16,Y6007615,,,,0,30.0,0,0
74,15,1,2,17,Y6007616,,,,0,30.0,0,0
74,15,1,2,18,Y6007617,,,,0,30.0,0,0
74,15,1,2,19,Y6007618,,,,0,30.0,0,0
74,15,1,2,20,Y6007619,,,,0,30.0,0,0
74,15,1,2,21,Y6007620,,,,0,30.0,0,0
74,15,1,2,22,Y6007621,,,,0,30.0,0,0
74,15,1,2,23,Y6007622,,,,0,30.0,0,0
74,15,1,2,24,Y6007623,,,,0,30.0,0,0
74,15,1,2,25,Y6007624,,,,0,30.0,0,0
74,15,1,2,26,Y6007625,,,,0,30.0,0,0
74,15,1,2,27,Y6007626,,,,0,30.0,0,0
74,15,1,2,28,Y6007627,,,,0,30.0,0,2
74,15,1,2,29,Y6007628,,,,0,30.0,0,1
74,15,1,2,30,Y6007629,,,,0,30.0,0,1
74,15,1,3,10,Y6007630,,,,0,30.0,0,0
74,15,1,3,11,Y6007631,,,,0,30.0,0,0
74,15,1,3,12,Y6007632,,,,0,30.0,0,0
74,15,1,3,13,Y6007633,,,,0,30.0,0,0
74,15,1,3,14,Y6007634,,,,0,30.0,0,0
74,15,1,3,15,Y6007635,,,,0,30.0,0,0
74,15,1,3,16,Y6007636,,,,0,30.0,0,0
74,15,1,3,17,Y6007637,,,,0,30.0,0,0
74,15,1,3,18,Y6007638,,,,0,30.0,0,0
74,15,1,3,19,Y6007639,,,,0,30.0,0,0
74,15,1,3,20,Y6007640,,,,0,30.0,0,0
74,15,1,3,21,Y6007641,,,,0,30.0,0,0
74,15,1,3,22,Y6007642,,,,0,30.0,0,0
74,15,1,3,23,Y6007643,,,,0,30.0,0,0
74,15,1,3,24,Y6007644,,,,0,30.0,0,0
74,15,1,3,25,Y6007645,,,,0,30.0,0,0
74,15,1,3,26,Y6007646,,,,0,30.0,0,0
74,15,1,3,27,Y6007647,,,,0,30.0,0,0
74,15,1,3,28,Y6007648,,,,0,30.0,0,2
74,15,1,3,29,Y6007649,,,,0,30.0,0,2
74,15,1,3,30,Y6007650,,,,0,30.0,0,2
74,15,1,4,10,Y6007651,,,,0,30.0,0,0
74,15,1,4,11,Y6007652,,,,0,30.0,0,0
74,15,1,4,12,Y6007653,,,,0,30.0,0,0
74,15,1,4,13,Y6007654,,,,0,30.0,0,0
74,15,1,4,14,Y6007655,,,,0,30.0,0,0
74,15,1,4,15,Y6007656,,,,0,30.0,0,0
74,15,1,4,16,Y6007657,,,,0,30.0,0,0
74,15,1,4,17,Y6007658,,,,0,30.0,0,0
74,15,1,4,18,Y6007659,,,,0,30.0,0,0
74,15,1,4,19,Y6007660,,,,0,30.0,0,0
74,15,1,4,20,Y6007661,,,,0,30.0,0,0
74,15,1,4,21,Y6007662,,,,0,30.0,0,0
74,15,1,4,22,Y6007663,,,,0,30.0,0,0
74,15,1,4,23,Y6007664,,,,0,30.0,0,0
74,15,1,4,24,Y6007665,,,,0,30.0,0,0
74,15,1,4,25,Y6007666,,,,0,30.0,0,0
74,15,1,4,26,Y6007667,,,,0,30.0,0,0
74,15,1,4,27,Y6007668,,,,0,30.0,0,0
74,15,1,4,28,Y6007669,,,,0,30.0,0,0
74,15,1,4,29,Y6007670,,,,0,30.0,0,0
74,15,1,4,30,Y6007671,,,,0,30.0,0,0
74,15,1,5,10,Y6007672,,,,0,30.0,0,0
74,15,1,5,11,Y6007673,,,,0,30.0,0,0
74,15,1,5,12,Y6007674,,,,0,30.0,0,0
74,15,1,5,13,Y6007675,,,,0,30.0,0,0
74,15,1,5,14,Y6007676,,,,0,30.0,0,0
74,15,1,5,15,Y6007677,,,,0,30.0,0,0
74,15,1,5,16,Y6007678,,,,0,30.0,0,0
74,15,1,5,17,Y6007679,,,,0,30.0,0,0
74,15,1,5,18,Y6007680,,,,0,30.0,0,0
74,15,1,5,19,Y6007681,,,,0,30.0,0,0
74,15,1,5,20,Y6007682,,,,0,30.0,0,0
74,15,1,5,21,Y6007683,,,,0,30.0,0,0
74,15,1,5,22,Y6007684,,,,0,30.0,0,0
74,15,1,5,23,Y6007685,,,,0,30.0,0,0
74,15,1,5,24,Y6007686,,,,0,30.0,0,0
74,15,1,5,25,Y6007687,,,,0,30.0,0,0
74,15,1,5,26,Y6007688,,,,0,30.0,0,0
74,15,1,5,27,Y6007689,,,,0,30.0,0,0
74,15,1,5,28,Y6007690,,,,0,30.0,0,0
74,15,1,5,29,Y6007691,,,,0,30.0,0,0
74,15,1,5,30,Y6007692,,,,0,30.0,0,0
74,15,1,6,10,Y6007693,,,,0,30.0,0,0
74,15,1,6,11,Y6007694,,,,0,30.0,0,0
74,15,1,6,12,Y6007695,,,,0,30.0,0,0
74,15,1,6,13,Y6007696,,,,0,30.0,0,0
74,15,1,6,14,Y6007697,,,,0,30.0,0,0
74,15,1,6,15,Y6007698,,,,0,30.0,0,0
74,15,1,6,16,Y6007699,,,,0,30.0,0,0
74,15,1,6,17,Y6007700,,,,0,30.0,0,0
74,15,1,6,18,Y6007701,,,,0,30.0,0,0
74,15,1,6,19,Y6007702,,,,0,30.0,0,0
74,15,1,6,20,Y6007703,,,,0,30.0,0,0
74,15,1,6,21,Y6007704,,,,0,30.0,0,0
74,15,1,6,22,Y6007705,,,,0,30.0,0,0
74,15,1,6,23,Y6007706,,,,0,30.0,0,0
74,15,1,6,24,Y6007707,,,,0,30.0,0,0
74,15,1,6,25,Y6007708,,,,0,30.0,0,0
74,15,1,6,26,Y6007709,,,,0,30.0,0,0
74,15,1,6,27,Y6007710,,,,0,30.0,0,0
74,15,1,6,28,Y6007711,,,,0,30.0,0,0
74,15,1,6,29,Y6007712,,,,0,30.0,0,0
74,15,1,6,30,Y6007713,,,,0,30.0,0,0
74,15,1,7,10,Y6007714,,,,0,30.0,0,0
74,15,1,7,11,Y6007715,,,,0,30.0,0,0
74,15,1,7,12,Y6007716,,,,0,30.0,0,0
74,15,1,7,13,Y6007717,,,,0,30.0,0,0
74,15,1,7,14,Y6007718,,,,0,30.0,0,0
74,15,1,7,15,Y6007719,,,,0,30.0,0,0
74,15,1,7,16,Y6007720,,,,0,30.0,0,0
74,15,1,7,17,Y6007721,,,,0,30.0,0,0
74,15,1,7,18,Y6007722,,,,0,30.0,0,0
74,15,1,7,19,Y6007723,,,,0,30.0,0,0
74,15,1,7,20,Y6007724,,,,0,30.0,0,0
74,15,1,7,21,Y6007725,,,,0,30.0,0,0
74,15,1,7,22,Y6007726,,,,0,30.0,0,0
74,15,1,7,23,Y6007727,,,,0,30.0,0,0
74,15,1,7,24,Y6007728,,,,0,30.0,0,0
74,15,1,7,25,Y6007729,,,,0,30.0,0,0
74,15,1,7,26,Y6007730,,,,0,30.0,0,0
74,15,1,7,27,Y6007731,,,,0,30.0,0,0
74,15,1,7,28,Y6007732,,,,0,30.0,0,0
74,15,1,7,29,Y6007733,,,,0,30.0,0,0
74,15,1,7,30,Y6007734,,,,0,30.0,0,0
74,15,1,8,10,Y6007735,,,,0,30.0,0,0
74,15,1,8,11,Y6007736,,,,0,30.0,0,0
74,15,1,8,12,Y6007737,,,,0,30.0,0,0
74,15,1,8,13,Y6007738,,,,0,30.0,0,0
74,15,1,8,14,Y6007739,,,,0,30.0,0,0
74,15,1,8,15,Y6007740,,,,0,30.0,0,0
74,15,1,8,16,Y6007741,,,,0,30.0,0,0
74,15,1,8,17,Y6007742,,,,0,30.0,0,0
74,15,1,8,18,Y6007743,,,,0,30.0,0,0
74,15,1,8,19,Y6007744,,,,0,30.0,0,0
74,15,1,8,20,Y6007745,,,,0,30.0,0,0
74,15,1,8,21,Y6007746,,,,0,30.0,0,0
74,15,1,8,22,Y6007747,,,,0,30.0,0,0
74,15,1,8,23,Y6007748,,,,0,30.0,0,0
74,15,1,8,24,Y6007749,,,,0,30.0,0,0
74,15,1,8,25,Y6007750,,,,0,30.0,0,0
74,15,1,8,26,Y6007751,,,,0,30.0,0,0
74,15,1,8,27,Y6007752,,,,0,30.0,0,0
74,15,1,8,28,Y6007753,,,,0,30.0,0,0
74,15,1,8,29,Y6007754,,,,0,30.0,0,0
74,15,1,8,30,Y6007755,,,,0,30.0,0,0
74,15,1,9,10,Y6007756,,,,0,30.0,0,0
74,15,1,9,11,Y6007757,,,,0,30.0,0,0
74,15,1,9,12,Y6007758,,,,0,30.0,0,0
74,15,1,9,13,Y6007759,,,,0,30.0,0,0
74,15,1,9,14,Y6007760,,,,0,30.0,0,0
74,15,1,9,15,Y6007761,,,,0,30.0,0,0
74,15,1,9,16,Y6007762,,,,0,30.0,0,0
74,15,1,9,17,Y6007763,,,,0,30.0,0,0
74,15,1,9,18,Y6007764,,,,0,30.0,0,0
74,15,1,9,19,Y6007765,,,,0,30.0,0,0
74,15,1,9,20,Y6007766,,,,0,30.0,0,0
74,15,1,9,21,Y6007767,,,,0,30.0,0,0
74,15,1,9,22,Y6007768,,,,0,30.0,0,0
74,15,1,9,23,Y6007769,,,,0,30.0,0,0
74,15,1,9,24,Y6007770,,,,0,30.0,0,0
74,15,1,9,25,Y6007771,,,,0,30.0,0,0
74,15,1,9,26,Y6007772,,,,0,30.0,0,0
74,15,1,9,27,Y6007773,,,,0,30.0,0,0
74,15,1,9,28,Y6007774,,,,0,30.0,0,0
74,15,1,9,29,Y6007775,,,,0,30.0,0,0
74,15,1,9,30,Y6007776,,,,0,30.0,0,0
74,15,1,10,10,Y6007777,,,,0,30.0,0,0
74,15,1,10,11,Y6007778,,,,0,30.0,0,0
74,15,1,10,12,Y6007779,,,,0,30.0,0,0
74,15,1,10,13,Y6007780,,,,0,30.0,0,0
74,15,1,10,14,Y6007781,,,,0,30.0,0,0
74,15,1,10,15,Y6007782,,,,0,30.0,0,0
74,15,1,10,16,Y6007783,,,,0,30.0,0,0
74,15,1,10,17,Y6007784,,,,0,30.0,0,0
74,15,1,10,18,Y6007785,,,,0,30.0,0,0
74,15,1,10,19,Y6007786,,,,0,30.0,0,0
74,15,1,10,20,Y6007787,,,,0,30.0,0,0
74,15,1,10,21,Y6007788,,,,0,30.0,0,0
74,15,1,10,22,Y6007789,,,,0,30.0,0,0
74,15,1,10,23,Y6007790,,,,0,30.0,0,0
74,15,1,10,24,Y6007791,,,,0,30.0,0,0
74,15,1,10,25,Y6007792,,,,0,30.0,0,0
74,15,1,10,26,Y6007793,,,,0,30.0,0,0
74,15,1,10,27,Y6007794,,,,0,30.0,0,0
74,15,1,10,28,Y6007795,,,,0,30.0,0,0
74,15,1,10,29,Y6007796,,,,0,30.0,0,0
74,15,1,10,30,Y6007797,,,,0,30.0,0,0
74,15,1,11,10,Y6007798,,,,0,30.0,0,0
74,15,1,11,11,Y6007799,,,,0,30.0,0,0
74,15,1,11,12,Y6007800,,,,0,30.0,0,0
74,15,1,11,13,Y6007801,,,,0,30.0,0,0
74,15,1,11,14,Y6007802,,,,0,30.0,0,0
74,15,1,11,15,Y6007803,,,,0,30.0,0,0
74,15,1,11,16,Y6007804,,,,0,30.0,0,0
74,15,1,11,17,Y6007805,,,,0,30.0,0,0
74,15,1,11,18,Y6007806,,,,0,30.0,0,0
74,15,1,11,19,Y6007807,,,,0,30.0,0,0
74,15,1,11,20,Y6007808,,,,0,30.0,0,0
74,15,1,11,21,Y6007809,,,,0,30.0,0,0
74,15,1,11,22,Y6007810,,,,0,30.0,0,0
74,15,1,11,23,Y6007811,,,,0,30.0,0,0
74,15,1,11,24,Y6007812,,,,0,30.0,0,0
74,15,1,11,25,Y6007813,,,,0,30.0,0,0
74,15,1,11,26,Y6007814,,,,0,30.0,0,0
74,15,1,11,27,Y6007815,,,,0,30.0,0,0
74,15,1,11,28,Y6007816,,,,0,30.0,0,0
74,15,1,11,29,Y6007817,,,,0,30.0,0,0
74,15,1,11,30,Y6007818,,,,0,30.0,0,0
74,15,1,12,10,Y6007819,,,,0,30.0,0,0
74,15,1,12,11,Y6007820,,,,0,30.0,0,0
74,15,1,12,12,Y6007821,,,,0,30.0,0,0
74,15,1,12,13,Y6007822,,,,0,30.0,0,0
74,15,1,12,14,Y6007823,,,,0,30.0,0,0
74,15,1,12,15,Y6007824,,,,0,30.0,0,0
74,15,1,12,16,Y6007825,,,,0,30.0,0,0
74,15,1,12,17,Y6007826,,,,0,30.0,0,0
74,15,1,12,18,Y6007827,,,,0,30.0,0,0
74,15,1,12,19,Y6007828,,,,0,30.0,0,0
74,15,1,12,20,Y6007829,,,,0,30.0,0,0
74,15,1,12,21,Y6007830,,,,0,30.0,0,0
74,15,1,12,22,Y6007831,,,,0,30.0,0,0
74,15,1,12,23,Y6007832,,,,0,30.0,0,0
74,15,1,12,24,Y6007833,,,,0,30.0,0,0
74,15,1,12,25,Y6007834,,,,0,30.0,0,0
74,15,1,12,26,Y6007835,,,,0,30.0,0,0
74,15,1,12,27,Y6007836,,,,0,30.0,0,0
74,15,1,12,28,Y6007837,,,,0,30.0,0,0
74,15,1,12,29,Y6007838,,,,0,30.0,0,0
74,15,1,12,30,Y6007839,,,,0,30.0,0,0
74,15,2,1,10,Y6007840,,,,0,30.0,0,0
74,15,2,1,11,Y6007841,,,,0,30.0,0,0
74,15,2,1,12,Y6007842,,,,0,30.0,0,0
74,15,2,1,13,Y6007843,,,,0,30.0,0,0
74,15,2,1,14,Y6007844,,,,0,30.0,0,0
74,15,2,1,15,Y6007845,,,,0,30.0,0,0
74,15,2,1,16,Y6007846,,,,0,30.0,0,0
74,15,2,1,17,Y6007847,,,,0,30.0,0,0
74,15,2,1,18,Y6007848,,,,0,30.0,0,0
74,15,2,1,19,Y6007849,,,,0,30.0,0,0
74,15,2,1,20,Y6007850,,,,0,30.0,0,0
74,15,2,1,21,Y6007851,,,,0,30.0,0,0
74,15,2,1,22,Y6007852,,,,0,30.0,0,0
74,15,2,1,23,Y6007853,,,,0,30.0,0,0
74,15,2,1,24,Y6007854,,,,0,30.0,0,0
74,15,2,1,25,Y6007855,,,,0,30.0,0,0
74,15,2,1,26,Y6007856,,,,0,30.0,0,0
74,15,2,1,27,Y6007857,,,,0,30.0,0,0
74,15,2,1,28,Y6007858,,,,0,30.0,0,2
74,15,2,1,29,Y6007859,,,,0,30.0,0,2
74,15,2,1,30,Y6007860,,,,0,30.0,0,2
74,15,2,2,10,Y6007861,,,,0,30.0,0,0
74,15,2,2,11,Y6007862,,,,0,30.0,0,0
74,15,2,2,12,Y6007863,,,,0,30.0,0,0
74,15,2,2,13,Y6007864,,,,0,30.0,0,0
74,15,2,2,14,Y6007865,,,,0,30.0,0,0
74,15,2,2,15,Y6007866,,,,0,30.0,0,0
74,15,2,2,16,Y6007867,,,,0,30.0,0,0
74,15,2,2,17,Y6007868,,,,0,30.0,0,0
74,15,2,2,18,Y6007869,,,,0,30.0,0,0
74,15,2,2,19,Y6007870,,,,0,30.0,0,0
74,15,2,2,20,Y6007871,,,,0,30.0,0,0
74,15,2,2,21,Y6007872,,,,0,30.0,0,0
74,15,2,2,22,Y6007873,,,,0,30.0,0,0
74,15,2,2,23,Y6007874,,,,0,30.0,0,0
74,15,2,2,24,Y6007875,,,,0,30.0,0,0
74,15,2,2,25,Y6007876,,,,0,30.0,0,0
74,15,2,2,26,Y6007877,,,,0,30.0,0,0
74,15,2,2,27,Y6007878,,,,0,30.0,0,0
74,15,2,2,28,Y6007879,,,,0,30.0,0,2
74,15,2,2,29,Y6007880,,,,0,30.0,0,2
74,15,2,2,30,Y6007881,,,,0,30.0,0,2
74,15,2,3,10,Y6007882,,,,0,30.0,0,0
74,15,2,3,11,Y6007883,,,,0,30.0,0,0
74,15,2,3,12,Y6007884,,,,0,30.0,0,0
74,15,2,3,13,Y6007885,,,,0,30.0,0,0
74,15,2,3,14,Y6007886,,,,0,30.0,0,0
74,15,2,3,15,Y6007887,,,,0,30.0,0,0
74,15,2,3,16,Y6007888,,,,0,30.0,0,0
74,15,2,3,17,Y6007889,,,,0,30.0,0,0
74,15,2,3,18,Y6007890,,,,0,30.0,0,0
74,15,2,3,19,Y6007891,,,,0,30.0,0,0
74,15,2,3,20,Y6007892,,,,0,30.0,0,0
74,15,2,3,21,Y6007893,,,,0,30.0,0,0
74,15,2,3,22,Y6007894,,,,0,30.0,0,0
74,15,2,3,23,Y6007895,,,,0,30.0,0,0
74,15,2,3,24,Y6007896,,,,0,30.0,0,0
74,15,2,3,25,Y6007897,,,,0,30.0,0,0
74,15,2,3,26,Y6007898,,,,0,30.0,0,0
74,15,2,3,27,Y6007899,,,,0,30.0,0,0
74,15,2,3,28,Y6007900,,,,0,30.0,0,0
74,15,2,3,29,Y6007901,,,,0,30.0,0,2
74,15,2,3,30,Y6007902,,,,0,30.0,0,2
74,15,2,4,10,Y6007903,,,,0,30.0,0,0
74,15,2,4,11,Y6007904,,,,0,30.0,0,0
74,15,2,4,12,Y6007905,,,,0,30.0,0,0
74,15,2,4,13,Y6007906,,,,0,30.0,0,0
74,15,2,4,14,Y6007907,,,,0,30.0,0,0
74,15,2,4,15,Y6007908,,,,0,30.0,0,0
74,15,2,4,16,Y6007909,,,,0,30.0,0,0
74,15,2,4,17,Y6007910,,,,0,30.0,0,0
74,15,2,4,18,Y6007911,,,,0,30.0,0,0
74,15,2,4,19,Y6007912,,,,0,30.0,0,0
74,15,2,4,20,Y6007913,,,,0,30.0,0,0
74,15,2,4,21,Y6007914,,,,0,30.0,0,0
74,15,2,4,22,Y6007915,,,,0,30.0,0,0
74,15,2,4,23,Y6007916,,,,0,30.0,0,0
74,15,2,4,24,Y6007917,,,,0,30.0,0,0
74,15,2,4,25,Y6007918,,,,0,30.0,0,0
74,15,2,4,26,Y6007919,,,,0,30.0,0,0
74,15,2,4,27,Y6007920,,,,0,30.0,0,0
74,15,2,4,28,Y6007921,,,,0,30.0,0,0
74,15,2,4,29,Y6007922,,,,0,30.0,0,0
74,15,2,4,30,Y6007923,,,,0,30.0,0,0
74,15,2,5,10,Y6007924,,,,0,30.0,0,0
74,15,2,5,11,Y6007925,,,,0,30.0,0,0
74,15,2,5,12,Y6007926,,,,0,30.0,0,0
74,15,2,5,13,Y6007927,,,,0,30.0,0,0
74,15,2,5,14,Y6007928,,,,0,30.0,0,0
74,15,2,5,15,Y6007929,,,,0,30.0,0,0
74,15,2,5,16,Y6007930,,,,0,30.0,0,0
74,15,2,5,17,Y6007931,,,,0,30.0,0,0
74,15,2,5,18,Y6007932,,,,0,30.0,0,0
74,15,2,5,19,Y6007933,,,,0,30.0,0,0
74,15,2,5,20,Y6007934,,,,0,30.0,0,0
74,15,2,5,21,Y6007935,,,,0,30.0,0,0
74,15,2,5,22,Y6007936,,,,0,30.0,0,0
74,15,2,5,23,Y6007937,,,,0,30.0,0,0
74,15,2,5,24,Y6007938,,,,0,30.0,0,0
74,15,2,5,25,Y6007939,,,,0,30.0,0,0
74,15,2,5,26,Y6007940,,,,0,30.0,0,0
74,15,2,5,27,Y6007941,,,,0,30.0,0,0
74,15,2,5,28,Y6007942,,,,0,30.0,0,0
74,15,2,5,29,Y6007943,,,,0,30.0,0,0
74,15,2,5,30,Y6007944,,,,0,30.0,0,0
74,15,2,6,10,Y6007945,,,,0,30.0,0,0
74,15,2,6,11,Y6007946,,,,0,30.0,0,0
74,15,2,6,12,Y6007947,,,,0,30.0,0,0
74,15,2,6,13,Y6007948,,,,0,30.0,0,0
74,15,2,6,14,Y6007949,,,,0,30.0,0,0
74,15,2,6,15,Y6007950,,,,0,30.0,0,0
74,15,2,6,16,Y6007951,,,,0,30.0,0,0
74,15,2,6,17,Y6007952,,,,0,30.0,0,0
74,15,2,6,18,Y6007953,,,,0,30.0,0,0
74,15,2,6,19,Y6007954,,,,0,30.0,0,0
74,15,2,6,20,Y6007955,,,,0,30.0,0,0
74,15,2,6,21,Y6007956,,,,0,30.0,0,0
74,15,2,6,22,Y6007957,,,,0,30.0,0,0
74,15,2,6,23,Y6007958,,,,0,30.0,0,0
74,15,2,6,24,Y6007959,,,,0,30.0,0,0
74,15,2,6,25,Y6007960,,,,0,30.0,0,0
74,15,2,6,26,Y6007961,,,,0,30.0,0,0
74,15,2,6,27,Y6007962,,,,0,30.0,0,0
74,15,2,6,28,Y6007963,,,,0,30.0,0,0
74,15,2,6,29,Y6007964,,,,0,30.0,0,0
74,15,2,6,30,Y6007965,,,,0,30.0,0,0
74,15,2,7,10,Y6007966,,,,0,30.0,0,0
74,15,2,7,11,Y6007967,,,,0,30.0,0,0
74,15,2,7,12,Y6007968,,,,0,30.0,0,0
74,15,2,7,13,Y6007969,,,,0,30.0,0,0
74,15,2,7,14,Y6007970,,,,0,30.0,0,0
74,15,2,7,15,Y6007971,,,,0,30.0,0,0
74,15,2,7,16,Y6007972,,,,0,30.0,0,0
74,15,2,7,17,Y6007973,,,,0,30.0,0,0
74,15,2,7,18,Y6007974,,,,0,30.0,0,0
74,15,2,7,19,Y6007975,,,,0,30.0,0,0
74,15,2,7,20,Y6007976,,,,0,30.0,0,0
74,15,2,7,21,Y6007977,,,,0,30.0,0,0
74,15,2,7,22,Y6007978,,,,0,30.0,0,0
74,15,2,7,23,Y6007979,,,,0,30.0,0,0
74,15,2,7,24,Y6007980,,,,0,30.0,0,0
74,15,2,7,25,Y6007981,,,,0,30.0,0,0
74,15,2,7,26,Y6007982,,,,0,30.0,0,0
74,15,2,7,27,Y6007983,,,,0,30.0,0,0
74,15,2,7,28,Y6007984,,,,0,30.0,0,0
74,15,2,7,29,Y6007985,,,,0,30.0,0,0
74,15,2,7,30,Y6007986,,,,0,30.0,0,0
74,15,2,8,10,Y6007987,,,,0,30.0,0,0
74,15,2,8,11,Y6007988,,,,0,30.0,0,0
74,15,2,8,12,Y6007989,,,,0,30.0,0,0
74,15,2,8,13,Y6007990,,,,0,30.0,0,0
74,15,2,8,14,Y6007991,,,,0,30.0,0,0
74,15,2,8,15,Y6007992,,,,0,30.0,0,0
74,15,2,8,16,Y6007993,,,,0,30.0,0,0
74,15,2,8,17,Y6007994,,,,0,30.0,0,0
74,15,2,8,18,Y6007995,,,,0,30.0,0,0
74,15,2,8,19,Y6007996,,,,0,30.0,0,0
74,15,2,8,20,Y6007997,,,,0,30.0,0,0
74,15,2,8,21,Y6007998,,,,0,30.0,0,0
74,15,2,8,22,Y6007999,,,,0,30.0,0,0
74,15,2,8,23,Y6008000,,,,0,30.0,0,0
74,15,2,8,24,Y6008001,,,,0,30.0,0,0
74,15,2,8,25,Y6008002,,,,0,30.0,0,0
74,15,2,8,26,Y6008003,,,,0,30.0,0,0
74,15,2,8,27,Y6008004,,,,0,30.0,0,0
74,15,2,8,28,Y6008005,,,,0,30.0,0,0
74,15,2,8,29,Y6008006,,,,0,30.0,0,0
74,15,2,8,30,Y6008007,,,,0,30.0,0,0
74,15,2,9,10,Y6008008,,,,0,30.0,0,0
74,15,2,9,11,Y6008009,,,,0,30.0,0,0
74,15,2,9,12,Y6008010,,,,0,30.0,0,0
74,15,2,9,13,Y6008011,,,,0,30.0,0,0
74,15,2,9,14,Y6008012,,,,0,30.0,0,0
74,15,2,9,15,Y6008013,,,,0,30.0,0,0
74,15,2,9,16,Y6008014,,,,0,30.0,0,0
74,15,2,9,17,Y6008015,,,,0,30.0,0,0
74,15,2,9,18,Y6008016,,,,0,30.0,0,0
74,15,2,9,19,Y6008017,,,,0,30.0,0,0
74,15,2,9,20,Y6008018,,,,0,30.0,0,0
74,15,2,9,21,Y6008019,,,,0,30.0,0,0
74,15,2,9,22,Y6008020,,,,0,30.0,0,0
74,15,2,9,23,Y6008021,,,,0,30.0,0,0
74,15,2,9,24,Y6008022,,,,0,30.0,0,0
74,15,2,9,25,Y6008023,,,,0,30.0,0,0
74,15,2,9,26,Y6008024,,,,0,30.0,0,0
74,15,2,9,27,Y6008025,,,,0,30.0,0,0
74,15,2,9,28,Y6008026,,,,0,30.0,0,0
74,15,2,9,29,Y6008027,,,,0,30.0,0,0
74,15,2,9,30,Y6008028,,,,0,30.0,0,0
74,15,2,10,10,Y6008029,,,,0,30.0,0,0
74,15,2,10,11,Y6008030,,,,0,30.0,0,0
74,15,2,10,12,Y6008031,,,,0,30.0,0,0
74,15,2,10,13,Y6008032,,,,0,30.0,0,0
74,15,2,10,14,Y6008033,,,,0,30.0,0,0
74,15,2,10,15,Y6008034,,,,0,30.0,0,0
74,15,2,10,16,Y6008035,,,,0,30.0,0,0
74,15,2,10,17,Y6008036,,,,0,30.0,0,0
74,15,2,10,18,Y6008037,,,,0,30.0,0,0
74,15,2,10,19,Y6008038,,,,0,30.0,0,0
74,15,2,10,20,Y6008039,,,,0,30.0,0,0
74,15,2,10,21,Y6008040,,,,0,30.0,0,0
74,15,2,10,22,Y6008041,,,,0,30.0,0,0
74,15,2,10,23,Y6008042,,,,0,30.0,0,0
74,15,2,10,24,Y6008043,,,,0,30.0,0,0
74,15,2,10,25,Y6008044,,,,0,30.0,0,0
74,15,2,10,26,Y6008045,,,,0,30.0,0,0
74,15,2,10,27,Y6008046,,,,0,30.0,0,0
74,15,2,10,28,Y6008047,,,,0,30.0,0,0
74,15,2,10,29,Y6008048,,,,0,30.0,0,0
74,15,2,10,30,Y6008049,,,,0,30.0,0,0
74,15,2,11,10,Y6008050,,,,0,30.0,0,0
74,15,2,11,11,Y6008051,,,,0,30.0,0,0
74,15,2,11,12,Y6008052,,,,0,30.0,0,0
74,15,2,11,13,Y6008053,,,,0,30.0,0,0
74,15,2,11,14,Y6008054,,,,0,30.0,0,0
74,15,2,11,15,Y6008055,,,,0,30.0,0,0
74,15,2,11,16,Y6008056,,,,0,30.0,0,0
74,15,2,11,17,Y6008057,,,,0,30.0,0,0
74,15,2,11,18,Y6008058,,,,0,30.0,0,0
74,15,2,11,19,Y6008059,,,,0,30.0,0,0
74,15,2,11,20,Y6008060,,,,0,30.0,0,0
74,15,2,11,21,Y6008061,,,,0,30.0,0,0
74,15,2,11,22,Y6008062,,,,0,30.0,0,0
74,15,2,11,23,Y6008063,,,,0,30.0,0,0
74,15,2,11,24,Y6008064,,,,0,30.0,0,0
74,15,2,11,25,Y6008065,,,,0,30.0,0,0
74,15,2,11,26,Y6008066,,,,0,30.0,0,0
74,15,2,11,27,Y6008067,,,,0,30.0,0,0
74,15,2,11,28,Y6008068,,,,0,30.0,0,0
74,15,2,11,29,Y6008069,,,,0,30.0,0,0
74,15,2,11,30,Y6008070,,,,0,30.0,0,0
74,15,2,12,10,Y6008071,,,,0,30.0,0,0
74,15,2,12,11,Y6008072,,,,0,30.0,0,0
74,15,2,12,12,Y6008073,,,,0,30.0,0,0
74,15,2,12,13,Y6008074,,,,0,30.0,0,0
74,15,2,12,14,Y6008075,,,,0,30.0,0,0
74,15,2,12,15,Y6008076,,,,0,30.0,0,0
74,15,2,12,16,Y6008077,,,,0,30.0,0,0
74,15,2,12,17,Y6008078,,,,0,30.0,0,0
74,15,2,12,18,Y6008079,,,,0,30.0,0,0
74,15,2,12,19,Y6008080,,,,0,30.0,0,0
74,15,2,12,20,Y6008081,,,,0,30.0,0,0
74,15,2,12,21,Y6008082,,,,0,30.0,0,0
74,15,2,12,22,Y6008083,,,,0,30.0,0,0
74,15,2,12,23,Y6008084,,,,0,30.0,0,0
74,15,2,12,24,Y6008085,,,,0,30.0,0,0
74,15,2,12,25,Y6008086,,,,0,30.0,0,0
74,15,2,12,26,Y6008087,,,,0,30.0,0,0
74,15,2,12,27,Y6008088,,,,0,30.0,0,0
74,15,2,12,28,Y6008089,,,,0,30.0,0,0
74,15,2,12,29,Y6008090,,,,0,30.0,0,0
74,15,2,12,30,Y6008091,,,,0,30.0,0,0
74,15,3,1,10,Y6008092,,,,0,30.0,0,0
74,15,3,1,11,Y6008093,,,,0,30.0,0,0
74,15,3,1,12,Y6008094,,,,0,30.0,0,0
74,15,3,1,13,Y6008095,,,,0,30.0,0,0
74,15,3,1,14,Y6008096,,,,0,30.0,0,0
74,15,3,1,15,Y6008097,,,,0,30.0,0,0
74,15,3,1,16,Y6008098,,,,0,30.0,0,0
74,15,3,1,17,Y6008099,,,,0,30.0,0,0
74,15,3,1,18,Y6008100,,,,0,30.0,0,0
74,15,3,1,19,Y6008101,,,,0,30.0,0,0
74,15,3,1,20,Y6008102,,,,0,30.0,0,0
74,15,3,1,21,Y6008103,,,,0,30.0,0,0
74,15,3,1,22,Y6008104,,,,0,30.0,0,0
74,15,3,1,23,Y6008105,,,,0,30.0,0,0
74,15,3,1,24,Y6008106,,,,0,30.0,0,0
74,15,3,1,25,Y6008107,,,,0,30.0,0,0
74,15,3,1,26,Y6008108,,,,0,30.0,0,0
74,15,3,1,27,Y6008109,,,,0,30.0,0,0
74,15,3,1,28,Y6008110,,,,0,30.0,0,0
74,15,3,1,29,Y6008111,,,,0,30.0,0,0
74,15,3,1,30,Y6008112,,,,0,30.0,0,0
74,15,3,2,10,Y6008113,,,,0,30.0,0,0
74,15,3,2,11,Y6008114,,,,0,30.0,0,0
74,15,3,2,12,Y6008115,,,,0,30.0,0,0
74,15,3,2,13,Y6008116,,,,0,30.0,0,0
74,15,3,2,14,Y6008117,,,,0,30.0,0,0
74,15,3,2,15,Y6008118,,,,0,30.0,0,0
74,15,3,2,16,Y6008119,,,,0,30.0,0,0
74,15,3,2,17,Y6008120,,,,0,30.0,0,0
74,15,3,2,18,Y6008121,,,,0,30.0,0,0
74,15,3,2,19,Y6008122,,,,0,30.0,0,0
74,15,3,2,20,Y6008123,,,,0,30.0,0,0
74,15,3,2,21,Y6008124,,,,0,30.0,0,0
74,15,3,2,22,Y6008125,,,,0,30.0,0,0
74,15,3,2,23,Y6008126,,,,0,30.0,0,0
74,15,3,2,24,Y6008127,,,,0,30.0,0,0
74,15,3,2,25,Y6008128,,,,0,30.0,0,0
74,15,3,2,26,Y6008129,,,,0,30.0,0,0
74,15,3,2,27,Y6008130,,,,0,30.0,0,0
74,15,3,2,28,Y6008131,,,,0,30.0,0,0
74,15,3,2,29,Y6008132,,,,0,30.0,0,0
74,15,3,2,30,Y6008133,,,,0,30.0,0,0
74,15,3,3,10,Y6008134,,,,0,30.0,0,0
74,15,3,3,11,Y6008135,,,,0,30.0,0,0
74,15,3,3,12,Y6008136,,,,0,30.0,0,0
74,15,3,3,13,Y6008137,,,,0,30.0,0,0
74,15,3,3,14,Y6008138,,,,0,30.0,0,0
74,15,3,3,15,Y6008139,,,,0,30.0,0,0
74,15,3,3,16,Y6008140,,,,0,30.0,0,0
74,15,3,3,17,Y6008141,,,,0,30.0,0,0
74,15,3,3,18,Y6008142,,,,0,30.0,0,0
74,15,3,3,19,Y6008143,,,,0,30.0,0,0
74,15,3,3,20,Y6008144,,,,0,30.0,0,0
74,15,3,3,21,Y6008145,,,,0,30.0,0,0
74,15,3,3,22,Y6008146,,,,0,30.0,0,0
74,15,3,3,23,Y6008147,,,,0,30.0,0,0
74,15,3,3,24,Y6008148,,,,0,30.0,0,0
74,15,3,3,25,Y6008149,,,,0,30.0,0,0
74,15,3,3,26,Y6008150,,,,0,30.0,0,0
74,15,3,3,27,Y6008151,,,,0,30.0,0,0
74,15,3,3,28,Y6008152,,,,0,30.0,0,0
74,15,3,3,29,Y6008153,,,,0,30.0,0,0
74,15,3,3,30,Y6008154,,,,0,30.0,0,0
74,15,3,4,10,Y6008155,,,,0,30.0,0,0
74,15,3,4,11,Y6008156,,,,0,30.0,0,0
74,15,3,4,12,Y6008157,,,,0,30.0,0,0
74,15,3,4,13,Y6008158,,,,0,30.0,0,0
74,15,3,4,14,Y6008159,,,,0,30.0,0,0
74,15,3,4,15,Y6008160,,,,0,30.0,0,0
74,15,3,4,16,Y6008161,,,,0,30.0,0,0
74,15,3,4,17,Y6008162,,,,0,30.0,0,0
74,15,3,4,18,Y6008163,,,,0,30.0,0,0
74,15,3,4,19,Y6008164,,,,0,30.0,0,0
74,15,3,4,20,Y6008165,,,,0,30.0,0,0
74,15,3,4,21,Y6008166,,,,0,30.0,0,0
74,15,3,4,22,Y6008167,,,,0,30.0,0,0
74,15,3,4,23,Y6008168,,,,0,30.0,0,0
74,15,3,4,24,Y6008169,,,,0,30.0,0,0
74,15,3,4,25,Y6008170,,,,0,30.0,0,0
74,15,3,4,26,Y6008171,,,,0,30.0,0,0
74,15,3,4,27,Y6008172,,,,0,30.0,0,0
74,15,3,4,28,Y6008173,,,,0,30.0,0,0
74,15,3,4,29,Y6008174,,,,0,30.0,0,0
74,15,3,4,30,Y6008175,,,,0,30.0,0,0
74,15,3,5,10,Y6008176,,,,0,30.0,0,0
74,15,3,5,11,Y6008177,,,,0,30.0,0,0
74,15,3,5,12,Y6008178,,,,0,30.0,0,0
74,15,3,5,13,Y6008179,,,,0,30.0,0,0
74,15,3,5,14,Y6008180,,,,0,30.0,0,0
74,15,3,5,15,Y6008181,,,,0,30.0,0,0
74,15,3,5,16,Y6008182,,,,0,30.0,0,0
74,15,3,5,17,Y6008183,,,,0,30.0,0,0
74,15,3,5,18,Y6008184,,,,0,30.0,0,0
74,15,3,5,19,Y6008185,,,,0,30.0,0,0
74,15,3,5,20,Y6008186,,,,0,30.0,0,0
74,15,3,5,21,Y6008187,,,,0,30.0,0,0
74,15,3,5,22,Y6008188,,,,0,30.0,0,0
74,15,3,5,23,Y6008189,,,,0,30.0,0,0
74,15,3,5,24,Y6008190,,,,0,30.0,0,0
74,15,3,5,25,Y6008191,,,,0,30.0,0,0
74,15,3,5,26,Y6008192,,,,0,30.0,0,0
74,15,3,5,27,Y6008193,,,,0,30.0,0,0
74,15,3,5,28,Y6008194,,,,0,30.0,0,0
74,15,3,5,29,Y6008195,,,,0,30.0,0,0
74,15,3,5,30,Y6008196,,,,0,30.0,0,0
74,15,3,6,10,Y6008197,,,,0,30.0,0,0
74,15,3,6,11,Y6008198,,,,0,30.0,0,0
74,15,3,6,12,Y6008199,,,,0,30.0,0,0
74,15,3,6,13,Y6008200,,,,0,30.0,0,0
74,15,3,6,14,Y6008201,,,,0,30.0,0,0
74,15,3,6,15,Y6008202,,,,0,30.0,0,0
74,15,3,6,16,Y6008203,,,,0,30.0,0,0
74,15,3,6,17,Y6008204,,,,0,30.0,0,0
74,15,3,6,18,Y6008205,,,,0,30.0,0,0
74,15,3,6,19,Y6008206,,,,0,30.0,0,0
74,15,3,6,20,Y6008207,,,,0,30.0,0,0
74,15,3,6,21,Y6008208,,,,0,30.0,0,0
74,15,3,6,22,Y6008209,,,,0,30.0,0,0
74,15,3,6,23,Y6008210,,,,0,30.0,0,0
74,15,3,6,24,Y6008211,,,,0,30.0,0,0
74,15,3,6,25,Y6008212,,,,0,30.0,0,0
74,15,3,6,26,Y6008213,,,,0,30.0,0,0
74,15,3,6,27,Y6008214,,,,0,30.0,0,0
74,15,3,6,28,Y6008215,,,,0,30.0,0,0
74,15,3,6,29,Y6008216,,,,0,30.0,0,0
74,15,3,6,30,Y6008217,,,,0,30.0,0,0
74,15,3,7,10,Y6008218,,,,0,30.0,0,0
74,15,3,7,11,Y6008219,,,,0,30.0,0,0
74,15,3,7,12,Y6008220,,,,0,30.0,0,0
74,15,3,7,13,Y6008221,,,,0,30.0,0,0
74,15,3,7,14,Y6008222,,,,0,30.0,0,0
74,15,3,7,15,Y6008223,,,,0,30.0,0,0
74,15,3,7,16,Y6008224,,,,0,30.0,0,0
74,15,3,7,17,Y6008225,,,,0,30.0,0,0
74,15,3,7,18,Y6008226,,,,0,30.0,0,0
74,15,3,7,19,Y6008227,,,,0,30.0,0,0
74,15,3,7,20,Y6008228,,,,0,30.0,0,0
74,15,3,7,21,Y6008229,,,,0,30.0,0,0
74,15,3,7,22,Y6008230,,,,0,30.0,0,0
74,15,3,7,23,Y6008231,,,,0,30.0,0,0
74,15,3,7,24,Y6008232,,,,0,30.0,0,0
74,15,3,7,25,Y6008233,,,,0,30.0,0,0
74,15,3,7,26,Y6008234,,,,0,30.0,0,0
74,15,3,7,27,Y6008235,,,,0,30.0,0,0
74,15,3,7,28,Y6008236,,,,0,30.0,0,0
74,15,3,7,29,Y6008237,,,,0,30.0,0,0
74,15,3,7,30,Y6008238,,,,0,30.0,0,0
74,15,3,8,10,Y6008239,,,,0,30.0,0,0
74,15,3,8,11,Y6008240,,,,0,30.0,0,0
74,15,3,8,12,Y6008241,,,,0,30.0,0,0
74,15,3,8,13,Y6008242,,,,0,30.0,0,0
74,15,3,8,14,Y6008243,,,,0,30.0,0,0
74,15,3,8,15,Y6008244,,,,0,30.0,0,0
74,15,3,8,16,Y6008245,,,,0,30.0,0,0
74,15,3,8,17,Y6008246,,,,0,30.0,0,0
74,15,3,8,18,Y6008247,,,,0,30.0,0,0
74,15,3,8,19,Y6008248,,,,0,30.0,0,0
74,15,3,8,20,Y6008249,,,,0,30.0,0,0
74,15,3,8,21,Y6008250,,,,0,30.0,0,0
74,15,3,8,22,Y6008251,,,,0,30.0,0,0
74,15,3,8,23,Y6008252,,,,0,30.0,0,0
74,15,3,8,24,Y6008253,,,,0,30.0,0,0
74,15,3,8,25,Y6008254,,,,0,30.0,0,0
74,15,3,8,26,Y6008255,,,,0,30.0,0,0
74,15,3,8,27,Y6008256,,,,0,30.0,0,0
74,15,3,8,28,Y6008257,,,,0,30.0,0,0
74,15,3,8,29,Y6008258,,,,0,30.0,0,0
74,15,3,8,30,Y6008259,,,,0,30.0,0,0
74,15,3,9,10,Y6008260,,,,0,30.0,0,0
74,15,3,9,11,Y6008261,,,,0,30.0,0,0
74,15,3,9,12,Y6008262,,,,0,30.0,0,0
74,15,3,9,13,Y6008263,,,,0,30.0,0,0
74,15,3,9,14,Y6008264,,,,0,30.0,0,0
74,15,3,9,15,Y6008265,,,,0,30.0,0,0
74,15,3,9,16,Y6008266,,,,0,30.0,0,0
74,15,3,9,17,Y6008267,,,,0,30.0,0,0
74,15,3,9,18,Y6008268,,,,0,30.0,0,0
74,15,3,9,19,Y6008269,,,,0,30.0,0,0
74,15,3,9,20,Y6008270,,,,0,30.0,0,0
74,15,3,9,21,Y6008271,,,,0,30.0,0,0
74,15,3,9,22,Y6008272,,,,0,30.0,0,0
74,15,3,9,23,Y6008273,,,,0,30.0,0,0
74,15,3,9,24,Y6008274,,,,0,30.0,0,0
74,15,3,9,25,Y6008275,,,,0,30.0,0,0
74,15,3,9,26,Y6008276,,,,0,30.0,0,0
74,15,3,9,27,Y6008277,,,,0,30.0,0,0
74,15,3,9,28,Y6008278,,,,0,30.0,0,0
74,15,3,9,29,Y6008279,,,,0,30.0,0,0
74,15,3,9,30,Y6008280,,,,0,30.0,0,0
74,15,3,10,10,Y6008281,,,,0,30.0,0,0
74,15,3,10,11,Y6008282,,,,0,30.0,0,0
74,15,3,10,12,Y6008283,,,,0,30.0,0,0
74,15,3,10,13,Y6008284,,,,0,30.0,0,0
74,15,3,10,14,Y6008285,,,,0,30.0,0,0
74,15,3,10,15,Y6008286,,,,0,30.0,0,0
74,15,3,10,16,Y6008287,,,,0,30.0,0,0
74,15,3,10,17,Y6008288,,,,0,30.0,0,0
74,15,3,10,18,Y6008289,,,,0,30.0,0,0
74,15,3,10,19,Y6008290,,,,0,30.0,0,0
74,15,3,10,20,Y6008291,,,,0,30.0,0,0
74,15,3,10,21,Y6008292,,,,0,30.0,0,0
74,15,3,10,22,Y6008293,,,,0,30.0,0,0
74,15,3,10,23,Y6008294,,,,0,30.0,0,0
74,15,3,10,24,Y6008295,,,,0,30.0,0,0
74,15,3,10,25,Y6008296,,,,0,30.0,0,0
74,15,3,10,26,Y6008297,,,,0,30.0,0,0
74,15,3,10,27,Y6008298,,,,0,30.0,0,0
74,15,3,10,28,Y6008299,,,,0,30.0,0,0
74,15,3,10,29,Y6008300,,,,0,30.0,0,0
74,15,3,10,30,Y6008301,,,,0,30.0,0,0
74,15,3,11,10,Y6008302,,,,0,30.0,0,0
74,15,3,11,11,Y6008303,,,,0,30.0,0,0
74,15,3,11,12,Y6008304,,,,0,30.0,0,0
74,15,3,11,13,Y6008305,,,,0,30.0,0,0
74,15,3,11,14,Y6008306,,,,0,30.0,0,0
74,15,3,11,15,Y6008307,,,,0,30.0,0,0
74,15,3,11,16,Y6008308,,,,0,30.0,0,0
74,15,3,11,17,Y6008309,,,,0,30.0,0,0
74,15,3,11,18,Y6008310,,,,0,30.0,0,0
74,15,3,11,19,Y6008311,,,,0,30.0,0,0
74,15,3,11,20,Y6008312,,,,0,30.0,0,0
74,15,3,11,21,Y6008313,,,,0,30.0,0,0
74,15,3,11,22,Y6008314,,,,0,30.0,0,0
74,15,3,11,23,Y6008315,,,,0,30.0,0,0
74,15,3,11,24,Y6008316,,,,0,30.0,0,0
74,15,3,11,25,Y6008317,,,,0,30.0,0,0
74,15,3,11,26,Y6008318,,,,0,30.0,0,0
74,15,3,11,27,Y6008319,,,,0,30.0,0,0
74,15,3,11,28,Y6008320,,,,0,30.0,0,0
74,15,3,11,29,Y6008321,,,,0,30.0,0,0
74,15,3,11,30,Y6008322,,,,0,30.0,0,0
74,15,3,12,10,Y6008323,,,,0,30.0,0,0
74,15,3,12,11,Y6008324,,,,0,30.0,0,0
74,15,3,12,12,Y6008325,,,,0,30.0,0,0
74,15,3,12,13,Y6008326,,,,0,30.0,0,0
74,15,3,12,14,Y6008327,,,,0,30.0,0,0
74,15,3,12,15,Y6008328,,,,0,30.0,0,0
74,15,3,12,16,Y6008329,,,,0,30.0,0,0
74,15,3,12,17,Y6008330,,,,0,30.0,0,0
74,15,3,12,18,Y6008331,,,,0,30.0,0,0
74,15,3,12,19,Y6008332,,,,0,30.0,0,0
74,15,3,12,20,Y6008333,,,,0,30.0,0,0
74,15,3,12,21,Y6008334,,,,0,30.0,0,0
74,15,3,12,22,Y6008335,,,,0,30.0,0,0
74,15,3,12,23,Y6008336,,,,0,30.0,0,0
74,15,3,12,24,Y6008337,,,,0,30.0,0,0
74,15,3,12,25,Y6008338,,,,0,30.0,0,0
74,15,3,12,26,Y6008339,,,,0,30.0,0,0
74,15,3,12,27,Y6008340,,,,0,30.0,0,0
74,15,3,12,28,Y6008341,,,,0,30.0,0,0
74,15,3,12,29,Y6008342,,,,0,30.0,0,0
74,15,3,12,30,Y6008343,,,,0,30.0,0,0
74,15,4,1,10,Y6008344,,,,0,30.0,0,0
74,15,4,1,11,Y6008345,,,,0,30.0,0,0
74,15,4,1,12,Y6008346,,,,0,30.0,0,0
74,15,4,1,13,Y6008347,,,,0,30.0,0,0
74,15,4,1,14,Y6008348,,,,0,30.0,0,0
74,15,4,1,15,Y6008349,,,,0,30.0,0,0
74,15,4,1,16,Y6008350,,,,0,30.0,0,0
74,15,4,1,17,Y6008351,,,,0,30.0,0,0
74,15,4,1,18,Y6008352,,,,0,30.0,0,0
74,15,4,1,19,Y6008353,,,,0,30.0,0,0
74,15,4,1,20,Y6008354,,,,0,30.0,0,0
74,15,4,1,21,Y6008355,,,,0,30.0,0,0
74,15,4,1,22,Y6008356,,,,0,30.0,0,0
74,15,4,1,23,Y6008357,,,,0,30.0,0,0
74,15,4,1,24,Y6008358,,,,0,30.0,0,0
74,15,4,1,25,Y6008359,,,,0,30.0,0,0
74,15,4,1,26,Y6008360,,,,0,30.0,0,0
74,15,4,1,27,Y6008361,,,,0,30.0,0,0
74,15,4,1,28,Y6008362,,,,0,30.0,0,0
74,15,4,1,29,Y6008363,,,,0,30.0,0,0
74,15,4,1,30,Y6008364,,,,0,30.0,0,0
74,15,4,2,10,Y6008365,,,,0,30.0,0,0
74,15,4,2,11,Y6008366,,,,0,30.0,0,0
74,15,4,2,12,Y6008367,,,,0,30.0,0,0
74,15,4,2,13,Y6008368,,,,0,30.0,0,0
74,15,4,2,14,Y6008369,,,,0,30.0,0,0
74,15,4,2,15,Y6008370,,,,0,30.0,0,0
74,15,4,2,16,Y6008371,,,,0,30.0,0,0
74,15,4,2,17,Y6008372,,,,0,30.0,0,0
74,15,4,2,18,Y6008373,,,,0,30.0,0,0
74,15,4,2,19,Y6008374,,,,0,30.0,0,0
74,15,4,2,20,Y6008375,,,,0,30.0,0,0
74,15,4,2,21,Y6008376,,,,0,30.0,0,0
74,15,4,2,22,Y6008377,,,,0,30.0,0,0
74,15,4,2,23,Y6008378,,,,0,30.0,0,0
74,15,4,2,24,Y6008379,,,,0,30.0,0,0
74,15,4,2,25,Y6008380,,,,0,30.0,0,0
74,15,4,2,26,Y6008381,,,,0,30.0,0,0
74,15,4,2,27,Y6008382,,,,0,30.0,0,0
74,15,4,2,28,Y6008383,,,,0,30.0,0,0
74,15,4,2,29,Y6008384,,,,0,30.0,0,0
74,15,4,2,30,Y6008385,,,,0,30.0,0,0
74,15,4,3,10,Y6008386,,,,0,30.0,0,0
74,15,4,3,11,Y6008387,,,,0,30.0,0,0
74,15,4,3,12,Y6008388,,,,0,30.0,0,0
74,15,4,3,13,Y6008389,,,,0,30.0,0,0
74,15,4,3,14,Y6008390,,,,0,30.0,0,0
74,15,4,3,15,Y6008391,,,,0,30.0,0,0
74,15,4,3,16,Y6008392,,,,0,30.0,0,0
74,15,4,3,17,Y6008393,,,,0,30.0,0,0
74,15,4,3,18,Y6008394,,,,0,30.0,0,0
74,15,4,3,19,Y6008395,,,,0,30.0,0,0
74,15,4,3,20,Y6008396,,,,0,30.0,0,0
74,15,4,3,21,Y6008397,,,,0,30.0,0,0
74,15,4,3,22,Y6008398,,,,0,30.0,0,0
74,15,4,3,23,Y6008399,,,,0,30.0,0,0
74,15,4,3,24,Y6008400,,,,0,30.0,0,0
74,15,4,3,25,Y6008401,,,,0,30.0,0,0
74,15,4,3,26,Y6008402,,,,0,30.0,0,0
74,15,4,3,27,Y6008403,,,,0,30.0,0,0
74,15,4,3,28,Y6008404,,,,0,30.0,0,0
74,15,4,3,29,Y6008405,,,,0,30.0,0,0
74,15,4,3,30,Y6008406,,,,0,30.0,0,0
74,15,4,4,10,Y6008407,,,,0,30.0,0,0
74,15,4,4,11,Y6008408,,,,0,30.0,0,0
74,15,4,4,12,Y6008409,,,,0,30.0,0,0
74,15,4,4,13,Y6008410,,,,0,30.0,0,0
74,15,4,4,14,Y6008411,,,,0,30.0,0,0
74,15,4,4,15,Y6008412,,,,0,30.0,0,0
74,15,4,4,16,Y6008413,,,,0,30.0,0,0
74,15,4,4,17,Y6008414,,,,0,30.0,0,0
74,15,4,4,18,Y6008415,,,,0,30.0,0,0
74,15,4,4,19,Y6008416,,,,0,30.0,0,0
74,15,4,4,20,Y6008417,,,,0,30.0,0,0
74,15,4,4,21,Y6008418,,,,0,30.0,0,0
74,15,4,4,22,Y6008419,,,,0,30.0,0,0
74,15,4,4,23,Y6008420,,,,0,30.0,0,0
74,15,4,4,24,Y6008421,,,,0,30.0,0,0
74,15,4,4,25,Y6008422,,,,0,30.0,0,0
74,15,4,4,26,Y6008423,,,,0,30.0,0,0
74,15,4,4,27,Y6008424,,,,0,30.0,0,0
74,15,4,4,28,Y6008425,,,,0,30.0,0,0
74,15,4,4,29,Y6008426,,,,0,30.0,0,0
74,15,4,4,30,Y6008427,,,,0,30.0,0,0
74,15,4,5,10,Y6008428,,,,0,30.0,0,0
74,15,4,5,11,Y6008429,,,,0,30.0,0,0
74,15,4,5,12,Y6008430,,,,0,30.0,0,0
74,15,4,5,13,Y6008431,,,,0,30.0,0,0
74,15,4,5,14,Y6008432,,,,0,30.0,0,0
74,15,4,5,15,Y6008433,,,,0,30.0,0,0
74,15,4,5,16,Y6008434,,,,0,30.0,0,0
74,15,4,5,17,Y6008435,,,,0,30.0,0,0
74,15,4,5,18,Y6008436,,,,0,30.0,0,0
74,15,4,5,19,Y6008437,,,,0,30.0,0,0
74,15,4,5,20,Y6008438,,,,0,30.0,0,0
74,15,4,5,21,Y6008439,,,,0,30.0,0,0
74,15,4,5,22,Y6008440,,,,0,30.0,0,0
74,15,4,5,23,Y6008441,,,,0,30.0,0,0
74,15,4,5,24,Y6008442,,,,0,30.0,0,0
74,15,4,5,25,Y6008443,,,,0,30.0,0,0
74,15,4,5,26,Y6008444,,,,0,30.0,0,0
74,15,4,5,27,Y6008445,,,,0,30.0,0,0
74,15,4,5,28,Y6008446,,,,0,30.0,0,0
74,15,4,5,29,Y6008447,,,,0,30.0,0,0
74,15,4,5,30,Y6008448,,,,0,30.0,0,0
74,15,4,6,10,Y6008449,,,,0,30.0,0,0
74,15,4,6,11,Y6008450,,,,0,30.0,0,0
74,15,4,6,12,Y6008451,,,,0,30.0,0,0
74,15,4,6,13,Y6008452,,,,0,30.0,0,0
74,15,4,6,14,Y6008453,,,,0,30.0,0,0
74,15,4,6,15,Y6008454,,,,0,30.0,0,0
74,15,4,6,16,Y6008455,,,,0,30.0,0,0
74,15,4,6,17,Y6008456,,,,0,30.0,0,0
74,15,4,6,18,Y6008457,,,,0,30.0,0,0
74,15,4,6,19,Y6008458,,,,0,30.0,0,0
74,15,4,6,20,Y6008459,,,,0,30.0,0,0
74,15,4,6,21,Y6008460,,,,0,30.0,0,0
74,15,4,6,22,Y6008461,,,,0,30.0,0,0
74,15,4,6,23,Y6008462,,,,0,30.0,0,0
74,15,4,6,24,Y6008463,,,,0,30.0,0,0
74,15,4,6,25,Y6008464,,,,0,30.0,0,0
74,15,4,6,26,Y6008465,,,,0,30.0,0,0
74,15,4,6,27,Y6008466,,,,0,30.0,0,0
74,15,4,6,28,Y6008467,,,,0,30.0,0,0
74,15,4,6,29,Y6008468,,,,0,30.0,0,0
74,15,4,6,30,Y6008469,,,,0,30.0,0,0
74,15,4,7,10,Y6008470,,,,0,30.0,0,0
74,15,4,7,11,Y6008471,,,,0,30.0,0,0
74,15,4,7,12,Y6008472,,,,0,30.0,0,0
74,15,4,7,13,Y6008473,,,,0,30.0,0,0
74,15,4,7,14,Y6008474,,,,0,30.0,0,0
74,15,4,7,15,Y6008475,,,,0,30.0,0,0
74,15,4,7,16,Y6008476,,,,0,30.0,0,0
74,15,4,7,17,Y6008477,,,,0,30.0,0,0
74,15,4,7,18,Y6008478,,,,0,30.0,0,0
74,15,4,7,19,Y6008479,,,,0,30.0,0,0
74,15,4,7,20,Y6008480,,,,0,30.0,0,0
74,15,4,7,21,Y6008481,,,,0,30.0,0,0
74,15,4,7,22,Y6008482,,,,0,30.0,0,0
74,15,4,7,23,Y6008483,,,,0,30.0,0,0
74,15,4,7,24,Y6008484,,,,0,30.0,0,0
74,15,4,7,25,Y6008485,,,,0,30.0,0,0
74,15,4,7,26,Y6008486,,,,0,30.0,0,0
74,15,4,7,27,Y6008487,,,,0,30.0,0,0
74,15,4,7,28,Y6008488,,,,0,30.0,0,0
74,15,4,7,29,Y6008489,,,,0,30.0,0,0
74,15,4,7,30,Y6008490,,,,0,30.0,0,0
74,15,4,8,10,Y6008491,,,,0,30.0,0,0
74,15,4,8,11,Y6008492,,,,0,30.0,0,0
74,15,4,8,12,Y6008493,,,,0,30.0,0,0
74,15,4,8,13,Y6008494,,,,0,30.0,0,0
74,15,4,8,14,Y6008495,,,,0,30.0,0,0
74,15,4,8,15,Y6008496,,,,0,30.0,0,0
74,15,4,8,16,Y6008497,,,,0,30.0,0,0
74,15,4,8,17,Y6008498,,,,0,30.0,0,0
74,15,4,8,18,Y6008499,,,,0,30.0,0,0
74,15,4,8,19,Y6008500,,,,0,30.0,0,0
74,15,4,8,20,Y6008501,,,,0,30.0,0,0
74,15,4,8,21,Y6008502,,,,0,30.0,0,0
74,15,4,8,22,Y6008503,,,,0,30.0,0,0
74,15,4,8,23,Y6008504,,,,0,30.0,0,0
74,15,4,8,24,Y6008505,,,,0,30.0,0,0
74,15,4,8,25,Y6008506,,,,0,30.0,0,0
74,15,4,8,26,Y6008507,,,,0,30.0,0,0
74,15,4,8,27,Y6008508,,,,0,30.0,0,0
74,15,4,8,28,Y6008509,,,,0,30.0,0,0
74,15,4,8,29,Y6008510,,,,0,30.0,0,0
74,15,4,8,30,Y6008511,,,,0,30.0,0,0
74,15,4,9,10,Y6008512,,,,0,30.0,0,0
74,15,4,9,11,Y6008513,,,,0,30.0,0,0
74,15,4,9,12,Y6008514,,,,0,30.0,0,0
74,15,4,9,13,Y6008515,,,,0,30.0,0,0
74,15,4,9,14,Y6008516,,,,0,30.0,0,0
74,15,4,9,15,Y6008517,,,,0,30.0,0,0
74,15,4,9,16,Y6008518,,,,0,30.0,0,0
74,15,4,9,17,Y6008519,,,,0,30.0,0,0
74,15,4,9,18,Y6008520,,,,0,30.0,0,0
74,15,4,9,19,Y6008521,,,,0,30.0,0,0
74,15,4,9,20,Y6008522,,,,0,30.0,0,0
74,15,4,9,21,Y6008523,,,,0,30.0,0,0
74,15,4,9,22,Y6008524,,,,0,30.0,0,0
74,15,4,9,23,Y6008525,,,,0,30.0,0,0
74,15,4,9,24,Y6008526,,,,0,30.0,0,0
74,15,4,9,25,Y6008527,,,,0,30.0,0,0
74,15,4,9,26,Y6008528,,,,0,30.0,0,0
74,15,4,9,27,Y6008529,,,,0,30.0,0,0
74,15,4,9,28,Y6008530,,,,0,30.0,0,0
74,15,4,9,29,Y6008531,,,,0,30.0,0,0
74,15,4,9,30,Y6008532,,,,0,30.0,0,0
74,15,4,10,10,Y6008533,,,,0,30.0,0,0
74,15,4,10,11,Y6008534,,,,0,30.0,0,0
74,15,4,10,12,Y6008535,,,,0,30.0,0,0
74,15,4,10,13,Y6008536,,,,0,30.0,0,0
74,15,4,10,14,Y6008537,,,,0,30.0,0,0
74,15,4,10,15,Y6008538,,,,0,30.0,0,0
74,15,4,10,16,Y6008539,,,,0,30.0,0,0
74,15,4,10,17,Y6008540,,,,0,30.0,0,0
74,15,4,10,18,Y6008541,,,,0,30.0,0,0
74,15,4,10,19,Y6008542,,,,0,30.0,0,0
74,15,4,10,20,Y6008543,,,,0,30.0,0,0
74,15,4,10,21,Y6008544,,,,0,30.0,0,0
74,15,4,10,22,Y6008545,,,,0,30.0,0,0
74,15,4,10,23,Y6008546,,,,0,30.0,0,0
74,15,4,10,24,Y6008547,,,,0,30.0,0,0
74,15,4,10,25,Y6008548,,,,0,30.0,0,0
74,15,4,10,26,Y6008549,,,,0,30.0,0,0
74,15,4,10,27,Y6008550,,,,0,30.0,0,0
74,15,4,10,28,Y6008551,,,,0,30.0,0,0
74,15,4,10,29,Y6008552,,,,0,30.0,0,0
74,15,4,10,30,Y6008553,,,,0,30.0,0,0
74,15,4,11,10,Y6008554,,,,0,30.0,0,0
74,15,4,11,11,Y6008555,,,,0,30.0,0,0
74,15,4,11,12,Y6008556,,,,0,30.0,0,0
74,15,4,11,13,Y6008557,,,,0,30.0,0,0
74,15,4,11,14,Y6008558,,,,0,30.0,0,0
74,15,4,11,15,Y6008559,,,,0,30.0,0,0
74,15,4,11,16,Y6008560,,,,0,30.0,0,0
74,15,4,11,17,Y6008561,,,,0,30.0,0,0
74,15,4,11,18,Y6008562,,,,0,30.0,0,0
74,15,4,11,19,Y6008563,,,,0,30.0,0,0
74,15,4,11,20,Y6008564,,,,0,30.0,0,0
74,15,4,11,21,Y6008565,,,,0,30.0,0,0
74,15,4,11,22,Y6008566,,,,0,30.0,0,0
74,15,4,11,23,Y6008567,,,,0,30.0,0,0
74,15,4,11,24,Y6008568,,,,0,30.0,0,0
74,15,4,11,25,Y6008569,,,,0,30.0,0,0
74,15,4,11,26,Y6008570,,,,0,30.0,0,0
74,15,4,11,27,Y6008571,,,,0,30.0,0,0
74,15,4,11,28,Y6008572,,,,0,30.0,0,0
74,15,4,11,29,Y6008573,,,,0,30.0,0,0
74,15,4,11,30,Y6008574,,,,0,30.0,0,0
74,15,4,12,10,Y6008575,,,,0,30.0,0,0
74,15,4,12,11,Y6008576,,,,0,30.0,0,0
74,15,4,12,12,Y6008577,,,,0,30.0,0,0
74,15,4,12,13,Y6008578,,,,0,30.0,0,0
74,15,4,12,14,Y6008579,,,,0,30.0,0,0
74,15,4,12,15,Y6008580,,,,0,30.0,0,0
74,15,4,12,16,Y6008581,,,,0,30.0,0,0
74,15,4,12,17,Y6008582,,,,0,30.0,0,0
74,15,4,12,18,Y6008583,,,,0,30.0,0,0
74,15,4,12,19,Y6008584,,,,0,30.0,0,0
74,15,4,12,20,Y6008585,,,,0,30.0,0,0
74,15,4,12,21,Y6008586,,,,0,30.0,0,0
74,15,4,12,22,Y6008587,,,,0,30.0,0,0
74,15,4,12,23,Y6008588,,,,0,30.0,0,0
74,15,4,12,24,Y6008589,,,,0,30.0,0,0
74,15,4,12,25,Y6008590,,,,0,30.0,0,0
74,15,4,12,26,Y6008591,,,,0,30.0,0,0
74,15,4,12,27,Y6008592,,,,0,30.0,0,0
74,15,4,12,28,Y6008593,,,,0,30.0,0,0
74,15,4,12,29,Y6008594,,,,0,30.0,0,0
74,15,4,12,30,Y6008595,,,,0,30.0,0,0
74,15,5,1,10,Y6008596,,,,0,30.0,0,0
74,15,5,1,11,Y6008597,,,,0,30.0,0,0
74,15,5,1,12,Y6008598,,,,0,30.0,0,0
74,15,5,1,13,Y6008599,,,,0,30.0,0,0
74,15,5,1,14,Y6008600,,,,0,30.0,0,0
74,15,5,1,15,Y6008601,,,,0,30.0,0,0
74,15,5,1,16,Y6008602,,,,0,30.0,0,0
74,15,5,1,17,Y6008603,,,,0,30.0,0,0
74,15,5,1,18,Y6008604,,,,0,30.0,0,0
74,15,5,1,19,Y6008605,,,,0,30.0,0,0
74,15,5,1,20,Y6008606,,,,0,30.0,0,0
74,15,5,1,21,Y6008607,,,,0,30.0,0,0
74,15,5,1,22,Y6008608,,,,0,30.0,0,0
74,15,5,1,23,Y6008609,,,,0,30.0,0,0
74,15,5,1,24,Y6008610,,,,0,30.0,0,0
74,15,5,1,25,Y6008611,,,,0,30.0,0,0
74,15,5,1,26,Y6008612,,,,0,30.0,0,0
74,15,5,1,27,Y6008613,,,,0,30.0,0,0
74,15,5,1,28,Y6008614,,,,0,30.0,0,0
74,15,5,1,29,Y6008615,,,,0,30.0,0,0
74,15,5,1,30,Y6008616,,,,0,30.0,0,0
74,15,5,2,10,Y6008617,,,,0,30.0,0,0
74,15,5,2,11,Y6008618,,,,0,30.0,0,0
74,15,5,2,12,Y6008619,,,,0,30.0,0,0
74,15,5,2,13,Y6008620,,,,0,30.0,0,0
74,15,5,2,14,Y6008621,,,,0,30.0,0,0
74,15,5,2,15,Y6008622,,,,0,30.0,0,0
74,15,5,2,16,Y6008623,,,,0,30.0,0,0
74,15,5,2,17,Y6008624,,,,0,30.0,0,0
74,15,5,2,18,Y6008625,,,,0,30.0,0,0
74,15,5,2,19,Y6008626,,,,0,30.0,0,0
74,15,5,2,20,Y6008627,,,,0,30.0,0,0
74,15,5,2,21,Y6008628,,,,0,30.0,0,0
74,15,5,2,22,Y6008629,,,,0,30.0,0,0
74,15,5,2,23,Y6008630,,,,0,30.0,0,0
74,15,5,2,24,Y6008631,,,,0,30.0,0,0
74,15,5,2,25,Y6008632,,,,0,30.0,0,0
74,15,5,2,26,Y6008633,,,,0,30.0,0,0
74,15,5,2,27,Y6008634,,,,0,30.0,0,0
74,15,5,2,28,Y6008635,,,,0,30.0,0,0
74,15,5,2,29,Y6008636,,,,0,30.0,0,0
74,15,5,2,30,Y6008637,,,,0,30.0,0,0
74,15,5,3,10,Y6008638,,,,0,30.0,0,0
74,15,5,3,11,Y6008639,,,,0,30.0,0,0
74,15,5,3,12,Y6008640,,,,0,30.0,0,0
74,15,5,3,13,Y6008641,,,,0,30.0,0,0
74,15,5,3,14,Y6008642,,,,0,30.0,0,0
74,15,5,3,15,Y6008643,,,,0,30.0,0,0
74,15,5,3,16,Y6008644,,,,0,30.0,0,0
74,15,5,3,17,Y6008645,,,,0,30.0,0,0
74,15,5,3,18,Y6008646,,,,0,30.0,0,0
74,15,5,3,19,Y6008647,,,,0,30.0,0,0
74,15,5,3,20,Y6008648,,,,0,30.0,0,0
74,15,5,3,21,Y6008649,,,,0,30.0,0,0
74,15,5,3,22,Y6008650,,,,0,30.0,0,0
74,15,5,3,23,Y6008651,,,,0,30.0,0,0
74,15,5,3,24,Y6008652,,,,0,30.0,0,0
74,15,5,3,25,Y6008653,,,,0,30.0,0,0
74,15,5,3,26,Y6008654,,,,0,30.0,0,0
74,15,5,3,27,Y6008655,,,,0,30.0,0,0
74,15,5,3,28,Y6008656,,,,0,30.0,0,0
74,15,5,3,29,Y6008657,,,,0,30.0,0,0
74,15,5,3,30,Y6008658,,,,0,30.0,0,0
74,15,5,4,10,Y6008659,,,,0,30.0,0,0
74,15,5,4,11,Y6008660,,,,0,30.0,0,0
74,15,5,4,12,Y6008661,,,,0,30.0,0,0
74,15,5,4,13,Y6008662,,,,0,30.0,0,0
74,15,5,4,14,Y6008663,,,,0,30.0,0,0
74,15,5,4,15,Y6008664,,,,0,30.0,0,0
74,15,5,4,16,Y6008665,,,,0,30.0,0,0
74,15,5,4,17,Y6008666,,,,0,30.0,0,0
74,15,5,4,18,Y6008667,,,,0,30.0,0,0
74,15,5,4,19,Y6008668,,,,0,30.0,0,0
74,15,5,4,20,Y6008669,,,,0,30.0,0,0
74,15,5,4,21,Y6008670,,,,0,30.0,0,0
74,15,5,4,22,Y6008671,,,,0,30.0,0,0
74,15,5,4,23,Y6008672,,,,0,30.0,0,0
74,15,5,4,24,Y6008673,,,,0,30.0,0,0
74,15,5,4,25,Y6008674,,,,0,30.0,0,0
74,15,5,4,26,Y6008675,,,,0,30.0,0,0
74,15,5,4,27,Y6008676,,,,0,30.0,0,0
74,15,5,4,28,Y6008677,,,,0,30.0,0,0
74,15,5,4,29,Y6008678,,,,0,30.0,0,0
74,15,5,4,30,Y6008679,,,,0,30.0,0,0
74,15,5,5,10,Y6008680,,,,0,30.0,0,0
74,15,5,5,11,Y6008681,,,,0,30.0,0,0
74,15,5,5,12,Y6008682,,,,0,30.0,0,0
74,15,5,5,13,Y6008683,,,,0,30.0,0,0
74,15,5,5,14,Y6008684,,,,0,30.0,0,0
74,15,5,5,15,Y6008685,,,,0,30.0,0,0
74,15,5,5,16,Y6008686,,,,0,30.0,0,0
74,15,5,5,17,Y6008687,,,,0,30.0,0,0
74,15,5,5,18,Y6008688,,,,0,30.0,0,0
74,15,5,5,19,Y6008689,,,,0,30.0,0,0
74,15,5,5,20,Y6008690,,,,0,30.0,0,0
74,15,5,5,21,Y6008691,,,,0,30.0,0,0
74,15,5,5,22,Y6008692,,,,0,30.0,0,0
74,15,5,5,23,Y6008693,,,,0,30.0,0,0
74,15,5,5,24,Y6008694,,,,0,30.0,0,0
74,15,5,5,25,Y6008695,,,,0,30.0,0,0
74,15,5,5,26,Y6008696,,,,0,30.0,0,0
74,15,5,5,27,Y6008697,,,,0,30.0,0,0
74,15,5,5,28,Y6008698,,,,0,30.0,0,0
74,15,5,5,29,Y6008699,,,,0,30.0,0,0
74,15,5,5,30,Y6008700,,,,0,30.0,0,0
74,15,5,6,10,Y6008701,,,,0,30.0,0,0
74,15,5,6,11,Y6008702,,,,0,30.0,0,0
74,15,5,6,12,Y6008703,,,,0,30.0,0,0
74,15,5,6,13,Y6008704,,,,0,30.0,0,0
74,15,5,6,14,Y6008705,,,,0,30.0,0,0
74,15,5,6,15,Y6008706,,,,0,30.0,0,0
74,15,5,6,16,Y6008707,,,,0,30.0,0,0
74,15,5,6,17,Y6008708,,,,0,30.0,0,0
74,15,5,6,18,Y6008709,,,,0,30.0,0,0
74,15,5,6,19,Y6008710,,,,0,30.0,0,0
74,15,5,6,20,Y6008711,,,,0,30.0,0,0
74,15,5,6,21,Y6008712,,,,0,30.0,0,0
74,15,5,6,22,Y6008713,,,,0,30.0,0,0
74,15,5,6,23,Y6008714,,,,0,30.0,0,0
74,15,5,6,24,Y6008715,,,,0,30.0,0,0
74,15,5,6,25,Y6008716,,,,0,30.0,0,0
74,15,5,6,26,Y6008717,,,,0,30.0,0,0
74,15,5,6,27,Y6008718,,,,0,30.0,0,0
74,15,5,6,28,Y6008719,,,,0,30.0,0,0
74,15,5,6,29,Y6008720,,,,0,30.0,0,0
74,15,5,6,30,Y6008721,,,,0,30.0,0,0
74,15,5,7,10,Y6008722,,,,0,30.0,0,0
74,15,5,7,11,Y6008723,,,,0,30.0,0,0
74,15,5,7,12,Y6008724,,,,0,30.0,0,0
74,15,5,7,13,Y6008725,,,,0,30.0,0,0
74,15,5,7,14,Y6008726,,,,0,30.0,0,0
74,15,5,7,15,Y6008727,,,,0,30.0,0,0
74,15,5,7,16,Y6008728,,,,0,30.0,0,0
74,15,5,7,17,Y6008729,,,,0,30.0,0,0
74,15,5,7,18,Y6008730,,,,0,30.0,0,0
74,15,5,7,19,Y6008731,,,,0,30.0,0,0
74,15,5,7,20,Y6008732,,,,0,30.0,0,0
74,15,5,7,21,Y6008733,,,,0,30.0,0,0
74,15,5,7,22,Y6008734,,,,0,30.0,0,0
74,15,5,7,23,Y6008735,,,,0,30.0,0,0
74,15,5,7,24,Y6008736,,,,0,30.0,0,0
74,15,5,7,25,Y6008737,,,,0,30.0,0,0
74,15,5,7,26,Y6008738,,,,0,30.0,0,0
74,15,5,7,27,Y6008739,,,,0,30.0,0,0
74,15,5,7,28,Y6008740,,,,0,30.0,0,0
74,15,5,7,29,Y6008741,,,,0,30.0,0,0
74,15,5,7,30,Y6008742,,,,0,30.0,0,0
74,15,5,8,10,Y6008743,,,,0,30.0,0,0
74,15,5,8,11,Y6008744,,,,0,30.0,0,0
74,15,5,8,12,Y6008745,,,,0,30.0,0,0
74,15,5,8,13,Y6008746,,,,0,30.0,0,0
74,15,5,8,14,Y6008747,,,,0,30.0,0,0
74,15,5,8,15,Y6008748,,,,0,30.0,0,0
74,15,5,8,16,Y6008749,,,,0,30.0,0,0
74,15,5,8,17,Y6008750,,,,0,30.0,0,0
74,15,5,8,18,Y6008751,,,,0,30.0,0,0
74,15,5,8,19,Y6008752,,,,0,30.0,0,0
74,15,5,8,20,Y6008753,,,,0,30.0,0,0
74,15,5,8,21,Y6008754,,,,0,30.0,0,0
74,15,5,8,22,Y6008755,,,,0,30.0,0,0
74,15,5,8,23,Y6008756,,,,0,30.0,0,0
74,15,5,8,24,Y6008757,,,,0,30.0,0,0
74,15,5,8,25,Y6008758,,,,0,30.0,0,0
74,15,5,8,26,Y6008759,,,,0,30.0,0,0
74,15,5,8,27,Y6008760,,,,0,30.0,0,0
74,15,5,8,28,Y6008761,,,,0,30.0,0,0
74,15,5,8,29,Y6008762,,,,0,30.0,0,0
74,15,5,8,30,Y6008763,,,,0,30.0,0,0
74,15,5,9,10,Y6008764,,,,0,30.0,0,0
74,15,5,9,11,Y6008765,,,,0,30.0,0,0
74,15,5,9,12,Y6008766,,,,0,30.0,0,0
74,15,5,9,13,Y6008767,,,,0,30.0,0,0
74,15,5,9,14,Y6008768,,,,0,30.0,0,0
74,15,5,9,15,Y6008769,,,,0,30.0,0,0
74,15,5,9,16,Y6008770,,,,0,30.0,0,0
74,15,5,9,17,Y6008771,,,,0,30.0,0,0
74,15,5,9,18,Y6008772,,,,0,30.0,0,0
74,15,5,9,19,Y6008773,,,,0,30.0,0,0
74,15,5,9,20,Y6008774,,,,0,30.0,0,0
74,15,5,9,21,Y6008775,,,,0,30.0,0,0
74,15,5,9,22,Y6008776,,,,0,30.0,0,0
74,15,5,9,23,Y6008777,,,,0,30.0,0,0
74,15,5,9,24,Y6008778,,,,0,30.0,0,0
74,15,5,9,25,Y6008779,,,,0,30.0,0,0
74,15,5,9,26,Y6008780,,,,0,30.0,0,0
74,15,5,9,27,Y6008781,,,,0,30.0,0,0
74,15,5,9,28,Y6008782,,,,0,30.0,0,0
74,15,5,9,29,Y6008783,,,,0,30.0,0,0
74,15,5,9,30,Y6008784,,,,0,30.0,0,0
74,15,5,10,10,Y6008785,,,,0,30.0,0,0
74,15,5,10,11,Y6008786,,,,0,30.0,0,0
74,15,5,10,12,Y6008787,,,,0,30.0,0,0
74,15,5,10,13,Y6008788,,,,0,30.0,0,0
74,15,5,10,14,Y6008789,,,,0,30.0,0,0
74,15,5,10,15,Y6008790,,,,0,30.0,0,0
74,15,5,10,16,Y6008791,,,,0,30.0,0,0
74,15,5,10,17,Y6008792,,,,0,30.0,0,0
74,15,5,10,18,Y6008793,,,,0,30.0,0,0
74,15,5,10,19,Y6008794,,,,0,30.0,0,0
74,15,5,10,20,Y6008795,,,,0,30.0,0,0
74,15,5,10,21,Y6008796,,,,0,30.0,0,0
74,15,5,10,22,Y6008797,,,,0,30.0,0,0
74,15,5,10,23,Y6008798,,,,0,30.0,0,0
74,15,5,10,24,Y6008799,,,,0,30.0,0,0
74,15,5,10,25,Y6008800,,,,0,30.0,0,0
74,15,5,10,26,Y6008801,,,,0,30.0,0,0
74,15,5,10,27,Y6008802,,,,0,30.0,0,0
74,15,5,10,28,Y6008803,,,,0,30.0,0,0
74,15,5,10,29,Y6008804,,,,0,30.0,0,0
74,15,5,10,30,Y6008805,,,,0,30.0,0,0
74,15,5,11,10,Y6008806,,,,0,30.0,0,0
74,15,5,11,11,Y6008807,,,,0,30.0,0,0
74,15,5,11,12,Y6008808,,,,0,30.0,0,0
74,15,5,11,13,Y6008809,,,,0,30.0,0,0
74,15,5,11,14,Y6008810,,,,0,30.0,0,0
74,15,5,11,15,Y6008811,,,,0,30.0,0,0
74,15,5,11,16,Y6008812,,,,0,30.0,0,0
74,15,5,11,17,Y6008813,,,,0,30.0,0,0
74,15,5,11,18,Y6008814,,,,0,30.0,0,0
74,15,5,11,19,Y6008815,,,,0,30.0,0,0
74,15,5,11,20,Y6008816,,,,0,30.0,0,0
74,15,5,11,21,Y6008817,,,,0,30.0,0,0
74,15,5,11,22,Y6008818,,,,0,30.0,0,0
74,15,5,11,23,Y6008819,,,,0,30.0,0,0
74,15,5,11,24,Y6008820,,,,0,30.0,0,0
74,15,5,11,25,Y6008821,,,,0,30.0,0,0
74,15,5,11,26,Y6008822,,,,0,30.0,0,0
74,15,5,11,27,Y6008823,,,,0,30.0,0,0
74,15,5,11,28,Y6008824,,,,0,30.0,0,0
74,15,5,11,29,Y6008825,,,,0,30.0,0,0
74,15,5,11,30,Y6008826,,,,0,30.0,0,0
74,15,5,12,10,Y6008827,,,,0,30.0,0,0
74,15,5,12,11,Y6008828,,,,0,30.0,0,0
74,15,5,12,12,Y6008829,,,,0,30.0,0,0
74,15,5,12,13,Y6008830,,,,0,30.0,0,0
74,15,5,12,14,Y6008831,,,,0,30.0,0,0
74,15,5,12,15,Y6008832,,,,0,30.0,0,0
74,15,5,12,16,Y6008833,,,,0,30.0,0,0
74,15,5,12,17,Y6008834,,,,0,30.0,0,0
74,15,5,12,18,Y6008835,,,,0,30.0,0,0
74,15,5,12,19,Y6008836,,,,0,30.0,0,0
74,15,5,12,20,Y6008837,,,,0,30.0,0,0
74,15,5,12,21,Y6008838,,,,0,30.0,0,0
74,15,5,12,22,Y6008839,,,,0,30.0,0,0
74,15,5,12,23,Y6008840,,,,0,30.0,0,0
74,15,5,12,24,Y6008841,,,,0,30.0,0,0
74,15,5,12,25,Y6008842,,,,0,30.0,0,0
74,15,5,12,26,Y6008843,,,,0,30.0,0,0
74,15,5,12,27,Y6008844,,,,0,30.0,0,0
74,15,5,12,28,Y6008845,,,,0,30.0,0,0
74,15,5,12,29,Y6008846,,,,0,30.0,0,0
74,15,5,12,30,Y6008847,,,,0,30.0,0,0
74,15,6,1,10,Y6008848,,,,0,30.0,0,0
74,15,6,1,11,Y6008849,,,,0,30.0,0,0
74,15,6,1,12,Y6008850,,,,0,30.0,0,0
74,15,6,1,13,Y6008851,,,,0,30.0,0,0
74,15,6,1,14,Y6008852,,,,0,30.0,0,0
74,15,6,1,15,Y6008853,,,,0,30.0,0,0
74,15,6,1,16,Y6008854,,,,0,30.0,0,0
74,15,6,1,17,Y6008855,,,,0,30.0,0,0
74,15,6,1,18,Y6008856,,,,0,30.0,0,0
74,15,6,1,19,Y6008857,,,,0,30.0,0,0
74,15,6,1,20,Y6008858,,,,0,30.0,0,0
74,15,6,1,21,Y6008859,,,,0,30.0,0,0
74,15,6,1,22,Y6008860,,,,0,30.0,0,0
74,15,6,1,23,Y6008861,,,,0,30.0,0,0
74,15,6,1,24,Y6008862,,,,0,30.0,0,0
74,15,6,1,25,Y6008863,,,,0,30.0,0,0
74,15,6,1,26,Y6008864,,,,0,30.0,0,0
74,15,6,1,27,Y6008865,,,,0,30.0,0,0
74,15,6,1,28,Y6008866,,,,0,30.0,0,0
74,15,6,1,29,Y6008867,,,,0,30.0,0,0
74,15,6,1,30,Y6008868,,,,0,30.0,0,0
74,15,6,2,10,Y6008869,,,,0,30.0,0,0
74,15,6,2,11,Y6008870,,,,0,30.0,0,0
74,15,6,2,12,Y6008871,,,,0,30.0,0,0
74,15,6,2,13,Y6008872,,,,0,30.0,0,0
74,15,6,2,14,Y6008873,,,,0,30.0,0,0
74,15,6,2,15,Y6008874,,,,0,30.0,0,0
74,15,6,2,16,Y6008875,,,,0,30.0,0,0
74,15,6,2,17,Y6008876,,,,0,30.0,0,0
74,15,6,2,18,Y6008877,,,,0,30.0,0,0
74,15,6,2,19,Y6008878,,,,0,30.0,0,0
74,15,6,2,20,Y6008879,,,,0,30.0,0,0
74,15,6,2,21,Y6008880,,,,0,30.0,0,0
74,15,6,2,22,Y6008881,,,,0,30.0,0,0
74,15,6,2,23,Y6008882,,,,0,30.0,0,0
74,15,6,2,24,Y6008883,,,,0,30.0,0,0
74,15,6,2,25,Y6008884,,,,0,30.0,0,0
74,15,6,2,26,Y6008885,,,,0,30.0,0,0
74,15,6,2,27,Y6008886,,,,0,30.0,0,0
74,15,6,2,28,Y6008887,,,,0,30.0,0,0
74,15,6,2,29,Y6008888,,,,0,30.0,0,0
74,15,6,2,30,Y6008889,,,,0,30.0,0,0
74,15,6,3,10,Y6008890,,,,0,30.0,0,0
74,15,6,3,11,Y6008891,,,,0,30.0,0,0
74,15,6,3,12,Y6008892,,,,0,30.0,0,0
74,15,6,3,13,Y6008893,,,,0,30.0,0,0
74,15,6,3,14,Y6008894,,,,0,30.0,0,0
74,15,6,3,15,Y6008895,,,,0,30.0,0,0
74,15,6,3,16,Y6008896,,,,0,30.0,0,0
74,15,6,3,17,Y6008897,,,,0,30.0,0,0
74,15,6,3,18,Y6008898,,,,0,30.0,0,0
74,15,6,3,19,Y6008899,,,,0,30.0,0,0
74,15,6,3,20,Y6008900,,,,0,30.0,0,0
74,15,6,3,21,Y6008901,,,,0,30.0,0,0
74,15,6,3,22,Y6008902,,,,0,30.0,0,0
74,15,6,3,23,Y6008903,,,,0,30.0,0,0
74,15,6,3,24,Y6008904,,,,0,30.0,0,0
74,15,6,3,25,Y6008905,,,,0,30.0,0,0
74,15,6,3,26,Y6008906,,,,0,30.0,0,0
74,15,6,3,27,Y6008907,,,,0,30.0,0,0
74,15,6,3,28,Y6008908,,,,0,30.0,0,0
74,15,6,3,29,Y6008909,,,,0,30.0,0,0
74,15,6,3,30,Y6008910,,,,0,30.0,0,0
74,15,6,4,10,Y6008911,,,,0,30.0,0,0
74,15,6,4,11,Y6008912,,,,0,30.0,0,0
74,15,6,4,12,Y6008913,,,,0,30.0,0,0
74,15,6,4,13,Y6008914,,,,0,30.0,0,0
74,15,6,4,14,Y6008915,,,,0,30.0,0,0
74,15,6,4,15,Y6008916,,,,0,30.0,0,0
74,15,6,4,16,Y6008917,,,,0,30.0,0,0
74,15,6,4,17,Y6008918,,,,0,30.0,0,0
74,15,6,4,18,Y6008919,,,,0,30.0,0,0
74,15,6,4,19,Y6008920,,,,0,30.0,0,0
74,15,6,4,20,Y6008921,,,,0,30.0,0,0
74,15,6,4,21,Y6008922,,,,0,30.0,0,0
74,15,6,4,22,Y6008923,,,,0,30.0,0,0
74,15,6,4,23,Y6008924,,,,0,30.0,0,0
74,15,6,4,24,Y6008925,,,,0,30.0,0,0
74,15,6,4,25,Y6008926,,,,0,30.0,0,0
74,15,6,4,26,Y6008927,,,,0,30.0,0,0
74,15,6,4,27,Y6008928,,,,0,30.0,0,0
74,15,6,4,28,Y6008929,,,,0,30.0,0,0
74,15,6,4,29,Y6008930,,,,0,30.0,0,0
74,15,6,4,30,Y6008931,,,,0,30.0,0,0
74,15,6,5,10,Y6008932,,,,0,30.0,0,0
74,15,6,5,11,Y6008933,,,,0,30.0,0,0
74,15,6,5,12,Y6008934,,,,0,30.0,0,0
74,15,6,5,13,Y6008935,,,,0,30.0,0,0
74,15,6,5,14,Y6008936,,,,0,30.0,0,0
74,15,6,5,15,Y6008937,,,,0,30.0,0,0
74,15,6,5,16,Y6008938,,,,0,30.0,0,0
74,15,6,5,17,Y6008939,,,,0,30.0,0,0
74,15,6,5,18,Y6008940,,,,0,30.0,0,0
74,15,6,5,19,Y6008941,,,,0,30.0,0,0
74,15,6,5,20,Y6008942,,,,0,30.0,0,0
74,15,6,5,21,Y6008943,,,,0,30.0,0,0
74,15,6,5,22,Y6008944,,,,0,30.0,0,0
74,15,6,5,23,Y6008945,,,,0,30.0,0,0
74,15,6,5,24,Y6008946,,,,0,30.0,0,0
74,15,6,5,25,Y6008947,,,,0,30.0,0,0
74,15,6,5,26,Y6008948,,,,0,30.0,0,0
74,15,6,5,27,Y6008949,,,,0,30.0,0,0
74,15,6,5,28,Y6008950,,,,0,30.0,0,0
74,15,6,5,29,Y6008951,,,,0,30.0,0,0
74,15,6,5,30,Y6008952,,,,0,30.0,0,0
74,15,6,6,10,Y6008953,,,,0,30.0,0,0
74,15,6,6,11,Y6008954,,,,0,30.0,0,0
74,15,6,6,12,Y6008955,,,,0,30.0,0,0
74,15,6,6,13,Y6008956,,,,0,30.0,0,0
74,15,6,6,14,Y6008957,,,,0,30.0,0,0
74,15,6,6,15,Y6008958,,,,0,30.0,0,0
74,15,6,6,16,Y6008959,,,,0,30.0,0,0
74,15,6,6,17,Y6008960,,,,0,30.0,0,0
74,15,6,6,18,Y6008961,,,,0,30.0,0,0
74,15,6,6,19,Y6008962,,,,0,30.0,0,0
74,15,6,6,20,Y6008963,,,,0,30.0,0,0
74,15,6,6,21,Y6008964,,,,0,30.0,0,0
74,15,6,6,22,Y6008965,,,,0,30.0,0,0
74,15,6,6,23,Y6008966,,,,0,30.0,0,0
74,15,6,6,24,Y6008967,,,,0,30.0,0,0
74,15,6,6,25,Y6008968,,,,0,30.0,0,0
74,15,6,6,26,Y6008969,,,,0,30.0,0,0
74,15,6,6,27,Y6008970,,,,0,30.0,0,0
74,15,6,6,28,Y6008971,,,,0,30.0,0,0
74,15,6,6,29,Y6008972,,,,0,30.0,0,0
74,15,6,6,30,Y6008973,,,,0,30.0,0,0
74,15,6,7,10,Y6008974,,,,0,30.0,0,0
74,15,6,7,11,Y6008975,,,,0,30.0,0,0
74,15,6,7,12,Y6008976,,,,0,30.0,0,0
74,15,6,7,13,Y6008977,,,,0,30.0,0,0
74,15,6,7,14,Y6008978,,,,0,30.0,0,0
74,15,6,7,15,Y6008979,,,,0,30.0,0,0
74,15,6,7,16,Y6008980,,,,0,30.0,0,0
74,15,6,7,17,Y6008981,,,,0,30.0,0,0
74,15,6,7,18,Y6008982,,,,0,30.0,0,0
74,15,6,7,19,Y6008983,,,,0,30.0,0,0
74,15,6,7,20,Y6008984,,,,0,30.0,0,0
74,15,6,7,21,Y6008985,,,,0,30.0,0,0
74,15,6,7,22,Y6008986,,,,0,30.0,0,0
74,15,6,7,23,Y6008987,,,,0,30.0,0,0
74,15,6,7,24,Y6008988,,,,0,30.0,0,0
74,15,6,7,25,Y6008989,,,,0,30.0,0,0
74,15,6,7,26,Y6008990,,,,0,30.0,0,0
74,15,6,7,27,Y6008991,,,,0,30.0,0,0
74,15,6,7,28,Y6008992,,,,0,30.0,0,0
74,15,6,7,29,Y6008993,,,,0,30.0,0,0
74,15,6,7,30,Y6008994,,,,0,30.0,0,0
74,15,6,8,10,Y6008995,,,,0,30.0,0,0
74,15,6,8,11,Y6008996,,,,0,30.0,0,0
74,15,6,8,12,Y6008997,,,,0,30.0,0,0
74,15,6,8,13,Y6008998,,,,0,30.0,0,0
74,15,6,8,14,Y6008999,,,,0,30.0,0,0
74,15,6,8,15,Y6009000,,,,0,30.0,0,0
74,15,6,8,16,Y6009001,,,,0,30.0,0,0
74,15,6,8,17,Y6009002,,,,0,30.0,0,0
74,15,6,8,18,Y6009003,,,,0,30.0,0,0
74,15,6,8,19,Y6009004,,,,0,30.0,0,0
74,15,6,8,20,Y6009005,,,,0,30.0,0,0
74,15,6,8,21,Y6009006,,,,0,30.0,0,0
74,15,6,8,22,Y6009007,,,,0,30.0,0,0
74,15,6,8,23,Y6009008,,,,0,30.0,0,0
74,15,6,8,24,Y6009009,,,,0,30.0,0,0
74,15,6,8,25,Y6009010,,,,0,30.0,0,0
74,15,6,8,26,Y6009011,,,,0,30.0,0,0
74,15,6,8,27,Y6009012,,,,0,30.0,0,0
74,15,6,8,28,Y6009013,,,,0,30.0,0,0
74,15,6,8,29,Y6009014,,,,0,30.0,0,0
74,15,6,8,30,Y6009015,,,,0,30.0,0,0
74,15,6,9,10,Y6009016,,,,0,30.0,0,0
74,15,6,9,11,Y6009017,,,,0,30.0,0,0
74,15,6,9,12,Y6009018,,,,0,30.0,0,0
74,15,6,9,13,Y6009019,,,,0,30.0,0,0
74,15,6,9,14,Y6009020,,,,0,30.0,0,0
74,15,6,9,15,Y6009021,,,,0,30.0,0,0
74,15,6,9,16,Y6009022,,,,0,30.0,0,0
74,15,6,9,17,Y6009023,,,,0,30.0,0,0
74,15,6,9,18,Y6009024,,,,0,30.0,0,0
74,15,6,9,19,Y6009025,,,,0,30.0,0,0
74,15,6,9,20,Y6009026,,,,0,30.0,0,0
74,15,6,9,21,Y6009027,,,,0,30.0,0,0
74,15,6,9,22,Y6009028,,,,0,30.0,0,0
74,15,6,9,23,Y6009029,,,,0,30.0,0,0
74,15,6,9,24,Y6009030,,,,0,30.0,0,0
74,15,6,9,25,Y6009031,,,,0,30.0,0,0
74,15,6,9,26,Y6009032,,,,0,30.0,0,0
74,15,6,9,27,Y6009033,,,,0,30.0,0,0
74,15,6,9,28,Y6009034,,,,0,30.0,0,0
74,15,6,9,29,Y6009035,,,,0,30.0,0,0
74,15,6,9,30,Y6009036,,,,0,30.0,0,0
74,15,6,10,10,Y6009037,,,,0,30.0,0,0
74,15,6,10,11,Y6009038,,,,0,30.0,0,0
74,15,6,10,12,Y6009039,,,,0,30.0,0,0
74,15,6,10,13,Y6009040,,,,0,30.0,0,0
74,15,6,10,14,Y6009041,,,,0,30.0,0,0
74,15,6,10,15,Y6009042,,,,0,30.0,0,0
74,15,6,10,16,Y6009043,,,,0,30.0,0,0
74,15,6,10,17,Y6009044,,,,0,30.0,0,0
74,15,6,10,18,Y6009045,,,,0,30.0,0,0
74,15,6,10,19,Y6009046,,,,0,30.0,0,0
74,15,6,10,20,Y6009047,,,,0,30.0,0,0
74,15,6,10,21,Y6009048,,,,0,30.0,0,0
74,15,6,10,22,Y6009049,,,,0,30.0,0,0
74,15,6,10,23,Y6009050,,,,0,30.0,0,0
74,15,6,10,24,Y6009051,,,,0,30.0,0,0
74,15,6,10,25,Y6009052,,,,0,30.0,0,0
74,15,6,10,26,Y6009053,,,,0,30.0,0,0
74,15,6,10,27,Y6009054,,,,0,30.0,0,0
74,15,6,10,28,Y6009055,,,,0,30.0,0,0
74,15,6,10,29,Y6009056,,,,0,30.0,0,0
74,15,6,10,30,Y6009057,,,,0,30.0,0,0
74,15,6,11,10,Y6009058,,,,0,30.0,0,0
74,15,6,11,11,Y6009059,,,,0,30.0,0,0
74,15,6,11,12,Y6009060,,,,0,30.0,0,0
74,15,6,11,13,Y6009061,,,,0,30.0,0,0
74,15,6,11,14,Y6009062,,,,0,30.0,0,0
74,15,6,11,15,Y6009063,,,,0,30.0,0,0
74,15,6,11,16,Y6009064,,,,0,30.0,0,0
74,15,6,11,17,Y6009065,,,,0,30.0,0,0
74,15,6,11,18,Y6009066,,,,0,30.0,0,0
74,15,6,11,19,Y6009067,,,,0,30.0,0,0
74,15,6,11,20,Y6009068,,,,0,30.0,0,0
74,15,6,11,21,Y6009069,,,,0,30.0,0,0
74,15,6,11,22,Y6009070,,,,0,30.0,0,0
74,15,6,11,23,Y6009071,,,,0,30.0,0,0
74,15,6,11,24,Y6009072,,,,0,30.0,0,0
74,15,6,11,25,Y6009073,,,,0,30.0,0,0
74,15,6,11,26,Y6009074,,,,0,30.0,0,0
74,15,6,11,27,Y6009075,,,,0,30.0,0,0
74,15,6,11,28,Y6009076,,,,0,30.0,0,0
74,15,6,11,29,Y6009077,,,,0,30.0,0,0
74,15,6,11,30,Y6009078,,,,0,30.0,0,0
74,15,6,12,10,Y6009079,,,,0,30.0,0,0
74,15,6,12,11,Y6009080,,,,0,30.0,0,0
74,15,6,12,12,Y6009081,,,,0,30.0,0,0
74,15,6,12,13,Y6009082,,,,0,30.0,0,0
74,15,6,12,14,Y6009083,,,,0,30.0,0,0
74,15,6,12,15,Y6009084,,,,0,30.0,0,0
74,15,6,12,16,Y6009085,,,,0,30.0,0,0
74,15,6,12,17,Y6009086,,,,0,30.0,0,0
74,15,6,12,18,Y6009087,,,,0,30.0,0,0
74,15,6,12,19,Y6009088,,,,0,30.0,0,0
74,15,6,12,20,Y6009089,,,,0,30.0,0,0
74,15,6,12,21,Y6009090,,,,0,30.0,0,0
74,15,6,12,22,Y6009091,,,,0,30.0,0,0
74,15,6,12,23,Y6009092,,,,0,30.0,0,0
74,15,6,12,24,Y6009093,,,,0,30.0,0,0
74,15,6,12,25,Y6009094,,,,0,30.0,0,0
74,15,6,12,26,Y6009095,,,,0,30.0,0,0
74,15,6,12,27,Y6009096,,,,0,30.0,0,0
74,15,6,12,28,Y6009097,,,,0,30.0,0,0
74,15,6,12,29,Y6009098,,,,0,30.0,0,0
74,15,6,12,30,Y6009099,,,,0,30.0,0,0
74,15,7,1,10,Y6009100,,,,0,30.0,0,0
74,15,7,1,11,Y6009101,,,,0,30.0,0,0
74,15,7,1,12,Y6009102,,,,0,30.0,0,0
74,15,7,1,13,Y6009103,,,,0,30.0,0,0
74,15,7,1,14,Y6009104,,,,0,30.0,0,0
74,15,7,1,15,Y6009105,,,,0,30.0,0,0
74,15,7,1,16,Y6009106,,,,0,30.0,0,0
74,15,7,1,17,Y6009107,,,,0,30.0,0,0
74,15,7,1,18,Y6009108,,,,0,30.0,0,0
74,15,7,1,19,Y6009109,,,,0,30.0,0,0
74,15,7,1,20,Y6009110,,,,0,30.0,0,0
74,15,7,1,21,Y6009111,,,,0,30.0,0,0
74,15,7,1,22,Y6009112,,,,0,30.0,0,0
74,15,7,1,23,Y6009113,,,,0,30.0,0,0
74,15,7,1,24,Y6009114,,,,0,30.0,0,0
74,15,7,1,25,Y6009115,,,,0,30.0,0,0
74,15,7,1,26,Y6009116,,,,0,30.0,0,0
74,15,7,1,27,Y6009117,,,,0,30.0,0,0
74,15,7,1,28,Y6009118,,,,0,30.0,0,0
74,15,7,1,29,Y6009119,,,,0,30.0,0,0
74,15,7,1,30,Y6009120,,,,0,30.0,0,0
74,15,7,2,10,Y6009121,,,,0,30.0,0,0
74,15,7,2,11,Y6009122,,,,0,30.0,0,0
74,15,7,2,12,Y6009123,,,,0,30.0,0,0
74,15,7,2,13,Y6009124,,,,0,30.0,0,0
74,15,7,2,14,Y6009125,,,,0,30.0,0,0
74,15,7,2,15,Y6009126,,,,0,30.0,0,0
74,15,7,2,16,Y6009127,,,,0,30.0,0,0
74,15,7,2,17,Y6009128,,,,0,30.0,0,0
74,15,7,2,18,Y6009129,,,,0,30.0,0,0
74,15,7,2,19,Y6009130,,,,0,30.0,0,0
74,15,7,2,20,Y6009131,,,,0,30.0,0,0
74,15,7,2,21,Y6009132,,,,0,30.0,0,0
74,15,7,2,22,Y6009133,,,,0,30.0,0,0
74,15,7,2,23,Y6009134,,,,0,30.0,0,0
74,15,7,2,24,Y6009135,,,,0,30.0,0,0
74,15,7,2,25,Y6009136,,,,0,30.0,0,0
74,15,7,2,26,Y6009137,,,,0,30.0,0,0
74,15,7,2,27,Y6009138,,,,0,30.0,0,0
74,15,7,2,28,Y6009139,,,,0,30.0,0,0
74,15,7,2,29,Y6009140,,,,0,30.0,0,0
74,15,7,2,30,Y6009141,,,,0,30.0,0,0
74,15,7,3,10,Y6009142,,,,0,30.0,0,0
74,15,7,3,11,Y6009143,,,,0,30.0,0,0
74,15,7,3,12,Y6009144,,,,0,30.0,0,0
74,15,7,3,13,Y6009145,,,,0,30.0,0,0
74,15,7,3,14,Y6009146,,,,0,30.0,0,0
74,15,7,3,15,Y6009147,,,,0,30.0,0,0
74,15,7,3,16,Y6009148,,,,0,30.0,0,0
74,15,7,3,17,Y6009149,,,,0,30.0,0,0
74,15,7,3,18,Y6009150,,,,0,30.0,0,0
74,15,7,3,19,Y6009151,,,,0,30.0,0,0
74,15,7,3,20,Y6009152,,,,0,30.0,0,0
74,15,7,3,21,Y6009153,,,,0,30.0,0,0
74,15,7,3,22,Y6009154,,,,0,30.0,0,0
74,15,7,3,23,Y6009155,,,,0,30.0,0,0
74,15,7,3,24,Y6009156,,,,0,30.0,0,0
74,15,7,3,25,Y6009157,,,,0,30.0,0,0
74,15,7,3,26,Y6009158,,,,0,30.0,0,0
74,15,7,3,27,Y6009159,,,,0,30.0,0,0
74,15,7,3,28,Y6009160,,,,0,30.0,0,0
74,15,7,3,29,Y6009161,,,,0,30.0,0,0
74,15,7,3,30,Y6009162,,,,0,30.0,0,0
74,15,7,4,10,Y6009163,,,,0,30.0,0,0
74,15,7,4,11,Y6009164,,,,0,30.0,0,0
74,15,7,4,12,Y6009165,,,,0,30.0,0,0
74,15,7,4,13,Y6009166,,,,0,30.0,0,0
74,15,7,4,14,Y6009167,,,,0,30.0,0,0
74,15,7,4,15,Y6009168,,,,0,30.0,0,0
74,15,7,4,16,Y6009169,,,,0,30.0,0,0
74,15,7,4,17,Y6009170,,,,0,30.0,0,0
74,15,7,4,18,Y6009171,,,,0,30.0,0,0
74,15,7,4,19,Y6009172,,,,0,30.0,0,0
74,15,7,4,20,Y6009173,,,,0,30.0,0,0
74,15,7,4,21,Y6009174,,,,0,30.0,0,0
74,15,7,4,22,Y6009175,,,,0,30.0,0,0
74,15,7,4,23,Y6009176,,,,0,30.0,0,0
74,15,7,4,24,Y6009177,,,,0,30.0,0,0
74,15,7,4,25,Y6009178,,,,0,30.0,0,0
74,15,7,4,26,Y6009179,,,,0,30.0,0,0
74,15,7,4,27,Y6009180,,,,0,30.0,0,0
74,15,7,4,28,Y6009181,,,,0,30.0,0,0
74,15,7,4,29,Y6009182,,,,0,30.0,0,0
74,15,7,4,30,Y6009183,,,,0,30.0,0,0
74,15,7,5,10,Y6009184,,,,0,30.0,0,0
74,15,7,5,11,Y6009185,,,,0,30.0,0,0
74,15,7,5,12,Y6009186,,,,0,30.0,0,0
74,15,7,5,13,Y6009187,,,,0,30.0,0,0
74,15,7,5,14,Y6009188,,,,0,30.0,0,0
74,15,7,5,15,Y6009189,,,,0,30.0,0,0
74,15,7,5,16,Y6009190,,,,0,30.0,0,0
74,15,7,5,17,Y6009191,,,,0,30.0,0,0
74,15,7,5,18,Y6009192,,,,0,30.0,0,0
74,15,7,5,19,Y6009193,,,,0,30.0,0,0
74,15,7,5,20,Y6009194,,,,0,30.0,0,0
74,15,7,5,21,Y6009195,,,,0,30.0,0,0
74,15,7,5,22,Y6009196,,,,0,30.0,0,0
74,15,7,5,23,Y6009197,,,,0,30.0,0,0
74,15,7,5,24,Y6009198,,,,0,30.0,0,0
74,15,7,5,25,Y6009199,,,,0,30.0,0,0
74,15,7,5,26,Y6009200,,,,0,30.0,0,0
74,15,7,5,27,Y6009201,,,,0,30.0,0,0
74,15,7,5,28,Y6009202,,,,0,30.0,0,0
74,15,7,5,29,Y6009203,,,,0,30.0,0,0
74,15,7,5,30,Y6009204,,,,0,30.0,0,0
74,15,7,6,10,Y6009205,,,,0,30.0,0,0
74,15,7,6,11,Y6009206,,,,0,30.0,0,0
74,15,7,6,12,Y6009207,,,,0,30.0,0,0
74,15,7,6,13,Y6009208,,,,0,30.0,0,0
74,15,7,6,14,Y6009209,,,,0,30.0,0,0
74,15,7,6,15,Y6009210,,,,0,30.0,0,0
74,15,7,6,16,Y6009211,,,,0,30.0,0,0
74,15,7,6,17,Y6009212,,,,0,30.0,0,0
74,15,7,6,18,Y6009213,,,,0,30.0,0,0
74,15,7,6,19,Y6009214,,,,0,30.0,0,0
74,15,7,6,20,Y6009215,,,,0,30.0,0,0
74,15,7,6,21,Y6009216,,,,0,30.0,0,0
74,15,7,6,22,Y6009217,,,,0,30.0,0,0
74,15,7,6,23,Y6009218,,,,0,30.0,0,0
74,15,7,6,24,Y6009219,,,,0,30.0,0,0
74,15,7,6,25,Y6009220,,,,0,30.0,0,0
74,15,7,6,26,Y6009221,,,,0,30.0,0,0
74,15,7,6,27,Y6009222,,,,0,30.0,0,0
74,15,7,6,28,Y6009223,,,,0,30.0,0,0
74,15,7,6,29,Y6009224,,,,0,30.0,0,0
74,15,7,6,30,Y6009225,,,,0,30.0,0,0
74,15,7,7,10,Y6009226,,,,0,30.0,0,0
74,15,7,7,11,Y6009227,,,,0,30.0,0,0
74,15,7,7,12,Y6009228,,,,0,30.0,0,0
74,15,7,7,13,Y6009229,,,,0,30.0,0,0
74,15,7,7,14,Y6009230,,,,0,30.0,0,0
74,15,7,7,15,Y6009231,,,,0,30.0,0,0
74,15,7,7,16,Y6009232,,,,0,30.0,0,0
74,15,7,7,17,Y6009233,,,,0,30.0,0,0
74,15,7,7,18,Y6009234,,,,0,30.0,0,0
74,15,7,7,19,Y6009235,,,,0,30.0,0,0
74,15,7,7,20,Y6009236,,,,0,30.0,0,0
74,15,7,7,21,Y6009237,,,,0,30.0,0,0
74,15,7,7,22,Y6009238,,,,0,30.0,0,0
74,15,7,7,23,Y6009239,,,,0,30.0,0,0
74,15,7,7,24,Y6009240,,,,0,30.0,0,0
74,15,7,7,25,Y6009241,,,,0,30.0,0,0
74,15,7,7,26,Y6009242,,,,0,30.0,0,0
74,15,7,7,27,Y6009243,,,,0,30.0,0,0
74,15,7,7,28,Y6009244,,,,0,30.0,0,0
74,15,7,7,29,Y6009245,,,,0,30.0,0,0
74,15,7,7,30,Y6009246,,,,0,30.0,0,0
74,15,7,8,10,Y6009247,,,,0,30.0,0,0
74,15,7,8,11,Y6009248,,,,0,30.0,0,0
74,15,7,8,12,Y6009249,,,,0,30.0,0,0
74,15,7,8,13,Y6009250,,,,0,30.0,0,0
74,15,7,8,14,Y6009251,,,,0,30.0,0,0
74,15,7,8,15,Y6009252,,,,0,30.0,0,0
74,15,7,8,16,Y6009253,,,,0,30.0,0,0
74,15,7,8,17,Y6009254,,,,0,30.0,0,0
74,15,7,8,18,Y6009255,,,,0,30.0,0,0
74,15,7,8,19,Y6009256,,,,0,30.0,0,0
74,15,7,8,20,Y6009257,,,,0,30.0,0,0
74,15,7,8,21,Y6009258,,,,0,30.0,0,0
74,15,7,8,22,Y6009259,,,,0,30.0,0,0
74,15,7,8,23,Y6009260,,,,0,30.0,0,0
74,15,7,8,24,Y6009261,,,,0,30.0,0,0
74,15,7,8,25,Y6009262,,,,0,30.0,0,0
74,15,7,8,26,Y6009263,,,,0,30.0,0,0
74,15,7,8,27,Y6009264,,,,0,30.0,0,0
74,15,7,8,28,Y6009265,,,,0,30.0,0,0
74,15,7,8,29,Y6009266,,,,0,30.0,0,0
74,15,7,8,30,Y6009267,,,,0,30.0,0,0
74,15,7,9,10,Y6009268,,,,0,30.0,0,0
74,15,7,9,11,Y6009269,,,,0,30.0,0,0
74,15,7,9,12,Y6009270,,,,0,30.0,0,0
74,15,7,9,13,Y6009271,,,,0,30.0,0,0
74,15,7,9,14,Y6009272,,,,0,30.0,0,0
74,15,7,9,15,Y6009273,,,,0,30.0,0,0
74,15,7,9,16,Y6009274,,,,0,30.0,0,0
74,15,7,9,17,Y6009275,,,,0,30.0,0,0
74,15,7,9,18,Y6009276,,,,0,30.0,0,0
74,15,7,9,19,Y6009277,,,,0,30.0,0,0
74,15,7,9,20,Y6009278,,,,0,30.0,0,0
74,15,7,9,21,Y6009279,,,,0,30.0,0,0
74,15,7,9,22,Y6009280,,,,0,30.0,0,0
74,15,7,9,23,Y6009281,,,,0,30.0,0,0
74,15,7,9,24,Y6009282,,,,0,30.0,0,0
74,15,7,9,25,Y6009283,,,,0,30.0,0,0
74,15,7,9,26,Y6009284,,,,0,30.0,0,0
74,15,7,9,27,Y6009285,,,,0,30.0,0,0
74,15,7,9,28,Y6009286,,,,0,30.0,0,0
74,15,7,9,29,Y6009287,,,,0,30.0,0,0
74,15,7,9,30,Y6009288,,,,0,30.0,0,0
74,15,7,10,10,Y6009289,,,,0,30.0,0,0
74,15,7,10,11,Y6009290,,,,0,30.0,0,0
74,15,7,10,12,Y6009291,,,,0,30.0,0,0
74,15,7,10,13,Y6009292,,,,0,30.0,0,0
74,15,7,10,14,Y6009293,,,,0,30.0,0,0
74,15,7,10,15,Y6009294,,,,0,30.0,0,0
74,15,7,10,16,Y6009295,,,,0,30.0,0,0
74,15,7,10,17,Y6009296,,,,0,30.0,0,0
74,15,7,10,18,Y6009297,,,,0,30.0,0,0
74,15,7,10,19,Y6009298,,,,0,30.0,0,0
74,15,7,10,20,Y6009299,,,,0,30.0,0,0
74,15,7,10,21,Y6009300,,,,0,30.0,0,0
74,15,7,10,22,Y6009301,,,,0,30.0,0,0
74,15,7,10,23,Y6009302,,,,0,30.0,0,0
74,15,7,10,24,Y6009303,,,,0,30.0,0,0
74,15,7,10,25,Y6009304,,,,0,30.0,0,0
74,15,7,10,26,Y6009305,,,,0,30.0,0,0
74,15,7,10,27,Y6009306,,,,0,30.0,0,0
74,15,7,10,28,Y6009307,,,,0,30.0,0,0
74,15,7,10,29,Y6009308,,,,0,30.0,0,0
74,15,7,10,30,Y6009309,,,,0,30.0,0,0
74,15,7,11,10,Y6009310,,,,0,30.0,0,0
74,15,7,11,11,Y6009311,,,,0,30.0,0,0
74,15,7,11,12,Y6009312,,,,0,30.0,0,0
74,15,7,11,13,Y6009313,,,,0,30.0,0,0
74,15,7,11,14,Y6009314,,,,0,30.0,0,0
74,15,7,11,15,Y6009315,,,,0,30.0,0,0
74,15,7,11,16,Y6009316,,,,0,30.0,0,0
74,15,7,11,17,Y6009317,,,,0,30.0,0,0
74,15,7,11,18,Y6009318,,,,0,30.0,0,0
74,15,7,11,19,Y6009319,,,,0,30.0,0,0
74,15,7,11,20,Y6009320,,,,0,30.0,0,0
74,15,7,11,21,Y6009321,,,,0,30.0,0,0
74,15,7,11,22,Y6009322,,,,0,30.0,0,0
74,15,7,11,23,Y6009323,,,,0,30.0,0,0
74,15,7,11,24,Y6009324,,,,0,30.0,0,0
74,15,7,11,25,Y6009325,,,,0,30.0,0,0
74,15,7,11,26,Y6009326,,,,0,30.0,0,0
74,15,7,11,27,Y6009327,,,,0,30.0,0,0
74,15,7,11,28,Y6009328,,,,0,30.0,0,0
74,15,7,11,29,Y6009329,,,,0,30.0,0,0
74,15,7,11,30,Y6009330,,,,0,30.0,0,0
74,15,7,12,10,Y6009331,,,,0,30.0,0,0
74,15,7,12,11,Y6009332,,,,0,30.0,0,0
74,15,7,12,12,Y6009333,,,,0,30.0,0,0
74,15,7,12,13,Y6009334,,,,0,30.0,0,0
74,15,7,12,14,Y6009335,,,,0,30.0,0,0
74,15,7,12,15,Y6009336,,,,0,30.0,0,0
74,15,7,12,16,Y6009337,,,,0,30.0,0,0
74,15,7,12,17,Y6009338,,,,0,30.0,0,0
74,15,7,12,18,Y6009339,,,,0,30.0,0,0
74,15,7,12,19,Y6009340,,,,0,30.0,0,0
74,15,7,12,20,Y6009341,,,,0,30.0,0,0
74,15,7,12,21,Y6009342,,,,0,30.0,0,0
74,15,7,12,22,Y6009343,,,,0,30.0,0,0
74,15,7,12,23,Y6009344,,,,0,30.0,0,0
74,15,7,12,24,Y6009345,,,,0,30.0,0,0
74,15,7,12,25,Y6009346,,,,0,30.0,0,0
74,15,7,12,26,Y6009347,,,,0,30.0,0,0
74,15,7,12,27,Y6009348,,,,0,30.0,0,0
74,15,7,12,28,Y6009349,,,,0,30.0,0,0
74,15,7,12,29,Y6009350,,,,0,30.0,0,0
74,15,7,12,30,Y6009351,,,,0,30.0,0,0
74,15,8,1,10,Y6009352,,,,0,30.0,0,0
74,15,8,1,11,Y6009353,,,,0,30.0,0,0
74,15,8,1,12,Y6009354,,,,0,30.0,0,0
74,15,8,1,13,Y6009355,,,,0,30.0,0,0
74,15,8,1,14,Y6009356,,,,0,30.0,0,0
74,15,8,1,15,Y6009357,,,,0,30.0,0,0
74,15,8,1,16,Y6009358,,,,0,30.0,0,0
74,15,8,1,17,Y6009359,,,,0,30.0,0,0
74,15,8,1,18,Y6009360,,,,0,30.0,0,0
74,15,8,1,19,Y6009361,,,,0,30.0,0,0
74,15,8,1,20,Y6009362,,,,0,30.0,0,0
74,15,8,1,21,Y6009363,,,,0,30.0,0,0
74,15,8,1,22,Y6009364,,,,0,30.0,0,0
74,15,8,1,23,Y6009365,,,,0,30.0,0,0
74,15,8,1,24,Y6009366,,,,0,30.0,0,0
74,15,8,1,25,Y6009367,,,,0,30.0,0,0
74,15,8,1,26,Y6009368,,,,0,30.0,0,0
74,15,8,1,27,Y6009369,,,,0,30.0,0,0
74,15,8,1,28,Y6009370,,,,0,30.0,0,0
74,15,8,1,29,Y6009371,,,,0,30.0,0,0
74,15,8,1,30,Y6009372,,,,0,30.0,0,0
74,15,8,2,10,Y6009373,,,,0,30.0,0,0
74,15,8,2,11,Y6009374,,,,0,30.0,0,0
74,15,8,2,12,Y6009375,,,,0,30.0,0,0
74,15,8,2,13,Y6009376,,,,0,30.0,0,0
74,15,8,2,14,Y6009377,,,,0,30.0,0,0
74,15,8,2,15,Y6009378,,,,0,30.0,0,0
74,15,8,2,16,Y6009379,,,,0,30.0,0,0
74,15,8,2,17,Y6009380,,,,0,30.0,0,0
74,15,8,2,18,Y6009381,,,,0,30.0,0,0
74,15,8,2,19,Y6009382,,,,0,30.0,0,0
74,15,8,2,20,Y6009383,,,,0,30.0,0,0
74,15,8,2,21,Y6009384,,,,0,30.0,0,0
74,15,8,2,22,Y6009385,,,,0,30.0,0,0
74,15,8,2,23,Y6009386,,,,0,30.0,0,0
74,15,8,2,24,Y6009387,,,,0,30.0,0,0
74,15,8,2,25,Y6009388,,,,0,30.0,0,0
74,15,8,2,26,Y6009389,,,,0,30.0,0,0
74,15,8,2,27,Y6009390,,,,0,30.0,0,0
74,15,8,2,28,Y6009391,,,,0,30.0,0,0
74,15,8,2,29,Y6009392,,,,0,30.0,0,0
74,15,8,2,30,Y6009393,,,,0,30.0,0,0
74,15,8,3,10,Y6009394,,,,0,30.0,0,0
74,15,8,3,11,Y6009395,,,,0,30.0,0,0
74,15,8,3,12,Y6009396,,,,0,30.0,0,0
74,15,8,3,13,Y6009397,,,,0,30.0,0,0
74,15,8,3,14,Y6009398,,,,0,30.0,0,0
74,15,8,3,15,Y6009399,,,,0,30.0,0,0
74,15,8,3,16,Y6009400,,,,0,30.0,0,0
74,15,8,3,17,Y6009401,,,,0,30.0,0,0
74,15,8,3,18,Y6009402,,,,0,30.0,0,0
74,15,8,3,19,Y6009403,,,,0,30.0,0,0
74,15,8,3,20,Y6009404,,,,0,30.0,0,0
74,15,8,3,21,Y6009405,,,,0,30.0,0,0
74,15,8,3,22,Y6009406,,,,0,30.0,0,0
74,15,8,3,23,Y6009407,,,,0,30.0,0,0
74,15,8,3,24,Y6009408,,,,0,30.0,0,0
74,15,8,3,25,Y6009409,,,,0,30.0,0,0
74,15,8,3,26,Y6009410,,,,0,30.0,0,0
74,15,8,3,27,Y6009411,,,,0,30.0,0,0
74,15,8,3,28,Y6009412,,,,0,30.0,0,0
74,15,8,3,29,Y6009413,,,,0,30.0,0,0
74,15,8,3,30,Y6009414,,,,0,30.0,0,0
74,15,8,4,10,Y6009415,,,,0,30.0,0,0
74,15,8,4,11,Y6009416,,,,0,30.0,0,0
74,15,8,4,12,Y6009417,,,,0,30.0,0,0
74,15,8,4,13,Y6009418,,,,0,30.0,0,0
74,15,8,4,14,Y6009419,,,,0,30.0,0,0
74,15,8,4,15,Y6009420,,,,0,30.0,0,0
74,15,8,4,16,Y6009421,,,,0,30.0,0,0
74,15,8,4,17,Y6009422,,,,0,30.0,0,0
74,15,8,4,18,Y6009423,,,,0,30.0,0,0
74,15,8,4,19,Y6009424,,,,0,30.0,0,0
74,15,8,4,20,Y6009425,,,,0,30.0,0,0
74,15,8,4,21,Y6009426,,,,0,30.0,0,0
74,15,8,4,22,Y6009427,,,,0,30.0,0,0
74,15,8,4,23,Y6009428,,,,0,30.0,0,0
74,15,8,4,24,Y6009429,,,,0,30.0,0,0
74,15,8,4,25,Y6009430,,,,0,30.0,0,0
74,15,8,4,26,Y6009431,,,,0,30.0,0,0
74,15,8,4,27,Y6009432,,,,0,30.0,0,0
74,15,8,4,28,Y6009433,,,,0,30.0,0,0
74,15,8,4,29,Y6009434,,,,0,30.0,0,0
74,15,8,4,30,Y6009435,,,,0,30.0,0,0
74,15,8,5,10,Y6009436,,,,0,30.0,0,0
74,15,8,5,11,Y6009437,,,,0,30.0,0,0
74,15,8,5,12,Y6009438,,,,0,30.0,0,0
74,15,8,5,13,Y6009439,,,,0,30.0,0,0
74,15,8,5,14,Y6009440,,,,0,30.0,0,0
74,15,8,5,15,Y6009441,,,,0,30.0,0,0
74,15,8,5,16,Y6009442,,,,0,30.0,0,0
74,15,8,5,17,Y6009443,,,,0,30.0,0,0
74,15,8,5,18,Y6009444,,,,0,30.0,0,0
74,15,8,5,19,Y6009445,,,,0,30.0,0,0
74,15,8,5,20,Y6009446,,,,0,30.0,0,0
74,15,8,5,21,Y6009447,,,,0,30.0,0,0
74,15,8,5,22,Y6009448,,,,0,30.0,0,0
74,15,8,5,23,Y6009449,,,,0,30.0,0,0
74,15,8,5,24,Y6009450,,,,0,30.0,0,0
74,15,8,5,25,Y6009451,,,,0,30.0,0,0
74,15,8,5,26,Y6009452,,,,0,30.0,0,0
74,15,8,5,27,Y6009453,,,,0,30.0,0,0
74,15,8,5,28,Y6009454,,,,0,30.0,0,0
74,15,8,5,29,Y6009455,,,,0,30.0,0,0
74,15,8,5,30,Y6009456,,,,0,30.0,0,0
74,15,8,6,10,Y6009457,,,,0,30.0,0,0
74,15,8,6,11,Y6009458,,,,0,30.0,0,0
74,15,8,6,12,Y6009459,,,,0,30.0,0,0
74,15,8,6,13,Y6009460,,,,0,30.0,0,0
74,15,8,6,14,Y6009461,,,,0,30.0,0,0
74,15,8,6,15,Y6009462,,,,0,30.0,0,0
74,15,8,6,16,Y6009463,,,,0,30.0,0,0
74,15,8,6,17,Y6009464,,,,0,30.0,0,0
74,15,8,6,18,Y6009465,,,,0,30.0,0,0
74,15,8,6,19,Y6009466,,,,0,30.0,0,0
74,15,8,6,20,Y6009467,,,,0,30.0,0,0
74,15,8,6,21,Y6009468,,,,0,30.0,0,0
74,15,8,6,22,Y6009469,,,,0,30.0,0,0
74,15,8,6,23,Y6009470,,,,0,30.0,0,0
74,15,8,6,24,Y6009471,,,,0,30.0,0,0
74,15,8,6,25,Y6009472,,,,0,30.0,0,0
74,15,8,6,26,Y6009473,,,,0,30.0,0,0
74,15,8,6,27,Y6009474,,,,0,30.0,0,0
74,15,8,6,28,Y6009475,,,,0,30.0,0,0
74,15,8,6,29,Y6009476,,,,0,30.0,0,0
74,15,8,6,30,Y6009477,,,,0,30.0,0,0
74,15,8,7,10,Y6009478,,,,0,30.0,0,0
74,15,8,7,11,Y6009479,,,,0,30.0,0,0
74,15,8,7,12,Y6009480,,,,0,30.0,0,0
74,15,8,7,13,Y6009481,,,,0,30.0,0,0
74,15,8,7,14,Y6009482,,,,0,30.0,0,0
74,15,8,7,15,Y6009483,,,,0,30.0,0,0
74,15,8,7,16,Y6009484,,,,0,30.0,0,0
74,15,8,7,17,Y6009485,,,,0,30.0,0,0
74,15,8,7,18,Y6009486,,,,0,30.0,0,0
74,15,8,7,19,Y6009487,,,,0,30.0,0,0
74,15,8,7,20,Y6009488,,,,0,30.0,0,0
74,15,8,7,21,Y6009489,,,,0,30.0,0,0
74,15,8,7,22,Y6009490,,,,0,30.0,0,0
74,15,8,7,23,Y6009491,,,,0,30.0,0,0
74,15,8,7,24,Y6009492,,,,0,30.0,0,0
74,15,8,7,25,Y6009493,,,,0,30.0,0,0
74,15,8,7,26,Y6009494,,,,0,30.0,0,0
74,15,8,7,27,Y6009495,,,,0,30.0,0,0
74,15,8,7,28,Y6009496,,,,0,30.0,0,0
74,15,8,7,29,Y6009497,,,,0,30.0,0,0
74,15,8,7,30,Y6009498,,,,0,30.0,0,0
74,15,8,8,10,Y6009499,,,,0,30.0,0,0
74,15,8,8,11,Y6009500,,,,0,30.0,0,0
74,15,8,8,12,Y6009501,,,,0,30.0,0,0
74,15,8,8,13,Y6009502,,,,0,30.0,0,0
74,15,8,8,14,Y6009503,,,,0,30.0,0,0
74,15,8,8,15,Y6009504,,,,0,30.0,0,0
74,15,8,8,16,Y6009505,,,,0,30.0,0,0
74,15,8,8,17,Y6009506,,,,0,30.0,0,0
74,15,8,8,18,Y6009507,,,,0,30.0,0,0
74,15,8,8,19,Y6009508,,,,0,30.0,0,0
74,15,8,8,20,Y6009509,,,,0,30.0,0,0
74,15,8,8,21,Y6009510,,,,0,30.0,0,0
74,15,8,8,22,Y6009511,,,,0,30.0,0,0
74,15,8,8,23,Y6009512,,,,0,30.0,0,0
74,15,8,8,24,Y6009513,,,,0,30.0,0,0
74,15,8,8,25,Y6009514,,,,0,30.0,0,0
74,15,8,8,26,Y6009515,,,,0,30.0,0,0
74,15,8,8,27,Y6009516,,,,0,30.0,0,0
74,15,8,8,28,Y6009517,,,,0,30.0,0,0
74,15,8,8,29,Y6009518,,,,0,30.0,0,0
74,15,8,8,30,Y6009519,,,,0,30.0,0,0
74,15,8,9,10,Y6009520,,,,0,30.0,0,0
74,15,8,9,11,Y6009521,,,,0,30.0,0,0
74,15,8,9,12,Y6009522,,,,0,30.0,0,0
74,15,8,9,13,Y6009523,,,,0,30.0,0,0
74,15,8,9,14,Y6009524,,,,0,30.0,0,0
74,15,8,9,15,Y6009525,,,,0,30.0,0,0
74,15,8,9,16,Y6009526,,,,0,30.0,0,0
74,15,8,9,17,Y6009527,,,,0,30.0,0,0
74,15,8,9,18,Y6009528,,,,0,30.0,0,0
74,15,8,9,19,Y6009529,,,,0,30.0,0,0
74,15,8,9,20,Y6009530,,,,0,30.0,0,0
74,15,8,9,21,Y6009531,,,,0,30.0,0,0
74,15,8,9,22,Y6009532,,,,0,30.0,0,0
74,15,8,9,23,Y6009533,,,,0,30.0,0,0
74,15,8,9,24,Y6009534,,,,0,30.0,0,0
74,15,8,9,25,Y6009535,,,,0,30.0,0,0
74,15,8,9,26,Y6009536,,,,0,30.0,0,0
74,15,8,9,27,Y6009537,,,,0,30.0,0,0
74,15,8,9,28,Y6009538,,,,0,30.0,0,0
74,15,8,9,29,Y6009539,,,,0,30.0,0,0
74,15,8,9,30,Y6009540,,,,0,30.0,0,0
74,15,8,10,10,Y6009541,,,,0,30.0,0,0
74,15,8,10,11,Y6009542,,,,0,30.0,0,0
74,15,8,10,12,Y6009543,,,,0,30.0,0,0
74,15,8,10,13,Y6009544,,,,0,30.0,0,0
74,15,8,10,14,Y6009545,,,,0,30.0,0,0
74,15,8,10,15,Y6009546,,,,0,30.0,0,0
74,15,8,10,16,Y6009547,,,,0,30.0,0,0
74,15,8,10,17,Y6009548,,,,0,30.0,0,0
74,15,8,10,18,Y6009549,,,,0,30.0,0,0
74,15,8,10,19,Y6009550,,,,0,30.0,0,0
74,15,8,10,20,Y6009551,,,,0,30.0,0,0
74,15,8,10,21,Y6009552,,,,0,30.0,0,0
74,15,8,10,22,Y6009553,,,,0,30.0,0,0
74,15,8,10,23,Y6009554,,,,0,30.0,0,0
74,15,8,10,24,Y6009555,,,,0,30.0,0,0
74,15,8,10,25,Y6009556,,,,0,30.0,0,0
74,15,8,10,26,Y6009557,,,,0,30.0,0,0
74,15,8,10,27,Y6009558,,,,0,30.0,0,0
74,15,8,10,28,Y6009559,,,,0,30.0,0,0
74,15,8,10,29,Y6009560,,,,0,30.0,0,0
74,15,8,10,30,Y6009561,,,,0,30.0,0,0
74,15,8,11,10,Y6009562,,,,0,30.0,0,0
74,15,8,11,11,Y6009563,,,,0,30.0,0,0
74,15,8,11,12,Y6009564,,,,0,30.0,0,0
74,15,8,11,13,Y6009565,,,,0,30.0,0,0
74,15,8,11,14,Y6009566,,,,0,30.0,0,0
74,15,8,11,15,Y6009567,,,,0,30.0,0,0
74,15,8,11,16,Y6009568,,,,0,30.0,0,0
74,15,8,11,17,Y6009569,,,,0,30.0,0,0
74,15,8,11,18,Y6009570,,,,0,30.0,0,0
74,15,8,11,19,Y6009571,,,,0,30.0,0,0
74,15,8,11,20,Y6009572,,,,0,30.0,0,0
74,15,8,11,21,Y6009573,,,,0,30.0,0,0
74,15,8,11,22,Y6009574,,,,0,30.0,0,0
74,15,8,11,23,Y6009575,,,,0,30.0,0,0
74,15,8,11,24,Y6009576,,,,0,30.0,0,0
74,15,8,11,25,Y6009577,,,,0,30.0,0,0
74,15,8,11,26,Y6009578,,,,0,30.0,0,0
74,15,8,11,27,Y6009579,,,,0,30.0,0,0
74,15,8,11,28,Y6009580,,,,0,30.0,0,0
74,15,8,11,29,Y6009581,,,,0,30.0,0,0
74,15,8,11,30,Y6009582,,,,0,30.0,0,0
74,15,8,12,10,Y6009583,,,,0,30.0,0,0
74,15,8,12,11,Y6009584,,,,0,30.0,0,0
74,15,8,12,12,Y6009585,,,,0,30.0,0,0
74,15,8,12,13,Y6009586,,,,0,30.0,0,0
74,15,8,12,14,Y6009587,,,,0,30.0,0,0
74,15,8,12,15,Y6009588,,,,0,30.0,0,0
74,15,8,12,16,Y6009589,,,,0,30.0,0,0
74,15,8,12,17,Y6009590,,,,0,30.0,0,0
74,15,8,12,18,Y6009591,,,,0,30.0,0,0
74,15,8,12,19,Y6009592,,,,0,30.0,0,0
74,15,8,12,20,Y6009593,,,,0,30.0,0,0
74,15,8,12,21,Y6009594,,,,0,30.0,0,0
74,15,8,12,22,Y6009595,,,,0,30.0,0,0
74,15,8,12,23,Y6009596,,,,0,30.0,0,0
74,15,8,12,24,Y6009597,,,,0,30.0,0,0
74,15,8,12,25,Y6009598,,,,0,30.0,0,0
74,15,8,12,26,Y6009599,,,,0,30.0,0,0
74,15,8,12,27,Y6009600,,,,0,30.0,0,0
74,15,8,12,28,Y6009601,,,,0,30.0,0,0
74,15,8,12,29,Y6009602,,,,0,30.0,0,0
74,15,8,12,30,Y6009603,,,,0,30.0,0,0
74,15,9,1,10,Y6009604,,,,0,30.0,0,0
74,15,9,1,11,Y6009605,,,,0,30.0,0,0
74,15,9,1,12,Y6009606,,,,0,30.0,0,0
74,15,9,1,13,Y6009607,,,,0,30.0,0,0
74,15,9,1,14,Y6009608,,,,0,30.0,0,0
74,15,9,1,15,Y6009609,,,,0,30.0,0,0
74,15,9,1,16,Y6009610,,,,0,30.0,0,0
74,15,9,1,17,Y6009611,,,,0,30.0,0,0
74,15,9,1,18,Y6009612,,,,0,30.0,0,0
74,15,9,1,19,Y6009613,,,,0,30.0,0,0
74,15,9,1,20,Y6009614,,,,0,30.0,0,0
74,15,9,1,21,Y6009615,,,,0,30.0,0,0
74,15,9,1,22,Y6009616,,,,0,30.0,0,0
74,15,9,1,23,Y6009617,,,,0,30.0,0,0
74,15,9,1,24,Y6009618,,,,0,30.0,0,0
74,15,9,1,25,Y6009619,,,,0,30.0,0,0
74,15,9,1,26,Y6009620,,,,0,30.0,0,0
74,15,9,1,27,Y6009621,,,,0,30.0,0,0
74,15,9,1,28,Y6009622,,,,0,30.0,0,0
74,15,9,1,29,Y6009623,,,,0,30.0,0,0
74,15,9,1,30,Y6009624,,,,0,30.0,0,0
74,15,9,2,10,Y6009625,,,,0,30.0,0,0
74,15,9,2,11,Y6009626,,,,0,30.0,0,0
74,15,9,2,12,Y6009627,,,,0,30.0,0,0
74,15,9,2,13,Y6009628,,,,0,30.0,0,0
74,15,9,2,14,Y6009629,,,,0,30.0,0,0
74,15,9,2,15,Y6009630,,,,0,30.0,0,0
74,15,9,2,16,Y6009631,,,,0,30.0,0,0
74,15,9,2,17,Y6009632,,,,0,30.0,0,0
74,15,9,2,18,Y6009633,,,,0,30.0,0,0
74,15,9,2,19,Y6009634,,,,0,30.0,0,0
74,15,9,2,20,Y6009635,,,,0,30.0,0,0
74,15,9,2,21,Y6009636,,,,0,30.0,0,0
74,15,9,2,22,Y6009637,,,,0,30.0,0,0
74,15,9,2,23,Y6009638,,,,0,30.0,0,0
74,15,9,2,24,Y6009639,,,,0,30.0,0,0
74,15,9,2,25,Y6009640,,,,0,30.0,0,0
74,15,9,2,26,Y6009641,,,,0,30.0,0,0
74,15,9,2,27,Y6009642,,,,0,30.0,0,0
74,15,9,2,28,Y6009643,,,,0,30.0,0,0
74,15,9,2,29,Y6009644,,,,0,30.0,0,0
74,15,9,2,30,Y6009645,,,,0,30.0,0,0
74,15,9,3,10,Y6009646,,,,0,30.0,0,0
74,15,9,3,11,Y6009647,,,,0,30.0,0,0
74,15,9,3,12,Y6009648,,,,0,30.0,0,0
74,15,9,3,13,Y6009649,,,,0,30.0,0,0
74,15,9,3,14,Y6009650,,,,0,30.0,0,0
74,15,9,3,15,Y6009651,,,,0,30.0,0,0
74,15,9,3,16,Y6009652,,,,0,30.0,0,0
74,15,9,3,17,Y6009653,,,,0,30.0,0,0
74,15,9,3,18,Y6009654,,,,0,30.0,0,0
74,15,9,3,19,Y6009655,,,,0,30.0,0,0
74,15,9,3,20,Y6009656,,,,0,30.0,0,0
74,15,9,3,21,Y6009657,,,,0,30.0,0,0
74,15,9,3,22,Y6009658,,,,0,30.0,0,0
74,15,9,3,23,Y6009659,,,,0,30.0,0,0
74,15,9,3,24,Y6009660,,,,0,30.0,0,0
74,15,9,3,25,Y6009661,,,,0,30.0,0,0
74,15,9,3,26,Y6009662,,,,0,30.0,0,0
74,15,9,3,27,Y6009663,,,,0,30.0,0,0
74,15,9,3,28,Y6009664,,,,0,30.0,0,0
74,15,9,3,29,Y6009665,,,,0,30.0,0,0
74,15,9,3,30,Y6009666,,,,0,30.0,0,0
74,15,9,4,10,Y6009667,,,,0,30.0,0,0
74,15,9,4,11,Y6009668,,,,0,30.0,0,0
74,15,9,4,12,Y6009669,,,,0,30.0,0,0
74,15,9,4,13,Y6009670,,,,0,30.0,0,0
74,15,9,4,14,Y6009671,,,,0,30.0,0,0
74,15,9,4,15,Y6009672,,,,0,30.0,0,0
74,15,9,4,16,Y6009673,,,,0,30.0,0,0
74,15,9,4,17,Y6009674,,,,0,30.0,0,0
74,15,9,4,18,Y6009675,,,,0,30.0,0,0
74,15,9,4,19,Y6009676,,,,0,30.0,0,0
74,15,9,4,20,Y6009677,,,,0,30.0,0,0
74,15,9,4,21,Y6009678,,,,0,30.0,0,0
74,15,9,4,22,Y6009679,,,,0,30.0,0,0
74,15,9,4,23,Y6009680,,,,0,30.0,0,0
74,15,9,4,24,Y6009681,,,,0,30.0,0,0
74,15,9,4,25,Y6009682,,,,0,30.0,0,0
74,15,9,4,26,Y6009683,,,,0,30.0,0,0
74,15,9,4,27,Y6009684,,,,0,30.0,0,0
74,15,9,4,28,Y6009685,,,,0,30.0,0,0
74,15,9,4,29,Y6009686,,,,0,30.0,0,0
74,15,9,4,30,Y6009687,,,,0,30.0,0,0
74,15,9,5,10,Y6009688,,,,0,30.0,0,0
74,15,9,5,11,Y6009689,,,,0,30.0,0,0
74,15,9,5,12,Y6009690,,,,0,30.0,0,0
74,15,9,5,13,Y6009691,,,,0,30.0,0,0
74,15,9,5,14,Y6009692,,,,0,30.0,0,0
74,15,9,5,15,Y6009693,,,,0,30.0,0,0
74,15,9,5,16,Y6009694,,,,0,30.0,0,0
74,15,9,5,17,Y6009695,,,,0,30.0,0,0
74,15,9,5,18,Y6009696,,,,0,30.0,0,0
74,15,9,5,19,Y6009697,,,,0,30.0,0,0
74,15,9,5,20,Y6009698,,,,0,30.0,0,0
74,15,9,5,21,Y6009699,,,,0,30.0,0,0
74,15,9,5,22,Y6009700,,,,0,30.0,0,0
74,15,9,5,23,Y6009701,,,,0,30.0,0,0
74,15,9,5,24,Y6009702,,,,0,30.0,0,0
74,15,9,5,25,Y6009703,,,,0,30.0,0,0
74,15,9,5,26,Y6009704,,,,0,30.0,0,0
74,15,9,5,27,Y6009705,,,,0,30.0,0,0
74,15,9,5,28,Y6009706,,,,0,30.0,0,0
74,15,9,5,29,Y6009707,,,,0,30.0,0,0
74,15,9,5,30,Y6009708,,,,0,30.0,0,0
74,15,9,6,10,Y6009709,,,,0,30.0,0,0
74,15,9,6,11,Y6009710,,,,0,30.0,0,0
74,15,9,6,12,Y6009711,,,,0,30.0,0,0
74,15,9,6,13,Y6009712,,,,0,30.0,0,0
74,15,9,6,14,Y6009713,,,,0,30.0,0,0
74,15,9,6,15,Y6009714,,,,0,30.0,0,0
74,15,9,6,16,Y6009715,,,,0,30.0,0,0
74,15,9,6,17,Y6009716,,,,0,30.0,0,0
74,15,9,6,18,Y6009717,,,,0,30.0,0,0
74,15,9,6,19,Y6009718,,,,0,30.0,0,0
74,15,9,6,20,Y6009719,,,,0,30.0,0,0
74,15,9,6,21,Y6009720,,,,0,30.0,0,0
74,15,9,6,22,Y6009721,,,,0,30.0,0,0
74,15,9,6,23,Y6009722,,,,0,30.0,0,0
74,15,9,6,24,Y6009723,,,,0,30.0,0,0
74,15,9,6,25,Y6009724,,,,0,30.0,0,0
74,15,9,6,26,Y6009725,,,,0,30.0,0,0
74,15,9,6,27,Y6009726,,,,0,30.0,0,0
74,15,9,6,28,Y6009727,,,,0,30.0,0,0
74,15,9,6,29,Y6009728,,,,0,30.0,0,0
74,15,9,6,30,Y6009729,,,,0,30.0,0,0
74,15,9,7,10,Y6009730,,,,0,30.0,0,0
74,15,9,7,11,Y6009731,,,,0,30.0,0,0
74,15,9,7,12,Y6009732,,,,0,30.0,0,0
74,15,9,7,13,Y6009733,,,,0,30.0,0,0
74,15,9,7,14,Y6009734,,,,0,30.0,0,0
74,15,9,7,15,Y6009735,,,,0,30.0,0,0
74,15,9,7,16,Y6009736,,,,0,30.0,0,0
74,15,9,7,17,Y6009737,,,,0,30.0,0,0
74,15,9,7,18,Y6009738,,,,0,30.0,0,0
74,15,9,7,19,Y6009739,,,,0,30.0,0,0
74,15,9,7,20,Y6009740,,,,0,30.0,0,0
74,15,9,7,21,Y6009741,,,,0,30.0,0,0
74,15,9,7,22,Y6009742,,,,0,30.0,0,0
74,15,9,7,23,Y6009743,,,,0,30.0,0,0
74,15,9,7,24,Y6009744,,,,0,30.0,0,0
74,15,9,7,25,Y6009745,,,,0,30.0,0,0
74,15,9,7,26,Y6009746,,,,0,30.0,0,0
74,15,9,7,27,Y6009747,,,,0,30.0,0,0
74,15,9,7,28,Y6009748,,,,0,30.0,0,0
74,15,9,7,29,Y6009749,,,,0,30.0,0,0
74,15,9,7,30,Y6009750,,,,0,30.0,0,0
74,15,9,8,10,Y6009751,,,,0,30.0,0,0
74,15,9,8,11,Y6009752,,,,0,30.0,0,0
74,15,9,8,12,Y6009753,,,,0,30.0,0,0
74,15,9,8,13,Y6009754,,,,0,30.0,0,0
74,15,9,8,14,Y6009755,,,,0,30.0,0,0
74,15,9,8,15,Y6009756,,,,0,30.0,0,0
74,15,9,8,16,Y6009757,,,,0,30.0,0,0
74,15,9,8,17,Y6009758,,,,0,30.0,0,0
74,15,9,8,18,Y6009759,,,,0,30.0,0,0
74,15,9,8,19,Y6009760,,,,0,30.0,0,0
74,15,9,8,20,Y6009761,,,,0,30.0,0,0
74,15,9,8,21,Y6009762,,,,0,30.0,0,0
74,15,9,8,22,Y6009763,,,,0,30.0,0,0
74,15,9,8,23,Y6009764,,,,0,30.0,0,0
74,15,9,8,24,Y6009765,,,,0,30.0,0,0
74,15,9,8,25,Y6009766,,,,0,30.0,0,0
74,15,9,8,26,Y6009767,,,,0,30.0,0,0
74,15,9,8,27,Y6009768,,,,0,30.0,0,0
74,15,9,8,28,Y6009769,,,,0,30.0,0,0
74,15,9,8,29,Y6009770,,,,0,30.0,0,0
74,15,9,8,30,Y6009771,,,,0,30.0,0,0
74,15,9,9,10,Y6009772,,,,0,30.0,0,0
74,15,9,9,11,Y6009773,,,,0,30.0,0,0
74,15,9,9,12,Y6009774,,,,0,30.0,0,0
74,15,9,9,13,Y6009775,,,,0,30.0,0,0
74,15,9,9,14,Y6009776,,,,0,30.0,0,0
74,15,9,9,15,Y6009777,,,,0,30.0,0,0
74,15,9,9,16,Y6009778,,,,0,30.0,0,0
74,15,9,9,17,Y6009779,,,,0,30.0,0,0
74,15,9,9,18,Y6009780,,,,0,30.0,0,0
74,15,9,9,19,Y6009781,,,,0,30.0,0,0
74,15,9,9,20,Y6009782,,,,0,30.0,0,0
74,15,9,9,21,Y6009783,,,,0,30.0,0,0
74,15,9,9,22,Y6009784,,,,0,30.0,0,0
74,15,9,9,23,Y6009785,,,,0,30.0,0,0
74,15,9,9,24,Y6009786,,,,0,30.0,0,0
74,15,9,9,25,Y6009787,,,,0,30.0,0,0
74,15,9,9,26,Y6009788,,,,0,30.0,0,0
74,15,9,9,27,Y6009789,,,,0,30.0,0,0
74,15,9,9,28,Y6009790,,,,0,30.0,0,0
74,15,9,9,29,Y6009791,,,,0,30.0,0,0
74,15,9,9,30,Y6009792,,,,0,30.0,0,0
74,15,9,10,10,Y6009793,,,,0,30.0,0,0
74,15,9,10,11,Y6009794,,,,0,30.0,0,0
74,15,9,10,12,Y6009795,,,,0,30.0,0,0
74,15,9,10,13,Y6009796,,,,0,30.0,0,0
74,15,9,10,14,Y6009797,,,,0,30.0,0,0
74,15,9,10,15,Y6009798,,,,0,30.0,0,0
74,15,9,10,16,Y6009799,,,,0,30.0,0,0
74,15,9,10,17,Y6009800,,,,0,30.0,0,0
74,15,9,10,18,Y6009801,,,,0,30.0,0,0
74,15,9,10,19,Y6009802,,,,0,30.0,0,0
74,15,9,10,20,Y6009803,,,,0,30.0,0,0
74,15,9,10,21,Y6009804,,,,0,30.0,0,0
74,15,9,10,22,Y6009805,,,,0,30.0,0,0
74,15,9,10,23,Y6009806,,,,0,30.0,0,0
74,15,9,10,24,Y6009807,,,,0,30.0,0,0
74,15,9,10,25,Y6009808,,,,0,30.0,0,0
74,15,9,10,26,Y6009809,,,,0,30.0,0,0
74,15,9,10,27,Y6009810,,,,0,30.0,0,0
74,15,9,10,28,Y6009811,,,,0,30.0,0,0
74,15,9,10,29,Y6009812,,,,0,30.0,0,0
74,15,9,10,30,Y6009813,,,,0,30.0,0,0
74,15,9,11,10,Y6009814,,,,0,30.0,0,0
74,15,9,11,11,Y6009815,,,,0,30.0,0,0
74,15,9,11,12,Y6009816,,,,0,30.0,0,0
74,15,9,11,13,Y6009817,,,,0,30.0,0,0
74,15,9,11,14,Y6009818,,,,0,30.0,0,0
74,15,9,11,15,Y6009819,,,,0,30.0,0,0
74,15,9,11,16,Y6009820,,,,0,30.0,0,0
74,15,9,11,17,Y6009821,,,,0,30.0,0,0
74,15,9,11,18,Y6009822,,,,0,30.0,0,0
74,15,9,11,19,Y6009823,,,,0,30.0,0,0
74,15,9,11,20,Y6009824,,,,0,30.0,0,0
74,15,9,11,21,Y6009825,,,,0,30.0,0,0
74,15,9,11,22,Y6009826,,,,0,30.0,0,0
74,15,9,11,23,Y6009827,,,,0,30.0,0,0
74,15,9,11,24,Y6009828,,,,0,30.0,0,0
74,15,9,11,25,Y6009829,,,,0,30.0,0,0
74,15,9,11,26,Y6009830,,,,0,30.0,0,0
74,15,9,11,27,Y6009831,,,,0,30.0,0,0
74,15,9,11,28,Y6009832,,,,0,30.0,0,0
74,15,9,11,29,Y6009833,,,,0,30.0,0,0
74,15,9,11,30,Y6009834,,,,0,30.0,0,0
74,15,9,12,10,Y6009835,,,,0,30.0,0,0
74,15,9,12,11,Y6009836,,,,0,30.0,0,0
74,15,9,12,12,Y6009837,,,,0,30.0,0,0
74,15,9,12,13,Y6009838,,,,0,30.0,0,0
74,15,9,12,14,Y6009839,,,,0,30.0,0,0
74,15,9,12,15,Y6009840,,,,0,30.0,0,0
74,15,9,12,16,Y6009841,,,,0,30.0,0,0
74,15,9,12,17,Y6009842,,,,0,30.0,0,0
74,15,9,12,18,Y6009843,,,,0,30.0,0,0
74,15,9,12,19,Y6009844,,,,0,30.0,0,0
74,15,9,12,20,Y6009845,,,,0,30.0,0,0
74,15,9,12,21,Y6009846,,,,0,30.0,0,0
74,15,9,12,22,Y6009847,,,,0,30.0,0,0
74,15,9,12,23,Y6009848,,,,0,30.0,0,0
74,15,9,12,24,Y6009849,,,,0,30.0,0,0
74,15,9,12,25,Y6009850,,,,0,30.0,0,0
74,15,9,12,26,Y6009851,,,,0,30.0,0,0
74,15,9,12,27,Y6009852,,,,0,30.0,0,0
74,15,9,12,28,Y6009853,,,,0,30.0,0,0
74,15,9,12,29,Y6009854,,,,0,30.0,0,0
74,15,9,12,30,Y6009855,,,,0,30.0,0,0
74,15,10,1,10,Y6009856,,,,0,30.0,0,0
74,15,10,1,11,Y6009857,,,,0,30.0,0,0
74,15,10,1,12,Y6009858,,,,0,30.0,0,0
74,15,10,1,13,Y6009859,,,,0,30.0,0,0
74,15,10,1,14,Y6009860,,,,0,30.0,0,0
74,15,10,1,15,Y6009861,,,,0,30.0,0,0
74,15,10,1,16,Y6009862,,,,0,30.0,0,0
74,15,10,1,17,Y6009863,,,,0,30.0,0,0
74,15,10,1,18,Y6009864,,,,0,30.0,0,0
74,15,10,1,19,Y6009865,,,,0,30.0,0,0
74,15,10,1,20,Y6009866,,,,0,30.0,0,0
74,15,10,1,21,Y6009867,,,,0,30.0,0,0
74,15,10,1,22,Y6009868,,,,0,30.0,0,0
74,15,10,1,23,Y6009869,,,,0,30.0,0,0
74,15,10,1,24,Y6009870,,,,0,30.0,0,0
74,15,10,1,25,Y6009871,,,,0,30.0,0,0
74,15,10,1,26,Y6009872,,,,0,30.0,0,0
74,15,10,1,27,Y6009873,,,,0,30.0,0,0
74,15,10,1,28,Y6009874,,,,0,30.0,0,0
74,15,10,1,29,Y6009875,,,,0,30.0,0,0
74,15,10,1,30,Y6009876,,,,0,30.0,0,0
74,15,10,2,10,Y6009877,,,,0,30.0,0,0
74,15,10,2,11,Y6009878,,,,0,30.0,0,0
74,15,10,2,12,Y6009879,,,,0,30.0,0,0
74,15,10,2,13,Y6009880,,,,0,30.0,0,0
74,15,10,2,14,Y6009881,,,,0,30.0,0,0
74,15,10,2,15,Y6009882,,,,0,30.0,0,0
74,15,10,2,16,Y6009883,,,,0,30.0,0,0
74,15,10,2,17,Y6009884,,,,0,30.0,0,0
74,15,10,2,18,Y6009885,,,,0,30.0,0,0
74,15,10,2,19,Y6009886,,,,0,30.0,0,0
74,15,10,2,20,Y6009887,,,,0,30.0,0,0
74,15,10,2,21,Y6009888,,,,0,30.0,0,0
74,15,10,2,22,Y6009889,,,,0,30.0,0,0
74,15,10,2,23,Y6009890,,,,0,30.0,0,0
74,15,10,2,24,Y6009891,,,,0,30.0,0,0
74,15,10,2,25,Y6009892,,,,0,30.0,0,0
74,15,10,2,26,Y6009893,,,,0,30.0,0,0
74,15,10,2,27,Y6009894,,,,0,30.0,0,0
74,15,10,2,28,Y6009895,,,,0,30.0,0,0
74,15,10,2,29,Y6009896,,,,0,30.0,0,0
74,15,10,2,30,Y6009897,,,,0,30.0,0,0
74,15,10,3,10,Y6009898,,,,0,30.0,0,0
74,15,10,3,11,Y6009899,,,,0,30.0,0,0
74,15,10,3,12,Y6009900,,,,0,30.0,0,0
74,15,10,3,13,Y6009901,,,,0,30.0,0,0
74,15,10,3,14,Y6009902,,,,0,30.0,0,0
74,15,10,3,15,Y6009903,,,,0,30.0,0,0
74,15,10,3,16,Y6009904,,,,0,30.0,0,0
74,15,10,3,17,Y6009905,,,,0,30.0,0,0
74,15,10,3,18,Y6009906,,,,0,30.0,0,0
74,15,10,3,19,Y6009907,,,,0,30.0,0,0
74,15,10,3,20,Y6009908,,,,0,30.0,0,0
74,15,10,3,21,Y6009909,,,,0,30.0,0,0
74,15,10,3,22,Y6009910,,,,0,30.0,0,0
74,15,10,3,23,Y6009911,,,,0,30.0,0,0
74,15,10,3,24,Y6009912,,,,0,30.0,0,0
74,15,10,3,25,Y6009913,,,,0,30.0,0,0
74,15,10,3,26,Y6009914,,,,0,30.0,0,0
74,15,10,3,27,Y6009915,,,,0,30.0,0,0
74,15,10,3,28,Y6009916,,,,0,30.0,0,0
74,15,10,3,29,Y6009917,,,,0,30.0,0,0
74,15,10,3,30,Y6009918,,,,0,30.0,0,0
74,15,10,4,10,Y6009919,,,,0,30.0,0,0
74,15,10,4,11,Y6009920,,,,0,30.0,0,0
74,15,10,4,12,Y6009921,,,,0,30.0,0,0
74,15,10,4,13,Y6009922,,,,0,30.0,0,0
74,15,10,4,14,Y6009923,,,,0,30.0,0,0
74,15,10,4,15,Y6009924,,,,0,30.0,0,0
74,15,10,4,16,Y6009925,,,,0,30.0,0,0
74,15,10,4,17,Y6009926,,,,0,30.0,0,0
74,15,10,4,18,Y6009927,,,,0,30.0,0,0
74,15,10,4,19,Y6009928,,,,0,30.0,0,0
74,15,10,4,20,Y6009929,,,,0,30.0,0,0
74,15,10,4,21,Y6009930,,,,0,30.0,0,0
74,15,10,4,22,Y6009931,,,,0,30.0,0,0
74,15,10,4,23,Y6009932,,,,0,30.0,0,0
74,15,10,4,24,Y6009933,,,,0,30.0,0,0
74,15,10,4,25,Y6009934,,,,0,30.0,0,0
74,15,10,4,26,Y6009935,,,,0,30.0,0,0
74,15,10,4,27,Y6009936,,,,0,30.0,0,0
74,15,10,4,28,Y6009937,,,,0,30.0,0,0
74,15,10,4,29,Y6009938,,,,0,30.0,0,0
74,15,10,4,30,Y6009939,,,,0,30.0,0,0
74,15,10,5,10,Y6009940,,,,0,30.0,0,0
74,15,10,5,11,Y6009941,,,,0,30.0,0,0
74,15,10,5,12,Y6009942,,,,0,30.0,0,0
74,15,10,5,13,Y6009943,,,,0,30.0,0,0
74,15,10,5,14,Y6009944,,,,0,30.0,0,0
74,15,10,5,15,Y6009945,,,,0,30.0,0,0
74,15,10,5,16,Y6009946,,,,0,30.0,0,0
74,15,10,5,17,Y6009947,,,,0,30.0,0,0
74,15,10,5,18,Y6009948,,,,0,30.0,0,0
74,15,10,5,19,Y6009949,,,,0,30.0,0,0
74,15,10,5,20,Y6009950,,,,0,30.0,0,0
74,15,10,5,21,Y6009951,,,,0,30.0,0,0
74,15,10,5,22,Y6009952,,,,0,30.0,0,0
74,15,10,5,23,Y6009953,,,,0,30.0,0,0
74,15,10,5,24,Y6009954,,,,0,30.0,0,0
74,15,10,5,25,Y6009955,,,,0,30.0,0,0
74,15,10,5,26,Y6009956,,,,0,30.0,0,0
74,15,10,5,27,Y6009957,,,,0,30.0,0,0
74,15,10,5,28,Y6009958,,,,0,30.0,0,0
74,15,10,5,29,Y6009959,,,,0,30.0,0,0
74,15,10,5,30,Y6009960,,,,0,30.0,0,0
74,15,10,6,10,Y6009961,,,,0,30.0,0,0
74,15,10,6,11,Y6009962,,,,0,30.0,0,0
74,15,10,6,12,Y6009963,,,,0,30.0,0,0
74,15,10,6,13,Y6009964,,,,0,30.0,0,0
74,15,10,6,14,Y6009965,,,,0,30.0,0,0
74,15,10,6,15,Y6009966,,,,0,30.0,0,0
74,15,10,6,16,Y6009967,,,,0,30.0,0,0
74,15,10,6,17,Y6009968,,,,0,30.0,0,0
74,15,10,6,18,Y6009969,,,,0,30.0,0,0
74,15,10,6,19,Y6009970,,,,0,30.0,0,0
74,15,10,6,20,Y6009971,,,,0,30.0,0,0
74,15,10,6,21,Y6009972,,,,0,30.0,0,0
74,15,10,6,22,Y6009973,,,,0,30.0,0,0
74,15,10,6,23,Y6009974,,,,0,30.0,0,0
74,15,10,6,24,Y6009975,,,,0,30.0,0,0
74,15,10,6,25,Y6009976,,,,0,30.0,0,0
74,15,10,6,26,Y6009977,,,,0,30.0,0,0
74,15,10,6,27,Y6009978,,,,0,30.0,0,0
74,15,10,6,28,Y6009979,,,,0,30.0,0,0
74,15,10,6,29,Y6009980,,,,0,30.0,0,0
74,15,10,6,30,Y6009981,,,,0,30.0,0,0
74,15,10,7,10,Y6009982,,,,0,30.0,0,0
74,15,10,7,11,Y6009983,,,,0,30.0,0,0
74,15,10,7,12,Y6009984,,,,0,30.0,0,0
74,15,10,7,13,Y6009985,,,,0,30.0,0,0
74,15,10,7,14,Y6009986,,,,0,30.0,0,0
74,15,10,7,15,Y6009987,,,,0,30.0,0,0
74,15,10,7,16,Y6009988,,,,0,30.0,0,0
74,15,10,7,17,Y6009989,,,,0,30.0,0,0
74,15,10,7,18,Y6009990,,,,0,30.0,0,0
74,15,10,7,19,Y6009991,,,,0,30.0,0,0
74,15,10,7,20,Y6009992,,,,0,30.0,0,0
74,15,10,7,21,Y6009993,,,,0,30.0,0,0
74,15,10,7,22,Y6009994,,,,0,30.0,0,0
74,15,10,7,23,Y6009995,,,,0,30.0,0,0
74,15,10,7,24,Y6009996,,,,0,30.0,0,0
74,15,10,7,25,Y6009997,,,,0,30.0,0,0
74,15,10,7,26,Y6009998,,,,0,30.0,0,0
74,15,10,7,27,Y6009999,,,,0,30.0,0,0
74,15,10,7,28,Y6010000,,,,0,30.0,0,0
74,15,10,7,29,Y6010001,,,,0,30.0,0,0
74,15,10,7,30,Y6010002,,,,0,30.0,0,0
74,15,10,8,10,Y6010003,,,,0,30.0,0,0
74,15,10,8,11,Y6010004,,,,0,30.0,0,0
74,15,10,8,12,Y6010005,,,,0,30.0,0,0
74,15,10,8,13,Y6010006,,,,0,30.0,0,0
74,15,10,8,14,Y6010007,,,,0,30.0,0,0
74,15,10,8,15,Y6010008,,,,0,30.0,0,0
74,15,10,8,16,Y6010009,,,,0,30.0,0,0
74,15,10,8,17,Y6010010,,,,0,30.0,0,0
74,15,10,8,18,Y6010011,,,,0,30.0,0,0
74,15,10,8,19,Y6010012,,,,0,30.0,0,0
74,15,10,8,20,Y6010013,,,,0,30.0,0,0
74,15,10,8,21,Y6010014,,,,0,30.0,0,0
74,15,10,8,22,Y6010015,,,,0,30.0,0,0
74,15,10,8,23,Y6010016,,,,0,30.0,0,0
74,15,10,8,24,Y6010017,,,,0,30.0,0,0
74,15,10,8,25,Y6010018,,,,0,30.0,0,0
74,15,10,8,26,Y6010019,,,,0,30.0,0,0
74,15,10,8,27,Y6010020,,,,0,30.0,0,0
74,15,10,8,28,Y6010021,,,,0,30.0,0,0
74,15,10,8,29,Y6010022,,,,0,30.0,0,0
74,15,10,8,30,Y6010023,,,,0,30.0,0,0
74,15,10,9,10,Y6010024,,,,0,30.0,0,0
74,15,10,9,11,Y6010025,,,,0,30.0,0,0
74,15,10,9,12,Y6010026,,,,0,30.0,0,0
74,15,10,9,13,Y6010027,,,,0,30.0,0,0
74,15,10,9,14,Y6010028,,,,0,30.0,0,0
74,15,10,9,15,Y6010029,,,,0,30.0,0,0
74,15,10,9,16,Y6010030,,,,0,30.0,0,0
74,15,10,9,17,Y6010031,,,,0,30.0,0,0
74,15,10,9,18,Y6010032,,,,0,30.0,0,0
74,15,10,9,19,Y6010033,,,,0,30.0,0,0
74,15,10,9,20,Y6010034,,,,0,30.0,0,0
74,15,10,9,21,Y6010035,,,,0,30.0,0,0
74,15,10,9,22,Y6010036,,,,0,30.0,0,0
74,15,10,9,23,Y6010037,,,,0,30.0,0,0
74,15,10,9,24,Y6010038,,,,0,30.0,0,0
74,15,10,9,25,Y6010039,,,,0,30.0,0,0
74,15,10,9,26,Y6010040,,,,0,30.0,0,0
74,15,10,9,27,Y6010041,,,,0,30.0,0,0
74,15,10,9,28,Y6010042,,,,0,30.0,0,0
74,15,10,9,29,Y6010043,,,,0,30.0,0,0
74,15,10,9,30,Y6010044,,,,0,30.0,0,0
74,15,10,10,10,Y6010045,,,,0,30.0,0,0
74,15,10,10,11,Y6010046,,,,0,30.0,0,0
74,15,10,10,12,Y6010047,,,,0,30.0,0,0
74,15,10,10,13,Y6010048,,,,0,30.0,0,0
74,15,10,10,14,Y6010049,,,,0,30.0,0,0
74,15,10,10,15,Y6010050,,,,0,30.0,0,0
74,15,10,10,16,Y6010051,,,,0,30.0,0,0
74,15,10,10,17,Y6010052,,,,0,30.0,0,0
74,15,10,10,18,Y6010053,,,,0,30.0,0,0
74,15,10,10,19,Y6010054,,,,0,30.0,0,0
74,15,10,10,20,Y6010055,,,,0,30.0,0,0
74,15,10,10,21,Y6010056,,,,0,30.0,0,0
74,15,10,10,22,Y6010057,,,,0,30.0,0,0
74,15,10,10,23,Y6010058,,,,0,30.0,0,0
74,15,10,10,24,Y6010059,,,,0,30.0,0,0
74,15,10,10,25,Y6010060,,,,0,30.0,0,0
74,15,10,10,26,Y6010061,,,,0,30.0,0,0
74,15,10,10,27,Y6010062,,,,0,30.0,0,0
74,15,10,10,28,Y6010063,,,,0,30.0,0,0
74,15,10,10,29,Y6010064,,,,0,30.0,0,0
74,15,10,10,30,Y6010065,,,,0,30.0,0,0
74,15,10,11,10,Y6010066,,,,0,30.0,0,0
74,15,10,11,11,Y6010067,,,,0,30.0,0,0
74,15,10,11,12,Y6010068,,,,0,30.0,0,0
74,15,10,11,13,Y6010069,,,,0,30.0,0,0
74,15,10,11,14,Y6010070,,,,0,30.0,0,0
74,15,10,11,15,Y6010071,,,,0,30.0,0,0
74,15,10,11,16,Y6010072,,,,0,30.0,0,0
74,15,10,11,17,Y6010073,,,,0,30.0,0,0
74,15,10,11,18,Y6010074,,,,0,30.0,0,0
74,15,10,11,19,Y6010075,,,,0,30.0,0,0
74,15,10,11,20,Y6010076,,,,0,30.0,0,0
74,15,10,11,21,Y6010077,,,,0,30.0,0,0
74,15,10,11,22,Y6010078,,,,0,30.0,0,0
74,15,10,11,23,Y6010079,,,,0,30.0,0,0
74,15,10,11,24,Y6010080,,,,0,30.0,0,0
74,15,10,11,25,Y6010081,,,,0,30.0,0,0
74,15,10,11,26,Y6010082,,,,0,30.0,0,0
74,15,10,11,27,Y6010083,,,,0,30.0,0,0
74,15,10,11,28,Y6010084,,,,0,30.0,0,0
74,15,10,11,29,Y6010085,,,,0,30.0,0,0
74,15,10,11,30,Y6010086,,,,0,30.0,0,0
74,15,10,12,10,Y6010087,,,,0,30.0,0,0
74,15,10,12,11,Y6010088,,,,0,30.0,0,0
74,15,10,12,12,Y6010089,,,,0,30.0,0,0
74,15,10,12,13,Y6010090,,,,0,30.0,0,0
74,15,10,12,14,Y6010091,,,,0,30.0,0,0
74,15,10,12,15,Y6010092,,,,0,30.0,0,0
74,15,10,12,16,Y6010093,,,,0,30.0,0,0
74,15,10,12,17,Y6010094,,,,0,30.0,0,0
74,15,10,12,18,Y6010095,,,,0,30.0,0,0
74,15,10,12,19,Y6010096,,,,0,30.0,0,0
74,15,10,12,20,Y6010097,,,,0,30.0,0,0
74,15,10,12,21,Y6010098,,,,0,30.0,0,0
74,15,10,12,22,Y6010099,,,,0,30.0,0,0
74,15,10,12,23,Y6010100,,,,0,30.0,0,0
74,15,10,12,24,Y6010101,,,,0,30.0,0,0
74,15,10,12,25,Y6010102,,,,0,30.0,0,0
74,15,10,12,26,Y6010103,,,,0,30.0,0,0
74,15,10,12,27,Y6010104,,,,0,30.0,0,0
74,15,10,12,28,Y6010105,,,,0,30.0,0,0
74,15,10,12,29,Y6010106,,,,0,30.0,0,0
74,15,10,12,30,Y6010107,,,,0,30.0,0,0
74,15,11,1,10,Y6010108,,,,0,30.0,0,0
74,15,11,1,11,Y6010109,,,,0,30.0,0,0
74,15,11,1,12,Y6010110,,,,0,30.0,0,0
74,15,11,1,13,Y6010111,,,,0,30.0,0,0
74,15,11,1,14,Y6010112,,,,0,30.0,0,0
74,15,11,1,15,Y6010113,,,,0,30.0,0,0
74,15,11,1,16,Y6010114,,,,0,30.0,0,0
74,15,11,1,17,Y6010115,,,,0,30.0,0,0
74,15,11,1,18,Y6010116,,,,0,30.0,0,0
74,15,11,1,19,Y6010117,,,,0,30.0,0,0
74,15,11,1,20,Y6010118,,,,0,30.0,0,0
74,15,11,1,21,Y6010119,,,,0,30.0,0,0
74,15,11,1,22,Y6010120,,,,0,30.0,0,0
74,15,11,1,23,Y6010121,,,,0,30.0,0,0
74,15,11,1,24,Y6010122,,,,0,30.0,0,0
74,15,11,1,25,Y6010123,,,,0,30.0,0,0
74,15,11,1,26,Y6010124,,,,0,30.0,0,0
74,15,11,1,27,Y6010125,,,,0,30.0,0,0
74,15,11,1,28,Y6010126,,,,0,30.0,0,0
74,15,11,1,29,Y6010127,,,,0,30.0,0,0
74,15,11,1,30,Y6010128,,,,0,30.0,0,0
74,15,11,2,10,Y6010129,,,,0,30.0,0,0
74,15,11,2,11,Y6010130,,,,0,30.0,0,0
74,15,11,2,12,Y6010131,,,,0,30.0,0,0
74,15,11,2,13,Y6010132,,,,0,30.0,0,0
74,15,11,2,14,Y6010133,,,,0,30.0,0,0
74,15,11,2,15,Y6010134,,,,0,30.0,0,0
74,15,11,2,16,Y6010135,,,,0,30.0,0,0
74,15,11,2,17,Y6010136,,,,0,30.0,0,0
74,15,11,2,18,Y6010137,,,,0,30.0,0,0
74,15,11,2,19,Y6010138,,,,0,30.0,0,0
74,15,11,2,20,Y6010139,,,,0,30.0,0,0
74,15,11,2,21,Y6010140,,,,0,30.0,0,0
74,15,11,2,22,Y6010141,,,,0,30.0,0,0
74,15,11,2,23,Y6010142,,,,0,30.0,0,0
74,15,11,2,24,Y6010143,,,,0,30.0,0,0
74,15,11,2,25,Y6010144,,,,0,30.0,0,0
74,15,11,2,26,Y6010145,,,,0,30.0,0,0
74,15,11,2,27,Y6010146,,,,0,30.0,0,0
74,15,11,2,28,Y6010147,,,,0,30.0,0,0
74,15,11,2,29,Y6010148,,,,0,30.0,0,0
74,15,11,2,30,Y6010149,,,,0,30.0,0,0
74,15,11,3,10,Y6010150,,,,0,30.0,0,0
74,15,11,3,11,Y6010151,,,,0,30.0,0,0
74,15,11,3,12,Y6010152,,,,0,30.0,0,0
74,15,11,3,13,Y6010153,,,,0,30.0,0,0
74,15,11,3,14,Y6010154,,,,0,30.0,0,0
74,15,11,3,15,Y6010155,,,,0,30.0,0,0
74,15,11,3,16,Y6010156,,,,0,30.0,0,0
74,15,11,3,17,Y6010157,,,,0,30.0,0,0
74,15,11,3,18,Y6010158,,,,0,30.0,0,0
74,15,11,3,19,Y6010159,,,,0,30.0,0,0
74,15,11,3,20,Y6010160,,,,0,30.0,0,0
74,15,11,3,21,Y6010161,,,,0,30.0,0,0
74,15,11,3,22,Y6010162,,,,0,30.0,0,0
74,15,11,3,23,Y6010163,,,,0,30.0,0,0
74,15,11,3,24,Y6010164,,,,0,30.0,0,0
74,15,11,3,25,Y6010165,,,,0,30.0,0,0
74,15,11,3,26,Y6010166,,,,0,30.0,0,0
74,15,11,3,27,Y6010167,,,,0,30.0,0,0
74,15,11,3,28,Y6010168,,,,0,30.0,0,0
74,15,11,3,29,Y6010169,,,,0,30.0,0,0
74,15,11,3,30,Y6010170,,,,0,30.0,0,0
74,15,11,4,10,Y6010171,,,,0,30.0,0,0
74,15,11,4,11,Y6010172,,,,0,30.0,0,0
74,15,11,4,12,Y6010173,,,,0,30.0,0,0
74,15,11,4,13,Y6010174,,,,0,30.0,0,0
74,15,11,4,14,Y6010175,,,,0,30.0,0,0
74,15,11,4,15,Y6010176,,,,0,30.0,0,0
74,15,11,4,16,Y6010177,,,,0,30.0,0,0
74,15,11,4,17,Y6010178,,,,0,30.0,0,0
74,15,11,4,18,Y6010179,,,,0,30.0,0,0
74,15,11,4,19,Y6010180,,,,0,30.0,0,0
74,15,11,4,20,Y6010181,,,,0,30.0,0,0
74,15,11,4,21,Y6010182,,,,0,30.0,0,0
74,15,11,4,22,Y6010183,,,,0,30.0,0,0
74,15,11,4,23,Y6010184,,,,0,30.0,0,0
74,15,11,4,24,Y6010185,,,,0,30.0,0,0
74,15,11,4,25,Y6010186,,,,0,30.0,0,0
74,15,11,4,26,Y6010187,,,,0,30.0,0,0
74,15,11,4,27,Y6010188,,,,0,30.0,0,0
74,15,11,4,28,Y6010189,,,,0,30.0,0,0
74,15,11,4,29,Y6010190,,,,0,30.0,0,0
74,15,11,4,30,Y6010191,,,,0,30.0,0,0
74,15,11,5,10,Y6010192,,,,0,30.0,0,0
74,15,11,5,11,Y6010193,,,,0,30.0,0,0
74,15,11,5,12,Y6010194,,,,0,30.0,0,0
74,15,11,5,13,Y6010195,,,,0,30.0,0,0
74,15,11,5,14,Y6010196,,,,0,30.0,0,0
74,15,11,5,15,Y6010197,,,,0,30.0,0,0
74,15,11,5,16,Y6010198,,,,0,30.0,0,0
74,15,11,5,17,Y6010199,,,,0,30.0,0,0
74,15,11,5,18,Y6010200,,,,0,30.0,0,0
74,15,11,5,19,Y6010201,,,,0,30.0,0,0
74,15,11,5,20,Y6010202,,,,0,30.0,0,0
74,15,11,5,21,Y6010203,,,,0,30.0,0,0
74,15,11,5,22,Y6010204,,,,0,30.0,0,0
74,15,11,5,23,Y6010205,,,,0,30.0,0,0
74,15,11,5,24,Y6010206,,,,0,30.0,0,0
74,15,11,5,25,Y6010207,,,,0,30.0,0,0
74,15,11,5,26,Y6010208,,,,0,30.0,0,0
74,15,11,5,27,Y6010209,,,,0,30.0,0,0
74,15,11,5,28,Y6010210,,,,0,30.0,0,0
74,15,11,5,29,Y6010211,,,,0,30.0,0,0
74,15,11,5,30,Y6010212,,,,0,30.0,0,0
74,15,11,6,10,Y6010213,,,,0,30.0,0,0
74,15,11,6,11,Y6010214,,,,0,30.0,0,0
74,15,11,6,12,Y6010215,,,,0,30.0,0,0
74,15,11,6,13,Y6010216,,,,0,30.0,0,0
74,15,11,6,14,Y6010217,,,,0,30.0,0,0
74,15,11,6,15,Y6010218,,,,0,30.0,0,0
74,15,11,6,16,Y6010219,,,,0,30.0,0,0
74,15,11,6,17,Y6010220,,,,0,30.0,0,0
74,15,11,6,18,Y6010221,,,,0,30.0,0,0
74,15,11,6,19,Y6010222,,,,0,30.0,0,0
74,15,11,6,20,Y6010223,,,,0,30.0,0,0
74,15,11,6,21,Y6010224,,,,0,30.0,0,0
74,15,11,6,22,Y6010225,,,,0,30.0,0,0
74,15,11,6,23,Y6010226,,,,0,30.0,0,0
74,15,11,6,24,Y6010227,,,,0,30.0,0,0
74,15,11,6,25,Y6010228,,,,0,30.0,0,0
74,15,11,6,26,Y6010229,,,,0,30.0,0,0
74,15,11,6,27,Y6010230,,,,0,30.0,0,0
74,15,11,6,28,Y6010231,,,,0,30.0,0,0
74,15,11,6,29,Y6010232,,,,0,30.0,0,0
74,15,11,6,30,Y6010233,,,,0,30.0,0,0
74,15,11,7,10,Y6010234,,,,0,30.0,0,0
74,15,11,7,11,Y6010235,,,,0,30.0,0,0
74,15,11,7,12,Y6010236,,,,0,30.0,0,0
74,15,11,7,13,Y6010237,,,,0,30.0,0,0
74,15,11,7,14,Y6010238,,,,0,30.0,0,0
74,15,11,7,15,Y6010239,,,,0,30.0,0,0
74,15,11,7,16,Y6010240,,,,0,30.0,0,0
74,15,11,7,17,Y6010241,,,,0,30.0,0,0
74,15,11,7,18,Y6010242,,,,0,30.0,0,0
74,15,11,7,19,Y6010243,,,,0,30.0,0,0
74,15,11,7,20,Y6010244,,,,0,30.0,0,0
74,15,11,7,21,Y6010245,,,,0,30.0,0,0
74,15,11,7,22,Y6010246,,,,0,30.0,0,0
74,15,11,7,23,Y6010247,,,,0,30.0,0,0
74,15,11,7,24,Y6010248,,,,0,30.0,0,0
74,15,11,7,25,Y6010249,,,,0,30.0,0,0
74,15,11,7,26,Y6010250,,,,0,30.0,0,0
74,15,11,7,27,Y6010251,,,,0,30.0,0,0
74,15,11,7,28,Y6010252,,,,0,30.0,0,0
74,15,11,7,29,Y6010253,,,,0,30.0,0,0
74,15,11,7,30,Y6010254,,,,0,30.0,0,0
74,15,11,8,10,Y6010255,,,,0,30.0,0,0
74,15,11,8,11,Y6010256,,,,0,30.0,0,0
74,15,11,8,12,Y6010257,,,,0,30.0,0,0
74,15,11,8,13,Y6010258,,,,0,30.0,0,0
74,15,11,8,14,Y6010259,,,,0,30.0,0,0
74,15,11,8,15,Y6010260,,,,0,30.0,0,0
74,15,11,8,16,Y6010261,,,,0,30.0,0,0
74,15,11,8,17,Y6010262,,,,0,30.0,0,0
74,15,11,8,18,Y6010263,,,,0,30.0,0,0
74,15,11,8,19,Y6010264,,,,0,30.0,0,0
74,15,11,8,20,Y6010265,,,,0,30.0,0,0
74,15,11,8,21,Y6010266,,,,0,30.0,0,0
74,15,11,8,22,Y6010267,,,,0,30.0,0,0
74,15,11,8,23,Y6010268,,,,0,30.0,0,0
74,15,11,8,24,Y6010269,,,,0,30.0,0,0
74,15,11,8,25,Y6010270,,,,0,30.0,0,0
74,15,11,8,26,Y6010271,,,,0,30.0,0,0
74,15,11,8,27,Y6010272,,,,0,30.0,0,0
74,15,11,8,28,Y6010273,,,,0,30.0,0,0
74,15,11,8,29,Y6010274,,,,0,30.0,0,0
74,15,11,8,30,Y6010275,,,,0,30.0,0,0
74,15,11,9,10,Y6010276,,,,0,30.0,0,0
74,15,11,9,11,Y6010277,,,,0,30.0,0,0
74,15,11,9,12,Y6010278,,,,0,30.0,0,0
74,15,11,9,13,Y6010279,,,,0,30.0,0,0
74,15,11,9,14,Y6010280,,,,0,30.0,0,0
74,15,11,9,15,Y6010281,,,,0,30.0,0,0
74,15,11,9,16,Y6010282,,,,0,30.0,0,0
74,15,11,9,17,Y6010283,,,,0,30.0,0,0
74,15,11,9,18,Y6010284,,,,0,30.0,0,0
74,15,11,9,19,Y6010285,,,,0,30.0,0,0
74,15,11,9,20,Y6010286,,,,0,30.0,0,0
74,15,11,9,21,Y6010287,,,,0,30.0,0,0
74,15,11,9,22,Y6010288,,,,0,30.0,0,0
74,15,11,9,23,Y6010289,,,,0,30.0,0,0
74,15,11,9,24,Y6010290,,,,0,30.0,0,0
74,15,11,9,25,Y6010291,,,,0,30.0,0,0
74,15,11,9,26,Y6010292,,,,0,30.0,0,0
74,15,11,9,27,Y6010293,,,,0,30.0,0,0
74,15,11,9,28,Y6010294,,,,0,30.0,0,0
74,15,11,9,29,Y6010295,,,,0,30.0,0,0
74,15,11,9,30,Y6010296,,,,0,30.0,0,0
74,15,11,10,10,Y6010297,,,,0,30.0,0,0
74,15,11,10,11,Y6010298,,,,0,30.0,0,0
74,15,11,10,12,Y6010299,,,,0,30.0,0,0
74,15,11,10,13,Y6010300,,,,0,30.0,0,0
74,15,11,10,14,Y6010301,,,,0,30.0,0,0
74,15,11,10,15,Y6010302,,,,0,30.0,0,0
74,15,11,10,16,Y6010303,,,,0,30.0,0,0
74,15,11,10,17,Y6010304,,,,0,30.0,0,0
74,15,11,10,18,Y6010305,,,,0,30.0,0,0
74,15,11,10,19,Y6010306,,,,0,30.0,0,0
74,15,11,10,20,Y6010307,,,,0,30.0,0,0
74,15,11,10,21,Y6010308,,,,0,30.0,0,0
74,15,11,10,22,Y6010309,,,,0,30.0,0,0
74,15,11,10,23,Y6010310,,,,0,30.0,0,0
74,15,11,10,24,Y6010311,,,,0,30.0,0,0
74,15,11,10,25,Y6010312,,,,0,30.0,0,0
74,15,11,10,26,Y6010313,,,,0,30.0,0,0
74,15,11,10,27,Y6010314,,,,0,30.0,0,0
74,15,11,10,28,Y6010315,,,,0,30.0,0,0
74,15,11,10,29,Y6010316,,,,0,30.0,0,0
74,15,11,10,30,Y6010317,,,,0,30.0,0,0
74,15,11,11,10,Y6010318,,,,0,30.0,0,0
74,15,11,11,11,Y6010319,,,,0,30.0,0,0
74,15,11,11,12,Y6010320,,,,0,30.0,0,0
74,15,11,11,13,Y6010321,,,,0,30.0,0,0
74,15,11,11,14,Y6010322,,,,0,30.0,0,0
74,15,11,11,15,Y6010323,,,,0,30.0,0,0
74,15,11,11,16,Y6010324,,,,0,30.0,0,0
74,15,11,11,17,Y6010325,,,,0,30.0,0,0
74,15,11,11,18,Y6010326,,,,0,30.0,0,0
74,15,11,11,19,Y6010327,,,,0,30.0,0,0
74,15,11,11,20,Y6010328,,,,0,30.0,0,0
74,15,11,11,21,Y6010329,,,,0,30.0,0,0
74,15,11,11,22,Y6010330,,,,0,30.0,0,0
74,15,11,11,23,Y6010331,,,,0,30.0,0,0
74,15,11,11,24,Y6010332,,,,0,30.0,0,0
74,15,11,11,25,Y6010333,,,,0,30.0,0,0
74,15,11,11,26,Y6010334,,,,0,30.0,0,0
74,15,11,11,27,Y6010335,,,,0,30.0,0,0
74,15,11,11,28,Y6010336,,,,0,30.0,0,0
74,15,11,11,29,Y6010337,,,,0,30.0,0,0
74,15,11,11,30,Y6010338,,,,0,30.0,0,0
74,15,11,12,10,Y6010339,,,,0,30.0,0,0
74,15,11,12,11,Y6010340,,,,0,30.0,0,0
74,15,11,12,12,Y6010341,,,,0,30.0,0,0
74,15,11,12,13,Y6010342,,,,0,30.0,0,0
74,15,11,12,14,Y6010343,,,,0,30.0,0,0
74,15,11,12,15,Y6010344,,,,0,30.0,0,0
74,15,11,12,16,Y6010345,,,,0,30.0,0,0
74,15,11,12,17,Y6010346,,,,0,30.0,0,0
74,15,11,12,18,Y6010347,,,,0,30.0,0,0
74,15,11,12,19,Y6010348,,,,0,30.0,0,0
74,15,11,12,20,Y6010349,,,,0,30.0,0,0
74,15,11,12,21,Y6010350,,,,0,30.0,0,0
74,15,11,12,22,Y6010351,,,,0,30.0,0,0
74,15,11,12,23,Y6010352,,,,0,30.0,0,0
74,15,11,12,24,Y6010353,,,,0,30.0,0,0
74,15,11,12,25,Y6010354,,,,0,30.0,0,0
74,15,11,12,26,Y6010355,,,,0,30.0,0,0
74,15,11,12,27,Y6010356,,,,0,30.0,0,0
74,15,11,12,28,Y6010357,,,,0,30.0,0,0
74,15,11,12,29,Y6010358,,,,0,30.0,0,0
74,15,11,12,30,Y6010359,,,,0,30.0,0,0
74,15,12,1,10,Y6010360,,,,0,30.0,0,0
74,15,12,1,11,Y6010361,,,,0,30.0,0,0
74,15,12,1,12,Y6010362,,,,0,30.0,0,0
74,15,12,1,13,Y6010363,,,,0,30.0,0,0
74,15,12,1,14,Y6010364,,,,0,30.0,0,0
74,15,12,1,15,Y6010365,,,,0,30.0,0,0
74,15,12,1,16,Y6010366,,,,0,30.0,0,0
74,15,12,1,17,Y6010367,,,,0,30.0,0,0
74,15,12,1,18,Y6010368,,,,0,30.0,0,0
74,15,12,1,19,Y6010369,,,,0,30.0,0,0
74,15,12,1,20,Y6010370,,,,0,30.0,0,0
74,15,12,1,21,Y6010371,,,,0,30.0,0,0
74,15,12,1,22,Y6010372,,,,0,30.0,0,0
74,15,12,1,23,Y6010373,,,,0,30.0,0,0
74,15,12,1,24,Y6010374,,,,0,30.0,0,0
74,15,12,1,25,Y6010375,,,,0,30.0,0,0
74,15,12,1,26,Y6010376,,,,0,30.0,0,0
74,15,12,1,27,Y6010377,,,,0,30.0,0,0
74,15,12,1,28,Y6010378,,,,0,30.0,0,0
74,15,12,1,29,Y6010379,,,,0,30.0,0,0
74,15,12,1,30,Y6010380,,,,0,30.0,0,0
74,15,12,2,10,Y6010381,,,,0,30.0,0,0
74,15,12,2,11,Y6010382,,,,0,30.0,0,0
74,15,12,2,12,Y6010383,,,,0,30.0,0,0
74,15,12,2,13,Y6010384,,,,0,30.0,0,0
74,15,12,2,14,Y6010385,,,,0,30.0,0,0
74,15,12,2,15,Y6010386,,,,0,30.0,0,0
74,15,12,2,16,Y6010387,,,,0,30.0,0,0
74,15,12,2,17,Y6010388,,,,0,30.0,0,0
74,15,12,2,18,Y6010389,,,,0,30.0,0,0
74,15,12,2,19,Y6010390,,,,0,30.0,0,0
74,15,12,2,20,Y6010391,,,,0,30.0,0,0
74,15,12,2,21,Y6010392,,,,0,30.0,0,0
74,15,12,2,22,Y6010393,,,,0,30.0,0,0
74,15,12,2,23,Y6010394,,,,0,30.0,0,0
74,15,12,2,24,Y6010395,,,,0,30.0,0,0
74,15,12,2,25,Y6010396,,,,0,30.0,0,0
74,15,12,2,26,Y6010397,,,,0,30.0,0,0
74,15,12,2,27,Y6010398,,,,0,30.0,0,0
74,15,12,2,28,Y6010399,,,,0,30.0,0,0
74,15,12,2,29,Y6010400,,,,0,30.0,0,0
74,15,12,2,30,Y6010401,,,,0,30.0,0,0
74,15,12,3,10,Y6010402,,,,0,30.0,0,0
74,15,12,3,11,Y6010403,,,,0,30.0,0,0
74,15,12,3,12,Y6010404,,,,0,30.0,0,0
74,15,12,3,13,Y6010405,,,,0,30.0,0,0
74,15,12,3,14,Y6010406,,,,0,30.0,0,0
74,15,12,3,15,Y6010407,,,,0,30.0,0,0
74,15,12,3,16,Y6010408,,,,0,30.0,0,0
74,15,12,3,17,Y6010409,,,,0,30.0,0,0
74,15,12,3,18,Y6010410,,,,0,30.0,0,0
74,15,12,3,19,Y6010411,,,,0,30.0,0,0
74,15,12,3,20,Y6010412,,,,0,30.0,0,0
74,15,12,3,21,Y6010413,,,,0,30.0,0,0
74,15,12,3,22,Y6010414,,,,0,30.0,0,0
74,15,12,3,23,Y6010415,,,,0,30.0,0,0
74,15,12,3,24,Y6010416,,,,0,30.0,0,0
74,15,12,3,25,Y6010417,,,,0,30.0,0,0
74,15,12,3,26,Y6010418,,,,0,30.0,0,0
74,15,12,3,27,Y6010419,,,,0,30.0,0,0
74,15,12,3,28,Y6010420,,,,0,30.0,0,0
74,15,12,3,29,Y6010421,,,,0,30.0,0,0
74,15,12,3,30,Y6010422,,,,0,30.0,0,0
74,15,12,4,10,Y6010423,,,,0,30.0,0,0
74,15,12,4,11,Y6010424,,,,0,30.0,0,0
74,15,12,4,12,Y6010425,,,,0,30.0,0,0
74,15,12,4,13,Y6010426,,,,0,30.0,0,0
74,15,12,4,14,Y6010427,,,,0,30.0,0,0
74,15,12,4,15,Y6010428,,,,0,30.0,0,0
74,15,12,4,16,Y6010429,,,,0,30.0,0,0
74,15,12,4,17,Y6010430,,,,0,30.0,0,0
74,15,12,4,18,Y6010431,,,,0,30.0,0,0
74,15,12,4,19,Y6010432,,,,0,30.0,0,0
74,15,12,4,20,Y6010433,,,,0,30.0,0,0
74,15,12,4,21,Y6010434,,,,0,30.0,0,0
74,15,12,4,22,Y6010435,,,,0,30.0,0,0
74,15,12,4,23,Y6010436,,,,0,30.0,0,0
74,15,12,4,24,Y6010437,,,,0,30.0,0,0
74,15,12,4,25,Y6010438,,,,0,30.0,0,0
74,15,12,4,26,Y6010439,,,,0,30.0,0,0
74,15,12,4,27,Y6010440,,,,0,30.0,0,0
74,15,12,4,28,Y6010441,,,,0,30.0,0,0
74,15,12,4,29,Y6010442,,,,0,30.0,0,0
74,15,12,4,30,Y6010443,,,,0,30.0,0,0
74,15,12,5,10,Y6010444,,,,0,30.0,0,0
74,15,12,5,11,Y6010445,,,,0,30.0,0,0
74,15,12,5,12,Y6010446,,,,0,30.0,0,0
74,15,12,5,13,Y6010447,,,,0,30.0,0,0
74,15,12,5,14,Y6010448,,,,0,30.0,0,0
74,15,12,5,15,Y6010449,,,,0,30.0,0,0
74,15,12,5,16,Y6010450,,,,0,30.0,0,0
74,15,12,5,17,Y6010451,,,,0,30.0,0,0
74,15,12,5,18,Y6010452,,,,0,30.0,0,0
74,15,12,5,19,Y6010453,,,,0,30.0,0,0
74,15,12,5,20,Y6010454,,,,0,30.0,0,0
74,15,12,5,21,Y6010455,,,,0,30.0,0,0
74,15,12,5,22,Y6010456,,,,0,30.0,0,0
74,15,12,5,23,Y6010457,,,,0,30.0,0,0
74,15,12,5,24,Y6010458,,,,0,30.0,0,0
74,15,12,5,25,Y6010459,,,,0,30.0,0,0
74,15,12,5,26,Y6010460,,,,0,30.0,0,0
74,15,12,5,27,Y6010461,,,,0,30.0,0,0
74,15,12,5,28,Y6010462,,,,0,30.0,0,0
74,15,12,5,29,Y6010463,,,,0,30.0,0,0
74,15,12,5,30,Y6010464,,,,0,30.0,0,0
74,15,12,6,10,Y6010465,,,,0,30.0,0,0
74,15,12,6,11,Y6010466,,,,0,30.0,0,0
74,15,12,6,12,Y6010467,,,,0,30.0,0,0
74,15,12,6,13,Y6010468,,,,0,30.0,0,0
74,15,12,6,14,Y6010469,,,,0,30.0,0,0
74,15,12,6,15,Y6010470,,,,0,30.0,0,0
74,15,12,6,16,Y6010471,,,,0,30.0,0,0
74,15,12,6,17,Y6010472,,,,0,30.0,0,0
74,15,12,6,18,Y6010473,,,,0,30.0,0,0
74,15,12,6,19,Y6010474,,,,0,30.0,0,0
74,15,12,6,20,Y6010475,,,,0,30.0,0,0
74,15,12,6,21,Y6010476,,,,0,30.0,0,0
74,15,12,6,22,Y6010477,,,,0,30.0,0,0
74,15,12,6,23,Y6010478,,,,0,30.0,0,0
74,15,12,6,24,Y6010479,,,,0,30.0,0,0
74,15,12,6,25,Y6010480,,,,0,30.0,0,0
74,15,12,6,26,Y6010481,,,,0,30.0,0,0
74,15,12,6,27,Y6010482,,,,0,30.0,0,0
74,15,12,6,28,Y6010483,,,,0,30.0,0,0
74,15,12,6,29,Y6010484,,,,0,30.0,0,0
74,15,12,6,30,Y6010485,,,,0,30.0,0,0
74,15,12,7,10,Y6010486,,,,0,30.0,0,0
74,15,12,7,11,Y6010487,,,,0,30.0,0,0
74,15,12,7,12,Y6010488,,,,0,30.0,0,0
74,15,12,7,13,Y6010489,,,,0,30.0,0,0
74,15,12,7,14,Y6010490,,,,0,30.0,0,0
74,15,12,7,15,Y6010491,,,,0,30.0,0,0
74,15,12,7,16,Y6010492,,,,0,30.0,0,0
74,15,12,7,17,Y6010493,,,,0,30.0,0,0
74,15,12,7,18,Y6010494,,,,0,30.0,0,0
74,15,12,7,19,Y6010495,,,,0,30.0,0,0
74,15,12,7,20,Y6010496,,,,0,30.0,0,0
74,15,12,7,21,Y6010497,,,,0,30.0,0,0
74,15,12,7,22,Y6010498,,,,0,30.0,0,0
74,15,12,7,23,Y6010499,,,,0,30.0,0,0
74,15,12,7,24,Y6010500,,,,0,30.0,0,0
74,15,12,7,25,Y6010501,,,,0,30.0,0,0
74,15,12,7,26,Y6010502,,,,0,30.0,0,0
74,15,12,7,27,Y6010503,,,,0,30.0,0,0
74,15,12,7,28,Y6010504,,,,0,30.0,0,0
74,15,12,7,29,Y6010505,,,,0,30.0,0,0
74,15,12,7,30,Y6010506,,,,0,30.0,0,0
74,15,12,8,10,Y6010507,,,,0,30.0,0,0
74,15,12,8,11,Y6010508,,,,0,30.0,0,0
74,15,12,8,12,Y6010509,,,,0,30.0,0,0
74,15,12,8,13,Y6010510,,,,0,30.0,0,0
74,15,12,8,14,Y6010511,,,,0,30.0,0,0
74,15,12,8,15,Y6010512,,,,0,30.0,0,0
74,15,12,8,16,Y6010513,,,,0,30.0,0,0
74,15,12,8,17,Y6010514,,,,0,30.0,0,0
74,15,12,8,18,Y6010515,,,,0,30.0,0,0
74,15,12,8,19,Y6010516,,,,0,30.0,0,0
74,15,12,8,20,Y6010517,,,,0,30.0,0,0
74,15,12,8,21,Y6010518,,,,0,30.0,0,0
74,15,12,8,22,Y6010519,,,,0,30.0,0,0
74,15,12,8,23,Y6010520,,,,0,30.0,0,0
74,15,12,8,24,Y6010521,,,,0,30.0,0,0
74,15,12,8,25,Y6010522,,,,0,30.0,0,0
74,15,12,8,26,Y6010523,,,,0,30.0,0,0
74,15,12,8,27,Y6010524,,,,0,30.0,0,0
74,15,12,8,28,Y6010525,,,,0,30.0,0,0
74,15,12,8,29,Y6010526,,,,0,30.0,0,0
74,15,12,8,30,Y6010527,,,,0,30.0,0,0
74,15,12,9,10,Y6010528,,,,0,30.0,0,0
74,15,12,9,11,Y6010529,,,,0,30.0,0,0
74,15,12,9,12,Y6010530,,,,0,30.0,0,0
74,15,12,9,13,Y6010531,,,,0,30.0,0,0
74,15,12,9,14,Y6010532,,,,0,30.0,0,0
74,15,12,9,15,Y6010533,,,,0,30.0,0,0
74,15,12,9,16,Y6010534,,,,0,30.0,0,0
74,15,12,9,17,Y6010535,,,,0,30.0,0,0
74,15,12,9,18,Y6010536,,,,0,30.0,0,0
74,15,12,9,19,Y6010537,,,,0,30.0,0,0
74,15,12,9,20,Y6010538,,,,0,30.0,0,0
74,15,12,9,21,Y6010539,,,,0,30.0,0,0
74,15,12,9,22,Y6010540,,,,0,30.0,0,0
74,15,12,9,23,Y6010541,,,,0,30.0,0,0
74,15,12,9,24,Y6010542,,,,0,30.0,0,0
74,15,12,9,25,Y6010543,,,,0,30.0,0,0
74,15,12,9,26,Y6010544,,,,0,30.0,0,0
74,15,12,9,27,Y6010545,,,,0,30.0,0,0
74,15,12,9,28,Y6010546,,,,0,30.0,0,0
74,15,12,9,29,Y6010547,,,,0,30.0,0,0
74,15,12,9,30,Y6010548,,,,0,30.0,0,0
74,15,12,10,10,Y6010549,,,,0,30.0,0,0
74,15,12,10,11,Y6010550,,,,0,30.0,0,0
74,15,12,10,12,Y6010551,,,,0,30.0,0,0
74,15,12,10,13,Y6010552,,,,0,30.0,0,0
74,15,12,10,14,Y6010553,,,,0,30.0,0,0
74,15,12,10,15,Y6010554,,,,0,30.0,0,0
74,15,12,10,16,Y6010555,,,,0,30.0,0,0
74,15,12,10,17,Y6010556,,,,0,30.0,0,0
74,15,12,10,18,Y6010557,,,,0,30.0,0,0
74,15,12,10,19,Y6010558,,,,0,30.0,0,0
74,15,12,10,20,Y6010559,,,,0,30.0,0,0
74,15,12,10,21,Y6010560,,,,0,30.0,0,0
74,15,12,10,22,Y6010561,,,,0,30.0,0,0
74,15,12,10,23,Y6010562,,,,0,30.0,0,0
74,15,12,10,24,Y6010563,,,,0,30.0,0,0
74,15,12,10,25,Y6010564,,,,0,30.0,0,0
74,15,12,10,26,Y6010565,,,,0,30.0,0,0
74,15,12,10,27,Y6010566,,,,0,30.0,0,0
74,15,12,10,28,Y6010567,,,,0,30.0,0,0
74,15,12,10,29,Y6010568,,,,0,30.0,0,0
74,15,12,10,30,Y6010569,,,,0,30.0,0,0
74,15,12,11,10,Y6010570,,,,0,30.0,0,0
74,15,12,11,11,Y6010571,,,,0,30.0,0,0
74,15,12,11,12,Y6010572,,,,0,30.0,0,0
74,15,12,11,13,Y6010573,,,,0,30.0,0,0
74,15,12,11,14,Y6010574,,,,0,30.0,0,0
74,15,12,11,15,Y6010575,,,,0,30.0,0,0
74,15,12,11,16,Y6010576,,,,0,30.0,0,0
74,15,12,11,17,Y6010577,,,,0,30.0,0,0
74,15,12,11,18,Y6010578,,,,0,30.0,0,0
74,15,12,11,19,Y6010579,,,,0,30.0,0,0
74,15,12,11,20,Y6010580,,,,0,30.0,0,0
74,15,12,11,21,Y6010581,,,,0,30.0,0,0
74,15,12,11,22,Y6010582,,,,0,30.0,0,0
74,15,12,11,23,Y6010583,,,,0,30.0,0,0
74,15,12,11,24,Y6010584,,,,0,30.0,0,0
74,15,12,11,25,Y6010585,,,,0,30.0,0,0
74,15,12,11,26,Y6010586,,,,0,30.0,0,0
74,15,12,11,27,Y6010587,,,,0,30.0,0,0
74,15,12,11,28,Y6010588,,,,0,30.0,0,0
74,15,12,11,29,Y6010589,,,,0,30.0,0,0
74,15,12,11,30,Y6010590,,,,0,30.0,0,0
74,15,12,12,10,Y6010591,,,,0,30.0,0,0
74,15,12,12,11,Y6010592,,,,0,30.0,0,0
74,15,12,12,12,Y6010593,,,,0,30.0,0,0
74,15,12,12,13,Y6010594,,,,0,30.0,0,0
74,15,12,12,14,Y6010595,,,,0,30.0,0,0
74,15,12,12,15,Y6010596,,,,0,30.0,0,0
74,15,12,12,16,Y6010597,,,,0,30.0,0,0
74,15,12,12,17,Y6010598,,,,0,30.0,0,0
74,15,12,12,18,Y6010599,,,,0,30.0,0,0
74,15,12,12,19,Y6010600,,,,0,30.0,0,0
74,15,12,12,20,Y6010601,,,,0,30.0,0,0
74,15,12,12,21,Y6010602,,,,0,30.0,0,0
74,15,12,12,22,Y6010603,,,,0,30.0,0,0
74,15,12,12,23,Y6010604,,,,0,30.0,0,0
74,15,12,12,24,Y6010605,,,,0,30.0,0,0
74,15,12,12,25,Y6010606,,,,0,30.0,0,0
74,15,12,12,26,Y6010607,,,,0,30.0,0,0
74,15,12,12,27,Y6010608,,,,0,30.0,0,0
74,15,12,12,28,Y6010609,,,,0,30.0,0,0
74,15,12,12,29,Y6010610,,,,0,30.0,0,0
74,15,12,12,30,Y6010611,,,,0,30.0,0,0
74,15,13,1,10,Y6010612,,,,0,30.0,0,0
74,15,13,1,11,Y6010613,,,,0,30.0,0,0
74,15,13,1,12,Y6010614,,,,0,30.0,0,0
74,15,13,1,13,Y6010615,,,,0,30.0,0,0
74,15,13,1,14,Y6010616,,,,0,30.0,0,0
74,15,13,1,15,Y6010617,,,,0,30.0,0,0
74,15,13,1,16,Y6010618,,,,0,30.0,0,0
74,15,13,1,17,Y6010619,,,,0,30.0,0,0
74,15,13,1,18,Y6010620,,,,0,30.0,0,0
74,15,13,1,19,Y6010621,,,,0,30.0,0,0
74,15,13,1,20,Y6010622,,,,0,30.0,0,0
74,15,13,1,21,Y6010623,,,,0,30.0,0,0
74,15,13,1,22,Y6010624,,,,0,30.0,0,0
74,15,13,1,23,Y6010625,,,,0,30.0,0,0
74,15,13,1,24,Y6010626,,,,0,30.0,0,0
74,15,13,1,25,Y6010627,,,,0,30.0,0,0
74,15,13,1,26,Y6010628,,,,0,30.0,0,0
74,15,13,1,27,Y6010629,,,,0,30.0,0,0
74,15,13,1,28,Y6010630,,,,0,30.0,0,0
74,15,13,1,29,Y6010631,,,,0,30.0,0,0
74,15,13,1,30,Y6010632,,,,0,30.0,0,0
74,15,13,2,10,Y6010633,,,,0,30.0,0,0
74,15,13,2,11,Y6010634,,,,0,30.0,0,0
74,15,13,2,12,Y6010635,,,,0,30.0,0,0
74,15,13,2,13,Y6010636,,,,0,30.0,0,0
74,15,13,2,14,Y6010637,,,,0,30.0,0,0
74,15,13,2,15,Y6010638,,,,0,30.0,0,0
74,15,13,2,16,Y6010639,,,,0,30.0,0,0
74,15,13,2,17,Y6010640,,,,0,30.0,0,0
74,15,13,2,18,Y6010641,,,,0,30.0,0,0
74,15,13,2,19,Y6010642,,,,0,30.0,0,0
74,15,13,2,20,Y6010643,,,,0,30.0,0,0
74,15,13,2,21,Y6010644,,,,0,30.0,0,0
74,15,13,2,22,Y6010645,,,,0,30.0,0,0
74,15,13,2,23,Y6010646,,,,0,30.0,0,0
74,15,13,2,24,Y6010647,,,,0,30.0,0,0
74,15,13,2,25,Y6010648,,,,0,30.0,0,0
74,15,13,2,26,Y6010649,,,,0,30.0,0,0
74,15,13,2,27,Y6010650,,,,0,30.0,0,0
74,15,13,2,28,Y6010651,,,,0,30.0,0,0
74,15,13,2,29,Y6010652,,,,0,30.0,0,0
74,15,13,2,30,Y6010653,,,,0,30.0,0,0
74,15,13,3,10,Y6010654,,,,0,30.0,0,0
74,15,13,3,11,Y6010655,,,,0,30.0,0,0
74,15,13,3,12,Y6010656,,,,0,30.0,0,0
74,15,13,3,13,Y6010657,,,,0,30.0,0,0
74,15,13,3,14,Y6010658,,,,0,30.0,0,0
74,15,13,3,15,Y6010659,,,,0,30.0,0,0
74,15,13,3,16,Y6010660,,,,0,30.0,0,0
74,15,13,3,17,Y6010661,,,,0,30.0,0,0
74,15,13,3,18,Y6010662,,,,0,30.0,0,0
74,15,13,3,19,Y6010663,,,,0,30.0,0,0
74,15,13,3,20,Y6010664,,,,0,30.0,0,0
74,15,13,3,21,Y6010665,,,,0,30.0,0,0
74,15,13,3,22,Y6010666,,,,0,30.0,0,0
74,15,13,3,23,Y6010667,,,,0,30.0,0,0
74,15,13,3,24,Y6010668,,,,0,30.0,0,0
74,15,13,3,25,Y6010669,,,,0,30.0,0,0
74,15,13,3,26,Y6010670,,,,0,30.0,0,0
74,15,13,3,27,Y6010671,,,,0,30.0,0,0
74,15,13,3,28,Y6010672,,,,0,30.0,0,0
74,15,13,3,29,Y6010673,,,,0,30.0,0,0
74,15,13,3,30,Y6010674,,,,0,30.0,0,0
74,15,13,4,10,Y6010675,,,,0,30.0,0,0
74,15,13,4,11,Y6010676,,,,0,30.0,0,0
74,15,13,4,12,Y6010677,,,,0,30.0,0,0
74,15,13,4,13,Y6010678,,,,0,30.0,0,0
74,15,13,4,14,Y6010679,,,,0,30.0,0,0
74,15,13,4,15,Y6010680,,,,0,30.0,0,0
74,15,13,4,16,Y6010681,,,,0,30.0,0,0
74,15,13,4,17,Y6010682,,,,0,30.0,0,0
74,15,13,4,18,Y6010683,,,,0,30.0,0,0
74,15,13,4,19,Y6010684,,,,0,30.0,0,0
74,15,13,4,20,Y6010685,,,,0,30.0,0,0
74,15,13,4,21,Y6010686,,,,0,30.0,0,0
74,15,13,4,22,Y6010687,,,,0,30.0,0,0
74,15,13,4,23,Y6010688,,,,0,30.0,0,0
74,15,13,4,24,Y6010689,,,,0,30.0,0,0
74,15,13,4,25,Y6010690,,,,0,30.0,0,0
74,15,13,4,26,Y6010691,,,,0,30.0,0,0
74,15,13,4,27,Y6010692,,,,0,30.0,0,0
74,15,13,4,28,Y6010693,,,,0,30.0,0,0
74,15,13,4,29,Y6010694,,,,0,30.0,0,0
74,15,13,4,30,Y6010695,,,,0,30.0,0,0
74,15,13,5,10,Y6010696,,,,0,30.0,0,0
74,15,13,5,11,Y6010697,,,,0,30.0,0,0
74,15,13,5,12,Y6010698,,,,0,30.0,0,0
74,15,13,5,13,Y6010699,,,,0,30.0,0,0
74,15,13,5,14,Y6010700,,,,0,30.0,0,0
74,15,13,5,15,Y6010701,,,,0,30.0,0,0
74,15,13,5,16,Y6010702,,,,0,30.0,0,0
74,15,13,5,17,Y6010703,,,,0,30.0,0,0
74,15,13,5,18,Y6010704,,,,0,30.0,0,0
74,15,13,5,19,Y6010705,,,,0,30.0,0,0
74,15,13,5,20,Y6010706,,,,0,30.0,0,0
74,15,13,5,21,Y6010707,,,,0,30.0,0,0
74,15,13,5,22,Y6010708,,,,0,30.0,0,0
74,15,13,5,23,Y6010709,,,,0,30.0,0,0
74,15,13,5,24,Y6010710,,,,0,30.0,0,0
74,15,13,5,25,Y6010711,,,,0,30.0,0,0
74,15,13,5,26,Y6010712,,,,0,30.0,0,0
74,15,13,5,27,Y6010713,,,,0,30.0,0,0
74,15,13,5,28,Y6010714,,,,0,30.0,0,0
74,15,13,5,29,Y6010715,,,,0,30.0,0,0
74,15,13,5,30,Y6010716,,,,0,30.0,0,0
74,15,13,6,10,Y6010717,,,,0,30.0,0,0
74,15,13,6,11,Y6010718,,,,0,30.0,0,0
74,15,13,6,12,Y6010719,,,,0,30.0,0,0
74,15,13,6,13,Y6010720,,,,0,30.0,0,0
74,15,13,6,14,Y6010721,,,,0,30.0,0,0
74,15,13,6,15,Y6010722,,,,0,30.0,0,0
74,15,13,6,16,Y6010723,,,,0,30.0,0,0
74,15,13,6,17,Y6010724,,,,0,30.0,0,0
74,15,13,6,18,Y6010725,,,,0,30.0,0,0
74,15,13,6,19,Y6010726,,,,0,30.0,0,0
74,15,13,6,20,Y6010727,,,,0,30.0,0,0
74,15,13,6,21,Y6010728,,,,0,30.0,0,0
74,15,13,6,22,Y6010729,,,,0,30.0,0,0
74,15,13,6,23,Y6010730,,,,0,30.0,0,0
74,15,13,6,24,Y6010731,,,,0,30.0,0,0
74,15,13,6,25,Y6010732,,,,0,30.0,0,0
74,15,13,6,26,Y6010733,,,,0,30.0,0,0
74,15,13,6,27,Y6010734,,,,0,30.0,0,0
74,15,13,6,28,Y6010735,,,,0,30.0,0,0
74,15,13,6,29,Y6010736,,,,0,30.0,0,0
74,15,13,6,30,Y6010737,,,,0,30.0,0,0
74,15,13,7,10,Y6010738,,,,0,30.0,0,0
74,15,13,7,11,Y6010739,,,,0,30.0,0,0
74,15,13,7,12,Y6010740,,,,0,30.0,0,0
74,15,13,7,13,Y6010741,,,,0,30.0,0,0
74,15,13,7,14,Y6010742,,,,0,30.0,0,0
74,15,13,7,15,Y6010743,,,,0,30.0,0,0
74,15,13,7,16,Y6010744,,,,0,30.0,0,0
74,15,13,7,17,Y6010745,,,,0,30.0,0,0
74,15,13,7,18,Y6010746,,,,0,30.0,0,0
74,15,13,7,19,Y6010747,,,,0,30.0,0,0
74,15,13,7,20,Y6010748,,,,0,30.0,0,0
74,15,13,7,21,Y6010749,,,,0,30.0,0,0
74,15,13,7,22,Y6010750,,,,0,30.0,0,0
74,15,13,7,23,Y6010751,,,,0,30.0,0,0
74,15,13,7,24,Y6010752,,,,0,30.0,0,0
74,15,13,7,25,Y6010753,,,,0,30.0,0,0
74,15,13,7,26,Y6010754,,,,0,30.0,0,0
74,15,13,7,27,Y6010755,,,,0,30.0,0,0
74,15,13,7,28,Y6010756,,,,0,30.0,0,0
74,15,13,7,29,Y6010757,,,,0,30.0,0,0
74,15,13,7,30,Y6010758,,,,0,30.0,0,0
74,15,13,8,10,Y6010759,,,,0,30.0,0,0
74,15,13,8,11,Y6010760,,,,0,30.0,0,0
74,15,13,8,12,Y6010761,,,,0,30.0,0,0
74,15,13,8,13,Y6010762,,,,0,30.0,0,0
74,15,13,8,14,Y6010763,,,,0,30.0,0,0
74,15,13,8,15,Y6010764,,,,0,30.0,0,0
74,15,13,8,16,Y6010765,,,,0,30.0,0,0
74,15,13,8,17,Y6010766,,,,0,30.0,0,0
74,15,13,8,18,Y6010767,,,,0,30.0,0,0
74,15,13,8,19,Y6010768,,,,0,30.0,0,0
74,15,13,8,20,Y6010769,,,,0,30.0,0,0
74,15,13,8,21,Y6010770,,,,0,30.0,0,0
74,15,13,8,22,Y6010771,,,,0,30.0,0,0
74,15,13,8,23,Y6010772,,,,0,30.0,0,0
74,15,13,8,24,Y6010773,,,,0,30.0,0,0
74,15,13,8,25,Y6010774,,,,0,30.0,0,0
74,15,13,8,26,Y6010775,,,,0,30.0,0,0
74,15,13,8,27,Y6010776,,,,0,30.0,0,0
74,15,13,8,28,Y6010777,,,,0,30.0,0,0
74,15,13,8,29,Y6010778,,,,0,30.0,0,0
74,15,13,8,30,Y6010779,,,,0,30.0,0,0
74,15,13,9,10,Y6010780,,,,0,30.0,0,0
74,15,13,9,11,Y6010781,,,,0,30.0,0,0
74,15,13,9,12,Y6010782,,,,0,30.0,0,0
74,15,13,9,13,Y6010783,,,,0,30.0,0,0
74,15,13,9,14,Y6010784,,,,0,30.0,0,0
74,15,13,9,15,Y6010785,,,,0,30.0,0,0
74,15,13,9,16,Y6010786,,,,0,30.0,0,0
74,15,13,9,17,Y6010787,,,,0,30.0,0,0
74,15,13,9,18,Y6010788,,,,0,30.0,0,0
74,15,13,9,19,Y6010789,,,,0,30.0,0,0
74,15,13,9,20,Y6010790,,,,0,30.0,0,0
74,15,13,9,21,Y6010791,,,,0,30.0,0,0
74,15,13,9,22,Y6010792,,,,0,30.0,0,0
74,15,13,9,23,Y6010793,,,,0,30.0,0,0
74,15,13,9,24,Y6010794,,,,0,30.0,0,0
74,15,13,9,25,Y6010795,,,,0,30.0,0,0
74,15,13,9,26,Y6010796,,,,0,30.0,0,0
74,15,13,9,27,Y6010797,,,,0,30.0,0,0
74,15,13,9,28,Y6010798,,,,0,30.0,0,0
74,15,13,9,29,Y6010799,,,,0,30.0,0,0
74,15,13,9,30,Y6010800,,,,0,30.0,0,0
74,15,13,10,10,Y6010801,,,,0,30.0,0,0
74,15,13,10,11,Y6010802,,,,0,30.0,0,0
74,15,13,10,12,Y6010803,,,,0,30.0,0,0
74,15,13,10,13,Y6010804,,,,0,30.0,0,0
74,15,13,10,14,Y6010805,,,,0,30.0,0,0
74,15,13,10,15,Y6010806,,,,0,30.0,0,0
74,15,13,10,16,Y6010807,,,,0,30.0,0,0
74,15,13,10,17,Y6010808,,,,0,30.0,0,0
74,15,13,10,18,Y6010809,,,,0,30.0,0,0
74,15,13,10,19,Y6010810,,,,0,30.0,0,0
74,15,13,10,20,Y6010811,,,,0,30.0,0,0
74,15,13,10,21,Y6010812,,,,0,30.0,0,0
74,15,13,10,22,Y6010813,,,,0,30.0,0,0
74,15,13,10,23,Y6010814,,,,0,30.0,0,0
74,15,13,10,24,Y6010815,,,,0,30.0,0,0
74,15,13,10,25,Y6010816,,,,0,30.0,0,0
74,15,13,10,26,Y6010817,,,,0,30.0,0,0
74,15,13,10,27,Y6010818,,,,0,30.0,0,0
74,15,13,10,28,Y6010819,,,,0,30.0,0,0
74,15,13,10,29,Y6010820,,,,0,30.0,0,0
74,15,13,10,30,Y6010821,,,,0,30.0,0,0
74,15,13,11,10,Y6010822,,,,0,30.0,0,0
74,15,13,11,11,Y6010823,,,,0,30.0,0,0
74,15,13,11,12,Y6010824,,,,0,30.0,0,0
74,15,13,11,13,Y6010825,,,,0,30.0,0,0
74,15,13,11,14,Y6010826,,,,0,30.0,0,0
74,15,13,11,15,Y6010827,,,,0,30.0,0,0
74,15,13,11,16,Y6010828,,,,0,30.0,0,0
74,15,13,11,17,Y6010829,,,,0,30.0,0,0
74,15,13,11,18,Y6010830,,,,0,30.0,0,0
74,15,13,11,19,Y6010831,,,,0,30.0,0,0
74,15,13,11,20,Y6010832,,,,0,30.0,0,0
74,15,13,11,21,Y6010833,,,,0,30.0,0,0
74,15,13,11,22,Y6010834,,,,0,30.0,0,0
74,15,13,11,23,Y6010835,,,,0,30.0,0,0
74,15,13,11,24,Y6010836,,,,0,30.0,0,0
74,15,13,11,25,Y6010837,,,,0,30.0,0,0
74,15,13,11,26,Y6010838,,,,0,30.0,0,0
74,15,13,11,27,Y6010839,,,,0,30.0,0,0
74,15,13,11,28,Y6010840,,,,0,30.0,0,0
74,15,13,11,29,Y6010841,,,,0,30.0,0,0
74,15,13,11,30,Y6010842,,,,0,30.0,0,0
74,15,13,12,10,Y6010843,,,,0,30.0,0,0
74,15,13,12,11,Y6010844,,,,0,30.0,0,0
74,15,13,12,12,Y6010845,,,,0,30.0,0,0
74,15,13,12,13,Y6010846,,,,0,30.0,0,0
74,15,13,12,14,Y6010847,,,,0,30.0,0,0
74,15,13,12,15,Y6010848,,,,0,30.0,0,0
74,15,13,12,16,Y6010849,,,,0,30.0,0,0
74,15,13,12,17,Y6010850,,,,0,30.0,0,0
74,15,13,12,18,Y6010851,,,,0,30.0,0,0
74,15,13,12,19,Y6010852,,,,0,30.0,0,0
74,15,13,12,20,Y6010853,,,,0,30.0,0,0
74,15,13,12,21,Y6010854,,,,0,30.0,0,0
74,15,13,12,22,Y6010855,,,,0,30.0,0,0
74,15,13,12,23,Y6010856,,,,0,30.0,0,0
74,15,13,12,24,Y6010857,,,,0,30.0,0,0
74,15,13,12,25,Y6010858,,,,0,30.0,0,0
74,15,13,12,26,Y6010859,,,,0,30.0,0,0
74,15,13,12,27,Y6010860,,,,0,30.0,0,0
74,15,13,12,28,Y6010861,,,,0,30.0,0,0
74,15,13,12,29,Y6010862,,,,0,30.0,0,0
74,15,13,12,30,Y6010863,,,,0,30.0,0,0
74,15,14,1,10,Y6010864,,,,0,30.0,0,0
74,15,14,1,11,Y6010865,,,,0,30.0,0,0
74,15,14,1,12,Y6010866,,,,0,30.0,0,0
74,15,14,1,13,Y6010867,,,,0,30.0,0,0
74,15,14,1,14,Y6010868,,,,0,30.0,0,0
74,15,14,1,15,Y6010869,,,,0,30.0,0,0
74,15,14,1,16,Y6010870,,,,0,30.0,0,0
74,15,14,1,17,Y6010871,,,,0,30.0,0,0
74,15,14,1,18,Y6010872,,,,0,30.0,0,0
74,15,14,1,19,Y6010873,,,,0,30.0,0,0
74,15,14,1,20,Y6010874,,,,0,30.0,0,0
74,15,14,1,21,Y6010875,,,,0,30.0,0,0
74,15,14,1,22,Y6010876,,,,0,30.0,0,0
74,15,14,1,23,Y6010877,,,,0,30.0,0,0
74,15,14,1,24,Y6010878,,,,0,30.0,0,0
74,15,14,1,25,Y6010879,,,,0,30.0,0,0
74,15,14,1,26,Y6010880,,,,0,30.0,0,0
74,15,14,1,27,Y6010881,,,,0,30.0,0,0
74,15,14,1,28,Y6010882,,,,0,30.0,0,0
74,15,14,1,29,Y6010883,,,,0,30.0,0,0
74,15,14,1,30,Y6010884,,,,0,30.0,0,0
74,15,14,2,10,Y6010885,,,,0,30.0,0,0
74,15,14,2,11,Y6010886,,,,0,30.0,0,0
74,15,14,2,12,Y6010887,,,,0,30.0,0,0
74,15,14,2,13,Y6010888,,,,0,30.0,0,0
74,15,14,2,14,Y6010889,,,,0,30.0,0,0
74,15,14,2,15,Y6010890,,,,0,30.0,0,0
74,15,14,2,16,Y6010891,,,,0,30.0,0,0
74,15,14,2,17,Y6010892,,,,0,30.0,0,0
74,15,14,2,18,Y6010893,,,,0,30.0,0,0
74,15,14,2,19,Y6010894,,,,0,30.0,0,0
74,15,14,2,20,Y6010895,,,,0,30.0,0,0
74,15,14,2,21,Y6010896,,,,0,30.0,0,0
74,15,14,2,22,Y6010897,,,,0,30.0,0,0
74,15,14,2,23,Y6010898,,,,0,30.0,0,0
74,15,14,2,24,Y6010899,,,,0,30.0,0,0
74,15,14,2,25,Y6010900,,,,0,30.0,0,0
74,15,14,2,26,Y6010901,,,,0,30.0,0,0
74,15,14,2,27,Y6010902,,,,0,30.0,0,0
74,15,14,2,28,Y6010903,,,,0,30.0,0,0
74,15,14,2,29,Y6010904,,,,0,30.0,0,0
74,15,14,2,30,Y6010905,,,,0,30.0,0,0
74,15,14,3,10,Y6010906,,,,0,30.0,0,0
74,15,14,3,11,Y6010907,,,,0,30.0,0,0
74,15,14,3,12,Y6010908,,,,0,30.0,0,0
74,15,14,3,13,Y6010909,,,,0,30.0,0,0
74,15,14,3,14,Y6010910,,,,0,30.0,0,0
74,15,14,3,15,Y6010911,,,,0,30.0,0,0
74,15,14,3,16,Y6010912,,,,0,30.0,0,0
74,15,14,3,17,Y6010913,,,,0,30.0,0,0
74,15,14,3,18,Y6010914,,,,0,30.0,0,0
74,15,14,3,19,Y6010915,,,,0,30.0,0,0
74,15,14,3,20,Y6010916,,,,0,30.0,0,0
74,15,14,3,21,Y6010917,,,,0,30.0,0,0
74,15,14,3,22,Y6010918,,,,0,30.0,0,0
74,15,14,3,23,Y6010919,,,,0,30.0,0,0
74,15,14,3,24,Y6010920,,,,0,30.0,0,0
74,15,14,3,25,Y6010921,,,,0,30.0,0,0
74,15,14,3,26,Y6010922,,,,0,30.0,0,0
74,15,14,3,27,Y6010923,,,,0,30.0,0,0
74,15,14,3,28,Y6010924,,,,0,30.0,0,0
74,15,14,3,29,Y6010925,,,,0,30.0,0,0
74,15,14,3,30,Y6010926,,,,0,30.0,0,0
74,15,14,4,10,Y6010927,,,,0,30.0,0,0
74,15,14,4,11,Y6010928,,,,0,30.0,0,0
74,15,14,4,12,Y6010929,,,,0,30.0,0,0
74,15,14,4,13,Y6010930,,,,0,30.0,0,0
74,15,14,4,14,Y6010931,,,,0,30.0,0,0
74,15,14,4,15,Y6010932,,,,0,30.0,0,0
74,15,14,4,16,Y6010933,,,,0,30.0,0,0
74,15,14,4,17,Y6010934,,,,0,30.0,0,0
74,15,14,4,18,Y6010935,,,,0,30.0,0,0
74,15,14,4,19,Y6010936,,,,0,30.0,0,0
74,15,14,4,20,Y6010937,,,,0,30.0,0,0
74,15,14,4,21,Y6010938,,,,0,30.0,0,0
74,15,14,4,22,Y6010939,,,,0,30.0,0,0
74,15,14,4,23,Y6010940,,,,0,30.0,0,0
74,15,14,4,24,Y6010941,,,,0,30.0,0,0
74,15,14,4,25,Y6010942,,,,0,30.0,0,0
74,15,14,4,26,Y6010943,,,,0,30.0,0,0
74,15,14,4,27,Y6010944,,,,0,30.0,0,0
74,15,14,4,28,Y6010945,,,,0,30.0,0,0
74,15,14,4,29,Y6010946,,,,0,30.0,0,0
74,15,14,4,30,Y6010947,,,,0,30.0,0,0
74,15,14,5,10,Y6010948,,,,0,30.0,0,0
74,15,14,5,11,Y6010949,,,,0,30.0,0,0
74,15,14,5,12,Y6010950,,,,0,30.0,0,0
74,15,14,5,13,Y6010951,,,,0,30.0,0,0
74,15,14,5,14,Y6010952,,,,0,30.0,0,0
74,15,14,5,15,Y6010953,,,,0,30.0,0,0
74,15,14,5,16,Y6010954,,,,0,30.0,0,0
74,15,14,5,17,Y6010955,,,,0,30.0,0,0
74,15,14,5,18,Y6010956,,,,0,30.0,0,0
74,15,14,5,19,Y6010957,,,,0,30.0,0,0
74,15,14,5,20,Y6010958,,,,0,30.0,0,0
74,15,14,5,21,Y6010959,,,,0,30.0,0,0
74,15,14,5,22,Y6010960,,,,0,30.0,0,0
74,15,14,5,23,Y6010961,,,,0,30.0,0,0
74,15,14,5,24,Y6010962,,,,0,30.0,0,0
74,15,14,5,25,Y6010963,,,,0,30.0,0,0
74,15,14,5,26,Y6010964,,,,0,30.0,0,0
74,15,14,5,27,Y6010965,,,,0,30.0,0,0
74,15,14,5,28,Y6010966,,,,0,30.0,0,0
74,15,14,5,29,Y6010967,,,,0,30.0,0,0
74,15,14,5,30,Y6010968,,,,0,30.0,0,0
74,15,14,6,10,Y6010969,,,,0,30.0,0,0
74,15,14,6,11,Y6010970,,,,0,30.0,0,0
74,15,14,6,12,Y6010971,,,,0,30.0,0,0
74,15,14,6,13,Y6010972,,,,0,30.0,0,0
74,15,14,6,14,Y6010973,,,,0,30.0,0,0
74,15,14,6,15,Y6010974,,,,0,30.0,0,0
74,15,14,6,16,Y6010975,,,,0,30.0,0,0
74,15,14,6,17,Y6010976,,,,0,30.0,0,0
74,15,14,6,18,Y6010977,,,,0,30.0,0,0
74,15,14,6,19,Y6010978,,,,0,30.0,0,0
74,15,14,6,20,Y6010979,,,,0,30.0,0,0
74,15,14,6,21,Y6010980,,,,0,30.0,0,0
74,15,14,6,22,Y6010981,,,,0,30.0,0,0
74,15,14,6,23,Y6010982,,,,0,30.0,0,0
74,15,14,6,24,Y6010983,,,,0,30.0,0,0
74,15,14,6,25,Y6010984,,,,0,30.0,0,0
74,15,14,6,26,Y6010985,,,,0,30.0,0,0
74,15,14,6,27,Y6010986,,,,0,30.0,0,0
74,15,14,6,28,Y6010987,,,,0,30.0,0,0
74,15,14,6,29,Y6010988,,,,0,30.0,0,0
74,15,14,6,30,Y6010989,,,,0,30.0,0,0
74,15,14,7,10,Y6010990,,,,0,30.0,0,0
74,15,14,7,11,Y6010991,,,,0,30.0,0,0
74,15,14,7,12,Y6010992,,,,0,30.0,0,0
74,15,14,7,13,Y6010993,,,,0,30.0,0,0
74,15,14,7,14,Y6010994,,,,0,30.0,0,0
74,15,14,7,15,Y6010995,,,,0,30.0,0,0
74,15,14,7,16,Y6010996,,,,0,30.0,0,0
74,15,14,7,17,Y6010997,,,,0,30.0,0,0
74,15,14,7,18,Y6010998,,,,0,30.0,0,0
74,15,14,7,19,Y6010999,,,,0,30.0,0,0
74,15,14,7,20,Y6011000,,,,0,30.0,0,0
74,15,14,7,21,Y6011001,,,,0,30.0,0,0
74,15,14,7,22,Y6011002,,,,0,30.0,0,0
74,15,14,7,23,Y6011003,,,,0,30.0,0,0
74,15,14,7,24,Y6011004,,,,0,30.0,0,0
74,15,14,7,25,Y6011005,,,,0,30.0,0,0
74,15,14,7,26,Y6011006,,,,0,30.0,0,0
74,15,14,7,27,Y6011007,,,,0,30.0,0,0
74,15,14,7,28,Y6011008,,,,0,30.0,0,0
74,15,14,7,29,Y6011009,,,,0,30.0,0,0
74,15,14,7,30,Y6011010,,,,0,30.0,0,0
74,15,14,8,10,Y6011011,,,,0,30.0,0,0
74,15,14,8,11,Y6011012,,,,0,30.0,0,0
74,15,14,8,12,Y6011013,,,,0,30.0,0,0
74,15,14,8,13,Y6011014,,,,0,30.0,0,0
74,15,14,8,14,Y6011015,,,,0,30.0,0,0
74,15,14,8,15,Y6011016,,,,0,30.0,0,0
74,15,14,8,16,Y6011017,,,,0,30.0,0,0
74,15,14,8,17,Y6011018,,,,0,30.0,0,0
74,15,14,8,18,Y6011019,,,,0,30.0,0,0
74,15,14,8,19,Y6011020,,,,0,30.0,0,0
74,15,14,8,20,Y6011021,,,,0,30.0,0,0
74,15,14,8,21,Y6011022,,,,0,30.0,0,0
74,15,14,8,22,Y6011023,,,,0,30.0,0,0
74,15,14,8,23,Y6011024,,,,0,30.0,0,0
74,15,14,8,24,Y6011025,,,,0,30.0,0,0
74,15,14,8,25,Y6011026,,,,0,30.0,0,0
74,15,14,8,26,Y6011027,,,,0,30.0,0,0
74,15,14,8,27,Y6011028,,,,0,30.0,0,0
74,15,14,8,28,Y6011029,,,,0,30.0,0,0
74,15,14,8,29,Y6011030,,,,0,30.0,0,0
74,15,14,8,30,Y6011031,,,,0,30.0,0,0
74,15,14,9,10,Y6011032,,,,0,30.0,0,0
74,15,14,9,11,Y6011033,,,,0,30.0,0,0
74,15,14,9,12,Y6011034,,,,0,30.0,0,0
74,15,14,9,13,Y6011035,,,,0,30.0,0,0
74,15,14,9,14,Y6011036,,,,0,30.0,0,0
74,15,14,9,15,Y6011037,,,,0,30.0,0,0
74,15,14,9,16,Y6011038,,,,0,30.0,0,0
74,15,14,9,17,Y6011039,,,,0,30.0,0,0
74,15,14,9,18,Y6011040,,,,0,30.0,0,0
74,15,14,9,19,Y6011041,,,,0,30.0,0,0
74,15,14,9,20,Y6011042,,,,0,30.0,0,0
74,15,14,9,21,Y6011043,,,,0,30.0,0,0
74,15,14,9,22,Y6011044,,,,0,30.0,0,0
74,15,14,9,23,Y6011045,,,,0,30.0,0,0
74,15,14,9,24,Y6011046,,,,0,30.0,0,0
74,15,14,9,25,Y6011047,,,,0,30.0,0,0
74,15,14,9,26,Y6011048,,,,0,30.0,0,0
74,15,14,9,27,Y6011049,,,,0,30.0,0,0
74,15,14,9,28,Y6011050,,,,0,30.0,0,0
74,15,14,9,29,Y6011051,,,,0,30.0,0,0
74,15,14,9,30,Y6011052,,,,0,30.0,0,0
74,15,14,10,10,Y6011053,,,,0,30.0,0,0
74,15,14,10,11,Y6011054,,,,0,30.0,0,0
74,15,14,10,12,Y6011055,,,,0,30.0,0,0
74,15,14,10,13,Y6011056,,,,0,30.0,0,0
74,15,14,10,14,Y6011057,,,,0,30.0,0,0
74,15,14,10,15,Y6011058,,,,0,30.0,0,0
74,15,14,10,16,Y6011059,,,,0,30.0,0,0
74,15,14,10,17,Y6011060,,,,0,30.0,0,0
74,15,14,10,18,Y6011061,,,,0,30.0,0,0
74,15,14,10,19,Y6011062,,,,0,30.0,0,0
74,15,14,10,20,Y6011063,,,,0,30.0,0,0
74,15,14,10,21,Y6011064,,,,0,30.0,0,0
74,15,14,10,22,Y6011065,,,,0,30.0,0,0
74,15,14,10,23,Y6011066,,,,0,30.0,0,0
74,15,14,10,24,Y6011067,,,,0,30.0,0,0
74,15,14,10,25,Y6011068,,,,0,30.0,0,0
74,15,14,10,26,Y6011069,,,,0,30.0,0,0
74,15,14,10,27,Y6011070,,,,0,30.0,0,0
74,15,14,10,28,Y6011071,,,,0,30.0,0,0
74,15,14,10,29,Y6011072,,,,0,30.0,0,0
74,15,14,10,30,Y6011073,,,,0,30.0,0,0
74,15,14,11,10,Y6011074,,,,0,30.0,0,0
74,15,14,11,11,Y6011075,,,,0,30.0,0,0
74,15,14,11,12,Y6011076,,,,0,30.0,0,0
74,15,14,11,13,Y6011077,,,,0,30.0,0,0
74,15,14,11,14,Y6011078,,,,0,30.0,0,0
74,15,14,11,15,Y6011079,,,,0,30.0,0,0
74,15,14,11,16,Y6011080,,,,0,30.0,0,0
74,15,14,11,17,Y6011081,,,,0,30.0,0,0
74,15,14,11,18,Y6011082,,,,0,30.0,0,0
74,15,14,11,19,Y6011083,,,,0,30.0,0,0
74,15,14,11,20,Y6011084,,,,0,30.0,0,0
74,15,14,11,21,Y6011085,,,,0,30.0,0,0
74,15,14,11,22,Y6011086,,,,0,30.0,0,0
74,15,14,11,23,Y6011087,,,,0,30.0,0,0
74,15,14,11,24,Y6011088,,,,0,30.0,0,0
74,15,14,11,25,Y6011089,,,,0,30.0,0,0
74,15,14,11,26,Y6011090,,,,0,30.0,0,0
74,15,14,11,27,Y6011091,,,,0,30.0,0,0
74,15,14,11,28,Y6011092,,,,0,30.0,0,0
74,15,14,11,29,Y6011093,,,,0,30.0,0,0
74,15,14,11,30,Y6011094,,,,0,30.0,0,0
74,15,14,12,10,Y6011095,,,,0,30.0,0,0
74,15,14,12,11,Y6011096,,,,0,30.0,0,0
74,15,14,12,12,Y6011097,,,,0,30.0,0,0
74,15,14,12,13,Y6011098,,,,0,30.0,0,0
74,15,14,12,14,Y6011099,,,,0,30.0,0,0
74,15,14,12,15,Y6011100,,,,0,30.0,0,0
74,15,14,12,16,Y6011101,,,,0,30.0,0,0
74,15,14,12,17,Y6011102,,,,0,30.0,0,0
74,15,14,12,18,Y6011103,,,,0,30.0,0,0
74,15,14,12,19,Y6011104,,,,0,30.0,0,0
74,15,14,12,20,Y6011105,,,,0,30.0,0,0
74,15,14,12,21,Y6011106,,,,0,30.0,0,0
74,15,14,12,22,Y6011107,,,,0,30.0,0,0
74,15,14,12,23,Y6011108,,,,0,30.0,0,0
74,15,14,12,24,Y6011109,,,,0,30.0,0,0
74,15,14,12,25,Y6011110,,,,0,30.0,0,0
74,15,14,12,26,Y6011111,,,,0,30.0,0,0
74,15,14,12,27,Y6011112,,,,0,30.0,0,0
74,15,14,12,28,Y6011113,,,,0,30.0,0,0
74,15,14,12,29,Y6011114,,,,0,30.0,0,0
74,15,14,12,30,Y6011115,,,,0,30.0,0,0
74,15,15,1,10,Y6011116,,,,0,30.0,0,0
74,15,15,1,11,Y6011117,,,,0,30.0,0,0
74,15,15,1,12,Y6011118,,,,0,30.0,0,0
74,15,15,1,13,Y6011119,,,,0,30.0,0,0
74,15,15,1,14,Y6011120,,,,0,30.0,0,0
74,15,15,1,15,Y6011121,,,,0,30.0,0,0
74,15,15,1,16,Y6011122,,,,0,30.0,0,0
74,15,15,1,17,Y6011123,,,,0,30.0,0,0
74,15,15,1,18,Y6011124,,,,0,30.0,0,0
74,15,15,1,19,Y6011125,,,,0,30.0,0,0
74,15,15,1,20,Y6011126,,,,0,30.0,0,0
74,15,15,1,21,Y6011127,,,,0,30.0,0,0
74,15,15,1,22,Y6011128,,,,0,30.0,0,0
74,15,15,1,23,Y6011129,,,,0,30.0,0,0
74,15,15,1,24,Y6011130,,,,0,30.0,0,0
74,15,15,1,25,Y6011131,,,,0,30.0,0,0
74,15,15,1,26,Y6011132,,,,0,30.0,0,0
74,15,15,1,27,Y6011133,,,,0,30.0,0,0
74,15,15,1,28,Y6011134,,,,0,30.0,0,0
74,15,15,1,29,Y6011135,,,,0,30.0,0,0
74,15,15,1,30,Y6011136,,,,0,30.0,0,0
74,15,15,2,10,Y6011137,,,,0,30.0,0,0
74,15,15,2,11,Y6011138,,,,0,30.0,0,0
74,15,15,2,12,Y6011139,,,,0,30.0,0,0
74,15,15,2,13,Y6011140,,,,0,30.0,0,0
74,15,15,2,14,Y6011141,,,,0,30.0,0,0
74,15,15,2,15,Y6011142,,,,0,30.0,0,0
74,15,15,2,16,Y6011143,,,,0,30.0,0,0
74,15,15,2,17,Y6011144,,,,0,30.0,0,0
74,15,15,2,18,Y6011145,,,,0,30.0,0,0
74,15,15,2,19,Y6011146,,,,0,30.0,0,0
74,15,15,2,20,Y6011147,,,,0,30.0,0,0
74,15,15,2,21,Y6011148,,,,0,30.0,0,0
74,15,15,2,22,Y6011149,,,,0,30.0,0,0
74,15,15,2,23,Y6011150,,,,0,30.0,0,0
74,15,15,2,24,Y6011151,,,,0,30.0,0,0
74,15,15,2,25,Y6011152,,,,0,30.0,0,0
74,15,15,2,26,Y6011153,,,,0,30.0,0,0
74,15,15,2,27,Y6011154,,,,0,30.0,0,0
74,15,15,2,28,Y6011155,,,,0,30.0,0,0
74,15,15,2,29,Y6011156,,,,0,30.0,0,0
74,15,15,2,30,Y6011157,,,,0,30.0,0,0
74,15,15,3,10,Y6011158,,,,0,30.0,0,0
74,15,15,3,11,Y6011159,,,,0,30.0,0,0
74,15,15,3,12,Y6011160,,,,0,30.0,0,0
74,15,15,3,13,Y6011161,,,,0,30.0,0,0
74,15,15,3,14,Y6011162,,,,0,30.0,0,0
74,15,15,3,15,Y6011163,,,,0,30.0,0,0
74,15,15,3,16,Y6011164,,,,0,30.0,0,0
74,15,15,3,17,Y6011165,,,,0,30.0,0,0
74,15,15,3,18,Y6011166,,,,0,30.0,0,0
74,15,15,3,19,Y6011167,,,,0,30.0,0,0
74,15,15,3,20,Y6011168,,,,0,30.0,0,0
74,15,15,3,21,Y6011169,,,,0,30.0,0,0
74,15,15,3,22,Y6011170,,,,0,30.0,0,0
74,15,15,3,23,Y6011171,,,,0,30.0,0,0
74,15,15,3,24,Y6011172,,,,0,30.0,0,0
74,15,15,3,25,Y6011173,,,,0,30.0,0,0
74,15,15,3,26,Y6011174,,,,0,30.0,0,0
74,15,15,3,27,Y6011175,,,,0,30.0,0,0
74,15,15,3,28,Y6011176,,,,0,30.0,0,0
74,15,15,3,29,Y6011177,,,,0,30.0,0,0
74,15,15,3,30,Y6011178,,,,0,30.0,0,0
74,15,15,4,10,Y6011179,,,,0,30.0,0,0
74,15,15,4,11,Y6011180,,,,0,30.0,0,0
74,15,15,4,12,Y6011181,,,,0,30.0,0,0
74,15,15,4,13,Y6011182,,,,0,30.0,0,0
74,15,15,4,14,Y6011183,,,,0,30.0,0,0
74,15,15,4,15,Y6011184,,,,0,30.0,0,0
74,15,15,4,16,Y6011185,,,,0,30.0,0,0
74,15,15,4,17,Y6011186,,,,0,30.0,0,0
74,15,15,4,18,Y6011187,,,,0,30.0,0,0
74,15,15,4,19,Y6011188,,,,0,30.0,0,0
74,15,15,4,20,Y6011189,,,,0,30.0,0,0
74,15,15,4,21,Y6011190,,,,0,30.0,0,0
74,15,15,4,22,Y6011191,,,,0,30.0,0,0
74,15,15,4,23,Y6011192,,,,0,30.0,0,0
74,15,15,4,24,Y6011193,,,,0,30.0,0,0
74,15,15,4,25,Y6011194,,,,0,30.0,0,0
74,15,15,4,26,Y6011195,,,,0,30.0,0,0
74,15,15,4,27,Y6011196,,,,0,30.0,0,0
74,15,15,4,28,Y6011197,,,,0,30.0,0,0
74,15,15,4,29,Y6011198,,,,0,30.0,0,0
74,15,15,4,30,Y6011199,,,,0,30.0,0,0
74,15,15,5,10,Y6011200,,,,0,30.0,0,0
74,15,15,5,11,Y6011201,,,,0,30.0,0,0
74,15,15,5,12,Y6011202,,,,0,30.0,0,0
74,15,15,5,13,Y6011203,,,,0,30.0,0,0
74,15,15,5,14,Y6011204,,,,0,30.0,0,0
74,15,15,5,15,Y6011205,,,,0,30.0,0,0
74,15,15,5,16,Y6011206,,,,0,30.0,0,0
74,15,15,5,17,Y6011207,,,,0,30.0,0,0
74,15,15,5,18,Y6011208,,,,0,30.0,0,0
74,15,15,5,19,Y6011209,,,,0,30.0,0,0
74,15,15,5,20,Y6011210,,,,0,30.0,0,0
74,15,15,5,21,Y6011211,,,,0,30.0,0,0
74,15,15,5,22,Y6011212,,,,0,30.0,0,0
74,15,15,5,23,Y6011213,,,,0,30.0,0,0
74,15,15,5,24,Y6011214,,,,0,30.0,0,0
74,15,15,5,25,Y6011215,,,,0,30.0,0,0
74,15,15,5,26,Y6011216,,,,0,30.0,0,0
74,15,15,5,27,Y6011217,,,,0,30.0,0,0
74,15,15,5,28,Y6011218,,,,0,30.0,0,0
74,15,15,5,29,Y6011219,,,,0,30.0,0,0
74,15,15,5,30,Y6011220,,,,0,30.0,0,0
74,15,15,6,10,Y6011221,,,,0,30.0,0,0
74,15,15,6,11,Y6011222,,,,0,30.0,0,0
74,15,15,6,12,Y6011223,,,,0,30.0,0,0
74,15,15,6,13,Y6011224,,,,0,30.0,0,0
74,15,15,6,14,Y6011225,,,,0,30.0,0,0
74,15,15,6,15,Y6011226,,,,0,30.0,0,0
74,15,15,6,16,Y6011227,,,,0,30.0,0,0
74,15,15,6,17,Y6011228,,,,0,30.0,0,0
74,15,15,6,18,Y6011229,,,,0,30.0,0,0
74,15,15,6,19,Y6011230,,,,0,30.0,0,0
74,15,15,6,20,Y6011231,,,,0,30.0,0,0
74,15,15,6,21,Y6011232,,,,0,30.0,0,0
74,15,15,6,22,Y6011233,,,,0,30.0,0,0
74,15,15,6,23,Y6011234,,,,0,30.0,0,0
74,15,15,6,24,Y6011235,,,,0,30.0,0,0
74,15,15,6,25,Y6011236,,,,0,30.0,0,0
74,15,15,6,26,Y6011237,,,,0,30.0,0,0
74,15,15,6,27,Y6011238,,,,0,30.0,0,0
74,15,15,6,28,Y6011239,,,,0,30.0,0,0
74,15,15,6,29,Y6011240,,,,0,30.0,0,0
74,15,15,6,30,Y6011241,,,,0,30.0,0,0
74,15,15,7,10,Y6011242,,,,0,30.0,0,0
74,15,15,7,11,Y6011243,,,,0,30.0,0,0
74,15,15,7,12,Y6011244,,,,0,30.0,0,0
74,15,15,7,13,Y6011245,,,,0,30.0,0,0
74,15,15,7,14,Y6011246,,,,0,30.0,0,0
74,15,15,7,15,Y6011247,,,,0,30.0,0,0
74,15,15,7,16,Y6011248,,,,0,30.0,0,0
74,15,15,7,17,Y6011249,,,,0,30.0,0,0
74,15,15,7,18,Y6011250,,,,0,30.0,0,0
74,15,15,7,19,Y6011251,,,,0,30.0,0,0
74,15,15,7,20,Y6011252,,,,0,30.0,0,0
74,15,15,7,21,Y6011253,,,,0,30.0,0,0
74,15,15,7,22,Y6011254,,,,0,30.0,0,0
74,15,15,7,23,Y6011255,,,,0,30.0,0,0
74,15,15,7,24,Y6011256,,,,0,30.0,0,0
74,15,15,7,25,Y6011257,,,,0,30.0,0,0
74,15,15,7,26,Y6011258,,,,0,30.0,0,0
74,15,15,7,27,Y6011259,,,,0,30.0,0,0
74,15,15,7,28,Y6011260,,,,0,30.0,0,0
74,15,15,7,29,Y6011261,,,,0,30.0,0,0
74,15,15,7,30,Y6011262,,,,0,30.0,0,0
74,15,15,8,10,Y6011263,,,,0,30.0,0,0
74,15,15,8,11,Y6011264,,,,0,30.0,0,0
74,15,15,8,12,Y6011265,,,,0,30.0,0,0
74,15,15,8,13,Y6011266,,,,0,30.0,0,0
74,15,15,8,14,Y6011267,,,,0,30.0,0,0
74,15,15,8,15,Y6011268,,,,0,30.0,0,0
74,15,15,8,16,Y6011269,,,,0,30.0,0,0
74,15,15,8,17,Y6011270,,,,0,30.0,0,0
74,15,15,8,18,Y6011271,,,,0,30.0,0,0
74,15,15,8,19,Y6011272,,,,0,30.0,0,0
74,15,15,8,20,Y6011273,,,,0,30.0,0,0
74,15,15,8,21,Y6011274,,,,0,30.0,0,0
74,15,15,8,22,Y6011275,,,,0,30.0,0,0
74,15,15,8,23,Y6011276,,,,0,30.0,0,0
74,15,15,8,24,Y6011277,,,,0,30.0,0,0
74,15,15,8,25,Y6011278,,,,0,30.0,0,0
74,15,15,8,26,Y6011279,,,,0,30.0,0,0
74,15,15,8,27,Y6011280,,,,0,30.0,0,0
74,15,15,8,28,Y6011281,,,,0,30.0,0,0
74,15,15,8,29,Y6011282,,,,0,30.0,0,0
74,15,15,8,30,Y6011283,,,,0,30.0,0,0
74,15,15,9,10,Y6011284,,,,0,30.0,0,0
74,15,15,9,11,Y6011285,,,,0,30.0,0,0
74,15,15,9,12,Y6011286,,,,0,30.0,0,0
74,15,15,9,13,Y6011287,,,,0,30.0,0,0
74,15,15,9,14,Y6011288,,,,0,30.0,0,0
74,15,15,9,15,Y6011289,,,,0,30.0,0,0
74,15,15,9,16,Y6011290,,,,0,30.0,0,0
74,15,15,9,17,Y6011291,,,,0,30.0,0,0
74,15,15,9,18,Y6011292,,,,0,30.0,0,0
74,15,15,9,19,Y6011293,,,,0,30.0,0,0
74,15,15,9,20,Y6011294,,,,0,30.0,0,0
74,15,15,9,21,Y6011295,,,,0,30.0,0,0
74,15,15,9,22,Y6011296,,,,0,30.0,0,0
74,15,15,9,23,Y6011297,,,,0,30.0,0,0
74,15,15,9,24,Y6011298,,,,0,30.0,0,0
74,15,15,9,25,Y6011299,,,,0,30.0,0,0
74,15,15,9,26,Y6011300,,,,0,30.0,0,0
74,15,15,9,27,Y6011301,,,,0,30.0,0,0
74,15,15,9,28,Y6011302,,,,0,30.0,0,0
74,15,15,9,29,Y6011303,,,,0,30.0,0,0
74,15,15,9,30,Y6011304,,,,0,30.0,0,0
74,15,15,10,10,Y6011305,,,,0,30.0,0,0
74,15,15,10,11,Y6011306,,,,0,30.0,0,0
74,15,15,10,12,Y6011307,,,,0,30.0,0,0
74,15,15,10,13,Y6011308,,,,0,30.0,0,0
74,15,15,10,14,Y6011309,,,,0,30.0,0,0
74,15,15,10,15,Y6011310,,,,0,30.0,0,0
74,15,15,10,16,Y6011311,,,,0,30.0,0,0
74,15,15,10,17,Y6011312,,,,0,30.0,0,0
74,15,15,10,18,Y6011313,,,,0,30.0,0,0
74,15,15,10,19,Y6011314,,,,0,30.0,0,0
74,15,15,10,20,Y6011315,,,,0,30.0,0,0
74,15,15,10,21,Y6011316,,,,0,30.0,0,0
74,15,15,10,22,Y6011317,,,,0,30.0,0,0
74,15,15,10,23,Y6011318,,,,0,30.0,0,0
74,15,15,10,24,Y6011319,,,,0,30.0,0,0
74,15,15,10,25,Y6011320,,,,0,30.0,0,0
74,15,15,10,26,Y6011321,,,,0,30.0,0,0
74,15,15,10,27,Y6011322,,,,0,30.0,0,0
74,15,15,10,28,Y6011323,,,,0,30.0,0,0
74,15,15,10,29,Y6011324,,,,0,30.0,0,0
74,15,15,10,30,Y6011325,,,,0,30.0,0,0
74,15,15,11,10,Y6011326,,,,0,30.0,0,0
74,15,15,11,11,Y6011327,,,,0,30.0,0,0
74,15,15,11,12,Y6011328,,,,0,30.0,0,0
74,15,15,11,13,Y6011329,,,,0,30.0,0,0
74,15,15,11,14,Y6011330,,,,0,30.0,0,0
74,15,15,11,15,Y6011331,,,,0,30.0,0,0
74,15,15,11,16,Y6011332,,,,0,30.0,0,0
74,15,15,11,17,Y6011333,,,,0,30.0,0,0
74,15,15,11,18,Y6011334,,,,0,30.0,0,0
74,15,15,11,19,Y6011335,,,,0,30.0,0,0
74,15,15,11,20,Y6011336,,,,0,30.0,0,0
74,15,15,11,21,Y6011337,,,,0,30.0,0,0
74,15,15,11,22,Y6011338,,,,0,30.0,0,0
74,15,15,11,23,Y6011339,,,,0,30.0,0,0
74,15,15,11,24,Y6011340,,,,0,30.0,0,0
74,15,15,11,25,Y6011341,,,,0,30.0,0,0
74,15,15,11,26,Y6011342,,,,0,30.0,0,0
74,15,15,11,27,Y6011343,,,,0,30.0,0,0
74,15,15,11,28,Y6011344,,,,0,30.0,0,0
74,15,15,11,29,Y6011345,,,,0,30.0,0,0
74,15,15,11,30,Y6011346,,,,0,30.0,0,0
74,15,15,12,10,Y6011347,,,,0,30.0,0,0
74,15,15,12,11,Y6011348,,,,0,30.0,0,0
74,15,15,12,12,Y6011349,,,,0,30.0,0,0
74,15,15,12,13,Y6011350,,,,0,30.0,0,0
74,15,15,12,14,Y6011351,,,,0,30.0,0,0
74,15,15,12,15,Y6011352,,,,0,30.0,0,0
74,15,15,12,16,Y6011353,,,,0,30.0,0,0
74,15,15,12,17,Y6011354,,,,0,30.0,0,0
74,15,15,12,18,Y6011355,,,,0,30.0,0,0
74,15,15,12,19,Y6011356,,,,0,30.0,0,0
74,15,15,12,20,Y6011357,,,,0,30.0,0,0
74,15,15,12,21,Y6011358,,,,0,30.0,0,0
74,15,15,12,22,Y6011359,,,,0,30.0,0,0
74,15,15,12,23,Y6011360,,,,0,30.0,0,0
74,15,15,12,24,Y6011361,,,,0,30.0,0,0
74,15,15,12,25,Y6011362,,,,0,30.0,0,0
74,15,15,12,26,Y6011363,,,,0,30.0,0,0
74,15,15,12,27,Y6011364,,,,0,30.0,0,0
74,15,15,12,28,Y6011365,,,,0,30.0,0,0
74,15,15,12,29,Y6011366,,,,0,30.0,0,0
74,15,15,12,30,Y6011367,,,,0,30.0,0,0
74,15,16,1,10,Y6011368,,,,0,30.0,0,0
74,15,16,1,11,Y6011369,,,,0,30.0,0,0
74,15,16,1,12,Y6011370,,,,0,30.0,0,0
74,15,16,1,13,Y6011371,,,,0,30.0,0,0
74,15,16,1,14,Y6011372,,,,0,30.0,0,0
74,15,16,1,15,Y6011373,,,,0,30.0,0,0
74,15,16,1,16,Y6011374,,,,0,30.0,0,0
74,15,16,1,17,Y6011375,,,,0,30.0,0,0
74,15,16,1,18,Y6011376,,,,0,30.0,0,0
74,15,16,1,19,Y6011377,,,,0,30.0,0,0
74,15,16,1,20,Y6011378,,,,0,30.0,0,0
74,15,16,1,21,Y6011379,,,,0,30.0,0,0
74,15,16,1,22,Y6011380,,,,0,30.0,0,0
74,15,16,1,23,Y6011381,,,,0,30.0,0,0
74,15,16,1,24,Y6011382,,,,0,30.0,0,0
74,15,16,1,25,Y6011383,,,,0,30.0,0,0
74,15,16,1,26,Y6011384,,,,0,30.0,0,0
74,15,16,1,27,Y6011385,,,,0,30.0,0,0
74,15,16,1,28,Y6011386,,,,0,30.0,0,0
74,15,16,1,29,Y6011387,,,,0,30.0,0,0
74,15,16,1,30,Y6011388,,,,0,30.0,0,0
74,15,16,2,10,Y6011389,,,,0,30.0,0,0
74,15,16,2,11,Y6011390,,,,0,30.0,0,0
74,15,16,2,12,Y6011391,,,,0,30.0,0,0
74,15,16,2,13,Y6011392,,,,0,30.0,0,0
74,15,16,2,14,Y6011393,,,,0,30.0,0,0
74,15,16,2,15,Y6011394,,,,0,30.0,0,0
74,15,16,2,16,Y6011395,,,,0,30.0,0,0
74,15,16,2,17,Y6011396,,,,0,30.0,0,0
74,15,16,2,18,Y6011397,,,,0,30.0,0,0
74,15,16,2,19,Y6011398,,,,0,30.0,0,0
74,15,16,2,20,Y6011399,,,,0,30.0,0,0
74,15,16,2,21,Y6011400,,,,0,30.0,0,0
74,15,16,2,22,Y6011401,,,,0,30.0,0,0
74,15,16,2,23,Y6011402,,,,0,30.0,0,0
74,15,16,2,24,Y6011403,,,,0,30.0,0,0
74,15,16,2,25,Y6011404,,,,0,30.0,0,0
74,15,16,2,26,Y6011405,,,,0,30.0,0,0
74,15,16,2,27,Y6011406,,,,0,30.0,0,0
74,15,16,2,28,Y6011407,,,,0,30.0,0,0
74,15,16,2,29,Y6011408,,,,0,30.0,0,0
74,15,16,2,30,Y6011409,,,,0,30.0,0,0
74,15,16,3,10,Y6011410,,,,0,30.0,0,0
74,15,16,3,11,Y6011411,,,,0,30.0,0,0
74,15,16,3,12,Y6011412,,,,0,30.0,0,0
74,15,16,3,13,Y6011413,,,,0,30.0,0,0
74,15,16,3,14,Y6011414,,,,0,30.0,0,0
74,15,16,3,15,Y6011415,,,,0,30.0,0,0
74,15,16,3,16,Y6011416,,,,0,30.0,0,0
74,15,16,3,17,Y6011417,,,,0,30.0,0,0
74,15,16,3,18,Y6011418,,,,0,30.0,0,0
74,15,16,3,19,Y6011419,,,,0,30.0,0,0
74,15,16,3,20,Y6011420,,,,0,30.0,0,0
74,15,16,3,21,Y6011421,,,,0,30.0,0,0
74,15,16,3,22,Y6011422,,,,0,30.0,0,0
74,15,16,3,23,Y6011423,,,,0,30.0,0,0
74,15,16,3,24,Y6011424,,,,0,30.0,0,0
74,15,16,3,25,Y6011425,,,,0,30.0,0,0
74,15,16,3,26,Y6011426,,,,0,30.0,0,0
74,15,16,3,27,Y6011427,,,,0,30.0,0,0
74,15,16,3,28,Y6011428,,,,0,30.0,0,0
74,15,16,3,29,Y6011429,,,,0,30.0,0,0
74,15,16,3,30,Y6011430,,,,0,30.0,0,0
74,15,16,4,10,Y6011431,,,,0,30.0,0,0
74,15,16,4,11,Y6011432,,,,0,30.0,0,0
74,15,16,4,12,Y6011433,,,,0,30.0,0,0
74,15,16,4,13,Y6011434,,,,0,30.0,0,0
74,15,16,4,14,Y6011435,,,,0,30.0,0,0
74,15,16,4,15,Y6011436,,,,0,30.0,0,0
74,15,16,4,16,Y6011437,,,,0,30.0,0,0
74,15,16,4,17,Y6011438,,,,0,30.0,0,0
74,15,16,4,18,Y6011439,,,,0,30.0,0,0
74,15,16,4,19,Y6011440,,,,0,30.0,0,0
74,15,16,4,20,Y6011441,,,,0,30.0,0,0
74,15,16,4,21,Y6011442,,,,0,30.0,0,0
74,15,16,4,22,Y6011443,,,,0,30.0,0,0
74,15,16,4,23,Y6011444,,,,0,30.0,0,0
74,15,16,4,24,Y6011445,,,,0,30.0,0,0
74,15,16,4,25,Y6011446,,,,0,30.0,0,0
74,15,16,4,26,Y6011447,,,,0,30.0,0,0
74,15,16,4,27,Y6011448,,,,0,30.0,0,0
74,15,16,4,28,Y6011449,,,,0,30.0,0,0
74,15,16,4,29,Y6011450,,,,0,30.0,0,0
74,15,16,4,30,Y6011451,,,,0,30.0,0,0
74,15,16,5,10,Y6011452,,,,0,30.0,0,0
74,15,16,5,11,Y6011453,,,,0,30.0,0,0
74,15,16,5,12,Y6011454,,,,0,30.0,0,0
74,15,16,5,13,Y6011455,,,,0,30.0,0,0
74,15,16,5,14,Y6011456,,,,0,30.0,0,0
74,15,16,5,15,Y6011457,,,,0,30.0,0,0
74,15,16,5,16,Y6011458,,,,0,30.0,0,0
74,15,16,5,17,Y6011459,,,,0,30.0,0,0
74,15,16,5,18,Y6011460,,,,0,30.0,0,0
74,15,16,5,19,Y6011461,,,,0,30.0,0,0
74,15,16,5,20,Y6011462,,,,0,30.0,0,0
74,15,16,5,21,Y6011463,,,,0,30.0,0,0
74,15,16,5,22,Y6011464,,,,0,30.0,0,0
74,15,16,5,23,Y6011465,,,,0,30.0,0,0
74,15,16,5,24,Y6011466,,,,0,30.0,0,0
74,15,16,5,25,Y6011467,,,,0,30.0,0,0
74,15,16,5,26,Y6011468,,,,0,30.0,0,0
74,15,16,5,27,Y6011469,,,,0,30.0,0,0
74,15,16,5,28,Y6011470,,,,0,30.0,0,0
74,15,16,5,29,Y6011471,,,,0,30.0,0,0
74,15,16,5,30,Y6011472,,,,0,30.0,0,0
74,15,16,6,10,Y6011473,,,,0,30.0,0,0
74,15,16,6,11,Y6011474,,,,0,30.0,0,0
74,15,16,6,12,Y6011475,,,,0,30.0,0,0
74,15,16,6,13,Y6011476,,,,0,30.0,0,0
74,15,16,6,14,Y6011477,,,,0,30.0,0,0
74,15,16,6,15,Y6011478,,,,0,30.0,0,0
74,15,16,6,16,Y6011479,,,,0,30.0,0,0
74,15,16,6,17,Y6011480,,,,0,30.0,0,0
74,15,16,6,18,Y6011481,,,,0,30.0,0,0
74,15,16,6,19,Y6011482,,,,0,30.0,0,0
74,15,16,6,20,Y6011483,,,,0,30.0,0,0
74,15,16,6,21,Y6011484,,,,0,30.0,0,0
74,15,16,6,22,Y6011485,,,,0,30.0,0,0
74,15,16,6,23,Y6011486,,,,0,30.0,0,0
74,15,16,6,24,Y6011487,,,,0,30.0,0,0
74,15,16,6,25,Y6011488,,,,0,30.0,0,0
74,15,16,6,26,Y6011489,,,,0,30.0,0,0
74,15,16,6,27,Y6011490,,,,0,30.0,0,0
74,15,16,6,28,Y6011491,,,,0,30.0,0,0
74,15,16,6,29,Y6011492,,,,0,30.0,0,0
74,15,16,6,30,Y6011493,,,,0,30.0,0,0
74,15,16,7,10,Y6011494,,,,0,30.0,0,0
74,15,16,7,11,Y6011495,,,,0,30.0,0,0
74,15,16,7,12,Y6011496,,,,0,30.0,0,0
74,15,16,7,13,Y6011497,,,,0,30.0,0,0
74,15,16,7,14,Y6011498,,,,0,30.0,0,0
74,15,16,7,15,Y6011499,,,,0,30.0,0,0
74,15,16,7,16,Y6011500,,,,0,30.0,0,0
74,15,16,7,17,Y6011501,,,,0,30.0,0,0
74,15,16,7,18,Y6011502,,,,0,30.0,0,0
74,15,16,7,19,Y6011503,,,,0,30.0,0,0
74,15,16,7,20,Y6011504,,,,0,30.0,0,0
74,15,16,7,21,Y6011505,,,,0,30.0,0,0
74,15,16,7,22,Y6011506,,,,0,30.0,0,0
74,15,16,7,23,Y6011507,,,,0,30.0,0,0
74,15,16,7,24,Y6011508,,,,0,30.0,0,0
74,15,16,7,25,Y6011509,,,,0,30.0,0,0
74,15,16,7,26,Y6011510,,,,0,30.0,0,0
74,15,16,7,27,Y6011511,,,,0,30.0,0,0
74,15,16,7,28,Y6011512,,,,0,30.0,0,0
74,15,16,7,29,Y6011513,,,,0,30.0,0,0
74,15,16,7,30,Y6011514,,,,0,30.0,0,0
74,15,16,8,10,Y6011515,,,,0,30.0,0,0
74,15,16,8,11,Y6011516,,,,0,30.0,0,0
74,15,16,8,12,Y6011517,,,,0,30.0,0,0
74,15,16,8,13,Y6011518,,,,0,30.0,0,0
74,15,16,8,14,Y6011519,,,,0,30.0,0,0
74,15,16,8,15,Y6011520,,,,0,30.0,0,0
74,15,16,8,16,Y6011521,,,,0,30.0,0,0
74,15,16,8,17,Y6011522,,,,0,30.0,0,0
74,15,16,8,18,Y6011523,,,,0,30.0,0,0
74,15,16,8,19,Y6011524,,,,0,30.0,0,0
74,15,16,8,20,Y6011525,,,,0,30.0,0,0
74,15,16,8,21,Y6011526,,,,0,30.0,0,0
74,15,16,8,22,Y6011527,,,,0,30.0,0,0
74,15,16,8,23,Y6011528,,,,0,30.0,0,0
74,15,16,8,24,Y6011529,,,,0,30.0,0,0
74,15,16,8,25,Y6011530,,,,0,30.0,0,0
74,15,16,8,26,Y6011531,,,,0,30.0,0,0
74,15,16,8,27,Y6011532,,,,0,30.0,0,0
74,15,16,8,28,Y6011533,,,,0,30.0,0,0
74,15,16,8,29,Y6011534,,,,0,30.0,0,0
74,15,16,8,30,Y6011535,,,,0,30.0,0,0
74,15,16,9,10,Y6011536,,,,0,30.0,0,0
74,15,16,9,11,Y6011537,,,,0,30.0,0,0
74,15,16,9,12,Y6011538,,,,0,30.0,0,0
74,15,16,9,13,Y6011539,,,,0,30.0,0,0
74,15,16,9,14,Y6011540,,,,0,30.0,0,0
74,15,16,9,15,Y6011541,,,,0,30.0,0,0
74,15,16,9,16,Y6011542,,,,0,30.0,0,0
74,15,16,9,17,Y6011543,,,,0,30.0,0,0
74,15,16,9,18,Y6011544,,,,0,30.0,0,0
74,15,16,9,19,Y6011545,,,,0,30.0,0,0
74,15,16,9,20,Y6011546,,,,0,30.0,0,0
74,15,16,9,21,Y6011547,,,,0,30.0,0,0
74,15,16,9,22,Y6011548,,,,0,30.0,0,0
74,15,16,9,23,Y6011549,,,,0,30.0,0,0
74,15,16,9,24,Y6011550,,,,0,30.0,0,0
74,15,16,9,25,Y6011551,,,,0,30.0,0,0
74,15,16,9,26,Y6011552,,,,0,30.0,0,0
74,15,16,9,27,Y6011553,,,,0,30.0,0,0
74,15,16,9,28,Y6011554,,,,0,30.0,0,0
74,15,16,9,29,Y6011555,,,,0,30.0,0,0
74,15,16,9,30,Y6011556,,,,0,30.0,0,0
74,15,16,10,10,Y6011557,,,,0,30.0,0,0
74,15,16,10,11,Y6011558,,,,0,30.0,0,0
74,15,16,10,12,Y6011559,,,,0,30.0,0,0
74,15,16,10,13,Y6011560,,,,0,30.0,0,0
74,15,16,10,14,Y6011561,,,,0,30.0,0,0
74,15,16,10,15,Y6011562,,,,0,30.0,0,0
74,15,16,10,16,Y6011563,,,,0,30.0,0,0
74,15,16,10,17,Y6011564,,,,0,30.0,0,0
74,15,16,10,18,Y6011565,,,,0,30.0,0,0
74,15,16,10,19,Y6011566,,,,0,30.0,0,0
74,15,16,10,20,Y6011567,,,,0,30.0,0,0
74,15,16,10,21,Y6011568,,,,0,30.0,0,0
74,15,16,10,22,Y6011569,,,,0,30.0,0,0
74,15,16,10,23,Y6011570,,,,0,30.0,0,0
74,15,16,10,24,Y6011571,,,,0,30.0,0,0
74,15,16,10,25,Y6011572,,,,0,30.0,0,0
74,15,16,10,26,Y6011573,,,,0,30.0,0,0
74,15,16,10,27,Y6011574,,,,0,30.0,0,0
74,15,16,10,28,Y6011575,,,,0,30.0,0,0
74,15,16,10,29,Y6011576,,,,0,30.0,0,0
74,15,16,10,30,Y6011577,,,,0,30.0,0,0
74,15,16,11,10,Y6011578,,,,0,30.0,0,0
74,15,16,11,11,Y6011579,,,,0,30.0,0,0
74,15,16,11,12,Y6011580,,,,0,30.0,0,0
74,15,16,11,13,Y6011581,,,,0,30.0,0,0
74,15,16,11,14,Y6011582,,,,0,30.0,0,0
74,15,16,11,15,Y6011583,,,,0,30.0,0,0
74,15,16,11,16,Y6011584,,,,0,30.0,0,0
74,15,16,11,17,Y6011585,,,,0,30.0,0,0
74,15,16,11,18,Y6011586,,,,0,30.0,0,0
74,15,16,11,19,Y6011587,,,,0,30.0,0,0
74,15,16,11,20,Y6011588,,,,0,30.0,0,0
74,15,16,11,21,Y6011589,,,,0,30.0,0,0
74,15,16,11,22,Y6011590,,,,0,30.0,0,0
74,15,16,11,23,Y6011591,,,,0,30.0,0,0
74,15,16,11,24,Y6011592,,,,0,30.0,0,0
74,15,16,11,25,Y6011593,,,,0,30.0,0,0
74,15,16,11,26,Y6011594,,,,0,30.0,0,0
74,15,16,11,27,Y6011595,,,,0,30.0,0,0
74,15,16,11,28,Y6011596,,,,0,30.0,0,0
74,15,16,11,29,Y6011597,,,,0,30.0,0,0
74,15,16,11,30,Y6011598,,,,0,30.0,0,0
74,15,16,12,10,Y6011599,,,,0,30.0,0,0
74,15,16,12,11,Y6011600,,,,0,30.0,0,0
74,15,16,12,12,Y6011601,,,,0,30.0,0,0
74,15,16,12,13,Y6011602,,,,0,30.0,0,0
74,15,16,12,14,Y6011603,,,,0,30.0,0,0
74,15,16,12,15,Y6011604,,,,0,30.0,0,0
74,15,16,12,16,Y6011605,,,,0,30.0,0,0
74,15,16,12,17,Y6011606,,,,0,30.0,0,0
74,15,16,12,18,Y6011607,,,,0,30.0,0,0
74,15,16,12,19,Y6011608,,,,0,30.0,0,0
74,15,16,12,20,Y6011609,,,,0,30.0,0,0
74,15,16,12,21,Y6011610,,,,0,30.0,0,0
74,15,16,12,22,Y6011611,,,,0,30.0,0,0
74,15,16,12,23,Y6011612,,,,0,30.0,0,0
74,15,16,12,24,Y6011613,,,,0,30.0,0,0
74,15,16,12,25,Y6011614,,,,0,30.0,0,0
74,15,16,12,26,Y6011615,,,,0,30.0,0,0
74,15,16,12,27,Y6011616,,,,0,30.0,0,0
74,15,16,12,28,Y6011617,,,,0,30.0,0,0
74,15,16,12,29,Y6011618,,,,0,30.0,0,0
74,15,16,12,30,Y6011619,,,,0,30.0,0,0
74,15,17,1,10,Y6011620,,,,0,30.0,0,0
74,15,17,1,11,Y6011621,,,,0,30.0,0,0
74,15,17,1,12,Y6011622,,,,0,30.0,0,0
74,15,17,1,13,Y6011623,,,,0,30.0,0,0
74,15,17,1,14,Y6011624,,,,0,30.0,0,0
74,15,17,1,15,Y6011625,,,,0,30.0,0,0
74,15,17,1,16,Y6011626,,,,0,30.0,0,0
74,15,17,1,17,Y6011627,,,,0,30.0,0,0
74,15,17,1,18,Y6011628,,,,0,30.0,0,0
74,15,17,1,19,Y6011629,,,,0,30.0,0,0
74,15,17,1,20,Y6011630,,,,0,30.0,0,0
74,15,17,1,21,Y6011631,,,,0,30.0,0,0
74,15,17,1,22,Y6011632,,,,0,30.0,0,0
74,15,17,1,23,Y6011633,,,,0,30.0,0,0
74,15,17,1,24,Y6011634,,,,0,30.0,0,0
74,15,17,1,25,Y6011635,,,,0,30.0,0,0
74,15,17,1,26,Y6011636,,,,0,30.0,0,0
74,15,17,1,27,Y6011637,,,,0,30.0,0,0
74,15,17,1,28,Y6011638,,,,0,30.0,0,0
74,15,17,1,29,Y6011639,,,,0,30.0,0,0
74,15,17,1,30,Y6011640,,,,0,30.0,0,0
74,15,17,2,10,Y6011641,,,,0,30.0,0,0
74,15,17,2,11,Y6011642,,,,0,30.0,0,0
74,15,17,2,12,Y6011643,,,,0,30.0,0,0
74,15,17,2,13,Y6011644,,,,0,30.0,0,0
74,15,17,2,14,Y6011645,,,,0,30.0,0,0
74,15,17,2,15,Y6011646,,,,0,30.0,0,0
74,15,17,2,16,Y6011647,,,,0,30.0,0,0
74,15,17,2,17,Y6011648,,,,0,30.0,0,0
74,15,17,2,18,Y6011649,,,,0,30.0,0,0
74,15,17,2,19,Y6011650,,,,0,30.0,0,0
74,15,17,2,20,Y6011651,,,,0,30.0,0,0
74,15,17,2,21,Y6011652,,,,0,30.0,0,0
74,15,17,2,22,Y6011653,,,,0,30.0,0,0
74,15,17,2,23,Y6011654,,,,0,30.0,0,0
74,15,17,2,24,Y6011655,,,,0,30.0,0,0
74,15,17,2,25,Y6011656,,,,0,30.0,0,0
74,15,17,2,26,Y6011657,,,,0,30.0,0,0
74,15,17,2,27,Y6011658,,,,0,30.0,0,0
74,15,17,2,28,Y6011659,,,,0,30.0,0,0
74,15,17,2,29,Y6011660,,,,0,30.0,0,0
74,15,17,2,30,Y6011661,,,,0,30.0,0,0
74,15,17,3,10,Y6011662,,,,0,30.0,0,0
74,15,17,3,11,Y6011663,,,,0,30.0,0,0
74,15,17,3,12,Y6011664,,,,0,30.0,0,0
74,15,17,3,13,Y6011665,,,,0,30.0,0,0
74,15,17,3,14,Y6011666,,,,0,30.0,0,0
74,15,17,3,15,Y6011667,,,,0,30.0,0,0
74,15,17,3,16,Y6011668,,,,0,30.0,0,0
74,15,17,3,17,Y6011669,,,,0,30.0,0,0
74,15,17,3,18,Y6011670,,,,0,30.0,0,0
74,15,17,3,19,Y6011671,,,,0,30.0,0,0
74,15,17,3,20,Y6011672,,,,0,30.0,0,0
74,15,17,3,21,Y6011673,,,,0,30.0,0,0
74,15,17,3,22,Y6011674,,,,0,30.0,0,0
74,15,17,3,23,Y6011675,,,,0,30.0,0,0
74,15,17,3,24,Y6011676,,,,0,30.0,0,0
74,15,17,3,25,Y6011677,,,,0,30.0,0,0
74,15,17,3,26,Y6011678,,,,0,30.0,0,0
74,15,17,3,27,Y6011679,,,,0,30.0,0,0
74,15,17,3,28,Y6011680,,,,0,30.0,0,0
74,15,17,3,29,Y6011681,,,,0,30.0,0,0
74,15,17,3,30,Y6011682,,,,0,30.0,0,0
74,15,17,4,10,Y6011683,,,,0,30.0,0,0
74,15,17,4,11,Y6011684,,,,0,30.0,0,0
74,15,17,4,12,Y6011685,,,,0,30.0,0,0
74,15,17,4,13,Y6011686,,,,0,30.0,0,0
74,15,17,4,14,Y6011687,,,,0,30.0,0,0
74,15,17,4,15,Y6011688,,,,0,30.0,0,0
74,15,17,4,16,Y6011689,,,,0,30.0,0,0
74,15,17,4,17,Y6011690,,,,0,30.0,0,0
74,15,17,4,18,Y6011691,,,,0,30.0,0,0
74,15,17,4,19,Y6011692,,,,0,30.0,0,0
74,15,17,4,20,Y6011693,,,,0,30.0,0,0
74,15,17,4,21,Y6011694,,,,0,30.0,0,0
74,15,17,4,22,Y6011695,,,,0,30.0,0,0
74,15,17,4,23,Y6011696,,,,0,30.0,0,0
74,15,17,4,24,Y6011697,,,,0,30.0,0,0
74,15,17,4,25,Y6011698,,,,0,30.0,0,0
74,15,17,4,26,Y6011699,,,,0,30.0,0,0
74,15,17,4,27,Y6011700,,,,0,30.0,0,0
74,15,17,4,28,Y6011701,,,,0,30.0,0,0
74,15,17,4,29,Y6011702,,,,0,30.0,0,0
74,15,17,4,30,Y6011703,,,,0,30.0,0,0
74,15,17,5,10,Y6011704,,,,0,30.0,0,0
74,15,17,5,11,Y6011705,,,,0,30.0,0,0
74,15,17,5,12,Y6011706,,,,0,30.0,0,0
74,15,17,5,13,Y6011707,,,,0,30.0,0,0
74,15,17,5,14,Y6011708,,,,0,30.0,0,0
74,15,17,5,15,Y6011709,,,,0,30.0,0,0
74,15,17,5,16,Y6011710,,,,0,30.0,0,0
74,15,17,5,17,Y6011711,,,,0,30.0,0,0
74,15,17,5,18,Y6011712,,,,0,30.0,0,0
74,15,17,5,19,Y6011713,,,,0,30.0,0,0
74,15,17,5,20,Y6011714,,,,0,30.0,0,0
74,15,17,5,21,Y6011715,,,,0,30.0,0,0
74,15,17,5,22,Y6011716,,,,0,30.0,0,0
74,15,17,5,23,Y6011717,,,,0,30.0,0,0
74,15,17,5,24,Y6011718,,,,0,30.0,0,0
74,15,17,5,25,Y6011719,,,,0,30.0,0,0
74,15,17,5,26,Y6011720,,,,0,30.0,0,0
74,15,17,5,27,Y6011721,,,,0,30.0,0,0
74,15,17,5,28,Y6011722,,,,0,30.0,0,0
74,15,17,5,29,Y6011723,,,,0,30.0,0,0
74,15,17,5,30,Y6011724,,,,0,30.0,0,0
74,15,17,6,10,Y6011725,,,,0,30.0,0,0
74,15,17,6,11,Y6011726,,,,0,30.0,0,0
74,15,17,6,12,Y6011727,,,,0,30.0,0,0
74,15,17,6,13,Y6011728,,,,0,30.0,0,0
74,15,17,6,14,Y6011729,,,,0,30.0,0,0
74,15,17,6,15,Y6011730,,,,0,30.0,0,0
74,15,17,6,16,Y6011731,,,,0,30.0,0,0
74,15,17,6,17,Y6011732,,,,0,30.0,0,0
74,15,17,6,18,Y6011733,,,,0,30.0,0,0
74,15,17,6,19,Y6011734,,,,0,30.0,0,0
74,15,17,6,20,Y6011735,,,,0,30.0,0,0
74,15,17,6,21,Y6011736,,,,0,30.0,0,0
74,15,17,6,22,Y6011737,,,,0,30.0,0,0
74,15,17,6,23,Y6011738,,,,0,30.0,0,0
74,15,17,6,24,Y6011739,,,,0,30.0,0,0
74,15,17,6,25,Y6011740,,,,0,30.0,0,0
74,15,17,6,26,Y6011741,,,,0,30.0,0,0
74,15,17,6,27,Y6011742,,,,0,30.0,0,0
74,15,17,6,28,Y6011743,,,,0,30.0,0,0
74,15,17,6,29,Y6011744,,,,0,30.0,0,0
74,15,17,6,30,Y6011745,,,,0,30.0,0,0
74,15,17,7,10,Y6011746,,,,0,30.0,0,0
74,15,17,7,11,Y6011747,,,,0,30.0,0,0
74,15,17,7,12,Y6011748,,,,0,30.0,0,0
74,15,17,7,13,Y6011749,,,,0,30.0,0,0
74,15,17,7,14,Y6011750,,,,0,30.0,0,0
74,15,17,7,15,Y6011751,,,,0,30.0,0,0
74,15,17,7,16,Y6011752,,,,0,30.0,0,0
74,15,17,7,17,Y6011753,,,,0,30.0,0,0
74,15,17,7,18,Y6011754,,,,0,30.0,0,0
74,15,17,7,19,Y6011755,,,,0,30.0,0,0
74,15,17,7,20,Y6011756,,,,0,30.0,0,0
74,15,17,7,21,Y6011757,,,,0,30.0,0,0
74,15,17,7,22,Y6011758,,,,0,30.0,0,0
74,15,17,7,23,Y6011759,,,,0,30.0,0,0
74,15,17,7,24,Y6011760,,,,0,30.0,0,0
74,15,17,7,25,Y6011761,,,,0,30.0,0,0
74,15,17,7,26,Y6011762,,,,0,30.0,0,0
74,15,17,7,27,Y6011763,,,,0,30.0,0,0
74,15,17,7,28,Y6011764,,,,0,30.0,0,0
74,15,17,7,29,Y6011765,,,,0,30.0,0,0
74,15,17,7,30,Y6011766,,,,0,30.0,0,0
74,15,17,8,10,Y6011767,,,,0,30.0,0,0
74,15,17,8,11,Y6011768,,,,0,30.0,0,0
74,15,17,8,12,Y6011769,,,,0,30.0,0,0
74,15,17,8,13,Y6011770,,,,0,30.0,0,0
74,15,17,8,14,Y6011771,,,,0,30.0,0,0
74,15,17,8,15,Y6011772,,,,0,30.0,0,0
74,15,17,8,16,Y6011773,,,,0,30.0,0,0
74,15,17,8,17,Y6011774,,,,0,30.0,0,0
74,15,17,8,18,Y6011775,,,,0,30.0,0,0
74,15,17,8,19,Y6011776,,,,0,30.0,0,0
74,15,17,8,20,Y6011777,,,,0,30.0,0,0
74,15,17,8,21,Y6011778,,,,0,30.0,0,0
74,15,17,8,22,Y6011779,,,,0,30.0,0,0
74,15,17,8,23,Y6011780,,,,0,30.0,0,0
74,15,17,8,24,Y6011781,,,,0,30.0,0,0
74,15,17,8,25,Y6011782,,,,0,30.0,0,0
74,15,17,8,26,Y6011783,,,,0,30.0,0,0
74,15,17,8,27,Y6011784,,,,0,30.0,0,0
74,15,17,8,28,Y6011785,,,,0,30.0,0,0
74,15,17,8,29,Y6011786,,,,0,30.0,0,0
74,15,17,8,30,Y6011787,,,,0,30.0,0,0
74,15,17,9,10,Y6011788,,,,0,30.0,0,0
74,15,17,9,11,Y6011789,,,,0,30.0,0,0
74,15,17,9,12,Y6011790,,,,0,30.0,0,0
74,15,17,9,13,Y6011791,,,,0,30.0,0,0
74,15,17,9,14,Y6011792,,,,0,30.0,0,0
74,15,17,9,15,Y6011793,,,,0,30.0,0,0
74,15,17,9,16,Y6011794,,,,0,30.0,0,0
74,15,17,9,17,Y6011795,,,,0,30.0,0,0
74,15,17,9,18,Y6011796,,,,0,30.0,0,0
74,15,17,9,19,Y6011797,,,,0,30.0,0,0
74,15,17,9,20,Y6011798,,,,0,30.0,0,0
74,15,17,9,21,Y6011799,,,,0,30.0,0,0
74,15,17,9,22,Y6011800,,,,0,30.0,0,0
74,15,17,9,23,Y6011801,,,,0,30.0,0,0
74,15,17,9,24,Y6011802,,,,0,30.0,0,0
74,15,17,9,25,Y6011803,,,,0,30.0,0,0
74,15,17,9,26,Y6011804,,,,0,30.0,0,0
74,15,17,9,27,Y6011805,,,,0,30.0,0,0
74,15,17,9,28,Y6011806,,,,0,30.0,0,0
74,15,17,9,29,Y6011807,,,,0,30.0,0,0
74,15,17,9,30,Y6011808,,,,0,30.0,0,0
74,15,17,10,10,Y6011809,,,,0,30.0,0,0
74,15,17,10,11,Y6011810,,,,0,30.0,0,0
74,15,17,10,12,Y6011811,,,,0,30.0,0,0
74,15,17,10,13,Y6011812,,,,0,30.0,0,0
74,15,17,10,14,Y6011813,,,,0,30.0,0,0
74,15,17,10,15,Y6011814,,,,0,30.0,0,0
74,15,17,10,16,Y6011815,,,,0,30.0,0,0
74,15,17,10,17,Y6011816,,,,0,30.0,0,0
74,15,17,10,18,Y6011817,,,,0,30.0,0,0
74,15,17,10,19,Y6011818,,,,0,30.0,0,0
74,15,17,10,20,Y6011819,,,,0,30.0,0,0
74,15,17,10,21,Y6011820,,,,0,30.0,0,0
74,15,17,10,22,Y6011821,,,,0,30.0,0,0
74,15,17,10,23,Y6011822,,,,0,30.0,0,0
74,15,17,10,24,Y6011823,,,,0,30.0,0,0
74,15,17,10,25,Y6011824,,,,0,30.0,0,0
74,15,17,10,26,Y6011825,,,,0,30.0,0,0
74,15,17,10,27,Y6011826,,,,0,30.0,0,0
74,15,17,10,28,Y6011827,,,,0,30.0,0,0
74,15,17,10,29,Y6011828,,,,0,30.0,0,0
74,15,17,10,30,Y6011829,,,,0,30.0,0,0
74,15,17,11,10,Y6011830,,,,0,30.0,0,0
74,15,17,11,11,Y6011831,,,,0,30.0,0,0
74,15,17,11,12,Y6011832,,,,0,30.0,0,0
74,15,17,11,13,Y6011833,,,,0,30.0,0,0
74,15,17,11,14,Y6011834,,,,0,30.0,0,0
74,15,17,11,15,Y6011835,,,,0,30.0,0,0
74,15,17,11,16,Y6011836,,,,0,30.0,0,0
74,15,17,11,17,Y6011837,,,,0,30.0,0,0
74,15,17,11,18,Y6011838,,,,0,30.0,0,0
74,15,17,11,19,Y6011839,,,,0,30.0,0,0
74,15,17,11,20,Y6011840,,,,0,30.0,0,0
74,15,17,11,21,Y6011841,,,,0,30.0,0,0
74,15,17,11,22,Y6011842,,,,0,30.0,0,0
74,15,17,11,23,Y6011843,,,,0,30.0,0,0
74,15,17,11,24,Y6011844,,,,0,30.0,0,0
74,15,17,11,25,Y6011845,,,,0,30.0,0,0
74,15,17,11,26,Y6011846,,,,0,30.0,0,0
74,15,17,11,27,Y6011847,,,,0,30.0,0,0
74,15,17,11,28,Y6011848,,,,0,30.0,0,0
74,15,17,11,29,Y6011849,,,,0,30.0,0,0
74,15,17,11,30,Y6011850,,,,0,30.0,0,0
74,15,17,12,10,Y6011851,,,,0,30.0,0,0
74,15,17,12,11,Y6011852,,,,0,30.0,0,0
74,15,17,12,12,Y6011853,,,,0,30.0,0,0
74,15,17,12,13,Y6011854,,,,0,30.0,0,0
74,15,17,12,14,Y6011855,,,,0,30.0,0,0
74,15,17,12,15,Y6011856,,,,0,30.0,0,0
74,15,17,12,16,Y6011857,,,,0,30.0,0,0
74,15,17,12,17,Y6011858,,,,0,30.0,0,0
74,15,17,12,18,Y6011859,,,,0,30.0,0,0
74,15,17,12,19,Y6011860,,,,0,30.0,0,0
74,15,17,12,20,Y6011861,,,,0,30.0,0,0
74,15,17,12,21,Y6011862,,,,0,30.0,0,0
74,15,17,12,22,Y6011863,,,,0,30.0,0,0
74,15,17,12,23,Y6011864,,,,0,30.0,0,0
74,15,17,12,24,Y6011865,,,,0,30.0,0,0
74,15,17,12,25,Y6011866,,,,0,30.0,0,0
74,15,17,12,26,Y6011867,,,,0,30.0,0,0
74,15,17,12,27,Y6011868,,,,0,30.0,0,0
74,15,17,12,28,Y6011869,,,,0,30.0,0,0
74,15,17,12,29,Y6011870,,,,0,30.0,0,0
74,15,17,12,30,Y6011871,,,,0,30.0,0,0
74,15,18,1,10,Y6011872,,,,0,30.0,0,0
74,15,18,1,11,Y6011873,,,,0,30.0,0,0
74,15,18,1,12,Y6011874,,,,0,30.0,0,0
74,15,18,1,13,Y6011875,,,,0,30.0,0,0
74,15,18,1,14,Y6011876,,,,0,30.0,0,0
74,15,18,1,15,Y6011877,,,,0,30.0,0,0
74,15,18,1,16,Y6011878,,,,0,30.0,0,0
74,15,18,1,17,Y6011879,,,,0,30.0,0,0
74,15,18,1,18,Y6011880,,,,0,30.0,0,0
74,15,18,1,19,Y6011881,,,,0,30.0,0,0
74,15,18,1,20,Y6011882,,,,0,30.0,0,0
74,15,18,1,21,Y6011883,,,,0,30.0,0,0
74,15,18,1,22,Y6011884,,,,0,30.0,0,0
74,15,18,1,23,Y6011885,,,,0,30.0,0,0
74,15,18,1,24,Y6011886,,,,0,30.0,0,0
74,15,18,1,25,Y6011887,,,,0,30.0,0,0
74,15,18,1,26,Y6011888,,,,0,30.0,0,0
74,15,18,1,27,Y6011889,,,,0,30.0,0,0
74,15,18,1,28,Y6011890,,,,0,30.0,0,0
74,15,18,1,29,Y6011891,,,,0,30.0,0,0
74,15,18,1,30,Y6011892,,,,0,30.0,0,0
74,15,18,2,10,Y6011893,,,,0,30.0,0,0
74,15,18,2,11,Y6011894,,,,0,30.0,0,0
74,15,18,2,12,Y6011895,,,,0,30.0,0,0
74,15,18,2,13,Y6011896,,,,0,30.0,0,0
74,15,18,2,14,Y6011897,,,,0,30.0,0,0
74,15,18,2,15,Y6011898,,,,0,30.0,0,0
74,15,18,2,16,Y6011899,,,,0,30.0,0,0
74,15,18,2,17,Y6011900,,,,0,30.0,0,0
74,15,18,2,18,Y6011901,,,,0,30.0,0,0
74,15,18,2,19,Y6011902,,,,0,30.0,0,0
74,15,18,2,20,Y6011903,,,,0,30.0,0,0
74,15,18,2,21,Y6011904,,,,0,30.0,0,0
74,15,18,2,22,Y6011905,,,,0,30.0,0,0
74,15,18,2,23,Y6011906,,,,0,30.0,0,0
74,15,18,2,24,Y6011907,,,,0,30.0,0,0
74,15,18,2,25,Y6011908,,,,0,30.0,0,0
74,15,18,2,26,Y6011909,,,,0,30.0,0,0
74,15,18,2,27,Y6011910,,,,0,30.0,0,0
74,15,18,2,28,Y6011911,,,,0,30.0,0,0
74,15,18,2,29,Y6011912,,,,0,30.0,0,0
74,15,18,2,30,Y6011913,,,,0,30.0,0,0
74,15,18,3,10,Y6011914,,,,0,30.0,0,0
74,15,18,3,11,Y6011915,,,,0,30.0,0,0
74,15,18,3,12,Y6011916,,,,0,30.0,0,0
74,15,18,3,13,Y6011917,,,,0,30.0,0,0
74,15,18,3,14,Y6011918,,,,0,30.0,0,0
74,15,18,3,15,Y6011919,,,,0,30.0,0,0
74,15,18,3,16,Y6011920,,,,0,30.0,0,0
74,15,18,3,17,Y6011921,,,,0,30.0,0,0
74,15,18,3,18,Y6011922,,,,0,30.0,0,0
74,15,18,3,19,Y6011923,,,,0,30.0,0,0
74,15,18,3,20,Y6011924,,,,0,30.0,0,0
74,15,18,3,21,Y6011925,,,,0,30.0,0,0
74,15,18,3,22,Y6011926,,,,0,30.0,0,0
74,15,18,3,23,Y6011927,,,,0,30.0,0,0
74,15,18,3,24,Y6011928,,,,0,30.0,0,0
74,15,18,3,25,Y6011929,,,,0,30.0,0,0
74,15,18,3,26,Y6011930,,,,0,30.0,0,0
74,15,18,3,27,Y6011931,,,,0,30.0,0,0
74,15,18,3,28,Y6011932,,,,0,30.0,0,0
74,15,18,3,29,Y6011933,,,,0,30.0,0,0
74,15,18,3,30,Y6011934,,,,0,30.0,0,0
74,15,18,4,10,Y6011935,,,,0,30.0,0,0
74,15,18,4,11,Y6011936,,,,0,30.0,0,0
74,15,18,4,12,Y6011937,,,,0,30.0,0,0
74,15,18,4,13,Y6011938,,,,0,30.0,0,0
74,15,18,4,14,Y6011939,,,,0,30.0,0,0
74,15,18,4,15,Y6011940,,,,0,30.0,0,0
74,15,18,4,16,Y6011941,,,,0,30.0,0,0
74,15,18,4,17,Y6011942,,,,0,30.0,0,0
74,15,18,4,18,Y6011943,,,,0,30.0,0,0
74,15,18,4,19,Y6011944,,,,0,30.0,0,0
74,15,18,4,20,Y6011945,,,,0,30.0,0,0
74,15,18,4,21,Y6011946,,,,0,30.0,0,0
74,15,18,4,22,Y6011947,,,,0,30.0,0,0
74,15,18,4,23,Y6011948,,,,0,30.0,0,0
74,15,18,4,24,Y6011949,,,,0,30.0,0,0
74,15,18,4,25,Y6011950,,,,0,30.0,0,0
74,15,18,4,26,Y6011951,,,,0,30.0,0,0
74,15,18,4,27,Y6011952,,,,0,30.0,0,0
74,15,18,4,28,Y6011953,,,,0,30.0,0,0
74,15,18,4,29,Y6011954,,,,0,30.0,0,0
74,15,18,4,30,Y6011955,,,,0,30.0,0,0
74,15,18,5,10,Y6011956,,,,0,30.0,0,0
74,15,18,5,11,Y6011957,,,,0,30.0,0,0
74,15,18,5,12,Y6011958,,,,0,30.0,0,0
74,15,18,5,13,Y6011959,,,,0,30.0,0,0
74,15,18,5,14,Y6011960,,,,0,30.0,0,0
74,15,18,5,15,Y6011961,,,,0,30.0,0,0
74,15,18,5,16,Y6011962,,,,0,30.0,0,0
74,15,18,5,17,Y6011963,,,,0,30.0,0,0
74,15,18,5,18,Y6011964,,,,0,30.0,0,0
74,15,18,5,19,Y6011965,,,,0,30.0,0,0
74,15,18,5,20,Y6011966,,,,0,30.0,0,0
74,15,18,5,21,Y6011967,,,,0,30.0,0,0
74,15,18,5,22,Y6011968,,,,0,30.0,0,0
74,15,18,5,23,Y6011969,,,,0,30.0,0,0
74,15,18,5,24,Y6011970,,,,0,30.0,0,0
74,15,18,5,25,Y6011971,,,,0,30.0,0,0
74,15,18,5,26,Y6011972,,,,0,30.0,0,0
74,15,18,5,27,Y6011973,,,,0,30.0,0,0
74,15,18,5,28,Y6011974,,,,0,30.0,0,0
74,15,18,5,29,Y6011975,,,,0,30.0,0,0
74,15,18,5,30,Y6011976,,,,0,30.0,0,0
74,15,18,6,10,Y6011977,,,,0,30.0,0,0
74,15,18,6,11,Y6011978,,,,0,30.0,0,0
74,15,18,6,12,Y6011979,,,,0,30.0,0,0
74,15,18,6,13,Y6011980,,,,0,30.0,0,0
74,15,18,6,14,Y6011981,,,,0,30.0,0,0
74,15,18,6,15,Y6011982,,,,0,30.0,0,0
74,15,18,6,16,Y6011983,,,,0,30.0,0,0
74,15,18,6,17,Y6011984,,,,0,30.0,0,0
74,15,18,6,18,Y6011985,,,,0,30.0,0,0
74,15,18,6,19,Y6011986,,,,0,30.0,0,0
74,15,18,6,20,Y6011987,,,,0,30.0,0,0
74,15,18,6,21,Y6011988,,,,0,30.0,0,0
74,15,18,6,22,Y6011989,,,,0,30.0,0,0
74,15,18,6,23,Y6011990,,,,0,30.0,0,0
74,15,18,6,24,Y6011991,,,,0,30.0,0,0
74,15,18,6,25,Y6011992,,,,0,30.0,0,0
74,15,18,6,26,Y6011993,,,,0,30.0,0,0
74,15,18,6,27,Y6011994,,,,0,30.0,0,0
74,15,18,6,28,Y6011995,,,,0,30.0,0,0
74,15,18,6,29,Y6011996,,,,0,30.0,0,0
74,15,18,6,30,Y6011997,,,,0,30.0,0,0
74,15,18,7,10,Y6011998,,,,0,30.0,0,0
74,15,18,7,11,Y6011999,,,,0,30.0,0,0
74,15,18,7,12,Y6012000,,,,0,30.0,0,0
74,15,18,7,13,Y6012001,,,,0,30.0,0,0
74,15,18,7,14,Y6012002,,,,0,30.0,0,0
74,15,18,7,15,Y6012003,,,,0,30.0,0,0
74,15,18,7,16,Y6012004,,,,0,30.0,0,0
74,15,18,7,17,Y6012005,,,,0,30.0,0,0
74,15,18,7,18,Y6012006,,,,0,30.0,0,0
74,15,18,7,19,Y6012007,,,,0,30.0,0,0
74,15,18,7,20,Y6012008,,,,0,30.0,0,0
74,15,18,7,21,Y6012009,,,,0,30.0,0,0
74,15,18,7,22,Y6012010,,,,0,30.0,0,0
74,15,18,7,23,Y6012011,,,,0,30.0,0,0
74,15,18,7,24,Y6012012,,,,0,30.0,0,0
74,15,18,7,25,Y6012013,,,,0,30.0,0,0
74,15,18,7,26,Y6012014,,,,0,30.0,0,0
74,15,18,7,27,Y6012015,,,,0,30.0,0,0
74,15,18,7,28,Y6012016,,,,0,30.0,0,0
74,15,18,7,29,Y6012017,,,,0,30.0,0,0
74,15,18,7,30,Y6012018,,,,0,30.0,0,0
74,15,18,8,10,Y6012019,,,,0,30.0,0,0
74,15,18,8,11,Y6012020,,,,0,30.0,0,0
74,15,18,8,12,Y6012021,,,,0,30.0,0,0
74,15,18,8,13,Y6012022,,,,0,30.0,0,0
74,15,18,8,14,Y6012023,,,,0,30.0,0,0
74,15,18,8,15,Y6012024,,,,0,30.0,0,0
74,15,18,8,16,Y6012025,,,,0,30.0,0,0
74,15,18,8,17,Y6012026,,,,0,30.0,0,0
74,15,18,8,18,Y6012027,,,,0,30.0,0,0
74,15,18,8,19,Y6012028,,,,0,30.0,0,0
74,15,18,8,20,Y6012029,,,,0,30.0,0,0
74,15,18,8,21,Y6012030,,,,0,30.0,0,0
74,15,18,8,22,Y6012031,,,,0,30.0,0,0
74,15,18,8,23,Y6012032,,,,0,30.0,0,0
74,15,18,8,24,Y6012033,,,,0,30.0,0,0
74,15,18,8,25,Y6012034,,,,0,30.0,0,0
74,15,18,8,26,Y6012035,,,,0,30.0,0,0
74,15,18,8,27,Y6012036,,,,0,30.0,0,0
74,15,18,8,28,Y6012037,,,,0,30.0,0,0
74,15,18,8,29,Y6012038,,,,0,30.0,0,0
74,15,18,8,30,Y6012039,,,,0,30.0,0,0
74,15,18,9,10,Y6012040,,,,0,30.0,0,0
74,15,18,9,11,Y6012041,,,,0,30.0,0,0
74,15,18,9,12,Y6012042,,,,0,30.0,0,0
74,15,18,9,13,Y6012043,,,,0,30.0,0,0
74,15,18,9,14,Y6012044,,,,0,30.0,0,0
74,15,18,9,15,Y6012045,,,,0,30.0,0,0
74,15,18,9,16,Y6012046,,,,0,30.0,0,0
74,15,18,9,17,Y6012047,,,,0,30.0,0,0
74,15,18,9,18,Y6012048,,,,0,30.0,0,0
74,15,18,9,19,Y6012049,,,,0,30.0,0,0
74,15,18,9,20,Y6012050,,,,0,30.0,0,0
74,15,18,9,21,Y6012051,,,,0,30.0,0,0
74,15,18,9,22,Y6012052,,,,0,30.0,0,0
74,15,18,9,23,Y6012053,,,,0,30.0,0,0
74,15,18,9,24,Y6012054,,,,0,30.0,0,0
74,15,18,9,25,Y6012055,,,,0,30.0,0,0
74,15,18,9,26,Y6012056,,,,0,30.0,0,0
74,15,18,9,27,Y6012057,,,,0,30.0,0,0
74,15,18,9,28,Y6012058,,,,0,30.0,0,0
74,15,18,9,29,Y6012059,,,,0,30.0,0,0
74,15,18,9,30,Y6012060,,,,0,30.0,0,0
74,15,18,10,10,Y6012061,,,,0,30.0,0,0
74,15,18,10,11,Y6012062,,,,0,30.0,0,0
74,15,18,10,12,Y6012063,,,,0,30.0,0,0
74,15,18,10,13,Y6012064,,,,0,30.0,0,0
74,15,18,10,14,Y6012065,,,,0,30.0,0,0
74,15,18,10,15,Y6012066,,,,0,30.0,0,0
74,15,18,10,16,Y6012067,,,,0,30.0,0,0
74,15,18,10,17,Y6012068,,,,0,30.0,0,0
74,15,18,10,18,Y6012069,,,,0,30.0,0,0
74,15,18,10,19,Y6012070,,,,0,30.0,0,0
74,15,18,10,20,Y6012071,,,,0,30.0,0,0
74,15,18,10,21,Y6012072,,,,0,30.0,0,0
74,15,18,10,22,Y6012073,,,,0,30.0,0,0
74,15,18,10,23,Y6012074,,,,0,30.0,0,0
74,15,18,10,24,Y6012075,,,,0,30.0,0,0
74,15,18,10,25,Y6012076,,,,0,30.0,0,0
74,15,18,10,26,Y6012077,,,,0,30.0,0,0
74,15,18,10,27,Y6012078,,,,0,30.0,0,0
74,15,18,10,28,Y6012079,,,,0,30.0,0,0
74,15,18,10,29,Y6012080,,,,0,30.0,0,0
74,15,18,10,30,Y6012081,,,,0,30.0,0,0
74,15,18,11,10,Y6012082,,,,0,30.0,0,0
74,15,18,11,11,Y6012083,,,,0,30.0,0,0
74,15,18,11,12,Y6012084,,,,0,30.0,0,0
74,15,18,11,13,Y6012085,,,,0,30.0,0,0
74,15,18,11,14,Y6012086,,,,0,30.0,0,0
74,15,18,11,15,Y6012087,,,,0,30.0,0,0
74,15,18,11,16,Y6012088,,,,0,30.0,0,0
74,15,18,11,17,Y6012089,,,,0,30.0,0,0
74,15,18,11,18,Y6012090,,,,0,30.0,0,0
74,15,18,11,19,Y6012091,,,,0,30.0,0,0
74,15,18,11,20,Y6012092,,,,0,30.0,0,0
74,15,18,11,21,Y6012093,,,,0,30.0,0,0
74,15,18,11,22,Y6012094,,,,0,30.0,0,0
74,15,18,11,23,Y6012095,,,,0,30.0,0,0
74,15,18,11,24,Y6012096,,,,0,30.0,0,0
74,15,18,11,25,Y6012097,,,,0,30.0,0,0
74,15,18,11,26,Y6012098,,,,0,30.0,0,0
74,15,18,11,27,Y6012099,,,,0,30.0,0,0
74,15,18,11,28,Y6012100,,,,0,30.0,0,0
74,15,18,11,29,Y6012101,,,,0,30.0,0,0
74,15,18,11,30,Y6012102,,,,0,30.0,0,0
74,15,18,12,10,Y6012103,,,,0,30.0,0,0
74,15,18,12,11,Y6012104,,,,0,30.0,0,0
74,15,18,12,12,Y6012105,,,,0,30.0,0,0
74,15,18,12,13,Y6012106,,,,0,30.0,0,0
74,15,18,12,14,Y6012107,,,,0,30.0,0,0
74,15,18,12,15,Y6012108,,,,0,30.0,0,0
74,15,18,12,16,Y6012109,,,,0,30.0,0,0
74,15,18,12,17,Y6012110,,,,0,30.0,0,0
74,15,18,12,18,Y6012111,,,,0,30.0,0,0
74,15,18,12,19,Y6012112,,,,0,30.0,0,0
74,15,18,12,20,Y6012113,,,,0,30.0,0,0
74,15,18,12,21,Y6012114,,,,0,30.0,0,0
74,15,18,12,22,Y6012115,,,,0,30.0,0,0
74,15,18,12,23,Y6012116,,,,0,30.0,0,0
74,15,18,12,24,Y6012117,,,,0,30.0,0,0
74,15,18,12,25,Y6012118,,,,0,30.0,0,0
74,15,18,12,26,Y6012119,,,,0,30.0,0,0
74,15,18,12,27,Y6012120,,,,0,30.0,0,0
74,15,18,12,28,Y6012121,,,,0,30.0,0,0
74,15,18,12,29,Y6012122,,,,0,30.0,0,0
74,15,18,12,30,Y6012123,,,,0,30.0,0,0
74,15,19,1,10,Y6012124,,,,0,30.0,0,0
74,15,19,1,11,Y6012125,,,,0,30.0,0,0
74,15,19,1,12,Y6012126,,,,0,30.0,0,0
74,15,19,1,13,Y6012127,,,,0,30.0,0,0
74,15,19,1,14,Y6012128,,,,0,30.0,0,0
74,15,19,1,15,Y6012129,,,,0,30.0,0,0
74,15,19,1,16,Y6012130,,,,0,30.0,0,0
74,15,19,1,17,Y6012131,,,,0,30.0,0,0
74,15,19,1,18,Y6012132,,,,0,30.0,0,0
74,15,19,1,19,Y6012133,,,,0,30.0,0,0
74,15,19,1,20,Y6012134,,,,0,30.0,0,0
74,15,19,1,21,Y6012135,,,,0,30.0,0,0
74,15,19,1,22,Y6012136,,,,0,30.0,0,0
74,15,19,1,23,Y6012137,,,,0,30.0,0,0
74,15,19,1,24,Y6012138,,,,0,30.0,0,0
74,15,19,1,25,Y6012139,,,,0,30.0,0,0
74,15,19,1,26,Y6012140,,,,0,30.0,0,0
74,15,19,1,27,Y6012141,,,,0,30.0,0,0
74,15,19,1,28,Y6012142,,,,0,30.0,0,0
74,15,19,1,29,Y6012143,,,,0,30.0,0,0
74,15,19,1,30,Y6012144,,,,0,30.0,0,0
74,15,19,2,10,Y6012145,,,,0,30.0,0,0
74,15,19,2,11,Y6012146,,,,0,30.0,0,0
74,15,19,2,12,Y6012147,,,,0,30.0,0,0
74,15,19,2,13,Y6012148,,,,0,30.0,0,0
74,15,19,2,14,Y6012149,,,,0,30.0,0,0
74,15,19,2,15,Y6012150,,,,0,30.0,0,0
74,15,19,2,16,Y6012151,,,,0,30.0,0,0
74,15,19,2,17,Y6012152,,,,0,30.0,0,0
74,15,19,2,18,Y6012153,,,,0,30.0,0,0
74,15,19,2,19,Y6012154,,,,0,30.0,0,0
74,15,19,2,20,Y6012155,,,,0,30.0,0,0
74,15,19,2,21,Y6012156,,,,0,30.0,0,0
74,15,19,2,22,Y6012157,,,,0,30.0,0,0
74,15,19,2,23,Y6012158,,,,0,30.0,0,0
74,15,19,2,24,Y6012159,,,,0,30.0,0,0
74,15,19,2,25,Y6012160,,,,0,30.0,0,0
74,15,19,2,26,Y6012161,,,,0,30.0,0,0
74,15,19,2,27,Y6012162,,,,0,30.0,0,0
74,15,19,2,28,Y6012163,,,,0,30.0,0,0
74,15,19,2,29,Y6012164,,,,0,30.0,0,0
74,15,19,2,30,Y6012165,,,,0,30.0,0,0
74,15,19,3,10,Y6012166,,,,0,30.0,0,0
74,15,19,3,11,Y6012167,,,,0,30.0,0,0
74,15,19,3,12,Y6012168,,,,0,30.0,0,0
74,15,19,3,13,Y6012169,,,,0,30.0,0,0
74,15,19,3,14,Y6012170,,,,0,30.0,0,0
74,15,19,3,15,Y6012171,,,,0,30.0,0,0
74,15,19,3,16,Y6012172,,,,0,30.0,0,0
74,15,19,3,17,Y6012173,,,,0,30.0,0,0
74,15,19,3,18,Y6012174,,,,0,30.0,0,0
74,15,19,3,19,Y6012175,,,,0,30.0,0,0
74,15,19,3,20,Y6012176,,,,0,30.0,0,0
74,15,19,3,21,Y6012177,,,,0,30.0,0,0
74,15,19,3,22,Y6012178,,,,0,30.0,0,0
74,15,19,3,23,Y6012179,,,,0,30.0,0,0
74,15,19,3,24,Y6012180,,,,0,30.0,0,0
74,15,19,3,25,Y6012181,,,,0,30.0,0,0
74,15,19,3,26,Y6012182,,,,0,30.0,0,0
74,15,19,3,27,Y6012183,,,,0,30.0,0,0
74,15,19,3,28,Y6012184,,,,0,30.0,0,0
74,15,19,3,29,Y6012185,,,,0,30.0,0,0
74,15,19,3,30,Y6012186,,,,0,30.0,0,0
74,15,19,4,10,Y6012187,,,,0,30.0,0,0
74,15,19,4,11,Y6012188,,,,0,30.0,0,0
74,15,19,4,12,Y6012189,,,,0,30.0,0,0
74,15,19,4,13,Y6012190,,,,0,30.0,0,0
74,15,19,4,14,Y6012191,,,,0,30.0,0,0
74,15,19,4,15,Y6012192,,,,0,30.0,0,0
74,15,19,4,16,Y6012193,,,,0,30.0,0,0
74,15,19,4,17,Y6012194,,,,0,30.0,0,0
74,15,19,4,18,Y6012195,,,,0,30.0,0,0
74,15,19,4,19,Y6012196,,,,0,30.0,0,0
74,15,19,4,20,Y6012197,,,,0,30.0,0,0
74,15,19,4,21,Y6012198,,,,0,30.0,0,0
74,15,19,4,22,Y6012199,,,,0,30.0,0,0
74,15,19,4,23,Y6012200,,,,0,30.0,0,0
74,15,19,4,24,Y6012201,,,,0,30.0,0,0
74,15,19,4,25,Y6012202,,,,0,30.0,0,0
74,15,19,4,26,Y6012203,,,,0,30.0,0,0
74,15,19,4,27,Y6012204,,,,0,30.0,0,0
74,15,19,4,28,Y6012205,,,,0,30.0,0,0
74,15,19,4,29,Y6012206,,,,0,30.0,0,0
74,15,19,4,30,Y6012207,,,,0,30.0,0,0
74,15,19,5,10,Y6012208,,,,0,30.0,0,0
74,15,19,5,11,Y6012209,,,,0,30.0,0,0
74,15,19,5,12,Y6012210,,,,0,30.0,0,0
74,15,19,5,13,Y6012211,,,,0,30.0,0,0
74,15,19,5,14,Y6012212,,,,0,30.0,0,0
74,15,19,5,15,Y6012213,,,,0,30.0,0,0
74,15,19,5,16,Y6012214,,,,0,30.0,0,0
74,15,19,5,17,Y6012215,,,,0,30.0,0,0
74,15,19,5,18,Y6012216,,,,0,30.0,0,0
74,15,19,5,19,Y6012217,,,,0,30.0,0,0
74,15,19,5,20,Y6012218,,,,0,30.0,0,0
74,15,19,5,21,Y6012219,,,,0,30.0,0,0
74,15,19,5,22,Y6012220,,,,0,30.0,0,0
74,15,19,5,23,Y6012221,,,,0,30.0,0,0
74,15,19,5,24,Y6012222,,,,0,30.0,0,0
74,15,19,5,25,Y6012223,,,,0,30.0,0,0
74,15,19,5,26,Y6012224,,,,0,30.0,0,0
74,15,19,5,27,Y6012225,,,,0,30.0,0,0
74,15,19,5,28,Y6012226,,,,0,30.0,0,0
74,15,19,5,29,Y6012227,,,,0,30.0,0,0
74,15,19,5,30,Y6012228,,,,0,30.0,0,0
74,15,19,6,10,Y6012229,,,,0,30.0,0,0
74,15,19,6,11,Y6012230,,,,0,30.0,0,0
74,15,19,6,12,Y6012231,,,,0,30.0,0,0
74,15,19,6,13,Y6012232,,,,0,30.0,0,0
74,15,19,6,14,Y6012233,,,,0,30.0,0,0
74,15,19,6,15,Y6012234,,,,0,30.0,0,0
74,15,19,6,16,Y6012235,,,,0,30.0,0,0
74,15,19,6,17,Y6012236,,,,0,30.0,0,0
74,15,19,6,18,Y6012237,,,,0,30.0,0,0
74,15,19,6,19,Y6012238,,,,0,30.0,0,0
74,15,19,6,20,Y6012239,,,,0,30.0,0,0
74,15,19,6,21,Y6012240,,,,0,30.0,0,0
74,15,19,6,22,Y6012241,,,,0,30.0,0,0
74,15,19,6,23,Y6012242,,,,0,30.0,0,0
74,15,19,6,24,Y6012243,,,,0,30.0,0,0
74,15,19,6,25,Y6012244,,,,0,30.0,0,0
74,15,19,6,26,Y6012245,,,,0,30.0,0,0
74,15,19,6,27,Y6012246,,,,0,30.0,0,0
74,15,19,6,28,Y6012247,,,,0,30.0,0,0
74,15,19,6,29,Y6012248,,,,0,30.0,0,0
74,15,19,6,30,Y6012249,,,,0,30.0,0,0
74,15,19,7,10,Y6012250,,,,0,30.0,0,0
74,15,19,7,11,Y6012251,,,,0,30.0,0,0
74,15,19,7,12,Y6012252,,,,0,30.0,0,0
74,15,19,7,13,Y6012253,,,,0,30.0,0,0
74,15,19,7,14,Y6012254,,,,0,30.0,0,0
74,15,19,7,15,Y6012255,,,,0,30.0,0,0
74,15,19,7,16,Y6012256,,,,0,30.0,0,0
74,15,19,7,17,Y6012257,,,,0,30.0,0,0
74,15,19,7,18,Y6012258,,,,0,30.0,0,0
74,15,19,7,19,Y6012259,,,,0,30.0,0,0
74,15,19,7,20,Y6012260,,,,0,30.0,0,0
74,15,19,7,21,Y6012261,,,,0,30.0,0,0
74,15,19,7,22,Y6012262,,,,0,30.0,0,0
74,15,19,7,23,Y6012263,,,,0,30.0,0,0
74,15,19,7,24,Y6012264,,,,0,30.0,0,0
74,15,19,7,25,Y6012265,,,,0,30.0,0,0
74,15,19,7,26,Y6012266,,,,0,30.0,0,0
74,15,19,7,27,Y6012267,,,,0,30.0,0,0
74,15,19,7,28,Y6012268,,,,0,30.0,0,0
74,15,19,7,29,Y6012269,,,,0,30.0,0,0
74,15,19,7,30,Y6012270,,,,0,30.0,0,0
74,15,19,8,10,Y6012271,,,,0,30.0,0,0
74,15,19,8,11,Y6012272,,,,0,30.0,0,0
74,15,19,8,12,Y6012273,,,,0,30.0,0,0
74,15,19,8,13,Y6012274,,,,0,30.0,0,0
74,15,19,8,14,Y6012275,,,,0,30.0,0,0
74,15,19,8,15,Y6012276,,,,0,30.0,0,0
74,15,19,8,16,Y6012277,,,,0,30.0,0,0
74,15,19,8,17,Y6012278,,,,0,30.0,0,0
74,15,19,8,18,Y6012279,,,,0,30.0,0,0
74,15,19,8,19,Y6012280,,,,0,30.0,0,0
74,15,19,8,20,Y6012281,,,,0,30.0,0,0
74,15,19,8,21,Y6012282,,,,0,30.0,0,0
74,15,19,8,22,Y6012283,,,,0,30.0,0,0
74,15,19,8,23,Y6012284,,,,0,30.0,0,0
74,15,19,8,24,Y6012285,,,,0,30.0,0,0
74,15,19,8,25,Y6012286,,,,0,30.0,0,0
74,15,19,8,26,Y6012287,,,,0,30.0,0,0
74,15,19,8,27,Y6012288,,,,0,30.0,0,0
74,15,19,8,28,Y6012289,,,,0,30.0,0,0
74,15,19,8,29,Y6012290,,,,0,30.0,0,0
74,15,19,8,30,Y6012291,,,,0,30.0,0,0
74,15,19,9,10,Y6012292,,,,0,30.0,0,0
74,15,19,9,11,Y6012293,,,,0,30.0,0,0
74,15,19,9,12,Y6012294,,,,0,30.0,0,0
74,15,19,9,13,Y6012295,,,,0,30.0,0,0
74,15,19,9,14,Y6012296,,,,0,30.0,0,0
74,15,19,9,15,Y6012297,,,,0,30.0,0,0
74,15,19,9,16,Y6012298,,,,0,30.0,0,0
74,15,19,9,17,Y6012299,,,,0,30.0,0,0
74,15,19,9,18,Y6012300,,,,0,30.0,0,0
74,15,19,9,19,Y6012301,,,,0,30.0,0,0
74,15,19,9,20,Y6012302,,,,0,30.0,0,0
74,15,19,9,21,Y6012303,,,,0,30.0,0,0
74,15,19,9,22,Y6012304,,,,0,30.0,0,0
74,15,19,9,23,Y6012305,,,,0,30.0,0,0
74,15,19,9,24,Y6012306,,,,0,30.0,0,0
74,15,19,9,25,Y6012307,,,,0,30.0,0,0
74,15,19,9,26,Y6012308,,,,0,30.0,0,0
74,15,19,9,27,Y6012309,,,,0,30.0,0,0
74,15,19,9,28,Y6012310,,,,0,30.0,0,0
74,15,19,9,29,Y6012311,,,,0,30.0,0,0
74,15,19,9,30,Y6012312,,,,0,30.0,0,0
74,15,19,10,10,Y6012313,,,,0,30.0,0,0
74,15,19,10,11,Y6012314,,,,0,30.0,0,0
74,15,19,10,12,Y6012315,,,,0,30.0,0,0
74,15,19,10,13,Y6012316,,,,0,30.0,0,0
74,15,19,10,14,Y6012317,,,,0,30.0,0,0
74,15,19,10,15,Y6012318,,,,0,30.0,0,0
74,15,19,10,16,Y6012319,,,,0,30.0,0,0
74,15,19,10,17,Y6012320,,,,0,30.0,0,0
74,15,19,10,18,Y6012321,,,,0,30.0,0,0
74,15,19,10,19,Y6012322,,,,0,30.0,0,0
74,15,19,10,20,Y6012323,,,,0,30.0,0,0
74,15,19,10,21,Y6012324,,,,0,30.0,0,0
74,15,19,10,22,Y6012325,,,,0,30.0,0,0
74,15,19,10,23,Y6012326,,,,0,30.0,0,0
74,15,19,10,24,Y6012327,,,,0,30.0,0,0
74,15,19,10,25,Y6012328,,,,0,30.0,0,0
74,15,19,10,26,Y6012329,,,,0,30.0,0,0
74,15,19,10,27,Y6012330,,,,0,30.0,0,0
74,15,19,10,28,Y6012331,,,,0,30.0,0,0
74,15,19,10,29,Y6012332,,,,0,30.0,0,0
74,15,19,10,30,Y6012333,,,,0,30.0,0,0
74,15,19,11,10,Y6012334,,,,0,30.0,0,0
74,15,19,11,11,Y6012335,,,,0,30.0,0,0
74,15,19,11,12,Y6012336,,,,0,30.0,0,0
74,15,19,11,13,Y6012337,,,,0,30.0,0,0
74,15,19,11,14,Y6012338,,,,0,30.0,0,0
74,15,19,11,15,Y6012339,,,,0,30.0,0,0
74,15,19,11,16,Y6012340,,,,0,30.0,0,0
74,15,19,11,17,Y6012341,,,,0,30.0,0,0
74,15,19,11,18,Y6012342,,,,0,30.0,0,0
74,15,19,11,19,Y6012343,,,,0,30.0,0,0
74,15,19,11,20,Y6012344,,,,0,30.0,0,0
74,15,19,11,21,Y6012345,,,,0,30.0,0,0
74,15,19,11,22,Y6012346,,,,0,30.0,0,0
74,15,19,11,23,Y6012347,,,,0,30.0,0,0
74,15,19,11,24,Y6012348,,,,0,30.0,0,0
74,15,19,11,25,Y6012349,,,,0,30.0,0,0
74,15,19,11,26,Y6012350,,,,0,30.0,0,0
74,15,19,11,27,Y6012351,,,,0,30.0,0,0
74,15,19,11,28,Y6012352,,,,0,30.0,0,0
74,15,19,11,29,Y6012353,,,,0,30.0,0,0
74,15,19,11,30,Y6012354,,,,0,30.0,0,0
74,15,19,12,10,Y6012355,,,,0,30.0,0,0
74,15,19,12,11,Y6012356,,,,0,30.0,0,0
74,15,19,12,12,Y6012357,,,,0,30.0,0,0
74,15,19,12,13,Y6012358,,,,0,30.0,0,0
74,15,19,12,14,Y6012359,,,,0,30.0,0,0
74,15,19,12,15,Y6012360,,,,0,30.0,0,0
74,15,19,12,16,Y6012361,,,,0,30.0,0,0
74,15,19,12,17,Y6012362,,,,0,30.0,0,0
74,15,19,12,18,Y6012363,,,,0,30.0,0,0
74,15,19,12,19,Y6012364,,,,0,30.0,0,0
74,15,19,12,20,Y6012365,,,,0,30.0,0,0
74,15,19,12,21,Y6012366,,,,0,30.0,0,0
74,15,19,12,22,Y6012367,,,,0,30.0,0,0
74,15,19,12,23,Y6012368,,,,0,30.0,0,0
74,15,19,12,24,Y6012369,,,,0,30.0,0,0
74,15,19,12,25,Y6012370,,,,0,30.0,0,0
74,15,19,12,26,Y6012371,,,,0,30.0,0,0
74,15,19,12,27,Y6012372,,,,0,30.0,0,0
74,15,19,12,28,Y6012373,,,,0,30.0,0,0
74,15,19,12,29,Y6012374,,,,0,30.0,0,0
74,15,19,12,30,Y6012375,,,,0,30.0,0,0
74,15,20,1,10,Y6012376,,,,0,30.0,0,0
74,15,20,1,11,Y6012377,,,,0,30.0,0,0
74,15,20,1,12,Y6012378,,,,0,30.0,0,0
74,15,20,1,13,Y6012379,,,,0,30.0,0,0
74,15,20,1,14,Y6012380,,,,0,30.0,0,0
74,15,20,1,15,Y6012381,,,,0,30.0,0,0
74,15,20,1,16,Y6012382,,,,0,30.0,0,0
74,15,20,1,17,Y6012383,,,,0,30.0,0,0
74,15,20,1,18,Y6012384,,,,0,30.0,0,0
74,15,20,1,19,Y6012385,,,,0,30.0,0,0
74,15,20,1,20,Y6012386,,,,0,30.0,0,0
74,15,20,1,21,Y6012387,,,,0,30.0,0,0
74,15,20,1,22,Y6012388,,,,0,30.0,0,0
74,15,20,1,23,Y6012389,,,,0,30.0,0,0
74,15,20,1,24,Y6012390,,,,0,30.0,0,0
74,15,20,1,25,Y6012391,,,,0,30.0,0,0
74,15,20,1,26,Y6012392,,,,0,30.0,0,0
74,15,20,1,27,Y6012393,,,,0,30.0,0,0
74,15,20,1,28,Y6012394,,,,0,30.0,0,0
74,15,20,1,29,Y6012395,,,,0,30.0,0,0
74,15,20,1,30,Y6012396,,,,0,30.0,0,0
74,15,20,2,10,Y6012397,,,,0,30.0,0,0
74,15,20,2,11,Y6012398,,,,0,30.0,0,0
74,15,20,2,12,Y6012399,,,,0,30.0,0,0
74,15,20,2,13,Y6012400,,,,0,30.0,0,0
74,15,20,2,14,Y6012401,,,,0,30.0,0,0
74,15,20,2,15,Y6012402,,,,0,30.0,0,0
74,15,20,2,16,Y6012403,,,,0,30.0,0,0
74,15,20,2,17,Y6012404,,,,0,30.0,0,0
74,15,20,2,18,Y6012405,,,,0,30.0,0,0
74,15,20,2,19,Y6012406,,,,0,30.0,0,0
74,15,20,2,20,Y6012407,,,,0,30.0,0,0
74,15,20,2,21,Y6012408,,,,0,30.0,0,0
74,15,20,2,22,Y6012409,,,,0,30.0,0,0
74,15,20,2,23,Y6012410,,,,0,30.0,0,0
74,15,20,2,24,Y6012411,,,,0,30.0,0,0
74,15,20,2,25,Y6012412,,,,0,30.0,0,0
74,15,20,2,26,Y6012413,,,,0,30.0,0,0
74,15,20,2,27,Y6012414,,,,0,30.0,0,0
74,15,20,2,28,Y6012415,,,,0,30.0,0,0
74,15,20,2,29,Y6012416,,,,0,30.0,0,0
74,15,20,2,30,Y6012417,,,,0,30.0,0,0
74,15,20,3,10,Y6012418,,,,0,30.0,0,0
74,15,20,3,11,Y6012419,,,,0,30.0,0,0
74,15,20,3,12,Y6012420,,,,0,30.0,0,0
74,15,20,3,13,Y6012421,,,,0,30.0,0,0
74,15,20,3,14,Y6012422,,,,0,30.0,0,0
74,15,20,3,15,Y6012423,,,,0,30.0,0,0
74,15,20,3,16,Y6012424,,,,0,30.0,0,0
74,15,20,3,17,Y6012425,,,,0,30.0,0,0
74,15,20,3,18,Y6012426,,,,0,30.0,0,0
74,15,20,3,19,Y6012427,,,,0,30.0,0,0
74,15,20,3,20,Y6012428,,,,0,30.0,0,0
74,15,20,3,21,Y6012429,,,,0,30.0,0,0
74,15,20,3,22,Y6012430,,,,0,30.0,0,0
74,15,20,3,23,Y6012431,,,,0,30.0,0,0
74,15,20,3,24,Y6012432,,,,0,30.0,0,0
74,15,20,3,25,Y6012433,,,,0,30.0,0,0
74,15,20,3,26,Y6012434,,,,0,30.0,0,0
74,15,20,3,27,Y6012435,,,,0,30.0,0,0
74,15,20,3,28,Y6012436,,,,0,30.0,0,0
74,15,20,3,29,Y6012437,,,,0,30.0,0,0
74,15,20,3,30,Y6012438,,,,0,30.0,0,0
74,15,20,4,10,Y6012439,,,,0,30.0,0,0
74,15,20,4,11,Y6012440,,,,0,30.0,0,0
74,15,20,4,12,Y6012441,,,,0,30.0,0,0
74,15,20,4,13,Y6012442,,,,0,30.0,0,0
74,15,20,4,14,Y6012443,,,,0,30.0,0,0
74,15,20,4,15,Y6012444,,,,0,30.0,0,0
74,15,20,4,16,Y6012445,,,,0,30.0,0,0
74,15,20,4,17,Y6012446,,,,0,30.0,0,0
74,15,20,4,18,Y6012447,,,,0,30.0,0,0
74,15,20,4,19,Y6012448,,,,0,30.0,0,0
74,15,20,4,20,Y6012449,,,,0,30.0,0,0
74,15,20,4,21,Y6012450,,,,0,30.0,0,0
74,15,20,4,22,Y6012451,,,,0,30.0,0,0
74,15,20,4,23,Y6012452,,,,0,30.0,0,0
74,15,20,4,24,Y6012453,,,,0,30.0,0,0
74,15,20,4,25,Y6012454,,,,0,30.0,0,0
74,15,20,4,26,Y6012455,,,,0,30.0,0,0
74,15,20,4,27,Y6012456,,,,0,30.0,0,0
74,15,20,4,28,Y6012457,,,,0,30.0,0,0
74,15,20,4,29,Y6012458,,,,0,30.0,0,0
74,15,20,4,30,Y6012459,,,,0,30.0,0,0
74,15,20,5,10,Y6012460,,,,0,30.0,0,0
74,15,20,5,11,Y6012461,,,,0,30.0,0,0
74,15,20,5,12,Y6012462,,,,0,30.0,0,0
74,15,20,5,13,Y6012463,,,,0,30.0,0,0
74,15,20,5,14,Y6012464,,,,0,30.0,0,0
74,15,20,5,15,Y6012465,,,,0,30.0,0,0
74,15,20,5,16,Y6012466,,,,0,30.0,0,0
74,15,20,5,17,Y6012467,,,,0,30.0,0,0
74,15,20,5,18,Y6012468,,,,0,30.0,0,0
74,15,20,5,19,Y6012469,,,,0,30.0,0,0
74,15,20,5,20,Y6012470,,,,0,30.0,0,0
74,15,20,5,21,Y6012471,,,,0,30.0,0,0
74,15,20,5,22,Y6012472,,,,0,30.0,0,0
74,15,20,5,23,Y6012473,,,,0,30.0,0,0
74,15,20,5,24,Y6012474,,,,0,30.0,0,0
74,15,20,5,25,Y6012475,,,,0,30.0,0,0
74,15,20,5,26,Y6012476,,,,0,30.0,0,0
74,15,20,5,27,Y6012477,,,,0,30.0,0,0
74,15,20,5,28,Y6012478,,,,0,30.0,0,0
74,15,20,5,29,Y6012479,,,,0,30.0,0,0
74,15,20,5,30,Y6012480,,,,0,30.0,0,0
74,15,20,6,10,Y6012481,,,,0,30.0,0,0
74,15,20,6,11,Y6012482,,,,0,30.0,0,0
74,15,20,6,12,Y6012483,,,,0,30.0,0,0
74,15,20,6,13,Y6012484,,,,0,30.0,0,0
74,15,20,6,14,Y6012485,,,,0,30.0,0,0
74,15,20,6,15,Y6012486,,,,0,30.0,0,0
74,15,20,6,16,Y6012487,,,,0,30.0,0,0
74,15,20,6,17,Y6012488,,,,0,30.0,0,0
74,15,20,6,18,Y6012489,,,,0,30.0,0,0
74,15,20,6,19,Y6012490,,,,0,30.0,0,0
74,15,20,6,20,Y6012491,,,,0,30.0,0,0
74,15,20,6,21,Y6012492,,,,0,30.0,0,0
74,15,20,6,22,Y6012493,,,,0,30.0,0,0
74,15,20,6,23,Y6012494,,,,0,30.0,0,0
74,15,20,6,24,Y6012495,,,,0,30.0,0,0
74,15,20,6,25,Y6012496,,,,0,30.0,0,0
74,15,20,6,26,Y6012497,,,,0,30.0,0,0
74,15,20,6,27,Y6012498,,,,0,30.0,0,0
74,15,20,6,28,Y6012499,,,,0,30.0,0,0
74,15,20,6,29,Y6012500,,,,0,30.0,0,0
74,15,20,6,30,Y6012501,,,,0,30.0,0,0
74,15,20,7,10,Y6012502,,,,0,30.0,0,0
74,15,20,7,11,Y6012503,,,,0,30.0,0,0
74,15,20,7,12,Y6012504,,,,0,30.0,0,0
74,15,20,7,13,Y6012505,,,,0,30.0,0,0
74,15,20,7,14,Y6012506,,,,0,30.0,0,0
74,15,20,7,15,Y6012507,,,,0,30.0,0,0
74,15,20,7,16,Y6012508,,,,0,30.0,0,0
74,15,20,7,17,Y6012509,,,,0,30.0,0,0
74,15,20,7,18,Y6012510,,,,0,30.0,0,0
74,15,20,7,19,Y6012511,,,,0,30.0,0,0
74,15,20,7,20,Y6012512,,,,0,30.0,0,0
74,15,20,7,21,Y6012513,,,,0,30.0,0,0
74,15,20,7,22,Y6012514,,,,0,30.0,0,0
74,15,20,7,23,Y6012515,,,,0,30.0,0,0
74,15,20,7,24,Y6012516,,,,0,30.0,0,0
74,15,20,7,25,Y6012517,,,,0,30.0,0,0
74,15,20,7,26,Y6012518,,,,0,30.0,0,0
74,15,20,7,27,Y6012519,,,,0,30.0,0,0
74,15,20,7,28,Y6012520,,,,0,30.0,0,0
74,15,20,7,29,Y6012521,,,,0,30.0,0,0
74,15,20,7,30,Y6012522,,,,0,30.0,0,0
74,15,20,8,10,Y6012523,,,,0,30.0,0,0
74,15,20,8,11,Y6012524,,,,0,30.0,0,0
74,15,20,8,12,Y6012525,,,,0,30.0,0,0
74,15,20,8,13,Y6012526,,,,0,30.0,0,0
74,15,20,8,14,Y6012527,,,,0,30.0,0,0
74,15,20,8,15,Y6012528,,,,0,30.0,0,0
74,15,20,8,16,Y6012529,,,,0,30.0,0,0
74,15,20,8,17,Y6012530,,,,0,30.0,0,0
74,15,20,8,18,Y6012531,,,,0,30.0,0,0
74,15,20,8,19,Y6012532,,,,0,30.0,0,0
74,15,20,8,20,Y6012533,,,,0,30.0,0,0
74,15,20,8,21,Y6012534,,,,0,30.0,0,0
74,15,20,8,22,Y6012535,,,,0,30.0,0,0
74,15,20,8,23,Y6012536,,,,0,30.0,0,0
74,15,20,8,24,Y6012537,,,,0,30.0,0,0
74,15,20,8,25,Y6012538,,,,0,30.0,0,0
74,15,20,8,26,Y6012539,,,,0,30.0,0,0
74,15,20,8,27,Y6012540,,,,0,30.0,0,0
74,15,20,8,28,Y6012541,,,,0,30.0,0,0
74,15,20,8,29,Y6012542,,,,0,30.0,0,0
74,15,20,8,30,Y6012543,,,,0,30.0,0,0
74,15,20,9,10,Y6012544,,,,0,30.0,0,0
74,15,20,9,11,Y6012545,,,,0,30.0,0,0
74,15,20,9,12,Y6012546,,,,0,30.0,0,0
74,15,20,9,13,Y6012547,,,,0,30.0,0,0
74,15,20,9,14,Y6012548,,,,0,30.0,0,0
74,15,20,9,15,Y6012549,,,,0,30.0,0,0
74,15,20,9,16,Y6012550,,,,0,30.0,0,0
74,15,20,9,17,Y6012551,,,,0,30.0,0,0
74,15,20,9,18,Y6012552,,,,0,30.0,0,0
74,15,20,9,19,Y6012553,,,,0,30.0,0,0
74,15,20,9,20,Y6012554,,,,0,30.0,0,0
74,15,20,9,21,Y6012555,,,,0,30.0,0,0
74,15,20,9,22,Y6012556,,,,0,30.0,0,0
74,15,20,9,23,Y6012557,,,,0,30.0,0,0
74,15,20,9,24,Y6012558,,,,0,30.0,0,0
74,15,20,9,25,Y6012559,,,,0,30.0,0,0
74,15,20,9,26,Y6012560,,,,0,30.0,0,0
74,15,20,9,27,Y6012561,,,,0,30.0,0,0
74,15,20,9,28,Y6012562,,,,0,30.0,0,0
74,15,20,9,29,Y6012563,,,,0,30.0,0,0
74,15,20,9,30,Y6012564,,,,0,30.0,0,0
74,15,20,10,10,Y6012565,,,,0,30.0,0,0
74,15,20,10,11,Y6012566,,,,0,30.0,0,0
74,15,20,10,12,Y6012567,,,,0,30.0,0,0
74,15,20,10,13,Y6012568,,,,0,30.0,0,0
74,15,20,10,14,Y6012569,,,,0,30.0,0,0
74,15,20,10,15,Y6012570,,,,0,30.0,0,0
74,15,20,10,16,Y6012571,,,,0,30.0,0,0
74,15,20,10,17,Y6012572,,,,0,30.0,0,0
74,15,20,10,18,Y6012573,,,,0,30.0,0,0
74,15,20,10,19,Y6012574,,,,0,30.0,0,0
74,15,20,10,20,Y6012575,,,,0,30.0,0,0
74,15,20,10,21,Y6012576,,,,0,30.0,0,0
74,15,20,10,22,Y6012577,,,,0,30.0,0,0
74,15,20,10,23,Y6012578,,,,0,30.0,0,0
74,15,20,10,24,Y6012579,,,,0,30.0,0,0
74,15,20,10,25,Y6012580,,,,0,30.0,0,0
74,15,20,10,26,Y6012581,,,,0,30.0,0,0
74,15,20,10,27,Y6012582,,,,0,30.0,0,0
74,15,20,10,28,Y6012583,,,,0,30.0,0,0
74,15,20,10,29,Y6012584,,,,0,30.0,0,0
74,15,20,10,30,Y6012585,,,,0,30.0,0,0
74,15,20,11,10,Y6012586,,,,0,30.0,0,0
74,15,20,11,11,Y6012587,,,,0,30.0,0,0
74,15,20,11,12,Y6012588,,,,0,30.0,0,0
74,15,20,11,13,Y6012589,,,,0,30.0,0,0
74,15,20,11,14,Y6012590,,,,0,30.0,0,0
74,15,20,11,15,Y6012591,,,,0,30.0,0,0
74,15,20,11,16,Y6012592,,,,0,30.0,0,0
74,15,20,11,17,Y6012593,,,,0,30.0,0,0
74,15,20,11,18,Y6012594,,,,0,30.0,0,0
74,15,20,11,19,Y6012595,,,,0,30.0,0,0
74,15,20,11,20,Y6012596,,,,0,30.0,0,0
74,15,20,11,21,Y6012597,,,,0,30.0,0,0
74,15,20,11,22,Y6012598,,,,0,30.0,0,0
74,15,20,11,23,Y6012599,,,,0,30.0,0,0
74,15,20,11,24,Y6012600,,,,0,30.0,0,0
74,15,20,11,25,Y6012601,,,,0,30.0,0,0
74,15,20,11,26,Y6012602,,,,0,30.0,0,0
74,15,20,11,27,Y6012603,,,,0,30.0,0,0
74,15,20,11,28,Y6012604,,,,0,30.0,0,0
74,15,20,11,29,Y6012605,,,,0,30.0,0,0
74,15,20,11,30,Y6012606,,,,0,30.0,0,0
74,15,20,12,10,Y6012607,,,,0,30.0,0,0
74,15,20,12,11,Y6012608,,,,0,30.0,0,0
74,15,20,12,12,Y6012609,,,,0,30.0,0,0
74,15,20,12,13,Y6012610,,,,0,30.0,0,0
74,15,20,12,14,Y6012611,,,,0,30.0,0,0
74,15,20,12,15,Y6012612,,,,0,30.0,0,0
74,15,20,12,16,Y6012613,,,,0,30.0,0,0
74,15,20,12,17,Y6012614,,,,0,30.0,0,0
74,15,20,12,18,Y6012615,,,,0,30.0,0,0
74,15,20,12,19,Y6012616,,,,0,30.0,0,0
74,15,20,12,20,Y6012617,,,,0,30.0,0,0
74,15,20,12,21,Y6012618,,,,0,30.0,0,0
74,15,20,12,22,Y6012619,,,,0,30.0,0,0
74,15,20,12,23,Y6012620,,,,0,30.0,0,0
74,15,20,12,24,Y6012621,,,,0,30.0,0,0
74,15,20,12,25,Y6012622,,,,0,30.0,0,0
74,15,20,12,26,Y6012623,,,,0,30.0,0,0
74,15,20,12,27,Y6012624,,,,0,30.0,0,0
74,15,20,12,28,Y6012625,,,,0,30.0,0,0
74,15,20,12,29,Y6012626,,,,0,30.0,0,0
74,15,20,12,30,Y6012627,,,,0,30.0,0,0
74,15,21,1,10,Y6012628,,,,0,30.0,0,0
74,15,21,1,11,Y6012629,,,,0,30.0,0,0
74,15,21,1,12,Y6012630,,,,0,30.0,0,0
74,15,21,1,13,Y6012631,,,,0,30.0,0,0
74,15,21,1,14,Y6012632,,,,0,30.0,0,0
74,15,21,1,15,Y6012633,,,,0,30.0,0,0
74,15,21,1,16,Y6012634,,,,0,30.0,0,0
74,15,21,1,17,Y6012635,,,,0,30.0,0,0
74,15,21,1,18,Y6012636,,,,0,30.0,0,0
74,15,21,1,19,Y6012637,,,,0,30.0,0,0
74,15,21,1,20,Y6012638,,,,0,30.0,0,0
74,15,21,1,21,Y6012639,,,,0,30.0,0,0
74,15,21,1,22,Y6012640,,,,0,30.0,0,0
74,15,21,1,23,Y6012641,,,,0,30.0,0,0
74,15,21,1,24,Y6012642,,,,0,30.0,0,0
74,15,21,1,25,Y6012643,,,,0,30.0,0,0
74,15,21,1,26,Y6012644,,,,0,30.0,0,0
74,15,21,1,27,Y6012645,,,,0,30.0,0,0
74,15,21,1,28,Y6012646,,,,0,30.0,0,0
74,15,21,1,29,Y6012647,,,,0,30.0,0,0
74,15,21,1,30,Y6012648,,,,0,30.0,0,0
74,15,21,2,10,Y6012649,,,,0,30.0,0,0
74,15,21,2,11,Y6012650,,,,0,30.0,0,0
74,15,21,2,12,Y6012651,,,,0,30.0,0,0
74,15,21,2,13,Y6012652,,,,0,30.0,0,0
74,15,21,2,14,Y6012653,,,,0,30.0,0,0
74,15,21,2,15,Y6012654,,,,0,30.0,0,0
74,15,21,2,16,Y6012655,,,,0,30.0,0,0
74,15,21,2,17,Y6012656,,,,0,30.0,0,0
74,15,21,2,18,Y6012657,,,,0,30.0,0,0
74,15,21,2,19,Y6012658,,,,0,30.0,0,0
74,15,21,2,20,Y6012659,,,,0,30.0,0,0
74,15,21,2,21,Y6012660,,,,0,30.0,0,0
74,15,21,2,22,Y6012661,,,,0,30.0,0,0
74,15,21,2,23,Y6012662,,,,0,30.0,0,0
74,15,21,2,24,Y6012663,,,,0,30.0,0,0
74,15,21,2,25,Y6012664,,,,0,30.0,0,0
74,15,21,2,26,Y6012665,,,,0,30.0,0,0
74,15,21,2,27,Y6012666,,,,0,30.0,0,0
74,15,21,2,28,Y6012667,,,,0,30.0,0,0
74,15,21,2,29,Y6012668,,,,0,30.0,0,0
74,15,21,2,30,Y6012669,,,,0,30.0,0,0
74,15,21,3,10,Y6012670,,,,0,30.0,0,0
74,15,21,3,11,Y6012671,,,,0,30.0,0,0
74,15,21,3,12,Y6012672,,,,0,30.0,0,0
74,15,21,3,13,Y6012673,,,,0,30.0,0,0
74,15,21,3,14,Y6012674,,,,0,30.0,0,0
74,15,21,3,15,Y6012675,,,,0,30.0,0,0
74,15,21,3,16,Y6012676,,,,0,30.0,0,0
74,15,21,3,17,Y6012677,,,,0,30.0,0,0
74,15,21,3,18,Y6012678,,,,0,30.0,0,0
74,15,21,3,19,Y6012679,,,,0,30.0,0,0
74,15,21,3,20,Y6012680,,,,0,30.0,0,0
74,15,21,3,21,Y6012681,,,,0,30.0,0,0
74,15,21,3,22,Y6012682,,,,0,30.0,0,0
74,15,21,3,23,Y6012683,,,,0,30.0,0,0
74,15,21,3,24,Y6012684,,,,0,30.0,0,0
74,15,21,3,25,Y6012685,,,,0,30.0,0,0
74,15,21,3,26,Y6012686,,,,0,30.0,0,0
74,15,21,3,27,Y6012687,,,,0,30.0,0,0
74,15,21,3,28,Y6012688,,,,0,30.0,0,0
74,15,21,3,29,Y6012689,,,,0,30.0,0,0
74,15,21,3,30,Y6012690,,,,0,30.0,0,0
74,15,21,4,10,Y6012691,,,,0,30.0,0,0
74,15,21,4,11,Y6012692,,,,0,30.0,0,0
74,15,21,4,12,Y6012693,,,,0,30.0,0,0
74,15,21,4,13,Y6012694,,,,0,30.0,0,0
74,15,21,4,14,Y6012695,,,,0,30.0,0,0
74,15,21,4,15,Y6012696,,,,0,30.0,0,0
74,15,21,4,16,Y6012697,,,,0,30.0,0,0
74,15,21,4,17,Y6012698,,,,0,30.0,0,0
74,15,21,4,18,Y6012699,,,,0,30.0,0,0
74,15,21,4,19,Y6012700,,,,0,30.0,0,0
74,15,21,4,20,Y6012701,,,,0,30.0,0,0
74,15,21,4,21,Y6012702,,,,0,30.0,0,0
74,15,21,4,22,Y6012703,,,,0,30.0,0,0
74,15,21,4,23,Y6012704,,,,0,30.0,0,0
74,15,21,4,24,Y6012705,,,,0,30.0,0,0
74,15,21,4,25,Y6012706,,,,0,30.0,0,0
74,15,21,4,26,Y6012707,,,,0,30.0,0,0
74,15,21,4,27,Y6012708,,,,0,30.0,0,0
74,15,21,4,28,Y6012709,,,,0,30.0,0,0
74,15,21,4,29,Y6012710,,,,0,30.0,0,0
74,15,21,4,30,Y6012711,,,,0,30.0,0,0
74,15,21,5,10,Y6012712,,,,0,30.0,0,0
74,15,21,5,11,Y6012713,,,,0,30.0,0,0
74,15,21,5,12,Y6012714,,,,0,30.0,0,0
74,15,21,5,13,Y6012715,,,,0,30.0,0,0
74,15,21,5,14,Y6012716,,,,0,30.0,0,0
74,15,21,5,15,Y6012717,,,,0,30.0,0,0
74,15,21,5,16,Y6012718,,,,0,30.0,0,0
74,15,21,5,17,Y6012719,,,,0,30.0,0,0
74,15,21,5,18,Y6012720,,,,0,30.0,0,0
74,15,21,5,19,Y6012721,,,,0,30.0,0,0
74,15,21,5,20,Y6012722,,,,0,30.0,0,0
74,15,21,5,21,Y6012723,,,,0,30.0,0,0
74,15,21,5,22,Y6012724,,,,0,30.0,0,0
74,15,21,5,23,Y6012725,,,,0,30.0,0,0
74,15,21,5,24,Y6012726,,,,0,30.0,0,0
74,15,21,5,25,Y6012727,,,,0,30.0,0,0
74,15,21,5,26,Y6012728,,,,0,30.0,0,0
74,15,21,5,27,Y6012729,,,,0,30.0,0,0
74,15,21,5,28,Y6012730,,,,0,30.0,0,0
74,15,21,5,29,Y6012731,,,,0,30.0,0,0
74,15,21,5,30,Y6012732,,,,0,30.0,0,0
74,15,21,6,10,Y6012733,,,,0,30.0,0,0
74,15,21,6,11,Y6012734,,,,0,30.0,0,0
74,15,21,6,12,Y6012735,,,,0,30.0,0,0
74,15,21,6,13,Y6012736,,,,0,30.0,0,0
74,15,21,6,14,Y6012737,,,,0,30.0,0,0
74,15,21,6,15,Y6012738,,,,0,30.0,0,0
74,15,21,6,16,Y6012739,,,,0,30.0,0,0
74,15,21,6,17,Y6012740,,,,0,30.0,0,0
74,15,21,6,18,Y6012741,,,,0,30.0,0,0
74,15,21,6,19,Y6012742,,,,0,30.0,0,0
74,15,21,6,20,Y6012743,,,,0,30.0,0,0
74,15,21,6,21,Y6012744,,,,0,30.0,0,0
74,15,21,6,22,Y6012745,,,,0,30.0,0,0
74,15,21,6,23,Y6012746,,,,0,30.0,0,0
74,15,21,6,24,Y6012747,,,,0,30.0,0,0
74,15,21,6,25,Y6012748,,,,0,30.0,0,0
74,15,21,6,26,Y6012749,,,,0,30.0,0,0
74,15,21,6,27,Y6012750,,,,0,30.0,0,0
74,15,21,6,28,Y6012751,,,,0,30.0,0,0
74,15,21,6,29,Y6012752,,,,0,30.0,0,0
74,15,21,6,30,Y6012753,,,,0,30.0,0,0
74,15,21,7,10,Y6012754,,,,0,30.0,0,0
74,15,21,7,11,Y6012755,,,,0,30.0,0,0
74,15,21,7,12,Y6012756,,,,0,30.0,0,0
74,15,21,7,13,Y6012757,,,,0,30.0,0,0
74,15,21,7,14,Y6012758,,,,0,30.0,0,0
74,15,21,7,15,Y6012759,,,,0,30.0,0,0
74,15,21,7,16,Y6012760,,,,0,30.0,0,0
74,15,21,7,17,Y6012761,,,,0,30.0,0,0
74,15,21,7,18,Y6012762,,,,0,30.0,0,0
74,15,21,7,19,Y6012763,,,,0,30.0,0,0
74,15,21,7,20,Y6012764,,,,0,30.0,0,0
74,15,21,7,21,Y6012765,,,,0,30.0,0,0
74,15,21,7,22,Y6012766,,,,0,30.0,0,0
74,15,21,7,23,Y6012767,,,,0,30.0,0,0
74,15,21,7,24,Y6012768,,,,0,30.0,0,0
74,15,21,7,25,Y6012769,,,,0,30.0,0,0
74,15,21,7,26,Y6012770,,,,0,30.0,0,0
74,15,21,7,27,Y6012771,,,,0,30.0,0,0
74,15,21,7,28,Y6012772,,,,0,30.0,0,0
74,15,21,7,29,Y6012773,,,,0,30.0,0,0
74,15,21,7,30,Y6012774,,,,0,30.0,0,0
74,15,21,8,10,Y6012775,,,,0,30.0,0,0
74,15,21,8,11,Y6012776,,,,0,30.0,0,0
74,15,21,8,12,Y6012777,,,,0,30.0,0,0
74,15,21,8,13,Y6012778,,,,0,30.0,0,0
74,15,21,8,14,Y6012779,,,,0,30.0,0,0
74,15,21,8,15,Y6012780,,,,0,30.0,0,0
74,15,21,8,16,Y6012781,,,,0,30.0,0,0
74,15,21,8,17,Y6012782,,,,0,30.0,0,0
74,15,21,8,18,Y6012783,,,,0,30.0,0,0
74,15,21,8,19,Y6012784,,,,0,30.0,0,0
74,15,21,8,20,Y6012785,,,,0,30.0,0,0
74,15,21,8,21,Y6012786,,,,0,30.0,0,0
74,15,21,8,22,Y6012787,,,,0,30.0,0,0
74,15,21,8,23,Y6012788,,,,0,30.0,0,0
74,15,21,8,24,Y6012789,,,,0,30.0,0,0
74,15,21,8,25,Y6012790,,,,0,30.0,0,0
74,15,21,8,26,Y6012791,,,,0,30.0,0,0
74,15,21,8,27,Y6012792,,,,0,30.0,0,0
74,15,21,8,28,Y6012793,,,,0,30.0,0,0
74,15,21,8,29,Y6012794,,,,0,30.0,0,0
74,15,21,8,30,Y6012795,,,,0,30.0,0,0
74,15,21,9,10,Y6012796,,,,0,30.0,0,0
74,15,21,9,11,Y6012797,,,,0,30.0,0,0
74,15,21,9,12,Y6012798,,,,0,30.0,0,0
74,15,21,9,13,Y6012799,,,,0,30.0,0,0
74,15,21,9,14,Y6012800,,,,0,30.0,0,0
74,15,21,9,15,Y6012801,,,,0,30.0,0,0
74,15,21,9,16,Y6012802,,,,0,30.0,0,0
74,15,21,9,17,Y6012803,,,,0,30.0,0,0
74,15,21,9,18,Y6012804,,,,0,30.0,0,0
74,15,21,9,19,Y6012805,,,,0,30.0,0,0
74,15,21,9,20,Y6012806,,,,0,30.0,0,0
74,15,21,9,21,Y6012807,,,,0,30.0,0,0
74,15,21,9,22,Y6012808,,,,0,30.0,0,0
74,15,21,9,23,Y6012809,,,,0,30.0,0,0
74,15,21,9,24,Y6012810,,,,0,30.0,0,0
74,15,21,9,25,Y6012811,,,,0,30.0,0,0
74,15,21,9,26,Y6012812,,,,0,30.0,0,0
74,15,21,9,27,Y6012813,,,,0,30.0,0,0
74,15,21,9,28,Y6012814,,,,0,30.0,0,0
74,15,21,9,29,Y6012815,,,,0,30.0,0,0
74,15,21,9,30,Y6012816,,,,0,30.0,0,0
74,15,21,10,10,Y6012817,,,,0,30.0,0,0
74,15,21,10,11,Y6012818,,,,0,30.0,0,0
74,15,21,10,12,Y6012819,,,,0,30.0,0,0
74,15,21,10,13,Y6012820,,,,0,30.0,0,0
74,15,21,10,14,Y6012821,,,,0,30.0,0,0
74,15,21,10,15,Y6012822,,,,0,30.0,0,0
74,15,21,10,16,Y6012823,,,,0,30.0,0,0
74,15,21,10,17,Y6012824,,,,0,30.0,0,0
74,15,21,10,18,Y6012825,,,,0,30.0,0,0
74,15,21,10,19,Y6012826,,,,0,30.0,0,0
74,15,21,10,20,Y6012827,,,,0,30.0,0,0
74,15,21,10,21,Y6012828,,,,0,30.0,0,0
74,15,21,10,22,Y6012829,,,,0,30.0,0,0
74,15,21,10,23,Y6012830,,,,0,30.0,0,0
74,15,21,10,24,Y6012831,,,,0,30.0,0,0
74,15,21,10,25,Y6012832,,,,0,30.0,0,0
74,15,21,10,26,Y6012833,,,,0,30.0,0,0
74,15,21,10,27,Y6012834,,,,0,30.0,0,0
74,15,21,10,28,Y6012835,,,,0,30.0,0,0
74,15,21,10,29,Y6012836,,,,0,30.0,0,0
74,15,21,10,30,Y6012837,,,,0,30.0,0,0
74,15,21,11,10,Y6012838,,,,0,30.0,0,0
74,15,21,11,11,Y6012839,,,,0,30.0,0,0
74,15,21,11,12,Y6012840,,,,0,30.0,0,0
74,15,21,11,13,Y6012841,,,,0,30.0,0,0
74,15,21,11,14,Y6012842,,,,0,30.0,0,0
74,15,21,11,15,Y6012843,,,,0,30.0,0,0
74,15,21,11,16,Y6012844,,,,0,30.0,0,0
74,15,21,11,17,Y6012845,,,,0,30.0,0,0
74,15,21,11,18,Y6012846,,,,0,30.0,0,0
74,15,21,11,19,Y6012847,,,,0,30.0,0,0
74,15,21,11,20,Y6012848,,,,0,30.0,0,0
74,15,21,11,21,Y6012849,,,,0,30.0,0,0
74,15,21,11,22,Y6012850,,,,0,30.0,0,0
74,15,21,11,23,Y6012851,,,,0,30.0,0,0
74,15,21,11,24,Y6012852,,,,0,30.0,0,0
74,15,21,11,25,Y6012853,,,,0,30.0,0,0
74,15,21,11,26,Y6012854,,,,0,30.0,0,0
74,15,21,11,27,Y6012855,,,,0,30.0,0,0
74,15,21,11,28,Y6012856,,,,0,30.0,0,0
74,15,21,11,29,Y6012857,,,,0,30.0,0,0
74,15,21,11,30,Y6012858,,,,0,30.0,0,0
74,15,21,12,10,Y6012859,,,,0,30.0,0,0
74,15,21,12,11,Y6012860,,,,0,30.0,0,0
74,15,21,12,12,Y6012861,,,,0,30.0,0,0
74,15,21,12,13,Y6012862,,,,0,30.0,0,0
74,15,21,12,14,Y6012863,,,,0,30.0,0,0
74,15,21,12,15,Y6012864,,,,0,30.0,0,0
74,15,21,12,16,Y6012865,,,,0,30.0,0,0
74,15,21,12,17,Y6012866,,,,0,30.0,0,0
74,15,21,12,18,Y6012867,,,,0,30.0,0,0
74,15,21,12,19,Y6012868,,,,0,30.0,0,0
74,15,21,12,20,Y6012869,,,,0,30.0,0,0
74,15,21,12,21,Y6012870,,,,0,30.0,0,0
74,15,21,12,22,Y6012871,,,,0,30.0,0,0
74,15,21,12,23,Y6012872,,,,0,30.0,0,0
74,15,21,12,24,Y6012873,,,,0,30.0,0,0
74,15,21,12,25,Y6012874,,,,0,30.0,0,0
74,15,21,12,26,Y6012875,,,,0,30.0,0,0
74,15,21,12,27,Y6012876,,,,0,30.0,0,0
74,15,21,12,28,Y6012877,,,,0,30.0,0,0
74,15,21,12,29,Y6012878,,,,0,30.0,0,0
74,15,21,12,30,Y6012879,,,,0,30.0,0,0
74,15,22,1,10,Y6012880,,,,0,30.0,0,0
74,15,22,1,11,Y6012881,,,,0,30.0,0,0
74,15,22,1,12,Y6012882,,,,0,30.0,0,0
74,15,22,1,13,Y6012883,,,,0,30.0,0,0
74,15,22,1,14,Y6012884,,,,0,30.0,0,0
74,15,22,1,15,Y6012885,,,,0,30.0,0,0
74,15,22,1,16,Y6012886,,,,0,30.0,0,0
74,15,22,1,17,Y6012887,,,,0,30.0,0,0
74,15,22,1,18,Y6012888,,,,0,30.0,0,0
74,15,22,1,19,Y6012889,,,,0,30.0,0,0
74,15,22,1,20,Y6012890,,,,0,30.0,0,0
74,15,22,1,21,Y6012891,,,,0,30.0,0,0
74,15,22,1,22,Y6012892,,,,0,30.0,0,0
74,15,22,1,23,Y6012893,,,,0,30.0,0,0
74,15,22,1,24,Y6012894,,,,0,30.0,0,0
74,15,22,1,25,Y6012895,,,,0,30.0,0,0
74,15,22,1,26,Y6012896,,,,0,30.0,0,0
74,15,22,1,27,Y6012897,,,,0,30.0,0,0
74,15,22,1,28,Y6012898,,,,0,30.0,0,0
74,15,22,1,29,Y6012899,,,,0,30.0,0,0
74,15,22,1,30,Y6012900,,,,0,30.0,0,0
74,15,22,2,10,Y6012901,,,,0,30.0,0,0
74,15,22,2,11,Y6012902,,,,0,30.0,0,0
74,15,22,2,12,Y6012903,,,,0,30.0,0,0
74,15,22,2,13,Y6012904,,,,0,30.0,0,0
74,15,22,2,14,Y6012905,,,,0,30.0,0,0
74,15,22,2,15,Y6012906,,,,0,30.0,0,0
74,15,22,2,16,Y6012907,,,,0,30.0,0,0
74,15,22,2,17,Y6012908,,,,0,30.0,0,0
74,15,22,2,18,Y6012909,,,,0,30.0,0,0
74,15,22,2,19,Y6012910,,,,0,30.0,0,0
74,15,22,2,20,Y6012911,,,,0,30.0,0,0
74,15,22,2,21,Y6012912,,,,0,30.0,0,0
74,15,22,2,22,Y6012913,,,,0,30.0,0,0
74,15,22,2,23,Y6012914,,,,0,30.0,0,0
74,15,22,2,24,Y6012915,,,,0,30.0,0,0
74,15,22,2,25,Y6012916,,,,0,30.0,0,0
74,15,22,2,26,Y6012917,,,,0,30.0,0,0
74,15,22,2,27,Y6012918,,,,0,30.0,0,0
74,15,22,2,28,Y6012919,,,,0,30.0,0,0
74,15,22,2,29,Y6012920,,,,0,30.0,0,0
74,15,22,2,30,Y6012921,,,,0,30.0,0,0
74,15,22,3,10,Y6012922,,,,0,30.0,0,0
74,15,22,3,11,Y6012923,,,,0,30.0,0,0
74,15,22,3,12,Y6012924,,,,0,30.0,0,0
74,15,22,3,13,Y6012925,,,,0,30.0,0,0
74,15,22,3,14,Y6012926,,,,0,30.0,0,0
74,15,22,3,15,Y6012927,,,,0,30.0,0,0
74,15,22,3,16,Y6012928,,,,0,30.0,0,0
74,15,22,3,17,Y6012929,,,,0,30.0,0,0
74,15,22,3,18,Y6012930,,,,0,30.0,0,0
74,15,22,3,19,Y6012931,,,,0,30.0,0,0
74,15,22,3,20,Y6012932,,,,0,30.0,0,0
74,15,22,3,21,Y6012933,,,,0,30.0,0,0
74,15,22,3,22,Y6012934,,,,0,30.0,0,0
74,15,22,3,23,Y6012935,,,,0,30.0,0,0
74,15,22,3,24,Y6012936,,,,0,30.0,0,0
74,15,22,3,25,Y6012937,,,,0,30.0,0,0
74,15,22,3,26,Y6012938,,,,0,30.0,0,0
74,15,22,3,27,Y6012939,,,,0,30.0,0,0
74,15,22,3,28,Y6012940,,,,0,30.0,0,0
74,15,22,3,29,Y6012941,,,,0,30.0,0,0
74,15,22,3,30,Y6012942,,,,0,30.0,0,0
74,15,22,4,10,Y6012943,,,,0,30.0,0,0
74,15,22,4,11,Y6012944,,,,0,30.0,0,0
74,15,22,4,12,Y6012945,,,,0,30.0,0,0
74,15,22,4,13,Y6012946,,,,0,30.0,0,0
74,15,22,4,14,Y6012947,,,,0,30.0,0,0
74,15,22,4,15,Y6012948,,,,0,30.0,0,0
74,15,22,4,16,Y6012949,,,,0,30.0,0,0
74,15,22,4,17,Y6012950,,,,0,30.0,0,0
74,15,22,4,18,Y6012951,,,,0,30.0,0,0
74,15,22,4,19,Y6012952,,,,0,30.0,0,0
74,15,22,4,20,Y6012953,,,,0,30.0,0,0
74,15,22,4,21,Y6012954,,,,0,30.0,0,0
74,15,22,4,22,Y6012955,,,,0,30.0,0,0
74,15,22,4,23,Y6012956,,,,0,30.0,0,0
74,15,22,4,24,Y6012957,,,,0,30.0,0,0
74,15,22,4,25,Y6012958,,,,0,30.0,0,0
74,15,22,4,26,Y6012959,,,,0,30.0,0,0
74,15,22,4,27,Y6012960,,,,0,30.0,0,0
74,15,22,4,28,Y6012961,,,,0,30.0,0,0
74,15,22,4,29,Y6012962,,,,0,30.0,0,0
74,15,22,4,30,Y6012963,,,,0,30.0,0,0
74,15,22,5,10,Y6012964,,,,0,30.0,0,0
74,15,22,5,11,Y6012965,,,,0,30.0,0,0
74,15,22,5,12,Y6012966,,,,0,30.0,0,0
74,15,22,5,13,Y6012967,,,,0,30.0,0,0
74,15,22,5,14,Y6012968,,,,0,30.0,0,0
74,15,22,5,15,Y6012969,,,,0,30.0,0,0
74,15,22,5,16,Y6012970,,,,0,30.0,0,0
74,15,22,5,17,Y6012971,,,,0,30.0,0,0
74,15,22,5,18,Y6012972,,,,0,30.0,0,0
74,15,22,5,19,Y6012973,,,,0,30.0,0,0
74,15,22,5,20,Y6012974,,,,0,30.0,0,0
74,15,22,5,21,Y6012975,,,,0,30.0,0,0
74,15,22,5,22,Y6012976,,,,0,30.0,0,0
74,15,22,5,23,Y6012977,,,,0,30.0,0,0
74,15,22,5,24,Y6012978,,,,0,30.0,0,0
74,15,22,5,25,Y6012979,,,,0,30.0,0,0
74,15,22,5,26,Y6012980,,,,0,30.0,0,0
74,15,22,5,27,Y6012981,,,,0,30.0,0,0
74,15,22,5,28,Y6012982,,,,0,30.0,0,0
74,15,22,5,29,Y6012983,,,,0,30.0,0,0
74,15,22,5,30,Y6012984,,,,0,30.0,0,0
74,15,22,6,10,Y6012985,,,,0,30.0,0,0
74,15,22,6,11,Y6012986,,,,0,30.0,0,0
74,15,22,6,12,Y6012987,,,,0,30.0,0,0
74,15,22,6,13,Y6012988,,,,0,30.0,0,0
74,15,22,6,14,Y6012989,,,,0,30.0,0,0
74,15,22,6,15,Y6012990,,,,0,30.0,0,0
74,15,22,6,16,Y6012991,,,,0,30.0,0,0
74,15,22,6,17,Y6012992,,,,0,30.0,0,0
74,15,22,6,18,Y6012993,,,,0,30.0,0,0
74,15,22,6,19,Y6012994,,,,0,30.0,0,0
74,15,22,6,20,Y6012995,,,,0,30.0,0,0
74,15,22,6,21,Y6012996,,,,0,30.0,0,0
74,15,22,6,22,Y6012997,,,,0,30.0,0,0
74,15,22,6,23,Y6012998,,,,0,30.0,0,0
74,15,22,6,24,Y6012999,,,,0,30.0,0,0
74,15,22,6,25,Y6013000,,,,0,30.0,0,0
74,15,22,6,26,Y6013001,,,,0,30.0,0,0
74,15,22,6,27,Y6013002,,,,0,30.0,0,0
74,15,22,6,28,Y6013003,,,,0,30.0,0,0
74,15,22,6,29,Y6013004,,,,0,30.0,0,0
74,15,22,6,30,Y6013005,,,,0,30.0,0,0
74,15,22,7,10,Y6013006,,,,0,30.0,0,0
74,15,22,7,11,Y6013007,,,,0,30.0,0,0
74,15,22,7,12,Y6013008,,,,0,30.0,0,0
74,15,22,7,13,Y6013009,,,,0,30.0,0,0
74,15,22,7,14,Y6013010,,,,0,30.0,0,0
74,15,22,7,15,Y6013011,,,,0,30.0,0,0
74,15,22,7,16,Y6013012,,,,0,30.0,0,0
74,15,22,7,17,Y6013013,,,,0,30.0,0,0
74,15,22,7,18,Y6013014,,,,0,30.0,0,0
74,15,22,7,19,Y6013015,,,,0,30.0,0,0
74,15,22,7,20,Y6013016,,,,0,30.0,0,0
74,15,22,7,21,Y6013017,,,,0,30.0,0,0
74,15,22,7,22,Y6013018,,,,0,30.0,0,0
74,15,22,7,23,Y6013019,,,,0,30.0,0,0
74,15,22,7,24,Y6013020,,,,0,30.0,0,0
74,15,22,7,25,Y6013021,,,,0,30.0,0,0
74,15,22,7,26,Y6013022,,,,0,30.0,0,0
74,15,22,7,27,Y6013023,,,,0,30.0,0,0
74,15,22,7,28,Y6013024,,,,0,30.0,0,0
74,15,22,7,29,Y6013025,,,,0,30.0,0,0
74,15,22,7,30,Y6013026,,,,0,30.0,0,0
74,15,22,8,10,Y6013027,,,,0,30.0,0,0
74,15,22,8,11,Y6013028,,,,0,30.0,0,0
74,15,22,8,12,Y6013029,,,,0,30.0,0,0
74,15,22,8,13,Y6013030,,,,0,30.0,0,0
74,15,22,8,14,Y6013031,,,,0,30.0,0,0
74,15,22,8,15,Y6013032,,,,0,30.0,0,0
74,15,22,8,16,Y6013033,,,,0,30.0,0,0
74,15,22,8,17,Y6013034,,,,0,30.0,0,0
74,15,22,8,18,Y6013035,,,,0,30.0,0,0
74,15,22,8,19,Y6013036,,,,0,30.0,0,0
74,15,22,8,20,Y6013037,,,,0,30.0,0,0
74,15,22,8,21,Y6013038,,,,0,30.0,0,0
74,15,22,8,22,Y6013039,,,,0,30.0,0,0
74,15,22,8,23,Y6013040,,,,0,30.0,0,0
74,15,22,8,24,Y6013041,,,,0,30.0,0,0
74,15,22,8,25,Y6013042,,,,0,30.0,0,0
74,15,22,8,26,Y6013043,,,,0,30.0,0,0
74,15,22,8,27,Y6013044,,,,0,30.0,0,0
74,15,22,8,28,Y6013045,,,,0,30.0,0,0
74,15,22,8,29,Y6013046,,,,0,30.0,0,0
74,15,22,8,30,Y6013047,,,,0,30.0,0,0
74,15,22,9,10,Y6013048,,,,0,30.0,0,0
74,15,22,9,11,Y6013049,,,,0,30.0,0,0
74,15,22,9,12,Y6013050,,,,0,30.0,0,0
74,15,22,9,13,Y6013051,,,,0,30.0,0,0
74,15,22,9,14,Y6013052,,,,0,30.0,0,0
74,15,22,9,15,Y6013053,,,,0,30.0,0,0
74,15,22,9,16,Y6013054,,,,0,30.0,0,0
74,15,22,9,17,Y6013055,,,,0,30.0,0,0
74,15,22,9,18,Y6013056,,,,0,30.0,0,0
74,15,22,9,19,Y6013057,,,,0,30.0,0,0
74,15,22,9,20,Y6013058,,,,0,30.0,0,0
74,15,22,9,21,Y6013059,,,,0,30.0,0,0
74,15,22,9,22,Y6013060,,,,0,30.0,0,0
74,15,22,9,23,Y6013061,,,,0,30.0,0,0
74,15,22,9,24,Y6013062,,,,0,30.0,0,0
74,15,22,9,25,Y6013063,,,,0,30.0,0,0
74,15,22,9,26,Y6013064,,,,0,30.0,0,0
74,15,22,9,27,Y6013065,,,,0,30.0,0,0
74,15,22,9,28,Y6013066,,,,0,30.0,0,0
74,15,22,9,29,Y6013067,,,,0,30.0,0,0
74,15,22,9,30,Y6013068,,,,0,30.0,0,0
74,15,22,10,10,Y6013069,,,,0,30.0,0,0
74,15,22,10,11,Y6013070,,,,0,30.0,0,0
74,15,22,10,12,Y6013071,,,,0,30.0,0,0
74,15,22,10,13,Y6013072,,,,0,30.0,0,0
74,15,22,10,14,Y6013073,,,,0,30.0,0,0
74,15,22,10,15,Y6013074,,,,0,30.0,0,0
74,15,22,10,16,Y6013075,,,,0,30.0,0,0
74,15,22,10,17,Y6013076,,,,0,30.0,0,0
74,15,22,10,18,Y6013077,,,,0,30.0,0,0
74,15,22,10,19,Y6013078,,,,0,30.0,0,0
74,15,22,10,20,Y6013079,,,,0,30.0,0,0
74,15,22,10,21,Y6013080,,,,0,30.0,0,0
74,15,22,10,22,Y6013081,,,,0,30.0,0,0
74,15,22,10,23,Y6013082,,,,0,30.0,0,0
74,15,22,10,24,Y6013083,,,,0,30.0,0,0
74,15,22,10,25,Y6013084,,,,0,30.0,0,0
74,15,22,10,26,Y6013085,,,,0,30.0,0,0
74,15,22,10,27,Y6013086,,,,0,30.0,0,0
74,15,22,10,28,Y6013087,,,,0,30.0,0,0
74,15,22,10,29,Y6013088,,,,0,30.0,0,0
74,15,22,10,30,Y6013089,,,,0,30.0,0,0
74,15,22,11,10,Y6013090,,,,0,30.0,0,0
74,15,22,11,11,Y6013091,,,,0,30.0,0,0
74,15,22,11,12,Y6013092,,,,0,30.0,0,0
74,15,22,11,13,Y6013093,,,,0,30.0,0,0
74,15,22,11,14,Y6013094,,,,0,30.0,0,0
74,15,22,11,15,Y6013095,,,,0,30.0,0,0
74,15,22,11,16,Y6013096,,,,0,30.0,0,0
74,15,22,11,17,Y6013097,,,,0,30.0,0,0
74,15,22,11,18,Y6013098,,,,0,30.0,0,0
74,15,22,11,19,Y6013099,,,,0,30.0,0,0
74,15,22,11,20,Y6013100,,,,0,30.0,0,0
74,15,22,11,21,Y6013101,,,,0,30.0,0,0
74,15,22,11,22,Y6013102,,,,0,30.0,0,0
74,15,22,11,23,Y6013103,,,,0,30.0,0,0
74,15,22,11,24,Y6013104,,,,0,30.0,0,0
74,15,22,11,25,Y6013105,,,,0,30.0,0,0
74,15,22,11,26,Y6013106,,,,0,30.0,0,0
74,15,22,11,27,Y6013107,,,,0,30.0,0,0
74,15,22,11,28,Y6013108,,,,0,30.0,0,0
74,15,22,11,29,Y6013109,,,,0,30.0,0,0
74,15,22,11,30,Y6013110,,,,0,30.0,0,0
74,15,22,12,10,Y6013111,,,,0,30.0,0,0
74,15,22,12,11,Y6013112,,,,0,30.0,0,0
74,15,22,12,12,Y6013113,,,,0,30.0,0,0
74,15,22,12,13,Y6013114,,,,0,30.0,0,0
74,15,22,12,14,Y6013115,,,,0,30.0,0,0
74,15,22,12,15,Y6013116,,,,0,30.0,0,0
74,15,22,12,16,Y6013117,,,,0,30.0,0,0
74,15,22,12,17,Y6013118,,,,0,30.0,0,0
74,15,22,12,18,Y6013119,,,,0,30.0,0,0
74,15,22,12,19,Y6013120,,,,0,30.0,0,0
74,15,22,12,20,Y6013121,,,,0,30.0,0,0
74,15,22,12,21,Y6013122,,,,0,30.0,0,0
74,15,22,12,22,Y6013123,,,,0,30.0,0,0
74,15,22,12,23,Y6013124,,,,0,30.0,0,0
74,15,22,12,24,Y6013125,,,,0,30.0,0,0
74,15,22,12,25,Y6013126,,,,0,30.0,0,0
74,15,22,12,26,Y6013127,,,,0,30.0,0,0
74,15,22,12,27,Y6013128,,,,0,30.0,0,0
74,15,22,12,28,Y6013129,,,,0,30.0,0,0
74,15,22,12,29,Y6013130,,,,0,30.0,0,0
74,15,22,12,30,Y6013131,,,,0,30.0,0,0
74,15,23,1,10,Y6013132,,,,0,30.0,0,0
74,15,23,1,11,Y6013133,,,,0,30.0,0,0
74,15,23,1,12,Y6013134,,,,0,30.0,0,0
74,15,23,1,13,Y6013135,,,,0,30.0,0,0
74,15,23,1,14,Y6013136,,,,0,30.0,0,0
74,15,23,1,15,Y6013137,,,,0,30.0,0,0
74,15,23,1,16,Y6013138,,,,0,30.0,0,0
74,15,23,1,17,Y6013139,,,,0,30.0,0,0
74,15,23,1,18,Y6013140,,,,0,30.0,0,0
74,15,23,1,19,Y6013141,,,,0,30.0,0,0
74,15,23,1,20,Y6013142,,,,0,30.0,0,0
74,15,23,1,21,Y6013143,,,,0,30.0,0,0
74,15,23,1,22,Y6013144,,,,0,30.0,0,0
74,15,23,1,23,Y6013145,,,,0,30.0,0,0
74,15,23,1,24,Y6013146,,,,0,30.0,0,0
74,15,23,1,25,Y6013147,,,,0,30.0,0,0
74,15,23,1,26,Y6013148,,,,0,30.0,0,0
74,15,23,1,27,Y6013149,,,,0,30.0,0,0
74,15,23,1,28,Y6013150,,,,0,30.0,0,0
74,15,23,1,29,Y6013151,,,,0,30.0,0,0
74,15,23,1,30,Y6013152,,,,0,30.0,0,0
74,15,23,2,10,Y6013153,,,,0,30.0,0,0
74,15,23,2,11,Y6013154,,,,0,30.0,0,0
74,15,23,2,12,Y6013155,,,,0,30.0,0,0
74,15,23,2,13,Y6013156,,,,0,30.0,0,0
74,15,23,2,14,Y6013157,,,,0,30.0,0,0
74,15,23,2,15,Y6013158,,,,0,30.0,0,0
74,15,23,2,16,Y6013159,,,,0,30.0,0,0
74,15,23,2,17,Y6013160,,,,0,30.0,0,0
74,15,23,2,18,Y6013161,,,,0,30.0,0,0
74,15,23,2,19,Y6013162,,,,0,30.0,0,0
74,15,23,2,20,Y6013163,,,,0,30.0,0,0
74,15,23,2,21,Y6013164,,,,0,30.0,0,0
74,15,23,2,22,Y6013165,,,,0,30.0,0,0
74,15,23,2,23,Y6013166,,,,0,30.0,0,0
74,15,23,2,24,Y6013167,,,,0,30.0,0,0
74,15,23,2,25,Y6013168,,,,0,30.0,0,0
74,15,23,2,26,Y6013169,,,,0,30.0,0,0
74,15,23,2,27,Y6013170,,,,0,30.0,0,0
74,15,23,2,28,Y6013171,,,,0,30.0,0,0
74,15,23,2,29,Y6013172,,,,0,30.0,0,0
74,15,23,2,30,Y6013173,,,,0,30.0,0,0
74,15,23,3,10,Y6013174,,,,0,30.0,0,0
74,15,23,3,11,Y6013175,,,,0,30.0,0,0
74,15,23,3,12,Y6013176,,,,0,30.0,0,0
74,15,23,3,13,Y6013177,,,,0,30.0,0,0
74,15,23,3,14,Y6013178,,,,0,30.0,0,0
74,15,23,3,15,Y6013179,,,,0,30.0,0,0
74,15,23,3,16,Y6013180,,,,0,30.0,0,0
74,15,23,3,17,Y6013181,,,,0,30.0,0,0
74,15,23,3,18,Y6013182,,,,0,30.0,0,0
74,15,23,3,19,Y6013183,,,,0,30.0,0,0
74,15,23,3,20,Y6013184,,,,0,30.0,0,0
74,15,23,3,21,Y6013185,,,,0,30.0,0,0
74,15,23,3,22,Y6013186,,,,0,30.0,0,0
74,15,23,3,23,Y6013187,,,,0,30.0,0,0
74,15,23,3,24,Y6013188,,,,0,30.0,0,0
74,15,23,3,25,Y6013189,,,,0,30.0,0,0
74,15,23,3,26,Y6013190,,,,0,30.0,0,0
74,15,23,3,27,Y6013191,,,,0,30.0,0,0
74,15,23,3,28,Y6013192,,,,0,30.0,0,0
74,15,23,3,29,Y6013193,,,,0,30.0,0,0
74,15,23,3,30,Y6013194,,,,0,30.0,0,0
74,15,23,4,10,Y6013195,,,,0,30.0,0,0
74,15,23,4,11,Y6013196,,,,0,30.0,0,0
74,15,23,4,12,Y6013197,,,,0,30.0,0,0
74,15,23,4,13,Y6013198,,,,0,30.0,0,0
74,15,23,4,14,Y6013199,,,,0,30.0,0,0
74,15,23,4,15,Y6013200,,,,0,30.0,0,0
74,15,23,4,16,Y6013201,,,,0,30.0,0,0
74,15,23,4,17,Y6013202,,,,0,30.0,0,0
74,15,23,4,18,Y6013203,,,,0,30.0,0,0
74,15,23,4,19,Y6013204,,,,0,30.0,0,0
74,15,23,4,20,Y6013205,,,,0,30.0,0,0
74,15,23,4,21,Y6013206,,,,0,30.0,0,0
74,15,23,4,22,Y6013207,,,,0,30.0,0,0
74,15,23,4,23,Y6013208,,,,0,30.0,0,0
74,15,23,4,24,Y6013209,,,,0,30.0,0,0
74,15,23,4,25,Y6013210,,,,0,30.0,0,0
74,15,23,4,26,Y6013211,,,,0,30.0,0,0
74,15,23,4,27,Y6013212,,,,0,30.0,0,0
74,15,23,4,28,Y6013213,,,,0,30.0,0,0
74,15,23,4,29,Y6013214,,,,0,30.0,0,0
74,15,23,4,30,Y6013215,,,,0,30.0,0,0
74,15,23,5,10,Y6013216,,,,0,30.0,0,0
74,15,23,5,11,Y6013217,,,,0,30.0,0,0
74,15,23,5,12,Y6013218,,,,0,30.0,0,0
74,15,23,5,13,Y6013219,,,,0,30.0,0,0
74,15,23,5,14,Y6013220,,,,0,30.0,0,0
74,15,23,5,15,Y6013221,,,,0,30.0,0,0
74,15,23,5,16,Y6013222,,,,0,30.0,0,0
74,15,23,5,17,Y6013223,,,,0,30.0,0,0
74,15,23,5,18,Y6013224,,,,0,30.0,0,0
74,15,23,5,19,Y6013225,,,,0,30.0,0,0
74,15,23,5,20,Y6013226,,,,0,30.0,0,0
74,15,23,5,21,Y6013227,,,,0,30.0,0,0
74,15,23,5,22,Y6013228,,,,0,30.0,0,0
74,15,23,5,23,Y6013229,,,,0,30.0,0,0
74,15,23,5,24,Y6013230,,,,0,30.0,0,0
74,15,23,5,25,Y6013231,,,,0,30.0,0,0
74,15,23,5,26,Y6013232,,,,0,30.0,0,0
74,15,23,5,27,Y6013233,,,,0,30.0,0,0
74,15,23,5,28,Y6013234,,,,0,30.0,0,0
74,15,23,5,29,Y6013235,,,,0,30.0,0,0
74,15,23,5,30,Y6013236,,,,0,30.0,0,0
74,15,23,6,10,Y6013237,,,,0,30.0,0,0
74,15,23,6,11,Y6013238,,,,0,30.0,0,0
74,15,23,6,12,Y6013239,,,,0,30.0,0,0
74,15,23,6,13,Y6013240,,,,0,30.0,0,0
74,15,23,6,14,Y6013241,,,,0,30.0,0,0
74,15,23,6,15,Y6013242,,,,0,30.0,0,0
74,15,23,6,16,Y6013243,,,,0,30.0,0,0
74,15,23,6,17,Y6013244,,,,0,30.0,0,0
74,15,23,6,18,Y6013245,,,,0,30.0,0,0
74,15,23,6,19,Y6013246,,,,0,30.0,0,0
74,15,23,6,20,Y6013247,,,,0,30.0,0,0
74,15,23,6,21,Y6013248,,,,0,30.0,0,0
74,15,23,6,22,Y6013249,,,,0,30.0,0,0
74,15,23,6,23,Y6013250,,,,0,30.0,0,0
74,15,23,6,24,Y6013251,,,,0,30.0,0,0
74,15,23,6,25,Y6013252,,,,0,30.0,0,0
74,15,23,6,26,Y6013253,,,,0,30.0,0,0
74,15,23,6,27,Y6013254,,,,0,30.0,0,0
74,15,23,6,28,Y6013255,,,,0,30.0,0,0
74,15,23,6,29,Y6013256,,,,0,30.0,0,0
74,15,23,6,30,Y6013257,,,,0,30.0,0,0
74,15,23,7,10,Y6013258,,,,0,30.0,0,0
74,15,23,7,11,Y6013259,,,,0,30.0,0,0
74,15,23,7,12,Y6013260,,,,0,30.0,0,0
74,15,23,7,13,Y6013261,,,,0,30.0,0,0
74,15,23,7,14,Y6013262,,,,0,30.0,0,0
74,15,23,7,15,Y6013263,,,,0,30.0,0,0
74,15,23,7,16,Y6013264,,,,0,30.0,0,0
74,15,23,7,17,Y6013265,,,,0,30.0,0,0
74,15,23,7,18,Y6013266,,,,0,30.0,0,0
74,15,23,7,19,Y6013267,,,,0,30.0,0,0
74,15,23,7,20,Y6013268,,,,0,30.0,0,0
74,15,23,7,21,Y6013269,,,,0,30.0,0,0
74,15,23,7,22,Y6013270,,,,0,30.0,0,0
74,15,23,7,23,Y6013271,,,,0,30.0,0,0
74,15,23,7,24,Y6013272,,,,0,30.0,0,0
74,15,23,7,25,Y6013273,,,,0,30.0,0,0
74,15,23,7,26,Y6013274,,,,0,30.0,0,0
74,15,23,7,27,Y6013275,,,,0,30.0,0,0
74,15,23,7,28,Y6013276,,,,0,30.0,0,0
74,15,23,7,29,Y6013277,,,,0,30.0,0,0
74,15,23,7,30,Y6013278,,,,0,30.0,0,0
74,15,23,8,10,Y6013279,,,,0,30.0,0,0
74,15,23,8,11,Y6013280,,,,0,30.0,0,0
74,15,23,8,12,Y6013281,,,,0,30.0,0,0
74,15,23,8,13,Y6013282,,,,0,30.0,0,0
74,15,23,8,14,Y6013283,,,,0,30.0,0,0
74,15,23,8,15,Y6013284,,,,0,30.0,0,0
74,15,23,8,16,Y6013285,,,,0,30.0,0,0
74,15,23,8,17,Y6013286,,,,0,30.0,0,0
74,15,23,8,18,Y6013287,,,,0,30.0,0,0
74,15,23,8,19,Y6013288,,,,0,30.0,0,0
74,15,23,8,20,Y6013289,,,,0,30.0,0,0
74,15,23,8,21,Y6013290,,,,0,30.0,0,0
74,15,23,8,22,Y6013291,,,,0,30.0,0,0
74,15,23,8,23,Y6013292,,,,0,30.0,0,0
74,15,23,8,24,Y6013293,,,,0,30.0,0,0
74,15,23,8,25,Y6013294,,,,0,30.0,0,0
74,15,23,8,26,Y6013295,,,,0,30.0,0,0
74,15,23,8,27,Y6013296,,,,0,30.0,0,0
74,15,23,8,28,Y6013297,,,,0,30.0,0,0
74,15,23,8,29,Y6013298,,,,0,30.0,0,0
74,15,23,8,30,Y6013299,,,,0,30.0,0,0
74,15,23,9,10,Y6013300,,,,0,30.0,0,0
74,15,23,9,11,Y6013301,,,,0,30.0,0,0
74,15,23,9,12,Y6013302,,,,0,30.0,0,0
74,15,23,9,13,Y6013303,,,,0,30.0,0,0
74,15,23,9,14,Y6013304,,,,0,30.0,0,0
74,15,23,9,15,Y6013305,,,,0,30.0,0,0
74,15,23,9,16,Y6013306,,,,0,30.0,0,0
74,15,23,9,17,Y6013307,,,,0,30.0,0,0
74,15,23,9,18,Y6013308,,,,0,30.0,0,0
74,15,23,9,19,Y6013309,,,,0,30.0,0,0
74,15,23,9,20,Y6013310,,,,0,30.0,0,0
74,15,23,9,21,Y6013311,,,,0,30.0,0,0
74,15,23,9,22,Y6013312,,,,0,30.0,0,0
74,15,23,9,23,Y6013313,,,,0,30.0,0,0
74,15,23,9,24,Y6013314,,,,0,30.0,0,0
74,15,23,9,25,Y6013315,,,,0,30.0,0,0
74,15,23,9,26,Y6013316,,,,0,30.0,0,0
74,15,23,9,27,Y6013317,,,,0,30.0,0,0
74,15,23,9,28,Y6013318,,,,0,30.0,0,0
74,15,23,9,29,Y6013319,,,,0,30.0,0,0
74,15,23,9,30,Y6013320,,,,0,30.0,0,0
74,15,23,10,10,Y6013321,,,,0,30.0,0,0
74,15,23,10,11,Y6013322,,,,0,30.0,0,0
74,15,23,10,12,Y6013323,,,,0,30.0,0,0
74,15,23,10,13,Y6013324,,,,0,30.0,0,0
74,15,23,10,14,Y6013325,,,,0,30.0,0,0
74,15,23,10,15,Y6013326,,,,0,30.0,0,0
74,15,23,10,16,Y6013327,,,,0,30.0,0,0
74,15,23,10,17,Y6013328,,,,0,30.0,0,0
74,15,23,10,18,Y6013329,,,,0,30.0,0,0
74,15,23,10,19,Y6013330,,,,0,30.0,0,0
74,15,23,10,20,Y6013331,,,,0,30.0,0,0
74,15,23,10,21,Y6013332,,,,0,30.0,0,0
74,15,23,10,22,Y6013333,,,,0,30.0,0,0
74,15,23,10,23,Y6013334,,,,0,30.0,0,0
74,15,23,10,24,Y6013335,,,,0,30.0,0,0
74,15,23,10,25,Y6013336,,,,0,30.0,0,0
74,15,23,10,26,Y6013337,,,,0,30.0,0,0
74,15,23,10,27,Y6013338,,,,0,30.0,0,0
74,15,23,10,28,Y6013339,,,,0,30.0,0,0
74,15,23,10,29,Y6013340,,,,0,30.0,0,0
74,15,23,10,30,Y6013341,,,,0,30.0,0,0
74,15,23,11,10,Y6013342,,,,0,30.0,0,0
74,15,23,11,11,Y6013343,,,,0,30.0,0,0
74,15,23,11,12,Y6013344,,,,0,30.0,0,0
74,15,23,11,13,Y6013345,,,,0,30.0,0,0
74,15,23,11,14,Y6013346,,,,0,30.0,0,0
74,15,23,11,15,Y6013347,,,,0,30.0,0,0
74,15,23,11,16,Y6013348,,,,0,30.0,0,0
74,15,23,11,17,Y6013349,,,,0,30.0,0,0
74,15,23,11,18,Y6013350,,,,0,30.0,0,0
74,15,23,11,19,Y6013351,,,,0,30.0,0,0
74,15,23,11,20,Y6013352,,,,0,30.0,0,0
74,15,23,11,21,Y6013353,,,,0,30.0,0,0
74,15,23,11,22,Y6013354,,,,0,30.0,0,0
74,15,23,11,23,Y6013355,,,,0,30.0,0,0
74,15,23,11,24,Y6013356,,,,0,30.0,0,0
74,15,23,11,25,Y6013357,,,,0,30.0,0,0
74,15,23,11,26,Y6013358,,,,0,30.0,0,0
74,15,23,11,27,Y6013359,,,,0,30.0,0,0
74,15,23,11,28,Y6013360,,,,0,30.0,0,0
74,15,23,11,29,Y6013361,,,,0,30.0,0,0
74,15,23,11,30,Y6013362,,,,0,30.0,0,0
74,15,23,12,10,Y6013363,,,,0,30.0,0,0
74,15,23,12,11,Y6013364,,,,0,30.0,0,0
74,15,23,12,12,Y6013365,,,,0,30.0,0,0
74,15,23,12,13,Y6013366,,,,0,30.0,0,0
74,15,23,12,14,Y6013367,,,,0,30.0,0,0
74,15,23,12,15,Y6013368,,,,0,30.0,0,0
74,15,23,12,16,Y6013369,,,,0,30.0,0,0
74,15,23,12,17,Y6013370,,,,0,30.0,0,0
74,15,23,12,18,Y6013371,,,,0,30.0,0,0
74,15,23,12,19,Y6013372,,,,0,30.0,0,0
74,15,23,12,20,Y6013373,,,,0,30.0,0,0
74,15,23,12,21,Y6013374,,,,0,30.0,0,0
74,15,23,12,22,Y6013375,,,,0,30.0,0,0
74,15,23,12,23,Y6013376,,,,0,30.0,0,0
74,15,23,12,24,Y6013377,,,,0,30.0,0,0
74,15,23,12,25,Y6013378,,,,0,30.0,0,0
74,15,23,12,26,Y6013379,,,,0,30.0,0,0
74,15,23,12,27,Y6013380,,,,0,30.0,0,0
74,15,23,12,28,Y6013381,,,,0,30.0,0,0
74,15,23,12,29,Y6013382,,,,0,30.0,0,0
74,15,23,12,30,Y6013383,,,,0,30.0,0,0
74,15,24,1,10,Y6013384,,,,0,30.0,0,0
74,15,24,1,11,Y6013385,,,,0,30.0,0,0
74,15,24,1,12,Y6013386,,,,0,30.0,0,0
74,15,24,1,13,Y6013387,,,,0,30.0,0,0
74,15,24,1,14,Y6013388,,,,0,30.0,0,0
74,15,24,1,15,Y6013389,,,,0,30.0,0,0
74,15,24,1,16,Y6013390,,,,0,30.0,0,0
74,15,24,1,17,Y6013391,,,,0,30.0,0,0
74,15,24,1,18,Y6013392,,,,0,30.0,0,0
74,15,24,1,19,Y6013393,,,,0,30.0,0,0
74,15,24,1,20,Y6013394,,,,0,30.0,0,0
74,15,24,1,21,Y6013395,,,,0,30.0,0,0
74,15,24,1,22,Y6013396,,,,0,30.0,0,0
74,15,24,1,23,Y6013397,,,,0,30.0,0,0
74,15,24,1,24,Y6013398,,,,0,30.0,0,0
74,15,24,1,25,Y6013399,,,,0,30.0,0,0
74,15,24,1,26,Y6013400,,,,0,30.0,0,0
74,15,24,1,27,Y6013401,,,,0,30.0,0,0
74,15,24,1,28,Y6013402,,,,0,30.0,0,0
74,15,24,1,29,Y6013403,,,,0,30.0,0,0
74,15,24,1,30,Y6013404,,,,0,30.0,0,0
74,15,24,2,10,Y6013405,,,,0,30.0,0,0
74,15,24,2,11,Y6013406,,,,0,30.0,0,0
74,15,24,2,12,Y6013407,,,,0,30.0,0,0
74,15,24,2,13,Y6013408,,,,0,30.0,0,0
74,15,24,2,14,Y6013409,,,,0,30.0,0,0
74,15,24,2,15,Y6013410,,,,0,30.0,0,0
74,15,24,2,16,Y6013411,,,,0,30.0,0,0
74,15,24,2,17,Y6013412,,,,0,30.0,0,0
74,15,24,2,18,Y6013413,,,,0,30.0,0,0
74,15,24,2,19,Y6013414,,,,0,30.0,0,0
74,15,24,2,20,Y6013415,,,,0,30.0,0,0
74,15,24,2,21,Y6013416,,,,0,30.0,0,0
74,15,24,2,22,Y6013417,,,,0,30.0,0,0
74,15,24,2,23,Y6013418,,,,0,30.0,0,0
74,15,24,2,24,Y6013419,,,,0,30.0,0,0
74,15,24,2,25,Y6013420,,,,0,30.0,0,0
74,15,24,2,26,Y6013421,,,,0,30.0,0,0
74,15,24,2,27,Y6013422,,,,0,30.0,0,0
74,15,24,2,28,Y6013423,,,,0,30.0,0,0
74,15,24,2,29,Y6013424,,,,0,30.0,0,0
74,15,24,2,30,Y6013425,,,,0,30.0,0,0
74,15,24,3,10,Y6013426,,,,0,30.0,0,0
74,15,24,3,11,Y6013427,,,,0,30.0,0,0
74,15,24,3,12,Y6013428,,,,0,30.0,0,0
74,15,24,3,13,Y6013429,,,,0,30.0,0,0
74,15,24,3,14,Y6013430,,,,0,30.0,0,0
74,15,24,3,15,Y6013431,,,,0,30.0,0,0
74,15,24,3,16,Y6013432,,,,0,30.0,0,0
74,15,24,3,17,Y6013433,,,,0,30.0,0,0
74,15,24,3,18,Y6013434,,,,0,30.0,0,0
74,15,24,3,19,Y6013435,,,,0,30.0,0,0
74,15,24,3,20,Y6013436,,,,0,30.0,0,0
74,15,24,3,21,Y6013437,,,,0,30.0,0,0
74,15,24,3,22,Y6013438,,,,0,30.0,0,0
74,15,24,3,23,Y6013439,,,,0,30.0,0,0
74,15,24,3,24,Y6013440,,,,0,30.0,0,0
74,15,24,3,25,Y6013441,,,,0,30.0,0,0
74,15,24,3,26,Y6013442,,,,0,30.0,0,0
74,15,24,3,27,Y6013443,,,,0,30.0,0,0
74,15,24,3,28,Y6013444,,,,0,30.0,0,0
74,15,24,3,29,Y6013445,,,,0,30.0,0,0
74,15,24,3,30,Y6013446,,,,0,30.0,0,0
74,15,24,4,10,Y6013447,,,,0,30.0,0,0
74,15,24,4,11,Y6013448,,,,0,30.0,0,0
74,15,24,4,12,Y6013449,,,,0,30.0,0,0
74,15,24,4,13,Y6013450,,,,0,30.0,0,0
74,15,24,4,14,Y6013451,,,,0,30.0,0,0
74,15,24,4,15,Y6013452,,,,0,30.0,0,0
74,15,24,4,16,Y6013453,,,,0,30.0,0,0
74,15,24,4,17,Y6013454,,,,0,30.0,0,0
74,15,24,4,18,Y6013455,,,,0,30.0,0,0
74,15,24,4,19,Y6013456,,,,0,30.0,0,0
74,15,24,4,20,Y6013457,,,,0,30.0,0,0
74,15,24,4,21,Y6013458,,,,0,30.0,0,0
74,15,24,4,22,Y6013459,,,,0,30.0,0,0
74,15,24,4,23,Y6013460,,,,0,30.0,0,0
74,15,24,4,24,Y6013461,,,,0,30.0,0,0
74,15,24,4,25,Y6013462,,,,0,30.0,0,0
74,15,24,4,26,Y6013463,,,,0,30.0,0,0
74,15,24,4,27,Y6013464,,,,0,30.0,0,0
74,15,24,4,28,Y6013465,,,,0,30.0,0,0
74,15,24,4,29,Y6013466,,,,0,30.0,0,0
74,15,24,4,30,Y6013467,,,,0,30.0,0,0
74,15,24,5,10,Y6013468,,,,0,30.0,0,0
74,15,24,5,11,Y6013469,,,,0,30.0,0,0
74,15,24,5,12,Y6013470,,,,0,30.0,0,0
74,15,24,5,13,Y6013471,,,,0,30.0,0,0
74,15,24,5,14,Y6013472,,,,0,30.0,0,0
74,15,24,5,15,Y6013473,,,,0,30.0,0,0
74,15,24,5,16,Y6013474,,,,0,30.0,0,0
74,15,24,5,17,Y6013475,,,,0,30.0,0,0
74,15,24,5,18,Y6013476,,,,0,30.0,0,0
74,15,24,5,19,Y6013477,,,,0,30.0,0,0
74,15,24,5,20,Y6013478,,,,0,30.0,0,0
74,15,24,5,21,Y6013479,,,,0,30.0,0,0
74,15,24,5,22,Y6013480,,,,0,30.0,0,0
74,15,24,5,23,Y6013481,,,,0,30.0,0,0
74,15,24,5,24,Y6013482,,,,0,30.0,0,0
74,15,24,5,25,Y6013483,,,,0,30.0,0,0
74,15,24,5,26,Y6013484,,,,0,30.0,0,0
74,15,24,5,27,Y6013485,,,,0,30.0,0,0
74,15,24,5,28,Y6013486,,,,0,30.0,0,0
74,15,24,5,29,Y6013487,,,,0,30.0,0,0
74,15,24,5,30,Y6013488,,,,0,30.0,0,0
74,15,24,6,10,Y6013489,,,,0,30.0,0,0
74,15,24,6,11,Y6013490,,,,0,30.0,0,0
74,15,24,6,12,Y6013491,,,,0,30.0,0,0
74,15,24,6,13,Y6013492,,,,0,30.0,0,0
74,15,24,6,14,Y6013493,,,,0,30.0,0,0
74,15,24,6,15,Y6013494,,,,0,30.0,0,0
74,15,24,6,16,Y6013495,,,,0,30.0,0,0
74,15,24,6,17,Y6013496,,,,0,30.0,0,0
74,15,24,6,18,Y6013497,,,,0,30.0,0,0
74,15,24,6,19,Y6013498,,,,0,30.0,0,0
74,15,24,6,20,Y6013499,,,,0,30.0,0,0
74,15,24,6,21,Y6013500,,,,0,30.0,0,0
74,15,24,6,22,Y6013501,,,,0,30.0,0,0
74,15,24,6,23,Y6013502,,,,0,30.0,0,0
74,15,24,6,24,Y6013503,,,,0,30.0,0,0
74,15,24,6,25,Y6013504,,,,0,30.0,0,0
74,15,24,6,26,Y6013505,,,,0,30.0,0,0
74,15,24,6,27,Y6013506,,,,0,30.0,0,0
74,15,24,6,28,Y6013507,,,,0,30.0,0,0
74,15,24,6,29,Y6013508,,,,0,30.0,0,0
74,15,24,6,30,Y6013509,,,,0,30.0,0,0
74,15,24,7,10,Y6013510,,,,0,30.0,0,0
74,15,24,7,11,Y6013511,,,,0,30.0,0,0
74,15,24,7,12,Y6013512,,,,0,30.0,0,0
74,15,24,7,13,Y6013513,,,,0,30.0,0,0
74,15,24,7,14,Y6013514,,,,0,30.0,0,0
74,15,24,7,15,Y6013515,,,,0,30.0,0,0
74,15,24,7,16,Y6013516,,,,0,30.0,0,0
74,15,24,7,17,Y6013517,,,,0,30.0,0,0
74,15,24,7,18,Y6013518,,,,0,30.0,0,0
74,15,24,7,19,Y6013519,,,,0,30.0,0,0
74,15,24,7,20,Y6013520,,,,0,30.0,0,0
74,15,24,7,21,Y6013521,,,,0,30.0,0,0
74,15,24,7,22,Y6013522,,,,0,30.0,0,0
74,15,24,7,23,Y6013523,,,,0,30.0,0,0
74,15,24,7,24,Y6013524,,,,0,30.0,0,0
74,15,24,7,25,Y6013525,,,,0,30.0,0,0
74,15,24,7,26,Y6013526,,,,0,30.0,0,0
74,15,24,7,27,Y6013527,,,,0,30.0,0,0
74,15,24,7,28,Y6013528,,,,0,30.0,0,0
74,15,24,7,29,Y6013529,,,,0,30.0,0,0
74,15,24,7,30,Y6013530,,,,0,30.0,0,0
74,15,24,8,10,Y6013531,,,,0,30.0,0,0
74,15,24,8,11,Y6013532,,,,0,30.0,0,0
74,15,24,8,12,Y6013533,,,,0,30.0,0,0
74,15,24,8,13,Y6013534,,,,0,30.0,0,0
74,15,24,8,14,Y6013535,,,,0,30.0,0,0
74,15,24,8,15,Y6013536,,,,0,30.0,0,0
74,15,24,8,16,Y6013537,,,,0,30.0,0,0
74,15,24,8,17,Y6013538,,,,0,30.0,0,0
74,15,24,8,18,Y6013539,,,,0,30.0,0,0
74,15,24,8,19,Y6013540,,,,0,30.0,0,0
74,15,24,8,20,Y6013541,,,,0,30.0,0,0
74,15,24,8,21,Y6013542,,,,0,30.0,0,0
74,15,24,8,22,Y6013543,,,,0,30.0,0,0
74,15,24,8,23,Y6013544,,,,0,30.0,0,0
74,15,24,8,24,Y6013545,,,,0,30.0,0,0
74,15,24,8,25,Y6013546,,,,0,30.0,0,0
74,15,24,8,26,Y6013547,,,,0,30.0,0,0
74,15,24,8,27,Y6013548,,,,0,30.0,0,0
74,15,24,8,28,Y6013549,,,,0,30.0,0,0
74,15,24,8,29,Y6013550,,,,0,30.0,0,0
74,15,24,8,30,Y6013551,,,,0,30.0,0,0
74,15,24,9,10,Y6013552,,,,0,30.0,0,0
74,15,24,9,11,Y6013553,,,,0,30.0,0,0
74,15,24,9,12,Y6013554,,,,0,30.0,0,0
74,15,24,9,13,Y6013555,,,,0,30.0,0,0
74,15,24,9,14,Y6013556,,,,0,30.0,0,0
74,15,24,9,15,Y6013557,,,,0,30.0,0,0
74,15,24,9,16,Y6013558,,,,0,30.0,0,0
74,15,24,9,17,Y6013559,,,,0,30.0,0,0
74,15,24,9,18,Y6013560,,,,0,30.0,0,0
74,15,24,9,19,Y6013561,,,,0,30.0,0,0
74,15,24,9,20,Y6013562,,,,0,30.0,0,0
74,15,24,9,21,Y6013563,,,,0,30.0,0,0
74,15,24,9,22,Y6013564,,,,0,30.0,0,0
74,15,24,9,23,Y6013565,,,,0,30.0,0,0
74,15,24,9,24,Y6013566,,,,0,30.0,0,0
74,15,24,9,25,Y6013567,,,,0,30.0,0,0
74,15,24,9,26,Y6013568,,,,0,30.0,0,0
74,15,24,9,27,Y6013569,,,,0,30.0,0,0
74,15,24,9,28,Y6013570,,,,0,30.0,0,0
74,15,24,9,29,Y6013571,,,,0,30.0,0,0
74,15,24,9,30,Y6013572,,,,0,30.0,0,0
74,15,24,10,10,Y6013573,,,,0,30.0,0,0
74,15,24,10,11,Y6013574,,,,0,30.0,0,0
74,15,24,10,12,Y6013575,,,,0,30.0,0,0
74,15,24,10,13,Y6013576,,,,0,30.0,0,0
74,15,24,10,14,Y6013577,,,,0,30.0,0,0
74,15,24,10,15,Y6013578,,,,0,30.0,0,0
74,15,24,10,16,Y6013579,,,,0,30.0,0,0
74,15,24,10,17,Y6013580,,,,0,30.0,0,0
74,15,24,10,18,Y6013581,,,,0,30.0,0,0
74,15,24,10,19,Y6013582,,,,0,30.0,0,0
74,15,24,10,20,Y6013583,,,,0,30.0,0,0
74,15,24,10,21,Y6013584,,,,0,30.0,0,0
74,15,24,10,22,Y6013585,,,,0,30.0,0,0
74,15,24,10,23,Y6013586,,,,0,30.0,0,0
74,15,24,10,24,Y6013587,,,,0,30.0,0,0
74,15,24,10,25,Y6013588,,,,0,30.0,0,0
74,15,24,10,26,Y6013589,,,,0,30.0,0,0
74,15,24,10,27,Y6013590,,,,0,30.0,0,0
74,15,24,10,28,Y6013591,,,,0,30.0,0,0
74,15,24,10,29,Y6013592,,,,0,30.0,0,0
74,15,24,10,30,Y6013593,,,,0,30.0,0,0
74,15,24,11,10,Y6013594,,,,0,30.0,0,0
74,15,24,11,11,Y6013595,,,,0,30.0,0,0
74,15,24,11,12,Y6013596,,,,0,30.0,0,0
74,15,24,11,13,Y6013597,,,,0,30.0,0,0
74,15,24,11,14,Y6013598,,,,0,30.0,0,0
74,15,24,11,15,Y6013599,,,,0,30.0,0,0
74,15,24,11,16,Y6013600,,,,0,30.0,0,0
74,15,24,11,17,Y6013601,,,,0,30.0,0,0
74,15,24,11,18,Y6013602,,,,0,30.0,0,0
74,15,24,11,19,Y6013603,,,,0,30.0,0,0
74,15,24,11,20,Y6013604,,,,0,30.0,0,0
74,15,24,11,21,Y6013605,,,,0,30.0,0,0
74,15,24,11,22,Y6013606,,,,0,30.0,0,0
74,15,24,11,23,Y6013607,,,,0,30.0,0,0
74,15,24,11,24,Y6013608,,,,0,30.0,0,0
74,15,24,11,25,Y6013609,,,,0,30.0,0,0
74,15,24,11,26,Y6013610,,,,0,30.0,0,0
74,15,24,11,27,Y6013611,,,,0,30.0,0,0
74,15,24,11,28,Y6013612,,,,0,30.0,0,0
74,15,24,11,29,Y6013613,,,,0,30.0,0,0
74,15,24,11,30,Y6013614,,,,0,30.0,0,0
74,15,24,12,10,Y6013615,,,,0,30.0,0,0
74,15,24,12,11,Y6013616,,,,0,30.0,0,0
74,15,24,12,12,Y6013617,,,,0,30.0,0,0
74,15,24,12,13,Y6013618,,,,0,30.0,0,0
74,15,24,12,14,Y6013619,,,,0,30.0,0,0
74,15,24,12,15,Y6013620,,,,0,30.0,0,0
74,15,24,12,16,Y6013621,,,,0,30.0,0,0
74,15,24,12,17,Y6013622,,,,0,30.0,0,0
74,15,24,12,18,Y6013623,,,,0,30.0,0,0
74,15,24,12,19,Y6013624,,,,0,30.0,0,0
74,15,24,12,20,Y6013625,,,,0,30.0,0,0
74,15,24,12,21,Y6013626,,,,0,30.0,0,0
74,15,24,12,22,Y6013627,,,,0,30.0,0,0
74,15,24,12,23,Y6013628,,,,0,30.0,0,0
74,15,24,12,24,Y6013629,,,,0,30.0,0,0
74,15,24,12,25,Y6013630,,,,0,30.0,0,0
74,15,24,12,26,Y6013631,,,,0,30.0,0,0
74,15,24,12,27,Y6013632,,,,0,30.0,0,0
74,15,24,12,28,Y6013633,,,,0,30.0,0,0
74,15,24,12,29,Y6013634,,,,0,30.0,0,0
74,15,24,12,30,Y6013635,,,,0,30.0,0,0
74,15,25,1,10,Y6013636,,,,0,30.0,0,0
74,15,25,1,11,Y6013637,,,,0,30.0,0,0
74,15,25,1,12,Y6013638,,,,0,30.0,0,0
74,15,25,1,13,Y6013639,,,,0,30.0,0,0
74,15,25,1,14,Y6013640,,,,0,30.0,0,0
74,15,25,1,15,Y6013641,,,,0,30.0,0,0
74,15,25,1,16,Y6013642,,,,0,30.0,0,0
74,15,25,1,17,Y6013643,,,,0,30.0,0,0
74,15,25,1,18,Y6013644,,,,0,30.0,0,0
74,15,25,1,19,Y6013645,,,,0,30.0,0,0
74,15,25,1,20,Y6013646,,,,0,30.0,0,0
74,15,25,1,21,Y6013647,,,,0,30.0,0,0
74,15,25,1,22,Y6013648,,,,0,30.0,0,0
74,15,25,1,23,Y6013649,,,,0,30.0,0,0
74,15,25,1,24,Y6013650,,,,0,30.0,0,0
74,15,25,1,25,Y6013651,,,,0,30.0,0,0
74,15,25,1,26,Y6013652,,,,0,30.0,0,0
74,15,25,1,27,Y6013653,,,,0,30.0,0,0
74,15,25,1,28,Y6013654,,,,0,30.0,0,0
74,15,25,1,29,Y6013655,,,,0,30.0,0,0
74,15,25,1,30,Y6013656,,,,0,30.0,0,0
74,15,25,2,10,Y6013657,,,,0,30.0,0,0
74,15,25,2,11,Y6013658,,,,0,30.0,0,0
74,15,25,2,12,Y6013659,,,,0,30.0,0,0
74,15,25,2,13,Y6013660,,,,0,30.0,0,0
74,15,25,2,14,Y6013661,,,,0,30.0,0,0
74,15,25,2,15,Y6013662,,,,0,30.0,0,0
74,15,25,2,16,Y6013663,,,,0,30.0,0,0
74,15,25,2,17,Y6013664,,,,0,30.0,0,0
74,15,25,2,18,Y6013665,,,,0,30.0,0,0
74,15,25,2,19,Y6013666,,,,0,30.0,0,0
74,15,25,2,20,Y6013667,,,,0,30.0,0,0
74,15,25,2,21,Y6013668,,,,0,30.0,0,0
74,15,25,2,22,Y6013669,,,,0,30.0,0,0
74,15,25,2,23,Y6013670,,,,0,30.0,0,0
74,15,25,2,24,Y6013671,,,,0,30.0,0,0
74,15,25,2,25,Y6013672,,,,0,30.0,0,0
74,15,25,2,26,Y6013673,,,,0,30.0,0,0
74,15,25,2,27,Y6013674,,,,0,30.0,0,0
74,15,25,2,28,Y6013675,,,,0,30.0,0,0
74,15,25,2,29,Y6013676,,,,0,30.0,0,0
74,15,25,2,30,Y6013677,,,,0,30.0,0,0
74,15,25,3,10,Y6013678,,,,0,30.0,0,0
74,15,25,3,11,Y6013679,,,,0,30.0,0,0
74,15,25,3,12,Y6013680,,,,0,30.0,0,0
74,15,25,3,13,Y6013681,,,,0,30.0,0,0
74,15,25,3,14,Y6013682,,,,0,30.0,0,0
74,15,25,3,15,Y6013683,,,,0,30.0,0,0
74,15,25,3,16,Y6013684,,,,0,30.0,0,0
74,15,25,3,17,Y6013685,,,,0,30.0,0,0
74,15,25,3,18,Y6013686,,,,0,30.0,0,0
74,15,25,3,19,Y6013687,,,,0,30.0,0,0
74,15,25,3,20,Y6013688,,,,0,30.0,0,0
74,15,25,3,21,Y6013689,,,,0,30.0,0,0
74,15,25,3,22,Y6013690,,,,0,30.0,0,0
74,15,25,3,23,Y6013691,,,,0,30.0,0,0
74,15,25,3,24,Y6013692,,,,0,30.0,0,0
74,15,25,3,25,Y6013693,,,,0,30.0,0,0
74,15,25,3,26,Y6013694,,,,0,30.0,0,0
74,15,25,3,27,Y6013695,,,,0,30.0,0,0
74,15,25,3,28,Y6013696,,,,0,30.0,0,0
74,15,25,3,29,Y6013697,,,,0,30.0,0,0
74,15,25,3,30,Y6013698,,,,0,30.0,0,0
74,15,25,4,10,Y6013699,,,,0,30.0,0,0
74,15,25,4,11,Y6013700,,,,0,30.0,0,0
74,15,25,4,12,Y6013701,,,,0,30.0,0,0
74,15,25,4,13,Y6013702,,,,0,30.0,0,0
74,15,25,4,14,Y6013703,,,,0,30.0,0,0
74,15,25,4,15,Y6013704,,,,0,30.0,0,0
74,15,25,4,16,Y6013705,,,,0,30.0,0,0
74,15,25,4,17,Y6013706,,,,0,30.0,0,0
74,15,25,4,18,Y6013707,,,,0,30.0,0,0
74,15,25,4,19,Y6013708,,,,0,30.0,0,0
74,15,25,4,20,Y6013709,,,,0,30.0,0,0
74,15,25,4,21,Y6013710,,,,0,30.0,0,0
74,15,25,4,22,Y6013711,,,,0,30.0,0,0
74,15,25,4,23,Y6013712,,,,0,30.0,0,0
74,15,25,4,24,Y6013713,,,,0,30.0,0,0
74,15,25,4,25,Y6013714,,,,0,30.0,0,0
74,15,25,4,26,Y6013715,,,,0,30.0,0,0
74,15,25,4,27,Y6013716,,,,0,30.0,0,0
74,15,25,4,28,Y6013717,,,,0,30.0,0,0
74,15,25,4,29,Y6013718,,,,0,30.0,0,0
74,15,25,4,30,Y6013719,,,,0,30.0,0,0
74,15,25,5,10,Y6013720,,,,0,30.0,0,0
74,15,25,5,11,Y6013721,,,,0,30.0,0,0
74,15,25,5,12,Y6013722,,,,0,30.0,0,0
74,15,25,5,13,Y6013723,,,,0,30.0,0,0
74,15,25,5,14,Y6013724,,,,0,30.0,0,0
74,15,25,5,15,Y6013725,,,,0,30.0,0,0
74,15,25,5,16,Y6013726,,,,0,30.0,0,0
74,15,25,5,17,Y6013727,,,,0,30.0,0,0
74,15,25,5,18,Y6013728,,,,0,30.0,0,0
74,15,25,5,19,Y6013729,,,,0,30.0,0,0
74,15,25,5,20,Y6013730,,,,0,30.0,0,0
74,15,25,5,21,Y6013731,,,,0,30.0,0,0
74,15,25,5,22,Y6013732,,,,0,30.0,0,0
74,15,25,5,23,Y6013733,,,,0,30.0,0,0
74,15,25,5,24,Y6013734,,,,0,30.0,0,0
74,15,25,5,25,Y6013735,,,,0,30.0,0,0
74,15,25,5,26,Y6013736,,,,0,30.0,0,0
74,15,25,5,27,Y6013737,,,,0,30.0,0,0
74,15,25,5,28,Y6013738,,,,0,30.0,0,0
74,15,25,5,29,Y6013739,,,,0,30.0,0,0
74,15,25,5,30,Y6013740,,,,0,30.0,0,0
74,15,25,6,10,Y6013741,,,,0,30.0,0,0
74,15,25,6,11,Y6013742,,,,0,30.0,0,0
74,15,25,6,12,Y6013743,,,,0,30.0,0,0
74,15,25,6,13,Y6013744,,,,0,30.0,0,0
74,15,25,6,14,Y6013745,,,,0,30.0,0,0
74,15,25,6,15,Y6013746,,,,0,30.0,0,0
74,15,25,6,16,Y6013747,,,,0,30.0,0,0
74,15,25,6,17,Y6013748,,,,0,30.0,0,0
74,15,25,6,18,Y6013749,,,,0,30.0,0,0
74,15,25,6,19,Y6013750,,,,0,30.0,0,0
74,15,25,6,20,Y6013751,,,,0,30.0,0,0
74,15,25,6,21,Y6013752,,,,0,30.0,0,0
74,15,25,6,22,Y6013753,,,,0,30.0,0,0
74,15,25,6,23,Y6013754,,,,0,30.0,0,0
74,15,25,6,24,Y6013755,,,,0,30.0,0,0
74,15,25,6,25,Y6013756,,,,0,30.0,0,0
74,15,25,6,26,Y6013757,,,,0,30.0,0,0
74,15,25,6,27,Y6013758,,,,0,30.0,0,0
74,15,25,6,28,Y6013759,,,,0,30.0,0,0
74,15,25,6,29,Y6013760,,,,0,30.0,0,0
74,15,25,6,30,Y6013761,,,,0,30.0,0,0
74,15,25,7,10,Y6013762,,,,0,30.0,0,0
74,15,25,7,11,Y6013763,,,,0,30.0,0,0
74,15,25,7,12,Y6013764,,,,0,30.0,0,0
74,15,25,7,13,Y6013765,,,,0,30.0,0,0
74,15,25,7,14,Y6013766,,,,0,30.0,0,0
74,15,25,7,15,Y6013767,,,,0,30.0,0,0
74,15,25,7,16,Y6013768,,,,0,30.0,0,0
74,15,25,7,17,Y6013769,,,,0,30.0,0,0
74,15,25,7,18,Y6013770,,,,0,30.0,0,0
74,15,25,7,19,Y6013771,,,,0,30.0,0,0
74,15,25,7,20,Y6013772,,,,0,30.0,0,0
74,15,25,7,21,Y6013773,,,,0,30.0,0,0
74,15,25,7,22,Y6013774,,,,0,30.0,0,0
74,15,25,7,23,Y6013775,,,,0,30.0,0,0
74,15,25,7,24,Y6013776,,,,0,30.0,0,0
74,15,25,7,25,Y6013777,,,,0,30.0,0,0
74,15,25,7,26,Y6013778,,,,0,30.0,0,0
74,15,25,7,27,Y6013779,,,,0,30.0,0,0
74,15,25,7,28,Y6013780,,,,0,30.0,0,0
74,15,25,7,29,Y6013781,,,,0,30.0,0,0
74,15,25,7,30,Y6013782,,,,0,30.0,0,0
74,15,25,8,10,Y6013783,,,,0,30.0,0,0
74,15,25,8,11,Y6013784,,,,0,30.0,0,0
74,15,25,8,12,Y6013785,,,,0,30.0,0,0
74,15,25,8,13,Y6013786,,,,0,30.0,0,0
74,15,25,8,14,Y6013787,,,,0,30.0,0,0
74,15,25,8,15,Y6013788,,,,0,30.0,0,0
74,15,25,8,16,Y6013789,,,,0,30.0,0,0
74,15,25,8,17,Y6013790,,,,0,30.0,0,0
74,15,25,8,18,Y6013791,,,,0,30.0,0,0
74,15,25,8,19,Y6013792,,,,0,30.0,0,0
74,15,25,8,20,Y6013793,,,,0,30.0,0,0
74,15,25,8,21,Y6013794,,,,0,30.0,0,0
74,15,25,8,22,Y6013795,,,,0,30.0,0,0
74,15,25,8,23,Y6013796,,,,0,30.0,0,0
74,15,25,8,24,Y6013797,,,,0,30.0,0,0
74,15,25,8,25,Y6013798,,,,0,30.0,0,0
74,15,25,8,26,Y6013799,,,,0,30.0,0,0
74,15,25,8,27,Y6013800,,,,0,30.0,0,0
74,15,25,8,28,Y6013801,,,,0,30.0,0,0
74,15,25,8,29,Y6013802,,,,0,30.0,0,0
74,15,25,8,30,Y6013803,,,,0,30.0,0,0
74,15,25,9,10,Y6013804,,,,0,30.0,0,0
74,15,25,9,11,Y6013805,,,,0,30.0,0,0
74,15,25,9,12,Y6013806,,,,0,30.0,0,0
74,15,25,9,13,Y6013807,,,,0,30.0,0,0
74,15,25,9,14,Y6013808,,,,0,30.0,0,0
74,15,25,9,15,Y6013809,,,,0,30.0,0,0
74,15,25,9,16,Y6013810,,,,0,30.0,0,0
74,15,25,9,17,Y6013811,,,,0,30.0,0,0
74,15,25,9,18,Y6013812,,,,0,30.0,0,0
74,15,25,9,19,Y6013813,,,,0,30.0,0,0
74,15,25,9,20,Y6013814,,,,0,30.0,0,0
74,15,25,9,21,Y6013815,,,,0,30.0,0,0
74,15,25,9,22,Y6013816,,,,0,30.0,0,0
74,15,25,9,23,Y6013817,,,,0,30.0,0,0
74,15,25,9,24,Y6013818,,,,0,30.0,0,0
74,15,25,9,25,Y6013819,,,,0,30.0,0,0
74,15,25,9,26,Y6013820,,,,0,30.0,0,0
74,15,25,9,27,Y6013821,,,,0,30.0,0,0
74,15,25,9,28,Y6013822,,,,0,30.0,0,0
74,15,25,9,29,Y6013823,,,,0,30.0,0,0
74,15,25,9,30,Y6013824,,,,0,30.0,0,0
74,15,25,10,10,Y6013825,,,,0,30.0,0,0
74,15,25,10,11,Y6013826,,,,0,30.0,0,0
74,15,25,10,12,Y6013827,,,,0,30.0,0,0
74,15,25,10,13,Y6013828,,,,0,30.0,0,0
74,15,25,10,14,Y6013829,,,,0,30.0,0,0
74,15,25,10,15,Y6013830,,,,0,30.0,0,0
74,15,25,10,16,Y6013831,,,,0,30.0,0,0
74,15,25,10,17,Y6013832,,,,0,30.0,0,0
74,15,25,10,18,Y6013833,,,,0,30.0,0,0
74,15,25,10,19,Y6013834,,,,0,30.0,0,0
74,15,25,10,20,Y6013835,,,,0,30.0,0,0
74,15,25,10,21,Y6013836,,,,0,30.0,0,0
74,15,25,10,22,Y6013837,,,,0,30.0,0,0
74,15,25,10,23,Y6013838,,,,0,30.0,0,0
74,15,25,10,24,Y6013839,,,,0,30.0,0,0
74,15,25,10,25,Y6013840,,,,0,30.0,0,0
74,15,25,10,26,Y6013841,,,,0,30.0,0,0
74,15,25,10,27,Y6013842,,,,0,30.0,0,0
74,15,25,10,28,Y6013843,,,,0,30.0,0,0
74,15,25,10,29,Y6013844,,,,0,30.0,0,0
74,15,25,10,30,Y6013845,,,,0,30.0,0,0
74,15,25,11,10,Y6013846,,,,0,30.0,0,0
74,15,25,11,11,Y6013847,,,,0,30.0,0,0
74,15,25,11,12,Y6013848,,,,0,30.0,0,0
74,15,25,11,13,Y6013849,,,,0,30.0,0,0
74,15,25,11,14,Y6013850,,,,0,30.0,0,0
74,15,25,11,15,Y6013851,,,,0,30.0,0,0
74,15,25,11,16,Y6013852,,,,0,30.0,0,0
74,15,25,11,17,Y6013853,,,,0,30.0,0,0
74,15,25,11,18,Y6013854,,,,0,30.0,0,0
74,15,25,11,19,Y6013855,,,,0,30.0,0,0
74,15,25,11,20,Y6013856,,,,0,30.0,0,0
74,15,25,11,21,Y6013857,,,,0,30.0,0,0
74,15,25,11,22,Y6013858,,,,0,30.0,0,0
74,15,25,11,23,Y6013859,,,,0,30.0,0,0
74,15,25,11,24,Y6013860,,,,0,30.0,0,0
74,15,25,11,25,Y6013861,,,,0,30.0,0,0
74,15,25,11,26,Y6013862,,,,0,30.0,0,0
74,15,25,11,27,Y6013863,,,,0,30.0,0,0
74,15,25,11,28,Y6013864,,,,0,30.0,0,0
74,15,25,11,29,Y6013865,,,,0,30.0,0,0
74,15,25,11,30,Y6013866,,,,0,30.0,0,0
74,15,25,12,10,Y6013867,,,,0,30.0,0,0
74,15,25,12,11,Y6013868,,,,0,30.0,0,0
74,15,25,12,12,Y6013869,,,,0,30.0,0,0
74,15,25,12,13,Y6013870,,,,0,30.0,0,0
74,15,25,12,14,Y6013871,,,,0,30.0,0,0
74,15,25,12,15,Y6013872,,,,0,30.0,0,0
74,15,25,12,16,Y6013873,,,,0,30.0,0,0
74,15,25,12,17,Y6013874,,,,0,30.0,0,0
74,15,25,12,18,Y6013875,,,,0,30.0,0,0
74,15,25,12,19,Y6013876,,,,0,30.0,0,0
74,15,25,12,20,Y6013877,,,,0,30.0,0,0
74,15,25,12,21,Y6013878,,,,0,30.0,0,0
74,15,25,12,22,Y6013879,,,,0,30.0,0,0
74,15,25,12,23,Y6013880,,,,0,30.0,0,0
74,15,25,12,24,Y6013881,,,,0,30.0,0,0
74,15,25,12,25,Y6013882,,,,0,30.0,0,0
74,15,25,12,26,Y6013883,,,,0,30.0,0,0
74,15,25,12,27,Y6013884,,,,0,30.0,0,0
74,15,25,12,28,Y6013885,,,,0,30.0,0,0
74,15,25,12,29,Y6013886,,,,0,30.0,0,0
74,15,25,12,30,Y6013887,,,,0,30.0,0,0
74,15,26,1,10,Y6013888,,,,0,30.0,0,0
74,15,26,1,11,Y6013889,,,,0,30.0,0,0
74,15,26,1,12,Y6013890,,,,0,30.0,0,0
74,15,26,1,13,Y6013891,,,,0,30.0,0,0
74,15,26,1,14,Y6013892,,,,0,30.0,0,0
74,15,26,1,15,Y6013893,,,,0,30.0,0,0
74,15,26,1,16,Y6013894,,,,0,30.0,0,0
74,15,26,1,17,Y6013895,,,,0,30.0,0,0
74,15,26,1,18,Y6013896,,,,0,30.0,0,0
74,15,26,1,19,Y6013897,,,,0,30.0,0,0
74,15,26,1,20,Y6013898,,,,0,30.0,0,0
74,15,26,1,21,Y6013899,,,,0,30.0,0,0
74,15,26,1,22,Y6013900,,,,0,30.0,0,0
74,15,26,1,23,Y6013901,,,,0,30.0,0,0
74,15,26,1,24,Y6013902,,,,0,30.0,0,0
74,15,26,1,25,Y6013903,,,,0,30.0,0,0
74,15,26,1,26,Y6013904,,,,0,30.0,0,0
74,15,26,1,27,Y6013905,,,,0,30.0,0,0
74,15,26,1,28,Y6013906,,,,0,30.0,0,0
74,15,26,1,29,Y6013907,,,,0,30.0,0,0
74,15,26,1,30,Y6013908,,,,0,30.0,0,0
74,15,26,2,10,Y6013909,,,,0,30.0,0,0
74,15,26,2,11,Y6013910,,,,0,30.0,0,0
74,15,26,2,12,Y6013911,,,,0,30.0,0,0
74,15,26,2,13,Y6013912,,,,0,30.0,0,0
74,15,26,2,14,Y6013913,,,,0,30.0,0,0
74,15,26,2,15,Y6013914,,,,0,30.0,0,0
74,15,26,2,16,Y6013915,,,,0,30.0,0,0
74,15,26,2,17,Y6013916,,,,0,30.0,0,0
74,15,26,2,18,Y6013917,,,,0,30.0,0,0
74,15,26,2,19,Y6013918,,,,0,30.0,0,0
74,15,26,2,20,Y6013919,,,,0,30.0,0,0
74,15,26,2,21,Y6013920,,,,0,30.0,0,0
74,15,26,2,22,Y6013921,,,,0,30.0,0,0
74,15,26,2,23,Y6013922,,,,0,30.0,0,0
74,15,26,2,24,Y6013923,,,,0,30.0,0,0
74,15,26,2,25,Y6013924,,,,0,30.0,0,0
74,15,26,2,26,Y6013925,,,,0,30.0,0,0
74,15,26,2,27,Y6013926,,,,0,30.0,0,0
74,15,26,2,28,Y6013927,,,,0,30.0,0,0
74,15,26,2,29,Y6013928,,,,0,30.0,0,0
74,15,26,2,30,Y6013929,,,,0,30.0,0,0
74,15,26,3,10,Y6013930,,,,0,30.0,0,0
74,15,26,3,11,Y6013931,,,,0,30.0,0,0
74,15,26,3,12,Y6013932,,,,0,30.0,0,0
74,15,26,3,13,Y6013933,,,,0,30.0,0,0
74,15,26,3,14,Y6013934,,,,0,30.0,0,0
74,15,26,3,15,Y6013935,,,,0,30.0,0,0
74,15,26,3,16,Y6013936,,,,0,30.0,0,0
74,15,26,3,17,Y6013937,,,,0,30.0,0,0
74,15,26,3,18,Y6013938,,,,0,30.0,0,0
74,15,26,3,19,Y6013939,,,,0,30.0,0,0
74,15,26,3,20,Y6013940,,,,0,30.0,0,0
74,15,26,3,21,Y6013941,,,,0,30.0,0,0
74,15,26,3,22,Y6013942,,,,0,30.0,0,0
74,15,26,3,23,Y6013943,,,,0,30.0,0,0
74,15,26,3,24,Y6013944,,,,0,30.0,0,0
74,15,26,3,25,Y6013945,,,,0,30.0,0,0
74,15,26,3,26,Y6013946,,,,0,30.0,0,0
74,15,26,3,27,Y6013947,,,,0,30.0,0,0
74,15,26,3,28,Y6013948,,,,0,30.0,0,0
74,15,26,3,29,Y6013949,,,,0,30.0,0,0
74,15,26,3,30,Y6013950,,,,0,30.0,0,0
74,15,26,4,10,Y6013951,,,,0,30.0,0,0
74,15,26,4,11,Y6013952,,,,0,30.0,0,0
74,15,26,4,12,Y6013953,,,,0,30.0,0,0
74,15,26,4,13,Y6013954,,,,0,30.0,0,0
74,15,26,4,14,Y6013955,,,,0,30.0,0,0
74,15,26,4,15,Y6013956,,,,0,30.0,0,0
74,15,26,4,16,Y6013957,,,,0,30.0,0,0
74,15,26,4,17,Y6013958,,,,0,30.0,0,0
74,15,26,4,18,Y6013959,,,,0,30.0,0,0
74,15,26,4,19,Y6013960,,,,0,30.0,0,0
74,15,26,4,20,Y6013961,,,,0,30.0,0,0
74,15,26,4,21,Y6013962,,,,0,30.0,0,0
74,15,26,4,22,Y6013963,,,,0,30.0,0,0
74,15,26,4,23,Y6013964,,,,0,30.0,0,0
74,15,26,4,24,Y6013965,,,,0,30.0,0,0
74,15,26,4,25,Y6013966,,,,0,30.0,0,0
74,15,26,4,26,Y6013967,,,,0,30.0,0,0
74,15,26,4,27,Y6013968,,,,0,30.0,0,0
74,15,26,4,28,Y6013969,,,,0,30.0,0,0
74,15,26,4,29,Y6013970,,,,0,30.0,0,0
74,15,26,4,30,Y6013971,,,,0,30.0,0,0
74,15,26,5,10,Y6013972,,,,0,30.0,0,0
74,15,26,5,11,Y6013973,,,,0,30.0,0,0
74,15,26,5,12,Y6013974,,,,0,30.0,0,0
74,15,26,5,13,Y6013975,,,,0,30.0,0,0
74,15,26,5,14,Y6013976,,,,0,30.0,0,0
74,15,26,5,15,Y6013977,,,,0,30.0,0,0
74,15,26,5,16,Y6013978,,,,0,30.0,0,0
74,15,26,5,17,Y6013979,,,,0,30.0,0,0
74,15,26,5,18,Y6013980,,,,0,30.0,0,0
74,15,26,5,19,Y6013981,,,,0,30.0,0,0
74,15,26,5,20,Y6013982,,,,0,30.0,0,0
74,15,26,5,21,Y6013983,,,,0,30.0,0,0
74,15,26,5,22,Y6013984,,,,0,30.0,0,0
74,15,26,5,23,Y6013985,,,,0,30.0,0,0
74,15,26,5,24,Y6013986,,,,0,30.0,0,0
74,15,26,5,25,Y6013987,,,,0,30.0,0,0
74,15,26,5,26,Y6013988,,,,0,30.0,0,0
74,15,26,5,27,Y6013989,,,,0,30.0,0,0
74,15,26,5,28,Y6013990,,,,0,30.0,0,0
74,15,26,5,29,Y6013991,,,,0,30.0,0,0
74,15,26,5,30,Y6013992,,,,0,30.0,0,0
74,15,26,6,10,Y6013993,,,,0,30.0,0,0
74,15,26,6,11,Y6013994,,,,0,30.0,0,0
74,15,26,6,12,Y6013995,,,,0,30.0,0,0
74,15,26,6,13,Y6013996,,,,0,30.0,0,0
74,15,26,6,14,Y6013997,,,,0,30.0,0,0
74,15,26,6,15,Y6013998,,,,0,30.0,0,0
74,15,26,6,16,Y6013999,,,,0,30.0,0,0
74,15,26,6,17,Y6014000,,,,0,30.0,0,0
74,15,26,6,18,Y6014001,,,,0,30.0,0,0
74,15,26,6,19,Y6014002,,,,0,30.0,0,0
74,15,26,6,20,Y6014003,,,,0,30.0,0,0
74,15,26,6,21,Y6014004,,,,0,30.0,0,0
74,15,26,6,22,Y6014005,,,,0,30.0,0,0
74,15,26,6,23,Y6014006,,,,0,30.0,0,0
74,15,26,6,24,Y6014007,,,,0,30.0,0,0
74,15,26,6,25,Y6014008,,,,0,30.0,0,0
74,15,26,6,26,Y6014009,,,,0,30.0,0,0
74,15,26,6,27,Y6014010,,,,0,30.0,0,0
74,15,26,6,28,Y6014011,,,,0,30.0,0,0
74,15,26,6,29,Y6014012,,,,0,30.0,0,0
74,15,26,6,30,Y6014013,,,,0,30.0,0,0
74,15,26,7,10,Y6014014,,,,0,30.0,0,0
74,15,26,7,11,Y6014015,,,,0,30.0,0,0
74,15,26,7,12,Y6014016,,,,0,30.0,0,0
74,15,26,7,13,Y6014017,,,,0,30.0,0,0
74,15,26,7,14,Y6014018,,,,0,30.0,0,0
74,15,26,7,15,Y6014019,,,,0,30.0,0,0
74,15,26,7,16,Y6014020,,,,0,30.0,0,0
74,15,26,7,17,Y6014021,,,,0,30.0,0,0
74,15,26,7,18,Y6014022,,,,0,30.0,0,0
74,15,26,7,19,Y6014023,,,,0,30.0,0,0
74,15,26,7,20,Y6014024,,,,0,30.0,0,0
74,15,26,7,21,Y6014025,,,,0,30.0,0,0
74,15,26,7,22,Y6014026,,,,0,30.0,0,0
74,15,26,7,23,Y6014027,,,,0,30.0,0,0
74,15,26,7,24,Y6014028,,,,0,30.0,0,0
74,15,26,7,25,Y6014029,,,,0,30.0,0,0
74,15,26,7,26,Y6014030,,,,0,30.0,0,0
74,15,26,7,27,Y6014031,,,,0,30.0,0,0
74,15,26,7,28,Y6014032,,,,0,30.0,0,0
74,15,26,7,29,Y6014033,,,,0,30.0,0,0
74,15,26,7,30,Y6014034,,,,0,30.0,0,0
74,15,26,8,10,Y6014035,,,,0,30.0,0,0
74,15,26,8,11,Y6014036,,,,0,30.0,0,0
74,15,26,8,12,Y6014037,,,,0,30.0,0,0
74,15,26,8,13,Y6014038,,,,0,30.0,0,0
74,15,26,8,14,Y6014039,,,,0,30.0,0,0
74,15,26,8,15,Y6014040,,,,0,30.0,0,0
74,15,26,8,16,Y6014041,,,,0,30.0,0,0
74,15,26,8,17,Y6014042,,,,0,30.0,0,0
74,15,26,8,18,Y6014043,,,,0,30.0,0,0
74,15,26,8,19,Y6014044,,,,0,30.0,0,0
74,15,26,8,20,Y6014045,,,,0,30.0,0,0
74,15,26,8,21,Y6014046,,,,0,30.0,0,0
74,15,26,8,22,Y6014047,,,,0,30.0,0,0
74,15,26,8,23,Y6014048,,,,0,30.0,0,0
74,15,26,8,24,Y6014049,,,,0,30.0,0,0
74,15,26,8,25,Y6014050,,,,0,30.0,0,0
74,15,26,8,26,Y6014051,,,,0,30.0,0,0
74,15,26,8,27,Y6014052,,,,0,30.0,0,0
74,15,26,8,28,Y6014053,,,,0,30.0,0,0
74,15,26,8,29,Y6014054,,,,0,30.0,0,0
74,15,26,8,30,Y6014055,,,,0,30.0,0,0
74,15,26,9,10,Y6014056,,,,0,30.0,0,0
74,15,26,9,11,Y6014057,,,,0,30.0,0,0
74,15,26,9,12,Y6014058,,,,0,30.0,0,0
74,15,26,9,13,Y6014059,,,,0,30.0,0,0
74,15,26,9,14,Y6014060,,,,0,30.0,0,0
74,15,26,9,15,Y6014061,,,,0,30.0,0,0
74,15,26,9,16,Y6014062,,,,0,30.0,0,0
74,15,26,9,17,Y6014063,,,,0,30.0,0,0
74,15,26,9,18,Y6014064,,,,0,30.0,0,0
74,15,26,9,19,Y6014065,,,,0,30.0,0,0
74,15,26,9,20,Y6014066,,,,0,30.0,0,0
74,15,26,9,21,Y6014067,,,,0,30.0,0,0
74,15,26,9,22,Y6014068,,,,0,30.0,0,0
74,15,26,9,23,Y6014069,,,,0,30.0,0,0
74,15,26,9,24,Y6014070,,,,0,30.0,0,0
74,15,26,9,25,Y6014071,,,,0,30.0,0,0
74,15,26,9,26,Y6014072,,,,0,30.0,0,0
74,15,26,9,27,Y6014073,,,,0,30.0,0,0
74,15,26,9,28,Y6014074,,,,0,30.0,0,0
74,15,26,9,29,Y6014075,,,,0,30.0,0,0
74,15,26,9,30,Y6014076,,,,0,30.0,0,0
74,15,26,10,10,Y6014077,,,,0,30.0,0,0
74,15,26,10,11,Y6014078,,,,0,30.0,0,0
74,15,26,10,12,Y6014079,,,,0,30.0,0,0
74,15,26,10,13,Y6014080,,,,0,30.0,0,0
74,15,26,10,14,Y6014081,,,,0,30.0,0,0
74,15,26,10,15,Y6014082,,,,0,30.0,0,0
74,15,26,10,16,Y6014083,,,,0,30.0,0,0
74,15,26,10,17,Y6014084,,,,0,30.0,0,0
74,15,26,10,18,Y6014085,,,,0,30.0,0,0
74,15,26,10,19,Y6014086,,,,0,30.0,0,0
74,15,26,10,20,Y6014087,,,,0,30.0,0,0
74,15,26,10,21,Y6014088,,,,0,30.0,0,0
74,15,26,10,22,Y6014089,,,,0,30.0,0,0
74,15,26,10,23,Y6014090,,,,0,30.0,0,0
74,15,26,10,24,Y6014091,,,,0,30.0,0,0
74,15,26,10,25,Y6014092,,,,0,30.0,0,0
74,15,26,10,26,Y6014093,,,,0,30.0,0,0
74,15,26,10,27,Y6014094,,,,0,30.0,0,0
74,15,26,10,28,Y6014095,,,,0,30.0,0,0
74,15,26,10,29,Y6014096,,,,0,30.0,0,0
74,15,26,10,30,Y6014097,,,,0,30.0,0,0
74,15,26,11,10,Y6014098,,,,0,30.0,0,0
74,15,26,11,11,Y6014099,,,,0,30.0,0,0
74,15,26,11,12,Y6014100,,,,0,30.0,0,0
74,15,26,11,13,Y6014101,,,,0,30.0,0,0
74,15,26,11,14,Y6014102,,,,0,30.0,0,0
74,15,26,11,15,Y6014103,,,,0,30.0,0,0
74,15,26,11,16,Y6014104,,,,0,30.0,0,0
74,15,26,11,17,Y6014105,,,,0,30.0,0,0
74,15,26,11,18,Y6014106,,,,0,30.0,0,0
74,15,26,11,19,Y6014107,,,,0,30.0,0,0
74,15,26,11,20,Y6014108,,,,0,30.0,0,0
74,15,26,11,21,Y6014109,,,,0,30.0,0,0
74,15,26,11,22,Y6014110,,,,0,30.0,0,0
74,15,26,11,23,Y6014111,,,,0,30.0,0,0
74,15,26,11,24,Y6014112,,,,0,30.0,0,0
74,15,26,11,25,Y6014113,,,,0,30.0,0,0
74,15,26,11,26,Y6014114,,,,0,30.0,0,0
74,15,26,11,27,Y6014115,,,,0,30.0,0,0
74,15,26,11,28,Y6014116,,,,0,30.0,0,0
74,15,26,11,29,Y6014117,,,,0,30.0,0,0
74,15,26,11,30,Y6014118,,,,0,30.0,0,0
74,15,26,12,10,Y6014119,,,,0,30.0,0,0
74,15,26,12,11,Y6014120,,,,0,30.0,0,0
74,15,26,12,12,Y6014121,,,,0,30.0,0,0
74,15,26,12,13,Y6014122,,,,0,30.0,0,0
74,15,26,12,14,Y6014123,,,,0,30.0,0,0
74,15,26,12,15,Y6014124,,,,0,30.0,0,0
74,15,26,12,16,Y6014125,,,,0,30.0,0,0
74,15,26,12,17,Y6014126,,,,0,30.0,0,0
74,15,26,12,18,Y6014127,,,,0,30.0,0,0
74,15,26,12,19,Y6014128,,,,0,30.0,0,0
74,15,26,12,20,Y6014129,,,,0,30.0,0,0
74,15,26,12,21,Y6014130,,,,0,30.0,0,0
74,15,26,12,22,Y6014131,,,,0,30.0,0,0
74,15,26,12,23,Y6014132,,,,0,30.0,0,0
74,15,26,12,24,Y6014133,,,,0,30.0,0,0
74,15,26,12,25,Y6014134,,,,0,30.0,0,0
74,15,26,12,26,Y6014135,,,,0,30.0,0,0
74,15,26,12,27,Y6014136,,,,0,30.0,0,0
74,15,26,12,28,Y6014137,,,,0,30.0,0,0
74,15,26,12,29,Y6014138,,,,0,30.0,0,0
74,15,26,12,30,Y6014139,,,,0,30.0,0,0
74,15,27,1,10,Y6014140,,,,0,30.0,0,0
74,15,27,1,11,Y6014141,,,,0,30.0,0,0
74,15,27,1,12,Y6014142,,,,0,30.0,0,0
74,15,27,1,13,Y6014143,,,,0,30.0,0,0
74,15,27,1,14,Y6014144,,,,0,30.0,0,0
74,15,27,1,15,Y6014145,,,,0,30.0,0,0
74,15,27,1,16,Y6014146,,,,0,30.0,0,0
74,15,27,1,17,Y6014147,,,,0,30.0,0,0
74,15,27,1,18,Y6014148,,,,0,30.0,0,0
74,15,27,1,19,Y6014149,,,,0,30.0,0,0
74,15,27,1,20,Y6014150,,,,0,30.0,0,0
74,15,27,1,21,Y6014151,,,,0,30.0,0,0
74,15,27,1,22,Y6014152,,,,0,30.0,0,0
74,15,27,1,23,Y6014153,,,,0,30.0,0,0
74,15,27,1,24,Y6014154,,,,0,30.0,0,0
74,15,27,1,25,Y6014155,,,,0,30.0,0,0
74,15,27,1,26,Y6014156,,,,0,30.0,0,0
74,15,27,1,27,Y6014157,,,,0,30.0,0,0
74,15,27,1,28,Y6014158,,,,0,30.0,0,0
74,15,27,1,29,Y6014159,,,,0,30.0,0,0
74,15,27,1,30,Y6014160,,,,0,30.0,0,0
74,15,27,2,10,Y6014161,,,,0,30.0,0,0
74,15,27,2,11,Y6014162,,,,0,30.0,0,0
74,15,27,2,12,Y6014163,,,,0,30.0,0,0
74,15,27,2,13,Y6014164,,,,0,30.0,0,0
74,15,27,2,14,Y6014165,,,,0,30.0,0,0
74,15,27,2,15,Y6014166,,,,0,30.0,0,0
74,15,27,2,16,Y6014167,,,,0,30.0,0,0
74,15,27,2,17,Y6014168,,,,0,30.0,0,0
74,15,27,2,18,Y6014169,,,,0,30.0,0,0
74,15,27,2,19,Y6014170,,,,0,30.0,0,0
74,15,27,2,20,Y6014171,,,,0,30.0,0,0
74,15,27,2,21,Y6014172,,,,0,30.0,0,0
74,15,27,2,22,Y6014173,,,,0,30.0,0,0
74,15,27,2,23,Y6014174,,,,0,30.0,0,0
74,15,27,2,24,Y6014175,,,,0,30.0,0,0
74,15,27,2,25,Y6014176,,,,0,30.0,0,0
74,15,27,2,26,Y6014177,,,,0,30.0,0,0
74,15,27,2,27,Y6014178,,,,0,30.0,0,0
74,15,27,2,28,Y6014179,,,,0,30.0,0,0
74,15,27,2,29,Y6014180,,,,0,30.0,0,0
74,15,27,2,30,Y6014181,,,,0,30.0,0,0
74,15,27,3,10,Y6014182,,,,0,30.0,0,0
74,15,27,3,11,Y6014183,,,,0,30.0,0,0
74,15,27,3,12,Y6014184,,,,0,30.0,0,0
74,15,27,3,13,Y6014185,,,,0,30.0,0,0
74,15,27,3,14,Y6014186,,,,0,30.0,0,0
74,15,27,3,15,Y6014187,,,,0,30.0,0,0
74,15,27,3,16,Y6014188,,,,0,30.0,0,0
74,15,27,3,17,Y6014189,,,,0,30.0,0,0
74,15,27,3,18,Y6014190,,,,0,30.0,0,0
74,15,27,3,19,Y6014191,,,,0,30.0,0,0
74,15,27,3,20,Y6014192,,,,0,30.0,0,0
74,15,27,3,21,Y6014193,,,,0,30.0,0,0
74,15,27,3,22,Y6014194,,,,0,30.0,0,0
74,15,27,3,23,Y6014195,,,,0,30.0,0,0
74,15,27,3,24,Y6014196,,,,0,30.0,0,0
74,15,27,3,25,Y6014197,,,,0,30.0,0,0
74,15,27,3,26,Y6014198,,,,0,30.0,0,0
74,15,27,3,27,Y6014199,,,,0,30.0,0,0
74,15,27,3,28,Y6014200,,,,0,30.0,0,0
74,15,27,3,29,Y6014201,,,,0,30.0,0,0
74,15,27,3,30,Y6014202,,,,0,30.0,0,0
74,15,27,4,10,Y6014203,,,,0,30.0,0,0
74,15,27,4,11,Y6014204,,,,0,30.0,0,0
74,15,27,4,12,Y6014205,,,,0,30.0,0,0
74,15,27,4,13,Y6014206,,,,0,30.0,0,0
74,15,27,4,14,Y6014207,,,,0,30.0,0,0
74,15,27,4,15,Y6014208,,,,0,30.0,0,0
74,15,27,4,16,Y6014209,,,,0,30.0,0,0
74,15,27,4,17,Y6014210,,,,0,30.0,0,0
74,15,27,4,18,Y6014211,,,,0,30.0,0,0
74,15,27,4,19,Y6014212,,,,0,30.0,0,0
74,15,27,4,20,Y6014213,,,,0,30.0,0,0
74,15,27,4,21,Y6014214,,,,0,30.0,0,0
74,15,27,4,22,Y6014215,,,,0,30.0,0,0
74,15,27,4,23,Y6014216,,,,0,30.0,0,0
74,15,27,4,24,Y6014217,,,,0,30.0,0,0
74,15,27,4,25,Y6014218,,,,0,30.0,0,0
74,15,27,4,26,Y6014219,,,,0,30.0,0,0
74,15,27,4,27,Y6014220,,,,0,30.0,0,0
74,15,27,4,28,Y6014221,,,,0,30.0,0,0
74,15,27,4,29,Y6014222,,,,0,30.0,0,0
74,15,27,4,30,Y6014223,,,,0,30.0,0,0
74,15,27,5,10,Y6014224,,,,0,30.0,0,0
74,15,27,5,11,Y6014225,,,,0,30.0,0,0
74,15,27,5,12,Y6014226,,,,0,30.0,0,0
74,15,27,5,13,Y6014227,,,,0,30.0,0,0
74,15,27,5,14,Y6014228,,,,0,30.0,0,0
74,15,27,5,15,Y6014229,,,,0,30.0,0,0
74,15,27,5,16,Y6014230,,,,0,30.0,0,0
74,15,27,5,17,Y6014231,,,,0,30.0,0,0
74,15,27,5,18,Y6014232,,,,0,30.0,0,0
74,15,27,5,19,Y6014233,,,,0,30.0,0,0
74,15,27,5,20,Y6014234,,,,0,30.0,0,0
74,15,27,5,21,Y6014235,,,,0,30.0,0,0
74,15,27,5,22,Y6014236,,,,0,30.0,0,0
74,15,27,5,23,Y6014237,,,,0,30.0,0,0
74,15,27,5,24,Y6014238,,,,0,30.0,0,0
74,15,27,5,25,Y6014239,,,,0,30.0,0,0
74,15,27,5,26,Y6014240,,,,0,30.0,0,0
74,15,27,5,27,Y6014241,,,,0,30.0,0,0
74,15,27,5,28,Y6014242,,,,0,30.0,0,0
74,15,27,5,29,Y6014243,,,,0,30.0,0,0
74,15,27,5,30,Y6014244,,,,0,30.0,0,0
74,15,27,6,10,Y6014245,,,,0,30.0,0,0
74,15,27,6,11,Y6014246,,,,0,30.0,0,0
74,15,27,6,12,Y6014247,,,,0,30.0,0,0
74,15,27,6,13,Y6014248,,,,0,30.0,0,0
74,15,27,6,14,Y6014249,,,,0,30.0,0,0
74,15,27,6,15,Y6014250,,,,0,30.0,0,0
74,15,27,6,16,Y6014251,,,,0,30.0,0,0
74,15,27,6,17,Y6014252,,,,0,30.0,0,0
74,15,27,6,18,Y6014253,,,,0,30.0,0,0
74,15,27,6,19,Y6014254,,,,0,30.0,0,0
74,15,27,6,20,Y6014255,,,,0,30.0,0,0
74,15,27,6,21,Y6014256,,,,0,30.0,0,0
74,15,27,6,22,Y6014257,,,,0,30.0,0,0
74,15,27,6,23,Y6014258,,,,0,30.0,0,0
74,15,27,6,24,Y6014259,,,,0,30.0,0,0
74,15,27,6,25,Y6014260,,,,0,30.0,0,0
74,15,27,6,26,Y6014261,,,,0,30.0,0,0
74,15,27,6,27,Y6014262,,,,0,30.0,0,0
74,15,27,6,28,Y6014263,,,,0,30.0,0,0
74,15,27,6,29,Y6014264,,,,0,30.0,0,0
74,15,27,6,30,Y6014265,,,,0,30.0,0,0
74,15,27,7,10,Y6014266,,,,0,30.0,0,0
74,15,27,7,11,Y6014267,,,,0,30.0,0,0
74,15,27,7,12,Y6014268,,,,0,30.0,0,0
74,15,27,7,13,Y6014269,,,,0,30.0,0,0
74,15,27,7,14,Y6014270,,,,0,30.0,0,0
74,15,27,7,15,Y6014271,,,,0,30.0,0,0
74,15,27,7,16,Y6014272,,,,0,30.0,0,0
74,15,27,7,17,Y6014273,,,,0,30.0,0,0
74,15,27,7,18,Y6014274,,,,0,30.0,0,0
74,15,27,7,19,Y6014275,,,,0,30.0,0,0
74,15,27,7,20,Y6014276,,,,0,30.0,0,0
74,15,27,7,21,Y6014277,,,,0,30.0,0,0
74,15,27,7,22,Y6014278,,,,0,30.0,0,0
74,15,27,7,23,Y6014279,,,,0,30.0,0,0
74,15,27,7,24,Y6014280,,,,0,30.0,0,0
74,15,27,7,25,Y6014281,,,,0,30.0,0,0
74,15,27,7,26,Y6014282,,,,0,30.0,0,0
74,15,27,7,27,Y6014283,,,,0,30.0,0,0
74,15,27,7,28,Y6014284,,,,0,30.0,0,0
74,15,27,7,29,Y6014285,,,,0,30.0,0,0
74,15,27,7,30,Y6014286,,,,0,30.0,0,0
74,15,27,8,10,Y6014287,,,,0,30.0,0,0
74,15,27,8,11,Y6014288,,,,0,30.0,0,0
74,15,27,8,12,Y6014289,,,,0,30.0,0,0
74,15,27,8,13,Y6014290,,,,0,30.0,0,0
74,15,27,8,14,Y6014291,,,,0,30.0,0,0
74,15,27,8,15,Y6014292,,,,0,30.0,0,0
74,15,27,8,16,Y6014293,,,,0,30.0,0,0
74,15,27,8,17,Y6014294,,,,0,30.0,0,0
74,15,27,8,18,Y6014295,,,,0,30.0,0,0
74,15,27,8,19,Y6014296,,,,0,30.0,0,0
74,15,27,8,20,Y6014297,,,,0,30.0,0,0
74,15,27,8,21,Y6014298,,,,0,30.0,0,0
74,15,27,8,22,Y6014299,,,,0,30.0,0,0
74,15,27,8,23,Y6014300,,,,0,30.0,0,0
74,15,27,8,24,Y6014301,,,,0,30.0,0,0
74,15,27,8,25,Y6014302,,,,0,30.0,0,0
74,15,27,8,26,Y6014303,,,,0,30.0,0,0
74,15,27,8,27,Y6014304,,,,0,30.0,0,0
74,15,27,8,28,Y6014305,,,,0,30.0,0,0
74,15,27,8,29,Y6014306,,,,0,30.0,0,0
74,15,27,8,30,Y6014307,,,,0,30.0,0,0
74,15,27,9,10,Y6014308,,,,0,30.0,0,0
74,15,27,9,11,Y6014309,,,,0,30.0,0,0
74,15,27,9,12,Y6014310,,,,0,30.0,0,0
74,15,27,9,13,Y6014311,,,,0,30.0,0,0
74,15,27,9,14,Y6014312,,,,0,30.0,0,0
74,15,27,9,15,Y6014313,,,,0,30.0,0,0
74,15,27,9,16,Y6014314,,,,0,30.0,0,0
74,15,27,9,17,Y6014315,,,,0,30.0,0,0
74,15,27,9,18,Y6014316,,,,0,30.0,0,0
74,15,27,9,19,Y6014317,,,,0,30.0,0,0
74,15,27,9,20,Y6014318,,,,0,30.0,0,0
74,15,27,9,21,Y6014319,,,,0,30.0,0,0
74,15,27,9,22,Y6014320,,,,0,30.0,0,0
74,15,27,9,23,Y6014321,,,,0,30.0,0,0
74,15,27,9,24,Y6014322,,,,0,30.0,0,0
74,15,27,9,25,Y6014323,,,,0,30.0,0,0
74,15,27,9,26,Y6014324,,,,0,30.0,0,0
74,15,27,9,27,Y6014325,,,,0,30.0,0,0
74,15,27,9,28,Y6014326,,,,0,30.0,0,0
74,15,27,9,29,Y6014327,,,,0,30.0,0,0
74,15,27,9,30,Y6014328,,,,0,30.0,0,0
74,15,27,10,10,Y6014329,,,,0,30.0,0,0
74,15,27,10,11,Y6014330,,,,0,30.0,0,0
74,15,27,10,12,Y6014331,,,,0,30.0,0,0
74,15,27,10,13,Y6014332,,,,0,30.0,0,0
74,15,27,10,14,Y6014333,,,,0,30.0,0,0
74,15,27,10,15,Y6014334,,,,0,30.0,0,0
74,15,27,10,16,Y6014335,,,,0,30.0,0,0
74,15,27,10,17,Y6014336,,,,0,30.0,0,0
74,15,27,10,18,Y6014337,,,,0,30.0,0,0
74,15,27,10,19,Y6014338,,,,0,30.0,0,0
74,15,27,10,20,Y6014339,,,,0,30.0,0,0
74,15,27,10,21,Y6014340,,,,0,30.0,0,0
74,15,27,10,22,Y6014341,,,,0,30.0,0,0
74,15,27,10,23,Y6014342,,,,0,30.0,0,0
74,15,27,10,24,Y6014343,,,,0,30.0,0,0
74,15,27,10,25,Y6014344,,,,0,30.0,0,0
74,15,27,10,26,Y6014345,,,,0,30.0,0,0
74,15,27,10,27,Y6014346,,,,0,30.0,0,0
74,15,27,10,28,Y6014347,,,,0,30.0,0,0
74,15,27,10,29,Y6014348,,,,0,30.0,0,0
74,15,27,10,30,Y6014349,,,,0,30.0,0,0
74,15,27,11,10,Y6014350,,,,0,30.0,0,0
74,15,27,11,11,Y6014351,,,,0,30.0,0,0
74,15,27,11,12,Y6014352,,,,0,30.0,0,0
74,15,27,11,13,Y6014353,,,,0,30.0,0,0
74,15,27,11,14,Y6014354,,,,0,30.0,0,0
74,15,27,11,15,Y6014355,,,,0,30.0,0,0
74,15,27,11,16,Y6014356,,,,0,30.0,0,0
74,15,27,11,17,Y6014357,,,,0,30.0,0,0
74,15,27,11,18,Y6014358,,,,0,30.0,0,0
74,15,27,11,19,Y6014359,,,,0,30.0,0,0
74,15,27,11,20,Y6014360,,,,0,30.0,0,0
74,15,27,11,21,Y6014361,,,,0,30.0,0,0
74,15,27,11,22,Y6014362,,,,0,30.0,0,0
74,15,27,11,23,Y6014363,,,,0,30.0,0,0
74,15,27,11,24,Y6014364,,,,0,30.0,0,0
74,15,27,11,25,Y6014365,,,,0,30.0,0,0
74,15,27,11,26,Y6014366,,,,0,30.0,0,0
74,15,27,11,27,Y6014367,,,,0,30.0,0,0
74,15,27,11,28,Y6014368,,,,0,30.0,0,0
74,15,27,11,29,Y6014369,,,,0,30.0,0,0
74,15,27,11,30,Y6014370,,,,0,30.0,0,0
74,15,27,12,10,Y6014371,,,,0,30.0,0,0
74,15,27,12,11,Y6014372,,,,0,30.0,0,0
74,15,27,12,12,Y6014373,,,,0,30.0,0,0
74,15,27,12,13,Y6014374,,,,0,30.0,0,0
74,15,27,12,14,Y6014375,,,,0,30.0,0,0
74,15,27,12,15,Y6014376,,,,0,30.0,0,0
74,15,27,12,16,Y6014377,,,,0,30.0,0,0
74,15,27,12,17,Y6014378,,,,0,30.0,0,0
74,15,27,12,18,Y6014379,,,,0,30.0,0,0
74,15,27,12,19,Y6014380,,,,0,30.0,0,0
74,15,27,12,20,Y6014381,,,,0,30.0,0,0
74,15,27,12,21,Y6014382,,,,0,30.0,0,0
74,15,27,12,22,Y6014383,,,,0,30.0,0,0
74,15,27,12,23,Y6014384,,,,0,30.0,0,0
74,15,27,12,24,Y6014385,,,,0,30.0,0,0
74,15,27,12,25,Y6014386,,,,0,30.0,0,0
74,15,27,12,26,Y6014387,,,,0,30.0,0,0
74,15,27,12,27,Y6014388,,,,0,30.0,0,0
74,15,27,12,28,Y6014389,,,,0,30.0,0,0
74,15,27,12,29,Y6014390,,,,0,30.0,0,0
74,15,27,12,30,Y6014391,,,,0,30.0,0,0
74,15,28,1,10,Y6014392,,,,0,30.0,0,0
74,15,28,1,11,Y6014393,,,,0,30.0,0,0
74,15,28,1,12,Y6014394,,,,0,30.0,0,0
74,15,28,1,13,Y6014395,,,,0,30.0,0,0
74,15,28,1,14,Y6014396,,,,0,30.0,0,0
74,15,28,1,15,Y6014397,,,,0,30.0,0,0
74,15,28,1,16,Y6014398,,,,0,30.0,0,0
74,15,28,1,17,Y6014399,,,,0,30.0,0,0
74,15,28,1,18,Y6014400,,,,0,30.0,0,0
74,15,28,1,19,Y6014401,,,,0,30.0,0,0
74,15,28,1,20,Y6014402,,,,0,30.0,0,0
74,15,28,1,21,Y6014403,,,,0,30.0,0,0
74,15,28,1,22,Y6014404,,,,0,30.0,0,0
74,15,28,1,23,Y6014405,,,,0,30.0,0,0
74,15,28,1,24,Y6014406,,,,0,30.0,0,0
74,15,28,1,25,Y6014407,,,,0,30.0,0,0
74,15,28,1,26,Y6014408,,,,0,30.0,0,0
74,15,28,1,27,Y6014409,,,,0,30.0,0,0
74,15,28,1,28,Y6014410,,,,0,30.0,0,0
74,15,28,1,29,Y6014411,,,,0,30.0,0,0
74,15,28,1,30,Y6014412,,,,0,30.0,0,0
74,15,28,2,10,Y6014413,,,,0,30.0,0,0
74,15,28,2,11,Y6014414,,,,0,30.0,0,0
74,15,28,2,12,Y6014415,,,,0,30.0,0,0
74,15,28,2,13,Y6014416,,,,0,30.0,0,0
74,15,28,2,14,Y6014417,,,,0,30.0,0,0
74,15,28,2,15,Y6014418,,,,0,30.0,0,0
74,15,28,2,16,Y6014419,,,,0,30.0,0,0
74,15,28,2,17,Y6014420,,,,0,30.0,0,0
74,15,28,2,18,Y6014421,,,,0,30.0,0,0
74,15,28,2,19,Y6014422,,,,0,30.0,0,0
74,15,28,2,20,Y6014423,,,,0,30.0,0,0
74,15,28,2,21,Y6014424,,,,0,30.0,0,0
74,15,28,2,22,Y6014425,,,,0,30.0,0,0
74,15,28,2,23,Y6014426,,,,0,30.0,0,0
74,15,28,2,24,Y6014427,,,,0,30.0,0,0
74,15,28,2,25,Y6014428,,,,0,30.0,0,0
74,15,28,2,26,Y6014429,,,,0,30.0,0,0
74,15,28,2,27,Y6014430,,,,0,30.0,0,0
74,15,28,2,28,Y6014431,,,,0,30.0,0,0
74,15,28,2,29,Y6014432,,,,0,30.0,0,0
74,15,28,2,30,Y6014433,,,,0,30.0,0,0
74,15,28,3,10,Y6014434,,,,0,30.0,0,0
74,15,28,3,11,Y6014435,,,,0,30.0,0,0
74,15,28,3,12,Y6014436,,,,0,30.0,0,0
74,15,28,3,13,Y6014437,,,,0,30.0,0,0
74,15,28,3,14,Y6014438,,,,0,30.0,0,0
74,15,28,3,15,Y6014439,,,,0,30.0,0,0
74,15,28,3,16,Y6014440,,,,0,30.0,0,0
74,15,28,3,17,Y6014441,,,,0,30.0,0,0
74,15,28,3,18,Y6014442,,,,0,30.0,0,0
74,15,28,3,19,Y6014443,,,,0,30.0,0,0
74,15,28,3,20,Y6014444,,,,0,30.0,0,0
74,15,28,3,21,Y6014445,,,,0,30.0,0,0
74,15,28,3,22,Y6014446,,,,0,30.0,0,0
74,15,28,3,23,Y6014447,,,,0,30.0,0,0
74,15,28,3,24,Y6014448,,,,0,30.0,0,0
74,15,28,3,25,Y6014449,,,,0,30.0,0,0
74,15,28,3,26,Y6014450,,,,0,30.0,0,0
74,15,28,3,27,Y6014451,,,,0,30.0,0,0
74,15,28,3,28,Y6014452,,,,0,30.0,0,0
74,15,28,3,29,Y6014453,,,,0,30.0,0,0
74,15,28,3,30,Y6014454,,,,0,30.0,0,0
74,15,28,4,10,Y6014455,,,,0,30.0,0,0
74,15,28,4,11,Y6014456,,,,0,30.0,0,0
74,15,28,4,12,Y6014457,,,,0,30.0,0,0
74,15,28,4,13,Y6014458,,,,0,30.0,0,0
74,15,28,4,14,Y6014459,,,,0,30.0,0,0
74,15,28,4,15,Y6014460,,,,0,30.0,0,0
74,15,28,4,16,Y6014461,,,,0,30.0,0,0
74,15,28,4,17,Y6014462,,,,0,30.0,0,0
74,15,28,4,18,Y6014463,,,,0,30.0,0,0
74,15,28,4,19,Y6014464,,,,0,30.0,0,0
74,15,28,4,20,Y6014465,,,,0,30.0,0,0
74,15,28,4,21,Y6014466,,,,0,30.0,0,0
74,15,28,4,22,Y6014467,,,,0,30.0,0,0
74,15,28,4,23,Y6014468,,,,0,30.0,0,0
74,15,28,4,24,Y6014469,,,,0,30.0,0,0
74,15,28,4,25,Y6014470,,,,0,30.0,0,0
74,15,28,4,26,Y6014471,,,,0,30.0,0,0
74,15,28,4,27,Y6014472,,,,0,30.0,0,0
74,15,28,4,28,Y6014473,,,,0,30.0,0,0
74,15,28,4,29,Y6014474,,,,0,30.0,0,0
74,15,28,4,30,Y6014475,,,,0,30.0,0,0
74,15,28,5,10,Y6014476,,,,0,30.0,0,0
74,15,28,5,11,Y6014477,,,,0,30.0,0,0
74,15,28,5,12,Y6014478,,,,0,30.0,0,0
74,15,28,5,13,Y6014479,,,,0,30.0,0,0
74,15,28,5,14,Y6014480,,,,0,30.0,0,0
74,15,28,5,15,Y6014481,,,,0,30.0,0,0
74,15,28,5,16,Y6014482,,,,0,30.0,0,0
74,15,28,5,17,Y6014483,,,,0,30.0,0,0
74,15,28,5,18,Y6014484,,,,0,30.0,0,0
74,15,28,5,19,Y6014485,,,,0,30.0,0,0
74,15,28,5,20,Y6014486,,,,0,30.0,0,0
74,15,28,5,21,Y6014487,,,,0,30.0,0,0
74,15,28,5,22,Y6014488,,,,0,30.0,0,0
74,15,28,5,23,Y6014489,,,,0,30.0,0,0
74,15,28,5,24,Y6014490,,,,0,30.0,0,0
74,15,28,5,25,Y6014491,,,,0,30.0,0,0
74,15,28,5,26,Y6014492,,,,0,30.0,0,0
74,15,28,5,27,Y6014493,,,,0,30.0,0,0
74,15,28,5,28,Y6014494,,,,0,30.0,0,0
74,15,28,5,29,Y6014495,,,,0,30.0,0,0
74,15,28,5,30,Y6014496,,,,0,30.0,0,0
74,15,28,6,10,Y6014497,,,,0,30.0,0,0
74,15,28,6,11,Y6014498,,,,0,30.0,0,0
74,15,28,6,12,Y6014499,,,,0,30.0,0,0
74,15,28,6,13,Y6014500,,,,0,30.0,0,0
74,15,28,6,14,Y6014501,,,,0,30.0,0,0
74,15,28,6,15,Y6014502,,,,0,30.0,0,0
74,15,28,6,16,Y6014503,,,,0,30.0,0,0
74,15,28,6,17,Y6014504,,,,0,30.0,0,0
74,15,28,6,18,Y6014505,,,,0,30.0,0,0
74,15,28,6,19,Y6014506,,,,0,30.0,0,0
74,15,28,6,20,Y6014507,,,,0,30.0,0,0
74,15,28,6,21,Y6014508,,,,0,30.0,0,0
74,15,28,6,22,Y6014509,,,,0,30.0,0,0
74,15,28,6,23,Y6014510,,,,0,30.0,0,0
74,15,28,6,24,Y6014511,,,,0,30.0,0,0
74,15,28,6,25,Y6014512,,,,0,30.0,0,0
74,15,28,6,26,Y6014513,,,,0,30.0,0,0
74,15,28,6,27,Y6014514,,,,0,30.0,0,0
74,15,28,6,28,Y6014515,,,,0,30.0,0,0
74,15,28,6,29,Y6014516,,,,0,30.0,0,0
74,15,28,6,30,Y6014517,,,,0,30.0,0,0
74,15,28,7,10,Y6014518,,,,0,30.0,0,0
74,15,28,7,11,Y6014519,,,,0,30.0,0,0
74,15,28,7,12,Y6014520,,,,0,30.0,0,0
74,15,28,7,13,Y6014521,,,,0,30.0,0,0
74,15,28,7,14,Y6014522,,,,0,30.0,0,0
74,15,28,7,15,Y6014523,,,,0,30.0,0,0
74,15,28,7,16,Y6014524,,,,0,30.0,0,0
74,15,28,7,17,Y6014525,,,,0,30.0,0,0
74,15,28,7,18,Y6014526,,,,0,30.0,0,0
74,15,28,7,19,Y6014527,,,,0,30.0,0,0
74,15,28,7,20,Y6014528,,,,0,30.0,0,0
74,15,28,7,21,Y6014529,,,,0,30.0,0,0
74,15,28,7,22,Y6014530,,,,0,30.0,0,0
74,15,28,7,23,Y6014531,,,,0,30.0,0,0
74,15,28,7,24,Y6014532,,,,0,30.0,0,0
74,15,28,7,25,Y6014533,,,,0,30.0,0,0
74,15,28,7,26,Y6014534,,,,0,30.0,0,0
74,15,28,7,27,Y6014535,,,,0,30.0,0,0
74,15,28,7,28,Y6014536,,,,0,30.0,0,0
74,15,28,7,29,Y6014537,,,,0,30.0,0,0
74,15,28,7,30,Y6014538,,,,0,30.0,0,0
74,15,28,8,10,Y6014539,,,,0,30.0,0,0
74,15,28,8,11,Y6014540,,,,0,30.0,0,0
74,15,28,8,12,Y6014541,,,,0,30.0,0,0
74,15,28,8,13,Y6014542,,,,0,30.0,0,0
74,15,28,8,14,Y6014543,,,,0,30.0,0,0
74,15,28,8,15,Y6014544,,,,0,30.0,0,0
74,15,28,8,16,Y6014545,,,,0,30.0,0,0
74,15,28,8,17,Y6014546,,,,0,30.0,0,0
74,15,28,8,18,Y6014547,,,,0,30.0,0,0
74,15,28,8,19,Y6014548,,,,0,30.0,0,0
74,15,28,8,20,Y6014549,,,,0,30.0,0,0
74,15,28,8,21,Y6014550,,,,0,30.0,0,0
74,15,28,8,22,Y6014551,,,,0,30.0,0,0
74,15,28,8,23,Y6014552,,,,0,30.0,0,0
74,15,28,8,24,Y6014553,,,,0,30.0,0,0
74,15,28,8,25,Y6014554,,,,0,30.0,0,0
74,15,28,8,26,Y6014555,,,,0,30.0,0,0
74,15,28,8,27,Y6014556,,,,0,30.0,0,0
74,15,28,8,28,Y6014557,,,,0,30.0,0,0
74,15,28,8,29,Y6014558,,,,0,30.0,0,0
74,15,28,8,30,Y6014559,,,,0,30.0,0,0
74,15,28,9,10,Y6014560,,,,0,30.0,0,0
74,15,28,9,11,Y6014561,,,,0,30.0,0,0
74,15,28,9,12,Y6014562,,,,0,30.0,0,0
74,15,28,9,13,Y6014563,,,,0,30.0,0,0
74,15,28,9,14,Y6014564,,,,0,30.0,0,0
74,15,28,9,15,Y6014565,,,,0,30.0,0,0
74,15,28,9,16,Y6014566,,,,0,30.0,0,0
74,15,28,9,17,Y6014567,,,,0,30.0,0,0
74,15,28,9,18,Y6014568,,,,0,30.0,0,0
74,15,28,9,19,Y6014569,,,,0,30.0,0,0
74,15,28,9,20,Y6014570,,,,0,30.0,0,0
74,15,28,9,21,Y6014571,,,,0,30.0,0,0
74,15,28,9,22,Y6014572,,,,0,30.0,0,0
74,15,28,9,23,Y6014573,,,,0,30.0,0,0
74,15,28,9,24,Y6014574,,,,0,30.0,0,0
74,15,28,9,25,Y6014575,,,,0,30.0,0,0
74,15,28,9,26,Y6014576,,,,0,30.0,0,0
74,15,28,9,27,Y6014577,,,,0,30.0,0,0
74,15,28,9,28,Y6014578,,,,0,30.0,0,0
74,15,28,9,29,Y6014579,,,,0,30.0,0,0
74,15,28,9,30,Y6014580,,,,0,30.0,0,0
74,15,28,10,10,Y6014581,,,,0,30.0,0,0
74,15,28,10,11,Y6014582,,,,0,30.0,0,0
74,15,28,10,12,Y6014583,,,,0,30.0,0,0
74,15,28,10,13,Y6014584,,,,0,30.0,0,0
74,15,28,10,14,Y6014585,,,,0,30.0,0,0
74,15,28,10,15,Y6014586,,,,0,30.0,0,0
74,15,28,10,16,Y6014587,,,,0,30.0,0,0
74,15,28,10,17,Y6014588,,,,0,30.0,0,0
74,15,28,10,18,Y6014589,,,,0,30.0,0,0
74,15,28,10,19,Y6014590,,,,0,30.0,0,0
74,15,28,10,20,Y6014591,,,,0,30.0,0,0
74,15,28,10,21,Y6014592,,,,0,30.0,0,0
74,15,28,10,22,Y6014593,,,,0,30.0,0,0
74,15,28,10,23,Y6014594,,,,0,30.0,0,0
74,15,28,10,24,Y6014595,,,,0,30.0,0,0
74,15,28,10,25,Y6014596,,,,0,30.0,0,0
74,15,28,10,26,Y6014597,,,,0,30.0,0,0
74,15,28,10,27,Y6014598,,,,0,30.0,0,0
74,15,28,10,28,Y6014599,,,,0,30.0,0,0
74,15,28,10,29,Y6014600,,,,0,30.0,0,0
74,15,28,10,30,Y6014601,,,,0,30.0,0,0
74,15,28,11,10,Y6014602,,,,0,30.0,0,0
74,15,28,11,11,Y6014603,,,,0,30.0,0,0
74,15,28,11,12,Y6014604,,,,0,30.0,0,0
74,15,28,11,13,Y6014605,,,,0,30.0,0,0
74,15,28,11,14,Y6014606,,,,0,30.0,0,0
74,15,28,11,15,Y6014607,,,,0,30.0,0,0
74,15,28,11,16,Y6014608,,,,0,30.0,0,0
74,15,28,11,17,Y6014609,,,,0,30.0,0,0
74,15,28,11,18,Y6014610,,,,0,30.0,0,0
74,15,28,11,19,Y6014611,,,,0,30.0,0,0
74,15,28,11,20,Y6014612,,,,0,30.0,0,0
74,15,28,11,21,Y6014613,,,,0,30.0,0,0
74,15,28,11,22,Y6014614,,,,0,30.0,0,0
74,15,28,11,23,Y6014615,,,,0,30.0,0,0
74,15,28,11,24,Y6014616,,,,0,30.0,0,0
74,15,28,11,25,Y6014617,,,,0,30.0,0,0
74,15,28,11,26,Y6014618,,,,0,30.0,0,0
74,15,28,11,27,Y6014619,,,,0,30.0,0,0
74,15,28,11,28,Y6014620,,,,0,30.0,0,0
74,15,28,11,29,Y6014621,,,,0,30.0,0,0
74,15,28,11,30,Y6014622,,,,0,30.0,0,0
74,15,28,12,10,Y6014623,,,,0,30.0,0,0
74,15,28,12,11,Y6014624,,,,0,30.0,0,0
74,15,28,12,12,Y6014625,,,,0,30.0,0,0
74,15,28,12,13,Y6014626,,,,0,30.0,0,0
74,15,28,12,14,Y6014627,,,,0,30.0,0,0
74,15,28,12,15,Y6014628,,,,0,30.0,0,0
74,15,28,12,16,Y6014629,,,,0,30.0,0,0
74,15,28,12,17,Y6014630,,,,0,30.0,0,0
74,15,28,12,18,Y6014631,,,,0,30.0,0,0
74,15,28,12,19,Y6014632,,,,0,30.0,0,0
74,15,28,12,20,Y6014633,,,,0,30.0,0,0
74,15,28,12,21,Y6014634,,,,0,30.0,0,0
74,15,28,12,22,Y6014635,,,,0,30.0,0,0
74,15,28,12,23,Y6014636,,,,0,30.0,0,0
74,15,28,12,24,Y6014637,,,,0,30.0,0,0
74,15,28,12,25,Y6014638,,,,0,30.0,0,0
74,15,28,12,26,Y6014639,,,,0,30.0,0,0
74,15,28,12,27,Y6014640,,,,0,30.0,0,0
74,15,28,12,28,Y6014641,,,,0,30.0,0,0
74,15,28,12,29,Y6014642,,,,0,30.0,0,0
74,15,28,12,30,Y6014643,,,,0,30.0,0,0
74,15,29,1,10,Y6014644,,,,0,30.0,0,0
74,15,29,1,11,Y6014645,,,,0,30.0,0,0
74,15,29,1,12,Y6014646,,,,0,30.0,0,0
74,15,29,1,13,Y6014647,,,,0,30.0,0,0
74,15,29,1,14,Y6014648,,,,0,30.0,0,0
74,15,29,1,15,Y6014649,,,,0,30.0,0,0
74,15,29,1,16,Y6014650,,,,0,30.0,0,0
74,15,29,1,17,Y6014651,,,,0,30.0,0,0
74,15,29,1,18,Y6014652,,,,0,30.0,0,0
74,15,29,1,19,Y6014653,,,,0,30.0,0,0
74,15,29,1,20,Y6014654,,,,0,30.0,0,0
74,15,29,1,21,Y6014655,,,,0,30.0,0,0
74,15,29,1,22,Y6014656,,,,0,30.0,0,0
74,15,29,1,23,Y6014657,,,,0,30.0,0,0
74,15,29,1,24,Y6014658,,,,0,30.0,0,0
74,15,29,1,25,Y6014659,,,,0,30.0,0,0
74,15,29,1,26,Y6014660,,,,0,30.0,0,0
74,15,29,1,27,Y6014661,,,,0,30.0,0,0
74,15,29,1,28,Y6014662,,,,0,30.0,0,0
74,15,29,1,29,Y6014663,,,,0,30.0,0,0
74,15,29,1,30,Y6014664,,,,0,30.0,0,0
74,15,29,2,10,Y6014665,,,,0,30.0,0,0
74,15,29,2,11,Y6014666,,,,0,30.0,0,0
74,15,29,2,12,Y6014667,,,,0,30.0,0,0
74,15,29,2,13,Y6014668,,,,0,30.0,0,0
74,15,29,2,14,Y6014669,,,,0,30.0,0,0
74,15,29,2,15,Y6014670,,,,0,30.0,0,0
74,15,29,2,16,Y6014671,,,,0,30.0,0,0
74,15,29,2,17,Y6014672,,,,0,30.0,0,0
74,15,29,2,18,Y6014673,,,,0,30.0,0,0
74,15,29,2,19,Y6014674,,,,0,30.0,0,0
74,15,29,2,20,Y6014675,,,,0,30.0,0,0
74,15,29,2,21,Y6014676,,,,0,30.0,0,0
74,15,29,2,22,Y6014677,,,,0,30.0,0,0
74,15,29,2,23,Y6014678,,,,0,30.0,0,0
74,15,29,2,24,Y6014679,,,,0,30.0,0,0
74,15,29,2,25,Y6014680,,,,0,30.0,0,0
74,15,29,2,26,Y6014681,,,,0,30.0,0,0
74,15,29,2,27,Y6014682,,,,0,30.0,0,0
74,15,29,2,28,Y6014683,,,,0,30.0,0,0
74,15,29,2,29,Y6014684,,,,0,30.0,0,0
74,15,29,2,30,Y6014685,,,,0,30.0,0,0
74,15,29,3,10,Y6014686,,,,0,30.0,0,0
74,15,29,3,11,Y6014687,,,,0,30.0,0,0
74,15,29,3,12,Y6014688,,,,0,30.0,0,0
74,15,29,3,13,Y6014689,,,,0,30.0,0,0
74,15,29,3,14,Y6014690,,,,0,30.0,0,0
74,15,29,3,15,Y6014691,,,,0,30.0,0,0
74,15,29,3,16,Y6014692,,,,0,30.0,0,0
74,15,29,3,17,Y6014693,,,,0,30.0,0,0
74,15,29,3,18,Y6014694,,,,0,30.0,0,0
74,15,29,3,19,Y6014695,,,,0,30.0,0,0
74,15,29,3,20,Y6014696,,,,0,30.0,0,0
74,15,29,3,21,Y6014697,,,,0,30.0,0,0
74,15,29,3,22,Y6014698,,,,0,30.0,0,0
74,15,29,3,23,Y6014699,,,,0,30.0,0,0
74,15,29,3,24,Y6014700,,,,0,30.0,0,0
74,15,29,3,25,Y6014701,,,,0,30.0,0,0
74,15,29,3,26,Y6014702,,,,0,30.0,0,0
74,15,29,3,27,Y6014703,,,,0,30.0,0,0
74,15,29,3,28,Y6014704,,,,0,30.0,0,0
74,15,29,3,29,Y6014705,,,,0,30.0,0,0
74,15,29,3,30,Y6014706,,,,0,30.0,0,0
74,15,29,4,10,Y6014707,,,,0,30.0,0,0
74,15,29,4,11,Y6014708,,,,0,30.0,0,0
74,15,29,4,12,Y6014709,,,,0,30.0,0,0
74,15,29,4,13,Y6014710,,,,0,30.0,0,0
74,15,29,4,14,Y6014711,,,,0,30.0,0,0
74,15,29,4,15,Y6014712,,,,0,30.0,0,0
74,15,29,4,16,Y6014713,,,,0,30.0,0,0
74,15,29,4,17,Y6014714,,,,0,30.0,0,0
74,15,29,4,18,Y6014715,,,,0,30.0,0,0
74,15,29,4,19,Y6014716,,,,0,30.0,0,0
74,15,29,4,20,Y6014717,,,,0,30.0,0,0
74,15,29,4,21,Y6014718,,,,0,30.0,0,0
74,15,29,4,22,Y6014719,,,,0,30.0,0,0
74,15,29,4,23,Y6014720,,,,0,30.0,0,0
74,15,29,4,24,Y6014721,,,,0,30.0,0,0
74,15,29,4,25,Y6014722,,,,0,30.0,0,0
74,15,29,4,26,Y6014723,,,,0,30.0,0,0
74,15,29,4,27,Y6014724,,,,0,30.0,0,0
74,15,29,4,28,Y6014725,,,,0,30.0,0,0
74,15,29,4,29,Y6014726,,,,0,30.0,0,0
74,15,29,4,30,Y6014727,,,,0,30.0,0,0
74,15,29,5,10,Y6014728,,,,0,30.0,0,0
74,15,29,5,11,Y6014729,,,,0,30.0,0,0
74,15,29,5,12,Y6014730,,,,0,30.0,0,0
74,15,29,5,13,Y6014731,,,,0,30.0,0,0
74,15,29,5,14,Y6014732,,,,0,30.0,0,0
74,15,29,5,15,Y6014733,,,,0,30.0,0,0
74,15,29,5,16,Y6014734,,,,0,30.0,0,0
74,15,29,5,17,Y6014735,,,,0,30.0,0,0
74,15,29,5,18,Y6014736,,,,0,30.0,0,0
74,15,29,5,19,Y6014737,,,,0,30.0,0,0
74,15,29,5,20,Y6014738,,,,0,30.0,0,0
74,15,29,5,21,Y6014739,,,,0,30.0,0,0
74,15,29,5,22,Y6014740,,,,0,30.0,0,0
74,15,29,5,23,Y6014741,,,,0,30.0,0,0
74,15,29,5,24,Y6014742,,,,0,30.0,0,0
74,15,29,5,25,Y6014743,,,,0,30.0,0,0
74,15,29,5,26,Y6014744,,,,0,30.0,0,0
74,15,29,5,27,Y6014745,,,,0,30.0,0,0
74,15,29,5,28,Y6014746,,,,0,30.0,0,0
74,15,29,5,29,Y6014747,,,,0,30.0,0,0
74,15,29,5,30,Y6014748,,,,0,30.0,0,0
74,15,29,6,10,Y6014749,,,,0,30.0,0,0
74,15,29,6,11,Y6014750,,,,0,30.0,0,0
74,15,29,6,12,Y6014751,,,,0,30.0,0,0
74,15,29,6,13,Y6014752,,,,0,30.0,0,0
74,15,29,6,14,Y6014753,,,,0,30.0,0,0
74,15,29,6,15,Y6014754,,,,0,30.0,0,0
74,15,29,6,16,Y6014755,,,,0,30.0,0,0
74,15,29,6,17,Y6014756,,,,0,30.0,0,0
74,15,29,6,18,Y6014757,,,,0,30.0,0,0
74,15,29,6,19,Y6014758,,,,0,30.0,0,0
74,15,29,6,20,Y6014759,,,,0,30.0,0,0
74,15,29,6,21,Y6014760,,,,0,30.0,0,0
74,15,29,6,22,Y6014761,,,,0,30.0,0,0
74,15,29,6,23,Y6014762,,,,0,30.0,0,0
74,15,29,6,24,Y6014763,,,,0,30.0,0,0
74,15,29,6,25,Y6014764,,,,0,30.0,0,0
74,15,29,6,26,Y6014765,,,,0,30.0,0,0
74,15,29,6,27,Y6014766,,,,0,30.0,0,0
74,15,29,6,28,Y6014767,,,,0,30.0,0,0
74,15,29,6,29,Y6014768,,,,0,30.0,0,0
74,15,29,6,30,Y6014769,,,,0,30.0,0,0
74,15,29,7,10,Y6014770,,,,0,30.0,0,0
74,15,29,7,11,Y6014771,,,,0,30.0,0,0
74,15,29,7,12,Y6014772,,,,0,30.0,0,0
74,15,29,7,13,Y6014773,,,,0,30.0,0,0
74,15,29,7,14,Y6014774,,,,0,30.0,0,0
74,15,29,7,15,Y6014775,,,,0,30.0,0,0
74,15,29,7,16,Y6014776,,,,0,30.0,0,0
74,15,29,7,17,Y6014777,,,,0,30.0,0,0
74,15,29,7,18,Y6014778,,,,0,30.0,0,0
74,15,29,7,19,Y6014779,,,,0,30.0,0,0
74,15,29,7,20,Y6014780,,,,0,30.0,0,0
74,15,29,7,21,Y6014781,,,,0,30.0,0,0
74,15,29,7,22,Y6014782,,,,0,30.0,0,0
74,15,29,7,23,Y6014783,,,,0,30.0,0,0
74,15,29,7,24,Y6014784,,,,0,30.0,0,0
74,15,29,7,25,Y6014785,,,,0,30.0,0,0
74,15,29,7,26,Y6014786,,,,0,30.0,0,0
74,15,29,7,27,Y6014787,,,,0,30.0,0,0
74,15,29,7,28,Y6014788,,,,0,30.0,0,0
74,15,29,7,29,Y6014789,,,,0,30.0,0,0
74,15,29,7,30,Y6014790,,,,0,30.0,0,0
74,15,29,8,10,Y6014791,,,,0,30.0,0,0
74,15,29,8,11,Y6014792,,,,0,30.0,0,0
74,15,29,8,12,Y6014793,,,,0,30.0,0,0
74,15,29,8,13,Y6014794,,,,0,30.0,0,0
74,15,29,8,14,Y6014795,,,,0,30.0,0,0
74,15,29,8,15,Y6014796,,,,0,30.0,0,0
74,15,29,8,16,Y6014797,,,,0,30.0,0,0
74,15,29,8,17,Y6014798,,,,0,30.0,0,0
74,15,29,8,18,Y6014799,,,,0,30.0,0,0
74,15,29,8,19,Y6014800,,,,0,30.0,0,0
74,15,29,8,20,Y6014801,,,,0,30.0,0,0
74,15,29,8,21,Y6014802,,,,0,30.0,0,0
74,15,29,8,22,Y6014803,,,,0,30.0,0,0
74,15,29,8,23,Y6014804,,,,0,30.0,0,0
74,15,29,8,24,Y6014805,,,,0,30.0,0,0
74,15,29,8,25,Y6014806,,,,0,30.0,0,0
74,15,29,8,26,Y6014807,,,,0,30.0,0,0
74,15,29,8,27,Y6014808,,,,0,30.0,0,0
74,15,29,8,28,Y6014809,,,,0,30.0,0,0
74,15,29,8,29,Y6014810,,,,0,30.0,0,0
74,15,29,8,30,Y6014811,,,,0,30.0,0,0
74,15,29,9,10,Y6014812,,,,0,30.0,0,0
74,15,29,9,11,Y6014813,,,,0,30.0,0,0
74,15,29,9,12,Y6014814,,,,0,30.0,0,0
74,15,29,9,13,Y6014815,,,,0,30.0,0,0
74,15,29,9,14,Y6014816,,,,0,30.0,0,0
74,15,29,9,15,Y6014817,,,,0,30.0,0,0
74,15,29,9,16,Y6014818,,,,0,30.0,0,0
74,15,29,9,17,Y6014819,,,,0,30.0,0,0
74,15,29,9,18,Y6014820,,,,0,30.0,0,0
74,15,29,9,19,Y6014821,,,,0,30.0,0,0
74,15,29,9,20,Y6014822,,,,0,30.0,0,0
74,15,29,9,21,Y6014823,,,,0,30.0,0,0
74,15,29,9,22,Y6014824,,,,0,30.0,0,0
74,15,29,9,23,Y6014825,,,,0,30.0,0,0
74,15,29,9,24,Y6014826,,,,0,30.0,0,0
74,15,29,9,25,Y6014827,,,,0,30.0,0,0
74,15,29,9,26,Y6014828,,,,0,30.0,0,0
74,15,29,9,27,Y6014829,,,,0,30.0,0,0
74,15,29,9,28,Y6014830,,,,0,30.0,0,0
74,15,29,9,29,Y6014831,,,,0,30.0,0,0
74,15,29,9,30,Y6014832,,,,0,30.0,0,0
74,15,29,10,10,Y6014833,,,,0,30.0,0,0
74,15,29,10,11,Y6014834,,,,0,30.0,0,0
74,15,29,10,12,Y6014835,,,,0,30.0,0,0
74,15,29,10,13,Y6014836,,,,0,30.0,0,0
74,15,29,10,14,Y6014837,,,,0,30.0,0,0
74,15,29,10,15,Y6014838,,,,0,30.0,0,0
74,15,29,10,16,Y6014839,,,,0,30.0,0,0
74,15,29,10,17,Y6014840,,,,0,30.0,0,0
74,15,29,10,18,Y6014841,,,,0,30.0,0,0
74,15,29,10,19,Y6014842,,,,0,30.0,0,0
74,15,29,10,20,Y6014843,,,,0,30.0,0,0
74,15,29,10,21,Y6014844,,,,0,30.0,0,0
74,15,29,10,22,Y6014845,,,,0,30.0,0,0
74,15,29,10,23,Y6014846,,,,0,30.0,0,0
74,15,29,10,24,Y6014847,,,,0,30.0,0,0
74,15,29,10,25,Y6014848,,,,0,30.0,0,0
74,15,29,10,26,Y6014849,,,,0,30.0,0,0
74,15,29,10,27,Y6014850,,,,0,30.0,0,0
74,15,29,10,28,Y6014851,,,,0,30.0,0,0
74,15,29,10,29,Y6014852,,,,0,30.0,0,0
74,15,29,10,30,Y6014853,,,,0,30.0,0,0
74,15,29,11,10,Y6014854,,,,0,30.0,0,0
74,15,29,11,11,Y6014855,,,,0,30.0,0,0
74,15,29,11,12,Y6014856,,,,0,30.0,0,0
74,15,29,11,13,Y6014857,,,,0,30.0,0,0
74,15,29,11,14,Y6014858,,,,0,30.0,0,0
74,15,29,11,15,Y6014859,,,,0,30.0,0,0
74,15,29,11,16,Y6014860,,,,0,30.0,0,0
74,15,29,11,17,Y6014861,,,,0,30.0,0,0
74,15,29,11,18,Y6014862,,,,0,30.0,0,0
74,15,29,11,19,Y6014863,,,,0,30.0,0,0
74,15,29,11,20,Y6014864,,,,0,30.0,0,0
74,15,29,11,21,Y6014865,,,,0,30.0,0,0
74,15,29,11,22,Y6014866,,,,0,30.0,0,0
74,15,29,11,23,Y6014867,,,,0,30.0,0,0
74,15,29,11,24,Y6014868,,,,0,30.0,0,0
74,15,29,11,25,Y6014869,,,,0,30.0,0,0
74,15,29,11,26,Y6014870,,,,0,30.0,0,0
74,15,29,11,27,Y6014871,,,,0,30.0,0,0
74,15,29,11,28,Y6014872,,,,0,30.0,0,0
74,15,29,11,29,Y6014873,,,,0,30.0,0,0
74,15,29,11,30,Y6014874,,,,0,30.0,0,0
74,15,29,12,10,Y6014875,,,,0,30.0,0,0
74,15,29,12,11,Y6014876,,,,0,30.0,0,0
74,15,29,12,12,Y6014877,,,,0,30.0,0,0
74,15,29,12,13,Y6014878,,,,0,30.0,0,0
74,15,29,12,14,Y6014879,,,,0,30.0,0,0
74,15,29,12,15,Y6014880,,,,0,30.0,0,0
74,15,29,12,16,Y6014881,,,,0,30.0,0,0
74,15,29,12,17,Y6014882,,,,0,30.0,0,0
74,15,29,12,18,Y6014883,,,,0,30.0,0,0
74,15,29,12,19,Y6014884,,,,0,30.0,0,0
74,15,29,12,20,Y6014885,,,,0,30.0,0,0
74,15,29,12,21,Y6014886,,,,0,30.0,0,0
74,15,29,12,22,Y6014887,,,,0,30.0,0,0
74,15,29,12,23,Y6014888,,,,0,30.0,0,0
74,15,29,12,24,Y6014889,,,,0,30.0,0,0
74,15,29,12,25,Y6014890,,,,0,30.0,0,0
74,15,29,12,26,Y6014891,,,,0,30.0,0,0
74,15,29,12,27,Y6014892,,,,0,30.0,0,0
74,15,29,12,28,Y6014893,,,,0,30.0,0,0
74,15,29,12,29,Y6014894,,,,0,30.0,0,0
74,15,29,12,30,Y6014895,,,,0,30.0,0,0
74,15,30,1,10,Y6014896,,,,0,30.0,0,0
74,15,30,1,11,Y6014897,,,,0,30.0,0,0
74,15,30,1,12,Y6014898,,,,0,30.0,0,0
74,15,30,1,13,Y6014899,,,,0,30.0,0,0
74,15,30,1,14,Y6014900,,,,0,30.0,0,0
74,15,30,1,15,Y6014901,,,,0,30.0,0,0
74,15,30,1,16,Y6014902,,,,0,30.0,0,0
74,15,30,1,17,Y6014903,,,,0,30.0,0,0
74,15,30,1,18,Y6014904,,,,0,30.0,0,0
74,15,30,1,19,Y6014905,,,,0,30.0,0,0
74,15,30,1,20,Y6014906,,,,0,30.0,0,0
74,15,30,1,21,Y6014907,,,,0,30.0,0,0
74,15,30,1,22,Y6014908,,,,0,30.0,0,0
74,15,30,1,23,Y6014909,,,,0,30.0,0,0
74,15,30,1,24,Y6014910,,,,0,30.0,0,0
74,15,30,1,25,Y6014911,,,,0,30.0,0,0
74,15,30,1,26,Y6014912,,,,0,30.0,0,0
74,15,30,1,27,Y6014913,,,,0,30.0,0,0
74,15,30,1,28,Y6014914,,,,0,30.0,0,0
74,15,30,1,29,Y6014915,,,,0,30.0,0,0
74,15,30,1,30,Y6014916,,,,0,30.0,0,0
74,15,30,2,10,Y6014917,,,,0,30.0,0,0
74,15,30,2,11,Y6014918,,,,0,30.0,0,0
74,15,30,2,12,Y6014919,,,,0,30.0,0,0
74,15,30,2,13,Y6014920,,,,0,30.0,0,0
74,15,30,2,14,Y6014921,,,,0,30.0,0,0
74,15,30,2,15,Y6014922,,,,0,30.0,0,0
74,15,30,2,16,Y6014923,,,,0,30.0,0,0
74,15,30,2,17,Y6014924,,,,0,30.0,0,0
74,15,30,2,18,Y6014925,,,,0,30.0,0,0
74,15,30,2,19,Y6014926,,,,0,30.0,0,0
74,15,30,2,20,Y6014927,,,,0,30.0,0,0
74,15,30,2,21,Y6014928,,,,0,30.0,0,0
74,15,30,2,22,Y6014929,,,,0,30.0,0,0
74,15,30,2,23,Y6014930,,,,0,30.0,0,0
74,15,30,2,24,Y6014931,,,,0,30.0,0,0
74,15,30,2,25,Y6014932,,,,0,30.0,0,0
74,15,30,2,26,Y6014933,,,,0,30.0,0,0
74,15,30,2,27,Y6014934,,,,0,30.0,0,0
74,15,30,2,28,Y6014935,,,,0,30.0,0,0
74,15,30,2,29,Y6014936,,,,0,30.0,0,0
74,15,30,2,30,Y6014937,,,,0,30.0,0,0
74,15,30,3,10,Y6014938,,,,0,30.0,0,0
74,15,30,3,11,Y6014939,,,,0,30.0,0,0
74,15,30,3,12,Y6014940,,,,0,30.0,0,0
74,15,30,3,13,Y6014941,,,,0,30.0,0,0
74,15,30,3,14,Y6014942,,,,0,30.0,0,0
74,15,30,3,15,Y6014943,,,,0,30.0,0,0
74,15,30,3,16,Y6014944,,,,0,30.0,0,0
74,15,30,3,17,Y6014945,,,,0,30.0,0,0
74,15,30,3,18,Y6014946,,,,0,30.0,0,0
74,15,30,3,19,Y6014947,,,,0,30.0,0,0
74,15,30,3,20,Y6014948,,,,0,30.0,0,0
74,15,30,3,21,Y6014949,,,,0,30.0,0,0
74,15,30,3,22,Y6014950,,,,0,30.0,0,0
74,15,30,3,23,Y6014951,,,,0,30.0,0,0
74,15,30,3,24,Y6014952,,,,0,30.0,0,0
74,15,30,3,25,Y6014953,,,,0,30.0,0,0
74,15,30,3,26,Y6014954,,,,0,30.0,0,0
74,15,30,3,27,Y6014955,,,,0,30.0,0,0
74,15,30,3,28,Y6014956,,,,0,30.0,0,0
74,15,30,3,29,Y6014957,,,,0,30.0,0,0
74,15,30,3,30,Y6014958,,,,0,30.0,0,0
74,15,30,4,10,Y6014959,,,,0,30.0,0,0
74,15,30,4,11,Y6014960,,,,0,30.0,0,0
74,15,30,4,12,Y6014961,,,,0,30.0,0,0
74,15,30,4,13,Y6014962,,,,0,30.0,0,0
74,15,30,4,14,Y6014963,,,,0,30.0,0,0
74,15,30,4,15,Y6014964,,,,0,30.0,0,0
74,15,30,4,16,Y6014965,,,,0,30.0,0,0
74,15,30,4,17,Y6014966,,,,0,30.0,0,0
74,15,30,4,18,Y6014967,,,,0,30.0,0,0
74,15,30,4,19,Y6014968,,,,0,30.0,0,0
74,15,30,4,20,Y6014969,,,,0,30.0,0,0
74,15,30,4,21,Y6014970,,,,0,30.0,0,0
74,15,30,4,22,Y6014971,,,,0,30.0,0,0
74,15,30,4,23,Y6014972,,,,0,30.0,0,0
74,15,30,4,24,Y6014973,,,,0,30.0,0,0
74,15,30,4,25,Y6014974,,,,0,30.0,0,0
74,15,30,4,26,Y6014975,,,,0,30.0,0,0
74,15,30,4,27,Y6014976,,,,0,30.0,0,0
74,15,30,4,28,Y6014977,,,,0,30.0,0,0
74,15,30,4,29,Y6014978,,,,0,30.0,0,0
74,15,30,4,30,Y6014979,,,,0,30.0,0,0
74,15,30,5,10,Y6014980,,,,0,30.0,0,0
74,15,30,5,11,Y6014981,,,,0,30.0,0,0
74,15,30,5,12,Y6014982,,,,0,30.0,0,0
74,15,30,5,13,Y6014983,,,,0,30.0,0,0
74,15,30,5,14,Y6014984,,,,0,30.0,0,0
74,15,30,5,15,Y6014985,,,,0,30.0,0,0
74,15,30,5,16,Y6014986,,,,0,30.0,0,0
74,15,30,5,17,Y6014987,,,,0,30.0,0,0
74,15,30,5,18,Y6014988,,,,0,30.0,0,0
74,15,30,5,19,Y6014989,,,,0,30.0,0,0
74,15,30,5,20,Y6014990,,,,0,30.0,0,0
74,15,30,5,21,Y6014991,,,,0,30.0,0,0
74,15,30,5,22,Y6014992,,,,0,30.0,0,0
74,15,30,5,23,Y6014993,,,,0,30.0,0,0
74,15,30,5,24,Y6014994,,,,0,30.0,0,0
74,15,30,5,25,Y6014995,,,,0,30.0,0,0
74,15,30,5,26,Y6014996,,,,0,30.0,0,0
74,15,30,5,27,Y6014997,,,,0,30.0,0,0
74,15,30,5,28,Y6014998,,,,0,30.0,0,0
74,15,30,5,29,Y6014999,,,,0,30.0,0,0
74,15,30,5,30,Y6015000,,,,0,30.0,0,0
74,15,30,6,10,Y6015001,,,,0,30.0,0,0
74,15,30,6,11,Y6015002,,,,0,30.0,0,0
74,15,30,6,12,Y6015003,,,,0,30.0,0,0
74,15,30,6,13,Y6015004,,,,0,30.0,0,0
74,15,30,6,14,Y6015005,,,,0,30.0,0,0
74,15,30,6,15,Y6015006,,,,0,30.0,0,0
74,15,30,6,16,Y6015007,,,,0,30.0,0,0
74,15,30,6,17,Y6015008,,,,0,30.0,0,0
74,15,30,6,18,Y6015009,,,,0,30.0,0,0
74,15,30,6,19,Y6015010,,,,0,30.0,0,0
74,15,30,6,20,Y6015011,,,,0,30.0,0,0
74,15,30,6,21,Y6015012,,,,0,30.0,0,0
74,15,30,6,22,Y6015013,,,,0,30.0,0,0
74,15,30,6,23,Y6015014,,,,0,30.0,0,0
74,15,30,6,24,Y6015015,,,,0,30.0,0,0
74,15,30,6,25,Y6015016,,,,0,30.0,0,0
74,15,30,6,26,Y6015017,,,,0,30.0,0,0
74,15,30,6,27,Y6015018,,,,0,30.0,0,0
74,15,30,6,28,Y6015019,,,,0,30.0,0,0
74,15,30,6,29,Y6015020,,,,0,30.0,0,0
74,15,30,6,30,Y6015021,,,,0,30.0,0,0
74,15,30,7,10,Y6015022,,,,0,30.0,0,0
74,15,30,7,11,Y6015023,,,,0,30.0,0,0
74,15,30,7,12,Y6015024,,,,0,30.0,0,0
74,15,30,7,13,Y6015025,,,,0,30.0,0,0
74,15,30,7,14,Y6015026,,,,0,30.0,0,0
74,15,30,7,15,Y6015027,,,,0,30.0,0,0
74,15,30,7,16,Y6015028,,,,0,30.0,0,0
74,15,30,7,17,Y6015029,,,,0,30.0,0,0
74,15,30,7,18,Y6015030,,,,0,30.0,0,0
74,15,30,7,19,Y6015031,,,,0,30.0,0,0
74,15,30,7,20,Y6015032,,,,0,30.0,0,0
74,15,30,7,21,Y6015033,,,,0,30.0,0,0
74,15,30,7,22,Y6015034,,,,0,30.0,0,0
74,15,30,7,23,Y6015035,,,,0,30.0,0,0
74,15,30,7,24,Y6015036,,,,0,30.0,0,0
74,15,30,7,25,Y6015037,,,,0,30.0,0,0
74,15,30,7,26,Y6015038,,,,0,30.0,0,0
74,15,30,7,27,Y6015039,,,,0,30.0,0,0
74,15,30,7,28,Y6015040,,,,0,30.0,0,0
74,15,30,7,29,Y6015041,,,,0,30.0,0,0
74,15,30,7,30,Y6015042,,,,0,30.0,0,0
74,15,30,8,10,Y6015043,,,,0,30.0,0,0
74,15,30,8,11,Y6015044,,,,0,30.0,0,0
74,15,30,8,12,Y6015045,,,,0,30.0,0,0
74,15,30,8,13,Y6015046,,,,0,30.0,0,0
74,15,30,8,14,Y6015047,,,,0,30.0,0,0
74,15,30,8,15,Y6015048,,,,0,30.0,0,0
74,15,30,8,16,Y6015049,,,,0,30.0,0,0
74,15,30,8,17,Y6015050,,,,0,30.0,0,0
74,15,30,8,18,Y6015051,,,,0,30.0,0,0
74,15,30,8,19,Y6015052,,,,0,30.0,0,0
74,15,30,8,20,Y6015053,,,,0,30.0,0,0
74,15,30,8,21,Y6015054,,,,0,30.0,0,0
74,15,30,8,22,Y6015055,,,,0,30.0,0,0
74,15,30,8,23,Y6015056,,,,0,30.0,0,0
74,15,30,8,24,Y6015057,,,,0,30.0,0,0
74,15,30,8,25,Y6015058,,,,0,30.0,0,0
74,15,30,8,26,Y6015059,,,,0,30.0,0,0
74,15,30,8,27,Y6015060,,,,0,30.0,0,0
74,15,30,8,28,Y6015061,,,,0,30.0,0,0
74,15,30,8,29,Y6015062,,,,0,30.0,0,0
74,15,30,8,30,Y6015063,,,,0,30.0,0,0
74,15,30,9,10,Y6015064,,,,0,30.0,0,0
74,15,30,9,11,Y6015065,,,,0,30.0,0,0
74,15,30,9,12,Y6015066,,,,0,30.0,0,0
74,15,30,9,13,Y6015067,,,,0,30.0,0,0
74,15,30,9,14,Y6015068,,,,0,30.0,0,0
74,15,30,9,15,Y6015069,,,,0,30.0,0,0
74,15,30,9,16,Y6015070,,,,0,30.0,0,0
74,15,30,9,17,Y6015071,,,,0,30.0,0,0
74,15,30,9,18,Y6015072,,,,0,30.0,0,0
74,15,30,9,19,Y6015073,,,,0,30.0,0,0
74,15,30,9,20,Y6015074,,,,0,30.0,0,0
74,15,30,9,21,Y6015075,,,,0,30.0,0,0
74,15,30,9,22,Y6015076,,,,0,30.0,0,0
74,15,30,9,23,Y6015077,,,,0,30.0,0,0
74,15,30,9,24,Y6015078,,,,0,30.0,0,0
74,15,30,9,25,Y6015079,,,,0,30.0,0,0
74,15,30,9,26,Y6015080,,,,0,30.0,0,0
74,15,30,9,27,Y6015081,,,,0,30.0,0,0
74,15,30,9,28,Y6015082,,,,0,30.0,0,0
74,15,30,9,29,Y6015083,,,,0,30.0,0,0
74,15,30,9,30,Y6015084,,,,0,30.0,0,0
74,15,30,10,10,Y6015085,,,,0,30.0,0,0
74,15,30,10,11,Y6015086,,,,0,30.0,0,0
74,15,30,10,12,Y6015087,,,,0,30.0,0,0
74,15,30,10,13,Y6015088,,,,0,30.0,0,0
74,15,30,10,14,Y6015089,,,,0,30.0,0,0
74,15,30,10,15,Y6015090,,,,0,30.0,0,0
74,15,30,10,16,Y6015091,,,,0,30.0,0,0
74,15,30,10,17,Y6015092,,,,0,30.0,0,0
74,15,30,10,18,Y6015093,,,,0,30.0,0,0
74,15,30,10,19,Y6015094,,,,0,30.0,0,0
74,15,30,10,20,Y6015095,,,,0,30.0,0,0
74,15,30,10,21,Y6015096,,,,0,30.0,0,0
74,15,30,10,22,Y6015097,,,,0,30.0,0,0
74,15,30,10,23,Y6015098,,,,0,30.0,0,0
74,15,30,10,24,Y6015099,,,,0,30.0,0,0
74,15,30,10,25,Y6015100,,,,0,30.0,0,0
74,15,30,10,26,Y6015101,,,,0,30.0,0,0
74,15,30,10,27,Y6015102,,,,0,30.0,0,0
74,15,30,10,28,Y6015103,,,,0,30.0,0,0
74,15,30,10,29,Y6015104,,,,0,30.0,0,0
74,15,30,10,30,Y6015105,,,,0,30.0,0,0
74,15,30,11,10,Y6015106,,,,0,30.0,0,0
74,15,30,11,11,Y6015107,,,,0,30.0,0,0
74,15,30,11,12,Y6015108,,,,0,30.0,0,0
74,15,30,11,13,Y6015109,,,,0,30.0,0,0
74,15,30,11,14,Y6015110,,,,0,30.0,0,0
74,15,30,11,15,Y6015111,,,,0,30.0,0,0
74,15,30,11,16,Y6015112,,,,0,30.0,0,0
74,15,30,11,17,Y6015113,,,,0,30.0,0,0
74,15,30,11,18,Y6015114,,,,0,30.0,0,0
74,15,30,11,19,Y6015115,,,,0,30.0,0,0
74,15,30,11,20,Y6015116,,,,0,30.0,0,0
74,15,30,11,21,Y6015117,,,,0,30.0,0,0
74,15,30,11,22,Y6015118,,,,0,30.0,0,0
74,15,30,11,23,Y6015119,,,,0,30.0,0,0
74,15,30,11,24,Y6015120,,,,0,30.0,0,0
74,15,30,11,25,Y6015121,,,,0,30.0,0,0
74,15,30,11,26,Y6015122,,,,0,30.0,0,0
74,15,30,11,27,Y6015123,,,,0,30.0,0,0
74,15,30,11,28,Y6015124,,,,0,30.0,0,0
74,15,30,11,29,Y6015125,,,,0,30.0,0,0
74,15,30,11,30,Y6015126,,,,0,30.0,0,0
74,15,30,12,10,Y6015127,,,,0,30.0,0,0
74,15,30,12,11,Y6015128,,,,0,30.0,0,0
74,15,30,12,12,Y6015129,,,,0,30.0,0,0
74,15,30,12,13,Y6015130,,,,0,30.0,0,0
74,15,30,12,14,Y6015131,,,,0,30.0,0,0
74,15,30,12,15,Y6015132,,,,0,30.0,0,0
74,15,30,12,16,Y6015133,,,,0,30.0,0,0
74,15,30,12,17,Y6015134,,,,0,30.0,0,0
74,15,30,12,18,Y6015135,,,,0,30.0,0,0
74,15,30,12,19,Y6015136,,,,0,30.0,0,0
74,15,30,12,20,Y6015137,,,,0,30.0,0,0
74,15,30,12,21,Y6015138,,,,0,30.0,0,0
74,15,30,12,22,Y6015139,,,,0,30.0,0,0
74,15,30,12,23,Y6015140,,,,0,30.0,0,0
74,15,30,12,24,Y6015141,,,,0,30.0,0,0
74,15,30,12,25,Y6015142,,,,0,30.0,0,0
74,15,30,12,26,Y6015143,,,,0,30.0,0,0
74,15,30,12,27,Y6015144,,,,0,30.0,0,0
74,15,30,12,28,Y6015145,,,,0,30.0,0,0
74,15,30,12,29,Y6015146,,,,0,30.0,0,0
74,15,30,12,30,Y6015147,,,,0,30.0,0,0
75,5,0,1,10,Y6015148,,,,0,30.0,0,0
75,5,0,1,11,Y6015149,,,,0,30.0,0,0
75,5,0,1,12,Y6015150,,,,0,30.0,0,0
75,5,0,1,13,Y6015151,,,,0,30.0,0,0
75,5,0,1,14,Y6015152,,,,0,30.0,0,0
75,5,0,1,15,Y6015153,,,,0,30.0,0,0
75,5,0,1,16,Y6015154,,,,0,30.0,0,0
75,5,0,1,17,Y6015155,,,,0,30.0,0,0
75,5,0,1,18,Y6015156,,,,3882,30.0,0,0
75,5,0,1,19,Y6015157,,,,4333,30.0,0,0
75,5,0,1,20,Y6015158,,,,4056,30.0,0,0
75,5,0,1,21,Y6015159,,,,0,30.0,0,0
75,5,0,1,22,Y6015160,,,,0,30.0,0,0
75,5,0,1,23,Y6015161,,,,0,30.0,0,0
75,5,0,1,24,Y6015162,,,,0,30.0,0,0
75,5,0,1,25,Y6015163,,,,0,30.0,0,0
75,5,0,1,26,Y6015164,,,,0,30.0,0,0
75,5,0,1,27,Y6015165,,,,0,30.0,0,0
75,5,0,1,28,Y6015166,,,,0,30.0,0,0
75,5,0,1,29,Y6015167,,,,0,30.0,0,0
75,5,0,1,30,Y6015168,,,,0,30.0,0,0
75,5,0,2,10,Y6015169,,,,0,30.0,0,0
75,5,0,2,11,Y6015170,,,,0,30.0,0,0
75,5,0,2,12,Y6015171,,,,0,30.0,0,0
75,5,0,2,13,Y6015172,,,,0,30.0,0,0
75,5,0,2,14,Y6015173,,,,0,30.0,0,0
75,5,0,2,15,Y6015174,,,,0,30.0,0,0
75,5,0,2,16,Y6015175,,,,0,30.0,0,0
75,5,0,2,17,Y6015176,,,,0,30.0,0,0
75,5,0,2,18,Y6015177,,,,3873,30.0,0,0
75,5,0,2,19,Y6015178,,,,4319,30.0,0,0
75,5,0,2,20,Y6015179,,,,4042,30.0,0,0
75,5,0,2,21,Y6015180,,,,0,30.0,0,0
75,5,0,2,22,Y6015181,,,,0,30.0,0,0
75,5,0,2,23,Y6015182,,,,0,30.0,0,0
75,5,0,2,24,Y6015183,,,,0,30.0,0,0
75,5,0,2,25,Y6015184,,,,0,30.0,0,0
75,5,0,2,26,Y6015185,,,,0,30.0,0,0
75,5,0,2,27,Y6015186,,,,0,30.0,0,0
75,5,0,2,28,Y6015187,,,,0,30.0,0,0
75,5,0,2,29,Y6015188,,,,0,30.0,0,0
75,5,0,2,30,Y6015189,,,,0,30.0,0,0
75,5,0,3,10,Y6015190,,,,0,30.0,0,0
75,5,0,3,11,Y6015191,,,,0,30.0,0,0
75,5,0,3,12,Y6015192,,,,0,30.0,0,0
75,5,0,3,13,Y6015193,,,,0,30.0,0,0
75,5,0,3,14,Y6015194,,,,0,30.0,0,0
75,5,0,3,15,Y6015195,,,,0,30.0,0,0
75,5,0,3,16,Y6015196,,,,0,30.0,0,0
75,5,0,3,17,Y6015197,,,,0,30.0,0,0
75,5,0,3,18,Y6015198,,,,3913,30.0,0,0
75,5,0,3,19,Y6015199,,,,4358,30.0,0,0
75,5,0,3,20,Y6015200,,,,4081,30.0,0,0
75,5,0,3,21,Y6015201,,,,0,30.0,0,0
75,5,0,3,22,Y6015202,,,,0,30.0,0,0
75,5,0,3,23,Y6015203,,,,0,30.0,0,0
75,5,0,3,24,Y6015204,,,,0,30.0,0,0
75,5,0,3,25,Y6015205,,,,0,30.0,0,0
75,5,0,3,26,Y6015206,,,,0,30.0,0,0
75,5,0,3,27,Y6015207,,,,0,30.0,0,0
75,5,0,3,28,Y6015208,,,,0,30.0,0,0
75,5,0,3,29,Y6015209,,,,0,30.0,0,0
75,5,0,3,30,Y6015210,,,,0,30.0,0,0
75,5,0,4,10,Y6015211,,,,0,30.0,0,0
75,5,0,4,11,Y6015212,,,,0,30.0,0,0
75,5,0,4,12,Y6015213,,,,0,30.0,0,0
75,5,0,4,13,Y6015214,,,,0,30.0,0,0
75,5,0,4,14,Y6015215,,,,0,30.0,0,0
75,5,0,4,15,Y6015216,,,,0,30.0,0,0
75,5,0,4,16,Y6015217,,,,0,30.0,0,0
75,5,0,4,17,Y6015218,,,,0,30.0,0,0
75,5,0,4,18,Y6015219,,,,3999,30.0,0,0
75,5,0,4,19,Y6015220,,,,4429,30.0,0,0
75,5,0,4,20,Y6015221,,,,4153,30.0,0,0
75,5,0,4,21,Y6015222,,,,0,30.0,0,0
75,5,0,4,22,Y6015223,,,,0,30.0,0,0
75,5,0,4,23,Y6015224,,,,0,30.0,0,0
75,5,0,4,24,Y6015225,,,,0,30.0,0,0
75,5,0,4,25,Y6015226,,,,0,30.0,0,0
75,5,0,4,26,Y6015227,,,,0,30.0,0,0
75,5,0,4,27,Y6015228,,,,0,30.0,0,0
75,5,0,4,28,Y6015229,,,,0,30.0,0,0
75,5,0,4,29,Y6015230,,,,0,30.0,0,0
75,5,0,4,30,Y6015231,,,,0,30.0,0,0
75,5,0,5,10,Y6015232,,,,0,30.0,0,0
75,5,0,5,11,Y6015233,,,,0,30.0,0,0
75,5,0,5,12,Y6015234,,,,0,30.0,0,0
75,5,0,5,13,Y6015235,,,,0,30.0,0,0
75,5,0,5,14,Y6015236,,,,0,30.0,0,0
75,5,0,5,15,Y6015237,,,,0,30.0,0,0
75,5,0,5,16,Y6015238,,,,0,30.0,0,0
75,5,0,5,17,Y6015239,,,,0,30.0,0,0
75,5,0,5,18,Y6015240,,,,3994,30.0,0,0
75,5,0,5,19,Y6015241,,,,4421,30.0,0,0
75,5,0,5,20,Y6015242,,,,4143,30.0,0,0
75,5,0,5,21,Y6015243,,,,0,30.0,0,0
75,5,0,5,22,Y6015244,,,,0,30.0,0,0
75,5,0,5,23,Y6015245,,,,0,30.0,0,0
75,5,0,5,24,Y6015246,,,,0,30.0,0,0
75,5,0,5,25,Y6015247,,,,0,30.0,0,0
75,5,0,5,26,Y6015248,,,,0,30.0,0,0
75,5,0,5,27,Y6015249,,,,0,30.0,0,0
75,5,0,5,28,Y6015250,,,,0,30.0,0,0
75,5,0,5,29,Y6015251,,,,0,30.0,0,0
75,5,0,5,30,Y6015252,,,,0,30.0,0,0
75,5,0,6,10,Y6015253,,,,0,30.0,0,0
75,5,0,6,11,Y6015254,,,,0,30.0,0,0
75,5,0,6,12,Y6015255,,,,0,30.0,0,0
75,5,0,6,13,Y6015256,,,,0,30.0,0,0
75,5,0,6,14,Y6015257,,,,0,30.0,0,0
75,5,0,6,15,Y6015258,,,,0,30.0,0,0
75,5,0,6,16,Y6015259,,,,0,30.0,0,0
75,5,0,6,17,Y6015260,,,,0,30.0,0,0
75,5,0,6,18,Y6015261,,,,3990,30.0,0,0
75,5,0,6,19,Y6015262,,,,4416,30.0,0,0
75,5,0,6,20,Y6015263,,,,4136,30.0,0,0
75,5,0,6,21,Y6015264,,,,0,30.0,0,0
75,5,0,6,22,Y6015265,,,,0,30.0,0,0
75,5,0,6,23,Y6015266,,,,0,30.0,0,0
75,5,0,6,24,Y6015267,,,,0,30.0,0,0
75,5,0,6,25,Y6015268,,,,0,30.0,0,0
75,5,0,6,26,Y6015269,,,,0,30.0,0,0
75,5,0,6,27,Y6015270,,,,0,30.0,0,0
75,5,0,6,28,Y6015271,,,,0,30.0,0,0
75,5,0,6,29,Y6015272,,,,0,30.0,0,0
75,5,0,6,30,Y6015273,,,,0,30.0,0,0
75,5,0,7,10,Y6015274,,,,0,30.0,0,0
75,5,0,7,11,Y6015275,,,,0,30.0,0,0
75,5,0,7,12,Y6015276,,,,0,30.0,0,0
75,5,0,7,13,Y6015277,,,,0,30.0,0,0
75,5,0,7,14,Y6015278,,,,0,30.0,0,0
75,5,0,7,15,Y6015279,,,,0,30.0,0,0
75,5,0,7,16,Y6015280,,,,0,30.0,0,0
75,5,0,7,17,Y6015281,,,,0,30.0,0,0
75,5,0,7,18,Y6015282,,,,4020,30.0,0,0
75,5,0,7,19,Y6015283,,,,4457,30.0,0,0
75,5,0,7,20,Y6015284,,,,4176,30.0,0,0
75,5,0,7,21,Y6015285,,,,0,30.0,0,0
75,5,0,7,22,Y6015286,,,,0,30.0,0,0
75,5,0,7,23,Y6015287,,,,0,30.0,0,0
75,5,0,7,24,Y6015288,,,,0,30.0,0,0
75,5,0,7,25,Y6015289,,,,0,30.0,0,0
75,5,0,7,26,Y6015290,,,,0,30.0,0,0
75,5,0,7,27,Y6015291,,,,0,30.0,0,0
75,5,0,7,28,Y6015292,,,,0,30.0,0,0
75,5,0,7,29,Y6015293,,,,0,30.0,0,0
75,5,0,7,30,Y6015294,,,,0,30.0,0,0
75,5,0,8,10,Y6015295,,,,0,30.0,0,0
75,5,0,8,11,Y6015296,,,,0,30.0,0,0
75,5,0,8,12,Y6015297,,,,0,30.0,0,0
75,5,0,8,13,Y6015298,,,,0,30.0,0,0
75,5,0,8,14,Y6015299,,,,0,30.0,0,0
75,5,0,8,15,Y6015300,,,,0,30.0,0,0
75,5,0,8,16,Y6015301,,,,0,30.0,0,0
75,5,0,8,17,Y6015302,,,,0,30.0,0,0
75,5,0,8,18,Y6015303,,,,4011,30.0,0,0
75,5,0,8,19,Y6015304,,,,4407,30.0,0,0
75,5,0,8,20,Y6015305,,,,4130,30.0,0,0
75,5,0,8,21,Y6015306,,,,0,30.0,0,0
75,5,0,8,22,Y6015307,,,,0,30.0,0,0
75,5,0,8,23,Y6015308,,,,0,30.0,0,0
75,5,0,8,24,Y6015309,,,,0,30.0,0,0
75,5,0,8,25,Y6015310,,,,0,30.0,0,0
75,5,0,8,26,Y6015311,,,,0,30.0,0,0
75,5,0,8,27,Y6015312,,,,0,30.0,0,0
75,5,0,8,28,Y6015313,,,,0,30.0,0,0
75,5,0,8,29,Y6015314,,,,0,30.0,0,0
75,5,0,8,30,Y6015315,,,,0,30.0,0,0
75,5,0,9,10,Y6015316,,,,0,30.0,0,0
75,5,0,9,11,Y6015317,,,,0,30.0,0,0
75,5,0,9,12,Y6015318,,,,0,30.0,0,0
75,5,0,9,13,Y6015319,,,,0,30.0,0,0
75,5,0,9,14,Y6015320,,,,0,30.0,0,0
75,5,0,9,15,Y6015321,,,,0,30.0,0,0
75,5,0,9,16,Y6015322,,,,0,30.0,0,0
75,5,0,9,17,Y6015323,,,,0,30.0,0,0
75,5,0,9,18,Y6015324,,,,4005,30.0,0,0
75,5,0,9,19,Y6015325,,,,4391,30.0,0,0
75,5,0,9,20,Y6015326,,,,4113,30.0,0,0
75,5,0,9,21,Y6015327,,,,0,30.0,0,0
75,5,0,9,22,Y6015328,,,,0,30.0,0,0
75,5,0,9,23,Y6015329,,,,0,30.0,0,0
75,5,0,9,24,Y6015330,,,,0,30.0,0,0
75,5,0,9,25,Y6015331,,,,0,30.0,0,0
75,5,0,9,26,Y6015332,,,,0,30.0,0,0
75,5,0,9,27,Y6015333,,,,0,30.0,0,0
75,5,0,9,28,Y6015334,,,,0,30.0,0,0
75,5,0,9,29,Y6015335,,,,0,30.0,0,0
75,5,0,9,30,Y6015336,,,,0,30.0,0,0
75,5,0,10,10,Y6015337,,,,0,30.0,0,0
75,5,0,10,11,Y6015338,,,,0,30.0,0,0
75,5,0,10,12,Y6015339,,,,0,30.0,0,0
75,5,0,10,13,Y6015340,,,,0,30.0,0,0
75,5,0,10,14,Y6015341,,,,0,30.0,0,0
75,5,0,10,15,Y6015342,,,,0,30.0,0,0
75,5,0,10,16,Y6015343,,,,0,30.0,0,0
75,5,0,10,17,Y6015344,,,,0,30.0,0,0
75,5,0,10,18,Y6015345,,,,4051,30.0,0,0
75,5,0,10,19,Y6015346,,,,4483,30.0,0,0
75,5,0,10,20,Y6015347,,,,4149,30.0,0,0
75,5,0,10,21,Y6015348,,,,0,30.0,0,0
75,5,0,10,22,Y6015349,,,,0,30.0,0,0
75,5,0,10,23,Y6015350,,,,0,30.0,0,0
75,5,0,10,24,Y6015351,,,,0,30.0,0,0
75,5,0,10,25,Y6015352,,,,0,30.0,0,0
75,5,0,10,26,Y6015353,,,,0,30.0,0,0
75,5,0,10,27,Y6015354,,,,0,30.0,0,0
75,5,0,10,28,Y6015355,,,,0,30.0,0,0
75,5,0,10,29,Y6015356,,,,0,30.0,0,0
75,5,0,10,30,Y6015357,,,,0,30.0,0,0
75,5,0,11,10,Y6015358,,,,0,30.0,0,0
75,5,0,11,11,Y6015359,,,,0,30.0,0,0
75,5,0,11,12,Y6015360,,,,0,30.0,0,0
75,5,0,11,13,Y6015361,,,,0,30.0,0,0
75,5,0,11,14,Y6015362,,,,0,30.0,0,0
75,5,0,11,15,Y6015363,,,,0,30.0,0,0
75,5,0,11,16,Y6015364,,,,0,30.0,0,0
75,5,0,11,17,Y6015365,,,,0,30.0,0,0
75,5,0,11,18,Y6015366,,,,4129,30.0,0,0
75,5,0,11,19,Y6015367,,,,4579,30.0,0,0
75,5,0,11,20,Y6015368,,,,4239,30.0,0,0
75,5,0,11,21,Y6015369,,,,0,30.0,0,0
75,5,0,11,22,Y6015370,,,,0,30.0,0,0
75,5,0,11,23,Y6015371,,,,0,30.0,0,0
75,5,0,11,24,Y6015372,,,,0,30.0,0,0
75,5,0,11,25,Y6015373,,,,0,30.0,0,0
75,5,0,11,26,Y6015374,,,,0,30.0,0,0
75,5,0,11,27,Y6015375,,,,0,30.0,0,0
75,5,0,11,28,Y6015376,,,,0,30.0,0,0
75,5,0,11,29,Y6015377,,,,0,30.0,0,0
75,5,0,11,30,Y6015378,,,,0,30.0,0,0
75,5,0,12,10,Y6015379,,,,0,30.0,0,0
75,5,0,12,11,Y6015380,,,,0,30.0,0,0
75,5,0,12,12,Y6015381,,,,0,30.0,0,0
75,5,0,12,13,Y6015382,,,,0,30.0,0,0
75,5,0,12,14,Y6015383,,,,0,30.0,0,0
75,5,0,12,15,Y6015384,,,,0,30.0,0,0
75,5,0,12,16,Y6015385,,,,0,30.0,0,0
75,5,0,12,17,Y6015386,,,,0,30.0,0,0
75,5,0,12,18,Y6015387,,,,4523,30.0,0,0
75,5,0,12,19,Y6015388,,,,4945,30.0,0,0
75,5,0,12,20,Y6015389,,,,4620,30.0,0,0
75,5,0,12,21,Y6015390,,,,0,30.0,0,0
75,5,0,12,22,Y6015391,,,,0,30.0,0,0
75,5,0,12,23,Y6015392,,,,0,30.0,0,0
75,5,0,12,24,Y6015393,,,,0,30.0,0,0
75,5,0,12,25,Y6015394,,,,0,30.0,0,0
75,5,0,12,26,Y6015395,,,,0,30.0,0,0
75,5,0,12,27,Y6015396,,,,0,30.0,0,0
75,5,0,12,28,Y6015397,,,,0,30.0,0,0
75,5,0,12,29,Y6015398,,,,0,30.0,0,0
75,5,0,12,30,Y6015399,,,,0,30.0,0,0
75,5,1,1,10,Y6015400,,,,0,30.0,0,0
75,5,1,1,11,Y6015401,,,,0,30.0,0,0
75,5,1,1,12,Y6015402,,,,0,30.0,0,0
75,5,1,1,13,Y6015403,,,,0,30.0,0,0
75,5,1,1,14,Y6015404,,,,0,30.0,0,0
75,5,1,1,15,Y6015405,,,,0,30.0,0,0
75,5,1,1,16,Y6015406,,,,0,30.0,0,0
75,5,1,1,17,Y6015407,,,,0,30.0,0,0
75,5,1,1,18,Y6015408,,,,3889,30.0,0,0
75,5,1,1,19,Y6015409,,,,4339,30.0,0,0
75,5,1,1,20,Y6015410,,,,4062,30.0,0,0
75,5,1,1,21,Y6015411,,,,0,30.0,0,0
75,5,1,1,22,Y6015412,,,,0,30.0,0,0
75,5,1,1,23,Y6015413,,,,0,30.0,0,0
75,5,1,1,24,Y6015414,,,,0,30.0,0,0
75,5,1,1,25,Y6015415,,,,0,30.0,0,0
75,5,1,1,26,Y6015416,,,,0,30.0,0,0
75,5,1,1,27,Y6015417,,,,0,30.0,0,0
75,5,1,1,28,Y6015418,,,,0,30.0,0,0
75,5,1,1,29,Y6015419,,,,0,30.0,0,0
75,5,1,1,30,Y6015420,,,,0,30.0,0,0
75,5,1,2,10,Y6015421,,,,0,30.0,0,0
75,5,1,2,11,Y6015422,,,,0,30.0,0,0
75,5,1,2,12,Y6015423,,,,0,30.0,0,0
75,5,1,2,13,Y6015424,,,,0,30.0,0,0
75,5,1,2,14,Y6015425,,,,0,30.0,0,0
75,5,1,2,15,Y6015426,,,,0,30.0,0,0
75,5,1,2,16,Y6015427,,,,0,30.0,0,0
75,5,1,2,17,Y6015428,,,,0,30.0,0,0
75,5,1,2,18,Y6015429,,,,3880,30.0,0,0
75,5,1,2,19,Y6015430,,,,4326,30.0,0,0
75,5,1,2,20,Y6015431,,,,4049,30.0,0,0
75,5,1,2,21,Y6015432,,,,0,30.0,0,0
75,5,1,2,22,Y6015433,,,,0,30.0,0,0
75,5,1,2,23,Y6015434,,,,0,30.0,0,0
75,5,1,2,24,Y6015435,,,,0,30.0,0,0
75,5,1,2,25,Y6015436,,,,0,30.0,0,0
75,5,1,2,26,Y6015437,,,,0,30.0,0,0
75,5,1,2,27,Y6015438,,,,0,30.0,0,0
75,5,1,2,28,Y6015439,,,,0,30.0,0,0
75,5,1,2,29,Y6015440,,,,0,30.0,0,0
75,5,1,2,30,Y6015441,,,,0,30.0,0,0
75,5,1,3,10,Y6015442,,,,0,30.0,0,0
75,5,1,3,11,Y6015443,,,,0,30.0,0,0
75,5,1,3,12,Y6015444,,,,0,30.0,0,0
75,5,1,3,13,Y6015445,,,,0,30.0,0,0
75,5,1,3,14,Y6015446,,,,0,30.0,0,0
75,5,1,3,15,Y6015447,,,,0,30.0,0,0
75,5,1,3,16,Y6015448,,,,0,30.0,0,0
75,5,1,3,17,Y6015449,,,,0,30.0,0,0
75,5,1,3,18,Y6015450,,,,3920,30.0,0,0
75,5,1,3,19,Y6015451,,,,4364,30.0,0,0
75,5,1,3,20,Y6015452,,,,4087,30.0,0,0
75,5,1,3,21,Y6015453,,,,0,30.0,0,0
75,5,1,3,22,Y6015454,,,,0,30.0,0,0
75,5,1,3,23,Y6015455,,,,0,30.0,0,0
75,5,1,3,24,Y6015456,,,,0,30.0,0,0
75,5,1,3,25,Y6015457,,,,0,30.0,0,0
75,5,1,3,26,Y6015458,,,,0,30.0,0,0
75,5,1,3,27,Y6015459,,,,0,30.0,0,0
75,5,1,3,28,Y6015460,,,,0,30.0,0,0
75,5,1,3,29,Y6015461,,,,0,30.0,0,0
75,5,1,3,30,Y6015462,,,,0,30.0,0,0
75,5,1,4,10,Y6015463,,,,0,30.0,0,0
75,5,1,4,11,Y6015464,,,,0,30.0,0,0
75,5,1,4,12,Y6015465,,,,0,30.0,0,0
75,5,1,4,13,Y6015466,,,,0,30.0,0,0
75,5,1,4,14,Y6015467,,,,0,30.0,0,0
75,5,1,4,15,Y6015468,,,,0,30.0,0,0
75,5,1,4,16,Y6015469,,,,0,30.0,0,0
75,5,1,4,17,Y6015470,,,,0,30.0,0,0
75,5,1,4,18,Y6015471,,,,4006,30.0,0,0
75,5,1,4,19,Y6015472,,,,4435,30.0,0,0
75,5,1,4,20,Y6015473,,,,4159,30.0,0,0
75,5,1,4,21,Y6015474,,,,0,30.0,0,0
75,5,1,4,22,Y6015475,,,,0,30.0,0,0
75,5,1,4,23,Y6015476,,,,0,30.0,0,0
75,5,1,4,24,Y6015477,,,,0,30.0,0,0
75,5,1,4,25,Y6015478,,,,0,30.0,0,0
75,5,1,4,26,Y6015479,,,,0,30.0,0,0
75,5,1,4,27,Y6015480,,,,0,30.0,0,0
75,5,1,4,28,Y6015481,,,,0,30.0,0,0
75,5,1,4,29,Y6015482,,,,0,30.0,0,0
75,5,1,4,30,Y6015483,,,,0,30.0,0,0
75,5,1,5,10,Y6015484,,,,0,30.0,0,0
75,5,1,5,11,Y6015485,,,,0,30.0,0,0
75,5,1,5,12,Y6015486,,,,0,30.0,0,0
75,5,1,5,13,Y6015487,,,,0,30.0,0,0
75,5,1,5,14,Y6015488,,,,0,30.0,0,0
75,5,1,5,15,Y6015489,,,,0,30.0,0,0
75,5,1,5,16,Y6015490,,,,0,30.0,0,0
75,5,1,5,17,Y6015491,,,,0,30.0,0,0
75,5,1,5,18,Y6015492,,,,4001,30.0,0,0
75,5,1,5,19,Y6015493,,,,4427,30.0,0,0
75,5,1,5,20,Y6015494,,,,4150,30.0,0,0
75,5,1,5,21,Y6015495,,,,0,30.0,0,0
75,5,1,5,22,Y6015496,,,,0,30.0,0,0
75,5,1,5,23,Y6015497,,,,0,30.0,0,0
75,5,1,5,24,Y6015498,,,,0,30.0,0,0
75,5,1,5,25,Y6015499,,,,0,30.0,0,0
75,5,1,5,26,Y6015500,,,,0,30.0,0,0
75,5,1,5,27,Y6015501,,,,0,30.0,0,0
75,5,1,5,28,Y6015502,,,,0,30.0,0,0
75,5,1,5,29,Y6015503,,,,0,30.0,0,0
75,5,1,5,30,Y6015504,,,,0,30.0,0,0
75,5,1,6,10,Y6015505,,,,0,30.0,0,0
75,5,1,6,11,Y6015506,,,,0,30.0,0,0
75,5,1,6,12,Y6015507,,,,0,30.0,0,0
75,5,1,6,13,Y6015508,,,,0,30.0,0,0
75,5,1,6,14,Y6015509,,,,0,30.0,0,0
75,5,1,6,15,Y6015510,,,,0,30.0,0,0
75,5,1,6,16,Y6015511,,,,0,30.0,0,0
75,5,1,6,17,Y6015512,,,,0,30.0,0,0
75,5,1,6,18,Y6015513,,,,3996,30.0,0,0
75,5,1,6,19,Y6015514,,,,4423,30.0,0,0
75,5,1,6,20,Y6015515,,,,4142,30.0,0,0
75,5,1,6,21,Y6015516,,,,0,30.0,0,0
75,5,1,6,22,Y6015517,,,,0,30.0,0,0
75,5,1,6,23,Y6015518,,,,0,30.0,0,0
75,5,1,6,24,Y6015519,,,,0,30.0,0,0
75,5,1,6,25,Y6015520,,,,0,30.0,0,0
75,5,1,6,26,Y6015521,,,,0,30.0,0,0
75,5,1,6,27,Y6015522,,,,0,30.0,0,0
75,5,1,6,28,Y6015523,,,,0,30.0,0,0
75,5,1,6,29,Y6015524,,,,0,30.0,0,0
75,5,1,6,30,Y6015525,,,,0,30.0,0,0
75,5,1,7,10,Y6015526,,,,0,30.0,0,0
75,5,1,7,11,Y6015527,,,,0,30.0,0,0
75,5,1,7,12,Y6015528,,,,0,30.0,0,0
75,5,1,7,13,Y6015529,,,,0,30.0,0,0
75,5,1,7,14,Y6015530,,,,0,30.0,0,0
75,5,1,7,15,Y6015531,,,,0,30.0,0,0
75,5,1,7,16,Y6015532,,,,0,30.0,0,0
75,5,1,7,17,Y6015533,,,,0,30.0,0,0
75,5,1,7,18,Y6015534,,,,4026,30.0,0,0
75,5,1,7,19,Y6015535,,,,4464,30.0,0,0
75,5,1,7,20,Y6015536,,,,4183,30.0,0,0
75,5,1,7,21,Y6015537,,,,0,30.0,0,0
75,5,1,7,22,Y6015538,,,,0,30.0,0,0
75,5,1,7,23,Y6015539,,,,0,30.0,0,0
75,5,1,7,24,Y6015540,,,,0,30.0,0,0
75,5,1,7,25,Y6015541,,,,0,30.0,0,0
75,5,1,7,26,Y6015542,,,,0,30.0,0,0
75,5,1,7,27,Y6015543,,,,0,30.0,0,0
75,5,1,7,28,Y6015544,,,,0,30.0,0,0
75,5,1,7,29,Y6015545,,,,0,30.0,0,0
75,5,1,7,30,Y6015546,,,,0,30.0,0,0
75,5,1,8,10,Y6015547,,,,0,30.0,0,0
75,5,1,8,11,Y6015548,,,,0,30.0,0,0
75,5,1,8,12,Y6015549,,,,0,30.0,0,0
75,5,1,8,13,Y6015550,,,,0,30.0,0,0
75,5,1,8,14,Y6015551,,,,0,30.0,0,0
75,5,1,8,15,Y6015552,,,,0,30.0,0,0
75,5,1,8,16,Y6015553,,,,0,30.0,0,0
75,5,1,8,17,Y6015554,,,,0,30.0,0,0
75,5,1,8,18,Y6015555,,,,4018,30.0,0,0
75,5,1,8,19,Y6015556,,,,4414,30.0,0,0
75,5,1,8,20,Y6015557,,,,4136,30.0,0,0
75,5,1,8,21,Y6015558,,,,0,30.0,0,0
75,5,1,8,22,Y6015559,,,,0,30.0,0,0
75,5,1,8,23,Y6015560,,,,0,30.0,0,0
75,5,1,8,24,Y6015561,,,,0,30.0,0,0
75,5,1,8,25,Y6015562,,,,0,30.0,0,0
75,5,1,8,26,Y6015563,,,,0,30.0,0,0
75,5,1,8,27,Y6015564,,,,0,30.0,0,0
75,5,1,8,28,Y6015565,,,,0,30.0,0,0
75,5,1,8,29,Y6015566,,,,0,30.0,0,0
75,5,1,8,30,Y6015567,,,,0,30.0,0,0
75,5,1,9,10,Y6015568,,,,0,30.0,0,0
75,5,1,9,11,Y6015569,,,,0,30.0,0,0
75,5,1,9,12,Y6015570,,,,0,30.0,0,0
75,5,1,9,13,Y6015571,,,,0,30.0,0,0
75,5,1,9,14,Y6015572,,,,0,30.0,0,0
75,5,1,9,15,Y6015573,,,,0,30.0,0,0
75,5,1,9,16,Y6015574,,,,0,30.0,0,0
75,5,1,9,17,Y6015575,,,,0,30.0,0,0
75,5,1,9,18,Y6015576,,,,4012,30.0,0,0
75,5,1,9,19,Y6015577,,,,4397,30.0,0,0
75,5,1,9,20,Y6015578,,,,4120,30.0,0,0
75,5,1,9,21,Y6015579,,,,0,30.0,0,0
75,5,1,9,22,Y6015580,,,,0,30.0,0,0
75,5,1,9,23,Y6015581,,,,0,30.0,0,0
75,5,1,9,24,Y6015582,,,,0,30.0,0,0
75,5,1,9,25,Y6015583,,,,0,30.0,0,0
75,5,1,9,26,Y6015584,,,,0,30.0,0,0
75,5,1,9,27,Y6015585,,,,0,30.0,0,0
75,5,1,9,28,Y6015586,,,,0,30.0,0,0
75,5,1,9,29,Y6015587,,,,0,30.0,0,0
75,5,1,9,30,Y6015588,,,,0,30.0,0,0
75,5,1,10,10,Y6015589,,,,0,30.0,0,0
75,5,1,10,11,Y6015590,,,,0,30.0,0,0
75,5,1,10,12,Y6015591,,,,0,30.0,0,0
75,5,1,10,13,Y6015592,,,,0,30.0,0,0
75,5,1,10,14,Y6015593,,,,0,30.0,0,0
75,5,1,10,15,Y6015594,,,,0,30.0,0,0
75,5,1,10,16,Y6015595,,,,0,30.0,0,0
75,5,1,10,17,Y6015596,,,,0,30.0,0,0
75,5,1,10,18,Y6015597,,,,4058,30.0,0,0
75,5,1,10,19,Y6015598,,,,4489,30.0,0,0
75,5,1,10,20,Y6015599,,,,4156,30.0,0,0
75,5,1,10,21,Y6015600,,,,0,30.0,0,0
75,5,1,10,22,Y6015601,,,,0,30.0,0,0
75,5,1,10,23,Y6015602,,,,0,30.0,0,0
75,5,1,10,24,Y6015603,,,,0,30.0,0,0
75,5,1,10,25,Y6015604,,,,0,30.0,0,0
75,5,1,10,26,Y6015605,,,,0,30.0,0,0
75,5,1,10,27,Y6015606,,,,0,30.0,0,0
75,5,1,10,28,Y6015607,,,,0,30.0,0,0
75,5,1,10,29,Y6015608,,,,0,30.0,0,0
75,5,1,10,30,Y6015609,,,,0,30.0,0,0
75,5,1,11,10,Y6015610,,,,0,30.0,0,0
75,5,1,11,11,Y6015611,,,,0,30.0,0,0
75,5,1,11,12,Y6015612,,,,0,30.0,0,0
75,5,1,11,13,Y6015613,,,,0,30.0,0,0
75,5,1,11,14,Y6015614,,,,0,30.0,0,0
75,5,1,11,15,Y6015615,,,,0,30.0,0,0
75,5,1,11,16,Y6015616,,,,0,30.0,0,0
75,5,1,11,17,Y6015617,,,,0,30.0,0,0
75,5,1,11,18,Y6015618,,,,4136,30.0,0,0
75,5,1,11,19,Y6015619,,,,4585,30.0,0,0
75,5,1,11,20,Y6015620,,,,4246,30.0,0,0
75,5,1,11,21,Y6015621,,,,0,30.0,0,0
75,5,1,11,22,Y6015622,,,,0,30.0,0,0
75,5,1,11,23,Y6015623,,,,0,30.0,0,0
75,5,1,11,24,Y6015624,,,,0,30.0,0,0
75,5,1,11,25,Y6015625,,,,0,30.0,0,0
75,5,1,11,26,Y6015626,,,,0,30.0,0,0
75,5,1,11,27,Y6015627,,,,0,30.0,0,0
75,5,1,11,28,Y6015628,,,,0,30.0,0,0
75,5,1,11,29,Y6015629,,,,0,30.0,0,0
75,5,1,11,30,Y6015630,,,,0,30.0,0,0
75,5,1,12,10,Y6015631,,,,0,30.0,0,0
75,5,1,12,11,Y6015632,,,,0,30.0,0,0
75,5,1,12,12,Y6015633,,,,0,30.0,0,0
75,5,1,12,13,Y6015634,,,,0,30.0,0,0
75,5,1,12,14,Y6015635,,,,0,30.0,0,0
75,5,1,12,15,Y6015636,,,,0,30.0,0,0
75,5,1,12,16,Y6015637,,,,0,30.0,0,0
75,5,1,12,17,Y6015638,,,,0,30.0,0,0
75,5,1,12,18,Y6015639,,,,4530,30.0,0,0
75,5,1,12,19,Y6015640,,,,4952,30.0,0,0
75,5,1,12,20,Y6015641,,,,4627,30.0,0,0
75,5,1,12,21,Y6015642,,,,0,30.0,0,0
75,5,1,12,22,Y6015643,,,,0,30.0,0,0
75,5,1,12,23,Y6015644,,,,0,30.0,0,0
75,5,1,12,24,Y6015645,,,,0,30.0,0,0
75,5,1,12,25,Y6015646,,,,0,30.0,0,0
75,5,1,12,26,Y6015647,,,,0,30.0,0,0
75,5,1,12,27,Y6015648,,,,0,30.0,0,0
75,5,1,12,28,Y6015649,,,,0,30.0,0,0
75,5,1,12,29,Y6015650,,,,0,30.0,0,0
75,5,1,12,30,Y6015651,,,,0,30.0,0,0
75,5,2,1,10,Y6015652,,,,0,30.0,0,0
75,5,2,1,11,Y6015653,,,,0,30.0,0,0
75,5,2,1,12,Y6015654,,,,0,30.0,0,0
75,5,2,1,13,Y6015655,,,,0,30.0,0,0
75,5,2,1,14,Y6015656,,,,0,30.0,0,0
75,5,2,1,15,Y6015657,,,,0,30.0,0,0
75,5,2,1,16,Y6015658,,,,0,30.0,0,0
75,5,2,1,17,Y6015659,,,,0,30.0,0,0
75,5,2,1,18,Y6015660,,,,3625,30.0,0,0
75,5,2,1,19,Y6015661,,,,4127,30.0,0,0
75,5,2,1,20,Y6015662,,,,3754,30.0,0,0
75,5,2,1,21,Y6015663,,,,0,30.0,0,0
75,5,2,1,22,Y6015664,,,,0,30.0,0,0
75,5,2,1,23,Y6015665,,,,0,30.0,0,0
75,5,2,1,24,Y6015666,,,,0,30.0,0,0
75,5,2,1,25,Y6015667,,,,0,30.0,0,0
75,5,2,1,26,Y6015668,,,,0,30.0,0,0
75,5,2,1,27,Y6015669,,,,0,30.0,0,0
75,5,2,1,28,Y6015670,,,,0,30.0,0,0
75,5,2,1,29,Y6015671,,,,0,30.0,0,0
75,5,2,1,30,Y6015672,,,,0,30.0,0,0
75,5,2,2,10,Y6015673,,,,0,30.0,0,0
75,5,2,2,11,Y6015674,,,,0,30.0,0,0
75,5,2,2,12,Y6015675,,,,0,30.0,0,0
75,5,2,2,13,Y6015676,,,,0,30.0,0,0
75,5,2,2,14,Y6015677,,,,0,30.0,0,0
75,5,2,2,15,Y6015678,,,,0,30.0,0,0
75,5,2,2,16,Y6015679,,,,0,30.0,0,0
75,5,2,2,17,Y6015680,,,,0,30.0,0,0
75,5,2,2,18,Y6015681,,,,3616,30.0,0,0
75,5,2,2,19,Y6015682,,,,4114,30.0,0,0
75,5,2,2,20,Y6015683,,,,3741,30.0,0,0
75,5,2,2,21,Y6015684,,,,0,30.0,0,0
75,5,2,2,22,Y6015685,,,,0,30.0,0,0
75,5,2,2,23,Y6015686,,,,0,30.0,0,0
75,5,2,2,24,Y6015687,,,,0,30.0,0,0
75,5,2,2,25,Y6015688,,,,0,30.0,0,0
75,5,2,2,26,Y6015689,,,,0,30.0,0,0
75,5,2,2,27,Y6015690,,,,0,30.0,0,0
75,5,2,2,28,Y6015691,,,,0,30.0,0,0
75,5,2,2,29,Y6015692,,,,0,30.0,0,0
75,5,2,2,30,Y6015693,,,,0,30.0,0,0
75,5,2,3,10,Y6015694,,,,0,30.0,0,0
75,5,2,3,11,Y6015695,,,,0,30.0,0,0
75,5,2,3,12,Y6015696,,,,0,30.0,0,0
75,5,2,3,13,Y6015697,,,,0,30.0,0,0
75,5,2,3,14,Y6015698,,,,0,30.0,0,0
75,5,2,3,15,Y6015699,,,,0,30.0,0,0
75,5,2,3,16,Y6015700,,,,0,30.0,0,0
75,5,2,3,17,Y6015701,,,,0,30.0,0,0
75,5,2,3,18,Y6015702,,,,3654,30.0,0,0
75,5,2,3,19,Y6015703,,,,4151,30.0,0,0
75,5,2,3,20,Y6015704,,,,3777,30.0,0,0
75,5,2,3,21,Y6015705,,,,0,30.0,0,0
75,5,2,3,22,Y6015706,,,,0,30.0,0,0
75,5,2,3,23,Y6015707,,,,0,30.0,0,0
75,5,2,3,24,Y6015708,,,,0,30.0,0,0
75,5,2,3,25,Y6015709,,,,0,30.0,0,0
75,5,2,3,26,Y6015710,,,,0,30.0,0,0
75,5,2,3,27,Y6015711,,,,0,30.0,0,0
75,5,2,3,28,Y6015712,,,,0,30.0,0,0
75,5,2,3,29,Y6015713,,,,0,30.0,0,0
75,5,2,3,30,Y6015714,,,,0,30.0,0,0
75,5,2,4,10,Y6015715,,,,0,30.0,0,0
75,5,2,4,11,Y6015716,,,,0,30.0,0,0
75,5,2,4,12,Y6015717,,,,0,30.0,0,0
75,5,2,4,13,Y6015718,,,,0,30.0,0,0
75,5,2,4,14,Y6015719,,,,0,30.0,0,0
75,5,2,4,15,Y6015720,,,,0,30.0,0,0
75,5,2,4,16,Y6015721,,,,0,30.0,0,0
75,5,2,4,17,Y6015722,,,,0,30.0,0,0
75,5,2,4,18,Y6015723,,,,3740,30.0,0,0
75,5,2,4,19,Y6015724,,,,4222,30.0,0,0
75,5,2,4,20,Y6015725,,,,3850,30.0,0,0
75,5,2,4,21,Y6015726,,,,0,30.0,0,0
75,5,2,4,22,Y6015727,,,,0,30.0,0,0
75,5,2,4,23,Y6015728,,,,0,30.0,0,0
75,5,2,4,24,Y6015729,,,,0,30.0,0,0
75,5,2,4,25,Y6015730,,,,0,30.0,0,0
75,5,2,4,26,Y6015731,,,,0,30.0,0,0
75,5,2,4,27,Y6015732,,,,0,30.0,0,0
75,5,2,4,28,Y6015733,,,,0,30.0,0,0
75,5,2,4,29,Y6015734,,,,0,30.0,0,0
75,5,2,4,30,Y6015735,,,,0,30.0,0,0
75,5,2,5,10,Y6015736,,,,0,30.0,0,0
75,5,2,5,11,Y6015737,,,,0,30.0,0,0
75,5,2,5,12,Y6015738,,,,0,30.0,0,0
75,5,2,5,13,Y6015739,,,,0,30.0,0,0
75,5,2,5,14,Y6015740,,,,0,30.0,0,0
75,5,2,5,15,Y6015741,,,,0,30.0,0,0
75,5,2,5,16,Y6015742,,,,0,30.0,0,0
75,5,2,5,17,Y6015743,,,,0,30.0,0,0
75,5,2,5,18,Y6015744,,,,3753,30.0,0,0
75,5,2,5,19,Y6015745,,,,4231,30.0,0,0
75,5,2,5,20,Y6015746,,,,3858,30.0,0,0
75,5,2,5,21,Y6015747,,,,0,30.0,0,0
75,5,2,5,22,Y6015748,,,,0,30.0,0,0
75,5,2,5,23,Y6015749,,,,0,30.0,0,0
75,5,2,5,24,Y6015750,,,,0,30.0,0,0
75,5,2,5,25,Y6015751,,,,0,30.0,0,0
75,5,2,5,26,Y6015752,,,,0,30.0,0,0
75,5,2,5,27,Y6015753,,,,0,30.0,0,0
75,5,2,5,28,Y6015754,,,,0,30.0,0,0
75,5,2,5,29,Y6015755,,,,0,30.0,0,0
75,5,2,5,30,Y6015756,,,,0,30.0,0,0
75,5,2,6,10,Y6015757,,,,0,30.0,0,0
75,5,2,6,11,Y6015758,,,,0,30.0,0,0
75,5,2,6,12,Y6015759,,,,0,30.0,0,0
75,5,2,6,13,Y6015760,,,,0,30.0,0,0
75,5,2,6,14,Y6015761,,,,0,30.0,0,0
75,5,2,6,15,Y6015762,,,,0,30.0,0,0
75,5,2,6,16,Y6015763,,,,0,30.0,0,0
75,5,2,6,17,Y6015764,,,,0,30.0,0,0
75,5,2,6,18,Y6015765,,,,3748,30.0,0,0
75,5,2,6,19,Y6015766,,,,4227,30.0,0,0
75,5,2,6,20,Y6015767,,,,3850,30.0,0,0
75,5,2,6,21,Y6015768,,,,0,30.0,0,0
75,5,2,6,22,Y6015769,,,,0,30.0,0,0
75,5,2,6,23,Y6015770,,,,0,30.0,0,0
75,5,2,6,24,Y6015771,,,,0,30.0,0,0
75,5,2,6,25,Y6015772,,,,0,30.0,0,0
75,5,2,6,26,Y6015773,,,,0,30.0,0,0
75,5,2,6,27,Y6015774,,,,0,30.0,0,0
75,5,2,6,28,Y6015775,,,,0,30.0,0,0
75,5,2,6,29,Y6015776,,,,0,30.0,0,0
75,5,2,6,30,Y6015777,,,,0,30.0,0,0
75,5,2,7,10,Y6015778,,,,0,30.0,0,0
75,5,2,7,11,Y6015779,,,,0,30.0,0,0
75,5,2,7,12,Y6015780,,,,0,30.0,0,0
75,5,2,7,13,Y6015781,,,,0,30.0,0,0
75,5,2,7,14,Y6015782,,,,0,30.0,0,0
75,5,2,7,15,Y6015783,,,,0,30.0,0,0
75,5,2,7,16,Y6015784,,,,0,30.0,0,0
75,5,2,7,17,Y6015785,,,,0,30.0,0,0
75,5,2,7,18,Y6015786,,,,3778,30.0,0,0
75,5,2,7,19,Y6015787,,,,4268,30.0,0,0
75,5,2,7,20,Y6015788,,,,3901,30.0,0,0
75,5,2,7,21,Y6015789,,,,0,30.0,0,0
75,5,2,7,22,Y6015790,,,,0,30.0,0,0
75,5,2,7,23,Y6015791,,,,0,30.0,0,0
75,5,2,7,24,Y6015792,,,,0,30.0,0,0
75,5,2,7,25,Y6015793,,,,0,30.0,0,0
75,5,2,7,26,Y6015794,,,,0,30.0,0,0
75,5,2,7,27,Y6015795,,,,0,30.0,0,0
75,5,2,7,28,Y6015796,,,,0,30.0,0,0
75,5,2,7,29,Y6015797,,,,0,30.0,0,0
75,5,2,7,30,Y6015798,,,,0,30.0,0,0
75,5,2,8,10,Y6015799,,,,0,30.0,0,0
75,5,2,8,11,Y6015800,,,,0,30.0,0,0
75,5,2,8,12,Y6015801,,,,0,30.0,0,0
75,5,2,8,13,Y6015802,,,,0,30.0,0,0
75,5,2,8,14,Y6015803,,,,0,30.0,0,0
75,5,2,8,15,Y6015804,,,,0,30.0,0,0
75,5,2,8,16,Y6015805,,,,0,30.0,0,0
75,5,2,8,17,Y6015806,,,,0,30.0,0,0
75,5,2,8,18,Y6015807,,,,3769,30.0,0,0
75,5,2,8,19,Y6015808,,,,4218,30.0,0,0
75,5,2,8,20,Y6015809,,,,3855,30.0,0,0
75,5,2,8,21,Y6015810,,,,0,30.0,0,0
75,5,2,8,22,Y6015811,,,,0,30.0,0,0
75,5,2,8,23,Y6015812,,,,0,30.0,0,0
75,5,2,8,24,Y6015813,,,,0,30.0,0,0
75,5,2,8,25,Y6015814,,,,0,30.0,0,0
75,5,2,8,26,Y6015815,,,,0,30.0,0,0
75,5,2,8,27,Y6015816,,,,0,30.0,0,0
75,5,2,8,28,Y6015817,,,,0,30.0,0,0
75,5,2,8,29,Y6015818,,,,0,30.0,0,0
75,5,2,8,30,Y6015819,,,,0,30.0,0,0
75,5,2,9,10,Y6015820,,,,0,30.0,0,0
75,5,2,9,11,Y6015821,,,,0,30.0,0,0
75,5,2,9,12,Y6015822,,,,0,30.0,0,0
75,5,2,9,13,Y6015823,,,,0,30.0,0,0
75,5,2,9,14,Y6015824,,,,0,30.0,0,0
75,5,2,9,15,Y6015825,,,,0,30.0,0,0
75,5,2,9,16,Y6015826,,,,0,30.0,0,0
75,5,2,9,17,Y6015827,,,,0,30.0,0,0
75,5,2,9,18,Y6015828,,,,3808,30.0,0,0
75,5,2,9,19,Y6015829,,,,4246,30.0,0,0
75,5,2,9,20,Y6015830,,,,3883,30.0,0,0
75,5,2,9,21,Y6015831,,,,0,30.0,0,0
75,5,2,9,22,Y6015832,,,,0,30.0,0,0
75,5,2,9,23,Y6015833,,,,0,30.0,0,0
75,5,2,9,24,Y6015834,,,,0,30.0,0,0
75,5,2,9,25,Y6015835,,,,0,30.0,0,0
75,5,2,9,26,Y6015836,,,,0,30.0,0,0
75,5,2,9,27,Y6015837,,,,0,30.0,0,0
75,5,2,9,28,Y6015838,,,,0,30.0,0,0
75,5,2,9,29,Y6015839,,,,0,30.0,0,0
75,5,2,9,30,Y6015840,,,,0,30.0,0,0
75,5,2,10,10,Y6015841,,,,0,30.0,0,0
75,5,2,10,11,Y6015842,,,,0,30.0,0,0
75,5,2,10,12,Y6015843,,,,0,30.0,0,0
75,5,2,10,13,Y6015844,,,,0,30.0,0,0
75,5,2,10,14,Y6015845,,,,0,30.0,0,0
75,5,2,10,15,Y6015846,,,,0,30.0,0,0
75,5,2,10,16,Y6015847,,,,0,30.0,0,0
75,5,2,10,17,Y6015848,,,,0,30.0,0,0
75,5,2,10,18,Y6015849,,,,3872,30.0,0,0
75,5,2,10,19,Y6015850,,,,4379,30.0,0,0
75,5,2,10,20,Y6015851,,,,3920,30.0,0,0
75,5,2,10,21,Y6015852,,,,0,30.0,0,0
75,5,2,10,22,Y6015853,,,,0,30.0,0,0
75,5,2,10,23,Y6015854,,,,0,30.0,0,0
75,5,2,10,24,Y6015855,,,,0,30.0,0,0
75,5,2,10,25,Y6015856,,,,0,30.0,0,0
75,5,2,10,26,Y6015857,,,,0,30.0,0,0
75,5,2,10,27,Y6015858,,,,0,30.0,0,0
75,5,2,10,28,Y6015859,,,,0,30.0,0,0
75,5,2,10,29,Y6015860,,,,0,30.0,0,0
75,5,2,10,30,Y6015861,,,,0,30.0,0,0
75,5,2,11,10,Y6015862,,,,0,30.0,0,0
75,5,2,11,11,Y6015863,,,,0,30.0,0,0
75,5,2,11,12,Y6015864,,,,0,30.0,0,0
75,5,2,11,13,Y6015865,,,,0,30.0,0,0
75,5,2,11,14,Y6015866,,,,0,30.0,0,0
75,5,2,11,15,Y6015867,,,,0,30.0,0,0
75,5,2,11,16,Y6015868,,,,0,30.0,0,0
75,5,2,11,17,Y6015869,,,,0,30.0,0,0
75,5,2,11,18,Y6015870,,,,3950,30.0,0,0
75,5,2,11,19,Y6015871,,,,4475,30.0,0,0
75,5,2,11,20,Y6015872,,,,4011,30.0,0,0
75,5,2,11,21,Y6015873,,,,0,30.0,0,0
75,5,2,11,22,Y6015874,,,,0,30.0,0,0
75,5,2,11,23,Y6015875,,,,0,30.0,0,0
75,5,2,11,24,Y6015876,,,,0,30.0,0,0
75,5,2,11,25,Y6015877,,,,0,30.0,0,0
75,5,2,11,26,Y6015878,,,,0,30.0,0,0
75,5,2,11,27,Y6015879,,,,0,30.0,0,0
75,5,2,11,28,Y6015880,,,,0,30.0,0,0
75,5,2,11,29,Y6015881,,,,0,30.0,0,0
75,5,2,11,30,Y6015882,,,,0,30.0,0,0
75,5,2,12,10,Y6015883,,,,0,30.0,0,0
75,5,2,12,11,Y6015884,,,,0,30.0,0,0
75,5,2,12,12,Y6015885,,,,0,30.0,0,0
75,5,2,12,13,Y6015886,,,,0,30.0,0,0
75,5,2,12,14,Y6015887,,,,0,30.0,0,0
75,5,2,12,15,Y6015888,,,,0,30.0,0,0
75,5,2,12,16,Y6015889,,,,0,30.0,0,0
75,5,2,12,17,Y6015890,,,,0,30.0,0,0
75,5,2,12,18,Y6015891,,,,4439,30.0,0,0
75,5,2,12,19,Y6015892,,,,4955,30.0,0,0
75,5,2,12,20,Y6015893,,,,4503,30.0,0,0
75,5,2,12,21,Y6015894,,,,0,30.0,0,0
75,5,2,12,22,Y6015895,,,,0,30.0,0,0
75,5,2,12,23,Y6015896,,,,0,30.0,0,0
75,5,2,12,24,Y6015897,,,,0,30.0,0,0
75,5,2,12,25,Y6015898,,,,0,30.0,0,0
75,5,2,12,26,Y6015899,,,,0,30.0,0,0
75,5,2,12,27,Y6015900,,,,0,30.0,0,0
75,5,2,12,28,Y6015901,,,,0,30.0,0,0
75,5,2,12,29,Y6015902,,,,0,30.0,0,0
75,5,2,12,30,Y6015903,,,,0,30.0,0,0
75,5,3,1,10,Y6015904,,,,0,30.0,0,0
75,5,3,1,11,Y6015905,,,,0,30.0,0,0
75,5,3,1,12,Y6015906,,,,0,30.0,0,0
75,5,3,1,13,Y6015907,,,,0,30.0,0,0
75,5,3,1,14,Y6015908,,,,0,30.0,0,0
75,5,3,1,15,Y6015909,,,,0,30.0,0,0
75,5,3,1,16,Y6015910,,,,0,30.0,0,0
75,5,3,1,17,Y6015911,,,,0,30.0,0,0
75,5,3,1,18,Y6015912,,,,3625,30.0,0,0
75,5,3,1,19,Y6015913,,,,4128,30.0,0,0
75,5,3,1,20,Y6015914,,,,3754,30.0,0,0
75,5,3,1,21,Y6015915,,,,0,30.0,0,0
75,5,3,1,22,Y6015916,,,,0,30.0,0,0
75,5,3,1,23,Y6015917,,,,0,30.0,0,0
75,5,3,1,24,Y6015918,,,,0,30.0,0,0
75,5,3,1,25,Y6015919,,,,0,30.0,0,0
75,5,3,1,26,Y6015920,,,,0,30.0,0,0
75,5,3,1,27,Y6015921,,,,0,30.0,0,0
75,5,3,1,28,Y6015922,,,,0,30.0,0,0
75,5,3,1,29,Y6015923,,,,0,30.0,0,0
75,5,3,1,30,Y6015924,,,,0,30.0,0,0
75,5,3,2,10,Y6015925,,,,0,30.0,0,0
75,5,3,2,11,Y6015926,,,,0,30.0,0,0
75,5,3,2,12,Y6015927,,,,0,30.0,0,0
75,5,3,2,13,Y6015928,,,,0,30.0,0,0
75,5,3,2,14,Y6015929,,,,0,30.0,0,0
75,5,3,2,15,Y6015930,,,,0,30.0,0,0
75,5,3,2,16,Y6015931,,,,0,30.0,0,0
75,5,3,2,17,Y6015932,,,,0,30.0,0,0
75,5,3,2,18,Y6015933,,,,3616,30.0,0,0
75,5,3,2,19,Y6015934,,,,4114,30.0,0,0
75,5,3,2,20,Y6015935,,,,3741,30.0,0,0
75,5,3,2,21,Y6015936,,,,0,30.0,0,0
75,5,3,2,22,Y6015937,,,,0,30.0,0,0
75,5,3,2,23,Y6015938,,,,0,30.0,0,0
75,5,3,2,24,Y6015939,,,,0,30.0,0,0
75,5,3,2,25,Y6015940,,,,0,30.0,0,0
75,5,3,2,26,Y6015941,,,,0,30.0,0,0
75,5,3,2,27,Y6015942,,,,0,30.0,0,0
75,5,3,2,28,Y6015943,,,,0,30.0,0,0
75,5,3,2,29,Y6015944,,,,0,30.0,0,0
75,5,3,2,30,Y6015945,,,,0,30.0,0,0
75,5,3,3,10,Y6015946,,,,0,30.0,0,0
75,5,3,3,11,Y6015947,,,,0,30.0,0,0
75,5,3,3,12,Y6015948,,,,0,30.0,0,0
75,5,3,3,13,Y6015949,,,,0,30.0,0,0
75,5,3,3,14,Y6015950,,,,0,30.0,0,0
75,5,3,3,15,Y6015951,,,,0,30.0,0,0
75,5,3,3,16,Y6015952,,,,0,30.0,0,0
75,5,3,3,17,Y6015953,,,,0,30.0,0,0
75,5,3,3,18,Y6015954,,,,3654,30.0,0,0
75,5,3,3,19,Y6015955,,,,4151,30.0,0,0
75,5,3,3,20,Y6015956,,,,3778,30.0,0,0
75,5,3,3,21,Y6015957,,,,0,30.0,0,0
75,5,3,3,22,Y6015958,,,,0,30.0,0,0
75,5,3,3,23,Y6015959,,,,0,30.0,0,0
75,5,3,3,24,Y6015960,,,,0,30.0,0,0
75,5,3,3,25,Y6015961,,,,0,30.0,0,0
75,5,3,3,26,Y6015962,,,,0,30.0,0,0
75,5,3,3,27,Y6015963,,,,0,30.0,0,0
75,5,3,3,28,Y6015964,,,,0,30.0,0,0
75,5,3,3,29,Y6015965,,,,0,30.0,0,0
75,5,3,3,30,Y6015966,,,,0,30.0,0,0
75,5,3,4,10,Y6015967,,,,0,30.0,0,0
75,5,3,4,11,Y6015968,,,,0,30.0,0,0
75,5,3,4,12,Y6015969,,,,0,30.0,0,0
75,5,3,4,13,Y6015970,,,,0,30.0,0,0
75,5,3,4,14,Y6015971,,,,0,30.0,0,0
75,5,3,4,15,Y6015972,,,,0,30.0,0,0
75,5,3,4,16,Y6015973,,,,0,30.0,0,0
75,5,3,4,17,Y6015974,,,,0,30.0,0,0
75,5,3,4,18,Y6015975,,,,3740,30.0,0,0
75,5,3,4,19,Y6015976,,,,4222,30.0,0,0
75,5,3,4,20,Y6015977,,,,3850,30.0,0,0
75,5,3,4,21,Y6015978,,,,0,30.0,0,0
75,5,3,4,22,Y6015979,,,,0,30.0,0,0
75,5,3,4,23,Y6015980,,,,0,30.0,0,0
75,5,3,4,24,Y6015981,,,,0,30.0,0,0
75,5,3,4,25,Y6015982,,,,0,30.0,0,0
75,5,3,4,26,Y6015983,,,,0,30.0,0,0
75,5,3,4,27,Y6015984,,,,0,30.0,0,0
75,5,3,4,28,Y6015985,,,,0,30.0,0,0
75,5,3,4,29,Y6015986,,,,0,30.0,0,0
75,5,3,4,30,Y6015987,,,,0,30.0,0,0
75,5,3,5,10,Y6015988,,,,0,30.0,0,0
75,5,3,5,11,Y6015989,,,,0,30.0,0,0
75,5,3,5,12,Y6015990,,,,0,30.0,0,0
75,5,3,5,13,Y6015991,,,,0,30.0,0,0
75,5,3,5,14,Y6015992,,,,0,30.0,0,0
75,5,3,5,15,Y6015993,,,,0,30.0,0,0
75,5,3,5,16,Y6015994,,,,0,30.0,0,0
75,5,3,5,17,Y6015995,,,,0,30.0,0,0
75,5,3,5,18,Y6015996,,,,3753,30.0,0,0
75,5,3,5,19,Y6015997,,,,4232,30.0,0,0
75,5,3,5,20,Y6015998,,,,3858,30.0,0,0
75,5,3,5,21,Y6015999,,,,0,30.0,0,0
75,5,3,5,22,Y6016000,,,,0,30.0,0,0
75,5,3,5,23,Y6016001,,,,0,30.0,0,0
75,5,3,5,24,Y6016002,,,,0,30.0,0,0
75,5,3,5,25,Y6016003,,,,0,30.0,0,0
75,5,3,5,26,Y6016004,,,,0,30.0,0,0
75,5,3,5,27,Y6016005,,,,0,30.0,0,0
75,5,3,5,28,Y6016006,,,,0,30.0,0,0
75,5,3,5,29,Y6016007,,,,0,30.0,0,0
75,5,3,5,30,Y6016008,,,,0,30.0,0,0
75,5,3,6,10,Y6016009,,,,0,30.0,0,0
75,5,3,6,11,Y6016010,,,,0,30.0,0,0
75,5,3,6,12,Y6016011,,,,0,30.0,0,0
75,5,3,6,13,Y6016012,,,,0,30.0,0,0
75,5,3,6,14,Y6016013,,,,0,30.0,0,0
75,5,3,6,15,Y6016014,,,,0,30.0,0,0
75,5,3,6,16,Y6016015,,,,0,30.0,0,0
75,5,3,6,17,Y6016016,,,,0,30.0,0,0
75,5,3,6,18,Y6016017,,,,3748,30.0,0,0
75,5,3,6,19,Y6016018,,,,4227,30.0,0,0
75,5,3,6,20,Y6016019,,,,3850,30.0,0,0
75,5,3,6,21,Y6016020,,,,0,30.0,0,0
75,5,3,6,22,Y6016021,,,,0,30.0,0,0
75,5,3,6,23,Y6016022,,,,0,30.0,0,0
75,5,3,6,24,Y6016023,,,,0,30.0,0,0
75,5,3,6,25,Y6016024,,,,0,30.0,0,0
75,5,3,6,26,Y6016025,,,,0,30.0,0,0
75,5,3,6,27,Y6016026,,,,0,30.0,0,0
75,5,3,6,28,Y6016027,,,,0,30.0,0,0
75,5,3,6,29,Y6016028,,,,0,30.0,0,0
75,5,3,6,30,Y6016029,,,,0,30.0,0,0
75,5,3,7,10,Y6016030,,,,0,30.0,0,0
75,5,3,7,11,Y6016031,,,,0,30.0,0,0
75,5,3,7,12,Y6016032,,,,0,30.0,0,0
75,5,3,7,13,Y6016033,,,,0,30.0,0,0
75,5,3,7,14,Y6016034,,,,0,30.0,0,0
75,5,3,7,15,Y6016035,,,,0,30.0,0,0
75,5,3,7,16,Y6016036,,,,0,30.0,0,0
75,5,3,7,17,Y6016037,,,,0,30.0,0,0
75,5,3,7,18,Y6016038,,,,3778,30.0,0,0
75,5,3,7,19,Y6016039,,,,4268,30.0,0,0
75,5,3,7,20,Y6016040,,,,3901,30.0,0,0
75,5,3,7,21,Y6016041,,,,0,30.0,0,0
75,5,3,7,22,Y6016042,,,,0,30.0,0,0
75,5,3,7,23,Y6016043,,,,0,30.0,0,0
75,5,3,7,24,Y6016044,,,,0,30.0,0,0
75,5,3,7,25,Y6016045,,,,0,30.0,0,0
75,5,3,7,26,Y6016046,,,,0,30.0,0,0
75,5,3,7,27,Y6016047,,,,0,30.0,0,0
75,5,3,7,28,Y6016048,,,,0,30.0,0,0
75,5,3,7,29,Y6016049,,,,0,30.0,0,0
75,5,3,7,30,Y6016050,,,,0,30.0,0,0
75,5,3,8,10,Y6016051,,,,0,30.0,0,0
75,5,3,8,11,Y6016052,,,,0,30.0,0,0
75,5,3,8,12,Y6016053,,,,0,30.0,0,0
75,5,3,8,13,Y6016054,,,,0,30.0,0,0
75,5,3,8,14,Y6016055,,,,0,30.0,0,0
75,5,3,8,15,Y6016056,,,,0,30.0,0,0
75,5,3,8,16,Y6016057,,,,0,30.0,0,0
75,5,3,8,17,Y6016058,,,,0,30.0,0,0
75,5,3,8,18,Y6016059,,,,3770,30.0,0,0
75,5,3,8,19,Y6016060,,,,4218,30.0,0,0
75,5,3,8,20,Y6016061,,,,3855,30.0,0,0
75,5,3,8,21,Y6016062,,,,0,30.0,0,0
75,5,3,8,22,Y6016063,,,,0,30.0,0,0
75,5,3,8,23,Y6016064,,,,0,30.0,0,0
75,5,3,8,24,Y6016065,,,,0,30.0,0,0
75,5,3,8,25,Y6016066,,,,0,30.0,0,0
75,5,3,8,26,Y6016067,,,,0,30.0,0,0
75,5,3,8,27,Y6016068,,,,0,30.0,0,0
75,5,3,8,28,Y6016069,,,,0,30.0,0,0
75,5,3,8,29,Y6016070,,,,0,30.0,0,0
75,5,3,8,30,Y6016071,,,,0,30.0,0,0
75,5,3,9,10,Y6016072,,,,0,30.0,0,0
75,5,3,9,11,Y6016073,,,,0,30.0,0,0
75,5,3,9,12,Y6016074,,,,0,30.0,0,0
75,5,3,9,13,Y6016075,,,,0,30.0,0,0
75,5,3,9,14,Y6016076,,,,0,30.0,0,0
75,5,3,9,15,Y6016077,,,,0,30.0,0,0
75,5,3,9,16,Y6016078,,,,0,30.0,0,0
75,5,3,9,17,Y6016079,,,,0,30.0,0,0
75,5,3,9,18,Y6016080,,,,3809,30.0,0,0
75,5,3,9,19,Y6016081,,,,4247,30.0,0,0
75,5,3,9,20,Y6016082,,,,3883,30.0,0,0
75,5,3,9,21,Y6016083,,,,0,30.0,0,0
75,5,3,9,22,Y6016084,,,,0,30.0,0,0
75,5,3,9,23,Y6016085,,,,0,30.0,0,0
75,5,3,9,24,Y6016086,,,,0,30.0,0,0
75,5,3,9,25,Y6016087,,,,0,30.0,0,0
75,5,3,9,26,Y6016088,,,,0,30.0,0,0
75,5,3,9,27,Y6016089,,,,0,30.0,0,0
75,5,3,9,28,Y6016090,,,,0,30.0,0,0
75,5,3,9,29,Y6016091,,,,0,30.0,0,0
75,5,3,9,30,Y6016092,,,,0,30.0,0,0
75,5,3,10,10,Y6016093,,,,0,30.0,0,0
75,5,3,10,11,Y6016094,,,,0,30.0,0,0
75,5,3,10,12,Y6016095,,,,0,30.0,0,0
75,5,3,10,13,Y6016096,,,,0,30.0,0,0
75,5,3,10,14,Y6016097,,,,0,30.0,0,0
75,5,3,10,15,Y6016098,,,,0,30.0,0,0
75,5,3,10,16,Y6016099,,,,0,30.0,0,0
75,5,3,10,17,Y6016100,,,,0,30.0,0,0
75,5,3,10,18,Y6016101,,,,3873,30.0,0,0
75,5,3,10,19,Y6016102,,,,4379,30.0,0,0
75,5,3,10,20,Y6016103,,,,3921,30.0,0,0
75,5,3,10,21,Y6016104,,,,0,30.0,0,0
75,5,3,10,22,Y6016105,,,,0,30.0,0,0
75,5,3,10,23,Y6016106,,,,0,30.0,0,0
75,5,3,10,24,Y6016107,,,,0,30.0,0,0
75,5,3,10,25,Y6016108,,,,0,30.0,0,0
75,5,3,10,26,Y6016109,,,,0,30.0,0,0
75,5,3,10,27,Y6016110,,,,0,30.0,0,0
75,5,3,10,28,Y6016111,,,,0,30.0,0,0
75,5,3,10,29,Y6016112,,,,0,30.0,0,0
75,5,3,10,30,Y6016113,,,,0,30.0,0,0
75,5,3,11,10,Y6016114,,,,0,30.0,0,0
75,5,3,11,11,Y6016115,,,,0,30.0,0,0
75,5,3,11,12,Y6016116,,,,0,30.0,0,0
75,5,3,11,13,Y6016117,,,,0,30.0,0,0
75,5,3,11,14,Y6016118,,,,0,30.0,0,0
75,5,3,11,15,Y6016119,,,,0,30.0,0,0
75,5,3,11,16,Y6016120,,,,0,30.0,0,0
75,5,3,11,17,Y6016121,,,,0,30.0,0,0
75,5,3,11,18,Y6016122,,,,3950,30.0,0,0
75,5,3,11,19,Y6016123,,,,4475,30.0,0,0
75,5,3,11,20,Y6016124,,,,4011,30.0,0,0
75,5,3,11,21,Y6016125,,,,0,30.0,0,0
75,5,3,11,22,Y6016126,,,,0,30.0,0,0
75,5,3,11,23,Y6016127,,,,0,30.0,0,0
75,5,3,11,24,Y6016128,,,,0,30.0,0,0
75,5,3,11,25,Y6016129,,,,0,30.0,0,0
75,5,3,11,26,Y6016130,,,,0,30.0,0,0
75,5,3,11,27,Y6016131,,,,0,30.0,0,0
75,5,3,11,28,Y6016132,,,,0,30.0,0,0
75,5,3,11,29,Y6016133,,,,0,30.0,0,0
75,5,3,11,30,Y6016134,,,,0,30.0,0,0
75,5,3,12,10,Y6016135,,,,0,30.0,0,0
75,5,3,12,11,Y6016136,,,,0,30.0,0,0
75,5,3,12,12,Y6016137,,,,0,30.0,0,0
75,5,3,12,13,Y6016138,,,,0,30.0,0,0
75,5,3,12,14,Y6016139,,,,0,30.0,0,0
75,5,3,12,15,Y6016140,,,,0,30.0,0,0
75,5,3,12,16,Y6016141,,,,0,30.0,0,0
75,5,3,12,17,Y6016142,,,,0,30.0,0,0
75,5,3,12,18,Y6016143,,,,4439,30.0,0,0
75,5,3,12,19,Y6016144,,,,4955,30.0,0,0
75,5,3,12,20,Y6016145,,,,4504,30.0,0,0
75,5,3,12,21,Y6016146,,,,0,30.0,0,0
75,5,3,12,22,Y6016147,,,,0,30.0,0,0
75,5,3,12,23,Y6016148,,,,0,30.0,0,0
75,5,3,12,24,Y6016149,,,,0,30.0,0,0
75,5,3,12,25,Y6016150,,,,0,30.0,0,0
75,5,3,12,26,Y6016151,,,,0,30.0,0,0
75,5,3,12,27,Y6016152,,,,0,30.0,0,0
75,5,3,12,28,Y6016153,,,,0,30.0,0,0
75,5,3,12,29,Y6016154,,,,0,30.0,0,0
75,5,3,12,30,Y6016155,,,,0,30.0,0,0
75,5,4,1,10,Y6016156,,,,0,30.0,0,0
75,5,4,1,11,Y6016157,,,,0,30.0,0,0
75,5,4,1,12,Y6016158,,,,0,30.0,0,0
75,5,4,1,13,Y6016159,,,,0,30.0,0,0
75,5,4,1,14,Y6016160,,,,0,30.0,0,0
75,5,4,1,15,Y6016161,,,,0,30.0,0,0
75,5,4,1,16,Y6016162,,,,0,30.0,0,0
75,5,4,1,17,Y6016163,,,,0,30.0,0,0
75,5,4,1,18,Y6016164,,,,3473,30.0,0,0
75,5,4,1,19,Y6016165,,,,4003,30.0,0,0
75,5,4,1,20,Y6016166,,,,3630,30.0,0,0
75,5,4,1,21,Y6016167,,,,0,30.0,0,0
75,5,4,1,22,Y6016168,,,,0,30.0,0,0
75,5,4,1,23,Y6016169,,,,0,30.0,0,0
75,5,4,1,24,Y6016170,,,,0,30.0,0,0
75,5,4,1,25,Y6016171,,,,0,30.0,0,0
75,5,4,1,26,Y6016172,,,,0,30.0,0,0
75,5,4,1,27,Y6016173,,,,0,30.0,0,0
75,5,4,1,28,Y6016174,,,,0,30.0,0,0
75,5,4,1,29,Y6016175,,,,0,30.0,0,0
75,5,4,1,30,Y6016176,,,,0,30.0,0,0
75,5,4,2,10,Y6016177,,,,0,30.0,0,0
75,5,4,2,11,Y6016178,,,,0,30.0,0,0
75,5,4,2,12,Y6016179,,,,0,30.0,0,0
75,5,4,2,13,Y6016180,,,,0,30.0,0,0
75,5,4,2,14,Y6016181,,,,0,30.0,0,0
75,5,4,2,15,Y6016182,,,,0,30.0,0,0
75,5,4,2,16,Y6016183,,,,0,30.0,0,0
75,5,4,2,17,Y6016184,,,,0,30.0,0,0
75,5,4,2,18,Y6016185,,,,3463,30.0,0,0
75,5,4,2,19,Y6016186,,,,3988,30.0,0,0
75,5,4,2,20,Y6016187,,,,3615,30.0,0,0
75,5,4,2,21,Y6016188,,,,0,30.0,0,0
75,5,4,2,22,Y6016189,,,,0,30.0,0,0
75,5,4,2,23,Y6016190,,,,0,30.0,0,0
75,5,4,2,24,Y6016191,,,,0,30.0,0,0
75,5,4,2,25,Y6016192,,,,0,30.0,0,0
75,5,4,2,26,Y6016193,,,,0,30.0,0,0
75,5,4,2,27,Y6016194,,,,0,30.0,0,0
75,5,4,2,28,Y6016195,,,,0,30.0,0,0
75,5,4,2,29,Y6016196,,,,0,30.0,0,0
75,5,4,2,30,Y6016197,,,,0,30.0,0,0
75,5,4,3,10,Y6016198,,,,0,30.0,0,0
75,5,4,3,11,Y6016199,,,,0,30.0,0,0
75,5,4,3,12,Y6016200,,,,0,30.0,0,0
75,5,4,3,13,Y6016201,,,,0,30.0,0,0
75,5,4,3,14,Y6016202,,,,0,30.0,0,0
75,5,4,3,15,Y6016203,,,,0,30.0,0,0
75,5,4,3,16,Y6016204,,,,0,30.0,0,0
75,5,4,3,17,Y6016205,,,,0,30.0,0,0
75,5,4,3,18,Y6016206,,,,3496,30.0,0,0
75,5,4,3,19,Y6016207,,,,4019,30.0,0,0
75,5,4,3,20,Y6016208,,,,3646,30.0,0,0
75,5,4,3,21,Y6016209,,,,0,30.0,0,0
75,5,4,3,22,Y6016210,,,,0,30.0,0,0
75,5,4,3,23,Y6016211,,,,0,30.0,0,0
75,5,4,3,24,Y6016212,,,,0,30.0,0,0
75,5,4,3,25,Y6016213,,,,0,30.0,0,0
75,5,4,3,26,Y6016214,,,,0,30.0,0,0
75,5,4,3,27,Y6016215,,,,0,30.0,0,0
75,5,4,3,28,Y6016216,,,,0,30.0,0,0
75,5,4,3,29,Y6016217,,,,0,30.0,0,0
75,5,4,3,30,Y6016218,,,,0,30.0,0,0
75,5,4,4,10,Y6016219,,,,0,30.0,0,0
75,5,4,4,11,Y6016220,,,,0,30.0,0,0
75,5,4,4,12,Y6016221,,,,0,30.0,0,0
75,5,4,4,13,Y6016222,,,,0,30.0,0,0
75,5,4,4,14,Y6016223,,,,0,30.0,0,0
75,5,4,4,15,Y6016224,,,,0,30.0,0,0
75,5,4,4,16,Y6016225,,,,0,30.0,0,0
75,5,4,4,17,Y6016226,,,,0,30.0,0,0
75,5,4,4,18,Y6016227,,,,3582,30.0,0,0
75,5,4,4,19,Y6016228,,,,4090,30.0,0,0
75,5,4,4,20,Y6016229,,,,3718,30.0,0,0
75,5,4,4,21,Y6016230,,,,0,30.0,0,0
75,5,4,4,22,Y6016231,,,,0,30.0,0,0
75,5,4,4,23,Y6016232,,,,0,30.0,0,0
75,5,4,4,24,Y6016233,,,,0,30.0,0,0
75,5,4,4,25,Y6016234,,,,0,30.0,0,0
75,5,4,4,26,Y6016235,,,,0,30.0,0,0
75,5,4,4,27,Y6016236,,,,0,30.0,0,0
75,5,4,4,28,Y6016237,,,,0,30.0,0,0
75,5,4,4,29,Y6016238,,,,0,30.0,0,0
75,5,4,4,30,Y6016239,,,,0,30.0,0,0
75,5,4,5,10,Y6016240,,,,0,30.0,0,0
75,5,4,5,11,Y6016241,,,,0,30.0,0,0
75,5,4,5,12,Y6016242,,,,0,30.0,0,0
75,5,4,5,13,Y6016243,,,,0,30.0,0,0
75,5,4,5,14,Y6016244,,,,0,30.0,0,0
75,5,4,5,15,Y6016245,,,,0,30.0,0,0
75,5,4,5,16,Y6016246,,,,0,30.0,0,0
75,5,4,5,17,Y6016247,,,,0,30.0,0,0
75,5,4,5,18,Y6016248,,,,3620,30.0,0,0
75,5,4,5,19,Y6016249,,,,4125,30.0,0,0
75,5,4,5,20,Y6016250,,,,3752,30.0,0,0
75,5,4,5,21,Y6016251,,,,0,30.0,0,0
75,5,4,5,22,Y6016252,,,,0,30.0,0,0
75,5,4,5,23,Y6016253,,,,0,30.0,0,0
75,5,4,5,24,Y6016254,,,,0,30.0,0,0
75,5,4,5,25,Y6016255,,,,0,30.0,0,0
75,5,4,5,26,Y6016256,,,,0,30.0,0,0
75,5,4,5,27,Y6016257,,,,0,30.0,0,0
75,5,4,5,28,Y6016258,,,,0,30.0,0,0
75,5,4,5,29,Y6016259,,,,0,30.0,0,0
75,5,4,5,30,Y6016260,,,,0,30.0,0,0
75,5,4,6,10,Y6016261,,,,0,30.0,0,0
75,5,4,6,11,Y6016262,,,,0,30.0,0,0
75,5,4,6,12,Y6016263,,,,0,30.0,0,0
75,5,4,6,13,Y6016264,,,,0,30.0,0,0
75,5,4,6,14,Y6016265,,,,0,30.0,0,0
75,5,4,6,15,Y6016266,,,,0,30.0,0,0
75,5,4,6,16,Y6016267,,,,0,30.0,0,0
75,5,4,6,17,Y6016268,,,,0,30.0,0,0
75,5,4,6,18,Y6016269,,,,3616,30.0,0,0
75,5,4,6,19,Y6016270,,,,4121,30.0,0,0
75,5,4,6,20,Y6016271,,,,3745,30.0,0,0
75,5,4,6,21,Y6016272,,,,0,30.0,0,0
75,5,4,6,22,Y6016273,,,,0,30.0,0,0
75,5,4,6,23,Y6016274,,,,0,30.0,0,0
75,5,4,6,24,Y6016275,,,,0,30.0,0,0
75,5,4,6,25,Y6016276,,,,0,30.0,0,0
75,5,4,6,26,Y6016277,,,,0,30.0,0,0
75,5,4,6,27,Y6016278,,,,0,30.0,0,0
75,5,4,6,28,Y6016279,,,,0,30.0,0,0
75,5,4,6,29,Y6016280,,,,0,30.0,0,0
75,5,4,6,30,Y6016281,,,,0,30.0,0,0
75,5,4,7,10,Y6016282,,,,0,30.0,0,0
75,5,4,7,11,Y6016283,,,,0,30.0,0,0
75,5,4,7,12,Y6016284,,,,0,30.0,0,0
75,5,4,7,13,Y6016285,,,,0,30.0,0,0
75,5,4,7,14,Y6016286,,,,0,30.0,0,0
75,5,4,7,15,Y6016287,,,,0,30.0,0,0
75,5,4,7,16,Y6016288,,,,0,30.0,0,0
75,5,4,7,17,Y6016289,,,,0,30.0,0,0
75,5,4,7,18,Y6016290,,,,3646,30.0,0,0
75,5,4,7,19,Y6016291,,,,4161,30.0,0,0
75,5,4,7,20,Y6016292,,,,3795,30.0,0,0
75,5,4,7,21,Y6016293,,,,0,30.0,0,0
75,5,4,7,22,Y6016294,,,,0,30.0,0,0
75,5,4,7,23,Y6016295,,,,0,30.0,0,0
75,5,4,7,24,Y6016296,,,,0,30.0,0,0
75,5,4,7,25,Y6016297,,,,0,30.0,0,0
75,5,4,7,26,Y6016298,,,,0,30.0,0,0
75,5,4,7,27,Y6016299,,,,0,30.0,0,0
75,5,4,7,28,Y6016300,,,,0,30.0,0,0
75,5,4,7,29,Y6016301,,,,0,30.0,0,0
75,5,4,7,30,Y6016302,,,,0,30.0,0,0
75,5,4,8,10,Y6016303,,,,0,30.0,0,0
75,5,4,8,11,Y6016304,,,,0,30.0,0,0
75,5,4,8,12,Y6016305,,,,0,30.0,0,0
75,5,4,8,13,Y6016306,,,,0,30.0,0,0
75,5,4,8,14,Y6016307,,,,0,30.0,0,0
75,5,4,8,15,Y6016308,,,,0,30.0,0,0
75,5,4,8,16,Y6016309,,,,0,30.0,0,0
75,5,4,8,17,Y6016310,,,,0,30.0,0,0
75,5,4,8,18,Y6016311,,,,3634,30.0,0,0
75,5,4,8,19,Y6016312,,,,4109,30.0,0,0
75,5,4,8,20,Y6016313,,,,3746,30.0,0,0
75,5,4,8,21,Y6016314,,,,0,30.0,0,0
75,5,4,8,22,Y6016315,,,,0,30.0,0,0
75,5,4,8,23,Y6016316,,,,0,30.0,0,0
75,5,4,8,24,Y6016317,,,,0,30.0,0,0
75,5,4,8,25,Y6016318,,,,0,30.0,0,0
75,5,4,8,26,Y6016319,,,,0,30.0,0,0
75,5,4,8,27,Y6016320,,,,0,30.0,0,0
75,5,4,8,28,Y6016321,,,,0,30.0,0,0
75,5,4,8,29,Y6016322,,,,0,30.0,0,0
75,5,4,8,30,Y6016323,,,,0,30.0,0,0
75,5,4,9,10,Y6016324,,,,0,30.0,0,0
75,5,4,9,11,Y6016325,,,,0,30.0,0,0
75,5,4,9,12,Y6016326,,,,0,30.0,0,0
75,5,4,9,13,Y6016327,,,,0,30.0,0,0
75,5,4,9,14,Y6016328,,,,0,30.0,0,0
75,5,4,9,15,Y6016329,,,,0,30.0,0,0
75,5,4,9,16,Y6016330,,,,0,30.0,0,0
75,5,4,9,17,Y6016331,,,,0,30.0,0,0
75,5,4,9,18,Y6016332,,,,3670,30.0,0,0
75,5,4,9,19,Y6016333,,,,4134,30.0,0,0
75,5,4,9,20,Y6016334,,,,3771,30.0,0,0
75,5,4,9,21,Y6016335,,,,0,30.0,0,0
75,5,4,9,22,Y6016336,,,,0,30.0,0,0
75,5,4,9,23,Y6016337,,,,0,30.0,0,0
75,5,4,9,24,Y6016338,,,,0,30.0,0,0
75,5,4,9,25,Y6016339,,,,0,30.0,0,0
75,5,4,9,26,Y6016340,,,,0,30.0,0,0
75,5,4,9,27,Y6016341,,,,0,30.0,0,0
75,5,4,9,28,Y6016342,,,,0,30.0,0,0
75,5,4,9,29,Y6016343,,,,0,30.0,0,0
75,5,4,9,30,Y6016344,,,,0,30.0,0,0
75,5,4,10,10,Y6016345,,,,0,30.0,0,0
75,5,4,10,11,Y6016346,,,,0,30.0,0,0
75,5,4,10,12,Y6016347,,,,0,30.0,0,0
75,5,4,10,13,Y6016348,,,,0,30.0,0,0
75,5,4,10,14,Y6016349,,,,0,30.0,0,0
75,5,4,10,15,Y6016350,,,,0,30.0,0,0
75,5,4,10,16,Y6016351,,,,0,30.0,0,0
75,5,4,10,17,Y6016352,,,,0,30.0,0,0
75,5,4,10,18,Y6016353,,,,3740,30.0,0,0
75,5,4,10,19,Y6016354,,,,4272,30.0,0,0
75,5,4,10,20,Y6016355,,,,3815,30.0,0,0
75,5,4,10,21,Y6016356,,,,0,30.0,0,0
75,5,4,10,22,Y6016357,,,,0,30.0,0,0
75,5,4,10,23,Y6016358,,,,0,30.0,0,0
75,5,4,10,24,Y6016359,,,,0,30.0,0,0
75,5,4,10,25,Y6016360,,,,0,30.0,0,0
75,5,4,10,26,Y6016361,,,,0,30.0,0,0
75,5,4,10,27,Y6016362,,,,0,30.0,0,0
75,5,4,10,28,Y6016363,,,,0,30.0,0,0
75,5,4,10,29,Y6016364,,,,0,30.0,0,0
75,5,4,10,30,Y6016365,,,,0,30.0,0,0
75,5,4,11,10,Y6016366,,,,0,30.0,0,0
75,5,4,11,11,Y6016367,,,,0,30.0,0,0
75,5,4,11,12,Y6016368,,,,0,30.0,0,0
75,5,4,11,13,Y6016369,,,,0,30.0,0,0
75,5,4,11,14,Y6016370,,,,0,30.0,0,0
75,5,4,11,15,Y6016371,,,,0,30.0,0,0
75,5,4,11,16,Y6016372,,,,0,30.0,0,0
75,5,4,11,17,Y6016373,,,,0,30.0,0,0
75,5,4,11,18,Y6016374,,,,3820,30.0,0,0
75,5,4,11,19,Y6016375,,,,4371,30.0,0,0
75,5,4,11,20,Y6016376,,,,3907,30.0,0,0
75,5,4,11,21,Y6016377,,,,0,30.0,0,0
75,5,4,11,22,Y6016378,,,,0,30.0,0,0
75,5,4,11,23,Y6016379,,,,0,30.0,0,0
75,5,4,11,24,Y6016380,,,,0,30.0,0,0
75,5,4,11,25,Y6016381,,,,0,30.0,0,0
75,5,4,11,26,Y6016382,,,,0,30.0,0,0
75,5,4,11,27,Y6016383,,,,0,30.0,0,0
75,5,4,11,28,Y6016384,,,,0,30.0,0,0
75,5,4,11,29,Y6016385,,,,0,30.0,0,0
75,5,4,11,30,Y6016386,,,,0,30.0,0,0
75,5,4,12,10,Y6016387,,,,0,30.0,0,0
75,5,4,12,11,Y6016388,,,,0,30.0,0,0
75,5,4,12,12,Y6016389,,,,0,30.0,0,0
75,5,4,12,13,Y6016390,,,,0,30.0,0,0
75,5,4,12,14,Y6016391,,,,0,30.0,0,0
75,5,4,12,15,Y6016392,,,,0,30.0,0,0
75,5,4,12,16,Y6016393,,,,0,30.0,0,0
75,5,4,12,17,Y6016394,,,,0,30.0,0,0
75,5,4,12,18,Y6016395,,,,4309,30.0,0,0
75,5,4,12,19,Y6016396,,,,4851,30.0,0,0
75,5,4,12,20,Y6016397,,,,4400,30.0,0,0
75,5,4,12,21,Y6016398,,,,0,30.0,0,0
75,5,4,12,22,Y6016399,,,,0,30.0,0,0
75,5,4,12,23,Y6016400,,,,0,30.0,0,0
75,5,4,12,24,Y6016401,,,,0,30.0,0,0
75,5,4,12,25,Y6016402,,,,0,30.0,0,0
75,5,4,12,26,Y6016403,,,,0,30.0,0,0
75,5,4,12,27,Y6016404,,,,0,30.0,0,0
75,5,4,12,28,Y6016405,,,,0,30.0,0,0
75,5,4,12,29,Y6016406,,,,0,30.0,0,0
75,5,4,12,30,Y6016407,,,,0,30.0,0,0
75,5,5,1,10,Y6016408,,,,0,30.0,0,0
75,5,5,1,11,Y6016409,,,,0,30.0,0,0
75,5,5,1,12,Y6016410,,,,0,30.0,0,0
75,5,5,1,13,Y6016411,,,,0,30.0,0,0
75,5,5,1,14,Y6016412,,,,0,30.0,0,0
75,5,5,1,15,Y6016413,,,,0,30.0,0,0
75,5,5,1,16,Y6016414,,,,0,30.0,0,0
75,5,5,1,17,Y6016415,,,,0,30.0,0,0
75,5,5,1,18,Y6016416,,,,3317,30.0,0,0
75,5,5,1,19,Y6016417,,,,3852,30.0,0,0
75,5,5,1,20,Y6016418,,,,3469,30.0,0,0
75,5,5,1,21,Y6016419,,,,0,30.0,0,0
75,5,5,1,22,Y6016420,,,,0,30.0,0,0
75,5,5,1,23,Y6016421,,,,0,30.0,0,0
75,5,5,1,24,Y6016422,,,,0,30.0,0,0
75,5,5,1,25,Y6016423,,,,0,30.0,0,0
75,5,5,1,26,Y6016424,,,,0,30.0,0,0
75,5,5,1,27,Y6016425,,,,0,30.0,0,0
75,5,5,1,28,Y6016426,,,,0,30.0,0,0
75,5,5,1,29,Y6016427,,,,0,30.0,0,0
75,5,5,1,30,Y6016428,,,,0,30.0,0,0
75,5,5,2,10,Y6016429,,,,0,30.0,0,0
75,5,5,2,11,Y6016430,,,,0,30.0,0,0
75,5,5,2,12,Y6016431,,,,0,30.0,0,0
75,5,5,2,13,Y6016432,,,,0,30.0,0,0
75,5,5,2,14,Y6016433,,,,0,30.0,0,0
75,5,5,2,15,Y6016434,,,,0,30.0,0,0
75,5,5,2,16,Y6016435,,,,0,30.0,0,0
75,5,5,2,17,Y6016436,,,,0,30.0,0,0
75,5,5,2,18,Y6016437,,,,3303,30.0,0,0
75,5,5,2,19,Y6016438,,,,3832,30.0,0,0
75,5,5,2,20,Y6016439,,,,3449,30.0,0,0
75,5,5,2,21,Y6016440,,,,0,30.0,0,0
75,5,5,2,22,Y6016441,,,,0,30.0,0,0
75,5,5,2,23,Y6016442,,,,0,30.0,0,0
75,5,5,2,24,Y6016443,,,,0,30.0,0,0
75,5,5,2,25,Y6016444,,,,0,30.0,0,0
75,5,5,2,26,Y6016445,,,,0,30.0,0,0
75,5,5,2,27,Y6016446,,,,0,30.0,0,0
75,5,5,2,28,Y6016447,,,,0,30.0,0,0
75,5,5,2,29,Y6016448,,,,0,30.0,0,0
75,5,5,2,30,Y6016449,,,,0,30.0,0,0
75,5,5,3,10,Y6016450,,,,0,30.0,0,0
75,5,5,3,11,Y6016451,,,,0,30.0,0,0
75,5,5,3,12,Y6016452,,,,0,30.0,0,0
75,5,5,3,13,Y6016453,,,,0,30.0,0,0
75,5,5,3,14,Y6016454,,,,0,30.0,0,0
75,5,5,3,15,Y6016455,,,,0,30.0,0,0
75,5,5,3,16,Y6016456,,,,0,30.0,0,0
75,5,5,3,17,Y6016457,,,,0,30.0,0,0
75,5,5,3,18,Y6016458,,,,3330,30.0,0,0
75,5,5,3,19,Y6016459,,,,3857,30.0,0,0
75,5,5,3,20,Y6016460,,,,3474,30.0,0,0
75,5,5,3,21,Y6016461,,,,0,30.0,0,0
75,5,5,3,22,Y6016462,,,,0,30.0,0,0
75,5,5,3,23,Y6016463,,,,0,30.0,0,0
75,5,5,3,24,Y6016464,,,,0,30.0,0,0
75,5,5,3,25,Y6016465,,,,0,30.0,0,0
75,5,5,3,26,Y6016466,,,,0,30.0,0,0
75,5,5,3,27,Y6016467,,,,0,30.0,0,0
75,5,5,3,28,Y6016468,,,,0,30.0,0,0
75,5,5,3,29,Y6016469,,,,0,30.0,0,0
75,5,5,3,30,Y6016470,,,,0,30.0,0,0
75,5,5,4,10,Y6016471,,,,0,30.0,0,0
75,5,5,4,11,Y6016472,,,,0,30.0,0,0
75,5,5,4,12,Y6016473,,,,0,30.0,0,0
75,5,5,4,13,Y6016474,,,,0,30.0,0,0
75,5,5,4,14,Y6016475,,,,0,30.0,0,0
75,5,5,4,15,Y6016476,,,,0,30.0,0,0
75,5,5,4,16,Y6016477,,,,0,30.0,0,0
75,5,5,4,17,Y6016478,,,,0,30.0,0,0
75,5,5,4,18,Y6016479,,,,3416,30.0,0,0
75,5,5,4,19,Y6016480,,,,3928,30.0,0,0
75,5,5,4,20,Y6016481,,,,3546,30.0,0,0
75,5,5,4,21,Y6016482,,,,0,30.0,0,0
75,5,5,4,22,Y6016483,,,,0,30.0,0,0
75,5,5,4,23,Y6016484,,,,0,30.0,0,0
75,5,5,4,24,Y6016485,,,,0,30.0,0,0
75,5,5,4,25,Y6016486,,,,0,30.0,0,0
75,5,5,4,26,Y6016487,,,,0,30.0,0,0
75,5,5,4,27,Y6016488,,,,0,30.0,0,0
75,5,5,4,28,Y6016489,,,,0,30.0,0,0
75,5,5,4,29,Y6016490,,,,0,30.0,0,0
75,5,5,4,30,Y6016491,,,,0,30.0,0,0
75,5,5,5,10,Y6016492,,,,0,30.0,0,0
75,5,5,5,11,Y6016493,,,,0,30.0,0,0
75,5,5,5,12,Y6016494,,,,0,30.0,0,0
75,5,5,5,13,Y6016495,,,,0,30.0,0,0
75,5,5,5,14,Y6016496,,,,0,30.0,0,0
75,5,5,5,15,Y6016497,,,,0,30.0,0,0
75,5,5,5,16,Y6016498,,,,0,30.0,0,0
75,5,5,5,17,Y6016499,,,,0,30.0,0,0
75,5,5,5,18,Y6016500,,,,3452,30.0,0,0
75,5,5,5,19,Y6016501,,,,3962,30.0,0,0
75,5,5,5,20,Y6016502,,,,3578,30.0,0,0
75,5,5,5,21,Y6016503,,,,0,30.0,0,0
75,5,5,5,22,Y6016504,,,,0,30.0,0,0
75,5,5,5,23,Y6016505,,,,0,30.0,0,0
75,5,5,5,24,Y6016506,,,,0,30.0,0,0
75,5,5,5,25,Y6016507,,,,0,30.0,0,0
75,5,5,5,26,Y6016508,,,,0,30.0,0,0
75,5,5,5,27,Y6016509,,,,0,30.0,0,0
75,5,5,5,28,Y6016510,,,,0,30.0,0,0
75,5,5,5,29,Y6016511,,,,0,30.0,0,0
75,5,5,5,30,Y6016512,,,,0,30.0,0,0
75,5,5,6,10,Y6016513,,,,0,30.0,0,0
75,5,5,6,11,Y6016514,,,,0,30.0,0,0
75,5,5,6,12,Y6016515,,,,0,30.0,0,0
75,5,5,6,13,Y6016516,,,,0,30.0,0,0
75,5,5,6,14,Y6016517,,,,0,30.0,0,0
75,5,5,6,15,Y6016518,,,,0,30.0,0,0
75,5,5,6,16,Y6016519,,,,0,30.0,0,0
75,5,5,6,17,Y6016520,,,,0,30.0,0,0
75,5,5,6,18,Y6016521,,,,3448,30.0,0,0
75,5,5,6,19,Y6016522,,,,3957,30.0,0,0
75,5,5,6,20,Y6016523,,,,3571,30.0,0,0
75,5,5,6,21,Y6016524,,,,0,30.0,0,0
75,5,5,6,22,Y6016525,,,,0,30.0,0,0
75,5,5,6,23,Y6016526,,,,0,30.0,0,0
75,5,5,6,24,Y6016527,,,,0,30.0,0,0
75,5,5,6,25,Y6016528,,,,0,30.0,0,0
75,5,5,6,26,Y6016529,,,,0,30.0,0,0
75,5,5,6,27,Y6016530,,,,0,30.0,0,0
75,5,5,6,28,Y6016531,,,,0,30.0,0,0
75,5,5,6,29,Y6016532,,,,0,30.0,0,0
75,5,5,6,30,Y6016533,,,,0,30.0,0,0
75,5,5,7,10,Y6016534,,,,0,30.0,0,0
75,5,5,7,11,Y6016535,,,,0,30.0,0,0
75,5,5,7,12,Y6016536,,,,0,30.0,0,0
75,5,5,7,13,Y6016537,,,,0,30.0,0,0
75,5,5,7,14,Y6016538,,,,0,30.0,0,0
75,5,5,7,15,Y6016539,,,,0,30.0,0,0
75,5,5,7,16,Y6016540,,,,0,30.0,0,0
75,5,5,7,17,Y6016541,,,,0,30.0,0,0
75,5,5,7,18,Y6016542,,,,3478,30.0,0,0
75,5,5,7,19,Y6016543,,,,3998,30.0,0,0
75,5,5,7,20,Y6016544,,,,3621,30.0,0,0
75,5,5,7,21,Y6016545,,,,0,30.0,0,0
75,5,5,7,22,Y6016546,,,,0,30.0,0,0
75,5,5,7,23,Y6016547,,,,0,30.0,0,0
75,5,5,7,24,Y6016548,,,,0,30.0,0,0
75,5,5,7,25,Y6016549,,,,0,30.0,0,0
75,5,5,7,26,Y6016550,,,,0,30.0,0,0
75,5,5,7,27,Y6016551,,,,0,30.0,0,0
75,5,5,7,28,Y6016552,,,,0,30.0,0,0
75,5,5,7,29,Y6016553,,,,0,30.0,0,0
75,5,5,7,30,Y6016554,,,,0,30.0,0,0
75,5,5,8,10,Y6016555,,,,0,30.0,0,0
75,5,5,8,11,Y6016556,,,,0,30.0,0,0
75,5,5,8,12,Y6016557,,,,0,30.0,0,0
75,5,5,8,13,Y6016558,,,,0,30.0,0,0
75,5,5,8,14,Y6016559,,,,0,30.0,0,0
75,5,5,8,15,Y6016560,,,,0,30.0,0,0
75,5,5,8,16,Y6016561,,,,0,30.0,0,0
75,5,5,8,17,Y6016562,,,,0,30.0,0,0
75,5,5,8,18,Y6016563,,,,3503,30.0,0,0
75,5,5,8,19,Y6016564,,,,3983,30.0,0,0
75,5,5,8,20,Y6016565,,,,3609,30.0,0,0
75,5,5,8,21,Y6016566,,,,0,30.0,0,0
75,5,5,8,22,Y6016567,,,,0,30.0,0,0
75,5,5,8,23,Y6016568,,,,0,30.0,0,0
75,5,5,8,24,Y6016569,,,,0,30.0,0,0
75,5,5,8,25,Y6016570,,,,0,30.0,0,0
75,5,5,8,26,Y6016571,,,,0,30.0,0,0
75,5,5,8,27,Y6016572,,,,0,30.0,0,0
75,5,5,8,28,Y6016573,,,,0,30.0,0,0
75,5,5,8,29,Y6016574,,,,0,30.0,0,0
75,5,5,8,30,Y6016575,,,,0,30.0,0,0
75,5,5,9,10,Y6016576,,,,0,30.0,0,0
75,5,5,9,11,Y6016577,,,,0,30.0,0,0
75,5,5,9,12,Y6016578,,,,0,30.0,0,0
75,5,5,9,13,Y6016579,,,,0,30.0,0,0
75,5,5,9,14,Y6016580,,,,0,30.0,0,0
75,5,5,9,15,Y6016581,,,,0,30.0,0,0
75,5,5,9,16,Y6016582,,,,0,30.0,0,0
75,5,5,9,17,Y6016583,,,,0,30.0,0,0
75,5,5,9,18,Y6016584,,,,3540,30.0,0,0
75,5,5,9,19,Y6016585,,,,4009,30.0,0,0
75,5,5,9,20,Y6016586,,,,3635,30.0,0,0
75,5,5,9,21,Y6016587,,,,0,30.0,0,0
75,5,5,9,22,Y6016588,,,,0,30.0,0,0
75,5,5,9,23,Y6016589,,,,0,30.0,0,0
75,5,5,9,24,Y6016590,,,,0,30.0,0,0
75,5,5,9,25,Y6016591,,,,0,30.0,0,0
75,5,5,9,26,Y6016592,,,,0,30.0,0,0
75,5,5,9,27,Y6016593,,,,0,30.0,0,0
75,5,5,9,28,Y6016594,,,,0,30.0,0,0
75,5,5,9,29,Y6016595,,,,0,30.0,0,0
75,5,5,9,30,Y6016596,,,,0,30.0,0,0
75,5,5,10,10,Y6016597,,,,0,30.0,0,0
75,5,5,10,11,Y6016598,,,,0,30.0,0,0
75,5,5,10,12,Y6016599,,,,0,30.0,0,0
75,5,5,10,13,Y6016600,,,,0,30.0,0,0
75,5,5,10,14,Y6016601,,,,0,30.0,0,0
75,5,5,10,15,Y6016602,,,,0,30.0,0,0
75,5,5,10,16,Y6016603,,,,0,30.0,0,0
75,5,5,10,17,Y6016604,,,,0,30.0,0,0
75,5,5,10,18,Y6016605,,,,3609,30.0,0,0
75,5,5,10,19,Y6016606,,,,4147,30.0,0,0
75,5,5,10,20,Y6016607,,,,3678,30.0,0,0
75,5,5,10,21,Y6016608,,,,0,30.0,0,0
75,5,5,10,22,Y6016609,,,,0,30.0,0,0
75,5,5,10,23,Y6016610,,,,0,30.0,0,0
75,5,5,10,24,Y6016611,,,,0,30.0,0,0
75,5,5,10,25,Y6016612,,,,0,30.0,0,0
75,5,5,10,26,Y6016613,,,,0,30.0,0,0
75,5,5,10,27,Y6016614,,,,0,30.0,0,0
75,5,5,10,28,Y6016615,,,,0,30.0,0,0
75,5,5,10,29,Y6016616,,,,0,30.0,0,0
75,5,5,10,30,Y6016617,,,,0,30.0,0,0
75,5,5,11,10,Y6016618,,,,0,30.0,0,0
75,5,5,11,11,Y6016619,,,,0,30.0,0,0
75,5,5,11,12,Y6016620,,,,0,30.0,0,0
75,5,5,11,13,Y6016621,,,,0,30.0,0,0
75,5,5,11,14,Y6016622,,,,0,30.0,0,0
75,5,5,11,15,Y6016623,,,,0,30.0,0,0
75,5,5,11,16,Y6016624,,,,0,30.0,0,0
75,5,5,11,17,Y6016625,,,,0,30.0,0,0
75,5,5,11,18,Y6016626,,,,3690,30.0,0,0
75,5,5,11,19,Y6016627,,,,4245,30.0,0,0
75,5,5,11,20,Y6016628,,,,3771,30.0,0,0
75,5,5,11,21,Y6016629,,,,0,30.0,0,0
75,5,5,11,22,Y6016630,,,,0,30.0,0,0
75,5,5,11,23,Y6016631,,,,0,30.0,0,0
75,5,5,11,24,Y6016632,,,,0,30.0,0,0
75,5,5,11,25,Y6016633,,,,0,30.0,0,0
75,5,5,11,26,Y6016634,,,,0,30.0,0,0
75,5,5,11,27,Y6016635,,,,0,30.0,0,0
75,5,5,11,28,Y6016636,,,,0,30.0,0,0
75,5,5,11,29,Y6016637,,,,0,30.0,0,0
75,5,5,11,30,Y6016638,,,,0,30.0,0,0
75,5,5,12,10,Y6016639,,,,0,30.0,0,0
75,5,5,12,11,Y6016640,,,,0,30.0,0,0
75,5,5,12,12,Y6016641,,,,0,30.0,0,0
75,5,5,12,13,Y6016642,,,,0,30.0,0,0
75,5,5,12,14,Y6016643,,,,0,30.0,0,0
75,5,5,12,15,Y6016644,,,,0,30.0,0,0
75,5,5,12,16,Y6016645,,,,0,30.0,0,0
75,5,5,12,17,Y6016646,,,,0,30.0,0,0
75,5,5,12,18,Y6016647,,,,4178,30.0,0,0
75,5,5,12,19,Y6016648,,,,4725,30.0,0,0
75,5,5,12,20,Y6016649,,,,4263,30.0,0,0
75,5,5,12,21,Y6016650,,,,0,30.0,0,0
75,5,5,12,22,Y6016651,,,,0,30.0,0,0
75,5,5,12,23,Y6016652,,,,0,30.0,0,0
75,5,5,12,24,Y6016653,,,,0,30.0,0,0
75,5,5,12,25,Y6016654,,,,0,30.0,0,0
75,5,5,12,26,Y6016655,,,,0,30.0,0,0
75,5,5,12,27,Y6016656,,,,0,30.0,0,0
75,5,5,12,28,Y6016657,,,,0,30.0,0,0
75,5,5,12,29,Y6016658,,,,0,30.0,0,0
75,5,5,12,30,Y6016659,,,,0,30.0,0,0
75,5,6,1,10,Y6016660,,,,0,30.0,0,0
75,5,6,1,11,Y6016661,,,,0,30.0,0,0
75,5,6,1,12,Y6016662,,,,0,30.0,0,0
75,5,6,1,13,Y6016663,,,,0,30.0,0,0
75,5,6,1,14,Y6016664,,,,0,30.0,0,0
75,5,6,1,15,Y6016665,,,,0,30.0,0,0
75,5,6,1,16,Y6016666,,,,0,30.0,0,0
75,5,6,1,17,Y6016667,,,,0,30.0,0,0
75,5,6,1,18,Y6016668,,,,3130,30.0,0,0
75,5,6,1,19,Y6016669,,,,3629,30.0,0,0
75,5,6,1,20,Y6016670,,,,3228,30.0,0,0
75,5,6,1,21,Y6016671,,,,0,30.0,0,0
75,5,6,1,22,Y6016672,,,,0,30.0,0,0
75,5,6,1,23,Y6016673,,,,0,30.0,0,0
75,5,6,1,24,Y6016674,,,,0,30.0,0,0
75,5,6,1,25,Y6016675,,,,0,30.0,0,0
75,5,6,1,26,Y6016676,,,,0,30.0,0,0
75,5,6,1,27,Y6016677,,,,0,30.0,0,0
75,5,6,1,28,Y6016678,,,,0,30.0,0,0
75,5,6,1,29,Y6016679,,,,0,30.0,0,0
75,5,6,1,30,Y6016680,,,,0,30.0,0,0
75,5,6,2,10,Y6016681,,,,0,30.0,0,0
75,5,6,2,11,Y6016682,,,,0,30.0,0,0
75,5,6,2,12,Y6016683,,,,0,30.0,0,0
75,5,6,2,13,Y6016684,,,,0,30.0,0,0
75,5,6,2,14,Y6016685,,,,0,30.0,0,0
75,5,6,2,15,Y6016686,,,,0,30.0,0,0
75,5,6,2,16,Y6016687,,,,0,30.0,0,0
75,5,6,2,17,Y6016688,,,,0,30.0,0,0
75,5,6,2,18,Y6016689,,,,3116,30.0,0,0
75,5,6,2,19,Y6016690,,,,3610,30.0,0,0
75,5,6,2,20,Y6016691,,,,3209,30.0,0,0
75,5,6,2,21,Y6016692,,,,0,30.0,0,0
75,5,6,2,22,Y6016693,,,,0,30.0,0,0
75,5,6,2,23,Y6016694,,,,0,30.0,0,0
75,5,6,2,24,Y6016695,,,,0,30.0,0,0
75,5,6,2,25,Y6016696,,,,0,30.0,0,0
75,5,6,2,26,Y6016697,,,,0,30.0,0,0
75,5,6,2,27,Y6016698,,,,0,30.0,0,0
75,5,6,2,28,Y6016699,,,,0,30.0,0,0
75,5,6,2,29,Y6016700,,,,0,30.0,0,0
75,5,6,2,30,Y6016701,,,,0,30.0,0,0
75,5,6,3,10,Y6016702,,,,0,30.0,0,0
75,5,6,3,11,Y6016703,,,,0,30.0,0,0
75,5,6,3,12,Y6016704,,,,0,30.0,0,0
75,5,6,3,13,Y6016705,,,,0,30.0,0,0
75,5,6,3,14,Y6016706,,,,0,30.0,0,0
75,5,6,3,15,Y6016707,,,,0,30.0,0,0
75,5,6,3,16,Y6016708,,,,0,30.0,0,0
75,5,6,3,17,Y6016709,,,,0,30.0,0,0
75,5,6,3,18,Y6016710,,,,3143,30.0,0,0
75,5,6,3,19,Y6016711,,,,3635,30.0,0,0
75,5,6,3,20,Y6016712,,,,3233,30.0,0,0
75,5,6,3,21,Y6016713,,,,0,30.0,0,0
75,5,6,3,22,Y6016714,,,,0,30.0,0,0
75,5,6,3,23,Y6016715,,,,0,30.0,0,0
75,5,6,3,24,Y6016716,,,,0,30.0,0,0
75,5,6,3,25,Y6016717,,,,0,30.0,0,0
75,5,6,3,26,Y6016718,,,,0,30.0,0,0
75,5,6,3,27,Y6016719,,,,0,30.0,0,0
75,5,6,3,28,Y6016720,,,,0,30.0,0,0
75,5,6,3,29,Y6016721,,,,0,30.0,0,0
75,5,6,3,30,Y6016722,,,,0,30.0,0,0
75,5,6,4,10,Y6016723,,,,0,30.0,0,0
75,5,6,4,11,Y6016724,,,,0,30.0,0,0
75,5,6,4,12,Y6016725,,,,0,30.0,0,0
75,5,6,4,13,Y6016726,,,,0,30.0,0,0
75,5,6,4,14,Y6016727,,,,0,30.0,0,0
75,5,6,4,15,Y6016728,,,,0,30.0,0,0
75,5,6,4,16,Y6016729,,,,0,30.0,0,0
75,5,6,4,17,Y6016730,,,,0,30.0,0,0
75,5,6,4,18,Y6016731,,,,3229,30.0,0,0
75,5,6,4,19,Y6016732,,,,3706,30.0,0,0
75,5,6,4,20,Y6016733,,,,3306,30.0,0,0
75,5,6,4,21,Y6016734,,,,0,30.0,0,0
75,5,6,4,22,Y6016735,,,,0,30.0,0,0
75,5,6,4,23,Y6016736,,,,0,30.0,0,0
75,5,6,4,24,Y6016737,,,,0,30.0,0,0
75,5,6,4,25,Y6016738,,,,0,30.0,0,0
75,5,6,4,26,Y6016739,,,,0,30.0,0,0
75,5,6,4,27,Y6016740,,,,0,30.0,0,0
75,5,6,4,28,Y6016741,,,,0,30.0,0,0
75,5,6,4,29,Y6016742,,,,0,30.0,0,0
75,5,6,4,30,Y6016743,,,,0,30.0,0,0
75,5,6,5,10,Y6016744,,,,0,30.0,0,0
75,5,6,5,11,Y6016745,,,,0,30.0,0,0
75,5,6,5,12,Y6016746,,,,0,30.0,0,0
75,5,6,5,13,Y6016747,,,,0,30.0,0,0
75,5,6,5,14,Y6016748,,,,0,30.0,0,0
75,5,6,5,15,Y6016749,,,,0,30.0,0,0
75,5,6,5,16,Y6016750,,,,0,30.0,0,0
75,5,6,5,17,Y6016751,,,,0,30.0,0,0
75,5,6,5,18,Y6016752,,,,3265,30.0,0,0
75,5,6,5,19,Y6016753,,,,3739,30.0,0,0
75,5,6,5,20,Y6016754,,,,3338,30.0,0,0
75,5,6,5,21,Y6016755,,,,0,30.0,0,0
75,5,6,5,22,Y6016756,,,,0,30.0,0,0
75,5,6,5,23,Y6016757,,,,0,30.0,0,0
75,5,6,5,24,Y6016758,,,,0,30.0,0,0
75,5,6,5,25,Y6016759,,,,0,30.0,0,0
75,5,6,5,26,Y6016760,,,,0,30.0,0,0
75,5,6,5,27,Y6016761,,,,0,30.0,0,0
75,5,6,5,28,Y6016762,,,,0,30.0,0,0
75,5,6,5,29,Y6016763,,,,0,30.0,0,0
75,5,6,5,30,Y6016764,,,,0,30.0,0,0
75,5,6,6,10,Y6016765,,,,0,30.0,0,0
75,5,6,6,11,Y6016766,,,,0,30.0,0,0
75,5,6,6,12,Y6016767,,,,0,30.0,0,0
75,5,6,6,13,Y6016768,,,,0,30.0,0,0
75,5,6,6,14,Y6016769,,,,0,30.0,0,0
75,5,6,6,15,Y6016770,,,,0,30.0,0,0
75,5,6,6,16,Y6016771,,,,0,30.0,0,0
75,5,6,6,17,Y6016772,,,,0,30.0,0,0
75,5,6,6,18,Y6016773,,,,3261,30.0,0,0
75,5,6,6,19,Y6016774,,,,3735,30.0,0,0
75,5,6,6,20,Y6016775,,,,3330,30.0,0,0
75,5,6,6,21,Y6016776,,,,0,30.0,0,0
75,5,6,6,22,Y6016777,,,,0,30.0,0,0
75,5,6,6,23,Y6016778,,,,0,30.0,0,0
75,5,6,6,24,Y6016779,,,,0,30.0,0,0
75,5,6,6,25,Y6016780,,,,0,30.0,0,0
75,5,6,6,26,Y6016781,,,,0,30.0,0,0
75,5,6,6,27,Y6016782,,,,0,30.0,0,0
75,5,6,6,28,Y6016783,,,,0,30.0,0,0
75,5,6,6,29,Y6016784,,,,0,30.0,0,0
75,5,6,6,30,Y6016785,,,,0,30.0,0,0
75,5,6,7,10,Y6016786,,,,0,30.0,0,0
75,5,6,7,11,Y6016787,,,,0,30.0,0,0
75,5,6,7,12,Y6016788,,,,0,30.0,0,0
75,5,6,7,13,Y6016789,,,,0,30.0,0,0
75,5,6,7,14,Y6016790,,,,0,30.0,0,0
75,5,6,7,15,Y6016791,,,,0,30.0,0,0
75,5,6,7,16,Y6016792,,,,0,30.0,0,0
75,5,6,7,17,Y6016793,,,,0,30.0,0,0
75,5,6,7,18,Y6016794,,,,3291,30.0,0,0
75,5,6,7,19,Y6016795,,,,3776,30.0,0,0
75,5,6,7,20,Y6016796,,,,3381,30.0,0,0
75,5,6,7,21,Y6016797,,,,0,30.0,0,0
75,5,6,7,22,Y6016798,,,,0,30.0,0,0
75,5,6,7,23,Y6016799,,,,0,30.0,0,0
75,5,6,7,24,Y6016800,,,,0,30.0,0,0
75,5,6,7,25,Y6016801,,,,0,30.0,0,0
75,5,6,7,26,Y6016802,,,,0,30.0,0,0
75,5,6,7,27,Y6016803,,,,0,30.0,0,0
75,5,6,7,28,Y6016804,,,,0,30.0,0,0
75,5,6,7,29,Y6016805,,,,0,30.0,0,0
75,5,6,7,30,Y6016806,,,,0,30.0,0,0
75,5,6,8,10,Y6016807,,,,0,30.0,0,0
75,5,6,8,11,Y6016808,,,,0,30.0,0,0
75,5,6,8,12,Y6016809,,,,0,30.0,0,0
75,5,6,8,13,Y6016810,,,,0,30.0,0,0
75,5,6,8,14,Y6016811,,,,0,30.0,0,0
75,5,6,8,15,Y6016812,,,,0,30.0,0,0
75,5,6,8,16,Y6016813,,,,0,30.0,0,0
75,5,6,8,17,Y6016814,,,,0,30.0,0,0
75,5,6,8,18,Y6016815,,,,3316,30.0,0,0
75,5,6,8,19,Y6016816,,,,3759,30.0,0,0
75,5,6,8,20,Y6016817,,,,3368,30.0,0,0
75,5,6,8,21,Y6016818,,,,0,30.0,0,0
75,5,6,8,22,Y6016819,,,,0,30.0,0,0
75,5,6,8,23,Y6016820,,,,0,30.0,0,0
75,5,6,8,24,Y6016821,,,,0,30.0,0,0
75,5,6,8,25,Y6016822,,,,0,30.0,0,0
75,5,6,8,26,Y6016823,,,,0,30.0,0,0
75,5,6,8,27,Y6016824,,,,0,30.0,0,0
75,5,6,8,28,Y6016825,,,,0,30.0,0,0
75,5,6,8,29,Y6016826,,,,0,30.0,0,0
75,5,6,8,30,Y6016827,,,,0,30.0,0,0
75,5,6,9,10,Y6016828,,,,0,30.0,0,0
75,5,6,9,11,Y6016829,,,,0,30.0,0,0
75,5,6,9,12,Y6016830,,,,0,30.0,0,0
75,5,6,9,13,Y6016831,,,,0,30.0,0,0
75,5,6,9,14,Y6016832,,,,0,30.0,0,0
75,5,6,9,15,Y6016833,,,,0,30.0,0,0
75,5,6,9,16,Y6016834,,,,0,30.0,0,0
75,5,6,9,17,Y6016835,,,,0,30.0,0,0
75,5,6,9,18,Y6016836,,,,3350,30.0,0,0
75,5,6,9,19,Y6016837,,,,3782,30.0,0,0
75,5,6,9,20,Y6016838,,,,3391,30.0,0,0
75,5,6,9,21,Y6016839,,,,0,30.0,0,0
75,5,6,9,22,Y6016840,,,,0,30.0,0,0
75,5,6,9,23,Y6016841,,,,0,30.0,0,0
75,5,6,9,24,Y6016842,,,,0,30.0,0,0
75,5,6,9,25,Y6016843,,,,0,30.0,0,0
75,5,6,9,26,Y6016844,,,,0,30.0,0,0
75,5,6,9,27,Y6016845,,,,0,30.0,0,0
75,5,6,9,28,Y6016846,,,,0,30.0,0,0
75,5,6,9,29,Y6016847,,,,0,30.0,0,0
75,5,6,9,30,Y6016848,,,,0,30.0,0,0
75,5,6,10,10,Y6016849,,,,0,30.0,0,0
75,5,6,10,11,Y6016850,,,,0,30.0,0,0
75,5,6,10,12,Y6016851,,,,0,30.0,0,0
75,5,6,10,13,Y6016852,,,,0,30.0,0,0
75,5,6,10,14,Y6016853,,,,0,30.0,0,0
75,5,6,10,15,Y6016854,,,,0,30.0,0,0
75,5,6,10,16,Y6016855,,,,0,30.0,0,0
75,5,6,10,17,Y6016856,,,,0,30.0,0,0
75,5,6,10,18,Y6016857,,,,3450,30.0,0,0
75,5,6,10,19,Y6016858,,,,3962,30.0,0,0
75,5,6,10,20,Y6016859,,,,3476,30.0,0,0
75,5,6,10,21,Y6016860,,,,0,30.0,0,0
75,5,6,10,22,Y6016861,,,,0,30.0,0,0
75,5,6,10,23,Y6016862,,,,0,30.0,0,0
75,5,6,10,24,Y6016863,,,,0,30.0,0,0
75,5,6,10,25,Y6016864,,,,0,30.0,0,0
75,5,6,10,26,Y6016865,,,,0,30.0,0,0
75,5,6,10,27,Y6016866,,,,0,30.0,0,0
75,5,6,10,28,Y6016867,,,,0,30.0,0,0
75,5,6,10,29,Y6016868,,,,0,30.0,0,0
75,5,6,10,30,Y6016869,,,,0,30.0,0,0
75,5,6,11,10,Y6016870,,,,0,30.0,0,0
75,5,6,11,11,Y6016871,,,,0,30.0,0,0
75,5,6,11,12,Y6016872,,,,0,30.0,0,0
75,5,6,11,13,Y6016873,,,,0,30.0,0,0
75,5,6,11,14,Y6016874,,,,0,30.0,0,0
75,5,6,11,15,Y6016875,,,,0,30.0,0,0
75,5,6,11,16,Y6016876,,,,0,30.0,0,0
75,5,6,11,17,Y6016877,,,,0,30.0,0,0
75,5,6,11,18,Y6016878,,,,3530,30.0,0,0
75,5,6,11,19,Y6016879,,,,4060,30.0,0,0
75,5,6,11,20,Y6016880,,,,3568,30.0,0,0
75,5,6,11,21,Y6016881,,,,0,30.0,0,0
75,5,6,11,22,Y6016882,,,,0,30.0,0,0
75,5,6,11,23,Y6016883,,,,0,30.0,0,0
75,5,6,11,24,Y6016884,,,,0,30.0,0,0
75,5,6,11,25,Y6016885,,,,0,30.0,0,0
75,5,6,11,26,Y6016886,,,,0,30.0,0,0
75,5,6,11,27,Y6016887,,,,0,30.0,0,0
75,5,6,11,28,Y6016888,,,,0,30.0,0,0
75,5,6,11,29,Y6016889,,,,0,30.0,0,0
75,5,6,11,30,Y6016890,,,,0,30.0,0,0
75,5,6,12,10,Y6016891,,,,0,30.0,0,0
75,5,6,12,11,Y6016892,,,,0,30.0,0,0
75,5,6,12,12,Y6016893,,,,0,30.0,0,0
75,5,6,12,13,Y6016894,,,,0,30.0,0,0
75,5,6,12,14,Y6016895,,,,0,30.0,0,0
75,5,6,12,15,Y6016896,,,,0,30.0,0,0
75,5,6,12,16,Y6016897,,,,0,30.0,0,0
75,5,6,12,17,Y6016898,,,,0,30.0,0,0
75,5,6,12,18,Y6016899,,,,4019,30.0,0,0
75,5,6,12,19,Y6016900,,,,4541,30.0,0,0
75,5,6,12,20,Y6016901,,,,4061,30.0,0,0
75,5,6,12,21,Y6016902,,,,0,30.0,0,0
75,5,6,12,22,Y6016903,,,,0,30.0,0,0
75,5,6,12,23,Y6016904,,,,0,30.0,0,0
75,5,6,12,24,Y6016905,,,,0,30.0,0,0
75,5,6,12,25,Y6016906,,,,0,30.0,0,0
75,5,6,12,26,Y6016907,,,,0,30.0,0,0
75,5,6,12,27,Y6016908,,,,0,30.0,0,0
75,5,6,12,28,Y6016909,,,,0,30.0,0,0
75,5,6,12,29,Y6016910,,,,0,30.0,0,0
75,5,6,12,30,Y6016911,,,,0,30.0,0,0
75,5,7,1,10,Y6016912,,,,0,30.0,0,0
75,5,7,1,11,Y6016913,,,,0,30.0,0,0
75,5,7,1,12,Y6016914,,,,0,30.0,0,0
75,5,7,1,13,Y6016915,,,,0,30.0,0,0
75,5,7,1,14,Y6016916,,,,0,30.0,0,0
75,5,7,1,15,Y6016917,,,,0,30.0,0,0
75,5,7,1,16,Y6016918,,,,0,30.0,0,0
75,5,7,1,17,Y6016919,,,,0,30.0,0,0
75,5,7,1,18,Y6016920,,,,3066,30.0,0,0
75,5,7,1,19,Y6016921,,,,3575,30.0,0,0
75,5,7,1,20,Y6016922,,,,3130,30.0,0,0
75,5,7,1,21,Y6016923,,,,0,30.0,0,0
75,5,7,1,22,Y6016924,,,,0,30.0,0,0
75,5,7,1,23,Y6016925,,,,0,30.0,0,0
75,5,7,1,24,Y6016926,,,,0,30.0,0,0
75,5,7,1,25,Y6016927,,,,0,30.0,0,0
75,5,7,1,26,Y6016928,,,,0,30.0,0,0
75,5,7,1,27,Y6016929,,,,0,30.0,0,0
75,5,7,1,28,Y6016930,,,,0,30.0,0,0
75,5,7,1,29,Y6016931,,,,0,30.0,0,0
75,5,7,1,30,Y6016932,,,,0,30.0,0,0
75,5,7,2,10,Y6016933,,,,0,30.0,0,0
75,5,7,2,11,Y6016934,,,,0,30.0,0,0
75,5,7,2,12,Y6016935,,,,0,30.0,0,0
75,5,7,2,13,Y6016936,,,,0,30.0,0,0
75,5,7,2,14,Y6016937,,,,0,30.0,0,0
75,5,7,2,15,Y6016938,,,,0,30.0,0,0
75,5,7,2,16,Y6016939,,,,0,30.0,0,0
75,5,7,2,17,Y6016940,,,,0,30.0,0,0
75,5,7,2,18,Y6016941,,,,3053,30.0,0,0
75,5,7,2,19,Y6016942,,,,3555,30.0,0,0
75,5,7,2,20,Y6016943,,,,3111,30.0,0,0
75,5,7,2,21,Y6016944,,,,0,30.0,0,0
75,5,7,2,22,Y6016945,,,,0,30.0,0,0
75,5,7,2,23,Y6016946,,,,0,30.0,0,0
75,5,7,2,24,Y6016947,,,,0,30.0,0,0
75,5,7,2,25,Y6016948,,,,0,30.0,0,0
75,5,7,2,26,Y6016949,,,,0,30.0,0,0
75,5,7,2,27,Y6016950,,,,0,30.0,0,0
75,5,7,2,28,Y6016951,,,,0,30.0,0,0
75,5,7,2,29,Y6016952,,,,0,30.0,0,0
75,5,7,2,30,Y6016953,,,,0,30.0,0,0
75,5,7,3,10,Y6016954,,,,0,30.0,0,0
75,5,7,3,11,Y6016955,,,,0,30.0,0,0
75,5,7,3,12,Y6016956,,,,0,30.0,0,0
75,5,7,3,13,Y6016957,,,,0,30.0,0,0
75,5,7,3,14,Y6016958,,,,0,30.0,0,0
75,5,7,3,15,Y6016959,,,,0,30.0,0,0
75,5,7,3,16,Y6016960,,,,0,30.0,0,0
75,5,7,3,17,Y6016961,,,,0,30.0,0,0
75,5,7,3,18,Y6016962,,,,3066,30.0,0,0
75,5,7,3,19,Y6016963,,,,3567,30.0,0,0
75,5,7,3,20,Y6016964,,,,3122,30.0,0,0
75,5,7,3,21,Y6016965,,,,0,30.0,0,0
75,5,7,3,22,Y6016966,,,,0,30.0,0,0
75,5,7,3,23,Y6016967,,,,0,30.0,0,0
75,5,7,3,24,Y6016968,,,,0,30.0,0,0
75,5,7,3,25,Y6016969,,,,0,30.0,0,0
75,5,7,3,26,Y6016970,,,,0,30.0,0,0
75,5,7,3,27,Y6016971,,,,0,30.0,0,0
75,5,7,3,28,Y6016972,,,,0,30.0,0,0
75,5,7,3,29,Y6016973,,,,0,30.0,0,0
75,5,7,3,30,Y6016974,,,,0,30.0,0,0
75,5,7,4,10,Y6016975,,,,0,30.0,0,0
75,5,7,4,11,Y6016976,,,,0,30.0,0,0
75,5,7,4,12,Y6016977,,,,0,30.0,0,0
75,5,7,4,13,Y6016978,,,,0,30.0,0,0
75,5,7,4,14,Y6016979,,,,0,30.0,0,0
75,5,7,4,15,Y6016980,,,,0,30.0,0,0
75,5,7,4,16,Y6016981,,,,0,30.0,0,0
75,5,7,4,17,Y6016982,,,,0,30.0,0,0
75,5,7,4,18,Y6016983,,,,3152,30.0,0,0
75,5,7,4,19,Y6016984,,,,3638,30.0,0,0
75,5,7,4,20,Y6016985,,,,3195,30.0,0,0
75,5,7,4,21,Y6016986,,,,0,30.0,0,0
75,5,7,4,22,Y6016987,,,,0,30.0,0,0
75,5,7,4,23,Y6016988,,,,0,30.0,0,0
75,5,7,4,24,Y6016989,,,,0,30.0,0,0
75,5,7,4,25,Y6016990,,,,0,30.0,0,0
75,5,7,4,26,Y6016991,,,,0,30.0,0,0
75,5,7,4,27,Y6016992,,,,0,30.0,0,0
75,5,7,4,28,Y6016993,,,,0,30.0,0,0
75,5,7,4,29,Y6016994,,,,0,30.0,0,0
75,5,7,4,30,Y6016995,,,,0,30.0,0,0
75,5,7,5,10,Y6016996,,,,0,30.0,0,0
75,5,7,5,11,Y6016997,,,,0,30.0,0,0
75,5,7,5,12,Y6016998,,,,0,30.0,0,0
75,5,7,5,13,Y6016999,,,,0,30.0,0,0
75,5,7,5,14,Y6017000,,,,0,30.0,0,0
75,5,7,5,15,Y6017001,,,,0,30.0,0,0
75,5,7,5,16,Y6017002,,,,0,30.0,0,0
75,5,7,5,17,Y6017003,,,,0,30.0,0,0
75,5,7,5,18,Y6017004,,,,3189,30.0,0,0
75,5,7,5,19,Y6017005,,,,3672,30.0,0,0
75,5,7,5,20,Y6017006,,,,3227,30.0,0,0
75,5,7,5,21,Y6017007,,,,0,30.0,0,0
75,5,7,5,22,Y6017008,,,,0,30.0,0,0
75,5,7,5,23,Y6017009,,,,0,30.0,0,0
75,5,7,5,24,Y6017010,,,,0,30.0,0,0
75,5,7,5,25,Y6017011,,,,0,30.0,0,0
75,5,7,5,26,Y6017012,,,,0,30.0,0,0
75,5,7,5,27,Y6017013,,,,0,30.0,0,0
75,5,7,5,28,Y6017014,,,,0,30.0,0,0
75,5,7,5,29,Y6017015,,,,0,30.0,0,0
75,5,7,5,30,Y6017016,,,,0,30.0,0,0
75,5,7,6,10,Y6017017,,,,0,30.0,0,0
75,5,7,6,11,Y6017018,,,,0,30.0,0,0
75,5,7,6,12,Y6017019,,,,0,30.0,0,0
75,5,7,6,13,Y6017020,,,,0,30.0,0,0
75,5,7,6,14,Y6017021,,,,0,30.0,0,0
75,5,7,6,15,Y6017022,,,,0,30.0,0,0
75,5,7,6,16,Y6017023,,,,0,30.0,0,0
75,5,7,6,17,Y6017024,,,,0,30.0,0,0
75,5,7,6,18,Y6017025,,,,3184,30.0,0,0
75,5,7,6,19,Y6017026,,,,3667,30.0,0,0
75,5,7,6,20,Y6017027,,,,3219,30.0,0,0
75,5,7,6,21,Y6017028,,,,0,30.0,0,0
75,5,7,6,22,Y6017029,,,,0,30.0,0,0
75,5,7,6,23,Y6017030,,,,0,30.0,0,0
75,5,7,6,24,Y6017031,,,,0,30.0,0,0
75,5,7,6,25,Y6017032,,,,0,30.0,0,0
75,5,7,6,26,Y6017033,,,,0,30.0,0,0
75,5,7,6,27,Y6017034,,,,0,30.0,0,0
75,5,7,6,28,Y6017035,,,,0,30.0,0,0
75,5,7,6,29,Y6017036,,,,0,30.0,0,0
75,5,7,6,30,Y6017037,,,,0,30.0,0,0
75,5,7,7,10,Y6017038,,,,0,30.0,0,0
75,5,7,7,11,Y6017039,,,,0,30.0,0,0
75,5,7,7,12,Y6017040,,,,0,30.0,0,0
75,5,7,7,13,Y6017041,,,,0,30.0,0,0
75,5,7,7,14,Y6017042,,,,0,30.0,0,0
75,5,7,7,15,Y6017043,,,,0,30.0,0,0
75,5,7,7,16,Y6017044,,,,0,30.0,0,0
75,5,7,7,17,Y6017045,,,,0,30.0,0,0
75,5,7,7,18,Y6017046,,,,3214,30.0,0,0
75,5,7,7,19,Y6017047,,,,3708,30.0,0,0
75,5,7,7,20,Y6017048,,,,3270,30.0,0,0
75,5,7,7,21,Y6017049,,,,0,30.0,0,0
75,5,7,7,22,Y6017050,,,,0,30.0,0,0
75,5,7,7,23,Y6017051,,,,0,30.0,0,0
75,5,7,7,24,Y6017052,,,,0,30.0,0,0
75,5,7,7,25,Y6017053,,,,0,30.0,0,0
75,5,7,7,26,Y6017054,,,,0,30.0,0,0
75,5,7,7,27,Y6017055,,,,0,30.0,0,0
75,5,7,7,28,Y6017056,,,,0,30.0,0,0
75,5,7,7,29,Y6017057,,,,0,30.0,0,0
75,5,7,7,30,Y6017058,,,,0,30.0,0,0
75,5,7,8,10,Y6017059,,,,0,30.0,0,0
75,5,7,8,11,Y6017060,,,,0,30.0,0,0
75,5,7,8,12,Y6017061,,,,0,30.0,0,0
75,5,7,8,13,Y6017062,,,,0,30.0,0,0
75,5,7,8,14,Y6017063,,,,0,30.0,0,0
75,5,7,8,15,Y6017064,,,,0,30.0,0,0
75,5,7,8,16,Y6017065,,,,0,30.0,0,0
75,5,7,8,17,Y6017066,,,,0,30.0,0,0
75,5,7,8,18,Y6017067,,,,3280,30.0,0,0
75,5,7,8,19,Y6017068,,,,3712,30.0,0,0
75,5,7,8,20,Y6017069,,,,3277,30.0,0,0
75,5,7,8,21,Y6017070,,,,0,30.0,0,0
75,5,7,8,22,Y6017071,,,,0,30.0,0,0
75,5,7,8,23,Y6017072,,,,0,30.0,0,0
75,5,7,8,24,Y6017073,,,,0,30.0,0,0
75,5,7,8,25,Y6017074,,,,0,30.0,0,0
75,5,7,8,26,Y6017075,,,,0,30.0,0,0
75,5,7,8,27,Y6017076,,,,0,30.0,0,0
75,5,7,8,28,Y6017077,,,,0,30.0,0,0
75,5,7,8,29,Y6017078,,,,0,30.0,0,0
75,5,7,8,30,Y6017079,,,,0,30.0,0,0
75,5,7,9,10,Y6017080,,,,0,30.0,0,0
75,5,7,9,11,Y6017081,,,,0,30.0,0,0
75,5,7,9,12,Y6017082,,,,0,30.0,0,0
75,5,7,9,13,Y6017083,,,,0,30.0,0,0
75,5,7,9,14,Y6017084,,,,0,30.0,0,0
75,5,7,9,15,Y6017085,,,,0,30.0,0,0
75,5,7,9,16,Y6017086,,,,0,30.0,0,0
75,5,7,9,17,Y6017087,,,,0,30.0,0,0
75,5,7,9,18,Y6017088,,,,3311,30.0,0,0
75,5,7,9,19,Y6017089,,,,3732,30.0,0,0
75,5,7,9,20,Y6017090,,,,3297,30.0,0,0
75,5,7,9,21,Y6017091,,,,0,30.0,0,0
75,5,7,9,22,Y6017092,,,,0,30.0,0,0
75,5,7,9,23,Y6017093,,,,0,30.0,0,0
75,5,7,9,24,Y6017094,,,,0,30.0,0,0
75,5,7,9,25,Y6017095,,,,0,30.0,0,0
75,5,7,9,26,Y6017096,,,,0,30.0,0,0
75,5,7,9,27,Y6017097,,,,0,30.0,0,0
75,5,7,9,28,Y6017098,,,,0,30.0,0,0
75,5,7,9,29,Y6017099,,,,0,30.0,0,0
75,5,7,9,30,Y6017100,,,,0,30.0,0,0
75,5,7,10,10,Y6017101,,,,0,30.0,0,0
75,5,7,10,11,Y6017102,,,,0,30.0,0,0
75,5,7,10,12,Y6017103,,,,0,30.0,0,0
75,5,7,10,13,Y6017104,,,,0,30.0,0,0
75,5,7,10,14,Y6017105,,,,0,30.0,0,0
75,5,7,10,15,Y6017106,,,,0,30.0,0,0
75,5,7,10,16,Y6017107,,,,0,30.0,0,0
75,5,7,10,17,Y6017108,,,,0,30.0,0,0
75,5,7,10,18,Y6017109,,,,3424,30.0,0,0
75,5,7,10,19,Y6017110,,,,3925,30.0,0,0
75,5,7,10,20,Y6017111,,,,3396,30.0,0,0
75,5,7,10,21,Y6017112,,,,0,30.0,0,0
75,5,7,10,22,Y6017113,,,,0,30.0,0,0
75,5,7,10,23,Y6017114,,,,0,30.0,0,0
75,5,7,10,24,Y6017115,,,,0,30.0,0,0
75,5,7,10,25,Y6017116,,,,0,30.0,0,0
75,5,7,10,26,Y6017117,,,,0,30.0,0,0
75,5,7,10,27,Y6017118,,,,0,30.0,0,0
75,5,7,10,28,Y6017119,,,,0,30.0,0,0
75,5,7,10,29,Y6017120,,,,0,30.0,0,0
75,5,7,10,30,Y6017121,,,,0,30.0,0,0
75,5,7,11,10,Y6017122,,,,0,30.0,0,0
75,5,7,11,11,Y6017123,,,,0,30.0,0,0
75,5,7,11,12,Y6017124,,,,0,30.0,0,0
75,5,7,11,13,Y6017125,,,,0,30.0,0,0
75,5,7,11,14,Y6017126,,,,0,30.0,0,0
75,5,7,11,15,Y6017127,,,,0,30.0,0,0
75,5,7,11,16,Y6017128,,,,0,30.0,0,0
75,5,7,11,17,Y6017129,,,,0,30.0,0,0
75,5,7,11,18,Y6017130,,,,3505,30.0,0,0
75,5,7,11,19,Y6017131,,,,4024,30.0,0,0
75,5,7,11,20,Y6017132,,,,3488,30.0,0,0
75,5,7,11,21,Y6017133,,,,0,30.0,0,0
75,5,7,11,22,Y6017134,,,,0,30.0,0,0
75,5,7,11,23,Y6017135,,,,0,30.0,0,0
75,5,7,11,24,Y6017136,,,,0,30.0,0,0
75,5,7,11,25,Y6017137,,,,0,30.0,0,0
75,5,7,11,26,Y6017138,,,,0,30.0,0,0
75,5,7,11,27,Y6017139,,,,0,30.0,0,0
75,5,7,11,28,Y6017140,,,,0,30.0,0,0
75,5,7,11,29,Y6017141,,,,0,30.0,0,0
75,5,7,11,30,Y6017142,,,,0,30.0,0,0
75,5,7,12,10,Y6017143,,,,0,30.0,0,0
75,5,7,12,11,Y6017144,,,,0,30.0,0,0
75,5,7,12,12,Y6017145,,,,0,30.0,0,0
75,5,7,12,13,Y6017146,,,,0,30.0,0,0
75,5,7,12,14,Y6017147,,,,0,30.0,0,0
75,5,7,12,15,Y6017148,,,,0,30.0,0,0
75,5,7,12,16,Y6017149,,,,0,30.0,0,0
75,5,7,12,17,Y6017150,,,,0,30.0,0,0
75,5,7,12,18,Y6017151,,,,3975,30.0,0,0
75,5,7,12,19,Y6017152,,,,4489,30.0,0,0
75,5,7,12,20,Y6017153,,,,3963,30.0,0,0
75,5,7,12,21,Y6017154,,,,0,30.0,0,0
75,5,7,12,22,Y6017155,,,,0,30.0,0,0
75,5,7,12,23,Y6017156,,,,0,30.0,0,0
75,5,7,12,24,Y6017157,,,,0,30.0,0,0
75,5,7,12,25,Y6017158,,,,0,30.0,0,0
75,5,7,12,26,Y6017159,,,,0,30.0,0,0
75,5,7,12,27,Y6017160,,,,0,30.0,0,0
75,5,7,12,28,Y6017161,,,,0,30.0,0,0
75,5,7,12,29,Y6017162,,,,0,30.0,0,0
75,5,7,12,30,Y6017163,,,,0,30.0,0,0
75,5,8,1,10,Y6017164,,,,0,30.0,0,0
75,5,8,1,11,Y6017165,,,,0,30.0,0,0
75,5,8,1,12,Y6017166,,,,0,30.0,0,0
75,5,8,1,13,Y6017167,,,,0,30.0,0,0
75,5,8,1,14,Y6017168,,,,0,30.0,0,0
75,5,8,1,15,Y6017169,,,,0,30.0,0,0
75,5,8,1,16,Y6017170,,,,0,30.0,0,0
75,5,8,1,17,Y6017171,,,,0,30.0,0,0
75,5,8,1,18,Y6017172,,,,0,30.0,0,0
75,5,8,1,19,Y6017173,,,,3418,30.0,0,0
75,5,8,1,20,Y6017174,,,,0,30.0,0,0
75,5,8,1,21,Y6017175,,,,0,30.0,0,0
75,5,8,1,22,Y6017176,,,,0,30.0,0,0
75,5,8,1,23,Y6017177,,,,0,30.0,0,0
75,5,8,1,24,Y6017178,,,,0,30.0,0,0
75,5,8,1,25,Y6017179,,,,0,30.0,0,0
75,5,8,1,26,Y6017180,,,,0,30.0,0,0
75,5,8,1,27,Y6017181,,,,0,30.0,0,0
75,5,8,1,28,Y6017182,,,,0,30.0,0,0
75,5,8,1,29,Y6017183,,,,0,30.0,0,0
75,5,8,1,30,Y6017184,,,,0,30.0,0,0
75,5,8,2,10,Y6017185,,,,0,30.0,0,0
75,5,8,2,11,Y6017186,,,,0,30.0,0,0
75,5,8,2,12,Y6017187,,,,0,30.0,0,0
75,5,8,2,13,Y6017188,,,,0,30.0,0,0
75,5,8,2,14,Y6017189,,,,0,30.0,0,0
75,5,8,2,15,Y6017190,,,,0,30.0,0,0
75,5,8,2,16,Y6017191,,,,0,30.0,0,0
75,5,8,2,17,Y6017192,,,,0,30.0,0,0
75,5,8,2,18,Y6017193,,,,0,30.0,0,0
75,5,8,2,19,Y6017194,,,,3398,30.0,0,0
75,5,8,2,20,Y6017195,,,,0,30.0,0,0
75,5,8,2,21,Y6017196,,,,0,30.0,0,0
75,5,8,2,22,Y6017197,,,,0,30.0,0,0
75,5,8,2,23,Y6017198,,,,0,30.0,0,0
75,5,8,2,24,Y6017199,,,,0,30.0,0,0
75,5,8,2,25,Y6017200,,,,0,30.0,0,0
75,5,8,2,26,Y6017201,,,,0,30.0,0,0
75,5,8,2,27,Y6017202,,,,0,30.0,0,0
75,5,8,2,28,Y6017203,,,,0,30.0,0,0
75,5,8,2,29,Y6017204,,,,0,30.0,0,0
75,5,8,2,30,Y6017205,,,,0,30.0,0,0
75,5,8,3,10,Y6017206,,,,0,30.0,0,0
75,5,8,3,11,Y6017207,,,,0,30.0,0,0
75,5,8,3,12,Y6017208,,,,0,30.0,0,0
75,5,8,3,13,Y6017209,,,,0,30.0,0,0
75,5,8,3,14,Y6017210,,,,0,30.0,0,0
75,5,8,3,15,Y6017211,,,,0,30.0,0,0
75,5,8,3,16,Y6017212,,,,0,30.0,0,0
75,5,8,3,17,Y6017213,,,,0,30.0,0,0
75,5,8,3,18,Y6017214,,,,0,30.0,0,0
75,5,8,3,19,Y6017215,,,,3410,30.0,0,0
75,5,8,3,20,Y6017216,,,,0,30.0,0,0
75,5,8,3,21,Y6017217,,,,0,30.0,0,0
75,5,8,3,22,Y6017218,,,,0,30.0,0,0
75,5,8,3,23,Y6017219,,,,0,30.0,0,0
75,5,8,3,24,Y6017220,,,,0,30.0,0,0
75,5,8,3,25,Y6017221,,,,0,30.0,0,0
75,5,8,3,26,Y6017222,,,,0,30.0,0,0
75,5,8,3,27,Y6017223,,,,0,30.0,0,0
75,5,8,3,28,Y6017224,,,,0,30.0,0,0
75,5,8,3,29,Y6017225,,,,0,30.0,0,0
75,5,8,3,30,Y6017226,,,,0,30.0,0,0
75,5,8,4,10,Y6017227,,,,0,30.0,0,0
75,5,8,4,11,Y6017228,,,,0,30.0,0,0
75,5,8,4,12,Y6017229,,,,0,30.0,0,0
75,5,8,4,13,Y6017230,,,,0,30.0,0,0
75,5,8,4,14,Y6017231,,,,0,30.0,0,0
75,5,8,4,15,Y6017232,,,,0,30.0,0,0
75,5,8,4,16,Y6017233,,,,0,30.0,0,0
75,5,8,4,17,Y6017234,,,,0,30.0,0,0
75,5,8,4,18,Y6017235,,,,3039,30.0,0,0
75,5,8,4,19,Y6017236,,,,3481,30.0,0,0
75,5,8,4,20,Y6017237,,,,3035,30.0,0,0
75,5,8,4,21,Y6017238,,,,0,30.0,0,0
75,5,8,4,22,Y6017239,,,,0,30.0,0,0
75,5,8,4,23,Y6017240,,,,0,30.0,0,0
75,5,8,4,24,Y6017241,,,,0,30.0,0,0
75,5,8,4,25,Y6017242,,,,0,30.0,0,0
75,5,8,4,26,Y6017243,,,,0,30.0,0,0
75,5,8,4,27,Y6017244,,,,0,30.0,0,0
75,5,8,4,28,Y6017245,,,,0,30.0,0,0
75,5,8,4,29,Y6017246,,,,0,30.0,0,0
75,5,8,4,30,Y6017247,,,,0,30.0,0,0
75,5,8,5,10,Y6017248,,,,0,30.0,0,0
75,5,8,5,11,Y6017249,,,,0,30.0,0,0
75,5,8,5,12,Y6017250,,,,0,30.0,0,0
75,5,8,5,13,Y6017251,,,,0,30.0,0,0
75,5,8,5,14,Y6017252,,,,0,30.0,0,0
75,5,8,5,15,Y6017253,,,,0,30.0,0,0
75,5,8,5,16,Y6017254,,,,0,30.0,0,0
75,5,8,5,17,Y6017255,,,,0,30.0,0,0
75,5,8,5,18,Y6017256,,,,3082,30.0,0,0
75,5,8,5,19,Y6017257,,,,3520,30.0,0,0
75,5,8,5,20,Y6017258,,,,3073,30.0,0,0
75,5,8,5,21,Y6017259,,,,0,30.0,0,0
75,5,8,5,22,Y6017260,,,,0,30.0,0,0
75,5,8,5,23,Y6017261,,,,0,30.0,0,0
75,5,8,5,24,Y6017262,,,,0,30.0,0,0
75,5,8,5,25,Y6017263,,,,0,30.0,0,0
75,5,8,5,26,Y6017264,,,,0,30.0,0,0
75,5,8,5,27,Y6017265,,,,0,30.0,0,0
75,5,8,5,28,Y6017266,,,,0,30.0,0,0
75,5,8,5,29,Y6017267,,,,0,30.0,0,0
75,5,8,5,30,Y6017268,,,,0,30.0,0,0
75,5,8,6,10,Y6017269,,,,0,30.0,0,0
75,5,8,6,11,Y6017270,,,,0,30.0,0,0
75,5,8,6,12,Y6017271,,,,0,30.0,0,0
75,5,8,6,13,Y6017272,,,,0,30.0,0,0
75,5,8,6,14,Y6017273,,,,0,30.0,0,0
75,5,8,6,15,Y6017274,,,,0,30.0,0,0
75,5,8,6,16,Y6017275,,,,0,30.0,0,0
75,5,8,6,17,Y6017276,,,,0,30.0,0,0
75,5,8,6,18,Y6017277,,,,3077,30.0,0,0
75,5,8,6,19,Y6017278,,,,3516,30.0,0,0
75,5,8,6,20,Y6017279,,,,3065,30.0,0,0
75,5,8,6,21,Y6017280,,,,0,30.0,0,0
75,5,8,6,22,Y6017281,,,,0,30.0,0,0
75,5,8,6,23,Y6017282,,,,0,30.0,0,0
75,5,8,6,24,Y6017283,,,,0,30.0,0,0
75,5,8,6,25,Y6017284,,,,0,30.0,0,0
75,5,8,6,26,Y6017285,,,,0,30.0,0,0
75,5,8,6,27,Y6017286,,,,0,30.0,0,0
75,5,8,6,28,Y6017287,,,,0,30.0,0,0
75,5,8,6,29,Y6017288,,,,0,30.0,0,0
75,5,8,6,30,Y6017289,,,,0,30.0,0,0
75,5,8,7,10,Y6017290,,,,0,30.0,0,0
75,5,8,7,11,Y6017291,,,,0,30.0,0,0
75,5,8,7,12,Y6017292,,,,0,30.0,0,0
75,5,8,7,13,Y6017293,,,,0,30.0,0,0
75,5,8,7,14,Y6017294,,,,0,30.0,0,0
75,5,8,7,15,Y6017295,,,,0,30.0,0,0
75,5,8,7,16,Y6017296,,,,0,30.0,0,0
75,5,8,7,17,Y6017297,,,,0,30.0,0,0
75,5,8,7,18,Y6017298,,,,3107,30.0,0,0
75,5,8,7,19,Y6017299,,,,3557,30.0,0,0
75,5,8,7,20,Y6017300,,,,3116,30.0,0,0
75,5,8,7,21,Y6017301,,,,0,30.0,0,0
75,5,8,7,22,Y6017302,,,,0,30.0,0,0
75,5,8,7,23,Y6017303,,,,0,30.0,0,0
75,5,8,7,24,Y6017304,,,,0,30.0,0,0
75,5,8,7,25,Y6017305,,,,0,30.0,0,0
75,5,8,7,26,Y6017306,,,,0,30.0,0,0
75,5,8,7,27,Y6017307,,,,0,30.0,0,0
75,5,8,7,28,Y6017308,,,,0,30.0,0,0
75,5,8,7,29,Y6017309,,,,0,30.0,0,0
75,5,8,7,30,Y6017310,,,,0,30.0,0,0
75,5,8,8,10,Y6017311,,,,0,30.0,0,0
75,5,8,8,11,Y6017312,,,,0,30.0,0,0
75,5,8,8,12,Y6017313,,,,0,30.0,0,0
75,5,8,8,13,Y6017314,,,,0,30.0,0,0
75,5,8,8,14,Y6017315,,,,0,30.0,0,0
75,5,8,8,15,Y6017316,,,,0,30.0,0,0
75,5,8,8,16,Y6017317,,,,0,30.0,0,0
75,5,8,8,17,Y6017318,,,,0,30.0,0,0
75,5,8,8,18,Y6017319,,,,3173,30.0,0,0
75,5,8,8,19,Y6017320,,,,3560,30.0,0,0
75,5,8,8,20,Y6017321,,,,3123,30.0,0,0
75,5,8,8,21,Y6017322,,,,0,30.0,0,0
75,5,8,8,22,Y6017323,,,,0,30.0,0,0
75,5,8,8,23,Y6017324,,,,0,30.0,0,0
75,5,8,8,24,Y6017325,,,,0,30.0,0,0
75,5,8,8,25,Y6017326,,,,0,30.0,0,0
75,5,8,8,26,Y6017327,,,,0,30.0,0,0
75,5,8,8,27,Y6017328,,,,0,30.0,0,0
75,5,8,8,28,Y6017329,,,,0,30.0,0,0
75,5,8,8,29,Y6017330,,,,0,30.0,0,0
75,5,8,8,30,Y6017331,,,,0,30.0,0,0
75,5,8,9,10,Y6017332,,,,0,30.0,0,0
75,5,8,9,11,Y6017333,,,,0,30.0,0,0
75,5,8,9,12,Y6017334,,,,0,30.0,0,0
75,5,8,9,13,Y6017335,,,,0,30.0,0,0
75,5,8,9,14,Y6017336,,,,0,30.0,0,0
75,5,8,9,15,Y6017337,,,,0,30.0,0,0
75,5,8,9,16,Y6017338,,,,0,30.0,0,0
75,5,8,9,17,Y6017339,,,,0,30.0,0,0
75,5,8,9,18,Y6017340,,,,3199,30.0,0,0
75,5,8,9,19,Y6017341,,,,3565,30.0,0,0
75,5,8,9,20,Y6017342,,,,3128,30.0,0,0
75,5,8,9,21,Y6017343,,,,0,30.0,0,0
75,5,8,9,22,Y6017344,,,,0,30.0,0,0
75,5,8,9,23,Y6017345,,,,0,30.0,0,0
75,5,8,9,24,Y6017346,,,,0,30.0,0,0
75,5,8,9,25,Y6017347,,,,0,30.0,0,0
75,5,8,9,26,Y6017348,,,,0,30.0,0,0
75,5,8,9,27,Y6017349,,,,0,30.0,0,0
75,5,8,9,28,Y6017350,,,,0,30.0,0,0
75,5,8,9,29,Y6017351,,,,0,30.0,0,0
75,5,8,9,30,Y6017352,,,,0,30.0,0,0
75,5,8,10,10,Y6017353,,,,0,30.0,0,0
75,5,8,10,11,Y6017354,,,,0,30.0,0,0
75,5,8,10,12,Y6017355,,,,0,30.0,0,0
75,5,8,10,13,Y6017356,,,,0,30.0,0,0
75,5,8,10,14,Y6017357,,,,0,30.0,0,0
75,5,8,10,15,Y6017358,,,,0,30.0,0,0
75,5,8,10,16,Y6017359,,,,0,30.0,0,0
75,5,8,10,17,Y6017360,,,,0,30.0,0,0
75,5,8,10,18,Y6017361,,,,3312,30.0,0,0
75,5,8,10,19,Y6017362,,,,3758,30.0,0,0
75,5,8,10,20,Y6017363,,,,3226,30.0,0,0
75,5,8,10,21,Y6017364,,,,0,30.0,0,0
75,5,8,10,22,Y6017365,,,,0,30.0,0,0
75,5,8,10,23,Y6017366,,,,0,30.0,0,0
75,5,8,10,24,Y6017367,,,,0,30.0,0,0
75,5,8,10,25,Y6017368,,,,0,30.0,0,0
75,5,8,10,26,Y6017369,,,,0,30.0,0,0
75,5,8,10,27,Y6017370,,,,0,30.0,0,0
75,5,8,10,28,Y6017371,,,,0,30.0,0,0
75,5,8,10,29,Y6017372,,,,0,30.0,0,0
75,5,8,10,30,Y6017373,,,,0,30.0,0,0
75,5,8,11,10,Y6017374,,,,0,30.0,0,0
75,5,8,11,11,Y6017375,,,,0,30.0,0,0
75,5,8,11,12,Y6017376,,,,0,30.0,0,0
75,5,8,11,13,Y6017377,,,,0,30.0,0,0
75,5,8,11,14,Y6017378,,,,0,30.0,0,0
75,5,8,11,15,Y6017379,,,,0,30.0,0,0
75,5,8,11,16,Y6017380,,,,0,30.0,0,0
75,5,8,11,17,Y6017381,,,,0,30.0,0,0
75,5,8,11,18,Y6017382,,,,3392,30.0,0,0
75,5,8,11,19,Y6017383,,,,3857,30.0,0,0
75,5,8,11,20,Y6017384,,,,3318,30.0,0,0
75,5,8,11,21,Y6017385,,,,0,30.0,0,0
75,5,8,11,22,Y6017386,,,,0,30.0,0,0
75,5,8,11,23,Y6017387,,,,0,30.0,0,0
75,5,8,11,24,Y6017388,,,,0,30.0,0,0
75,5,8,11,25,Y6017389,,,,0,30.0,0,0
75,5,8,11,26,Y6017390,,,,0,30.0,0,0
75,5,8,11,27,Y6017391,,,,0,30.0,0,0
75,5,8,11,28,Y6017392,,,,0,30.0,0,0
75,5,8,11,29,Y6017393,,,,0,30.0,0,0
75,5,8,11,30,Y6017394,,,,0,30.0,0,0
75,5,8,12,10,Y6017395,,,,0,30.0,0,0
75,5,8,12,11,Y6017396,,,,0,30.0,0,0
75,5,8,12,12,Y6017397,,,,0,30.0,0,0
75,5,8,12,13,Y6017398,,,,0,30.0,0,0
75,5,8,12,14,Y6017399,,,,0,30.0,0,0
75,5,8,12,15,Y6017400,,,,0,30.0,0,0
75,5,8,12,16,Y6017401,,,,0,30.0,0,0
75,5,8,12,17,Y6017402,,,,0,30.0,0,0
75,5,8,12,18,Y6017403,,,,3848,30.0,0,0
75,5,8,12,19,Y6017404,,,,4306,30.0,0,0
75,5,8,12,20,Y6017405,,,,3778,30.0,0,0
75,5,8,12,21,Y6017406,,,,0,30.0,0,0
75,5,8,12,22,Y6017407,,,,0,30.0,0,0
75,5,8,12,23,Y6017408,,,,0,30.0,0,0
75,5,8,12,24,Y6017409,,,,0,30.0,0,0
75,5,8,12,25,Y6017410,,,,0,30.0,0,0
75,5,8,12,26,Y6017411,,,,0,30.0,0,0
75,5,8,12,27,Y6017412,,,,0,30.0,0,0
75,5,8,12,28,Y6017413,,,,0,30.0,0,0
75,5,8,12,29,Y6017414,,,,0,30.0,0,0
75,5,8,12,30,Y6017415,,,,0,30.0,0,0
75,5,9,1,10,Y6017416,,,,0,30.0,0,0
75,5,9,1,11,Y6017417,,,,0,30.0,0,0
75,5,9,1,12,Y6017418,,,,0,30.0,0,0
75,5,9,1,13,Y6017419,,,,0,30.0,0,0
75,5,9,1,14,Y6017420,,,,0,30.0,0,0
75,5,9,1,15,Y6017421,,,,0,30.0,0,0
75,5,9,1,16,Y6017422,,,,0,30.0,0,0
75,5,9,1,17,Y6017423,,,,0,30.0,0,0
75,5,9,1,18,Y6017424,,,,0,30.0,0,0
75,5,9,1,19,Y6017425,,,,3399,30.0,0,0
75,5,9,1,20,Y6017426,,,,0,30.0,0,0
75,5,9,1,21,Y6017427,,,,0,30.0,0,0
75,5,9,1,22,Y6017428,,,,0,30.0,0,0
75,5,9,1,23,Y6017429,,,,0,30.0,0,0
75,5,9,1,24,Y6017430,,,,0,30.0,0,0
75,5,9,1,25,Y6017431,,,,0,30.0,0,0
75,5,9,1,26,Y6017432,,,,0,30.0,0,0
75,5,9,1,27,Y6017433,,,,0,30.0,0,0
75,5,9,1,28,Y6017434,,,,0,30.0,0,0
75,5,9,1,29,Y6017435,,,,0,30.0,0,0
75,5,9,1,30,Y6017436,,,,0,30.0,0,0
75,5,9,2,10,Y6017437,,,,0,30.0,0,0
75,5,9,2,11,Y6017438,,,,0,30.0,0,0
75,5,9,2,12,Y6017439,,,,0,30.0,0,0
75,5,9,2,13,Y6017440,,,,0,30.0,0,0
75,5,9,2,14,Y6017441,,,,0,30.0,0,0
75,5,9,2,15,Y6017442,,,,0,30.0,0,0
75,5,9,2,16,Y6017443,,,,0,30.0,0,0
75,5,9,2,17,Y6017444,,,,0,30.0,0,0
75,5,9,2,18,Y6017445,,,,0,30.0,0,0
75,5,9,2,19,Y6017446,,,,3379,30.0,0,0
75,5,9,2,20,Y6017447,,,,0,30.0,0,0
75,5,9,2,21,Y6017448,,,,0,30.0,0,0
75,5,9,2,22,Y6017449,,,,0,30.0,0,0
75,5,9,2,23,Y6017450,,,,0,30.0,0,0
75,5,9,2,24,Y6017451,,,,0,30.0,0,0
75,5,9,2,25,Y6017452,,,,0,30.0,0,0
75,5,9,2,26,Y6017453,,,,0,30.0,0,0
75,5,9,2,27,Y6017454,,,,0,30.0,0,0
75,5,9,2,28,Y6017455,,,,0,30.0,0,0
75,5,9,2,29,Y6017456,,,,0,30.0,0,0
75,5,9,2,30,Y6017457,,,,0,30.0,0,0
75,5,9,3,10,Y6017458,,,,0,30.0,0,0
75,5,9,3,11,Y6017459,,,,0,30.0,0,0
75,5,9,3,12,Y6017460,,,,0,30.0,0,0
75,5,9,3,13,Y6017461,,,,0,30.0,0,0
75,5,9,3,14,Y6017462,,,,0,30.0,0,0
75,5,9,3,15,Y6017463,,,,0,30.0,0,0
75,5,9,3,16,Y6017464,,,,0,30.0,0,0
75,5,9,3,17,Y6017465,,,,0,30.0,0,0
75,5,9,3,18,Y6017466,,,,0,30.0,0,0
75,5,9,3,19,Y6017467,,,,3391,30.0,0,0
75,5,9,3,20,Y6017468,,,,0,30.0,0,0
75,5,9,3,21,Y6017469,,,,0,30.0,0,0
75,5,9,3,22,Y6017470,,,,0,30.0,0,0
75,5,9,3,23,Y6017471,,,,0,30.0,0,0
75,5,9,3,24,Y6017472,,,,0,30.0,0,0
75,5,9,3,25,Y6017473,,,,0,30.0,0,0
75,5,9,3,26,Y6017474,,,,0,30.0,0,0
75,5,9,3,27,Y6017475,,,,0,30.0,0,0
75,5,9,3,28,Y6017476,,,,0,30.0,0,0
75,5,9,3,29,Y6017477,,,,0,30.0,0,0
75,5,9,3,30,Y6017478,,,,0,30.0,0,0
75,5,9,4,10,Y6017479,,,,0,30.0,0,0
75,5,9,4,11,Y6017480,,,,0,30.0,0,0
75,5,9,4,12,Y6017481,,,,0,30.0,0,0
75,5,9,4,13,Y6017482,,,,0,30.0,0,0
75,5,9,4,14,Y6017483,,,,0,30.0,0,0
75,5,9,4,15,Y6017484,,,,0,30.0,0,0
75,5,9,4,16,Y6017485,,,,0,30.0,0,0
75,5,9,4,17,Y6017486,,,,0,30.0,0,0
75,5,9,4,18,Y6017487,,,,3020,30.0,0,0
75,5,9,4,19,Y6017488,,,,3462,30.0,0,0
75,5,9,4,20,Y6017489,,,,3016,30.0,0,0
75,5,9,4,21,Y6017490,,,,0,30.0,0,0
75,5,9,4,22,Y6017491,,,,0,30.0,0,0
75,5,9,4,23,Y6017492,,,,0,30.0,0,0
75,5,9,4,24,Y6017493,,,,0,30.0,0,0
75,5,9,4,25,Y6017494,,,,0,30.0,0,0
75,5,9,4,26,Y6017495,,,,0,30.0,0,0
75,5,9,4,27,Y6017496,,,,0,30.0,0,0
75,5,9,4,28,Y6017497,,,,0,30.0,0,0
75,5,9,4,29,Y6017498,,,,0,30.0,0,0
75,5,9,4,30,Y6017499,,,,0,30.0,0,0
75,5,9,5,10,Y6017500,,,,0,30.0,0,0
75,5,9,5,11,Y6017501,,,,0,30.0,0,0
75,5,9,5,12,Y6017502,,,,0,30.0,0,0
75,5,9,5,13,Y6017503,,,,0,30.0,0,0
75,5,9,5,14,Y6017504,,,,0,30.0,0,0
75,5,9,5,15,Y6017505,,,,0,30.0,0,0
75,5,9,5,16,Y6017506,,,,0,30.0,0,0
75,5,9,5,17,Y6017507,,,,0,30.0,0,0
75,5,9,5,18,Y6017508,,,,3063,30.0,0,0
75,5,9,5,19,Y6017509,,,,3502,30.0,0,0
75,5,9,5,20,Y6017510,,,,3054,30.0,0,0
75,5,9,5,21,Y6017511,,,,0,30.0,0,0
75,5,9,5,22,Y6017512,,,,0,30.0,0,0
75,5,9,5,23,Y6017513,,,,0,30.0,0,0
75,5,9,5,24,Y6017514,,,,0,30.0,0,0
75,5,9,5,25,Y6017515,,,,0,30.0,0,0
75,5,9,5,26,Y6017516,,,,0,30.0,0,0
75,5,9,5,27,Y6017517,,,,0,30.0,0,0
75,5,9,5,28,Y6017518,,,,0,30.0,0,0
75,5,9,5,29,Y6017519,,,,0,30.0,0,0
75,5,9,5,30,Y6017520,,,,0,30.0,0,0
75,5,9,6,10,Y6017521,,,,0,30.0,0,0
75,5,9,6,11,Y6017522,,,,0,30.0,0,0
75,5,9,6,12,Y6017523,,,,0,30.0,0,0
75,5,9,6,13,Y6017524,,,,0,30.0,0,0
75,5,9,6,14,Y6017525,,,,0,30.0,0,0
75,5,9,6,15,Y6017526,,,,0,30.0,0,0
75,5,9,6,16,Y6017527,,,,0,30.0,0,0
75,5,9,6,17,Y6017528,,,,0,30.0,0,0
75,5,9,6,18,Y6017529,,,,3058,30.0,0,0
75,5,9,6,19,Y6017530,,,,3497,30.0,0,0
75,5,9,6,20,Y6017531,,,,3046,30.0,0,0
75,5,9,6,21,Y6017532,,,,0,30.0,0,0
75,5,9,6,22,Y6017533,,,,0,30.0,0,0
75,5,9,6,23,Y6017534,,,,0,30.0,0,0
75,5,9,6,24,Y6017535,,,,0,30.0,0,0
75,5,9,6,25,Y6017536,,,,0,30.0,0,0
75,5,9,6,26,Y6017537,,,,0,30.0,0,0
75,5,9,6,27,Y6017538,,,,0,30.0,0,0
75,5,9,6,28,Y6017539,,,,0,30.0,0,0
75,5,9,6,29,Y6017540,,,,0,30.0,0,0
75,5,9,6,30,Y6017541,,,,0,30.0,0,0
75,5,9,7,10,Y6017542,,,,0,30.0,0,0
75,5,9,7,11,Y6017543,,,,0,30.0,0,0
75,5,9,7,12,Y6017544,,,,0,30.0,0,0
75,5,9,7,13,Y6017545,,,,0,30.0,0,0
75,5,9,7,14,Y6017546,,,,0,30.0,0,0
75,5,9,7,15,Y6017547,,,,0,30.0,0,0
75,5,9,7,16,Y6017548,,,,0,30.0,0,0
75,5,9,7,17,Y6017549,,,,0,30.0,0,0
75,5,9,7,18,Y6017550,,,,3088,30.0,0,0
75,5,9,7,19,Y6017551,,,,3538,30.0,0,0
75,5,9,7,20,Y6017552,,,,3097,30.0,0,0
75,5,9,7,21,Y6017553,,,,0,30.0,0,0
75,5,9,7,22,Y6017554,,,,0,30.0,0,0
75,5,9,7,23,Y6017555,,,,0,30.0,0,0
75,5,9,7,24,Y6017556,,,,0,30.0,0,0
75,5,9,7,25,Y6017557,,,,0,30.0,0,0
75,5,9,7,26,Y6017558,,,,0,30.0,0,0
75,5,9,7,27,Y6017559,,,,0,30.0,0,0
75,5,9,7,28,Y6017560,,,,0,30.0,0,0
75,5,9,7,29,Y6017561,,,,0,30.0,0,0
75,5,9,7,30,Y6017562,,,,0,30.0,0,0
75,5,9,8,10,Y6017563,,,,0,30.0,0,0
75,5,9,8,11,Y6017564,,,,0,30.0,0,0
75,5,9,8,12,Y6017565,,,,0,30.0,0,0
75,5,9,8,13,Y6017566,,,,0,30.0,0,0
75,5,9,8,14,Y6017567,,,,0,30.0,0,0
75,5,9,8,15,Y6017568,,,,0,30.0,0,0
75,5,9,8,16,Y6017569,,,,0,30.0,0,0
75,5,9,8,17,Y6017570,,,,0,30.0,0,0
75,5,9,8,18,Y6017571,,,,3154,30.0,0,0
75,5,9,8,19,Y6017572,,,,3541,30.0,0,0
75,5,9,8,20,Y6017573,,,,3104,30.0,0,0
75,5,9,8,21,Y6017574,,,,0,30.0,0,0
75,5,9,8,22,Y6017575,,,,0,30.0,0,0
75,5,9,8,23,Y6017576,,,,0,30.0,0,0
75,5,9,8,24,Y6017577,,,,0,30.0,0,0
75,5,9,8,25,Y6017578,,,,0,30.0,0,0
75,5,9,8,26,Y6017579,,,,0,30.0,0,0
75,5,9,8,27,Y6017580,,,,0,30.0,0,0
75,5,9,8,28,Y6017581,,,,0,30.0,0,0
75,5,9,8,29,Y6017582,,,,0,30.0,0,0
75,5,9,8,30,Y6017583,,,,0,30.0,0,0
75,5,9,9,10,Y6017584,,,,0,30.0,0,0
75,5,9,9,11,Y6017585,,,,0,30.0,0,0
75,5,9,9,12,Y6017586,,,,0,30.0,0,0
75,5,9,9,13,Y6017587,,,,0,30.0,0,0
75,5,9,9,14,Y6017588,,,,0,30.0,0,0
75,5,9,9,15,Y6017589,,,,0,30.0,0,0
75,5,9,9,16,Y6017590,,,,0,30.0,0,0
75,5,9,9,17,Y6017591,,,,0,30.0,0,0
75,5,9,9,18,Y6017592,,,,3180,30.0,0,0
75,5,9,9,19,Y6017593,,,,3547,30.0,0,0
75,5,9,9,20,Y6017594,,,,3109,30.0,0,0
75,5,9,9,21,Y6017595,,,,0,30.0,0,0
75,5,9,9,22,Y6017596,,,,0,30.0,0,0
75,5,9,9,23,Y6017597,,,,0,30.0,0,0
75,5,9,9,24,Y6017598,,,,0,30.0,0,0
75,5,9,9,25,Y6017599,,,,0,30.0,0,0
75,5,9,9,26,Y6017600,,,,0,30.0,0,0
75,5,9,9,27,Y6017601,,,,0,30.0,0,0
75,5,9,9,28,Y6017602,,,,0,30.0,0,0
75,5,9,9,29,Y6017603,,,,0,30.0,0,0
75,5,9,9,30,Y6017604,,,,0,30.0,0,0
75,5,9,10,10,Y6017605,,,,0,30.0,0,0
75,5,9,10,11,Y6017606,,,,0,30.0,0,0
75,5,9,10,12,Y6017607,,,,0,30.0,0,0
75,5,9,10,13,Y6017608,,,,0,30.0,0,0
75,5,9,10,14,Y6017609,,,,0,30.0,0,0
75,5,9,10,15,Y6017610,,,,0,30.0,0,0
75,5,9,10,16,Y6017611,,,,0,30.0,0,0
75,5,9,10,17,Y6017612,,,,0,30.0,0,0
75,5,9,10,18,Y6017613,,,,3293,30.0,0,0
75,5,9,10,19,Y6017614,,,,3739,30.0,0,0
75,5,9,10,20,Y6017615,,,,3207,30.0,0,0
75,5,9,10,21,Y6017616,,,,0,30.0,0,0
75,5,9,10,22,Y6017617,,,,0,30.0,0,0
75,5,9,10,23,Y6017618,,,,0,30.0,0,0
75,5,9,10,24,Y6017619,,,,0,30.0,0,0
75,5,9,10,25,Y6017620,,,,0,30.0,0,0
75,5,9,10,26,Y6017621,,,,0,30.0,0,0
75,5,9,10,27,Y6017622,,,,0,30.0,0,0
75,5,9,10,28,Y6017623,,,,0,30.0,0,0
75,5,9,10,29,Y6017624,,,,0,30.0,0,0
75,5,9,10,30,Y6017625,,,,0,30.0,0,0
75,5,9,11,10,Y6017626,,,,0,30.0,0,0
75,5,9,11,11,Y6017627,,,,0,30.0,0,0
75,5,9,11,12,Y6017628,,,,0,30.0,0,0
75,5,9,11,13,Y6017629,,,,0,30.0,0,0
75,5,9,11,14,Y6017630,,,,0,30.0,0,0
75,5,9,11,15,Y6017631,,,,0,30.0,0,0
75,5,9,11,16,Y6017632,,,,0,30.0,0,0
75,5,9,11,17,Y6017633,,,,0,30.0,0,0
75,5,9,11,18,Y6017634,,,,3374,30.0,0,0
75,5,9,11,19,Y6017635,,,,3838,30.0,0,0
75,5,9,11,20,Y6017636,,,,3300,30.0,0,0
75,5,9,11,21,Y6017637,,,,0,30.0,0,0
75,5,9,11,22,Y6017638,,,,0,30.0,0,0
75,5,9,11,23,Y6017639,,,,0,30.0,0,0
75,5,9,11,24,Y6017640,,,,0,30.0,0,0
75,5,9,11,25,Y6017641,,,,0,30.0,0,0
75,5,9,11,26,Y6017642,,,,0,30.0,0,0
75,5,9,11,27,Y6017643,,,,0,30.0,0,0
75,5,9,11,28,Y6017644,,,,0,30.0,0,0
75,5,9,11,29,Y6017645,,,,0,30.0,0,0
75,5,9,11,30,Y6017646,,,,0,30.0,0,0
75,5,9,12,10,Y6017647,,,,0,30.0,0,0
75,5,9,12,11,Y6017648,,,,0,30.0,0,0
75,5,9,12,12,Y6017649,,,,0,30.0,0,0
75,5,9,12,13,Y6017650,,,,0,30.0,0,0
75,5,9,12,14,Y6017651,,,,0,30.0,0,0
75,5,9,12,15,Y6017652,,,,0,30.0,0,0
75,5,9,12,16,Y6017653,,,,0,30.0,0,0
75,5,9,12,17,Y6017654,,,,0,30.0,0,0
75,5,9,12,18,Y6017655,,,,3829,30.0,0,0
75,5,9,12,19,Y6017656,,,,4287,30.0,0,0
75,5,9,12,20,Y6017657,,,,3759,30.0,0,0
75,5,9,12,21,Y6017658,,,,0,30.0,0,0
75,5,9,12,22,Y6017659,,,,0,30.0,0,0
75,5,9,12,23,Y6017660,,,,0,30.0,0,0
75,5,9,12,24,Y6017661,,,,0,30.0,0,0
75,5,9,12,25,Y6017662,,,,0,30.0,0,0
75,5,9,12,26,Y6017663,,,,0,30.0,0,0
75,5,9,12,27,Y6017664,,,,0,30.0,0,0
75,5,9,12,28,Y6017665,,,,0,30.0,0,0
75,5,9,12,29,Y6017666,,,,0,30.0,0,0
75,5,9,12,30,Y6017667,,,,0,30.0,0,0
75,5,10,1,10,Y6017668,,,,0,30.0,0,0
75,5,10,1,11,Y6017669,,,,0,30.0,0,0
75,5,10,1,12,Y6017670,,,,0,30.0,0,0
75,5,10,1,13,Y6017671,,,,0,30.0,0,0
75,5,10,1,14,Y6017672,,,,0,30.0,0,0
75,5,10,1,15,Y6017673,,,,0,30.0,0,0
75,5,10,1,16,Y6017674,,,,0,30.0,0,0
75,5,10,1,17,Y6017675,,,,0,30.0,0,0
75,5,10,1,18,Y6017676,,,,0,30.0,0,0
75,5,10,1,19,Y6017677,,,,3447,30.0,0,0
75,5,10,1,20,Y6017678,,,,0,30.0,0,0
75,5,10,1,21,Y6017679,,,,0,30.0,0,0
75,5,10,1,22,Y6017680,,,,0,30.0,0,0
75,5,10,1,23,Y6017681,,,,0,30.0,0,0
75,5,10,1,24,Y6017682,,,,0,30.0,0,0
75,5,10,1,25,Y6017683,,,,0,30.0,0,0
75,5,10,1,26,Y6017684,,,,0,30.0,0,0
75,5,10,1,27,Y6017685,,,,0,30.0,0,0
75,5,10,1,28,Y6017686,,,,0,30.0,0,0
75,5,10,1,29,Y6017687,,,,0,30.0,0,0
75,5,10,1,30,Y6017688,,,,0,30.0,0,0
75,5,10,2,10,Y6017689,,,,0,30.0,0,0
75,5,10,2,11,Y6017690,,,,0,30.0,0,0
75,5,10,2,12,Y6017691,,,,0,30.0,0,0
75,5,10,2,13,Y6017692,,,,0,30.0,0,0
75,5,10,2,14,Y6017693,,,,0,30.0,0,0
75,5,10,2,15,Y6017694,,,,0,30.0,0,0
75,5,10,2,16,Y6017695,,,,0,30.0,0,0
75,5,10,2,17,Y6017696,,,,0,30.0,0,0
75,5,10,2,18,Y6017697,,,,0,30.0,0,0
75,5,10,2,19,Y6017698,,,,3427,30.0,0,0
75,5,10,2,20,Y6017699,,,,0,30.0,0,0
75,5,10,2,21,Y6017700,,,,0,30.0,0,0
75,5,10,2,22,Y6017701,,,,0,30.0,0,0
75,5,10,2,23,Y6017702,,,,0,30.0,0,0
75,5,10,2,24,Y6017703,,,,0,30.0,0,0
75,5,10,2,25,Y6017704,,,,0,30.0,0,0
75,5,10,2,26,Y6017705,,,,0,30.0,0,0
75,5,10,2,27,Y6017706,,,,0,30.0,0,0
75,5,10,2,28,Y6017707,,,,0,30.0,0,0
75,5,10,2,29,Y6017708,,,,0,30.0,0,0
75,5,10,2,30,Y6017709,,,,0,30.0,0,0
75,5,10,3,10,Y6017710,,,,0,30.0,0,0
75,5,10,3,11,Y6017711,,,,0,30.0,0,0
75,5,10,3,12,Y6017712,,,,0,30.0,0,0
75,5,10,3,13,Y6017713,,,,0,30.0,0,0
75,5,10,3,14,Y6017714,,,,0,30.0,0,0
75,5,10,3,15,Y6017715,,,,0,30.0,0,0
75,5,10,3,16,Y6017716,,,,0,30.0,0,0
75,5,10,3,17,Y6017717,,,,0,30.0,0,0
75,5,10,3,18,Y6017718,,,,0,30.0,0,0
75,5,10,3,19,Y6017719,,,,3413,30.0,0,0
75,5,10,3,20,Y6017720,,,,0,30.0,0,0
75,5,10,3,21,Y6017721,,,,0,30.0,0,0
75,5,10,3,22,Y6017722,,,,0,30.0,0,0
75,5,10,3,23,Y6017723,,,,0,30.0,0,0
75,5,10,3,24,Y6017724,,,,0,30.0,0,0
75,5,10,3,25,Y6017725,,,,0,30.0,0,0
75,5,10,3,26,Y6017726,,,,0,30.0,0,0
75,5,10,3,27,Y6017727,,,,0,30.0,0,0
75,5,10,3,28,Y6017728,,,,0,30.0,0,0
75,5,10,3,29,Y6017729,,,,0,30.0,0,0
75,5,10,3,30,Y6017730,,,,0,30.0,0,0
75,5,10,4,10,Y6017731,,,,0,30.0,0,0
75,5,10,4,11,Y6017732,,,,0,30.0,0,0
75,5,10,4,12,Y6017733,,,,0,30.0,0,0
75,5,10,4,13,Y6017734,,,,0,30.0,0,0
75,5,10,4,14,Y6017735,,,,0,30.0,0,0
75,5,10,4,15,Y6017736,,,,0,30.0,0,0
75,5,10,4,16,Y6017737,,,,0,30.0,0,0
75,5,10,4,17,Y6017738,,,,0,30.0,0,0
75,5,10,4,18,Y6017739,,,,3045,30.0,0,0
75,5,10,4,19,Y6017740,,,,3484,30.0,0,0
75,5,10,4,20,Y6017741,,,,3038,30.0,0,0
75,5,10,4,21,Y6017742,,,,0,30.0,0,0
75,5,10,4,22,Y6017743,,,,0,30.0,0,0
75,5,10,4,23,Y6017744,,,,0,30.0,0,0
75,5,10,4,24,Y6017745,,,,0,30.0,0,0
75,5,10,4,25,Y6017746,,,,0,30.0,0,0
75,5,10,4,26,Y6017747,,,,0,30.0,0,0
75,5,10,4,27,Y6017748,,,,0,30.0,0,0
75,5,10,4,28,Y6017749,,,,0,30.0,0,0
75,5,10,4,29,Y6017750,,,,0,30.0,0,0
75,5,10,4,30,Y6017751,,,,0,30.0,0,0
75,5,10,5,10,Y6017752,,,,0,30.0,0,0
75,5,10,5,11,Y6017753,,,,0,30.0,0,0
75,5,10,5,12,Y6017754,,,,0,30.0,0,0
75,5,10,5,13,Y6017755,,,,0,30.0,0,0
75,5,10,5,14,Y6017756,,,,0,30.0,0,0
75,5,10,5,15,Y6017757,,,,0,30.0,0,0
75,5,10,5,16,Y6017758,,,,0,30.0,0,0
75,5,10,5,17,Y6017759,,,,0,30.0,0,0
75,5,10,5,18,Y6017760,,,,3087,30.0,0,0
75,5,10,5,19,Y6017761,,,,3524,30.0,0,0
75,5,10,5,20,Y6017762,,,,3076,30.0,0,0
75,5,10,5,21,Y6017763,,,,0,30.0,0,0
75,5,10,5,22,Y6017764,,,,0,30.0,0,0
75,5,10,5,23,Y6017765,,,,0,30.0,0,0
75,5,10,5,24,Y6017766,,,,0,30.0,0,0
75,5,10,5,25,Y6017767,,,,0,30.0,0,0
75,5,10,5,26,Y6017768,,,,0,30.0,0,0
75,5,10,5,27,Y6017769,,,,0,30.0,0,0
75,5,10,5,28,Y6017770,,,,0,30.0,0,0
75,5,10,5,29,Y6017771,,,,0,30.0,0,0
75,5,10,5,30,Y6017772,,,,0,30.0,0,0
75,5,10,6,10,Y6017773,,,,0,30.0,0,0
75,5,10,6,11,Y6017774,,,,0,30.0,0,0
75,5,10,6,12,Y6017775,,,,0,30.0,0,0
75,5,10,6,13,Y6017776,,,,0,30.0,0,0
75,5,10,6,14,Y6017777,,,,0,30.0,0,0
75,5,10,6,15,Y6017778,,,,0,30.0,0,0
75,5,10,6,16,Y6017779,,,,0,30.0,0,0
75,5,10,6,17,Y6017780,,,,0,30.0,0,0
75,5,10,6,18,Y6017781,,,,3083,30.0,0,0
75,5,10,6,19,Y6017782,,,,3519,30.0,0,0
75,5,10,6,20,Y6017783,,,,3069,30.0,0,0
75,5,10,6,21,Y6017784,,,,0,30.0,0,0
75,5,10,6,22,Y6017785,,,,0,30.0,0,0
75,5,10,6,23,Y6017786,,,,0,30.0,0,0
75,5,10,6,24,Y6017787,,,,0,30.0,0,0
75,5,10,6,25,Y6017788,,,,0,30.0,0,0
75,5,10,6,26,Y6017789,,,,0,30.0,0,0
75,5,10,6,27,Y6017790,,,,0,30.0,0,0
75,5,10,6,28,Y6017791,,,,0,30.0,0,0
75,5,10,6,29,Y6017792,,,,0,30.0,0,0
75,5,10,6,30,Y6017793,,,,0,30.0,0,0
75,5,10,7,10,Y6017794,,,,0,30.0,0,0
75,5,10,7,11,Y6017795,,,,0,30.0,0,0
75,5,10,7,12,Y6017796,,,,0,30.0,0,0
75,5,10,7,13,Y6017797,,,,0,30.0,0,0
75,5,10,7,14,Y6017798,,,,0,30.0,0,0
75,5,10,7,15,Y6017799,,,,0,30.0,0,0
75,5,10,7,16,Y6017800,,,,0,30.0,0,0
75,5,10,7,17,Y6017801,,,,0,30.0,0,0
75,5,10,7,18,Y6017802,,,,3113,30.0,0,0
75,5,10,7,19,Y6017803,,,,3560,30.0,0,0
75,5,10,7,20,Y6017804,,,,3119,30.0,0,0
75,5,10,7,21,Y6017805,,,,0,30.0,0,0
75,5,10,7,22,Y6017806,,,,0,30.0,0,0
75,5,10,7,23,Y6017807,,,,0,30.0,0,0
75,5,10,7,24,Y6017808,,,,0,30.0,0,0
75,5,10,7,25,Y6017809,,,,0,30.0,0,0
75,5,10,7,26,Y6017810,,,,0,30.0,0,0
75,5,10,7,27,Y6017811,,,,0,30.0,0,0
75,5,10,7,28,Y6017812,,,,0,30.0,0,0
75,5,10,7,29,Y6017813,,,,0,30.0,0,0
75,5,10,7,30,Y6017814,,,,0,30.0,0,0
75,5,10,8,10,Y6017815,,,,0,30.0,0,0
75,5,10,8,11,Y6017816,,,,0,30.0,0,0
75,5,10,8,12,Y6017817,,,,0,30.0,0,0
75,5,10,8,13,Y6017818,,,,0,30.0,0,0
75,5,10,8,14,Y6017819,,,,0,30.0,0,0
75,5,10,8,15,Y6017820,,,,0,30.0,0,0
75,5,10,8,16,Y6017821,,,,0,30.0,0,0
75,5,10,8,17,Y6017822,,,,0,30.0,0,0
75,5,10,8,18,Y6017823,,,,3178,30.0,0,0
75,5,10,8,19,Y6017824,,,,3564,30.0,0,0
75,5,10,8,20,Y6017825,,,,3126,30.0,0,0
75,5,10,8,21,Y6017826,,,,0,30.0,0,0
75,5,10,8,22,Y6017827,,,,0,30.0,0,0
75,5,10,8,23,Y6017828,,,,0,30.0,0,0
75,5,10,8,24,Y6017829,,,,0,30.0,0,0
75,5,10,8,25,Y6017830,,,,0,30.0,0,0
75,5,10,8,26,Y6017831,,,,0,30.0,0,0
75,5,10,8,27,Y6017832,,,,0,30.0,0,0
75,5,10,8,28,Y6017833,,,,0,30.0,0,0
75,5,10,8,29,Y6017834,,,,0,30.0,0,0
75,5,10,8,30,Y6017835,,,,0,30.0,0,0
75,5,10,9,10,Y6017836,,,,0,30.0,0,0
75,5,10,9,11,Y6017837,,,,0,30.0,0,0
75,5,10,9,12,Y6017838,,,,0,30.0,0,0
75,5,10,9,13,Y6017839,,,,0,30.0,0,0
75,5,10,9,14,Y6017840,,,,0,30.0,0,0
75,5,10,9,15,Y6017841,,,,0,30.0,0,0
75,5,10,9,16,Y6017842,,,,0,30.0,0,0
75,5,10,9,17,Y6017843,,,,0,30.0,0,0
75,5,10,9,18,Y6017844,,,,3205,30.0,0,0
75,5,10,9,19,Y6017845,,,,3641,30.0,0,0
75,5,10,9,20,Y6017846,,,,3203,30.0,0,0
75,5,10,9,21,Y6017847,,,,0,30.0,0,0
75,5,10,9,22,Y6017848,,,,0,30.0,0,0
75,5,10,9,23,Y6017849,,,,0,30.0,0,0
75,5,10,9,24,Y6017850,,,,0,30.0,0,0
75,5,10,9,25,Y6017851,,,,0,30.0,0,0
75,5,10,9,26,Y6017852,,,,0,30.0,0,0
75,5,10,9,27,Y6017853,,,,0,30.0,0,0
75,5,10,9,28,Y6017854,,,,0,30.0,0,0
75,5,10,9,29,Y6017855,,,,0,30.0,0,0
75,5,10,9,30,Y6017856,,,,0,30.0,0,0
75,5,10,10,10,Y6017857,,,,0,30.0,0,0
75,5,10,10,11,Y6017858,,,,0,30.0,0,0
75,5,10,10,12,Y6017859,,,,0,30.0,0,0
75,5,10,10,13,Y6017860,,,,0,30.0,0,0
75,5,10,10,14,Y6017861,,,,0,30.0,0,0
75,5,10,10,15,Y6017862,,,,0,30.0,0,0
75,5,10,10,16,Y6017863,,,,0,30.0,0,0
75,5,10,10,17,Y6017864,,,,0,30.0,0,0
75,5,10,10,18,Y6017865,,,,3346,30.0,0,0
75,5,10,10,19,Y6017866,,,,3862,30.0,0,0
75,5,10,10,20,Y6017867,,,,3329,30.0,0,0
75,5,10,10,21,Y6017868,,,,0,30.0,0,0
75,5,10,10,22,Y6017869,,,,0,30.0,0,0
75,5,10,10,23,Y6017870,,,,0,30.0,0,0
75,5,10,10,24,Y6017871,,,,0,30.0,0,0
75,5,10,10,25,Y6017872,,,,0,30.0,0,0
75,5,10,10,26,Y6017873,,,,0,30.0,0,0
75,5,10,10,27,Y6017874,,,,0,30.0,0,0
75,5,10,10,28,Y6017875,,,,0,30.0,0,0
75,5,10,10,29,Y6017876,,,,0,30.0,0,0
75,5,10,10,30,Y6017877,,,,0,30.0,0,0
75,5,10,11,10,Y6017878,,,,0,30.0,0,0
75,5,10,11,11,Y6017879,,,,0,30.0,0,0
75,5,10,11,12,Y6017880,,,,0,30.0,0,0
75,5,10,11,13,Y6017881,,,,0,30.0,0,0
75,5,10,11,14,Y6017882,,,,0,30.0,0,0
75,5,10,11,15,Y6017883,,,,0,30.0,0,0
75,5,10,11,16,Y6017884,,,,0,30.0,0,0
75,5,10,11,17,Y6017885,,,,0,30.0,0,0
75,5,10,11,18,Y6017886,,,,3426,30.0,0,0
75,5,10,11,19,Y6017887,,,,3960,30.0,0,0
75,5,10,11,20,Y6017888,,,,3422,30.0,0,0
75,5,10,11,21,Y6017889,,,,0,30.0,0,0
75,5,10,11,22,Y6017890,,,,0,30.0,0,0
75,5,10,11,23,Y6017891,,,,0,30.0,0,0
75,5,10,11,24,Y6017892,,,,0,30.0,0,0
75,5,10,11,25,Y6017893,,,,0,30.0,0,0
75,5,10,11,26,Y6017894,,,,0,30.0,0,0
75,5,10,11,27,Y6017895,,,,0,30.0,0,0
75,5,10,11,28,Y6017896,,,,0,30.0,0,0
75,5,10,11,29,Y6017897,,,,0,30.0,0,0
75,5,10,11,30,Y6017898,,,,0,30.0,0,0
75,5,10,12,10,Y6017899,,,,0,30.0,0,0
75,5,10,12,11,Y6017900,,,,0,30.0,0,0
75,5,10,12,12,Y6017901,,,,0,30.0,0,0
75,5,10,12,13,Y6017902,,,,0,30.0,0,0
75,5,10,12,14,Y6017903,,,,0,30.0,0,0
75,5,10,12,15,Y6017904,,,,0,30.0,0,0
75,5,10,12,16,Y6017905,,,,0,30.0,0,0
75,5,10,12,17,Y6017906,,,,0,30.0,0,0
75,5,10,12,18,Y6017907,,,,3871,30.0,0,0
75,5,10,12,19,Y6017908,,,,4398,30.0,0,0
75,5,10,12,20,Y6017909,,,,3870,30.0,0,0
75,5,10,12,21,Y6017910,,,,0,30.0,0,0
75,5,10,12,22,Y6017911,,,,0,30.0,0,0
75,5,10,12,23,Y6017912,,,,0,30.0,0,0
75,5,10,12,24,Y6017913,,,,0,30.0,0,0
75,5,10,12,25,Y6017914,,,,0,30.0,0,0
75,5,10,12,26,Y6017915,,,,0,30.0,0,0
75,5,10,12,27,Y6017916,,,,0,30.0,0,0
75,5,10,12,28,Y6017917,,,,0,30.0,0,0
75,5,10,12,29,Y6017918,,,,0,30.0,0,0
75,5,10,12,30,Y6017919,,,,0,30.0,0,0
75,5,11,1,10,Y6017920,,,,0,30.0,0,0
75,5,11,1,11,Y6017921,,,,0,30.0,0,0
75,5,11,1,12,Y6017922,,,,0,30.0,0,0
75,5,11,1,13,Y6017923,,,,0,30.0,0,0
75,5,11,1,14,Y6017924,,,,0,30.0,0,0
75,5,11,1,15,Y6017925,,,,0,30.0,0,0
75,5,11,1,16,Y6017926,,,,0,30.0,0,0
75,5,11,1,17,Y6017927,,,,0,30.0,0,0
75,5,11,1,18,Y6017928,,,,3028,30.0,0,0
75,5,11,1,19,Y6017929,,,,3521,30.0,0,0
75,5,11,1,20,Y6017930,,,,3074,30.0,0,0
75,5,11,1,21,Y6017931,,,,0,30.0,0,0
75,5,11,1,22,Y6017932,,,,0,30.0,0,0
75,5,11,1,23,Y6017933,,,,0,30.0,0,0
75,5,11,1,24,Y6017934,,,,0,30.0,0,0
75,5,11,1,25,Y6017935,,,,0,30.0,0,0
75,5,11,1,26,Y6017936,,,,0,30.0,0,0
75,5,11,1,27,Y6017937,,,,0,30.0,0,0
75,5,11,1,28,Y6017938,,,,0,30.0,0,0
75,5,11,1,29,Y6017939,,,,0,30.0,0,0
75,5,11,1,30,Y6017940,,,,0,30.0,0,0
75,5,11,2,10,Y6017941,,,,0,30.0,0,0
75,5,11,2,11,Y6017942,,,,0,30.0,0,0
75,5,11,2,12,Y6017943,,,,0,30.0,0,0
75,5,11,2,13,Y6017944,,,,0,30.0,0,0
75,5,11,2,14,Y6017945,,,,0,30.0,0,0
75,5,11,2,15,Y6017946,,,,0,30.0,0,0
75,5,11,2,16,Y6017947,,,,0,30.0,0,0
75,5,11,2,17,Y6017948,,,,0,30.0,0,0
75,5,11,2,18,Y6017949,,,,3014,30.0,0,0
75,5,11,2,19,Y6017950,,,,3502,30.0,0,0
75,5,11,2,20,Y6017951,,,,3054,30.0,0,0
75,5,11,2,21,Y6017952,,,,0,30.0,0,0
75,5,11,2,22,Y6017953,,,,0,30.0,0,0
75,5,11,2,23,Y6017954,,,,0,30.0,0,0
75,5,11,2,24,Y6017955,,,,0,30.0,0,0
75,5,11,2,25,Y6017956,,,,0,30.0,0,0
75,5,11,2,26,Y6017957,,,,0,30.0,0,0
75,5,11,2,27,Y6017958,,,,0,30.0,0,0
75,5,11,2,28,Y6017959,,,,0,30.0,0,0
75,5,11,2,29,Y6017960,,,,0,30.0,0,0
75,5,11,2,30,Y6017961,,,,0,30.0,0,0
75,5,11,3,10,Y6017962,,,,0,30.0,0,0
75,5,11,3,11,Y6017963,,,,0,30.0,0,0
75,5,11,3,12,Y6017964,,,,0,30.0,0,0
75,5,11,3,13,Y6017965,,,,0,30.0,0,0
75,5,11,3,14,Y6017966,,,,0,30.0,0,0
75,5,11,3,15,Y6017967,,,,0,30.0,0,0
75,5,11,3,16,Y6017968,,,,0,30.0,0,0
75,5,11,3,17,Y6017969,,,,0,30.0,0,0
75,5,11,3,18,Y6017970,,,,3002,30.0,0,0
75,5,11,3,19,Y6017971,,,,3488,30.0,0,0
75,5,11,3,20,Y6017972,,,,3041,30.0,0,0
75,5,11,3,21,Y6017973,,,,0,30.0,0,0
75,5,11,3,22,Y6017974,,,,0,30.0,0,0
75,5,11,3,23,Y6017975,,,,0,30.0,0,0
75,5,11,3,24,Y6017976,,,,0,30.0,0,0
75,5,11,3,25,Y6017977,,,,0,30.0,0,0
75,5,11,3,26,Y6017978,,,,0,30.0,0,0
75,5,11,3,27,Y6017979,,,,0,30.0,0,0
75,5,11,3,28,Y6017980,,,,0,30.0,0,0
75,5,11,3,29,Y6017981,,,,0,30.0,0,0
75,5,11,3,30,Y6017982,,,,0,30.0,0,0
75,5,11,4,10,Y6017983,,,,0,30.0,0,0
75,5,11,4,11,Y6017984,,,,0,30.0,0,0
75,5,11,4,12,Y6017985,,,,0,30.0,0,0
75,5,11,4,13,Y6017986,,,,0,30.0,0,0
75,5,11,4,14,Y6017987,,,,0,30.0,0,0
75,5,11,4,15,Y6017988,,,,0,30.0,0,0
75,5,11,4,16,Y6017989,,,,0,30.0,0,0
75,5,11,4,17,Y6017990,,,,0,30.0,0,0
75,5,11,4,18,Y6017991,,,,3088,30.0,0,0
75,5,11,4,19,Y6017992,,,,3559,30.0,0,0
75,5,11,4,20,Y6017993,,,,3113,30.0,0,0
75,5,11,4,21,Y6017994,,,,0,30.0,0,0
75,5,11,4,22,Y6017995,,,,0,30.0,0,0
75,5,11,4,23,Y6017996,,,,0,30.0,0,0
75,5,11,4,24,Y6017997,,,,0,30.0,0,0
75,5,11,4,25,Y6017998,,,,0,30.0,0,0
75,5,11,4,26,Y6017999,,,,0,30.0,0,0
75,5,11,4,27,Y6018000,,,,0,30.0,0,0
75,5,11,4,28,Y6018001,,,,0,30.0,0,0
75,5,11,4,29,Y6018002,,,,0,30.0,0,0
75,5,11,4,30,Y6018003,,,,0,30.0,0,0
75,5,11,5,10,Y6018004,,,,0,30.0,0,0
75,5,11,5,11,Y6018005,,,,0,30.0,0,0
75,5,11,5,12,Y6018006,,,,0,30.0,0,0
75,5,11,5,13,Y6018007,,,,0,30.0,0,0
75,5,11,5,14,Y6018008,,,,0,30.0,0,0
75,5,11,5,15,Y6018009,,,,0,30.0,0,0
75,5,11,5,16,Y6018010,,,,0,30.0,0,0
75,5,11,5,17,Y6018011,,,,0,30.0,0,0
75,5,11,5,18,Y6018012,,,,3131,30.0,0,0
75,5,11,5,19,Y6018013,,,,3599,30.0,0,0
75,5,11,5,20,Y6018014,,,,3151,30.0,0,0
75,5,11,5,21,Y6018015,,,,0,30.0,0,0
75,5,11,5,22,Y6018016,,,,0,30.0,0,0
75,5,11,5,23,Y6018017,,,,0,30.0,0,0
75,5,11,5,24,Y6018018,,,,0,30.0,0,0
75,5,11,5,25,Y6018019,,,,0,30.0,0,0
75,5,11,5,26,Y6018020,,,,0,30.0,0,0
75,5,11,5,27,Y6018021,,,,0,30.0,0,0
75,5,11,5,28,Y6018022,,,,0,30.0,0,0
75,5,11,5,29,Y6018023,,,,0,30.0,0,0
75,5,11,5,30,Y6018024,,,,0,30.0,0,0
75,5,11,6,10,Y6018025,,,,0,30.0,0,0
75,5,11,6,11,Y6018026,,,,0,30.0,0,0
75,5,11,6,12,Y6018027,,,,0,30.0,0,0
75,5,11,6,13,Y6018028,,,,0,30.0,0,0
75,5,11,6,14,Y6018029,,,,0,30.0,0,0
75,5,11,6,15,Y6018030,,,,0,30.0,0,0
75,5,11,6,16,Y6018031,,,,0,30.0,0,0
75,5,11,6,17,Y6018032,,,,0,30.0,0,0
75,5,11,6,18,Y6018033,,,,3126,30.0,0,0
75,5,11,6,19,Y6018034,,,,3594,30.0,0,0
75,5,11,6,20,Y6018035,,,,3144,30.0,0,0
75,5,11,6,21,Y6018036,,,,0,30.0,0,0
75,5,11,6,22,Y6018037,,,,0,30.0,0,0
75,5,11,6,23,Y6018038,,,,0,30.0,0,0
75,5,11,6,24,Y6018039,,,,0,30.0,0,0
75,5,11,6,25,Y6018040,,,,0,30.0,0,0
75,5,11,6,26,Y6018041,,,,0,30.0,0,0
75,5,11,6,27,Y6018042,,,,0,30.0,0,0
75,5,11,6,28,Y6018043,,,,0,30.0,0,0
75,5,11,6,29,Y6018044,,,,0,30.0,0,0
75,5,11,6,30,Y6018045,,,,0,30.0,0,0
75,5,11,7,10,Y6018046,,,,0,30.0,0,0
75,5,11,7,11,Y6018047,,,,0,30.0,0,0
75,5,11,7,12,Y6018048,,,,0,30.0,0,0
75,5,11,7,13,Y6018049,,,,0,30.0,0,0
75,5,11,7,14,Y6018050,,,,0,30.0,0,0
75,5,11,7,15,Y6018051,,,,0,30.0,0,0
75,5,11,7,16,Y6018052,,,,0,30.0,0,0
75,5,11,7,17,Y6018053,,,,0,30.0,0,0
75,5,11,7,18,Y6018054,,,,3156,30.0,0,0
75,5,11,7,19,Y6018055,,,,3635,30.0,0,0
75,5,11,7,20,Y6018056,,,,3194,30.0,0,0
75,5,11,7,21,Y6018057,,,,0,30.0,0,0
75,5,11,7,22,Y6018058,,,,0,30.0,0,0
75,5,11,7,23,Y6018059,,,,0,30.0,0,0
75,5,11,7,24,Y6018060,,,,0,30.0,0,0
75,5,11,7,25,Y6018061,,,,0,30.0,0,0
75,5,11,7,26,Y6018062,,,,0,30.0,0,0
75,5,11,7,27,Y6018063,,,,0,30.0,0,0
75,5,11,7,28,Y6018064,,,,0,30.0,0,0
75,5,11,7,29,Y6018065,,,,0,30.0,0,0
75,5,11,7,30,Y6018066,,,,0,30.0,0,0
75,5,11,8,10,Y6018067,,,,0,30.0,0,0
75,5,11,8,11,Y6018068,,,,0,30.0,0,0
75,5,11,8,12,Y6018069,,,,0,30.0,0,0
75,5,11,8,13,Y6018070,,,,0,30.0,0,0
75,5,11,8,14,Y6018071,,,,0,30.0,0,0
75,5,11,8,15,Y6018072,,,,0,30.0,0,0
75,5,11,8,16,Y6018073,,,,0,30.0,0,0
75,5,11,8,17,Y6018074,,,,0,30.0,0,0
75,5,11,8,18,Y6018075,,,,3250,30.0,0,0
75,5,11,8,19,Y6018076,,,,3668,30.0,0,0
75,5,11,8,20,Y6018077,,,,3231,30.0,0,0
75,5,11,8,21,Y6018078,,,,0,30.0,0,0
75,5,11,8,22,Y6018079,,,,0,30.0,0,0
75,5,11,8,23,Y6018080,,,,0,30.0,0,0
75,5,11,8,24,Y6018081,,,,0,30.0,0,0
75,5,11,8,25,Y6018082,,,,0,30.0,0,0
75,5,11,8,26,Y6018083,,,,0,30.0,0,0
75,5,11,8,27,Y6018084,,,,0,30.0,0,0
75,5,11,8,28,Y6018085,,,,0,30.0,0,0
75,5,11,8,29,Y6018086,,,,0,30.0,0,0
75,5,11,8,30,Y6018087,,,,0,30.0,0,0
75,5,11,9,10,Y6018088,,,,0,30.0,0,0
75,5,11,9,11,Y6018089,,,,0,30.0,0,0
75,5,11,9,12,Y6018090,,,,0,30.0,0,0
75,5,11,9,13,Y6018091,,,,0,30.0,0,0
75,5,11,9,14,Y6018092,,,,0,30.0,0,0
75,5,11,9,15,Y6018093,,,,0,30.0,0,0
75,5,11,9,16,Y6018094,,,,0,30.0,0,0
75,5,11,9,17,Y6018095,,,,0,30.0,0,0
75,5,11,9,18,Y6018096,,,,3256,30.0,0,0
75,5,11,9,19,Y6018097,,,,3698,30.0,0,0
75,5,11,9,20,Y6018098,,,,3261,30.0,0,0
75,5,11,9,21,Y6018099,,,,0,30.0,0,0
75,5,11,9,22,Y6018100,,,,0,30.0,0,0
75,5,11,9,23,Y6018101,,,,0,30.0,0,0
75,5,11,9,24,Y6018102,,,,0,30.0,0,0
75,5,11,9,25,Y6018103,,,,0,30.0,0,0
75,5,11,9,26,Y6018104,,,,0,30.0,0,0
75,5,11,9,27,Y6018105,,,,0,30.0,0,0
75,5,11,9,28,Y6018106,,,,0,30.0,0,0
75,5,11,9,29,Y6018107,,,,0,30.0,0,0
75,5,11,9,30,Y6018108,,,,0,30.0,0,0
75,5,11,10,10,Y6018109,,,,0,30.0,0,0
75,5,11,10,11,Y6018110,,,,0,30.0,0,0
75,5,11,10,12,Y6018111,,,,0,30.0,0,0
75,5,11,10,13,Y6018112,,,,0,30.0,0,0
75,5,11,10,14,Y6018113,,,,0,30.0,0,0
75,5,11,10,15,Y6018114,,,,0,30.0,0,0
75,5,11,10,16,Y6018115,,,,0,30.0,0,0
75,5,11,10,17,Y6018116,,,,0,30.0,0,0
75,5,11,10,18,Y6018117,,,,3397,30.0,0,0
75,5,11,10,19,Y6018118,,,,3919,30.0,0,0
75,5,11,10,20,Y6018119,,,,3387,30.0,0,0
75,5,11,10,21,Y6018120,,,,0,30.0,0,0
75,5,11,10,22,Y6018121,,,,0,30.0,0,0
75,5,11,10,23,Y6018122,,,,0,30.0,0,0
75,5,11,10,24,Y6018123,,,,0,30.0,0,0
75,5,11,10,25,Y6018124,,,,0,30.0,0,0
75,5,11,10,26,Y6018125,,,,0,30.0,0,0
75,5,11,10,27,Y6018126,,,,0,30.0,0,0
75,5,11,10,28,Y6018127,,,,0,30.0,0,0
75,5,11,10,29,Y6018128,,,,0,30.0,0,0
75,5,11,10,30,Y6018129,,,,0,30.0,0,0
75,5,11,11,10,Y6018130,,,,0,30.0,0,0
75,5,11,11,11,Y6018131,,,,0,30.0,0,0
75,5,11,11,12,Y6018132,,,,0,30.0,0,0
75,5,11,11,13,Y6018133,,,,0,30.0,0,0
75,5,11,11,14,Y6018134,,,,0,30.0,0,0
75,5,11,11,15,Y6018135,,,,0,30.0,0,0
75,5,11,11,16,Y6018136,,,,0,30.0,0,0
75,5,11,11,17,Y6018137,,,,0,30.0,0,0
75,5,11,11,18,Y6018138,,,,3477,30.0,0,0
75,5,11,11,19,Y6018139,,,,4017,30.0,0,0
75,5,11,11,20,Y6018140,,,,3479,30.0,0,0
75,5,11,11,21,Y6018141,,,,0,30.0,0,0
75,5,11,11,22,Y6018142,,,,0,30.0,0,0
75,5,11,11,23,Y6018143,,,,0,30.0,0,0
75,5,11,11,24,Y6018144,,,,0,30.0,0,0
75,5,11,11,25,Y6018145,,,,0,30.0,0,0
75,5,11,11,26,Y6018146,,,,0,30.0,0,0
75,5,11,11,27,Y6018147,,,,0,30.0,0,0
75,5,11,11,28,Y6018148,,,,0,30.0,0,0
75,5,11,11,29,Y6018149,,,,0,30.0,0,0
75,5,11,11,30,Y6018150,,,,0,30.0,0,0
75,5,11,12,10,Y6018151,,,,0,30.0,0,0
75,5,11,12,11,Y6018152,,,,0,30.0,0,0
75,5,11,12,12,Y6018153,,,,0,30.0,0,0
75,5,11,12,13,Y6018154,,,,0,30.0,0,0
75,5,11,12,14,Y6018155,,,,0,30.0,0,0
75,5,11,12,15,Y6018156,,,,0,30.0,0,0
75,5,11,12,16,Y6018157,,,,0,30.0,0,0
75,5,11,12,17,Y6018158,,,,0,30.0,0,0
75,5,11,12,18,Y6018159,,,,3941,30.0,0,0
75,5,11,12,19,Y6018160,,,,4474,30.0,0,0
75,5,11,12,20,Y6018161,,,,3946,30.0,0,0
75,5,11,12,21,Y6018162,,,,0,30.0,0,0
75,5,11,12,22,Y6018163,,,,0,30.0,0,0
75,5,11,12,23,Y6018164,,,,0,30.0,0,0
75,5,11,12,24,Y6018165,,,,0,30.0,0,0
75,5,11,12,25,Y6018166,,,,0,30.0,0,0
75,5,11,12,26,Y6018167,,,,0,30.0,0,0
75,5,11,12,27,Y6018168,,,,0,30.0,0,0
75,5,11,12,28,Y6018169,,,,0,30.0,0,0
75,5,11,12,29,Y6018170,,,,0,30.0,0,0
75,5,11,12,30,Y6018171,,,,0,30.0,0,0
75,5,12,1,10,Y6018172,,,,0,30.0,0,0
75,5,12,1,11,Y6018173,,,,0,30.0,0,0
75,5,12,1,12,Y6018174,,,,0,30.0,0,0
75,5,12,1,13,Y6018175,,,,0,30.0,0,0
75,5,12,1,14,Y6018176,,,,0,30.0,0,0
75,5,12,1,15,Y6018177,,,,0,30.0,0,0
75,5,12,1,16,Y6018178,,,,0,30.0,0,0
75,5,12,1,17,Y6018179,,,,0,30.0,0,0
75,5,12,1,18,Y6018180,,,,3076,30.0,0,0
75,5,12,1,19,Y6018181,,,,3599,30.0,0,0
75,5,12,1,20,Y6018182,,,,3025,30.0,0,0
75,5,12,1,21,Y6018183,,,,0,30.0,0,0
75,5,12,1,22,Y6018184,,,,0,30.0,0,0
75,5,12,1,23,Y6018185,,,,0,30.0,0,0
75,5,12,1,24,Y6018186,,,,0,30.0,0,0
75,5,12,1,25,Y6018187,,,,0,30.0,0,0
75,5,12,1,26,Y6018188,,,,0,30.0,0,0
75,5,12,1,27,Y6018189,,,,0,30.0,0,0
75,5,12,1,28,Y6018190,,,,0,30.0,0,0
75,5,12,1,29,Y6018191,,,,0,30.0,0,0
75,5,12,1,30,Y6018192,,,,0,30.0,0,0
75,5,12,2,10,Y6018193,,,,0,30.0,0,0
75,5,12,2,11,Y6018194,,,,0,30.0,0,0
75,5,12,2,12,Y6018195,,,,0,30.0,0,0
75,5,12,2,13,Y6018196,,,,0,30.0,0,0
75,5,12,2,14,Y6018197,,,,0,30.0,0,0
75,5,12,2,15,Y6018198,,,,0,30.0,0,0
75,5,12,2,16,Y6018199,,,,0,30.0,0,0
75,5,12,2,17,Y6018200,,,,0,30.0,0,0
75,5,12,2,18,Y6018201,,,,3063,30.0,0,0
75,5,12,2,19,Y6018202,,,,3579,30.0,0,0
75,5,12,2,20,Y6018203,,,,3005,30.0,0,0
75,5,12,2,21,Y6018204,,,,0,30.0,0,0
75,5,12,2,22,Y6018205,,,,0,30.0,0,0
75,5,12,2,23,Y6018206,,,,0,30.0,0,0
75,5,12,2,24,Y6018207,,,,0,30.0,0,0
75,5,12,2,25,Y6018208,,,,0,30.0,0,0
75,5,12,2,26,Y6018209,,,,0,30.0,0,0
75,5,12,2,27,Y6018210,,,,0,30.0,0,0
75,5,12,2,28,Y6018211,,,,0,30.0,0,0
75,5,12,2,29,Y6018212,,,,0,30.0,0,0
75,5,12,2,30,Y6018213,,,,0,30.0,0,0
75,5,12,3,10,Y6018214,,,,0,30.0,0,0
75,5,12,3,11,Y6018215,,,,0,30.0,0,0
75,5,12,3,12,Y6018216,,,,0,30.0,0,0
75,5,12,3,13,Y6018217,,,,0,30.0,0,0
75,5,12,3,14,Y6018218,,,,0,30.0,0,0
75,5,12,3,15,Y6018219,,,,0,30.0,0,0
75,5,12,3,16,Y6018220,,,,0,30.0,0,0
75,5,12,3,17,Y6018221,,,,0,30.0,0,0
75,5,12,3,18,Y6018222,,,,3050,30.0,0,0
75,5,12,3,19,Y6018223,,,,3566,30.0,0,0
75,5,12,3,20,Y6018224,,,,0,30.0,0,0
75,5,12,3,21,Y6018225,,,,0,30.0,0,0
75,5,12,3,22,Y6018226,,,,0,30.0,0,0
75,5,12,3,23,Y6018227,,,,0,30.0,0,0
75,5,12,3,24,Y6018228,,,,0,30.0,0,0
75,5,12,3,25,Y6018229,,,,0,30.0,0,0
75,5,12,3,26,Y6018230,,,,0,30.0,0,0
75,5,12,3,27,Y6018231,,,,0,30.0,0,0
75,5,12,3,28,Y6018232,,,,0,30.0,0,0
75,5,12,3,29,Y6018233,,,,0,30.0,0,0
75,5,12,3,30,Y6018234,,,,0,30.0,0,0
75,5,12,4,10,Y6018235,,,,0,30.0,0,0
75,5,12,4,11,Y6018236,,,,0,30.0,0,0
75,5,12,4,12,Y6018237,,,,0,30.0,0,0
75,5,12,4,13,Y6018238,,,,0,30.0,0,0
75,5,12,4,14,Y6018239,,,,0,30.0,0,0
75,5,12,4,15,Y6018240,,,,0,30.0,0,0
75,5,12,4,16,Y6018241,,,,0,30.0,0,0
75,5,12,4,17,Y6018242,,,,0,30.0,0,0
75,5,12,4,18,Y6018243,,,,3136,30.0,0,0
75,5,12,4,19,Y6018244,,,,3637,30.0,0,0
75,5,12,4,20,Y6018245,,,,3064,30.0,0,0
75,5,12,4,21,Y6018246,,,,0,30.0,0,0
75,5,12,4,22,Y6018247,,,,0,30.0,0,0
75,5,12,4,23,Y6018248,,,,0,30.0,0,0
75,5,12,4,24,Y6018249,,,,0,30.0,0,0
75,5,12,4,25,Y6018250,,,,0,30.0,0,0
75,5,12,4,26,Y6018251,,,,0,30.0,0,0
75,5,12,4,27,Y6018252,,,,0,30.0,0,0
75,5,12,4,28,Y6018253,,,,0,30.0,0,0
75,5,12,4,29,Y6018254,,,,0,30.0,0,0
75,5,12,4,30,Y6018255,,,,0,30.0,0,0
75,5,12,5,10,Y6018256,,,,0,30.0,0,0
75,5,12,5,11,Y6018257,,,,0,30.0,0,0
75,5,12,5,12,Y6018258,,,,0,30.0,0,0
75,5,12,5,13,Y6018259,,,,0,30.0,0,0
75,5,12,5,14,Y6018260,,,,0,30.0,0,0
75,5,12,5,15,Y6018261,,,,0,30.0,0,0
75,5,12,5,16,Y6018262,,,,0,30.0,0,0
75,5,12,5,17,Y6018263,,,,0,30.0,0,0
75,5,12,5,18,Y6018264,,,,3179,30.0,0,0
75,5,12,5,19,Y6018265,,,,3676,30.0,0,0
75,5,12,5,20,Y6018266,,,,3102,30.0,0,0
75,5,12,5,21,Y6018267,,,,0,30.0,0,0
75,5,12,5,22,Y6018268,,,,0,30.0,0,0
75,5,12,5,23,Y6018269,,,,0,30.0,0,0
75,5,12,5,24,Y6018270,,,,0,30.0,0,0
75,5,12,5,25,Y6018271,,,,0,30.0,0,0
75,5,12,5,26,Y6018272,,,,0,30.0,0,0
75,5,12,5,27,Y6018273,,,,0,30.0,0,0
75,5,12,5,28,Y6018274,,,,0,30.0,0,0
75,5,12,5,29,Y6018275,,,,0,30.0,0,0
75,5,12,5,30,Y6018276,,,,0,30.0,0,0
75,5,12,6,10,Y6018277,,,,0,30.0,0,0
75,5,12,6,11,Y6018278,,,,0,30.0,0,0
75,5,12,6,12,Y6018279,,,,0,30.0,0,0
75,5,12,6,13,Y6018280,,,,0,30.0,0,0
75,5,12,6,14,Y6018281,,,,0,30.0,0,0
75,5,12,6,15,Y6018282,,,,0,30.0,0,0
75,5,12,6,16,Y6018283,,,,0,30.0,0,0
75,5,12,6,17,Y6018284,,,,0,30.0,0,0
75,5,12,6,18,Y6018285,,,,3174,30.0,0,0
75,5,12,6,19,Y6018286,,,,3672,30.0,0,0
75,5,12,6,20,Y6018287,,,,3095,30.0,0,0
75,5,12,6,21,Y6018288,,,,0,30.0,0,0
75,5,12,6,22,Y6018289,,,,0,30.0,0,0
75,5,12,6,23,Y6018290,,,,0,30.0,0,0
75,5,12,6,24,Y6018291,,,,0,30.0,0,0
75,5,12,6,25,Y6018292,,,,0,30.0,0,0
75,5,12,6,26,Y6018293,,,,0,30.0,0,0
75,5,12,6,27,Y6018294,,,,0,30.0,0,0
75,5,12,6,28,Y6018295,,,,0,30.0,0,0
75,5,12,6,29,Y6018296,,,,0,30.0,0,0
75,5,12,6,30,Y6018297,,,,0,30.0,0,0
75,5,12,7,10,Y6018298,,,,0,30.0,0,0
75,5,12,7,11,Y6018299,,,,0,30.0,0,0
75,5,12,7,12,Y6018300,,,,0,30.0,0,0
75,5,12,7,13,Y6018301,,,,0,30.0,0,0
75,5,12,7,14,Y6018302,,,,0,30.0,0,0
75,5,12,7,15,Y6018303,,,,0,30.0,0,0
75,5,12,7,16,Y6018304,,,,0,30.0,0,0
75,5,12,7,17,Y6018305,,,,0,30.0,0,0
75,5,12,7,18,Y6018306,,,,3205,30.0,0,0
75,5,12,7,19,Y6018307,,,,3713,30.0,0,0
75,5,12,7,20,Y6018308,,,,3145,30.0,0,0
75,5,12,7,21,Y6018309,,,,0,30.0,0,0
75,5,12,7,22,Y6018310,,,,0,30.0,0,0
75,5,12,7,23,Y6018311,,,,0,30.0,0,0
75,5,12,7,24,Y6018312,,,,0,30.0,0,0
75,5,12,7,25,Y6018313,,,,0,30.0,0,0
75,5,12,7,26,Y6018314,,,,0,30.0,0,0
75,5,12,7,27,Y6018315,,,,0,30.0,0,0
75,5,12,7,28,Y6018316,,,,0,30.0,0,0
75,5,12,7,29,Y6018317,,,,0,30.0,0,0
75,5,12,7,30,Y6018318,,,,0,30.0,0,0
75,5,12,8,10,Y6018319,,,,0,30.0,0,0
75,5,12,8,11,Y6018320,,,,0,30.0,0,0
75,5,12,8,12,Y6018321,,,,0,30.0,0,0
75,5,12,8,13,Y6018322,,,,0,30.0,0,0
75,5,12,8,14,Y6018323,,,,0,30.0,0,0
75,5,12,8,15,Y6018324,,,,0,30.0,0,0
75,5,12,8,16,Y6018325,,,,0,30.0,0,0
75,5,12,8,17,Y6018326,,,,0,30.0,0,0
75,5,12,8,18,Y6018327,,,,3298,30.0,0,0
75,5,12,8,19,Y6018328,,,,3746,30.0,0,0
75,5,12,8,20,Y6018329,,,,3182,30.0,0,0
75,5,12,8,21,Y6018330,,,,0,30.0,0,0
75,5,12,8,22,Y6018331,,,,0,30.0,0,0
75,5,12,8,23,Y6018332,,,,0,30.0,0,0
75,5,12,8,24,Y6018333,,,,0,30.0,0,0
75,5,12,8,25,Y6018334,,,,0,30.0,0,0
75,5,12,8,26,Y6018335,,,,0,30.0,0,0
75,5,12,8,27,Y6018336,,,,0,30.0,0,0
75,5,12,8,28,Y6018337,,,,0,30.0,0,0
75,5,12,8,29,Y6018338,,,,0,30.0,0,0
75,5,12,8,30,Y6018339,,,,0,30.0,0,0
75,5,12,9,10,Y6018340,,,,0,30.0,0,0
75,5,12,9,11,Y6018341,,,,0,30.0,0,0
75,5,12,9,12,Y6018342,,,,0,30.0,0,0
75,5,12,9,13,Y6018343,,,,0,30.0,0,0
75,5,12,9,14,Y6018344,,,,0,30.0,0,0
75,5,12,9,15,Y6018345,,,,0,30.0,0,0
75,5,12,9,16,Y6018346,,,,0,30.0,0,0
75,5,12,9,17,Y6018347,,,,0,30.0,0,0
75,5,12,9,18,Y6018348,,,,3304,30.0,0,0
75,5,12,9,19,Y6018349,,,,3776,30.0,0,0
75,5,12,9,20,Y6018350,,,,3212,30.0,0,0
75,5,12,9,21,Y6018351,,,,0,30.0,0,0
75,5,12,9,22,Y6018352,,,,0,30.0,0,0
75,5,12,9,23,Y6018353,,,,0,30.0,0,0
75,5,12,9,24,Y6018354,,,,0,30.0,0,0
75,5,12,9,25,Y6018355,,,,0,30.0,0,0
75,5,12,9,26,Y6018356,,,,0,30.0,0,0
75,5,12,9,27,Y6018357,,,,0,30.0,0,0
75,5,12,9,28,Y6018358,,,,0,30.0,0,0
75,5,12,9,29,Y6018359,,,,0,30.0,0,0
75,5,12,9,30,Y6018360,,,,0,30.0,0,0
75,5,12,10,10,Y6018361,,,,0,30.0,0,0
75,5,12,10,11,Y6018362,,,,0,30.0,0,0
75,5,12,10,12,Y6018363,,,,0,30.0,0,0
75,5,12,10,13,Y6018364,,,,0,30.0,0,0
75,5,12,10,14,Y6018365,,,,0,30.0,0,0
75,5,12,10,15,Y6018366,,,,0,30.0,0,0
75,5,12,10,16,Y6018367,,,,0,30.0,0,0
75,5,12,10,17,Y6018368,,,,0,30.0,0,0
75,5,12,10,18,Y6018369,,,,3448,30.0,0,0
75,5,12,10,19,Y6018370,,,,3999,30.0,0,0
75,5,12,10,20,Y6018371,,,,3340,30.0,0,0
75,5,12,10,21,Y6018372,,,,0,30.0,0,0
75,5,12,10,22,Y6018373,,,,0,30.0,0,0
75,5,12,10,23,Y6018374,,,,0,30.0,0,0
75,5,12,10,24,Y6018375,,,,0,30.0,0,0
75,5,12,10,25,Y6018376,,,,0,30.0,0,0
75,5,12,10,26,Y6018377,,,,0,30.0,0,0
75,5,12,10,27,Y6018378,,,,0,30.0,0,0
75,5,12,10,28,Y6018379,,,,0,30.0,0,0
75,5,12,10,29,Y6018380,,,,0,30.0,0,0
75,5,12,10,30,Y6018381,,,,0,30.0,0,0
75,5,12,11,10,Y6018382,,,,0,30.0,0,0
75,5,12,11,11,Y6018383,,,,0,30.0,0,0
75,5,12,11,12,Y6018384,,,,0,30.0,0,0
75,5,12,11,13,Y6018385,,,,0,30.0,0,0
75,5,12,11,14,Y6018386,,,,0,30.0,0,0
75,5,12,11,15,Y6018387,,,,0,30.0,0,0
75,5,12,11,16,Y6018388,,,,0,30.0,0,0
75,5,12,11,17,Y6018389,,,,0,30.0,0,0
75,5,12,11,18,Y6018390,,,,3528,30.0,0,0
75,5,12,11,19,Y6018391,,,,4097,30.0,0,0
75,5,12,11,20,Y6018392,,,,3433,30.0,0,0
75,5,12,11,21,Y6018393,,,,0,30.0,0,0
75,5,12,11,22,Y6018394,,,,0,30.0,0,0
75,5,12,11,23,Y6018395,,,,0,30.0,0,0
75,5,12,11,24,Y6018396,,,,0,30.0,0,0
75,5,12,11,25,Y6018397,,,,0,30.0,0,0
75,5,12,11,26,Y6018398,,,,0,30.0,0,0
75,5,12,11,27,Y6018399,,,,0,30.0,0,0
75,5,12,11,28,Y6018400,,,,0,30.0,0,0
75,5,12,11,29,Y6018401,,,,0,30.0,0,0
75,5,12,11,30,Y6018402,,,,0,30.0,0,0
75,5,12,12,10,Y6018403,,,,0,30.0,0,0
75,5,12,12,11,Y6018404,,,,0,30.0,0,0
75,5,12,12,12,Y6018405,,,,0,30.0,0,0
75,5,12,12,13,Y6018406,,,,0,30.0,0,0
75,5,12,12,14,Y6018407,,,,0,30.0,0,0
75,5,12,12,15,Y6018408,,,,0,30.0,0,0
75,5,12,12,16,Y6018409,,,,0,30.0,0,0
75,5,12,12,17,Y6018410,,,,0,30.0,0,0
75,5,12,12,18,Y6018411,,,,4038,30.0,0,0
75,5,12,12,19,Y6018412,,,,4601,30.0,0,0
75,5,12,12,20,Y6018413,,,,4004,30.0,0,0
75,5,12,12,21,Y6018414,,,,0,30.0,0,0
75,5,12,12,22,Y6018415,,,,0,30.0,0,0
75,5,12,12,23,Y6018416,,,,0,30.0,0,0
75,5,12,12,24,Y6018417,,,,0,30.0,0,0
75,5,12,12,25,Y6018418,,,,0,30.0,0,0
75,5,12,12,26,Y6018419,,,,0,30.0,0,0
75,5,12,12,27,Y6018420,,,,0,30.0,0,0
75,5,12,12,28,Y6018421,,,,0,30.0,0,0
75,5,12,12,29,Y6018422,,,,0,30.0,0,0
75,5,12,12,30,Y6018423,,,,0,30.0,0,0
75,5,13,1,10,Y6018424,,,,0,30.0,0,0
75,5,13,1,11,Y6018425,,,,0,30.0,0,0
75,5,13,1,12,Y6018426,,,,0,30.0,0,0
75,5,13,1,13,Y6018427,,,,0,30.0,0,0
75,5,13,1,14,Y6018428,,,,0,30.0,0,0
75,5,13,1,15,Y6018429,,,,0,30.0,0,0
75,5,13,1,16,Y6018430,,,,0,30.0,0,0
75,5,13,1,17,Y6018431,,,,0,30.0,0,0
75,5,13,1,18,Y6018432,,,,3041,30.0,0,0
75,5,13,1,19,Y6018433,,,,3593,30.0,0,0
75,5,13,1,20,Y6018434,,,,3068,30.0,0,0
75,5,13,1,21,Y6018435,,,,0,30.0,0,0
75,5,13,1,22,Y6018436,,,,0,30.0,0,0
75,5,13,1,23,Y6018437,,,,0,30.0,0,0
75,5,13,1,24,Y6018438,,,,0,30.0,0,0
75,5,13,1,25,Y6018439,,,,0,30.0,0,0
75,5,13,1,26,Y6018440,,,,0,30.0,0,0
75,5,13,1,27,Y6018441,,,,0,30.0,0,0
75,5,13,1,28,Y6018442,,,,0,30.0,0,0
75,5,13,1,29,Y6018443,,,,0,30.0,0,0
75,5,13,1,30,Y6018444,,,,0,30.0,0,0
75,5,13,2,10,Y6018445,,,,0,30.0,0,0
75,5,13,2,11,Y6018446,,,,0,30.0,0,0
75,5,13,2,12,Y6018447,,,,0,30.0,0,0
75,5,13,2,13,Y6018448,,,,0,30.0,0,0
75,5,13,2,14,Y6018449,,,,0,30.0,0,0
75,5,13,2,15,Y6018450,,,,0,30.0,0,0
75,5,13,2,16,Y6018451,,,,0,30.0,0,0
75,5,13,2,17,Y6018452,,,,0,30.0,0,0
75,5,13,2,18,Y6018453,,,,3027,30.0,0,0
75,5,13,2,19,Y6018454,,,,3573,30.0,0,0
75,5,13,2,20,Y6018455,,,,3048,30.0,0,0
75,5,13,2,21,Y6018456,,,,0,30.0,0,0
75,5,13,2,22,Y6018457,,,,0,30.0,0,0
75,5,13,2,23,Y6018458,,,,0,30.0,0,0
75,5,13,2,24,Y6018459,,,,0,30.0,0,0
75,5,13,2,25,Y6018460,,,,0,30.0,0,0
75,5,13,2,26,Y6018461,,,,0,30.0,0,0
75,5,13,2,27,Y6018462,,,,0,30.0,0,0
75,5,13,2,28,Y6018463,,,,0,30.0,0,0
75,5,13,2,29,Y6018464,,,,0,30.0,0,0
75,5,13,2,30,Y6018465,,,,0,30.0,0,0
75,5,13,3,10,Y6018466,,,,0,30.0,0,0
75,5,13,3,11,Y6018467,,,,0,30.0,0,0
75,5,13,3,12,Y6018468,,,,0,30.0,0,0
75,5,13,3,13,Y6018469,,,,0,30.0,0,0
75,5,13,3,14,Y6018470,,,,0,30.0,0,0
75,5,13,3,15,Y6018471,,,,0,30.0,0,0
75,5,13,3,16,Y6018472,,,,0,30.0,0,0
75,5,13,3,17,Y6018473,,,,0,30.0,0,0
75,5,13,3,18,Y6018474,,,,3015,30.0,0,0
75,5,13,3,19,Y6018475,,,,3559,30.0,0,0
75,5,13,3,20,Y6018476,,,,3035,30.0,0,0
75,5,13,3,21,Y6018477,,,,0,30.0,0,0
75,5,13,3,22,Y6018478,,,,0,30.0,0,0
75,5,13,3,23,Y6018479,,,,0,30.0,0,0
75,5,13,3,24,Y6018480,,,,0,30.0,0,0
75,5,13,3,25,Y6018481,,,,0,30.0,0,0
75,5,13,3,26,Y6018482,,,,0,30.0,0,0
75,5,13,3,27,Y6018483,,,,0,30.0,0,0
75,5,13,3,28,Y6018484,,,,0,30.0,0,0
75,5,13,3,29,Y6018485,,,,0,30.0,0,0
75,5,13,3,30,Y6018486,,,,0,30.0,0,0
75,5,13,4,10,Y6018487,,,,0,30.0,0,0
75,5,13,4,11,Y6018488,,,,0,30.0,0,0
75,5,13,4,12,Y6018489,,,,0,30.0,0,0
75,5,13,4,13,Y6018490,,,,0,30.0,0,0
75,5,13,4,14,Y6018491,,,,0,30.0,0,0
75,5,13,4,15,Y6018492,,,,0,30.0,0,0
75,5,13,4,16,Y6018493,,,,0,30.0,0,0
75,5,13,4,17,Y6018494,,,,0,30.0,0,0
75,5,13,4,18,Y6018495,,,,3101,30.0,0,0
75,5,13,4,19,Y6018496,,,,3630,30.0,0,0
75,5,13,4,20,Y6018497,,,,3107,30.0,0,0
75,5,13,4,21,Y6018498,,,,0,30.0,0,0
75,5,13,4,22,Y6018499,,,,0,30.0,0,0
75,5,13,4,23,Y6018500,,,,0,30.0,0,0
75,5,13,4,24,Y6018501,,,,0,30.0,0,0
75,5,13,4,25,Y6018502,,,,0,30.0,0,0
75,5,13,4,26,Y6018503,,,,0,30.0,0,0
75,5,13,4,27,Y6018504,,,,0,30.0,0,0
75,5,13,4,28,Y6018505,,,,0,30.0,0,0
75,5,13,4,29,Y6018506,,,,0,30.0,0,0
75,5,13,4,30,Y6018507,,,,0,30.0,0,0
75,5,13,5,10,Y6018508,,,,0,30.0,0,0
75,5,13,5,11,Y6018509,,,,0,30.0,0,0
75,5,13,5,12,Y6018510,,,,0,30.0,0,0
75,5,13,5,13,Y6018511,,,,0,30.0,0,0
75,5,13,5,14,Y6018512,,,,0,30.0,0,0
75,5,13,5,15,Y6018513,,,,0,30.0,0,0
75,5,13,5,16,Y6018514,,,,0,30.0,0,0
75,5,13,5,17,Y6018515,,,,0,30.0,0,0
75,5,13,5,18,Y6018516,,,,3144,30.0,0,0
75,5,13,5,19,Y6018517,,,,3670,30.0,0,0
75,5,13,5,20,Y6018518,,,,3145,30.0,0,0
75,5,13,5,21,Y6018519,,,,0,30.0,0,0
75,5,13,5,22,Y6018520,,,,0,30.0,0,0
75,5,13,5,23,Y6018521,,,,0,30.0,0,0
75,5,13,5,24,Y6018522,,,,0,30.0,0,0
75,5,13,5,25,Y6018523,,,,0,30.0,0,0
75,5,13,5,26,Y6018524,,,,0,30.0,0,0
75,5,13,5,27,Y6018525,,,,0,30.0,0,0
75,5,13,5,28,Y6018526,,,,0,30.0,0,0
75,5,13,5,29,Y6018527,,,,0,30.0,0,0
75,5,13,5,30,Y6018528,,,,0,30.0,0,0
75,5,13,6,10,Y6018529,,,,0,30.0,0,0
75,5,13,6,11,Y6018530,,,,0,30.0,0,0
75,5,13,6,12,Y6018531,,,,0,30.0,0,0
75,5,13,6,13,Y6018532,,,,0,30.0,0,0
75,5,13,6,14,Y6018533,,,,0,30.0,0,0
75,5,13,6,15,Y6018534,,,,0,30.0,0,0
75,5,13,6,16,Y6018535,,,,0,30.0,0,0
75,5,13,6,17,Y6018536,,,,0,30.0,0,0
75,5,13,6,18,Y6018537,,,,3139,30.0,0,0
75,5,13,6,19,Y6018538,,,,3666,30.0,0,0
75,5,13,6,20,Y6018539,,,,3137,30.0,0,0
75,5,13,6,21,Y6018540,,,,0,30.0,0,0
75,5,13,6,22,Y6018541,,,,0,30.0,0,0
75,5,13,6,23,Y6018542,,,,0,30.0,0,0
75,5,13,6,24,Y6018543,,,,0,30.0,0,0
75,5,13,6,25,Y6018544,,,,0,30.0,0,0
75,5,13,6,26,Y6018545,,,,0,30.0,0,0
75,5,13,6,27,Y6018546,,,,0,30.0,0,0
75,5,13,6,28,Y6018547,,,,0,30.0,0,0
75,5,13,6,29,Y6018548,,,,0,30.0,0,0
75,5,13,6,30,Y6018549,,,,0,30.0,0,0
75,5,13,7,10,Y6018550,,,,0,30.0,0,0
75,5,13,7,11,Y6018551,,,,0,30.0,0,0
75,5,13,7,12,Y6018552,,,,0,30.0,0,0
75,5,13,7,13,Y6018553,,,,0,30.0,0,0
75,5,13,7,14,Y6018554,,,,0,30.0,0,0
75,5,13,7,15,Y6018555,,,,0,30.0,0,0
75,5,13,7,16,Y6018556,,,,0,30.0,0,0
75,5,13,7,17,Y6018557,,,,0,30.0,0,0
75,5,13,7,18,Y6018558,,,,3169,30.0,0,0
75,5,13,7,19,Y6018559,,,,3708,30.0,0,0
75,5,13,7,20,Y6018560,,,,3190,30.0,0,0
75,5,13,7,21,Y6018561,,,,0,30.0,0,0
75,5,13,7,22,Y6018562,,,,0,30.0,0,0
75,5,13,7,23,Y6018563,,,,0,30.0,0,0
75,5,13,7,24,Y6018564,,,,0,30.0,0,0
75,5,13,7,25,Y6018565,,,,0,30.0,0,0
75,5,13,7,26,Y6018566,,,,0,30.0,0,0
75,5,13,7,27,Y6018567,,,,0,30.0,0,0
75,5,13,7,28,Y6018568,,,,0,30.0,0,0
75,5,13,7,29,Y6018569,,,,0,30.0,0,0
75,5,13,7,30,Y6018570,,,,0,30.0,0,0
75,5,13,8,10,Y6018571,,,,0,30.0,0,0
75,5,13,8,11,Y6018572,,,,0,30.0,0,0
75,5,13,8,12,Y6018573,,,,0,30.0,0,0
75,5,13,8,13,Y6018574,,,,0,30.0,0,0
75,5,13,8,14,Y6018575,,,,0,30.0,0,0
75,5,13,8,15,Y6018576,,,,0,30.0,0,0
75,5,13,8,16,Y6018577,,,,0,30.0,0,0
75,5,13,8,17,Y6018578,,,,0,30.0,0,0
75,5,13,8,18,Y6018579,,,,3266,30.0,0,0
75,5,13,8,19,Y6018580,,,,3745,30.0,0,0
75,5,13,8,20,Y6018581,,,,3230,30.0,0,0
75,5,13,8,21,Y6018582,,,,0,30.0,0,0
75,5,13,8,22,Y6018583,,,,0,30.0,0,0
75,5,13,8,23,Y6018584,,,,0,30.0,0,0
75,5,13,8,24,Y6018585,,,,0,30.0,0,0
75,5,13,8,25,Y6018586,,,,0,30.0,0,0
75,5,13,8,26,Y6018587,,,,0,30.0,0,0
75,5,13,8,27,Y6018588,,,,0,30.0,0,0
75,5,13,8,28,Y6018589,,,,0,30.0,0,0
75,5,13,8,29,Y6018590,,,,0,30.0,0,0
75,5,13,8,30,Y6018591,,,,0,30.0,0,0
75,5,13,9,10,Y6018592,,,,0,30.0,0,0
75,5,13,9,11,Y6018593,,,,0,30.0,0,0
75,5,13,9,12,Y6018594,,,,0,30.0,0,0
75,5,13,9,13,Y6018595,,,,0,30.0,0,0
75,5,13,9,14,Y6018596,,,,0,30.0,0,0
75,5,13,9,15,Y6018597,,,,0,30.0,0,0
75,5,13,9,16,Y6018598,,,,0,30.0,0,0
75,5,13,9,17,Y6018599,,,,0,30.0,0,0
75,5,13,9,18,Y6018600,,,,3272,30.0,0,0
75,5,13,9,19,Y6018601,,,,3775,30.0,0,0
75,5,13,9,20,Y6018602,,,,3260,30.0,0,0
75,5,13,9,21,Y6018603,,,,0,30.0,0,0
75,5,13,9,22,Y6018604,,,,0,30.0,0,0
75,5,13,9,23,Y6018605,,,,0,30.0,0,0
75,5,13,9,24,Y6018606,,,,0,30.0,0,0
75,5,13,9,25,Y6018607,,,,0,30.0,0,0
75,5,13,9,26,Y6018608,,,,0,30.0,0,0
75,5,13,9,27,Y6018609,,,,0,30.0,0,0
75,5,13,9,28,Y6018610,,,,0,30.0,0,0
75,5,13,9,29,Y6018611,,,,0,30.0,0,0
75,5,13,9,30,Y6018612,,,,0,30.0,0,0
75,5,13,10,10,Y6018613,,,,0,30.0,0,0
75,5,13,10,11,Y6018614,,,,0,30.0,0,0
75,5,13,10,12,Y6018615,,,,0,30.0,0,0
75,5,13,10,13,Y6018616,,,,0,30.0,0,0
75,5,13,10,14,Y6018617,,,,0,30.0,0,0
75,5,13,10,15,Y6018618,,,,0,30.0,0,0
75,5,13,10,16,Y6018619,,,,0,30.0,0,0
75,5,13,10,17,Y6018620,,,,0,30.0,0,0
75,5,13,10,18,Y6018621,,,,3392,30.0,0,0
75,5,13,10,19,Y6018622,,,,3974,30.0,0,0
75,5,13,10,20,Y6018623,,,,3364,30.0,0,0
75,5,13,10,21,Y6018624,,,,0,30.0,0,0
75,5,13,10,22,Y6018625,,,,0,30.0,0,0
75,5,13,10,23,Y6018626,,,,0,30.0,0,0
75,5,13,10,24,Y6018627,,,,0,30.0,0,0
75,5,13,10,25,Y6018628,,,,0,30.0,0,0
75,5,13,10,26,Y6018629,,,,0,30.0,0,0
75,5,13,10,27,Y6018630,,,,0,30.0,0,0
75,5,13,10,28,Y6018631,,,,0,30.0,0,0
75,5,13,10,29,Y6018632,,,,0,30.0,0,0
75,5,13,10,30,Y6018633,,,,0,30.0,0,0
75,5,13,11,10,Y6018634,,,,0,30.0,0,0
75,5,13,11,11,Y6018635,,,,0,30.0,0,0
75,5,13,11,12,Y6018636,,,,0,30.0,0,0
75,5,13,11,13,Y6018637,,,,0,30.0,0,0
75,5,13,11,14,Y6018638,,,,0,30.0,0,0
75,5,13,11,15,Y6018639,,,,0,30.0,0,0
75,5,13,11,16,Y6018640,,,,0,30.0,0,0
75,5,13,11,17,Y6018641,,,,0,30.0,0,0
75,5,13,11,18,Y6018642,,,,3471,30.0,0,0
75,5,13,11,19,Y6018643,,,,4071,30.0,0,0
75,5,13,11,20,Y6018644,,,,3455,30.0,0,0
75,5,13,11,21,Y6018645,,,,0,30.0,0,0
75,5,13,11,22,Y6018646,,,,0,30.0,0,0
75,5,13,11,23,Y6018647,,,,0,30.0,0,0
75,5,13,11,24,Y6018648,,,,0,30.0,0,0
75,5,13,11,25,Y6018649,,,,0,30.0,0,0
75,5,13,11,26,Y6018650,,,,0,30.0,0,0
75,5,13,11,27,Y6018651,,,,0,30.0,0,0
75,5,13,11,28,Y6018652,,,,0,30.0,0,0
75,5,13,11,29,Y6018653,,,,0,30.0,0,0
75,5,13,11,30,Y6018654,,,,0,30.0,0,0
75,5,13,12,10,Y6018655,,,,0,30.0,0,0
75,5,13,12,11,Y6018656,,,,0,30.0,0,0
75,5,13,12,12,Y6018657,,,,0,30.0,0,0
75,5,13,12,13,Y6018658,,,,0,30.0,0,0
75,5,13,12,14,Y6018659,,,,0,30.0,0,0
75,5,13,12,15,Y6018660,,,,0,30.0,0,0
75,5,13,12,16,Y6018661,,,,0,30.0,0,0
75,5,13,12,17,Y6018662,,,,0,30.0,0,0
75,5,13,12,18,Y6018663,,,,4063,30.0,0,0
75,5,13,12,19,Y6018664,,,,4656,30.0,0,0
75,5,13,12,20,Y6018665,,,,4086,30.0,0,0
75,5,13,12,21,Y6018666,,,,0,30.0,0,0
75,5,13,12,22,Y6018667,,,,0,30.0,0,0
75,5,13,12,23,Y6018668,,,,0,30.0,0,0
75,5,13,12,24,Y6018669,,,,0,30.0,0,0
75,5,13,12,25,Y6018670,,,,0,30.0,0,0
75,5,13,12,26,Y6018671,,,,0,30.0,0,0
75,5,13,12,27,Y6018672,,,,0,30.0,0,0
75,5,13,12,28,Y6018673,,,,0,30.0,0,0
75,5,13,12,29,Y6018674,,,,0,30.0,0,0
75,5,13,12,30,Y6018675,,,,0,30.0,0,0
75,5,14,1,10,Y6018676,,,,0,30.0,0,0
75,5,14,1,11,Y6018677,,,,0,30.0,0,0
75,5,14,1,12,Y6018678,,,,0,30.0,0,0
75,5,14,1,13,Y6018679,,,,0,30.0,0,0
75,5,14,1,14,Y6018680,,,,0,30.0,0,0
75,5,14,1,15,Y6018681,,,,0,30.0,0,0
75,5,14,1,16,Y6018682,,,,0,30.0,0,0
75,5,14,1,17,Y6018683,,,,0,30.0,0,0
75,5,14,1,18,Y6018684,,,,3046,30.0,0,0
75,5,14,1,19,Y6018685,,,,3598,30.0,0,0
75,5,14,1,20,Y6018686,,,,3072,30.0,0,0
75,5,14,1,21,Y6018687,,,,0,30.0,0,0
75,5,14,1,22,Y6018688,,,,0,30.0,0,0
75,5,14,1,23,Y6018689,,,,0,30.0,0,0
75,5,14,1,24,Y6018690,,,,0,30.0,0,0
75,5,14,1,25,Y6018691,,,,0,30.0,0,0
75,5,14,1,26,Y6018692,,,,0,30.0,0,0
75,5,14,1,27,Y6018693,,,,0,30.0,0,0
75,5,14,1,28,Y6018694,,,,0,30.0,0,0
75,5,14,1,29,Y6018695,,,,0,30.0,0,0
75,5,14,1,30,Y6018696,,,,0,30.0,0,0
75,5,14,2,10,Y6018697,,,,0,30.0,0,0
75,5,14,2,11,Y6018698,,,,0,30.0,0,0
75,5,14,2,12,Y6018699,,,,0,30.0,0,0
75,5,14,2,13,Y6018700,,,,0,30.0,0,0
75,5,14,2,14,Y6018701,,,,0,30.0,0,0
75,5,14,2,15,Y6018702,,,,0,30.0,0,0
75,5,14,2,16,Y6018703,,,,0,30.0,0,0
75,5,14,2,17,Y6018704,,,,0,30.0,0,0
75,5,14,2,18,Y6018705,,,,3032,30.0,0,0
75,5,14,2,19,Y6018706,,,,3578,30.0,0,0
75,5,14,2,20,Y6018707,,,,3053,30.0,0,0
75,5,14,2,21,Y6018708,,,,0,30.0,0,0
75,5,14,2,22,Y6018709,,,,0,30.0,0,0
75,5,14,2,23,Y6018710,,,,0,30.0,0,0
75,5,14,2,24,Y6018711,,,,0,30.0,0,0
75,5,14,2,25,Y6018712,,,,0,30.0,0,0
75,5,14,2,26,Y6018713,,,,0,30.0,0,0
75,5,14,2,27,Y6018714,,,,0,30.0,0,0
75,5,14,2,28,Y6018715,,,,0,30.0,0,0
75,5,14,2,29,Y6018716,,,,0,30.0,0,0
75,5,14,2,30,Y6018717,,,,0,30.0,0,0
75,5,14,3,10,Y6018718,,,,0,30.0,0,0
75,5,14,3,11,Y6018719,,,,0,30.0,0,0
75,5,14,3,12,Y6018720,,,,0,30.0,0,0
75,5,14,3,13,Y6018721,,,,0,30.0,0,0
75,5,14,3,14,Y6018722,,,,0,30.0,0,0
75,5,14,3,15,Y6018723,,,,0,30.0,0,0
75,5,14,3,16,Y6018724,,,,0,30.0,0,0
75,5,14,3,17,Y6018725,,,,0,30.0,0,0
75,5,14,3,18,Y6018726,,,,3020,30.0,0,0
75,5,14,3,19,Y6018727,,,,3565,30.0,0,0
75,5,14,3,20,Y6018728,,,,3039,30.0,0,0
75,5,14,3,21,Y6018729,,,,0,30.0,0,0
75,5,14,3,22,Y6018730,,,,0,30.0,0,0
75,5,14,3,23,Y6018731,,,,0,30.0,0,0
75,5,14,3,24,Y6018732,,,,0,30.0,0,0
75,5,14,3,25,Y6018733,,,,0,30.0,0,0
75,5,14,3,26,Y6018734,,,,0,30.0,0,0
75,5,14,3,27,Y6018735,,,,0,30.0,0,0
75,5,14,3,28,Y6018736,,,,0,30.0,0,0
75,5,14,3,29,Y6018737,,,,0,30.0,0,0
75,5,14,3,30,Y6018738,,,,0,30.0,0,0
75,5,14,4,10,Y6018739,,,,0,30.0,0,0
75,5,14,4,11,Y6018740,,,,0,30.0,0,0
75,5,14,4,12,Y6018741,,,,0,30.0,0,0
75,5,14,4,13,Y6018742,,,,0,30.0,0,0
75,5,14,4,14,Y6018743,,,,0,30.0,0,0
75,5,14,4,15,Y6018744,,,,0,30.0,0,0
75,5,14,4,16,Y6018745,,,,0,30.0,0,0
75,5,14,4,17,Y6018746,,,,0,30.0,0,0
75,5,14,4,18,Y6018747,,,,3106,30.0,0,0
75,5,14,4,19,Y6018748,,,,3636,30.0,0,0
75,5,14,4,20,Y6018749,,,,3111,30.0,0,0
75,5,14,4,21,Y6018750,,,,0,30.0,0,0
75,5,14,4,22,Y6018751,,,,0,30.0,0,0
75,5,14,4,23,Y6018752,,,,0,30.0,0,0
75,5,14,4,24,Y6018753,,,,0,30.0,0,0
75,5,14,4,25,Y6018754,,,,0,30.0,0,0
75,5,14,4,26,Y6018755,,,,0,30.0,0,0
75,5,14,4,27,Y6018756,,,,0,30.0,0,0
75,5,14,4,28,Y6018757,,,,0,30.0,0,0
75,5,14,4,29,Y6018758,,,,0,30.0,0,0
75,5,14,4,30,Y6018759,,,,0,30.0,0,0
75,5,14,5,10,Y6018760,,,,0,30.0,0,0
75,5,14,5,11,Y6018761,,,,0,30.0,0,0
75,5,14,5,12,Y6018762,,,,0,30.0,0,0
75,5,14,5,13,Y6018763,,,,0,30.0,0,0
75,5,14,5,14,Y6018764,,,,0,30.0,0,0
75,5,14,5,15,Y6018765,,,,0,30.0,0,0
75,5,14,5,16,Y6018766,,,,0,30.0,0,0
75,5,14,5,17,Y6018767,,,,0,30.0,0,0
75,5,14,5,18,Y6018768,,,,3149,30.0,0,0
75,5,14,5,19,Y6018769,,,,3675,30.0,0,0
75,5,14,5,20,Y6018770,,,,3149,30.0,0,0
75,5,14,5,21,Y6018771,,,,0,30.0,0,0
75,5,14,5,22,Y6018772,,,,0,30.0,0,0
75,5,14,5,23,Y6018773,,,,0,30.0,0,0
75,5,14,5,24,Y6018774,,,,0,30.0,0,0
75,5,14,5,25,Y6018775,,,,0,30.0,0,0
75,5,14,5,26,Y6018776,,,,0,30.0,0,0
75,5,14,5,27,Y6018777,,,,0,30.0,0,0
75,5,14,5,28,Y6018778,,,,0,30.0,0,0
75,5,14,5,29,Y6018779,,,,0,30.0,0,0
75,5,14,5,30,Y6018780,,,,0,30.0,0,0
75,5,14,6,10,Y6018781,,,,0,30.0,0,0
75,5,14,6,11,Y6018782,,,,0,30.0,0,0
75,5,14,6,12,Y6018783,,,,0,30.0,0,0
75,5,14,6,13,Y6018784,,,,0,30.0,0,0
75,5,14,6,14,Y6018785,,,,0,30.0,0,0
75,5,14,6,15,Y6018786,,,,0,30.0,0,0
75,5,14,6,16,Y6018787,,,,0,30.0,0,0
75,5,14,6,17,Y6018788,,,,0,30.0,0,0
75,5,14,6,18,Y6018789,,,,3144,30.0,0,0
75,5,14,6,19,Y6018790,,,,3671,30.0,0,0
75,5,14,6,20,Y6018791,,,,3142,30.0,0,0
75,5,14,6,21,Y6018792,,,,0,30.0,0,0
75,5,14,6,22,Y6018793,,,,0,30.0,0,0
75,5,14,6,23,Y6018794,,,,0,30.0,0,0
75,5,14,6,24,Y6018795,,,,0,30.0,0,0
75,5,14,6,25,Y6018796,,,,0,30.0,0,0
75,5,14,6,26,Y6018797,,,,0,30.0,0,0
75,5,14,6,27,Y6018798,,,,0,30.0,0,0
75,5,14,6,28,Y6018799,,,,0,30.0,0,0
75,5,14,6,29,Y6018800,,,,0,30.0,0,0
75,5,14,6,30,Y6018801,,,,0,30.0,0,0
75,5,14,7,10,Y6018802,,,,0,30.0,0,0
75,5,14,7,11,Y6018803,,,,0,30.0,0,0
75,5,14,7,12,Y6018804,,,,0,30.0,0,0
75,5,14,7,13,Y6018805,,,,0,30.0,0,0
75,5,14,7,14,Y6018806,,,,0,30.0,0,0
75,5,14,7,15,Y6018807,,,,0,30.0,0,0
75,5,14,7,16,Y6018808,,,,0,30.0,0,0
75,5,14,7,17,Y6018809,,,,0,30.0,0,0
75,5,14,7,18,Y6018810,,,,3174,30.0,0,0
75,5,14,7,19,Y6018811,,,,3713,30.0,0,0
75,5,14,7,20,Y6018812,,,,3194,30.0,0,0
75,5,14,7,21,Y6018813,,,,0,30.0,0,0
75,5,14,7,22,Y6018814,,,,0,30.0,0,0
75,5,14,7,23,Y6018815,,,,0,30.0,0,0
75,5,14,7,24,Y6018816,,,,0,30.0,0,0
75,5,14,7,25,Y6018817,,,,0,30.0,0,0
75,5,14,7,26,Y6018818,,,,0,30.0,0,0
75,5,14,7,27,Y6018819,,,,0,30.0,0,0
75,5,14,7,28,Y6018820,,,,0,30.0,0,0
75,5,14,7,29,Y6018821,,,,0,30.0,0,0
75,5,14,7,30,Y6018822,,,,0,30.0,0,0
75,5,14,8,10,Y6018823,,,,0,30.0,0,0
75,5,14,8,11,Y6018824,,,,0,30.0,0,0
75,5,14,8,12,Y6018825,,,,0,30.0,0,0
75,5,14,8,13,Y6018826,,,,0,30.0,0,0
75,5,14,8,14,Y6018827,,,,0,30.0,0,0
75,5,14,8,15,Y6018828,,,,0,30.0,0,0
75,5,14,8,16,Y6018829,,,,0,30.0,0,0
75,5,14,8,17,Y6018830,,,,0,30.0,0,0
75,5,14,8,18,Y6018831,,,,3271,30.0,0,0
75,5,14,8,19,Y6018832,,,,3750,30.0,0,0
75,5,14,8,20,Y6018833,,,,3234,30.0,0,0
75,5,14,8,21,Y6018834,,,,0,30.0,0,0
75,5,14,8,22,Y6018835,,,,0,30.0,0,0
75,5,14,8,23,Y6018836,,,,0,30.0,0,0
75,5,14,8,24,Y6018837,,,,0,30.0,0,0
75,5,14,8,25,Y6018838,,,,0,30.0,0,0
75,5,14,8,26,Y6018839,,,,0,30.0,0,0
75,5,14,8,27,Y6018840,,,,0,30.0,0,0
75,5,14,8,28,Y6018841,,,,0,30.0,0,0
75,5,14,8,29,Y6018842,,,,0,30.0,0,0
75,5,14,8,30,Y6018843,,,,0,30.0,0,0
75,5,14,9,10,Y6018844,,,,0,30.0,0,0
75,5,14,9,11,Y6018845,,,,0,30.0,0,0
75,5,14,9,12,Y6018846,,,,0,30.0,0,0
75,5,14,9,13,Y6018847,,,,0,30.0,0,0
75,5,14,9,14,Y6018848,,,,0,30.0,0,0
75,5,14,9,15,Y6018849,,,,0,30.0,0,0
75,5,14,9,16,Y6018850,,,,0,30.0,0,0
75,5,14,9,17,Y6018851,,,,0,30.0,0,0
75,5,14,9,18,Y6018852,,,,3277,30.0,0,0
75,5,14,9,19,Y6018853,,,,3780,30.0,0,0
75,5,14,9,20,Y6018854,,,,3264,30.0,0,0
75,5,14,9,21,Y6018855,,,,0,30.0,0,0
75,5,14,9,22,Y6018856,,,,0,30.0,0,0
75,5,14,9,23,Y6018857,,,,0,30.0,0,0
75,5,14,9,24,Y6018858,,,,0,30.0,0,0
75,5,14,9,25,Y6018859,,,,0,30.0,0,0
75,5,14,9,26,Y6018860,,,,0,30.0,0,0
75,5,14,9,27,Y6018861,,,,0,30.0,0,0
75,5,14,9,28,Y6018862,,,,0,30.0,0,0
75,5,14,9,29,Y6018863,,,,0,30.0,0,0
75,5,14,9,30,Y6018864,,,,0,30.0,0,0
75,5,14,10,10,Y6018865,,,,0,30.0,0,0
75,5,14,10,11,Y6018866,,,,0,30.0,0,0
75,5,14,10,12,Y6018867,,,,0,30.0,0,0
75,5,14,10,13,Y6018868,,,,0,30.0,0,0
75,5,14,10,14,Y6018869,,,,0,30.0,0,0
75,5,14,10,15,Y6018870,,,,0,30.0,0,0
75,5,14,10,16,Y6018871,,,,0,30.0,0,0
75,5,14,10,17,Y6018872,,,,0,30.0,0,0
75,5,14,10,18,Y6018873,,,,3397,30.0,0,0
75,5,14,10,19,Y6018874,,,,3979,30.0,0,0
75,5,14,10,20,Y6018875,,,,3368,30.0,0,0
75,5,14,10,21,Y6018876,,,,0,30.0,0,0
75,5,14,10,22,Y6018877,,,,0,30.0,0,0
75,5,14,10,23,Y6018878,,,,0,30.0,0,0
75,5,14,10,24,Y6018879,,,,0,30.0,0,0
75,5,14,10,25,Y6018880,,,,0,30.0,0,0
75,5,14,10,26,Y6018881,,,,0,30.0,0,0
75,5,14,10,27,Y6018882,,,,0,30.0,0,0
75,5,14,10,28,Y6018883,,,,0,30.0,0,0
75,5,14,10,29,Y6018884,,,,0,30.0,0,0
75,5,14,10,30,Y6018885,,,,0,30.0,0,0
75,5,14,11,10,Y6018886,,,,0,30.0,0,0
75,5,14,11,11,Y6018887,,,,0,30.0,0,0
75,5,14,11,12,Y6018888,,,,0,30.0,0,0
75,5,14,11,13,Y6018889,,,,0,30.0,0,0
75,5,14,11,14,Y6018890,,,,0,30.0,0,0
75,5,14,11,15,Y6018891,,,,0,30.0,0,0
75,5,14,11,16,Y6018892,,,,0,30.0,0,0
75,5,14,11,17,Y6018893,,,,0,30.0,0,0
75,5,14,11,18,Y6018894,,,,3476,30.0,0,0
75,5,14,11,19,Y6018895,,,,4076,30.0,0,0
75,5,14,11,20,Y6018896,,,,3460,30.0,0,0
75,5,14,11,21,Y6018897,,,,0,30.0,0,0
75,5,14,11,22,Y6018898,,,,0,30.0,0,0
75,5,14,11,23,Y6018899,,,,0,30.0,0,0
75,5,14,11,24,Y6018900,,,,0,30.0,0,0
75,5,14,11,25,Y6018901,,,,0,30.0,0,0
75,5,14,11,26,Y6018902,,,,0,30.0,0,0
75,5,14,11,27,Y6018903,,,,0,30.0,0,0
75,5,14,11,28,Y6018904,,,,0,30.0,0,0
75,5,14,11,29,Y6018905,,,,0,30.0,0,0
75,5,14,11,30,Y6018906,,,,0,30.0,0,0
75,5,14,12,10,Y6018907,,,,0,30.0,0,0
75,5,14,12,11,Y6018908,,,,0,30.0,0,0
75,5,14,12,12,Y6018909,,,,0,30.0,0,0
75,5,14,12,13,Y6018910,,,,0,30.0,0,0
75,5,14,12,14,Y6018911,,,,0,30.0,0,0
75,5,14,12,15,Y6018912,,,,0,30.0,0,0
75,5,14,12,16,Y6018913,,,,0,30.0,0,0
75,5,14,12,17,Y6018914,,,,0,30.0,0,0
75,5,14,12,18,Y6018915,,,,4039,30.0,0,0
75,5,14,12,19,Y6018916,,,,4632,30.0,0,0
75,5,14,12,20,Y6018917,,,,4061,30.0,0,0
75,5,14,12,21,Y6018918,,,,0,30.0,0,0
75,5,14,12,22,Y6018919,,,,0,30.0,0,0
75,5,14,12,23,Y6018920,,,,0,30.0,0,0
75,5,14,12,24,Y6018921,,,,0,30.0,0,0
75,5,14,12,25,Y6018922,,,,0,30.0,0,0
75,5,14,12,26,Y6018923,,,,0,30.0,0,0
75,5,14,12,27,Y6018924,,,,0,30.0,0,0
75,5,14,12,28,Y6018925,,,,0,30.0,0,0
75,5,14,12,29,Y6018926,,,,0,30.0,0,0
75,5,14,12,30,Y6018927,,,,0,30.0,0,0
75,5,15,1,10,Y6018928,,,,0,30.0,0,0
75,5,15,1,11,Y6018929,,,,0,30.0,0,0
75,5,15,1,12,Y6018930,,,,0,30.0,0,0
75,5,15,1,13,Y6018931,,,,0,30.0,0,0
75,5,15,1,14,Y6018932,,,,0,30.0,0,0
75,5,15,1,15,Y6018933,,,,0,30.0,0,0
75,5,15,1,16,Y6018934,,,,0,30.0,0,0
75,5,15,1,17,Y6018935,,,,0,30.0,0,0
75,5,15,1,18,Y6018936,,,,3157,30.0,0,0
75,5,15,1,19,Y6018937,,,,3585,30.0,0,0
75,5,15,1,20,Y6018938,,,,3059,30.0,0,0
75,5,15,1,21,Y6018939,,,,0,30.0,0,0
75,5,15,1,22,Y6018940,,,,0,30.0,0,0
75,5,15,1,23,Y6018941,,,,0,30.0,0,0
75,5,15,1,24,Y6018942,,,,0,30.0,0,0
75,5,15,1,25,Y6018943,,,,0,30.0,0,0
75,5,15,1,26,Y6018944,,,,0,30.0,0,0
75,5,15,1,27,Y6018945,,,,0,30.0,0,0
75,5,15,1,28,Y6018946,,,,0,30.0,0,0
75,5,15,1,29,Y6018947,,,,0,30.0,0,0
75,5,15,1,30,Y6018948,,,,0,30.0,0,0
75,5,15,2,10,Y6018949,,,,0,30.0,0,0
75,5,15,2,11,Y6018950,,,,0,30.0,0,0
75,5,15,2,12,Y6018951,,,,0,30.0,0,0
75,5,15,2,13,Y6018952,,,,0,30.0,0,0
75,5,15,2,14,Y6018953,,,,0,30.0,0,0
75,5,15,2,15,Y6018954,,,,0,30.0,0,0
75,5,15,2,16,Y6018955,,,,0,30.0,0,0
75,5,15,2,17,Y6018956,,,,0,30.0,0,0
75,5,15,2,18,Y6018957,,,,3144,30.0,0,0
75,5,15,2,19,Y6018958,,,,3565,30.0,0,0
75,5,15,2,20,Y6018959,,,,3040,30.0,0,0
75,5,15,2,21,Y6018960,,,,0,30.0,0,0
75,5,15,2,22,Y6018961,,,,0,30.0,0,0
75,5,15,2,23,Y6018962,,,,0,30.0,0,0
75,5,15,2,24,Y6018963,,,,0,30.0,0,0
75,5,15,2,25,Y6018964,,,,0,30.0,0,0
75,5,15,2,26,Y6018965,,,,0,30.0,0,0
75,5,15,2,27,Y6018966,,,,0,30.0,0,0
75,5,15,2,28,Y6018967,,,,0,30.0,0,0
75,5,15,2,29,Y6018968,,,,0,30.0,0,0
75,5,15,2,30,Y6018969,,,,0,30.0,0,0
75,5,15,3,10,Y6018970,,,,0,30.0,0,0
75,5,15,3,11,Y6018971,,,,0,30.0,0,0
75,5,15,3,12,Y6018972,,,,0,30.0,0,0
75,5,15,3,13,Y6018973,,,,0,30.0,0,0
75,5,15,3,14,Y6018974,,,,0,30.0,0,0
75,5,15,3,15,Y6018975,,,,0,30.0,0,0
75,5,15,3,16,Y6018976,,,,0,30.0,0,0
75,5,15,3,17,Y6018977,,,,0,30.0,0,0
75,5,15,3,18,Y6018978,,,,3131,30.0,0,0
75,5,15,3,19,Y6018979,,,,3551,30.0,0,0
75,5,15,3,20,Y6018980,,,,3026,30.0,0,0
75,5,15,3,21,Y6018981,,,,0,30.0,0,0
75,5,15,3,22,Y6018982,,,,0,30.0,0,0
75,5,15,3,23,Y6018983,,,,0,30.0,0,0
75,5,15,3,24,Y6018984,,,,0,30.0,0,0
75,5,15,3,25,Y6018985,,,,0,30.0,0,0
75,5,15,3,26,Y6018986,,,,0,30.0,0,0
75,5,15,3,27,Y6018987,,,,0,30.0,0,0
75,5,15,3,28,Y6018988,,,,0,30.0,0,0
75,5,15,3,29,Y6018989,,,,0,30.0,0,0
75,5,15,3,30,Y6018990,,,,0,30.0,0,0
75,5,15,4,10,Y6018991,,,,0,30.0,0,0
75,5,15,4,11,Y6018992,,,,0,30.0,0,0
75,5,15,4,12,Y6018993,,,,0,30.0,0,0
75,5,15,4,13,Y6018994,,,,0,30.0,0,0
75,5,15,4,14,Y6018995,,,,0,30.0,0,0
75,5,15,4,15,Y6018996,,,,0,30.0,0,0
75,5,15,4,16,Y6018997,,,,0,30.0,0,0
75,5,15,4,17,Y6018998,,,,0,30.0,0,0
75,5,15,4,18,Y6018999,,,,3217,30.0,0,0
75,5,15,4,19,Y6019000,,,,3622,30.0,0,0
75,5,15,4,20,Y6019001,,,,3098,30.0,0,0
75,5,15,4,21,Y6019002,,,,0,30.0,0,0
75,5,15,4,22,Y6019003,,,,0,30.0,0,0
75,5,15,4,23,Y6019004,,,,0,30.0,0,0
75,5,15,4,24,Y6019005,,,,0,30.0,0,0
75,5,15,4,25,Y6019006,,,,0,30.0,0,0
75,5,15,4,26,Y6019007,,,,0,30.0,0,0
75,5,15,4,27,Y6019008,,,,0,30.0,0,0
75,5,15,4,28,Y6019009,,,,0,30.0,0,0
75,5,15,4,29,Y6019010,,,,0,30.0,0,0
75,5,15,4,30,Y6019011,,,,0,30.0,0,0
75,5,15,5,10,Y6019012,,,,0,30.0,0,0
75,5,15,5,11,Y6019013,,,,0,30.0,0,0
75,5,15,5,12,Y6019014,,,,0,30.0,0,0
75,5,15,5,13,Y6019015,,,,0,30.0,0,0
75,5,15,5,14,Y6019016,,,,0,30.0,0,0
75,5,15,5,15,Y6019017,,,,0,30.0,0,0
75,5,15,5,16,Y6019018,,,,0,30.0,0,0
75,5,15,5,17,Y6019019,,,,0,30.0,0,0
75,5,15,5,18,Y6019020,,,,3267,30.0,0,0
75,5,15,5,19,Y6019021,,,,3669,30.0,0,0
75,5,15,5,20,Y6019022,,,,3144,30.0,0,0
75,5,15,5,21,Y6019023,,,,0,30.0,0,0
75,5,15,5,22,Y6019024,,,,0,30.0,0,0
75,5,15,5,23,Y6019025,,,,0,30.0,0,0
75,5,15,5,24,Y6019026,,,,0,30.0,0,0
75,5,15,5,25,Y6019027,,,,0,30.0,0,0
75,5,15,5,26,Y6019028,,,,0,30.0,0,0
75,5,15,5,27,Y6019029,,,,0,30.0,0,0
75,5,15,5,28,Y6019030,,,,0,30.0,0,0
75,5,15,5,29,Y6019031,,,,0,30.0,0,0
75,5,15,5,30,Y6019032,,,,0,30.0,0,0
75,5,15,6,10,Y6019033,,,,0,30.0,0,0
75,5,15,6,11,Y6019034,,,,0,30.0,0,0
75,5,15,6,12,Y6019035,,,,0,30.0,0,0
75,5,15,6,13,Y6019036,,,,0,30.0,0,0
75,5,15,6,14,Y6019037,,,,0,30.0,0,0
75,5,15,6,15,Y6019038,,,,0,30.0,0,0
75,5,15,6,16,Y6019039,,,,0,30.0,0,0
75,5,15,6,17,Y6019040,,,,0,30.0,0,0
75,5,15,6,18,Y6019041,,,,3263,30.0,0,0
75,5,15,6,19,Y6019042,,,,3665,30.0,0,0
75,5,15,6,20,Y6019043,,,,3136,30.0,0,0
75,5,15,6,21,Y6019044,,,,0,30.0,0,0
75,5,15,6,22,Y6019045,,,,0,30.0,0,0
75,5,15,6,23,Y6019046,,,,0,30.0,0,0
75,5,15,6,24,Y6019047,,,,0,30.0,0,0
75,5,15,6,25,Y6019048,,,,0,30.0,0,0
75,5,15,6,26,Y6019049,,,,0,30.0,0,0
75,5,15,6,27,Y6019050,,,,0,30.0,0,0
75,5,15,6,28,Y6019051,,,,0,30.0,0,0
75,5,15,6,29,Y6019052,,,,0,30.0,0,0
75,5,15,6,30,Y6019053,,,,0,30.0,0,0
75,5,15,7,10,Y6019054,,,,0,30.0,0,0
75,5,15,7,11,Y6019055,,,,0,30.0,0,0
75,5,15,7,12,Y6019056,,,,0,30.0,0,0
75,5,15,7,13,Y6019057,,,,0,30.0,0,0
75,5,15,7,14,Y6019058,,,,0,30.0,0,0
75,5,15,7,15,Y6019059,,,,0,30.0,0,0
75,5,15,7,16,Y6019060,,,,0,30.0,0,0
75,5,15,7,17,Y6019061,,,,0,30.0,0,0
75,5,15,7,18,Y6019062,,,,3293,30.0,0,0
75,5,15,7,19,Y6019063,,,,3707,30.0,0,0
75,5,15,7,20,Y6019064,,,,3188,30.0,0,0
75,5,15,7,21,Y6019065,,,,0,30.0,0,0
75,5,15,7,22,Y6019066,,,,0,30.0,0,0
75,5,15,7,23,Y6019067,,,,0,30.0,0,0
75,5,15,7,24,Y6019068,,,,0,30.0,0,0
75,5,15,7,25,Y6019069,,,,0,30.0,0,0
75,5,15,7,26,Y6019070,,,,0,30.0,0,0
75,5,15,7,27,Y6019071,,,,0,30.0,0,0
75,5,15,7,28,Y6019072,,,,0,30.0,0,0
75,5,15,7,29,Y6019073,,,,0,30.0,0,0
75,5,15,7,30,Y6019074,,,,0,30.0,0,0
75,5,15,8,10,Y6019075,,,,0,30.0,0,0
75,5,15,8,11,Y6019076,,,,0,30.0,0,0
75,5,15,8,12,Y6019077,,,,0,30.0,0,0
75,5,15,8,13,Y6019078,,,,0,30.0,0,0
75,5,15,8,14,Y6019079,,,,0,30.0,0,0
75,5,15,8,15,Y6019080,,,,0,30.0,0,0
75,5,15,8,16,Y6019081,,,,0,30.0,0,0
75,5,15,8,17,Y6019082,,,,0,30.0,0,0
75,5,15,8,18,Y6019083,,,,3403,30.0,0,0
75,5,15,8,19,Y6019084,,,,3756,30.0,0,0
75,5,15,8,20,Y6019085,,,,3241,30.0,0,0
75,5,15,8,21,Y6019086,,,,0,30.0,0,0
75,5,15,8,22,Y6019087,,,,0,30.0,0,0
75,5,15,8,23,Y6019088,,,,0,30.0,0,0
75,5,15,8,24,Y6019089,,,,0,30.0,0,0
75,5,15,8,25,Y6019090,,,,0,30.0,0,0
75,5,15,8,26,Y6019091,,,,0,30.0,0,0
75,5,15,8,27,Y6019092,,,,0,30.0,0,0
75,5,15,8,28,Y6019093,,,,0,30.0,0,0
75,5,15,8,29,Y6019094,,,,0,30.0,0,0
75,5,15,8,30,Y6019095,,,,0,30.0,0,0
75,5,15,9,10,Y6019096,,,,0,30.0,0,0
75,5,15,9,11,Y6019097,,,,0,30.0,0,0
75,5,15,9,12,Y6019098,,,,0,30.0,0,0
75,5,15,9,13,Y6019099,,,,0,30.0,0,0
75,5,15,9,14,Y6019100,,,,0,30.0,0,0
75,5,15,9,15,Y6019101,,,,0,30.0,0,0
75,5,15,9,16,Y6019102,,,,0,30.0,0,0
75,5,15,9,17,Y6019103,,,,0,30.0,0,0
75,5,15,9,18,Y6019104,,,,3427,30.0,0,0
75,5,15,9,19,Y6019105,,,,3794,30.0,0,0
75,5,15,9,20,Y6019106,,,,3278,30.0,0,0
75,5,15,9,21,Y6019107,,,,0,30.0,0,0
75,5,15,9,22,Y6019108,,,,0,30.0,0,0
75,5,15,9,23,Y6019109,,,,0,30.0,0,0
75,5,15,9,24,Y6019110,,,,0,30.0,0,0
75,5,15,9,25,Y6019111,,,,0,30.0,0,0
75,5,15,9,26,Y6019112,,,,0,30.0,0,0
75,5,15,9,27,Y6019113,,,,0,30.0,0,0
75,5,15,9,28,Y6019114,,,,0,30.0,0,0
75,5,15,9,29,Y6019115,,,,0,30.0,0,0
75,5,15,9,30,Y6019116,,,,0,30.0,0,0
75,5,15,10,10,Y6019117,,,,0,30.0,0,0
75,5,15,10,11,Y6019118,,,,0,30.0,0,0
75,5,15,10,12,Y6019119,,,,0,30.0,0,0
75,5,15,10,13,Y6019120,,,,0,30.0,0,0
75,5,15,10,14,Y6019121,,,,0,30.0,0,0
75,5,15,10,15,Y6019122,,,,0,30.0,0,0
75,5,15,10,16,Y6019123,,,,0,30.0,0,0
75,5,15,10,17,Y6019124,,,,0,30.0,0,0
75,5,15,10,18,Y6019125,,,,3559,30.0,0,0
75,5,15,10,19,Y6019126,,,,3993,30.0,0,0
75,5,15,10,20,Y6019127,,,,3382,30.0,0,0
75,5,15,10,21,Y6019128,,,,0,30.0,0,0
75,5,15,10,22,Y6019129,,,,0,30.0,0,0
75,5,15,10,23,Y6019130,,,,0,30.0,0,0
75,5,15,10,24,Y6019131,,,,0,30.0,0,0
75,5,15,10,25,Y6019132,,,,0,30.0,0,0
75,5,15,10,26,Y6019133,,,,0,30.0,0,0
75,5,15,10,27,Y6019134,,,,0,30.0,0,0
75,5,15,10,28,Y6019135,,,,0,30.0,0,0
75,5,15,10,29,Y6019136,,,,0,30.0,0,0
75,5,15,10,30,Y6019137,,,,0,30.0,0,0
75,5,15,11,10,Y6019138,,,,0,30.0,0,0
75,5,15,11,11,Y6019139,,,,0,30.0,0,0
75,5,15,11,12,Y6019140,,,,0,30.0,0,0
75,5,15,11,13,Y6019141,,,,0,30.0,0,0
75,5,15,11,14,Y6019142,,,,0,30.0,0,0
75,5,15,11,15,Y6019143,,,,0,30.0,0,0
75,5,15,11,16,Y6019144,,,,0,30.0,0,0
75,5,15,11,17,Y6019145,,,,0,30.0,0,0
75,5,15,11,18,Y6019146,,,,3651,30.0,0,0
75,5,15,11,19,Y6019147,,,,4090,30.0,0,0
75,5,15,11,20,Y6019148,,,,3474,30.0,0,0
75,5,15,11,21,Y6019149,,,,0,30.0,0,0
75,5,15,11,22,Y6019150,,,,0,30.0,0,0
75,5,15,11,23,Y6019151,,,,0,30.0,0,0
75,5,15,11,24,Y6019152,,,,0,30.0,0,0
75,5,15,11,25,Y6019153,,,,0,30.0,0,0
75,5,15,11,26,Y6019154,,,,0,30.0,0,0
75,5,15,11,27,Y6019155,,,,0,30.0,0,0
75,5,15,11,28,Y6019156,,,,0,30.0,0,0
75,5,15,11,29,Y6019157,,,,0,30.0,0,0
75,5,15,11,30,Y6019158,,,,0,30.0,0,0
75,5,15,12,10,Y6019159,,,,0,30.0,0,0
75,5,15,12,11,Y6019160,,,,0,30.0,0,0
75,5,15,12,12,Y6019161,,,,0,30.0,0,0
75,5,15,12,13,Y6019162,,,,0,30.0,0,0
75,5,15,12,14,Y6019163,,,,0,30.0,0,0
75,5,15,12,15,Y6019164,,,,0,30.0,0,0
75,5,15,12,16,Y6019165,,,,0,30.0,0,0
75,5,15,12,17,Y6019166,,,,0,30.0,0,0
75,5,15,12,18,Y6019167,,,,4177,30.0,0,0
75,5,15,12,19,Y6019168,,,,4634,30.0,0,0
75,5,15,12,20,Y6019169,,,,4063,30.0,0,0
75,5,15,12,21,Y6019170,,,,0,30.0,0,0
75,5,15,12,22,Y6019171,,,,0,30.0,0,0
75,5,15,12,23,Y6019172,,,,0,30.0,0,0
75,5,15,12,24,Y6019173,,,,0,30.0,0,0
75,5,15,12,25,Y6019174,,,,0,30.0,0,0
75,5,15,12,26,Y6019175,,,,0,30.0,0,0
75,5,15,12,27,Y6019176,,,,0,30.0,0,0
75,5,15,12,28,Y6019177,,,,0,30.0,0,0
75,5,15,12,29,Y6019178,,,,0,30.0,0,0
75,5,15,12,30,Y6019179,,,,0,30.0,0,0
75,5,16,1,10,Y6019180,,,,0,30.0,0,0
75,5,16,1,11,Y6019181,,,,0,30.0,0,0
75,5,16,1,12,Y6019182,,,,0,30.0,0,0
75,5,16,1,13,Y6019183,,,,0,30.0,0,0
75,5,16,1,14,Y6019184,,,,0,30.0,0,0
75,5,16,1,15,Y6019185,,,,0,30.0,0,0
75,5,16,1,16,Y6019186,,,,0,30.0,0,0
75,5,16,1,17,Y6019187,,,,0,30.0,0,0
75,5,16,1,18,Y6019188,,,,3157,30.0,0,0
75,5,16,1,19,Y6019189,,,,3562,30.0,0,0
75,5,16,1,20,Y6019190,,,,3037,30.0,0,0
75,5,16,1,21,Y6019191,,,,0,30.0,0,0
75,5,16,1,22,Y6019192,,,,0,30.0,0,0
75,5,16,1,23,Y6019193,,,,0,30.0,0,0
75,5,16,1,24,Y6019194,,,,0,30.0,0,0
75,5,16,1,25,Y6019195,,,,0,30.0,0,0
75,5,16,1,26,Y6019196,,,,0,30.0,0,0
75,5,16,1,27,Y6019197,,,,0,30.0,0,0
75,5,16,1,28,Y6019198,,,,0,30.0,0,0
75,5,16,1,29,Y6019199,,,,0,30.0,0,0
75,5,16,1,30,Y6019200,,,,0,30.0,0,0
75,5,16,2,10,Y6019201,,,,0,30.0,0,0
75,5,16,2,11,Y6019202,,,,0,30.0,0,0
75,5,16,2,12,Y6019203,,,,0,30.0,0,0
75,5,16,2,13,Y6019204,,,,0,30.0,0,0
75,5,16,2,14,Y6019205,,,,0,30.0,0,0
75,5,16,2,15,Y6019206,,,,0,30.0,0,0
75,5,16,2,16,Y6019207,,,,0,30.0,0,0
75,5,16,2,17,Y6019208,,,,0,30.0,0,0
75,5,16,2,18,Y6019209,,,,3144,30.0,0,0
75,5,16,2,19,Y6019210,,,,3543,30.0,0,0
75,5,16,2,20,Y6019211,,,,3017,30.0,0,0
75,5,16,2,21,Y6019212,,,,0,30.0,0,0
75,5,16,2,22,Y6019213,,,,0,30.0,0,0
75,5,16,2,23,Y6019214,,,,0,30.0,0,0
75,5,16,2,24,Y6019215,,,,0,30.0,0,0
75,5,16,2,25,Y6019216,,,,0,30.0,0,0
75,5,16,2,26,Y6019217,,,,0,30.0,0,0
75,5,16,2,27,Y6019218,,,,0,30.0,0,0
75,5,16,2,28,Y6019219,,,,0,30.0,0,0
75,5,16,2,29,Y6019220,,,,0,30.0,0,0
75,5,16,2,30,Y6019221,,,,0,30.0,0,0
75,5,16,3,10,Y6019222,,,,0,30.0,0,0
75,5,16,3,11,Y6019223,,,,0,30.0,0,0
75,5,16,3,12,Y6019224,,,,0,30.0,0,0
75,5,16,3,13,Y6019225,,,,0,30.0,0,0
75,5,16,3,14,Y6019226,,,,0,30.0,0,0
75,5,16,3,15,Y6019227,,,,0,30.0,0,0
75,5,16,3,16,Y6019228,,,,0,30.0,0,0
75,5,16,3,17,Y6019229,,,,0,30.0,0,0
75,5,16,3,18,Y6019230,,,,3131,30.0,0,0
75,5,16,3,19,Y6019231,,,,3529,30.0,0,0
75,5,16,3,20,Y6019232,,,,3003,30.0,0,0
75,5,16,3,21,Y6019233,,,,0,30.0,0,0
75,5,16,3,22,Y6019234,,,,0,30.0,0,0
75,5,16,3,23,Y6019235,,,,0,30.0,0,0
75,5,16,3,24,Y6019236,,,,0,30.0,0,0
75,5,16,3,25,Y6019237,,,,0,30.0,0,0
75,5,16,3,26,Y6019238,,,,0,30.0,0,0
75,5,16,3,27,Y6019239,,,,0,30.0,0,0
75,5,16,3,28,Y6019240,,,,0,30.0,0,0
75,5,16,3,29,Y6019241,,,,0,30.0,0,0
75,5,16,3,30,Y6019242,,,,0,30.0,0,0
75,5,16,4,10,Y6019243,,,,0,30.0,0,0
75,5,16,4,11,Y6019244,,,,0,30.0,0,0
75,5,16,4,12,Y6019245,,,,0,30.0,0,0
75,5,16,4,13,Y6019246,,,,0,30.0,0,0
75,5,16,4,14,Y6019247,,,,0,30.0,0,0
75,5,16,4,15,Y6019248,,,,0,30.0,0,0
75,5,16,4,16,Y6019249,,,,0,30.0,0,0
75,5,16,4,17,Y6019250,,,,0,30.0,0,0
75,5,16,4,18,Y6019251,,,,3217,30.0,0,0
75,5,16,4,19,Y6019252,,,,3600,30.0,0,0
75,5,16,4,20,Y6019253,,,,3076,30.0,0,0
75,5,16,4,21,Y6019254,,,,0,30.0,0,0
75,5,16,4,22,Y6019255,,,,0,30.0,0,0
75,5,16,4,23,Y6019256,,,,0,30.0,0,0
75,5,16,4,24,Y6019257,,,,0,30.0,0,0
75,5,16,4,25,Y6019258,,,,0,30.0,0,0
75,5,16,4,26,Y6019259,,,,0,30.0,0,0
75,5,16,4,27,Y6019260,,,,0,30.0,0,0
75,5,16,4,28,Y6019261,,,,0,30.0,0,0
75,5,16,4,29,Y6019262,,,,0,30.0,0,0
75,5,16,4,30,Y6019263,,,,0,30.0,0,0
75,5,16,5,10,Y6019264,,,,0,30.0,0,0
75,5,16,5,11,Y6019265,,,,0,30.0,0,0
75,5,16,5,12,Y6019266,,,,0,30.0,0,0
75,5,16,5,13,Y6019267,,,,0,30.0,0,0
75,5,16,5,14,Y6019268,,,,0,30.0,0,0
75,5,16,5,15,Y6019269,,,,0,30.0,0,0
75,5,16,5,16,Y6019270,,,,0,30.0,0,0
75,5,16,5,17,Y6019271,,,,0,30.0,0,0
75,5,16,5,18,Y6019272,,,,3267,30.0,0,0
75,5,16,5,19,Y6019273,,,,3647,30.0,0,0
75,5,16,5,20,Y6019274,,,,3121,30.0,0,0
75,5,16,5,21,Y6019275,,,,0,30.0,0,0
75,5,16,5,22,Y6019276,,,,0,30.0,0,0
75,5,16,5,23,Y6019277,,,,0,30.0,0,0
75,5,16,5,24,Y6019278,,,,0,30.0,0,0
75,5,16,5,25,Y6019279,,,,0,30.0,0,0
75,5,16,5,26,Y6019280,,,,0,30.0,0,0
75,5,16,5,27,Y6019281,,,,0,30.0,0,0
75,5,16,5,28,Y6019282,,,,0,30.0,0,0
75,5,16,5,29,Y6019283,,,,0,30.0,0,0
75,5,16,5,30,Y6019284,,,,0,30.0,0,0
75,5,16,6,10,Y6019285,,,,0,30.0,0,0
75,5,16,6,11,Y6019286,,,,0,30.0,0,0
75,5,16,6,12,Y6019287,,,,0,30.0,0,0
75,5,16,6,13,Y6019288,,,,0,30.0,0,0
75,5,16,6,14,Y6019289,,,,0,30.0,0,0
75,5,16,6,15,Y6019290,,,,0,30.0,0,0
75,5,16,6,16,Y6019291,,,,0,30.0,0,0
75,5,16,6,17,Y6019292,,,,0,30.0,0,0
75,5,16,6,18,Y6019293,,,,3263,30.0,0,0
75,5,16,6,19,Y6019294,,,,3642,30.0,0,0
75,5,16,6,20,Y6019295,,,,3113,30.0,0,0
75,5,16,6,21,Y6019296,,,,0,30.0,0,0
75,5,16,6,22,Y6019297,,,,0,30.0,0,0
75,5,16,6,23,Y6019298,,,,0,30.0,0,0
75,5,16,6,24,Y6019299,,,,0,30.0,0,0
75,5,16,6,25,Y6019300,,,,0,30.0,0,0
75,5,16,6,26,Y6019301,,,,0,30.0,0,0
75,5,16,6,27,Y6019302,,,,0,30.0,0,0
75,5,16,6,28,Y6019303,,,,0,30.0,0,0
75,5,16,6,29,Y6019304,,,,0,30.0,0,0
75,5,16,6,30,Y6019305,,,,0,30.0,0,0
75,5,16,7,10,Y6019306,,,,0,30.0,0,0
75,5,16,7,11,Y6019307,,,,0,30.0,0,0
75,5,16,7,12,Y6019308,,,,0,30.0,0,0
75,5,16,7,13,Y6019309,,,,0,30.0,0,0
75,5,16,7,14,Y6019310,,,,0,30.0,0,0
75,5,16,7,15,Y6019311,,,,0,30.0,0,0
75,5,16,7,16,Y6019312,,,,0,30.0,0,0
75,5,16,7,17,Y6019313,,,,0,30.0,0,0
75,5,16,7,18,Y6019314,,,,3293,30.0,0,0
75,5,16,7,19,Y6019315,,,,3684,30.0,0,0
75,5,16,7,20,Y6019316,,,,3165,30.0,0,0
75,5,16,7,21,Y6019317,,,,0,30.0,0,0
75,5,16,7,22,Y6019318,,,,0,30.0,0,0
75,5,16,7,23,Y6019319,,,,0,30.0,0,0
75,5,16,7,24,Y6019320,,,,0,30.0,0,0
75,5,16,7,25,Y6019321,,,,0,30.0,0,0
75,5,16,7,26,Y6019322,,,,0,30.0,0,0
75,5,16,7,27,Y6019323,,,,0,30.0,0,0
75,5,16,7,28,Y6019324,,,,0,30.0,0,0
75,5,16,7,29,Y6019325,,,,0,30.0,0,0
75,5,16,7,30,Y6019326,,,,0,30.0,0,0
75,5,16,8,10,Y6019327,,,,0,30.0,0,0
75,5,16,8,11,Y6019328,,,,0,30.0,0,0
75,5,16,8,12,Y6019329,,,,0,30.0,0,0
75,5,16,8,13,Y6019330,,,,0,30.0,0,0
75,5,16,8,14,Y6019331,,,,0,30.0,0,0
75,5,16,8,15,Y6019332,,,,0,30.0,0,0
75,5,16,8,16,Y6019333,,,,0,30.0,0,0
75,5,16,8,17,Y6019334,,,,0,30.0,0,0
75,5,16,8,18,Y6019335,,,,3403,30.0,0,0
75,5,16,8,19,Y6019336,,,,3734,30.0,0,0
75,5,16,8,20,Y6019337,,,,3218,30.0,0,0
75,5,16,8,21,Y6019338,,,,0,30.0,0,0
75,5,16,8,22,Y6019339,,,,0,30.0,0,0
75,5,16,8,23,Y6019340,,,,0,30.0,0,0
75,5,16,8,24,Y6019341,,,,0,30.0,0,0
75,5,16,8,25,Y6019342,,,,0,30.0,0,0
75,5,16,8,26,Y6019343,,,,0,30.0,0,0
75,5,16,8,27,Y6019344,,,,0,30.0,0,0
75,5,16,8,28,Y6019345,,,,0,30.0,0,0
75,5,16,8,29,Y6019346,,,,0,30.0,0,0
75,5,16,8,30,Y6019347,,,,0,30.0,0,0
75,5,16,9,10,Y6019348,,,,0,30.0,0,0
75,5,16,9,11,Y6019349,,,,0,30.0,0,0
75,5,16,9,12,Y6019350,,,,0,30.0,0,0
75,5,16,9,13,Y6019351,,,,0,30.0,0,0
75,5,16,9,14,Y6019352,,,,0,30.0,0,0
75,5,16,9,15,Y6019353,,,,0,30.0,0,0
75,5,16,9,16,Y6019354,,,,0,30.0,0,0
75,5,16,9,17,Y6019355,,,,0,30.0,0,0
75,5,16,9,18,Y6019356,,,,3427,30.0,0,0
75,5,16,9,19,Y6019357,,,,3771,30.0,0,0
75,5,16,9,20,Y6019358,,,,3255,30.0,0,0
75,5,16,9,21,Y6019359,,,,0,30.0,0,0
75,5,16,9,22,Y6019360,,,,0,30.0,0,0
75,5,16,9,23,Y6019361,,,,0,30.0,0,0
75,5,16,9,24,Y6019362,,,,0,30.0,0,0
75,5,16,9,25,Y6019363,,,,0,30.0,0,0
75,5,16,9,26,Y6019364,,,,0,30.0,0,0
75,5,16,9,27,Y6019365,,,,0,30.0,0,0
75,5,16,9,28,Y6019366,,,,0,30.0,0,0
75,5,16,9,29,Y6019367,,,,0,30.0,0,0
75,5,16,9,30,Y6019368,,,,0,30.0,0,0
75,5,16,10,10,Y6019369,,,,0,30.0,0,0
75,5,16,10,11,Y6019370,,,,0,30.0,0,0
75,5,16,10,12,Y6019371,,,,0,30.0,0,0
75,5,16,10,13,Y6019372,,,,0,30.0,0,0
75,5,16,10,14,Y6019373,,,,0,30.0,0,0
75,5,16,10,15,Y6019374,,,,0,30.0,0,0
75,5,16,10,16,Y6019375,,,,0,30.0,0,0
75,5,16,10,17,Y6019376,,,,0,30.0,0,0
75,5,16,10,18,Y6019377,,,,3559,30.0,0,0
75,5,16,10,19,Y6019378,,,,3970,30.0,0,0
75,5,16,10,20,Y6019379,,,,3360,30.0,0,0
75,5,16,10,21,Y6019380,,,,0,30.0,0,0
75,5,16,10,22,Y6019381,,,,0,30.0,0,0
75,5,16,10,23,Y6019382,,,,0,30.0,0,0
75,5,16,10,24,Y6019383,,,,0,30.0,0,0
75,5,16,10,25,Y6019384,,,,0,30.0,0,0
75,5,16,10,26,Y6019385,,,,0,30.0,0,0
75,5,16,10,27,Y6019386,,,,0,30.0,0,0
75,5,16,10,28,Y6019387,,,,0,30.0,0,0
75,5,16,10,29,Y6019388,,,,0,30.0,0,0
75,5,16,10,30,Y6019389,,,,0,30.0,0,0
75,5,16,11,10,Y6019390,,,,0,30.0,0,0
75,5,16,11,11,Y6019391,,,,0,30.0,0,0
75,5,16,11,12,Y6019392,,,,0,30.0,0,0
75,5,16,11,13,Y6019393,,,,0,30.0,0,0
75,5,16,11,14,Y6019394,,,,0,30.0,0,0
75,5,16,11,15,Y6019395,,,,0,30.0,0,0
75,5,16,11,16,Y6019396,,,,0,30.0,0,0
75,5,16,11,17,Y6019397,,,,0,30.0,0,0
75,5,16,11,18,Y6019398,,,,3651,30.0,0,0
75,5,16,11,19,Y6019399,,,,4068,30.0,0,0
75,5,16,11,20,Y6019400,,,,3451,30.0,0,0
75,5,16,11,21,Y6019401,,,,0,30.0,0,0
75,5,16,11,22,Y6019402,,,,0,30.0,0,0
75,5,16,11,23,Y6019403,,,,0,30.0,0,0
75,5,16,11,24,Y6019404,,,,0,30.0,0,0
75,5,16,11,25,Y6019405,,,,0,30.0,0,0
75,5,16,11,26,Y6019406,,,,0,30.0,0,0
75,5,16,11,27,Y6019407,,,,0,30.0,0,0
75,5,16,11,28,Y6019408,,,,0,30.0,0,0
75,5,16,11,29,Y6019409,,,,0,30.0,0,0
75,5,16,11,30,Y6019410,,,,0,30.0,0,0
75,5,16,12,10,Y6019411,,,,0,30.0,0,0
75,5,16,12,11,Y6019412,,,,0,30.0,0,0
75,5,16,12,12,Y6019413,,,,0,30.0,0,0
75,5,16,12,13,Y6019414,,,,0,30.0,0,0
75,5,16,12,14,Y6019415,,,,0,30.0,0,0
75,5,16,12,15,Y6019416,,,,0,30.0,0,0
75,5,16,12,16,Y6019417,,,,0,30.0,0,0
75,5,16,12,17,Y6019418,,,,0,30.0,0,0
75,5,16,12,18,Y6019419,,,,4173,30.0,0,0
75,5,16,12,19,Y6019420,,,,4608,30.0,0,0
75,5,16,12,20,Y6019421,,,,4037,30.0,0,0
75,5,16,12,21,Y6019422,,,,0,30.0,0,0
75,5,16,12,22,Y6019423,,,,0,30.0,0,0
75,5,16,12,23,Y6019424,,,,0,30.0,0,0
75,5,16,12,24,Y6019425,,,,0,30.0,0,0
75,5,16,12,25,Y6019426,,,,0,30.0,0,0
75,5,16,12,26,Y6019427,,,,0,30.0,0,0
75,5,16,12,27,Y6019428,,,,0,30.0,0,0
75,5,16,12,28,Y6019429,,,,0,30.0,0,0
75,5,16,12,29,Y6019430,,,,0,30.0,0,0
75,5,16,12,30,Y6019431,,,,0,30.0,0,0
75,5,17,1,10,Y6019432,,,,0,30.0,0,0
75,5,17,1,11,Y6019433,,,,0,30.0,0,0
75,5,17,1,12,Y6019434,,,,0,30.0,0,0
75,5,17,1,13,Y6019435,,,,0,30.0,0,0
75,5,17,1,14,Y6019436,,,,0,30.0,0,0
75,5,17,1,15,Y6019437,,,,0,30.0,0,0
75,5,17,1,16,Y6019438,,,,0,30.0,0,0
75,5,17,1,17,Y6019439,,,,0,30.0,0,0
75,5,17,1,18,Y6019440,,,,0,30.0,0,0
75,5,17,1,19,Y6019441,,,,3291,30.0,0,0
75,5,17,1,20,Y6019442,,,,0,30.0,0,0
75,5,17,1,21,Y6019443,,,,0,30.0,0,0
75,5,17,1,22,Y6019444,,,,0,30.0,0,0
75,5,17,1,23,Y6019445,,,,0,30.0,0,0
75,5,17,1,24,Y6019446,,,,0,30.0,0,0
75,5,17,1,25,Y6019447,,,,0,30.0,0,0
75,5,17,1,26,Y6019448,,,,0,30.0,0,0
75,5,17,1,27,Y6019449,,,,0,30.0,0,0
75,5,17,1,28,Y6019450,,,,0,30.0,0,0
75,5,17,1,29,Y6019451,,,,0,30.0,0,0
75,5,17,1,30,Y6019452,,,,0,30.0,0,0
75,5,17,2,10,Y6019453,,,,0,30.0,0,0
75,5,17,2,11,Y6019454,,,,0,30.0,0,0
75,5,17,2,12,Y6019455,,,,0,30.0,0,0
75,5,17,2,13,Y6019456,,,,0,30.0,0,0
75,5,17,2,14,Y6019457,,,,0,30.0,0,0
75,5,17,2,15,Y6019458,,,,0,30.0,0,0
75,5,17,2,16,Y6019459,,,,0,30.0,0,0
75,5,17,2,17,Y6019460,,,,0,30.0,0,0
75,5,17,2,18,Y6019461,,,,0,30.0,0,0
75,5,17,2,19,Y6019462,,,,3271,30.0,0,0
75,5,17,2,20,Y6019463,,,,0,30.0,0,0
75,5,17,2,21,Y6019464,,,,0,30.0,0,0
75,5,17,2,22,Y6019465,,,,0,30.0,0,0
75,5,17,2,23,Y6019466,,,,0,30.0,0,0
75,5,17,2,24,Y6019467,,,,0,30.0,0,0
75,5,17,2,25,Y6019468,,,,0,30.0,0,0
75,5,17,2,26,Y6019469,,,,0,30.0,0,0
75,5,17,2,27,Y6019470,,,,0,30.0,0,0
75,5,17,2,28,Y6019471,,,,0,30.0,0,0
75,5,17,2,29,Y6019472,,,,0,30.0,0,0
75,5,17,2,30,Y6019473,,,,0,30.0,0,0
75,5,17,3,10,Y6019474,,,,0,30.0,0,0
75,5,17,3,11,Y6019475,,,,0,30.0,0,0
75,5,17,3,12,Y6019476,,,,0,30.0,0,0
75,5,17,3,13,Y6019477,,,,0,30.0,0,0
75,5,17,3,14,Y6019478,,,,0,30.0,0,0
75,5,17,3,15,Y6019479,,,,0,30.0,0,0
75,5,17,3,16,Y6019480,,,,0,30.0,0,0
75,5,17,3,17,Y6019481,,,,0,30.0,0,0
75,5,17,3,18,Y6019482,,,,0,30.0,0,0
75,5,17,3,19,Y6019483,,,,3262,30.0,0,0
75,5,17,3,20,Y6019484,,,,0,30.0,0,0
75,5,17,3,21,Y6019485,,,,0,30.0,0,0
75,5,17,3,22,Y6019486,,,,0,30.0,0,0
75,5,17,3,23,Y6019487,,,,0,30.0,0,0
75,5,17,3,24,Y6019488,,,,0,30.0,0,0
75,5,17,3,25,Y6019489,,,,0,30.0,0,0
75,5,17,3,26,Y6019490,,,,0,30.0,0,0
75,5,17,3,27,Y6019491,,,,0,30.0,0,0
75,5,17,3,28,Y6019492,,,,0,30.0,0,0
75,5,17,3,29,Y6019493,,,,0,30.0,0,0
75,5,17,3,30,Y6019494,,,,0,30.0,0,0
75,5,17,4,10,Y6019495,,,,0,30.0,0,0
75,5,17,4,11,Y6019496,,,,0,30.0,0,0
75,5,17,4,12,Y6019497,,,,0,30.0,0,0
75,5,17,4,13,Y6019498,,,,0,30.0,0,0
75,5,17,4,14,Y6019499,,,,0,30.0,0,0
75,5,17,4,15,Y6019500,,,,0,30.0,0,0
75,5,17,4,16,Y6019501,,,,0,30.0,0,0
75,5,17,4,17,Y6019502,,,,0,30.0,0,0
75,5,17,4,18,Y6019503,,,,3027,30.0,0,0
75,5,17,4,19,Y6019504,,,,3333,30.0,0,0
75,5,17,4,20,Y6019505,,,,0,30.0,0,0
75,5,17,4,21,Y6019506,,,,0,30.0,0,0
75,5,17,4,22,Y6019507,,,,0,30.0,0,0
75,5,17,4,23,Y6019508,,,,0,30.0,0,0
75,5,17,4,24,Y6019509,,,,0,30.0,0,0
75,5,17,4,25,Y6019510,,,,0,30.0,0,0
75,5,17,4,26,Y6019511,,,,0,30.0,0,0
75,5,17,4,27,Y6019512,,,,0,30.0,0,0
75,5,17,4,28,Y6019513,,,,0,30.0,0,0
75,5,17,4,29,Y6019514,,,,0,30.0,0,0
75,5,17,4,30,Y6019515,,,,0,30.0,0,0
75,5,17,5,10,Y6019516,,,,0,30.0,0,0
75,5,17,5,11,Y6019517,,,,0,30.0,0,0
75,5,17,5,12,Y6019518,,,,0,30.0,0,0
75,5,17,5,13,Y6019519,,,,0,30.0,0,0
75,5,17,5,14,Y6019520,,,,0,30.0,0,0
75,5,17,5,15,Y6019521,,,,0,30.0,0,0
75,5,17,5,16,Y6019522,,,,0,30.0,0,0
75,5,17,5,17,Y6019523,,,,0,30.0,0,0
75,5,17,5,18,Y6019524,,,,3077,30.0,0,0
75,5,17,5,19,Y6019525,,,,3380,30.0,0,0
75,5,17,5,20,Y6019526,,,,0,30.0,0,0
75,5,17,5,21,Y6019527,,,,0,30.0,0,0
75,5,17,5,22,Y6019528,,,,0,30.0,0,0
75,5,17,5,23,Y6019529,,,,0,30.0,0,0
75,5,17,5,24,Y6019530,,,,0,30.0,0,0
75,5,17,5,25,Y6019531,,,,0,30.0,0,0
75,5,17,5,26,Y6019532,,,,0,30.0,0,0
75,5,17,5,27,Y6019533,,,,0,30.0,0,0
75,5,17,5,28,Y6019534,,,,0,30.0,0,0
75,5,17,5,29,Y6019535,,,,0,30.0,0,0
75,5,17,5,30,Y6019536,,,,0,30.0,0,0
75,5,17,6,10,Y6019537,,,,0,30.0,0,0
75,5,17,6,11,Y6019538,,,,0,30.0,0,0
75,5,17,6,12,Y6019539,,,,0,30.0,0,0
75,5,17,6,13,Y6019540,,,,0,30.0,0,0
75,5,17,6,14,Y6019541,,,,0,30.0,0,0
75,5,17,6,15,Y6019542,,,,0,30.0,0,0
75,5,17,6,16,Y6019543,,,,0,30.0,0,0
75,5,17,6,17,Y6019544,,,,0,30.0,0,0
75,5,17,6,18,Y6019545,,,,3072,30.0,0,0
75,5,17,6,19,Y6019546,,,,3375,30.0,0,0
75,5,17,6,20,Y6019547,,,,0,30.0,0,0
75,5,17,6,21,Y6019548,,,,0,30.0,0,0
75,5,17,6,22,Y6019549,,,,0,30.0,0,0
75,5,17,6,23,Y6019550,,,,0,30.0,0,0
75,5,17,6,24,Y6019551,,,,0,30.0,0,0
75,5,17,6,25,Y6019552,,,,0,30.0,0,0
75,5,17,6,26,Y6019553,,,,0,30.0,0,0
75,5,17,6,27,Y6019554,,,,0,30.0,0,0
75,5,17,6,28,Y6019555,,,,0,30.0,0,0
75,5,17,6,29,Y6019556,,,,0,30.0,0,0
75,5,17,6,30,Y6019557,,,,0,30.0,0,0
75,5,17,7,10,Y6019558,,,,0,30.0,0,0
75,5,17,7,11,Y6019559,,,,0,30.0,0,0
75,5,17,7,12,Y6019560,,,,0,30.0,0,0
75,5,17,7,13,Y6019561,,,,0,30.0,0,0
75,5,17,7,14,Y6019562,,,,0,30.0,0,0
75,5,17,7,15,Y6019563,,,,0,30.0,0,0
75,5,17,7,16,Y6019564,,,,0,30.0,0,0
75,5,17,7,17,Y6019565,,,,0,30.0,0,0
75,5,17,7,18,Y6019566,,,,3095,30.0,0,0
75,5,17,7,19,Y6019567,,,,3410,30.0,0,0
75,5,17,7,20,Y6019568,,,,0,30.0,0,0
75,5,17,7,21,Y6019569,,,,0,30.0,0,0
75,5,17,7,22,Y6019570,,,,0,30.0,0,0
75,5,17,7,23,Y6019571,,,,0,30.0,0,0
75,5,17,7,24,Y6019572,,,,0,30.0,0,0
75,5,17,7,25,Y6019573,,,,0,30.0,0,0
75,5,17,7,26,Y6019574,,,,0,30.0,0,0
75,5,17,7,27,Y6019575,,,,0,30.0,0,0
75,5,17,7,28,Y6019576,,,,0,30.0,0,0
75,5,17,7,29,Y6019577,,,,0,30.0,0,0
75,5,17,7,30,Y6019578,,,,0,30.0,0,0
75,5,17,8,10,Y6019579,,,,0,30.0,0,0
75,5,17,8,11,Y6019580,,,,0,30.0,0,0
75,5,17,8,12,Y6019581,,,,0,30.0,0,0
75,5,17,8,13,Y6019582,,,,0,30.0,0,0
75,5,17,8,14,Y6019583,,,,0,30.0,0,0
75,5,17,8,15,Y6019584,,,,0,30.0,0,0
75,5,17,8,16,Y6019585,,,,0,30.0,0,0
75,5,17,8,17,Y6019586,,,,0,30.0,0,0
75,5,17,8,18,Y6019587,,,,3205,30.0,0,0
75,5,17,8,19,Y6019588,,,,3454,30.0,0,0
75,5,17,8,20,Y6019589,,,,0,30.0,0,0
75,5,17,8,21,Y6019590,,,,0,30.0,0,0
75,5,17,8,22,Y6019591,,,,0,30.0,0,0
75,5,17,8,23,Y6019592,,,,0,30.0,0,0
75,5,17,8,24,Y6019593,,,,0,30.0,0,0
75,5,17,8,25,Y6019594,,,,0,30.0,0,0
75,5,17,8,26,Y6019595,,,,0,30.0,0,0
75,5,17,8,27,Y6019596,,,,0,30.0,0,0
75,5,17,8,28,Y6019597,,,,0,30.0,0,0
75,5,17,8,29,Y6019598,,,,0,30.0,0,0
75,5,17,8,30,Y6019599,,,,0,30.0,0,0
75,5,17,9,10,Y6019600,,,,0,30.0,0,0
75,5,17,9,11,Y6019601,,,,0,30.0,0,0
75,5,17,9,12,Y6019602,,,,0,30.0,0,0
75,5,17,9,13,Y6019603,,,,0,30.0,0,0
75,5,17,9,14,Y6019604,,,,0,30.0,0,0
75,5,17,9,15,Y6019605,,,,0,30.0,0,0
75,5,17,9,16,Y6019606,,,,0,30.0,0,0
75,5,17,9,17,Y6019607,,,,0,30.0,0,0
75,5,17,9,18,Y6019608,,,,3229,30.0,0,0
75,5,17,9,19,Y6019609,,,,3491,30.0,0,0
75,5,17,9,20,Y6019610,,,,0,30.0,0,0
75,5,17,9,21,Y6019611,,,,0,30.0,0,0
75,5,17,9,22,Y6019612,,,,0,30.0,0,0
75,5,17,9,23,Y6019613,,,,0,30.0,0,0
75,5,17,9,24,Y6019614,,,,0,30.0,0,0
75,5,17,9,25,Y6019615,,,,0,30.0,0,0
75,5,17,9,26,Y6019616,,,,0,30.0,0,0
75,5,17,9,27,Y6019617,,,,0,30.0,0,0
75,5,17,9,28,Y6019618,,,,0,30.0,0,0
75,5,17,9,29,Y6019619,,,,0,30.0,0,0
75,5,17,9,30,Y6019620,,,,0,30.0,0,0
75,5,17,10,10,Y6019621,,,,0,30.0,0,0
75,5,17,10,11,Y6019622,,,,0,30.0,0,0
75,5,17,10,12,Y6019623,,,,0,30.0,0,0
75,5,17,10,13,Y6019624,,,,0,30.0,0,0
75,5,17,10,14,Y6019625,,,,0,30.0,0,0
75,5,17,10,15,Y6019626,,,,0,30.0,0,0
75,5,17,10,16,Y6019627,,,,0,30.0,0,0
75,5,17,10,17,Y6019628,,,,0,30.0,0,0
75,5,17,10,18,Y6019629,,,,3361,30.0,0,0
75,5,17,10,19,Y6019630,,,,3690,30.0,0,0
75,5,17,10,20,Y6019631,,,,3099,30.0,0,0
75,5,17,10,21,Y6019632,,,,0,30.0,0,0
75,5,17,10,22,Y6019633,,,,0,30.0,0,0
75,5,17,10,23,Y6019634,,,,0,30.0,0,0
75,5,17,10,24,Y6019635,,,,0,30.0,0,0
75,5,17,10,25,Y6019636,,,,0,30.0,0,0
75,5,17,10,26,Y6019637,,,,0,30.0,0,0
75,5,17,10,27,Y6019638,,,,0,30.0,0,0
75,5,17,10,28,Y6019639,,,,0,30.0,0,0
75,5,17,10,29,Y6019640,,,,0,30.0,0,0
75,5,17,10,30,Y6019641,,,,0,30.0,0,0
75,5,17,11,10,Y6019642,,,,0,30.0,0,0
75,5,17,11,11,Y6019643,,,,0,30.0,0,0
75,5,17,11,12,Y6019644,,,,0,30.0,0,0
75,5,17,11,13,Y6019645,,,,0,30.0,0,0
75,5,17,11,14,Y6019646,,,,0,30.0,0,0
75,5,17,11,15,Y6019647,,,,0,30.0,0,0
75,5,17,11,16,Y6019648,,,,0,30.0,0,0
75,5,17,11,17,Y6019649,,,,0,30.0,0,0
75,5,17,11,18,Y6019650,,,,3453,30.0,0,0
75,5,17,11,19,Y6019651,,,,3787,30.0,0,0
75,5,17,11,20,Y6019652,,,,3190,30.0,0,0
75,5,17,11,21,Y6019653,,,,0,30.0,0,0
75,5,17,11,22,Y6019654,,,,0,30.0,0,0
75,5,17,11,23,Y6019655,,,,0,30.0,0,0
75,5,17,11,24,Y6019656,,,,0,30.0,0,0
75,5,17,11,25,Y6019657,,,,0,30.0,0,0
75,5,17,11,26,Y6019658,,,,0,30.0,0,0
75,5,17,11,27,Y6019659,,,,0,30.0,0,0
75,5,17,11,28,Y6019660,,,,0,30.0,0,0
75,5,17,11,29,Y6019661,,,,0,30.0,0,0
75,5,17,11,30,Y6019662,,,,0,30.0,0,0
75,5,17,12,10,Y6019663,,,,0,30.0,0,0
75,5,17,12,11,Y6019664,,,,0,30.0,0,0
75,5,17,12,12,Y6019665,,,,0,30.0,0,0
75,5,17,12,13,Y6019666,,,,0,30.0,0,0
75,5,17,12,14,Y6019667,,,,0,30.0,0,0
75,5,17,12,15,Y6019668,,,,0,30.0,0,0
75,5,17,12,16,Y6019669,,,,0,30.0,0,0
75,5,17,12,17,Y6019670,,,,0,30.0,0,0
75,5,17,12,18,Y6019671,,,,3976,30.0,0,0
75,5,17,12,19,Y6019672,,,,4327,30.0,0,0
75,5,17,12,20,Y6019673,,,,3776,30.0,0,0
75,5,17,12,21,Y6019674,,,,0,30.0,0,0
75,5,17,12,22,Y6019675,,,,0,30.0,0,0
75,5,17,12,23,Y6019676,,,,0,30.0,0,0
75,5,17,12,24,Y6019677,,,,0,30.0,0,0
75,5,17,12,25,Y6019678,,,,0,30.0,0,0
75,5,17,12,26,Y6019679,,,,0,30.0,0,0
75,5,17,12,27,Y6019680,,,,0,30.0,0,0
75,5,17,12,28,Y6019681,,,,0,30.0,0,0
75,5,17,12,29,Y6019682,,,,0,30.0,0,0
75,5,17,12,30,Y6019683,,,,0,30.0,0,0
75,5,18,1,10,Y6019684,,,,0,30.0,0,0
75,5,18,1,11,Y6019685,,,,0,30.0,0,0
75,5,18,1,12,Y6019686,,,,0,30.0,0,0
75,5,18,1,13,Y6019687,,,,0,30.0,0,0
75,5,18,1,14,Y6019688,,,,0,30.0,0,0
75,5,18,1,15,Y6019689,,,,0,30.0,0,0
75,5,18,1,16,Y6019690,,,,0,30.0,0,0
75,5,18,1,17,Y6019691,,,,0,30.0,0,0
75,5,18,1,18,Y6019692,,,,0,30.0,0,0
75,5,18,1,19,Y6019693,,,,0,30.0,0,0
75,5,18,1,20,Y6019694,,,,0,30.0,0,0
75,5,18,1,21,Y6019695,,,,0,30.0,0,0
75,5,18,1,22,Y6019696,,,,0,30.0,0,0
75,5,18,1,23,Y6019697,,,,0,30.0,0,0
75,5,18,1,24,Y6019698,,,,0,30.0,0,0
75,5,18,1,25,Y6019699,,,,0,30.0,0,0
75,5,18,1,26,Y6019700,,,,0,30.0,0,0
75,5,18,1,27,Y6019701,,,,0,30.0,0,0
75,5,18,1,28,Y6019702,,,,0,30.0,0,0
75,5,18,1,29,Y6019703,,,,0,30.0,0,0
75,5,18,1,30,Y6019704,,,,0,30.0,0,0
75,5,18,2,10,Y6019705,,,,0,30.0,0,0
75,5,18,2,11,Y6019706,,,,0,30.0,0,0
75,5,18,2,12,Y6019707,,,,0,30.0,0,0
75,5,18,2,13,Y6019708,,,,0,30.0,0,0
75,5,18,2,14,Y6019709,,,,0,30.0,0,0
75,5,18,2,15,Y6019710,,,,0,30.0,0,0
75,5,18,2,16,Y6019711,,,,0,30.0,0,0
75,5,18,2,17,Y6019712,,,,0,30.0,0,0
75,5,18,2,18,Y6019713,,,,0,30.0,0,0
75,5,18,2,19,Y6019714,,,,0,30.0,0,0
75,5,18,2,20,Y6019715,,,,0,30.0,0,0
75,5,18,2,21,Y6019716,,,,0,30.0,0,0
75,5,18,2,22,Y6019717,,,,0,30.0,0,0
75,5,18,2,23,Y6019718,,,,0,30.0,0,0
75,5,18,2,24,Y6019719,,,,0,30.0,0,0
75,5,18,2,25,Y6019720,,,,0,30.0,0,0
75,5,18,2,26,Y6019721,,,,0,30.0,0,0
75,5,18,2,27,Y6019722,,,,0,30.0,0,0
75,5,18,2,28,Y6019723,,,,0,30.0,0,0
75,5,18,2,29,Y6019724,,,,0,30.0,0,0
75,5,18,2,30,Y6019725,,,,0,30.0,0,0
75,5,18,3,10,Y6019726,,,,0,30.0,0,0
75,5,18,3,11,Y6019727,,,,0,30.0,0,0
75,5,18,3,12,Y6019728,,,,0,30.0,0,0
75,5,18,3,13,Y6019729,,,,0,30.0,0,0
75,5,18,3,14,Y6019730,,,,0,30.0,0,0
75,5,18,3,15,Y6019731,,,,0,30.0,0,0
75,5,18,3,16,Y6019732,,,,0,30.0,0,0
75,5,18,3,17,Y6019733,,,,0,30.0,0,0
75,5,18,3,18,Y6019734,,,,0,30.0,0,0
75,5,18,3,19,Y6019735,,,,0,30.0,0,0
75,5,18,3,20,Y6019736,,,,0,30.0,0,0
75,5,18,3,21,Y6019737,,,,0,30.0,0,0
75,5,18,3,22,Y6019738,,,,0,30.0,0,0
75,5,18,3,23,Y6019739,,,,0,30.0,0,0
75,5,18,3,24,Y6019740,,,,0,30.0,0,0
75,5,18,3,25,Y6019741,,,,0,30.0,0,0
75,5,18,3,26,Y6019742,,,,0,30.0,0,0
75,5,18,3,27,Y6019743,,,,0,30.0,0,0
75,5,18,3,28,Y6019744,,,,0,30.0,0,0
75,5,18,3,29,Y6019745,,,,0,30.0,0,0
75,5,18,3,30,Y6019746,,,,0,30.0,0,0
75,5,18,4,10,Y6019747,,,,0,30.0,0,0
75,5,18,4,11,Y6019748,,,,0,30.0,0,0
75,5,18,4,12,Y6019749,,,,0,30.0,0,0
75,5,18,4,13,Y6019750,,,,0,30.0,0,0
75,5,18,4,14,Y6019751,,,,0,30.0,0,0
75,5,18,4,15,Y6019752,,,,0,30.0,0,0
75,5,18,4,16,Y6019753,,,,0,30.0,0,0
75,5,18,4,17,Y6019754,,,,0,30.0,0,0
75,5,18,4,18,Y6019755,,,,0,30.0,0,0
75,5,18,4,19,Y6019756,,,,0,30.0,0,0
75,5,18,4,20,Y6019757,,,,0,30.0,0,0
75,5,18,4,21,Y6019758,,,,0,30.0,0,0
75,5,18,4,22,Y6019759,,,,0,30.0,0,0
75,5,18,4,23,Y6019760,,,,0,30.0,0,0
75,5,18,4,24,Y6019761,,,,0,30.0,0,0
75,5,18,4,25,Y6019762,,,,0,30.0,0,0
75,5,18,4,26,Y6019763,,,,0,30.0,0,0
75,5,18,4,27,Y6019764,,,,0,30.0,0,0
75,5,18,4,28,Y6019765,,,,0,30.0,0,0
75,5,18,4,29,Y6019766,,,,0,30.0,0,0
75,5,18,4,30,Y6019767,,,,0,30.0,0,0
75,5,18,5,10,Y6019768,,,,0,30.0,0,0
75,5,18,5,11,Y6019769,,,,0,30.0,0,0
75,5,18,5,12,Y6019770,,,,0,30.0,0,0
75,5,18,5,13,Y6019771,,,,0,30.0,0,0
75,5,18,5,14,Y6019772,,,,0,30.0,0,0
75,5,18,5,15,Y6019773,,,,0,30.0,0,0
75,5,18,5,16,Y6019774,,,,0,30.0,0,0
75,5,18,5,17,Y6019775,,,,0,30.0,0,0
75,5,18,5,18,Y6019776,,,,0,30.0,0,0
75,5,18,5,19,Y6019777,,,,0,30.0,0,0
75,5,18,5,20,Y6019778,,,,0,30.0,0,0
75,5,18,5,21,Y6019779,,,,0,30.0,0,0
75,5,18,5,22,Y6019780,,,,0,30.0,0,0
75,5,18,5,23,Y6019781,,,,0,30.0,0,0
75,5,18,5,24,Y6019782,,,,0,30.0,0,0
75,5,18,5,25,Y6019783,,,,0,30.0,0,0
75,5,18,5,26,Y6019784,,,,0,30.0,0,0
75,5,18,5,27,Y6019785,,,,0,30.0,0,0
75,5,18,5,28,Y6019786,,,,0,30.0,0,0
75,5,18,5,29,Y6019787,,,,0,30.0,0,0
75,5,18,5,30,Y6019788,,,,0,30.0,0,0
75,5,18,6,10,Y6019789,,,,0,30.0,0,0
75,5,18,6,11,Y6019790,,,,0,30.0,0,0
75,5,18,6,12,Y6019791,,,,0,30.0,0,0
75,5,18,6,13,Y6019792,,,,0,30.0,0,0
75,5,18,6,14,Y6019793,,,,0,30.0,0,0
75,5,18,6,15,Y6019794,,,,0,30.0,0,0
75,5,18,6,16,Y6019795,,,,0,30.0,0,0
75,5,18,6,17,Y6019796,,,,0,30.0,0,0
75,5,18,6,18,Y6019797,,,,0,30.0,0,0
75,5,18,6,19,Y6019798,,,,0,30.0,0,0
75,5,18,6,20,Y6019799,,,,0,30.0,0,0
75,5,18,6,21,Y6019800,,,,0,30.0,0,0
75,5,18,6,22,Y6019801,,,,0,30.0,0,0
75,5,18,6,23,Y6019802,,,,0,30.0,0,0
75,5,18,6,24,Y6019803,,,,0,30.0,0,0
75,5,18,6,25,Y6019804,,,,0,30.0,0,0
75,5,18,6,26,Y6019805,,,,0,30.0,0,0
75,5,18,6,27,Y6019806,,,,0,30.0,0,0
75,5,18,6,28,Y6019807,,,,0,30.0,0,0
75,5,18,6,29,Y6019808,,,,0,30.0,0,0
75,5,18,6,30,Y6019809,,,,0,30.0,0,0
75,5,18,7,10,Y6019810,,,,0,30.0,0,0
75,5,18,7,11,Y6019811,,,,0,30.0,0,0
75,5,18,7,12,Y6019812,,,,0,30.0,0,0
75,5,18,7,13,Y6019813,,,,0,30.0,0,0
75,5,18,7,14,Y6019814,,,,0,30.0,0,0
75,5,18,7,15,Y6019815,,,,0,30.0,0,0
75,5,18,7,16,Y6019816,,,,0,30.0,0,0
75,5,18,7,17,Y6019817,,,,0,30.0,0,0
75,5,18,7,18,Y6019818,,,,0,30.0,0,0
75,5,18,7,19,Y6019819,,,,0,30.0,0,0
75,5,18,7,20,Y6019820,,,,0,30.0,0,0
75,5,18,7,21,Y6019821,,,,0,30.0,0,0
75,5,18,7,22,Y6019822,,,,0,30.0,0,0
75,5,18,7,23,Y6019823,,,,0,30.0,0,0
75,5,18,7,24,Y6019824,,,,0,30.0,0,0
75,5,18,7,25,Y6019825,,,,0,30.0,0,0
75,5,18,7,26,Y6019826,,,,0,30.0,0,0
75,5,18,7,27,Y6019827,,,,0,30.0,0,0
75,5,18,7,28,Y6019828,,,,0,30.0,0,0
75,5,18,7,29,Y6019829,,,,0,30.0,0,0
75,5,18,7,30,Y6019830,,,,0,30.0,0,0
75,5,18,8,10,Y6019831,,,,0,30.0,0,0
75,5,18,8,11,Y6019832,,,,0,30.0,0,0
75,5,18,8,12,Y6019833,,,,0,30.0,0,0
75,5,18,8,13,Y6019834,,,,0,30.0,0,0
75,5,18,8,14,Y6019835,,,,0,30.0,0,0
75,5,18,8,15,Y6019836,,,,0,30.0,0,0
75,5,18,8,16,Y6019837,,,,0,30.0,0,0
75,5,18,8,17,Y6019838,,,,0,30.0,0,0
75,5,18,8,18,Y6019839,,,,0,30.0,0,0
75,5,18,8,19,Y6019840,,,,0,30.0,0,0
75,5,18,8,20,Y6019841,,,,0,30.0,0,0
75,5,18,8,21,Y6019842,,,,0,30.0,0,0
75,5,18,8,22,Y6019843,,,,0,30.0,0,0
75,5,18,8,23,Y6019844,,,,0,30.0,0,0
75,5,18,8,24,Y6019845,,,,0,30.0,0,0
75,5,18,8,25,Y6019846,,,,0,30.0,0,0
75,5,18,8,26,Y6019847,,,,0,30.0,0,0
75,5,18,8,27,Y6019848,,,,0,30.0,0,0
75,5,18,8,28,Y6019849,,,,0,30.0,0,0
75,5,18,8,29,Y6019850,,,,0,30.0,0,0
75,5,18,8,30,Y6019851,,,,0,30.0,0,0
75,5,18,9,10,Y6019852,,,,0,30.0,0,0
75,5,18,9,11,Y6019853,,,,0,30.0,0,0
75,5,18,9,12,Y6019854,,,,0,30.0,0,0
75,5,18,9,13,Y6019855,,,,0,30.0,0,0
75,5,18,9,14,Y6019856,,,,0,30.0,0,0
75,5,18,9,15,Y6019857,,,,0,30.0,0,0
75,5,18,9,16,Y6019858,,,,0,30.0,0,0
75,5,18,9,17,Y6019859,,,,0,30.0,0,0
75,5,18,9,18,Y6019860,,,,0,30.0,0,0
75,5,18,9,19,Y6019861,,,,0,30.0,0,0
75,5,18,9,20,Y6019862,,,,0,30.0,0,0
75,5,18,9,21,Y6019863,,,,0,30.0,0,0
75,5,18,9,22,Y6019864,,,,0,30.0,0,0
75,5,18,9,23,Y6019865,,,,0,30.0,0,0
75,5,18,9,24,Y6019866,,,,0,30.0,0,0
75,5,18,9,25,Y6019867,,,,0,30.0,0,0
75,5,18,9,26,Y6019868,,,,0,30.0,0,0
75,5,18,9,27,Y6019869,,,,0,30.0,0,0
75,5,18,9,28,Y6019870,,,,0,30.0,0,0
75,5,18,9,29,Y6019871,,,,0,30.0,0,0
75,5,18,9,30,Y6019872,,,,0,30.0,0,0
75,5,18,10,10,Y6019873,,,,0,30.0,0,0
75,5,18,10,11,Y6019874,,,,0,30.0,0,0
75,5,18,10,12,Y6019875,,,,0,30.0,0,0
75,5,18,10,13,Y6019876,,,,0,30.0,0,0
75,5,18,10,14,Y6019877,,,,0,30.0,0,0
75,5,18,10,15,Y6019878,,,,0,30.0,0,0
75,5,18,10,16,Y6019879,,,,0,30.0,0,0
75,5,18,10,17,Y6019880,,,,0,30.0,0,0
75,5,18,10,18,Y6019881,,,,0,30.0,0,0
75,5,18,10,19,Y6019882,,,,0,30.0,0,0
75,5,18,10,20,Y6019883,,,,0,30.0,0,0
75,5,18,10,21,Y6019884,,,,0,30.0,0,0
75,5,18,10,22,Y6019885,,,,0,30.0,0,0
75,5,18,10,23,Y6019886,,,,0,30.0,0,0
75,5,18,10,24,Y6019887,,,,0,30.0,0,0
75,5,18,10,25,Y6019888,,,,0,30.0,0,0
75,5,18,10,26,Y6019889,,,,0,30.0,0,0
75,5,18,10,27,Y6019890,,,,0,30.0,0,0
75,5,18,10,28,Y6019891,,,,0,30.0,0,0
75,5,18,10,29,Y6019892,,,,0,30.0,0,0
75,5,18,10,30,Y6019893,,,,0,30.0,0,0
75,5,18,11,10,Y6019894,,,,0,30.0,0,0
75,5,18,11,11,Y6019895,,,,0,30.0,0,0
75,5,18,11,12,Y6019896,,,,0,30.0,0,0
75,5,18,11,13,Y6019897,,,,0,30.0,0,0
75,5,18,11,14,Y6019898,,,,0,30.0,0,0
75,5,18,11,15,Y6019899,,,,0,30.0,0,0
75,5,18,11,16,Y6019900,,,,0,30.0,0,0
75,5,18,11,17,Y6019901,,,,0,30.0,0,0
75,5,18,11,18,Y6019902,,,,0,30.0,0,0
75,5,18,11,19,Y6019903,,,,3068,30.0,0,0
75,5,18,11,20,Y6019904,,,,0,30.0,0,0
75,5,18,11,21,Y6019905,,,,0,30.0,0,0
75,5,18,11,22,Y6019906,,,,0,30.0,0,0
75,5,18,11,23,Y6019907,,,,0,30.0,0,0
75,5,18,11,24,Y6019908,,,,0,30.0,0,0
75,5,18,11,25,Y6019909,,,,0,30.0,0,0
75,5,18,11,26,Y6019910,,,,0,30.0,0,0
75,5,18,11,27,Y6019911,,,,0,30.0,0,0
75,5,18,11,28,Y6019912,,,,0,30.0,0,0
75,5,18,11,29,Y6019913,,,,0,30.0,0,0
75,5,18,11,30,Y6019914,,,,0,30.0,0,0
75,5,18,12,10,Y6019915,,,,0,30.0,0,0
75,5,18,12,11,Y6019916,,,,0,30.0,0,0
75,5,18,12,12,Y6019917,,,,0,30.0,0,0
75,5,18,12,13,Y6019918,,,,0,30.0,0,0
75,5,18,12,14,Y6019919,,,,0,30.0,0,0
75,5,18,12,15,Y6019920,,,,0,30.0,0,0
75,5,18,12,16,Y6019921,,,,0,30.0,0,0
75,5,18,12,17,Y6019922,,,,0,30.0,0,0
75,5,18,12,18,Y6019923,,,,3390,30.0,0,0
75,5,18,12,19,Y6019924,,,,3597,30.0,0,0
75,5,18,12,20,Y6019925,,,,3062,30.0,0,0
75,5,18,12,21,Y6019926,,,,0,30.0,0,0
75,5,18,12,22,Y6019927,,,,0,30.0,0,0
75,5,18,12,23,Y6019928,,,,0,30.0,0,0
75,5,18,12,24,Y6019929,,,,0,30.0,0,0
75,5,18,12,25,Y6019930,,,,0,30.0,0,0
75,5,18,12,26,Y6019931,,,,0,30.0,0,0
75,5,18,12,27,Y6019932,,,,0,30.0,0,0
75,5,18,12,28,Y6019933,,,,0,30.0,0,0
75,5,18,12,29,Y6019934,,,,0,30.0,0,0
75,5,18,12,30,Y6019935,,,,0,30.0,0,0
75,5,19,1,10,Y6019936,,,,0,30.0,0,0
75,5,19,1,11,Y6019937,,,,0,30.0,0,0
75,5,19,1,12,Y6019938,,,,0,30.0,0,0
75,5,19,1,13,Y6019939,,,,0,30.0,0,0
75,5,19,1,14,Y6019940,,,,0,30.0,0,0
75,5,19,1,15,Y6019941,,,,0,30.0,0,0
75,5,19,1,16,Y6019942,,,,0,30.0,0,0
75,5,19,1,17,Y6019943,,,,0,30.0,0,0
75,5,19,1,18,Y6019944,,,,0,30.0,0,0
75,5,19,1,19,Y6019945,,,,0,30.0,0,0
75,5,19,1,20,Y6019946,,,,0,30.0,0,0
75,5,19,1,21,Y6019947,,,,0,30.0,0,0
75,5,19,1,22,Y6019948,,,,0,30.0,0,0
75,5,19,1,23,Y6019949,,,,0,30.0,0,0
75,5,19,1,24,Y6019950,,,,0,30.0,0,0
75,5,19,1,25,Y6019951,,,,0,30.0,0,0
75,5,19,1,26,Y6019952,,,,0,30.0,0,0
75,5,19,1,27,Y6019953,,,,0,30.0,0,0
75,5,19,1,28,Y6019954,,,,0,30.0,0,0
75,5,19,1,29,Y6019955,,,,0,30.0,0,0
75,5,19,1,30,Y6019956,,,,0,30.0,0,0
75,5,19,2,10,Y6019957,,,,0,30.0,0,0
75,5,19,2,11,Y6019958,,,,0,30.0,0,0
75,5,19,2,12,Y6019959,,,,0,30.0,0,0
75,5,19,2,13,Y6019960,,,,0,30.0,0,0
75,5,19,2,14,Y6019961,,,,0,30.0,0,0
75,5,19,2,15,Y6019962,,,,0,30.0,0,0
75,5,19,2,16,Y6019963,,,,0,30.0,0,0
75,5,19,2,17,Y6019964,,,,0,30.0,0,0
75,5,19,2,18,Y6019965,,,,0,30.0,0,0
75,5,19,2,19,Y6019966,,,,0,30.0,0,0
75,5,19,2,20,Y6019967,,,,0,30.0,0,0
75,5,19,2,21,Y6019968,,,,0,30.0,0,0
75,5,19,2,22,Y6019969,,,,0,30.0,0,0
75,5,19,2,23,Y6019970,,,,0,30.0,0,0
75,5,19,2,24,Y6019971,,,,0,30.0,0,0
75,5,19,2,25,Y6019972,,,,0,30.0,0,0
75,5,19,2,26,Y6019973,,,,0,30.0,0,0
75,5,19,2,27,Y6019974,,,,0,30.0,0,0
75,5,19,2,28,Y6019975,,,,0,30.0,0,0
75,5,19,2,29,Y6019976,,,,0,30.0,0,0
75,5,19,2,30,Y6019977,,,,0,30.0,0,0
75,5,19,3,10,Y6019978,,,,0,30.0,0,0
75,5,19,3,11,Y6019979,,,,0,30.0,0,0
75,5,19,3,12,Y6019980,,,,0,30.0,0,0
75,5,19,3,13,Y6019981,,,,0,30.0,0,0
75,5,19,3,14,Y6019982,,,,0,30.0,0,0
75,5,19,3,15,Y6019983,,,,0,30.0,0,0
75,5,19,3,16,Y6019984,,,,0,30.0,0,0
75,5,19,3,17,Y6019985,,,,0,30.0,0,0
75,5,19,3,18,Y6019986,,,,0,30.0,0,0
75,5,19,3,19,Y6019987,,,,0,30.0,0,0
75,5,19,3,20,Y6019988,,,,0,30.0,0,0
75,5,19,3,21,Y6019989,,,,0,30.0,0,0
75,5,19,3,22,Y6019990,,,,0,30.0,0,0
75,5,19,3,23,Y6019991,,,,0,30.0,0,0
75,5,19,3,24,Y6019992,,,,0,30.0,0,0
75,5,19,3,25,Y6019993,,,,0,30.0,0,0
75,5,19,3,26,Y6019994,,,,0,30.0,0,0
75,5,19,3,27,Y6019995,,,,0,30.0,0,0
75,5,19,3,28,Y6019996,,,,0,30.0,0,0
75,5,19,3,29,Y6019997,,,,0,30.0,0,0
75,5,19,3,30,Y6019998,,,,0,30.0,0,0
75,5,19,4,10,Y6019999,,,,0,30.0,0,0
75,5,19,4,11,Y6020000,,,,0,30.0,0,0
75,5,19,4,12,Y6020001,,,,0,30.0,0,0
75,5,19,4,13,Y6020002,,,,0,30.0,0,0
75,5,19,4,14,Y6020003,,,,0,30.0,0,0
75,5,19,4,15,Y6020004,,,,0,30.0,0,0
75,5,19,4,16,Y6020005,,,,0,30.0,0,0
75,5,19,4,17,Y6020006,,,,0,30.0,0,0
75,5,19,4,18,Y6020007,,,,0,30.0,0,0
75,5,19,4,19,Y6020008,,,,0,30.0,0,0
75,5,19,4,20,Y6020009,,,,0,30.0,0,0
75,5,19,4,21,Y6020010,,,,0,30.0,0,0
75,5,19,4,22,Y6020011,,,,0,30.0,0,0
75,5,19,4,23,Y6020012,,,,0,30.0,0,0
75,5,19,4,24,Y6020013,,,,0,30.0,0,0
75,5,19,4,25,Y6020014,,,,0,30.0,0,0
75,5,19,4,26,Y6020015,,,,0,30.0,0,0
75,5,19,4,27,Y6020016,,,,0,30.0,0,0
75,5,19,4,28,Y6020017,,,,0,30.0,0,0
75,5,19,4,29,Y6020018,,,,0,30.0,0,0
75,5,19,4,30,Y6020019,,,,0,30.0,0,0
75,5,19,5,10,Y6020020,,,,0,30.0,0,0
75,5,19,5,11,Y6020021,,,,0,30.0,0,0
75,5,19,5,12,Y6020022,,,,0,30.0,0,0
75,5,19,5,13,Y6020023,,,,0,30.0,0,0
75,5,19,5,14,Y6020024,,,,0,30.0,0,0
75,5,19,5,15,Y6020025,,,,0,30.0,0,0
75,5,19,5,16,Y6020026,,,,0,30.0,0,0
75,5,19,5,17,Y6020027,,,,0,30.0,0,0
75,5,19,5,18,Y6020028,,,,0,30.0,0,0
75,5,19,5,19,Y6020029,,,,0,30.0,0,0
75,5,19,5,20,Y6020030,,,,0,30.0,0,0
75,5,19,5,21,Y6020031,,,,0,30.0,0,0
75,5,19,5,22,Y6020032,,,,0,30.0,0,0
75,5,19,5,23,Y6020033,,,,0,30.0,0,0
75,5,19,5,24,Y6020034,,,,0,30.0,0,0
75,5,19,5,25,Y6020035,,,,0,30.0,0,0
75,5,19,5,26,Y6020036,,,,0,30.0,0,0
75,5,19,5,27,Y6020037,,,,0,30.0,0,0
75,5,19,5,28,Y6020038,,,,0,30.0,0,0
75,5,19,5,29,Y6020039,,,,0,30.0,0,0
75,5,19,5,30,Y6020040,,,,0,30.0,0,0
75,5,19,6,10,Y6020041,,,,0,30.0,0,0
75,5,19,6,11,Y6020042,,,,0,30.0,0,0
75,5,19,6,12,Y6020043,,,,0,30.0,0,0
75,5,19,6,13,Y6020044,,,,0,30.0,0,0
75,5,19,6,14,Y6020045,,,,0,30.0,0,0
75,5,19,6,15,Y6020046,,,,0,30.0,0,0
75,5,19,6,16,Y6020047,,,,0,30.0,0,0
75,5,19,6,17,Y6020048,,,,0,30.0,0,0
75,5,19,6,18,Y6020049,,,,0,30.0,0,0
75,5,19,6,19,Y6020050,,,,0,30.0,0,0
75,5,19,6,20,Y6020051,,,,0,30.0,0,0
75,5,19,6,21,Y6020052,,,,0,30.0,0,0
75,5,19,6,22,Y6020053,,,,0,30.0,0,0
75,5,19,6,23,Y6020054,,,,0,30.0,0,0
75,5,19,6,24,Y6020055,,,,0,30.0,0,0
75,5,19,6,25,Y6020056,,,,0,30.0,0,0
75,5,19,6,26,Y6020057,,,,0,30.0,0,0
75,5,19,6,27,Y6020058,,,,0,30.0,0,0
75,5,19,6,28,Y6020059,,,,0,30.0,0,0
75,5,19,6,29,Y6020060,,,,0,30.0,0,0
75,5,19,6,30,Y6020061,,,,0,30.0,0,0
75,5,19,7,10,Y6020062,,,,0,30.0,0,0
75,5,19,7,11,Y6020063,,,,0,30.0,0,0
75,5,19,7,12,Y6020064,,,,0,30.0,0,0
75,5,19,7,13,Y6020065,,,,0,30.0,0,0
75,5,19,7,14,Y6020066,,,,0,30.0,0,0
75,5,19,7,15,Y6020067,,,,0,30.0,0,0
75,5,19,7,16,Y6020068,,,,0,30.0,0,0
75,5,19,7,17,Y6020069,,,,0,30.0,0,0
75,5,19,7,18,Y6020070,,,,0,30.0,0,0
75,5,19,7,19,Y6020071,,,,0,30.0,0,0
75,5,19,7,20,Y6020072,,,,0,30.0,0,0
75,5,19,7,21,Y6020073,,,,0,30.0,0,0
75,5,19,7,22,Y6020074,,,,0,30.0,0,0
75,5,19,7,23,Y6020075,,,,0,30.0,0,0
75,5,19,7,24,Y6020076,,,,0,30.0,0,0
75,5,19,7,25,Y6020077,,,,0,30.0,0,0
75,5,19,7,26,Y6020078,,,,0,30.0,0,0
75,5,19,7,27,Y6020079,,,,0,30.0,0,0
75,5,19,7,28,Y6020080,,,,0,30.0,0,0
75,5,19,7,29,Y6020081,,,,0,30.0,0,0
75,5,19,7,30,Y6020082,,,,0,30.0,0,0
75,5,19,8,10,Y6020083,,,,0,30.0,0,0
75,5,19,8,11,Y6020084,,,,0,30.0,0,0
75,5,19,8,12,Y6020085,,,,0,30.0,0,0
75,5,19,8,13,Y6020086,,,,0,30.0,0,0
75,5,19,8,14,Y6020087,,,,0,30.0,0,0
75,5,19,8,15,Y6020088,,,,0,30.0,0,0
75,5,19,8,16,Y6020089,,,,0,30.0,0,0
75,5,19,8,17,Y6020090,,,,0,30.0,0,0
75,5,19,8,18,Y6020091,,,,0,30.0,0,0
75,5,19,8,19,Y6020092,,,,0,30.0,0,0
75,5,19,8,20,Y6020093,,,,0,30.0,0,0
75,5,19,8,21,Y6020094,,,,0,30.0,0,0
75,5,19,8,22,Y6020095,,,,0,30.0,0,0
75,5,19,8,23,Y6020096,,,,0,30.0,0,0
75,5,19,8,24,Y6020097,,,,0,30.0,0,0
75,5,19,8,25,Y6020098,,,,0,30.0,0,0
75,5,19,8,26,Y6020099,,,,0,30.0,0,0
75,5,19,8,27,Y6020100,,,,0,30.0,0,0
75,5,19,8,28,Y6020101,,,,0,30.0,0,0
75,5,19,8,29,Y6020102,,,,0,30.0,0,0
75,5,19,8,30,Y6020103,,,,0,30.0,0,0
75,5,19,9,10,Y6020104,,,,0,30.0,0,0
75,5,19,9,11,Y6020105,,,,0,30.0,0,0
75,5,19,9,12,Y6020106,,,,0,30.0,0,0
75,5,19,9,13,Y6020107,,,,0,30.0,0,0
75,5,19,9,14,Y6020108,,,,0,30.0,0,0
75,5,19,9,15,Y6020109,,,,0,30.0,0,0
75,5,19,9,16,Y6020110,,,,0,30.0,0,0
75,5,19,9,17,Y6020111,,,,0,30.0,0,0
75,5,19,9,18,Y6020112,,,,0,30.0,0,0
75,5,19,9,19,Y6020113,,,,0,30.0,0,0
75,5,19,9,20,Y6020114,,,,0,30.0,0,0
75,5,19,9,21,Y6020115,,,,0,30.0,0,0
75,5,19,9,22,Y6020116,,,,0,30.0,0,0
75,5,19,9,23,Y6020117,,,,0,30.0,0,0
75,5,19,9,24,Y6020118,,,,0,30.0,0,0
75,5,19,9,25,Y6020119,,,,0,30.0,0,0
75,5,19,9,26,Y6020120,,,,0,30.0,0,0
75,5,19,9,27,Y6020121,,,,0,30.0,0,0
75,5,19,9,28,Y6020122,,,,0,30.0,0,0
75,5,19,9,29,Y6020123,,,,0,30.0,0,0
75,5,19,9,30,Y6020124,,,,0,30.0,0,0
75,5,19,10,10,Y6020125,,,,0,30.0,0,0
75,5,19,10,11,Y6020126,,,,0,30.0,0,0
75,5,19,10,12,Y6020127,,,,0,30.0,0,0
75,5,19,10,13,Y6020128,,,,0,30.0,0,0
75,5,19,10,14,Y6020129,,,,0,30.0,0,0
75,5,19,10,15,Y6020130,,,,0,30.0,0,0
75,5,19,10,16,Y6020131,,,,0,30.0,0,0
75,5,19,10,17,Y6020132,,,,0,30.0,0,0
75,5,19,10,18,Y6020133,,,,0,30.0,0,0
75,5,19,10,19,Y6020134,,,,0,30.0,0,0
75,5,19,10,20,Y6020135,,,,0,30.0,0,0
75,5,19,10,21,Y6020136,,,,0,30.0,0,0
75,5,19,10,22,Y6020137,,,,0,30.0,0,0
75,5,19,10,23,Y6020138,,,,0,30.0,0,0
75,5,19,10,24,Y6020139,,,,0,30.0,0,0
75,5,19,10,25,Y6020140,,,,0,30.0,0,0
75,5,19,10,26,Y6020141,,,,0,30.0,0,0
75,5,19,10,27,Y6020142,,,,0,30.0,0,0
75,5,19,10,28,Y6020143,,,,0,30.0,0,0
75,5,19,10,29,Y6020144,,,,0,30.0,0,0
75,5,19,10,30,Y6020145,,,,0,30.0,0,0
75,5,19,11,10,Y6020146,,,,0,30.0,0,0
75,5,19,11,11,Y6020147,,,,0,30.0,0,0
75,5,19,11,12,Y6020148,,,,0,30.0,0,0
75,5,19,11,13,Y6020149,,,,0,30.0,0,0
75,5,19,11,14,Y6020150,,,,0,30.0,0,0
75,5,19,11,15,Y6020151,,,,0,30.0,0,0
75,5,19,11,16,Y6020152,,,,0,30.0,0,0
75,5,19,11,17,Y6020153,,,,0,30.0,0,0
75,5,19,11,18,Y6020154,,,,0,30.0,0,0
75,5,19,11,19,Y6020155,,,,0,30.0,0,0
75,5,19,11,20,Y6020156,,,,0,30.0,0,0
75,5,19,11,21,Y6020157,,,,0,30.0,0,0
75,5,19,11,22,Y6020158,,,,0,30.0,0,0
75,5,19,11,23,Y6020159,,,,0,30.0,0,0
75,5,19,11,24,Y6020160,,,,0,30.0,0,0
75,5,19,11,25,Y6020161,,,,0,30.0,0,0
75,5,19,11,26,Y6020162,,,,0,30.0,0,0
75,5,19,11,27,Y6020163,,,,0,30.0,0,0
75,5,19,11,28,Y6020164,,,,0,30.0,0,0
75,5,19,11,29,Y6020165,,,,0,30.0,0,0
75,5,19,11,30,Y6020166,,,,0,30.0,0,0
75,5,19,12,10,Y6020167,,,,0,30.0,0,0
75,5,19,12,11,Y6020168,,,,0,30.0,0,0
75,5,19,12,12,Y6020169,,,,0,30.0,0,0
75,5,19,12,13,Y6020170,,,,0,30.0,0,0
75,5,19,12,14,Y6020171,,,,0,30.0,0,0
75,5,19,12,15,Y6020172,,,,0,30.0,0,0
75,5,19,12,16,Y6020173,,,,0,30.0,0,0
75,5,19,12,17,Y6020174,,,,0,30.0,0,0
75,5,19,12,18,Y6020175,,,,0,30.0,0,0
75,5,19,12,19,Y6020176,,,,0,30.0,0,0
75,5,19,12,20,Y6020177,,,,0,30.0,0,0
75,5,19,12,21,Y6020178,,,,0,30.0,0,0
75,5,19,12,22,Y6020179,,,,0,30.0,0,0
75,5,19,12,23,Y6020180,,,,0,30.0,0,0
75,5,19,12,24,Y6020181,,,,0,30.0,0,0
75,5,19,12,25,Y6020182,,,,0,30.0,0,0
75,5,19,12,26,Y6020183,,,,0,30.0,0,0
75,5,19,12,27,Y6020184,,,,0,30.0,0,0
75,5,19,12,28,Y6020185,,,,0,30.0,0,0
75,5,19,12,29,Y6020186,,,,0,30.0,0,0
75,5,19,12,30,Y6020187,,,,0,30.0,0,0
75,5,20,1,10,Y6020188,,,,0,30.0,0,0
75,5,20,1,11,Y6020189,,,,0,30.0,0,0
75,5,20,1,12,Y6020190,,,,0,30.0,0,0
75,5,20,1,13,Y6020191,,,,0,30.0,0,0
75,5,20,1,14,Y6020192,,,,0,30.0,0,0
75,5,20,1,15,Y6020193,,,,0,30.0,0,0
75,5,20,1,16,Y6020194,,,,0,30.0,0,0
75,5,20,1,17,Y6020195,,,,0,30.0,0,0
75,5,20,1,18,Y6020196,,,,0,30.0,0,0
75,5,20,1,19,Y6020197,,,,0,30.0,0,0
75,5,20,1,20,Y6020198,,,,0,30.0,0,0
75,5,20,1,21,Y6020199,,,,0,30.0,0,0
75,5,20,1,22,Y6020200,,,,0,30.0,0,0
75,5,20,1,23,Y6020201,,,,0,30.0,0,0
75,5,20,1,24,Y6020202,,,,0,30.0,0,0
75,5,20,1,25,Y6020203,,,,0,30.0,0,0
75,5,20,1,26,Y6020204,,,,0,30.0,0,0
75,5,20,1,27,Y6020205,,,,0,30.0,0,0
75,5,20,1,28,Y6020206,,,,0,30.0,0,0
75,5,20,1,29,Y6020207,,,,0,30.0,0,0
75,5,20,1,30,Y6020208,,,,0,30.0,0,0
75,5,20,2,10,Y6020209,,,,0,30.0,0,0
75,5,20,2,11,Y6020210,,,,0,30.0,0,0
75,5,20,2,12,Y6020211,,,,0,30.0,0,0
75,5,20,2,13,Y6020212,,,,0,30.0,0,0
75,5,20,2,14,Y6020213,,,,0,30.0,0,0
75,5,20,2,15,Y6020214,,,,0,30.0,0,0
75,5,20,2,16,Y6020215,,,,0,30.0,0,0
75,5,20,2,17,Y6020216,,,,0,30.0,0,0
75,5,20,2,18,Y6020217,,,,0,30.0,0,0
75,5,20,2,19,Y6020218,,,,0,30.0,0,0
75,5,20,2,20,Y6020219,,,,0,30.0,0,0
75,5,20,2,21,Y6020220,,,,0,30.0,0,0
75,5,20,2,22,Y6020221,,,,0,30.0,0,0
75,5,20,2,23,Y6020222,,,,0,30.0,0,0
75,5,20,2,24,Y6020223,,,,0,30.0,0,0
75,5,20,2,25,Y6020224,,,,0,30.0,0,0
75,5,20,2,26,Y6020225,,,,0,30.0,0,0
75,5,20,2,27,Y6020226,,,,0,30.0,0,0
75,5,20,2,28,Y6020227,,,,0,30.0,0,0
75,5,20,2,29,Y6020228,,,,0,30.0,0,0
75,5,20,2,30,Y6020229,,,,0,30.0,0,0
75,5,20,3,10,Y6020230,,,,0,30.0,0,0
75,5,20,3,11,Y6020231,,,,0,30.0,0,0
75,5,20,3,12,Y6020232,,,,0,30.0,0,0
75,5,20,3,13,Y6020233,,,,0,30.0,0,0
75,5,20,3,14,Y6020234,,,,0,30.0,0,0
75,5,20,3,15,Y6020235,,,,0,30.0,0,0
75,5,20,3,16,Y6020236,,,,0,30.0,0,0
75,5,20,3,17,Y6020237,,,,0,30.0,0,0
75,5,20,3,18,Y6020238,,,,0,30.0,0,0
75,5,20,3,19,Y6020239,,,,0,30.0,0,0
75,5,20,3,20,Y6020240,,,,0,30.0,0,0
75,5,20,3,21,Y6020241,,,,0,30.0,0,0
75,5,20,3,22,Y6020242,,,,0,30.0,0,0
75,5,20,3,23,Y6020243,,,,0,30.0,0,0
75,5,20,3,24,Y6020244,,,,0,30.0,0,0
75,5,20,3,25,Y6020245,,,,0,30.0,0,0
75,5,20,3,26,Y6020246,,,,0,30.0,0,0
75,5,20,3,27,Y6020247,,,,0,30.0,0,0
75,5,20,3,28,Y6020248,,,,0,30.0,0,0
75,5,20,3,29,Y6020249,,,,0,30.0,0,0
75,5,20,3,30,Y6020250,,,,0,30.0,0,0
75,5,20,4,10,Y6020251,,,,0,30.0,0,0
75,5,20,4,11,Y6020252,,,,0,30.0,0,0
75,5,20,4,12,Y6020253,,,,0,30.0,0,0
75,5,20,4,13,Y6020254,,,,0,30.0,0,0
75,5,20,4,14,Y6020255,,,,0,30.0,0,0
75,5,20,4,15,Y6020256,,,,0,30.0,0,0
75,5,20,4,16,Y6020257,,,,0,30.0,0,0
75,5,20,4,17,Y6020258,,,,0,30.0,0,0
75,5,20,4,18,Y6020259,,,,0,30.0,0,0
75,5,20,4,19,Y6020260,,,,0,30.0,0,0
75,5,20,4,20,Y6020261,,,,0,30.0,0,0
75,5,20,4,21,Y6020262,,,,0,30.0,0,0
75,5,20,4,22,Y6020263,,,,0,30.0,0,0
75,5,20,4,23,Y6020264,,,,0,30.0,0,0
75,5,20,4,24,Y6020265,,,,0,30.0,0,0
75,5,20,4,25,Y6020266,,,,0,30.0,0,0
75,5,20,4,26,Y6020267,,,,0,30.0,0,0
75,5,20,4,27,Y6020268,,,,0,30.0,0,0
75,5,20,4,28,Y6020269,,,,0,30.0,0,0
75,5,20,4,29,Y6020270,,,,0,30.0,0,0
75,5,20,4,30,Y6020271,,,,0,30.0,0,0
75,5,20,5,10,Y6020272,,,,0,30.0,0,0
75,5,20,5,11,Y6020273,,,,0,30.0,0,0
75,5,20,5,12,Y6020274,,,,0,30.0,0,0
75,5,20,5,13,Y6020275,,,,0,30.0,0,0
75,5,20,5,14,Y6020276,,,,0,30.0,0,0
75,5,20,5,15,Y6020277,,,,0,30.0,0,0
75,5,20,5,16,Y6020278,,,,0,30.0,0,0
75,5,20,5,17,Y6020279,,,,0,30.0,0,0
75,5,20,5,18,Y6020280,,,,0,30.0,0,0
75,5,20,5,19,Y6020281,,,,0,30.0,0,0
75,5,20,5,20,Y6020282,,,,0,30.0,0,0
75,5,20,5,21,Y6020283,,,,0,30.0,0,0
75,5,20,5,22,Y6020284,,,,0,30.0,0,0
75,5,20,5,23,Y6020285,,,,0,30.0,0,0
75,5,20,5,24,Y6020286,,,,0,30.0,0,0
75,5,20,5,25,Y6020287,,,,0,30.0,0,0
75,5,20,5,26,Y6020288,,,,0,30.0,0,0
75,5,20,5,27,Y6020289,,,,0,30.0,0,0
75,5,20,5,28,Y6020290,,,,0,30.0,0,0
75,5,20,5,29,Y6020291,,,,0,30.0,0,0
75,5,20,5,30,Y6020292,,,,0,30.0,0,0
75,5,20,6,10,Y6020293,,,,0,30.0,0,0
75,5,20,6,11,Y6020294,,,,0,30.0,0,0
75,5,20,6,12,Y6020295,,,,0,30.0,0,0
75,5,20,6,13,Y6020296,,,,0,30.0,0,0
75,5,20,6,14,Y6020297,,,,0,30.0,0,0
75,5,20,6,15,Y6020298,,,,0,30.0,0,0
75,5,20,6,16,Y6020299,,,,0,30.0,0,0
75,5,20,6,17,Y6020300,,,,0,30.0,0,0
75,5,20,6,18,Y6020301,,,,0,30.0,0,0
75,5,20,6,19,Y6020302,,,,0,30.0,0,0
75,5,20,6,20,Y6020303,,,,0,30.0,0,0
75,5,20,6,21,Y6020304,,,,0,30.0,0,0
75,5,20,6,22,Y6020305,,,,0,30.0,0,0
75,5,20,6,23,Y6020306,,,,0,30.0,0,0
75,5,20,6,24,Y6020307,,,,0,30.0,0,0
75,5,20,6,25,Y6020308,,,,0,30.0,0,0
75,5,20,6,26,Y6020309,,,,0,30.0,0,0
75,5,20,6,27,Y6020310,,,,0,30.0,0,0
75,5,20,6,28,Y6020311,,,,0,30.0,0,0
75,5,20,6,29,Y6020312,,,,0,30.0,0,0
75,5,20,6,30,Y6020313,,,,0,30.0,0,0
75,5,20,7,10,Y6020314,,,,0,30.0,0,0
75,5,20,7,11,Y6020315,,,,0,30.0,0,0
75,5,20,7,12,Y6020316,,,,0,30.0,0,0
75,5,20,7,13,Y6020317,,,,0,30.0,0,0
75,5,20,7,14,Y6020318,,,,0,30.0,0,0
75,5,20,7,15,Y6020319,,,,0,30.0,0,0
75,5,20,7,16,Y6020320,,,,0,30.0,0,0
75,5,20,7,17,Y6020321,,,,0,30.0,0,0
75,5,20,7,18,Y6020322,,,,0,30.0,0,0
75,5,20,7,19,Y6020323,,,,0,30.0,0,0
75,5,20,7,20,Y6020324,,,,0,30.0,0,0
75,5,20,7,21,Y6020325,,,,0,30.0,0,0
75,5,20,7,22,Y6020326,,,,0,30.0,0,0
75,5,20,7,23,Y6020327,,,,0,30.0,0,0
75,5,20,7,24,Y6020328,,,,0,30.0,0,0
75,5,20,7,25,Y6020329,,,,0,30.0,0,0
75,5,20,7,26,Y6020330,,,,0,30.0,0,0
75,5,20,7,27,Y6020331,,,,0,30.0,0,0
75,5,20,7,28,Y6020332,,,,0,30.0,0,0
75,5,20,7,29,Y6020333,,,,0,30.0,0,0
75,5,20,7,30,Y6020334,,,,0,30.0,0,0
75,5,20,8,10,Y6020335,,,,0,30.0,0,0
75,5,20,8,11,Y6020336,,,,0,30.0,0,0
75,5,20,8,12,Y6020337,,,,0,30.0,0,0
75,5,20,8,13,Y6020338,,,,0,30.0,0,0
75,5,20,8,14,Y6020339,,,,0,30.0,0,0
75,5,20,8,15,Y6020340,,,,0,30.0,0,0
75,5,20,8,16,Y6020341,,,,0,30.0,0,0
75,5,20,8,17,Y6020342,,,,0,30.0,0,0
75,5,20,8,18,Y6020343,,,,0,30.0,0,0
75,5,20,8,19,Y6020344,,,,0,30.0,0,0
75,5,20,8,20,Y6020345,,,,0,30.0,0,0
75,5,20,8,21,Y6020346,,,,0,30.0,0,0
75,5,20,8,22,Y6020347,,,,0,30.0,0,0
75,5,20,8,23,Y6020348,,,,0,30.0,0,0
75,5,20,8,24,Y6020349,,,,0,30.0,0,0
75,5,20,8,25,Y6020350,,,,0,30.0,0,0
75,5,20,8,26,Y6020351,,,,0,30.0,0,0
75,5,20,8,27,Y6020352,,,,0,30.0,0,0
75,5,20,8,28,Y6020353,,,,0,30.0,0,0
75,5,20,8,29,Y6020354,,,,0,30.0,0,0
75,5,20,8,30,Y6020355,,,,0,30.0,0,0
75,5,20,9,10,Y6020356,,,,0,30.0,0,0
75,5,20,9,11,Y6020357,,,,0,30.0,0,0
75,5,20,9,12,Y6020358,,,,0,30.0,0,0
75,5,20,9,13,Y6020359,,,,0,30.0,0,0
75,5,20,9,14,Y6020360,,,,0,30.0,0,0
75,5,20,9,15,Y6020361,,,,0,30.0,0,0
75,5,20,9,16,Y6020362,,,,0,30.0,0,0
75,5,20,9,17,Y6020363,,,,0,30.0,0,0
75,5,20,9,18,Y6020364,,,,0,30.0,0,0
75,5,20,9,19,Y6020365,,,,0,30.0,0,0
75,5,20,9,20,Y6020366,,,,0,30.0,0,0
75,5,20,9,21,Y6020367,,,,0,30.0,0,0
75,5,20,9,22,Y6020368,,,,0,30.0,0,0
75,5,20,9,23,Y6020369,,,,0,30.0,0,0
75,5,20,9,24,Y6020370,,,,0,30.0,0,0
75,5,20,9,25,Y6020371,,,,0,30.0,0,0
75,5,20,9,26,Y6020372,,,,0,30.0,0,0
75,5,20,9,27,Y6020373,,,,0,30.0,0,0
75,5,20,9,28,Y6020374,,,,0,30.0,0,0
75,5,20,9,29,Y6020375,,,,0,30.0,0,0
75,5,20,9,30,Y6020376,,,,0,30.0,0,0
75,5,20,10,10,Y6020377,,,,0,30.0,0,0
75,5,20,10,11,Y6020378,,,,0,30.0,0,0
75,5,20,10,12,Y6020379,,,,0,30.0,0,0
75,5,20,10,13,Y6020380,,,,0,30.0,0,0
75,5,20,10,14,Y6020381,,,,0,30.0,0,0
75,5,20,10,15,Y6020382,,,,0,30.0,0,0
75,5,20,10,16,Y6020383,,,,0,30.0,0,0
75,5,20,10,17,Y6020384,,,,0,30.0,0,0
75,5,20,10,18,Y6020385,,,,0,30.0,0,0
75,5,20,10,19,Y6020386,,,,0,30.0,0,0
75,5,20,10,20,Y6020387,,,,0,30.0,0,0
75,5,20,10,21,Y6020388,,,,0,30.0,0,0
75,5,20,10,22,Y6020389,,,,0,30.0,0,0
75,5,20,10,23,Y6020390,,,,0,30.0,0,0
75,5,20,10,24,Y6020391,,,,0,30.0,0,0
75,5,20,10,25,Y6020392,,,,0,30.0,0,0
75,5,20,10,26,Y6020393,,,,0,30.0,0,0
75,5,20,10,27,Y6020394,,,,0,30.0,0,0
75,5,20,10,28,Y6020395,,,,0,30.0,0,0
75,5,20,10,29,Y6020396,,,,0,30.0,0,0
75,5,20,10,30,Y6020397,,,,0,30.0,0,0
75,5,20,11,10,Y6020398,,,,0,30.0,0,0
75,5,20,11,11,Y6020399,,,,0,30.0,0,0
75,5,20,11,12,Y6020400,,,,0,30.0,0,0
75,5,20,11,13,Y6020401,,,,0,30.0,0,0
75,5,20,11,14,Y6020402,,,,0,30.0,0,0
75,5,20,11,15,Y6020403,,,,0,30.0,0,0
75,5,20,11,16,Y6020404,,,,0,30.0,0,0
75,5,20,11,17,Y6020405,,,,0,30.0,0,0
75,5,20,11,18,Y6020406,,,,0,30.0,0,0
75,5,20,11,19,Y6020407,,,,0,30.0,0,0
75,5,20,11,20,Y6020408,,,,0,30.0,0,0
75,5,20,11,21,Y6020409,,,,0,30.0,0,0
75,5,20,11,22,Y6020410,,,,0,30.0,0,0
75,5,20,11,23,Y6020411,,,,0,30.0,0,0
75,5,20,11,24,Y6020412,,,,0,30.0,0,0
75,5,20,11,25,Y6020413,,,,0,30.0,0,0
75,5,20,11,26,Y6020414,,,,0,30.0,0,0
75,5,20,11,27,Y6020415,,,,0,30.0,0,0
75,5,20,11,28,Y6020416,,,,0,30.0,0,0
75,5,20,11,29,Y6020417,,,,0,30.0,0,0
75,5,20,11,30,Y6020418,,,,0,30.0,0,0
75,5,20,12,10,Y6020419,,,,0,30.0,0,0
75,5,20,12,11,Y6020420,,,,0,30.0,0,0
75,5,20,12,12,Y6020421,,,,0,30.0,0,0
75,5,20,12,13,Y6020422,,,,0,30.0,0,0
75,5,20,12,14,Y6020423,,,,0,30.0,0,0
75,5,20,12,15,Y6020424,,,,0,30.0,0,0
75,5,20,12,16,Y6020425,,,,0,30.0,0,0
75,5,20,12,17,Y6020426,,,,0,30.0,0,0
75,5,20,12,18,Y6020427,,,,0,30.0,0,0
75,5,20,12,19,Y6020428,,,,0,30.0,0,0
75,5,20,12,20,Y6020429,,,,0,30.0,0,0
75,5,20,12,21,Y6020430,,,,0,30.0,0,0
75,5,20,12,22,Y6020431,,,,0,30.0,0,0
75,5,20,12,23,Y6020432,,,,0,30.0,0,0
75,5,20,12,24,Y6020433,,,,0,30.0,0,0
75,5,20,12,25,Y6020434,,,,0,30.0,0,0
75,5,20,12,26,Y6020435,,,,0,30.0,0,0
75,5,20,12,27,Y6020436,,,,0,30.0,0,0
75,5,20,12,28,Y6020437,,,,0,30.0,0,0
75,5,20,12,29,Y6020438,,,,0,30.0,0,0
75,5,20,12,30,Y6020439,,,,0,30.0,0,0
75,5,21,1,10,Y6020440,,,,0,30.0,0,0
75,5,21,1,11,Y6020441,,,,0,30.0,0,0
75,5,21,1,12,Y6020442,,,,0,30.0,0,0
75,5,21,1,13,Y6020443,,,,0,30.0,0,0
75,5,21,1,14,Y6020444,,,,0,30.0,0,0
75,5,21,1,15,Y6020445,,,,0,30.0,0,2
75,5,21,1,16,Y6020446,,,,0,30.0,0,2
75,5,21,1,17,Y6020447,,,,0,30.0,0,2
75,5,21,1,18,Y6020448,,,,0,30.0,0,0
75,5,21,1,19,Y6020449,,,,0,30.0,0,0
75,5,21,1,20,Y6020450,,,,0,30.0,0,0
75,5,21,1,21,Y6020451,,,,0,30.0,0,0
75,5,21,1,22,Y6020452,,,,0,30.0,0,0
75,5,21,1,23,Y6020453,,,,0,30.0,0,0
75,5,21,1,24,Y6020454,,,,0,30.0,0,0
75,5,21,1,25,Y6020455,,,,0,30.0,0,0
75,5,21,1,26,Y6020456,,,,0,30.0,0,0
75,5,21,1,27,Y6020457,,,,0,30.0,0,0
75,5,21,1,28,Y6020458,,,,0,30.0,0,0
75,5,21,1,29,Y6020459,,,,0,30.0,0,0
75,5,21,1,30,Y6020460,,,,0,30.0,0,0
75,5,21,2,10,Y6020461,,,,0,30.0,0,0
75,5,21,2,11,Y6020462,,,,0,30.0,0,0
75,5,21,2,12,Y6020463,,,,0,30.0,0,0
75,5,21,2,13,Y6020464,,,,0,30.0,0,0
75,5,21,2,14,Y6020465,,,,0,30.0,0,0
75,5,21,2,15,Y6020466,,,,0,30.0,0,2
75,5,21,2,16,Y6020467,,,,0,30.0,0,2
75,5,21,2,17,Y6020468,,,,0,30.0,0,2
75,5,21,2,18,Y6020469,,,,0,30.0,0,0
75,5,21,2,19,Y6020470,,,,0,30.0,0,0
75,5,21,2,20,Y6020471,,,,0,30.0,0,0
75,5,21,2,21,Y6020472,,,,0,30.0,0,0
75,5,21,2,22,Y6020473,,,,0,30.0,0,0
75,5,21,2,23,Y6020474,,,,0,30.0,0,0
75,5,21,2,24,Y6020475,,,,0,30.0,0,0
75,5,21,2,25,Y6020476,,,,0,30.0,0,0
75,5,21,2,26,Y6020477,,,,0,30.0,0,0
75,5,21,2,27,Y6020478,,,,0,30.0,0,0
75,5,21,2,28,Y6020479,,,,0,30.0,0,0
75,5,21,2,29,Y6020480,,,,0,30.0,0,0
75,5,21,2,30,Y6020481,,,,0,30.0,0,0
75,5,21,3,10,Y6020482,,,,0,30.0,0,0
75,5,21,3,11,Y6020483,,,,0,30.0,0,0
75,5,21,3,12,Y6020484,,,,0,30.0,0,0
75,5,21,3,13,Y6020485,,,,0,30.0,0,0
75,5,21,3,14,Y6020486,,,,0,30.0,0,0
75,5,21,3,15,Y6020487,,,,0,30.0,0,0
75,5,21,3,16,Y6020488,,,,0,30.0,0,0
75,5,21,3,17,Y6020489,,,,0,30.0,0,0
75,5,21,3,18,Y6020490,,,,0,30.0,0,0
75,5,21,3,19,Y6020491,,,,0,30.0,0,0
75,5,21,3,20,Y6020492,,,,0,30.0,0,0
75,5,21,3,21,Y6020493,,,,0,30.0,0,0
75,5,21,3,22,Y6020494,,,,0,30.0,0,0
75,5,21,3,23,Y6020495,,,,0,30.0,0,0
75,5,21,3,24,Y6020496,,,,0,30.0,0,0
75,5,21,3,25,Y6020497,,,,0,30.0,0,0
75,5,21,3,26,Y6020498,,,,0,30.0,0,0
75,5,21,3,27,Y6020499,,,,0,30.0,0,0
75,5,21,3,28,Y6020500,,,,0,30.0,0,0
75,5,21,3,29,Y6020501,,,,0,30.0,0,0
75,5,21,3,30,Y6020502,,,,0,30.0,0,0
75,5,21,4,10,Y6020503,,,,0,30.0,0,0
75,5,21,4,11,Y6020504,,,,0,30.0,0,0
75,5,21,4,12,Y6020505,,,,0,30.0,0,0
75,5,21,4,13,Y6020506,,,,0,30.0,0,0
75,5,21,4,14,Y6020507,,,,0,30.0,0,0
75,5,21,4,15,Y6020508,,,,0,30.0,0,0
75,5,21,4,16,Y6020509,,,,0,30.0,0,0
75,5,21,4,17,Y6020510,,,,0,30.0,0,0
75,5,21,4,18,Y6020511,,,,0,30.0,0,0
75,5,21,4,19,Y6020512,,,,0,30.0,0,0
75,5,21,4,20,Y6020513,,,,0,30.0,0,0
75,5,21,4,21,Y6020514,,,,0,30.0,0,0
75,5,21,4,22,Y6020515,,,,0,30.0,0,0
75,5,21,4,23,Y6020516,,,,0,30.0,0,0
75,5,21,4,24,Y6020517,,,,0,30.0,0,0
75,5,21,4,25,Y6020518,,,,0,30.0,0,0
75,5,21,4,26,Y6020519,,,,0,30.0,0,0
75,5,21,4,27,Y6020520,,,,0,30.0,0,0
75,5,21,4,28,Y6020521,,,,0,30.0,0,0
75,5,21,4,29,Y6020522,,,,0,30.0,0,0
75,5,21,4,30,Y6020523,,,,0,30.0,0,0
75,5,21,5,10,Y6020524,,,,0,30.0,0,0
75,5,21,5,11,Y6020525,,,,0,30.0,0,0
75,5,21,5,12,Y6020526,,,,0,30.0,0,0
75,5,21,5,13,Y6020527,,,,0,30.0,0,0
75,5,21,5,14,Y6020528,,,,0,30.0,0,0
75,5,21,5,15,Y6020529,,,,0,30.0,0,0
75,5,21,5,16,Y6020530,,,,0,30.0,0,0
75,5,21,5,17,Y6020531,,,,0,30.0,0,0
75,5,21,5,18,Y6020532,,,,0,30.0,0,0
75,5,21,5,19,Y6020533,,,,0,30.0,0,0
75,5,21,5,20,Y6020534,,,,0,30.0,0,0
75,5,21,5,21,Y6020535,,,,0,30.0,0,0
75,5,21,5,22,Y6020536,,,,0,30.0,0,0
75,5,21,5,23,Y6020537,,,,0,30.0,0,0
75,5,21,5,24,Y6020538,,,,0,30.0,0,0
75,5,21,5,25,Y6020539,,,,0,30.0,0,0
75,5,21,5,26,Y6020540,,,,0,30.0,0,0
75,5,21,5,27,Y6020541,,,,0,30.0,0,0
75,5,21,5,28,Y6020542,,,,0,30.0,0,0
75,5,21,5,29,Y6020543,,,,0,30.0,0,0
75,5,21,5,30,Y6020544,,,,0,30.0,0,0
75,5,21,6,10,Y6020545,,,,0,30.0,0,0
75,5,21,6,11,Y6020546,,,,0,30.0,0,0
75,5,21,6,12,Y6020547,,,,0,30.0,0,0
75,5,21,6,13,Y6020548,,,,0,30.0,0,0
75,5,21,6,14,Y6020549,,,,0,30.0,0,0
75,5,21,6,15,Y6020550,,,,0,30.0,0,0
75,5,21,6,16,Y6020551,,,,0,30.0,0,0
75,5,21,6,17,Y6020552,,,,0,30.0,0,0
75,5,21,6,18,Y6020553,,,,0,30.0,0,0
75,5,21,6,19,Y6020554,,,,0,30.0,0,0
75,5,21,6,20,Y6020555,,,,0,30.0,0,0
75,5,21,6,21,Y6020556,,,,0,30.0,0,0
75,5,21,6,22,Y6020557,,,,0,30.0,0,0
75,5,21,6,23,Y6020558,,,,0,30.0,0,0
75,5,21,6,24,Y6020559,,,,0,30.0,0,0
75,5,21,6,25,Y6020560,,,,0,30.0,0,0
75,5,21,6,26,Y6020561,,,,0,30.0,0,0
75,5,21,6,27,Y6020562,,,,0,30.0,0,0
75,5,21,6,28,Y6020563,,,,0,30.0,0,0
75,5,21,6,29,Y6020564,,,,0,30.0,0,0
75,5,21,6,30,Y6020565,,,,0,30.0,0,0
75,5,21,7,10,Y6020566,,,,0,30.0,0,0
75,5,21,7,11,Y6020567,,,,0,30.0,0,0
75,5,21,7,12,Y6020568,,,,0,30.0,0,0
75,5,21,7,13,Y6020569,,,,0,30.0,0,0
75,5,21,7,14,Y6020570,,,,0,30.0,0,0
75,5,21,7,15,Y6020571,,,,0,30.0,0,0
75,5,21,7,16,Y6020572,,,,0,30.0,0,0
75,5,21,7,17,Y6020573,,,,0,30.0,0,0
75,5,21,7,18,Y6020574,,,,0,30.0,0,0
75,5,21,7,19,Y6020575,,,,0,30.0,0,0
75,5,21,7,20,Y6020576,,,,0,30.0,0,0
75,5,21,7,21,Y6020577,,,,0,30.0,0,0
75,5,21,7,22,Y6020578,,,,0,30.0,0,0
75,5,21,7,23,Y6020579,,,,0,30.0,0,0
75,5,21,7,24,Y6020580,,,,0,30.0,0,0
75,5,21,7,25,Y6020581,,,,0,30.0,0,0
75,5,21,7,26,Y6020582,,,,0,30.0,0,0
75,5,21,7,27,Y6020583,,,,0,30.0,0,0
75,5,21,7,28,Y6020584,,,,0,30.0,0,0
75,5,21,7,29,Y6020585,,,,0,30.0,0,0
75,5,21,7,30,Y6020586,,,,0,30.0,0,0
75,5,21,8,10,Y6020587,,,,0,30.0,0,0
75,5,21,8,11,Y6020588,,,,0,30.0,0,0
75,5,21,8,12,Y6020589,,,,0,30.0,0,0
75,5,21,8,13,Y6020590,,,,0,30.0,0,0
75,5,21,8,14,Y6020591,,,,0,30.0,0,0
75,5,21,8,15,Y6020592,,,,0,30.0,0,0
75,5,21,8,16,Y6020593,,,,0,30.0,0,0
75,5,21,8,17,Y6020594,,,,0,30.0,0,0
75,5,21,8,18,Y6020595,,,,0,30.0,0,0
75,5,21,8,19,Y6020596,,,,0,30.0,0,0
75,5,21,8,20,Y6020597,,,,0,30.0,0,0
75,5,21,8,21,Y6020598,,,,0,30.0,0,0
75,5,21,8,22,Y6020599,,,,0,30.0,0,0
75,5,21,8,23,Y6020600,,,,0,30.0,0,0
75,5,21,8,24,Y6020601,,,,0,30.0,0,0
75,5,21,8,25,Y6020602,,,,0,30.0,0,0
75,5,21,8,26,Y6020603,,,,0,30.0,0,0
75,5,21,8,27,Y6020604,,,,0,30.0,0,0
75,5,21,8,28,Y6020605,,,,0,30.0,0,0
75,5,21,8,29,Y6020606,,,,0,30.0,0,0
75,5,21,8,30,Y6020607,,,,0,30.0,0,0
75,5,21,9,10,Y6020608,,,,0,30.0,0,0
75,5,21,9,11,Y6020609,,,,0,30.0,0,0
75,5,21,9,12,Y6020610,,,,0,30.0,0,0
75,5,21,9,13,Y6020611,,,,0,30.0,0,0
75,5,21,9,14,Y6020612,,,,0,30.0,0,0
75,5,21,9,15,Y6020613,,,,0,30.0,0,0
75,5,21,9,16,Y6020614,,,,0,30.0,0,0
75,5,21,9,17,Y6020615,,,,0,30.0,0,0
75,5,21,9,18,Y6020616,,,,0,30.0,0,0
75,5,21,9,19,Y6020617,,,,0,30.0,0,0
75,5,21,9,20,Y6020618,,,,0,30.0,0,0
75,5,21,9,21,Y6020619,,,,0,30.0,0,0
75,5,21,9,22,Y6020620,,,,0,30.0,0,0
75,5,21,9,23,Y6020621,,,,0,30.0,0,0
75,5,21,9,24,Y6020622,,,,0,30.0,0,0
75,5,21,9,25,Y6020623,,,,0,30.0,0,0
75,5,21,9,26,Y6020624,,,,0,30.0,0,0
75,5,21,9,27,Y6020625,,,,0,30.0,0,0
75,5,21,9,28,Y6020626,,,,0,30.0,0,0
75,5,21,9,29,Y6020627,,,,0,30.0,0,0
75,5,21,9,30,Y6020628,,,,0,30.0,0,0
75,5,21,10,10,Y6020629,,,,0,30.0,0,0
75,5,21,10,11,Y6020630,,,,0,30.0,0,0
75,5,21,10,12,Y6020631,,,,0,30.0,0,0
75,5,21,10,13,Y6020632,,,,0,30.0,0,0
75,5,21,10,14,Y6020633,,,,0,30.0,0,0
75,5,21,10,15,Y6020634,,,,0,30.0,0,0
75,5,21,10,16,Y6020635,,,,0,30.0,0,0
75,5,21,10,17,Y6020636,,,,0,30.0,0,0
75,5,21,10,18,Y6020637,,,,0,30.0,0,0
75,5,21,10,19,Y6020638,,,,0,30.0,0,0
75,5,21,10,20,Y6020639,,,,0,30.0,0,0
75,5,21,10,21,Y6020640,,,,0,30.0,0,0
75,5,21,10,22,Y6020641,,,,0,30.0,0,0
75,5,21,10,23,Y6020642,,,,0,30.0,0,0
75,5,21,10,24,Y6020643,,,,0,30.0,0,0
75,5,21,10,25,Y6020644,,,,0,30.0,0,0
75,5,21,10,26,Y6020645,,,,0,30.0,0,0
75,5,21,10,27,Y6020646,,,,0,30.0,0,0
75,5,21,10,28,Y6020647,,,,0,30.0,0,0
75,5,21,10,29,Y6020648,,,,0,30.0,0,0
75,5,21,10,30,Y6020649,,,,0,30.0,0,0
75,5,21,11,10,Y6020650,,,,0,30.0,0,0
75,5,21,11,11,Y6020651,,,,0,30.0,0,0
75,5,21,11,12,Y6020652,,,,0,30.0,0,0
75,5,21,11,13,Y6020653,,,,0,30.0,0,0
75,5,21,11,14,Y6020654,,,,0,30.0,0,0
75,5,21,11,15,Y6020655,,,,0,30.0,0,0
75,5,21,11,16,Y6020656,,,,0,30.0,0,0
75,5,21,11,17,Y6020657,,,,0,30.0,0,0
75,5,21,11,18,Y6020658,,,,0,30.0,0,0
75,5,21,11,19,Y6020659,,,,0,30.0,0,0
75,5,21,11,20,Y6020660,,,,0,30.0,0,0
75,5,21,11,21,Y6020661,,,,0,30.0,0,0
75,5,21,11,22,Y6020662,,,,0,30.0,0,0
75,5,21,11,23,Y6020663,,,,0,30.0,0,0
75,5,21,11,24,Y6020664,,,,0,30.0,0,0
75,5,21,11,25,Y6020665,,,,0,30.0,0,0
75,5,21,11,26,Y6020666,,,,0,30.0,0,0
75,5,21,11,27,Y6020667,,,,0,30.0,0,0
75,5,21,11,28,Y6020668,,,,0,30.0,0,0
75,5,21,11,29,Y6020669,,,,0,30.0,0,0
75,5,21,11,30,Y6020670,,,,0,30.0,0,0
75,5,21,12,10,Y6020671,,,,0,30.0,0,0
75,5,21,12,11,Y6020672,,,,0,30.0,0,0
75,5,21,12,12,Y6020673,,,,0,30.0,0,0
75,5,21,12,13,Y6020674,,,,0,30.0,0,0
75,5,21,12,14,Y6020675,,,,0,30.0,0,0
75,5,21,12,15,Y6020676,,,,0,30.0,0,0
75,5,21,12,16,Y6020677,,,,0,30.0,0,0
75,5,21,12,17,Y6020678,,,,0,30.0,0,0
75,5,21,12,18,Y6020679,,,,0,30.0,0,0
75,5,21,12,19,Y6020680,,,,0,30.0,0,0
75,5,21,12,20,Y6020681,,,,0,30.0,0,0
75,5,21,12,21,Y6020682,,,,0,30.0,0,0
75,5,21,12,22,Y6020683,,,,0,30.0,0,0
75,5,21,12,23,Y6020684,,,,0,30.0,0,0
75,5,21,12,24,Y6020685,,,,0,30.0,0,0
75,5,21,12,25,Y6020686,,,,0,30.0,0,0
75,5,21,12,26,Y6020687,,,,0,30.0,0,0
75,5,21,12,27,Y6020688,,,,0,30.0,0,0
75,5,21,12,28,Y6020689,,,,0,30.0,0,0
75,5,21,12,29,Y6020690,,,,0,30.0,0,0
75,5,21,12,30,Y6020691,,,,0,30.0,0,0
75,5,22,1,10,Y6020692,,,,0,30.0,0,0
75,5,22,1,11,Y6020693,,,,0,30.0,0,0
75,5,22,1,12,Y6020694,,,,0,30.0,0,0
75,5,22,1,13,Y6020695,,,,0,30.0,0,0
75,5,22,1,14,Y6020696,,,,0,30.0,0,2
75,5,22,1,15,Y6020697,,,,0,30.0,0,2
75,5,22,1,16,Y6020698,,,,0,30.0,0,2
75,5,22,1,17,Y6020699,,,,0,30.0,0,2
75,5,22,1,18,Y6020700,,,,0,30.0,0,2
75,5,22,1,19,Y6020701,,,,0,30.0,0,0
75,5,22,1,20,Y6020702,,,,0,30.0,0,0
75,5,22,1,21,Y6020703,,,,0,30.0,0,0
75,5,22,1,22,Y6020704,,,,0,30.0,0,0
75,5,22,1,23,Y6020705,,,,0,30.0,0,0
75,5,22,1,24,Y6020706,,,,0,30.0,0,0
75,5,22,1,25,Y6020707,,,,0,30.0,0,0
75,5,22,1,26,Y6020708,,,,0,30.0,0,0
75,5,22,1,27,Y6020709,,,,0,30.0,0,0
75,5,22,1,28,Y6020710,,,,0,30.0,0,0
75,5,22,1,29,Y6020711,,,,0,30.0,0,0
75,5,22,1,30,Y6020712,,,,0,30.0,0,0
75,5,22,2,10,Y6020713,,,,0,30.0,0,0
75,5,22,2,11,Y6020714,,,,0,30.0,0,0
75,5,22,2,12,Y6020715,,,,0,30.0,0,0
75,5,22,2,13,Y6020716,,,,0,30.0,0,0
75,5,22,2,14,Y6020717,,,,0,30.0,0,2
75,5,22,2,15,Y6020718,,,,0,30.0,0,2
75,5,22,2,16,Y6020719,,,,0,30.0,0,2
75,5,22,2,17,Y6020720,,,,0,30.0,0,2
75,5,22,2,18,Y6020721,,,,0,30.0,0,2
75,5,22,2,19,Y6020722,,,,0,30.0,0,0
75,5,22,2,20,Y6020723,,,,0,30.0,0,0
75,5,22,2,21,Y6020724,,,,0,30.0,0,0
75,5,22,2,22,Y6020725,,,,0,30.0,0,0
75,5,22,2,23,Y6020726,,,,0,30.0,0,0
75,5,22,2,24,Y6020727,,,,0,30.0,0,0
75,5,22,2,25,Y6020728,,,,0,30.0,0,0
75,5,22,2,26,Y6020729,,,,0,30.0,0,0
75,5,22,2,27,Y6020730,,,,0,30.0,0,0
75,5,22,2,28,Y6020731,,,,0,30.0,0,0
75,5,22,2,29,Y6020732,,,,0,30.0,0,0
75,5,22,2,30,Y6020733,,,,0,30.0,0,0
75,5,22,3,10,Y6020734,,,,0,30.0,0,0
75,5,22,3,11,Y6020735,,,,0,30.0,0,0
75,5,22,3,12,Y6020736,,,,0,30.0,0,0
75,5,22,3,13,Y6020737,,,,0,30.0,0,0
75,5,22,3,14,Y6020738,,,,0,30.0,0,0
75,5,22,3,15,Y6020739,,,,0,30.0,0,2
75,5,22,3,16,Y6020740,,,,0,30.0,0,2
75,5,22,3,17,Y6020741,,,,0,30.0,0,2
75,5,22,3,18,Y6020742,,,,0,30.0,0,0
75,5,22,3,19,Y6020743,,,,0,30.0,0,0
75,5,22,3,20,Y6020744,,,,0,30.0,0,0
75,5,22,3,21,Y6020745,,,,0,30.0,0,0
75,5,22,3,22,Y6020746,,,,0,30.0,0,0
75,5,22,3,23,Y6020747,,,,0,30.0,0,0
75,5,22,3,24,Y6020748,,,,0,30.0,0,0
75,5,22,3,25,Y6020749,,,,0,30.0,0,0
75,5,22,3,26,Y6020750,,,,0,30.0,0,0
75,5,22,3,27,Y6020751,,,,0,30.0,0,0
75,5,22,3,28,Y6020752,,,,0,30.0,0,0
75,5,22,3,29,Y6020753,,,,0,30.0,0,0
75,5,22,3,30,Y6020754,,,,0,30.0,0,0
75,5,22,4,10,Y6020755,,,,0,30.0,0,0
75,5,22,4,11,Y6020756,,,,0,30.0,0,0
75,5,22,4,12,Y6020757,,,,0,30.0,0,0
75,5,22,4,13,Y6020758,,,,0,30.0,0,0
75,5,22,4,14,Y6020759,,,,0,30.0,0,0
75,5,22,4,15,Y6020760,,,,0,30.0,0,0
75,5,22,4,16,Y6020761,,,,0,30.0,0,0
75,5,22,4,17,Y6020762,,,,0,30.0,0,0
75,5,22,4,18,Y6020763,,,,0,30.0,0,0
75,5,22,4,19,Y6020764,,,,0,30.0,0,0
75,5,22,4,20,Y6020765,,,,0,30.0,0,0
75,5,22,4,21,Y6020766,,,,0,30.0,0,0
75,5,22,4,22,Y6020767,,,,0,30.0,0,0
75,5,22,4,23,Y6020768,,,,0,30.0,0,0
75,5,22,4,24,Y6020769,,,,0,30.0,0,0
75,5,22,4,25,Y6020770,,,,0,30.0,0,0
75,5,22,4,26,Y6020771,,,,0,30.0,0,0
75,5,22,4,27,Y6020772,,,,0,30.0,0,0
75,5,22,4,28,Y6020773,,,,0,30.0,0,0
75,5,22,4,29,Y6020774,,,,0,30.0,0,0
75,5,22,4,30,Y6020775,,,,0,30.0,0,0
75,5,22,5,10,Y6020776,,,,0,30.0,0,0
75,5,22,5,11,Y6020777,,,,0,30.0,0,0
75,5,22,5,12,Y6020778,,,,0,30.0,0,0
75,5,22,5,13,Y6020779,,,,0,30.0,0,0
75,5,22,5,14,Y6020780,,,,0,30.0,0,0
75,5,22,5,15,Y6020781,,,,0,30.0,0,0
75,5,22,5,16,Y6020782,,,,0,30.0,0,0
75,5,22,5,17,Y6020783,,,,0,30.0,0,0
75,5,22,5,18,Y6020784,,,,0,30.0,0,0
75,5,22,5,19,Y6020785,,,,0,30.0,0,0
75,5,22,5,20,Y6020786,,,,0,30.0,0,0
75,5,22,5,21,Y6020787,,,,0,30.0,0,0
75,5,22,5,22,Y6020788,,,,0,30.0,0,0
75,5,22,5,23,Y6020789,,,,0,30.0,0,0
75,5,22,5,24,Y6020790,,,,0,30.0,0,0
75,5,22,5,25,Y6020791,,,,0,30.0,0,0
75,5,22,5,26,Y6020792,,,,0,30.0,0,0
75,5,22,5,27,Y6020793,,,,0,30.0,0,0
75,5,22,5,28,Y6020794,,,,0,30.0,0,0
75,5,22,5,29,Y6020795,,,,0,30.0,0,0
75,5,22,5,30,Y6020796,,,,0,30.0,0,0
75,5,22,6,10,Y6020797,,,,0,30.0,0,0
75,5,22,6,11,Y6020798,,,,0,30.0,0,0
75,5,22,6,12,Y6020799,,,,0,30.0,0,0
75,5,22,6,13,Y6020800,,,,0,30.0,0,0
75,5,22,6,14,Y6020801,,,,0,30.0,0,0
75,5,22,6,15,Y6020802,,,,0,30.0,0,0
75,5,22,6,16,Y6020803,,,,0,30.0,0,0
75,5,22,6,17,Y6020804,,,,0,30.0,0,0
75,5,22,6,18,Y6020805,,,,0,30.0,0,0
75,5,22,6,19,Y6020806,,,,0,30.0,0,0
75,5,22,6,20,Y6020807,,,,0,30.0,0,0
75,5,22,6,21,Y6020808,,,,0,30.0,0,0
75,5,22,6,22,Y6020809,,,,0,30.0,0,0
75,5,22,6,23,Y6020810,,,,0,30.0,0,0
75,5,22,6,24,Y6020811,,,,0,30.0,0,0
75,5,22,6,25,Y6020812,,,,0,30.0,0,0
75,5,22,6,26,Y6020813,,,,0,30.0,0,0
75,5,22,6,27,Y6020814,,,,0,30.0,0,0
75,5,22,6,28,Y6020815,,,,0,30.0,0,0
75,5,22,6,29,Y6020816,,,,0,30.0,0,0
75,5,22,6,30,Y6020817,,,,0,30.0,0,0
75,5,22,7,10,Y6020818,,,,0,30.0,0,0
75,5,22,7,11,Y6020819,,,,0,30.0,0,0
75,5,22,7,12,Y6020820,,,,0,30.0,0,0
75,5,22,7,13,Y6020821,,,,0,30.0,0,0
75,5,22,7,14,Y6020822,,,,0,30.0,0,0
75,5,22,7,15,Y6020823,,,,0,30.0,0,0
75,5,22,7,16,Y6020824,,,,0,30.0,0,0
75,5,22,7,17,Y6020825,,,,0,30.0,0,0
75,5,22,7,18,Y6020826,,,,0,30.0,0,0
75,5,22,7,19,Y6020827,,,,0,30.0,0,0
75,5,22,7,20,Y6020828,,,,0,30.0,0,0
75,5,22,7,21,Y6020829,,,,0,30.0,0,0
75,5,22,7,22,Y6020830,,,,0,30.0,0,0
75,5,22,7,23,Y6020831,,,,0,30.0,0,0
75,5,22,7,24,Y6020832,,,,0,30.0,0,0
75,5,22,7,25,Y6020833,,,,0,30.0,0,0
75,5,22,7,26,Y6020834,,,,0,30.0,0,0
75,5,22,7,27,Y6020835,,,,0,30.0,0,0
75,5,22,7,28,Y6020836,,,,0,30.0,0,0
75,5,22,7,29,Y6020837,,,,0,30.0,0,0
75,5,22,7,30,Y6020838,,,,0,30.0,0,0
75,5,22,8,10,Y6020839,,,,0,30.0,0,0
75,5,22,8,11,Y6020840,,,,0,30.0,0,0
75,5,22,8,12,Y6020841,,,,0,30.0,0,0
75,5,22,8,13,Y6020842,,,,0,30.0,0,0
75,5,22,8,14,Y6020843,,,,0,30.0,0,0
75,5,22,8,15,Y6020844,,,,0,30.0,0,0
75,5,22,8,16,Y6020845,,,,0,30.0,0,0
75,5,22,8,17,Y6020846,,,,0,30.0,0,0
75,5,22,8,18,Y6020847,,,,0,30.0,0,0
75,5,22,8,19,Y6020848,,,,0,30.0,0,0
75,5,22,8,20,Y6020849,,,,0,30.0,0,0
75,5,22,8,21,Y6020850,,,,0,30.0,0,0
75,5,22,8,22,Y6020851,,,,0,30.0,0,0
75,5,22,8,23,Y6020852,,,,0,30.0,0,0
75,5,22,8,24,Y6020853,,,,0,30.0,0,0
75,5,22,8,25,Y6020854,,,,0,30.0,0,0
75,5,22,8,26,Y6020855,,,,0,30.0,0,0
75,5,22,8,27,Y6020856,,,,0,30.0,0,0
75,5,22,8,28,Y6020857,,,,0,30.0,0,0
75,5,22,8,29,Y6020858,,,,0,30.0,0,0
75,5,22,8,30,Y6020859,,,,0,30.0,0,0
75,5,22,9,10,Y6020860,,,,0,30.0,0,0
75,5,22,9,11,Y6020861,,,,0,30.0,0,0
75,5,22,9,12,Y6020862,,,,0,30.0,0,0
75,5,22,9,13,Y6020863,,,,0,30.0,0,0
75,5,22,9,14,Y6020864,,,,0,30.0,0,0
75,5,22,9,15,Y6020865,,,,0,30.0,0,0
75,5,22,9,16,Y6020866,,,,0,30.0,0,0
75,5,22,9,17,Y6020867,,,,0,30.0,0,0
75,5,22,9,18,Y6020868,,,,0,30.0,0,0
75,5,22,9,19,Y6020869,,,,0,30.0,0,0
75,5,22,9,20,Y6020870,,,,0,30.0,0,0
75,5,22,9,21,Y6020871,,,,0,30.0,0,0
75,5,22,9,22,Y6020872,,,,0,30.0,0,0
75,5,22,9,23,Y6020873,,,,0,30.0,0,0
75,5,22,9,24,Y6020874,,,,0,30.0,0,0
75,5,22,9,25,Y6020875,,,,0,30.0,0,0
75,5,22,9,26,Y6020876,,,,0,30.0,0,0
75,5,22,9,27,Y6020877,,,,0,30.0,0,0
75,5,22,9,28,Y6020878,,,,0,30.0,0,0
75,5,22,9,29,Y6020879,,,,0,30.0,0,0
75,5,22,9,30,Y6020880,,,,0,30.0,0,0
75,5,22,10,10,Y6020881,,,,0,30.0,0,0
75,5,22,10,11,Y6020882,,,,0,30.0,0,0
75,5,22,10,12,Y6020883,,,,0,30.0,0,0
75,5,22,10,13,Y6020884,,,,0,30.0,0,0
75,5,22,10,14,Y6020885,,,,0,30.0,0,0
75,5,22,10,15,Y6020886,,,,0,30.0,0,0
75,5,22,10,16,Y6020887,,,,0,30.0,0,0
75,5,22,10,17,Y6020888,,,,0,30.0,0,0
75,5,22,10,18,Y6020889,,,,0,30.0,0,0
75,5,22,10,19,Y6020890,,,,0,30.0,0,0
75,5,22,10,20,Y6020891,,,,0,30.0,0,0
75,5,22,10,21,Y6020892,,,,0,30.0,0,0
75,5,22,10,22,Y6020893,,,,0,30.0,0,0
75,5,22,10,23,Y6020894,,,,0,30.0,0,0
75,5,22,10,24,Y6020895,,,,0,30.0,0,0
75,5,22,10,25,Y6020896,,,,0,30.0,0,0
75,5,22,10,26,Y6020897,,,,0,30.0,0,0
75,5,22,10,27,Y6020898,,,,0,30.0,0,0
75,5,22,10,28,Y6020899,,,,0,30.0,0,0
75,5,22,10,29,Y6020900,,,,0,30.0,0,0
75,5,22,10,30,Y6020901,,,,0,30.0,0,0
75,5,22,11,10,Y6020902,,,,0,30.0,0,0
75,5,22,11,11,Y6020903,,,,0,30.0,0,0
75,5,22,11,12,Y6020904,,,,0,30.0,0,0
75,5,22,11,13,Y6020905,,,,0,30.0,0,0
75,5,22,11,14,Y6020906,,,,0,30.0,0,0
75,5,22,11,15,Y6020907,,,,0,30.0,0,0
75,5,22,11,16,Y6020908,,,,0,30.0,0,0
75,5,22,11,17,Y6020909,,,,0,30.0,0,0
75,5,22,11,18,Y6020910,,,,0,30.0,0,0
75,5,22,11,19,Y6020911,,,,0,30.0,0,0
75,5,22,11,20,Y6020912,,,,0,30.0,0,0
75,5,22,11,21,Y6020913,,,,0,30.0,0,0
75,5,22,11,22,Y6020914,,,,0,30.0,0,0
75,5,22,11,23,Y6020915,,,,0,30.0,0,0
75,5,22,11,24,Y6020916,,,,0,30.0,0,0
75,5,22,11,25,Y6020917,,,,0,30.0,0,0
75,5,22,11,26,Y6020918,,,,0,30.0,0,0
75,5,22,11,27,Y6020919,,,,0,30.0,0,0
75,5,22,11,28,Y6020920,,,,0,30.0,0,0
75,5,22,11,29,Y6020921,,,,0,30.0,0,0
75,5,22,11,30,Y6020922,,,,0,30.0,0,0
75,5,22,12,10,Y6020923,,,,0,30.0,0,0
75,5,22,12,11,Y6020924,,,,0,30.0,0,0
75,5,22,12,12,Y6020925,,,,0,30.0,0,0
75,5,22,12,13,Y6020926,,,,0,30.0,0,0
75,5,22,12,14,Y6020927,,,,0,30.0,0,0
75,5,22,12,15,Y6020928,,,,0,30.0,0,0
75,5,22,12,16,Y6020929,,,,0,30.0,0,0
75,5,22,12,17,Y6020930,,,,0,30.0,0,0
75,5,22,12,18,Y6020931,,,,0,30.0,0,0
75,5,22,12,19,Y6020932,,,,0,30.0,0,0
75,5,22,12,20,Y6020933,,,,0,30.0,0,0
75,5,22,12,21,Y6020934,,,,0,30.0,0,0
75,5,22,12,22,Y6020935,,,,0,30.0,0,0
75,5,22,12,23,Y6020936,,,,0,30.0,0,0
75,5,22,12,24,Y6020937,,,,0,30.0,0,0
75,5,22,12,25,Y6020938,,,,0,30.0,0,0
75,5,22,12,26,Y6020939,,,,0,30.0,0,0
75,5,22,12,27,Y6020940,,,,0,30.0,0,0
75,5,22,12,28,Y6020941,,,,0,30.0,0,0
75,5,22,12,29,Y6020942,,,,0,30.0,0,0
75,5,22,12,30,Y6020943,,,,0,30.0,0,0
75,5,23,1,10,Y6020944,,,,0,30.0,0,0
75,5,23,1,11,Y6020945,,,,0,30.0,0,0
75,5,23,1,12,Y6020946,,,,0,30.0,0,0
75,5,23,1,13,Y6020947,,,,0,30.0,0,0
75,5,23,1,14,Y6020948,,,,0,30.0,0,2
75,5,23,1,15,Y6020949,,,,0,30.0,0,2
75,5,23,1,16,Y6020950,,,,0,30.0,0,2
75,5,23,1,17,Y6020951,,,,0,30.0,0,2
75,5,23,1,18,Y6020952,,,,0,30.0,0,2
75,5,23,1,19,Y6020953,,,,0,30.0,0,0
75,5,23,1,20,Y6020954,,,,0,30.0,0,0
75,5,23,1,21,Y6020955,,,,0,30.0,0,0
75,5,23,1,22,Y6020956,,,,0,30.0,0,0
75,5,23,1,23,Y6020957,,,,0,30.0,0,0
75,5,23,1,24,Y6020958,,,,0,30.0,0,0
75,5,23,1,25,Y6020959,,,,0,30.0,0,0
75,5,23,1,26,Y6020960,,,,0,30.0,0,0
75,5,23,1,27,Y6020961,,,,0,30.0,0,0
75,5,23,1,28,Y6020962,,,,0,30.0,0,0
75,5,23,1,29,Y6020963,,,,0,30.0,0,0
75,5,23,1,30,Y6020964,,,,0,30.0,0,0
75,5,23,2,10,Y6020965,,,,0,30.0,0,0
75,5,23,2,11,Y6020966,,,,0,30.0,0,0
75,5,23,2,12,Y6020967,,,,0,30.0,0,0
75,5,23,2,13,Y6020968,,,,0,30.0,0,0
75,5,23,2,14,Y6020969,,,,0,30.0,0,2
75,5,23,2,15,Y6020970,,,,0,30.0,0,2
75,5,23,2,16,Y6020971,,,,0,30.0,0,2
75,5,23,2,17,Y6020972,,,,0,30.0,0,2
75,5,23,2,18,Y6020973,,,,0,30.0,0,2
75,5,23,2,19,Y6020974,,,,0,30.0,0,0
75,5,23,2,20,Y6020975,,,,0,30.0,0,0
75,5,23,2,21,Y6020976,,,,0,30.0,0,0
75,5,23,2,22,Y6020977,,,,0,30.0,0,0
75,5,23,2,23,Y6020978,,,,0,30.0,0,0
75,5,23,2,24,Y6020979,,,,0,30.0,0,0
75,5,23,2,25,Y6020980,,,,0,30.0,0,0
75,5,23,2,26,Y6020981,,,,0,30.0,0,0
75,5,23,2,27,Y6020982,,,,0,30.0,0,0
75,5,23,2,28,Y6020983,,,,0,30.0,0,0
75,5,23,2,29,Y6020984,,,,0,30.0,0,0
75,5,23,2,30,Y6020985,,,,0,30.0,0,0
75,5,23,3,10,Y6020986,,,,0,30.0,0,0
75,5,23,3,11,Y6020987,,,,0,30.0,0,0
75,5,23,3,12,Y6020988,,,,0,30.0,0,0
75,5,23,3,13,Y6020989,,,,0,30.0,0,0
75,5,23,3,14,Y6020990,,,,0,30.0,0,0
75,5,23,3,15,Y6020991,,,,0,30.0,0,2
75,5,23,3,16,Y6020992,,,,0,30.0,0,2
75,5,23,3,17,Y6020993,,,,0,30.0,0,2
75,5,23,3,18,Y6020994,,,,0,30.0,0,0
75,5,23,3,19,Y6020995,,,,0,30.0,0,0
75,5,23,3,20,Y6020996,,,,0,30.0,0,0
75,5,23,3,21,Y6020997,,,,0,30.0,0,0
75,5,23,3,22,Y6020998,,,,0,30.0,0,0
75,5,23,3,23,Y6020999,,,,0,30.0,0,0
75,5,23,3,24,Y6021000,,,,0,30.0,0,0
75,5,23,3,25,Y6021001,,,,0,30.0,0,0
75,5,23,3,26,Y6021002,,,,0,30.0,0,0
75,5,23,3,27,Y6021003,,,,0,30.0,0,0
75,5,23,3,28,Y6021004,,,,0,30.0,0,0
75,5,23,3,29,Y6021005,,,,0,30.0,0,0
75,5,23,3,30,Y6021006,,,,0,30.0,0,0
75,5,23,4,10,Y6021007,,,,0,30.0,0,0
75,5,23,4,11,Y6021008,,,,0,30.0,0,0
75,5,23,4,12,Y6021009,,,,0,30.0,0,0
75,5,23,4,13,Y6021010,,,,0,30.0,0,0
75,5,23,4,14,Y6021011,,,,0,30.0,0,0
75,5,23,4,15,Y6021012,,,,0,30.0,0,0
75,5,23,4,16,Y6021013,,,,0,30.0,0,0
75,5,23,4,17,Y6021014,,,,0,30.0,0,0
75,5,23,4,18,Y6021015,,,,0,30.0,0,0
75,5,23,4,19,Y6021016,,,,0,30.0,0,0
75,5,23,4,20,Y6021017,,,,0,30.0,0,0
75,5,23,4,21,Y6021018,,,,0,30.0,0,0
75,5,23,4,22,Y6021019,,,,0,30.0,0,0
75,5,23,4,23,Y6021020,,,,0,30.0,0,0
75,5,23,4,24,Y6021021,,,,0,30.0,0,0
75,5,23,4,25,Y6021022,,,,0,30.0,0,0
75,5,23,4,26,Y6021023,,,,0,30.0,0,0
75,5,23,4,27,Y6021024,,,,0,30.0,0,0
75,5,23,4,28,Y6021025,,,,0,30.0,0,0
75,5,23,4,29,Y6021026,,,,0,30.0,0,0
75,5,23,4,30,Y6021027,,,,0,30.0,0,0
75,5,23,5,10,Y6021028,,,,0,30.0,0,0
75,5,23,5,11,Y6021029,,,,0,30.0,0,0
75,5,23,5,12,Y6021030,,,,0,30.0,0,0
75,5,23,5,13,Y6021031,,,,0,30.0,0,0
75,5,23,5,14,Y6021032,,,,0,30.0,0,0
75,5,23,5,15,Y6021033,,,,0,30.0,0,0
75,5,23,5,16,Y6021034,,,,0,30.0,0,0
75,5,23,5,17,Y6021035,,,,0,30.0,0,0
75,5,23,5,18,Y6021036,,,,0,30.0,0,0
75,5,23,5,19,Y6021037,,,,0,30.0,0,0
75,5,23,5,20,Y6021038,,,,0,30.0,0,0
75,5,23,5,21,Y6021039,,,,0,30.0,0,0
75,5,23,5,22,Y6021040,,,,0,30.0,0,0
75,5,23,5,23,Y6021041,,,,0,30.0,0,0
75,5,23,5,24,Y6021042,,,,0,30.0,0,0
75,5,23,5,25,Y6021043,,,,0,30.0,0,0
75,5,23,5,26,Y6021044,,,,0,30.0,0,0
75,5,23,5,27,Y6021045,,,,0,30.0,0,0
75,5,23,5,28,Y6021046,,,,0,30.0,0,0
75,5,23,5,29,Y6021047,,,,0,30.0,0,0
75,5,23,5,30,Y6021048,,,,0,30.0,0,0
75,5,23,6,10,Y6021049,,,,0,30.0,0,0
75,5,23,6,11,Y6021050,,,,0,30.0,0,0
75,5,23,6,12,Y6021051,,,,0,30.0,0,0
75,5,23,6,13,Y6021052,,,,0,30.0,0,0
75,5,23,6,14,Y6021053,,,,0,30.0,0,0
75,5,23,6,15,Y6021054,,,,0,30.0,0,0
75,5,23,6,16,Y6021055,,,,0,30.0,0,0
75,5,23,6,17,Y6021056,,,,0,30.0,0,0
75,5,23,6,18,Y6021057,,,,0,30.0,0,0
75,5,23,6,19,Y6021058,,,,0,30.0,0,0
75,5,23,6,20,Y6021059,,,,0,30.0,0,0
75,5,23,6,21,Y6021060,,,,0,30.0,0,0
75,5,23,6,22,Y6021061,,,,0,30.0,0,0
75,5,23,6,23,Y6021062,,,,0,30.0,0,0
75,5,23,6,24,Y6021063,,,,0,30.0,0,0
75,5,23,6,25,Y6021064,,,,0,30.0,0,0
75,5,23,6,26,Y6021065,,,,0,30.0,0,0
75,5,23,6,27,Y6021066,,,,0,30.0,0,0
75,5,23,6,28,Y6021067,,,,0,30.0,0,0
75,5,23,6,29,Y6021068,,,,0,30.0,0,0
75,5,23,6,30,Y6021069,,,,0,30.0,0,0
75,5,23,7,10,Y6021070,,,,0,30.0,0,0
75,5,23,7,11,Y6021071,,,,0,30.0,0,0
75,5,23,7,12,Y6021072,,,,0,30.0,0,0
75,5,23,7,13,Y6021073,,,,0,30.0,0,0
75,5,23,7,14,Y6021074,,,,0,30.0,0,0
75,5,23,7,15,Y6021075,,,,0,30.0,0,0
75,5,23,7,16,Y6021076,,,,0,30.0,0,0
75,5,23,7,17,Y6021077,,,,0,30.0,0,0
75,5,23,7,18,Y6021078,,,,0,30.0,0,0
75,5,23,7,19,Y6021079,,,,0,30.0,0,0
75,5,23,7,20,Y6021080,,,,0,30.0,0,0
75,5,23,7,21,Y6021081,,,,0,30.0,0,0
75,5,23,7,22,Y6021082,,,,0,30.0,0,0
75,5,23,7,23,Y6021083,,,,0,30.0,0,0
75,5,23,7,24,Y6021084,,,,0,30.0,0,0
75,5,23,7,25,Y6021085,,,,0,30.0,0,0
75,5,23,7,26,Y6021086,,,,0,30.0,0,0
75,5,23,7,27,Y6021087,,,,0,30.0,0,0
75,5,23,7,28,Y6021088,,,,0,30.0,0,0
75,5,23,7,29,Y6021089,,,,0,30.0,0,0
75,5,23,7,30,Y6021090,,,,0,30.0,0,0
75,5,23,8,10,Y6021091,,,,0,30.0,0,0
75,5,23,8,11,Y6021092,,,,0,30.0,0,0
75,5,23,8,12,Y6021093,,,,0,30.0,0,0
75,5,23,8,13,Y6021094,,,,0,30.0,0,0
75,5,23,8,14,Y6021095,,,,0,30.0,0,0
75,5,23,8,15,Y6021096,,,,0,30.0,0,0
75,5,23,8,16,Y6021097,,,,0,30.0,0,0
75,5,23,8,17,Y6021098,,,,0,30.0,0,0
75,5,23,8,18,Y6021099,,,,0,30.0,0,0
75,5,23,8,19,Y6021100,,,,0,30.0,0,0
75,5,23,8,20,Y6021101,,,,0,30.0,0,0
75,5,23,8,21,Y6021102,,,,0,30.0,0,0
75,5,23,8,22,Y6021103,,,,0,30.0,0,0
75,5,23,8,23,Y6021104,,,,0,30.0,0,0
75,5,23,8,24,Y6021105,,,,0,30.0,0,0
75,5,23,8,25,Y6021106,,,,0,30.0,0,0
75,5,23,8,26,Y6021107,,,,0,30.0,0,0
75,5,23,8,27,Y6021108,,,,0,30.0,0,0
75,5,23,8,28,Y6021109,,,,0,30.0,0,0
75,5,23,8,29,Y6021110,,,,0,30.0,0,0
75,5,23,8,30,Y6021111,,,,0,30.0,0,0
75,5,23,9,10,Y6021112,,,,0,30.0,0,0
75,5,23,9,11,Y6021113,,,,0,30.0,0,0
75,5,23,9,12,Y6021114,,,,0,30.0,0,0
75,5,23,9,13,Y6021115,,,,0,30.0,0,0
75,5,23,9,14,Y6021116,,,,0,30.0,0,0
75,5,23,9,15,Y6021117,,,,0,30.0,0,0
75,5,23,9,16,Y6021118,,,,0,30.0,0,0
75,5,23,9,17,Y6021119,,,,0,30.0,0,0
75,5,23,9,18,Y6021120,,,,0,30.0,0,0
75,5,23,9,19,Y6021121,,,,0,30.0,0,0
75,5,23,9,20,Y6021122,,,,0,30.0,0,0
75,5,23,9,21,Y6021123,,,,0,30.0,0,0
75,5,23,9,22,Y6021124,,,,0,30.0,0,0
75,5,23,9,23,Y6021125,,,,0,30.0,0,0
75,5,23,9,24,Y6021126,,,,0,30.0,0,0
75,5,23,9,25,Y6021127,,,,0,30.0,0,0
75,5,23,9,26,Y6021128,,,,0,30.0,0,0
75,5,23,9,27,Y6021129,,,,0,30.0,0,0
75,5,23,9,28,Y6021130,,,,0,30.0,0,0
75,5,23,9,29,Y6021131,,,,0,30.0,0,0
75,5,23,9,30,Y6021132,,,,0,30.0,0,0
75,5,23,10,10,Y6021133,,,,0,30.0,0,0
75,5,23,10,11,Y6021134,,,,0,30.0,0,0
75,5,23,10,12,Y6021135,,,,0,30.0,0,0
75,5,23,10,13,Y6021136,,,,0,30.0,0,0
75,5,23,10,14,Y6021137,,,,0,30.0,0,0
75,5,23,10,15,Y6021138,,,,0,30.0,0,0
75,5,23,10,16,Y6021139,,,,0,30.0,0,0
75,5,23,10,17,Y6021140,,,,0,30.0,0,0
75,5,23,10,18,Y6021141,,,,0,30.0,0,0
75,5,23,10,19,Y6021142,,,,0,30.0,0,0
75,5,23,10,20,Y6021143,,,,0,30.0,0,0
75,5,23,10,21,Y6021144,,,,0,30.0,0,0
75,5,23,10,22,Y6021145,,,,0,30.0,0,0
75,5,23,10,23,Y6021146,,,,0,30.0,0,0
75,5,23,10,24,Y6021147,,,,0,30.0,0,0
75,5,23,10,25,Y6021148,,,,0,30.0,0,0
75,5,23,10,26,Y6021149,,,,0,30.0,0,0
75,5,23,10,27,Y6021150,,,,0,30.0,0,0
75,5,23,10,28,Y6021151,,,,0,30.0,0,0
75,5,23,10,29,Y6021152,,,,0,30.0,0,0
75,5,23,10,30,Y6021153,,,,0,30.0,0,0
75,5,23,11,10,Y6021154,,,,0,30.0,0,0
75,5,23,11,11,Y6021155,,,,0,30.0,0,0
75,5,23,11,12,Y6021156,,,,0,30.0,0,0
75,5,23,11,13,Y6021157,,,,0,30.0,0,0
75,5,23,11,14,Y6021158,,,,0,30.0,0,0
75,5,23,11,15,Y6021159,,,,0,30.0,0,0
75,5,23,11,16,Y6021160,,,,0,30.0,0,0
75,5,23,11,17,Y6021161,,,,0,30.0,0,0
75,5,23,11,18,Y6021162,,,,0,30.0,0,0
75,5,23,11,19,Y6021163,,,,0,30.0,0,0
75,5,23,11,20,Y6021164,,,,0,30.0,0,0
75,5,23,11,21,Y6021165,,,,0,30.0,0,0
75,5,23,11,22,Y6021166,,,,0,30.0,0,0
75,5,23,11,23,Y6021167,,,,0,30.0,0,0
75,5,23,11,24,Y6021168,,,,0,30.0,0,0
75,5,23,11,25,Y6021169,,,,0,30.0,0,0
75,5,23,11,26,Y6021170,,,,0,30.0,0,0
75,5,23,11,27,Y6021171,,,,0,30.0,0,0
75,5,23,11,28,Y6021172,,,,0,30.0,0,0
75,5,23,11,29,Y6021173,,,,0,30.0,0,0
75,5,23,11,30,Y6021174,,,,0,30.0,0,0
75,5,23,12,10,Y6021175,,,,0,30.0,0,0
75,5,23,12,11,Y6021176,,,,0,30.0,0,0
75,5,23,12,12,Y6021177,,,,0,30.0,0,0
75,5,23,12,13,Y6021178,,,,0,30.0,0,0
75,5,23,12,14,Y6021179,,,,0,30.0,0,0
75,5,23,12,15,Y6021180,,,,0,30.0,0,0
75,5,23,12,16,Y6021181,,,,0,30.0,0,0
75,5,23,12,17,Y6021182,,,,0,30.0,0,0
75,5,23,12,18,Y6021183,,,,0,30.0,0,0
75,5,23,12,19,Y6021184,,,,0,30.0,0,0
75,5,23,12,20,Y6021185,,,,0,30.0,0,0
75,5,23,12,21,Y6021186,,,,0,30.0,0,0
75,5,23,12,22,Y6021187,,,,0,30.0,0,0
75,5,23,12,23,Y6021188,,,,0,30.0,0,0
75,5,23,12,24,Y6021189,,,,0,30.0,0,0
75,5,23,12,25,Y6021190,,,,0,30.0,0,0
75,5,23,12,26,Y6021191,,,,0,30.0,0,0
75,5,23,12,27,Y6021192,,,,0,30.0,0,0
75,5,23,12,28,Y6021193,,,,0,30.0,0,0
75,5,23,12,29,Y6021194,,,,0,30.0,0,0
75,5,23,12,30,Y6021195,,,,0,30.0,0,0
75,5,24,1,10,Y6021196,,,,0,30.0,0,0
75,5,24,1,11,Y6021197,,,,0,30.0,0,0
75,5,24,1,12,Y6021198,,,,0,30.0,0,0
75,5,24,1,13,Y6021199,,,,0,30.0,0,0
75,5,24,1,14,Y6021200,,,,0,30.0,0,2
75,5,24,1,15,Y6021201,,,,0,30.0,0,2
75,5,24,1,16,Y6021202,,,,0,30.0,0,2
75,5,24,1,17,Y6021203,,,,0,30.0,0,2
75,5,24,1,18,Y6021204,,,,0,30.0,0,2
75,5,24,1,19,Y6021205,,,,0,30.0,0,0
75,5,24,1,20,Y6021206,,,,0,30.0,0,0
75,5,24,1,21,Y6021207,,,,0,30.0,0,0
75,5,24,1,22,Y6021208,,,,0,30.0,0,0
75,5,24,1,23,Y6021209,,,,0,30.0,0,0
75,5,24,1,24,Y6021210,,,,0,30.0,0,0
75,5,24,1,25,Y6021211,,,,0,30.0,0,0
75,5,24,1,26,Y6021212,,,,0,30.0,0,0
75,5,24,1,27,Y6021213,,,,0,30.0,0,0
75,5,24,1,28,Y6021214,,,,0,30.0,0,0
75,5,24,1,29,Y6021215,,,,0,30.0,0,0
75,5,24,1,30,Y6021216,,,,0,30.0,0,0
75,5,24,2,10,Y6021217,,,,0,30.0,0,0
75,5,24,2,11,Y6021218,,,,0,30.0,0,0
75,5,24,2,12,Y6021219,,,,0,30.0,0,0
75,5,24,2,13,Y6021220,,,,0,30.0,0,0
75,5,24,2,14,Y6021221,,,,0,30.0,0,2
75,5,24,2,15,Y6021222,,,,0,30.0,0,2
75,5,24,2,16,Y6021223,,,,0,30.0,0,2
75,5,24,2,17,Y6021224,,,,0,30.0,0,2
75,5,24,2,18,Y6021225,,,,0,30.0,0,2
75,5,24,2,19,Y6021226,,,,0,30.0,0,0
75,5,24,2,20,Y6021227,,,,0,30.0,0,0
75,5,24,2,21,Y6021228,,,,0,30.0,0,0
75,5,24,2,22,Y6021229,,,,0,30.0,0,0
75,5,24,2,23,Y6021230,,,,0,30.0,0,0
75,5,24,2,24,Y6021231,,,,0,30.0,0,0
75,5,24,2,25,Y6021232,,,,0,30.0,0,0
75,5,24,2,26,Y6021233,,,,0,30.0,0,0
75,5,24,2,27,Y6021234,,,,0,30.0,0,0
75,5,24,2,28,Y6021235,,,,0,30.0,0,0
75,5,24,2,29,Y6021236,,,,0,30.0,0,0
75,5,24,2,30,Y6021237,,,,0,30.0,0,0
75,5,24,3,10,Y6021238,,,,0,30.0,0,0
75,5,24,3,11,Y6021239,,,,0,30.0,0,0
75,5,24,3,12,Y6021240,,,,0,30.0,0,0
75,5,24,3,13,Y6021241,,,,0,30.0,0,0
75,5,24,3,14,Y6021242,,,,0,30.0,0,0
75,5,24,3,15,Y6021243,,,,0,30.0,0,2
75,5,24,3,16,Y6021244,,,,0,30.0,0,2
75,5,24,3,17,Y6021245,,,,0,30.0,0,2
75,5,24,3,18,Y6021246,,,,0,30.0,0,0
75,5,24,3,19,Y6021247,,,,0,30.0,0,0
75,5,24,3,20,Y6021248,,,,0,30.0,0,0
75,5,24,3,21,Y6021249,,,,0,30.0,0,0
75,5,24,3,22,Y6021250,,,,0,30.0,0,0
75,5,24,3,23,Y6021251,,,,0,30.0,0,0
75,5,24,3,24,Y6021252,,,,0,30.0,0,0
75,5,24,3,25,Y6021253,,,,0,30.0,0,0
75,5,24,3,26,Y6021254,,,,0,30.0,0,0
75,5,24,3,27,Y6021255,,,,0,30.0,0,0
75,5,24,3,28,Y6021256,,,,0,30.0,0,0
75,5,24,3,29,Y6021257,,,,0,30.0,0,0
75,5,24,3,30,Y6021258,,,,0,30.0,0,0
75,5,24,4,10,Y6021259,,,,0,30.0,0,0
75,5,24,4,11,Y6021260,,,,0,30.0,0,0
75,5,24,4,12,Y6021261,,,,0,30.0,0,0
75,5,24,4,13,Y6021262,,,,0,30.0,0,0
75,5,24,4,14,Y6021263,,,,0,30.0,0,0
75,5,24,4,15,Y6021264,,,,0,30.0,0,0
75,5,24,4,16,Y6021265,,,,0,30.0,0,0
75,5,24,4,17,Y6021266,,,,0,30.0,0,0
75,5,24,4,18,Y6021267,,,,0,30.0,0,0
75,5,24,4,19,Y6021268,,,,0,30.0,0,0
75,5,24,4,20,Y6021269,,,,0,30.0,0,0
75,5,24,4,21,Y6021270,,,,0,30.0,0,0
75,5,24,4,22,Y6021271,,,,0,30.0,0,0
75,5,24,4,23,Y6021272,,,,0,30.0,0,0
75,5,24,4,24,Y6021273,,,,0,30.0,0,0
75,5,24,4,25,Y6021274,,,,0,30.0,0,0
75,5,24,4,26,Y6021275,,,,0,30.0,0,0
75,5,24,4,27,Y6021276,,,,0,30.0,0,0
75,5,24,4,28,Y6021277,,,,0,30.0,0,0
75,5,24,4,29,Y6021278,,,,0,30.0,0,0
75,5,24,4,30,Y6021279,,,,0,30.0,0,0
75,5,24,5,10,Y6021280,,,,0,30.0,0,0
75,5,24,5,11,Y6021281,,,,0,30.0,0,0
75,5,24,5,12,Y6021282,,,,0,30.0,0,0
75,5,24,5,13,Y6021283,,,,0,30.0,0,0
75,5,24,5,14,Y6021284,,,,0,30.0,0,0
75,5,24,5,15,Y6021285,,,,0,30.0,0,0
75,5,24,5,16,Y6021286,,,,0,30.0,0,0
75,5,24,5,17,Y6021287,,,,0,30.0,0,0
75,5,24,5,18,Y6021288,,,,0,30.0,0,0
75,5,24,5,19,Y6021289,,,,0,30.0,0,0
75,5,24,5,20,Y6021290,,,,0,30.0,0,0
75,5,24,5,21,Y6021291,,,,0,30.0,0,0
75,5,24,5,22,Y6021292,,,,0,30.0,0,0
75,5,24,5,23,Y6021293,,,,0,30.0,0,0
75,5,24,5,24,Y6021294,,,,0,30.0,0,0
75,5,24,5,25,Y6021295,,,,0,30.0,0,0
75,5,24,5,26,Y6021296,,,,0,30.0,0,0
75,5,24,5,27,Y6021297,,,,0,30.0,0,0
75,5,24,5,28,Y6021298,,,,0,30.0,0,0
75,5,24,5,29,Y6021299,,,,0,30.0,0,0
75,5,24,5,30,Y6021300,,,,0,30.0,0,0
75,5,24,6,10,Y6021301,,,,0,30.0,0,0
75,5,24,6,11,Y6021302,,,,0,30.0,0,0
75,5,24,6,12,Y6021303,,,,0,30.0,0,0
75,5,24,6,13,Y6021304,,,,0,30.0,0,0
75,5,24,6,14,Y6021305,,,,0,30.0,0,0
75,5,24,6,15,Y6021306,,,,0,30.0,0,0
75,5,24,6,16,Y6021307,,,,0,30.0,0,0
75,5,24,6,17,Y6021308,,,,0,30.0,0,0
75,5,24,6,18,Y6021309,,,,0,30.0,0,0
75,5,24,6,19,Y6021310,,,,0,30.0,0,0
75,5,24,6,20,Y6021311,,,,0,30.0,0,0
75,5,24,6,21,Y6021312,,,,0,30.0,0,0
75,5,24,6,22,Y6021313,,,,0,30.0,0,0
75,5,24,6,23,Y6021314,,,,0,30.0,0,0
75,5,24,6,24,Y6021315,,,,0,30.0,0,0
75,5,24,6,25,Y6021316,,,,0,30.0,0,0
75,5,24,6,26,Y6021317,,,,0,30.0,0,0
75,5,24,6,27,Y6021318,,,,0,30.0,0,0
75,5,24,6,28,Y6021319,,,,0,30.0,0,0
75,5,24,6,29,Y6021320,,,,0,30.0,0,0
75,5,24,6,30,Y6021321,,,,0,30.0,0,0
75,5,24,7,10,Y6021322,,,,0,30.0,0,0
75,5,24,7,11,Y6021323,,,,0,30.0,0,0
75,5,24,7,12,Y6021324,,,,0,30.0,0,0
75,5,24,7,13,Y6021325,,,,0,30.0,0,0
75,5,24,7,14,Y6021326,,,,0,30.0,0,0
75,5,24,7,15,Y6021327,,,,0,30.0,0,0
75,5,24,7,16,Y6021328,,,,0,30.0,0,0
75,5,24,7,17,Y6021329,,,,0,30.0,0,0
75,5,24,7,18,Y6021330,,,,0,30.0,0,0
75,5,24,7,19,Y6021331,,,,0,30.0,0,0
75,5,24,7,20,Y6021332,,,,0,30.0,0,0
75,5,24,7,21,Y6021333,,,,0,30.0,0,0
75,5,24,7,22,Y6021334,,,,0,30.0,0,0
75,5,24,7,23,Y6021335,,,,0,30.0,0,0
75,5,24,7,24,Y6021336,,,,0,30.0,0,0
75,5,24,7,25,Y6021337,,,,0,30.0,0,0
75,5,24,7,26,Y6021338,,,,0,30.0,0,0
75,5,24,7,27,Y6021339,,,,0,30.0,0,0
75,5,24,7,28,Y6021340,,,,0,30.0,0,0
75,5,24,7,29,Y6021341,,,,0,30.0,0,0
75,5,24,7,30,Y6021342,,,,0,30.0,0,0
75,5,24,8,10,Y6021343,,,,0,30.0,0,0
75,5,24,8,11,Y6021344,,,,0,30.0,0,0
75,5,24,8,12,Y6021345,,,,0,30.0,0,0
75,5,24,8,13,Y6021346,,,,0,30.0,0,0
75,5,24,8,14,Y6021347,,,,0,30.0,0,0
75,5,24,8,15,Y6021348,,,,0,30.0,0,0
75,5,24,8,16,Y6021349,,,,0,30.0,0,0
75,5,24,8,17,Y6021350,,,,0,30.0,0,0
75,5,24,8,18,Y6021351,,,,0,30.0,0,0
75,5,24,8,19,Y6021352,,,,0,30.0,0,0
75,5,24,8,20,Y6021353,,,,0,30.0,0,0
75,5,24,8,21,Y6021354,,,,0,30.0,0,0
75,5,24,8,22,Y6021355,,,,0,30.0,0,0
75,5,24,8,23,Y6021356,,,,0,30.0,0,0
75,5,24,8,24,Y6021357,,,,0,30.0,0,0
75,5,24,8,25,Y6021358,,,,0,30.0,0,0
75,5,24,8,26,Y6021359,,,,0,30.0,0,0
75,5,24,8,27,Y6021360,,,,0,30.0,0,0
75,5,24,8,28,Y6021361,,,,0,30.0,0,0
75,5,24,8,29,Y6021362,,,,0,30.0,0,0
75,5,24,8,30,Y6021363,,,,0,30.0,0,0
75,5,24,9,10,Y6021364,,,,0,30.0,0,0
75,5,24,9,11,Y6021365,,,,0,30.0,0,0
75,5,24,9,12,Y6021366,,,,0,30.0,0,0
75,5,24,9,13,Y6021367,,,,0,30.0,0,0
75,5,24,9,14,Y6021368,,,,0,30.0,0,0
75,5,24,9,15,Y6021369,,,,0,30.0,0,0
75,5,24,9,16,Y6021370,,,,0,30.0,0,0
75,5,24,9,17,Y6021371,,,,0,30.0,0,0
75,5,24,9,18,Y6021372,,,,0,30.0,0,0
75,5,24,9,19,Y6021373,,,,0,30.0,0,0
75,5,24,9,20,Y6021374,,,,0,30.0,0,0
75,5,24,9,21,Y6021375,,,,0,30.0,0,0
75,5,24,9,22,Y6021376,,,,0,30.0,0,0
75,5,24,9,23,Y6021377,,,,0,30.0,0,0
75,5,24,9,24,Y6021378,,,,0,30.0,0,0
75,5,24,9,25,Y6021379,,,,0,30.0,0,0
75,5,24,9,26,Y6021380,,,,0,30.0,0,0
75,5,24,9,27,Y6021381,,,,0,30.0,0,0
75,5,24,9,28,Y6021382,,,,0,30.0,0,0
75,5,24,9,29,Y6021383,,,,0,30.0,0,0
75,5,24,9,30,Y6021384,,,,0,30.0,0,0
75,5,24,10,10,Y6021385,,,,0,30.0,0,0
75,5,24,10,11,Y6021386,,,,0,30.0,0,0
75,5,24,10,12,Y6021387,,,,0,30.0,0,0
75,5,24,10,13,Y6021388,,,,0,30.0,0,0
75,5,24,10,14,Y6021389,,,,0,30.0,0,0
75,5,24,10,15,Y6021390,,,,0,30.0,0,0
75,5,24,10,16,Y6021391,,,,0,30.0,0,0
75,5,24,10,17,Y6021392,,,,0,30.0,0,0
75,5,24,10,18,Y6021393,,,,0,30.0,0,0
75,5,24,10,19,Y6021394,,,,0,30.0,0,0
75,5,24,10,20,Y6021395,,,,0,30.0,0,0
75,5,24,10,21,Y6021396,,,,0,30.0,0,0
75,5,24,10,22,Y6021397,,,,0,30.0,0,0
75,5,24,10,23,Y6021398,,,,0,30.0,0,0
75,5,24,10,24,Y6021399,,,,0,30.0,0,0
75,5,24,10,25,Y6021400,,,,0,30.0,0,0
75,5,24,10,26,Y6021401,,,,0,30.0,0,0
75,5,24,10,27,Y6021402,,,,0,30.0,0,0
75,5,24,10,28,Y6021403,,,,0,30.0,0,0
75,5,24,10,29,Y6021404,,,,0,30.0,0,0
75,5,24,10,30,Y6021405,,,,0,30.0,0,0
75,5,24,11,10,Y6021406,,,,0,30.0,0,0
75,5,24,11,11,Y6021407,,,,0,30.0,0,0
75,5,24,11,12,Y6021408,,,,0,30.0,0,0
75,5,24,11,13,Y6021409,,,,0,30.0,0,0
75,5,24,11,14,Y6021410,,,,0,30.0,0,0
75,5,24,11,15,Y6021411,,,,0,30.0,0,0
75,5,24,11,16,Y6021412,,,,0,30.0,0,0
75,5,24,11,17,Y6021413,,,,0,30.0,0,0
75,5,24,11,18,Y6021414,,,,0,30.0,0,0
75,5,24,11,19,Y6021415,,,,0,30.0,0,0
75,5,24,11,20,Y6021416,,,,0,30.0,0,0
75,5,24,11,21,Y6021417,,,,0,30.0,0,0
75,5,24,11,22,Y6021418,,,,0,30.0,0,0
75,5,24,11,23,Y6021419,,,,0,30.0,0,0
75,5,24,11,24,Y6021420,,,,0,30.0,0,0
75,5,24,11,25,Y6021421,,,,0,30.0,0,0
75,5,24,11,26,Y6021422,,,,0,30.0,0,0
75,5,24,11,27,Y6021423,,,,0,30.0,0,0
75,5,24,11,28,Y6021424,,,,0,30.0,0,0
75,5,24,11,29,Y6021425,,,,0,30.0,0,0
75,5,24,11,30,Y6021426,,,,0,30.0,0,0
75,5,24,12,10,Y6021427,,,,0,30.0,0,0
75,5,24,12,11,Y6021428,,,,0,30.0,0,0
75,5,24,12,12,Y6021429,,,,0,30.0,0,0
75,5,24,12,13,Y6021430,,,,0,30.0,0,0
75,5,24,12,14,Y6021431,,,,0,30.0,0,0
75,5,24,12,15,Y6021432,,,,0,30.0,0,0
75,5,24,12,16,Y6021433,,,,0,30.0,0,0
75,5,24,12,17,Y6021434,,,,0,30.0,0,0
75,5,24,12,18,Y6021435,,,,0,30.0,0,0
75,5,24,12,19,Y6021436,,,,0,30.0,0,0
75,5,24,12,20,Y6021437,,,,0,30.0,0,0
75,5,24,12,21,Y6021438,,,,0,30.0,0,0
75,5,24,12,22,Y6021439,,,,0,30.0,0,0
75,5,24,12,23,Y6021440,,,,0,30.0,0,0
75,5,24,12,24,Y6021441,,,,0,30.0,0,0
75,5,24,12,25,Y6021442,,,,0,30.0,0,0
75,5,24,12,26,Y6021443,,,,0,30.0,0,0
75,5,24,12,27,Y6021444,,,,0,30.0,0,0
75,5,24,12,28,Y6021445,,,,0,30.0,0,0
75,5,24,12,29,Y6021446,,,,0,30.0,0,0
75,5,24,12,30,Y6021447,,,,0,30.0,0,0
75,5,25,1,10,Y6021448,,,,0,30.0,0,0
75,5,25,1,11,Y6021449,,,,0,30.0,0,0
75,5,25,1,12,Y6021450,,,,0,30.0,0,0
75,5,25,1,13,Y6021451,,,,0,30.0,0,0
75,5,25,1,14,Y6021452,,,,0,30.0,0,0
75,5,25,1,15,Y6021453,,,,0,30.0,0,2
75,5,25,1,16,Y6021454,,,,0,30.0,0,2
75,5,25,1,17,Y6021455,,,,0,30.0,0,2
75,5,25,1,18,Y6021456,,,,0,30.0,0,0
75,5,25,1,19,Y6021457,,,,0,30.0,0,0
75,5,25,1,20,Y6021458,,,,0,30.0,0,0
75,5,25,1,21,Y6021459,,,,0,30.0,0,0
75,5,25,1,22,Y6021460,,,,0,30.0,0,0
75,5,25,1,23,Y6021461,,,,0,30.0,0,0
75,5,25,1,24,Y6021462,,,,0,30.0,0,0
75,5,25,1,25,Y6021463,,,,0,30.0,0,0
75,5,25,1,26,Y6021464,,,,0,30.0,0,0
75,5,25,1,27,Y6021465,,,,0,30.0,0,0
75,5,25,1,28,Y6021466,,,,0,30.0,0,0
75,5,25,1,29,Y6021467,,,,0,30.0,0,0
75,5,25,1,30,Y6021468,,,,0,30.0,0,0
75,5,25,2,10,Y6021469,,,,0,30.0,0,0
75,5,25,2,11,Y6021470,,,,0,30.0,0,0
75,5,25,2,12,Y6021471,,,,0,30.0,0,0
75,5,25,2,13,Y6021472,,,,0,30.0,0,0
75,5,25,2,14,Y6021473,,,,0,30.0,0,0
75,5,25,2,15,Y6021474,,,,0,30.0,0,2
75,5,25,2,16,Y6021475,,,,0,30.0,0,2
75,5,25,2,17,Y6021476,,,,0,30.0,0,2
75,5,25,2,18,Y6021477,,,,0,30.0,0,0
75,5,25,2,19,Y6021478,,,,0,30.0,0,0
75,5,25,2,20,Y6021479,,,,0,30.0,0,0
75,5,25,2,21,Y6021480,,,,0,30.0,0,0
75,5,25,2,22,Y6021481,,,,0,30.0,0,0
75,5,25,2,23,Y6021482,,,,0,30.0,0,0
75,5,25,2,24,Y6021483,,,,0,30.0,0,0
75,5,25,2,25,Y6021484,,,,0,30.0,0,0
75,5,25,2,26,Y6021485,,,,0,30.0,0,0
75,5,25,2,27,Y6021486,,,,0,30.0,0,0
75,5,25,2,28,Y6021487,,,,0,30.0,0,0
75,5,25,2,29,Y6021488,,,,0,30.0,0,0
75,5,25,2,30,Y6021489,,,,0,30.0,0,0
75,5,25,3,10,Y6021490,,,,0,30.0,0,0
75,5,25,3,11,Y6021491,,,,0,30.0,0,0
75,5,25,3,12,Y6021492,,,,0,30.0,0,0
75,5,25,3,13,Y6021493,,,,0,30.0,0,0
75,5,25,3,14,Y6021494,,,,0,30.0,0,0
75,5,25,3,15,Y6021495,,,,0,30.0,0,0
75,5,25,3,16,Y6021496,,,,0,30.0,0,0
75,5,25,3,17,Y6021497,,,,0,30.0,0,0
75,5,25,3,18,Y6021498,,,,0,30.0,0,0
75,5,25,3,19,Y6021499,,,,0,30.0,0,0
75,5,25,3,20,Y6021500,,,,0,30.0,0,0
75,5,25,3,21,Y6021501,,,,0,30.0,0,0
75,5,25,3,22,Y6021502,,,,0,30.0,0,0
75,5,25,3,23,Y6021503,,,,0,30.0,0,0
75,5,25,3,24,Y6021504,,,,0,30.0,0,0
75,5,25,3,25,Y6021505,,,,0,30.0,0,0
75,5,25,3,26,Y6021506,,,,0,30.0,0,0
75,5,25,3,27,Y6021507,,,,0,30.0,0,0
75,5,25,3,28,Y6021508,,,,0,30.0,0,0
75,5,25,3,29,Y6021509,,,,0,30.0,0,0
75,5,25,3,30,Y6021510,,,,0,30.0,0,0
75,5,25,4,10,Y6021511,,,,0,30.0,0,0
75,5,25,4,11,Y6021512,,,,0,30.0,0,0
75,5,25,4,12,Y6021513,,,,0,30.0,0,0
75,5,25,4,13,Y6021514,,,,0,30.0,0,0
75,5,25,4,14,Y6021515,,,,0,30.0,0,0
75,5,25,4,15,Y6021516,,,,0,30.0,0,0
75,5,25,4,16,Y6021517,,,,0,30.0,0,0
75,5,25,4,17,Y6021518,,,,0,30.0,0,0
75,5,25,4,18,Y6021519,,,,0,30.0,0,0
75,5,25,4,19,Y6021520,,,,0,30.0,0,0
75,5,25,4,20,Y6021521,,,,0,30.0,0,0
75,5,25,4,21,Y6021522,,,,0,30.0,0,0
75,5,25,4,22,Y6021523,,,,0,30.0,0,0
75,5,25,4,23,Y6021524,,,,0,30.0,0,0
75,5,25,4,24,Y6021525,,,,0,30.0,0,0
75,5,25,4,25,Y6021526,,,,0,30.0,0,0
75,5,25,4,26,Y6021527,,,,0,30.0,0,0
75,5,25,4,27,Y6021528,,,,0,30.0,0,0
75,5,25,4,28,Y6021529,,,,0,30.0,0,0
75,5,25,4,29,Y6021530,,,,0,30.0,0,0
75,5,25,4,30,Y6021531,,,,0,30.0,0,0
75,5,25,5,10,Y6021532,,,,0,30.0,0,0
75,5,25,5,11,Y6021533,,,,0,30.0,0,0
75,5,25,5,12,Y6021534,,,,0,30.0,0,0
75,5,25,5,13,Y6021535,,,,0,30.0,0,0
75,5,25,5,14,Y6021536,,,,0,30.0,0,0
75,5,25,5,15,Y6021537,,,,0,30.0,0,0
75,5,25,5,16,Y6021538,,,,0,30.0,0,0
75,5,25,5,17,Y6021539,,,,0,30.0,0,0
75,5,25,5,18,Y6021540,,,,0,30.0,0,0
75,5,25,5,19,Y6021541,,,,0,30.0,0,0
75,5,25,5,20,Y6021542,,,,0,30.0,0,0
75,5,25,5,21,Y6021543,,,,0,30.0,0,0
75,5,25,5,22,Y6021544,,,,0,30.0,0,0
75,5,25,5,23,Y6021545,,,,0,30.0,0,0
75,5,25,5,24,Y6021546,,,,0,30.0,0,0
75,5,25,5,25,Y6021547,,,,0,30.0,0,0
75,5,25,5,26,Y6021548,,,,0,30.0,0,0
75,5,25,5,27,Y6021549,,,,0,30.0,0,0
75,5,25,5,28,Y6021550,,,,0,30.0,0,0
75,5,25,5,29,Y6021551,,,,0,30.0,0,0
75,5,25,5,30,Y6021552,,,,0,30.0,0,0
75,5,25,6,10,Y6021553,,,,0,30.0,0,0
75,5,25,6,11,Y6021554,,,,0,30.0,0,0
75,5,25,6,12,Y6021555,,,,0,30.0,0,0
75,5,25,6,13,Y6021556,,,,0,30.0,0,0
75,5,25,6,14,Y6021557,,,,0,30.0,0,0
75,5,25,6,15,Y6021558,,,,0,30.0,0,0
75,5,25,6,16,Y6021559,,,,0,30.0,0,0
75,5,25,6,17,Y6021560,,,,0,30.0,0,0
75,5,25,6,18,Y6021561,,,,0,30.0,0,0
75,5,25,6,19,Y6021562,,,,0,30.0,0,0
75,5,25,6,20,Y6021563,,,,0,30.0,0,0
75,5,25,6,21,Y6021564,,,,0,30.0,0,0
75,5,25,6,22,Y6021565,,,,0,30.0,0,0
75,5,25,6,23,Y6021566,,,,0,30.0,0,0
75,5,25,6,24,Y6021567,,,,0,30.0,0,0
75,5,25,6,25,Y6021568,,,,0,30.0,0,0
75,5,25,6,26,Y6021569,,,,0,30.0,0,0
75,5,25,6,27,Y6021570,,,,0,30.0,0,0
75,5,25,6,28,Y6021571,,,,0,30.0,0,0
75,5,25,6,29,Y6021572,,,,0,30.0,0,0
75,5,25,6,30,Y6021573,,,,0,30.0,0,0
75,5,25,7,10,Y6021574,,,,0,30.0,0,0
75,5,25,7,11,Y6021575,,,,0,30.0,0,0
75,5,25,7,12,Y6021576,,,,0,30.0,0,0
75,5,25,7,13,Y6021577,,,,0,30.0,0,0
75,5,25,7,14,Y6021578,,,,0,30.0,0,0
75,5,25,7,15,Y6021579,,,,0,30.0,0,0
75,5,25,7,16,Y6021580,,,,0,30.0,0,0
75,5,25,7,17,Y6021581,,,,0,30.0,0,0
75,5,25,7,18,Y6021582,,,,0,30.0,0,0
75,5,25,7,19,Y6021583,,,,0,30.0,0,0
75,5,25,7,20,Y6021584,,,,0,30.0,0,0
75,5,25,7,21,Y6021585,,,,0,30.0,0,0
75,5,25,7,22,Y6021586,,,,0,30.0,0,0
75,5,25,7,23,Y6021587,,,,0,30.0,0,0
75,5,25,7,24,Y6021588,,,,0,30.0,0,0
75,5,25,7,25,Y6021589,,,,0,30.0,0,0
75,5,25,7,26,Y6021590,,,,0,30.0,0,0
75,5,25,7,27,Y6021591,,,,0,30.0,0,0
75,5,25,7,28,Y6021592,,,,0,30.0,0,0
75,5,25,7,29,Y6021593,,,,0,30.0,0,0
75,5,25,7,30,Y6021594,,,,0,30.0,0,0
75,5,25,8,10,Y6021595,,,,0,30.0,0,0
75,5,25,8,11,Y6021596,,,,0,30.0,0,0
75,5,25,8,12,Y6021597,,,,0,30.0,0,0
75,5,25,8,13,Y6021598,,,,0,30.0,0,0
75,5,25,8,14,Y6021599,,,,0,30.0,0,0
75,5,25,8,15,Y6021600,,,,0,30.0,0,0
75,5,25,8,16,Y6021601,,,,0,30.0,0,0
75,5,25,8,17,Y6021602,,,,0,30.0,0,0
75,5,25,8,18,Y6021603,,,,0,30.0,0,0
75,5,25,8,19,Y6021604,,,,0,30.0,0,0
75,5,25,8,20,Y6021605,,,,0,30.0,0,0
75,5,25,8,21,Y6021606,,,,0,30.0,0,0
75,5,25,8,22,Y6021607,,,,0,30.0,0,0
75,5,25,8,23,Y6021608,,,,0,30.0,0,0
75,5,25,8,24,Y6021609,,,,0,30.0,0,0
75,5,25,8,25,Y6021610,,,,0,30.0,0,0
75,5,25,8,26,Y6021611,,,,0,30.0,0,0
75,5,25,8,27,Y6021612,,,,0,30.0,0,0
75,5,25,8,28,Y6021613,,,,0,30.0,0,0
75,5,25,8,29,Y6021614,,,,0,30.0,0,0
75,5,25,8,30,Y6021615,,,,0,30.0,0,0
75,5,25,9,10,Y6021616,,,,0,30.0,0,0
75,5,25,9,11,Y6021617,,,,0,30.0,0,0
75,5,25,9,12,Y6021618,,,,0,30.0,0,0
75,5,25,9,13,Y6021619,,,,0,30.0,0,0
75,5,25,9,14,Y6021620,,,,0,30.0,0,0
75,5,25,9,15,Y6021621,,,,0,30.0,0,0
75,5,25,9,16,Y6021622,,,,0,30.0,0,0
75,5,25,9,17,Y6021623,,,,0,30.0,0,0
75,5,25,9,18,Y6021624,,,,0,30.0,0,0
75,5,25,9,19,Y6021625,,,,0,30.0,0,0
75,5,25,9,20,Y6021626,,,,0,30.0,0,0
75,5,25,9,21,Y6021627,,,,0,30.0,0,0
75,5,25,9,22,Y6021628,,,,0,30.0,0,0
75,5,25,9,23,Y6021629,,,,0,30.0,0,0
75,5,25,9,24,Y6021630,,,,0,30.0,0,0
75,5,25,9,25,Y6021631,,,,0,30.0,0,0
75,5,25,9,26,Y6021632,,,,0,30.0,0,0
75,5,25,9,27,Y6021633,,,,0,30.0,0,0
75,5,25,9,28,Y6021634,,,,0,30.0,0,0
75,5,25,9,29,Y6021635,,,,0,30.0,0,0
75,5,25,9,30,Y6021636,,,,0,30.0,0,0
75,5,25,10,10,Y6021637,,,,0,30.0,0,0
75,5,25,10,11,Y6021638,,,,0,30.0,0,0
75,5,25,10,12,Y6021639,,,,0,30.0,0,0
75,5,25,10,13,Y6021640,,,,0,30.0,0,0
75,5,25,10,14,Y6021641,,,,0,30.0,0,0
75,5,25,10,15,Y6021642,,,,0,30.0,0,0
75,5,25,10,16,Y6021643,,,,0,30.0,0,0
75,5,25,10,17,Y6021644,,,,0,30.0,0,0
75,5,25,10,18,Y6021645,,,,0,30.0,0,0
75,5,25,10,19,Y6021646,,,,0,30.0,0,0
75,5,25,10,20,Y6021647,,,,0,30.0,0,0
75,5,25,10,21,Y6021648,,,,0,30.0,0,0
75,5,25,10,22,Y6021649,,,,0,30.0,0,0
75,5,25,10,23,Y6021650,,,,0,30.0,0,0
75,5,25,10,24,Y6021651,,,,0,30.0,0,0
75,5,25,10,25,Y6021652,,,,0,30.0,0,0
75,5,25,10,26,Y6021653,,,,0,30.0,0,0
75,5,25,10,27,Y6021654,,,,0,30.0,0,0
75,5,25,10,28,Y6021655,,,,0,30.0,0,0
75,5,25,10,29,Y6021656,,,,0,30.0,0,0
75,5,25,10,30,Y6021657,,,,0,30.0,0,0
75,5,25,11,10,Y6021658,,,,0,30.0,0,0
75,5,25,11,11,Y6021659,,,,0,30.0,0,0
75,5,25,11,12,Y6021660,,,,0,30.0,0,0
75,5,25,11,13,Y6021661,,,,0,30.0,0,0
75,5,25,11,14,Y6021662,,,,0,30.0,0,0
75,5,25,11,15,Y6021663,,,,0,30.0,0,0
75,5,25,11,16,Y6021664,,,,0,30.0,0,0
75,5,25,11,17,Y6021665,,,,0,30.0,0,0
75,5,25,11,18,Y6021666,,,,0,30.0,0,0
75,5,25,11,19,Y6021667,,,,0,30.0,0,0
75,5,25,11,20,Y6021668,,,,0,30.0,0,0
75,5,25,11,21,Y6021669,,,,0,30.0,0,0
75,5,25,11,22,Y6021670,,,,0,30.0,0,0
75,5,25,11,23,Y6021671,,,,0,30.0,0,0
75,5,25,11,24,Y6021672,,,,0,30.0,0,0
75,5,25,11,25,Y6021673,,,,0,30.0,0,0
75,5,25,11,26,Y6021674,,,,0,30.0,0,0
75,5,25,11,27,Y6021675,,,,0,30.0,0,0
75,5,25,11,28,Y6021676,,,,0,30.0,0,0
75,5,25,11,29,Y6021677,,,,0,30.0,0,0
75,5,25,11,30,Y6021678,,,,0,30.0,0,0
75,5,25,12,10,Y6021679,,,,0,30.0,0,0
75,5,25,12,11,Y6021680,,,,0,30.0,0,0
75,5,25,12,12,Y6021681,,,,0,30.0,0,0
75,5,25,12,13,Y6021682,,,,0,30.0,0,0
75,5,25,12,14,Y6021683,,,,0,30.0,0,0
75,5,25,12,15,Y6021684,,,,0,30.0,0,0
75,5,25,12,16,Y6021685,,,,0,30.0,0,0
75,5,25,12,17,Y6021686,,,,0,30.0,0,0
75,5,25,12,18,Y6021687,,,,0,30.0,0,0
75,5,25,12,19,Y6021688,,,,0,30.0,0,0
75,5,25,12,20,Y6021689,,,,0,30.0,0,0
75,5,25,12,21,Y6021690,,,,0,30.0,0,0
75,5,25,12,22,Y6021691,,,,0,30.0,0,0
75,5,25,12,23,Y6021692,,,,0,30.0,0,0
75,5,25,12,24,Y6021693,,,,0,30.0,0,0
75,5,25,12,25,Y6021694,,,,0,30.0,0,0
75,5,25,12,26,Y6021695,,,,0,30.0,0,0
75,5,25,12,27,Y6021696,,,,0,30.0,0,0
75,5,25,12,28,Y6021697,,,,0,30.0,0,0
75,5,25,12,29,Y6021698,,,,0,30.0,0,0
75,5,25,12,30,Y6021699,,,,0,30.0,0,0
75,5,26,1,10,Y6021700,,,,0,30.0,0,0
75,5,26,1,11,Y6021701,,,,0,30.0,0,0
75,5,26,1,12,Y6021702,,,,0,30.0,0,0
75,5,26,1,13,Y6021703,,,,0,30.0,0,0
75,5,26,1,14,Y6021704,,,,0,30.0,0,0
75,5,26,1,15,Y6021705,,,,0,30.0,0,0
75,5,26,1,16,Y6021706,,,,0,30.0,0,0
75,5,26,1,17,Y6021707,,,,0,30.0,0,0
75,5,26,1,18,Y6021708,,,,0,30.0,0,0
75,5,26,1,19,Y6021709,,,,0,30.0,0,0
75,5,26,1,20,Y6021710,,,,0,30.0,0,0
75,5,26,1,21,Y6021711,,,,0,30.0,0,0
75,5,26,1,22,Y6021712,,,,0,30.0,0,0
75,5,26,1,23,Y6021713,,,,0,30.0,0,0
75,5,26,1,24,Y6021714,,,,0,30.0,0,0
75,5,26,1,25,Y6021715,,,,0,30.0,0,0
75,5,26,1,26,Y6021716,,,,0,30.0,0,0
75,5,26,1,27,Y6021717,,,,0,30.0,0,0
75,5,26,1,28,Y6021718,,,,0,30.0,0,0
75,5,26,1,29,Y6021719,,,,0,30.0,0,0
75,5,26,1,30,Y6021720,,,,0,30.0,0,0
75,5,26,2,10,Y6021721,,,,0,30.0,0,0
75,5,26,2,11,Y6021722,,,,0,30.0,0,0
75,5,26,2,12,Y6021723,,,,0,30.0,0,0
75,5,26,2,13,Y6021724,,,,0,30.0,0,0
75,5,26,2,14,Y6021725,,,,0,30.0,0,0
75,5,26,2,15,Y6021726,,,,0,30.0,0,0
75,5,26,2,16,Y6021727,,,,0,30.0,0,0
75,5,26,2,17,Y6021728,,,,0,30.0,0,0
75,5,26,2,18,Y6021729,,,,0,30.0,0,0
75,5,26,2,19,Y6021730,,,,0,30.0,0,0
75,5,26,2,20,Y6021731,,,,0,30.0,0,0
75,5,26,2,21,Y6021732,,,,0,30.0,0,0
75,5,26,2,22,Y6021733,,,,0,30.0,0,0
75,5,26,2,23,Y6021734,,,,0,30.0,0,0
75,5,26,2,24,Y6021735,,,,0,30.0,0,0
75,5,26,2,25,Y6021736,,,,0,30.0,0,0
75,5,26,2,26,Y6021737,,,,0,30.0,0,0
75,5,26,2,27,Y6021738,,,,0,30.0,0,0
75,5,26,2,28,Y6021739,,,,0,30.0,0,0
75,5,26,2,29,Y6021740,,,,0,30.0,0,0
75,5,26,2,30,Y6021741,,,,0,30.0,0,0
75,5,26,3,10,Y6021742,,,,0,30.0,0,0
75,5,26,3,11,Y6021743,,,,0,30.0,0,0
75,5,26,3,12,Y6021744,,,,0,30.0,0,0
75,5,26,3,13,Y6021745,,,,0,30.0,0,0
75,5,26,3,14,Y6021746,,,,0,30.0,0,0
75,5,26,3,15,Y6021747,,,,0,30.0,0,0
75,5,26,3,16,Y6021748,,,,0,30.0,0,0
75,5,26,3,17,Y6021749,,,,0,30.0,0,0
75,5,26,3,18,Y6021750,,,,0,30.0,0,0
75,5,26,3,19,Y6021751,,,,0,30.0,0,0
75,5,26,3,20,Y6021752,,,,0,30.0,0,0
75,5,26,3,21,Y6021753,,,,0,30.0,0,0
75,5,26,3,22,Y6021754,,,,0,30.0,0,0
75,5,26,3,23,Y6021755,,,,0,30.0,0,0
75,5,26,3,24,Y6021756,,,,0,30.0,0,0
75,5,26,3,25,Y6021757,,,,0,30.0,0,0
75,5,26,3,26,Y6021758,,,,0,30.0,0,0
75,5,26,3,27,Y6021759,,,,0,30.0,0,0
75,5,26,3,28,Y6021760,,,,0,30.0,0,0
75,5,26,3,29,Y6021761,,,,0,30.0,0,0
75,5,26,3,30,Y6021762,,,,0,30.0,0,0
75,5,26,4,10,Y6021763,,,,0,30.0,0,0
75,5,26,4,11,Y6021764,,,,0,30.0,0,0
75,5,26,4,12,Y6021765,,,,0,30.0,0,0
75,5,26,4,13,Y6021766,,,,0,30.0,0,0
75,5,26,4,14,Y6021767,,,,0,30.0,0,0
75,5,26,4,15,Y6021768,,,,0,30.0,0,0
75,5,26,4,16,Y6021769,,,,0,30.0,0,0
75,5,26,4,17,Y6021770,,,,0,30.0,0,0
75,5,26,4,18,Y6021771,,,,0,30.0,0,0
75,5,26,4,19,Y6021772,,,,0,30.0,0,0
75,5,26,4,20,Y6021773,,,,0,30.0,0,0
75,5,26,4,21,Y6021774,,,,0,30.0,0,0
75,5,26,4,22,Y6021775,,,,0,30.0,0,0
75,5,26,4,23,Y6021776,,,,0,30.0,0,0
75,5,26,4,24,Y6021777,,,,0,30.0,0,0
75,5,26,4,25,Y6021778,,,,0,30.0,0,0
75,5,26,4,26,Y6021779,,,,0,30.0,0,0
75,5,26,4,27,Y6021780,,,,0,30.0,0,0
75,5,26,4,28,Y6021781,,,,0,30.0,0,0
75,5,26,4,29,Y6021782,,,,0,30.0,0,0
75,5,26,4,30,Y6021783,,,,0,30.0,0,0
75,5,26,5,10,Y6021784,,,,0,30.0,0,0
75,5,26,5,11,Y6021785,,,,0,30.0,0,0
75,5,26,5,12,Y6021786,,,,0,30.0,0,0
75,5,26,5,13,Y6021787,,,,0,30.0,0,0
75,5,26,5,14,Y6021788,,,,0,30.0,0,0
75,5,26,5,15,Y6021789,,,,0,30.0,0,0
75,5,26,5,16,Y6021790,,,,0,30.0,0,0
75,5,26,5,17,Y6021791,,,,0,30.0,0,0
75,5,26,5,18,Y6021792,,,,0,30.0,0,0
75,5,26,5,19,Y6021793,,,,0,30.0,0,0
75,5,26,5,20,Y6021794,,,,0,30.0,0,0
75,5,26,5,21,Y6021795,,,,0,30.0,0,0
75,5,26,5,22,Y6021796,,,,0,30.0,0,0
75,5,26,5,23,Y6021797,,,,0,30.0,0,0
75,5,26,5,24,Y6021798,,,,0,30.0,0,0
75,5,26,5,25,Y6021799,,,,0,30.0,0,0
75,5,26,5,26,Y6021800,,,,0,30.0,0,0
75,5,26,5,27,Y6021801,,,,0,30.0,0,0
75,5,26,5,28,Y6021802,,,,0,30.0,0,0
75,5,26,5,29,Y6021803,,,,0,30.0,0,0
75,5,26,5,30,Y6021804,,,,0,30.0,0,0
75,5,26,6,10,Y6021805,,,,0,30.0,0,0
75,5,26,6,11,Y6021806,,,,0,30.0,0,0
75,5,26,6,12,Y6021807,,,,0,30.0,0,0
75,5,26,6,13,Y6021808,,,,0,30.0,0,0
75,5,26,6,14,Y6021809,,,,0,30.0,0,0
75,5,26,6,15,Y6021810,,,,0,30.0,0,0
75,5,26,6,16,Y6021811,,,,0,30.0,0,0
75,5,26,6,17,Y6021812,,,,0,30.0,0,0
75,5,26,6,18,Y6021813,,,,0,30.0,0,0
75,5,26,6,19,Y6021814,,,,0,30.0,0,0
75,5,26,6,20,Y6021815,,,,0,30.0,0,0
75,5,26,6,21,Y6021816,,,,0,30.0,0,0
75,5,26,6,22,Y6021817,,,,0,30.0,0,0
75,5,26,6,23,Y6021818,,,,0,30.0,0,0
75,5,26,6,24,Y6021819,,,,0,30.0,0,0
75,5,26,6,25,Y6021820,,,,0,30.0,0,0
75,5,26,6,26,Y6021821,,,,0,30.0,0,0
75,5,26,6,27,Y6021822,,,,0,30.0,0,0
75,5,26,6,28,Y6021823,,,,0,30.0,0,0
75,5,26,6,29,Y6021824,,,,0,30.0,0,0
75,5,26,6,30,Y6021825,,,,0,30.0,0,0
75,5,26,7,10,Y6021826,,,,0,30.0,0,0
75,5,26,7,11,Y6021827,,,,0,30.0,0,0
75,5,26,7,12,Y6021828,,,,0,30.0,0,0
75,5,26,7,13,Y6021829,,,,0,30.0,0,0
75,5,26,7,14,Y6021830,,,,0,30.0,0,0
75,5,26,7,15,Y6021831,,,,0,30.0,0,0
75,5,26,7,16,Y6021832,,,,0,30.0,0,0
75,5,26,7,17,Y6021833,,,,0,30.0,0,0
75,5,26,7,18,Y6021834,,,,0,30.0,0,0
75,5,26,7,19,Y6021835,,,,0,30.0,0,0
75,5,26,7,20,Y6021836,,,,0,30.0,0,0
75,5,26,7,21,Y6021837,,,,0,30.0,0,0
75,5,26,7,22,Y6021838,,,,0,30.0,0,0
75,5,26,7,23,Y6021839,,,,0,30.0,0,0
75,5,26,7,24,Y6021840,,,,0,30.0,0,0
75,5,26,7,25,Y6021841,,,,0,30.0,0,0
75,5,26,7,26,Y6021842,,,,0,30.0,0,0
75,5,26,7,27,Y6021843,,,,0,30.0,0,0
75,5,26,7,28,Y6021844,,,,0,30.0,0,0
75,5,26,7,29,Y6021845,,,,0,30.0,0,0
75,5,26,7,30,Y6021846,,,,0,30.0,0,0
75,5,26,8,10,Y6021847,,,,0,30.0,0,0
75,5,26,8,11,Y6021848,,,,0,30.0,0,0
75,5,26,8,12,Y6021849,,,,0,30.0,0,0
75,5,26,8,13,Y6021850,,,,0,30.0,0,0
75,5,26,8,14,Y6021851,,,,0,30.0,0,0
75,5,26,8,15,Y6021852,,,,0,30.0,0,0
75,5,26,8,16,Y6021853,,,,0,30.0,0,0
75,5,26,8,17,Y6021854,,,,0,30.0,0,0
75,5,26,8,18,Y6021855,,,,0,30.0,0,0
75,5,26,8,19,Y6021856,,,,0,30.0,0,0
75,5,26,8,20,Y6021857,,,,0,30.0,0,0
75,5,26,8,21,Y6021858,,,,0,30.0,0,0
75,5,26,8,22,Y6021859,,,,0,30.0,0,0
75,5,26,8,23,Y6021860,,,,0,30.0,0,0
75,5,26,8,24,Y6021861,,,,0,30.0,0,0
75,5,26,8,25,Y6021862,,,,0,30.0,0,0
75,5,26,8,26,Y6021863,,,,0,30.0,0,0
75,5,26,8,27,Y6021864,,,,0,30.0,0,0
75,5,26,8,28,Y6021865,,,,0,30.0,0,0
75,5,26,8,29,Y6021866,,,,0,30.0,0,0
75,5,26,8,30,Y6021867,,,,0,30.0,0,0
75,5,26,9,10,Y6021868,,,,0,30.0,0,0
75,5,26,9,11,Y6021869,,,,0,30.0,0,0
75,5,26,9,12,Y6021870,,,,0,30.0,0,0
75,5,26,9,13,Y6021871,,,,0,30.0,0,0
75,5,26,9,14,Y6021872,,,,0,30.0,0,0
75,5,26,9,15,Y6021873,,,,0,30.0,0,0
75,5,26,9,16,Y6021874,,,,0,30.0,0,0
75,5,26,9,17,Y6021875,,,,0,30.0,0,0
75,5,26,9,18,Y6021876,,,,0,30.0,0,0
75,5,26,9,19,Y6021877,,,,0,30.0,0,0
75,5,26,9,20,Y6021878,,,,0,30.0,0,0
75,5,26,9,21,Y6021879,,,,0,30.0,0,0
75,5,26,9,22,Y6021880,,,,0,30.0,0,0
75,5,26,9,23,Y6021881,,,,0,30.0,0,0
75,5,26,9,24,Y6021882,,,,0,30.0,0,0
75,5,26,9,25,Y6021883,,,,0,30.0,0,0
75,5,26,9,26,Y6021884,,,,0,30.0,0,0
75,5,26,9,27,Y6021885,,,,0,30.0,0,0
75,5,26,9,28,Y6021886,,,,0,30.0,0,0
75,5,26,9,29,Y6021887,,,,0,30.0,0,0
75,5,26,9,30,Y6021888,,,,0,30.0,0,0
75,5,26,10,10,Y6021889,,,,0,30.0,0,0
75,5,26,10,11,Y6021890,,,,0,30.0,0,0
75,5,26,10,12,Y6021891,,,,0,30.0,0,0
75,5,26,10,13,Y6021892,,,,0,30.0,0,0
75,5,26,10,14,Y6021893,,,,0,30.0,0,0
75,5,26,10,15,Y6021894,,,,0,30.0,0,0
75,5,26,10,16,Y6021895,,,,0,30.0,0,0
75,5,26,10,17,Y6021896,,,,0,30.0,0,0
75,5,26,10,18,Y6021897,,,,0,30.0,0,0
75,5,26,10,19,Y6021898,,,,0,30.0,0,0
75,5,26,10,20,Y6021899,,,,0,30.0,0,0
75,5,26,10,21,Y6021900,,,,0,30.0,0,0
75,5,26,10,22,Y6021901,,,,0,30.0,0,0
75,5,26,10,23,Y6021902,,,,0,30.0,0,0
75,5,26,10,24,Y6021903,,,,0,30.0,0,0
75,5,26,10,25,Y6021904,,,,0,30.0,0,0
75,5,26,10,26,Y6021905,,,,0,30.0,0,0
75,5,26,10,27,Y6021906,,,,0,30.0,0,0
75,5,26,10,28,Y6021907,,,,0,30.0,0,0
75,5,26,10,29,Y6021908,,,,0,30.0,0,0
75,5,26,10,30,Y6021909,,,,0,30.0,0,0
75,5,26,11,10,Y6021910,,,,0,30.0,0,0
75,5,26,11,11,Y6021911,,,,0,30.0,0,0
75,5,26,11,12,Y6021912,,,,0,30.0,0,0
75,5,26,11,13,Y6021913,,,,0,30.0,0,0
75,5,26,11,14,Y6021914,,,,0,30.0,0,0
75,5,26,11,15,Y6021915,,,,0,30.0,0,0
75,5,26,11,16,Y6021916,,,,0,30.0,0,0
75,5,26,11,17,Y6021917,,,,0,30.0,0,0
75,5,26,11,18,Y6021918,,,,0,30.0,0,0
75,5,26,11,19,Y6021919,,,,0,30.0,0,0
75,5,26,11,20,Y6021920,,,,0,30.0,0,0
75,5,26,11,21,Y6021921,,,,0,30.0,0,0
75,5,26,11,22,Y6021922,,,,0,30.0,0,0
75,5,26,11,23,Y6021923,,,,0,30.0,0,0
75,5,26,11,24,Y6021924,,,,0,30.0,0,0
75,5,26,11,25,Y6021925,,,,0,30.0,0,0
75,5,26,11,26,Y6021926,,,,0,30.0,0,0
75,5,26,11,27,Y6021927,,,,0,30.0,0,0
75,5,26,11,28,Y6021928,,,,0,30.0,0,0
75,5,26,11,29,Y6021929,,,,0,30.0,0,0
75,5,26,11,30,Y6021930,,,,0,30.0,0,0
75,5,26,12,10,Y6021931,,,,0,30.0,0,0
75,5,26,12,11,Y6021932,,,,0,30.0,0,0
75,5,26,12,12,Y6021933,,,,0,30.0,0,0
75,5,26,12,13,Y6021934,,,,0,30.0,0,0
75,5,26,12,14,Y6021935,,,,0,30.0,0,0
75,5,26,12,15,Y6021936,,,,0,30.0,0,0
75,5,26,12,16,Y6021937,,,,0,30.0,0,0
75,5,26,12,17,Y6021938,,,,0,30.0,0,0
75,5,26,12,18,Y6021939,,,,0,30.0,0,0
75,5,26,12,19,Y6021940,,,,0,30.0,0,0
75,5,26,12,20,Y6021941,,,,0,30.0,0,0
75,5,26,12,21,Y6021942,,,,0,30.0,0,0
75,5,26,12,22,Y6021943,,,,0,30.0,0,0
75,5,26,12,23,Y6021944,,,,0,30.0,0,0
75,5,26,12,24,Y6021945,,,,0,30.0,0,0
75,5,26,12,25,Y6021946,,,,0,30.0,0,0
75,5,26,12,26,Y6021947,,,,0,30.0,0,0
75,5,26,12,27,Y6021948,,,,0,30.0,0,0
75,5,26,12,28,Y6021949,,,,0,30.0,0,0
75,5,26,12,29,Y6021950,,,,0,30.0,0,0
75,5,26,12,30,Y6021951,,,,0,30.0,0,0
75,5,27,1,10,Y6021952,,,,0,30.0,0,0
75,5,27,1,11,Y6021953,,,,0,30.0,0,0
75,5,27,1,12,Y6021954,,,,0,30.0,0,0
75,5,27,1,13,Y6021955,,,,0,30.0,0,0
75,5,27,1,14,Y6021956,,,,0,30.0,0,0
75,5,27,1,15,Y6021957,,,,0,30.0,0,0
75,5,27,1,16,Y6021958,,,,0,30.0,0,0
75,5,27,1,17,Y6021959,,,,0,30.0,0,0
75,5,27,1,18,Y6021960,,,,0,30.0,0,0
75,5,27,1,19,Y6021961,,,,0,30.0,0,0
75,5,27,1,20,Y6021962,,,,0,30.0,0,0
75,5,27,1,21,Y6021963,,,,0,30.0,0,0
75,5,27,1,22,Y6021964,,,,0,30.0,0,0
75,5,27,1,23,Y6021965,,,,0,30.0,0,0
75,5,27,1,24,Y6021966,,,,0,30.0,0,0
75,5,27,1,25,Y6021967,,,,0,30.0,0,0
75,5,27,1,26,Y6021968,,,,0,30.0,0,0
75,5,27,1,27,Y6021969,,,,0,30.0,0,0
75,5,27,1,28,Y6021970,,,,0,30.0,0,0
75,5,27,1,29,Y6021971,,,,0,30.0,0,0
75,5,27,1,30,Y6021972,,,,0,30.0,0,0
75,5,27,2,10,Y6021973,,,,0,30.0,0,0
75,5,27,2,11,Y6021974,,,,0,30.0,0,0
75,5,27,2,12,Y6021975,,,,0,30.0,0,0
75,5,27,2,13,Y6021976,,,,0,30.0,0,0
75,5,27,2,14,Y6021977,,,,0,30.0,0,0
75,5,27,2,15,Y6021978,,,,0,30.0,0,0
75,5,27,2,16,Y6021979,,,,0,30.0,0,0
75,5,27,2,17,Y6021980,,,,0,30.0,0,0
75,5,27,2,18,Y6021981,,,,0,30.0,0,0
75,5,27,2,19,Y6021982,,,,0,30.0,0,0
75,5,27,2,20,Y6021983,,,,0,30.0,0,0
75,5,27,2,21,Y6021984,,,,0,30.0,0,0
75,5,27,2,22,Y6021985,,,,0,30.0,0,0
75,5,27,2,23,Y6021986,,,,0,30.0,0,0
75,5,27,2,24,Y6021987,,,,0,30.0,0,0
75,5,27,2,25,Y6021988,,,,0,30.0,0,0
75,5,27,2,26,Y6021989,,,,0,30.0,0,0
75,5,27,2,27,Y6021990,,,,0,30.0,0,0
75,5,27,2,28,Y6021991,,,,0,30.0,0,0
75,5,27,2,29,Y6021992,,,,0,30.0,0,0
75,5,27,2,30,Y6021993,,,,0,30.0,0,0
75,5,27,3,10,Y6021994,,,,0,30.0,0,0
75,5,27,3,11,Y6021995,,,,0,30.0,0,0
75,5,27,3,12,Y6021996,,,,0,30.0,0,0
75,5,27,3,13,Y6021997,,,,0,30.0,0,0
75,5,27,3,14,Y6021998,,,,0,30.0,0,0
75,5,27,3,15,Y6021999,,,,0,30.0,0,0
75,5,27,3,16,Y6022000,,,,0,30.0,0,0
75,5,27,3,17,Y6022001,,,,0,30.0,0,0
75,5,27,3,18,Y6022002,,,,0,30.0,0,0
75,5,27,3,19,Y6022003,,,,0,30.0,0,0
75,5,27,3,20,Y6022004,,,,0,30.0,0,0
75,5,27,3,21,Y6022005,,,,0,30.0,0,0
75,5,27,3,22,Y6022006,,,,0,30.0,0,0
75,5,27,3,23,Y6022007,,,,0,30.0,0,0
75,5,27,3,24,Y6022008,,,,0,30.0,0,0
75,5,27,3,25,Y6022009,,,,0,30.0,0,0
75,5,27,3,26,Y6022010,,,,0,30.0,0,0
75,5,27,3,27,Y6022011,,,,0,30.0,0,0
75,5,27,3,28,Y6022012,,,,0,30.0,0,0
75,5,27,3,29,Y6022013,,,,0,30.0,0,0
75,5,27,3,30,Y6022014,,,,0,30.0,0,0
75,5,27,4,10,Y6022015,,,,0,30.0,0,0
75,5,27,4,11,Y6022016,,,,0,30.0,0,0
75,5,27,4,12,Y6022017,,,,0,30.0,0,0
75,5,27,4,13,Y6022018,,,,0,30.0,0,0
75,5,27,4,14,Y6022019,,,,0,30.0,0,0
75,5,27,4,15,Y6022020,,,,0,30.0,0,0
75,5,27,4,16,Y6022021,,,,0,30.0,0,0
75,5,27,4,17,Y6022022,,,,0,30.0,0,0
75,5,27,4,18,Y6022023,,,,0,30.0,0,0
75,5,27,4,19,Y6022024,,,,0,30.0,0,0
75,5,27,4,20,Y6022025,,,,0,30.0,0,0
75,5,27,4,21,Y6022026,,,,0,30.0,0,0
75,5,27,4,22,Y6022027,,,,0,30.0,0,0
75,5,27,4,23,Y6022028,,,,0,30.0,0,0
75,5,27,4,24,Y6022029,,,,0,30.0,0,0
75,5,27,4,25,Y6022030,,,,0,30.0,0,0
75,5,27,4,26,Y6022031,,,,0,30.0,0,0
75,5,27,4,27,Y6022032,,,,0,30.0,0,0
75,5,27,4,28,Y6022033,,,,0,30.0,0,0
75,5,27,4,29,Y6022034,,,,0,30.0,0,0
75,5,27,4,30,Y6022035,,,,0,30.0,0,0
75,5,27,5,10,Y6022036,,,,0,30.0,0,0
75,5,27,5,11,Y6022037,,,,0,30.0,0,0
75,5,27,5,12,Y6022038,,,,0,30.0,0,0
75,5,27,5,13,Y6022039,,,,0,30.0,0,0
75,5,27,5,14,Y6022040,,,,0,30.0,0,0
75,5,27,5,15,Y6022041,,,,0,30.0,0,0
75,5,27,5,16,Y6022042,,,,0,30.0,0,0
75,5,27,5,17,Y6022043,,,,0,30.0,0,0
75,5,27,5,18,Y6022044,,,,0,30.0,0,0
75,5,27,5,19,Y6022045,,,,0,30.0,0,0
75,5,27,5,20,Y6022046,,,,0,30.0,0,0
75,5,27,5,21,Y6022047,,,,0,30.0,0,0
75,5,27,5,22,Y6022048,,,,0,30.0,0,0
75,5,27,5,23,Y6022049,,,,0,30.0,0,0
75,5,27,5,24,Y6022050,,,,0,30.0,0,0
75,5,27,5,25,Y6022051,,,,0,30.0,0,0
75,5,27,5,26,Y6022052,,,,0,30.0,0,0
75,5,27,5,27,Y6022053,,,,0,30.0,0,0
75,5,27,5,28,Y6022054,,,,0,30.0,0,0
75,5,27,5,29,Y6022055,,,,0,30.0,0,0
75,5,27,5,30,Y6022056,,,,0,30.0,0,0
75,5,27,6,10,Y6022057,,,,0,30.0,0,0
75,5,27,6,11,Y6022058,,,,0,30.0,0,0
75,5,27,6,12,Y6022059,,,,0,30.0,0,0
75,5,27,6,13,Y6022060,,,,0,30.0,0,0
75,5,27,6,14,Y6022061,,,,0,30.0,0,0
75,5,27,6,15,Y6022062,,,,0,30.0,0,0
75,5,27,6,16,Y6022063,,,,0,30.0,0,0
75,5,27,6,17,Y6022064,,,,0,30.0,0,0
75,5,27,6,18,Y6022065,,,,0,30.0,0,0
75,5,27,6,19,Y6022066,,,,0,30.0,0,0
75,5,27,6,20,Y6022067,,,,0,30.0,0,0
75,5,27,6,21,Y6022068,,,,0,30.0,0,0
75,5,27,6,22,Y6022069,,,,0,30.0,0,0
75,5,27,6,23,Y6022070,,,,0,30.0,0,0
75,5,27,6,24,Y6022071,,,,0,30.0,0,0
75,5,27,6,25,Y6022072,,,,0,30.0,0,0
75,5,27,6,26,Y6022073,,,,0,30.0,0,0
75,5,27,6,27,Y6022074,,,,0,30.0,0,0
75,5,27,6,28,Y6022075,,,,0,30.0,0,0
75,5,27,6,29,Y6022076,,,,0,30.0,0,0
75,5,27,6,30,Y6022077,,,,0,30.0,0,0
75,5,27,7,10,Y6022078,,,,0,30.0,0,0
75,5,27,7,11,Y6022079,,,,0,30.0,0,0
75,5,27,7,12,Y6022080,,,,0,30.0,0,0
75,5,27,7,13,Y6022081,,,,0,30.0,0,0
75,5,27,7,14,Y6022082,,,,0,30.0,0,0
75,5,27,7,15,Y6022083,,,,0,30.0,0,0
75,5,27,7,16,Y6022084,,,,0,30.0,0,0
75,5,27,7,17,Y6022085,,,,0,30.0,0,0
75,5,27,7,18,Y6022086,,,,0,30.0,0,0
75,5,27,7,19,Y6022087,,,,0,30.0,0,0
75,5,27,7,20,Y6022088,,,,0,30.0,0,0
75,5,27,7,21,Y6022089,,,,0,30.0,0,0
75,5,27,7,22,Y6022090,,,,0,30.0,0,0
75,5,27,7,23,Y6022091,,,,0,30.0,0,0
75,5,27,7,24,Y6022092,,,,0,30.0,0,0
75,5,27,7,25,Y6022093,,,,0,30.0,0,0
75,5,27,7,26,Y6022094,,,,0,30.0,0,0
75,5,27,7,27,Y6022095,,,,0,30.0,0,0
75,5,27,7,28,Y6022096,,,,0,30.0,0,0
75,5,27,7,29,Y6022097,,,,0,30.0,0,0
75,5,27,7,30,Y6022098,,,,0,30.0,0,0
75,5,27,8,10,Y6022099,,,,0,30.0,0,0
75,5,27,8,11,Y6022100,,,,0,30.0,0,0
75,5,27,8,12,Y6022101,,,,0,30.0,0,0
75,5,27,8,13,Y6022102,,,,0,30.0,0,0
75,5,27,8,14,Y6022103,,,,0,30.0,0,0
75,5,27,8,15,Y6022104,,,,0,30.0,0,0
75,5,27,8,16,Y6022105,,,,0,30.0,0,0
75,5,27,8,17,Y6022106,,,,0,30.0,0,0
75,5,27,8,18,Y6022107,,,,0,30.0,0,0
75,5,27,8,19,Y6022108,,,,0,30.0,0,0
75,5,27,8,20,Y6022109,,,,0,30.0,0,0
75,5,27,8,21,Y6022110,,,,0,30.0,0,0
75,5,27,8,22,Y6022111,,,,0,30.0,0,0
75,5,27,8,23,Y6022112,,,,0,30.0,0,0
75,5,27,8,24,Y6022113,,,,0,30.0,0,0
75,5,27,8,25,Y6022114,,,,0,30.0,0,0
75,5,27,8,26,Y6022115,,,,0,30.0,0,0
75,5,27,8,27,Y6022116,,,,0,30.0,0,0
75,5,27,8,28,Y6022117,,,,0,30.0,0,0
75,5,27,8,29,Y6022118,,,,0,30.0,0,0
75,5,27,8,30,Y6022119,,,,0,30.0,0,0
75,5,27,9,10,Y6022120,,,,0,30.0,0,0
75,5,27,9,11,Y6022121,,,,0,30.0,0,0
75,5,27,9,12,Y6022122,,,,0,30.0,0,0
75,5,27,9,13,Y6022123,,,,0,30.0,0,0
75,5,27,9,14,Y6022124,,,,0,30.0,0,0
75,5,27,9,15,Y6022125,,,,0,30.0,0,0
75,5,27,9,16,Y6022126,,,,0,30.0,0,0
75,5,27,9,17,Y6022127,,,,0,30.0,0,0
75,5,27,9,18,Y6022128,,,,0,30.0,0,0
75,5,27,9,19,Y6022129,,,,0,30.0,0,0
75,5,27,9,20,Y6022130,,,,0,30.0,0,0
75,5,27,9,21,Y6022131,,,,0,30.0,0,0
75,5,27,9,22,Y6022132,,,,0,30.0,0,0
75,5,27,9,23,Y6022133,,,,0,30.0,0,0
75,5,27,9,24,Y6022134,,,,0,30.0,0,0
75,5,27,9,25,Y6022135,,,,0,30.0,0,0
75,5,27,9,26,Y6022136,,,,0,30.0,0,0
75,5,27,9,27,Y6022137,,,,0,30.0,0,0
75,5,27,9,28,Y6022138,,,,0,30.0,0,0
75,5,27,9,29,Y6022139,,,,0,30.0,0,0
75,5,27,9,30,Y6022140,,,,0,30.0,0,0
75,5,27,10,10,Y6022141,,,,0,30.0,0,0
75,5,27,10,11,Y6022142,,,,0,30.0,0,0
75,5,27,10,12,Y6022143,,,,0,30.0,0,0
75,5,27,10,13,Y6022144,,,,0,30.0,0,0
75,5,27,10,14,Y6022145,,,,0,30.0,0,0
75,5,27,10,15,Y6022146,,,,0,30.0,0,0
75,5,27,10,16,Y6022147,,,,0,30.0,0,0
75,5,27,10,17,Y6022148,,,,0,30.0,0,0
75,5,27,10,18,Y6022149,,,,0,30.0,0,0
75,5,27,10,19,Y6022150,,,,0,30.0,0,0
75,5,27,10,20,Y6022151,,,,0,30.0,0,0
75,5,27,10,21,Y6022152,,,,0,30.0,0,0
75,5,27,10,22,Y6022153,,,,0,30.0,0,0
75,5,27,10,23,Y6022154,,,,0,30.0,0,0
75,5,27,10,24,Y6022155,,,,0,30.0,0,0
75,5,27,10,25,Y6022156,,,,0,30.0,0,0
75,5,27,10,26,Y6022157,,,,0,30.0,0,0
75,5,27,10,27,Y6022158,,,,0,30.0,0,0
75,5,27,10,28,Y6022159,,,,0,30.0,0,0
75,5,27,10,29,Y6022160,,,,0,30.0,0,0
75,5,27,10,30,Y6022161,,,,0,30.0,0,0
75,5,27,11,10,Y6022162,,,,0,30.0,0,0
75,5,27,11,11,Y6022163,,,,0,30.0,0,0
75,5,27,11,12,Y6022164,,,,0,30.0,0,0
75,5,27,11,13,Y6022165,,,,0,30.0,0,0
75,5,27,11,14,Y6022166,,,,0,30.0,0,0
75,5,27,11,15,Y6022167,,,,0,30.0,0,0
75,5,27,11,16,Y6022168,,,,0,30.0,0,0
75,5,27,11,17,Y6022169,,,,0,30.0,0,0
75,5,27,11,18,Y6022170,,,,0,30.0,0,0
75,5,27,11,19,Y6022171,,,,0,30.0,0,0
75,5,27,11,20,Y6022172,,,,0,30.0,0,0
75,5,27,11,21,Y6022173,,,,0,30.0,0,0
75,5,27,11,22,Y6022174,,,,0,30.0,0,0
75,5,27,11,23,Y6022175,,,,0,30.0,0,0
75,5,27,11,24,Y6022176,,,,0,30.0,0,0
75,5,27,11,25,Y6022177,,,,0,30.0,0,0
75,5,27,11,26,Y6022178,,,,0,30.0,0,0
75,5,27,11,27,Y6022179,,,,0,30.0,0,0
75,5,27,11,28,Y6022180,,,,0,30.0,0,0
75,5,27,11,29,Y6022181,,,,0,30.0,0,0
75,5,27,11,30,Y6022182,,,,0,30.0,0,0
75,5,27,12,10,Y6022183,,,,0,30.0,0,0
75,5,27,12,11,Y6022184,,,,0,30.0,0,0
75,5,27,12,12,Y6022185,,,,0,30.0,0,0
75,5,27,12,13,Y6022186,,,,0,30.0,0,0
75,5,27,12,14,Y6022187,,,,0,30.0,0,0
75,5,27,12,15,Y6022188,,,,0,30.0,0,0
75,5,27,12,16,Y6022189,,,,0,30.0,0,0
75,5,27,12,17,Y6022190,,,,0,30.0,0,0
75,5,27,12,18,Y6022191,,,,0,30.0,0,0
75,5,27,12,19,Y6022192,,,,0,30.0,0,0
75,5,27,12,20,Y6022193,,,,0,30.0,0,0
75,5,27,12,21,Y6022194,,,,0,30.0,0,0
75,5,27,12,22,Y6022195,,,,0,30.0,0,0
75,5,27,12,23,Y6022196,,,,0,30.0,0,0
75,5,27,12,24,Y6022197,,,,0,30.0,0,0
75,5,27,12,25,Y6022198,,,,0,30.0,0,0
75,5,27,12,26,Y6022199,,,,0,30.0,0,0
75,5,27,12,27,Y6022200,,,,0,30.0,0,0
75,5,27,12,28,Y6022201,,,,0,30.0,0,0
75,5,27,12,29,Y6022202,,,,0,30.0,0,0
75,5,27,12,30,Y6022203,,,,0,30.0,0,0
75,5,28,1,10,Y6022204,,,,0,30.0,0,0
75,5,28,1,11,Y6022205,,,,0,30.0,0,0
75,5,28,1,12,Y6022206,,,,0,30.0,0,0
75,5,28,1,13,Y6022207,,,,0,30.0,0,0
75,5,28,1,14,Y6022208,,,,0,30.0,0,0
75,5,28,1,15,Y6022209,,,,0,30.0,0,0
75,5,28,1,16,Y6022210,,,,0,30.0,0,0
75,5,28,1,17,Y6022211,,,,0,30.0,0,0
75,5,28,1,18,Y6022212,,,,0,30.0,0,0
75,5,28,1,19,Y6022213,,,,0,30.0,0,0
75,5,28,1,20,Y6022214,,,,0,30.0,0,0
75,5,28,1,21,Y6022215,,,,0,30.0,0,0
75,5,28,1,22,Y6022216,,,,0,30.0,0,0
75,5,28,1,23,Y6022217,,,,0,30.0,0,0
75,5,28,1,24,Y6022218,,,,0,30.0,0,0
75,5,28,1,25,Y6022219,,,,0,30.0,0,0
75,5,28,1,26,Y6022220,,,,0,30.0,0,0
75,5,28,1,27,Y6022221,,,,0,30.0,0,0
75,5,28,1,28,Y6022222,,,,0,30.0,0,0
75,5,28,1,29,Y6022223,,,,0,30.0,0,0
75,5,28,1,30,Y6022224,,,,0,30.0,0,0
75,5,28,2,10,Y6022225,,,,0,30.0,0,0
75,5,28,2,11,Y6022226,,,,0,30.0,0,0
75,5,28,2,12,Y6022227,,,,0,30.0,0,0
75,5,28,2,13,Y6022228,,,,0,30.0,0,0
75,5,28,2,14,Y6022229,,,,0,30.0,0,0
75,5,28,2,15,Y6022230,,,,0,30.0,0,0
75,5,28,2,16,Y6022231,,,,0,30.0,0,0
75,5,28,2,17,Y6022232,,,,0,30.0,0,0
75,5,28,2,18,Y6022233,,,,0,30.0,0,0
75,5,28,2,19,Y6022234,,,,0,30.0,0,0
75,5,28,2,20,Y6022235,,,,0,30.0,0,0
75,5,28,2,21,Y6022236,,,,0,30.0,0,0
75,5,28,2,22,Y6022237,,,,0,30.0,0,0
75,5,28,2,23,Y6022238,,,,0,30.0,0,0
75,5,28,2,24,Y6022239,,,,0,30.0,0,0
75,5,28,2,25,Y6022240,,,,0,30.0,0,0
75,5,28,2,26,Y6022241,,,,0,30.0,0,0
75,5,28,2,27,Y6022242,,,,0,30.0,0,0
75,5,28,2,28,Y6022243,,,,0,30.0,0,0
75,5,28,2,29,Y6022244,,,,0,30.0,0,0
75,5,28,2,30,Y6022245,,,,0,30.0,0,0
75,5,28,3,10,Y6022246,,,,0,30.0,0,0
75,5,28,3,11,Y6022247,,,,0,30.0,0,0
75,5,28,3,12,Y6022248,,,,0,30.0,0,0
75,5,28,3,13,Y6022249,,,,0,30.0,0,0
75,5,28,3,14,Y6022250,,,,0,30.0,0,0
75,5,28,3,15,Y6022251,,,,0,30.0,0,0
75,5,28,3,16,Y6022252,,,,0,30.0,0,0
75,5,28,3,17,Y6022253,,,,0,30.0,0,0
75,5,28,3,18,Y6022254,,,,0,30.0,0,0
75,5,28,3,19,Y6022255,,,,0,30.0,0,0
75,5,28,3,20,Y6022256,,,,0,30.0,0,0
75,5,28,3,21,Y6022257,,,,0,30.0,0,0
75,5,28,3,22,Y6022258,,,,0,30.0,0,0
75,5,28,3,23,Y6022259,,,,0,30.0,0,0
75,5,28,3,24,Y6022260,,,,0,30.0,0,0
75,5,28,3,25,Y6022261,,,,0,30.0,0,0
75,5,28,3,26,Y6022262,,,,0,30.0,0,0
75,5,28,3,27,Y6022263,,,,0,30.0,0,0
75,5,28,3,28,Y6022264,,,,0,30.0,0,0
75,5,28,3,29,Y6022265,,,,0,30.0,0,0
75,5,28,3,30,Y6022266,,,,0,30.0,0,0
75,5,28,4,10,Y6022267,,,,0,30.0,0,0
75,5,28,4,11,Y6022268,,,,0,30.0,0,0
75,5,28,4,12,Y6022269,,,,0,30.0,0,0
75,5,28,4,13,Y6022270,,,,0,30.0,0,0
75,5,28,4,14,Y6022271,,,,0,30.0,0,0
75,5,28,4,15,Y6022272,,,,0,30.0,0,0
75,5,28,4,16,Y6022273,,,,0,30.0,0,0
75,5,28,4,17,Y6022274,,,,0,30.0,0,0
75,5,28,4,18,Y6022275,,,,0,30.0,0,0
75,5,28,4,19,Y6022276,,,,0,30.0,0,0
75,5,28,4,20,Y6022277,,,,0,30.0,0,0
75,5,28,4,21,Y6022278,,,,0,30.0,0,0
75,5,28,4,22,Y6022279,,,,0,30.0,0,0
75,5,28,4,23,Y6022280,,,,0,30.0,0,0
75,5,28,4,24,Y6022281,,,,0,30.0,0,0
75,5,28,4,25,Y6022282,,,,0,30.0,0,0
75,5,28,4,26,Y6022283,,,,0,30.0,0,0
75,5,28,4,27,Y6022284,,,,0,30.0,0,0
75,5,28,4,28,Y6022285,,,,0,30.0,0,0
75,5,28,4,29,Y6022286,,,,0,30.0,0,0
75,5,28,4,30,Y6022287,,,,0,30.0,0,0
75,5,28,5,10,Y6022288,,,,0,30.0,0,0
75,5,28,5,11,Y6022289,,,,0,30.0,0,0
75,5,28,5,12,Y6022290,,,,0,30.0,0,0
75,5,28,5,13,Y6022291,,,,0,30.0,0,0
75,5,28,5,14,Y6022292,,,,0,30.0,0,0
75,5,28,5,15,Y6022293,,,,0,30.0,0,0
75,5,28,5,16,Y6022294,,,,0,30.0,0,0
75,5,28,5,17,Y6022295,,,,0,30.0,0,0
75,5,28,5,18,Y6022296,,,,0,30.0,0,0
75,5,28,5,19,Y6022297,,,,0,30.0,0,0
75,5,28,5,20,Y6022298,,,,0,30.0,0,0
75,5,28,5,21,Y6022299,,,,0,30.0,0,0
75,5,28,5,22,Y6022300,,,,0,30.0,0,0
75,5,28,5,23,Y6022301,,,,0,30.0,0,0
75,5,28,5,24,Y6022302,,,,0,30.0,0,0
75,5,28,5,25,Y6022303,,,,0,30.0,0,0
75,5,28,5,26,Y6022304,,,,0,30.0,0,0
75,5,28,5,27,Y6022305,,,,0,30.0,0,0
75,5,28,5,28,Y6022306,,,,0,30.0,0,0
75,5,28,5,29,Y6022307,,,,0,30.0,0,0
75,5,28,5,30,Y6022308,,,,0,30.0,0,0
75,5,28,6,10,Y6022309,,,,0,30.0,0,0
75,5,28,6,11,Y6022310,,,,0,30.0,0,0
75,5,28,6,12,Y6022311,,,,0,30.0,0,0
75,5,28,6,13,Y6022312,,,,0,30.0,0,0
75,5,28,6,14,Y6022313,,,,0,30.0,0,0
75,5,28,6,15,Y6022314,,,,0,30.0,0,0
75,5,28,6,16,Y6022315,,,,0,30.0,0,0
75,5,28,6,17,Y6022316,,,,0,30.0,0,0
75,5,28,6,18,Y6022317,,,,0,30.0,0,0
75,5,28,6,19,Y6022318,,,,0,30.0,0,0
75,5,28,6,20,Y6022319,,,,0,30.0,0,0
75,5,28,6,21,Y6022320,,,,0,30.0,0,0
75,5,28,6,22,Y6022321,,,,0,30.0,0,0
75,5,28,6,23,Y6022322,,,,0,30.0,0,0
75,5,28,6,24,Y6022323,,,,0,30.0,0,0
75,5,28,6,25,Y6022324,,,,0,30.0,0,0
75,5,28,6,26,Y6022325,,,,0,30.0,0,0
75,5,28,6,27,Y6022326,,,,0,30.0,0,0
75,5,28,6,28,Y6022327,,,,0,30.0,0,0
75,5,28,6,29,Y6022328,,,,0,30.0,0,0
75,5,28,6,30,Y6022329,,,,0,30.0,0,0
75,5,28,7,10,Y6022330,,,,0,30.0,0,0
75,5,28,7,11,Y6022331,,,,0,30.0,0,0
75,5,28,7,12,Y6022332,,,,0,30.0,0,0
75,5,28,7,13,Y6022333,,,,0,30.0,0,0
75,5,28,7,14,Y6022334,,,,0,30.0,0,0
75,5,28,7,15,Y6022335,,,,0,30.0,0,0
75,5,28,7,16,Y6022336,,,,0,30.0,0,0
75,5,28,7,17,Y6022337,,,,0,30.0,0,0
75,5,28,7,18,Y6022338,,,,0,30.0,0,0
75,5,28,7,19,Y6022339,,,,0,30.0,0,0
75,5,28,7,20,Y6022340,,,,0,30.0,0,0
75,5,28,7,21,Y6022341,,,,0,30.0,0,0
75,5,28,7,22,Y6022342,,,,0,30.0,0,0
75,5,28,7,23,Y6022343,,,,0,30.0,0,0
75,5,28,7,24,Y6022344,,,,0,30.0,0,0
75,5,28,7,25,Y6022345,,,,0,30.0,0,0
75,5,28,7,26,Y6022346,,,,0,30.0,0,0
75,5,28,7,27,Y6022347,,,,0,30.0,0,0
75,5,28,7,28,Y6022348,,,,0,30.0,0,0
75,5,28,7,29,Y6022349,,,,0,30.0,0,0
75,5,28,7,30,Y6022350,,,,0,30.0,0,0
75,5,28,8,10,Y6022351,,,,0,30.0,0,0
75,5,28,8,11,Y6022352,,,,0,30.0,0,0
75,5,28,8,12,Y6022353,,,,0,30.0,0,0
75,5,28,8,13,Y6022354,,,,0,30.0,0,0
75,5,28,8,14,Y6022355,,,,0,30.0,0,0
75,5,28,8,15,Y6022356,,,,0,30.0,0,0
75,5,28,8,16,Y6022357,,,,0,30.0,0,0
75,5,28,8,17,Y6022358,,,,0,30.0,0,0
75,5,28,8,18,Y6022359,,,,0,30.0,0,0
75,5,28,8,19,Y6022360,,,,0,30.0,0,0
75,5,28,8,20,Y6022361,,,,0,30.0,0,0
75,5,28,8,21,Y6022362,,,,0,30.0,0,0
75,5,28,8,22,Y6022363,,,,0,30.0,0,0
75,5,28,8,23,Y6022364,,,,0,30.0,0,0
75,5,28,8,24,Y6022365,,,,0,30.0,0,0
75,5,28,8,25,Y6022366,,,,0,30.0,0,0
75,5,28,8,26,Y6022367,,,,0,30.0,0,0
75,5,28,8,27,Y6022368,,,,0,30.0,0,0
75,5,28,8,28,Y6022369,,,,0,30.0,0,0
75,5,28,8,29,Y6022370,,,,0,30.0,0,0
75,5,28,8,30,Y6022371,,,,0,30.0,0,0
75,5,28,9,10,Y6022372,,,,0,30.0,0,0
75,5,28,9,11,Y6022373,,,,0,30.0,0,0
75,5,28,9,12,Y6022374,,,,0,30.0,0,0
75,5,28,9,13,Y6022375,,,,0,30.0,0,0
75,5,28,9,14,Y6022376,,,,0,30.0,0,0
75,5,28,9,15,Y6022377,,,,0,30.0,0,0
75,5,28,9,16,Y6022378,,,,0,30.0,0,0
75,5,28,9,17,Y6022379,,,,0,30.0,0,0
75,5,28,9,18,Y6022380,,,,0,30.0,0,0
75,5,28,9,19,Y6022381,,,,0,30.0,0,0
75,5,28,9,20,Y6022382,,,,0,30.0,0,0
75,5,28,9,21,Y6022383,,,,0,30.0,0,0
75,5,28,9,22,Y6022384,,,,0,30.0,0,0
75,5,28,9,23,Y6022385,,,,0,30.0,0,0
75,5,28,9,24,Y6022386,,,,0,30.0,0,0
75,5,28,9,25,Y6022387,,,,0,30.0,0,0
75,5,28,9,26,Y6022388,,,,0,30.0,0,0
75,5,28,9,27,Y6022389,,,,0,30.0,0,0
75,5,28,9,28,Y6022390,,,,0,30.0,0,0
75,5,28,9,29,Y6022391,,,,0,30.0,0,0
75,5,28,9,30,Y6022392,,,,0,30.0,0,0
75,5,28,10,10,Y6022393,,,,0,30.0,0,0
75,5,28,10,11,Y6022394,,,,0,30.0,0,0
75,5,28,10,12,Y6022395,,,,0,30.0,0,0
75,5,28,10,13,Y6022396,,,,0,30.0,0,0
75,5,28,10,14,Y6022397,,,,0,30.0,0,0
75,5,28,10,15,Y6022398,,,,0,30.0,0,0
75,5,28,10,16,Y6022399,,,,0,30.0,0,0
75,5,28,10,17,Y6022400,,,,0,30.0,0,0
75,5,28,10,18,Y6022401,,,,0,30.0,0,0
75,5,28,10,19,Y6022402,,,,0,30.0,0,0
75,5,28,10,20,Y6022403,,,,0,30.0,0,0
75,5,28,10,21,Y6022404,,,,0,30.0,0,0
75,5,28,10,22,Y6022405,,,,0,30.0,0,0
75,5,28,10,23,Y6022406,,,,0,30.0,0,0
75,5,28,10,24,Y6022407,,,,0,30.0,0,0
75,5,28,10,25,Y6022408,,,,0,30.0,0,0
75,5,28,10,26,Y6022409,,,,0,30.0,0,0
75,5,28,10,27,Y6022410,,,,0,30.0,0,0
75,5,28,10,28,Y6022411,,,,0,30.0,0,0
75,5,28,10,29,Y6022412,,,,0,30.0,0,0
75,5,28,10,30,Y6022413,,,,0,30.0,0,0
75,5,28,11,10,Y6022414,,,,0,30.0,0,0
75,5,28,11,11,Y6022415,,,,0,30.0,0,0
75,5,28,11,12,Y6022416,,,,0,30.0,0,0
75,5,28,11,13,Y6022417,,,,0,30.0,0,0
75,5,28,11,14,Y6022418,,,,0,30.0,0,0
75,5,28,11,15,Y6022419,,,,0,30.0,0,0
75,5,28,11,16,Y6022420,,,,0,30.0,0,0
75,5,28,11,17,Y6022421,,,,0,30.0,0,0
75,5,28,11,18,Y6022422,,,,0,30.0,0,0
75,5,28,11,19,Y6022423,,,,0,30.0,0,0
75,5,28,11,20,Y6022424,,,,0,30.0,0,0
75,5,28,11,21,Y6022425,,,,0,30.0,0,0
75,5,28,11,22,Y6022426,,,,0,30.0,0,0
75,5,28,11,23,Y6022427,,,,0,30.0,0,0
75,5,28,11,24,Y6022428,,,,0,30.0,0,0
75,5,28,11,25,Y6022429,,,,0,30.0,0,0
75,5,28,11,26,Y6022430,,,,0,30.0,0,0
75,5,28,11,27,Y6022431,,,,0,30.0,0,0
75,5,28,11,28,Y6022432,,,,0,30.0,0,0
75,5,28,11,29,Y6022433,,,,0,30.0,0,0
75,5,28,11,30,Y6022434,,,,0,30.0,0,0
75,5,28,12,10,Y6022435,,,,0,30.0,0,0
75,5,28,12,11,Y6022436,,,,0,30.0,0,0
75,5,28,12,12,Y6022437,,,,0,30.0,0,0
75,5,28,12,13,Y6022438,,,,0,30.0,0,0
75,5,28,12,14,Y6022439,,,,0,30.0,0,0
75,5,28,12,15,Y6022440,,,,0,30.0,0,0
75,5,28,12,16,Y6022441,,,,0,30.0,0,0
75,5,28,12,17,Y6022442,,,,0,30.0,0,0
75,5,28,12,18,Y6022443,,,,0,30.0,0,0
75,5,28,12,19,Y6022444,,,,0,30.0,0,0
75,5,28,12,20,Y6022445,,,,0,30.0,0,0
75,5,28,12,21,Y6022446,,,,0,30.0,0,0
75,5,28,12,22,Y6022447,,,,0,30.0,0,0
75,5,28,12,23,Y6022448,,,,0,30.0,0,0
75,5,28,12,24,Y6022449,,,,0,30.0,0,0
75,5,28,12,25,Y6022450,,,,0,30.0,0,0
75,5,28,12,26,Y6022451,,,,0,30.0,0,0
75,5,28,12,27,Y6022452,,,,0,30.0,0,0
75,5,28,12,28,Y6022453,,,,0,30.0,0,0
75,5,28,12,29,Y6022454,,,,0,30.0,0,0
75,5,28,12,30,Y6022455,,,,0,30.0,0,0
75,5,29,1,10,Y6022456,,,,0,30.0,0,0
75,5,29,1,11,Y6022457,,,,0,30.0,0,0
75,5,29,1,12,Y6022458,,,,0,30.0,0,0
75,5,29,1,13,Y6022459,,,,0,30.0,0,0
75,5,29,1,14,Y6022460,,,,0,30.0,0,0
75,5,29,1,15,Y6022461,,,,0,30.0,0,0
75,5,29,1,16,Y6022462,,,,0,30.0,0,0
75,5,29,1,17,Y6022463,,,,0,30.0,0,0
75,5,29,1,18,Y6022464,,,,0,30.0,0,0
75,5,29,1,19,Y6022465,,,,0,30.0,0,0
75,5,29,1,20,Y6022466,,,,0,30.0,0,0
75,5,29,1,21,Y6022467,,,,0,30.0,0,0
75,5,29,1,22,Y6022468,,,,0,30.0,0,0
75,5,29,1,23,Y6022469,,,,0,30.0,0,0
75,5,29,1,24,Y6022470,,,,0,30.0,0,0
75,5,29,1,25,Y6022471,,,,0,30.0,0,0
75,5,29,1,26,Y6022472,,,,0,30.0,0,0
75,5,29,1,27,Y6022473,,,,0,30.0,0,0
75,5,29,1,28,Y6022474,,,,0,30.0,0,0
75,5,29,1,29,Y6022475,,,,0,30.0,0,0
75,5,29,1,30,Y6022476,,,,0,30.0,0,0
75,5,29,2,10,Y6022477,,,,0,30.0,0,0
75,5,29,2,11,Y6022478,,,,0,30.0,0,0
75,5,29,2,12,Y6022479,,,,0,30.0,0,0
75,5,29,2,13,Y6022480,,,,0,30.0,0,0
75,5,29,2,14,Y6022481,,,,0,30.0,0,0
75,5,29,2,15,Y6022482,,,,0,30.0,0,0
75,5,29,2,16,Y6022483,,,,0,30.0,0,0
75,5,29,2,17,Y6022484,,,,0,30.0,0,0
75,5,29,2,18,Y6022485,,,,0,30.0,0,0
75,5,29,2,19,Y6022486,,,,0,30.0,0,0
75,5,29,2,20,Y6022487,,,,0,30.0,0,0
75,5,29,2,21,Y6022488,,,,0,30.0,0,0
75,5,29,2,22,Y6022489,,,,0,30.0,0,0
75,5,29,2,23,Y6022490,,,,0,30.0,0,0
75,5,29,2,24,Y6022491,,,,0,30.0,0,0
75,5,29,2,25,Y6022492,,,,0,30.0,0,0
75,5,29,2,26,Y6022493,,,,0,30.0,0,0
75,5,29,2,27,Y6022494,,,,0,30.0,0,0
75,5,29,2,28,Y6022495,,,,0,30.0,0,0
75,5,29,2,29,Y6022496,,,,0,30.0,0,0
75,5,29,2,30,Y6022497,,,,0,30.0,0,0
75,5,29,3,10,Y6022498,,,,0,30.0,0,0
75,5,29,3,11,Y6022499,,,,0,30.0,0,0
75,5,29,3,12,Y6022500,,,,0,30.0,0,0
75,5,29,3,13,Y6022501,,,,0,30.0,0,0
75,5,29,3,14,Y6022502,,,,0,30.0,0,0
75,5,29,3,15,Y6022503,,,,0,30.0,0,0
75,5,29,3,16,Y6022504,,,,0,30.0,0,0
75,5,29,3,17,Y6022505,,,,0,30.0,0,0
75,5,29,3,18,Y6022506,,,,0,30.0,0,0
75,5,29,3,19,Y6022507,,,,0,30.0,0,0
75,5,29,3,20,Y6022508,,,,0,30.0,0,0
75,5,29,3,21,Y6022509,,,,0,30.0,0,0
75,5,29,3,22,Y6022510,,,,0,30.0,0,0
75,5,29,3,23,Y6022511,,,,0,30.0,0,0
75,5,29,3,24,Y6022512,,,,0,30.0,0,0
75,5,29,3,25,Y6022513,,,,0,30.0,0,0
75,5,29,3,26,Y6022514,,,,0,30.0,0,0
75,5,29,3,27,Y6022515,,,,0,30.0,0,0
75,5,29,3,28,Y6022516,,,,0,30.0,0,0
75,5,29,3,29,Y6022517,,,,0,30.0,0,0
75,5,29,3,30,Y6022518,,,,0,30.0,0,0
75,5,29,4,10,Y6022519,,,,0,30.0,0,0
75,5,29,4,11,Y6022520,,,,0,30.0,0,0
75,5,29,4,12,Y6022521,,,,0,30.0,0,0
75,5,29,4,13,Y6022522,,,,0,30.0,0,0
75,5,29,4,14,Y6022523,,,,0,30.0,0,0
75,5,29,4,15,Y6022524,,,,0,30.0,0,0
75,5,29,4,16,Y6022525,,,,0,30.0,0,0
75,5,29,4,17,Y6022526,,,,0,30.0,0,0
75,5,29,4,18,Y6022527,,,,0,30.0,0,0
75,5,29,4,19,Y6022528,,,,0,30.0,0,0
75,5,29,4,20,Y6022529,,,,0,30.0,0,0
75,5,29,4,21,Y6022530,,,,0,30.0,0,0
75,5,29,4,22,Y6022531,,,,0,30.0,0,0
75,5,29,4,23,Y6022532,,,,0,30.0,0,0
75,5,29,4,24,Y6022533,,,,0,30.0,0,0
75,5,29,4,25,Y6022534,,,,0,30.0,0,0
75,5,29,4,26,Y6022535,,,,0,30.0,0,0
75,5,29,4,27,Y6022536,,,,0,30.0,0,0
75,5,29,4,28,Y6022537,,,,0,30.0,0,0
75,5,29,4,29,Y6022538,,,,0,30.0,0,0
75,5,29,4,30,Y6022539,,,,0,30.0,0,0
75,5,29,5,10,Y6022540,,,,0,30.0,0,0
75,5,29,5,11,Y6022541,,,,0,30.0,0,0
75,5,29,5,12,Y6022542,,,,0,30.0,0,0
75,5,29,5,13,Y6022543,,,,0,30.0,0,0
75,5,29,5,14,Y6022544,,,,0,30.0,0,0
75,5,29,5,15,Y6022545,,,,0,30.0,0,0
75,5,29,5,16,Y6022546,,,,0,30.0,0,0
75,5,29,5,17,Y6022547,,,,0,30.0,0,0
75,5,29,5,18,Y6022548,,,,0,30.0,0,0
75,5,29,5,19,Y6022549,,,,0,30.0,0,0
75,5,29,5,20,Y6022550,,,,0,30.0,0,0
75,5,29,5,21,Y6022551,,,,0,30.0,0,0
75,5,29,5,22,Y6022552,,,,0,30.0,0,0
75,5,29,5,23,Y6022553,,,,0,30.0,0,0
75,5,29,5,24,Y6022554,,,,0,30.0,0,0
75,5,29,5,25,Y6022555,,,,0,30.0,0,0
75,5,29,5,26,Y6022556,,,,0,30.0,0,0
75,5,29,5,27,Y6022557,,,,0,30.0,0,0
75,5,29,5,28,Y6022558,,,,0,30.0,0,0
75,5,29,5,29,Y6022559,,,,0,30.0,0,0
75,5,29,5,30,Y6022560,,,,0,30.0,0,0
75,5,29,6,10,Y6022561,,,,0,30.0,0,0
75,5,29,6,11,Y6022562,,,,0,30.0,0,0
75,5,29,6,12,Y6022563,,,,0,30.0,0,0
75,5,29,6,13,Y6022564,,,,0,30.0,0,0
75,5,29,6,14,Y6022565,,,,0,30.0,0,0
75,5,29,6,15,Y6022566,,,,0,30.0,0,0
75,5,29,6,16,Y6022567,,,,0,30.0,0,0
75,5,29,6,17,Y6022568,,,,0,30.0,0,0
75,5,29,6,18,Y6022569,,,,0,30.0,0,0
75,5,29,6,19,Y6022570,,,,0,30.0,0,0
75,5,29,6,20,Y6022571,,,,0,30.0,0,0
75,5,29,6,21,Y6022572,,,,0,30.0,0,0
75,5,29,6,22,Y6022573,,,,0,30.0,0,0
75,5,29,6,23,Y6022574,,,,0,30.0,0,0
75,5,29,6,24,Y6022575,,,,0,30.0,0,0
75,5,29,6,25,Y6022576,,,,0,30.0,0,0
75,5,29,6,26,Y6022577,,,,0,30.0,0,0
75,5,29,6,27,Y6022578,,,,0,30.0,0,0
75,5,29,6,28,Y6022579,,,,0,30.0,0,0
75,5,29,6,29,Y6022580,,,,0,30.0,0,0
75,5,29,6,30,Y6022581,,,,0,30.0,0,0
75,5,29,7,10,Y6022582,,,,0,30.0,0,0
75,5,29,7,11,Y6022583,,,,0,30.0,0,0
75,5,29,7,12,Y6022584,,,,0,30.0,0,0
75,5,29,7,13,Y6022585,,,,0,30.0,0,0
75,5,29,7,14,Y6022586,,,,0,30.0,0,0
75,5,29,7,15,Y6022587,,,,0,30.0,0,0
75,5,29,7,16,Y6022588,,,,0,30.0,0,0
75,5,29,7,17,Y6022589,,,,0,30.0,0,0
75,5,29,7,18,Y6022590,,,,0,30.0,0,0
75,5,29,7,19,Y6022591,,,,0,30.0,0,0
75,5,29,7,20,Y6022592,,,,0,30.0,0,0
75,5,29,7,21,Y6022593,,,,0,30.0,0,0
75,5,29,7,22,Y6022594,,,,0,30.0,0,0
75,5,29,7,23,Y6022595,,,,0,30.0,0,0
75,5,29,7,24,Y6022596,,,,0,30.0,0,0
75,5,29,7,25,Y6022597,,,,0,30.0,0,0
75,5,29,7,26,Y6022598,,,,0,30.0,0,0
75,5,29,7,27,Y6022599,,,,0,30.0,0,0
75,5,29,7,28,Y6022600,,,,0,30.0,0,0
75,5,29,7,29,Y6022601,,,,0,30.0,0,0
75,5,29,7,30,Y6022602,,,,0,30.0,0,0
75,5,29,8,10,Y6022603,,,,0,30.0,0,0
75,5,29,8,11,Y6022604,,,,0,30.0,0,0
75,5,29,8,12,Y6022605,,,,0,30.0,0,0
75,5,29,8,13,Y6022606,,,,0,30.0,0,0
75,5,29,8,14,Y6022607,,,,0,30.0,0,0
75,5,29,8,15,Y6022608,,,,0,30.0,0,0
75,5,29,8,16,Y6022609,,,,0,30.0,0,0
75,5,29,8,17,Y6022610,,,,0,30.0,0,0
75,5,29,8,18,Y6022611,,,,0,30.0,0,0
75,5,29,8,19,Y6022612,,,,0,30.0,0,0
75,5,29,8,20,Y6022613,,,,0,30.0,0,0
75,5,29,8,21,Y6022614,,,,0,30.0,0,0
75,5,29,8,22,Y6022615,,,,0,30.0,0,0
75,5,29,8,23,Y6022616,,,,0,30.0,0,0
75,5,29,8,24,Y6022617,,,,0,30.0,0,0
75,5,29,8,25,Y6022618,,,,0,30.0,0,0
75,5,29,8,26,Y6022619,,,,0,30.0,0,0
75,5,29,8,27,Y6022620,,,,0,30.0,0,0
75,5,29,8,28,Y6022621,,,,0,30.0,0,0
75,5,29,8,29,Y6022622,,,,0,30.0,0,0
75,5,29,8,30,Y6022623,,,,0,30.0,0,0
75,5,29,9,10,Y6022624,,,,0,30.0,0,0
75,5,29,9,11,Y6022625,,,,0,30.0,0,0
75,5,29,9,12,Y6022626,,,,0,30.0,0,0
75,5,29,9,13,Y6022627,,,,0,30.0,0,0
75,5,29,9,14,Y6022628,,,,0,30.0,0,0
75,5,29,9,15,Y6022629,,,,0,30.0,0,0
75,5,29,9,16,Y6022630,,,,0,30.0,0,0
75,5,29,9,17,Y6022631,,,,0,30.0,0,0
75,5,29,9,18,Y6022632,,,,0,30.0,0,0
75,5,29,9,19,Y6022633,,,,0,30.0,0,0
75,5,29,9,20,Y6022634,,,,0,30.0,0,0
75,5,29,9,21,Y6022635,,,,0,30.0,0,0
75,5,29,9,22,Y6022636,,,,0,30.0,0,0
75,5,29,9,23,Y6022637,,,,0,30.0,0,0
75,5,29,9,24,Y6022638,,,,0,30.0,0,0
75,5,29,9,25,Y6022639,,,,0,30.0,0,0
75,5,29,9,26,Y6022640,,,,0,30.0,0,0
75,5,29,9,27,Y6022641,,,,0,30.0,0,0
75,5,29,9,28,Y6022642,,,,0,30.0,0,0
75,5,29,9,29,Y6022643,,,,0,30.0,0,0
75,5,29,9,30,Y6022644,,,,0,30.0,0,0
75,5,29,10,10,Y6022645,,,,0,30.0,0,0
75,5,29,10,11,Y6022646,,,,0,30.0,0,0
75,5,29,10,12,Y6022647,,,,0,30.0,0,0
75,5,29,10,13,Y6022648,,,,0,30.0,0,0
75,5,29,10,14,Y6022649,,,,0,30.0,0,0
75,5,29,10,15,Y6022650,,,,0,30.0,0,0
75,5,29,10,16,Y6022651,,,,0,30.0,0,0
75,5,29,10,17,Y6022652,,,,0,30.0,0,0
75,5,29,10,18,Y6022653,,,,0,30.0,0,0
75,5,29,10,19,Y6022654,,,,0,30.0,0,0
75,5,29,10,20,Y6022655,,,,0,30.0,0,0
75,5,29,10,21,Y6022656,,,,0,30.0,0,0
75,5,29,10,22,Y6022657,,,,0,30.0,0,0
75,5,29,10,23,Y6022658,,,,0,30.0,0,0
75,5,29,10,24,Y6022659,,,,0,30.0,0,0
75,5,29,10,25,Y6022660,,,,0,30.0,0,0
75,5,29,10,26,Y6022661,,,,0,30.0,0,0
75,5,29,10,27,Y6022662,,,,0,30.0,0,0
75,5,29,10,28,Y6022663,,,,0,30.0,0,0
75,5,29,10,29,Y6022664,,,,0,30.0,0,0
75,5,29,10,30,Y6022665,,,,0,30.0,0,0
75,5,29,11,10,Y6022666,,,,0,30.0,0,0
75,5,29,11,11,Y6022667,,,,0,30.0,0,0
75,5,29,11,12,Y6022668,,,,0,30.0,0,0
75,5,29,11,13,Y6022669,,,,0,30.0,0,0
75,5,29,11,14,Y6022670,,,,0,30.0,0,0
75,5,29,11,15,Y6022671,,,,0,30.0,0,0
75,5,29,11,16,Y6022672,,,,0,30.0,0,0
75,5,29,11,17,Y6022673,,,,0,30.0,0,0
75,5,29,11,18,Y6022674,,,,0,30.0,0,0
75,5,29,11,19,Y6022675,,,,0,30.0,0,0
75,5,29,11,20,Y6022676,,,,0,30.0,0,0
75,5,29,11,21,Y6022677,,,,0,30.0,0,0
75,5,29,11,22,Y6022678,,,,0,30.0,0,0
75,5,29,11,23,Y6022679,,,,0,30.0,0,0
75,5,29,11,24,Y6022680,,,,0,30.0,0,0
75,5,29,11,25,Y6022681,,,,0,30.0,0,0
75,5,29,11,26,Y6022682,,,,0,30.0,0,0
75,5,29,11,27,Y6022683,,,,0,30.0,0,0
75,5,29,11,28,Y6022684,,,,0,30.0,0,0
75,5,29,11,29,Y6022685,,,,0,30.0,0,0
75,5,29,11,30,Y6022686,,,,0,30.0,0,0
75,5,29,12,10,Y6022687,,,,0,30.0,0,0
75,5,29,12,11,Y6022688,,,,0,30.0,0,0
75,5,29,12,12,Y6022689,,,,0,30.0,0,0
75,5,29,12,13,Y6022690,,,,0,30.0,0,0
75,5,29,12,14,Y6022691,,,,0,30.0,0,0
75,5,29,12,15,Y6022692,,,,0,30.0,0,0
75,5,29,12,16,Y6022693,,,,0,30.0,0,0
75,5,29,12,17,Y6022694,,,,0,30.0,0,0
75,5,29,12,18,Y6022695,,,,0,30.0,0,0
75,5,29,12,19,Y6022696,,,,0,30.0,0,0
75,5,29,12,20,Y6022697,,,,0,30.0,0,0
75,5,29,12,21,Y6022698,,,,0,30.0,0,0
75,5,29,12,22,Y6022699,,,,0,30.0,0,0
75,5,29,12,23,Y6022700,,,,0,30.0,0,0
75,5,29,12,24,Y6022701,,,,0,30.0,0,0
75,5,29,12,25,Y6022702,,,,0,30.0,0,0
75,5,29,12,26,Y6022703,,,,0,30.0,0,0
75,5,29,12,27,Y6022704,,,,0,30.0,0,0
75,5,29,12,28,Y6022705,,,,0,30.0,0,0
75,5,29,12,29,Y6022706,,,,0,30.0,0,0
75,5,29,12,30,Y6022707,,,,0,30.0,0,0
75,5,30,1,10,Y6022708,,,,0,30.0,0,0
75,5,30,1,11,Y6022709,,,,0,30.0,0,0
75,5,30,1,12,Y6022710,,,,0,30.0,0,0
75,5,30,1,13,Y6022711,,,,0,30.0,0,0
75,5,30,1,14,Y6022712,,,,0,30.0,0,0
75,5,30,1,15,Y6022713,,,,0,30.0,0,0
75,5,30,1,16,Y6022714,,,,0,30.0,0,0
75,5,30,1,17,Y6022715,,,,0,30.0,0,0
75,5,30,1,18,Y6022716,,,,0,30.0,0,0
75,5,30,1,19,Y6022717,,,,0,30.0,0,0
75,5,30,1,20,Y6022718,,,,0,30.0,0,0
75,5,30,1,21,Y6022719,,,,0,30.0,0,0
75,5,30,1,22,Y6022720,,,,0,30.0,0,0
75,5,30,1,23,Y6022721,,,,0,30.0,0,0
75,5,30,1,24,Y6022722,,,,0,30.0,0,0
75,5,30,1,25,Y6022723,,,,0,30.0,0,0
75,5,30,1,26,Y6022724,,,,0,30.0,0,0
75,5,30,1,27,Y6022725,,,,0,30.0,0,0
75,5,30,1,28,Y6022726,,,,0,30.0,0,0
75,5,30,1,29,Y6022727,,,,0,30.0,0,0
75,5,30,1,30,Y6022728,,,,0,30.0,0,0
75,5,30,2,10,Y6022729,,,,0,30.0,0,0
75,5,30,2,11,Y6022730,,,,0,30.0,0,0
75,5,30,2,12,Y6022731,,,,0,30.0,0,0
75,5,30,2,13,Y6022732,,,,0,30.0,0,0
75,5,30,2,14,Y6022733,,,,0,30.0,0,0
75,5,30,2,15,Y6022734,,,,0,30.0,0,0
75,5,30,2,16,Y6022735,,,,0,30.0,0,0
75,5,30,2,17,Y6022736,,,,0,30.0,0,0
75,5,30,2,18,Y6022737,,,,0,30.0,0,0
75,5,30,2,19,Y6022738,,,,0,30.0,0,0
75,5,30,2,20,Y6022739,,,,0,30.0,0,0
75,5,30,2,21,Y6022740,,,,0,30.0,0,0
75,5,30,2,22,Y6022741,,,,0,30.0,0,0
75,5,30,2,23,Y6022742,,,,0,30.0,0,0
75,5,30,2,24,Y6022743,,,,0,30.0,0,0
75,5,30,2,25,Y6022744,,,,0,30.0,0,0
75,5,30,2,26,Y6022745,,,,0,30.0,0,0
75,5,30,2,27,Y6022746,,,,0,30.0,0,0
75,5,30,2,28,Y6022747,,,,0,30.0,0,0
75,5,30,2,29,Y6022748,,,,0,30.0,0,0
75,5,30,2,30,Y6022749,,,,0,30.0,0,0
75,5,30,3,10,Y6022750,,,,0,30.0,0,0
75,5,30,3,11,Y6022751,,,,0,30.0,0,0
75,5,30,3,12,Y6022752,,,,0,30.0,0,0
75,5,30,3,13,Y6022753,,,,0,30.0,0,0
75,5,30,3,14,Y6022754,,,,0,30.0,0,0
75,5,30,3,15,Y6022755,,,,0,30.0,0,0
75,5,30,3,16,Y6022756,,,,0,30.0,0,0
75,5,30,3,17,Y6022757,,,,0,30.0,0,0
75,5,30,3,18,Y6022758,,,,0,30.0,0,0
75,5,30,3,19,Y6022759,,,,0,30.0,0,0
75,5,30,3,20,Y6022760,,,,0,30.0,0,0
75,5,30,3,21,Y6022761,,,,0,30.0,0,0
75,5,30,3,22,Y6022762,,,,0,30.0,0,0
75,5,30,3,23,Y6022763,,,,0,30.0,0,0
75,5,30,3,24,Y6022764,,,,0,30.0,0,0
75,5,30,3,25,Y6022765,,,,0,30.0,0,0
75,5,30,3,26,Y6022766,,,,0,30.0,0,0
75,5,30,3,27,Y6022767,,,,0,30.0,0,0
75,5,30,3,28,Y6022768,,,,0,30.0,0,0
75,5,30,3,29,Y6022769,,,,0,30.0,0,0
75,5,30,3,30,Y6022770,,,,0,30.0,0,0
75,5,30,4,10,Y6022771,,,,0,30.0,0,0
75,5,30,4,11,Y6022772,,,,0,30.0,0,0
75,5,30,4,12,Y6022773,,,,0,30.0,0,0
75,5,30,4,13,Y6022774,,,,0,30.0,0,0
75,5,30,4,14,Y6022775,,,,0,30.0,0,0
75,5,30,4,15,Y6022776,,,,0,30.0,0,0
75,5,30,4,16,Y6022777,,,,0,30.0,0,0
75,5,30,4,17,Y6022778,,,,0,30.0,0,0
75,5,30,4,18,Y6022779,,,,0,30.0,0,0
75,5,30,4,19,Y6022780,,,,0,30.0,0,0
75,5,30,4,20,Y6022781,,,,0,30.0,0,0
75,5,30,4,21,Y6022782,,,,0,30.0,0,0
75,5,30,4,22,Y6022783,,,,0,30.0,0,0
75,5,30,4,23,Y6022784,,,,0,30.0,0,0
75,5,30,4,24,Y6022785,,,,0,30.0,0,0
75,5,30,4,25,Y6022786,,,,0,30.0,0,0
75,5,30,4,26,Y6022787,,,,0,30.0,0,0
75,5,30,4,27,Y6022788,,,,0,30.0,0,0
75,5,30,4,28,Y6022789,,,,0,30.0,0,0
75,5,30,4,29,Y6022790,,,,0,30.0,0,0
75,5,30,4,30,Y6022791,,,,0,30.0,0,0
75,5,30,5,10,Y6022792,,,,0,30.0,0,0
75,5,30,5,11,Y6022793,,,,0,30.0,0,0
75,5,30,5,12,Y6022794,,,,0,30.0,0,0
75,5,30,5,13,Y6022795,,,,0,30.0,0,0
75,5,30,5,14,Y6022796,,,,0,30.0,0,0
75,5,30,5,15,Y6022797,,,,0,30.0,0,0
75,5,30,5,16,Y6022798,,,,0,30.0,0,0
75,5,30,5,17,Y6022799,,,,0,30.0,0,0
75,5,30,5,18,Y6022800,,,,0,30.0,0,0
75,5,30,5,19,Y6022801,,,,0,30.0,0,0
75,5,30,5,20,Y6022802,,,,0,30.0,0,0
75,5,30,5,21,Y6022803,,,,0,30.0,0,0
75,5,30,5,22,Y6022804,,,,0,30.0,0,0
75,5,30,5,23,Y6022805,,,,0,30.0,0,0
75,5,30,5,24,Y6022806,,,,0,30.0,0,0
75,5,30,5,25,Y6022807,,,,0,30.0,0,0
75,5,30,5,26,Y6022808,,,,0,30.0,0,0
75,5,30,5,27,Y6022809,,,,0,30.0,0,0
75,5,30,5,28,Y6022810,,,,0,30.0,0,0
75,5,30,5,29,Y6022811,,,,0,30.0,0,0
75,5,30,5,30,Y6022812,,,,0,30.0,0,0
75,5,30,6,10,Y6022813,,,,0,30.0,0,0
75,5,30,6,11,Y6022814,,,,0,30.0,0,0
75,5,30,6,12,Y6022815,,,,0,30.0,0,0
75,5,30,6,13,Y6022816,,,,0,30.0,0,0
75,5,30,6,14,Y6022817,,,,0,30.0,0,0
75,5,30,6,15,Y6022818,,,,0,30.0,0,0
75,5,30,6,16,Y6022819,,,,0,30.0,0,0
75,5,30,6,17,Y6022820,,,,0,30.0,0,0
75,5,30,6,18,Y6022821,,,,0,30.0,0,0
75,5,30,6,19,Y6022822,,,,0,30.0,0,0
75,5,30,6,20,Y6022823,,,,0,30.0,0,0
75,5,30,6,21,Y6022824,,,,0,30.0,0,0
75,5,30,6,22,Y6022825,,,,0,30.0,0,0
75,5,30,6,23,Y6022826,,,,0,30.0,0,0
75,5,30,6,24,Y6022827,,,,0,30.0,0,0
75,5,30,6,25,Y6022828,,,,0,30.0,0,0
75,5,30,6,26,Y6022829,,,,0,30.0,0,0
75,5,30,6,27,Y6022830,,,,0,30.0,0,0
75,5,30,6,28,Y6022831,,,,0,30.0,0,0
75,5,30,6,29,Y6022832,,,,0,30.0,0,0
75,5,30,6,30,Y6022833,,,,0,30.0,0,0
75,5,30,7,10,Y6022834,,,,0,30.0,0,0
75,5,30,7,11,Y6022835,,,,0,30.0,0,0
75,5,30,7,12,Y6022836,,,,0,30.0,0,0
75,5,30,7,13,Y6022837,,,,0,30.0,0,0
75,5,30,7,14,Y6022838,,,,0,30.0,0,0
75,5,30,7,15,Y6022839,,,,0,30.0,0,0
75,5,30,7,16,Y6022840,,,,0,30.0,0,0
75,5,30,7,17,Y6022841,,,,0,30.0,0,0
75,5,30,7,18,Y6022842,,,,0,30.0,0,0
75,5,30,7,19,Y6022843,,,,0,30.0,0,0
75,5,30,7,20,Y6022844,,,,0,30.0,0,0
75,5,30,7,21,Y6022845,,,,0,30.0,0,0
75,5,30,7,22,Y6022846,,,,0,30.0,0,0
75,5,30,7,23,Y6022847,,,,0,30.0,0,0
75,5,30,7,24,Y6022848,,,,0,30.0,0,0
75,5,30,7,25,Y6022849,,,,0,30.0,0,0
75,5,30,7,26,Y6022850,,,,0,30.0,0,0
75,5,30,7,27,Y6022851,,,,0,30.0,0,0
75,5,30,7,28,Y6022852,,,,0,30.0,0,0
75,5,30,7,29,Y6022853,,,,0,30.0,0,0
75,5,30,7,30,Y6022854,,,,0,30.0,0,0
75,5,30,8,10,Y6022855,,,,0,30.0,0,0
75,5,30,8,11,Y6022856,,,,0,30.0,0,0
75,5,30,8,12,Y6022857,,,,0,30.0,0,0
75,5,30,8,13,Y6022858,,,,0,30.0,0,0
75,5,30,8,14,Y6022859,,,,0,30.0,0,0
75,5,30,8,15,Y6022860,,,,0,30.0,0,0
75,5,30,8,16,Y6022861,,,,0,30.0,0,0
75,5,30,8,17,Y6022862,,,,0,30.0,0,0
75,5,30,8,18,Y6022863,,,,0,30.0,0,0
75,5,30,8,19,Y6022864,,,,0,30.0,0,0
75,5,30,8,20,Y6022865,,,,0,30.0,0,0
75,5,30,8,21,Y6022866,,,,0,30.0,0,0
75,5,30,8,22,Y6022867,,,,0,30.0,0,0
75,5,30,8,23,Y6022868,,,,0,30.0,0,0
75,5,30,8,24,Y6022869,,,,0,30.0,0,0
75,5,30,8,25,Y6022870,,,,0,30.0,0,0
75,5,30,8,26,Y6022871,,,,0,30.0,0,0
75,5,30,8,27,Y6022872,,,,0,30.0,0,0
75,5,30,8,28,Y6022873,,,,0,30.0,0,0
75,5,30,8,29,Y6022874,,,,0,30.0,0,0
75,5,30,8,30,Y6022875,,,,0,30.0,0,0
75,5,30,9,10,Y6022876,,,,0,30.0,0,0
75,5,30,9,11,Y6022877,,,,0,30.0,0,0
75,5,30,9,12,Y6022878,,,,0,30.0,0,0
75,5,30,9,13,Y6022879,,,,0,30.0,0,0
75,5,30,9,14,Y6022880,,,,0,30.0,0,0
75,5,30,9,15,Y6022881,,,,0,30.0,0,0
75,5,30,9,16,Y6022882,,,,0,30.0,0,0
75,5,30,9,17,Y6022883,,,,0,30.0,0,0
75,5,30,9,18,Y6022884,,,,0,30.0,0,0
75,5,30,9,19,Y6022885,,,,0,30.0,0,0
75,5,30,9,20,Y6022886,,,,0,30.0,0,0
75,5,30,9,21,Y6022887,,,,0,30.0,0,0
75,5,30,9,22,Y6022888,,,,0,30.0,0,0
75,5,30,9,23,Y6022889,,,,0,30.0,0,0
75,5,30,9,24,Y6022890,,,,0,30.0,0,0
75,5,30,9,25,Y6022891,,,,0,30.0,0,0
75,5,30,9,26,Y6022892,,,,0,30.0,0,0
75,5,30,9,27,Y6022893,,,,0,30.0,0,0
75,5,30,9,28,Y6022894,,,,0,30.0,0,0
75,5,30,9,29,Y6022895,,,,0,30.0,0,0
75,5,30,9,30,Y6022896,,,,0,30.0,0,0
75,5,30,10,10,Y6022897,,,,0,30.0,0,0
75,5,30,10,11,Y6022898,,,,0,30.0,0,0
75,5,30,10,12,Y6022899,,,,0,30.0,0,0
75,5,30,10,13,Y6022900,,,,0,30.0,0,0
75,5,30,10,14,Y6022901,,,,0,30.0,0,0
75,5,30,10,15,Y6022902,,,,0,30.0,0,0
75,5,30,10,16,Y6022903,,,,0,30.0,0,0
75,5,30,10,17,Y6022904,,,,0,30.0,0,0
75,5,30,10,18,Y6022905,,,,0,30.0,0,0
75,5,30,10,19,Y6022906,,,,0,30.0,0,0
75,5,30,10,20,Y6022907,,,,0,30.0,0,0
75,5,30,10,21,Y6022908,,,,0,30.0,0,0
75,5,30,10,22,Y6022909,,,,0,30.0,0,0
75,5,30,10,23,Y6022910,,,,0,30.0,0,0
75,5,30,10,24,Y6022911,,,,0,30.0,0,0
75,5,30,10,25,Y6022912,,,,0,30.0,0,0
75,5,30,10,26,Y6022913,,,,0,30.0,0,0
75,5,30,10,27,Y6022914,,,,0,30.0,0,0
75,5,30,10,28,Y6022915,,,,0,30.0,0,0
75,5,30,10,29,Y6022916,,,,0,30.0,0,0
75,5,30,10,30,Y6022917,,,,0,30.0,0,0
75,5,30,11,10,Y6022918,,,,0,30.0,0,0
75,5,30,11,11,Y6022919,,,,0,30.0,0,0
75,5,30,11,12,Y6022920,,,,0,30.0,0,0
75,5,30,11,13,Y6022921,,,,0,30.0,0,0
75,5,30,11,14,Y6022922,,,,0,30.0,0,0
75,5,30,11,15,Y6022923,,,,0,30.0,0,0
75,5,30,11,16,Y6022924,,,,0,30.0,0,0
75,5,30,11,17,Y6022925,,,,0,30.0,0,0
75,5,30,11,18,Y6022926,,,,0,30.0,0,0
75,5,30,11,19,Y6022927,,,,0,30.0,0,0
75,5,30,11,20,Y6022928,,,,0,30.0,0,0
75,5,30,11,21,Y6022929,,,,0,30.0,0,0
75,5,30,11,22,Y6022930,,,,0,30.0,0,0
75,5,30,11,23,Y6022931,,,,0,30.0,0,0
75,5,30,11,24,Y6022932,,,,0,30.0,0,0
75,5,30,11,25,Y6022933,,,,0,30.0,0,0
75,5,30,11,26,Y6022934,,,,0,30.0,0,0
75,5,30,11,27,Y6022935,,,,0,30.0,0,0
75,5,30,11,28,Y6022936,,,,0,30.0,0,0
75,5,30,11,29,Y6022937,,,,0,30.0,0,0
75,5,30,11,30,Y6022938,,,,0,30.0,0,0
75,5,30,12,10,Y6022939,,,,0,30.0,0,0
75,5,30,12,11,Y6022940,,,,0,30.0,0,0
75,5,30,12,12,Y6022941,,,,0,30.0,0,0
75,5,30,12,13,Y6022942,,,,0,30.0,0,0
75,5,30,12,14,Y6022943,,,,0,30.0,0,0
75,5,30,12,15,Y6022944,,,,0,30.0,0,0
75,5,30,12,16,Y6022945,,,,0,30.0,0,0
75,5,30,12,17,Y6022946,,,,0,30.0,0,0
75,5,30,12,18,Y6022947,,,,0,30.0,0,0
75,5,30,12,19,Y6022948,,,,0,30.0,0,0
75,5,30,12,20,Y6022949,,,,0,30.0,0,0
75,5,30,12,21,Y6022950,,,,0,30.0,0,0
75,5,30,12,22,Y6022951,,,,0,30.0,0,0
75,5,30,12,23,Y6022952,,,,0,30.0,0,0
75,5,30,12,24,Y6022953,,,,0,30.0,0,0
75,5,30,12,25,Y6022954,,,,0,30.0,0,0
75,5,30,12,26,Y6022955,,,,0,30.0,0,0
75,5,30,12,27,Y6022956,,,,0,30.0,0,0
75,5,30,12,28,Y6022957,,,,0,30.0,0,0
75,5,30,12,29,Y6022958,,,,0,30.0,0,0
75,5,30,12,30,Y6022959,,,,0,30.0,0,0
75,6,0,1,10,Y6022960,,,,0,30.0,0,0
75,6,0,1,11,Y6022961,,,,0,30.0,0,0
75,6,0,1,12,Y6022962,,,,0,30.0,0,0
75,6,0,1,13,Y6022963,,,,0,30.0,0,0
75,6,0,1,14,Y6022964,,,,0,30.0,0,0
75,6,0,1,15,Y6022965,,,,0,30.0,0,0
75,6,0,1,16,Y6022966,,,,0,30.0,0,0
75,6,0,1,17,Y6022967,,,,0,30.0,0,0
75,6,0,1,18,Y6022968,,,,3879,30.0,0,0
75,6,0,1,19,Y6022969,,,,4335,30.0,0,0
75,6,0,1,20,Y6022970,,,,4058,30.0,0,0
75,6,0,1,21,Y6022971,,,,0,30.0,0,0
75,6,0,1,22,Y6022972,,,,0,30.0,0,0
75,6,0,1,23,Y6022973,,,,0,30.0,0,0
75,6,0,1,24,Y6022974,,,,0,30.0,0,0
75,6,0,1,25,Y6022975,,,,0,30.0,0,0
75,6,0,1,26,Y6022976,,,,0,30.0,0,0
75,6,0,1,27,Y6022977,,,,0,30.0,0,0
75,6,0,1,28,Y6022978,,,,0,30.0,0,0
75,6,0,1,29,Y6022979,,,,0,30.0,0,0
75,6,0,1,30,Y6022980,,,,0,30.0,0,0
75,6,0,2,10,Y6022981,,,,0,30.0,0,0
75,6,0,2,11,Y6022982,,,,0,30.0,0,0
75,6,0,2,12,Y6022983,,,,0,30.0,0,0
75,6,0,2,13,Y6022984,,,,0,30.0,0,0
75,6,0,2,14,Y6022985,,,,0,30.0,0,0
75,6,0,2,15,Y6022986,,,,0,30.0,0,0
75,6,0,2,16,Y6022987,,,,0,30.0,0,0
75,6,0,2,17,Y6022988,,,,0,30.0,0,0
75,6,0,2,18,Y6022989,,,,3870,30.0,0,0
75,6,0,2,19,Y6022990,,,,4322,30.0,0,0
75,6,0,2,20,Y6022991,,,,4045,30.0,0,0
75,6,0,2,21,Y6022992,,,,0,30.0,0,0
75,6,0,2,22,Y6022993,,,,0,30.0,0,0
75,6,0,2,23,Y6022994,,,,0,30.0,0,0
75,6,0,2,24,Y6022995,,,,0,30.0,0,0
75,6,0,2,25,Y6022996,,,,0,30.0,0,0
75,6,0,2,26,Y6022997,,,,0,30.0,0,0
75,6,0,2,27,Y6022998,,,,0,30.0,0,0
75,6,0,2,28,Y6022999,,,,0,30.0,0,0
75,6,0,2,29,Y6023000,,,,0,30.0,0,0
75,6,0,2,30,Y6023001,,,,0,30.0,0,0
75,6,0,3,10,Y6023002,,,,0,30.0,0,0
75,6,0,3,11,Y6023003,,,,0,30.0,0,0
75,6,0,3,12,Y6023004,,,,0,30.0,0,0
75,6,0,3,13,Y6023005,,,,0,30.0,0,0
75,6,0,3,14,Y6023006,,,,0,30.0,0,0
75,6,0,3,15,Y6023007,,,,0,30.0,0,0
75,6,0,3,16,Y6023008,,,,0,30.0,0,0
75,6,0,3,17,Y6023009,,,,0,30.0,0,0
75,6,0,3,18,Y6023010,,,,3910,30.0,0,0
75,6,0,3,19,Y6023011,,,,4360,30.0,0,0
75,6,0,3,20,Y6023012,,,,4083,30.0,0,0
75,6,0,3,21,Y6023013,,,,0,30.0,0,0
75,6,0,3,22,Y6023014,,,,0,30.0,0,0
75,6,0,3,23,Y6023015,,,,0,30.0,0,0
75,6,0,3,24,Y6023016,,,,0,30.0,0,0
75,6,0,3,25,Y6023017,,,,0,30.0,0,0
75,6,0,3,26,Y6023018,,,,0,30.0,0,0
75,6,0,3,27,Y6023019,,,,0,30.0,0,0
75,6,0,3,28,Y6023020,,,,0,30.0,0,0
75,6,0,3,29,Y6023021,,,,0,30.0,0,0
75,6,0,3,30,Y6023022,,,,0,30.0,0,0
75,6,0,4,10,Y6023023,,,,0,30.0,0,0
75,6,0,4,11,Y6023024,,,,0,30.0,0,0
75,6,0,4,12,Y6023025,,,,0,30.0,0,0
75,6,0,4,13,Y6023026,,,,0,30.0,0,0
75,6,0,4,14,Y6023027,,,,0,30.0,0,0
75,6,0,4,15,Y6023028,,,,0,30.0,0,0
75,6,0,4,16,Y6023029,,,,0,30.0,0,0
75,6,0,4,17,Y6023030,,,,0,30.0,0,0
75,6,0,4,18,Y6023031,,,,3996,30.0,0,0
75,6,0,4,19,Y6023032,,,,4431,30.0,0,0
75,6,0,4,20,Y6023033,,,,4155,30.0,0,0
75,6,0,4,21,Y6023034,,,,0,30.0,0,0
75,6,0,4,22,Y6023035,,,,0,30.0,0,0
75,6,0,4,23,Y6023036,,,,0,30.0,0,0
75,6,0,4,24,Y6023037,,,,0,30.0,0,0
75,6,0,4,25,Y6023038,,,,0,30.0,0,0
75,6,0,4,26,Y6023039,,,,0,30.0,0,0
75,6,0,4,27,Y6023040,,,,0,30.0,0,0
75,6,0,4,28,Y6023041,,,,0,30.0,0,0
75,6,0,4,29,Y6023042,,,,0,30.0,0,0
75,6,0,4,30,Y6023043,,,,0,30.0,0,0
75,6,0,5,10,Y6023044,,,,0,30.0,0,0
75,6,0,5,11,Y6023045,,,,0,30.0,0,0
75,6,0,5,12,Y6023046,,,,0,30.0,0,0
75,6,0,5,13,Y6023047,,,,0,30.0,0,0
75,6,0,5,14,Y6023048,,,,0,30.0,0,0
75,6,0,5,15,Y6023049,,,,0,30.0,0,0
75,6,0,5,16,Y6023050,,,,0,30.0,0,0
75,6,0,5,17,Y6023051,,,,0,30.0,0,0
75,6,0,5,18,Y6023052,,,,4020,30.0,0,0
75,6,0,5,19,Y6023053,,,,4494,30.0,0,0
75,6,0,5,20,Y6023054,,,,4217,30.0,0,0
75,6,0,5,21,Y6023055,,,,0,30.0,0,0
75,6,0,5,22,Y6023056,,,,0,30.0,0,0
75,6,0,5,23,Y6023057,,,,0,30.0,0,0
75,6,0,5,24,Y6023058,,,,0,30.0,0,0
75,6,0,5,25,Y6023059,,,,0,30.0,0,0
75,6,0,5,26,Y6023060,,,,0,30.0,0,0
75,6,0,5,27,Y6023061,,,,0,30.0,0,0
75,6,0,5,28,Y6023062,,,,0,30.0,0,0
75,6,0,5,29,Y6023063,,,,0,30.0,0,0
75,6,0,5,30,Y6023064,,,,0,30.0,0,0
75,6,0,6,10,Y6023065,,,,0,30.0,0,0
75,6,0,6,11,Y6023066,,,,0,30.0,0,0
75,6,0,6,12,Y6023067,,,,0,30.0,0,0
75,6,0,6,13,Y6023068,,,,0,30.0,0,0
75,6,0,6,14,Y6023069,,,,0,30.0,0,0
75,6,0,6,15,Y6023070,,,,0,30.0,0,0
75,6,0,6,16,Y6023071,,,,0,30.0,0,0
75,6,0,6,17,Y6023072,,,,0,30.0,0,0
75,6,0,6,18,Y6023073,,,,4016,30.0,0,0
75,6,0,6,19,Y6023074,,,,4489,30.0,0,0
75,6,0,6,20,Y6023075,,,,4209,30.0,0,0
75,6,0,6,21,Y6023076,,,,0,30.0,0,0
75,6,0,6,22,Y6023077,,,,0,30.0,0,0
75,6,0,6,23,Y6023078,,,,0,30.0,0,0
75,6,0,6,24,Y6023079,,,,0,30.0,0,0
75,6,0,6,25,Y6023080,,,,0,30.0,0,0
75,6,0,6,26,Y6023081,,,,0,30.0,0,0
75,6,0,6,27,Y6023082,,,,0,30.0,0,0
75,6,0,6,28,Y6023083,,,,0,30.0,0,0
75,6,0,6,29,Y6023084,,,,0,30.0,0,0
75,6,0,6,30,Y6023085,,,,0,30.0,0,0
75,6,0,7,10,Y6023086,,,,0,30.0,0,0
75,6,0,7,11,Y6023087,,,,0,30.0,0,0
75,6,0,7,12,Y6023088,,,,0,30.0,0,0
75,6,0,7,13,Y6023089,,,,0,30.0,0,0
75,6,0,7,14,Y6023090,,,,0,30.0,0,0
75,6,0,7,15,Y6023091,,,,0,30.0,0,0
75,6,0,7,16,Y6023092,,,,0,30.0,0,0
75,6,0,7,17,Y6023093,,,,0,30.0,0,0
75,6,0,7,18,Y6023094,,,,4046,30.0,0,0
75,6,0,7,19,Y6023095,,,,4530,30.0,0,0
75,6,0,7,20,Y6023096,,,,4249,30.0,0,0
75,6,0,7,21,Y6023097,,,,0,30.0,0,0
75,6,0,7,22,Y6023098,,,,0,30.0,0,0
75,6,0,7,23,Y6023099,,,,0,30.0,0,0
75,6,0,7,24,Y6023100,,,,0,30.0,0,0
75,6,0,7,25,Y6023101,,,,0,30.0,0,0
75,6,0,7,26,Y6023102,,,,0,30.0,0,0
75,6,0,7,27,Y6023103,,,,0,30.0,0,0
75,6,0,7,28,Y6023104,,,,0,30.0,0,0
75,6,0,7,29,Y6023105,,,,0,30.0,0,0
75,6,0,7,30,Y6023106,,,,0,30.0,0,0
75,6,0,8,10,Y6023107,,,,0,30.0,0,0
75,6,0,8,11,Y6023108,,,,0,30.0,0,0
75,6,0,8,12,Y6023109,,,,0,30.0,0,0
75,6,0,8,13,Y6023110,,,,0,30.0,0,0
75,6,0,8,14,Y6023111,,,,0,30.0,0,0
75,6,0,8,15,Y6023112,,,,0,30.0,0,0
75,6,0,8,16,Y6023113,,,,0,30.0,0,0
75,6,0,8,17,Y6023114,,,,0,30.0,0,0
75,6,0,8,18,Y6023115,,,,4037,30.0,0,0
75,6,0,8,19,Y6023116,,,,4481,30.0,0,0
75,6,0,8,20,Y6023117,,,,4203,30.0,0,0
75,6,0,8,21,Y6023118,,,,0,30.0,0,0
75,6,0,8,22,Y6023119,,,,0,30.0,0,0
75,6,0,8,23,Y6023120,,,,0,30.0,0,0
75,6,0,8,24,Y6023121,,,,0,30.0,0,0
75,6,0,8,25,Y6023122,,,,0,30.0,0,0
75,6,0,8,26,Y6023123,,,,0,30.0,0,0
75,6,0,8,27,Y6023124,,,,0,30.0,0,0
75,6,0,8,28,Y6023125,,,,0,30.0,0,0
75,6,0,8,29,Y6023126,,,,0,30.0,0,0
75,6,0,8,30,Y6023127,,,,0,30.0,0,0
75,6,0,9,10,Y6023128,,,,0,30.0,0,0
75,6,0,9,11,Y6023129,,,,0,30.0,0,0
75,6,0,9,12,Y6023130,,,,0,30.0,0,0
75,6,0,9,13,Y6023131,,,,0,30.0,0,0
75,6,0,9,14,Y6023132,,,,0,30.0,0,0
75,6,0,9,15,Y6023133,,,,0,30.0,0,0
75,6,0,9,16,Y6023134,,,,0,30.0,0,0
75,6,0,9,17,Y6023135,,,,0,30.0,0,0
75,6,0,9,18,Y6023136,,,,4031,30.0,0,0
75,6,0,9,19,Y6023137,,,,4476,30.0,0,0
75,6,0,9,20,Y6023138,,,,4198,30.0,0,0
75,6,0,9,21,Y6023139,,,,0,30.0,0,0
75,6,0,9,22,Y6023140,,,,0,30.0,0,0
75,6,0,9,23,Y6023141,,,,0,30.0,0,0
75,6,0,9,24,Y6023142,,,,0,30.0,0,0
75,6,0,9,25,Y6023143,,,,0,30.0,0,0
75,6,0,9,26,Y6023144,,,,0,30.0,0,0
75,6,0,9,27,Y6023145,,,,0,30.0,0,0
75,6,0,9,28,Y6023146,,,,0,30.0,0,0
75,6,0,9,29,Y6023147,,,,0,30.0,0,0
75,6,0,9,30,Y6023148,,,,0,30.0,0,0
75,6,0,10,10,Y6023149,,,,0,30.0,0,0
75,6,0,10,11,Y6023150,,,,0,30.0,0,0
75,6,0,10,12,Y6023151,,,,0,30.0,0,0
75,6,0,10,13,Y6023152,,,,0,30.0,0,0
75,6,0,10,14,Y6023153,,,,0,30.0,0,0
75,6,0,10,15,Y6023154,,,,0,30.0,0,0
75,6,0,10,16,Y6023155,,,,0,30.0,0,0
75,6,0,10,17,Y6023156,,,,0,30.0,0,0
75,6,0,10,18,Y6023157,,,,4077,30.0,0,0
75,6,0,10,19,Y6023158,,,,4568,30.0,0,0
75,6,0,10,20,Y6023159,,,,4234,30.0,0,0
75,6,0,10,21,Y6023160,,,,0,30.0,0,0
75,6,0,10,22,Y6023161,,,,0,30.0,0,0
75,6,0,10,23,Y6023162,,,,0,30.0,0,0
75,6,0,10,24,Y6023163,,,,0,30.0,0,0
75,6,0,10,25,Y6023164,,,,0,30.0,0,0
75,6,0,10,26,Y6023165,,,,0,30.0,0,0
75,6,0,10,27,Y6023166,,,,0,30.0,0,0
75,6,0,10,28,Y6023167,,,,0,30.0,0,0
75,6,0,10,29,Y6023168,,,,0,30.0,0,0
75,6,0,10,30,Y6023169,,,,0,30.0,0,0
75,6,0,11,10,Y6023170,,,,0,30.0,0,0
75,6,0,11,11,Y6023171,,,,0,30.0,0,0
75,6,0,11,12,Y6023172,,,,0,30.0,0,0
75,6,0,11,13,Y6023173,,,,0,30.0,0,0
75,6,0,11,14,Y6023174,,,,0,30.0,0,0
75,6,0,11,15,Y6023175,,,,0,30.0,0,0
75,6,0,11,16,Y6023176,,,,0,30.0,0,0
75,6,0,11,17,Y6023177,,,,0,30.0,0,0
75,6,0,11,18,Y6023178,,,,4146,30.0,0,0
75,6,0,11,19,Y6023179,,,,4655,30.0,0,0
75,6,0,11,20,Y6023180,,,,4316,30.0,0,0
75,6,0,11,21,Y6023181,,,,0,30.0,0,0
75,6,0,11,22,Y6023182,,,,0,30.0,0,0
75,6,0,11,23,Y6023183,,,,0,30.0,0,0
75,6,0,11,24,Y6023184,,,,0,30.0,0,0
75,6,0,11,25,Y6023185,,,,0,30.0,0,0
75,6,0,11,26,Y6023186,,,,0,30.0,0,0
75,6,0,11,27,Y6023187,,,,0,30.0,0,0
75,6,0,11,28,Y6023188,,,,0,30.0,0,0
75,6,0,11,29,Y6023189,,,,0,30.0,0,0
75,6,0,11,30,Y6023190,,,,0,30.0,0,0
75,6,0,12,10,Y6023191,,,,0,30.0,0,0
75,6,0,12,11,Y6023192,,,,0,30.0,0,0
75,6,0,12,12,Y6023193,,,,0,30.0,0,0
75,6,0,12,13,Y6023194,,,,0,30.0,0,0
75,6,0,12,14,Y6023195,,,,0,30.0,0,0
75,6,0,12,15,Y6023196,,,,0,30.0,0,0
75,6,0,12,16,Y6023197,,,,0,30.0,0,0
75,6,0,12,17,Y6023198,,,,0,30.0,0,0
75,6,0,12,18,Y6023199,,,,4540,30.0,0,0
75,6,0,12,19,Y6023200,,,,5022,30.0,0,0
75,6,0,12,20,Y6023201,,,,4697,30.0,0,0
75,6,0,12,21,Y6023202,,,,0,30.0,0,0
75,6,0,12,22,Y6023203,,,,0,30.0,0,0
75,6,0,12,23,Y6023204,,,,0,30.0,0,0
75,6,0,12,24,Y6023205,,,,0,30.0,0,0
75,6,0,12,25,Y6023206,,,,0,30.0,0,0
75,6,0,12,26,Y6023207,,,,0,30.0,0,0
75,6,0,12,27,Y6023208,,,,0,30.0,0,0
75,6,0,12,28,Y6023209,,,,0,30.0,0,0
75,6,0,12,29,Y6023210,,,,0,30.0,0,0
75,6,0,12,30,Y6023211,,,,0,30.0,0,0
75,6,1,1,10,Y6023212,,,,0,30.0,0,0
75,6,1,1,11,Y6023213,,,,0,30.0,0,0
75,6,1,1,12,Y6023214,,,,0,30.0,0,0
75,6,1,1,13,Y6023215,,,,0,30.0,0,0
75,6,1,1,14,Y6023216,,,,0,30.0,0,0
75,6,1,1,15,Y6023217,,,,0,30.0,0,0
75,6,1,1,16,Y6023218,,,,0,30.0,0,0
75,6,1,1,17,Y6023219,,,,0,30.0,0,0
75,6,1,1,18,Y6023220,,,,3886,30.0,0,0
75,6,1,1,19,Y6023221,,,,4316,30.0,0,0
75,6,1,1,20,Y6023222,,,,4039,30.0,0,0
75,6,1,1,21,Y6023223,,,,0,30.0,0,0
75,6,1,1,22,Y6023224,,,,0,30.0,0,0
75,6,1,1,23,Y6023225,,,,0,30.0,0,0
75,6,1,1,24,Y6023226,,,,0,30.0,0,0
75,6,1,1,25,Y6023227,,,,0,30.0,0,0
75,6,1,1,26,Y6023228,,,,0,30.0,0,0
75,6,1,1,27,Y6023229,,,,0,30.0,0,0
75,6,1,1,28,Y6023230,,,,0,30.0,0,0
75,6,1,1,29,Y6023231,,,,0,30.0,0,0
75,6,1,1,30,Y6023232,,,,0,30.0,0,0
75,6,1,2,10,Y6023233,,,,0,30.0,0,0
75,6,1,2,11,Y6023234,,,,0,30.0,0,0
75,6,1,2,12,Y6023235,,,,0,30.0,0,0
75,6,1,2,13,Y6023236,,,,0,30.0,0,0
75,6,1,2,14,Y6023237,,,,0,30.0,0,0
75,6,1,2,15,Y6023238,,,,0,30.0,0,0
75,6,1,2,16,Y6023239,,,,0,30.0,0,0
75,6,1,2,17,Y6023240,,,,0,30.0,0,0
75,6,1,2,18,Y6023241,,,,3876,30.0,0,0
75,6,1,2,19,Y6023242,,,,4302,30.0,0,0
75,6,1,2,20,Y6023243,,,,4025,30.0,0,0
75,6,1,2,21,Y6023244,,,,0,30.0,0,0
75,6,1,2,22,Y6023245,,,,0,30.0,0,0
75,6,1,2,23,Y6023246,,,,0,30.0,0,0
75,6,1,2,24,Y6023247,,,,0,30.0,0,0
75,6,1,2,25,Y6023248,,,,0,30.0,0,0
75,6,1,2,26,Y6023249,,,,0,30.0,0,0
75,6,1,2,27,Y6023250,,,,0,30.0,0,0
75,6,1,2,28,Y6023251,,,,0,30.0,0,0
75,6,1,2,29,Y6023252,,,,0,30.0,0,0
75,6,1,2,30,Y6023253,,,,0,30.0,0,0
75,6,1,3,10,Y6023254,,,,0,30.0,0,0
75,6,1,3,11,Y6023255,,,,0,30.0,0,0
75,6,1,3,12,Y6023256,,,,0,30.0,0,0
75,6,1,3,13,Y6023257,,,,0,30.0,0,0
75,6,1,3,14,Y6023258,,,,0,30.0,0,0
75,6,1,3,15,Y6023259,,,,0,30.0,0,0
75,6,1,3,16,Y6023260,,,,0,30.0,0,0
75,6,1,3,17,Y6023261,,,,0,30.0,0,0
75,6,1,3,18,Y6023262,,,,3916,30.0,0,0
75,6,1,3,19,Y6023263,,,,4341,30.0,0,0
75,6,1,3,20,Y6023264,,,,4064,30.0,0,0
75,6,1,3,21,Y6023265,,,,0,30.0,0,0
75,6,1,3,22,Y6023266,,,,0,30.0,0,0
75,6,1,3,23,Y6023267,,,,0,30.0,0,0
75,6,1,3,24,Y6023268,,,,0,30.0,0,0
75,6,1,3,25,Y6023269,,,,0,30.0,0,0
75,6,1,3,26,Y6023270,,,,0,30.0,0,0
75,6,1,3,27,Y6023271,,,,0,30.0,0,0
75,6,1,3,28,Y6023272,,,,0,30.0,0,0
75,6,1,3,29,Y6023273,,,,0,30.0,0,0
75,6,1,3,30,Y6023274,,,,0,30.0,0,0
75,6,1,4,10,Y6023275,,,,0,30.0,0,0
75,6,1,4,11,Y6023276,,,,0,30.0,0,0
75,6,1,4,12,Y6023277,,,,0,30.0,0,0
75,6,1,4,13,Y6023278,,,,0,30.0,0,0
75,6,1,4,14,Y6023279,,,,0,30.0,0,0
75,6,1,4,15,Y6023280,,,,0,30.0,0,0
75,6,1,4,16,Y6023281,,,,0,30.0,0,0
75,6,1,4,17,Y6023282,,,,0,30.0,0,0
75,6,1,4,18,Y6023283,,,,4002,30.0,0,0
75,6,1,4,19,Y6023284,,,,4412,30.0,0,0
75,6,1,4,20,Y6023285,,,,4136,30.0,0,0
75,6,1,4,21,Y6023286,,,,0,30.0,0,0
75,6,1,4,22,Y6023287,,,,0,30.0,0,0
75,6,1,4,23,Y6023288,,,,0,30.0,0,0
75,6,1,4,24,Y6023289,,,,0,30.0,0,0
75,6,1,4,25,Y6023290,,,,0,30.0,0,0
75,6,1,4,26,Y6023291,,,,0,30.0,0,0
75,6,1,4,27,Y6023292,,,,0,30.0,0,0
75,6,1,4,28,Y6023293,,,,0,30.0,0,0
75,6,1,4,29,Y6023294,,,,0,30.0,0,0
75,6,1,4,30,Y6023295,,,,0,30.0,0,0
75,6,1,5,10,Y6023296,,,,0,30.0,0,0
75,6,1,5,11,Y6023297,,,,0,30.0,0,0
75,6,1,5,12,Y6023298,,,,0,30.0,0,0
75,6,1,5,13,Y6023299,,,,0,30.0,0,0
75,6,1,5,14,Y6023300,,,,0,30.0,0,0
75,6,1,5,15,Y6023301,,,,0,30.0,0,0
75,6,1,5,16,Y6023302,,,,0,30.0,0,0
75,6,1,5,17,Y6023303,,,,0,30.0,0,0
75,6,1,5,18,Y6023304,,,,4027,30.0,0,0
75,6,1,5,19,Y6023305,,,,4475,30.0,0,0
75,6,1,5,20,Y6023306,,,,4197,30.0,0,0
75,6,1,5,21,Y6023307,,,,0,30.0,0,0
75,6,1,5,22,Y6023308,,,,0,30.0,0,0
75,6,1,5,23,Y6023309,,,,0,30.0,0,0
75,6,1,5,24,Y6023310,,,,0,30.0,0,0
75,6,1,5,25,Y6023311,,,,0,30.0,0,0
75,6,1,5,26,Y6023312,,,,0,30.0,0,0
75,6,1,5,27,Y6023313,,,,0,30.0,0,0
75,6,1,5,28,Y6023314,,,,0,30.0,0,0
75,6,1,5,29,Y6023315,,,,0,30.0,0,0
75,6,1,5,30,Y6023316,,,,0,30.0,0,0
75,6,1,6,10,Y6023317,,,,0,30.0,0,0
75,6,1,6,11,Y6023318,,,,0,30.0,0,0
75,6,1,6,12,Y6023319,,,,0,30.0,0,0
75,6,1,6,13,Y6023320,,,,0,30.0,0,0
75,6,1,6,14,Y6023321,,,,0,30.0,0,0
75,6,1,6,15,Y6023322,,,,0,30.0,0,0
75,6,1,6,16,Y6023323,,,,0,30.0,0,0
75,6,1,6,17,Y6023324,,,,0,30.0,0,0
75,6,1,6,18,Y6023325,,,,4022,30.0,0,0
75,6,1,6,19,Y6023326,,,,4470,30.0,0,0
75,6,1,6,20,Y6023327,,,,4190,30.0,0,0
75,6,1,6,21,Y6023328,,,,0,30.0,0,0
75,6,1,6,22,Y6023329,,,,0,30.0,0,0
75,6,1,6,23,Y6023330,,,,0,30.0,0,0
75,6,1,6,24,Y6023331,,,,0,30.0,0,0
75,6,1,6,25,Y6023332,,,,0,30.0,0,0
75,6,1,6,26,Y6023333,,,,0,30.0,0,0
75,6,1,6,27,Y6023334,,,,0,30.0,0,0
75,6,1,6,28,Y6023335,,,,0,30.0,0,0
75,6,1,6,29,Y6023336,,,,0,30.0,0,0
75,6,1,6,30,Y6023337,,,,0,30.0,0,0
75,6,1,7,10,Y6023338,,,,0,30.0,0,0
75,6,1,7,11,Y6023339,,,,0,30.0,0,0
75,6,1,7,12,Y6023340,,,,0,30.0,0,0
75,6,1,7,13,Y6023341,,,,0,30.0,0,0
75,6,1,7,14,Y6023342,,,,0,30.0,0,0
75,6,1,7,15,Y6023343,,,,0,30.0,0,0
75,6,1,7,16,Y6023344,,,,0,30.0,0,0
75,6,1,7,17,Y6023345,,,,0,30.0,0,0
75,6,1,7,18,Y6023346,,,,4052,30.0,0,0
75,6,1,7,19,Y6023347,,,,4511,30.0,0,0
75,6,1,7,20,Y6023348,,,,4230,30.0,0,0
75,6,1,7,21,Y6023349,,,,0,30.0,0,0
75,6,1,7,22,Y6023350,,,,0,30.0,0,0
75,6,1,7,23,Y6023351,,,,0,30.0,0,0
75,6,1,7,24,Y6023352,,,,0,30.0,0,0
75,6,1,7,25,Y6023353,,,,0,30.0,0,0
75,6,1,7,26,Y6023354,,,,0,30.0,0,0
75,6,1,7,27,Y6023355,,,,0,30.0,0,0
75,6,1,7,28,Y6023356,,,,0,30.0,0,0
75,6,1,7,29,Y6023357,,,,0,30.0,0,0
75,6,1,7,30,Y6023358,,,,0,30.0,0,0
75,6,1,8,10,Y6023359,,,,0,30.0,0,0
75,6,1,8,11,Y6023360,,,,0,30.0,0,0
75,6,1,8,12,Y6023361,,,,0,30.0,0,0
75,6,1,8,13,Y6023362,,,,0,30.0,0,0
75,6,1,8,14,Y6023363,,,,0,30.0,0,0
75,6,1,8,15,Y6023364,,,,0,30.0,0,0
75,6,1,8,16,Y6023365,,,,0,30.0,0,0
75,6,1,8,17,Y6023366,,,,0,30.0,0,0
75,6,1,8,18,Y6023367,,,,4043,30.0,0,0
75,6,1,8,19,Y6023368,,,,4462,30.0,0,0
75,6,1,8,20,Y6023369,,,,4184,30.0,0,0
75,6,1,8,21,Y6023370,,,,0,30.0,0,0
75,6,1,8,22,Y6023371,,,,0,30.0,0,0
75,6,1,8,23,Y6023372,,,,0,30.0,0,0
75,6,1,8,24,Y6023373,,,,0,30.0,0,0
75,6,1,8,25,Y6023374,,,,0,30.0,0,0
75,6,1,8,26,Y6023375,,,,0,30.0,0,0
75,6,1,8,27,Y6023376,,,,0,30.0,0,0
75,6,1,8,28,Y6023377,,,,0,30.0,0,0
75,6,1,8,29,Y6023378,,,,0,30.0,0,0
75,6,1,8,30,Y6023379,,,,0,30.0,0,0
75,6,1,9,10,Y6023380,,,,0,30.0,0,0
75,6,1,9,11,Y6023381,,,,0,30.0,0,0
75,6,1,9,12,Y6023382,,,,0,30.0,0,0
75,6,1,9,13,Y6023383,,,,0,30.0,0,0
75,6,1,9,14,Y6023384,,,,0,30.0,0,0
75,6,1,9,15,Y6023385,,,,0,30.0,0,0
75,6,1,9,16,Y6023386,,,,0,30.0,0,0
75,6,1,9,17,Y6023387,,,,0,30.0,0,0
75,6,1,9,18,Y6023388,,,,4038,30.0,0,0
75,6,1,9,19,Y6023389,,,,4457,30.0,0,0
75,6,1,9,20,Y6023390,,,,4179,30.0,0,0
75,6,1,9,21,Y6023391,,,,0,30.0,0,0
75,6,1,9,22,Y6023392,,,,0,30.0,0,0
75,6,1,9,23,Y6023393,,,,0,30.0,0,0
75,6,1,9,24,Y6023394,,,,0,30.0,0,0
75,6,1,9,25,Y6023395,,,,0,30.0,0,0
75,6,1,9,26,Y6023396,,,,0,30.0,0,0
75,6,1,9,27,Y6023397,,,,0,30.0,0,0
75,6,1,9,28,Y6023398,,,,0,30.0,0,0
75,6,1,9,29,Y6023399,,,,0,30.0,0,0
75,6,1,9,30,Y6023400,,,,0,30.0,0,0
75,6,1,10,10,Y6023401,,,,0,30.0,0,0
75,6,1,10,11,Y6023402,,,,0,30.0,0,0
75,6,1,10,12,Y6023403,,,,0,30.0,0,0
75,6,1,10,13,Y6023404,,,,0,30.0,0,0
75,6,1,10,14,Y6023405,,,,0,30.0,0,0
75,6,1,10,15,Y6023406,,,,0,30.0,0,0
75,6,1,10,16,Y6023407,,,,0,30.0,0,0
75,6,1,10,17,Y6023408,,,,0,30.0,0,0
75,6,1,10,18,Y6023409,,,,4084,30.0,0,0
75,6,1,10,19,Y6023410,,,,4548,30.0,0,0
75,6,1,10,20,Y6023411,,,,4215,30.0,0,0
75,6,1,10,21,Y6023412,,,,0,30.0,0,0
75,6,1,10,22,Y6023413,,,,0,30.0,0,0
75,6,1,10,23,Y6023414,,,,0,30.0,0,0
75,6,1,10,24,Y6023415,,,,0,30.0,0,0
75,6,1,10,25,Y6023416,,,,0,30.0,0,0
75,6,1,10,26,Y6023417,,,,0,30.0,0,0
75,6,1,10,27,Y6023418,,,,0,30.0,0,0
75,6,1,10,28,Y6023419,,,,0,30.0,0,0
75,6,1,10,29,Y6023420,,,,0,30.0,0,0
75,6,1,10,30,Y6023421,,,,0,30.0,0,0
75,6,1,11,10,Y6023422,,,,0,30.0,0,0
75,6,1,11,11,Y6023423,,,,0,30.0,0,0
75,6,1,11,12,Y6023424,,,,0,30.0,0,0
75,6,1,11,13,Y6023425,,,,0,30.0,0,0
75,6,1,11,14,Y6023426,,,,0,30.0,0,0
75,6,1,11,15,Y6023427,,,,0,30.0,0,0
75,6,1,11,16,Y6023428,,,,0,30.0,0,0
75,6,1,11,17,Y6023429,,,,0,30.0,0,0
75,6,1,11,18,Y6023430,,,,4153,30.0,0,0
75,6,1,11,19,Y6023431,,,,4636,30.0,0,0
75,6,1,11,20,Y6023432,,,,4297,30.0,0,0
75,6,1,11,21,Y6023433,,,,0,30.0,0,0
75,6,1,11,22,Y6023434,,,,0,30.0,0,0
75,6,1,11,23,Y6023435,,,,0,30.0,0,0
75,6,1,11,24,Y6023436,,,,0,30.0,0,0
75,6,1,11,25,Y6023437,,,,0,30.0,0,0
75,6,1,11,26,Y6023438,,,,0,30.0,0,0
75,6,1,11,27,Y6023439,,,,0,30.0,0,0
75,6,1,11,28,Y6023440,,,,0,30.0,0,0
75,6,1,11,29,Y6023441,,,,0,30.0,0,0
75,6,1,11,30,Y6023442,,,,0,30.0,0,0
75,6,1,12,10,Y6023443,,,,0,30.0,0,0
75,6,1,12,11,Y6023444,,,,0,30.0,0,0
75,6,1,12,12,Y6023445,,,,0,30.0,0,0
75,6,1,12,13,Y6023446,,,,0,30.0,0,0
75,6,1,12,14,Y6023447,,,,0,30.0,0,0
75,6,1,12,15,Y6023448,,,,0,30.0,0,0
75,6,1,12,16,Y6023449,,,,0,30.0,0,0
75,6,1,12,17,Y6023450,,,,0,30.0,0,0
75,6,1,12,18,Y6023451,,,,4547,30.0,0,0
75,6,1,12,19,Y6023452,,,,5003,30.0,0,0
75,6,1,12,20,Y6023453,,,,4678,30.0,0,0
75,6,1,12,21,Y6023454,,,,0,30.0,0,0
75,6,1,12,22,Y6023455,,,,0,30.0,0,0
75,6,1,12,23,Y6023456,,,,0,30.0,0,0
75,6,1,12,24,Y6023457,,,,0,30.0,0,0
75,6,1,12,25,Y6023458,,,,0,30.0,0,0
75,6,1,12,26,Y6023459,,,,0,30.0,0,0
75,6,1,12,27,Y6023460,,,,0,30.0,0,0
75,6,1,12,28,Y6023461,,,,0,30.0,0,0
75,6,1,12,29,Y6023462,,,,0,30.0,0,0
75,6,1,12,30,Y6023463,,,,0,30.0,0,0
75,6,2,1,10,Y6023464,,,,0,30.0,0,0
75,6,2,1,11,Y6023465,,,,0,30.0,0,0
75,6,2,1,12,Y6023466,,,,0,30.0,0,0
75,6,2,1,13,Y6023467,,,,0,30.0,0,0
75,6,2,1,14,Y6023468,,,,0,30.0,0,0
75,6,2,1,15,Y6023469,,,,0,30.0,0,0
75,6,2,1,16,Y6023470,,,,0,30.0,0,0
75,6,2,1,17,Y6023471,,,,0,30.0,0,0
75,6,2,1,18,Y6023472,,,,3621,30.0,0,0
75,6,2,1,19,Y6023473,,,,4101,30.0,0,0
75,6,2,1,20,Y6023474,,,,3728,30.0,0,0
75,6,2,1,21,Y6023475,,,,0,30.0,0,0
75,6,2,1,22,Y6023476,,,,0,30.0,0,0
75,6,2,1,23,Y6023477,,,,0,30.0,0,0
75,6,2,1,24,Y6023478,,,,0,30.0,0,0
75,6,2,1,25,Y6023479,,,,0,30.0,0,0
75,6,2,1,26,Y6023480,,,,0,30.0,0,0
75,6,2,1,27,Y6023481,,,,0,30.0,0,0
75,6,2,1,28,Y6023482,,,,0,30.0,0,0
75,6,2,1,29,Y6023483,,,,0,30.0,0,0
75,6,2,1,30,Y6023484,,,,0,30.0,0,0
75,6,2,2,10,Y6023485,,,,0,30.0,0,0
75,6,2,2,11,Y6023486,,,,0,30.0,0,0
75,6,2,2,12,Y6023487,,,,0,30.0,0,0
75,6,2,2,13,Y6023488,,,,0,30.0,0,0
75,6,2,2,14,Y6023489,,,,0,30.0,0,0
75,6,2,2,15,Y6023490,,,,0,30.0,0,0
75,6,2,2,16,Y6023491,,,,0,30.0,0,0
75,6,2,2,17,Y6023492,,,,0,30.0,0,0
75,6,2,2,18,Y6023493,,,,3612,30.0,0,0
75,6,2,2,19,Y6023494,,,,4087,30.0,0,0
75,6,2,2,20,Y6023495,,,,3714,30.0,0,0
75,6,2,2,21,Y6023496,,,,0,30.0,0,0
75,6,2,2,22,Y6023497,,,,0,30.0,0,0
75,6,2,2,23,Y6023498,,,,0,30.0,0,0
75,6,2,2,24,Y6023499,,,,0,30.0,0,0
75,6,2,2,25,Y6023500,,,,0,30.0,0,0
75,6,2,2,26,Y6023501,,,,0,30.0,0,0
75,6,2,2,27,Y6023502,,,,0,30.0,0,0
75,6,2,2,28,Y6023503,,,,0,30.0,0,0
75,6,2,2,29,Y6023504,,,,0,30.0,0,0
75,6,2,2,30,Y6023505,,,,0,30.0,0,0
75,6,2,3,10,Y6023506,,,,0,30.0,0,0
75,6,2,3,11,Y6023507,,,,0,30.0,0,0
75,6,2,3,12,Y6023508,,,,0,30.0,0,0
75,6,2,3,13,Y6023509,,,,0,30.0,0,0
75,6,2,3,14,Y6023510,,,,0,30.0,0,0
75,6,2,3,15,Y6023511,,,,0,30.0,0,0
75,6,2,3,16,Y6023512,,,,0,30.0,0,0
75,6,2,3,17,Y6023513,,,,0,30.0,0,0
75,6,2,3,18,Y6023514,,,,3651,30.0,0,0
75,6,2,3,19,Y6023515,,,,4124,30.0,0,0
75,6,2,3,20,Y6023516,,,,3751,30.0,0,0
75,6,2,3,21,Y6023517,,,,0,30.0,0,0
75,6,2,3,22,Y6023518,,,,0,30.0,0,0
75,6,2,3,23,Y6023519,,,,0,30.0,0,0
75,6,2,3,24,Y6023520,,,,0,30.0,0,0
75,6,2,3,25,Y6023521,,,,0,30.0,0,0
75,6,2,3,26,Y6023522,,,,0,30.0,0,0
75,6,2,3,27,Y6023523,,,,0,30.0,0,0
75,6,2,3,28,Y6023524,,,,0,30.0,0,0
75,6,2,3,29,Y6023525,,,,0,30.0,0,0
75,6,2,3,30,Y6023526,,,,0,30.0,0,0
75,6,2,4,10,Y6023527,,,,0,30.0,0,0
75,6,2,4,11,Y6023528,,,,0,30.0,0,0
75,6,2,4,12,Y6023529,,,,0,30.0,0,0
75,6,2,4,13,Y6023530,,,,0,30.0,0,0
75,6,2,4,14,Y6023531,,,,0,30.0,0,0
75,6,2,4,15,Y6023532,,,,0,30.0,0,0
75,6,2,4,16,Y6023533,,,,0,30.0,0,0
75,6,2,4,17,Y6023534,,,,0,30.0,0,0
75,6,2,4,18,Y6023535,,,,3737,30.0,0,0
75,6,2,4,19,Y6023536,,,,4195,30.0,0,0
75,6,2,4,20,Y6023537,,,,3823,30.0,0,0
75,6,2,4,21,Y6023538,,,,0,30.0,0,0
75,6,2,4,22,Y6023539,,,,0,30.0,0,0
75,6,2,4,23,Y6023540,,,,0,30.0,0,0
75,6,2,4,24,Y6023541,,,,0,30.0,0,0
75,6,2,4,25,Y6023542,,,,0,30.0,0,0
75,6,2,4,26,Y6023543,,,,0,30.0,0,0
75,6,2,4,27,Y6023544,,,,0,30.0,0,0
75,6,2,4,28,Y6023545,,,,0,30.0,0,0
75,6,2,4,29,Y6023546,,,,0,30.0,0,0
75,6,2,4,30,Y6023547,,,,0,30.0,0,0
75,6,2,5,10,Y6023548,,,,0,30.0,0,0
75,6,2,5,11,Y6023549,,,,0,30.0,0,0
75,6,2,5,12,Y6023550,,,,0,30.0,0,0
75,6,2,5,13,Y6023551,,,,0,30.0,0,0
75,6,2,5,14,Y6023552,,,,0,30.0,0,0
75,6,2,5,15,Y6023553,,,,0,30.0,0,0
75,6,2,5,16,Y6023554,,,,0,30.0,0,0
75,6,2,5,17,Y6023555,,,,0,30.0,0,0
75,6,2,5,18,Y6023556,,,,3761,30.0,0,0
75,6,2,5,19,Y6023557,,,,4258,30.0,0,0
75,6,2,5,20,Y6023558,,,,3884,30.0,0,0
75,6,2,5,21,Y6023559,,,,0,30.0,0,0
75,6,2,5,22,Y6023560,,,,0,30.0,0,0
75,6,2,5,23,Y6023561,,,,0,30.0,0,0
75,6,2,5,24,Y6023562,,,,0,30.0,0,0
75,6,2,5,25,Y6023563,,,,0,30.0,0,0
75,6,2,5,26,Y6023564,,,,0,30.0,0,0
75,6,2,5,27,Y6023565,,,,0,30.0,0,0
75,6,2,5,28,Y6023566,,,,0,30.0,0,0
75,6,2,5,29,Y6023567,,,,0,30.0,0,0
75,6,2,5,30,Y6023568,,,,0,30.0,0,0
75,6,2,6,10,Y6023569,,,,0,30.0,0,0
75,6,2,6,11,Y6023570,,,,0,30.0,0,0
75,6,2,6,12,Y6023571,,,,0,30.0,0,0
75,6,2,6,13,Y6023572,,,,0,30.0,0,0
75,6,2,6,14,Y6023573,,,,0,30.0,0,0
75,6,2,6,15,Y6023574,,,,0,30.0,0,0
75,6,2,6,16,Y6023575,,,,0,30.0,0,0
75,6,2,6,17,Y6023576,,,,0,30.0,0,0
75,6,2,6,18,Y6023577,,,,3756,30.0,0,0
75,6,2,6,19,Y6023578,,,,4254,30.0,0,0
75,6,2,6,20,Y6023579,,,,3877,30.0,0,0
75,6,2,6,21,Y6023580,,,,0,30.0,0,0
75,6,2,6,22,Y6023581,,,,0,30.0,0,0
75,6,2,6,23,Y6023582,,,,0,30.0,0,0
75,6,2,6,24,Y6023583,,,,0,30.0,0,0
75,6,2,6,25,Y6023584,,,,0,30.0,0,0
75,6,2,6,26,Y6023585,,,,0,30.0,0,0
75,6,2,6,27,Y6023586,,,,0,30.0,0,0
75,6,2,6,28,Y6023587,,,,0,30.0,0,0
75,6,2,6,29,Y6023588,,,,0,30.0,0,0
75,6,2,6,30,Y6023589,,,,0,30.0,0,0
75,6,2,7,10,Y6023590,,,,0,30.0,0,0
75,6,2,7,11,Y6023591,,,,0,30.0,0,0
75,6,2,7,12,Y6023592,,,,0,30.0,0,0
75,6,2,7,13,Y6023593,,,,0,30.0,0,0
75,6,2,7,14,Y6023594,,,,0,30.0,0,0
75,6,2,7,15,Y6023595,,,,0,30.0,0,0
75,6,2,7,16,Y6023596,,,,0,30.0,0,0
75,6,2,7,17,Y6023597,,,,0,30.0,0,0
75,6,2,7,18,Y6023598,,,,3787,30.0,0,0
75,6,2,7,19,Y6023599,,,,4294,30.0,0,0
75,6,2,7,20,Y6023600,,,,3928,30.0,0,0
75,6,2,7,21,Y6023601,,,,0,30.0,0,0
75,6,2,7,22,Y6023602,,,,0,30.0,0,0
75,6,2,7,23,Y6023603,,,,0,30.0,0,0
75,6,2,7,24,Y6023604,,,,0,30.0,0,0
75,6,2,7,25,Y6023605,,,,0,30.0,0,0
75,6,2,7,26,Y6023606,,,,0,30.0,0,0
75,6,2,7,27,Y6023607,,,,0,30.0,0,0
75,6,2,7,28,Y6023608,,,,0,30.0,0,0
75,6,2,7,29,Y6023609,,,,0,30.0,0,0
75,6,2,7,30,Y6023610,,,,0,30.0,0,0
75,6,2,8,10,Y6023611,,,,0,30.0,0,0
75,6,2,8,11,Y6023612,,,,0,30.0,0,0
75,6,2,8,12,Y6023613,,,,0,30.0,0,0
75,6,2,8,13,Y6023614,,,,0,30.0,0,0
75,6,2,8,14,Y6023615,,,,0,30.0,0,0
75,6,2,8,15,Y6023616,,,,0,30.0,0,0
75,6,2,8,16,Y6023617,,,,0,30.0,0,0
75,6,2,8,17,Y6023618,,,,0,30.0,0,0
75,6,2,8,18,Y6023619,,,,3778,30.0,0,0
75,6,2,8,19,Y6023620,,,,4245,30.0,0,0
75,6,2,8,20,Y6023621,,,,3881,30.0,0,0
75,6,2,8,21,Y6023622,,,,0,30.0,0,0
75,6,2,8,22,Y6023623,,,,0,30.0,0,0
75,6,2,8,23,Y6023624,,,,0,30.0,0,0
75,6,2,8,24,Y6023625,,,,0,30.0,0,0
75,6,2,8,25,Y6023626,,,,0,30.0,0,0
75,6,2,8,26,Y6023627,,,,0,30.0,0,0
75,6,2,8,27,Y6023628,,,,0,30.0,0,0
75,6,2,8,28,Y6023629,,,,0,30.0,0,0
75,6,2,8,29,Y6023630,,,,0,30.0,0,0
75,6,2,8,30,Y6023631,,,,0,30.0,0,0
75,6,2,9,10,Y6023632,,,,0,30.0,0,0
75,6,2,9,11,Y6023633,,,,0,30.0,0,0
75,6,2,9,12,Y6023634,,,,0,30.0,0,0
75,6,2,9,13,Y6023635,,,,0,30.0,0,0
75,6,2,9,14,Y6023636,,,,0,30.0,0,0
75,6,2,9,15,Y6023637,,,,0,30.0,0,0
75,6,2,9,16,Y6023638,,,,0,30.0,0,0
75,6,2,9,17,Y6023639,,,,0,30.0,0,0
75,6,2,9,18,Y6023640,,,,3817,30.0,0,0
75,6,2,9,19,Y6023641,,,,4285,30.0,0,0
75,6,2,9,20,Y6023642,,,,3921,30.0,0,0
75,6,2,9,21,Y6023643,,,,0,30.0,0,0
75,6,2,9,22,Y6023644,,,,0,30.0,0,0
75,6,2,9,23,Y6023645,,,,0,30.0,0,0
75,6,2,9,24,Y6023646,,,,0,30.0,0,0
75,6,2,9,25,Y6023647,,,,0,30.0,0,0
75,6,2,9,26,Y6023648,,,,0,30.0,0,0
75,6,2,9,27,Y6023649,,,,0,30.0,0,0
75,6,2,9,28,Y6023650,,,,0,30.0,0,0
75,6,2,9,29,Y6023651,,,,0,30.0,0,0
75,6,2,9,30,Y6023652,,,,0,30.0,0,0
75,6,2,10,10,Y6023653,,,,0,30.0,0,0
75,6,2,10,11,Y6023654,,,,0,30.0,0,0
75,6,2,10,12,Y6023655,,,,0,30.0,0,0
75,6,2,10,13,Y6023656,,,,0,30.0,0,0
75,6,2,10,14,Y6023657,,,,0,30.0,0,0
75,6,2,10,15,Y6023658,,,,0,30.0,0,0
75,6,2,10,16,Y6023659,,,,0,30.0,0,0
75,6,2,10,17,Y6023660,,,,0,30.0,0,0
75,6,2,10,18,Y6023661,,,,3881,30.0,0,0
75,6,2,10,19,Y6023662,,,,4417,30.0,0,0
75,6,2,10,20,Y6023663,,,,3959,30.0,0,0
75,6,2,10,21,Y6023664,,,,0,30.0,0,0
75,6,2,10,22,Y6023665,,,,0,30.0,0,0
75,6,2,10,23,Y6023666,,,,0,30.0,0,0
75,6,2,10,24,Y6023667,,,,0,30.0,0,0
75,6,2,10,25,Y6023668,,,,0,30.0,0,0
75,6,2,10,26,Y6023669,,,,0,30.0,0,0
75,6,2,10,27,Y6023670,,,,0,30.0,0,0
75,6,2,10,28,Y6023671,,,,0,30.0,0,0
75,6,2,10,29,Y6023672,,,,0,30.0,0,0
75,6,2,10,30,Y6023673,,,,0,30.0,0,0
75,6,2,11,10,Y6023674,,,,0,30.0,0,0
75,6,2,11,11,Y6023675,,,,0,30.0,0,0
75,6,2,11,12,Y6023676,,,,0,30.0,0,0
75,6,2,11,13,Y6023677,,,,0,30.0,0,0
75,6,2,11,14,Y6023678,,,,0,30.0,0,0
75,6,2,11,15,Y6023679,,,,0,30.0,0,0
75,6,2,11,16,Y6023680,,,,0,30.0,0,0
75,6,2,11,17,Y6023681,,,,0,30.0,0,0
75,6,2,11,18,Y6023682,,,,3950,30.0,0,0
75,6,2,11,19,Y6023683,,,,4504,30.0,0,0
75,6,2,11,20,Y6023684,,,,4040,30.0,0,0
75,6,2,11,21,Y6023685,,,,0,30.0,0,0
75,6,2,11,22,Y6023686,,,,0,30.0,0,0
75,6,2,11,23,Y6023687,,,,0,30.0,0,0
75,6,2,11,24,Y6023688,,,,0,30.0,0,0
75,6,2,11,25,Y6023689,,,,0,30.0,0,0
75,6,2,11,26,Y6023690,,,,0,30.0,0,0
75,6,2,11,27,Y6023691,,,,0,30.0,0,0
75,6,2,11,28,Y6023692,,,,0,30.0,0,0
75,6,2,11,29,Y6023693,,,,0,30.0,0,0
75,6,2,11,30,Y6023694,,,,0,30.0,0,0
75,6,2,12,10,Y6023695,,,,0,30.0,0,0
75,6,2,12,11,Y6023696,,,,0,30.0,0,0
75,6,2,12,12,Y6023697,,,,0,30.0,0,0
75,6,2,12,13,Y6023698,,,,0,30.0,0,0
75,6,2,12,14,Y6023699,,,,0,30.0,0,0
75,6,2,12,15,Y6023700,,,,0,30.0,0,0
75,6,2,12,16,Y6023701,,,,0,30.0,0,0
75,6,2,12,17,Y6023702,,,,0,30.0,0,0
75,6,2,12,18,Y6023703,,,,4439,30.0,0,0
75,6,2,12,19,Y6023704,,,,4985,30.0,0,0
75,6,2,12,20,Y6023705,,,,4533,30.0,0,0
75,6,2,12,21,Y6023706,,,,0,30.0,0,0
75,6,2,12,22,Y6023707,,,,0,30.0,0,0
75,6,2,12,23,Y6023708,,,,0,30.0,0,0
75,6,2,12,24,Y6023709,,,,0,30.0,0,0
75,6,2,12,25,Y6023710,,,,0,30.0,0,0
75,6,2,12,26,Y6023711,,,,0,30.0,0,0
75,6,2,12,27,Y6023712,,,,0,30.0,0,0
75,6,2,12,28,Y6023713,,,,0,30.0,0,0
75,6,2,12,29,Y6023714,,,,0,30.0,0,0
75,6,2,12,30,Y6023715,,,,0,30.0,0,0
75,6,3,1,10,Y6023716,,,,0,30.0,0,0
75,6,3,1,11,Y6023717,,,,0,30.0,0,0
75,6,3,1,12,Y6023718,,,,0,30.0,0,0
75,6,3,1,13,Y6023719,,,,0,30.0,0,0
75,6,3,1,14,Y6023720,,,,0,30.0,0,0
75,6,3,1,15,Y6023721,,,,0,30.0,0,0
75,6,3,1,16,Y6023722,,,,0,30.0,0,0
75,6,3,1,17,Y6023723,,,,0,30.0,0,0
75,6,3,1,18,Y6023724,,,,3622,30.0,0,0
75,6,3,1,19,Y6023725,,,,4101,30.0,0,0
75,6,3,1,20,Y6023726,,,,3728,30.0,0,0
75,6,3,1,21,Y6023727,,,,0,30.0,0,0
75,6,3,1,22,Y6023728,,,,0,30.0,0,0
75,6,3,1,23,Y6023729,,,,0,30.0,0,0
75,6,3,1,24,Y6023730,,,,0,30.0,0,0
75,6,3,1,25,Y6023731,,,,0,30.0,0,0
75,6,3,1,26,Y6023732,,,,0,30.0,0,0
75,6,3,1,27,Y6023733,,,,0,30.0,0,0
75,6,3,1,28,Y6023734,,,,0,30.0,0,0
75,6,3,1,29,Y6023735,,,,0,30.0,0,0
75,6,3,1,30,Y6023736,,,,0,30.0,0,0
75,6,3,2,10,Y6023737,,,,0,30.0,0,0
75,6,3,2,11,Y6023738,,,,0,30.0,0,0
75,6,3,2,12,Y6023739,,,,0,30.0,0,0
75,6,3,2,13,Y6023740,,,,0,30.0,0,0
75,6,3,2,14,Y6023741,,,,0,30.0,0,0
75,6,3,2,15,Y6023742,,,,0,30.0,0,0
75,6,3,2,16,Y6023743,,,,0,30.0,0,0
75,6,3,2,17,Y6023744,,,,0,30.0,0,0
75,6,3,2,18,Y6023745,,,,3612,30.0,0,0
75,6,3,2,19,Y6023746,,,,4087,30.0,0,0
75,6,3,2,20,Y6023747,,,,3714,30.0,0,0
75,6,3,2,21,Y6023748,,,,0,30.0,0,0
75,6,3,2,22,Y6023749,,,,0,30.0,0,0
75,6,3,2,23,Y6023750,,,,0,30.0,0,0
75,6,3,2,24,Y6023751,,,,0,30.0,0,0
75,6,3,2,25,Y6023752,,,,0,30.0,0,0
75,6,3,2,26,Y6023753,,,,0,30.0,0,0
75,6,3,2,27,Y6023754,,,,0,30.0,0,0
75,6,3,2,28,Y6023755,,,,0,30.0,0,0
75,6,3,2,29,Y6023756,,,,0,30.0,0,0
75,6,3,2,30,Y6023757,,,,0,30.0,0,0
75,6,3,3,10,Y6023758,,,,0,30.0,0,0
75,6,3,3,11,Y6023759,,,,0,30.0,0,0
75,6,3,3,12,Y6023760,,,,0,30.0,0,0
75,6,3,3,13,Y6023761,,,,0,30.0,0,0
75,6,3,3,14,Y6023762,,,,0,30.0,0,0
75,6,3,3,15,Y6023763,,,,0,30.0,0,0
75,6,3,3,16,Y6023764,,,,0,30.0,0,0
75,6,3,3,17,Y6023765,,,,0,30.0,0,0
75,6,3,3,18,Y6023766,,,,3651,30.0,0,0
75,6,3,3,19,Y6023767,,,,4124,30.0,0,0
75,6,3,3,20,Y6023768,,,,3751,30.0,0,0
75,6,3,3,21,Y6023769,,,,0,30.0,0,0
75,6,3,3,22,Y6023770,,,,0,30.0,0,0
75,6,3,3,23,Y6023771,,,,0,30.0,0,0
75,6,3,3,24,Y6023772,,,,0,30.0,0,0
75,6,3,3,25,Y6023773,,,,0,30.0,0,0
75,6,3,3,26,Y6023774,,,,0,30.0,0,0
75,6,3,3,27,Y6023775,,,,0,30.0,0,0
75,6,3,3,28,Y6023776,,,,0,30.0,0,0
75,6,3,3,29,Y6023777,,,,0,30.0,0,0
75,6,3,3,30,Y6023778,,,,0,30.0,0,0
75,6,3,4,10,Y6023779,,,,0,30.0,0,0
75,6,3,4,11,Y6023780,,,,0,30.0,0,0
75,6,3,4,12,Y6023781,,,,0,30.0,0,0
75,6,3,4,13,Y6023782,,,,0,30.0,0,0
75,6,3,4,14,Y6023783,,,,0,30.0,0,0
75,6,3,4,15,Y6023784,,,,0,30.0,0,0
75,6,3,4,16,Y6023785,,,,0,30.0,0,0
75,6,3,4,17,Y6023786,,,,0,30.0,0,0
75,6,3,4,18,Y6023787,,,,3737,30.0,0,0
75,6,3,4,19,Y6023788,,,,4195,30.0,0,0
75,6,3,4,20,Y6023789,,,,3823,30.0,0,0
75,6,3,4,21,Y6023790,,,,0,30.0,0,0
75,6,3,4,22,Y6023791,,,,0,30.0,0,0
75,6,3,4,23,Y6023792,,,,0,30.0,0,0
75,6,3,4,24,Y6023793,,,,0,30.0,0,0
75,6,3,4,25,Y6023794,,,,0,30.0,0,0
75,6,3,4,26,Y6023795,,,,0,30.0,0,0
75,6,3,4,27,Y6023796,,,,0,30.0,0,0
75,6,3,4,28,Y6023797,,,,0,30.0,0,0
75,6,3,4,29,Y6023798,,,,0,30.0,0,0
75,6,3,4,30,Y6023799,,,,0,30.0,0,0
75,6,3,5,10,Y6023800,,,,0,30.0,0,0
75,6,3,5,11,Y6023801,,,,0,30.0,0,0
75,6,3,5,12,Y6023802,,,,0,30.0,0,0
75,6,3,5,13,Y6023803,,,,0,30.0,0,0
75,6,3,5,14,Y6023804,,,,0,30.0,0,0
75,6,3,5,15,Y6023805,,,,0,30.0,0,0
75,6,3,5,16,Y6023806,,,,0,30.0,0,0
75,6,3,5,17,Y6023807,,,,0,30.0,0,0
75,6,3,5,18,Y6023808,,,,3761,30.0,0,0
75,6,3,5,19,Y6023809,,,,4258,30.0,0,0
75,6,3,5,20,Y6023810,,,,3885,30.0,0,0
75,6,3,5,21,Y6023811,,,,0,30.0,0,0
75,6,3,5,22,Y6023812,,,,0,30.0,0,0
75,6,3,5,23,Y6023813,,,,0,30.0,0,0
75,6,3,5,24,Y6023814,,,,0,30.0,0,0
75,6,3,5,25,Y6023815,,,,0,30.0,0,0
75,6,3,5,26,Y6023816,,,,0,30.0,0,0
75,6,3,5,27,Y6023817,,,,0,30.0,0,0
75,6,3,5,28,Y6023818,,,,0,30.0,0,0
75,6,3,5,29,Y6023819,,,,0,30.0,0,0
75,6,3,5,30,Y6023820,,,,0,30.0,0,0
75,6,3,6,10,Y6023821,,,,0,30.0,0,0
75,6,3,6,11,Y6023822,,,,0,30.0,0,0
75,6,3,6,12,Y6023823,,,,0,30.0,0,0
75,6,3,6,13,Y6023824,,,,0,30.0,0,0
75,6,3,6,14,Y6023825,,,,0,30.0,0,0
75,6,3,6,15,Y6023826,,,,0,30.0,0,0
75,6,3,6,16,Y6023827,,,,0,30.0,0,0
75,6,3,6,17,Y6023828,,,,0,30.0,0,0
75,6,3,6,18,Y6023829,,,,3757,30.0,0,0
75,6,3,6,19,Y6023830,,,,4254,30.0,0,0
75,6,3,6,20,Y6023831,,,,3877,30.0,0,0
75,6,3,6,21,Y6023832,,,,0,30.0,0,0
75,6,3,6,22,Y6023833,,,,0,30.0,0,0
75,6,3,6,23,Y6023834,,,,0,30.0,0,0
75,6,3,6,24,Y6023835,,,,0,30.0,0,0
75,6,3,6,25,Y6023836,,,,0,30.0,0,0
75,6,3,6,26,Y6023837,,,,0,30.0,0,0
75,6,3,6,27,Y6023838,,,,0,30.0,0,0
75,6,3,6,28,Y6023839,,,,0,30.0,0,0
75,6,3,6,29,Y6023840,,,,0,30.0,0,0
75,6,3,6,30,Y6023841,,,,0,30.0,0,0
75,6,3,7,10,Y6023842,,,,0,30.0,0,0
75,6,3,7,11,Y6023843,,,,0,30.0,0,0
75,6,3,7,12,Y6023844,,,,0,30.0,0,0
75,6,3,7,13,Y6023845,,,,0,30.0,0,0
75,6,3,7,14,Y6023846,,,,0,30.0,0,0
75,6,3,7,15,Y6023847,,,,0,30.0,0,0
75,6,3,7,16,Y6023848,,,,0,30.0,0,0
75,6,3,7,17,Y6023849,,,,0,30.0,0,0
75,6,3,7,18,Y6023850,,,,3787,30.0,0,0
75,6,3,7,19,Y6023851,,,,4295,30.0,0,0
75,6,3,7,20,Y6023852,,,,3928,30.0,0,0
75,6,3,7,21,Y6023853,,,,0,30.0,0,0
75,6,3,7,22,Y6023854,,,,0,30.0,0,0
75,6,3,7,23,Y6023855,,,,0,30.0,0,0
75,6,3,7,24,Y6023856,,,,0,30.0,0,0
75,6,3,7,25,Y6023857,,,,0,30.0,0,0
75,6,3,7,26,Y6023858,,,,0,30.0,0,0
75,6,3,7,27,Y6023859,,,,0,30.0,0,0
75,6,3,7,28,Y6023860,,,,0,30.0,0,0
75,6,3,7,29,Y6023861,,,,0,30.0,0,0
75,6,3,7,30,Y6023862,,,,0,30.0,0,0
75,6,3,8,10,Y6023863,,,,0,30.0,0,0
75,6,3,8,11,Y6023864,,,,0,30.0,0,0
75,6,3,8,12,Y6023865,,,,0,30.0,0,0
75,6,3,8,13,Y6023866,,,,0,30.0,0,0
75,6,3,8,14,Y6023867,,,,0,30.0,0,0
75,6,3,8,15,Y6023868,,,,0,30.0,0,0
75,6,3,8,16,Y6023869,,,,0,30.0,0,0
75,6,3,8,17,Y6023870,,,,0,30.0,0,0
75,6,3,8,18,Y6023871,,,,3778,30.0,0,0
75,6,3,8,19,Y6023872,,,,4245,30.0,0,0
75,6,3,8,20,Y6023873,,,,3882,30.0,0,0
75,6,3,8,21,Y6023874,,,,0,30.0,0,0
75,6,3,8,22,Y6023875,,,,0,30.0,0,0
75,6,3,8,23,Y6023876,,,,0,30.0,0,0
75,6,3,8,24,Y6023877,,,,0,30.0,0,0
75,6,3,8,25,Y6023878,,,,0,30.0,0,0
75,6,3,8,26,Y6023879,,,,0,30.0,0,0
75,6,3,8,27,Y6023880,,,,0,30.0,0,0
75,6,3,8,28,Y6023881,,,,0,30.0,0,0
75,6,3,8,29,Y6023882,,,,0,30.0,0,0
75,6,3,8,30,Y6023883,,,,0,30.0,0,0
75,6,3,9,10,Y6023884,,,,0,30.0,0,0
75,6,3,9,11,Y6023885,,,,0,30.0,0,0
75,6,3,9,12,Y6023886,,,,0,30.0,0,0
75,6,3,9,13,Y6023887,,,,0,30.0,0,0
75,6,3,9,14,Y6023888,,,,0,30.0,0,0
75,6,3,9,15,Y6023889,,,,0,30.0,0,0
75,6,3,9,16,Y6023890,,,,0,30.0,0,0
75,6,3,9,17,Y6023891,,,,0,30.0,0,0
75,6,3,9,18,Y6023892,,,,3817,30.0,0,0
75,6,3,9,19,Y6023893,,,,4288,30.0,0,0
75,6,3,9,20,Y6023894,,,,3925,30.0,0,0
75,6,3,9,21,Y6023895,,,,0,30.0,0,0
75,6,3,9,22,Y6023896,,,,0,30.0,0,0
75,6,3,9,23,Y6023897,,,,0,30.0,0,0
75,6,3,9,24,Y6023898,,,,0,30.0,0,0
75,6,3,9,25,Y6023899,,,,0,30.0,0,0
75,6,3,9,26,Y6023900,,,,0,30.0,0,0
75,6,3,9,27,Y6023901,,,,0,30.0,0,0
75,6,3,9,28,Y6023902,,,,0,30.0,0,0
75,6,3,9,29,Y6023903,,,,0,30.0,0,0
75,6,3,9,30,Y6023904,,,,0,30.0,0,0
75,6,3,10,10,Y6023905,,,,0,30.0,0,0
75,6,3,10,11,Y6023906,,,,0,30.0,0,0
75,6,3,10,12,Y6023907,,,,0,30.0,0,0
75,6,3,10,13,Y6023908,,,,0,30.0,0,0
75,6,3,10,14,Y6023909,,,,0,30.0,0,0
75,6,3,10,15,Y6023910,,,,0,30.0,0,0
75,6,3,10,16,Y6023911,,,,0,30.0,0,0
75,6,3,10,17,Y6023912,,,,0,30.0,0,0
75,6,3,10,18,Y6023913,,,,3881,30.0,0,0
75,6,3,10,19,Y6023914,,,,4420,30.0,0,0
75,6,3,10,20,Y6023915,,,,3962,30.0,0,0
75,6,3,10,21,Y6023916,,,,0,30.0,0,0
75,6,3,10,22,Y6023917,,,,0,30.0,0,0
75,6,3,10,23,Y6023918,,,,0,30.0,0,0
75,6,3,10,24,Y6023919,,,,0,30.0,0,0
75,6,3,10,25,Y6023920,,,,0,30.0,0,0
75,6,3,10,26,Y6023921,,,,0,30.0,0,0
75,6,3,10,27,Y6023922,,,,0,30.0,0,0
75,6,3,10,28,Y6023923,,,,0,30.0,0,0
75,6,3,10,29,Y6023924,,,,0,30.0,0,0
75,6,3,10,30,Y6023925,,,,0,30.0,0,0
75,6,3,11,10,Y6023926,,,,0,30.0,0,0
75,6,3,11,11,Y6023927,,,,0,30.0,0,0
75,6,3,11,12,Y6023928,,,,0,30.0,0,0
75,6,3,11,13,Y6023929,,,,0,30.0,0,0
75,6,3,11,14,Y6023930,,,,0,30.0,0,0
75,6,3,11,15,Y6023931,,,,0,30.0,0,0
75,6,3,11,16,Y6023932,,,,0,30.0,0,0
75,6,3,11,17,Y6023933,,,,0,30.0,0,0
75,6,3,11,18,Y6023934,,,,3950,30.0,0,0
75,6,3,11,19,Y6023935,,,,4508,30.0,0,0
75,6,3,11,20,Y6023936,,,,4044,30.0,0,0
75,6,3,11,21,Y6023937,,,,0,30.0,0,0
75,6,3,11,22,Y6023938,,,,0,30.0,0,0
75,6,3,11,23,Y6023939,,,,0,30.0,0,0
75,6,3,11,24,Y6023940,,,,0,30.0,0,0
75,6,3,11,25,Y6023941,,,,0,30.0,0,0
75,6,3,11,26,Y6023942,,,,0,30.0,0,0
75,6,3,11,27,Y6023943,,,,0,30.0,0,0
75,6,3,11,28,Y6023944,,,,0,30.0,0,0
75,6,3,11,29,Y6023945,,,,0,30.0,0,0
75,6,3,11,30,Y6023946,,,,0,30.0,0,0
75,6,3,12,10,Y6023947,,,,0,30.0,0,0
75,6,3,12,11,Y6023948,,,,0,30.0,0,0
75,6,3,12,12,Y6023949,,,,0,30.0,0,0
75,6,3,12,13,Y6023950,,,,0,30.0,0,0
75,6,3,12,14,Y6023951,,,,0,30.0,0,0
75,6,3,12,15,Y6023952,,,,0,30.0,0,0
75,6,3,12,16,Y6023953,,,,0,30.0,0,0
75,6,3,12,17,Y6023954,,,,0,30.0,0,0
75,6,3,12,18,Y6023955,,,,4439,30.0,0,0
75,6,3,12,19,Y6023956,,,,4988,30.0,0,0
75,6,3,12,20,Y6023957,,,,4536,30.0,0,0
75,6,3,12,21,Y6023958,,,,0,30.0,0,0
75,6,3,12,22,Y6023959,,,,0,30.0,0,0
75,6,3,12,23,Y6023960,,,,0,30.0,0,0
75,6,3,12,24,Y6023961,,,,0,30.0,0,0
75,6,3,12,25,Y6023962,,,,0,30.0,0,0
75,6,3,12,26,Y6023963,,,,0,30.0,0,0
75,6,3,12,27,Y6023964,,,,0,30.0,0,0
75,6,3,12,28,Y6023965,,,,0,30.0,0,0
75,6,3,12,29,Y6023966,,,,0,30.0,0,0
75,6,3,12,30,Y6023967,,,,0,30.0,0,0
75,6,4,1,10,Y6023968,,,,0,30.0,0,0
75,6,4,1,11,Y6023969,,,,0,30.0,0,0
75,6,4,1,12,Y6023970,,,,0,30.0,0,0
75,6,4,1,13,Y6023971,,,,0,30.0,0,0
75,6,4,1,14,Y6023972,,,,0,30.0,0,0
75,6,4,1,15,Y6023973,,,,0,30.0,0,0
75,6,4,1,16,Y6023974,,,,0,30.0,0,0
75,6,4,1,17,Y6023975,,,,0,30.0,0,0
75,6,4,1,18,Y6023976,,,,3469,30.0,0,0
75,6,4,1,19,Y6023977,,,,3976,30.0,0,0
75,6,4,1,20,Y6023978,,,,3604,30.0,0,0
75,6,4,1,21,Y6023979,,,,0,30.0,0,0
75,6,4,1,22,Y6023980,,,,0,30.0,0,0
75,6,4,1,23,Y6023981,,,,0,30.0,0,0
75,6,4,1,24,Y6023982,,,,0,30.0,0,0
75,6,4,1,25,Y6023983,,,,0,30.0,0,0
75,6,4,1,26,Y6023984,,,,0,30.0,0,0
75,6,4,1,27,Y6023985,,,,0,30.0,0,0
75,6,4,1,28,Y6023986,,,,0,30.0,0,0
75,6,4,1,29,Y6023987,,,,0,30.0,0,0
75,6,4,1,30,Y6023988,,,,0,30.0,0,0
75,6,4,2,10,Y6023989,,,,0,30.0,0,0
75,6,4,2,11,Y6023990,,,,0,30.0,0,0
75,6,4,2,12,Y6023991,,,,0,30.0,0,0
75,6,4,2,13,Y6023992,,,,0,30.0,0,0
75,6,4,2,14,Y6023993,,,,0,30.0,0,0
75,6,4,2,15,Y6023994,,,,0,30.0,0,0
75,6,4,2,16,Y6023995,,,,0,30.0,0,0
75,6,4,2,17,Y6023996,,,,0,30.0,0,0
75,6,4,2,18,Y6023997,,,,3460,30.0,0,0
75,6,4,2,19,Y6023998,,,,3961,30.0,0,0
75,6,4,2,20,Y6023999,,,,3589,30.0,0,0
75,6,4,2,21,Y6024000,,,,0,30.0,0,0
75,6,4,2,22,Y6024001,,,,0,30.0,0,0
75,6,4,2,23,Y6024002,,,,0,30.0,0,0
75,6,4,2,24,Y6024003,,,,0,30.0,0,0
75,6,4,2,25,Y6024004,,,,0,30.0,0,0
75,6,4,2,26,Y6024005,,,,0,30.0,0,0
75,6,4,2,27,Y6024006,,,,0,30.0,0,0
75,6,4,2,28,Y6024007,,,,0,30.0,0,0
75,6,4,2,29,Y6024008,,,,0,30.0,0,0
75,6,4,2,30,Y6024009,,,,0,30.0,0,0
75,6,4,3,10,Y6024010,,,,0,30.0,0,0
75,6,4,3,11,Y6024011,,,,0,30.0,0,0
75,6,4,3,12,Y6024012,,,,0,30.0,0,0
75,6,4,3,13,Y6024013,,,,0,30.0,0,0
75,6,4,3,14,Y6024014,,,,0,30.0,0,0
75,6,4,3,15,Y6024015,,,,0,30.0,0,0
75,6,4,3,16,Y6024016,,,,0,30.0,0,0
75,6,4,3,17,Y6024017,,,,0,30.0,0,0
75,6,4,3,18,Y6024018,,,,3492,30.0,0,0
75,6,4,3,19,Y6024019,,,,3992,30.0,0,0
75,6,4,3,20,Y6024020,,,,3619,30.0,0,0
75,6,4,3,21,Y6024021,,,,0,30.0,0,0
75,6,4,3,22,Y6024022,,,,0,30.0,0,0
75,6,4,3,23,Y6024023,,,,0,30.0,0,0
75,6,4,3,24,Y6024024,,,,0,30.0,0,0
75,6,4,3,25,Y6024025,,,,0,30.0,0,0
75,6,4,3,26,Y6024026,,,,0,30.0,0,0
75,6,4,3,27,Y6024027,,,,0,30.0,0,0
75,6,4,3,28,Y6024028,,,,0,30.0,0,0
75,6,4,3,29,Y6024029,,,,0,30.0,0,0
75,6,4,3,30,Y6024030,,,,0,30.0,0,0
75,6,4,4,10,Y6024031,,,,0,30.0,0,0
75,6,4,4,11,Y6024032,,,,0,30.0,0,0
75,6,4,4,12,Y6024033,,,,0,30.0,0,0
75,6,4,4,13,Y6024034,,,,0,30.0,0,0
75,6,4,4,14,Y6024035,,,,0,30.0,0,0
75,6,4,4,15,Y6024036,,,,0,30.0,0,0
75,6,4,4,16,Y6024037,,,,0,30.0,0,0
75,6,4,4,17,Y6024038,,,,0,30.0,0,0
75,6,4,4,18,Y6024039,,,,3579,30.0,0,0
75,6,4,4,19,Y6024040,,,,4063,30.0,0,0
75,6,4,4,20,Y6024041,,,,3692,30.0,0,0
75,6,4,4,21,Y6024042,,,,0,30.0,0,0
75,6,4,4,22,Y6024043,,,,0,30.0,0,0
75,6,4,4,23,Y6024044,,,,0,30.0,0,0
75,6,4,4,24,Y6024045,,,,0,30.0,0,0
75,6,4,4,25,Y6024046,,,,0,30.0,0,0
75,6,4,4,26,Y6024047,,,,0,30.0,0,0
75,6,4,4,27,Y6024048,,,,0,30.0,0,0
75,6,4,4,28,Y6024049,,,,0,30.0,0,0
75,6,4,4,29,Y6024050,,,,0,30.0,0,0
75,6,4,4,30,Y6024051,,,,0,30.0,0,0
75,6,4,5,10,Y6024052,,,,0,30.0,0,0
75,6,4,5,11,Y6024053,,,,0,30.0,0,0
75,6,4,5,12,Y6024054,,,,0,30.0,0,0
75,6,4,5,13,Y6024055,,,,0,30.0,0,0
75,6,4,5,14,Y6024056,,,,0,30.0,0,0
75,6,4,5,15,Y6024057,,,,0,30.0,0,0
75,6,4,5,16,Y6024058,,,,0,30.0,0,0
75,6,4,5,17,Y6024059,,,,0,30.0,0,0
75,6,4,5,18,Y6024060,,,,3628,30.0,0,0
75,6,4,5,19,Y6024061,,,,4152,30.0,0,0
75,6,4,5,20,Y6024062,,,,3779,30.0,0,0
75,6,4,5,21,Y6024063,,,,0,30.0,0,0
75,6,4,5,22,Y6024064,,,,0,30.0,0,0
75,6,4,5,23,Y6024065,,,,0,30.0,0,0
75,6,4,5,24,Y6024066,,,,0,30.0,0,0
75,6,4,5,25,Y6024067,,,,0,30.0,0,0
75,6,4,5,26,Y6024068,,,,0,30.0,0,0
75,6,4,5,27,Y6024069,,,,0,30.0,0,0
75,6,4,5,28,Y6024070,,,,0,30.0,0,0
75,6,4,5,29,Y6024071,,,,0,30.0,0,0
75,6,4,5,30,Y6024072,,,,0,30.0,0,0
75,6,4,6,10,Y6024073,,,,0,30.0,0,0
75,6,4,6,11,Y6024074,,,,0,30.0,0,0
75,6,4,6,12,Y6024075,,,,0,30.0,0,0
75,6,4,6,13,Y6024076,,,,0,30.0,0,0
75,6,4,6,14,Y6024077,,,,0,30.0,0,0
75,6,4,6,15,Y6024078,,,,0,30.0,0,0
75,6,4,6,16,Y6024079,,,,0,30.0,0,0
75,6,4,6,17,Y6024080,,,,0,30.0,0,0
75,6,4,6,18,Y6024081,,,,3624,30.0,0,0
75,6,4,6,19,Y6024082,,,,4147,30.0,0,0
75,6,4,6,20,Y6024083,,,,3771,30.0,0,0
75,6,4,6,21,Y6024084,,,,0,30.0,0,0
75,6,4,6,22,Y6024085,,,,0,30.0,0,0
75,6,4,6,23,Y6024086,,,,0,30.0,0,0
75,6,4,6,24,Y6024087,,,,0,30.0,0,0
75,6,4,6,25,Y6024088,,,,0,30.0,0,0
75,6,4,6,26,Y6024089,,,,0,30.0,0,0
75,6,4,6,27,Y6024090,,,,0,30.0,0,0
75,6,4,6,28,Y6024091,,,,0,30.0,0,0
75,6,4,6,29,Y6024092,,,,0,30.0,0,0
75,6,4,6,30,Y6024093,,,,0,30.0,0,0
75,6,4,7,10,Y6024094,,,,0,30.0,0,0
75,6,4,7,11,Y6024095,,,,0,30.0,0,0
75,6,4,7,12,Y6024096,,,,0,30.0,0,0
75,6,4,7,13,Y6024097,,,,0,30.0,0,0
75,6,4,7,14,Y6024098,,,,0,30.0,0,0
75,6,4,7,15,Y6024099,,,,0,30.0,0,0
75,6,4,7,16,Y6024100,,,,0,30.0,0,0
75,6,4,7,17,Y6024101,,,,0,30.0,0,0
75,6,4,7,18,Y6024102,,,,3654,30.0,0,0
75,6,4,7,19,Y6024103,,,,4188,30.0,0,0
75,6,4,7,20,Y6024104,,,,3822,30.0,0,0
75,6,4,7,21,Y6024105,,,,0,30.0,0,0
75,6,4,7,22,Y6024106,,,,0,30.0,0,0
75,6,4,7,23,Y6024107,,,,0,30.0,0,0
75,6,4,7,24,Y6024108,,,,0,30.0,0,0
75,6,4,7,25,Y6024109,,,,0,30.0,0,0
75,6,4,7,26,Y6024110,,,,0,30.0,0,0
75,6,4,7,27,Y6024111,,,,0,30.0,0,0
75,6,4,7,28,Y6024112,,,,0,30.0,0,0
75,6,4,7,29,Y6024113,,,,0,30.0,0,0
75,6,4,7,30,Y6024114,,,,0,30.0,0,0
75,6,4,8,10,Y6024115,,,,0,30.0,0,0
75,6,4,8,11,Y6024116,,,,0,30.0,0,0
75,6,4,8,12,Y6024117,,,,0,30.0,0,0
75,6,4,8,13,Y6024118,,,,0,30.0,0,0
75,6,4,8,14,Y6024119,,,,0,30.0,0,0
75,6,4,8,15,Y6024120,,,,0,30.0,0,0
75,6,4,8,16,Y6024121,,,,0,30.0,0,0
75,6,4,8,17,Y6024122,,,,0,30.0,0,0
75,6,4,8,18,Y6024123,,,,3642,30.0,0,0
75,6,4,8,19,Y6024124,,,,4135,30.0,0,0
75,6,4,8,20,Y6024125,,,,3772,30.0,0,0
75,6,4,8,21,Y6024126,,,,0,30.0,0,0
75,6,4,8,22,Y6024127,,,,0,30.0,0,0
75,6,4,8,23,Y6024128,,,,0,30.0,0,0
75,6,4,8,24,Y6024129,,,,0,30.0,0,0
75,6,4,8,25,Y6024130,,,,0,30.0,0,0
75,6,4,8,26,Y6024131,,,,0,30.0,0,0
75,6,4,8,27,Y6024132,,,,0,30.0,0,0
75,6,4,8,28,Y6024133,,,,0,30.0,0,0
75,6,4,8,29,Y6024134,,,,0,30.0,0,0
75,6,4,8,30,Y6024135,,,,0,30.0,0,0
75,6,4,9,10,Y6024136,,,,0,30.0,0,0
75,6,4,9,11,Y6024137,,,,0,30.0,0,0
75,6,4,9,12,Y6024138,,,,0,30.0,0,0
75,6,4,9,13,Y6024139,,,,0,30.0,0,0
75,6,4,9,14,Y6024140,,,,0,30.0,0,0
75,6,4,9,15,Y6024141,,,,0,30.0,0,0
75,6,4,9,16,Y6024142,,,,0,30.0,0,0
75,6,4,9,17,Y6024143,,,,0,30.0,0,0
75,6,4,9,18,Y6024144,,,,3678,30.0,0,0
75,6,4,9,19,Y6024145,,,,4176,30.0,0,0
75,6,4,9,20,Y6024146,,,,3813,30.0,0,0
75,6,4,9,21,Y6024147,,,,0,30.0,0,0
75,6,4,9,22,Y6024148,,,,0,30.0,0,0
75,6,4,9,23,Y6024149,,,,0,30.0,0,0
75,6,4,9,24,Y6024150,,,,0,30.0,0,0
75,6,4,9,25,Y6024151,,,,0,30.0,0,0
75,6,4,9,26,Y6024152,,,,0,30.0,0,0
75,6,4,9,27,Y6024153,,,,0,30.0,0,0
75,6,4,9,28,Y6024154,,,,0,30.0,0,0
75,6,4,9,29,Y6024155,,,,0,30.0,0,0
75,6,4,9,30,Y6024156,,,,0,30.0,0,0
75,6,4,10,10,Y6024157,,,,0,30.0,0,0
75,6,4,10,11,Y6024158,,,,0,30.0,0,0
75,6,4,10,12,Y6024159,,,,0,30.0,0,0
75,6,4,10,13,Y6024160,,,,0,30.0,0,0
75,6,4,10,14,Y6024161,,,,0,30.0,0,0
75,6,4,10,15,Y6024162,,,,0,30.0,0,0
75,6,4,10,16,Y6024163,,,,0,30.0,0,0
75,6,4,10,17,Y6024164,,,,0,30.0,0,0
75,6,4,10,18,Y6024165,,,,3748,30.0,0,0
75,6,4,10,19,Y6024166,,,,4314,30.0,0,0
75,6,4,10,20,Y6024167,,,,3856,30.0,0,0
75,6,4,10,21,Y6024168,,,,0,30.0,0,0
75,6,4,10,22,Y6024169,,,,0,30.0,0,0
75,6,4,10,23,Y6024170,,,,0,30.0,0,0
75,6,4,10,24,Y6024171,,,,0,30.0,0,0
75,6,4,10,25,Y6024172,,,,0,30.0,0,0
75,6,4,10,26,Y6024173,,,,0,30.0,0,0
75,6,4,10,27,Y6024174,,,,0,30.0,0,0
75,6,4,10,28,Y6024175,,,,0,30.0,0,0
75,6,4,10,29,Y6024176,,,,0,30.0,0,0
75,6,4,10,30,Y6024177,,,,0,30.0,0,0
75,6,4,11,10,Y6024178,,,,0,30.0,0,0
75,6,4,11,11,Y6024179,,,,0,30.0,0,0
75,6,4,11,12,Y6024180,,,,0,30.0,0,0
75,6,4,11,13,Y6024181,,,,0,30.0,0,0
75,6,4,11,14,Y6024182,,,,0,30.0,0,0
75,6,4,11,15,Y6024183,,,,0,30.0,0,0
75,6,4,11,16,Y6024184,,,,0,30.0,0,0
75,6,4,11,17,Y6024185,,,,0,30.0,0,0
75,6,4,11,18,Y6024186,,,,3820,30.0,0,0
75,6,4,11,19,Y6024187,,,,4403,30.0,0,0
75,6,4,11,20,Y6024188,,,,3940,30.0,0,0
75,6,4,11,21,Y6024189,,,,0,30.0,0,0
75,6,4,11,22,Y6024190,,,,0,30.0,0,0
75,6,4,11,23,Y6024191,,,,0,30.0,0,0
75,6,4,11,24,Y6024192,,,,0,30.0,0,0
75,6,4,11,25,Y6024193,,,,0,30.0,0,0
75,6,4,11,26,Y6024194,,,,0,30.0,0,0
75,6,4,11,27,Y6024195,,,,0,30.0,0,0
75,6,4,11,28,Y6024196,,,,0,30.0,0,0
75,6,4,11,29,Y6024197,,,,0,30.0,0,0
75,6,4,11,30,Y6024198,,,,0,30.0,0,0
75,6,4,12,10,Y6024199,,,,0,30.0,0,0
75,6,4,12,11,Y6024200,,,,0,30.0,0,0
75,6,4,12,12,Y6024201,,,,0,30.0,0,0
75,6,4,12,13,Y6024202,,,,0,30.0,0,0
75,6,4,12,14,Y6024203,,,,0,30.0,0,0
75,6,4,12,15,Y6024204,,,,0,30.0,0,0
75,6,4,12,16,Y6024205,,,,0,30.0,0,0
75,6,4,12,17,Y6024206,,,,0,30.0,0,0
75,6,4,12,18,Y6024207,,,,4309,30.0,0,0
75,6,4,12,19,Y6024208,,,,4884,30.0,0,0
75,6,4,12,20,Y6024209,,,,4433,30.0,0,0
75,6,4,12,21,Y6024210,,,,0,30.0,0,0
75,6,4,12,22,Y6024211,,,,0,30.0,0,0
75,6,4,12,23,Y6024212,,,,0,30.0,0,0
75,6,4,12,24,Y6024213,,,,0,30.0,0,0
75,6,4,12,25,Y6024214,,,,0,30.0,0,0
75,6,4,12,26,Y6024215,,,,0,30.0,0,0
75,6,4,12,27,Y6024216,,,,0,30.0,0,0
75,6,4,12,28,Y6024217,,,,0,30.0,0,0
75,6,4,12,29,Y6024218,,,,0,30.0,0,0
75,6,4,12,30,Y6024219,,,,0,30.0,0,0
75,6,5,1,10,Y6024220,,,,0,30.0,0,0
75,6,5,1,11,Y6024221,,,,0,30.0,0,0
75,6,5,1,12,Y6024222,,,,0,30.0,0,0
75,6,5,1,13,Y6024223,,,,0,30.0,0,0
75,6,5,1,14,Y6024224,,,,0,30.0,0,0
75,6,5,1,15,Y6024225,,,,0,30.0,0,0
75,6,5,1,16,Y6024226,,,,0,30.0,0,0
75,6,5,1,17,Y6024227,,,,0,30.0,0,0
75,6,5,1,18,Y6024228,,,,3313,30.0,0,0
75,6,5,1,19,Y6024229,,,,3825,30.0,0,0
75,6,5,1,20,Y6024230,,,,3442,30.0,0,0
75,6,5,1,21,Y6024231,,,,0,30.0,0,0
75,6,5,1,22,Y6024232,,,,0,30.0,0,0
75,6,5,1,23,Y6024233,,,,0,30.0,0,0
75,6,5,1,24,Y6024234,,,,0,30.0,0,0
75,6,5,1,25,Y6024235,,,,0,30.0,0,0
75,6,5,1,26,Y6024236,,,,0,30.0,0,0
75,6,5,1,27,Y6024237,,,,0,30.0,0,0
75,6,5,1,28,Y6024238,,,,0,30.0,0,0
75,6,5,1,29,Y6024239,,,,0,30.0,0,0
75,6,5,1,30,Y6024240,,,,0,30.0,0,0
75,6,5,2,10,Y6024241,,,,0,30.0,0,0
75,6,5,2,11,Y6024242,,,,0,30.0,0,0
75,6,5,2,12,Y6024243,,,,0,30.0,0,0
75,6,5,2,13,Y6024244,,,,0,30.0,0,0
75,6,5,2,14,Y6024245,,,,0,30.0,0,0
75,6,5,2,15,Y6024246,,,,0,30.0,0,0
75,6,5,2,16,Y6024247,,,,0,30.0,0,0
75,6,5,2,17,Y6024248,,,,0,30.0,0,0
75,6,5,2,18,Y6024249,,,,3300,30.0,0,0
75,6,5,2,19,Y6024250,,,,3806,30.0,0,0
75,6,5,2,20,Y6024251,,,,3422,30.0,0,0
75,6,5,2,21,Y6024252,,,,0,30.0,0,0
75,6,5,2,22,Y6024253,,,,0,30.0,0,0
75,6,5,2,23,Y6024254,,,,0,30.0,0,0
75,6,5,2,24,Y6024255,,,,0,30.0,0,0
75,6,5,2,25,Y6024256,,,,0,30.0,0,0
75,6,5,2,26,Y6024257,,,,0,30.0,0,0
75,6,5,2,27,Y6024258,,,,0,30.0,0,0
75,6,5,2,28,Y6024259,,,,0,30.0,0,0
75,6,5,2,29,Y6024260,,,,0,30.0,0,0
75,6,5,2,30,Y6024261,,,,0,30.0,0,0
75,6,5,3,10,Y6024262,,,,0,30.0,0,0
75,6,5,3,11,Y6024263,,,,0,30.0,0,0
75,6,5,3,12,Y6024264,,,,0,30.0,0,0
75,6,5,3,13,Y6024265,,,,0,30.0,0,0
75,6,5,3,14,Y6024266,,,,0,30.0,0,0
75,6,5,3,15,Y6024267,,,,0,30.0,0,0
75,6,5,3,16,Y6024268,,,,0,30.0,0,0
75,6,5,3,17,Y6024269,,,,0,30.0,0,0
75,6,5,3,18,Y6024270,,,,3326,30.0,0,0
75,6,5,3,19,Y6024271,,,,3830,30.0,0,0
75,6,5,3,20,Y6024272,,,,3447,30.0,0,0
75,6,5,3,21,Y6024273,,,,0,30.0,0,0
75,6,5,3,22,Y6024274,,,,0,30.0,0,0
75,6,5,3,23,Y6024275,,,,0,30.0,0,0
75,6,5,3,24,Y6024276,,,,0,30.0,0,0
75,6,5,3,25,Y6024277,,,,0,30.0,0,0
75,6,5,3,26,Y6024278,,,,0,30.0,0,0
75,6,5,3,27,Y6024279,,,,0,30.0,0,0
75,6,5,3,28,Y6024280,,,,0,30.0,0,0
75,6,5,3,29,Y6024281,,,,0,30.0,0,0
75,6,5,3,30,Y6024282,,,,0,30.0,0,0
75,6,5,4,10,Y6024283,,,,0,30.0,0,0
75,6,5,4,11,Y6024284,,,,0,30.0,0,0
75,6,5,4,12,Y6024285,,,,0,30.0,0,0
75,6,5,4,13,Y6024286,,,,0,30.0,0,0
75,6,5,4,14,Y6024287,,,,0,30.0,0,0
75,6,5,4,15,Y6024288,,,,0,30.0,0,0
75,6,5,4,16,Y6024289,,,,0,30.0,0,0
75,6,5,4,17,Y6024290,,,,0,30.0,0,0
75,6,5,4,18,Y6024291,,,,3412,30.0,0,0
75,6,5,4,19,Y6024292,,,,3902,30.0,0,0
75,6,5,4,20,Y6024293,,,,3519,30.0,0,0
75,6,5,4,21,Y6024294,,,,0,30.0,0,0
75,6,5,4,22,Y6024295,,,,0,30.0,0,0
75,6,5,4,23,Y6024296,,,,0,30.0,0,0
75,6,5,4,24,Y6024297,,,,0,30.0,0,0
75,6,5,4,25,Y6024298,,,,0,30.0,0,0
75,6,5,4,26,Y6024299,,,,0,30.0,0,0
75,6,5,4,27,Y6024300,,,,0,30.0,0,0
75,6,5,4,28,Y6024301,,,,0,30.0,0,0
75,6,5,4,29,Y6024302,,,,0,30.0,0,0
75,6,5,4,30,Y6024303,,,,0,30.0,0,0
75,6,5,5,10,Y6024304,,,,0,30.0,0,0
75,6,5,5,11,Y6024305,,,,0,30.0,0,0
75,6,5,5,12,Y6024306,,,,0,30.0,0,0
75,6,5,5,13,Y6024307,,,,0,30.0,0,0
75,6,5,5,14,Y6024308,,,,0,30.0,0,0
75,6,5,5,15,Y6024309,,,,0,30.0,0,0
75,6,5,5,16,Y6024310,,,,0,30.0,0,0
75,6,5,5,17,Y6024311,,,,0,30.0,0,0
75,6,5,5,18,Y6024312,,,,3461,30.0,0,0
75,6,5,5,19,Y6024313,,,,3989,30.0,0,0
75,6,5,5,20,Y6024314,,,,3605,30.0,0,0
75,6,5,5,21,Y6024315,,,,0,30.0,0,0
75,6,5,5,22,Y6024316,,,,0,30.0,0,0
75,6,5,5,23,Y6024317,,,,0,30.0,0,0
75,6,5,5,24,Y6024318,,,,0,30.0,0,0
75,6,5,5,25,Y6024319,,,,0,30.0,0,0
75,6,5,5,26,Y6024320,,,,0,30.0,0,0
75,6,5,5,27,Y6024321,,,,0,30.0,0,0
75,6,5,5,28,Y6024322,,,,0,30.0,0,0
75,6,5,5,29,Y6024323,,,,0,30.0,0,0
75,6,5,5,30,Y6024324,,,,0,30.0,0,0
75,6,5,6,10,Y6024325,,,,0,30.0,0,0
75,6,5,6,11,Y6024326,,,,0,30.0,0,0
75,6,5,6,12,Y6024327,,,,0,30.0,0,0
75,6,5,6,13,Y6024328,,,,0,30.0,0,0
75,6,5,6,14,Y6024329,,,,0,30.0,0,0
75,6,5,6,15,Y6024330,,,,0,30.0,0,0
75,6,5,6,16,Y6024331,,,,0,30.0,0,0
75,6,5,6,17,Y6024332,,,,0,30.0,0,0
75,6,5,6,18,Y6024333,,,,3456,30.0,0,0
75,6,5,6,19,Y6024334,,,,3984,30.0,0,0
75,6,5,6,20,Y6024335,,,,3597,30.0,0,0
75,6,5,6,21,Y6024336,,,,0,30.0,0,0
75,6,5,6,22,Y6024337,,,,0,30.0,0,0
75,6,5,6,23,Y6024338,,,,0,30.0,0,0
75,6,5,6,24,Y6024339,,,,0,30.0,0,0
75,6,5,6,25,Y6024340,,,,0,30.0,0,0
75,6,5,6,26,Y6024341,,,,0,30.0,0,0
75,6,5,6,27,Y6024342,,,,0,30.0,0,0
75,6,5,6,28,Y6024343,,,,0,30.0,0,0
75,6,5,6,29,Y6024344,,,,0,30.0,0,0
75,6,5,6,30,Y6024345,,,,0,30.0,0,0
75,6,5,7,10,Y6024346,,,,0,30.0,0,0
75,6,5,7,11,Y6024347,,,,0,30.0,0,0
75,6,5,7,12,Y6024348,,,,0,30.0,0,0
75,6,5,7,13,Y6024349,,,,0,30.0,0,0
75,6,5,7,14,Y6024350,,,,0,30.0,0,0
75,6,5,7,15,Y6024351,,,,0,30.0,0,0
75,6,5,7,16,Y6024352,,,,0,30.0,0,0
75,6,5,7,17,Y6024353,,,,0,30.0,0,0
75,6,5,7,18,Y6024354,,,,3486,30.0,0,0
75,6,5,7,19,Y6024355,,,,4025,30.0,0,0
75,6,5,7,20,Y6024356,,,,3648,30.0,0,0
75,6,5,7,21,Y6024357,,,,0,30.0,0,0
75,6,5,7,22,Y6024358,,,,0,30.0,0,0
75,6,5,7,23,Y6024359,,,,0,30.0,0,0
75,6,5,7,24,Y6024360,,,,0,30.0,0,0
75,6,5,7,25,Y6024361,,,,0,30.0,0,0
75,6,5,7,26,Y6024362,,,,0,30.0,0,0
75,6,5,7,27,Y6024363,,,,0,30.0,0,0
75,6,5,7,28,Y6024364,,,,0,30.0,0,0
75,6,5,7,29,Y6024365,,,,0,30.0,0,0
75,6,5,7,30,Y6024366,,,,0,30.0,0,0
75,6,5,8,10,Y6024367,,,,0,30.0,0,0
75,6,5,8,11,Y6024368,,,,0,30.0,0,0
75,6,5,8,12,Y6024369,,,,0,30.0,0,0
75,6,5,8,13,Y6024370,,,,0,30.0,0,0
75,6,5,8,14,Y6024371,,,,0,30.0,0,0
75,6,5,8,15,Y6024372,,,,0,30.0,0,0
75,6,5,8,16,Y6024373,,,,0,30.0,0,0
75,6,5,8,17,Y6024374,,,,0,30.0,0,0
75,6,5,8,18,Y6024375,,,,3511,30.0,0,0
75,6,5,8,19,Y6024376,,,,4009,30.0,0,0
75,6,5,8,20,Y6024377,,,,3636,30.0,0,0
75,6,5,8,21,Y6024378,,,,0,30.0,0,0
75,6,5,8,22,Y6024379,,,,0,30.0,0,0
75,6,5,8,23,Y6024380,,,,0,30.0,0,0
75,6,5,8,24,Y6024381,,,,0,30.0,0,0
75,6,5,8,25,Y6024382,,,,0,30.0,0,0
75,6,5,8,26,Y6024383,,,,0,30.0,0,0
75,6,5,8,27,Y6024384,,,,0,30.0,0,0
75,6,5,8,28,Y6024385,,,,0,30.0,0,0
75,6,5,8,29,Y6024386,,,,0,30.0,0,0
75,6,5,8,30,Y6024387,,,,0,30.0,0,0
75,6,5,9,10,Y6024388,,,,0,30.0,0,0
75,6,5,9,11,Y6024389,,,,0,30.0,0,0
75,6,5,9,12,Y6024390,,,,0,30.0,0,0
75,6,5,9,13,Y6024391,,,,0,30.0,0,0
75,6,5,9,14,Y6024392,,,,0,30.0,0,0
75,6,5,9,15,Y6024393,,,,0,30.0,0,0
75,6,5,9,16,Y6024394,,,,0,30.0,0,0
75,6,5,9,17,Y6024395,,,,0,30.0,0,0
75,6,5,9,18,Y6024396,,,,3548,30.0,0,0
75,6,5,9,19,Y6024397,,,,4050,30.0,0,0
75,6,5,9,20,Y6024398,,,,3676,30.0,0,0
75,6,5,9,21,Y6024399,,,,0,30.0,0,0
75,6,5,9,22,Y6024400,,,,0,30.0,0,0
75,6,5,9,23,Y6024401,,,,0,30.0,0,0
75,6,5,9,24,Y6024402,,,,0,30.0,0,0
75,6,5,9,25,Y6024403,,,,0,30.0,0,0
75,6,5,9,26,Y6024404,,,,0,30.0,0,0
75,6,5,9,27,Y6024405,,,,0,30.0,0,0
75,6,5,9,28,Y6024406,,,,0,30.0,0,0
75,6,5,9,29,Y6024407,,,,0,30.0,0,0
75,6,5,9,30,Y6024408,,,,0,30.0,0,0
75,6,5,10,10,Y6024409,,,,0,30.0,0,0
75,6,5,10,11,Y6024410,,,,0,30.0,0,0
75,6,5,10,12,Y6024411,,,,0,30.0,0,0
75,6,5,10,13,Y6024412,,,,0,30.0,0,0
75,6,5,10,14,Y6024413,,,,0,30.0,0,0
75,6,5,10,15,Y6024414,,,,0,30.0,0,0
75,6,5,10,16,Y6024415,,,,0,30.0,0,0
75,6,5,10,17,Y6024416,,,,0,30.0,0,0
75,6,5,10,18,Y6024417,,,,3618,30.0,0,0
75,6,5,10,19,Y6024418,,,,4188,30.0,0,0
75,6,5,10,20,Y6024419,,,,3720,30.0,0,0
75,6,5,10,21,Y6024420,,,,0,30.0,0,0
75,6,5,10,22,Y6024421,,,,0,30.0,0,0
75,6,5,10,23,Y6024422,,,,0,30.0,0,0
75,6,5,10,24,Y6024423,,,,0,30.0,0,0
75,6,5,10,25,Y6024424,,,,0,30.0,0,0
75,6,5,10,26,Y6024425,,,,0,30.0,0,0
75,6,5,10,27,Y6024426,,,,0,30.0,0,0
75,6,5,10,28,Y6024427,,,,0,30.0,0,0
75,6,5,10,29,Y6024428,,,,0,30.0,0,0
75,6,5,10,30,Y6024429,,,,0,30.0,0,0
75,6,5,11,10,Y6024430,,,,0,30.0,0,0
75,6,5,11,11,Y6024431,,,,0,30.0,0,0
75,6,5,11,12,Y6024432,,,,0,30.0,0,0
75,6,5,11,13,Y6024433,,,,0,30.0,0,0
75,6,5,11,14,Y6024434,,,,0,30.0,0,0
75,6,5,11,15,Y6024435,,,,0,30.0,0,0
75,6,5,11,16,Y6024436,,,,0,30.0,0,0
75,6,5,11,17,Y6024437,,,,0,30.0,0,0
75,6,5,11,18,Y6024438,,,,3689,30.0,0,0
75,6,5,11,19,Y6024439,,,,4278,30.0,0,0
75,6,5,11,20,Y6024440,,,,3803,30.0,0,0
75,6,5,11,21,Y6024441,,,,0,30.0,0,0
75,6,5,11,22,Y6024442,,,,0,30.0,0,0
75,6,5,11,23,Y6024443,,,,0,30.0,0,0
75,6,5,11,24,Y6024444,,,,0,30.0,0,0
75,6,5,11,25,Y6024445,,,,0,30.0,0,0
75,6,5,11,26,Y6024446,,,,0,30.0,0,0
75,6,5,11,27,Y6024447,,,,0,30.0,0,0
75,6,5,11,28,Y6024448,,,,0,30.0,0,0
75,6,5,11,29,Y6024449,,,,0,30.0,0,0
75,6,5,11,30,Y6024450,,,,0,30.0,0,0
75,6,5,12,10,Y6024451,,,,0,30.0,0,0
75,6,5,12,11,Y6024452,,,,0,30.0,0,0
75,6,5,12,12,Y6024453,,,,0,30.0,0,0
75,6,5,12,13,Y6024454,,,,0,30.0,0,0
75,6,5,12,14,Y6024455,,,,0,30.0,0,0
75,6,5,12,15,Y6024456,,,,0,30.0,0,0
75,6,5,12,16,Y6024457,,,,0,30.0,0,0
75,6,5,12,17,Y6024458,,,,0,30.0,0,0
75,6,5,12,18,Y6024459,,,,4178,30.0,0,0
75,6,5,12,19,Y6024460,,,,4758,30.0,0,0
75,6,5,12,20,Y6024461,,,,4296,30.0,0,0
75,6,5,12,21,Y6024462,,,,0,30.0,0,0
75,6,5,12,22,Y6024463,,,,0,30.0,0,0
75,6,5,12,23,Y6024464,,,,0,30.0,0,0
75,6,5,12,24,Y6024465,,,,0,30.0,0,0
75,6,5,12,25,Y6024466,,,,0,30.0,0,0
75,6,5,12,26,Y6024467,,,,0,30.0,0,0
75,6,5,12,27,Y6024468,,,,0,30.0,0,0
75,6,5,12,28,Y6024469,,,,0,30.0,0,0
75,6,5,12,29,Y6024470,,,,0,30.0,0,0
75,6,5,12,30,Y6024471,,,,0,30.0,0,0
75,6,6,1,10,Y6024472,,,,0,30.0,0,0
75,6,6,1,11,Y6024473,,,,0,30.0,0,0
75,6,6,1,12,Y6024474,,,,0,30.0,0,0
75,6,6,1,13,Y6024475,,,,0,30.0,0,0
75,6,6,1,14,Y6024476,,,,0,30.0,0,0
75,6,6,1,15,Y6024477,,,,0,30.0,0,0
75,6,6,1,16,Y6024478,,,,0,30.0,0,0
75,6,6,1,17,Y6024479,,,,0,30.0,0,0
75,6,6,1,18,Y6024480,,,,3126,30.0,0,0
75,6,6,1,19,Y6024481,,,,3603,30.0,0,0
75,6,6,1,20,Y6024482,,,,3202,30.0,0,0
75,6,6,1,21,Y6024483,,,,0,30.0,0,0
75,6,6,1,22,Y6024484,,,,0,30.0,0,0
75,6,6,1,23,Y6024485,,,,0,30.0,0,0
75,6,6,1,24,Y6024486,,,,0,30.0,0,0
75,6,6,1,25,Y6024487,,,,0,30.0,0,0
75,6,6,1,26,Y6024488,,,,0,30.0,0,0
75,6,6,1,27,Y6024489,,,,0,30.0,0,0
75,6,6,1,28,Y6024490,,,,0,30.0,0,0
75,6,6,1,29,Y6024491,,,,0,30.0,0,0
75,6,6,1,30,Y6024492,,,,0,30.0,0,0
75,6,6,2,10,Y6024493,,,,0,30.0,0,0
75,6,6,2,11,Y6024494,,,,0,30.0,0,0
75,6,6,2,12,Y6024495,,,,0,30.0,0,0
75,6,6,2,13,Y6024496,,,,0,30.0,0,0
75,6,6,2,14,Y6024497,,,,0,30.0,0,0
75,6,6,2,15,Y6024498,,,,0,30.0,0,0
75,6,6,2,16,Y6024499,,,,0,30.0,0,0
75,6,6,2,17,Y6024500,,,,0,30.0,0,0
75,6,6,2,18,Y6024501,,,,3113,30.0,0,0
75,6,6,2,19,Y6024502,,,,3583,30.0,0,0
75,6,6,2,20,Y6024503,,,,3182,30.0,0,0
75,6,6,2,21,Y6024504,,,,0,30.0,0,0
75,6,6,2,22,Y6024505,,,,0,30.0,0,0
75,6,6,2,23,Y6024506,,,,0,30.0,0,0
75,6,6,2,24,Y6024507,,,,0,30.0,0,0
75,6,6,2,25,Y6024508,,,,0,30.0,0,0
75,6,6,2,26,Y6024509,,,,0,30.0,0,0
75,6,6,2,27,Y6024510,,,,0,30.0,0,0
75,6,6,2,28,Y6024511,,,,0,30.0,0,0
75,6,6,2,29,Y6024512,,,,0,30.0,0,0
75,6,6,2,30,Y6024513,,,,0,30.0,0,0
75,6,6,3,10,Y6024514,,,,0,30.0,0,0
75,6,6,3,11,Y6024515,,,,0,30.0,0,0
75,6,6,3,12,Y6024516,,,,0,30.0,0,0
75,6,6,3,13,Y6024517,,,,0,30.0,0,0
75,6,6,3,14,Y6024518,,,,0,30.0,0,0
75,6,6,3,15,Y6024519,,,,0,30.0,0,0
75,6,6,3,16,Y6024520,,,,0,30.0,0,0
75,6,6,3,17,Y6024521,,,,0,30.0,0,0
75,6,6,3,18,Y6024522,,,,3139,30.0,0,0
75,6,6,3,19,Y6024523,,,,3608,30.0,0,0
75,6,6,3,20,Y6024524,,,,3207,30.0,0,0
75,6,6,3,21,Y6024525,,,,0,30.0,0,0
75,6,6,3,22,Y6024526,,,,0,30.0,0,0
75,6,6,3,23,Y6024527,,,,0,30.0,0,0
75,6,6,3,24,Y6024528,,,,0,30.0,0,0
75,6,6,3,25,Y6024529,,,,0,30.0,0,0
75,6,6,3,26,Y6024530,,,,0,30.0,0,0
75,6,6,3,27,Y6024531,,,,0,30.0,0,0
75,6,6,3,28,Y6024532,,,,0,30.0,0,0
75,6,6,3,29,Y6024533,,,,0,30.0,0,0
75,6,6,3,30,Y6024534,,,,0,30.0,0,0
75,6,6,4,10,Y6024535,,,,0,30.0,0,0
75,6,6,4,11,Y6024536,,,,0,30.0,0,0
75,6,6,4,12,Y6024537,,,,0,30.0,0,0
75,6,6,4,13,Y6024538,,,,0,30.0,0,0
75,6,6,4,14,Y6024539,,,,0,30.0,0,0
75,6,6,4,15,Y6024540,,,,0,30.0,0,0
75,6,6,4,16,Y6024541,,,,0,30.0,0,0
75,6,6,4,17,Y6024542,,,,0,30.0,0,0
75,6,6,4,18,Y6024543,,,,3225,30.0,0,0
75,6,6,4,19,Y6024544,,,,3679,30.0,0,0
75,6,6,4,20,Y6024545,,,,3279,30.0,0,0
75,6,6,4,21,Y6024546,,,,0,30.0,0,0
75,6,6,4,22,Y6024547,,,,0,30.0,0,0
75,6,6,4,23,Y6024548,,,,0,30.0,0,0
75,6,6,4,24,Y6024549,,,,0,30.0,0,0
75,6,6,4,25,Y6024550,,,,0,30.0,0,0
75,6,6,4,26,Y6024551,,,,0,30.0,0,0
75,6,6,4,27,Y6024552,,,,0,30.0,0,0
75,6,6,4,28,Y6024553,,,,0,30.0,0,0
75,6,6,4,29,Y6024554,,,,0,30.0,0,0
75,6,6,4,30,Y6024555,,,,0,30.0,0,0
75,6,6,5,10,Y6024556,,,,0,30.0,0,0
75,6,6,5,11,Y6024557,,,,0,30.0,0,0
75,6,6,5,12,Y6024558,,,,0,30.0,0,0
75,6,6,5,13,Y6024559,,,,0,30.0,0,0
75,6,6,5,14,Y6024560,,,,0,30.0,0,0
75,6,6,5,15,Y6024561,,,,0,30.0,0,0
75,6,6,5,16,Y6024562,,,,0,30.0,0,0
75,6,6,5,17,Y6024563,,,,0,30.0,0,0
75,6,6,5,18,Y6024564,,,,3274,30.0,0,0
75,6,6,5,19,Y6024565,,,,3766,30.0,0,0
75,6,6,5,20,Y6024566,,,,3365,30.0,0,0
75,6,6,5,21,Y6024567,,,,0,30.0,0,0
75,6,6,5,22,Y6024568,,,,0,30.0,0,0
75,6,6,5,23,Y6024569,,,,0,30.0,0,0
75,6,6,5,24,Y6024570,,,,0,30.0,0,0
75,6,6,5,25,Y6024571,,,,0,30.0,0,0
75,6,6,5,26,Y6024572,,,,0,30.0,0,0
75,6,6,5,27,Y6024573,,,,0,30.0,0,0
75,6,6,5,28,Y6024574,,,,0,30.0,0,0
75,6,6,5,29,Y6024575,,,,0,30.0,0,0
75,6,6,5,30,Y6024576,,,,0,30.0,0,0
75,6,6,6,10,Y6024577,,,,0,30.0,0,0
75,6,6,6,11,Y6024578,,,,0,30.0,0,0
75,6,6,6,12,Y6024579,,,,0,30.0,0,0
75,6,6,6,13,Y6024580,,,,0,30.0,0,0
75,6,6,6,14,Y6024581,,,,0,30.0,0,0
75,6,6,6,15,Y6024582,,,,0,30.0,0,0
75,6,6,6,16,Y6024583,,,,0,30.0,0,0
75,6,6,6,17,Y6024584,,,,0,30.0,0,0
75,6,6,6,18,Y6024585,,,,3269,30.0,0,0
75,6,6,6,19,Y6024586,,,,3762,30.0,0,0
75,6,6,6,20,Y6024587,,,,3357,30.0,0,0
75,6,6,6,21,Y6024588,,,,0,30.0,0,0
75,6,6,6,22,Y6024589,,,,0,30.0,0,0
75,6,6,6,23,Y6024590,,,,0,30.0,0,0
75,6,6,6,24,Y6024591,,,,0,30.0,0,0
75,6,6,6,25,Y6024592,,,,0,30.0,0,0
75,6,6,6,26,Y6024593,,,,0,30.0,0,0
75,6,6,6,27,Y6024594,,,,0,30.0,0,0
75,6,6,6,28,Y6024595,,,,0,30.0,0,0
75,6,6,6,29,Y6024596,,,,0,30.0,0,0
75,6,6,6,30,Y6024597,,,,0,30.0,0,0
75,6,6,7,10,Y6024598,,,,0,30.0,0,0
75,6,6,7,11,Y6024599,,,,0,30.0,0,0
75,6,6,7,12,Y6024600,,,,0,30.0,0,0
75,6,6,7,13,Y6024601,,,,0,30.0,0,0
75,6,6,7,14,Y6024602,,,,0,30.0,0,0
75,6,6,7,15,Y6024603,,,,0,30.0,0,0
75,6,6,7,16,Y6024604,,,,0,30.0,0,0
75,6,6,7,17,Y6024605,,,,0,30.0,0,0
75,6,6,7,18,Y6024606,,,,3299,30.0,0,0
75,6,6,7,19,Y6024607,,,,3802,30.0,0,0
75,6,6,7,20,Y6024608,,,,3408,30.0,0,0
75,6,6,7,21,Y6024609,,,,0,30.0,0,0
75,6,6,7,22,Y6024610,,,,0,30.0,0,0
75,6,6,7,23,Y6024611,,,,0,30.0,0,0
75,6,6,7,24,Y6024612,,,,0,30.0,0,0
75,6,6,7,25,Y6024613,,,,0,30.0,0,0
75,6,6,7,26,Y6024614,,,,0,30.0,0,0
75,6,6,7,27,Y6024615,,,,0,30.0,0,0
75,6,6,7,28,Y6024616,,,,0,30.0,0,0
75,6,6,7,29,Y6024617,,,,0,30.0,0,0
75,6,6,7,30,Y6024618,,,,0,30.0,0,0
75,6,6,8,10,Y6024619,,,,0,30.0,0,0
75,6,6,8,11,Y6024620,,,,0,30.0,0,0
75,6,6,8,12,Y6024621,,,,0,30.0,0,0
75,6,6,8,13,Y6024622,,,,0,30.0,0,0
75,6,6,8,14,Y6024623,,,,0,30.0,0,0
75,6,6,8,15,Y6024624,,,,0,30.0,0,0
75,6,6,8,16,Y6024625,,,,0,30.0,0,0
75,6,6,8,17,Y6024626,,,,0,30.0,0,0
75,6,6,8,18,Y6024627,,,,3324,30.0,0,0
75,6,6,8,19,Y6024628,,,,3786,30.0,0,0
75,6,6,8,20,Y6024629,,,,3395,30.0,0,0
75,6,6,8,21,Y6024630,,,,0,30.0,0,0
75,6,6,8,22,Y6024631,,,,0,30.0,0,0
75,6,6,8,23,Y6024632,,,,0,30.0,0,0
75,6,6,8,24,Y6024633,,,,0,30.0,0,0
75,6,6,8,25,Y6024634,,,,0,30.0,0,0
75,6,6,8,26,Y6024635,,,,0,30.0,0,0
75,6,6,8,27,Y6024636,,,,0,30.0,0,0
75,6,6,8,28,Y6024637,,,,0,30.0,0,0
75,6,6,8,29,Y6024638,,,,0,30.0,0,0
75,6,6,8,30,Y6024639,,,,0,30.0,0,0
75,6,6,9,10,Y6024640,,,,0,30.0,0,0
75,6,6,9,11,Y6024641,,,,0,30.0,0,0
75,6,6,9,12,Y6024642,,,,0,30.0,0,0
75,6,6,9,13,Y6024643,,,,0,30.0,0,0
75,6,6,9,14,Y6024644,,,,0,30.0,0,0
75,6,6,9,15,Y6024645,,,,0,30.0,0,0
75,6,6,9,16,Y6024646,,,,0,30.0,0,0
75,6,6,9,17,Y6024647,,,,0,30.0,0,0
75,6,6,9,18,Y6024648,,,,3358,30.0,0,0
75,6,6,9,19,Y6024649,,,,3824,30.0,0,0
75,6,6,9,20,Y6024650,,,,3432,30.0,0,0
75,6,6,9,21,Y6024651,,,,0,30.0,0,0
75,6,6,9,22,Y6024652,,,,0,30.0,0,0
75,6,6,9,23,Y6024653,,,,0,30.0,0,0
75,6,6,9,24,Y6024654,,,,0,30.0,0,0
75,6,6,9,25,Y6024655,,,,0,30.0,0,0
75,6,6,9,26,Y6024656,,,,0,30.0,0,0
75,6,6,9,27,Y6024657,,,,0,30.0,0,0
75,6,6,9,28,Y6024658,,,,0,30.0,0,0
75,6,6,9,29,Y6024659,,,,0,30.0,0,0
75,6,6,9,30,Y6024660,,,,0,30.0,0,0
75,6,6,10,10,Y6024661,,,,0,30.0,0,0
75,6,6,10,11,Y6024662,,,,0,30.0,0,0
75,6,6,10,12,Y6024663,,,,0,30.0,0,0
75,6,6,10,13,Y6024664,,,,0,30.0,0,0
75,6,6,10,14,Y6024665,,,,0,30.0,0,0
75,6,6,10,15,Y6024666,,,,0,30.0,0,0
75,6,6,10,16,Y6024667,,,,0,30.0,0,0
75,6,6,10,17,Y6024668,,,,0,30.0,0,0
75,6,6,10,18,Y6024669,,,,3459,30.0,0,0
75,6,6,10,19,Y6024670,,,,4004,30.0,0,0
75,6,6,10,20,Y6024671,,,,3517,30.0,0,0
75,6,6,10,21,Y6024672,,,,0,30.0,0,0
75,6,6,10,22,Y6024673,,,,0,30.0,0,0
75,6,6,10,23,Y6024674,,,,0,30.0,0,0
75,6,6,10,24,Y6024675,,,,0,30.0,0,0
75,6,6,10,25,Y6024676,,,,0,30.0,0,0
75,6,6,10,26,Y6024677,,,,0,30.0,0,0
75,6,6,10,27,Y6024678,,,,0,30.0,0,0
75,6,6,10,28,Y6024679,,,,0,30.0,0,0
75,6,6,10,29,Y6024680,,,,0,30.0,0,0
75,6,6,10,30,Y6024681,,,,0,30.0,0,0
75,6,6,11,10,Y6024682,,,,0,30.0,0,0
75,6,6,11,11,Y6024683,,,,0,30.0,0,0
75,6,6,11,12,Y6024684,,,,0,30.0,0,0
75,6,6,11,13,Y6024685,,,,0,30.0,0,0
75,6,6,11,14,Y6024686,,,,0,30.0,0,0
75,6,6,11,15,Y6024687,,,,0,30.0,0,0
75,6,6,11,16,Y6024688,,,,0,30.0,0,0
75,6,6,11,17,Y6024689,,,,0,30.0,0,0
75,6,6,11,18,Y6024690,,,,3530,30.0,0,0
75,6,6,11,19,Y6024691,,,,4093,30.0,0,0
75,6,6,11,20,Y6024692,,,,3601,30.0,0,0
75,6,6,11,21,Y6024693,,,,0,30.0,0,0
75,6,6,11,22,Y6024694,,,,0,30.0,0,0
75,6,6,11,23,Y6024695,,,,0,30.0,0,0
75,6,6,11,24,Y6024696,,,,0,30.0,0,0
75,6,6,11,25,Y6024697,,,,0,30.0,0,0
75,6,6,11,26,Y6024698,,,,0,30.0,0,0
75,6,6,11,27,Y6024699,,,,0,30.0,0,0
75,6,6,11,28,Y6024700,,,,0,30.0,0,0
75,6,6,11,29,Y6024701,,,,0,30.0,0,0
75,6,6,11,30,Y6024702,,,,0,30.0,0,0
75,6,6,12,10,Y6024703,,,,0,30.0,0,0
75,6,6,12,11,Y6024704,,,,0,30.0,0,0
75,6,6,12,12,Y6024705,,,,0,30.0,0,0
75,6,6,12,13,Y6024706,,,,0,30.0,0,0
75,6,6,12,14,Y6024707,,,,0,30.0,0,0
75,6,6,12,15,Y6024708,,,,0,30.0,0,0
75,6,6,12,16,Y6024709,,,,0,30.0,0,0
75,6,6,12,17,Y6024710,,,,0,30.0,0,0
75,6,6,12,18,Y6024711,,,,4019,30.0,0,0
75,6,6,12,19,Y6024712,,,,4574,30.0,0,0
75,6,6,12,20,Y6024713,,,,4094,30.0,0,0
75,6,6,12,21,Y6024714,,,,0,30.0,0,0
75,6,6,12,22,Y6024715,,,,0,30.0,0,0
75,6,6,12,23,Y6024716,,,,0,30.0,0,0
75,6,6,12,24,Y6024717,,,,0,30.0,0,0
75,6,6,12,25,Y6024718,,,,0,30.0,0,0
75,6,6,12,26,Y6024719,,,,0,30.0,0,0
75,6,6,12,27,Y6024720,,,,0,30.0,0,0
75,6,6,12,28,Y6024721,,,,0,30.0,0,0
75,6,6,12,29,Y6024722,,,,0,30.0,0,0
75,6,6,12,30,Y6024723,,,,0,30.0,0,0
75,6,7,1,10,Y6024724,,,,0,30.0,0,0
75,6,7,1,11,Y6024725,,,,0,30.0,0,0
75,6,7,1,12,Y6024726,,,,0,30.0,0,0
75,6,7,1,13,Y6024727,,,,0,30.0,0,0
75,6,7,1,14,Y6024728,,,,0,30.0,0,0
75,6,7,1,15,Y6024729,,,,0,30.0,0,0
75,6,7,1,16,Y6024730,,,,0,30.0,0,0
75,6,7,1,17,Y6024731,,,,0,30.0,0,0
75,6,7,1,18,Y6024732,,,,3063,30.0,0,0
75,6,7,1,19,Y6024733,,,,3548,30.0,0,0
75,6,7,1,20,Y6024734,,,,3104,30.0,0,0
75,6,7,1,21,Y6024735,,,,0,30.0,0,0
75,6,7,1,22,Y6024736,,,,0,30.0,0,0
75,6,7,1,23,Y6024737,,,,0,30.0,0,0
75,6,7,1,24,Y6024738,,,,0,30.0,0,0
75,6,7,1,25,Y6024739,,,,0,30.0,0,0
75,6,7,1,26,Y6024740,,,,0,30.0,0,0
75,6,7,1,27,Y6024741,,,,0,30.0,0,0
75,6,7,1,28,Y6024742,,,,0,30.0,0,0
75,6,7,1,29,Y6024743,,,,0,30.0,0,0
75,6,7,1,30,Y6024744,,,,0,30.0,0,0
75,6,7,2,10,Y6024745,,,,0,30.0,0,0
75,6,7,2,11,Y6024746,,,,0,30.0,0,0
75,6,7,2,12,Y6024747,,,,0,30.0,0,0
75,6,7,2,13,Y6024748,,,,0,30.0,0,0
75,6,7,2,14,Y6024749,,,,0,30.0,0,0
75,6,7,2,15,Y6024750,,,,0,30.0,0,0
75,6,7,2,16,Y6024751,,,,0,30.0,0,0
75,6,7,2,17,Y6024752,,,,0,30.0,0,0
75,6,7,2,18,Y6024753,,,,3049,30.0,0,0
75,6,7,2,19,Y6024754,,,,3529,30.0,0,0
75,6,7,2,20,Y6024755,,,,3084,30.0,0,0
75,6,7,2,21,Y6024756,,,,0,30.0,0,0
75,6,7,2,22,Y6024757,,,,0,30.0,0,0
75,6,7,2,23,Y6024758,,,,0,30.0,0,0
75,6,7,2,24,Y6024759,,,,0,30.0,0,0
75,6,7,2,25,Y6024760,,,,0,30.0,0,0
75,6,7,2,26,Y6024761,,,,0,30.0,0,0
75,6,7,2,27,Y6024762,,,,0,30.0,0,0
75,6,7,2,28,Y6024763,,,,0,30.0,0,0
75,6,7,2,29,Y6024764,,,,0,30.0,0,0
75,6,7,2,30,Y6024765,,,,0,30.0,0,0
75,6,7,3,10,Y6024766,,,,0,30.0,0,0
75,6,7,3,11,Y6024767,,,,0,30.0,0,0
75,6,7,3,12,Y6024768,,,,0,30.0,0,0
75,6,7,3,13,Y6024769,,,,0,30.0,0,0
75,6,7,3,14,Y6024770,,,,0,30.0,0,0
75,6,7,3,15,Y6024771,,,,0,30.0,0,0
75,6,7,3,16,Y6024772,,,,0,30.0,0,0
75,6,7,3,17,Y6024773,,,,0,30.0,0,0
75,6,7,3,18,Y6024774,,,,3062,30.0,0,0
75,6,7,3,19,Y6024775,,,,3540,30.0,0,0
75,6,7,3,20,Y6024776,,,,3096,30.0,0,0
75,6,7,3,21,Y6024777,,,,0,30.0,0,0
75,6,7,3,22,Y6024778,,,,0,30.0,0,0
75,6,7,3,23,Y6024779,,,,0,30.0,0,0
75,6,7,3,24,Y6024780,,,,0,30.0,0,0
75,6,7,3,25,Y6024781,,,,0,30.0,0,0
75,6,7,3,26,Y6024782,,,,0,30.0,0,0
75,6,7,3,27,Y6024783,,,,0,30.0,0,0
75,6,7,3,28,Y6024784,,,,0,30.0,0,0
75,6,7,3,29,Y6024785,,,,0,30.0,0,0
75,6,7,3,30,Y6024786,,,,0,30.0,0,0
75,6,7,4,10,Y6024787,,,,0,30.0,0,0
75,6,7,4,11,Y6024788,,,,0,30.0,0,0
75,6,7,4,12,Y6024789,,,,0,30.0,0,0
75,6,7,4,13,Y6024790,,,,0,30.0,0,0
75,6,7,4,14,Y6024791,,,,0,30.0,0,0
75,6,7,4,15,Y6024792,,,,0,30.0,0,0
75,6,7,4,16,Y6024793,,,,0,30.0,0,0
75,6,7,4,17,Y6024794,,,,0,30.0,0,0
75,6,7,4,18,Y6024795,,,,3149,30.0,0,0
75,6,7,4,19,Y6024796,,,,3612,30.0,0,0
75,6,7,4,20,Y6024797,,,,3168,30.0,0,0
75,6,7,4,21,Y6024798,,,,0,30.0,0,0
75,6,7,4,22,Y6024799,,,,0,30.0,0,0
75,6,7,4,23,Y6024800,,,,0,30.0,0,0
75,6,7,4,24,Y6024801,,,,0,30.0,0,0
75,6,7,4,25,Y6024802,,,,0,30.0,0,0
75,6,7,4,26,Y6024803,,,,0,30.0,0,0
75,6,7,4,27,Y6024804,,,,0,30.0,0,0
75,6,7,4,28,Y6024805,,,,0,30.0,0,0
75,6,7,4,29,Y6024806,,,,0,30.0,0,0
75,6,7,4,30,Y6024807,,,,0,30.0,0,0
75,6,7,5,10,Y6024808,,,,0,30.0,0,0
75,6,7,5,11,Y6024809,,,,0,30.0,0,0
75,6,7,5,12,Y6024810,,,,0,30.0,0,0
75,6,7,5,13,Y6024811,,,,0,30.0,0,0
75,6,7,5,14,Y6024812,,,,0,30.0,0,0
75,6,7,5,15,Y6024813,,,,0,30.0,0,0
75,6,7,5,16,Y6024814,,,,0,30.0,0,0
75,6,7,5,17,Y6024815,,,,0,30.0,0,0
75,6,7,5,18,Y6024816,,,,3197,30.0,0,0
75,6,7,5,19,Y6024817,,,,3699,30.0,0,0
75,6,7,5,20,Y6024818,,,,3253,30.0,0,0
75,6,7,5,21,Y6024819,,,,0,30.0,0,0
75,6,7,5,22,Y6024820,,,,0,30.0,0,0
75,6,7,5,23,Y6024821,,,,0,30.0,0,0
75,6,7,5,24,Y6024822,,,,0,30.0,0,0
75,6,7,5,25,Y6024823,,,,0,30.0,0,0
75,6,7,5,26,Y6024824,,,,0,30.0,0,0
75,6,7,5,27,Y6024825,,,,0,30.0,0,0
75,6,7,5,28,Y6024826,,,,0,30.0,0,0
75,6,7,5,29,Y6024827,,,,0,30.0,0,0
75,6,7,5,30,Y6024828,,,,0,30.0,0,0
75,6,7,6,10,Y6024829,,,,0,30.0,0,0
75,6,7,6,11,Y6024830,,,,0,30.0,0,0
75,6,7,6,12,Y6024831,,,,0,30.0,0,0
75,6,7,6,13,Y6024832,,,,0,30.0,0,0
75,6,7,6,14,Y6024833,,,,0,30.0,0,0
75,6,7,6,15,Y6024834,,,,0,30.0,0,0
75,6,7,6,16,Y6024835,,,,0,30.0,0,0
75,6,7,6,17,Y6024836,,,,0,30.0,0,0
75,6,7,6,18,Y6024837,,,,3192,30.0,0,0
75,6,7,6,19,Y6024838,,,,3694,30.0,0,0
75,6,7,6,20,Y6024839,,,,3246,30.0,0,0
75,6,7,6,21,Y6024840,,,,0,30.0,0,0
75,6,7,6,22,Y6024841,,,,0,30.0,0,0
75,6,7,6,23,Y6024842,,,,0,30.0,0,0
75,6,7,6,24,Y6024843,,,,0,30.0,0,0
75,6,7,6,25,Y6024844,,,,0,30.0,0,0
75,6,7,6,26,Y6024845,,,,0,30.0,0,0
75,6,7,6,27,Y6024846,,,,0,30.0,0,0
75,6,7,6,28,Y6024847,,,,0,30.0,0,0
75,6,7,6,29,Y6024848,,,,0,30.0,0,0
75,6,7,6,30,Y6024849,,,,0,30.0,0,0
75,6,7,7,10,Y6024850,,,,0,30.0,0,0
75,6,7,7,11,Y6024851,,,,0,30.0,0,0
75,6,7,7,12,Y6024852,,,,0,30.0,0,0
75,6,7,7,13,Y6024853,,,,0,30.0,0,0
75,6,7,7,14,Y6024854,,,,0,30.0,0,0
75,6,7,7,15,Y6024855,,,,0,30.0,0,0
75,6,7,7,16,Y6024856,,,,0,30.0,0,0
75,6,7,7,17,Y6024857,,,,0,30.0,0,0
75,6,7,7,18,Y6024858,,,,3222,30.0,0,0
75,6,7,7,19,Y6024859,,,,3735,30.0,0,0
75,6,7,7,20,Y6024860,,,,3297,30.0,0,0
75,6,7,7,21,Y6024861,,,,0,30.0,0,0
75,6,7,7,22,Y6024862,,,,0,30.0,0,0
75,6,7,7,23,Y6024863,,,,0,30.0,0,0
75,6,7,7,24,Y6024864,,,,0,30.0,0,0
75,6,7,7,25,Y6024865,,,,0,30.0,0,0
75,6,7,7,26,Y6024866,,,,0,30.0,0,0
75,6,7,7,27,Y6024867,,,,0,30.0,0,0
75,6,7,7,28,Y6024868,,,,0,30.0,0,0
75,6,7,7,29,Y6024869,,,,0,30.0,0,0
75,6,7,7,30,Y6024870,,,,0,30.0,0,0
75,6,7,8,10,Y6024871,,,,0,30.0,0,0
75,6,7,8,11,Y6024872,,,,0,30.0,0,0
75,6,7,8,12,Y6024873,,,,0,30.0,0,0
75,6,7,8,13,Y6024874,,,,0,30.0,0,0
75,6,7,8,14,Y6024875,,,,0,30.0,0,0
75,6,7,8,15,Y6024876,,,,0,30.0,0,0
75,6,7,8,16,Y6024877,,,,0,30.0,0,0
75,6,7,8,17,Y6024878,,,,0,30.0,0,0
75,6,7,8,18,Y6024879,,,,3288,30.0,0,0
75,6,7,8,19,Y6024880,,,,3739,30.0,0,0
75,6,7,8,20,Y6024881,,,,3304,30.0,0,0
75,6,7,8,21,Y6024882,,,,0,30.0,0,0
75,6,7,8,22,Y6024883,,,,0,30.0,0,0
75,6,7,8,23,Y6024884,,,,0,30.0,0,0
75,6,7,8,24,Y6024885,,,,0,30.0,0,0
75,6,7,8,25,Y6024886,,,,0,30.0,0,0
75,6,7,8,26,Y6024887,,,,0,30.0,0,0
75,6,7,8,27,Y6024888,,,,0,30.0,0,0
75,6,7,8,28,Y6024889,,,,0,30.0,0,0
75,6,7,8,29,Y6024890,,,,0,30.0,0,0
75,6,7,8,30,Y6024891,,,,0,30.0,0,0
75,6,7,9,10,Y6024892,,,,0,30.0,0,0
75,6,7,9,11,Y6024893,,,,0,30.0,0,0
75,6,7,9,12,Y6024894,,,,0,30.0,0,0
75,6,7,9,13,Y6024895,,,,0,30.0,0,0
75,6,7,9,14,Y6024896,,,,0,30.0,0,0
75,6,7,9,15,Y6024897,,,,0,30.0,0,0
75,6,7,9,16,Y6024898,,,,0,30.0,0,0
75,6,7,9,17,Y6024899,,,,0,30.0,0,0
75,6,7,9,18,Y6024900,,,,3319,30.0,0,0
75,6,7,9,19,Y6024901,,,,3774,30.0,0,0
75,6,7,9,20,Y6024902,,,,3339,30.0,0,0
75,6,7,9,21,Y6024903,,,,0,30.0,0,0
75,6,7,9,22,Y6024904,,,,0,30.0,0,0
75,6,7,9,23,Y6024905,,,,0,30.0,0,0
75,6,7,9,24,Y6024906,,,,0,30.0,0,0
75,6,7,9,25,Y6024907,,,,0,30.0,0,0
75,6,7,9,26,Y6024908,,,,0,30.0,0,0
75,6,7,9,27,Y6024909,,,,0,30.0,0,0
75,6,7,9,28,Y6024910,,,,0,30.0,0,0
75,6,7,9,29,Y6024911,,,,0,30.0,0,0
75,6,7,9,30,Y6024912,,,,0,30.0,0,0
75,6,7,10,10,Y6024913,,,,0,30.0,0,0
75,6,7,10,11,Y6024914,,,,0,30.0,0,0
75,6,7,10,12,Y6024915,,,,0,30.0,0,0
75,6,7,10,13,Y6024916,,,,0,30.0,0,0
75,6,7,10,14,Y6024917,,,,0,30.0,0,0
75,6,7,10,15,Y6024918,,,,0,30.0,0,0
75,6,7,10,16,Y6024919,,,,0,30.0,0,0
75,6,7,10,17,Y6024920,,,,0,30.0,0,0
75,6,7,10,18,Y6024921,,,,3433,30.0,0,0
75,6,7,10,19,Y6024922,,,,3967,30.0,0,0
75,6,7,10,20,Y6024923,,,,3437,30.0,0,0
75,6,7,10,21,Y6024924,,,,0,30.0,0,0
75,6,7,10,22,Y6024925,,,,0,30.0,0,0
75,6,7,10,23,Y6024926,,,,0,30.0,0,0
75,6,7,10,24,Y6024927,,,,0,30.0,0,0
75,6,7,10,25,Y6024928,,,,0,30.0,0,0
75,6,7,10,26,Y6024929,,,,0,30.0,0,0
75,6,7,10,27,Y6024930,,,,0,30.0,0,0
75,6,7,10,28,Y6024931,,,,0,30.0,0,0
75,6,7,10,29,Y6024932,,,,0,30.0,0,0
75,6,7,10,30,Y6024933,,,,0,30.0,0,0
75,6,7,11,10,Y6024934,,,,0,30.0,0,0
75,6,7,11,11,Y6024935,,,,0,30.0,0,0
75,6,7,11,12,Y6024936,,,,0,30.0,0,0
75,6,7,11,13,Y6024937,,,,0,30.0,0,0
75,6,7,11,14,Y6024938,,,,0,30.0,0,0
75,6,7,11,15,Y6024939,,,,0,30.0,0,0
75,6,7,11,16,Y6024940,,,,0,30.0,0,0
75,6,7,11,17,Y6024941,,,,0,30.0,0,0
75,6,7,11,18,Y6024942,,,,3504,30.0,0,0
75,6,7,11,19,Y6024943,,,,4056,30.0,0,0
75,6,7,11,20,Y6024944,,,,3521,30.0,0,0
75,6,7,11,21,Y6024945,,,,0,30.0,0,0
75,6,7,11,22,Y6024946,,,,0,30.0,0,0
75,6,7,11,23,Y6024947,,,,0,30.0,0,0
75,6,7,11,24,Y6024948,,,,0,30.0,0,0
75,6,7,11,25,Y6024949,,,,0,30.0,0,0
75,6,7,11,26,Y6024950,,,,0,30.0,0,0
75,6,7,11,27,Y6024951,,,,0,30.0,0,0
75,6,7,11,28,Y6024952,,,,0,30.0,0,0
75,6,7,11,29,Y6024953,,,,0,30.0,0,0
75,6,7,11,30,Y6024954,,,,0,30.0,0,0
75,6,7,12,10,Y6024955,,,,0,30.0,0,0
75,6,7,12,11,Y6024956,,,,0,30.0,0,0
75,6,7,12,12,Y6024957,,,,0,30.0,0,0
75,6,7,12,13,Y6024958,,,,0,30.0,0,0
75,6,7,12,14,Y6024959,,,,0,30.0,0,0
75,6,7,12,15,Y6024960,,,,0,30.0,0,0
75,6,7,12,16,Y6024961,,,,0,30.0,0,0
75,6,7,12,17,Y6024962,,,,0,30.0,0,0
75,6,7,12,18,Y6024963,,,,3975,30.0,0,0
75,6,7,12,19,Y6024964,,,,4521,30.0,0,0
75,6,7,12,20,Y6024965,,,,3996,30.0,0,0
75,6,7,12,21,Y6024966,,,,0,30.0,0,0
75,6,7,12,22,Y6024967,,,,0,30.0,0,0
75,6,7,12,23,Y6024968,,,,0,30.0,0,0
75,6,7,12,24,Y6024969,,,,0,30.0,0,0
75,6,7,12,25,Y6024970,,,,0,30.0,0,0
75,6,7,12,26,Y6024971,,,,0,30.0,0,0
75,6,7,12,27,Y6024972,,,,0,30.0,0,0
75,6,7,12,28,Y6024973,,,,0,30.0,0,0
75,6,7,12,29,Y6024974,,,,0,30.0,0,0
75,6,7,12,30,Y6024975,,,,0,30.0,0,0
75,6,8,1,10,Y6024976,,,,0,30.0,0,0
75,6,8,1,11,Y6024977,,,,0,30.0,0,0
75,6,8,1,12,Y6024978,,,,0,30.0,0,0
75,6,8,1,13,Y6024979,,,,0,30.0,0,0
75,6,8,1,14,Y6024980,,,,0,30.0,0,0
75,6,8,1,15,Y6024981,,,,0,30.0,0,0
75,6,8,1,16,Y6024982,,,,0,30.0,0,0
75,6,8,1,17,Y6024983,,,,0,30.0,0,0
75,6,8,1,18,Y6024984,,,,0,30.0,0,0
75,6,8,1,19,Y6024985,,,,3391,30.0,0,0
75,6,8,1,20,Y6024986,,,,0,30.0,0,0
75,6,8,1,21,Y6024987,,,,0,30.0,0,0
75,6,8,1,22,Y6024988,,,,0,30.0,0,0
75,6,8,1,23,Y6024989,,,,0,30.0,0,0
75,6,8,1,24,Y6024990,,,,0,30.0,0,0
75,6,8,1,25,Y6024991,,,,0,30.0,0,0
75,6,8,1,26,Y6024992,,,,0,30.0,0,0
75,6,8,1,27,Y6024993,,,,0,30.0,0,0
75,6,8,1,28,Y6024994,,,,0,30.0,0,0
75,6,8,1,29,Y6024995,,,,0,30.0,0,0
75,6,8,1,30,Y6024996,,,,0,30.0,0,0
75,6,8,2,10,Y6024997,,,,0,30.0,0,0
75,6,8,2,11,Y6024998,,,,0,30.0,0,0
75,6,8,2,12,Y6024999,,,,0,30.0,0,0
75,6,8,2,13,Y6025000,,,,0,30.0,0,0
75,6,8,2,14,Y6025001,,,,0,30.0,0,0
75,6,8,2,15,Y6025002,,,,0,30.0,0,0
75,6,8,2,16,Y6025003,,,,0,30.0,0,0
75,6,8,2,17,Y6025004,,,,0,30.0,0,0
75,6,8,2,18,Y6025005,,,,0,30.0,0,0
75,6,8,2,19,Y6025006,,,,3371,30.0,0,0
75,6,8,2,20,Y6025007,,,,0,30.0,0,0
75,6,8,2,21,Y6025008,,,,0,30.0,0,0
75,6,8,2,22,Y6025009,,,,0,30.0,0,0
75,6,8,2,23,Y6025010,,,,0,30.0,0,0
75,6,8,2,24,Y6025011,,,,0,30.0,0,0
75,6,8,2,25,Y6025012,,,,0,30.0,0,0
75,6,8,2,26,Y6025013,,,,0,30.0,0,0
75,6,8,2,27,Y6025014,,,,0,30.0,0,0
75,6,8,2,28,Y6025015,,,,0,30.0,0,0
75,6,8,2,29,Y6025016,,,,0,30.0,0,0
75,6,8,2,30,Y6025017,,,,0,30.0,0,0
75,6,8,3,10,Y6025018,,,,0,30.0,0,0
75,6,8,3,11,Y6025019,,,,0,30.0,0,0
75,6,8,3,12,Y6025020,,,,0,30.0,0,0
75,6,8,3,13,Y6025021,,,,0,30.0,0,0
75,6,8,3,14,Y6025022,,,,0,30.0,0,0
75,6,8,3,15,Y6025023,,,,0,30.0,0,0
75,6,8,3,16,Y6025024,,,,0,30.0,0,0
75,6,8,3,17,Y6025025,,,,0,30.0,0,0
75,6,8,3,18,Y6025026,,,,0,30.0,0,0
75,6,8,3,19,Y6025027,,,,3383,30.0,0,0
75,6,8,3,20,Y6025028,,,,0,30.0,0,0
75,6,8,3,21,Y6025029,,,,0,30.0,0,0
75,6,8,3,22,Y6025030,,,,0,30.0,0,0
75,6,8,3,23,Y6025031,,,,0,30.0,0,0
75,6,8,3,24,Y6025032,,,,0,30.0,0,0
75,6,8,3,25,Y6025033,,,,0,30.0,0,0
75,6,8,3,26,Y6025034,,,,0,30.0,0,0
75,6,8,3,27,Y6025035,,,,0,30.0,0,0
75,6,8,3,28,Y6025036,,,,0,30.0,0,0
75,6,8,3,29,Y6025037,,,,0,30.0,0,0
75,6,8,3,30,Y6025038,,,,0,30.0,0,0
75,6,8,4,10,Y6025039,,,,0,30.0,0,0
75,6,8,4,11,Y6025040,,,,0,30.0,0,0
75,6,8,4,12,Y6025041,,,,0,30.0,0,0
75,6,8,4,13,Y6025042,,,,0,30.0,0,0
75,6,8,4,14,Y6025043,,,,0,30.0,0,0
75,6,8,4,15,Y6025044,,,,0,30.0,0,0
75,6,8,4,16,Y6025045,,,,0,30.0,0,0
75,6,8,4,17,Y6025046,,,,0,30.0,0,0
75,6,8,4,18,Y6025047,,,,3036,30.0,0,0
75,6,8,4,19,Y6025048,,,,3454,30.0,0,0
75,6,8,4,20,Y6025049,,,,3008,30.0,0,0
75,6,8,4,21,Y6025050,,,,0,30.0,0,0
75,6,8,4,22,Y6025051,,,,0,30.0,0,0
75,6,8,4,23,Y6025052,,,,0,30.0,0,0
75,6,8,4,24,Y6025053,,,,0,30.0,0,0
75,6,8,4,25,Y6025054,,,,0,30.0,0,0
75,6,8,4,26,Y6025055,,,,0,30.0,0,0
75,6,8,4,27,Y6025056,,,,0,30.0,0,0
75,6,8,4,28,Y6025057,,,,0,30.0,0,0
75,6,8,4,29,Y6025058,,,,0,30.0,0,0
75,6,8,4,30,Y6025059,,,,0,30.0,0,0
75,6,8,5,10,Y6025060,,,,0,30.0,0,0
75,6,8,5,11,Y6025061,,,,0,30.0,0,0
75,6,8,5,12,Y6025062,,,,0,30.0,0,0
75,6,8,5,13,Y6025063,,,,0,30.0,0,0
75,6,8,5,14,Y6025064,,,,0,30.0,0,0
75,6,8,5,15,Y6025065,,,,0,30.0,0,0
75,6,8,5,16,Y6025066,,,,0,30.0,0,0
75,6,8,5,17,Y6025067,,,,0,30.0,0,0
75,6,8,5,18,Y6025068,,,,3090,30.0,0,0
75,6,8,5,19,Y6025069,,,,3547,30.0,0,0
75,6,8,5,20,Y6025070,,,,3099,30.0,0,0
75,6,8,5,21,Y6025071,,,,0,30.0,0,0
75,6,8,5,22,Y6025072,,,,0,30.0,0,0
75,6,8,5,23,Y6025073,,,,0,30.0,0,0
75,6,8,5,24,Y6025074,,,,0,30.0,0,0
75,6,8,5,25,Y6025075,,,,0,30.0,0,0
75,6,8,5,26,Y6025076,,,,0,30.0,0,0
75,6,8,5,27,Y6025077,,,,0,30.0,0,0
75,6,8,5,28,Y6025078,,,,0,30.0,0,0
75,6,8,5,29,Y6025079,,,,0,30.0,0,0
75,6,8,5,30,Y6025080,,,,0,30.0,0,0
75,6,8,6,10,Y6025081,,,,0,30.0,0,0
75,6,8,6,11,Y6025082,,,,0,30.0,0,0
75,6,8,6,12,Y6025083,,,,0,30.0,0,0
75,6,8,6,13,Y6025084,,,,0,30.0,0,0
75,6,8,6,14,Y6025085,,,,0,30.0,0,0
75,6,8,6,15,Y6025086,,,,0,30.0,0,0
75,6,8,6,16,Y6025087,,,,0,30.0,0,0
75,6,8,6,17,Y6025088,,,,0,30.0,0,0
75,6,8,6,18,Y6025089,,,,3085,30.0,0,0
75,6,8,6,19,Y6025090,,,,3543,30.0,0,0
75,6,8,6,20,Y6025091,,,,3092,30.0,0,0
75,6,8,6,21,Y6025092,,,,0,30.0,0,0
75,6,8,6,22,Y6025093,,,,0,30.0,0,0
75,6,8,6,23,Y6025094,,,,0,30.0,0,0
75,6,8,6,24,Y6025095,,,,0,30.0,0,0
75,6,8,6,25,Y6025096,,,,0,30.0,0,0
75,6,8,6,26,Y6025097,,,,0,30.0,0,0
75,6,8,6,27,Y6025098,,,,0,30.0,0,0
75,6,8,6,28,Y6025099,,,,0,30.0,0,0
75,6,8,6,29,Y6025100,,,,0,30.0,0,0
75,6,8,6,30,Y6025101,,,,0,30.0,0,0
75,6,8,7,10,Y6025102,,,,0,30.0,0,0
75,6,8,7,11,Y6025103,,,,0,30.0,0,0
75,6,8,7,12,Y6025104,,,,0,30.0,0,0
75,6,8,7,13,Y6025105,,,,0,30.0,0,0
75,6,8,7,14,Y6025106,,,,0,30.0,0,0
75,6,8,7,15,Y6025107,,,,0,30.0,0,0
75,6,8,7,16,Y6025108,,,,0,30.0,0,0
75,6,8,7,17,Y6025109,,,,0,30.0,0,0
75,6,8,7,18,Y6025110,,,,3116,30.0,0,0
75,6,8,7,19,Y6025111,,,,3583,30.0,0,0
75,6,8,7,20,Y6025112,,,,3143,30.0,0,0
75,6,8,7,21,Y6025113,,,,0,30.0,0,0
75,6,8,7,22,Y6025114,,,,0,30.0,0,0
75,6,8,7,23,Y6025115,,,,0,30.0,0,0
75,6,8,7,24,Y6025116,,,,0,30.0,0,0
75,6,8,7,25,Y6025117,,,,0,30.0,0,0
75,6,8,7,26,Y6025118,,,,0,30.0,0,0
75,6,8,7,27,Y6025119,,,,0,30.0,0,0
75,6,8,7,28,Y6025120,,,,0,30.0,0,0
75,6,8,7,29,Y6025121,,,,0,30.0,0,0
75,6,8,7,30,Y6025122,,,,0,30.0,0,0
75,6,8,8,10,Y6025123,,,,0,30.0,0,0
75,6,8,8,11,Y6025124,,,,0,30.0,0,0
75,6,8,8,12,Y6025125,,,,0,30.0,0,0
75,6,8,8,13,Y6025126,,,,0,30.0,0,0
75,6,8,8,14,Y6025127,,,,0,30.0,0,0
75,6,8,8,15,Y6025128,,,,0,30.0,0,0
75,6,8,8,16,Y6025129,,,,0,30.0,0,0
75,6,8,8,17,Y6025130,,,,0,30.0,0,0
75,6,8,8,18,Y6025131,,,,3181,30.0,0,0
75,6,8,8,19,Y6025132,,,,3587,30.0,0,0
75,6,8,8,20,Y6025133,,,,3149,30.0,0,0
75,6,8,8,21,Y6025134,,,,0,30.0,0,0
75,6,8,8,22,Y6025135,,,,0,30.0,0,0
75,6,8,8,23,Y6025136,,,,0,30.0,0,0
75,6,8,8,24,Y6025137,,,,0,30.0,0,0
75,6,8,8,25,Y6025138,,,,0,30.0,0,0
75,6,8,8,26,Y6025139,,,,0,30.0,0,0
75,6,8,8,27,Y6025140,,,,0,30.0,0,0
75,6,8,8,28,Y6025141,,,,0,30.0,0,0
75,6,8,8,29,Y6025142,,,,0,30.0,0,0
75,6,8,8,30,Y6025143,,,,0,30.0,0,0
75,6,8,9,10,Y6025144,,,,0,30.0,0,0
75,6,8,9,11,Y6025145,,,,0,30.0,0,0
75,6,8,9,12,Y6025146,,,,0,30.0,0,0
75,6,8,9,13,Y6025147,,,,0,30.0,0,0
75,6,8,9,14,Y6025148,,,,0,30.0,0,0
75,6,8,9,15,Y6025149,,,,0,30.0,0,0
75,6,8,9,16,Y6025150,,,,0,30.0,0,0
75,6,8,9,17,Y6025151,,,,0,30.0,0,0
75,6,8,9,18,Y6025152,,,,3207,30.0,0,0
75,6,8,9,19,Y6025153,,,,3607,30.0,0,0
75,6,8,9,20,Y6025154,,,,3169,30.0,0,0
75,6,8,9,21,Y6025155,,,,0,30.0,0,0
75,6,8,9,22,Y6025156,,,,0,30.0,0,0
75,6,8,9,23,Y6025157,,,,0,30.0,0,0
75,6,8,9,24,Y6025158,,,,0,30.0,0,0
75,6,8,9,25,Y6025159,,,,0,30.0,0,0
75,6,8,9,26,Y6025160,,,,0,30.0,0,0
75,6,8,9,27,Y6025161,,,,0,30.0,0,0
75,6,8,9,28,Y6025162,,,,0,30.0,0,0
75,6,8,9,29,Y6025163,,,,0,30.0,0,0
75,6,8,9,30,Y6025164,,,,0,30.0,0,0
75,6,8,10,10,Y6025165,,,,0,30.0,0,0
75,6,8,10,11,Y6025166,,,,0,30.0,0,0
75,6,8,10,12,Y6025167,,,,0,30.0,0,0
75,6,8,10,13,Y6025168,,,,0,30.0,0,0
75,6,8,10,14,Y6025169,,,,0,30.0,0,0
75,6,8,10,15,Y6025170,,,,0,30.0,0,0
75,6,8,10,16,Y6025171,,,,0,30.0,0,0
75,6,8,10,17,Y6025172,,,,0,30.0,0,0
75,6,8,10,18,Y6025173,,,,3321,30.0,0,0
75,6,8,10,19,Y6025174,,,,3800,30.0,0,0
75,6,8,10,20,Y6025175,,,,3268,30.0,0,0
75,6,8,10,21,Y6025176,,,,0,30.0,0,0
75,6,8,10,22,Y6025177,,,,0,30.0,0,0
75,6,8,10,23,Y6025178,,,,0,30.0,0,0
75,6,8,10,24,Y6025179,,,,0,30.0,0,0
75,6,8,10,25,Y6025180,,,,0,30.0,0,0
75,6,8,10,26,Y6025181,,,,0,30.0,0,0
75,6,8,10,27,Y6025182,,,,0,30.0,0,0
75,6,8,10,28,Y6025183,,,,0,30.0,0,0
75,6,8,10,29,Y6025184,,,,0,30.0,0,0
75,6,8,10,30,Y6025185,,,,0,30.0,0,0
75,6,8,11,10,Y6025186,,,,0,30.0,0,0
75,6,8,11,11,Y6025187,,,,0,30.0,0,0
75,6,8,11,12,Y6025188,,,,0,30.0,0,0
75,6,8,11,13,Y6025189,,,,0,30.0,0,0
75,6,8,11,14,Y6025190,,,,0,30.0,0,0
75,6,8,11,15,Y6025191,,,,0,30.0,0,0
75,6,8,11,16,Y6025192,,,,0,30.0,0,0
75,6,8,11,17,Y6025193,,,,0,30.0,0,0
75,6,8,11,18,Y6025194,,,,3392,30.0,0,0
75,6,8,11,19,Y6025195,,,,3889,30.0,0,0
75,6,8,11,20,Y6025196,,,,3351,30.0,0,0
75,6,8,11,21,Y6025197,,,,0,30.0,0,0
75,6,8,11,22,Y6025198,,,,0,30.0,0,0
75,6,8,11,23,Y6025199,,,,0,30.0,0,0
75,6,8,11,24,Y6025200,,,,0,30.0,0,0
75,6,8,11,25,Y6025201,,,,0,30.0,0,0
75,6,8,11,26,Y6025202,,,,0,30.0,0,0
75,6,8,11,27,Y6025203,,,,0,30.0,0,0
75,6,8,11,28,Y6025204,,,,0,30.0,0,0
75,6,8,11,29,Y6025205,,,,0,30.0,0,0
75,6,8,11,30,Y6025206,,,,0,30.0,0,0
75,6,8,12,10,Y6025207,,,,0,30.0,0,0
75,6,8,12,11,Y6025208,,,,0,30.0,0,0
75,6,8,12,12,Y6025209,,,,0,30.0,0,0
75,6,8,12,13,Y6025210,,,,0,30.0,0,0
75,6,8,12,14,Y6025211,,,,0,30.0,0,0
75,6,8,12,15,Y6025212,,,,0,30.0,0,0
75,6,8,12,16,Y6025213,,,,0,30.0,0,0
75,6,8,12,17,Y6025214,,,,0,30.0,0,0
75,6,8,12,18,Y6025215,,,,3848,30.0,0,0
75,6,8,12,19,Y6025216,,,,4339,30.0,0,0
75,6,8,12,20,Y6025217,,,,3811,30.0,0,0
75,6,8,12,21,Y6025218,,,,0,30.0,0,0
75,6,8,12,22,Y6025219,,,,0,30.0,0,0
75,6,8,12,23,Y6025220,,,,0,30.0,0,0
75,6,8,12,24,Y6025221,,,,0,30.0,0,0
75,6,8,12,25,Y6025222,,,,0,30.0,0,0
75,6,8,12,26,Y6025223,,,,0,30.0,0,0
75,6,8,12,27,Y6025224,,,,0,30.0,0,0
75,6,8,12,28,Y6025225,,,,0,30.0,0,0
75,6,8,12,29,Y6025226,,,,0,30.0,0,0
75,6,8,12,30,Y6025227,,,,0,30.0,0,0
75,6,9,1,10,Y6025228,,,,0,30.0,0,0
75,6,9,1,11,Y6025229,,,,0,30.0,0,0
75,6,9,1,12,Y6025230,,,,0,30.0,0,0
75,6,9,1,13,Y6025231,,,,0,30.0,0,0
75,6,9,1,14,Y6025232,,,,0,30.0,0,0
75,6,9,1,15,Y6025233,,,,0,30.0,0,0
75,6,9,1,16,Y6025234,,,,0,30.0,0,0
75,6,9,1,17,Y6025235,,,,0,30.0,0,0
75,6,9,1,18,Y6025236,,,,0,30.0,0,0
75,6,9,1,19,Y6025237,,,,3372,30.0,0,0
75,6,9,1,20,Y6025238,,,,0,30.0,0,0
75,6,9,1,21,Y6025239,,,,0,30.0,0,0
75,6,9,1,22,Y6025240,,,,0,30.0,0,0
75,6,9,1,23,Y6025241,,,,0,30.0,0,0
75,6,9,1,24,Y6025242,,,,0,30.0,0,0
75,6,9,1,25,Y6025243,,,,0,30.0,0,0
75,6,9,1,26,Y6025244,,,,0,30.0,0,0
75,6,9,1,27,Y6025245,,,,0,30.0,0,0
75,6,9,1,28,Y6025246,,,,0,30.0,0,0
75,6,9,1,29,Y6025247,,,,0,30.0,0,0
75,6,9,1,30,Y6025248,,,,0,30.0,0,0
75,6,9,2,10,Y6025249,,,,0,30.0,0,0
75,6,9,2,11,Y6025250,,,,0,30.0,0,0
75,6,9,2,12,Y6025251,,,,0,30.0,0,0
75,6,9,2,13,Y6025252,,,,0,30.0,0,0
75,6,9,2,14,Y6025253,,,,0,30.0,0,0
75,6,9,2,15,Y6025254,,,,0,30.0,0,0
75,6,9,2,16,Y6025255,,,,0,30.0,0,0
75,6,9,2,17,Y6025256,,,,0,30.0,0,0
75,6,9,2,18,Y6025257,,,,0,30.0,0,0
75,6,9,2,19,Y6025258,,,,3352,30.0,0,0
75,6,9,2,20,Y6025259,,,,0,30.0,0,0
75,6,9,2,21,Y6025260,,,,0,30.0,0,0
75,6,9,2,22,Y6025261,,,,0,30.0,0,0
75,6,9,2,23,Y6025262,,,,0,30.0,0,0
75,6,9,2,24,Y6025263,,,,0,30.0,0,0
75,6,9,2,25,Y6025264,,,,0,30.0,0,0
75,6,9,2,26,Y6025265,,,,0,30.0,0,0
75,6,9,2,27,Y6025266,,,,0,30.0,0,0
75,6,9,2,28,Y6025267,,,,0,30.0,0,0
75,6,9,2,29,Y6025268,,,,0,30.0,0,0
75,6,9,2,30,Y6025269,,,,0,30.0,0,0
75,6,9,3,10,Y6025270,,,,0,30.0,0,0
75,6,9,3,11,Y6025271,,,,0,30.0,0,0
75,6,9,3,12,Y6025272,,,,0,30.0,0,0
75,6,9,3,13,Y6025273,,,,0,30.0,0,0
75,6,9,3,14,Y6025274,,,,0,30.0,0,0
75,6,9,3,15,Y6025275,,,,0,30.0,0,0
75,6,9,3,16,Y6025276,,,,0,30.0,0,0
75,6,9,3,17,Y6025277,,,,0,30.0,0,0
75,6,9,3,18,Y6025278,,,,0,30.0,0,0
75,6,9,3,19,Y6025279,,,,3364,30.0,0,0
75,6,9,3,20,Y6025280,,,,0,30.0,0,0
75,6,9,3,21,Y6025281,,,,0,30.0,0,0
75,6,9,3,22,Y6025282,,,,0,30.0,0,0
75,6,9,3,23,Y6025283,,,,0,30.0,0,0
75,6,9,3,24,Y6025284,,,,0,30.0,0,0
75,6,9,3,25,Y6025285,,,,0,30.0,0,0
75,6,9,3,26,Y6025286,,,,0,30.0,0,0
75,6,9,3,27,Y6025287,,,,0,30.0,0,0
75,6,9,3,28,Y6025288,,,,0,30.0,0,0
75,6,9,3,29,Y6025289,,,,0,30.0,0,0
75,6,9,3,30,Y6025290,,,,0,30.0,0,0
75,6,9,4,10,Y6025291,,,,0,30.0,0,0
75,6,9,4,11,Y6025292,,,,0,30.0,0,0
75,6,9,4,12,Y6025293,,,,0,30.0,0,0
75,6,9,4,13,Y6025294,,,,0,30.0,0,0
75,6,9,4,14,Y6025295,,,,0,30.0,0,0
75,6,9,4,15,Y6025296,,,,0,30.0,0,0
75,6,9,4,16,Y6025297,,,,0,30.0,0,0
75,6,9,4,17,Y6025298,,,,0,30.0,0,0
75,6,9,4,18,Y6025299,,,,3017,30.0,0,0
75,6,9,4,19,Y6025300,,,,3435,30.0,0,0
75,6,9,4,20,Y6025301,,,,0,30.0,0,0
75,6,9,4,21,Y6025302,,,,0,30.0,0,0
75,6,9,4,22,Y6025303,,,,0,30.0,0,0
75,6,9,4,23,Y6025304,,,,0,30.0,0,0
75,6,9,4,24,Y6025305,,,,0,30.0,0,0
75,6,9,4,25,Y6025306,,,,0,30.0,0,0
75,6,9,4,26,Y6025307,,,,0,30.0,0,0
75,6,9,4,27,Y6025308,,,,0,30.0,0,0
75,6,9,4,28,Y6025309,,,,0,30.0,0,0
75,6,9,4,29,Y6025310,,,,0,30.0,0,0
75,6,9,4,30,Y6025311,,,,0,30.0,0,0
75,6,9,5,10,Y6025312,,,,0,30.0,0,0
75,6,9,5,11,Y6025313,,,,0,30.0,0,0
75,6,9,5,12,Y6025314,,,,0,30.0,0,0
75,6,9,5,13,Y6025315,,,,0,30.0,0,0
75,6,9,5,14,Y6025316,,,,0,30.0,0,0
75,6,9,5,15,Y6025317,,,,0,30.0,0,0
75,6,9,5,16,Y6025318,,,,0,30.0,0,0
75,6,9,5,17,Y6025319,,,,0,30.0,0,0
75,6,9,5,18,Y6025320,,,,3071,30.0,0,0
75,6,9,5,19,Y6025321,,,,3528,30.0,0,0
75,6,9,5,20,Y6025322,,,,3081,30.0,0,0
75,6,9,5,21,Y6025323,,,,0,30.0,0,0
75,6,9,5,22,Y6025324,,,,0,30.0,0,0
75,6,9,5,23,Y6025325,,,,0,30.0,0,0
75,6,9,5,24,Y6025326,,,,0,30.0,0,0
75,6,9,5,25,Y6025327,,,,0,30.0,0,0
75,6,9,5,26,Y6025328,,,,0,30.0,0,0
75,6,9,5,27,Y6025329,,,,0,30.0,0,0
75,6,9,5,28,Y6025330,,,,0,30.0,0,0
75,6,9,5,29,Y6025331,,,,0,30.0,0,0
75,6,9,5,30,Y6025332,,,,0,30.0,0,0
75,6,9,6,10,Y6025333,,,,0,30.0,0,0
75,6,9,6,11,Y6025334,,,,0,30.0,0,0
75,6,9,6,12,Y6025335,,,,0,30.0,0,0
75,6,9,6,13,Y6025336,,,,0,30.0,0,0
75,6,9,6,14,Y6025337,,,,0,30.0,0,0
75,6,9,6,15,Y6025338,,,,0,30.0,0,0
75,6,9,6,16,Y6025339,,,,0,30.0,0,0
75,6,9,6,17,Y6025340,,,,0,30.0,0,0
75,6,9,6,18,Y6025341,,,,3067,30.0,0,0
75,6,9,6,19,Y6025342,,,,3524,30.0,0,0
75,6,9,6,20,Y6025343,,,,3073,30.0,0,0
75,6,9,6,21,Y6025344,,,,0,30.0,0,0
75,6,9,6,22,Y6025345,,,,0,30.0,0,0
75,6,9,6,23,Y6025346,,,,0,30.0,0,0
75,6,9,6,24,Y6025347,,,,0,30.0,0,0
75,6,9,6,25,Y6025348,,,,0,30.0,0,0
75,6,9,6,26,Y6025349,,,,0,30.0,0,0
75,6,9,6,27,Y6025350,,,,0,30.0,0,0
75,6,9,6,28,Y6025351,,,,0,30.0,0,0
75,6,9,6,29,Y6025352,,,,0,30.0,0,0
75,6,9,6,30,Y6025353,,,,0,30.0,0,0
75,6,9,7,10,Y6025354,,,,0,30.0,0,0
75,6,9,7,11,Y6025355,,,,0,30.0,0,0
75,6,9,7,12,Y6025356,,,,0,30.0,0,0
75,6,9,7,13,Y6025357,,,,0,30.0,0,0
75,6,9,7,14,Y6025358,,,,0,30.0,0,0
75,6,9,7,15,Y6025359,,,,0,30.0,0,0
75,6,9,7,16,Y6025360,,,,0,30.0,0,0
75,6,9,7,17,Y6025361,,,,0,30.0,0,0
75,6,9,7,18,Y6025362,,,,3097,30.0,0,0
75,6,9,7,19,Y6025363,,,,3564,30.0,0,0
75,6,9,7,20,Y6025364,,,,3124,30.0,0,0
75,6,9,7,21,Y6025365,,,,0,30.0,0,0
75,6,9,7,22,Y6025366,,,,0,30.0,0,0
75,6,9,7,23,Y6025367,,,,0,30.0,0,0
75,6,9,7,24,Y6025368,,,,0,30.0,0,0
75,6,9,7,25,Y6025369,,,,0,30.0,0,0
75,6,9,7,26,Y6025370,,,,0,30.0,0,0
75,6,9,7,27,Y6025371,,,,0,30.0,0,0
75,6,9,7,28,Y6025372,,,,0,30.0,0,0
75,6,9,7,29,Y6025373,,,,0,30.0,0,0
75,6,9,7,30,Y6025374,,,,0,30.0,0,0
75,6,9,8,10,Y6025375,,,,0,30.0,0,0
75,6,9,8,11,Y6025376,,,,0,30.0,0,0
75,6,9,8,12,Y6025377,,,,0,30.0,0,0
75,6,9,8,13,Y6025378,,,,0,30.0,0,0
75,6,9,8,14,Y6025379,,,,0,30.0,0,0
75,6,9,8,15,Y6025380,,,,0,30.0,0,0
75,6,9,8,16,Y6025381,,,,0,30.0,0,0
75,6,9,8,17,Y6025382,,,,0,30.0,0,0
75,6,9,8,18,Y6025383,,,,3162,30.0,0,0
75,6,9,8,19,Y6025384,,,,3568,30.0,0,0
75,6,9,8,20,Y6025385,,,,3131,30.0,0,0
75,6,9,8,21,Y6025386,,,,0,30.0,0,0
75,6,9,8,22,Y6025387,,,,0,30.0,0,0
75,6,9,8,23,Y6025388,,,,0,30.0,0,0
75,6,9,8,24,Y6025389,,,,0,30.0,0,0
75,6,9,8,25,Y6025390,,,,0,30.0,0,0
75,6,9,8,26,Y6025391,,,,0,30.0,0,0
75,6,9,8,27,Y6025392,,,,0,30.0,0,0
75,6,9,8,28,Y6025393,,,,0,30.0,0,0
75,6,9,8,29,Y6025394,,,,0,30.0,0,0
75,6,9,8,30,Y6025395,,,,0,30.0,0,0
75,6,9,9,10,Y6025396,,,,0,30.0,0,0
75,6,9,9,11,Y6025397,,,,0,30.0,0,0
75,6,9,9,12,Y6025398,,,,0,30.0,0,0
75,6,9,9,13,Y6025399,,,,0,30.0,0,0
75,6,9,9,14,Y6025400,,,,0,30.0,0,0
75,6,9,9,15,Y6025401,,,,0,30.0,0,0
75,6,9,9,16,Y6025402,,,,0,30.0,0,0
75,6,9,9,17,Y6025403,,,,0,30.0,0,0
75,6,9,9,18,Y6025404,,,,3188,30.0,0,0
75,6,9,9,19,Y6025405,,,,3588,30.0,0,0
75,6,9,9,20,Y6025406,,,,3151,30.0,0,0
75,6,9,9,21,Y6025407,,,,0,30.0,0,0
75,6,9,9,22,Y6025408,,,,0,30.0,0,0
75,6,9,9,23,Y6025409,,,,0,30.0,0,0
75,6,9,9,24,Y6025410,,,,0,30.0,0,0
75,6,9,9,25,Y6025411,,,,0,30.0,0,0
75,6,9,9,26,Y6025412,,,,0,30.0,0,0
75,6,9,9,27,Y6025413,,,,0,30.0,0,0
75,6,9,9,28,Y6025414,,,,0,30.0,0,0
75,6,9,9,29,Y6025415,,,,0,30.0,0,0
75,6,9,9,30,Y6025416,,,,0,30.0,0,0
75,6,9,10,10,Y6025417,,,,0,30.0,0,0
75,6,9,10,11,Y6025418,,,,0,30.0,0,0
75,6,9,10,12,Y6025419,,,,0,30.0,0,0
75,6,9,10,13,Y6025420,,,,0,30.0,0,0
75,6,9,10,14,Y6025421,,,,0,30.0,0,0
75,6,9,10,15,Y6025422,,,,0,30.0,0,0
75,6,9,10,16,Y6025423,,,,0,30.0,0,0
75,6,9,10,17,Y6025424,,,,0,30.0,0,0
75,6,9,10,18,Y6025425,,,,3302,30.0,0,0
75,6,9,10,19,Y6025426,,,,3781,30.0,0,0
75,6,9,10,20,Y6025427,,,,3249,30.0,0,0
75,6,9,10,21,Y6025428,,,,0,30.0,0,0
75,6,9,10,22,Y6025429,,,,0,30.0,0,0
75,6,9,10,23,Y6025430,,,,0,30.0,0,0
75,6,9,10,24,Y6025431,,,,0,30.0,0,0
75,6,9,10,25,Y6025432,,,,0,30.0,0,0
75,6,9,10,26,Y6025433,,,,0,30.0,0,0
75,6,9,10,27,Y6025434,,,,0,30.0,0,0
75,6,9,10,28,Y6025435,,,,0,30.0,0,0
75,6,9,10,29,Y6025436,,,,0,30.0,0,0
75,6,9,10,30,Y6025437,,,,0,30.0,0,0
75,6,9,11,10,Y6025438,,,,0,30.0,0,0
75,6,9,11,11,Y6025439,,,,0,30.0,0,0
75,6,9,11,12,Y6025440,,,,0,30.0,0,0
75,6,9,11,13,Y6025441,,,,0,30.0,0,0
75,6,9,11,14,Y6025442,,,,0,30.0,0,0
75,6,9,11,15,Y6025443,,,,0,30.0,0,0
75,6,9,11,16,Y6025444,,,,0,30.0,0,0
75,6,9,11,17,Y6025445,,,,0,30.0,0,0
75,6,9,11,18,Y6025446,,,,3373,30.0,0,0
75,6,9,11,19,Y6025447,,,,3871,30.0,0,0
75,6,9,11,20,Y6025448,,,,3332,30.0,0,0
75,6,9,11,21,Y6025449,,,,0,30.0,0,0
75,6,9,11,22,Y6025450,,,,0,30.0,0,0
75,6,9,11,23,Y6025451,,,,0,30.0,0,0
75,6,9,11,24,Y6025452,,,,0,30.0,0,0
75,6,9,11,25,Y6025453,,,,0,30.0,0,0
75,6,9,11,26,Y6025454,,,,0,30.0,0,0
75,6,9,11,27,Y6025455,,,,0,30.0,0,0
75,6,9,11,28,Y6025456,,,,0,30.0,0,0
75,6,9,11,29,Y6025457,,,,0,30.0,0,0
75,6,9,11,30,Y6025458,,,,0,30.0,0,0
75,6,9,12,10,Y6025459,,,,0,30.0,0,0
75,6,9,12,11,Y6025460,,,,0,30.0,0,0
75,6,9,12,12,Y6025461,,,,0,30.0,0,0
75,6,9,12,13,Y6025462,,,,0,30.0,0,0
75,6,9,12,14,Y6025463,,,,0,30.0,0,0
75,6,9,12,15,Y6025464,,,,0,30.0,0,0
75,6,9,12,16,Y6025465,,,,0,30.0,0,0
75,6,9,12,17,Y6025466,,,,0,30.0,0,0
75,6,9,12,18,Y6025467,,,,3829,30.0,0,0
75,6,9,12,19,Y6025468,,,,4320,30.0,0,0
75,6,9,12,20,Y6025469,,,,3792,30.0,0,0
75,6,9,12,21,Y6025470,,,,0,30.0,0,0
75,6,9,12,22,Y6025471,,,,0,30.0,0,0
75,6,9,12,23,Y6025472,,,,0,30.0,0,0
75,6,9,12,24,Y6025473,,,,0,30.0,0,0
75,6,9,12,25,Y6025474,,,,0,30.0,0,0
75,6,9,12,26,Y6025475,,,,0,30.0,0,0
75,6,9,12,27,Y6025476,,,,0,30.0,0,0
75,6,9,12,28,Y6025477,,,,0,30.0,0,0
75,6,9,12,29,Y6025478,,,,0,30.0,0,0
75,6,9,12,30,Y6025479,,,,0,30.0,0,0
75,6,10,1,10,Y6025480,,,,0,30.0,0,0
75,6,10,1,11,Y6025481,,,,0,30.0,0,0
75,6,10,1,12,Y6025482,,,,0,30.0,0,0
75,6,10,1,13,Y6025483,,,,0,30.0,0,0
75,6,10,1,14,Y6025484,,,,0,30.0,0,0
75,6,10,1,15,Y6025485,,,,0,30.0,0,0
75,6,10,1,16,Y6025486,,,,0,30.0,0,0
75,6,10,1,17,Y6025487,,,,0,30.0,0,0
75,6,10,1,18,Y6025488,,,,0,30.0,0,0
75,6,10,1,19,Y6025489,,,,3420,30.0,0,0
75,6,10,1,20,Y6025490,,,,0,30.0,0,0
75,6,10,1,21,Y6025491,,,,0,30.0,0,0
75,6,10,1,22,Y6025492,,,,0,30.0,0,0
75,6,10,1,23,Y6025493,,,,0,30.0,0,0
75,6,10,1,24,Y6025494,,,,0,30.0,0,0
75,6,10,1,25,Y6025495,,,,0,30.0,0,0
75,6,10,1,26,Y6025496,,,,0,30.0,0,0
75,6,10,1,27,Y6025497,,,,0,30.0,0,0
75,6,10,1,28,Y6025498,,,,0,30.0,0,0
75,6,10,1,29,Y6025499,,,,0,30.0,0,0
75,6,10,1,30,Y6025500,,,,0,30.0,0,0
75,6,10,2,10,Y6025501,,,,0,30.0,0,0
75,6,10,2,11,Y6025502,,,,0,30.0,0,0
75,6,10,2,12,Y6025503,,,,0,30.0,0,0
75,6,10,2,13,Y6025504,,,,0,30.0,0,0
75,6,10,2,14,Y6025505,,,,0,30.0,0,0
75,6,10,2,15,Y6025506,,,,0,30.0,0,0
75,6,10,2,16,Y6025507,,,,0,30.0,0,0
75,6,10,2,17,Y6025508,,,,0,30.0,0,0
75,6,10,2,18,Y6025509,,,,0,30.0,0,0
75,6,10,2,19,Y6025510,,,,3400,30.0,0,0
75,6,10,2,20,Y6025511,,,,0,30.0,0,0
75,6,10,2,21,Y6025512,,,,0,30.0,0,0
75,6,10,2,22,Y6025513,,,,0,30.0,0,0
75,6,10,2,23,Y6025514,,,,0,30.0,0,0
75,6,10,2,24,Y6025515,,,,0,30.0,0,0
75,6,10,2,25,Y6025516,,,,0,30.0,0,0
75,6,10,2,26,Y6025517,,,,0,30.0,0,0
75,6,10,2,27,Y6025518,,,,0,30.0,0,0
75,6,10,2,28,Y6025519,,,,0,30.0,0,0
75,6,10,2,29,Y6025520,,,,0,30.0,0,0
75,6,10,2,30,Y6025521,,,,0,30.0,0,0
75,6,10,3,10,Y6025522,,,,0,30.0,0,0
75,6,10,3,11,Y6025523,,,,0,30.0,0,0
75,6,10,3,12,Y6025524,,,,0,30.0,0,0
75,6,10,3,13,Y6025525,,,,0,30.0,0,0
75,6,10,3,14,Y6025526,,,,0,30.0,0,0
75,6,10,3,15,Y6025527,,,,0,30.0,0,0
75,6,10,3,16,Y6025528,,,,0,30.0,0,0
75,6,10,3,17,Y6025529,,,,0,30.0,0,0
75,6,10,3,18,Y6025530,,,,0,30.0,0,0
75,6,10,3,19,Y6025531,,,,3386,30.0,0,0
75,6,10,3,20,Y6025532,,,,0,30.0,0,0
75,6,10,3,21,Y6025533,,,,0,30.0,0,0
75,6,10,3,22,Y6025534,,,,0,30.0,0,0
75,6,10,3,23,Y6025535,,,,0,30.0,0,0
75,6,10,3,24,Y6025536,,,,0,30.0,0,0
75,6,10,3,25,Y6025537,,,,0,30.0,0,0
75,6,10,3,26,Y6025538,,,,0,30.0,0,0
75,6,10,3,27,Y6025539,,,,0,30.0,0,0
75,6,10,3,28,Y6025540,,,,0,30.0,0,0
75,6,10,3,29,Y6025541,,,,0,30.0,0,0
75,6,10,3,30,Y6025542,,,,0,30.0,0,0
75,6,10,4,10,Y6025543,,,,0,30.0,0,0
75,6,10,4,11,Y6025544,,,,0,30.0,0,0
75,6,10,4,12,Y6025545,,,,0,30.0,0,0
75,6,10,4,13,Y6025546,,,,0,30.0,0,0
75,6,10,4,14,Y6025547,,,,0,30.0,0,0
75,6,10,4,15,Y6025548,,,,0,30.0,0,0
75,6,10,4,16,Y6025549,,,,0,30.0,0,0
75,6,10,4,17,Y6025550,,,,0,30.0,0,0
75,6,10,4,18,Y6025551,,,,3041,30.0,0,0
75,6,10,4,19,Y6025552,,,,3458,30.0,0,0
75,6,10,4,20,Y6025553,,,,3011,30.0,0,0
75,6,10,4,21,Y6025554,,,,0,30.0,0,0
75,6,10,4,22,Y6025555,,,,0,30.0,0,0
75,6,10,4,23,Y6025556,,,,0,30.0,0,0
75,6,10,4,24,Y6025557,,,,0,30.0,0,0
75,6,10,4,25,Y6025558,,,,0,30.0,0,0
75,6,10,4,26,Y6025559,,,,0,30.0,0,0
75,6,10,4,27,Y6025560,,,,0,30.0,0,0
75,6,10,4,28,Y6025561,,,,0,30.0,0,0
75,6,10,4,29,Y6025562,,,,0,30.0,0,0
75,6,10,4,30,Y6025563,,,,0,30.0,0,0
75,6,10,5,10,Y6025564,,,,0,30.0,0,0
75,6,10,5,11,Y6025565,,,,0,30.0,0,0
75,6,10,5,12,Y6025566,,,,0,30.0,0,0
75,6,10,5,13,Y6025567,,,,0,30.0,0,0
75,6,10,5,14,Y6025568,,,,0,30.0,0,0
75,6,10,5,15,Y6025569,,,,0,30.0,0,0
75,6,10,5,16,Y6025570,,,,0,30.0,0,0
75,6,10,5,17,Y6025571,,,,0,30.0,0,0
75,6,10,5,18,Y6025572,,,,3096,30.0,0,0
75,6,10,5,19,Y6025573,,,,3551,30.0,0,0
75,6,10,5,20,Y6025574,,,,3103,30.0,0,0
75,6,10,5,21,Y6025575,,,,0,30.0,0,0
75,6,10,5,22,Y6025576,,,,0,30.0,0,0
75,6,10,5,23,Y6025577,,,,0,30.0,0,0
75,6,10,5,24,Y6025578,,,,0,30.0,0,0
75,6,10,5,25,Y6025579,,,,0,30.0,0,0
75,6,10,5,26,Y6025580,,,,0,30.0,0,0
75,6,10,5,27,Y6025581,,,,0,30.0,0,0
75,6,10,5,28,Y6025582,,,,0,30.0,0,0
75,6,10,5,29,Y6025583,,,,0,30.0,0,0
75,6,10,5,30,Y6025584,,,,0,30.0,0,0
75,6,10,6,10,Y6025585,,,,0,30.0,0,0
75,6,10,6,11,Y6025586,,,,0,30.0,0,0
75,6,10,6,12,Y6025587,,,,0,30.0,0,0
75,6,10,6,13,Y6025588,,,,0,30.0,0,0
75,6,10,6,14,Y6025589,,,,0,30.0,0,0
75,6,10,6,15,Y6025590,,,,0,30.0,0,0
75,6,10,6,16,Y6025591,,,,0,30.0,0,0
75,6,10,6,17,Y6025592,,,,0,30.0,0,0
75,6,10,6,18,Y6025593,,,,3091,30.0,0,0
75,6,10,6,19,Y6025594,,,,3546,30.0,0,0
75,6,10,6,20,Y6025595,,,,3095,30.0,0,0
75,6,10,6,21,Y6025596,,,,0,30.0,0,0
75,6,10,6,22,Y6025597,,,,0,30.0,0,0
75,6,10,6,23,Y6025598,,,,0,30.0,0,0
75,6,10,6,24,Y6025599,,,,0,30.0,0,0
75,6,10,6,25,Y6025600,,,,0,30.0,0,0
75,6,10,6,26,Y6025601,,,,0,30.0,0,0
75,6,10,6,27,Y6025602,,,,0,30.0,0,0
75,6,10,6,28,Y6025603,,,,0,30.0,0,0
75,6,10,6,29,Y6025604,,,,0,30.0,0,0
75,6,10,6,30,Y6025605,,,,0,30.0,0,0
75,6,10,7,10,Y6025606,,,,0,30.0,0,0
75,6,10,7,11,Y6025607,,,,0,30.0,0,0
75,6,10,7,12,Y6025608,,,,0,30.0,0,0
75,6,10,7,13,Y6025609,,,,0,30.0,0,0
75,6,10,7,14,Y6025610,,,,0,30.0,0,0
75,6,10,7,15,Y6025611,,,,0,30.0,0,0
75,6,10,7,16,Y6025612,,,,0,30.0,0,0
75,6,10,7,17,Y6025613,,,,0,30.0,0,0
75,6,10,7,18,Y6025614,,,,3121,30.0,0,0
75,6,10,7,19,Y6025615,,,,3587,30.0,0,0
75,6,10,7,20,Y6025616,,,,3146,30.0,0,0
75,6,10,7,21,Y6025617,,,,0,30.0,0,0
75,6,10,7,22,Y6025618,,,,0,30.0,0,0
75,6,10,7,23,Y6025619,,,,0,30.0,0,0
75,6,10,7,24,Y6025620,,,,0,30.0,0,0
75,6,10,7,25,Y6025621,,,,0,30.0,0,0
75,6,10,7,26,Y6025622,,,,0,30.0,0,0
75,6,10,7,27,Y6025623,,,,0,30.0,0,0
75,6,10,7,28,Y6025624,,,,0,30.0,0,0
75,6,10,7,29,Y6025625,,,,0,30.0,0,0
75,6,10,7,30,Y6025626,,,,0,30.0,0,0
75,6,10,8,10,Y6025627,,,,0,30.0,0,0
75,6,10,8,11,Y6025628,,,,0,30.0,0,0
75,6,10,8,12,Y6025629,,,,0,30.0,0,0
75,6,10,8,13,Y6025630,,,,0,30.0,0,0
75,6,10,8,14,Y6025631,,,,0,30.0,0,0
75,6,10,8,15,Y6025632,,,,0,30.0,0,0
75,6,10,8,16,Y6025633,,,,0,30.0,0,0
75,6,10,8,17,Y6025634,,,,0,30.0,0,0
75,6,10,8,18,Y6025635,,,,3187,30.0,0,0
75,6,10,8,19,Y6025636,,,,3590,30.0,0,0
75,6,10,8,20,Y6025637,,,,3153,30.0,0,0
75,6,10,8,21,Y6025638,,,,0,30.0,0,0
75,6,10,8,22,Y6025639,,,,0,30.0,0,0
75,6,10,8,23,Y6025640,,,,0,30.0,0,0
75,6,10,8,24,Y6025641,,,,0,30.0,0,0
75,6,10,8,25,Y6025642,,,,0,30.0,0,0
75,6,10,8,26,Y6025643,,,,0,30.0,0,0
75,6,10,8,27,Y6025644,,,,0,30.0,0,0
75,6,10,8,28,Y6025645,,,,0,30.0,0,0
75,6,10,8,29,Y6025646,,,,0,30.0,0,0
75,6,10,8,30,Y6025647,,,,0,30.0,0,0
75,6,10,9,10,Y6025648,,,,0,30.0,0,0
75,6,10,9,11,Y6025649,,,,0,30.0,0,0
75,6,10,9,12,Y6025650,,,,0,30.0,0,0
75,6,10,9,13,Y6025651,,,,0,30.0,0,0
75,6,10,9,14,Y6025652,,,,0,30.0,0,0
75,6,10,9,15,Y6025653,,,,0,30.0,0,0
75,6,10,9,16,Y6025654,,,,0,30.0,0,0
75,6,10,9,17,Y6025655,,,,0,30.0,0,0
75,6,10,9,18,Y6025656,,,,3213,30.0,0,0
75,6,10,9,19,Y6025657,,,,3682,30.0,0,0
75,6,10,9,20,Y6025658,,,,3245,30.0,0,0
75,6,10,9,21,Y6025659,,,,0,30.0,0,0
75,6,10,9,22,Y6025660,,,,0,30.0,0,0
75,6,10,9,23,Y6025661,,,,0,30.0,0,0
75,6,10,9,24,Y6025662,,,,0,30.0,0,0
75,6,10,9,25,Y6025663,,,,0,30.0,0,0
75,6,10,9,26,Y6025664,,,,0,30.0,0,0
75,6,10,9,27,Y6025665,,,,0,30.0,0,0
75,6,10,9,28,Y6025666,,,,0,30.0,0,0
75,6,10,9,29,Y6025667,,,,0,30.0,0,0
75,6,10,9,30,Y6025668,,,,0,30.0,0,0
75,6,10,10,10,Y6025669,,,,0,30.0,0,0
75,6,10,10,11,Y6025670,,,,0,30.0,0,0
75,6,10,10,12,Y6025671,,,,0,30.0,0,0
75,6,10,10,13,Y6025672,,,,0,30.0,0,0
75,6,10,10,14,Y6025673,,,,0,30.0,0,0
75,6,10,10,15,Y6025674,,,,0,30.0,0,0
75,6,10,10,16,Y6025675,,,,0,30.0,0,0
75,6,10,10,17,Y6025676,,,,0,30.0,0,0
75,6,10,10,18,Y6025677,,,,3354,30.0,0,0
75,6,10,10,19,Y6025678,,,,3903,30.0,0,0
75,6,10,10,20,Y6025679,,,,3371,30.0,0,0
75,6,10,10,21,Y6025680,,,,0,30.0,0,0
75,6,10,10,22,Y6025681,,,,0,30.0,0,0
75,6,10,10,23,Y6025682,,,,0,30.0,0,0
75,6,10,10,24,Y6025683,,,,0,30.0,0,0
75,6,10,10,25,Y6025684,,,,0,30.0,0,0
75,6,10,10,26,Y6025685,,,,0,30.0,0,0
75,6,10,10,27,Y6025686,,,,0,30.0,0,0
75,6,10,10,28,Y6025687,,,,0,30.0,0,0
75,6,10,10,29,Y6025688,,,,0,30.0,0,0
75,6,10,10,30,Y6025689,,,,0,30.0,0,0
75,6,10,11,10,Y6025690,,,,0,30.0,0,0
75,6,10,11,11,Y6025691,,,,0,30.0,0,0
75,6,10,11,12,Y6025692,,,,0,30.0,0,0
75,6,10,11,13,Y6025693,,,,0,30.0,0,0
75,6,10,11,14,Y6025694,,,,0,30.0,0,0
75,6,10,11,15,Y6025695,,,,0,30.0,0,0
75,6,10,11,16,Y6025696,,,,0,30.0,0,0
75,6,10,11,17,Y6025697,,,,0,30.0,0,0
75,6,10,11,18,Y6025698,,,,3426,30.0,0,0
75,6,10,11,19,Y6025699,,,,3993,30.0,0,0
75,6,10,11,20,Y6025700,,,,3455,30.0,0,0
75,6,10,11,21,Y6025701,,,,0,30.0,0,0
75,6,10,11,22,Y6025702,,,,0,30.0,0,0
75,6,10,11,23,Y6025703,,,,0,30.0,0,0
75,6,10,11,24,Y6025704,,,,0,30.0,0,0
75,6,10,11,25,Y6025705,,,,0,30.0,0,0
75,6,10,11,26,Y6025706,,,,0,30.0,0,0
75,6,10,11,27,Y6025707,,,,0,30.0,0,0
75,6,10,11,28,Y6025708,,,,0,30.0,0,0
75,6,10,11,29,Y6025709,,,,0,30.0,0,0
75,6,10,11,30,Y6025710,,,,0,30.0,0,0
75,6,10,12,10,Y6025711,,,,0,30.0,0,0
75,6,10,12,11,Y6025712,,,,0,30.0,0,0
75,6,10,12,12,Y6025713,,,,0,30.0,0,0
75,6,10,12,13,Y6025714,,,,0,30.0,0,0
75,6,10,12,14,Y6025715,,,,0,30.0,0,0
75,6,10,12,15,Y6025716,,,,0,30.0,0,0
75,6,10,12,16,Y6025717,,,,0,30.0,0,0
75,6,10,12,17,Y6025718,,,,0,30.0,0,0
75,6,10,12,18,Y6025719,,,,3870,30.0,0,0
75,6,10,12,19,Y6025720,,,,4431,30.0,0,0
75,6,10,12,20,Y6025721,,,,3903,30.0,0,0
75,6,10,12,21,Y6025722,,,,0,30.0,0,0
75,6,10,12,22,Y6025723,,,,0,30.0,0,0
75,6,10,12,23,Y6025724,,,,0,30.0,0,0
75,6,10,12,24,Y6025725,,,,0,30.0,0,0
75,6,10,12,25,Y6025726,,,,0,30.0,0,0
75,6,10,12,26,Y6025727,,,,0,30.0,0,0
75,6,10,12,27,Y6025728,,,,0,30.0,0,0
75,6,10,12,28,Y6025729,,,,0,30.0,0,0
75,6,10,12,29,Y6025730,,,,0,30.0,0,0
75,6,10,12,30,Y6025731,,,,0,30.0,0,0
75,6,11,1,10,Y6025732,,,,0,30.0,0,0
75,6,11,1,11,Y6025733,,,,0,30.0,0,0
75,6,11,1,12,Y6025734,,,,0,30.0,0,0
75,6,11,1,13,Y6025735,,,,0,30.0,0,0
75,6,11,1,14,Y6025736,,,,0,30.0,0,0
75,6,11,1,15,Y6025737,,,,0,30.0,0,0
75,6,11,1,16,Y6025738,,,,0,30.0,0,0
75,6,11,1,17,Y6025739,,,,0,30.0,0,0
75,6,11,1,18,Y6025740,,,,3025,30.0,0,0
75,6,11,1,19,Y6025741,,,,3495,30.0,0,0
75,6,11,1,20,Y6025742,,,,3047,30.0,0,0
75,6,11,1,21,Y6025743,,,,0,30.0,0,0
75,6,11,1,22,Y6025744,,,,0,30.0,0,0
75,6,11,1,23,Y6025745,,,,0,30.0,0,0
75,6,11,1,24,Y6025746,,,,0,30.0,0,0
75,6,11,1,25,Y6025747,,,,0,30.0,0,0
75,6,11,1,26,Y6025748,,,,0,30.0,0,0
75,6,11,1,27,Y6025749,,,,0,30.0,0,0
75,6,11,1,28,Y6025750,,,,0,30.0,0,0
75,6,11,1,29,Y6025751,,,,0,30.0,0,0
75,6,11,1,30,Y6025752,,,,0,30.0,0,0
75,6,11,2,10,Y6025753,,,,0,30.0,0,0
75,6,11,2,11,Y6025754,,,,0,30.0,0,0
75,6,11,2,12,Y6025755,,,,0,30.0,0,0
75,6,11,2,13,Y6025756,,,,0,30.0,0,0
75,6,11,2,14,Y6025757,,,,0,30.0,0,0
75,6,11,2,15,Y6025758,,,,0,30.0,0,0
75,6,11,2,16,Y6025759,,,,0,30.0,0,0
75,6,11,2,17,Y6025760,,,,0,30.0,0,0
75,6,11,2,18,Y6025761,,,,3011,30.0,0,0
75,6,11,2,19,Y6025762,,,,3475,30.0,0,0
75,6,11,2,20,Y6025763,,,,3028,30.0,0,0
75,6,11,2,21,Y6025764,,,,0,30.0,0,0
75,6,11,2,22,Y6025765,,,,0,30.0,0,0
75,6,11,2,23,Y6025766,,,,0,30.0,0,0
75,6,11,2,24,Y6025767,,,,0,30.0,0,0
75,6,11,2,25,Y6025768,,,,0,30.0,0,0
75,6,11,2,26,Y6025769,,,,0,30.0,0,0
75,6,11,2,27,Y6025770,,,,0,30.0,0,0
75,6,11,2,28,Y6025771,,,,0,30.0,0,0
75,6,11,2,29,Y6025772,,,,0,30.0,0,0
75,6,11,2,30,Y6025773,,,,0,30.0,0,0
75,6,11,3,10,Y6025774,,,,0,30.0,0,0
75,6,11,3,11,Y6025775,,,,0,30.0,0,0
75,6,11,3,12,Y6025776,,,,0,30.0,0,0
75,6,11,3,13,Y6025777,,,,0,30.0,0,0
75,6,11,3,14,Y6025778,,,,0,30.0,0,0
75,6,11,3,15,Y6025779,,,,0,30.0,0,0
75,6,11,3,16,Y6025780,,,,0,30.0,0,0
75,6,11,3,17,Y6025781,,,,0,30.0,0,0
75,6,11,3,18,Y6025782,,,,0,30.0,0,0
75,6,11,3,19,Y6025783,,,,3461,30.0,0,0
75,6,11,3,20,Y6025784,,,,3014,30.0,0,0
75,6,11,3,21,Y6025785,,,,0,30.0,0,0
75,6,11,3,22,Y6025786,,,,0,30.0,0,0
75,6,11,3,23,Y6025787,,,,0,30.0,0,0
75,6,11,3,24,Y6025788,,,,0,30.0,0,0
75,6,11,3,25,Y6025789,,,,0,30.0,0,0
75,6,11,3,26,Y6025790,,,,0,30.0,0,0
75,6,11,3,27,Y6025791,,,,0,30.0,0,0
75,6,11,3,28,Y6025792,,,,0,30.0,0,0
75,6,11,3,29,Y6025793,,,,0,30.0,0,0
75,6,11,3,30,Y6025794,,,,0,30.0,0,0
75,6,11,4,10,Y6025795,,,,0,30.0,0,0
75,6,11,4,11,Y6025796,,,,0,30.0,0,0
75,6,11,4,12,Y6025797,,,,0,30.0,0,0
75,6,11,4,13,Y6025798,,,,0,30.0,0,0
75,6,11,4,14,Y6025799,,,,0,30.0,0,0
75,6,11,4,15,Y6025800,,,,0,30.0,0,0
75,6,11,4,16,Y6025801,,,,0,30.0,0,0
75,6,11,4,17,Y6025802,,,,0,30.0,0,0
75,6,11,4,18,Y6025803,,,,3085,30.0,0,0
75,6,11,4,19,Y6025804,,,,3532,30.0,0,0
75,6,11,4,20,Y6025805,,,,3086,30.0,0,0
75,6,11,4,21,Y6025806,,,,0,30.0,0,0
75,6,11,4,22,Y6025807,,,,0,30.0,0,0
75,6,11,4,23,Y6025808,,,,0,30.0,0,0
75,6,11,4,24,Y6025809,,,,0,30.0,0,0
75,6,11,4,25,Y6025810,,,,0,30.0,0,0
75,6,11,4,26,Y6025811,,,,0,30.0,0,0
75,6,11,4,27,Y6025812,,,,0,30.0,0,0
75,6,11,4,28,Y6025813,,,,0,30.0,0,0
75,6,11,4,29,Y6025814,,,,0,30.0,0,0
75,6,11,4,30,Y6025815,,,,0,30.0,0,0
75,6,11,5,10,Y6025816,,,,0,30.0,0,0
75,6,11,5,11,Y6025817,,,,0,30.0,0,0
75,6,11,5,12,Y6025818,,,,0,30.0,0,0
75,6,11,5,13,Y6025819,,,,0,30.0,0,0
75,6,11,5,14,Y6025820,,,,0,30.0,0,0
75,6,11,5,15,Y6025821,,,,0,30.0,0,0
75,6,11,5,16,Y6025822,,,,0,30.0,0,0
75,6,11,5,17,Y6025823,,,,0,30.0,0,0
75,6,11,5,18,Y6025824,,,,3139,30.0,0,0
75,6,11,5,19,Y6025825,,,,3625,30.0,0,0
75,6,11,5,20,Y6025826,,,,3178,30.0,0,0
75,6,11,5,21,Y6025827,,,,0,30.0,0,0
75,6,11,5,22,Y6025828,,,,0,30.0,0,0
75,6,11,5,23,Y6025829,,,,0,30.0,0,0
75,6,11,5,24,Y6025830,,,,0,30.0,0,0
75,6,11,5,25,Y6025831,,,,0,30.0,0,0
75,6,11,5,26,Y6025832,,,,0,30.0,0,0
75,6,11,5,27,Y6025833,,,,0,30.0,0,0
75,6,11,5,28,Y6025834,,,,0,30.0,0,0
75,6,11,5,29,Y6025835,,,,0,30.0,0,0
75,6,11,5,30,Y6025836,,,,0,30.0,0,0
75,6,11,6,10,Y6025837,,,,0,30.0,0,0
75,6,11,6,11,Y6025838,,,,0,30.0,0,0
75,6,11,6,12,Y6025839,,,,0,30.0,0,0
75,6,11,6,13,Y6025840,,,,0,30.0,0,0
75,6,11,6,14,Y6025841,,,,0,30.0,0,0
75,6,11,6,15,Y6025842,,,,0,30.0,0,0
75,6,11,6,16,Y6025843,,,,0,30.0,0,0
75,6,11,6,17,Y6025844,,,,0,30.0,0,0
75,6,11,6,18,Y6025845,,,,3135,30.0,0,0
75,6,11,6,19,Y6025846,,,,3621,30.0,0,0
75,6,11,6,20,Y6025847,,,,3170,30.0,0,0
75,6,11,6,21,Y6025848,,,,0,30.0,0,0
75,6,11,6,22,Y6025849,,,,0,30.0,0,0
75,6,11,6,23,Y6025850,,,,0,30.0,0,0
75,6,11,6,24,Y6025851,,,,0,30.0,0,0
75,6,11,6,25,Y6025852,,,,0,30.0,0,0
75,6,11,6,26,Y6025853,,,,0,30.0,0,0
75,6,11,6,27,Y6025854,,,,0,30.0,0,0
75,6,11,6,28,Y6025855,,,,0,30.0,0,0
75,6,11,6,29,Y6025856,,,,0,30.0,0,0
75,6,11,6,30,Y6025857,,,,0,30.0,0,0
75,6,11,7,10,Y6025858,,,,0,30.0,0,0
75,6,11,7,11,Y6025859,,,,0,30.0,0,0
75,6,11,7,12,Y6025860,,,,0,30.0,0,0
75,6,11,7,13,Y6025861,,,,0,30.0,0,0
75,6,11,7,14,Y6025862,,,,0,30.0,0,0
75,6,11,7,15,Y6025863,,,,0,30.0,0,0
75,6,11,7,16,Y6025864,,,,0,30.0,0,0
75,6,11,7,17,Y6025865,,,,0,30.0,0,0
75,6,11,7,18,Y6025866,,,,3165,30.0,0,0
75,6,11,7,19,Y6025867,,,,3662,30.0,0,0
75,6,11,7,20,Y6025868,,,,3221,30.0,0,0
75,6,11,7,21,Y6025869,,,,0,30.0,0,0
75,6,11,7,22,Y6025870,,,,0,30.0,0,0
75,6,11,7,23,Y6025871,,,,0,30.0,0,0
75,6,11,7,24,Y6025872,,,,0,30.0,0,0
75,6,11,7,25,Y6025873,,,,0,30.0,0,0
75,6,11,7,26,Y6025874,,,,0,30.0,0,0
75,6,11,7,27,Y6025875,,,,0,30.0,0,0
75,6,11,7,28,Y6025876,,,,0,30.0,0,0
75,6,11,7,29,Y6025877,,,,0,30.0,0,0
75,6,11,7,30,Y6025878,,,,0,30.0,0,0
75,6,11,8,10,Y6025879,,,,0,30.0,0,0
75,6,11,8,11,Y6025880,,,,0,30.0,0,0
75,6,11,8,12,Y6025881,,,,0,30.0,0,0
75,6,11,8,13,Y6025882,,,,0,30.0,0,0
75,6,11,8,14,Y6025883,,,,0,30.0,0,0
75,6,11,8,15,Y6025884,,,,0,30.0,0,0
75,6,11,8,16,Y6025885,,,,0,30.0,0,0
75,6,11,8,17,Y6025886,,,,0,30.0,0,0
75,6,11,8,18,Y6025887,,,,3258,30.0,0,0
75,6,11,8,19,Y6025888,,,,3695,30.0,0,0
75,6,11,8,20,Y6025889,,,,3257,30.0,0,0
75,6,11,8,21,Y6025890,,,,0,30.0,0,0
75,6,11,8,22,Y6025891,,,,0,30.0,0,0
75,6,11,8,23,Y6025892,,,,0,30.0,0,0
75,6,11,8,24,Y6025893,,,,0,30.0,0,0
75,6,11,8,25,Y6025894,,,,0,30.0,0,0
75,6,11,8,26,Y6025895,,,,0,30.0,0,0
75,6,11,8,27,Y6025896,,,,0,30.0,0,0
75,6,11,8,28,Y6025897,,,,0,30.0,0,0
75,6,11,8,29,Y6025898,,,,0,30.0,0,0
75,6,11,8,30,Y6025899,,,,0,30.0,0,0
75,6,11,9,10,Y6025900,,,,0,30.0,0,0
75,6,11,9,11,Y6025901,,,,0,30.0,0,0
75,6,11,9,12,Y6025902,,,,0,30.0,0,0
75,6,11,9,13,Y6025903,,,,0,30.0,0,0
75,6,11,9,14,Y6025904,,,,0,30.0,0,0
75,6,11,9,15,Y6025905,,,,0,30.0,0,0
75,6,11,9,16,Y6025906,,,,0,30.0,0,0
75,6,11,9,17,Y6025907,,,,0,30.0,0,0
75,6,11,9,18,Y6025908,,,,3264,30.0,0,0
75,6,11,9,19,Y6025909,,,,3725,30.0,0,0
75,6,11,9,20,Y6025910,,,,3287,30.0,0,0
75,6,11,9,21,Y6025911,,,,0,30.0,0,0
75,6,11,9,22,Y6025912,,,,0,30.0,0,0
75,6,11,9,23,Y6025913,,,,0,30.0,0,0
75,6,11,9,24,Y6025914,,,,0,30.0,0,0
75,6,11,9,25,Y6025915,,,,0,30.0,0,0
75,6,11,9,26,Y6025916,,,,0,30.0,0,0
75,6,11,9,27,Y6025917,,,,0,30.0,0,0
75,6,11,9,28,Y6025918,,,,0,30.0,0,0
75,6,11,9,29,Y6025919,,,,0,30.0,0,0
75,6,11,9,30,Y6025920,,,,0,30.0,0,0
75,6,11,10,10,Y6025921,,,,0,30.0,0,0
75,6,11,10,11,Y6025922,,,,0,30.0,0,0
75,6,11,10,12,Y6025923,,,,0,30.0,0,0
75,6,11,10,13,Y6025924,,,,0,30.0,0,0
75,6,11,10,14,Y6025925,,,,0,30.0,0,0
75,6,11,10,15,Y6025926,,,,0,30.0,0,0
75,6,11,10,16,Y6025927,,,,0,30.0,0,0
75,6,11,10,17,Y6025928,,,,0,30.0,0,0
75,6,11,10,18,Y6025929,,,,3405,30.0,0,0
75,6,11,10,19,Y6025930,,,,3945,30.0,0,0
75,6,11,10,20,Y6025931,,,,3413,30.0,0,0
75,6,11,10,21,Y6025932,,,,0,30.0,0,0
75,6,11,10,22,Y6025933,,,,0,30.0,0,0
75,6,11,10,23,Y6025934,,,,0,30.0,0,0
75,6,11,10,24,Y6025935,,,,0,30.0,0,0
75,6,11,10,25,Y6025936,,,,0,30.0,0,0
75,6,11,10,26,Y6025937,,,,0,30.0,0,0
75,6,11,10,27,Y6025938,,,,0,30.0,0,0
75,6,11,10,28,Y6025939,,,,0,30.0,0,0
75,6,11,10,29,Y6025940,,,,0,30.0,0,0
75,6,11,10,30,Y6025941,,,,0,30.0,0,0
75,6,11,11,10,Y6025942,,,,0,30.0,0,0
75,6,11,11,11,Y6025943,,,,0,30.0,0,0
75,6,11,11,12,Y6025944,,,,0,30.0,0,0
75,6,11,11,13,Y6025945,,,,0,30.0,0,0
75,6,11,11,14,Y6025946,,,,0,30.0,0,0
75,6,11,11,15,Y6025947,,,,0,30.0,0,0
75,6,11,11,16,Y6025948,,,,0,30.0,0,0
75,6,11,11,17,Y6025949,,,,0,30.0,0,0
75,6,11,11,18,Y6025950,,,,3477,30.0,0,0
75,6,11,11,19,Y6025951,,,,4035,30.0,0,0
75,6,11,11,20,Y6025952,,,,3497,30.0,0,0
75,6,11,11,21,Y6025953,,,,0,30.0,0,0
75,6,11,11,22,Y6025954,,,,0,30.0,0,0
75,6,11,11,23,Y6025955,,,,0,30.0,0,0
75,6,11,11,24,Y6025956,,,,0,30.0,0,0
75,6,11,11,25,Y6025957,,,,0,30.0,0,0
75,6,11,11,26,Y6025958,,,,0,30.0,0,0
75,6,11,11,27,Y6025959,,,,0,30.0,0,0
75,6,11,11,28,Y6025960,,,,0,30.0,0,0
75,6,11,11,29,Y6025961,,,,0,30.0,0,0
75,6,11,11,30,Y6025962,,,,0,30.0,0,0
75,6,11,12,10,Y6025963,,,,0,30.0,0,0
75,6,11,12,11,Y6025964,,,,0,30.0,0,0
75,6,11,12,12,Y6025965,,,,0,30.0,0,0
75,6,11,12,13,Y6025966,,,,0,30.0,0,0
75,6,11,12,14,Y6025967,,,,0,30.0,0,0
75,6,11,12,15,Y6025968,,,,0,30.0,0,0
75,6,11,12,16,Y6025969,,,,0,30.0,0,0
75,6,11,12,17,Y6025970,,,,0,30.0,0,0
75,6,11,12,18,Y6025971,,,,3941,30.0,0,0
75,6,11,12,19,Y6025972,,,,4492,30.0,0,0
75,6,11,12,20,Y6025973,,,,3964,30.0,0,0
75,6,11,12,21,Y6025974,,,,0,30.0,0,0
75,6,11,12,22,Y6025975,,,,0,30.0,0,0
75,6,11,12,23,Y6025976,,,,0,30.0,0,0
75,6,11,12,24,Y6025977,,,,0,30.0,0,0
75,6,11,12,25,Y6025978,,,,0,30.0,0,0
75,6,11,12,26,Y6025979,,,,0,30.0,0,0
75,6,11,12,27,Y6025980,,,,0,30.0,0,0
75,6,11,12,28,Y6025981,,,,0,30.0,0,0
75,6,11,12,29,Y6025982,,,,0,30.0,0,0
75,6,11,12,30,Y6025983,,,,0,30.0,0,0
75,6,12,1,10,Y6025984,,,,0,30.0,0,0
75,6,12,1,11,Y6025985,,,,0,30.0,0,0
75,6,12,1,12,Y6025986,,,,0,30.0,0,0
75,6,12,1,13,Y6025987,,,,0,30.0,0,0
75,6,12,1,14,Y6025988,,,,0,30.0,0,0
75,6,12,1,15,Y6025989,,,,0,30.0,0,0
75,6,12,1,16,Y6025990,,,,0,30.0,0,0
75,6,12,1,17,Y6025991,,,,0,30.0,0,0
75,6,12,1,18,Y6025992,,,,3073,30.0,0,0
75,6,12,1,19,Y6025993,,,,3572,30.0,0,0
75,6,12,1,20,Y6025994,,,,0,30.0,0,0
75,6,12,1,21,Y6025995,,,,0,30.0,0,0
75,6,12,1,22,Y6025996,,,,0,30.0,0,0
75,6,12,1,23,Y6025997,,,,0,30.0,0,0
75,6,12,1,24,Y6025998,,,,0,30.0,0,0
75,6,12,1,25,Y6025999,,,,0,30.0,0,0
75,6,12,1,26,Y6026000,,,,0,30.0,0,0
75,6,12,1,27,Y6026001,,,,0,30.0,0,0
75,6,12,1,28,Y6026002,,,,0,30.0,0,0
75,6,12,1,29,Y6026003,,,,0,30.0,0,0
75,6,12,1,30,Y6026004,,,,0,30.0,0,0
75,6,12,2,10,Y6026005,,,,0,30.0,0,0
75,6,12,2,11,Y6026006,,,,0,30.0,0,0
75,6,12,2,12,Y6026007,,,,0,30.0,0,0
75,6,12,2,13,Y6026008,,,,0,30.0,0,0
75,6,12,2,14,Y6026009,,,,0,30.0,0,0
75,6,12,2,15,Y6026010,,,,0,30.0,0,0
75,6,12,2,16,Y6026011,,,,0,30.0,0,0
75,6,12,2,17,Y6026012,,,,0,30.0,0,0
75,6,12,2,18,Y6026013,,,,3059,30.0,0,0
75,6,12,2,19,Y6026014,,,,3553,30.0,0,0
75,6,12,2,20,Y6026015,,,,0,30.0,0,0
75,6,12,2,21,Y6026016,,,,0,30.0,0,0
75,6,12,2,22,Y6026017,,,,0,30.0,0,0
75,6,12,2,23,Y6026018,,,,0,30.0,0,0
75,6,12,2,24,Y6026019,,,,0,30.0,0,0
75,6,12,2,25,Y6026020,,,,0,30.0,0,0
75,6,12,2,26,Y6026021,,,,0,30.0,0,0
75,6,12,2,27,Y6026022,,,,0,30.0,0,0
75,6,12,2,28,Y6026023,,,,0,30.0,0,0
75,6,12,2,29,Y6026024,,,,0,30.0,0,0
75,6,12,2,30,Y6026025,,,,0,30.0,0,0
75,6,12,3,10,Y6026026,,,,0,30.0,0,0
75,6,12,3,11,Y6026027,,,,0,30.0,0,0
75,6,12,3,12,Y6026028,,,,0,30.0,0,0
75,6,12,3,13,Y6026029,,,,0,30.0,0,0
75,6,12,3,14,Y6026030,,,,0,30.0,0,0
75,6,12,3,15,Y6026031,,,,0,30.0,0,0
75,6,12,3,16,Y6026032,,,,0,30.0,0,0
75,6,12,3,17,Y6026033,,,,0,30.0,0,0
75,6,12,3,18,Y6026034,,,,3047,30.0,0,0
75,6,12,3,19,Y6026035,,,,3539,30.0,0,0
75,6,12,3,20,Y6026036,,,,0,30.0,0,0
75,6,12,3,21,Y6026037,,,,0,30.0,0,0
75,6,12,3,22,Y6026038,,,,0,30.0,0,0
75,6,12,3,23,Y6026039,,,,0,30.0,0,0
75,6,12,3,24,Y6026040,,,,0,30.0,0,0
75,6,12,3,25,Y6026041,,,,0,30.0,0,0
75,6,12,3,26,Y6026042,,,,0,30.0,0,0
75,6,12,3,27,Y6026043,,,,0,30.0,0,0
75,6,12,3,28,Y6026044,,,,0,30.0,0,0
75,6,12,3,29,Y6026045,,,,0,30.0,0,0
75,6,12,3,30,Y6026046,,,,0,30.0,0,0
75,6,12,4,10,Y6026047,,,,0,30.0,0,0
75,6,12,4,11,Y6026048,,,,0,30.0,0,0
75,6,12,4,12,Y6026049,,,,0,30.0,0,0
75,6,12,4,13,Y6026050,,,,0,30.0,0,0
75,6,12,4,14,Y6026051,,,,0,30.0,0,0
75,6,12,4,15,Y6026052,,,,0,30.0,0,0
75,6,12,4,16,Y6026053,,,,0,30.0,0,0
75,6,12,4,17,Y6026054,,,,0,30.0,0,0
75,6,12,4,18,Y6026055,,,,3133,30.0,0,0
75,6,12,4,19,Y6026056,,,,3610,30.0,0,0
75,6,12,4,20,Y6026057,,,,3037,30.0,0,0
75,6,12,4,21,Y6026058,,,,0,30.0,0,0
75,6,12,4,22,Y6026059,,,,0,30.0,0,0
75,6,12,4,23,Y6026060,,,,0,30.0,0,0
75,6,12,4,24,Y6026061,,,,0,30.0,0,0
75,6,12,4,25,Y6026062,,,,0,30.0,0,0
75,6,12,4,26,Y6026063,,,,0,30.0,0,0
75,6,12,4,27,Y6026064,,,,0,30.0,0,0
75,6,12,4,28,Y6026065,,,,0,30.0,0,0
75,6,12,4,29,Y6026066,,,,0,30.0,0,0
75,6,12,4,30,Y6026067,,,,0,30.0,0,0
75,6,12,5,10,Y6026068,,,,0,30.0,0,0
75,6,12,5,11,Y6026069,,,,0,30.0,0,0
75,6,12,5,12,Y6026070,,,,0,30.0,0,0
75,6,12,5,13,Y6026071,,,,0,30.0,0,0
75,6,12,5,14,Y6026072,,,,0,30.0,0,0
75,6,12,5,15,Y6026073,,,,0,30.0,0,0
75,6,12,5,16,Y6026074,,,,0,30.0,0,0
75,6,12,5,17,Y6026075,,,,0,30.0,0,0
75,6,12,5,18,Y6026076,,,,3187,30.0,0,0
75,6,12,5,19,Y6026077,,,,3703,30.0,0,0
75,6,12,5,20,Y6026078,,,,3129,30.0,0,0
75,6,12,5,21,Y6026079,,,,0,30.0,0,0
75,6,12,5,22,Y6026080,,,,0,30.0,0,0
75,6,12,5,23,Y6026081,,,,0,30.0,0,0
75,6,12,5,24,Y6026082,,,,0,30.0,0,0
75,6,12,5,25,Y6026083,,,,0,30.0,0,0
75,6,12,5,26,Y6026084,,,,0,30.0,0,0
75,6,12,5,27,Y6026085,,,,0,30.0,0,0
75,6,12,5,28,Y6026086,,,,0,30.0,0,0
75,6,12,5,29,Y6026087,,,,0,30.0,0,0
75,6,12,5,30,Y6026088,,,,0,30.0,0,0
75,6,12,6,10,Y6026089,,,,0,30.0,0,0
75,6,12,6,11,Y6026090,,,,0,30.0,0,0
75,6,12,6,12,Y6026091,,,,0,30.0,0,0
75,6,12,6,13,Y6026092,,,,0,30.0,0,0
75,6,12,6,14,Y6026093,,,,0,30.0,0,0
75,6,12,6,15,Y6026094,,,,0,30.0,0,0
75,6,12,6,16,Y6026095,,,,0,30.0,0,0
75,6,12,6,17,Y6026096,,,,0,30.0,0,0
75,6,12,6,18,Y6026097,,,,3183,30.0,0,0
75,6,12,6,19,Y6026098,,,,3699,30.0,0,0
75,6,12,6,20,Y6026099,,,,3121,30.0,0,0
75,6,12,6,21,Y6026100,,,,0,30.0,0,0
75,6,12,6,22,Y6026101,,,,0,30.0,0,0
75,6,12,6,23,Y6026102,,,,0,30.0,0,0
75,6,12,6,24,Y6026103,,,,0,30.0,0,0
75,6,12,6,25,Y6026104,,,,0,30.0,0,0
75,6,12,6,26,Y6026105,,,,0,30.0,0,0
75,6,12,6,27,Y6026106,,,,0,30.0,0,0
75,6,12,6,28,Y6026107,,,,0,30.0,0,0
75,6,12,6,29,Y6026108,,,,0,30.0,0,0
75,6,12,6,30,Y6026109,,,,0,30.0,0,0
75,6,12,7,10,Y6026110,,,,0,30.0,0,0
75,6,12,7,11,Y6026111,,,,0,30.0,0,0
75,6,12,7,12,Y6026112,,,,0,30.0,0,0
75,6,12,7,13,Y6026113,,,,0,30.0,0,0
75,6,12,7,14,Y6026114,,,,0,30.0,0,0
75,6,12,7,15,Y6026115,,,,0,30.0,0,0
75,6,12,7,16,Y6026116,,,,0,30.0,0,0
75,6,12,7,17,Y6026117,,,,0,30.0,0,0
75,6,12,7,18,Y6026118,,,,3213,30.0,0,0
75,6,12,7,19,Y6026119,,,,3739,30.0,0,0
75,6,12,7,20,Y6026120,,,,3172,30.0,0,0
75,6,12,7,21,Y6026121,,,,0,30.0,0,0
75,6,12,7,22,Y6026122,,,,0,30.0,0,0
75,6,12,7,23,Y6026123,,,,0,30.0,0,0
75,6,12,7,24,Y6026124,,,,0,30.0,0,0
75,6,12,7,25,Y6026125,,,,0,30.0,0,0
75,6,12,7,26,Y6026126,,,,0,30.0,0,0
75,6,12,7,27,Y6026127,,,,0,30.0,0,0
75,6,12,7,28,Y6026128,,,,0,30.0,0,0
75,6,12,7,29,Y6026129,,,,0,30.0,0,0
75,6,12,7,30,Y6026130,,,,0,30.0,0,0
75,6,12,8,10,Y6026131,,,,0,30.0,0,0
75,6,12,8,11,Y6026132,,,,0,30.0,0,0
75,6,12,8,12,Y6026133,,,,0,30.0,0,0
75,6,12,8,13,Y6026134,,,,0,30.0,0,0
75,6,12,8,14,Y6026135,,,,0,30.0,0,0
75,6,12,8,15,Y6026136,,,,0,30.0,0,0
75,6,12,8,16,Y6026137,,,,0,30.0,0,0
75,6,12,8,17,Y6026138,,,,0,30.0,0,0
75,6,12,8,18,Y6026139,,,,3306,30.0,0,0
75,6,12,8,19,Y6026140,,,,3773,30.0,0,0
75,6,12,8,20,Y6026141,,,,3208,30.0,0,0
75,6,12,8,21,Y6026142,,,,0,30.0,0,0
75,6,12,8,22,Y6026143,,,,0,30.0,0,0
75,6,12,8,23,Y6026144,,,,0,30.0,0,0
75,6,12,8,24,Y6026145,,,,0,30.0,0,0
75,6,12,8,25,Y6026146,,,,0,30.0,0,0
75,6,12,8,26,Y6026147,,,,0,30.0,0,0
75,6,12,8,27,Y6026148,,,,0,30.0,0,0
75,6,12,8,28,Y6026149,,,,0,30.0,0,0
75,6,12,8,29,Y6026150,,,,0,30.0,0,0
75,6,12,8,30,Y6026151,,,,0,30.0,0,0
75,6,12,9,10,Y6026152,,,,0,30.0,0,0
75,6,12,9,11,Y6026153,,,,0,30.0,0,0
75,6,12,9,12,Y6026154,,,,0,30.0,0,0
75,6,12,9,13,Y6026155,,,,0,30.0,0,0
75,6,12,9,14,Y6026156,,,,0,30.0,0,0
75,6,12,9,15,Y6026157,,,,0,30.0,0,0
75,6,12,9,16,Y6026158,,,,0,30.0,0,0
75,6,12,9,17,Y6026159,,,,0,30.0,0,0
75,6,12,9,18,Y6026160,,,,3313,30.0,0,0
75,6,12,9,19,Y6026161,,,,3803,30.0,0,0
75,6,12,9,20,Y6026162,,,,3238,30.0,0,0
75,6,12,9,21,Y6026163,,,,0,30.0,0,0
75,6,12,9,22,Y6026164,,,,0,30.0,0,0
75,6,12,9,23,Y6026165,,,,0,30.0,0,0
75,6,12,9,24,Y6026166,,,,0,30.0,0,0
75,6,12,9,25,Y6026167,,,,0,30.0,0,0
75,6,12,9,26,Y6026168,,,,0,30.0,0,0
75,6,12,9,27,Y6026169,,,,0,30.0,0,0
75,6,12,9,28,Y6026170,,,,0,30.0,0,0
75,6,12,9,29,Y6026171,,,,0,30.0,0,0
75,6,12,9,30,Y6026172,,,,0,30.0,0,0
75,6,12,10,10,Y6026173,,,,0,30.0,0,0
75,6,12,10,11,Y6026174,,,,0,30.0,0,0
75,6,12,10,12,Y6026175,,,,0,30.0,0,0
75,6,12,10,13,Y6026176,,,,0,30.0,0,0
75,6,12,10,14,Y6026177,,,,0,30.0,0,0
75,6,12,10,15,Y6026178,,,,0,30.0,0,0
75,6,12,10,16,Y6026179,,,,0,30.0,0,0
75,6,12,10,17,Y6026180,,,,0,30.0,0,0
75,6,12,10,18,Y6026181,,,,3456,30.0,0,0
75,6,12,10,19,Y6026182,,,,4026,30.0,0,0
75,6,12,10,20,Y6026183,,,,3367,30.0,0,0
75,6,12,10,21,Y6026184,,,,0,30.0,0,0
75,6,12,10,22,Y6026185,,,,0,30.0,0,0
75,6,12,10,23,Y6026186,,,,0,30.0,0,0
75,6,12,10,24,Y6026187,,,,0,30.0,0,0
75,6,12,10,25,Y6026188,,,,0,30.0,0,0
75,6,12,10,26,Y6026189,,,,0,30.0,0,0
75,6,12,10,27,Y6026190,,,,0,30.0,0,0
75,6,12,10,28,Y6026191,,,,0,30.0,0,0
75,6,12,10,29,Y6026192,,,,0,30.0,0,0
75,6,12,10,30,Y6026193,,,,0,30.0,0,0
75,6,12,11,10,Y6026194,,,,0,30.0,0,0
75,6,12,11,11,Y6026195,,,,0,30.0,0,0
75,6,12,11,12,Y6026196,,,,0,30.0,0,0
75,6,12,11,13,Y6026197,,,,0,30.0,0,0
75,6,12,11,14,Y6026198,,,,0,30.0,0,0
75,6,12,11,15,Y6026199,,,,0,30.0,0,0
75,6,12,11,16,Y6026200,,,,0,30.0,0,0
75,6,12,11,17,Y6026201,,,,0,30.0,0,0
75,6,12,11,18,Y6026202,,,,3528,30.0,0,0
75,6,12,11,19,Y6026203,,,,4116,30.0,0,0
75,6,12,11,20,Y6026204,,,,3451,30.0,0,0
75,6,12,11,21,Y6026205,,,,0,30.0,0,0
75,6,12,11,22,Y6026206,,,,0,30.0,0,0
75,6,12,11,23,Y6026207,,,,0,30.0,0,0
75,6,12,11,24,Y6026208,,,,0,30.0,0,0
75,6,12,11,25,Y6026209,,,,0,30.0,0,0
75,6,12,11,26,Y6026210,,,,0,30.0,0,0
75,6,12,11,27,Y6026211,,,,0,30.0,0,0
75,6,12,11,28,Y6026212,,,,0,30.0,0,0
75,6,12,11,29,Y6026213,,,,0,30.0,0,0
75,6,12,11,30,Y6026214,,,,0,30.0,0,0
75,6,12,12,10,Y6026215,,,,0,30.0,0,0
75,6,12,12,11,Y6026216,,,,0,30.0,0,0
75,6,12,12,12,Y6026217,,,,0,30.0,0,0
75,6,12,12,13,Y6026218,,,,0,30.0,0,0
75,6,12,12,14,Y6026219,,,,0,30.0,0,0
75,6,12,12,15,Y6026220,,,,0,30.0,0,0
75,6,12,12,16,Y6026221,,,,0,30.0,0,0
75,6,12,12,17,Y6026222,,,,0,30.0,0,0
75,6,12,12,18,Y6026223,,,,4038,30.0,0,0
75,6,12,12,19,Y6026224,,,,4619,30.0,0,0
75,6,12,12,20,Y6026225,,,,4022,30.0,0,0
75,6,12,12,21,Y6026226,,,,0,30.0,0,0
75,6,12,12,22,Y6026227,,,,0,30.0,0,0
75,6,12,12,23,Y6026228,,,,0,30.0,0,0
75,6,12,12,24,Y6026229,,,,0,30.0,0,0
75,6,12,12,25,Y6026230,,,,0,30.0,0,0
75,6,12,12,26,Y6026231,,,,0,30.0,0,0
75,6,12,12,27,Y6026232,,,,0,30.0,0,0
75,6,12,12,28,Y6026233,,,,0,30.0,0,0
75,6,12,12,29,Y6026234,,,,0,30.0,0,0
75,6,12,12,30,Y6026235,,,,0,30.0,0,0
75,6,13,1,10,Y6026236,,,,0,30.0,0,0
75,6,13,1,11,Y6026237,,,,0,30.0,0,0
75,6,13,1,12,Y6026238,,,,0,30.0,0,0
75,6,13,1,13,Y6026239,,,,0,30.0,0,0
75,6,13,1,14,Y6026240,,,,0,30.0,0,0
75,6,13,1,15,Y6026241,,,,0,30.0,0,0
75,6,13,1,16,Y6026242,,,,0,30.0,0,0
75,6,13,1,17,Y6026243,,,,0,30.0,0,0
75,6,13,1,18,Y6026244,,,,3037,30.0,0,0
75,6,13,1,19,Y6026245,,,,3566,30.0,0,0
75,6,13,1,20,Y6026246,,,,3041,30.0,0,0
75,6,13,1,21,Y6026247,,,,0,30.0,0,0
75,6,13,1,22,Y6026248,,,,0,30.0,0,0
75,6,13,1,23,Y6026249,,,,0,30.0,0,0
75,6,13,1,24,Y6026250,,,,0,30.0,0,0
75,6,13,1,25,Y6026251,,,,0,30.0,0,0
75,6,13,1,26,Y6026252,,,,0,30.0,0,0
75,6,13,1,27,Y6026253,,,,0,30.0,0,0
75,6,13,1,28,Y6026254,,,,0,30.0,0,0
75,6,13,1,29,Y6026255,,,,0,30.0,0,0
75,6,13,1,30,Y6026256,,,,0,30.0,0,0
75,6,13,2,10,Y6026257,,,,0,30.0,0,0
75,6,13,2,11,Y6026258,,,,0,30.0,0,0
75,6,13,2,12,Y6026259,,,,0,30.0,0,0
75,6,13,2,13,Y6026260,,,,0,30.0,0,0
75,6,13,2,14,Y6026261,,,,0,30.0,0,0
75,6,13,2,15,Y6026262,,,,0,30.0,0,0
75,6,13,2,16,Y6026263,,,,0,30.0,0,0
75,6,13,2,17,Y6026264,,,,0,30.0,0,0
75,6,13,2,18,Y6026265,,,,3024,30.0,0,0
75,6,13,2,19,Y6026266,,,,3546,30.0,0,0
75,6,13,2,20,Y6026267,,,,3022,30.0,0,0
75,6,13,2,21,Y6026268,,,,0,30.0,0,0
75,6,13,2,22,Y6026269,,,,0,30.0,0,0
75,6,13,2,23,Y6026270,,,,0,30.0,0,0
75,6,13,2,24,Y6026271,,,,0,30.0,0,0
75,6,13,2,25,Y6026272,,,,0,30.0,0,0
75,6,13,2,26,Y6026273,,,,0,30.0,0,0
75,6,13,2,27,Y6026274,,,,0,30.0,0,0
75,6,13,2,28,Y6026275,,,,0,30.0,0,0
75,6,13,2,29,Y6026276,,,,0,30.0,0,0
75,6,13,2,30,Y6026277,,,,0,30.0,0,0
75,6,13,3,10,Y6026278,,,,0,30.0,0,0
75,6,13,3,11,Y6026279,,,,0,30.0,0,0
75,6,13,3,12,Y6026280,,,,0,30.0,0,0
75,6,13,3,13,Y6026281,,,,0,30.0,0,0
75,6,13,3,14,Y6026282,,,,0,30.0,0,0
75,6,13,3,15,Y6026283,,,,0,30.0,0,0
75,6,13,3,16,Y6026284,,,,0,30.0,0,0
75,6,13,3,17,Y6026285,,,,0,30.0,0,0
75,6,13,3,18,Y6026286,,,,3011,30.0,0,0
75,6,13,3,19,Y6026287,,,,3533,30.0,0,0
75,6,13,3,20,Y6026288,,,,3008,30.0,0,0
75,6,13,3,21,Y6026289,,,,0,30.0,0,0
75,6,13,3,22,Y6026290,,,,0,30.0,0,0
75,6,13,3,23,Y6026291,,,,0,30.0,0,0
75,6,13,3,24,Y6026292,,,,0,30.0,0,0
75,6,13,3,25,Y6026293,,,,0,30.0,0,0
75,6,13,3,26,Y6026294,,,,0,30.0,0,0
75,6,13,3,27,Y6026295,,,,0,30.0,0,0
75,6,13,3,28,Y6026296,,,,0,30.0,0,0
75,6,13,3,29,Y6026297,,,,0,30.0,0,0
75,6,13,3,30,Y6026298,,,,0,30.0,0,0
75,6,13,4,10,Y6026299,,,,0,30.0,0,0
75,6,13,4,11,Y6026300,,,,0,30.0,0,0
75,6,13,4,12,Y6026301,,,,0,30.0,0,0
75,6,13,4,13,Y6026302,,,,0,30.0,0,0
75,6,13,4,14,Y6026303,,,,0,30.0,0,0
75,6,13,4,15,Y6026304,,,,0,30.0,0,0
75,6,13,4,16,Y6026305,,,,0,30.0,0,0
75,6,13,4,17,Y6026306,,,,0,30.0,0,0
75,6,13,4,18,Y6026307,,,,3097,30.0,0,0
75,6,13,4,19,Y6026308,,,,3604,30.0,0,0
75,6,13,4,20,Y6026309,,,,3080,30.0,0,0
75,6,13,4,21,Y6026310,,,,0,30.0,0,0
75,6,13,4,22,Y6026311,,,,0,30.0,0,0
75,6,13,4,23,Y6026312,,,,0,30.0,0,0
75,6,13,4,24,Y6026313,,,,0,30.0,0,0
75,6,13,4,25,Y6026314,,,,0,30.0,0,0
75,6,13,4,26,Y6026315,,,,0,30.0,0,0
75,6,13,4,27,Y6026316,,,,0,30.0,0,0
75,6,13,4,28,Y6026317,,,,0,30.0,0,0
75,6,13,4,29,Y6026318,,,,0,30.0,0,0
75,6,13,4,30,Y6026319,,,,0,30.0,0,0
75,6,13,5,10,Y6026320,,,,0,30.0,0,0
75,6,13,5,11,Y6026321,,,,0,30.0,0,0
75,6,13,5,12,Y6026322,,,,0,30.0,0,0
75,6,13,5,13,Y6026323,,,,0,30.0,0,0
75,6,13,5,14,Y6026324,,,,0,30.0,0,0
75,6,13,5,15,Y6026325,,,,0,30.0,0,0
75,6,13,5,16,Y6026326,,,,0,30.0,0,0
75,6,13,5,17,Y6026327,,,,0,30.0,0,0
75,6,13,5,18,Y6026328,,,,3152,30.0,0,0
75,6,13,5,19,Y6026329,,,,3697,30.0,0,0
75,6,13,5,20,Y6026330,,,,3172,30.0,0,0
75,6,13,5,21,Y6026331,,,,0,30.0,0,0
75,6,13,5,22,Y6026332,,,,0,30.0,0,0
75,6,13,5,23,Y6026333,,,,0,30.0,0,0
75,6,13,5,24,Y6026334,,,,0,30.0,0,0
75,6,13,5,25,Y6026335,,,,0,30.0,0,0
75,6,13,5,26,Y6026336,,,,0,30.0,0,0
75,6,13,5,27,Y6026337,,,,0,30.0,0,0
75,6,13,5,28,Y6026338,,,,0,30.0,0,0
75,6,13,5,29,Y6026339,,,,0,30.0,0,0
75,6,13,5,30,Y6026340,,,,0,30.0,0,0
75,6,13,6,10,Y6026341,,,,0,30.0,0,0
75,6,13,6,11,Y6026342,,,,0,30.0,0,0
75,6,13,6,12,Y6026343,,,,0,30.0,0,0
75,6,13,6,13,Y6026344,,,,0,30.0,0,0
75,6,13,6,14,Y6026345,,,,0,30.0,0,0
75,6,13,6,15,Y6026346,,,,0,30.0,0,0
75,6,13,6,16,Y6026347,,,,0,30.0,0,0
75,6,13,6,17,Y6026348,,,,0,30.0,0,0
75,6,13,6,18,Y6026349,,,,3147,30.0,0,0
75,6,13,6,19,Y6026350,,,,3692,30.0,0,0
75,6,13,6,20,Y6026351,,,,3164,30.0,0,0
75,6,13,6,21,Y6026352,,,,0,30.0,0,0
75,6,13,6,22,Y6026353,,,,0,30.0,0,0
75,6,13,6,23,Y6026354,,,,0,30.0,0,0
75,6,13,6,24,Y6026355,,,,0,30.0,0,0
75,6,13,6,25,Y6026356,,,,0,30.0,0,0
75,6,13,6,26,Y6026357,,,,0,30.0,0,0
75,6,13,6,27,Y6026358,,,,0,30.0,0,0
75,6,13,6,28,Y6026359,,,,0,30.0,0,0
75,6,13,6,29,Y6026360,,,,0,30.0,0,0
75,6,13,6,30,Y6026361,,,,0,30.0,0,0
75,6,13,7,10,Y6026362,,,,0,30.0,0,0
75,6,13,7,11,Y6026363,,,,0,30.0,0,0
75,6,13,7,12,Y6026364,,,,0,30.0,0,0
75,6,13,7,13,Y6026365,,,,0,30.0,0,0
75,6,13,7,14,Y6026366,,,,0,30.0,0,0
75,6,13,7,15,Y6026367,,,,0,30.0,0,0
75,6,13,7,16,Y6026368,,,,0,30.0,0,0
75,6,13,7,17,Y6026369,,,,0,30.0,0,0
75,6,13,7,18,Y6026370,,,,3177,30.0,0,0
75,6,13,7,19,Y6026371,,,,3734,30.0,0,0
75,6,13,7,20,Y6026372,,,,3216,30.0,0,0
75,6,13,7,21,Y6026373,,,,0,30.0,0,0
75,6,13,7,22,Y6026374,,,,0,30.0,0,0
75,6,13,7,23,Y6026375,,,,0,30.0,0,0
75,6,13,7,24,Y6026376,,,,0,30.0,0,0
75,6,13,7,25,Y6026377,,,,0,30.0,0,0
75,6,13,7,26,Y6026378,,,,0,30.0,0,0
75,6,13,7,27,Y6026379,,,,0,30.0,0,0
75,6,13,7,28,Y6026380,,,,0,30.0,0,0
75,6,13,7,29,Y6026381,,,,0,30.0,0,0
75,6,13,7,30,Y6026382,,,,0,30.0,0,0
75,6,13,8,10,Y6026383,,,,0,30.0,0,0
75,6,13,8,11,Y6026384,,,,0,30.0,0,0
75,6,13,8,12,Y6026385,,,,0,30.0,0,0
75,6,13,8,13,Y6026386,,,,0,30.0,0,0
75,6,13,8,14,Y6026387,,,,0,30.0,0,0
75,6,13,8,15,Y6026388,,,,0,30.0,0,0
75,6,13,8,16,Y6026389,,,,0,30.0,0,0
75,6,13,8,17,Y6026390,,,,0,30.0,0,0
75,6,13,8,18,Y6026391,,,,3275,30.0,0,0
75,6,13,8,19,Y6026392,,,,3771,30.0,0,0
75,6,13,8,20,Y6026393,,,,3256,30.0,0,0
75,6,13,8,21,Y6026394,,,,0,30.0,0,0
75,6,13,8,22,Y6026395,,,,0,30.0,0,0
75,6,13,8,23,Y6026396,,,,0,30.0,0,0
75,6,13,8,24,Y6026397,,,,0,30.0,0,0
75,6,13,8,25,Y6026398,,,,0,30.0,0,0
75,6,13,8,26,Y6026399,,,,0,30.0,0,0
75,6,13,8,27,Y6026400,,,,0,30.0,0,0
75,6,13,8,28,Y6026401,,,,0,30.0,0,0
75,6,13,8,29,Y6026402,,,,0,30.0,0,0
75,6,13,8,30,Y6026403,,,,0,30.0,0,0
75,6,13,9,10,Y6026404,,,,0,30.0,0,0
75,6,13,9,11,Y6026405,,,,0,30.0,0,0
75,6,13,9,12,Y6026406,,,,0,30.0,0,0
75,6,13,9,13,Y6026407,,,,0,30.0,0,0
75,6,13,9,14,Y6026408,,,,0,30.0,0,0
75,6,13,9,15,Y6026409,,,,0,30.0,0,0
75,6,13,9,16,Y6026410,,,,0,30.0,0,0
75,6,13,9,17,Y6026411,,,,0,30.0,0,0
75,6,13,9,18,Y6026412,,,,3281,30.0,0,0
75,6,13,9,19,Y6026413,,,,3801,30.0,0,0
75,6,13,9,20,Y6026414,,,,3286,30.0,0,0
75,6,13,9,21,Y6026415,,,,0,30.0,0,0
75,6,13,9,22,Y6026416,,,,0,30.0,0,0
75,6,13,9,23,Y6026417,,,,0,30.0,0,0
75,6,13,9,24,Y6026418,,,,0,30.0,0,0
75,6,13,9,25,Y6026419,,,,0,30.0,0,0
75,6,13,9,26,Y6026420,,,,0,30.0,0,0
75,6,13,9,27,Y6026421,,,,0,30.0,0,0
75,6,13,9,28,Y6026422,,,,0,30.0,0,0
75,6,13,9,29,Y6026423,,,,0,30.0,0,0
75,6,13,9,30,Y6026424,,,,0,30.0,0,0
75,6,13,10,10,Y6026425,,,,0,30.0,0,0
75,6,13,10,11,Y6026426,,,,0,30.0,0,0
75,6,13,10,12,Y6026427,,,,0,30.0,0,0
75,6,13,10,13,Y6026428,,,,0,30.0,0,0
75,6,13,10,14,Y6026429,,,,0,30.0,0,0
75,6,13,10,15,Y6026430,,,,0,30.0,0,0
75,6,13,10,16,Y6026431,,,,0,30.0,0,0
75,6,13,10,17,Y6026432,,,,0,30.0,0,0
75,6,13,10,18,Y6026433,,,,3400,30.0,0,0
75,6,13,10,19,Y6026434,,,,4000,30.0,0,0
75,6,13,10,20,Y6026435,,,,3391,30.0,0,0
75,6,13,10,21,Y6026436,,,,0,30.0,0,0
75,6,13,10,22,Y6026437,,,,0,30.0,0,0
75,6,13,10,23,Y6026438,,,,0,30.0,0,0
75,6,13,10,24,Y6026439,,,,0,30.0,0,0
75,6,13,10,25,Y6026440,,,,0,30.0,0,0
75,6,13,10,26,Y6026441,,,,0,30.0,0,0
75,6,13,10,27,Y6026442,,,,0,30.0,0,0
75,6,13,10,28,Y6026443,,,,0,30.0,0,0
75,6,13,10,29,Y6026444,,,,0,30.0,0,0
75,6,13,10,30,Y6026445,,,,0,30.0,0,0
75,6,13,11,10,Y6026446,,,,0,30.0,0,0
75,6,13,11,11,Y6026447,,,,0,30.0,0,0
75,6,13,11,12,Y6026448,,,,0,30.0,0,0
75,6,13,11,13,Y6026449,,,,0,30.0,0,0
75,6,13,11,14,Y6026450,,,,0,30.0,0,0
75,6,13,11,15,Y6026451,,,,0,30.0,0,0
75,6,13,11,16,Y6026452,,,,0,30.0,0,0
75,6,13,11,17,Y6026453,,,,0,30.0,0,0
75,6,13,11,18,Y6026454,,,,3471,30.0,0,0
75,6,13,11,19,Y6026455,,,,4089,30.0,0,0
75,6,13,11,20,Y6026456,,,,3474,30.0,0,0
75,6,13,11,21,Y6026457,,,,0,30.0,0,0
75,6,13,11,22,Y6026458,,,,0,30.0,0,0
75,6,13,11,23,Y6026459,,,,0,30.0,0,0
75,6,13,11,24,Y6026460,,,,0,30.0,0,0
75,6,13,11,25,Y6026461,,,,0,30.0,0,0
75,6,13,11,26,Y6026462,,,,0,30.0,0,0
75,6,13,11,27,Y6026463,,,,0,30.0,0,0
75,6,13,11,28,Y6026464,,,,0,30.0,0,0
75,6,13,11,29,Y6026465,,,,0,30.0,0,0
75,6,13,11,30,Y6026466,,,,0,30.0,0,0
75,6,13,12,10,Y6026467,,,,0,30.0,0,0
75,6,13,12,11,Y6026468,,,,0,30.0,0,0
75,6,13,12,12,Y6026469,,,,0,30.0,0,0
75,6,13,12,13,Y6026470,,,,0,30.0,0,0
75,6,13,12,14,Y6026471,,,,0,30.0,0,0
75,6,13,12,15,Y6026472,,,,0,30.0,0,0
75,6,13,12,16,Y6026473,,,,0,30.0,0,0
75,6,13,12,17,Y6026474,,,,0,30.0,0,0
75,6,13,12,18,Y6026475,,,,4063,30.0,0,0
75,6,13,12,19,Y6026476,,,,4674,30.0,0,0
75,6,13,12,20,Y6026477,,,,4104,30.0,0,0
75,6,13,12,21,Y6026478,,,,0,30.0,0,0
75,6,13,12,22,Y6026479,,,,0,30.0,0,0
75,6,13,12,23,Y6026480,,,,0,30.0,0,0
75,6,13,12,24,Y6026481,,,,0,30.0,0,0
75,6,13,12,25,Y6026482,,,,0,30.0,0,0
75,6,13,12,26,Y6026483,,,,0,30.0,0,0
75,6,13,12,27,Y6026484,,,,0,30.0,0,0
75,6,13,12,28,Y6026485,,,,0,30.0,0,0
75,6,13,12,29,Y6026486,,,,0,30.0,0,0
75,6,13,12,30,Y6026487,,,,0,30.0,0,0
75,6,14,1,10,Y6026488,,,,0,30.0,0,0
75,6,14,1,11,Y6026489,,,,0,30.0,0,0
75,6,14,1,12,Y6026490,,,,0,30.0,0,0
75,6,14,1,13,Y6026491,,,,0,30.0,0,0
75,6,14,1,14,Y6026492,,,,0,30.0,0,0
75,6,14,1,15,Y6026493,,,,0,30.0,0,0
75,6,14,1,16,Y6026494,,,,0,30.0,0,0
75,6,14,1,17,Y6026495,,,,0,30.0,0,0
75,6,14,1,18,Y6026496,,,,3033,30.0,0,0
75,6,14,1,19,Y6026497,,,,3561,30.0,0,0
75,6,14,1,20,Y6026498,,,,3036,30.0,0,0
75,6,14,1,21,Y6026499,,,,0,30.0,0,0
75,6,14,1,22,Y6026500,,,,0,30.0,0,0
75,6,14,1,23,Y6026501,,,,0,30.0,0,0
75,6,14,1,24,Y6026502,,,,0,30.0,0,0
75,6,14,1,25,Y6026503,,,,0,30.0,0,0
75,6,14,1,26,Y6026504,,,,0,30.0,0,0
75,6,14,1,27,Y6026505,,,,0,30.0,0,0
75,6,14,1,28,Y6026506,,,,0,30.0,0,0
75,6,14,1,29,Y6026507,,,,0,30.0,0,0
75,6,14,1,30,Y6026508,,,,0,30.0,0,0
75,6,14,2,10,Y6026509,,,,0,30.0,0,0
75,6,14,2,11,Y6026510,,,,0,30.0,0,0
75,6,14,2,12,Y6026511,,,,0,30.0,0,0
75,6,14,2,13,Y6026512,,,,0,30.0,0,0
75,6,14,2,14,Y6026513,,,,0,30.0,0,0
75,6,14,2,15,Y6026514,,,,0,30.0,0,0
75,6,14,2,16,Y6026515,,,,0,30.0,0,0
75,6,14,2,17,Y6026516,,,,0,30.0,0,0
75,6,14,2,18,Y6026517,,,,3019,30.0,0,0
75,6,14,2,19,Y6026518,,,,3542,30.0,0,0
75,6,14,2,20,Y6026519,,,,3016,30.0,0,0
75,6,14,2,21,Y6026520,,,,0,30.0,0,0
75,6,14,2,22,Y6026521,,,,0,30.0,0,0
75,6,14,2,23,Y6026522,,,,0,30.0,0,0
75,6,14,2,24,Y6026523,,,,0,30.0,0,0
75,6,14,2,25,Y6026524,,,,0,30.0,0,0
75,6,14,2,26,Y6026525,,,,0,30.0,0,0
75,6,14,2,27,Y6026526,,,,0,30.0,0,0
75,6,14,2,28,Y6026527,,,,0,30.0,0,0
75,6,14,2,29,Y6026528,,,,0,30.0,0,0
75,6,14,2,30,Y6026529,,,,0,30.0,0,0
75,6,14,3,10,Y6026530,,,,0,30.0,0,0
75,6,14,3,11,Y6026531,,,,0,30.0,0,0
75,6,14,3,12,Y6026532,,,,0,30.0,0,0
75,6,14,3,13,Y6026533,,,,0,30.0,0,0
75,6,14,3,14,Y6026534,,,,0,30.0,0,0
75,6,14,3,15,Y6026535,,,,0,30.0,0,0
75,6,14,3,16,Y6026536,,,,0,30.0,0,0
75,6,14,3,17,Y6026537,,,,0,30.0,0,0
75,6,14,3,18,Y6026538,,,,3007,30.0,0,0
75,6,14,3,19,Y6026539,,,,3528,30.0,0,0
75,6,14,3,20,Y6026540,,,,3002,30.0,0,0
75,6,14,3,21,Y6026541,,,,0,30.0,0,0
75,6,14,3,22,Y6026542,,,,0,30.0,0,0
75,6,14,3,23,Y6026543,,,,0,30.0,0,0
75,6,14,3,24,Y6026544,,,,0,30.0,0,0
75,6,14,3,25,Y6026545,,,,0,30.0,0,0
75,6,14,3,26,Y6026546,,,,0,30.0,0,0
75,6,14,3,27,Y6026547,,,,0,30.0,0,0
75,6,14,3,28,Y6026548,,,,0,30.0,0,0
75,6,14,3,29,Y6026549,,,,0,30.0,0,0
75,6,14,3,30,Y6026550,,,,0,30.0,0,0
75,6,14,4,10,Y6026551,,,,0,30.0,0,0
75,6,14,4,11,Y6026552,,,,0,30.0,0,0
75,6,14,4,12,Y6026553,,,,0,30.0,0,0
75,6,14,4,13,Y6026554,,,,0,30.0,0,0
75,6,14,4,14,Y6026555,,,,0,30.0,0,0
75,6,14,4,15,Y6026556,,,,0,30.0,0,0
75,6,14,4,16,Y6026557,,,,0,30.0,0,0
75,6,14,4,17,Y6026558,,,,0,30.0,0,0
75,6,14,4,18,Y6026559,,,,3093,30.0,0,0
75,6,14,4,19,Y6026560,,,,3599,30.0,0,0
75,6,14,4,20,Y6026561,,,,3075,30.0,0,0
75,6,14,4,21,Y6026562,,,,0,30.0,0,0
75,6,14,4,22,Y6026563,,,,0,30.0,0,0
75,6,14,4,23,Y6026564,,,,0,30.0,0,0
75,6,14,4,24,Y6026565,,,,0,30.0,0,0
75,6,14,4,25,Y6026566,,,,0,30.0,0,0
75,6,14,4,26,Y6026567,,,,0,30.0,0,0
75,6,14,4,27,Y6026568,,,,0,30.0,0,0
75,6,14,4,28,Y6026569,,,,0,30.0,0,0
75,6,14,4,29,Y6026570,,,,0,30.0,0,0
75,6,14,4,30,Y6026571,,,,0,30.0,0,0
75,6,14,5,10,Y6026572,,,,0,30.0,0,0
75,6,14,5,11,Y6026573,,,,0,30.0,0,0
75,6,14,5,12,Y6026574,,,,0,30.0,0,0
75,6,14,5,13,Y6026575,,,,0,30.0,0,0
75,6,14,5,14,Y6026576,,,,0,30.0,0,0
75,6,14,5,15,Y6026577,,,,0,30.0,0,0
75,6,14,5,16,Y6026578,,,,0,30.0,0,0
75,6,14,5,17,Y6026579,,,,0,30.0,0,0
75,6,14,5,18,Y6026580,,,,3147,30.0,0,0
75,6,14,5,19,Y6026581,,,,3692,30.0,0,0
75,6,14,5,20,Y6026582,,,,3166,30.0,0,0
75,6,14,5,21,Y6026583,,,,0,30.0,0,0
75,6,14,5,22,Y6026584,,,,0,30.0,0,0
75,6,14,5,23,Y6026585,,,,0,30.0,0,0
75,6,14,5,24,Y6026586,,,,0,30.0,0,0
75,6,14,5,25,Y6026587,,,,0,30.0,0,0
75,6,14,5,26,Y6026588,,,,0,30.0,0,0
75,6,14,5,27,Y6026589,,,,0,30.0,0,0
75,6,14,5,28,Y6026590,,,,0,30.0,0,0
75,6,14,5,29,Y6026591,,,,0,30.0,0,0
75,6,14,5,30,Y6026592,,,,0,30.0,0,0
75,6,14,6,10,Y6026593,,,,0,30.0,0,0
75,6,14,6,11,Y6026594,,,,0,30.0,0,0
75,6,14,6,12,Y6026595,,,,0,30.0,0,0
75,6,14,6,13,Y6026596,,,,0,30.0,0,0
75,6,14,6,14,Y6026597,,,,0,30.0,0,0
75,6,14,6,15,Y6026598,,,,0,30.0,0,0
75,6,14,6,16,Y6026599,,,,0,30.0,0,0
75,6,14,6,17,Y6026600,,,,0,30.0,0,0
75,6,14,6,18,Y6026601,,,,3143,30.0,0,0
75,6,14,6,19,Y6026602,,,,3688,30.0,0,0
75,6,14,6,20,Y6026603,,,,3159,30.0,0,0
75,6,14,6,21,Y6026604,,,,0,30.0,0,0
75,6,14,6,22,Y6026605,,,,0,30.0,0,0
75,6,14,6,23,Y6026606,,,,0,30.0,0,0
75,6,14,6,24,Y6026607,,,,0,30.0,0,0
75,6,14,6,25,Y6026608,,,,0,30.0,0,0
75,6,14,6,26,Y6026609,,,,0,30.0,0,0
75,6,14,6,27,Y6026610,,,,0,30.0,0,0
75,6,14,6,28,Y6026611,,,,0,30.0,0,0
75,6,14,6,29,Y6026612,,,,0,30.0,0,0
75,6,14,6,30,Y6026613,,,,0,30.0,0,0
75,6,14,7,10,Y6026614,,,,0,30.0,0,0
75,6,14,7,11,Y6026615,,,,0,30.0,0,0
75,6,14,7,12,Y6026616,,,,0,30.0,0,0
75,6,14,7,13,Y6026617,,,,0,30.0,0,0
75,6,14,7,14,Y6026618,,,,0,30.0,0,0
75,6,14,7,15,Y6026619,,,,0,30.0,0,0
75,6,14,7,16,Y6026620,,,,0,30.0,0,0
75,6,14,7,17,Y6026621,,,,0,30.0,0,0
75,6,14,7,18,Y6026622,,,,3173,30.0,0,0
75,6,14,7,19,Y6026623,,,,3730,30.0,0,0
75,6,14,7,20,Y6026624,,,,3211,30.0,0,0
75,6,14,7,21,Y6026625,,,,0,30.0,0,0
75,6,14,7,22,Y6026626,,,,0,30.0,0,0
75,6,14,7,23,Y6026627,,,,0,30.0,0,0
75,6,14,7,24,Y6026628,,,,0,30.0,0,0
75,6,14,7,25,Y6026629,,,,0,30.0,0,0
75,6,14,7,26,Y6026630,,,,0,30.0,0,0
75,6,14,7,27,Y6026631,,,,0,30.0,0,0
75,6,14,7,28,Y6026632,,,,0,30.0,0,0
75,6,14,7,29,Y6026633,,,,0,30.0,0,0
75,6,14,7,30,Y6026634,,,,0,30.0,0,0
75,6,14,8,10,Y6026635,,,,0,30.0,0,0
75,6,14,8,11,Y6026636,,,,0,30.0,0,0
75,6,14,8,12,Y6026637,,,,0,30.0,0,0
75,6,14,8,13,Y6026638,,,,0,30.0,0,0
75,6,14,8,14,Y6026639,,,,0,30.0,0,0
75,6,14,8,15,Y6026640,,,,0,30.0,0,0
75,6,14,8,16,Y6026641,,,,0,30.0,0,0
75,6,14,8,17,Y6026642,,,,0,30.0,0,0
75,6,14,8,18,Y6026643,,,,3270,30.0,0,0
75,6,14,8,19,Y6026644,,,,3766,30.0,0,0
75,6,14,8,20,Y6026645,,,,3251,30.0,0,0
75,6,14,8,21,Y6026646,,,,0,30.0,0,0
75,6,14,8,22,Y6026647,,,,0,30.0,0,0
75,6,14,8,23,Y6026648,,,,0,30.0,0,0
75,6,14,8,24,Y6026649,,,,0,30.0,0,0
75,6,14,8,25,Y6026650,,,,0,30.0,0,0
75,6,14,8,26,Y6026651,,,,0,30.0,0,0
75,6,14,8,27,Y6026652,,,,0,30.0,0,0
75,6,14,8,28,Y6026653,,,,0,30.0,0,0
75,6,14,8,29,Y6026654,,,,0,30.0,0,0
75,6,14,8,30,Y6026655,,,,0,30.0,0,0
75,6,14,9,10,Y6026656,,,,0,30.0,0,0
75,6,14,9,11,Y6026657,,,,0,30.0,0,0
75,6,14,9,12,Y6026658,,,,0,30.0,0,0
75,6,14,9,13,Y6026659,,,,0,30.0,0,0
75,6,14,9,14,Y6026660,,,,0,30.0,0,0
75,6,14,9,15,Y6026661,,,,0,30.0,0,0
75,6,14,9,16,Y6026662,,,,0,30.0,0,0
75,6,14,9,17,Y6026663,,,,0,30.0,0,0
75,6,14,9,18,Y6026664,,,,3276,30.0,0,0
75,6,14,9,19,Y6026665,,,,3796,30.0,0,0
75,6,14,9,20,Y6026666,,,,3281,30.0,0,0
75,6,14,9,21,Y6026667,,,,0,30.0,0,0
75,6,14,9,22,Y6026668,,,,0,30.0,0,0
75,6,14,9,23,Y6026669,,,,0,30.0,0,0
75,6,14,9,24,Y6026670,,,,0,30.0,0,0
75,6,14,9,25,Y6026671,,,,0,30.0,0,0
75,6,14,9,26,Y6026672,,,,0,30.0,0,0
75,6,14,9,27,Y6026673,,,,0,30.0,0,0
75,6,14,9,28,Y6026674,,,,0,30.0,0,0
75,6,14,9,29,Y6026675,,,,0,30.0,0,0
75,6,14,9,30,Y6026676,,,,0,30.0,0,0
75,6,14,10,10,Y6026677,,,,0,30.0,0,0
75,6,14,10,11,Y6026678,,,,0,30.0,0,0
75,6,14,10,12,Y6026679,,,,0,30.0,0,0
75,6,14,10,13,Y6026680,,,,0,30.0,0,0
75,6,14,10,14,Y6026681,,,,0,30.0,0,0
75,6,14,10,15,Y6026682,,,,0,30.0,0,0
75,6,14,10,16,Y6026683,,,,0,30.0,0,0
75,6,14,10,17,Y6026684,,,,0,30.0,0,0
75,6,14,10,18,Y6026685,,,,3396,30.0,0,0
75,6,14,10,19,Y6026686,,,,3996,30.0,0,0
75,6,14,10,20,Y6026687,,,,3385,30.0,0,0
75,6,14,10,21,Y6026688,,,,0,30.0,0,0
75,6,14,10,22,Y6026689,,,,0,30.0,0,0
75,6,14,10,23,Y6026690,,,,0,30.0,0,0
75,6,14,10,24,Y6026691,,,,0,30.0,0,0
75,6,14,10,25,Y6026692,,,,0,30.0,0,0
75,6,14,10,26,Y6026693,,,,0,30.0,0,0
75,6,14,10,27,Y6026694,,,,0,30.0,0,0
75,6,14,10,28,Y6026695,,,,0,30.0,0,0
75,6,14,10,29,Y6026696,,,,0,30.0,0,0
75,6,14,10,30,Y6026697,,,,0,30.0,0,0
75,6,14,11,10,Y6026698,,,,0,30.0,0,0
75,6,14,11,11,Y6026699,,,,0,30.0,0,0
75,6,14,11,12,Y6026700,,,,0,30.0,0,0
75,6,14,11,13,Y6026701,,,,0,30.0,0,0
75,6,14,11,14,Y6026702,,,,0,30.0,0,0
75,6,14,11,15,Y6026703,,,,0,30.0,0,0
75,6,14,11,16,Y6026704,,,,0,30.0,0,0
75,6,14,11,17,Y6026705,,,,0,30.0,0,0
75,6,14,11,18,Y6026706,,,,3466,30.0,0,0
75,6,14,11,19,Y6026707,,,,4084,30.0,0,0
75,6,14,11,20,Y6026708,,,,3468,30.0,0,0
75,6,14,11,21,Y6026709,,,,0,30.0,0,0
75,6,14,11,22,Y6026710,,,,0,30.0,0,0
75,6,14,11,23,Y6026711,,,,0,30.0,0,0
75,6,14,11,24,Y6026712,,,,0,30.0,0,0
75,6,14,11,25,Y6026713,,,,0,30.0,0,0
75,6,14,11,26,Y6026714,,,,0,30.0,0,0
75,6,14,11,27,Y6026715,,,,0,30.0,0,0
75,6,14,11,28,Y6026716,,,,0,30.0,0,0
75,6,14,11,29,Y6026717,,,,0,30.0,0,0
75,6,14,11,30,Y6026718,,,,0,30.0,0,0
75,6,14,12,10,Y6026719,,,,0,30.0,0,0
75,6,14,12,11,Y6026720,,,,0,30.0,0,0
75,6,14,12,12,Y6026721,,,,0,30.0,0,0
75,6,14,12,13,Y6026722,,,,0,30.0,0,0
75,6,14,12,14,Y6026723,,,,0,30.0,0,0
75,6,14,12,15,Y6026724,,,,0,30.0,0,0
75,6,14,12,16,Y6026725,,,,0,30.0,0,0
75,6,14,12,17,Y6026726,,,,0,30.0,0,0
75,6,14,12,18,Y6026727,,,,4029,30.0,0,0
75,6,14,12,19,Y6026728,,,,4640,30.0,0,0
75,6,14,12,20,Y6026729,,,,4069,30.0,0,0
75,6,14,12,21,Y6026730,,,,0,30.0,0,0
75,6,14,12,22,Y6026731,,,,0,30.0,0,0
75,6,14,12,23,Y6026732,,,,0,30.0,0,0
75,6,14,12,24,Y6026733,,,,0,30.0,0,0
75,6,14,12,25,Y6026734,,,,0,30.0,0,0
75,6,14,12,26,Y6026735,,,,0,30.0,0,0
75,6,14,12,27,Y6026736,,,,0,30.0,0,0
75,6,14,12,28,Y6026737,,,,0,30.0,0,0
75,6,14,12,29,Y6026738,,,,0,30.0,0,0
75,6,14,12,30,Y6026739,,,,0,30.0,0,0
75,6,15,1,10,Y6026740,,,,0,30.0,0,0
75,6,15,1,11,Y6026741,,,,0,30.0,0,0
75,6,15,1,12,Y6026742,,,,0,30.0,0,0
75,6,15,1,13,Y6026743,,,,0,30.0,0,0
75,6,15,1,14,Y6026744,,,,0,30.0,0,0
75,6,15,1,15,Y6026745,,,,0,30.0,0,0
75,6,15,1,16,Y6026746,,,,0,30.0,0,0
75,6,15,1,17,Y6026747,,,,0,30.0,0,0
75,6,15,1,18,Y6026748,,,,3144,30.0,0,0
75,6,15,1,19,Y6026749,,,,3548,30.0,0,0
75,6,15,1,20,Y6026750,,,,3023,30.0,0,0
75,6,15,1,21,Y6026751,,,,0,30.0,0,0
75,6,15,1,22,Y6026752,,,,0,30.0,0,0
75,6,15,1,23,Y6026753,,,,0,30.0,0,0
75,6,15,1,24,Y6026754,,,,0,30.0,0,0
75,6,15,1,25,Y6026755,,,,0,30.0,0,0
75,6,15,1,26,Y6026756,,,,0,30.0,0,0
75,6,15,1,27,Y6026757,,,,0,30.0,0,0
75,6,15,1,28,Y6026758,,,,0,30.0,0,0
75,6,15,1,29,Y6026759,,,,0,30.0,0,0
75,6,15,1,30,Y6026760,,,,0,30.0,0,0
75,6,15,2,10,Y6026761,,,,0,30.0,0,0
75,6,15,2,11,Y6026762,,,,0,30.0,0,0
75,6,15,2,12,Y6026763,,,,0,30.0,0,0
75,6,15,2,13,Y6026764,,,,0,30.0,0,0
75,6,15,2,14,Y6026765,,,,0,30.0,0,0
75,6,15,2,15,Y6026766,,,,0,30.0,0,0
75,6,15,2,16,Y6026767,,,,0,30.0,0,0
75,6,15,2,17,Y6026768,,,,0,30.0,0,0
75,6,15,2,18,Y6026769,,,,3130,30.0,0,0
75,6,15,2,19,Y6026770,,,,3529,30.0,0,0
75,6,15,2,20,Y6026771,,,,3003,30.0,0,0
75,6,15,2,21,Y6026772,,,,0,30.0,0,0
75,6,15,2,22,Y6026773,,,,0,30.0,0,0
75,6,15,2,23,Y6026774,,,,0,30.0,0,0
75,6,15,2,24,Y6026775,,,,0,30.0,0,0
75,6,15,2,25,Y6026776,,,,0,30.0,0,0
75,6,15,2,26,Y6026777,,,,0,30.0,0,0
75,6,15,2,27,Y6026778,,,,0,30.0,0,0
75,6,15,2,28,Y6026779,,,,0,30.0,0,0
75,6,15,2,29,Y6026780,,,,0,30.0,0,0
75,6,15,2,30,Y6026781,,,,0,30.0,0,0
75,6,15,3,10,Y6026782,,,,0,30.0,0,0
75,6,15,3,11,Y6026783,,,,0,30.0,0,0
75,6,15,3,12,Y6026784,,,,0,30.0,0,0
75,6,15,3,13,Y6026785,,,,0,30.0,0,0
75,6,15,3,14,Y6026786,,,,0,30.0,0,0
75,6,15,3,15,Y6026787,,,,0,30.0,0,0
75,6,15,3,16,Y6026788,,,,0,30.0,0,0
75,6,15,3,17,Y6026789,,,,0,30.0,0,0
75,6,15,3,18,Y6026790,,,,3118,30.0,0,0
75,6,15,3,19,Y6026791,,,,3515,30.0,0,0
75,6,15,3,20,Y6026792,,,,0,30.0,0,0
75,6,15,3,21,Y6026793,,,,0,30.0,0,0
75,6,15,3,22,Y6026794,,,,0,30.0,0,0
75,6,15,3,23,Y6026795,,,,0,30.0,0,0
75,6,15,3,24,Y6026796,,,,0,30.0,0,0
75,6,15,3,25,Y6026797,,,,0,30.0,0,0
75,6,15,3,26,Y6026798,,,,0,30.0,0,0
75,6,15,3,27,Y6026799,,,,0,30.0,0,0
75,6,15,3,28,Y6026800,,,,0,30.0,0,0
75,6,15,3,29,Y6026801,,,,0,30.0,0,0
75,6,15,3,30,Y6026802,,,,0,30.0,0,0
75,6,15,4,10,Y6026803,,,,0,30.0,0,0
75,6,15,4,11,Y6026804,,,,0,30.0,0,0
75,6,15,4,12,Y6026805,,,,0,30.0,0,0
75,6,15,4,13,Y6026806,,,,0,30.0,0,0
75,6,15,4,14,Y6026807,,,,0,30.0,0,0
75,6,15,4,15,Y6026808,,,,0,30.0,0,0
75,6,15,4,16,Y6026809,,,,0,30.0,0,0
75,6,15,4,17,Y6026810,,,,0,30.0,0,0
75,6,15,4,18,Y6026811,,,,3204,30.0,0,0
75,6,15,4,19,Y6026812,,,,3586,30.0,0,0
75,6,15,4,20,Y6026813,,,,3062,30.0,0,0
75,6,15,4,21,Y6026814,,,,0,30.0,0,0
75,6,15,4,22,Y6026815,,,,0,30.0,0,0
75,6,15,4,23,Y6026816,,,,0,30.0,0,0
75,6,15,4,24,Y6026817,,,,0,30.0,0,0
75,6,15,4,25,Y6026818,,,,0,30.0,0,0
75,6,15,4,26,Y6026819,,,,0,30.0,0,0
75,6,15,4,27,Y6026820,,,,0,30.0,0,0
75,6,15,4,28,Y6026821,,,,0,30.0,0,0
75,6,15,4,29,Y6026822,,,,0,30.0,0,0
75,6,15,4,30,Y6026823,,,,0,30.0,0,0
75,6,15,5,10,Y6026824,,,,0,30.0,0,0
75,6,15,5,11,Y6026825,,,,0,30.0,0,0
75,6,15,5,12,Y6026826,,,,0,30.0,0,0
75,6,15,5,13,Y6026827,,,,0,30.0,0,0
75,6,15,5,14,Y6026828,,,,0,30.0,0,0
75,6,15,5,15,Y6026829,,,,0,30.0,0,0
75,6,15,5,16,Y6026830,,,,0,30.0,0,0
75,6,15,5,17,Y6026831,,,,0,30.0,0,0
75,6,15,5,18,Y6026832,,,,3258,30.0,0,0
75,6,15,5,19,Y6026833,,,,3679,30.0,0,0
75,6,15,5,20,Y6026834,,,,3153,30.0,0,0
75,6,15,5,21,Y6026835,,,,0,30.0,0,0
75,6,15,5,22,Y6026836,,,,0,30.0,0,0
75,6,15,5,23,Y6026837,,,,0,30.0,0,0
75,6,15,5,24,Y6026838,,,,0,30.0,0,0
75,6,15,5,25,Y6026839,,,,0,30.0,0,0
75,6,15,5,26,Y6026840,,,,0,30.0,0,0
75,6,15,5,27,Y6026841,,,,0,30.0,0,0
75,6,15,5,28,Y6026842,,,,0,30.0,0,0
75,6,15,5,29,Y6026843,,,,0,30.0,0,0
75,6,15,5,30,Y6026844,,,,0,30.0,0,0
75,6,15,6,10,Y6026845,,,,0,30.0,0,0
75,6,15,6,11,Y6026846,,,,0,30.0,0,0
75,6,15,6,12,Y6026847,,,,0,30.0,0,0
75,6,15,6,13,Y6026848,,,,0,30.0,0,0
75,6,15,6,14,Y6026849,,,,0,30.0,0,0
75,6,15,6,15,Y6026850,,,,0,30.0,0,0
75,6,15,6,16,Y6026851,,,,0,30.0,0,0
75,6,15,6,17,Y6026852,,,,0,30.0,0,0
75,6,15,6,18,Y6026853,,,,3254,30.0,0,0
75,6,15,6,19,Y6026854,,,,3674,30.0,0,0
75,6,15,6,20,Y6026855,,,,3145,30.0,0,0
75,6,15,6,21,Y6026856,,,,0,30.0,0,0
75,6,15,6,22,Y6026857,,,,0,30.0,0,0
75,6,15,6,23,Y6026858,,,,0,30.0,0,0
75,6,15,6,24,Y6026859,,,,0,30.0,0,0
75,6,15,6,25,Y6026860,,,,0,30.0,0,0
75,6,15,6,26,Y6026861,,,,0,30.0,0,0
75,6,15,6,27,Y6026862,,,,0,30.0,0,0
75,6,15,6,28,Y6026863,,,,0,30.0,0,0
75,6,15,6,29,Y6026864,,,,0,30.0,0,0
75,6,15,6,30,Y6026865,,,,0,30.0,0,0
75,6,15,7,10,Y6026866,,,,0,30.0,0,0
75,6,15,7,11,Y6026867,,,,0,30.0,0,0
75,6,15,7,12,Y6026868,,,,0,30.0,0,0
75,6,15,7,13,Y6026869,,,,0,30.0,0,0
75,6,15,7,14,Y6026870,,,,0,30.0,0,0
75,6,15,7,15,Y6026871,,,,0,30.0,0,0
75,6,15,7,16,Y6026872,,,,0,30.0,0,0
75,6,15,7,17,Y6026873,,,,0,30.0,0,0
75,6,15,7,18,Y6026874,,,,3284,30.0,0,0
75,6,15,7,19,Y6026875,,,,3716,30.0,0,0
75,6,15,7,20,Y6026876,,,,3198,30.0,0,0
75,6,15,7,21,Y6026877,,,,0,30.0,0,0
75,6,15,7,22,Y6026878,,,,0,30.0,0,0
75,6,15,7,23,Y6026879,,,,0,30.0,0,0
75,6,15,7,24,Y6026880,,,,0,30.0,0,0
75,6,15,7,25,Y6026881,,,,0,30.0,0,0
75,6,15,7,26,Y6026882,,,,0,30.0,0,0
75,6,15,7,27,Y6026883,,,,0,30.0,0,0
75,6,15,7,28,Y6026884,,,,0,30.0,0,0
75,6,15,7,29,Y6026885,,,,0,30.0,0,0
75,6,15,7,30,Y6026886,,,,0,30.0,0,0
75,6,15,8,10,Y6026887,,,,0,30.0,0,0
75,6,15,8,11,Y6026888,,,,0,30.0,0,0
75,6,15,8,12,Y6026889,,,,0,30.0,0,0
75,6,15,8,13,Y6026890,,,,0,30.0,0,0
75,6,15,8,14,Y6026891,,,,0,30.0,0,0
75,6,15,8,15,Y6026892,,,,0,30.0,0,0
75,6,15,8,16,Y6026893,,,,0,30.0,0,0
75,6,15,8,17,Y6026894,,,,0,30.0,0,0
75,6,15,8,18,Y6026895,,,,3394,30.0,0,0
75,6,15,8,19,Y6026896,,,,3766,30.0,0,0
75,6,15,8,20,Y6026897,,,,3250,30.0,0,0
75,6,15,8,21,Y6026898,,,,0,30.0,0,0
75,6,15,8,22,Y6026899,,,,0,30.0,0,0
75,6,15,8,23,Y6026900,,,,0,30.0,0,0
75,6,15,8,24,Y6026901,,,,0,30.0,0,0
75,6,15,8,25,Y6026902,,,,0,30.0,0,0
75,6,15,8,26,Y6026903,,,,0,30.0,0,0
75,6,15,8,27,Y6026904,,,,0,30.0,0,0
75,6,15,8,28,Y6026905,,,,0,30.0,0,0
75,6,15,8,29,Y6026906,,,,0,30.0,0,0
75,6,15,8,30,Y6026907,,,,0,30.0,0,0
75,6,15,9,10,Y6026908,,,,0,30.0,0,0
75,6,15,9,11,Y6026909,,,,0,30.0,0,0
75,6,15,9,12,Y6026910,,,,0,30.0,0,0
75,6,15,9,13,Y6026911,,,,0,30.0,0,0
75,6,15,9,14,Y6026912,,,,0,30.0,0,0
75,6,15,9,15,Y6026913,,,,0,30.0,0,0
75,6,15,9,16,Y6026914,,,,0,30.0,0,0
75,6,15,9,17,Y6026915,,,,0,30.0,0,0
75,6,15,9,18,Y6026916,,,,3418,30.0,0,0
75,6,15,9,19,Y6026917,,,,3803,30.0,0,0
75,6,15,9,20,Y6026918,,,,3287,30.0,0,0
75,6,15,9,21,Y6026919,,,,0,30.0,0,0
75,6,15,9,22,Y6026920,,,,0,30.0,0,0
75,6,15,9,23,Y6026921,,,,0,30.0,0,0
75,6,15,9,24,Y6026922,,,,0,30.0,0,0
75,6,15,9,25,Y6026923,,,,0,30.0,0,0
75,6,15,9,26,Y6026924,,,,0,30.0,0,0
75,6,15,9,27,Y6026925,,,,0,30.0,0,0
75,6,15,9,28,Y6026926,,,,0,30.0,0,0
75,6,15,9,29,Y6026927,,,,0,30.0,0,0
75,6,15,9,30,Y6026928,,,,0,30.0,0,0
75,6,15,10,10,Y6026929,,,,0,30.0,0,0
75,6,15,10,11,Y6026930,,,,0,30.0,0,0
75,6,15,10,12,Y6026931,,,,0,30.0,0,0
75,6,15,10,13,Y6026932,,,,0,30.0,0,0
75,6,15,10,14,Y6026933,,,,0,30.0,0,0
75,6,15,10,15,Y6026934,,,,0,30.0,0,0
75,6,15,10,16,Y6026935,,,,0,30.0,0,0
75,6,15,10,17,Y6026936,,,,0,30.0,0,0
75,6,15,10,18,Y6026937,,,,3550,30.0,0,0
75,6,15,10,19,Y6026938,,,,4002,30.0,0,0
75,6,15,10,20,Y6026939,,,,3392,30.0,0,0
75,6,15,10,21,Y6026940,,,,0,30.0,0,0
75,6,15,10,22,Y6026941,,,,0,30.0,0,0
75,6,15,10,23,Y6026942,,,,0,30.0,0,0
75,6,15,10,24,Y6026943,,,,0,30.0,0,0
75,6,15,10,25,Y6026944,,,,0,30.0,0,0
75,6,15,10,26,Y6026945,,,,0,30.0,0,0
75,6,15,10,27,Y6026946,,,,0,30.0,0,0
75,6,15,10,28,Y6026947,,,,0,30.0,0,0
75,6,15,10,29,Y6026948,,,,0,30.0,0,0
75,6,15,10,30,Y6026949,,,,0,30.0,0,0
75,6,15,11,10,Y6026950,,,,0,30.0,0,0
75,6,15,11,11,Y6026951,,,,0,30.0,0,0
75,6,15,11,12,Y6026952,,,,0,30.0,0,0
75,6,15,11,13,Y6026953,,,,0,30.0,0,0
75,6,15,11,14,Y6026954,,,,0,30.0,0,0
75,6,15,11,15,Y6026955,,,,0,30.0,0,0
75,6,15,11,16,Y6026956,,,,0,30.0,0,0
75,6,15,11,17,Y6026957,,,,0,30.0,0,0
75,6,15,11,18,Y6026958,,,,3633,30.0,0,0
75,6,15,11,19,Y6026959,,,,4091,30.0,0,0
75,6,15,11,20,Y6026960,,,,3475,30.0,0,0
75,6,15,11,21,Y6026961,,,,0,30.0,0,0
75,6,15,11,22,Y6026962,,,,0,30.0,0,0
75,6,15,11,23,Y6026963,,,,0,30.0,0,0
75,6,15,11,24,Y6026964,,,,0,30.0,0,0
75,6,15,11,25,Y6026965,,,,0,30.0,0,0
75,6,15,11,26,Y6026966,,,,0,30.0,0,0
75,6,15,11,27,Y6026967,,,,0,30.0,0,0
75,6,15,11,28,Y6026968,,,,0,30.0,0,0
75,6,15,11,29,Y6026969,,,,0,30.0,0,0
75,6,15,11,30,Y6026970,,,,0,30.0,0,0
75,6,15,12,10,Y6026971,,,,0,30.0,0,0
75,6,15,12,11,Y6026972,,,,0,30.0,0,0
75,6,15,12,12,Y6026973,,,,0,30.0,0,0
75,6,15,12,13,Y6026974,,,,0,30.0,0,0
75,6,15,12,14,Y6026975,,,,0,30.0,0,0
75,6,15,12,15,Y6026976,,,,0,30.0,0,0
75,6,15,12,16,Y6026977,,,,0,30.0,0,0
75,6,15,12,17,Y6026978,,,,0,30.0,0,0
75,6,15,12,18,Y6026979,,,,4159,30.0,0,0
75,6,15,12,19,Y6026980,,,,4635,30.0,0,0
75,6,15,12,20,Y6026981,,,,4063,30.0,0,0
75,6,15,12,21,Y6026982,,,,0,30.0,0,0
75,6,15,12,22,Y6026983,,,,0,30.0,0,0
75,6,15,12,23,Y6026984,,,,0,30.0,0,0
75,6,15,12,24,Y6026985,,,,0,30.0,0,0
75,6,15,12,25,Y6026986,,,,0,30.0,0,0
75,6,15,12,26,Y6026987,,,,0,30.0,0,0
75,6,15,12,27,Y6026988,,,,0,30.0,0,0
75,6,15,12,28,Y6026989,,,,0,30.0,0,0
75,6,15,12,29,Y6026990,,,,0,30.0,0,0
75,6,15,12,30,Y6026991,,,,0,30.0,0,0
75,6,16,1,10,Y6026992,,,,0,30.0,0,0
75,6,16,1,11,Y6026993,,,,0,30.0,0,0
75,6,16,1,12,Y6026994,,,,0,30.0,0,0
75,6,16,1,13,Y6026995,,,,0,30.0,0,0
75,6,16,1,14,Y6026996,,,,0,30.0,0,0
75,6,16,1,15,Y6026997,,,,0,30.0,0,0
75,6,16,1,16,Y6026998,,,,0,30.0,0,0
75,6,16,1,17,Y6026999,,,,0,30.0,0,0
75,6,16,1,18,Y6027000,,,,3144,30.0,0,0
75,6,16,1,19,Y6027001,,,,3526,30.0,0,0
75,6,16,1,20,Y6027002,,,,3000,30.0,0,0
75,6,16,1,21,Y6027003,,,,0,30.0,0,0
75,6,16,1,22,Y6027004,,,,0,30.0,0,0
75,6,16,1,23,Y6027005,,,,0,30.0,0,0
75,6,16,1,24,Y6027006,,,,0,30.0,0,0
75,6,16,1,25,Y6027007,,,,0,30.0,0,0
75,6,16,1,26,Y6027008,,,,0,30.0,0,0
75,6,16,1,27,Y6027009,,,,0,30.0,0,0
75,6,16,1,28,Y6027010,,,,0,30.0,0,0
75,6,16,1,29,Y6027011,,,,0,30.0,0,0
75,6,16,1,30,Y6027012,,,,0,30.0,0,0
75,6,16,2,10,Y6027013,,,,0,30.0,0,0
75,6,16,2,11,Y6027014,,,,0,30.0,0,0
75,6,16,2,12,Y6027015,,,,0,30.0,0,0
75,6,16,2,13,Y6027016,,,,0,30.0,0,0
75,6,16,2,14,Y6027017,,,,0,30.0,0,0
75,6,16,2,15,Y6027018,,,,0,30.0,0,0
75,6,16,2,16,Y6027019,,,,0,30.0,0,0
75,6,16,2,17,Y6027020,,,,0,30.0,0,0
75,6,16,2,18,Y6027021,,,,3130,30.0,0,0
75,6,16,2,19,Y6027022,,,,3506,30.0,0,0
75,6,16,2,20,Y6027023,,,,0,30.0,0,0
75,6,16,2,21,Y6027024,,,,0,30.0,0,0
75,6,16,2,22,Y6027025,,,,0,30.0,0,0
75,6,16,2,23,Y6027026,,,,0,30.0,0,0
75,6,16,2,24,Y6027027,,,,0,30.0,0,0
75,6,16,2,25,Y6027028,,,,0,30.0,0,0
75,6,16,2,26,Y6027029,,,,0,30.0,0,0
75,6,16,2,27,Y6027030,,,,0,30.0,0,0
75,6,16,2,28,Y6027031,,,,0,30.0,0,0
75,6,16,2,29,Y6027032,,,,0,30.0,0,0
75,6,16,2,30,Y6027033,,,,0,30.0,0,0
75,6,16,3,10,Y6027034,,,,0,30.0,0,0
75,6,16,3,11,Y6027035,,,,0,30.0,0,0
75,6,16,3,12,Y6027036,,,,0,30.0,0,0
75,6,16,3,13,Y6027037,,,,0,30.0,0,0
75,6,16,3,14,Y6027038,,,,0,30.0,0,0
75,6,16,3,15,Y6027039,,,,0,30.0,0,0
75,6,16,3,16,Y6027040,,,,0,30.0,0,0
75,6,16,3,17,Y6027041,,,,0,30.0,0,0
75,6,16,3,18,Y6027042,,,,3118,30.0,0,0
75,6,16,3,19,Y6027043,,,,3492,30.0,0,0
75,6,16,3,20,Y6027044,,,,0,30.0,0,0
75,6,16,3,21,Y6027045,,,,0,30.0,0,0
75,6,16,3,22,Y6027046,,,,0,30.0,0,0
75,6,16,3,23,Y6027047,,,,0,30.0,0,0
75,6,16,3,24,Y6027048,,,,0,30.0,0,0
75,6,16,3,25,Y6027049,,,,0,30.0,0,0
75,6,16,3,26,Y6027050,,,,0,30.0,0,0
75,6,16,3,27,Y6027051,,,,0,30.0,0,0
75,6,16,3,28,Y6027052,,,,0,30.0,0,0
75,6,16,3,29,Y6027053,,,,0,30.0,0,0
75,6,16,3,30,Y6027054,,,,0,30.0,0,0
75,6,16,4,10,Y6027055,,,,0,30.0,0,0
75,6,16,4,11,Y6027056,,,,0,30.0,0,0
75,6,16,4,12,Y6027057,,,,0,30.0,0,0
75,6,16,4,13,Y6027058,,,,0,30.0,0,0
75,6,16,4,14,Y6027059,,,,0,30.0,0,0
75,6,16,4,15,Y6027060,,,,0,30.0,0,0
75,6,16,4,16,Y6027061,,,,0,30.0,0,0
75,6,16,4,17,Y6027062,,,,0,30.0,0,0
75,6,16,4,18,Y6027063,,,,3204,30.0,0,0
75,6,16,4,19,Y6027064,,,,3563,30.0,0,0
75,6,16,4,20,Y6027065,,,,3039,30.0,0,0
75,6,16,4,21,Y6027066,,,,0,30.0,0,0
75,6,16,4,22,Y6027067,,,,0,30.0,0,0
75,6,16,4,23,Y6027068,,,,0,30.0,0,0
75,6,16,4,24,Y6027069,,,,0,30.0,0,0
75,6,16,4,25,Y6027070,,,,0,30.0,0,0
75,6,16,4,26,Y6027071,,,,0,30.0,0,0
75,6,16,4,27,Y6027072,,,,0,30.0,0,0
75,6,16,4,28,Y6027073,,,,0,30.0,0,0
75,6,16,4,29,Y6027074,,,,0,30.0,0,0
75,6,16,4,30,Y6027075,,,,0,30.0,0,0
75,6,16,5,10,Y6027076,,,,0,30.0,0,0
75,6,16,5,11,Y6027077,,,,0,30.0,0,0
75,6,16,5,12,Y6027078,,,,0,30.0,0,0
75,6,16,5,13,Y6027079,,,,0,30.0,0,0
75,6,16,5,14,Y6027080,,,,0,30.0,0,0
75,6,16,5,15,Y6027081,,,,0,30.0,0,0
75,6,16,5,16,Y6027082,,,,0,30.0,0,0
75,6,16,5,17,Y6027083,,,,0,30.0,0,0
75,6,16,5,18,Y6027084,,,,3258,30.0,0,0
75,6,16,5,19,Y6027085,,,,3656,30.0,0,0
75,6,16,5,20,Y6027086,,,,3130,30.0,0,0
75,6,16,5,21,Y6027087,,,,0,30.0,0,0
75,6,16,5,22,Y6027088,,,,0,30.0,0,0
75,6,16,5,23,Y6027089,,,,0,30.0,0,0
75,6,16,5,24,Y6027090,,,,0,30.0,0,0
75,6,16,5,25,Y6027091,,,,0,30.0,0,0
75,6,16,5,26,Y6027092,,,,0,30.0,0,0
75,6,16,5,27,Y6027093,,,,0,30.0,0,0
75,6,16,5,28,Y6027094,,,,0,30.0,0,0
75,6,16,5,29,Y6027095,,,,0,30.0,0,0
75,6,16,5,30,Y6027096,,,,0,30.0,0,0
75,6,16,6,10,Y6027097,,,,0,30.0,0,0
75,6,16,6,11,Y6027098,,,,0,30.0,0,0
75,6,16,6,12,Y6027099,,,,0,30.0,0,0
75,6,16,6,13,Y6027100,,,,0,30.0,0,0
75,6,16,6,14,Y6027101,,,,0,30.0,0,0
75,6,16,6,15,Y6027102,,,,0,30.0,0,0
75,6,16,6,16,Y6027103,,,,0,30.0,0,0
75,6,16,6,17,Y6027104,,,,0,30.0,0,0
75,6,16,6,18,Y6027105,,,,3254,30.0,0,0
75,6,16,6,19,Y6027106,,,,3652,30.0,0,0
75,6,16,6,20,Y6027107,,,,3123,30.0,0,0
75,6,16,6,21,Y6027108,,,,0,30.0,0,0
75,6,16,6,22,Y6027109,,,,0,30.0,0,0
75,6,16,6,23,Y6027110,,,,0,30.0,0,0
75,6,16,6,24,Y6027111,,,,0,30.0,0,0
75,6,16,6,25,Y6027112,,,,0,30.0,0,0
75,6,16,6,26,Y6027113,,,,0,30.0,0,0
75,6,16,6,27,Y6027114,,,,0,30.0,0,0
75,6,16,6,28,Y6027115,,,,0,30.0,0,0
75,6,16,6,29,Y6027116,,,,0,30.0,0,0
75,6,16,6,30,Y6027117,,,,0,30.0,0,0
75,6,16,7,10,Y6027118,,,,0,30.0,0,0
75,6,16,7,11,Y6027119,,,,0,30.0,0,0
75,6,16,7,12,Y6027120,,,,0,30.0,0,0
75,6,16,7,13,Y6027121,,,,0,30.0,0,0
75,6,16,7,14,Y6027122,,,,0,30.0,0,0
75,6,16,7,15,Y6027123,,,,0,30.0,0,0
75,6,16,7,16,Y6027124,,,,0,30.0,0,0
75,6,16,7,17,Y6027125,,,,0,30.0,0,0
75,6,16,7,18,Y6027126,,,,3284,30.0,0,0
75,6,16,7,19,Y6027127,,,,3694,30.0,0,0
75,6,16,7,20,Y6027128,,,,3175,30.0,0,0
75,6,16,7,21,Y6027129,,,,0,30.0,0,0
75,6,16,7,22,Y6027130,,,,0,30.0,0,0
75,6,16,7,23,Y6027131,,,,0,30.0,0,0
75,6,16,7,24,Y6027132,,,,0,30.0,0,0
75,6,16,7,25,Y6027133,,,,0,30.0,0,0
75,6,16,7,26,Y6027134,,,,0,30.0,0,0
75,6,16,7,27,Y6027135,,,,0,30.0,0,0
75,6,16,7,28,Y6027136,,,,0,30.0,0,0
75,6,16,7,29,Y6027137,,,,0,30.0,0,0
75,6,16,7,30,Y6027138,,,,0,30.0,0,0
75,6,16,8,10,Y6027139,,,,0,30.0,0,0
75,6,16,8,11,Y6027140,,,,0,30.0,0,0
75,6,16,8,12,Y6027141,,,,0,30.0,0,0
75,6,16,8,13,Y6027142,,,,0,30.0,0,0
75,6,16,8,14,Y6027143,,,,0,30.0,0,0
75,6,16,8,15,Y6027144,,,,0,30.0,0,0
75,6,16,8,16,Y6027145,,,,0,30.0,0,0
75,6,16,8,17,Y6027146,,,,0,30.0,0,0
75,6,16,8,18,Y6027147,,,,3394,30.0,0,0
75,6,16,8,19,Y6027148,,,,3743,30.0,0,0
75,6,16,8,20,Y6027149,,,,3228,30.0,0,0
75,6,16,8,21,Y6027150,,,,0,30.0,0,0
75,6,16,8,22,Y6027151,,,,0,30.0,0,0
75,6,16,8,23,Y6027152,,,,0,30.0,0,0
75,6,16,8,24,Y6027153,,,,0,30.0,0,0
75,6,16,8,25,Y6027154,,,,0,30.0,0,0
75,6,16,8,26,Y6027155,,,,0,30.0,0,0
75,6,16,8,27,Y6027156,,,,0,30.0,0,0
75,6,16,8,28,Y6027157,,,,0,30.0,0,0
75,6,16,8,29,Y6027158,,,,0,30.0,0,0
75,6,16,8,30,Y6027159,,,,0,30.0,0,0
75,6,16,9,10,Y6027160,,,,0,30.0,0,0
75,6,16,9,11,Y6027161,,,,0,30.0,0,0
75,6,16,9,12,Y6027162,,,,0,30.0,0,0
75,6,16,9,13,Y6027163,,,,0,30.0,0,0
75,6,16,9,14,Y6027164,,,,0,30.0,0,0
75,6,16,9,15,Y6027165,,,,0,30.0,0,0
75,6,16,9,16,Y6027166,,,,0,30.0,0,0
75,6,16,9,17,Y6027167,,,,0,30.0,0,0
75,6,16,9,18,Y6027168,,,,3418,30.0,0,0
75,6,16,9,19,Y6027169,,,,3781,30.0,0,0
75,6,16,9,20,Y6027170,,,,3265,30.0,0,0
75,6,16,9,21,Y6027171,,,,0,30.0,0,0
75,6,16,9,22,Y6027172,,,,0,30.0,0,0
75,6,16,9,23,Y6027173,,,,0,30.0,0,0
75,6,16,9,24,Y6027174,,,,0,30.0,0,0
75,6,16,9,25,Y6027175,,,,0,30.0,0,0
75,6,16,9,26,Y6027176,,,,0,30.0,0,0
75,6,16,9,27,Y6027177,,,,0,30.0,0,0
75,6,16,9,28,Y6027178,,,,0,30.0,0,0
75,6,16,9,29,Y6027179,,,,0,30.0,0,0
75,6,16,9,30,Y6027180,,,,0,30.0,0,0
75,6,16,10,10,Y6027181,,,,0,30.0,0,0
75,6,16,10,11,Y6027182,,,,0,30.0,0,0
75,6,16,10,12,Y6027183,,,,0,30.0,0,0
75,6,16,10,13,Y6027184,,,,0,30.0,0,0
75,6,16,10,14,Y6027185,,,,0,30.0,0,0
75,6,16,10,15,Y6027186,,,,0,30.0,0,0
75,6,16,10,16,Y6027187,,,,0,30.0,0,0
75,6,16,10,17,Y6027188,,,,0,30.0,0,0
75,6,16,10,18,Y6027189,,,,3550,30.0,0,0
75,6,16,10,19,Y6027190,,,,3980,30.0,0,0
75,6,16,10,20,Y6027191,,,,3369,30.0,0,0
75,6,16,10,21,Y6027192,,,,0,30.0,0,0
75,6,16,10,22,Y6027193,,,,0,30.0,0,0
75,6,16,10,23,Y6027194,,,,0,30.0,0,0
75,6,16,10,24,Y6027195,,,,0,30.0,0,0
75,6,16,10,25,Y6027196,,,,0,30.0,0,0
75,6,16,10,26,Y6027197,,,,0,30.0,0,0
75,6,16,10,27,Y6027198,,,,0,30.0,0,0
75,6,16,10,28,Y6027199,,,,0,30.0,0,0
75,6,16,10,29,Y6027200,,,,0,30.0,0,0
75,6,16,10,30,Y6027201,,,,0,30.0,0,0
75,6,16,11,10,Y6027202,,,,0,30.0,0,0
75,6,16,11,11,Y6027203,,,,0,30.0,0,0
75,6,16,11,12,Y6027204,,,,0,30.0,0,0
75,6,16,11,13,Y6027205,,,,0,30.0,0,0
75,6,16,11,14,Y6027206,,,,0,30.0,0,0
75,6,16,11,15,Y6027207,,,,0,30.0,0,0
75,6,16,11,16,Y6027208,,,,0,30.0,0,0
75,6,16,11,17,Y6027209,,,,0,30.0,0,0
75,6,16,11,18,Y6027210,,,,3633,30.0,0,0
75,6,16,11,19,Y6027211,,,,4069,30.0,0,0
75,6,16,11,20,Y6027212,,,,3452,30.0,0,0
75,6,16,11,21,Y6027213,,,,0,30.0,0,0
75,6,16,11,22,Y6027214,,,,0,30.0,0,0
75,6,16,11,23,Y6027215,,,,0,30.0,0,0
75,6,16,11,24,Y6027216,,,,0,30.0,0,0
75,6,16,11,25,Y6027217,,,,0,30.0,0,0
75,6,16,11,26,Y6027218,,,,0,30.0,0,0
75,6,16,11,27,Y6027219,,,,0,30.0,0,0
75,6,16,11,28,Y6027220,,,,0,30.0,0,0
75,6,16,11,29,Y6027221,,,,0,30.0,0,0
75,6,16,11,30,Y6027222,,,,0,30.0,0,0
75,6,16,12,10,Y6027223,,,,0,30.0,0,0
75,6,16,12,11,Y6027224,,,,0,30.0,0,0
75,6,16,12,12,Y6027225,,,,0,30.0,0,0
75,6,16,12,13,Y6027226,,,,0,30.0,0,0
75,6,16,12,14,Y6027227,,,,0,30.0,0,0
75,6,16,12,15,Y6027228,,,,0,30.0,0,0
75,6,16,12,16,Y6027229,,,,0,30.0,0,0
75,6,16,12,17,Y6027230,,,,0,30.0,0,0
75,6,16,12,18,Y6027231,,,,4156,30.0,0,0
75,6,16,12,19,Y6027232,,,,4609,30.0,0,0
75,6,16,12,20,Y6027233,,,,4038,30.0,0,0
75,6,16,12,21,Y6027234,,,,0,30.0,0,0
75,6,16,12,22,Y6027235,,,,0,30.0,0,0
75,6,16,12,23,Y6027236,,,,0,30.0,0,0
75,6,16,12,24,Y6027237,,,,0,30.0,0,0
75,6,16,12,25,Y6027238,,,,0,30.0,0,0
75,6,16,12,26,Y6027239,,,,0,30.0,0,0
75,6,16,12,27,Y6027240,,,,0,30.0,0,0
75,6,16,12,28,Y6027241,,,,0,30.0,0,0
75,6,16,12,29,Y6027242,,,,0,30.0,0,0
75,6,16,12,30,Y6027243,,,,0,30.0,0,0
75,6,17,1,10,Y6027244,,,,0,30.0,0,0
75,6,17,1,11,Y6027245,,,,0,30.0,0,0
75,6,17,1,12,Y6027246,,,,0,30.0,0,0
75,6,17,1,13,Y6027247,,,,0,30.0,0,0
75,6,17,1,14,Y6027248,,,,0,30.0,0,0
75,6,17,1,15,Y6027249,,,,0,30.0,0,0
75,6,17,1,16,Y6027250,,,,0,30.0,0,0
75,6,17,1,17,Y6027251,,,,0,30.0,0,0
75,6,17,1,18,Y6027252,,,,0,30.0,0,0
75,6,17,1,19,Y6027253,,,,3254,30.0,0,0
75,6,17,1,20,Y6027254,,,,0,30.0,0,0
75,6,17,1,21,Y6027255,,,,0,30.0,0,0
75,6,17,1,22,Y6027256,,,,0,30.0,0,0
75,6,17,1,23,Y6027257,,,,0,30.0,0,0
75,6,17,1,24,Y6027258,,,,0,30.0,0,0
75,6,17,1,25,Y6027259,,,,0,30.0,0,0
75,6,17,1,26,Y6027260,,,,0,30.0,0,0
75,6,17,1,27,Y6027261,,,,0,30.0,0,0
75,6,17,1,28,Y6027262,,,,0,30.0,0,0
75,6,17,1,29,Y6027263,,,,0,30.0,0,0
75,6,17,1,30,Y6027264,,,,0,30.0,0,0
75,6,17,2,10,Y6027265,,,,0,30.0,0,0
75,6,17,2,11,Y6027266,,,,0,30.0,0,0
75,6,17,2,12,Y6027267,,,,0,30.0,0,0
75,6,17,2,13,Y6027268,,,,0,30.0,0,0
75,6,17,2,14,Y6027269,,,,0,30.0,0,0
75,6,17,2,15,Y6027270,,,,0,30.0,0,0
75,6,17,2,16,Y6027271,,,,0,30.0,0,0
75,6,17,2,17,Y6027272,,,,0,30.0,0,0
75,6,17,2,18,Y6027273,,,,0,30.0,0,0
75,6,17,2,19,Y6027274,,,,3235,30.0,0,0
75,6,17,2,20,Y6027275,,,,0,30.0,0,0
75,6,17,2,21,Y6027276,,,,0,30.0,0,0
75,6,17,2,22,Y6027277,,,,0,30.0,0,0
75,6,17,2,23,Y6027278,,,,0,30.0,0,0
75,6,17,2,24,Y6027279,,,,0,30.0,0,0
75,6,17,2,25,Y6027280,,,,0,30.0,0,0
75,6,17,2,26,Y6027281,,,,0,30.0,0,0
75,6,17,2,27,Y6027282,,,,0,30.0,0,0
75,6,17,2,28,Y6027283,,,,0,30.0,0,0
75,6,17,2,29,Y6027284,,,,0,30.0,0,0
75,6,17,2,30,Y6027285,,,,0,30.0,0,0
75,6,17,3,10,Y6027286,,,,0,30.0,0,0
75,6,17,3,11,Y6027287,,,,0,30.0,0,0
75,6,17,3,12,Y6027288,,,,0,30.0,0,0
75,6,17,3,13,Y6027289,,,,0,30.0,0,0
75,6,17,3,14,Y6027290,,,,0,30.0,0,0
75,6,17,3,15,Y6027291,,,,0,30.0,0,0
75,6,17,3,16,Y6027292,,,,0,30.0,0,0
75,6,17,3,17,Y6027293,,,,0,30.0,0,0
75,6,17,3,18,Y6027294,,,,0,30.0,0,0
75,6,17,3,19,Y6027295,,,,3225,30.0,0,0
75,6,17,3,20,Y6027296,,,,0,30.0,0,0
75,6,17,3,21,Y6027297,,,,0,30.0,0,0
75,6,17,3,22,Y6027298,,,,0,30.0,0,0
75,6,17,3,23,Y6027299,,,,0,30.0,0,0
75,6,17,3,24,Y6027300,,,,0,30.0,0,0
75,6,17,3,25,Y6027301,,,,0,30.0,0,0
75,6,17,3,26,Y6027302,,,,0,30.0,0,0
75,6,17,3,27,Y6027303,,,,0,30.0,0,0
75,6,17,3,28,Y6027304,,,,0,30.0,0,0
75,6,17,3,29,Y6027305,,,,0,30.0,0,0
75,6,17,3,30,Y6027306,,,,0,30.0,0,0
75,6,17,4,10,Y6027307,,,,0,30.0,0,0
75,6,17,4,11,Y6027308,,,,0,30.0,0,0
75,6,17,4,12,Y6027309,,,,0,30.0,0,0
75,6,17,4,13,Y6027310,,,,0,30.0,0,0
75,6,17,4,14,Y6027311,,,,0,30.0,0,0
75,6,17,4,15,Y6027312,,,,0,30.0,0,0
75,6,17,4,16,Y6027313,,,,0,30.0,0,0
75,6,17,4,17,Y6027314,,,,0,30.0,0,0
75,6,17,4,18,Y6027315,,,,3014,30.0,0,0
75,6,17,4,19,Y6027316,,,,3296,30.0,0,0
75,6,17,4,20,Y6027317,,,,0,30.0,0,0
75,6,17,4,21,Y6027318,,,,0,30.0,0,0
75,6,17,4,22,Y6027319,,,,0,30.0,0,0
75,6,17,4,23,Y6027320,,,,0,30.0,0,0
75,6,17,4,24,Y6027321,,,,0,30.0,0,0
75,6,17,4,25,Y6027322,,,,0,30.0,0,0
75,6,17,4,26,Y6027323,,,,0,30.0,0,0
75,6,17,4,27,Y6027324,,,,0,30.0,0,0
75,6,17,4,28,Y6027325,,,,0,30.0,0,0
75,6,17,4,29,Y6027326,,,,0,30.0,0,0
75,6,17,4,30,Y6027327,,,,0,30.0,0,0
75,6,17,5,10,Y6027328,,,,0,30.0,0,0
75,6,17,5,11,Y6027329,,,,0,30.0,0,0
75,6,17,5,12,Y6027330,,,,0,30.0,0,0
75,6,17,5,13,Y6027331,,,,0,30.0,0,0
75,6,17,5,14,Y6027332,,,,0,30.0,0,0
75,6,17,5,15,Y6027333,,,,0,30.0,0,0
75,6,17,5,16,Y6027334,,,,0,30.0,0,0
75,6,17,5,17,Y6027335,,,,0,30.0,0,0
75,6,17,5,18,Y6027336,,,,3068,30.0,0,0
75,6,17,5,19,Y6027337,,,,3389,30.0,0,0
75,6,17,5,20,Y6027338,,,,0,30.0,0,0
75,6,17,5,21,Y6027339,,,,0,30.0,0,0
75,6,17,5,22,Y6027340,,,,0,30.0,0,0
75,6,17,5,23,Y6027341,,,,0,30.0,0,0
75,6,17,5,24,Y6027342,,,,0,30.0,0,0
75,6,17,5,25,Y6027343,,,,0,30.0,0,0
75,6,17,5,26,Y6027344,,,,0,30.0,0,0
75,6,17,5,27,Y6027345,,,,0,30.0,0,0
75,6,17,5,28,Y6027346,,,,0,30.0,0,0
75,6,17,5,29,Y6027347,,,,0,30.0,0,0
75,6,17,5,30,Y6027348,,,,0,30.0,0,0
75,6,17,6,10,Y6027349,,,,0,30.0,0,0
75,6,17,6,11,Y6027350,,,,0,30.0,0,0
75,6,17,6,12,Y6027351,,,,0,30.0,0,0
75,6,17,6,13,Y6027352,,,,0,30.0,0,0
75,6,17,6,14,Y6027353,,,,0,30.0,0,0
75,6,17,6,15,Y6027354,,,,0,30.0,0,0
75,6,17,6,16,Y6027355,,,,0,30.0,0,0
75,6,17,6,17,Y6027356,,,,0,30.0,0,0
75,6,17,6,18,Y6027357,,,,3063,30.0,0,0
75,6,17,6,19,Y6027358,,,,3385,30.0,0,0
75,6,17,6,20,Y6027359,,,,0,30.0,0,0
75,6,17,6,21,Y6027360,,,,0,30.0,0,0
75,6,17,6,22,Y6027361,,,,0,30.0,0,0
75,6,17,6,23,Y6027362,,,,0,30.0,0,0
75,6,17,6,24,Y6027363,,,,0,30.0,0,0
75,6,17,6,25,Y6027364,,,,0,30.0,0,0
75,6,17,6,26,Y6027365,,,,0,30.0,0,0
75,6,17,6,27,Y6027366,,,,0,30.0,0,0
75,6,17,6,28,Y6027367,,,,0,30.0,0,0
75,6,17,6,29,Y6027368,,,,0,30.0,0,0
75,6,17,6,30,Y6027369,,,,0,30.0,0,0
75,6,17,7,10,Y6027370,,,,0,30.0,0,0
75,6,17,7,11,Y6027371,,,,0,30.0,0,0
75,6,17,7,12,Y6027372,,,,0,30.0,0,0
75,6,17,7,13,Y6027373,,,,0,30.0,0,0
75,6,17,7,14,Y6027374,,,,0,30.0,0,0
75,6,17,7,15,Y6027375,,,,0,30.0,0,0
75,6,17,7,16,Y6027376,,,,0,30.0,0,0
75,6,17,7,17,Y6027377,,,,0,30.0,0,0
75,6,17,7,18,Y6027378,,,,3086,30.0,0,0
75,6,17,7,19,Y6027379,,,,3420,30.0,0,0
75,6,17,7,20,Y6027380,,,,0,30.0,0,0
75,6,17,7,21,Y6027381,,,,0,30.0,0,0
75,6,17,7,22,Y6027382,,,,0,30.0,0,0
75,6,17,7,23,Y6027383,,,,0,30.0,0,0
75,6,17,7,24,Y6027384,,,,0,30.0,0,0
75,6,17,7,25,Y6027385,,,,0,30.0,0,0
75,6,17,7,26,Y6027386,,,,0,30.0,0,0
75,6,17,7,27,Y6027387,,,,0,30.0,0,0
75,6,17,7,28,Y6027388,,,,0,30.0,0,0
75,6,17,7,29,Y6027389,,,,0,30.0,0,0
75,6,17,7,30,Y6027390,,,,0,30.0,0,0
75,6,17,8,10,Y6027391,,,,0,30.0,0,0
75,6,17,8,11,Y6027392,,,,0,30.0,0,0
75,6,17,8,12,Y6027393,,,,0,30.0,0,0
75,6,17,8,13,Y6027394,,,,0,30.0,0,0
75,6,17,8,14,Y6027395,,,,0,30.0,0,0
75,6,17,8,15,Y6027396,,,,0,30.0,0,0
75,6,17,8,16,Y6027397,,,,0,30.0,0,0
75,6,17,8,17,Y6027398,,,,0,30.0,0,0
75,6,17,8,18,Y6027399,,,,3196,30.0,0,0
75,6,17,8,19,Y6027400,,,,3463,30.0,0,0
75,6,17,8,20,Y6027401,,,,0,30.0,0,0
75,6,17,8,21,Y6027402,,,,0,30.0,0,0
75,6,17,8,22,Y6027403,,,,0,30.0,0,0
75,6,17,8,23,Y6027404,,,,0,30.0,0,0
75,6,17,8,24,Y6027405,,,,0,30.0,0,0
75,6,17,8,25,Y6027406,,,,0,30.0,0,0
75,6,17,8,26,Y6027407,,,,0,30.0,0,0
75,6,17,8,27,Y6027408,,,,0,30.0,0,0
75,6,17,8,28,Y6027409,,,,0,30.0,0,0
75,6,17,8,29,Y6027410,,,,0,30.0,0,0
75,6,17,8,30,Y6027411,,,,0,30.0,0,0
75,6,17,9,10,Y6027412,,,,0,30.0,0,0
75,6,17,9,11,Y6027413,,,,0,30.0,0,0
75,6,17,9,12,Y6027414,,,,0,30.0,0,0
75,6,17,9,13,Y6027415,,,,0,30.0,0,0
75,6,17,9,14,Y6027416,,,,0,30.0,0,0
75,6,17,9,15,Y6027417,,,,0,30.0,0,0
75,6,17,9,16,Y6027418,,,,0,30.0,0,0
75,6,17,9,17,Y6027419,,,,0,30.0,0,0
75,6,17,9,18,Y6027420,,,,3220,30.0,0,0
75,6,17,9,19,Y6027421,,,,3500,30.0,0,0
75,6,17,9,20,Y6027422,,,,3004,30.0,0,0
75,6,17,9,21,Y6027423,,,,0,30.0,0,0
75,6,17,9,22,Y6027424,,,,0,30.0,0,0
75,6,17,9,23,Y6027425,,,,0,30.0,0,0
75,6,17,9,24,Y6027426,,,,0,30.0,0,0
75,6,17,9,25,Y6027427,,,,0,30.0,0,0
75,6,17,9,26,Y6027428,,,,0,30.0,0,0
75,6,17,9,27,Y6027429,,,,0,30.0,0,0
75,6,17,9,28,Y6027430,,,,0,30.0,0,0
75,6,17,9,29,Y6027431,,,,0,30.0,0,0
75,6,17,9,30,Y6027432,,,,0,30.0,0,0
75,6,17,10,10,Y6027433,,,,0,30.0,0,0
75,6,17,10,11,Y6027434,,,,0,30.0,0,0
75,6,17,10,12,Y6027435,,,,0,30.0,0,0
75,6,17,10,13,Y6027436,,,,0,30.0,0,0
75,6,17,10,14,Y6027437,,,,0,30.0,0,0
75,6,17,10,15,Y6027438,,,,0,30.0,0,0
75,6,17,10,16,Y6027439,,,,0,30.0,0,0
75,6,17,10,17,Y6027440,,,,0,30.0,0,0
75,6,17,10,18,Y6027441,,,,3352,30.0,0,0
75,6,17,10,19,Y6027442,,,,3700,30.0,0,0
75,6,17,10,20,Y6027443,,,,3108,30.0,0,0
75,6,17,10,21,Y6027444,,,,0,30.0,0,0
75,6,17,10,22,Y6027445,,,,0,30.0,0,0
75,6,17,10,23,Y6027446,,,,0,30.0,0,0
75,6,17,10,24,Y6027447,,,,0,30.0,0,0
75,6,17,10,25,Y6027448,,,,0,30.0,0,0
75,6,17,10,26,Y6027449,,,,0,30.0,0,0
75,6,17,10,27,Y6027450,,,,0,30.0,0,0
75,6,17,10,28,Y6027451,,,,0,30.0,0,0
75,6,17,10,29,Y6027452,,,,0,30.0,0,0
75,6,17,10,30,Y6027453,,,,0,30.0,0,0
75,6,17,11,10,Y6027454,,,,0,30.0,0,0
75,6,17,11,11,Y6027455,,,,0,30.0,0,0
75,6,17,11,12,Y6027456,,,,0,30.0,0,0
75,6,17,11,13,Y6027457,,,,0,30.0,0,0
75,6,17,11,14,Y6027458,,,,0,30.0,0,0
75,6,17,11,15,Y6027459,,,,0,30.0,0,0
75,6,17,11,16,Y6027460,,,,0,30.0,0,0
75,6,17,11,17,Y6027461,,,,0,30.0,0,0
75,6,17,11,18,Y6027462,,,,3436,30.0,0,0
75,6,17,11,19,Y6027463,,,,3788,30.0,0,0
75,6,17,11,20,Y6027464,,,,3191,30.0,0,0
75,6,17,11,21,Y6027465,,,,0,30.0,0,0
75,6,17,11,22,Y6027466,,,,0,30.0,0,0
75,6,17,11,23,Y6027467,,,,0,30.0,0,0
75,6,17,11,24,Y6027468,,,,0,30.0,0,0
75,6,17,11,25,Y6027469,,,,0,30.0,0,0
75,6,17,11,26,Y6027470,,,,0,30.0,0,0
75,6,17,11,27,Y6027471,,,,0,30.0,0,0
75,6,17,11,28,Y6027472,,,,0,30.0,0,0
75,6,17,11,29,Y6027473,,,,0,30.0,0,0
75,6,17,11,30,Y6027474,,,,0,30.0,0,0
75,6,17,12,10,Y6027475,,,,0,30.0,0,0
75,6,17,12,11,Y6027476,,,,0,30.0,0,0
75,6,17,12,12,Y6027477,,,,0,30.0,0,0
75,6,17,12,13,Y6027478,,,,0,30.0,0,0
75,6,17,12,14,Y6027479,,,,0,30.0,0,0
75,6,17,12,15,Y6027480,,,,0,30.0,0,0
75,6,17,12,16,Y6027481,,,,0,30.0,0,0
75,6,17,12,17,Y6027482,,,,0,30.0,0,0
75,6,17,12,18,Y6027483,,,,3959,30.0,0,0
75,6,17,12,19,Y6027484,,,,4328,30.0,0,0
75,6,17,12,20,Y6027485,,,,3777,30.0,0,0
75,6,17,12,21,Y6027486,,,,0,30.0,0,0
75,6,17,12,22,Y6027487,,,,0,30.0,0,0
75,6,17,12,23,Y6027488,,,,0,30.0,0,0
75,6,17,12,24,Y6027489,,,,0,30.0,0,0
75,6,17,12,25,Y6027490,,,,0,30.0,0,0
75,6,17,12,26,Y6027491,,,,0,30.0,0,0
75,6,17,12,27,Y6027492,,,,0,30.0,0,0
75,6,17,12,28,Y6027493,,,,0,30.0,0,0
75,6,17,12,29,Y6027494,,,,0,30.0,0,0
75,6,17,12,30,Y6027495,,,,0,30.0,0,0
75,6,18,1,10,Y6027496,,,,0,30.0,0,0
75,6,18,1,11,Y6027497,,,,0,30.0,0,0
75,6,18,1,12,Y6027498,,,,0,30.0,0,0
75,6,18,1,13,Y6027499,,,,0,30.0,0,0
75,6,18,1,14,Y6027500,,,,0,30.0,0,0
75,6,18,1,15,Y6027501,,,,0,30.0,0,0
75,6,18,1,16,Y6027502,,,,0,30.0,0,0
75,6,18,1,17,Y6027503,,,,0,30.0,0,0
75,6,18,1,18,Y6027504,,,,0,30.0,0,0
75,6,18,1,19,Y6027505,,,,0,30.0,0,0
75,6,18,1,20,Y6027506,,,,0,30.0,0,0
75,6,18,1,21,Y6027507,,,,0,30.0,0,0
75,6,18,1,22,Y6027508,,,,0,30.0,0,0
75,6,18,1,23,Y6027509,,,,0,30.0,0,0
75,6,18,1,24,Y6027510,,,,0,30.0,0,0
75,6,18,1,25,Y6027511,,,,0,30.0,0,0
75,6,18,1,26,Y6027512,,,,0,30.0,0,0
75,6,18,1,27,Y6027513,,,,0,30.0,0,0
75,6,18,1,28,Y6027514,,,,0,30.0,0,0
75,6,18,1,29,Y6027515,,,,0,30.0,0,0
75,6,18,1,30,Y6027516,,,,0,30.0,0,0
75,6,18,2,10,Y6027517,,,,0,30.0,0,0
75,6,18,2,11,Y6027518,,,,0,30.0,0,0
75,6,18,2,12,Y6027519,,,,0,30.0,0,0
75,6,18,2,13,Y6027520,,,,0,30.0,0,0
75,6,18,2,14,Y6027521,,,,0,30.0,0,0
75,6,18,2,15,Y6027522,,,,0,30.0,0,0
75,6,18,2,16,Y6027523,,,,0,30.0,0,0
75,6,18,2,17,Y6027524,,,,0,30.0,0,0
75,6,18,2,18,Y6027525,,,,0,30.0,0,0
75,6,18,2,19,Y6027526,,,,0,30.0,0,0
75,6,18,2,20,Y6027527,,,,0,30.0,0,0
75,6,18,2,21,Y6027528,,,,0,30.0,0,0
75,6,18,2,22,Y6027529,,,,0,30.0,0,0
75,6,18,2,23,Y6027530,,,,0,30.0,0,0
75,6,18,2,24,Y6027531,,,,0,30.0,0,0
75,6,18,2,25,Y6027532,,,,0,30.0,0,0
75,6,18,2,26,Y6027533,,,,0,30.0,0,0
75,6,18,2,27,Y6027534,,,,0,30.0,0,0
75,6,18,2,28,Y6027535,,,,0,30.0,0,0
75,6,18,2,29,Y6027536,,,,0,30.0,0,0
75,6,18,2,30,Y6027537,,,,0,30.0,0,0
75,6,18,3,10,Y6027538,,,,0,30.0,0,0
75,6,18,3,11,Y6027539,,,,0,30.0,0,0
75,6,18,3,12,Y6027540,,,,0,30.0,0,0
75,6,18,3,13,Y6027541,,,,0,30.0,0,0
75,6,18,3,14,Y6027542,,,,0,30.0,0,0
75,6,18,3,15,Y6027543,,,,0,30.0,0,0
75,6,18,3,16,Y6027544,,,,0,30.0,0,0
75,6,18,3,17,Y6027545,,,,0,30.0,0,0
75,6,18,3,18,Y6027546,,,,0,30.0,0,0
75,6,18,3,19,Y6027547,,,,0,30.0,0,0
75,6,18,3,20,Y6027548,,,,0,30.0,0,0
75,6,18,3,21,Y6027549,,,,0,30.0,0,0
75,6,18,3,22,Y6027550,,,,0,30.0,0,0
75,6,18,3,23,Y6027551,,,,0,30.0,0,0
75,6,18,3,24,Y6027552,,,,0,30.0,0,0
75,6,18,3,25,Y6027553,,,,0,30.0,0,0
75,6,18,3,26,Y6027554,,,,0,30.0,0,0
75,6,18,3,27,Y6027555,,,,0,30.0,0,0
75,6,18,3,28,Y6027556,,,,0,30.0,0,0
75,6,18,3,29,Y6027557,,,,0,30.0,0,0
75,6,18,3,30,Y6027558,,,,0,30.0,0,0
75,6,18,4,10,Y6027559,,,,0,30.0,0,0
75,6,18,4,11,Y6027560,,,,0,30.0,0,0
75,6,18,4,12,Y6027561,,,,0,30.0,0,0
75,6,18,4,13,Y6027562,,,,0,30.0,0,0
75,6,18,4,14,Y6027563,,,,0,30.0,0,0
75,6,18,4,15,Y6027564,,,,0,30.0,0,0
75,6,18,4,16,Y6027565,,,,0,30.0,0,0
75,6,18,4,17,Y6027566,,,,0,30.0,0,0
75,6,18,4,18,Y6027567,,,,0,30.0,0,0
75,6,18,4,19,Y6027568,,,,0,30.0,0,0
75,6,18,4,20,Y6027569,,,,0,30.0,0,0
75,6,18,4,21,Y6027570,,,,0,30.0,0,0
75,6,18,4,22,Y6027571,,,,0,30.0,0,0
75,6,18,4,23,Y6027572,,,,0,30.0,0,0
75,6,18,4,24,Y6027573,,,,0,30.0,0,0
75,6,18,4,25,Y6027574,,,,0,30.0,0,0
75,6,18,4,26,Y6027575,,,,0,30.0,0,0
75,6,18,4,27,Y6027576,,,,0,30.0,0,0
75,6,18,4,28,Y6027577,,,,0,30.0,0,0
75,6,18,4,29,Y6027578,,,,0,30.0,0,0
75,6,18,4,30,Y6027579,,,,0,30.0,0,0
75,6,18,5,10,Y6027580,,,,0,30.0,0,0
75,6,18,5,11,Y6027581,,,,0,30.0,0,0
75,6,18,5,12,Y6027582,,,,0,30.0,0,0
75,6,18,5,13,Y6027583,,,,0,30.0,0,0
75,6,18,5,14,Y6027584,,,,0,30.0,0,0
75,6,18,5,15,Y6027585,,,,0,30.0,0,0
75,6,18,5,16,Y6027586,,,,0,30.0,0,0
75,6,18,5,17,Y6027587,,,,0,30.0,0,0
75,6,18,5,18,Y6027588,,,,0,30.0,0,0
75,6,18,5,19,Y6027589,,,,0,30.0,0,0
75,6,18,5,20,Y6027590,,,,0,30.0,0,0
75,6,18,5,21,Y6027591,,,,0,30.0,0,0
75,6,18,5,22,Y6027592,,,,0,30.0,0,0
75,6,18,5,23,Y6027593,,,,0,30.0,0,0
75,6,18,5,24,Y6027594,,,,0,30.0,0,0
75,6,18,5,25,Y6027595,,,,0,30.0,0,0
75,6,18,5,26,Y6027596,,,,0,30.0,0,0
75,6,18,5,27,Y6027597,,,,0,30.0,0,0
75,6,18,5,28,Y6027598,,,,0,30.0,0,0
75,6,18,5,29,Y6027599,,,,0,30.0,0,0
75,6,18,5,30,Y6027600,,,,0,30.0,0,0
75,6,18,6,10,Y6027601,,,,0,30.0,0,0
75,6,18,6,11,Y6027602,,,,0,30.0,0,0
75,6,18,6,12,Y6027603,,,,0,30.0,0,0
75,6,18,6,13,Y6027604,,,,0,30.0,0,0
75,6,18,6,14,Y6027605,,,,0,30.0,0,0
75,6,18,6,15,Y6027606,,,,0,30.0,0,0
75,6,18,6,16,Y6027607,,,,0,30.0,0,0
75,6,18,6,17,Y6027608,,,,0,30.0,0,0
75,6,18,6,18,Y6027609,,,,0,30.0,0,0
75,6,18,6,19,Y6027610,,,,0,30.0,0,0
75,6,18,6,20,Y6027611,,,,0,30.0,0,0
75,6,18,6,21,Y6027612,,,,0,30.0,0,0
75,6,18,6,22,Y6027613,,,,0,30.0,0,0
75,6,18,6,23,Y6027614,,,,0,30.0,0,0
75,6,18,6,24,Y6027615,,,,0,30.0,0,0
75,6,18,6,25,Y6027616,,,,0,30.0,0,0
75,6,18,6,26,Y6027617,,,,0,30.0,0,0
75,6,18,6,27,Y6027618,,,,0,30.0,0,0
75,6,18,6,28,Y6027619,,,,0,30.0,0,0
75,6,18,6,29,Y6027620,,,,0,30.0,0,0
75,6,18,6,30,Y6027621,,,,0,30.0,0,0
75,6,18,7,10,Y6027622,,,,0,30.0,0,0
75,6,18,7,11,Y6027623,,,,0,30.0,0,0
75,6,18,7,12,Y6027624,,,,0,30.0,0,0
75,6,18,7,13,Y6027625,,,,0,30.0,0,0
75,6,18,7,14,Y6027626,,,,0,30.0,0,0
75,6,18,7,15,Y6027627,,,,0,30.0,0,0
75,6,18,7,16,Y6027628,,,,0,30.0,0,0
75,6,18,7,17,Y6027629,,,,0,30.0,0,0
75,6,18,7,18,Y6027630,,,,0,30.0,0,0
75,6,18,7,19,Y6027631,,,,0,30.0,0,0
75,6,18,7,20,Y6027632,,,,0,30.0,0,0
75,6,18,7,21,Y6027633,,,,0,30.0,0,0
75,6,18,7,22,Y6027634,,,,0,30.0,0,0
75,6,18,7,23,Y6027635,,,,0,30.0,0,0
75,6,18,7,24,Y6027636,,,,0,30.0,0,0
75,6,18,7,25,Y6027637,,,,0,30.0,0,0
75,6,18,7,26,Y6027638,,,,0,30.0,0,0
75,6,18,7,27,Y6027639,,,,0,30.0,0,0
75,6,18,7,28,Y6027640,,,,0,30.0,0,0
75,6,18,7,29,Y6027641,,,,0,30.0,0,0
75,6,18,7,30,Y6027642,,,,0,30.0,0,0
75,6,18,8,10,Y6027643,,,,0,30.0,0,0
75,6,18,8,11,Y6027644,,,,0,30.0,0,0
75,6,18,8,12,Y6027645,,,,0,30.0,0,0
75,6,18,8,13,Y6027646,,,,0,30.0,0,0
75,6,18,8,14,Y6027647,,,,0,30.0,0,0
75,6,18,8,15,Y6027648,,,,0,30.0,0,0
75,6,18,8,16,Y6027649,,,,0,30.0,0,0
75,6,18,8,17,Y6027650,,,,0,30.0,0,0
75,6,18,8,18,Y6027651,,,,0,30.0,0,0
75,6,18,8,19,Y6027652,,,,0,30.0,0,0
75,6,18,8,20,Y6027653,,,,0,30.0,0,0
75,6,18,8,21,Y6027654,,,,0,30.0,0,0
75,6,18,8,22,Y6027655,,,,0,30.0,0,0
75,6,18,8,23,Y6027656,,,,0,30.0,0,0
75,6,18,8,24,Y6027657,,,,0,30.0,0,0
75,6,18,8,25,Y6027658,,,,0,30.0,0,0
75,6,18,8,26,Y6027659,,,,0,30.0,0,0
75,6,18,8,27,Y6027660,,,,0,30.0,0,0
75,6,18,8,28,Y6027661,,,,0,30.0,0,0
75,6,18,8,29,Y6027662,,,,0,30.0,0,0
75,6,18,8,30,Y6027663,,,,0,30.0,0,0
75,6,18,9,10,Y6027664,,,,0,30.0,0,0
75,6,18,9,11,Y6027665,,,,0,30.0,0,0
75,6,18,9,12,Y6027666,,,,0,30.0,0,0
75,6,18,9,13,Y6027667,,,,0,30.0,0,0
75,6,18,9,14,Y6027668,,,,0,30.0,0,0
75,6,18,9,15,Y6027669,,,,0,30.0,0,0
75,6,18,9,16,Y6027670,,,,0,30.0,0,0
75,6,18,9,17,Y6027671,,,,0,30.0,0,0
75,6,18,9,18,Y6027672,,,,0,30.0,0,0
75,6,18,9,19,Y6027673,,,,0,30.0,0,0
75,6,18,9,20,Y6027674,,,,0,30.0,0,0
75,6,18,9,21,Y6027675,,,,0,30.0,0,0
75,6,18,9,22,Y6027676,,,,0,30.0,0,0
75,6,18,9,23,Y6027677,,,,0,30.0,0,0
75,6,18,9,24,Y6027678,,,,0,30.0,0,0
75,6,18,9,25,Y6027679,,,,0,30.0,0,0
75,6,18,9,26,Y6027680,,,,0,30.0,0,0
75,6,18,9,27,Y6027681,,,,0,30.0,0,0
75,6,18,9,28,Y6027682,,,,0,30.0,0,0
75,6,18,9,29,Y6027683,,,,0,30.0,0,0
75,6,18,9,30,Y6027684,,,,0,30.0,0,0
75,6,18,10,10,Y6027685,,,,0,30.0,0,0
75,6,18,10,11,Y6027686,,,,0,30.0,0,0
75,6,18,10,12,Y6027687,,,,0,30.0,0,0
75,6,18,10,13,Y6027688,,,,0,30.0,0,0
75,6,18,10,14,Y6027689,,,,0,30.0,0,0
75,6,18,10,15,Y6027690,,,,0,30.0,0,0
75,6,18,10,16,Y6027691,,,,0,30.0,0,0
75,6,18,10,17,Y6027692,,,,0,30.0,0,0
75,6,18,10,18,Y6027693,,,,0,30.0,0,0
75,6,18,10,19,Y6027694,,,,0,30.0,0,0
75,6,18,10,20,Y6027695,,,,0,30.0,0,0
75,6,18,10,21,Y6027696,,,,0,30.0,0,0
75,6,18,10,22,Y6027697,,,,0,30.0,0,0
75,6,18,10,23,Y6027698,,,,0,30.0,0,0
75,6,18,10,24,Y6027699,,,,0,30.0,0,0
75,6,18,10,25,Y6027700,,,,0,30.0,0,0
75,6,18,10,26,Y6027701,,,,0,30.0,0,0
75,6,18,10,27,Y6027702,,,,0,30.0,0,0
75,6,18,10,28,Y6027703,,,,0,30.0,0,0
75,6,18,10,29,Y6027704,,,,0,30.0,0,0
75,6,18,10,30,Y6027705,,,,0,30.0,0,0
75,6,18,11,10,Y6027706,,,,0,30.0,0,0
75,6,18,11,11,Y6027707,,,,0,30.0,0,0
75,6,18,11,12,Y6027708,,,,0,30.0,0,0
75,6,18,11,13,Y6027709,,,,0,30.0,0,0
75,6,18,11,14,Y6027710,,,,0,30.0,0,0
75,6,18,11,15,Y6027711,,,,0,30.0,0,0
75,6,18,11,16,Y6027712,,,,0,30.0,0,0
75,6,18,11,17,Y6027713,,,,0,30.0,0,0
75,6,18,11,18,Y6027714,,,,0,30.0,0,0
75,6,18,11,19,Y6027715,,,,3068,30.0,0,0
75,6,18,11,20,Y6027716,,,,0,30.0,0,0
75,6,18,11,21,Y6027717,,,,0,30.0,0,0
75,6,18,11,22,Y6027718,,,,0,30.0,0,0
75,6,18,11,23,Y6027719,,,,0,30.0,0,0
75,6,18,11,24,Y6027720,,,,0,30.0,0,0
75,6,18,11,25,Y6027721,,,,0,30.0,0,0
75,6,18,11,26,Y6027722,,,,0,30.0,0,0
75,6,18,11,27,Y6027723,,,,0,30.0,0,0
75,6,18,11,28,Y6027724,,,,0,30.0,0,0
75,6,18,11,29,Y6027725,,,,0,30.0,0,0
75,6,18,11,30,Y6027726,,,,0,30.0,0,0
75,6,18,12,10,Y6027727,,,,0,30.0,0,0
75,6,18,12,11,Y6027728,,,,0,30.0,0,0
75,6,18,12,12,Y6027729,,,,0,30.0,0,0
75,6,18,12,13,Y6027730,,,,0,30.0,0,0
75,6,18,12,14,Y6027731,,,,0,30.0,0,0
75,6,18,12,15,Y6027732,,,,0,30.0,0,0
75,6,18,12,16,Y6027733,,,,0,30.0,0,0
75,6,18,12,17,Y6027734,,,,0,30.0,0,0
75,6,18,12,18,Y6027735,,,,3373,30.0,0,0
75,6,18,12,19,Y6027736,,,,3598,30.0,0,0
75,6,18,12,20,Y6027737,,,,3062,30.0,0,0
75,6,18,12,21,Y6027738,,,,0,30.0,0,0
75,6,18,12,22,Y6027739,,,,0,30.0,0,0
75,6,18,12,23,Y6027740,,,,0,30.0,0,0
75,6,18,12,24,Y6027741,,,,0,30.0,0,0
75,6,18,12,25,Y6027742,,,,0,30.0,0,0
75,6,18,12,26,Y6027743,,,,0,30.0,0,0
75,6,18,12,27,Y6027744,,,,0,30.0,0,0
75,6,18,12,28,Y6027745,,,,0,30.0,0,0
75,6,18,12,29,Y6027746,,,,0,30.0,0,0
75,6,18,12,30,Y6027747,,,,0,30.0,0,0
75,6,19,1,10,Y6027748,,,,0,30.0,0,0
75,6,19,1,11,Y6027749,,,,0,30.0,0,0
75,6,19,1,12,Y6027750,,,,0,30.0,0,0
75,6,19,1,13,Y6027751,,,,0,30.0,0,0
75,6,19,1,14,Y6027752,,,,0,30.0,0,0
75,6,19,1,15,Y6027753,,,,0,30.0,0,0
75,6,19,1,16,Y6027754,,,,0,30.0,0,0
75,6,19,1,17,Y6027755,,,,0,30.0,0,0
75,6,19,1,18,Y6027756,,,,0,30.0,0,0
75,6,19,1,19,Y6027757,,,,0,30.0,0,0
75,6,19,1,20,Y6027758,,,,0,30.0,0,0
75,6,19,1,21,Y6027759,,,,0,30.0,0,0
75,6,19,1,22,Y6027760,,,,0,30.0,0,0
75,6,19,1,23,Y6027761,,,,0,30.0,0,0
75,6,19,1,24,Y6027762,,,,0,30.0,0,0
75,6,19,1,25,Y6027763,,,,0,30.0,0,0
75,6,19,1,26,Y6027764,,,,0,30.0,0,0
75,6,19,1,27,Y6027765,,,,0,30.0,0,0
75,6,19,1,28,Y6027766,,,,0,30.0,0,0
75,6,19,1,29,Y6027767,,,,0,30.0,0,0
75,6,19,1,30,Y6027768,,,,0,30.0,0,0
75,6,19,2,10,Y6027769,,,,0,30.0,0,0
75,6,19,2,11,Y6027770,,,,0,30.0,0,0
75,6,19,2,12,Y6027771,,,,0,30.0,0,0
75,6,19,2,13,Y6027772,,,,0,30.0,0,0
75,6,19,2,14,Y6027773,,,,0,30.0,0,0
75,6,19,2,15,Y6027774,,,,0,30.0,0,0
75,6,19,2,16,Y6027775,,,,0,30.0,0,0
75,6,19,2,17,Y6027776,,,,0,30.0,0,0
75,6,19,2,18,Y6027777,,,,0,30.0,0,0
75,6,19,2,19,Y6027778,,,,0,30.0,0,0
75,6,19,2,20,Y6027779,,,,0,30.0,0,0
75,6,19,2,21,Y6027780,,,,0,30.0,0,0
75,6,19,2,22,Y6027781,,,,0,30.0,0,0
75,6,19,2,23,Y6027782,,,,0,30.0,0,0
75,6,19,2,24,Y6027783,,,,0,30.0,0,0
75,6,19,2,25,Y6027784,,,,0,30.0,0,0
75,6,19,2,26,Y6027785,,,,0,30.0,0,0
75,6,19,2,27,Y6027786,,,,0,30.0,0,0
75,6,19,2,28,Y6027787,,,,0,30.0,0,0
75,6,19,2,29,Y6027788,,,,0,30.0,0,0
75,6,19,2,30,Y6027789,,,,0,30.0,0,0
75,6,19,3,10,Y6027790,,,,0,30.0,0,0
75,6,19,3,11,Y6027791,,,,0,30.0,0,0
75,6,19,3,12,Y6027792,,,,0,30.0,0,0
75,6,19,3,13,Y6027793,,,,0,30.0,0,0
75,6,19,3,14,Y6027794,,,,0,30.0,0,0
75,6,19,3,15,Y6027795,,,,0,30.0,0,0
75,6,19,3,16,Y6027796,,,,0,30.0,0,0
75,6,19,3,17,Y6027797,,,,0,30.0,0,0
75,6,19,3,18,Y6027798,,,,0,30.0,0,0
75,6,19,3,19,Y6027799,,,,0,30.0,0,0
75,6,19,3,20,Y6027800,,,,0,30.0,0,0
75,6,19,3,21,Y6027801,,,,0,30.0,0,0
75,6,19,3,22,Y6027802,,,,0,30.0,0,0
75,6,19,3,23,Y6027803,,,,0,30.0,0,0
75,6,19,3,24,Y6027804,,,,0,30.0,0,0
75,6,19,3,25,Y6027805,,,,0,30.0,0,0
75,6,19,3,26,Y6027806,,,,0,30.0,0,0
75,6,19,3,27,Y6027807,,,,0,30.0,0,0
75,6,19,3,28,Y6027808,,,,0,30.0,0,0
75,6,19,3,29,Y6027809,,,,0,30.0,0,0
75,6,19,3,30,Y6027810,,,,0,30.0,0,0
75,6,19,4,10,Y6027811,,,,0,30.0,0,0
75,6,19,4,11,Y6027812,,,,0,30.0,0,0
75,6,19,4,12,Y6027813,,,,0,30.0,0,0
75,6,19,4,13,Y6027814,,,,0,30.0,0,0
75,6,19,4,14,Y6027815,,,,0,30.0,0,0
75,6,19,4,15,Y6027816,,,,0,30.0,0,0
75,6,19,4,16,Y6027817,,,,0,30.0,0,0
75,6,19,4,17,Y6027818,,,,0,30.0,0,0
75,6,19,4,18,Y6027819,,,,0,30.0,0,0
75,6,19,4,19,Y6027820,,,,0,30.0,0,0
75,6,19,4,20,Y6027821,,,,0,30.0,0,0
75,6,19,4,21,Y6027822,,,,0,30.0,0,0
75,6,19,4,22,Y6027823,,,,0,30.0,0,0
75,6,19,4,23,Y6027824,,,,0,30.0,0,0
75,6,19,4,24,Y6027825,,,,0,30.0,0,0
75,6,19,4,25,Y6027826,,,,0,30.0,0,0
75,6,19,4,26,Y6027827,,,,0,30.0,0,0
75,6,19,4,27,Y6027828,,,,0,30.0,0,0
75,6,19,4,28,Y6027829,,,,0,30.0,0,0
75,6,19,4,29,Y6027830,,,,0,30.0,0,0
75,6,19,4,30,Y6027831,,,,0,30.0,0,0
75,6,19,5,10,Y6027832,,,,0,30.0,0,0
75,6,19,5,11,Y6027833,,,,0,30.0,0,0
75,6,19,5,12,Y6027834,,,,0,30.0,0,0
75,6,19,5,13,Y6027835,,,,0,30.0,0,0
75,6,19,5,14,Y6027836,,,,0,30.0,0,0
75,6,19,5,15,Y6027837,,,,0,30.0,0,0
75,6,19,5,16,Y6027838,,,,0,30.0,0,0
75,6,19,5,17,Y6027839,,,,0,30.0,0,0
75,6,19,5,18,Y6027840,,,,0,30.0,0,0
75,6,19,5,19,Y6027841,,,,0,30.0,0,0
75,6,19,5,20,Y6027842,,,,0,30.0,0,0
75,6,19,5,21,Y6027843,,,,0,30.0,0,0
75,6,19,5,22,Y6027844,,,,0,30.0,0,0
75,6,19,5,23,Y6027845,,,,0,30.0,0,0
75,6,19,5,24,Y6027846,,,,0,30.0,0,0
75,6,19,5,25,Y6027847,,,,0,30.0,0,0
75,6,19,5,26,Y6027848,,,,0,30.0,0,0
75,6,19,5,27,Y6027849,,,,0,30.0,0,0
75,6,19,5,28,Y6027850,,,,0,30.0,0,0
75,6,19,5,29,Y6027851,,,,0,30.0,0,0
75,6,19,5,30,Y6027852,,,,0,30.0,0,0
75,6,19,6,10,Y6027853,,,,0,30.0,0,0
75,6,19,6,11,Y6027854,,,,0,30.0,0,0
75,6,19,6,12,Y6027855,,,,0,30.0,0,0
75,6,19,6,13,Y6027856,,,,0,30.0,0,0
75,6,19,6,14,Y6027857,,,,0,30.0,0,0
75,6,19,6,15,Y6027858,,,,0,30.0,0,0
75,6,19,6,16,Y6027859,,,,0,30.0,0,0
75,6,19,6,17,Y6027860,,,,0,30.0,0,0
75,6,19,6,18,Y6027861,,,,0,30.0,0,0
75,6,19,6,19,Y6027862,,,,0,30.0,0,0
75,6,19,6,20,Y6027863,,,,0,30.0,0,0
75,6,19,6,21,Y6027864,,,,0,30.0,0,0
75,6,19,6,22,Y6027865,,,,0,30.0,0,0
75,6,19,6,23,Y6027866,,,,0,30.0,0,0
75,6,19,6,24,Y6027867,,,,0,30.0,0,0
75,6,19,6,25,Y6027868,,,,0,30.0,0,0
75,6,19,6,26,Y6027869,,,,0,30.0,0,0
75,6,19,6,27,Y6027870,,,,0,30.0,0,0
75,6,19,6,28,Y6027871,,,,0,30.0,0,0
75,6,19,6,29,Y6027872,,,,0,30.0,0,0
75,6,19,6,30,Y6027873,,,,0,30.0,0,0
75,6,19,7,10,Y6027874,,,,0,30.0,0,0
75,6,19,7,11,Y6027875,,,,0,30.0,0,0
75,6,19,7,12,Y6027876,,,,0,30.0,0,0
75,6,19,7,13,Y6027877,,,,0,30.0,0,0
75,6,19,7,14,Y6027878,,,,0,30.0,0,0
75,6,19,7,15,Y6027879,,,,0,30.0,0,0
75,6,19,7,16,Y6027880,,,,0,30.0,0,0
75,6,19,7,17,Y6027881,,,,0,30.0,0,0
75,6,19,7,18,Y6027882,,,,0,30.0,0,0
75,6,19,7,19,Y6027883,,,,0,30.0,0,0
75,6,19,7,20,Y6027884,,,,0,30.0,0,0
75,6,19,7,21,Y6027885,,,,0,30.0,0,0
75,6,19,7,22,Y6027886,,,,0,30.0,0,0
75,6,19,7,23,Y6027887,,,,0,30.0,0,0
75,6,19,7,24,Y6027888,,,,0,30.0,0,0
75,6,19,7,25,Y6027889,,,,0,30.0,0,0
75,6,19,7,26,Y6027890,,,,0,30.0,0,0
75,6,19,7,27,Y6027891,,,,0,30.0,0,0
75,6,19,7,28,Y6027892,,,,0,30.0,0,0
75,6,19,7,29,Y6027893,,,,0,30.0,0,0
75,6,19,7,30,Y6027894,,,,0,30.0,0,0
75,6,19,8,10,Y6027895,,,,0,30.0,0,0
75,6,19,8,11,Y6027896,,,,0,30.0,0,0
75,6,19,8,12,Y6027897,,,,0,30.0,0,0
75,6,19,8,13,Y6027898,,,,0,30.0,0,0
75,6,19,8,14,Y6027899,,,,0,30.0,0,0
75,6,19,8,15,Y6027900,,,,0,30.0,0,0
75,6,19,8,16,Y6027901,,,,0,30.0,0,0
75,6,19,8,17,Y6027902,,,,0,30.0,0,0
75,6,19,8,18,Y6027903,,,,0,30.0,0,0
75,6,19,8,19,Y6027904,,,,0,30.0,0,0
75,6,19,8,20,Y6027905,,,,0,30.0,0,0
75,6,19,8,21,Y6027906,,,,0,30.0,0,0
75,6,19,8,22,Y6027907,,,,0,30.0,0,0
75,6,19,8,23,Y6027908,,,,0,30.0,0,0
75,6,19,8,24,Y6027909,,,,0,30.0,0,0
75,6,19,8,25,Y6027910,,,,0,30.0,0,0
75,6,19,8,26,Y6027911,,,,0,30.0,0,0
75,6,19,8,27,Y6027912,,,,0,30.0,0,0
75,6,19,8,28,Y6027913,,,,0,30.0,0,0
75,6,19,8,29,Y6027914,,,,0,30.0,0,0
75,6,19,8,30,Y6027915,,,,0,30.0,0,0
75,6,19,9,10,Y6027916,,,,0,30.0,0,0
75,6,19,9,11,Y6027917,,,,0,30.0,0,0
75,6,19,9,12,Y6027918,,,,0,30.0,0,0
75,6,19,9,13,Y6027919,,,,0,30.0,0,0
75,6,19,9,14,Y6027920,,,,0,30.0,0,0
75,6,19,9,15,Y6027921,,,,0,30.0,0,0
75,6,19,9,16,Y6027922,,,,0,30.0,0,0
75,6,19,9,17,Y6027923,,,,0,30.0,0,0
75,6,19,9,18,Y6027924,,,,0,30.0,0,0
75,6,19,9,19,Y6027925,,,,0,30.0,0,0
75,6,19,9,20,Y6027926,,,,0,30.0,0,0
75,6,19,9,21,Y6027927,,,,0,30.0,0,0
75,6,19,9,22,Y6027928,,,,0,30.0,0,0
75,6,19,9,23,Y6027929,,,,0,30.0,0,0
75,6,19,9,24,Y6027930,,,,0,30.0,0,0
75,6,19,9,25,Y6027931,,,,0,30.0,0,0
75,6,19,9,26,Y6027932,,,,0,30.0,0,0
75,6,19,9,27,Y6027933,,,,0,30.0,0,0
75,6,19,9,28,Y6027934,,,,0,30.0,0,0
75,6,19,9,29,Y6027935,,,,0,30.0,0,0
75,6,19,9,30,Y6027936,,,,0,30.0,0,0
75,6,19,10,10,Y6027937,,,,0,30.0,0,0
75,6,19,10,11,Y6027938,,,,0,30.0,0,0
75,6,19,10,12,Y6027939,,,,0,30.0,0,0
75,6,19,10,13,Y6027940,,,,0,30.0,0,0
75,6,19,10,14,Y6027941,,,,0,30.0,0,0
75,6,19,10,15,Y6027942,,,,0,30.0,0,0
75,6,19,10,16,Y6027943,,,,0,30.0,0,0
75,6,19,10,17,Y6027944,,,,0,30.0,0,0
75,6,19,10,18,Y6027945,,,,0,30.0,0,0
75,6,19,10,19,Y6027946,,,,0,30.0,0,0
75,6,19,10,20,Y6027947,,,,0,30.0,0,0
75,6,19,10,21,Y6027948,,,,0,30.0,0,0
75,6,19,10,22,Y6027949,,,,0,30.0,0,0
75,6,19,10,23,Y6027950,,,,0,30.0,0,0
75,6,19,10,24,Y6027951,,,,0,30.0,0,0
75,6,19,10,25,Y6027952,,,,0,30.0,0,0
75,6,19,10,26,Y6027953,,,,0,30.0,0,0
75,6,19,10,27,Y6027954,,,,0,30.0,0,0
75,6,19,10,28,Y6027955,,,,0,30.0,0,0
75,6,19,10,29,Y6027956,,,,0,30.0,0,0
75,6,19,10,30,Y6027957,,,,0,30.0,0,0
75,6,19,11,10,Y6027958,,,,0,30.0,0,0
75,6,19,11,11,Y6027959,,,,0,30.0,0,0
75,6,19,11,12,Y6027960,,,,0,30.0,0,0
75,6,19,11,13,Y6027961,,,,0,30.0,0,0
75,6,19,11,14,Y6027962,,,,0,30.0,0,0
75,6,19,11,15,Y6027963,,,,0,30.0,0,0
75,6,19,11,16,Y6027964,,,,0,30.0,0,0
75,6,19,11,17,Y6027965,,,,0,30.0,0,0
75,6,19,11,18,Y6027966,,,,0,30.0,0,0
75,6,19,11,19,Y6027967,,,,0,30.0,0,0
75,6,19,11,20,Y6027968,,,,0,30.0,0,0
75,6,19,11,21,Y6027969,,,,0,30.0,0,0
75,6,19,11,22,Y6027970,,,,0,30.0,0,0
75,6,19,11,23,Y6027971,,,,0,30.0,0,0
75,6,19,11,24,Y6027972,,,,0,30.0,0,0
75,6,19,11,25,Y6027973,,,,0,30.0,0,0
75,6,19,11,26,Y6027974,,,,0,30.0,0,0
75,6,19,11,27,Y6027975,,,,0,30.0,0,0
75,6,19,11,28,Y6027976,,,,0,30.0,0,0
75,6,19,11,29,Y6027977,,,,0,30.0,0,0
75,6,19,11,30,Y6027978,,,,0,30.0,0,0
75,6,19,12,10,Y6027979,,,,0,30.0,0,0
75,6,19,12,11,Y6027980,,,,0,30.0,0,0
75,6,19,12,12,Y6027981,,,,0,30.0,0,0
75,6,19,12,13,Y6027982,,,,0,30.0,0,0
75,6,19,12,14,Y6027983,,,,0,30.0,0,0
75,6,19,12,15,Y6027984,,,,0,30.0,0,0
75,6,19,12,16,Y6027985,,,,0,30.0,0,0
75,6,19,12,17,Y6027986,,,,0,30.0,0,0
75,6,19,12,18,Y6027987,,,,0,30.0,0,0
75,6,19,12,19,Y6027988,,,,0,30.0,0,0
75,6,19,12,20,Y6027989,,,,0,30.0,0,0
75,6,19,12,21,Y6027990,,,,0,30.0,0,0
75,6,19,12,22,Y6027991,,,,0,30.0,0,0
75,6,19,12,23,Y6027992,,,,0,30.0,0,0
75,6,19,12,24,Y6027993,,,,0,30.0,0,0
75,6,19,12,25,Y6027994,,,,0,30.0,0,0
75,6,19,12,26,Y6027995,,,,0,30.0,0,0
75,6,19,12,27,Y6027996,,,,0,30.0,0,0
75,6,19,12,28,Y6027997,,,,0,30.0,0,0
75,6,19,12,29,Y6027998,,,,0,30.0,0,0
75,6,19,12,30,Y6027999,,,,0,30.0,0,0
75,6,20,1,10,Y6028000,,,,0,30.0,0,0
75,6,20,1,11,Y6028001,,,,0,30.0,0,0
75,6,20,1,12,Y6028002,,,,0,30.0,0,0
75,6,20,1,13,Y6028003,,,,0,30.0,0,0
75,6,20,1,14,Y6028004,,,,0,30.0,0,0
75,6,20,1,15,Y6028005,,,,0,30.0,0,0
75,6,20,1,16,Y6028006,,,,0,30.0,0,0
75,6,20,1,17,Y6028007,,,,0,30.0,0,0
75,6,20,1,18,Y6028008,,,,0,30.0,0,0
75,6,20,1,19,Y6028009,,,,0,30.0,0,0
75,6,20,1,20,Y6028010,,,,0,30.0,0,0
75,6,20,1,21,Y6028011,,,,0,30.0,0,0
75,6,20,1,22,Y6028012,,,,0,30.0,0,0
75,6,20,1,23,Y6028013,,,,0,30.0,0,0
75,6,20,1,24,Y6028014,,,,0,30.0,0,0
75,6,20,1,25,Y6028015,,,,0,30.0,0,0
75,6,20,1,26,Y6028016,,,,0,30.0,0,0
75,6,20,1,27,Y6028017,,,,0,30.0,0,0
75,6,20,1,28,Y6028018,,,,0,30.0,0,0
75,6,20,1,29,Y6028019,,,,0,30.0,0,0
75,6,20,1,30,Y6028020,,,,0,30.0,0,0
75,6,20,2,10,Y6028021,,,,0,30.0,0,0
75,6,20,2,11,Y6028022,,,,0,30.0,0,0
75,6,20,2,12,Y6028023,,,,0,30.0,0,0
75,6,20,2,13,Y6028024,,,,0,30.0,0,0
75,6,20,2,14,Y6028025,,,,0,30.0,0,0
75,6,20,2,15,Y6028026,,,,0,30.0,0,0
75,6,20,2,16,Y6028027,,,,0,30.0,0,0
75,6,20,2,17,Y6028028,,,,0,30.0,0,0
75,6,20,2,18,Y6028029,,,,0,30.0,0,0
75,6,20,2,19,Y6028030,,,,0,30.0,0,0
75,6,20,2,20,Y6028031,,,,0,30.0,0,0
75,6,20,2,21,Y6028032,,,,0,30.0,0,0
75,6,20,2,22,Y6028033,,,,0,30.0,0,0
75,6,20,2,23,Y6028034,,,,0,30.0,0,0
75,6,20,2,24,Y6028035,,,,0,30.0,0,0
75,6,20,2,25,Y6028036,,,,0,30.0,0,0
75,6,20,2,26,Y6028037,,,,0,30.0,0,0
75,6,20,2,27,Y6028038,,,,0,30.0,0,0
75,6,20,2,28,Y6028039,,,,0,30.0,0,0
75,6,20,2,29,Y6028040,,,,0,30.0,0,0
75,6,20,2,30,Y6028041,,,,0,30.0,0,0
75,6,20,3,10,Y6028042,,,,0,30.0,0,0
75,6,20,3,11,Y6028043,,,,0,30.0,0,0
75,6,20,3,12,Y6028044,,,,0,30.0,0,0
75,6,20,3,13,Y6028045,,,,0,30.0,0,0
75,6,20,3,14,Y6028046,,,,0,30.0,0,0
75,6,20,3,15,Y6028047,,,,0,30.0,0,0
75,6,20,3,16,Y6028048,,,,0,30.0,0,0
75,6,20,3,17,Y6028049,,,,0,30.0,0,0
75,6,20,3,18,Y6028050,,,,0,30.0,0,0
75,6,20,3,19,Y6028051,,,,0,30.0,0,0
75,6,20,3,20,Y6028052,,,,0,30.0,0,0
75,6,20,3,21,Y6028053,,,,0,30.0,0,0
75,6,20,3,22,Y6028054,,,,0,30.0,0,0
75,6,20,3,23,Y6028055,,,,0,30.0,0,0
75,6,20,3,24,Y6028056,,,,0,30.0,0,0
75,6,20,3,25,Y6028057,,,,0,30.0,0,0
75,6,20,3,26,Y6028058,,,,0,30.0,0,0
75,6,20,3,27,Y6028059,,,,0,30.0,0,0
75,6,20,3,28,Y6028060,,,,0,30.0,0,0
75,6,20,3,29,Y6028061,,,,0,30.0,0,0
75,6,20,3,30,Y6028062,,,,0,30.0,0,0
75,6,20,4,10,Y6028063,,,,0,30.0,0,0
75,6,20,4,11,Y6028064,,,,0,30.0,0,0
75,6,20,4,12,Y6028065,,,,0,30.0,0,0
75,6,20,4,13,Y6028066,,,,0,30.0,0,0
75,6,20,4,14,Y6028067,,,,0,30.0,0,0
75,6,20,4,15,Y6028068,,,,0,30.0,0,0
75,6,20,4,16,Y6028069,,,,0,30.0,0,0
75,6,20,4,17,Y6028070,,,,0,30.0,0,0
75,6,20,4,18,Y6028071,,,,0,30.0,0,0
75,6,20,4,19,Y6028072,,,,0,30.0,0,0
75,6,20,4,20,Y6028073,,,,0,30.0,0,0
75,6,20,4,21,Y6028074,,,,0,30.0,0,0
75,6,20,4,22,Y6028075,,,,0,30.0,0,0
75,6,20,4,23,Y6028076,,,,0,30.0,0,0
75,6,20,4,24,Y6028077,,,,0,30.0,0,0
75,6,20,4,25,Y6028078,,,,0,30.0,0,0
75,6,20,4,26,Y6028079,,,,0,30.0,0,0
75,6,20,4,27,Y6028080,,,,0,30.0,0,0
75,6,20,4,28,Y6028081,,,,0,30.0,0,0
75,6,20,4,29,Y6028082,,,,0,30.0,0,0
75,6,20,4,30,Y6028083,,,,0,30.0,0,0
75,6,20,5,10,Y6028084,,,,0,30.0,0,0
75,6,20,5,11,Y6028085,,,,0,30.0,0,0
75,6,20,5,12,Y6028086,,,,0,30.0,0,0
75,6,20,5,13,Y6028087,,,,0,30.0,0,0
75,6,20,5,14,Y6028088,,,,0,30.0,0,0
75,6,20,5,15,Y6028089,,,,0,30.0,0,0
75,6,20,5,16,Y6028090,,,,0,30.0,0,0
75,6,20,5,17,Y6028091,,,,0,30.0,0,0
75,6,20,5,18,Y6028092,,,,0,30.0,0,0
75,6,20,5,19,Y6028093,,,,0,30.0,0,0
75,6,20,5,20,Y6028094,,,,0,30.0,0,0
75,6,20,5,21,Y6028095,,,,0,30.0,0,0
75,6,20,5,22,Y6028096,,,,0,30.0,0,0
75,6,20,5,23,Y6028097,,,,0,30.0,0,0
75,6,20,5,24,Y6028098,,,,0,30.0,0,0
75,6,20,5,25,Y6028099,,,,0,30.0,0,0
75,6,20,5,26,Y6028100,,,,0,30.0,0,0
75,6,20,5,27,Y6028101,,,,0,30.0,0,0
75,6,20,5,28,Y6028102,,,,0,30.0,0,0
75,6,20,5,29,Y6028103,,,,0,30.0,0,0
75,6,20,5,30,Y6028104,,,,0,30.0,0,0
75,6,20,6,10,Y6028105,,,,0,30.0,0,0
75,6,20,6,11,Y6028106,,,,0,30.0,0,0
75,6,20,6,12,Y6028107,,,,0,30.0,0,0
75,6,20,6,13,Y6028108,,,,0,30.0,0,0
75,6,20,6,14,Y6028109,,,,0,30.0,0,0
75,6,20,6,15,Y6028110,,,,0,30.0,0,0
75,6,20,6,16,Y6028111,,,,0,30.0,0,0
75,6,20,6,17,Y6028112,,,,0,30.0,0,0
75,6,20,6,18,Y6028113,,,,0,30.0,0,0
75,6,20,6,19,Y6028114,,,,0,30.0,0,0
75,6,20,6,20,Y6028115,,,,0,30.0,0,0
75,6,20,6,21,Y6028116,,,,0,30.0,0,0
75,6,20,6,22,Y6028117,,,,0,30.0,0,0
75,6,20,6,23,Y6028118,,,,0,30.0,0,0
75,6,20,6,24,Y6028119,,,,0,30.0,0,0
75,6,20,6,25,Y6028120,,,,0,30.0,0,0
75,6,20,6,26,Y6028121,,,,0,30.0,0,0
75,6,20,6,27,Y6028122,,,,0,30.0,0,0
75,6,20,6,28,Y6028123,,,,0,30.0,0,0
75,6,20,6,29,Y6028124,,,,0,30.0,0,0
75,6,20,6,30,Y6028125,,,,0,30.0,0,0
75,6,20,7,10,Y6028126,,,,0,30.0,0,0
75,6,20,7,11,Y6028127,,,,0,30.0,0,0
75,6,20,7,12,Y6028128,,,,0,30.0,0,0
75,6,20,7,13,Y6028129,,,,0,30.0,0,0
75,6,20,7,14,Y6028130,,,,0,30.0,0,0
75,6,20,7,15,Y6028131,,,,0,30.0,0,0
75,6,20,7,16,Y6028132,,,,0,30.0,0,0
75,6,20,7,17,Y6028133,,,,0,30.0,0,0
75,6,20,7,18,Y6028134,,,,0,30.0,0,0
75,6,20,7,19,Y6028135,,,,0,30.0,0,0
75,6,20,7,20,Y6028136,,,,0,30.0,0,0
75,6,20,7,21,Y6028137,,,,0,30.0,0,0
75,6,20,7,22,Y6028138,,,,0,30.0,0,0
75,6,20,7,23,Y6028139,,,,0,30.0,0,0
75,6,20,7,24,Y6028140,,,,0,30.0,0,0
75,6,20,7,25,Y6028141,,,,0,30.0,0,0
75,6,20,7,26,Y6028142,,,,0,30.0,0,0
75,6,20,7,27,Y6028143,,,,0,30.0,0,0
75,6,20,7,28,Y6028144,,,,0,30.0,0,0
75,6,20,7,29,Y6028145,,,,0,30.0,0,0
75,6,20,7,30,Y6028146,,,,0,30.0,0,0
75,6,20,8,10,Y6028147,,,,0,30.0,0,0
75,6,20,8,11,Y6028148,,,,0,30.0,0,0
75,6,20,8,12,Y6028149,,,,0,30.0,0,0
75,6,20,8,13,Y6028150,,,,0,30.0,0,0
75,6,20,8,14,Y6028151,,,,0,30.0,0,0
75,6,20,8,15,Y6028152,,,,0,30.0,0,0
75,6,20,8,16,Y6028153,,,,0,30.0,0,0
75,6,20,8,17,Y6028154,,,,0,30.0,0,0
75,6,20,8,18,Y6028155,,,,0,30.0,0,0
75,6,20,8,19,Y6028156,,,,0,30.0,0,0
75,6,20,8,20,Y6028157,,,,0,30.0,0,0
75,6,20,8,21,Y6028158,,,,0,30.0,0,0
75,6,20,8,22,Y6028159,,,,0,30.0,0,0
75,6,20,8,23,Y6028160,,,,0,30.0,0,0
75,6,20,8,24,Y6028161,,,,0,30.0,0,0
75,6,20,8,25,Y6028162,,,,0,30.0,0,0
75,6,20,8,26,Y6028163,,,,0,30.0,0,0
75,6,20,8,27,Y6028164,,,,0,30.0,0,0
75,6,20,8,28,Y6028165,,,,0,30.0,0,0
75,6,20,8,29,Y6028166,,,,0,30.0,0,0
75,6,20,8,30,Y6028167,,,,0,30.0,0,0
75,6,20,9,10,Y6028168,,,,0,30.0,0,0
75,6,20,9,11,Y6028169,,,,0,30.0,0,0
75,6,20,9,12,Y6028170,,,,0,30.0,0,0
75,6,20,9,13,Y6028171,,,,0,30.0,0,0
75,6,20,9,14,Y6028172,,,,0,30.0,0,0
75,6,20,9,15,Y6028173,,,,0,30.0,0,0
75,6,20,9,16,Y6028174,,,,0,30.0,0,0
75,6,20,9,17,Y6028175,,,,0,30.0,0,0
75,6,20,9,18,Y6028176,,,,0,30.0,0,0
75,6,20,9,19,Y6028177,,,,0,30.0,0,0
75,6,20,9,20,Y6028178,,,,0,30.0,0,0
75,6,20,9,21,Y6028179,,,,0,30.0,0,0
75,6,20,9,22,Y6028180,,,,0,30.0,0,0
75,6,20,9,23,Y6028181,,,,0,30.0,0,0
75,6,20,9,24,Y6028182,,,,0,30.0,0,0
75,6,20,9,25,Y6028183,,,,0,30.0,0,0
75,6,20,9,26,Y6028184,,,,0,30.0,0,0
75,6,20,9,27,Y6028185,,,,0,30.0,0,0
75,6,20,9,28,Y6028186,,,,0,30.0,0,0
75,6,20,9,29,Y6028187,,,,0,30.0,0,0
75,6,20,9,30,Y6028188,,,,0,30.0,0,0
75,6,20,10,10,Y6028189,,,,0,30.0,0,0
75,6,20,10,11,Y6028190,,,,0,30.0,0,0
75,6,20,10,12,Y6028191,,,,0,30.0,0,0
75,6,20,10,13,Y6028192,,,,0,30.0,0,0
75,6,20,10,14,Y6028193,,,,0,30.0,0,0
75,6,20,10,15,Y6028194,,,,0,30.0,0,0
75,6,20,10,16,Y6028195,,,,0,30.0,0,0
75,6,20,10,17,Y6028196,,,,0,30.0,0,0
75,6,20,10,18,Y6028197,,,,0,30.0,0,0
75,6,20,10,19,Y6028198,,,,0,30.0,0,0
75,6,20,10,20,Y6028199,,,,0,30.0,0,0
75,6,20,10,21,Y6028200,,,,0,30.0,0,0
75,6,20,10,22,Y6028201,,,,0,30.0,0,0
75,6,20,10,23,Y6028202,,,,0,30.0,0,0
75,6,20,10,24,Y6028203,,,,0,30.0,0,0
75,6,20,10,25,Y6028204,,,,0,30.0,0,0
75,6,20,10,26,Y6028205,,,,0,30.0,0,0
75,6,20,10,27,Y6028206,,,,0,30.0,0,0
75,6,20,10,28,Y6028207,,,,0,30.0,0,0
75,6,20,10,29,Y6028208,,,,0,30.0,0,0
75,6,20,10,30,Y6028209,,,,0,30.0,0,0
75,6,20,11,10,Y6028210,,,,0,30.0,0,0
75,6,20,11,11,Y6028211,,,,0,30.0,0,0
75,6,20,11,12,Y6028212,,,,0,30.0,0,0
75,6,20,11,13,Y6028213,,,,0,30.0,0,0
75,6,20,11,14,Y6028214,,,,0,30.0,0,0
75,6,20,11,15,Y6028215,,,,0,30.0,0,0
75,6,20,11,16,Y6028216,,,,0,30.0,0,0
75,6,20,11,17,Y6028217,,,,0,30.0,0,0
75,6,20,11,18,Y6028218,,,,0,30.0,0,0
75,6,20,11,19,Y6028219,,,,0,30.0,0,0
75,6,20,11,20,Y6028220,,,,0,30.0,0,0
75,6,20,11,21,Y6028221,,,,0,30.0,0,0
75,6,20,11,22,Y6028222,,,,0,30.0,0,0
75,6,20,11,23,Y6028223,,,,0,30.0,0,0
75,6,20,11,24,Y6028224,,,,0,30.0,0,0
75,6,20,11,25,Y6028225,,,,0,30.0,0,0
75,6,20,11,26,Y6028226,,,,0,30.0,0,0
75,6,20,11,27,Y6028227,,,,0,30.0,0,0
75,6,20,11,28,Y6028228,,,,0,30.0,0,0
75,6,20,11,29,Y6028229,,,,0,30.0,0,0
75,6,20,11,30,Y6028230,,,,0,30.0,0,0
75,6,20,12,10,Y6028231,,,,0,30.0,0,0
75,6,20,12,11,Y6028232,,,,0,30.0,0,0
75,6,20,12,12,Y6028233,,,,0,30.0,0,0
75,6,20,12,13,Y6028234,,,,0,30.0,0,0
75,6,20,12,14,Y6028235,,,,0,30.0,0,0
75,6,20,12,15,Y6028236,,,,0,30.0,0,0
75,6,20,12,16,Y6028237,,,,0,30.0,0,0
75,6,20,12,17,Y6028238,,,,0,30.0,0,0
75,6,20,12,18,Y6028239,,,,0,30.0,0,0
75,6,20,12,19,Y6028240,,,,0,30.0,0,0
75,6,20,12,20,Y6028241,,,,0,30.0,0,0
75,6,20,12,21,Y6028242,,,,0,30.0,0,0
75,6,20,12,22,Y6028243,,,,0,30.0,0,0
75,6,20,12,23,Y6028244,,,,0,30.0,0,0
75,6,20,12,24,Y6028245,,,,0,30.0,0,0
75,6,20,12,25,Y6028246,,,,0,30.0,0,0
75,6,20,12,26,Y6028247,,,,0,30.0,0,0
75,6,20,12,27,Y6028248,,,,0,30.0,0,0
75,6,20,12,28,Y6028249,,,,0,30.0,0,0
75,6,20,12,29,Y6028250,,,,0,30.0,0,0
75,6,20,12,30,Y6028251,,,,0,30.0,0,0
75,6,21,1,10,Y6028252,,,,0,30.0,0,0
75,6,21,1,11,Y6028253,,,,0,30.0,0,0
75,6,21,1,12,Y6028254,,,,0,30.0,0,0
75,6,21,1,13,Y6028255,,,,0,30.0,0,0
75,6,21,1,14,Y6028256,,,,0,30.0,0,2
75,6,21,1,15,Y6028257,,,,0,30.0,0,2
75,6,21,1,16,Y6028258,,,,0,30.0,0,2
75,6,21,1,17,Y6028259,,,,0,30.0,0,2
75,6,21,1,18,Y6028260,,,,0,30.0,0,2
75,6,21,1,19,Y6028261,,,,0,30.0,0,0
75,6,21,1,20,Y6028262,,,,0,30.0,0,0
75,6,21,1,21,Y6028263,,,,0,30.0,0,0
75,6,21,1,22,Y6028264,,,,0,30.0,0,0
75,6,21,1,23,Y6028265,,,,0,30.0,0,0
75,6,21,1,24,Y6028266,,,,0,30.0,0,0
75,6,21,1,25,Y6028267,,,,0,30.0,0,0
75,6,21,1,26,Y6028268,,,,0,30.0,0,0
75,6,21,1,27,Y6028269,,,,0,30.0,0,0
75,6,21,1,28,Y6028270,,,,0,30.0,0,0
75,6,21,1,29,Y6028271,,,,0,30.0,0,0
75,6,21,1,30,Y6028272,,,,0,30.0,0,0
75,6,21,2,10,Y6028273,,,,0,30.0,0,0
75,6,21,2,11,Y6028274,,,,0,30.0,0,0
75,6,21,2,12,Y6028275,,,,0,30.0,0,0
75,6,21,2,13,Y6028276,,,,0,30.0,0,0
75,6,21,2,14,Y6028277,,,,0,30.0,0,2
75,6,21,2,15,Y6028278,,,,0,30.0,0,2
75,6,21,2,16,Y6028279,,,,0,30.0,0,2
75,6,21,2,17,Y6028280,,,,0,30.0,0,2
75,6,21,2,18,Y6028281,,,,0,30.0,0,2
75,6,21,2,19,Y6028282,,,,0,30.0,0,0
75,6,21,2,20,Y6028283,,,,0,30.0,0,0
75,6,21,2,21,Y6028284,,,,0,30.0,0,0
75,6,21,2,22,Y6028285,,,,0,30.0,0,0
75,6,21,2,23,Y6028286,,,,0,30.0,0,0
75,6,21,2,24,Y6028287,,,,0,30.0,0,0
75,6,21,2,25,Y6028288,,,,0,30.0,0,0
75,6,21,2,26,Y6028289,,,,0,30.0,0,0
75,6,21,2,27,Y6028290,,,,0,30.0,0,0
75,6,21,2,28,Y6028291,,,,0,30.0,0,0
75,6,21,2,29,Y6028292,,,,0,30.0,0,0
75,6,21,2,30,Y6028293,,,,0,30.0,0,0
75,6,21,3,10,Y6028294,,,,0,30.0,0,0
75,6,21,3,11,Y6028295,,,,0,30.0,0,0
75,6,21,3,12,Y6028296,,,,0,30.0,0,0
75,6,21,3,13,Y6028297,,,,0,30.0,0,0
75,6,21,3,14,Y6028298,,,,0,30.0,0,0
75,6,21,3,15,Y6028299,,,,0,30.0,0,2
75,6,21,3,16,Y6028300,,,,0,30.0,0,2
75,6,21,3,17,Y6028301,,,,0,30.0,0,2
75,6,21,3,18,Y6028302,,,,0,30.0,0,0
75,6,21,3,19,Y6028303,,,,0,30.0,0,0
75,6,21,3,20,Y6028304,,,,0,30.0,0,0
75,6,21,3,21,Y6028305,,,,0,30.0,0,0
75,6,21,3,22,Y6028306,,,,0,30.0,0,0
75,6,21,3,23,Y6028307,,,,0,30.0,0,0
75,6,21,3,24,Y6028308,,,,0,30.0,0,0
75,6,21,3,25,Y6028309,,,,0,30.0,0,0
75,6,21,3,26,Y6028310,,,,0,30.0,0,0
75,6,21,3,27,Y6028311,,,,0,30.0,0,0
75,6,21,3,28,Y6028312,,,,0,30.0,0,0
75,6,21,3,29,Y6028313,,,,0,30.0,0,0
75,6,21,3,30,Y6028314,,,,0,30.0,0,0
75,6,21,4,10,Y6028315,,,,0,30.0,0,0
75,6,21,4,11,Y6028316,,,,0,30.0,0,0
75,6,21,4,12,Y6028317,,,,0,30.0,0,0
75,6,21,4,13,Y6028318,,,,0,30.0,0,0
75,6,21,4,14,Y6028319,,,,0,30.0,0,0
75,6,21,4,15,Y6028320,,,,0,30.0,0,0
75,6,21,4,16,Y6028321,,,,0,30.0,0,0
75,6,21,4,17,Y6028322,,,,0,30.0,0,0
75,6,21,4,18,Y6028323,,,,0,30.0,0,0
75,6,21,4,19,Y6028324,,,,0,30.0,0,0
75,6,21,4,20,Y6028325,,,,0,30.0,0,0
75,6,21,4,21,Y6028326,,,,0,30.0,0,0
75,6,21,4,22,Y6028327,,,,0,30.0,0,0
75,6,21,4,23,Y6028328,,,,0,30.0,0,0
75,6,21,4,24,Y6028329,,,,0,30.0,0,0
75,6,21,4,25,Y6028330,,,,0,30.0,0,0
75,6,21,4,26,Y6028331,,,,0,30.0,0,0
75,6,21,4,27,Y6028332,,,,0,30.0,0,0
75,6,21,4,28,Y6028333,,,,0,30.0,0,0
75,6,21,4,29,Y6028334,,,,0,30.0,0,0
75,6,21,4,30,Y6028335,,,,0,30.0,0,0
75,6,21,5,10,Y6028336,,,,0,30.0,0,0
75,6,21,5,11,Y6028337,,,,0,30.0,0,0
75,6,21,5,12,Y6028338,,,,0,30.0,0,0
75,6,21,5,13,Y6028339,,,,0,30.0,0,0
75,6,21,5,14,Y6028340,,,,0,30.0,0,0
75,6,21,5,15,Y6028341,,,,0,30.0,0,0
75,6,21,5,16,Y6028342,,,,0,30.0,0,0
75,6,21,5,17,Y6028343,,,,0,30.0,0,0
75,6,21,5,18,Y6028344,,,,0,30.0,0,0
75,6,21,5,19,Y6028345,,,,0,30.0,0,0
75,6,21,5,20,Y6028346,,,,0,30.0,0,0
75,6,21,5,21,Y6028347,,,,0,30.0,0,0
75,6,21,5,22,Y6028348,,,,0,30.0,0,0
75,6,21,5,23,Y6028349,,,,0,30.0,0,0
75,6,21,5,24,Y6028350,,,,0,30.0,0,0
75,6,21,5,25,Y6028351,,,,0,30.0,0,0
75,6,21,5,26,Y6028352,,,,0,30.0,0,0
75,6,21,5,27,Y6028353,,,,0,30.0,0,0
75,6,21,5,28,Y6028354,,,,0,30.0,0,0
75,6,21,5,29,Y6028355,,,,0,30.0,0,0
75,6,21,5,30,Y6028356,,,,0,30.0,0,0
75,6,21,6,10,Y6028357,,,,0,30.0,0,0
75,6,21,6,11,Y6028358,,,,0,30.0,0,0
75,6,21,6,12,Y6028359,,,,0,30.0,0,0
75,6,21,6,13,Y6028360,,,,0,30.0,0,0
75,6,21,6,14,Y6028361,,,,0,30.0,0,0
75,6,21,6,15,Y6028362,,,,0,30.0,0,0
75,6,21,6,16,Y6028363,,,,0,30.0,0,0
75,6,21,6,17,Y6028364,,,,0,30.0,0,0
75,6,21,6,18,Y6028365,,,,0,30.0,0,0
75,6,21,6,19,Y6028366,,,,0,30.0,0,0
75,6,21,6,20,Y6028367,,,,0,30.0,0,0
75,6,21,6,21,Y6028368,,,,0,30.0,0,0
75,6,21,6,22,Y6028369,,,,0,30.0,0,0
75,6,21,6,23,Y6028370,,,,0,30.0,0,0
75,6,21,6,24,Y6028371,,,,0,30.0,0,0
75,6,21,6,25,Y6028372,,,,0,30.0,0,0
75,6,21,6,26,Y6028373,,,,0,30.0,0,0
75,6,21,6,27,Y6028374,,,,0,30.0,0,0
75,6,21,6,28,Y6028375,,,,0,30.0,0,0
75,6,21,6,29,Y6028376,,,,0,30.0,0,0
75,6,21,6,30,Y6028377,,,,0,30.0,0,0
75,6,21,7,10,Y6028378,,,,0,30.0,0,0
75,6,21,7,11,Y6028379,,,,0,30.0,0,0
75,6,21,7,12,Y6028380,,,,0,30.0,0,0
75,6,21,7,13,Y6028381,,,,0,30.0,0,0
75,6,21,7,14,Y6028382,,,,0,30.0,0,0
75,6,21,7,15,Y6028383,,,,0,30.0,0,0
75,6,21,7,16,Y6028384,,,,0,30.0,0,0
75,6,21,7,17,Y6028385,,,,0,30.0,0,0
75,6,21,7,18,Y6028386,,,,0,30.0,0,0
75,6,21,7,19,Y6028387,,,,0,30.0,0,0
75,6,21,7,20,Y6028388,,,,0,30.0,0,0
75,6,21,7,21,Y6028389,,,,0,30.0,0,0
75,6,21,7,22,Y6028390,,,,0,30.0,0,0
75,6,21,7,23,Y6028391,,,,0,30.0,0,0
75,6,21,7,24,Y6028392,,,,0,30.0,0,0
75,6,21,7,25,Y6028393,,,,0,30.0,0,0
75,6,21,7,26,Y6028394,,,,0,30.0,0,0
75,6,21,7,27,Y6028395,,,,0,30.0,0,0
75,6,21,7,28,Y6028396,,,,0,30.0,0,0
75,6,21,7,29,Y6028397,,,,0,30.0,0,0
75,6,21,7,30,Y6028398,,,,0,30.0,0,0
75,6,21,8,10,Y6028399,,,,0,30.0,0,0
75,6,21,8,11,Y6028400,,,,0,30.0,0,0
75,6,21,8,12,Y6028401,,,,0,30.0,0,0
75,6,21,8,13,Y6028402,,,,0,30.0,0,0
75,6,21,8,14,Y6028403,,,,0,30.0,0,0
75,6,21,8,15,Y6028404,,,,0,30.0,0,0
75,6,21,8,16,Y6028405,,,,0,30.0,0,0
75,6,21,8,17,Y6028406,,,,0,30.0,0,0
75,6,21,8,18,Y6028407,,,,0,30.0,0,0
75,6,21,8,19,Y6028408,,,,0,30.0,0,0
75,6,21,8,20,Y6028409,,,,0,30.0,0,0
75,6,21,8,21,Y6028410,,,,0,30.0,0,0
75,6,21,8,22,Y6028411,,,,0,30.0,0,0
75,6,21,8,23,Y6028412,,,,0,30.0,0,0
75,6,21,8,24,Y6028413,,,,0,30.0,0,0
75,6,21,8,25,Y6028414,,,,0,30.0,0,0
75,6,21,8,26,Y6028415,,,,0,30.0,0,0
75,6,21,8,27,Y6028416,,,,0,30.0,0,0
75,6,21,8,28,Y6028417,,,,0,30.0,0,0
75,6,21,8,29,Y6028418,,,,0,30.0,0,0
75,6,21,8,30,Y6028419,,,,0,30.0,0,0
75,6,21,9,10,Y6028420,,,,0,30.0,0,0
75,6,21,9,11,Y6028421,,,,0,30.0,0,0
75,6,21,9,12,Y6028422,,,,0,30.0,0,0
75,6,21,9,13,Y6028423,,,,0,30.0,0,0
75,6,21,9,14,Y6028424,,,,0,30.0,0,0
75,6,21,9,15,Y6028425,,,,0,30.0,0,0
75,6,21,9,16,Y6028426,,,,0,30.0,0,0
75,6,21,9,17,Y6028427,,,,0,30.0,0,0
75,6,21,9,18,Y6028428,,,,0,30.0,0,0
75,6,21,9,19,Y6028429,,,,0,30.0,0,0
75,6,21,9,20,Y6028430,,,,0,30.0,0,0
75,6,21,9,21,Y6028431,,,,0,30.0,0,0
75,6,21,9,22,Y6028432,,,,0,30.0,0,0
75,6,21,9,23,Y6028433,,,,0,30.0,0,0
75,6,21,9,24,Y6028434,,,,0,30.0,0,0
75,6,21,9,25,Y6028435,,,,0,30.0,0,0
75,6,21,9,26,Y6028436,,,,0,30.0,0,0
75,6,21,9,27,Y6028437,,,,0,30.0,0,0
75,6,21,9,28,Y6028438,,,,0,30.0,0,0
75,6,21,9,29,Y6028439,,,,0,30.0,0,0
75,6,21,9,30,Y6028440,,,,0,30.0,0,0
75,6,21,10,10,Y6028441,,,,0,30.0,0,0
75,6,21,10,11,Y6028442,,,,0,30.0,0,0
75,6,21,10,12,Y6028443,,,,0,30.0,0,0
75,6,21,10,13,Y6028444,,,,0,30.0,0,0
75,6,21,10,14,Y6028445,,,,0,30.0,0,0
75,6,21,10,15,Y6028446,,,,0,30.0,0,0
75,6,21,10,16,Y6028447,,,,0,30.0,0,0
75,6,21,10,17,Y6028448,,,,0,30.0,0,0
75,6,21,10,18,Y6028449,,,,0,30.0,0,0
75,6,21,10,19,Y6028450,,,,0,30.0,0,0
75,6,21,10,20,Y6028451,,,,0,30.0,0,0
75,6,21,10,21,Y6028452,,,,0,30.0,0,0
75,6,21,10,22,Y6028453,,,,0,30.0,0,0
75,6,21,10,23,Y6028454,,,,0,30.0,0,0
75,6,21,10,24,Y6028455,,,,0,30.0,0,0
75,6,21,10,25,Y6028456,,,,0,30.0,0,0
75,6,21,10,26,Y6028457,,,,0,30.0,0,0
75,6,21,10,27,Y6028458,,,,0,30.0,0,0
75,6,21,10,28,Y6028459,,,,0,30.0,0,0
75,6,21,10,29,Y6028460,,,,0,30.0,0,0
75,6,21,10,30,Y6028461,,,,0,30.0,0,0
75,6,21,11,10,Y6028462,,,,0,30.0,0,0
75,6,21,11,11,Y6028463,,,,0,30.0,0,0
75,6,21,11,12,Y6028464,,,,0,30.0,0,0
75,6,21,11,13,Y6028465,,,,0,30.0,0,0
75,6,21,11,14,Y6028466,,,,0,30.0,0,0
75,6,21,11,15,Y6028467,,,,0,30.0,0,0
75,6,21,11,16,Y6028468,,,,0,30.0,0,0
75,6,21,11,17,Y6028469,,,,0,30.0,0,0
75,6,21,11,18,Y6028470,,,,0,30.0,0,0
75,6,21,11,19,Y6028471,,,,0,30.0,0,0
75,6,21,11,20,Y6028472,,,,0,30.0,0,0
75,6,21,11,21,Y6028473,,,,0,30.0,0,0
75,6,21,11,22,Y6028474,,,,0,30.0,0,0
75,6,21,11,23,Y6028475,,,,0,30.0,0,0
75,6,21,11,24,Y6028476,,,,0,30.0,0,0
75,6,21,11,25,Y6028477,,,,0,30.0,0,0
75,6,21,11,26,Y6028478,,,,0,30.0,0,0
75,6,21,11,27,Y6028479,,,,0,30.0,0,0
75,6,21,11,28,Y6028480,,,,0,30.0,0,0
75,6,21,11,29,Y6028481,,,,0,30.0,0,0
75,6,21,11,30,Y6028482,,,,0,30.0,0,0
75,6,21,12,10,Y6028483,,,,0,30.0,0,0
75,6,21,12,11,Y6028484,,,,0,30.0,0,0
75,6,21,12,12,Y6028485,,,,0,30.0,0,0
75,6,21,12,13,Y6028486,,,,0,30.0,0,0
75,6,21,12,14,Y6028487,,,,0,30.0,0,0
75,6,21,12,15,Y6028488,,,,0,30.0,0,0
75,6,21,12,16,Y6028489,,,,0,30.0,0,0
75,6,21,12,17,Y6028490,,,,0,30.0,0,0
75,6,21,12,18,Y6028491,,,,0,30.0,0,0
75,6,21,12,19,Y6028492,,,,0,30.0,0,0
75,6,21,12,20,Y6028493,,,,0,30.0,0,0
75,6,21,12,21,Y6028494,,,,0,30.0,0,0
75,6,21,12,22,Y6028495,,,,0,30.0,0,0
75,6,21,12,23,Y6028496,,,,0,30.0,0,0
75,6,21,12,24,Y6028497,,,,0,30.0,0,0
75,6,21,12,25,Y6028498,,,,0,30.0,0,0
75,6,21,12,26,Y6028499,,,,0,30.0,0,0
75,6,21,12,27,Y6028500,,,,0,30.0,0,0
75,6,21,12,28,Y6028501,,,,0,30.0,0,0
75,6,21,12,29,Y6028502,,,,0,30.0,0,0
75,6,21,12,30,Y6028503,,,,0,30.0,0,0
75,6,22,1,10,Y6028504,,,,0,30.0,0,0
75,6,22,1,11,Y6028505,,,,0,30.0,0,0
75,6,22,1,12,Y6028506,,,,0,30.0,0,0
75,6,22,1,13,Y6028507,,,,0,30.0,0,0
75,6,22,1,14,Y6028508,,,,0,30.0,0,2
75,6,22,1,15,Y6028509,,,,0,30.0,0,1
75,6,22,1,16,Y6028510,,,,0,30.0,0,1
75,6,22,1,17,Y6028511,,,,0,30.0,0,1
75,6,22,1,18,Y6028512,,,,0,30.0,0,2
75,6,22,1,19,Y6028513,,,,0,30.0,0,0
75,6,22,1,20,Y6028514,,,,0,30.0,0,0
75,6,22,1,21,Y6028515,,,,0,30.0,0,0
75,6,22,1,22,Y6028516,,,,0,30.0,0,0
75,6,22,1,23,Y6028517,,,,0,30.0,0,0
75,6,22,1,24,Y6028518,,,,0,30.0,0,0
75,6,22,1,25,Y6028519,,,,0,30.0,0,0
75,6,22,1,26,Y6028520,,,,0,30.0,0,0
75,6,22,1,27,Y6028521,,,,0,30.0,0,0
75,6,22,1,28,Y6028522,,,,0,30.0,0,0
75,6,22,1,29,Y6028523,,,,0,30.0,0,0
75,6,22,1,30,Y6028524,,,,0,30.0,0,0
75,6,22,2,10,Y6028525,,,,0,30.0,0,0
75,6,22,2,11,Y6028526,,,,0,30.0,0,0
75,6,22,2,12,Y6028527,,,,0,30.0,0,0
75,6,22,2,13,Y6028528,,,,0,30.0,0,0
75,6,22,2,14,Y6028529,,,,0,30.0,0,2
75,6,22,2,15,Y6028530,,,,0,30.0,0,1
75,6,22,2,16,Y6028531,,,,0,30.0,0,1
75,6,22,2,17,Y6028532,,,,0,30.0,0,1
75,6,22,2,18,Y6028533,,,,0,30.0,0,2
75,6,22,2,19,Y6028534,,,,0,30.0,0,0
75,6,22,2,20,Y6028535,,,,0,30.0,0,0
75,6,22,2,21,Y6028536,,,,0,30.0,0,0
75,6,22,2,22,Y6028537,,,,0,30.0,0,0
75,6,22,2,23,Y6028538,,,,0,30.0,0,0
75,6,22,2,24,Y6028539,,,,0,30.0,0,0
75,6,22,2,25,Y6028540,,,,0,30.0,0,0
75,6,22,2,26,Y6028541,,,,0,30.0,0,0
75,6,22,2,27,Y6028542,,,,0,30.0,0,0
75,6,22,2,28,Y6028543,,,,0,30.0,0,0
75,6,22,2,29,Y6028544,,,,0,30.0,0,0
75,6,22,2,30,Y6028545,,,,0,30.0,0,0
75,6,22,3,10,Y6028546,,,,0,30.0,0,0
75,6,22,3,11,Y6028547,,,,0,30.0,0,0
75,6,22,3,12,Y6028548,,,,0,30.0,0,0
75,6,22,3,13,Y6028549,,,,0,30.0,0,0
75,6,22,3,14,Y6028550,,,,0,30.0,0,2
75,6,22,3,15,Y6028551,,,,0,30.0,0,2
75,6,22,3,16,Y6028552,,,,0,30.0,0,2
75,6,22,3,17,Y6028553,,,,0,30.0,0,2
75,6,22,3,18,Y6028554,,,,0,30.0,0,2
75,6,22,3,19,Y6028555,,,,0,30.0,0,0
75,6,22,3,20,Y6028556,,,,0,30.0,0,0
75,6,22,3,21,Y6028557,,,,0,30.0,0,0
75,6,22,3,22,Y6028558,,,,0,30.0,0,0
75,6,22,3,23,Y6028559,,,,0,30.0,0,0
75,6,22,3,24,Y6028560,,,,0,30.0,0,0
75,6,22,3,25,Y6028561,,,,0,30.0,0,0
75,6,22,3,26,Y6028562,,,,0,30.0,0,0
75,6,22,3,27,Y6028563,,,,0,30.0,0,0
75,6,22,3,28,Y6028564,,,,0,30.0,0,0
75,6,22,3,29,Y6028565,,,,0,30.0,0,0
75,6,22,3,30,Y6028566,,,,0,30.0,0,0
75,6,22,4,10,Y6028567,,,,0,30.0,0,0
75,6,22,4,11,Y6028568,,,,0,30.0,0,0
75,6,22,4,12,Y6028569,,,,0,30.0,0,0
75,6,22,4,13,Y6028570,,,,0,30.0,0,0
75,6,22,4,14,Y6028571,,,,0,30.0,0,0
75,6,22,4,15,Y6028572,,,,0,30.0,0,0
75,6,22,4,16,Y6028573,,,,0,30.0,0,0
75,6,22,4,17,Y6028574,,,,0,30.0,0,0
75,6,22,4,18,Y6028575,,,,0,30.0,0,0
75,6,22,4,19,Y6028576,,,,0,30.0,0,0
75,6,22,4,20,Y6028577,,,,0,30.0,0,0
75,6,22,4,21,Y6028578,,,,0,30.0,0,0
75,6,22,4,22,Y6028579,,,,0,30.0,0,0
75,6,22,4,23,Y6028580,,,,0,30.0,0,0
75,6,22,4,24,Y6028581,,,,0,30.0,0,0
75,6,22,4,25,Y6028582,,,,0,30.0,0,0
75,6,22,4,26,Y6028583,,,,0,30.0,0,0
75,6,22,4,27,Y6028584,,,,0,30.0,0,0
75,6,22,4,28,Y6028585,,,,0,30.0,0,0
75,6,22,4,29,Y6028586,,,,0,30.0,0,0
75,6,22,4,30,Y6028587,,,,0,30.0,0,0
75,6,22,5,10,Y6028588,,,,0,30.0,0,0
75,6,22,5,11,Y6028589,,,,0,30.0,0,0
75,6,22,5,12,Y6028590,,,,0,30.0,0,0
75,6,22,5,13,Y6028591,,,,0,30.0,0,0
75,6,22,5,14,Y6028592,,,,0,30.0,0,0
75,6,22,5,15,Y6028593,,,,0,30.0,0,0
75,6,22,5,16,Y6028594,,,,0,30.0,0,0
75,6,22,5,17,Y6028595,,,,0,30.0,0,0
75,6,22,5,18,Y6028596,,,,0,30.0,0,0
75,6,22,5,19,Y6028597,,,,0,30.0,0,0
75,6,22,5,20,Y6028598,,,,0,30.0,0,0
75,6,22,5,21,Y6028599,,,,0,30.0,0,0
75,6,22,5,22,Y6028600,,,,0,30.0,0,0
75,6,22,5,23,Y6028601,,,,0,30.0,0,0
75,6,22,5,24,Y6028602,,,,0,30.0,0,0
75,6,22,5,25,Y6028603,,,,0,30.0,0,0
75,6,22,5,26,Y6028604,,,,0,30.0,0,0
75,6,22,5,27,Y6028605,,,,0,30.0,0,0
75,6,22,5,28,Y6028606,,,,0,30.0,0,0
75,6,22,5,29,Y6028607,,,,0,30.0,0,0
75,6,22,5,30,Y6028608,,,,0,30.0,0,0
75,6,22,6,10,Y6028609,,,,0,30.0,0,0
75,6,22,6,11,Y6028610,,,,0,30.0,0,0
75,6,22,6,12,Y6028611,,,,0,30.0,0,0
75,6,22,6,13,Y6028612,,,,0,30.0,0,0
75,6,22,6,14,Y6028613,,,,0,30.0,0,0
75,6,22,6,15,Y6028614,,,,0,30.0,0,0
75,6,22,6,16,Y6028615,,,,0,30.0,0,0
75,6,22,6,17,Y6028616,,,,0,30.0,0,0
75,6,22,6,18,Y6028617,,,,0,30.0,0,0
75,6,22,6,19,Y6028618,,,,0,30.0,0,0
75,6,22,6,20,Y6028619,,,,0,30.0,0,0
75,6,22,6,21,Y6028620,,,,0,30.0,0,0
75,6,22,6,22,Y6028621,,,,0,30.0,0,0
75,6,22,6,23,Y6028622,,,,0,30.0,0,0
75,6,22,6,24,Y6028623,,,,0,30.0,0,0
75,6,22,6,25,Y6028624,,,,0,30.0,0,0
75,6,22,6,26,Y6028625,,,,0,30.0,0,0
75,6,22,6,27,Y6028626,,,,0,30.0,0,0
75,6,22,6,28,Y6028627,,,,0,30.0,0,0
75,6,22,6,29,Y6028628,,,,0,30.0,0,0
75,6,22,6,30,Y6028629,,,,0,30.0,0,0
75,6,22,7,10,Y6028630,,,,0,30.0,0,0
75,6,22,7,11,Y6028631,,,,0,30.0,0,0
75,6,22,7,12,Y6028632,,,,0,30.0,0,0
75,6,22,7,13,Y6028633,,,,0,30.0,0,0
75,6,22,7,14,Y6028634,,,,0,30.0,0,0
75,6,22,7,15,Y6028635,,,,0,30.0,0,0
75,6,22,7,16,Y6028636,,,,0,30.0,0,0
75,6,22,7,17,Y6028637,,,,0,30.0,0,0
75,6,22,7,18,Y6028638,,,,0,30.0,0,0
75,6,22,7,19,Y6028639,,,,0,30.0,0,0
75,6,22,7,20,Y6028640,,,,0,30.0,0,0
75,6,22,7,21,Y6028641,,,,0,30.0,0,0
75,6,22,7,22,Y6028642,,,,0,30.0,0,0
75,6,22,7,23,Y6028643,,,,0,30.0,0,0
75,6,22,7,24,Y6028644,,,,0,30.0,0,0
75,6,22,7,25,Y6028645,,,,0,30.0,0,0
75,6,22,7,26,Y6028646,,,,0,30.0,0,0
75,6,22,7,27,Y6028647,,,,0,30.0,0,0
75,6,22,7,28,Y6028648,,,,0,30.0,0,0
75,6,22,7,29,Y6028649,,,,0,30.0,0,0
75,6,22,7,30,Y6028650,,,,0,30.0,0,0
75,6,22,8,10,Y6028651,,,,0,30.0,0,0
75,6,22,8,11,Y6028652,,,,0,30.0,0,0
75,6,22,8,12,Y6028653,,,,0,30.0,0,0
75,6,22,8,13,Y6028654,,,,0,30.0,0,0
75,6,22,8,14,Y6028655,,,,0,30.0,0,0
75,6,22,8,15,Y6028656,,,,0,30.0,0,0
75,6,22,8,16,Y6028657,,,,0,30.0,0,0
75,6,22,8,17,Y6028658,,,,0,30.0,0,0
75,6,22,8,18,Y6028659,,,,0,30.0,0,0
75,6,22,8,19,Y6028660,,,,0,30.0,0,0
75,6,22,8,20,Y6028661,,,,0,30.0,0,0
75,6,22,8,21,Y6028662,,,,0,30.0,0,0
75,6,22,8,22,Y6028663,,,,0,30.0,0,0
75,6,22,8,23,Y6028664,,,,0,30.0,0,0
75,6,22,8,24,Y6028665,,,,0,30.0,0,0
75,6,22,8,25,Y6028666,,,,0,30.0,0,0
75,6,22,8,26,Y6028667,,,,0,30.0,0,0
75,6,22,8,27,Y6028668,,,,0,30.0,0,0
75,6,22,8,28,Y6028669,,,,0,30.0,0,0
75,6,22,8,29,Y6028670,,,,0,30.0,0,0
75,6,22,8,30,Y6028671,,,,0,30.0,0,0
75,6,22,9,10,Y6028672,,,,0,30.0,0,0
75,6,22,9,11,Y6028673,,,,0,30.0,0,0
75,6,22,9,12,Y6028674,,,,0,30.0,0,0
75,6,22,9,13,Y6028675,,,,0,30.0,0,0
75,6,22,9,14,Y6028676,,,,0,30.0,0,0
75,6,22,9,15,Y6028677,,,,0,30.0,0,0
75,6,22,9,16,Y6028678,,,,0,30.0,0,0
75,6,22,9,17,Y6028679,,,,0,30.0,0,0
75,6,22,9,18,Y6028680,,,,0,30.0,0,0
75,6,22,9,19,Y6028681,,,,0,30.0,0,0
75,6,22,9,20,Y6028682,,,,0,30.0,0,0
75,6,22,9,21,Y6028683,,,,0,30.0,0,0
75,6,22,9,22,Y6028684,,,,0,30.0,0,0
75,6,22,9,23,Y6028685,,,,0,30.0,0,0
75,6,22,9,24,Y6028686,,,,0,30.0,0,0
75,6,22,9,25,Y6028687,,,,0,30.0,0,0
75,6,22,9,26,Y6028688,,,,0,30.0,0,0
75,6,22,9,27,Y6028689,,,,0,30.0,0,0
75,6,22,9,28,Y6028690,,,,0,30.0,0,0
75,6,22,9,29,Y6028691,,,,0,30.0,0,0
75,6,22,9,30,Y6028692,,,,0,30.0,0,0
75,6,22,10,10,Y6028693,,,,0,30.0,0,0
75,6,22,10,11,Y6028694,,,,0,30.0,0,0
75,6,22,10,12,Y6028695,,,,0,30.0,0,0
75,6,22,10,13,Y6028696,,,,0,30.0,0,0
75,6,22,10,14,Y6028697,,,,0,30.0,0,0
75,6,22,10,15,Y6028698,,,,0,30.0,0,0
75,6,22,10,16,Y6028699,,,,0,30.0,0,0
75,6,22,10,17,Y6028700,,,,0,30.0,0,0
75,6,22,10,18,Y6028701,,,,0,30.0,0,0
75,6,22,10,19,Y6028702,,,,0,30.0,0,0
75,6,22,10,20,Y6028703,,,,0,30.0,0,0
75,6,22,10,21,Y6028704,,,,0,30.0,0,0
75,6,22,10,22,Y6028705,,,,0,30.0,0,0
75,6,22,10,23,Y6028706,,,,0,30.0,0,0
75,6,22,10,24,Y6028707,,,,0,30.0,0,0
75,6,22,10,25,Y6028708,,,,0,30.0,0,0
75,6,22,10,26,Y6028709,,,,0,30.0,0,0
75,6,22,10,27,Y6028710,,,,0,30.0,0,0
75,6,22,10,28,Y6028711,,,,0,30.0,0,0
75,6,22,10,29,Y6028712,,,,0,30.0,0,0
75,6,22,10,30,Y6028713,,,,0,30.0,0,0
75,6,22,11,10,Y6028714,,,,0,30.0,0,0
75,6,22,11,11,Y6028715,,,,0,30.0,0,0
75,6,22,11,12,Y6028716,,,,0,30.0,0,0
75,6,22,11,13,Y6028717,,,,0,30.0,0,0
75,6,22,11,14,Y6028718,,,,0,30.0,0,0
75,6,22,11,15,Y6028719,,,,0,30.0,0,0
75,6,22,11,16,Y6028720,,,,0,30.0,0,0
75,6,22,11,17,Y6028721,,,,0,30.0,0,0
75,6,22,11,18,Y6028722,,,,0,30.0,0,0
75,6,22,11,19,Y6028723,,,,0,30.0,0,0
75,6,22,11,20,Y6028724,,,,0,30.0,0,0
75,6,22,11,21,Y6028725,,,,0,30.0,0,0
75,6,22,11,22,Y6028726,,,,0,30.0,0,0
75,6,22,11,23,Y6028727,,,,0,30.0,0,0
75,6,22,11,24,Y6028728,,,,0,30.0,0,0
75,6,22,11,25,Y6028729,,,,0,30.0,0,0
75,6,22,11,26,Y6028730,,,,0,30.0,0,0
75,6,22,11,27,Y6028731,,,,0,30.0,0,0
75,6,22,11,28,Y6028732,,,,0,30.0,0,0
75,6,22,11,29,Y6028733,,,,0,30.0,0,0
75,6,22,11,30,Y6028734,,,,0,30.0,0,0
75,6,22,12,10,Y6028735,,,,0,30.0,0,0
75,6,22,12,11,Y6028736,,,,0,30.0,0,0
75,6,22,12,12,Y6028737,,,,0,30.0,0,0
75,6,22,12,13,Y6028738,,,,0,30.0,0,0
75,6,22,12,14,Y6028739,,,,0,30.0,0,0
75,6,22,12,15,Y6028740,,,,0,30.0,0,0
75,6,22,12,16,Y6028741,,,,0,30.0,0,0
75,6,22,12,17,Y6028742,,,,0,30.0,0,0
75,6,22,12,18,Y6028743,,,,0,30.0,0,0
75,6,22,12,19,Y6028744,,,,0,30.0,0,0
75,6,22,12,20,Y6028745,,,,0,30.0,0,0
75,6,22,12,21,Y6028746,,,,0,30.0,0,0
75,6,22,12,22,Y6028747,,,,0,30.0,0,0
75,6,22,12,23,Y6028748,,,,0,30.0,0,0
75,6,22,12,24,Y6028749,,,,0,30.0,0,0
75,6,22,12,25,Y6028750,,,,0,30.0,0,0
75,6,22,12,26,Y6028751,,,,0,30.0,0,0
75,6,22,12,27,Y6028752,,,,0,30.0,0,0
75,6,22,12,28,Y6028753,,,,0,30.0,0,0
75,6,22,12,29,Y6028754,,,,0,30.0,0,0
75,6,22,12,30,Y6028755,,,,0,30.0,0,0
75,6,23,1,10,Y6028756,,,,0,30.0,0,0
75,6,23,1,11,Y6028757,,,,0,30.0,0,0
75,6,23,1,12,Y6028758,,,,0,30.0,0,0
75,6,23,1,13,Y6028759,,,,0,30.0,0,0
75,6,23,1,14,Y6028760,,,,0,30.0,0,2
75,6,23,1,15,Y6028761,,,,0,30.0,0,1
75,6,23,1,16,Y6028762,,,,0,30.0,0,1
75,6,23,1,17,Y6028763,,,,0,30.0,0,1
75,6,23,1,18,Y6028764,,,,0,30.0,0,2
75,6,23,1,19,Y6028765,,,,0,30.0,0,0
75,6,23,1,20,Y6028766,,,,0,30.0,0,0
75,6,23,1,21,Y6028767,,,,0,30.0,0,0
75,6,23,1,22,Y6028768,,,,0,30.0,0,0
75,6,23,1,23,Y6028769,,,,0,30.0,0,0
75,6,23,1,24,Y6028770,,,,0,30.0,0,0
75,6,23,1,25,Y6028771,,,,0,30.0,0,0
75,6,23,1,26,Y6028772,,,,0,30.0,0,0
75,6,23,1,27,Y6028773,,,,0,30.0,0,0
75,6,23,1,28,Y6028774,,,,0,30.0,0,0
75,6,23,1,29,Y6028775,,,,0,30.0,0,0
75,6,23,1,30,Y6028776,,,,0,30.0,0,0
75,6,23,2,10,Y6028777,,,,0,30.0,0,0
75,6,23,2,11,Y6028778,,,,0,30.0,0,0
75,6,23,2,12,Y6028779,,,,0,30.0,0,0
75,6,23,2,13,Y6028780,,,,0,30.0,0,0
75,6,23,2,14,Y6028781,,,,0,30.0,0,2
75,6,23,2,15,Y6028782,,,,0,30.0,0,1
75,6,23,2,16,Y6028783,,,,0,30.0,0,1
75,6,23,2,17,Y6028784,,,,0,30.0,0,1
75,6,23,2,18,Y6028785,,,,0,30.0,0,2
75,6,23,2,19,Y6028786,,,,0,30.0,0,0
75,6,23,2,20,Y6028787,,,,0,30.0,0,0
75,6,23,2,21,Y6028788,,,,0,30.0,0,0
75,6,23,2,22,Y6028789,,,,0,30.0,0,0
75,6,23,2,23,Y6028790,,,,0,30.0,0,0
75,6,23,2,24,Y6028791,,,,0,30.0,0,0
75,6,23,2,25,Y6028792,,,,0,30.0,0,0
75,6,23,2,26,Y6028793,,,,0,30.0,0,0
75,6,23,2,27,Y6028794,,,,0,30.0,0,0
75,6,23,2,28,Y6028795,,,,0,30.0,0,0
75,6,23,2,29,Y6028796,,,,0,30.0,0,0
75,6,23,2,30,Y6028797,,,,0,30.0,0,0
75,6,23,3,10,Y6028798,,,,0,30.0,0,0
75,6,23,3,11,Y6028799,,,,0,30.0,0,0
75,6,23,3,12,Y6028800,,,,0,30.0,0,0
75,6,23,3,13,Y6028801,,,,0,30.0,0,0
75,6,23,3,14,Y6028802,,,,0,30.0,0,2
75,6,23,3,15,Y6028803,,,,0,30.0,0,2
75,6,23,3,16,Y6028804,,,,0,30.0,0,2
75,6,23,3,17,Y6028805,,,,0,30.0,0,2
75,6,23,3,18,Y6028806,,,,0,30.0,0,2
75,6,23,3,19,Y6028807,,,,0,30.0,0,0
75,6,23,3,20,Y6028808,,,,0,30.0,0,0
75,6,23,3,21,Y6028809,,,,0,30.0,0,0
75,6,23,3,22,Y6028810,,,,0,30.0,0,0
75,6,23,3,23,Y6028811,,,,0,30.0,0,0
75,6,23,3,24,Y6028812,,,,0,30.0,0,0
75,6,23,3,25,Y6028813,,,,0,30.0,0,0
75,6,23,3,26,Y6028814,,,,0,30.0,0,0
75,6,23,3,27,Y6028815,,,,0,30.0,0,0
75,6,23,3,28,Y6028816,,,,0,30.0,0,0
75,6,23,3,29,Y6028817,,,,0,30.0,0,0
75,6,23,3,30,Y6028818,,,,0,30.0,0,0
75,6,23,4,10,Y6028819,,,,0,30.0,0,0
75,6,23,4,11,Y6028820,,,,0,30.0,0,0
75,6,23,4,12,Y6028821,,,,0,30.0,0,0
75,6,23,4,13,Y6028822,,,,0,30.0,0,0
75,6,23,4,14,Y6028823,,,,0,30.0,0,0
75,6,23,4,15,Y6028824,,,,0,30.0,0,0
75,6,23,4,16,Y6028825,,,,0,30.0,0,0
75,6,23,4,17,Y6028826,,,,0,30.0,0,0
75,6,23,4,18,Y6028827,,,,0,30.0,0,0
75,6,23,4,19,Y6028828,,,,0,30.0,0,0
75,6,23,4,20,Y6028829,,,,0,30.0,0,0
75,6,23,4,21,Y6028830,,,,0,30.0,0,0
75,6,23,4,22,Y6028831,,,,0,30.0,0,0
75,6,23,4,23,Y6028832,,,,0,30.0,0,0
75,6,23,4,24,Y6028833,,,,0,30.0,0,0
75,6,23,4,25,Y6028834,,,,0,30.0,0,0
75,6,23,4,26,Y6028835,,,,0,30.0,0,0
75,6,23,4,27,Y6028836,,,,0,30.0,0,0
75,6,23,4,28,Y6028837,,,,0,30.0,0,0
75,6,23,4,29,Y6028838,,,,0,30.0,0,0
75,6,23,4,30,Y6028839,,,,0,30.0,0,0
75,6,23,5,10,Y6028840,,,,0,30.0,0,0
75,6,23,5,11,Y6028841,,,,0,30.0,0,0
75,6,23,5,12,Y6028842,,,,0,30.0,0,0
75,6,23,5,13,Y6028843,,,,0,30.0,0,0
75,6,23,5,14,Y6028844,,,,0,30.0,0,0
75,6,23,5,15,Y6028845,,,,0,30.0,0,0
75,6,23,5,16,Y6028846,,,,0,30.0,0,0
75,6,23,5,17,Y6028847,,,,0,30.0,0,0
75,6,23,5,18,Y6028848,,,,0,30.0,0,0
75,6,23,5,19,Y6028849,,,,0,30.0,0,0
75,6,23,5,20,Y6028850,,,,0,30.0,0,0
75,6,23,5,21,Y6028851,,,,0,30.0,0,0
75,6,23,5,22,Y6028852,,,,0,30.0,0,0
75,6,23,5,23,Y6028853,,,,0,30.0,0,0
75,6,23,5,24,Y6028854,,,,0,30.0,0,0
75,6,23,5,25,Y6028855,,,,0,30.0,0,0
75,6,23,5,26,Y6028856,,,,0,30.0,0,0
75,6,23,5,27,Y6028857,,,,0,30.0,0,0
75,6,23,5,28,Y6028858,,,,0,30.0,0,0
75,6,23,5,29,Y6028859,,,,0,30.0,0,0
75,6,23,5,30,Y6028860,,,,0,30.0,0,0
75,6,23,6,10,Y6028861,,,,0,30.0,0,0
75,6,23,6,11,Y6028862,,,,0,30.0,0,0
75,6,23,6,12,Y6028863,,,,0,30.0,0,0
75,6,23,6,13,Y6028864,,,,0,30.0,0,0
75,6,23,6,14,Y6028865,,,,0,30.0,0,0
75,6,23,6,15,Y6028866,,,,0,30.0,0,0
75,6,23,6,16,Y6028867,,,,0,30.0,0,0
75,6,23,6,17,Y6028868,,,,0,30.0,0,0
75,6,23,6,18,Y6028869,,,,0,30.0,0,0
75,6,23,6,19,Y6028870,,,,0,30.0,0,0
75,6,23,6,20,Y6028871,,,,0,30.0,0,0
75,6,23,6,21,Y6028872,,,,0,30.0,0,0
75,6,23,6,22,Y6028873,,,,0,30.0,0,0
75,6,23,6,23,Y6028874,,,,0,30.0,0,0
75,6,23,6,24,Y6028875,,,,0,30.0,0,0
75,6,23,6,25,Y6028876,,,,0,30.0,0,0
75,6,23,6,26,Y6028877,,,,0,30.0,0,0
75,6,23,6,27,Y6028878,,,,0,30.0,0,0
75,6,23,6,28,Y6028879,,,,0,30.0,0,0
75,6,23,6,29,Y6028880,,,,0,30.0,0,0
75,6,23,6,30,Y6028881,,,,0,30.0,0,0
75,6,23,7,10,Y6028882,,,,0,30.0,0,0
75,6,23,7,11,Y6028883,,,,0,30.0,0,0
75,6,23,7,12,Y6028884,,,,0,30.0,0,0
75,6,23,7,13,Y6028885,,,,0,30.0,0,0
75,6,23,7,14,Y6028886,,,,0,30.0,0,0
75,6,23,7,15,Y6028887,,,,0,30.0,0,0
75,6,23,7,16,Y6028888,,,,0,30.0,0,0
75,6,23,7,17,Y6028889,,,,0,30.0,0,0
75,6,23,7,18,Y6028890,,,,0,30.0,0,0
75,6,23,7,19,Y6028891,,,,0,30.0,0,0
75,6,23,7,20,Y6028892,,,,0,30.0,0,0
75,6,23,7,21,Y6028893,,,,0,30.0,0,0
75,6,23,7,22,Y6028894,,,,0,30.0,0,0
75,6,23,7,23,Y6028895,,,,0,30.0,0,0
75,6,23,7,24,Y6028896,,,,0,30.0,0,0
75,6,23,7,25,Y6028897,,,,0,30.0,0,0
75,6,23,7,26,Y6028898,,,,0,30.0,0,0
75,6,23,7,27,Y6028899,,,,0,30.0,0,0
75,6,23,7,28,Y6028900,,,,0,30.0,0,0
75,6,23,7,29,Y6028901,,,,0,30.0,0,0
75,6,23,7,30,Y6028902,,,,0,30.0,0,0
75,6,23,8,10,Y6028903,,,,0,30.0,0,0
75,6,23,8,11,Y6028904,,,,0,30.0,0,0
75,6,23,8,12,Y6028905,,,,0,30.0,0,0
75,6,23,8,13,Y6028906,,,,0,30.0,0,0
75,6,23,8,14,Y6028907,,,,0,30.0,0,0
75,6,23,8,15,Y6028908,,,,0,30.0,0,0
75,6,23,8,16,Y6028909,,,,0,30.0,0,0
75,6,23,8,17,Y6028910,,,,0,30.0,0,0
75,6,23,8,18,Y6028911,,,,0,30.0,0,0
75,6,23,8,19,Y6028912,,,,0,30.0,0,0
75,6,23,8,20,Y6028913,,,,0,30.0,0,0
75,6,23,8,21,Y6028914,,,,0,30.0,0,0
75,6,23,8,22,Y6028915,,,,0,30.0,0,0
75,6,23,8,23,Y6028916,,,,0,30.0,0,0
75,6,23,8,24,Y6028917,,,,0,30.0,0,0
75,6,23,8,25,Y6028918,,,,0,30.0,0,0
75,6,23,8,26,Y6028919,,,,0,30.0,0,0
75,6,23,8,27,Y6028920,,,,0,30.0,0,0
75,6,23,8,28,Y6028921,,,,0,30.0,0,0
75,6,23,8,29,Y6028922,,,,0,30.0,0,0
75,6,23,8,30,Y6028923,,,,0,30.0,0,0
75,6,23,9,10,Y6028924,,,,0,30.0,0,0
75,6,23,9,11,Y6028925,,,,0,30.0,0,0
75,6,23,9,12,Y6028926,,,,0,30.0,0,0
75,6,23,9,13,Y6028927,,,,0,30.0,0,0
75,6,23,9,14,Y6028928,,,,0,30.0,0,0
75,6,23,9,15,Y6028929,,,,0,30.0,0,0
75,6,23,9,16,Y6028930,,,,0,30.0,0,0
75,6,23,9,17,Y6028931,,,,0,30.0,0,0
75,6,23,9,18,Y6028932,,,,0,30.0,0,0
75,6,23,9,19,Y6028933,,,,0,30.0,0,0
75,6,23,9,20,Y6028934,,,,0,30.0,0,0
75,6,23,9,21,Y6028935,,,,0,30.0,0,0
75,6,23,9,22,Y6028936,,,,0,30.0,0,0
75,6,23,9,23,Y6028937,,,,0,30.0,0,0
75,6,23,9,24,Y6028938,,,,0,30.0,0,0
75,6,23,9,25,Y6028939,,,,0,30.0,0,0
75,6,23,9,26,Y6028940,,,,0,30.0,0,0
75,6,23,9,27,Y6028941,,,,0,30.0,0,0
75,6,23,9,28,Y6028942,,,,0,30.0,0,0
75,6,23,9,29,Y6028943,,,,0,30.0,0,0
75,6,23,9,30,Y6028944,,,,0,30.0,0,0
75,6,23,10,10,Y6028945,,,,0,30.0,0,0
75,6,23,10,11,Y6028946,,,,0,30.0,0,0
75,6,23,10,12,Y6028947,,,,0,30.0,0,0
75,6,23,10,13,Y6028948,,,,0,30.0,0,0
75,6,23,10,14,Y6028949,,,,0,30.0,0,0
75,6,23,10,15,Y6028950,,,,0,30.0,0,0
75,6,23,10,16,Y6028951,,,,0,30.0,0,0
75,6,23,10,17,Y6028952,,,,0,30.0,0,0
75,6,23,10,18,Y6028953,,,,0,30.0,0,0
75,6,23,10,19,Y6028954,,,,0,30.0,0,0
75,6,23,10,20,Y6028955,,,,0,30.0,0,0
75,6,23,10,21,Y6028956,,,,0,30.0,0,0
75,6,23,10,22,Y6028957,,,,0,30.0,0,0
75,6,23,10,23,Y6028958,,,,0,30.0,0,0
75,6,23,10,24,Y6028959,,,,0,30.0,0,0
75,6,23,10,25,Y6028960,,,,0,30.0,0,0
75,6,23,10,26,Y6028961,,,,0,30.0,0,0
75,6,23,10,27,Y6028962,,,,0,30.0,0,0
75,6,23,10,28,Y6028963,,,,0,30.0,0,0
75,6,23,10,29,Y6028964,,,,0,30.0,0,0
75,6,23,10,30,Y6028965,,,,0,30.0,0,0
75,6,23,11,10,Y6028966,,,,0,30.0,0,0
75,6,23,11,11,Y6028967,,,,0,30.0,0,0
75,6,23,11,12,Y6028968,,,,0,30.0,0,0
75,6,23,11,13,Y6028969,,,,0,30.0,0,0
75,6,23,11,14,Y6028970,,,,0,30.0,0,0
75,6,23,11,15,Y6028971,,,,0,30.0,0,0
75,6,23,11,16,Y6028972,,,,0,30.0,0,0
75,6,23,11,17,Y6028973,,,,0,30.0,0,0
75,6,23,11,18,Y6028974,,,,0,30.0,0,0
75,6,23,11,19,Y6028975,,,,0,30.0,0,0
75,6,23,11,20,Y6028976,,,,0,30.0,0,0
75,6,23,11,21,Y6028977,,,,0,30.0,0,0
75,6,23,11,22,Y6028978,,,,0,30.0,0,0
75,6,23,11,23,Y6028979,,,,0,30.0,0,0
75,6,23,11,24,Y6028980,,,,0,30.0,0,0
75,6,23,11,25,Y6028981,,,,0,30.0,0,0
75,6,23,11,26,Y6028982,,,,0,30.0,0,0
75,6,23,11,27,Y6028983,,,,0,30.0,0,0
75,6,23,11,28,Y6028984,,,,0,30.0,0,0
75,6,23,11,29,Y6028985,,,,0,30.0,0,0
75,6,23,11,30,Y6028986,,,,0,30.0,0,0
75,6,23,12,10,Y6028987,,,,0,30.0,0,0
75,6,23,12,11,Y6028988,,,,0,30.0,0,0
75,6,23,12,12,Y6028989,,,,0,30.0,0,0
75,6,23,12,13,Y6028990,,,,0,30.0,0,0
75,6,23,12,14,Y6028991,,,,0,30.0,0,0
75,6,23,12,15,Y6028992,,,,0,30.0,0,0
75,6,23,12,16,Y6028993,,,,0,30.0,0,0
75,6,23,12,17,Y6028994,,,,0,30.0,0,0
75,6,23,12,18,Y6028995,,,,0,30.0,0,0
75,6,23,12,19,Y6028996,,,,0,30.0,0,0
75,6,23,12,20,Y6028997,,,,0,30.0,0,0
75,6,23,12,21,Y6028998,,,,0,30.0,0,0
75,6,23,12,22,Y6028999,,,,0,30.0,0,0
75,6,23,12,23,Y6029000,,,,0,30.0,0,0
75,6,23,12,24,Y6029001,,,,0,30.0,0,0
75,6,23,12,25,Y6029002,,,,0,30.0,0,0
75,6,23,12,26,Y6029003,,,,0,30.0,0,0
75,6,23,12,27,Y6029004,,,,0,30.0,0,0
75,6,23,12,28,Y6029005,,,,0,30.0,0,0
75,6,23,12,29,Y6029006,,,,0,30.0,0,0
75,6,23,12,30,Y6029007,,,,0,30.0,0,0
75,6,24,1,10,Y6029008,,,,0,30.0,0,0
75,6,24,1,11,Y6029009,,,,0,30.0,0,0
75,6,24,1,12,Y6029010,,,,0,30.0,0,0
75,6,24,1,13,Y6029011,,,,0,30.0,0,0
75,6,24,1,14,Y6029012,,,,0,30.0,0,2
75,6,24,1,15,Y6029013,,,,0,30.0,0,1
75,6,24,1,16,Y6029014,,,,0,30.0,0,1
75,6,24,1,17,Y6029015,,,,0,30.0,0,1
75,6,24,1,18,Y6029016,,,,0,30.0,0,2
75,6,24,1,19,Y6029017,,,,0,30.0,0,0
75,6,24,1,20,Y6029018,,,,0,30.0,0,0
75,6,24,1,21,Y6029019,,,,0,30.0,0,0
75,6,24,1,22,Y6029020,,,,0,30.0,0,0
75,6,24,1,23,Y6029021,,,,0,30.0,0,0
75,6,24,1,24,Y6029022,,,,0,30.0,0,0
75,6,24,1,25,Y6029023,,,,0,30.0,0,0
75,6,24,1,26,Y6029024,,,,0,30.0,0,0
75,6,24,1,27,Y6029025,,,,0,30.0,0,0
75,6,24,1,28,Y6029026,,,,0,30.0,0,0
75,6,24,1,29,Y6029027,,,,0,30.0,0,0
75,6,24,1,30,Y6029028,,,,0,30.0,0,0
75,6,24,2,10,Y6029029,,,,0,30.0,0,0
75,6,24,2,11,Y6029030,,,,0,30.0,0,0
75,6,24,2,12,Y6029031,,,,0,30.0,0,0
75,6,24,2,13,Y6029032,,,,0,30.0,0,0
75,6,24,2,14,Y6029033,,,,0,30.0,0,2
75,6,24,2,15,Y6029034,,,,0,30.0,0,1
75,6,24,2,16,Y6029035,,,,0,30.0,0,1
75,6,24,2,17,Y6029036,,,,0,30.0,0,1
75,6,24,2,18,Y6029037,,,,0,30.0,0,2
75,6,24,2,19,Y6029038,,,,0,30.0,0,0
75,6,24,2,20,Y6029039,,,,0,30.0,0,0
75,6,24,2,21,Y6029040,,,,0,30.0,0,0
75,6,24,2,22,Y6029041,,,,0,30.0,0,0
75,6,24,2,23,Y6029042,,,,0,30.0,0,0
75,6,24,2,24,Y6029043,,,,0,30.0,0,0
75,6,24,2,25,Y6029044,,,,0,30.0,0,0
75,6,24,2,26,Y6029045,,,,0,30.0,0,0
75,6,24,2,27,Y6029046,,,,0,30.0,0,0
75,6,24,2,28,Y6029047,,,,0,30.0,0,0
75,6,24,2,29,Y6029048,,,,0,30.0,0,0
75,6,24,2,30,Y6029049,,,,0,30.0,0,0
75,6,24,3,10,Y6029050,,,,0,30.0,0,0
75,6,24,3,11,Y6029051,,,,0,30.0,0,0
75,6,24,3,12,Y6029052,,,,0,30.0,0,0
75,6,24,3,13,Y6029053,,,,0,30.0,0,0
75,6,24,3,14,Y6029054,,,,0,30.0,0,2
75,6,24,3,15,Y6029055,,,,0,30.0,0,2
75,6,24,3,16,Y6029056,,,,0,30.0,0,2
75,6,24,3,17,Y6029057,,,,0,30.0,0,2
75,6,24,3,18,Y6029058,,,,0,30.0,0,2
75,6,24,3,19,Y6029059,,,,0,30.0,0,0
75,6,24,3,20,Y6029060,,,,0,30.0,0,0
75,6,24,3,21,Y6029061,,,,0,30.0,0,0
75,6,24,3,22,Y6029062,,,,0,30.0,0,0
75,6,24,3,23,Y6029063,,,,0,30.0,0,0
75,6,24,3,24,Y6029064,,,,0,30.0,0,0
75,6,24,3,25,Y6029065,,,,0,30.0,0,0
75,6,24,3,26,Y6029066,,,,0,30.0,0,0
75,6,24,3,27,Y6029067,,,,0,30.0,0,0
75,6,24,3,28,Y6029068,,,,0,30.0,0,0
75,6,24,3,29,Y6029069,,,,0,30.0,0,0
75,6,24,3,30,Y6029070,,,,0,30.0,0,0
75,6,24,4,10,Y6029071,,,,0,30.0,0,0
75,6,24,4,11,Y6029072,,,,0,30.0,0,0
75,6,24,4,12,Y6029073,,,,0,30.0,0,0
75,6,24,4,13,Y6029074,,,,0,30.0,0,0
75,6,24,4,14,Y6029075,,,,0,30.0,0,0
75,6,24,4,15,Y6029076,,,,0,30.0,0,0
75,6,24,4,16,Y6029077,,,,0,30.0,0,0
75,6,24,4,17,Y6029078,,,,0,30.0,0,0
75,6,24,4,18,Y6029079,,,,0,30.0,0,0
75,6,24,4,19,Y6029080,,,,0,30.0,0,0
75,6,24,4,20,Y6029081,,,,0,30.0,0,0
75,6,24,4,21,Y6029082,,,,0,30.0,0,0
75,6,24,4,22,Y6029083,,,,0,30.0,0,0
75,6,24,4,23,Y6029084,,,,0,30.0,0,0
75,6,24,4,24,Y6029085,,,,0,30.0,0,0
75,6,24,4,25,Y6029086,,,,0,30.0,0,0
75,6,24,4,26,Y6029087,,,,0,30.0,0,0
75,6,24,4,27,Y6029088,,,,0,30.0,0,0
75,6,24,4,28,Y6029089,,,,0,30.0,0,0
75,6,24,4,29,Y6029090,,,,0,30.0,0,0
75,6,24,4,30,Y6029091,,,,0,30.0,0,0
75,6,24,5,10,Y6029092,,,,0,30.0,0,0
75,6,24,5,11,Y6029093,,,,0,30.0,0,0
75,6,24,5,12,Y6029094,,,,0,30.0,0,0
75,6,24,5,13,Y6029095,,,,0,30.0,0,0
75,6,24,5,14,Y6029096,,,,0,30.0,0,0
75,6,24,5,15,Y6029097,,,,0,30.0,0,0
75,6,24,5,16,Y6029098,,,,0,30.0,0,0
75,6,24,5,17,Y6029099,,,,0,30.0,0,0
75,6,24,5,18,Y6029100,,,,0,30.0,0,0
75,6,24,5,19,Y6029101,,,,0,30.0,0,0
75,6,24,5,20,Y6029102,,,,0,30.0,0,0
75,6,24,5,21,Y6029103,,,,0,30.0,0,0
75,6,24,5,22,Y6029104,,,,0,30.0,0,0
75,6,24,5,23,Y6029105,,,,0,30.0,0,0
75,6,24,5,24,Y6029106,,,,0,30.0,0,0
75,6,24,5,25,Y6029107,,,,0,30.0,0,0
75,6,24,5,26,Y6029108,,,,0,30.0,0,0
75,6,24,5,27,Y6029109,,,,0,30.0,0,0
75,6,24,5,28,Y6029110,,,,0,30.0,0,0
75,6,24,5,29,Y6029111,,,,0,30.0,0,0
75,6,24,5,30,Y6029112,,,,0,30.0,0,0
75,6,24,6,10,Y6029113,,,,0,30.0,0,0
75,6,24,6,11,Y6029114,,,,0,30.0,0,0
75,6,24,6,12,Y6029115,,,,0,30.0,0,0
75,6,24,6,13,Y6029116,,,,0,30.0,0,0
75,6,24,6,14,Y6029117,,,,0,30.0,0,0
75,6,24,6,15,Y6029118,,,,0,30.0,0,0
75,6,24,6,16,Y6029119,,,,0,30.0,0,0
75,6,24,6,17,Y6029120,,,,0,30.0,0,0
75,6,24,6,18,Y6029121,,,,0,30.0,0,0
75,6,24,6,19,Y6029122,,,,0,30.0,0,0
75,6,24,6,20,Y6029123,,,,0,30.0,0,0
75,6,24,6,21,Y6029124,,,,0,30.0,0,0
75,6,24,6,22,Y6029125,,,,0,30.0,0,0
75,6,24,6,23,Y6029126,,,,0,30.0,0,0
75,6,24,6,24,Y6029127,,,,0,30.0,0,0
75,6,24,6,25,Y6029128,,,,0,30.0,0,0
75,6,24,6,26,Y6029129,,,,0,30.0,0,0
75,6,24,6,27,Y6029130,,,,0,30.0,0,0
75,6,24,6,28,Y6029131,,,,0,30.0,0,0
75,6,24,6,29,Y6029132,,,,0,30.0,0,0
75,6,24,6,30,Y6029133,,,,0,30.0,0,0
75,6,24,7,10,Y6029134,,,,0,30.0,0,0
75,6,24,7,11,Y6029135,,,,0,30.0,0,0
75,6,24,7,12,Y6029136,,,,0,30.0,0,0
75,6,24,7,13,Y6029137,,,,0,30.0,0,0
75,6,24,7,14,Y6029138,,,,0,30.0,0,0
75,6,24,7,15,Y6029139,,,,0,30.0,0,0
75,6,24,7,16,Y6029140,,,,0,30.0,0,0
75,6,24,7,17,Y6029141,,,,0,30.0,0,0
75,6,24,7,18,Y6029142,,,,0,30.0,0,0
75,6,24,7,19,Y6029143,,,,0,30.0,0,0
75,6,24,7,20,Y6029144,,,,0,30.0,0,0
75,6,24,7,21,Y6029145,,,,0,30.0,0,0
75,6,24,7,22,Y6029146,,,,0,30.0,0,0
75,6,24,7,23,Y6029147,,,,0,30.0,0,0
75,6,24,7,24,Y6029148,,,,0,30.0,0,0
75,6,24,7,25,Y6029149,,,,0,30.0,0,0
75,6,24,7,26,Y6029150,,,,0,30.0,0,0
75,6,24,7,27,Y6029151,,,,0,30.0,0,0
75,6,24,7,28,Y6029152,,,,0,30.0,0,0
75,6,24,7,29,Y6029153,,,,0,30.0,0,0
75,6,24,7,30,Y6029154,,,,0,30.0,0,0
75,6,24,8,10,Y6029155,,,,0,30.0,0,0
75,6,24,8,11,Y6029156,,,,0,30.0,0,0
75,6,24,8,12,Y6029157,,,,0,30.0,0,0
75,6,24,8,13,Y6029158,,,,0,30.0,0,0
75,6,24,8,14,Y6029159,,,,0,30.0,0,0
75,6,24,8,15,Y6029160,,,,0,30.0,0,0
75,6,24,8,16,Y6029161,,,,0,30.0,0,0
75,6,24,8,17,Y6029162,,,,0,30.0,0,0
75,6,24,8,18,Y6029163,,,,0,30.0,0,0
75,6,24,8,19,Y6029164,,,,0,30.0,0,0
75,6,24,8,20,Y6029165,,,,0,30.0,0,0
75,6,24,8,21,Y6029166,,,,0,30.0,0,0
75,6,24,8,22,Y6029167,,,,0,30.0,0,0
75,6,24,8,23,Y6029168,,,,0,30.0,0,0
75,6,24,8,24,Y6029169,,,,0,30.0,0,0
75,6,24,8,25,Y6029170,,,,0,30.0,0,0
75,6,24,8,26,Y6029171,,,,0,30.0,0,0
75,6,24,8,27,Y6029172,,,,0,30.0,0,0
75,6,24,8,28,Y6029173,,,,0,30.0,0,0
75,6,24,8,29,Y6029174,,,,0,30.0,0,0
75,6,24,8,30,Y6029175,,,,0,30.0,0,0
75,6,24,9,10,Y6029176,,,,0,30.0,0,0
75,6,24,9,11,Y6029177,,,,0,30.0,0,0
75,6,24,9,12,Y6029178,,,,0,30.0,0,0
75,6,24,9,13,Y6029179,,,,0,30.0,0,0
75,6,24,9,14,Y6029180,,,,0,30.0,0,0
75,6,24,9,15,Y6029181,,,,0,30.0,0,0
75,6,24,9,16,Y6029182,,,,0,30.0,0,0
75,6,24,9,17,Y6029183,,,,0,30.0,0,0
75,6,24,9,18,Y6029184,,,,0,30.0,0,0
75,6,24,9,19,Y6029185,,,,0,30.0,0,0
75,6,24,9,20,Y6029186,,,,0,30.0,0,0
75,6,24,9,21,Y6029187,,,,0,30.0,0,0
75,6,24,9,22,Y6029188,,,,0,30.0,0,0
75,6,24,9,23,Y6029189,,,,0,30.0,0,0
75,6,24,9,24,Y6029190,,,,0,30.0,0,0
75,6,24,9,25,Y6029191,,,,0,30.0,0,0
75,6,24,9,26,Y6029192,,,,0,30.0,0,0
75,6,24,9,27,Y6029193,,,,0,30.0,0,0
75,6,24,9,28,Y6029194,,,,0,30.0,0,0
75,6,24,9,29,Y6029195,,,,0,30.0,0,0
75,6,24,9,30,Y6029196,,,,0,30.0,0,0
75,6,24,10,10,Y6029197,,,,0,30.0,0,0
75,6,24,10,11,Y6029198,,,,0,30.0,0,0
75,6,24,10,12,Y6029199,,,,0,30.0,0,0
75,6,24,10,13,Y6029200,,,,0,30.0,0,0
75,6,24,10,14,Y6029201,,,,0,30.0,0,0
75,6,24,10,15,Y6029202,,,,0,30.0,0,0
75,6,24,10,16,Y6029203,,,,0,30.0,0,0
75,6,24,10,17,Y6029204,,,,0,30.0,0,0
75,6,24,10,18,Y6029205,,,,0,30.0,0,0
75,6,24,10,19,Y6029206,,,,0,30.0,0,0
75,6,24,10,20,Y6029207,,,,0,30.0,0,0
75,6,24,10,21,Y6029208,,,,0,30.0,0,0
75,6,24,10,22,Y6029209,,,,0,30.0,0,0
75,6,24,10,23,Y6029210,,,,0,30.0,0,0
75,6,24,10,24,Y6029211,,,,0,30.0,0,0
75,6,24,10,25,Y6029212,,,,0,30.0,0,0
75,6,24,10,26,Y6029213,,,,0,30.0,0,0
75,6,24,10,27,Y6029214,,,,0,30.0,0,0
75,6,24,10,28,Y6029215,,,,0,30.0,0,0
75,6,24,10,29,Y6029216,,,,0,30.0,0,0
75,6,24,10,30,Y6029217,,,,0,30.0,0,0
75,6,24,11,10,Y6029218,,,,0,30.0,0,0
75,6,24,11,11,Y6029219,,,,0,30.0,0,0
75,6,24,11,12,Y6029220,,,,0,30.0,0,0
75,6,24,11,13,Y6029221,,,,0,30.0,0,0
75,6,24,11,14,Y6029222,,,,0,30.0,0,0
75,6,24,11,15,Y6029223,,,,0,30.0,0,0
75,6,24,11,16,Y6029224,,,,0,30.0,0,0
75,6,24,11,17,Y6029225,,,,0,30.0,0,0
75,6,24,11,18,Y6029226,,,,0,30.0,0,0
75,6,24,11,19,Y6029227,,,,0,30.0,0,0
75,6,24,11,20,Y6029228,,,,0,30.0,0,0
75,6,24,11,21,Y6029229,,,,0,30.0,0,0
75,6,24,11,22,Y6029230,,,,0,30.0,0,0
75,6,24,11,23,Y6029231,,,,0,30.0,0,0
75,6,24,11,24,Y6029232,,,,0,30.0,0,0
75,6,24,11,25,Y6029233,,,,0,30.0,0,0
75,6,24,11,26,Y6029234,,,,0,30.0,0,0
75,6,24,11,27,Y6029235,,,,0,30.0,0,0
75,6,24,11,28,Y6029236,,,,0,30.0,0,0
75,6,24,11,29,Y6029237,,,,0,30.0,0,0
75,6,24,11,30,Y6029238,,,,0,30.0,0,0
75,6,24,12,10,Y6029239,,,,0,30.0,0,0
75,6,24,12,11,Y6029240,,,,0,30.0,0,0
75,6,24,12,12,Y6029241,,,,0,30.0,0,0
75,6,24,12,13,Y6029242,,,,0,30.0,0,0
75,6,24,12,14,Y6029243,,,,0,30.0,0,0
75,6,24,12,15,Y6029244,,,,0,30.0,0,0
75,6,24,12,16,Y6029245,,,,0,30.0,0,0
75,6,24,12,17,Y6029246,,,,0,30.0,0,0
75,6,24,12,18,Y6029247,,,,0,30.0,0,0
75,6,24,12,19,Y6029248,,,,0,30.0,0,0
75,6,24,12,20,Y6029249,,,,0,30.0,0,0
75,6,24,12,21,Y6029250,,,,0,30.0,0,0
75,6,24,12,22,Y6029251,,,,0,30.0,0,0
75,6,24,12,23,Y6029252,,,,0,30.0,0,0
75,6,24,12,24,Y6029253,,,,0,30.0,0,0
75,6,24,12,25,Y6029254,,,,0,30.0,0,0
75,6,24,12,26,Y6029255,,,,0,30.0,0,0
75,6,24,12,27,Y6029256,,,,0,30.0,0,0
75,6,24,12,28,Y6029257,,,,0,30.0,0,0
75,6,24,12,29,Y6029258,,,,0,30.0,0,0
75,6,24,12,30,Y6029259,,,,0,30.0,0,0
75,6,25,1,10,Y6029260,,,,0,30.0,0,0
75,6,25,1,11,Y6029261,,,,0,30.0,0,0
75,6,25,1,12,Y6029262,,,,0,30.0,0,0
75,6,25,1,13,Y6029263,,,,0,30.0,0,0
75,6,25,1,14,Y6029264,,,,0,30.0,0,2
75,6,25,1,15,Y6029265,,,,0,30.0,0,2
75,6,25,1,16,Y6029266,,,,0,30.0,0,2
75,6,25,1,17,Y6029267,,,,0,30.0,0,2
75,6,25,1,18,Y6029268,,,,0,30.0,0,2
75,6,25,1,19,Y6029269,,,,0,30.0,0,0
75,6,25,1,20,Y6029270,,,,0,30.0,0,0
75,6,25,1,21,Y6029271,,,,0,30.0,0,0
75,6,25,1,22,Y6029272,,,,0,30.0,0,0
75,6,25,1,23,Y6029273,,,,0,30.0,0,0
75,6,25,1,24,Y6029274,,,,0,30.0,0,0
75,6,25,1,25,Y6029275,,,,0,30.0,0,0
75,6,25,1,26,Y6029276,,,,0,30.0,0,0
75,6,25,1,27,Y6029277,,,,0,30.0,0,0
75,6,25,1,28,Y6029278,,,,0,30.0,0,0
75,6,25,1,29,Y6029279,,,,0,30.0,0,0
75,6,25,1,30,Y6029280,,,,0,30.0,0,0
75,6,25,2,10,Y6029281,,,,0,30.0,0,0
75,6,25,2,11,Y6029282,,,,0,30.0,0,0
75,6,25,2,12,Y6029283,,,,0,30.0,0,0
75,6,25,2,13,Y6029284,,,,0,30.0,0,0
75,6,25,2,14,Y6029285,,,,0,30.0,0,2
75,6,25,2,15,Y6029286,,,,0,30.0,0,2
75,6,25,2,16,Y6029287,,,,0,30.0,0,2
75,6,25,2,17,Y6029288,,,,0,30.0,0,2
75,6,25,2,18,Y6029289,,,,0,30.0,0,2
75,6,25,2,19,Y6029290,,,,0,30.0,0,0
75,6,25,2,20,Y6029291,,,,0,30.0,0,0
75,6,25,2,21,Y6029292,,,,0,30.0,0,0
75,6,25,2,22,Y6029293,,,,0,30.0,0,0
75,6,25,2,23,Y6029294,,,,0,30.0,0,0
75,6,25,2,24,Y6029295,,,,0,30.0,0,0
75,6,25,2,25,Y6029296,,,,0,30.0,0,0
75,6,25,2,26,Y6029297,,,,0,30.0,0,0
75,6,25,2,27,Y6029298,,,,0,30.0,0,0
75,6,25,2,28,Y6029299,,,,0,30.0,0,0
75,6,25,2,29,Y6029300,,,,0,30.0,0,0
75,6,25,2,30,Y6029301,,,,0,30.0,0,0
75,6,25,3,10,Y6029302,,,,0,30.0,0,0
75,6,25,3,11,Y6029303,,,,0,30.0,0,0
75,6,25,3,12,Y6029304,,,,0,30.0,0,0
75,6,25,3,13,Y6029305,,,,0,30.0,0,0
75,6,25,3,14,Y6029306,,,,0,30.0,0,0
75,6,25,3,15,Y6029307,,,,0,30.0,0,2
75,6,25,3,16,Y6029308,,,,0,30.0,0,2
75,6,25,3,17,Y6029309,,,,0,30.0,0,2
75,6,25,3,18,Y6029310,,,,0,30.0,0,0
75,6,25,3,19,Y6029311,,,,0,30.0,0,0
75,6,25,3,20,Y6029312,,,,0,30.0,0,0
75,6,25,3,21,Y6029313,,,,0,30.0,0,0
75,6,25,3,22,Y6029314,,,,0,30.0,0,0
75,6,25,3,23,Y6029315,,,,0,30.0,0,0
75,6,25,3,24,Y6029316,,,,0,30.0,0,0
75,6,25,3,25,Y6029317,,,,0,30.0,0,0
75,6,25,3,26,Y6029318,,,,0,30.0,0,0
75,6,25,3,27,Y6029319,,,,0,30.0,0,0
75,6,25,3,28,Y6029320,,,,0,30.0,0,0
75,6,25,3,29,Y6029321,,,,0,30.0,0,0
75,6,25,3,30,Y6029322,,,,0,30.0,0,0
75,6,25,4,10,Y6029323,,,,0,30.0,0,0
75,6,25,4,11,Y6029324,,,,0,30.0,0,0
75,6,25,4,12,Y6029325,,,,0,30.0,0,0
75,6,25,4,13,Y6029326,,,,0,30.0,0,0
75,6,25,4,14,Y6029327,,,,0,30.0,0,0
75,6,25,4,15,Y6029328,,,,0,30.0,0,0
75,6,25,4,16,Y6029329,,,,0,30.0,0,0
75,6,25,4,17,Y6029330,,,,0,30.0,0,0
75,6,25,4,18,Y6029331,,,,0,30.0,0,0
75,6,25,4,19,Y6029332,,,,0,30.0,0,0
75,6,25,4,20,Y6029333,,,,0,30.0,0,0
75,6,25,4,21,Y6029334,,,,0,30.0,0,0
75,6,25,4,22,Y6029335,,,,0,30.0,0,0
75,6,25,4,23,Y6029336,,,,0,30.0,0,0
75,6,25,4,24,Y6029337,,,,0,30.0,0,0
75,6,25,4,25,Y6029338,,,,0,30.0,0,0
75,6,25,4,26,Y6029339,,,,0,30.0,0,0
75,6,25,4,27,Y6029340,,,,0,30.0,0,0
75,6,25,4,28,Y6029341,,,,0,30.0,0,0
75,6,25,4,29,Y6029342,,,,0,30.0,0,0
75,6,25,4,30,Y6029343,,,,0,30.0,0,0
75,6,25,5,10,Y6029344,,,,0,30.0,0,0
75,6,25,5,11,Y6029345,,,,0,30.0,0,0
75,6,25,5,12,Y6029346,,,,0,30.0,0,0
75,6,25,5,13,Y6029347,,,,0,30.0,0,0
75,6,25,5,14,Y6029348,,,,0,30.0,0,0
75,6,25,5,15,Y6029349,,,,0,30.0,0,0
75,6,25,5,16,Y6029350,,,,0,30.0,0,0
75,6,25,5,17,Y6029351,,,,0,30.0,0,0
75,6,25,5,18,Y6029352,,,,0,30.0,0,0
75,6,25,5,19,Y6029353,,,,0,30.0,0,0
75,6,25,5,20,Y6029354,,,,0,30.0,0,0
75,6,25,5,21,Y6029355,,,,0,30.0,0,0
75,6,25,5,22,Y6029356,,,,0,30.0,0,0
75,6,25,5,23,Y6029357,,,,0,30.0,0,0
75,6,25,5,24,Y6029358,,,,0,30.0,0,0
75,6,25,5,25,Y6029359,,,,0,30.0,0,0
75,6,25,5,26,Y6029360,,,,0,30.0,0,0
75,6,25,5,27,Y6029361,,,,0,30.0,0,0
75,6,25,5,28,Y6029362,,,,0,30.0,0,0
75,6,25,5,29,Y6029363,,,,0,30.0,0,0
75,6,25,5,30,Y6029364,,,,0,30.0,0,0
75,6,25,6,10,Y6029365,,,,0,30.0,0,0
75,6,25,6,11,Y6029366,,,,0,30.0,0,0
75,6,25,6,12,Y6029367,,,,0,30.0,0,0
75,6,25,6,13,Y6029368,,,,0,30.0,0,0
75,6,25,6,14,Y6029369,,,,0,30.0,0,0
75,6,25,6,15,Y6029370,,,,0,30.0,0,0
75,6,25,6,16,Y6029371,,,,0,30.0,0,0
75,6,25,6,17,Y6029372,,,,0,30.0,0,0
75,6,25,6,18,Y6029373,,,,0,30.0,0,0
75,6,25,6,19,Y6029374,,,,0,30.0,0,0
75,6,25,6,20,Y6029375,,,,0,30.0,0,0
75,6,25,6,21,Y6029376,,,,0,30.0,0,0
75,6,25,6,22,Y6029377,,,,0,30.0,0,0
75,6,25,6,23,Y6029378,,,,0,30.0,0,0
75,6,25,6,24,Y6029379,,,,0,30.0,0,0
75,6,25,6,25,Y6029380,,,,0,30.0,0,0
75,6,25,6,26,Y6029381,,,,0,30.0,0,0
75,6,25,6,27,Y6029382,,,,0,30.0,0,0
75,6,25,6,28,Y6029383,,,,0,30.0,0,0
75,6,25,6,29,Y6029384,,,,0,30.0,0,0
75,6,25,6,30,Y6029385,,,,0,30.0,0,0
75,6,25,7,10,Y6029386,,,,0,30.0,0,0
75,6,25,7,11,Y6029387,,,,0,30.0,0,0
75,6,25,7,12,Y6029388,,,,0,30.0,0,0
75,6,25,7,13,Y6029389,,,,0,30.0,0,0
75,6,25,7,14,Y6029390,,,,0,30.0,0,0
75,6,25,7,15,Y6029391,,,,0,30.0,0,0
75,6,25,7,16,Y6029392,,,,0,30.0,0,0
75,6,25,7,17,Y6029393,,,,0,30.0,0,0
75,6,25,7,18,Y6029394,,,,0,30.0,0,0
75,6,25,7,19,Y6029395,,,,0,30.0,0,0
75,6,25,7,20,Y6029396,,,,0,30.0,0,0
75,6,25,7,21,Y6029397,,,,0,30.0,0,0
75,6,25,7,22,Y6029398,,,,0,30.0,0,0
75,6,25,7,23,Y6029399,,,,0,30.0,0,0
75,6,25,7,24,Y6029400,,,,0,30.0,0,0
75,6,25,7,25,Y6029401,,,,0,30.0,0,0
75,6,25,7,26,Y6029402,,,,0,30.0,0,0
75,6,25,7,27,Y6029403,,,,0,30.0,0,0
75,6,25,7,28,Y6029404,,,,0,30.0,0,0
75,6,25,7,29,Y6029405,,,,0,30.0,0,0
75,6,25,7,30,Y6029406,,,,0,30.0,0,0
75,6,25,8,10,Y6029407,,,,0,30.0,0,0
75,6,25,8,11,Y6029408,,,,0,30.0,0,0
75,6,25,8,12,Y6029409,,,,0,30.0,0,0
75,6,25,8,13,Y6029410,,,,0,30.0,0,0
75,6,25,8,14,Y6029411,,,,0,30.0,0,0
75,6,25,8,15,Y6029412,,,,0,30.0,0,0
75,6,25,8,16,Y6029413,,,,0,30.0,0,0
75,6,25,8,17,Y6029414,,,,0,30.0,0,0
75,6,25,8,18,Y6029415,,,,0,30.0,0,0
75,6,25,8,19,Y6029416,,,,0,30.0,0,0
75,6,25,8,20,Y6029417,,,,0,30.0,0,0
75,6,25,8,21,Y6029418,,,,0,30.0,0,0
75,6,25,8,22,Y6029419,,,,0,30.0,0,0
75,6,25,8,23,Y6029420,,,,0,30.0,0,0
75,6,25,8,24,Y6029421,,,,0,30.0,0,0
75,6,25,8,25,Y6029422,,,,0,30.0,0,0
75,6,25,8,26,Y6029423,,,,0,30.0,0,0
75,6,25,8,27,Y6029424,,,,0,30.0,0,0
75,6,25,8,28,Y6029425,,,,0,30.0,0,0
75,6,25,8,29,Y6029426,,,,0,30.0,0,0
75,6,25,8,30,Y6029427,,,,0,30.0,0,0
75,6,25,9,10,Y6029428,,,,0,30.0,0,0
75,6,25,9,11,Y6029429,,,,0,30.0,0,0
75,6,25,9,12,Y6029430,,,,0,30.0,0,0
75,6,25,9,13,Y6029431,,,,0,30.0,0,0
75,6,25,9,14,Y6029432,,,,0,30.0,0,0
75,6,25,9,15,Y6029433,,,,0,30.0,0,0
75,6,25,9,16,Y6029434,,,,0,30.0,0,0
75,6,25,9,17,Y6029435,,,,0,30.0,0,0
75,6,25,9,18,Y6029436,,,,0,30.0,0,0
75,6,25,9,19,Y6029437,,,,0,30.0,0,0
75,6,25,9,20,Y6029438,,,,0,30.0,0,0
75,6,25,9,21,Y6029439,,,,0,30.0,0,0
75,6,25,9,22,Y6029440,,,,0,30.0,0,0
75,6,25,9,23,Y6029441,,,,0,30.0,0,0
75,6,25,9,24,Y6029442,,,,0,30.0,0,0
75,6,25,9,25,Y6029443,,,,0,30.0,0,0
75,6,25,9,26,Y6029444,,,,0,30.0,0,0
75,6,25,9,27,Y6029445,,,,0,30.0,0,0
75,6,25,9,28,Y6029446,,,,0,30.0,0,0
75,6,25,9,29,Y6029447,,,,0,30.0,0,0
75,6,25,9,30,Y6029448,,,,0,30.0,0,0
75,6,25,10,10,Y6029449,,,,0,30.0,0,0
75,6,25,10,11,Y6029450,,,,0,30.0,0,0
75,6,25,10,12,Y6029451,,,,0,30.0,0,0
75,6,25,10,13,Y6029452,,,,0,30.0,0,0
75,6,25,10,14,Y6029453,,,,0,30.0,0,0
75,6,25,10,15,Y6029454,,,,0,30.0,0,0
75,6,25,10,16,Y6029455,,,,0,30.0,0,0
75,6,25,10,17,Y6029456,,,,0,30.0,0,0
75,6,25,10,18,Y6029457,,,,0,30.0,0,0
75,6,25,10,19,Y6029458,,,,0,30.0,0,0
75,6,25,10,20,Y6029459,,,,0,30.0,0,0
75,6,25,10,21,Y6029460,,,,0,30.0,0,0
75,6,25,10,22,Y6029461,,,,0,30.0,0,0
75,6,25,10,23,Y6029462,,,,0,30.0,0,0
75,6,25,10,24,Y6029463,,,,0,30.0,0,0
75,6,25,10,25,Y6029464,,,,0,30.0,0,0
75,6,25,10,26,Y6029465,,,,0,30.0,0,0
75,6,25,10,27,Y6029466,,,,0,30.0,0,0
75,6,25,10,28,Y6029467,,,,0,30.0,0,0
75,6,25,10,29,Y6029468,,,,0,30.0,0,0
75,6,25,10,30,Y6029469,,,,0,30.0,0,0
75,6,25,11,10,Y6029470,,,,0,30.0,0,0
75,6,25,11,11,Y6029471,,,,0,30.0,0,0
75,6,25,11,12,Y6029472,,,,0,30.0,0,0
75,6,25,11,13,Y6029473,,,,0,30.0,0,0
75,6,25,11,14,Y6029474,,,,0,30.0,0,0
75,6,25,11,15,Y6029475,,,,0,30.0,0,0
75,6,25,11,16,Y6029476,,,,0,30.0,0,0
75,6,25,11,17,Y6029477,,,,0,30.0,0,0
75,6,25,11,18,Y6029478,,,,0,30.0,0,0
75,6,25,11,19,Y6029479,,,,0,30.0,0,0
75,6,25,11,20,Y6029480,,,,0,30.0,0,0
75,6,25,11,21,Y6029481,,,,0,30.0,0,0
75,6,25,11,22,Y6029482,,,,0,30.0,0,0
75,6,25,11,23,Y6029483,,,,0,30.0,0,0
75,6,25,11,24,Y6029484,,,,0,30.0,0,0
75,6,25,11,25,Y6029485,,,,0,30.0,0,0
75,6,25,11,26,Y6029486,,,,0,30.0,0,0
75,6,25,11,27,Y6029487,,,,0,30.0,0,0
75,6,25,11,28,Y6029488,,,,0,30.0,0,0
75,6,25,11,29,Y6029489,,,,0,30.0,0,0
75,6,25,11,30,Y6029490,,,,0,30.0,0,0
75,6,25,12,10,Y6029491,,,,0,30.0,0,0
75,6,25,12,11,Y6029492,,,,0,30.0,0,0
75,6,25,12,12,Y6029493,,,,0,30.0,0,0
75,6,25,12,13,Y6029494,,,,0,30.0,0,0
75,6,25,12,14,Y6029495,,,,0,30.0,0,0
75,6,25,12,15,Y6029496,,,,0,30.0,0,0
75,6,25,12,16,Y6029497,,,,0,30.0,0,0
75,6,25,12,17,Y6029498,,,,0,30.0,0,0
75,6,25,12,18,Y6029499,,,,0,30.0,0,0
75,6,25,12,19,Y6029500,,,,0,30.0,0,0
75,6,25,12,20,Y6029501,,,,0,30.0,0,0
75,6,25,12,21,Y6029502,,,,0,30.0,0,0
75,6,25,12,22,Y6029503,,,,0,30.0,0,0
75,6,25,12,23,Y6029504,,,,0,30.0,0,0
75,6,25,12,24,Y6029505,,,,0,30.0,0,0
75,6,25,12,25,Y6029506,,,,0,30.0,0,0
75,6,25,12,26,Y6029507,,,,0,30.0,0,0
75,6,25,12,27,Y6029508,,,,0,30.0,0,0
75,6,25,12,28,Y6029509,,,,0,30.0,0,0
75,6,25,12,29,Y6029510,,,,0,30.0,0,0
75,6,25,12,30,Y6029511,,,,0,30.0,0,0
75,6,26,1,10,Y6029512,,,,0,30.0,0,0
75,6,26,1,11,Y6029513,,,,0,30.0,0,0
75,6,26,1,12,Y6029514,,,,0,30.0,0,0
75,6,26,1,13,Y6029515,,,,0,30.0,0,0
75,6,26,1,14,Y6029516,,,,0,30.0,0,0
75,6,26,1,15,Y6029517,,,,0,30.0,0,0
75,6,26,1,16,Y6029518,,,,0,30.0,0,0
75,6,26,1,17,Y6029519,,,,0,30.0,0,0
75,6,26,1,18,Y6029520,,,,0,30.0,0,0
75,6,26,1,19,Y6029521,,,,0,30.0,0,0
75,6,26,1,20,Y6029522,,,,0,30.0,0,0
75,6,26,1,21,Y6029523,,,,0,30.0,0,0
75,6,26,1,22,Y6029524,,,,0,30.0,0,0
75,6,26,1,23,Y6029525,,,,0,30.0,0,0
75,6,26,1,24,Y6029526,,,,0,30.0,0,0
75,6,26,1,25,Y6029527,,,,0,30.0,0,0
75,6,26,1,26,Y6029528,,,,0,30.0,0,0
75,6,26,1,27,Y6029529,,,,0,30.0,0,0
75,6,26,1,28,Y6029530,,,,0,30.0,0,0
75,6,26,1,29,Y6029531,,,,0,30.0,0,0
75,6,26,1,30,Y6029532,,,,0,30.0,0,0
75,6,26,2,10,Y6029533,,,,0,30.0,0,0
75,6,26,2,11,Y6029534,,,,0,30.0,0,0
75,6,26,2,12,Y6029535,,,,0,30.0,0,0
75,6,26,2,13,Y6029536,,,,0,30.0,0,0
75,6,26,2,14,Y6029537,,,,0,30.0,0,0
75,6,26,2,15,Y6029538,,,,0,30.0,0,0
75,6,26,2,16,Y6029539,,,,0,30.0,0,0
75,6,26,2,17,Y6029540,,,,0,30.0,0,0
75,6,26,2,18,Y6029541,,,,0,30.0,0,0
75,6,26,2,19,Y6029542,,,,0,30.0,0,0
75,6,26,2,20,Y6029543,,,,0,30.0,0,0
75,6,26,2,21,Y6029544,,,,0,30.0,0,0
75,6,26,2,22,Y6029545,,,,0,30.0,0,0
75,6,26,2,23,Y6029546,,,,0,30.0,0,0
75,6,26,2,24,Y6029547,,,,0,30.0,0,0
75,6,26,2,25,Y6029548,,,,0,30.0,0,0
75,6,26,2,26,Y6029549,,,,0,30.0,0,0
75,6,26,2,27,Y6029550,,,,0,30.0,0,0
75,6,26,2,28,Y6029551,,,,0,30.0,0,0
75,6,26,2,29,Y6029552,,,,0,30.0,0,0
75,6,26,2,30,Y6029553,,,,0,30.0,0,0
75,6,26,3,10,Y6029554,,,,0,30.0,0,0
75,6,26,3,11,Y6029555,,,,0,30.0,0,0
75,6,26,3,12,Y6029556,,,,0,30.0,0,0
75,6,26,3,13,Y6029557,,,,0,30.0,0,0
75,6,26,3,14,Y6029558,,,,0,30.0,0,0
75,6,26,3,15,Y6029559,,,,0,30.0,0,0
75,6,26,3,16,Y6029560,,,,0,30.0,0,0
75,6,26,3,17,Y6029561,,,,0,30.0,0,0
75,6,26,3,18,Y6029562,,,,0,30.0,0,0
75,6,26,3,19,Y6029563,,,,0,30.0,0,0
75,6,26,3,20,Y6029564,,,,0,30.0,0,0
75,6,26,3,21,Y6029565,,,,0,30.0,0,0
75,6,26,3,22,Y6029566,,,,0,30.0,0,0
75,6,26,3,23,Y6029567,,,,0,30.0,0,0
75,6,26,3,24,Y6029568,,,,0,30.0,0,0
75,6,26,3,25,Y6029569,,,,0,30.0,0,0
75,6,26,3,26,Y6029570,,,,0,30.0,0,0
75,6,26,3,27,Y6029571,,,,0,30.0,0,0
75,6,26,3,28,Y6029572,,,,0,30.0,0,0
75,6,26,3,29,Y6029573,,,,0,30.0,0,0
75,6,26,3,30,Y6029574,,,,0,30.0,0,0
75,6,26,4,10,Y6029575,,,,0,30.0,0,0
75,6,26,4,11,Y6029576,,,,0,30.0,0,0
75,6,26,4,12,Y6029577,,,,0,30.0,0,0
75,6,26,4,13,Y6029578,,,,0,30.0,0,0
75,6,26,4,14,Y6029579,,,,0,30.0,0,0
75,6,26,4,15,Y6029580,,,,0,30.0,0,0
75,6,26,4,16,Y6029581,,,,0,30.0,0,0
75,6,26,4,17,Y6029582,,,,0,30.0,0,0
75,6,26,4,18,Y6029583,,,,0,30.0,0,0
75,6,26,4,19,Y6029584,,,,0,30.0,0,0
75,6,26,4,20,Y6029585,,,,0,30.0,0,0
75,6,26,4,21,Y6029586,,,,0,30.0,0,0
75,6,26,4,22,Y6029587,,,,0,30.0,0,0
75,6,26,4,23,Y6029588,,,,0,30.0,0,0
75,6,26,4,24,Y6029589,,,,0,30.0,0,0
75,6,26,4,25,Y6029590,,,,0,30.0,0,0
75,6,26,4,26,Y6029591,,,,0,30.0,0,0
75,6,26,4,27,Y6029592,,,,0,30.0,0,0
75,6,26,4,28,Y6029593,,,,0,30.0,0,0
75,6,26,4,29,Y6029594,,,,0,30.0,0,0
75,6,26,4,30,Y6029595,,,,0,30.0,0,0
75,6,26,5,10,Y6029596,,,,0,30.0,0,0
75,6,26,5,11,Y6029597,,,,0,30.0,0,0
75,6,26,5,12,Y6029598,,,,0,30.0,0,0
75,6,26,5,13,Y6029599,,,,0,30.0,0,0
75,6,26,5,14,Y6029600,,,,0,30.0,0,0
75,6,26,5,15,Y6029601,,,,0,30.0,0,0
75,6,26,5,16,Y6029602,,,,0,30.0,0,0
75,6,26,5,17,Y6029603,,,,0,30.0,0,0
75,6,26,5,18,Y6029604,,,,0,30.0,0,0
75,6,26,5,19,Y6029605,,,,0,30.0,0,0
75,6,26,5,20,Y6029606,,,,0,30.0,0,0
75,6,26,5,21,Y6029607,,,,0,30.0,0,0
75,6,26,5,22,Y6029608,,,,0,30.0,0,0
75,6,26,5,23,Y6029609,,,,0,30.0,0,0
75,6,26,5,24,Y6029610,,,,0,30.0,0,0
75,6,26,5,25,Y6029611,,,,0,30.0,0,0
75,6,26,5,26,Y6029612,,,,0,30.0,0,0
75,6,26,5,27,Y6029613,,,,0,30.0,0,0
75,6,26,5,28,Y6029614,,,,0,30.0,0,0
75,6,26,5,29,Y6029615,,,,0,30.0,0,0
75,6,26,5,30,Y6029616,,,,0,30.0,0,0
75,6,26,6,10,Y6029617,,,,0,30.0,0,0
75,6,26,6,11,Y6029618,,,,0,30.0,0,0
75,6,26,6,12,Y6029619,,,,0,30.0,0,0
75,6,26,6,13,Y6029620,,,,0,30.0,0,0
75,6,26,6,14,Y6029621,,,,0,30.0,0,0
75,6,26,6,15,Y6029622,,,,0,30.0,0,0
75,6,26,6,16,Y6029623,,,,0,30.0,0,0
75,6,26,6,17,Y6029624,,,,0,30.0,0,0
75,6,26,6,18,Y6029625,,,,0,30.0,0,0
75,6,26,6,19,Y6029626,,,,0,30.0,0,0
75,6,26,6,20,Y6029627,,,,0,30.0,0,0
75,6,26,6,21,Y6029628,,,,0,30.0,0,0
75,6,26,6,22,Y6029629,,,,0,30.0,0,0
75,6,26,6,23,Y6029630,,,,0,30.0,0,0
75,6,26,6,24,Y6029631,,,,0,30.0,0,0
75,6,26,6,25,Y6029632,,,,0,30.0,0,0
75,6,26,6,26,Y6029633,,,,0,30.0,0,0
75,6,26,6,27,Y6029634,,,,0,30.0,0,0
75,6,26,6,28,Y6029635,,,,0,30.0,0,0
75,6,26,6,29,Y6029636,,,,0,30.0,0,0
75,6,26,6,30,Y6029637,,,,0,30.0,0,0
75,6,26,7,10,Y6029638,,,,0,30.0,0,0
75,6,26,7,11,Y6029639,,,,0,30.0,0,0
75,6,26,7,12,Y6029640,,,,0,30.0,0,0
75,6,26,7,13,Y6029641,,,,0,30.0,0,0
75,6,26,7,14,Y6029642,,,,0,30.0,0,0
75,6,26,7,15,Y6029643,,,,0,30.0,0,0
75,6,26,7,16,Y6029644,,,,0,30.0,0,0
75,6,26,7,17,Y6029645,,,,0,30.0,0,0
75,6,26,7,18,Y6029646,,,,0,30.0,0,0
75,6,26,7,19,Y6029647,,,,0,30.0,0,0
75,6,26,7,20,Y6029648,,,,0,30.0,0,0
75,6,26,7,21,Y6029649,,,,0,30.0,0,0
75,6,26,7,22,Y6029650,,,,0,30.0,0,0
75,6,26,7,23,Y6029651,,,,0,30.0,0,0
75,6,26,7,24,Y6029652,,,,0,30.0,0,0
75,6,26,7,25,Y6029653,,,,0,30.0,0,0
75,6,26,7,26,Y6029654,,,,0,30.0,0,0
75,6,26,7,27,Y6029655,,,,0,30.0,0,0
75,6,26,7,28,Y6029656,,,,0,30.0,0,0
75,6,26,7,29,Y6029657,,,,0,30.0,0,0
75,6,26,7,30,Y6029658,,,,0,30.0,0,0
75,6,26,8,10,Y6029659,,,,0,30.0,0,0
75,6,26,8,11,Y6029660,,,,0,30.0,0,0
75,6,26,8,12,Y6029661,,,,0,30.0,0,0
75,6,26,8,13,Y6029662,,,,0,30.0,0,0
75,6,26,8,14,Y6029663,,,,0,30.0,0,0
75,6,26,8,15,Y6029664,,,,0,30.0,0,0
75,6,26,8,16,Y6029665,,,,0,30.0,0,0
75,6,26,8,17,Y6029666,,,,0,30.0,0,0
75,6,26,8,18,Y6029667,,,,0,30.0,0,0
75,6,26,8,19,Y6029668,,,,0,30.0,0,0
75,6,26,8,20,Y6029669,,,,0,30.0,0,0
75,6,26,8,21,Y6029670,,,,0,30.0,0,0
75,6,26,8,22,Y6029671,,,,0,30.0,0,0
75,6,26,8,23,Y6029672,,,,0,30.0,0,0
75,6,26,8,24,Y6029673,,,,0,30.0,0,0
75,6,26,8,25,Y6029674,,,,0,30.0,0,0
75,6,26,8,26,Y6029675,,,,0,30.0,0,0
75,6,26,8,27,Y6029676,,,,0,30.0,0,0
75,6,26,8,28,Y6029677,,,,0,30.0,0,0
75,6,26,8,29,Y6029678,,,,0,30.0,0,0
75,6,26,8,30,Y6029679,,,,0,30.0,0,0
75,6,26,9,10,Y6029680,,,,0,30.0,0,0
75,6,26,9,11,Y6029681,,,,0,30.0,0,0
75,6,26,9,12,Y6029682,,,,0,30.0,0,0
75,6,26,9,13,Y6029683,,,,0,30.0,0,0
75,6,26,9,14,Y6029684,,,,0,30.0,0,0
75,6,26,9,15,Y6029685,,,,0,30.0,0,0
75,6,26,9,16,Y6029686,,,,0,30.0,0,0
75,6,26,9,17,Y6029687,,,,0,30.0,0,0
75,6,26,9,18,Y6029688,,,,0,30.0,0,0
75,6,26,9,19,Y6029689,,,,0,30.0,0,0
75,6,26,9,20,Y6029690,,,,0,30.0,0,0
75,6,26,9,21,Y6029691,,,,0,30.0,0,0
75,6,26,9,22,Y6029692,,,,0,30.0,0,0
75,6,26,9,23,Y6029693,,,,0,30.0,0,0
75,6,26,9,24,Y6029694,,,,0,30.0,0,0
75,6,26,9,25,Y6029695,,,,0,30.0,0,0
75,6,26,9,26,Y6029696,,,,0,30.0,0,0
75,6,26,9,27,Y6029697,,,,0,30.0,0,0
75,6,26,9,28,Y6029698,,,,0,30.0,0,0
75,6,26,9,29,Y6029699,,,,0,30.0,0,0
75,6,26,9,30,Y6029700,,,,0,30.0,0,0
75,6,26,10,10,Y6029701,,,,0,30.0,0,0
75,6,26,10,11,Y6029702,,,,0,30.0,0,0
75,6,26,10,12,Y6029703,,,,0,30.0,0,0
75,6,26,10,13,Y6029704,,,,0,30.0,0,0
75,6,26,10,14,Y6029705,,,,0,30.0,0,0
75,6,26,10,15,Y6029706,,,,0,30.0,0,0
75,6,26,10,16,Y6029707,,,,0,30.0,0,0
75,6,26,10,17,Y6029708,,,,0,30.0,0,0
75,6,26,10,18,Y6029709,,,,0,30.0,0,0
75,6,26,10,19,Y6029710,,,,0,30.0,0,0
75,6,26,10,20,Y6029711,,,,0,30.0,0,0
75,6,26,10,21,Y6029712,,,,0,30.0,0,0
75,6,26,10,22,Y6029713,,,,0,30.0,0,0
75,6,26,10,23,Y6029714,,,,0,30.0,0,0
75,6,26,10,24,Y6029715,,,,0,30.0,0,0
75,6,26,10,25,Y6029716,,,,0,30.0,0,0
75,6,26,10,26,Y6029717,,,,0,30.0,0,0
75,6,26,10,27,Y6029718,,,,0,30.0,0,0
75,6,26,10,28,Y6029719,,,,0,30.0,0,0
75,6,26,10,29,Y6029720,,,,0,30.0,0,0
75,6,26,10,30,Y6029721,,,,0,30.0,0,0
75,6,26,11,10,Y6029722,,,,0,30.0,0,0
75,6,26,11,11,Y6029723,,,,0,30.0,0,0
75,6,26,11,12,Y6029724,,,,0,30.0,0,0
75,6,26,11,13,Y6029725,,,,0,30.0,0,0
75,6,26,11,14,Y6029726,,,,0,30.0,0,0
75,6,26,11,15,Y6029727,,,,0,30.0,0,0
75,6,26,11,16,Y6029728,,,,0,30.0,0,0
75,6,26,11,17,Y6029729,,,,0,30.0,0,0
75,6,26,11,18,Y6029730,,,,0,30.0,0,0
75,6,26,11,19,Y6029731,,,,0,30.0,0,0
75,6,26,11,20,Y6029732,,,,0,30.0,0,0
75,6,26,11,21,Y6029733,,,,0,30.0,0,0
75,6,26,11,22,Y6029734,,,,0,30.0,0,0
75,6,26,11,23,Y6029735,,,,0,30.0,0,0
75,6,26,11,24,Y6029736,,,,0,30.0,0,0
75,6,26,11,25,Y6029737,,,,0,30.0,0,0
75,6,26,11,26,Y6029738,,,,0,30.0,0,0
75,6,26,11,27,Y6029739,,,,0,30.0,0,0
75,6,26,11,28,Y6029740,,,,0,30.0,0,0
75,6,26,11,29,Y6029741,,,,0,30.0,0,0
75,6,26,11,30,Y6029742,,,,0,30.0,0,0
75,6,26,12,10,Y6029743,,,,0,30.0,0,0
75,6,26,12,11,Y6029744,,,,0,30.0,0,0
75,6,26,12,12,Y6029745,,,,0,30.0,0,0
75,6,26,12,13,Y6029746,,,,0,30.0,0,0
75,6,26,12,14,Y6029747,,,,0,30.0,0,0
75,6,26,12,15,Y6029748,,,,0,30.0,0,0
75,6,26,12,16,Y6029749,,,,0,30.0,0,0
75,6,26,12,17,Y6029750,,,,0,30.0,0,0
75,6,26,12,18,Y6029751,,,,0,30.0,0,0
75,6,26,12,19,Y6029752,,,,0,30.0,0,0
75,6,26,12,20,Y6029753,,,,0,30.0,0,0
75,6,26,12,21,Y6029754,,,,0,30.0,0,0
75,6,26,12,22,Y6029755,,,,0,30.0,0,0
75,6,26,12,23,Y6029756,,,,0,30.0,0,0
75,6,26,12,24,Y6029757,,,,0,30.0,0,0
75,6,26,12,25,Y6029758,,,,0,30.0,0,0
75,6,26,12,26,Y6029759,,,,0,30.0,0,0
75,6,26,12,27,Y6029760,,,,0,30.0,0,0
75,6,26,12,28,Y6029761,,,,0,30.0,0,0
75,6,26,12,29,Y6029762,,,,0,30.0,0,0
75,6,26,12,30,Y6029763,,,,0,30.0,0,0
75,6,27,1,10,Y6029764,,,,0,30.0,0,0
75,6,27,1,11,Y6029765,,,,0,30.0,0,0
75,6,27,1,12,Y6029766,,,,0,30.0,0,0
75,6,27,1,13,Y6029767,,,,0,30.0,0,0
75,6,27,1,14,Y6029768,,,,0,30.0,0,0
75,6,27,1,15,Y6029769,,,,0,30.0,0,0
75,6,27,1,16,Y6029770,,,,0,30.0,0,0
75,6,27,1,17,Y6029771,,,,0,30.0,0,0
75,6,27,1,18,Y6029772,,,,0,30.0,0,0
75,6,27,1,19,Y6029773,,,,0,30.0,0,0
75,6,27,1,20,Y6029774,,,,0,30.0,0,0
75,6,27,1,21,Y6029775,,,,0,30.0,0,0
75,6,27,1,22,Y6029776,,,,0,30.0,0,0
75,6,27,1,23,Y6029777,,,,0,30.0,0,0
75,6,27,1,24,Y6029778,,,,0,30.0,0,0
75,6,27,1,25,Y6029779,,,,0,30.0,0,0
75,6,27,1,26,Y6029780,,,,0,30.0,0,0
75,6,27,1,27,Y6029781,,,,0,30.0,0,0
75,6,27,1,28,Y6029782,,,,0,30.0,0,0
75,6,27,1,29,Y6029783,,,,0,30.0,0,0
75,6,27,1,30,Y6029784,,,,0,30.0,0,0
75,6,27,2,10,Y6029785,,,,0,30.0,0,0
75,6,27,2,11,Y6029786,,,,0,30.0,0,0
75,6,27,2,12,Y6029787,,,,0,30.0,0,0
75,6,27,2,13,Y6029788,,,,0,30.0,0,0
75,6,27,2,14,Y6029789,,,,0,30.0,0,0
75,6,27,2,15,Y6029790,,,,0,30.0,0,0
75,6,27,2,16,Y6029791,,,,0,30.0,0,0
75,6,27,2,17,Y6029792,,,,0,30.0,0,0
75,6,27,2,18,Y6029793,,,,0,30.0,0,0
75,6,27,2,19,Y6029794,,,,0,30.0,0,0
75,6,27,2,20,Y6029795,,,,0,30.0,0,0
75,6,27,2,21,Y6029796,,,,0,30.0,0,0
75,6,27,2,22,Y6029797,,,,0,30.0,0,0
75,6,27,2,23,Y6029798,,,,0,30.0,0,0
75,6,27,2,24,Y6029799,,,,0,30.0,0,0
75,6,27,2,25,Y6029800,,,,0,30.0,0,0
75,6,27,2,26,Y6029801,,,,0,30.0,0,0
75,6,27,2,27,Y6029802,,,,0,30.0,0,0
75,6,27,2,28,Y6029803,,,,0,30.0,0,0
75,6,27,2,29,Y6029804,,,,0,30.0,0,0
75,6,27,2,30,Y6029805,,,,0,30.0,0,0
75,6,27,3,10,Y6029806,,,,0,30.0,0,0
75,6,27,3,11,Y6029807,,,,0,30.0,0,0
75,6,27,3,12,Y6029808,,,,0,30.0,0,0
75,6,27,3,13,Y6029809,,,,0,30.0,0,0
75,6,27,3,14,Y6029810,,,,0,30.0,0,0
75,6,27,3,15,Y6029811,,,,0,30.0,0,0
75,6,27,3,16,Y6029812,,,,0,30.0,0,0
75,6,27,3,17,Y6029813,,,,0,30.0,0,0
75,6,27,3,18,Y6029814,,,,0,30.0,0,0
75,6,27,3,19,Y6029815,,,,0,30.0,0,0
75,6,27,3,20,Y6029816,,,,0,30.0,0,0
75,6,27,3,21,Y6029817,,,,0,30.0,0,0
75,6,27,3,22,Y6029818,,,,0,30.0,0,0
75,6,27,3,23,Y6029819,,,,0,30.0,0,0
75,6,27,3,24,Y6029820,,,,0,30.0,0,0
75,6,27,3,25,Y6029821,,,,0,30.0,0,0
75,6,27,3,26,Y6029822,,,,0,30.0,0,0
75,6,27,3,27,Y6029823,,,,0,30.0,0,0
75,6,27,3,28,Y6029824,,,,0,30.0,0,0
75,6,27,3,29,Y6029825,,,,0,30.0,0,0
75,6,27,3,30,Y6029826,,,,0,30.0,0,0
75,6,27,4,10,Y6029827,,,,0,30.0,0,0
75,6,27,4,11,Y6029828,,,,0,30.0,0,0
75,6,27,4,12,Y6029829,,,,0,30.0,0,0
75,6,27,4,13,Y6029830,,,,0,30.0,0,0
75,6,27,4,14,Y6029831,,,,0,30.0,0,0
75,6,27,4,15,Y6029832,,,,0,30.0,0,0
75,6,27,4,16,Y6029833,,,,0,30.0,0,0
75,6,27,4,17,Y6029834,,,,0,30.0,0,0
75,6,27,4,18,Y6029835,,,,0,30.0,0,0
75,6,27,4,19,Y6029836,,,,0,30.0,0,0
75,6,27,4,20,Y6029837,,,,0,30.0,0,0
75,6,27,4,21,Y6029838,,,,0,30.0,0,0
75,6,27,4,22,Y6029839,,,,0,30.0,0,0
75,6,27,4,23,Y6029840,,,,0,30.0,0,0
75,6,27,4,24,Y6029841,,,,0,30.0,0,0
75,6,27,4,25,Y6029842,,,,0,30.0,0,0
75,6,27,4,26,Y6029843,,,,0,30.0,0,0
75,6,27,4,27,Y6029844,,,,0,30.0,0,0
75,6,27,4,28,Y6029845,,,,0,30.0,0,0
75,6,27,4,29,Y6029846,,,,0,30.0,0,0
75,6,27,4,30,Y6029847,,,,0,30.0,0,0
75,6,27,5,10,Y6029848,,,,0,30.0,0,0
75,6,27,5,11,Y6029849,,,,0,30.0,0,0
75,6,27,5,12,Y6029850,,,,0,30.0,0,0
75,6,27,5,13,Y6029851,,,,0,30.0,0,0
75,6,27,5,14,Y6029852,,,,0,30.0,0,0
75,6,27,5,15,Y6029853,,,,0,30.0,0,0
75,6,27,5,16,Y6029854,,,,0,30.0,0,0
75,6,27,5,17,Y6029855,,,,0,30.0,0,0
75,6,27,5,18,Y6029856,,,,0,30.0,0,0
75,6,27,5,19,Y6029857,,,,0,30.0,0,0
75,6,27,5,20,Y6029858,,,,0,30.0,0,0
75,6,27,5,21,Y6029859,,,,0,30.0,0,0
75,6,27,5,22,Y6029860,,,,0,30.0,0,0
75,6,27,5,23,Y6029861,,,,0,30.0,0,0
75,6,27,5,24,Y6029862,,,,0,30.0,0,0
75,6,27,5,25,Y6029863,,,,0,30.0,0,0
75,6,27,5,26,Y6029864,,,,0,30.0,0,0
75,6,27,5,27,Y6029865,,,,0,30.0,0,0
75,6,27,5,28,Y6029866,,,,0,30.0,0,0
75,6,27,5,29,Y6029867,,,,0,30.0,0,0
75,6,27,5,30,Y6029868,,,,0,30.0,0,0
75,6,27,6,10,Y6029869,,,,0,30.0,0,0
75,6,27,6,11,Y6029870,,,,0,30.0,0,0
75,6,27,6,12,Y6029871,,,,0,30.0,0,0
75,6,27,6,13,Y6029872,,,,0,30.0,0,0
75,6,27,6,14,Y6029873,,,,0,30.0,0,0
75,6,27,6,15,Y6029874,,,,0,30.0,0,0
75,6,27,6,16,Y6029875,,,,0,30.0,0,0
75,6,27,6,17,Y6029876,,,,0,30.0,0,0
75,6,27,6,18,Y6029877,,,,0,30.0,0,0
75,6,27,6,19,Y6029878,,,,0,30.0,0,0
75,6,27,6,20,Y6029879,,,,0,30.0,0,0
75,6,27,6,21,Y6029880,,,,0,30.0,0,0
75,6,27,6,22,Y6029881,,,,0,30.0,0,0
75,6,27,6,23,Y6029882,,,,0,30.0,0,0
75,6,27,6,24,Y6029883,,,,0,30.0,0,0
75,6,27,6,25,Y6029884,,,,0,30.0,0,0
75,6,27,6,26,Y6029885,,,,0,30.0,0,0
75,6,27,6,27,Y6029886,,,,0,30.0,0,0
75,6,27,6,28,Y6029887,,,,0,30.0,0,0
75,6,27,6,29,Y6029888,,,,0,30.0,0,0
75,6,27,6,30,Y6029889,,,,0,30.0,0,0
75,6,27,7,10,Y6029890,,,,0,30.0,0,0
75,6,27,7,11,Y6029891,,,,0,30.0,0,0
75,6,27,7,12,Y6029892,,,,0,30.0,0,0
75,6,27,7,13,Y6029893,,,,0,30.0,0,0
75,6,27,7,14,Y6029894,,,,0,30.0,0,0
75,6,27,7,15,Y6029895,,,,0,30.0,0,0
75,6,27,7,16,Y6029896,,,,0,30.0,0,0
75,6,27,7,17,Y6029897,,,,0,30.0,0,0
75,6,27,7,18,Y6029898,,,,0,30.0,0,0
75,6,27,7,19,Y6029899,,,,0,30.0,0,0
75,6,27,7,20,Y6029900,,,,0,30.0,0,0
75,6,27,7,21,Y6029901,,,,0,30.0,0,0
75,6,27,7,22,Y6029902,,,,0,30.0,0,0
75,6,27,7,23,Y6029903,,,,0,30.0,0,0
75,6,27,7,24,Y6029904,,,,0,30.0,0,0
75,6,27,7,25,Y6029905,,,,0,30.0,0,0
75,6,27,7,26,Y6029906,,,,0,30.0,0,0
75,6,27,7,27,Y6029907,,,,0,30.0,0,0
75,6,27,7,28,Y6029908,,,,0,30.0,0,0
75,6,27,7,29,Y6029909,,,,0,30.0,0,0
75,6,27,7,30,Y6029910,,,,0,30.0,0,0
75,6,27,8,10,Y6029911,,,,0,30.0,0,0
75,6,27,8,11,Y6029912,,,,0,30.0,0,0
75,6,27,8,12,Y6029913,,,,0,30.0,0,0
75,6,27,8,13,Y6029914,,,,0,30.0,0,0
75,6,27,8,14,Y6029915,,,,0,30.0,0,0
75,6,27,8,15,Y6029916,,,,0,30.0,0,0
75,6,27,8,16,Y6029917,,,,0,30.0,0,0
75,6,27,8,17,Y6029918,,,,0,30.0,0,0
75,6,27,8,18,Y6029919,,,,0,30.0,0,0
75,6,27,8,19,Y6029920,,,,0,30.0,0,0
75,6,27,8,20,Y6029921,,,,0,30.0,0,0
75,6,27,8,21,Y6029922,,,,0,30.0,0,0
75,6,27,8,22,Y6029923,,,,0,30.0,0,0
75,6,27,8,23,Y6029924,,,,0,30.0,0,0
75,6,27,8,24,Y6029925,,,,0,30.0,0,0
75,6,27,8,25,Y6029926,,,,0,30.0,0,0
75,6,27,8,26,Y6029927,,,,0,30.0,0,0
75,6,27,8,27,Y6029928,,,,0,30.0,0,0
75,6,27,8,28,Y6029929,,,,0,30.0,0,0
75,6,27,8,29,Y6029930,,,,0,30.0,0,0
75,6,27,8,30,Y6029931,,,,0,30.0,0,0
75,6,27,9,10,Y6029932,,,,0,30.0,0,0
75,6,27,9,11,Y6029933,,,,0,30.0,0,0
75,6,27,9,12,Y6029934,,,,0,30.0,0,0
75,6,27,9,13,Y6029935,,,,0,30.0,0,0
75,6,27,9,14,Y6029936,,,,0,30.0,0,0
75,6,27,9,15,Y6029937,,,,0,30.0,0,0
75,6,27,9,16,Y6029938,,,,0,30.0,0,0
75,6,27,9,17,Y6029939,,,,0,30.0,0,0
75,6,27,9,18,Y6029940,,,,0,30.0,0,0
75,6,27,9,19,Y6029941,,,,0,30.0,0,0
75,6,27,9,20,Y6029942,,,,0,30.0,0,0
75,6,27,9,21,Y6029943,,,,0,30.0,0,0
75,6,27,9,22,Y6029944,,,,0,30.0,0,0
75,6,27,9,23,Y6029945,,,,0,30.0,0,0
75,6,27,9,24,Y6029946,,,,0,30.0,0,0
75,6,27,9,25,Y6029947,,,,0,30.0,0,0
75,6,27,9,26,Y6029948,,,,0,30.0,0,0
75,6,27,9,27,Y6029949,,,,0,30.0,0,0
75,6,27,9,28,Y6029950,,,,0,30.0,0,0
75,6,27,9,29,Y6029951,,,,0,30.0,0,0
75,6,27,9,30,Y6029952,,,,0,30.0,0,0
75,6,27,10,10,Y6029953,,,,0,30.0,0,0
75,6,27,10,11,Y6029954,,,,0,30.0,0,0
75,6,27,10,12,Y6029955,,,,0,30.0,0,0
75,6,27,10,13,Y6029956,,,,0,30.0,0,0
75,6,27,10,14,Y6029957,,,,0,30.0,0,0
75,6,27,10,15,Y6029958,,,,0,30.0,0,0
75,6,27,10,16,Y6029959,,,,0,30.0,0,0
75,6,27,10,17,Y6029960,,,,0,30.0,0,0
75,6,27,10,18,Y6029961,,,,0,30.0,0,0
75,6,27,10,19,Y6029962,,,,0,30.0,0,0
75,6,27,10,20,Y6029963,,,,0,30.0,0,0
75,6,27,10,21,Y6029964,,,,0,30.0,0,0
75,6,27,10,22,Y6029965,,,,0,30.0,0,0
75,6,27,10,23,Y6029966,,,,0,30.0,0,0
75,6,27,10,24,Y6029967,,,,0,30.0,0,0
75,6,27,10,25,Y6029968,,,,0,30.0,0,0
75,6,27,10,26,Y6029969,,,,0,30.0,0,0
75,6,27,10,27,Y6029970,,,,0,30.0,0,0
75,6,27,10,28,Y6029971,,,,0,30.0,0,0
75,6,27,10,29,Y6029972,,,,0,30.0,0,0
75,6,27,10,30,Y6029973,,,,0,30.0,0,0
75,6,27,11,10,Y6029974,,,,0,30.0,0,0
75,6,27,11,11,Y6029975,,,,0,30.0,0,0
75,6,27,11,12,Y6029976,,,,0,30.0,0,0
75,6,27,11,13,Y6029977,,,,0,30.0,0,0
75,6,27,11,14,Y6029978,,,,0,30.0,0,0
75,6,27,11,15,Y6029979,,,,0,30.0,0,0
75,6,27,11,16,Y6029980,,,,0,30.0,0,0
75,6,27,11,17,Y6029981,,,,0,30.0,0,0
75,6,27,11,18,Y6029982,,,,0,30.0,0,0
75,6,27,11,19,Y6029983,,,,0,30.0,0,0
75,6,27,11,20,Y6029984,,,,0,30.0,0,0
75,6,27,11,21,Y6029985,,,,0,30.0,0,0
75,6,27,11,22,Y6029986,,,,0,30.0,0,0
75,6,27,11,23,Y6029987,,,,0,30.0,0,0
75,6,27,11,24,Y6029988,,,,0,30.0,0,0
75,6,27,11,25,Y6029989,,,,0,30.0,0,0
75,6,27,11,26,Y6029990,,,,0,30.0,0,0
75,6,27,11,27,Y6029991,,,,0,30.0,0,0
75,6,27,11,28,Y6029992,,,,0,30.0,0,0
75,6,27,11,29,Y6029993,,,,0,30.0,0,0
75,6,27,11,30,Y6029994,,,,0,30.0,0,0
75,6,27,12,10,Y6029995,,,,0,30.0,0,0
75,6,27,12,11,Y6029996,,,,0,30.0,0,0
75,6,27,12,12,Y6029997,,,,0,30.0,0,0
75,6,27,12,13,Y6029998,,,,0,30.0,0,0
75,6,27,12,14,Y6029999,,,,0,30.0,0,0
75,6,27,12,15,Y6030000,,,,0,30.0,0,0
75,6,27,12,16,Y6030001,,,,0,30.0,0,0
75,6,27,12,17,Y6030002,,,,0,30.0,0,0
75,6,27,12,18,Y6030003,,,,0,30.0,0,0
75,6,27,12,19,Y6030004,,,,0,30.0,0,0
75,6,27,12,20,Y6030005,,,,0,30.0,0,0
75,6,27,12,21,Y6030006,,,,0,30.0,0,0
75,6,27,12,22,Y6030007,,,,0,30.0,0,0
75,6,27,12,23,Y6030008,,,,0,30.0,0,0
75,6,27,12,24,Y6030009,,,,0,30.0,0,0
75,6,27,12,25,Y6030010,,,,0,30.0,0,0
75,6,27,12,26,Y6030011,,,,0,30.0,0,0
75,6,27,12,27,Y6030012,,,,0,30.0,0,0
75,6,27,12,28,Y6030013,,,,0,30.0,0,0
75,6,27,12,29,Y6030014,,,,0,30.0,0,0
75,6,27,12,30,Y6030015,,,,0,30.0,0,0
75,6,28,1,10,Y6030016,,,,0,30.0,0,0
75,6,28,1,11,Y6030017,,,,0,30.0,0,0
75,6,28,1,12,Y6030018,,,,0,30.0,0,0
75,6,28,1,13,Y6030019,,,,0,30.0,0,0
75,6,28,1,14,Y6030020,,,,0,30.0,0,0
75,6,28,1,15,Y6030021,,,,0,30.0,0,0
75,6,28,1,16,Y6030022,,,,0,30.0,0,0
75,6,28,1,17,Y6030023,,,,0,30.0,0,0
75,6,28,1,18,Y6030024,,,,0,30.0,0,0
75,6,28,1,19,Y6030025,,,,0,30.0,0,0
75,6,28,1,20,Y6030026,,,,0,30.0,0,0
75,6,28,1,21,Y6030027,,,,0,30.0,0,0
75,6,28,1,22,Y6030028,,,,0,30.0,0,0
75,6,28,1,23,Y6030029,,,,0,30.0,0,0
75,6,28,1,24,Y6030030,,,,0,30.0,0,0
75,6,28,1,25,Y6030031,,,,0,30.0,0,0
75,6,28,1,26,Y6030032,,,,0,30.0,0,0
75,6,28,1,27,Y6030033,,,,0,30.0,0,0
75,6,28,1,28,Y6030034,,,,0,30.0,0,0
75,6,28,1,29,Y6030035,,,,0,30.0,0,0
75,6,28,1,30,Y6030036,,,,0,30.0,0,0
75,6,28,2,10,Y6030037,,,,0,30.0,0,0
75,6,28,2,11,Y6030038,,,,0,30.0,0,0
75,6,28,2,12,Y6030039,,,,0,30.0,0,0
75,6,28,2,13,Y6030040,,,,0,30.0,0,0
75,6,28,2,14,Y6030041,,,,0,30.0,0,0
75,6,28,2,15,Y6030042,,,,0,30.0,0,0
75,6,28,2,16,Y6030043,,,,0,30.0,0,0
75,6,28,2,17,Y6030044,,,,0,30.0,0,0
75,6,28,2,18,Y6030045,,,,0,30.0,0,0
75,6,28,2,19,Y6030046,,,,0,30.0,0,0
75,6,28,2,20,Y6030047,,,,0,30.0,0,0
75,6,28,2,21,Y6030048,,,,0,30.0,0,0
75,6,28,2,22,Y6030049,,,,0,30.0,0,0
75,6,28,2,23,Y6030050,,,,0,30.0,0,0
75,6,28,2,24,Y6030051,,,,0,30.0,0,0
75,6,28,2,25,Y6030052,,,,0,30.0,0,0
75,6,28,2,26,Y6030053,,,,0,30.0,0,0
75,6,28,2,27,Y6030054,,,,0,30.0,0,0
75,6,28,2,28,Y6030055,,,,0,30.0,0,0
75,6,28,2,29,Y6030056,,,,0,30.0,0,0
75,6,28,2,30,Y6030057,,,,0,30.0,0,0
75,6,28,3,10,Y6030058,,,,0,30.0,0,0
75,6,28,3,11,Y6030059,,,,0,30.0,0,0
75,6,28,3,12,Y6030060,,,,0,30.0,0,0
75,6,28,3,13,Y6030061,,,,0,30.0,0,0
75,6,28,3,14,Y6030062,,,,0,30.0,0,0
75,6,28,3,15,Y6030063,,,,0,30.0,0,0
75,6,28,3,16,Y6030064,,,,0,30.0,0,0
75,6,28,3,17,Y6030065,,,,0,30.0,0,0
75,6,28,3,18,Y6030066,,,,0,30.0,0,0
75,6,28,3,19,Y6030067,,,,0,30.0,0,0
75,6,28,3,20,Y6030068,,,,0,30.0,0,0
75,6,28,3,21,Y6030069,,,,0,30.0,0,0
75,6,28,3,22,Y6030070,,,,0,30.0,0,0
75,6,28,3,23,Y6030071,,,,0,30.0,0,0
75,6,28,3,24,Y6030072,,,,0,30.0,0,0
75,6,28,3,25,Y6030073,,,,0,30.0,0,0
75,6,28,3,26,Y6030074,,,,0,30.0,0,0
75,6,28,3,27,Y6030075,,,,0,30.0,0,0
75,6,28,3,28,Y6030076,,,,0,30.0,0,0
75,6,28,3,29,Y6030077,,,,0,30.0,0,0
75,6,28,3,30,Y6030078,,,,0,30.0,0,0
75,6,28,4,10,Y6030079,,,,0,30.0,0,0
75,6,28,4,11,Y6030080,,,,0,30.0,0,0
75,6,28,4,12,Y6030081,,,,0,30.0,0,0
75,6,28,4,13,Y6030082,,,,0,30.0,0,0
75,6,28,4,14,Y6030083,,,,0,30.0,0,0
75,6,28,4,15,Y6030084,,,,0,30.0,0,0
75,6,28,4,16,Y6030085,,,,0,30.0,0,0
75,6,28,4,17,Y6030086,,,,0,30.0,0,0
75,6,28,4,18,Y6030087,,,,0,30.0,0,0
75,6,28,4,19,Y6030088,,,,0,30.0,0,0
75,6,28,4,20,Y6030089,,,,0,30.0,0,0
75,6,28,4,21,Y6030090,,,,0,30.0,0,0
75,6,28,4,22,Y6030091,,,,0,30.0,0,0
75,6,28,4,23,Y6030092,,,,0,30.0,0,0
75,6,28,4,24,Y6030093,,,,0,30.0,0,0
75,6,28,4,25,Y6030094,,,,0,30.0,0,0
75,6,28,4,26,Y6030095,,,,0,30.0,0,0
75,6,28,4,27,Y6030096,,,,0,30.0,0,0
75,6,28,4,28,Y6030097,,,,0,30.0,0,0
75,6,28,4,29,Y6030098,,,,0,30.0,0,0
75,6,28,4,30,Y6030099,,,,0,30.0,0,0
75,6,28,5,10,Y6030100,,,,0,30.0,0,0
75,6,28,5,11,Y6030101,,,,0,30.0,0,0
75,6,28,5,12,Y6030102,,,,0,30.0,0,0
75,6,28,5,13,Y6030103,,,,0,30.0,0,0
75,6,28,5,14,Y6030104,,,,0,30.0,0,0
75,6,28,5,15,Y6030105,,,,0,30.0,0,0
75,6,28,5,16,Y6030106,,,,0,30.0,0,0
75,6,28,5,17,Y6030107,,,,0,30.0,0,0
75,6,28,5,18,Y6030108,,,,0,30.0,0,0
75,6,28,5,19,Y6030109,,,,0,30.0,0,0
75,6,28,5,20,Y6030110,,,,0,30.0,0,0
75,6,28,5,21,Y6030111,,,,0,30.0,0,0
75,6,28,5,22,Y6030112,,,,0,30.0,0,0
75,6,28,5,23,Y6030113,,,,0,30.0,0,0
75,6,28,5,24,Y6030114,,,,0,30.0,0,0
75,6,28,5,25,Y6030115,,,,0,30.0,0,0
75,6,28,5,26,Y6030116,,,,0,30.0,0,0
75,6,28,5,27,Y6030117,,,,0,30.0,0,0
75,6,28,5,28,Y6030118,,,,0,30.0,0,0
75,6,28,5,29,Y6030119,,,,0,30.0,0,0
75,6,28,5,30,Y6030120,,,,0,30.0,0,0
75,6,28,6,10,Y6030121,,,,0,30.0,0,0
75,6,28,6,11,Y6030122,,,,0,30.0,0,0
75,6,28,6,12,Y6030123,,,,0,30.0,0,0
75,6,28,6,13,Y6030124,,,,0,30.0,0,0
75,6,28,6,14,Y6030125,,,,0,30.0,0,0
75,6,28,6,15,Y6030126,,,,0,30.0,0,0
75,6,28,6,16,Y6030127,,,,0,30.0,0,0
75,6,28,6,17,Y6030128,,,,0,30.0,0,0
75,6,28,6,18,Y6030129,,,,0,30.0,0,0
75,6,28,6,19,Y6030130,,,,0,30.0,0,0
75,6,28,6,20,Y6030131,,,,0,30.0,0,0
75,6,28,6,21,Y6030132,,,,0,30.0,0,0
75,6,28,6,22,Y6030133,,,,0,30.0,0,0
75,6,28,6,23,Y6030134,,,,0,30.0,0,0
75,6,28,6,24,Y6030135,,,,0,30.0,0,0
75,6,28,6,25,Y6030136,,,,0,30.0,0,0
75,6,28,6,26,Y6030137,,,,0,30.0,0,0
75,6,28,6,27,Y6030138,,,,0,30.0,0,0
75,6,28,6,28,Y6030139,,,,0,30.0,0,0
75,6,28,6,29,Y6030140,,,,0,30.0,0,0
75,6,28,6,30,Y6030141,,,,0,30.0,0,0
75,6,28,7,10,Y6030142,,,,0,30.0,0,0
75,6,28,7,11,Y6030143,,,,0,30.0,0,0
75,6,28,7,12,Y6030144,,,,0,30.0,0,0
75,6,28,7,13,Y6030145,,,,0,30.0,0,0
75,6,28,7,14,Y6030146,,,,0,30.0,0,0
75,6,28,7,15,Y6030147,,,,0,30.0,0,0
75,6,28,7,16,Y6030148,,,,0,30.0,0,0
75,6,28,7,17,Y6030149,,,,0,30.0,0,0
75,6,28,7,18,Y6030150,,,,0,30.0,0,0
75,6,28,7,19,Y6030151,,,,0,30.0,0,0
75,6,28,7,20,Y6030152,,,,0,30.0,0,0
75,6,28,7,21,Y6030153,,,,0,30.0,0,0
75,6,28,7,22,Y6030154,,,,0,30.0,0,0
75,6,28,7,23,Y6030155,,,,0,30.0,0,0
75,6,28,7,24,Y6030156,,,,0,30.0,0,0
75,6,28,7,25,Y6030157,,,,0,30.0,0,0
75,6,28,7,26,Y6030158,,,,0,30.0,0,0
75,6,28,7,27,Y6030159,,,,0,30.0,0,0
75,6,28,7,28,Y6030160,,,,0,30.0,0,0
75,6,28,7,29,Y6030161,,,,0,30.0,0,0
75,6,28,7,30,Y6030162,,,,0,30.0,0,0
75,6,28,8,10,Y6030163,,,,0,30.0,0,0
75,6,28,8,11,Y6030164,,,,0,30.0,0,0
75,6,28,8,12,Y6030165,,,,0,30.0,0,0
75,6,28,8,13,Y6030166,,,,0,30.0,0,0
75,6,28,8,14,Y6030167,,,,0,30.0,0,0
75,6,28,8,15,Y6030168,,,,0,30.0,0,0
75,6,28,8,16,Y6030169,,,,0,30.0,0,0
75,6,28,8,17,Y6030170,,,,0,30.0,0,0
75,6,28,8,18,Y6030171,,,,0,30.0,0,0
75,6,28,8,19,Y6030172,,,,0,30.0,0,0
75,6,28,8,20,Y6030173,,,,0,30.0,0,0
75,6,28,8,21,Y6030174,,,,0,30.0,0,0
75,6,28,8,22,Y6030175,,,,0,30.0,0,0
75,6,28,8,23,Y6030176,,,,0,30.0,0,0
75,6,28,8,24,Y6030177,,,,0,30.0,0,0
75,6,28,8,25,Y6030178,,,,0,30.0,0,0
75,6,28,8,26,Y6030179,,,,0,30.0,0,0
75,6,28,8,27,Y6030180,,,,0,30.0,0,0
75,6,28,8,28,Y6030181,,,,0,30.0,0,0
75,6,28,8,29,Y6030182,,,,0,30.0,0,0
75,6,28,8,30,Y6030183,,,,0,30.0,0,0
75,6,28,9,10,Y6030184,,,,0,30.0,0,0
75,6,28,9,11,Y6030185,,,,0,30.0,0,0
75,6,28,9,12,Y6030186,,,,0,30.0,0,0
75,6,28,9,13,Y6030187,,,,0,30.0,0,0
75,6,28,9,14,Y6030188,,,,0,30.0,0,0
75,6,28,9,15,Y6030189,,,,0,30.0,0,0
75,6,28,9,16,Y6030190,,,,0,30.0,0,0
75,6,28,9,17,Y6030191,,,,0,30.0,0,0
75,6,28,9,18,Y6030192,,,,0,30.0,0,0
75,6,28,9,19,Y6030193,,,,0,30.0,0,0
75,6,28,9,20,Y6030194,,,,0,30.0,0,0
75,6,28,9,21,Y6030195,,,,0,30.0,0,0
75,6,28,9,22,Y6030196,,,,0,30.0,0,0
75,6,28,9,23,Y6030197,,,,0,30.0,0,0
75,6,28,9,24,Y6030198,,,,0,30.0,0,0
75,6,28,9,25,Y6030199,,,,0,30.0,0,0
75,6,28,9,26,Y6030200,,,,0,30.0,0,0
75,6,28,9,27,Y6030201,,,,0,30.0,0,0
75,6,28,9,28,Y6030202,,,,0,30.0,0,0
75,6,28,9,29,Y6030203,,,,0,30.0,0,0
75,6,28,9,30,Y6030204,,,,0,30.0,0,0
75,6,28,10,10,Y6030205,,,,0,30.0,0,0
75,6,28,10,11,Y6030206,,,,0,30.0,0,0
75,6,28,10,12,Y6030207,,,,0,30.0,0,0
75,6,28,10,13,Y6030208,,,,0,30.0,0,0
75,6,28,10,14,Y6030209,,,,0,30.0,0,0
75,6,28,10,15,Y6030210,,,,0,30.0,0,0
75,6,28,10,16,Y6030211,,,,0,30.0,0,0
75,6,28,10,17,Y6030212,,,,0,30.0,0,0
75,6,28,10,18,Y6030213,,,,0,30.0,0,0
75,6,28,10,19,Y6030214,,,,0,30.0,0,0
75,6,28,10,20,Y6030215,,,,0,30.0,0,0
75,6,28,10,21,Y6030216,,,,0,30.0,0,0
75,6,28,10,22,Y6030217,,,,0,30.0,0,0
75,6,28,10,23,Y6030218,,,,0,30.0,0,0
75,6,28,10,24,Y6030219,,,,0,30.0,0,0
75,6,28,10,25,Y6030220,,,,0,30.0,0,0
75,6,28,10,26,Y6030221,,,,0,30.0,0,0
75,6,28,10,27,Y6030222,,,,0,30.0,0,0
75,6,28,10,28,Y6030223,,,,0,30.0,0,0
75,6,28,10,29,Y6030224,,,,0,30.0,0,0
75,6,28,10,30,Y6030225,,,,0,30.0,0,0
75,6,28,11,10,Y6030226,,,,0,30.0,0,0
75,6,28,11,11,Y6030227,,,,0,30.0,0,0
75,6,28,11,12,Y6030228,,,,0,30.0,0,0
75,6,28,11,13,Y6030229,,,,0,30.0,0,0
75,6,28,11,14,Y6030230,,,,0,30.0,0,0
75,6,28,11,15,Y6030231,,,,0,30.0,0,0
75,6,28,11,16,Y6030232,,,,0,30.0,0,0
75,6,28,11,17,Y6030233,,,,0,30.0,0,0
75,6,28,11,18,Y6030234,,,,0,30.0,0,0
75,6,28,11,19,Y6030235,,,,0,30.0,0,0
75,6,28,11,20,Y6030236,,,,0,30.0,0,0
75,6,28,11,21,Y6030237,,,,0,30.0,0,0
75,6,28,11,22,Y6030238,,,,0,30.0,0,0
75,6,28,11,23,Y6030239,,,,0,30.0,0,0
75,6,28,11,24,Y6030240,,,,0,30.0,0,0
75,6,28,11,25,Y6030241,,,,0,30.0,0,0
75,6,28,11,26,Y6030242,,,,0,30.0,0,0
75,6,28,11,27,Y6030243,,,,0,30.0,0,0
75,6,28,11,28,Y6030244,,,,0,30.0,0,0
75,6,28,11,29,Y6030245,,,,0,30.0,0,0
75,6,28,11,30,Y6030246,,,,0,30.0,0,0
75,6,28,12,10,Y6030247,,,,0,30.0,0,0
75,6,28,12,11,Y6030248,,,,0,30.0,0,0
75,6,28,12,12,Y6030249,,,,0,30.0,0,0
75,6,28,12,13,Y6030250,,,,0,30.0,0,0
75,6,28,12,14,Y6030251,,,,0,30.0,0,0
75,6,28,12,15,Y6030252,,,,0,30.0,0,0
75,6,28,12,16,Y6030253,,,,0,30.0,0,0
75,6,28,12,17,Y6030254,,,,0,30.0,0,0
75,6,28,12,18,Y6030255,,,,0,30.0,0,0
75,6,28,12,19,Y6030256,,,,0,30.0,0,0
75,6,28,12,20,Y6030257,,,,0,30.0,0,0
75,6,28,12,21,Y6030258,,,,0,30.0,0,0
75,6,28,12,22,Y6030259,,,,0,30.0,0,0
75,6,28,12,23,Y6030260,,,,0,30.0,0,0
75,6,28,12,24,Y6030261,,,,0,30.0,0,0
75,6,28,12,25,Y6030262,,,,0,30.0,0,0
75,6,28,12,26,Y6030263,,,,0,30.0,0,0
75,6,28,12,27,Y6030264,,,,0,30.0,0,0
75,6,28,12,28,Y6030265,,,,0,30.0,0,0
75,6,28,12,29,Y6030266,,,,0,30.0,0,0
75,6,28,12,30,Y6030267,,,,0,30.0,0,0
75,6,29,1,10,Y6030268,,,,0,30.0,0,0
75,6,29,1,11,Y6030269,,,,0,30.0,0,0
75,6,29,1,12,Y6030270,,,,0,30.0,0,0
75,6,29,1,13,Y6030271,,,,0,30.0,0,0
75,6,29,1,14,Y6030272,,,,0,30.0,0,0
75,6,29,1,15,Y6030273,,,,0,30.0,0,0
75,6,29,1,16,Y6030274,,,,0,30.0,0,0
75,6,29,1,17,Y6030275,,,,0,30.0,0,0
75,6,29,1,18,Y6030276,,,,0,30.0,0,0
75,6,29,1,19,Y6030277,,,,0,30.0,0,0
75,6,29,1,20,Y6030278,,,,0,30.0,0,0
75,6,29,1,21,Y6030279,,,,0,30.0,0,0
75,6,29,1,22,Y6030280,,,,0,30.0,0,0
75,6,29,1,23,Y6030281,,,,0,30.0,0,0
75,6,29,1,24,Y6030282,,,,0,30.0,0,0
75,6,29,1,25,Y6030283,,,,0,30.0,0,0
75,6,29,1,26,Y6030284,,,,0,30.0,0,0
75,6,29,1,27,Y6030285,,,,0,30.0,0,0
75,6,29,1,28,Y6030286,,,,0,30.0,0,0
75,6,29,1,29,Y6030287,,,,0,30.0,0,0
75,6,29,1,30,Y6030288,,,,0,30.0,0,0
75,6,29,2,10,Y6030289,,,,0,30.0,0,0
75,6,29,2,11,Y6030290,,,,0,30.0,0,0
75,6,29,2,12,Y6030291,,,,0,30.0,0,0
75,6,29,2,13,Y6030292,,,,0,30.0,0,0
75,6,29,2,14,Y6030293,,,,0,30.0,0,0
75,6,29,2,15,Y6030294,,,,0,30.0,0,0
75,6,29,2,16,Y6030295,,,,0,30.0,0,0
75,6,29,2,17,Y6030296,,,,0,30.0,0,0
75,6,29,2,18,Y6030297,,,,0,30.0,0,0
75,6,29,2,19,Y6030298,,,,0,30.0,0,0
75,6,29,2,20,Y6030299,,,,0,30.0,0,0
75,6,29,2,21,Y6030300,,,,0,30.0,0,0
75,6,29,2,22,Y6030301,,,,0,30.0,0,0
75,6,29,2,23,Y6030302,,,,0,30.0,0,0
75,6,29,2,24,Y6030303,,,,0,30.0,0,0
75,6,29,2,25,Y6030304,,,,0,30.0,0,0
75,6,29,2,26,Y6030305,,,,0,30.0,0,0
75,6,29,2,27,Y6030306,,,,0,30.0,0,0
75,6,29,2,28,Y6030307,,,,0,30.0,0,0
75,6,29,2,29,Y6030308,,,,0,30.0,0,0
75,6,29,2,30,Y6030309,,,,0,30.0,0,0
75,6,29,3,10,Y6030310,,,,0,30.0,0,0
75,6,29,3,11,Y6030311,,,,0,30.0,0,0
75,6,29,3,12,Y6030312,,,,0,30.0,0,0
75,6,29,3,13,Y6030313,,,,0,30.0,0,0
75,6,29,3,14,Y6030314,,,,0,30.0,0,0
75,6,29,3,15,Y6030315,,,,0,30.0,0,0
75,6,29,3,16,Y6030316,,,,0,30.0,0,0
75,6,29,3,17,Y6030317,,,,0,30.0,0,0
75,6,29,3,18,Y6030318,,,,0,30.0,0,0
75,6,29,3,19,Y6030319,,,,0,30.0,0,0
75,6,29,3,20,Y6030320,,,,0,30.0,0,0
75,6,29,3,21,Y6030321,,,,0,30.0,0,0
75,6,29,3,22,Y6030322,,,,0,30.0,0,0
75,6,29,3,23,Y6030323,,,,0,30.0,0,0
75,6,29,3,24,Y6030324,,,,0,30.0,0,0
75,6,29,3,25,Y6030325,,,,0,30.0,0,0
75,6,29,3,26,Y6030326,,,,0,30.0,0,0
75,6,29,3,27,Y6030327,,,,0,30.0,0,0
75,6,29,3,28,Y6030328,,,,0,30.0,0,0
75,6,29,3,29,Y6030329,,,,0,30.0,0,0
75,6,29,3,30,Y6030330,,,,0,30.0,0,0
75,6,29,4,10,Y6030331,,,,0,30.0,0,0
75,6,29,4,11,Y6030332,,,,0,30.0,0,0
75,6,29,4,12,Y6030333,,,,0,30.0,0,0
75,6,29,4,13,Y6030334,,,,0,30.0,0,0
75,6,29,4,14,Y6030335,,,,0,30.0,0,0
75,6,29,4,15,Y6030336,,,,0,30.0,0,0
75,6,29,4,16,Y6030337,,,,0,30.0,0,0
75,6,29,4,17,Y6030338,,,,0,30.0,0,0
75,6,29,4,18,Y6030339,,,,0,30.0,0,0
75,6,29,4,19,Y6030340,,,,0,30.0,0,0
75,6,29,4,20,Y6030341,,,,0,30.0,0,0
75,6,29,4,21,Y6030342,,,,0,30.0,0,0
75,6,29,4,22,Y6030343,,,,0,30.0,0,0
75,6,29,4,23,Y6030344,,,,0,30.0,0,0
75,6,29,4,24,Y6030345,,,,0,30.0,0,0
75,6,29,4,25,Y6030346,,,,0,30.0,0,0
75,6,29,4,26,Y6030347,,,,0,30.0,0,0
75,6,29,4,27,Y6030348,,,,0,30.0,0,0
75,6,29,4,28,Y6030349,,,,0,30.0,0,0
75,6,29,4,29,Y6030350,,,,0,30.0,0,0
75,6,29,4,30,Y6030351,,,,0,30.0,0,0
75,6,29,5,10,Y6030352,,,,0,30.0,0,0
75,6,29,5,11,Y6030353,,,,0,30.0,0,0
75,6,29,5,12,Y6030354,,,,0,30.0,0,0
75,6,29,5,13,Y6030355,,,,0,30.0,0,0
75,6,29,5,14,Y6030356,,,,0,30.0,0,0
75,6,29,5,15,Y6030357,,,,0,30.0,0,0
75,6,29,5,16,Y6030358,,,,0,30.0,0,0
75,6,29,5,17,Y6030359,,,,0,30.0,0,0
75,6,29,5,18,Y6030360,,,,0,30.0,0,0
75,6,29,5,19,Y6030361,,,,0,30.0,0,0
75,6,29,5,20,Y6030362,,,,0,30.0,0,0
75,6,29,5,21,Y6030363,,,,0,30.0,0,0
75,6,29,5,22,Y6030364,,,,0,30.0,0,0
75,6,29,5,23,Y6030365,,,,0,30.0,0,0
75,6,29,5,24,Y6030366,,,,0,30.0,0,0
75,6,29,5,25,Y6030367,,,,0,30.0,0,0
75,6,29,5,26,Y6030368,,,,0,30.0,0,0
75,6,29,5,27,Y6030369,,,,0,30.0,0,0
75,6,29,5,28,Y6030370,,,,0,30.0,0,0
75,6,29,5,29,Y6030371,,,,0,30.0,0,0
75,6,29,5,30,Y6030372,,,,0,30.0,0,0
75,6,29,6,10,Y6030373,,,,0,30.0,0,0
75,6,29,6,11,Y6030374,,,,0,30.0,0,0
75,6,29,6,12,Y6030375,,,,0,30.0,0,0
75,6,29,6,13,Y6030376,,,,0,30.0,0,0
75,6,29,6,14,Y6030377,,,,0,30.0,0,0
75,6,29,6,15,Y6030378,,,,0,30.0,0,0
75,6,29,6,16,Y6030379,,,,0,30.0,0,0
75,6,29,6,17,Y6030380,,,,0,30.0,0,0
75,6,29,6,18,Y6030381,,,,0,30.0,0,0
75,6,29,6,19,Y6030382,,,,0,30.0,0,0
75,6,29,6,20,Y6030383,,,,0,30.0,0,0
75,6,29,6,21,Y6030384,,,,0,30.0,0,0
75,6,29,6,22,Y6030385,,,,0,30.0,0,0
75,6,29,6,23,Y6030386,,,,0,30.0,0,0
75,6,29,6,24,Y6030387,,,,0,30.0,0,0
75,6,29,6,25,Y6030388,,,,0,30.0,0,0
75,6,29,6,26,Y6030389,,,,0,30.0,0,0
75,6,29,6,27,Y6030390,,,,0,30.0,0,0
75,6,29,6,28,Y6030391,,,,0,30.0,0,0
75,6,29,6,29,Y6030392,,,,0,30.0,0,0
75,6,29,6,30,Y6030393,,,,0,30.0,0,0
75,6,29,7,10,Y6030394,,,,0,30.0,0,0
75,6,29,7,11,Y6030395,,,,0,30.0,0,0
75,6,29,7,12,Y6030396,,,,0,30.0,0,0
75,6,29,7,13,Y6030397,,,,0,30.0,0,0
75,6,29,7,14,Y6030398,,,,0,30.0,0,0
75,6,29,7,15,Y6030399,,,,0,30.0,0,0
75,6,29,7,16,Y6030400,,,,0,30.0,0,0
75,6,29,7,17,Y6030401,,,,0,30.0,0,0
75,6,29,7,18,Y6030402,,,,0,30.0,0,0
75,6,29,7,19,Y6030403,,,,0,30.0,0,0
75,6,29,7,20,Y6030404,,,,0,30.0,0,0
75,6,29,7,21,Y6030405,,,,0,30.0,0,0
75,6,29,7,22,Y6030406,,,,0,30.0,0,0
75,6,29,7,23,Y6030407,,,,0,30.0,0,0
75,6,29,7,24,Y6030408,,,,0,30.0,0,0
75,6,29,7,25,Y6030409,,,,0,30.0,0,0
75,6,29,7,26,Y6030410,,,,0,30.0,0,0
75,6,29,7,27,Y6030411,,,,0,30.0,0,0
75,6,29,7,28,Y6030412,,,,0,30.0,0,0
75,6,29,7,29,Y6030413,,,,0,30.0,0,0
75,6,29,7,30,Y6030414,,,,0,30.0,0,0
75,6,29,8,10,Y6030415,,,,0,30.0,0,0
75,6,29,8,11,Y6030416,,,,0,30.0,0,0
75,6,29,8,12,Y6030417,,,,0,30.0,0,0
75,6,29,8,13,Y6030418,,,,0,30.0,0,0
75,6,29,8,14,Y6030419,,,,0,30.0,0,0
75,6,29,8,15,Y6030420,,,,0,30.0,0,0
75,6,29,8,16,Y6030421,,,,0,30.0,0,0
75,6,29,8,17,Y6030422,,,,0,30.0,0,0
75,6,29,8,18,Y6030423,,,,0,30.0,0,0
75,6,29,8,19,Y6030424,,,,0,30.0,0,0
75,6,29,8,20,Y6030425,,,,0,30.0,0,0
75,6,29,8,21,Y6030426,,,,0,30.0,0,0
75,6,29,8,22,Y6030427,,,,0,30.0,0,0
75,6,29,8,23,Y6030428,,,,0,30.0,0,0
75,6,29,8,24,Y6030429,,,,0,30.0,0,0
75,6,29,8,25,Y6030430,,,,0,30.0,0,0
75,6,29,8,26,Y6030431,,,,0,30.0,0,0
75,6,29,8,27,Y6030432,,,,0,30.0,0,0
75,6,29,8,28,Y6030433,,,,0,30.0,0,0
75,6,29,8,29,Y6030434,,,,0,30.0,0,0
75,6,29,8,30,Y6030435,,,,0,30.0,0,0
75,6,29,9,10,Y6030436,,,,0,30.0,0,0
75,6,29,9,11,Y6030437,,,,0,30.0,0,0
75,6,29,9,12,Y6030438,,,,0,30.0,0,0
75,6,29,9,13,Y6030439,,,,0,30.0,0,0
75,6,29,9,14,Y6030440,,,,0,30.0,0,0
75,6,29,9,15,Y6030441,,,,0,30.0,0,0
75,6,29,9,16,Y6030442,,,,0,30.0,0,0
75,6,29,9,17,Y6030443,,,,0,30.0,0,0
75,6,29,9,18,Y6030444,,,,0,30.0,0,0
75,6,29,9,19,Y6030445,,,,0,30.0,0,0
75,6,29,9,20,Y6030446,,,,0,30.0,0,0
75,6,29,9,21,Y6030447,,,,0,30.0,0,0
75,6,29,9,22,Y6030448,,,,0,30.0,0,0
75,6,29,9,23,Y6030449,,,,0,30.0,0,0
75,6,29,9,24,Y6030450,,,,0,30.0,0,0
75,6,29,9,25,Y6030451,,,,0,30.0,0,0
75,6,29,9,26,Y6030452,,,,0,30.0,0,0
75,6,29,9,27,Y6030453,,,,0,30.0,0,0
75,6,29,9,28,Y6030454,,,,0,30.0,0,0
75,6,29,9,29,Y6030455,,,,0,30.0,0,0
75,6,29,9,30,Y6030456,,,,0,30.0,0,0
75,6,29,10,10,Y6030457,,,,0,30.0,0,0
75,6,29,10,11,Y6030458,,,,0,30.0,0,0
75,6,29,10,12,Y6030459,,,,0,30.0,0,0
75,6,29,10,13,Y6030460,,,,0,30.0,0,0
75,6,29,10,14,Y6030461,,,,0,30.0,0,0
75,6,29,10,15,Y6030462,,,,0,30.0,0,0
75,6,29,10,16,Y6030463,,,,0,30.0,0,0
75,6,29,10,17,Y6030464,,,,0,30.0,0,0
75,6,29,10,18,Y6030465,,,,0,30.0,0,0
75,6,29,10,19,Y6030466,,,,0,30.0,0,0
75,6,29,10,20,Y6030467,,,,0,30.0,0,0
75,6,29,10,21,Y6030468,,,,0,30.0,0,0
75,6,29,10,22,Y6030469,,,,0,30.0,0,0
75,6,29,10,23,Y6030470,,,,0,30.0,0,0
75,6,29,10,24,Y6030471,,,,0,30.0,0,0
75,6,29,10,25,Y6030472,,,,0,30.0,0,0
75,6,29,10,26,Y6030473,,,,0,30.0,0,0
75,6,29,10,27,Y6030474,,,,0,30.0,0,0
75,6,29,10,28,Y6030475,,,,0,30.0,0,0
75,6,29,10,29,Y6030476,,,,0,30.0,0,0
75,6,29,10,30,Y6030477,,,,0,30.0,0,0
75,6,29,11,10,Y6030478,,,,0,30.0,0,0
75,6,29,11,11,Y6030479,,,,0,30.0,0,0
75,6,29,11,12,Y6030480,,,,0,30.0,0,0
75,6,29,11,13,Y6030481,,,,0,30.0,0,0
75,6,29,11,14,Y6030482,,,,0,30.0,0,0
75,6,29,11,15,Y6030483,,,,0,30.0,0,0
75,6,29,11,16,Y6030484,,,,0,30.0,0,0
75,6,29,11,17,Y6030485,,,,0,30.0,0,0
75,6,29,11,18,Y6030486,,,,0,30.0,0,0
75,6,29,11,19,Y6030487,,,,0,30.0,0,0
75,6,29,11,20,Y6030488,,,,0,30.0,0,0
75,6,29,11,21,Y6030489,,,,0,30.0,0,0
75,6,29,11,22,Y6030490,,,,0,30.0,0,0
75,6,29,11,23,Y6030491,,,,0,30.0,0,0
75,6,29,11,24,Y6030492,,,,0,30.0,0,0
75,6,29,11,25,Y6030493,,,,0,30.0,0,0
75,6,29,11,26,Y6030494,,,,0,30.0,0,0
75,6,29,11,27,Y6030495,,,,0,30.0,0,0
75,6,29,11,28,Y6030496,,,,0,30.0,0,0
75,6,29,11,29,Y6030497,,,,0,30.0,0,0
75,6,29,11,30,Y6030498,,,,0,30.0,0,0
75,6,29,12,10,Y6030499,,,,0,30.0,0,0
75,6,29,12,11,Y6030500,,,,0,30.0,0,0
75,6,29,12,12,Y6030501,,,,0,30.0,0,0
75,6,29,12,13,Y6030502,,,,0,30.0,0,0
75,6,29,12,14,Y6030503,,,,0,30.0,0,0
75,6,29,12,15,Y6030504,,,,0,30.0,0,0
75,6,29,12,16,Y6030505,,,,0,30.0,0,0
75,6,29,12,17,Y6030506,,,,0,30.0,0,0
75,6,29,12,18,Y6030507,,,,0,30.0,0,0
75,6,29,12,19,Y6030508,,,,0,30.0,0,0
75,6,29,12,20,Y6030509,,,,0,30.0,0,0
75,6,29,12,21,Y6030510,,,,0,30.0,0,0
75,6,29,12,22,Y6030511,,,,0,30.0,0,0
75,6,29,12,23,Y6030512,,,,0,30.0,0,0
75,6,29,12,24,Y6030513,,,,0,30.0,0,0
75,6,29,12,25,Y6030514,,,,0,30.0,0,0
75,6,29,12,26,Y6030515,,,,0,30.0,0,0
75,6,29,12,27,Y6030516,,,,0,30.0,0,0
75,6,29,12,28,Y6030517,,,,0,30.0,0,0
75,6,29,12,29,Y6030518,,,,0,30.0,0,0
75,6,29,12,30,Y6030519,,,,0,30.0,0,0
75,6,30,1,10,Y6030520,,,,0,30.0,0,0
75,6,30,1,11,Y6030521,,,,0,30.0,0,0
75,6,30,1,12,Y6030522,,,,0,30.0,0,0
75,6,30,1,13,Y6030523,,,,0,30.0,0,0
75,6,30,1,14,Y6030524,,,,0,30.0,0,0
75,6,30,1,15,Y6030525,,,,0,30.0,0,0
75,6,30,1,16,Y6030526,,,,0,30.0,0,0
75,6,30,1,17,Y6030527,,,,0,30.0,0,0
75,6,30,1,18,Y6030528,,,,0,30.0,0,0
75,6,30,1,19,Y6030529,,,,0,30.0,0,0
75,6,30,1,20,Y6030530,,,,0,30.0,0,0
75,6,30,1,21,Y6030531,,,,0,30.0,0,0
75,6,30,1,22,Y6030532,,,,0,30.0,0,0
75,6,30,1,23,Y6030533,,,,0,30.0,0,0
75,6,30,1,24,Y6030534,,,,0,30.0,0,0
75,6,30,1,25,Y6030535,,,,0,30.0,0,0
75,6,30,1,26,Y6030536,,,,0,30.0,0,0
75,6,30,1,27,Y6030537,,,,0,30.0,0,0
75,6,30,1,28,Y6030538,,,,0,30.0,0,0
75,6,30,1,29,Y6030539,,,,0,30.0,0,0
75,6,30,1,30,Y6030540,,,,0,30.0,0,0
75,6,30,2,10,Y6030541,,,,0,30.0,0,0
75,6,30,2,11,Y6030542,,,,0,30.0,0,0
75,6,30,2,12,Y6030543,,,,0,30.0,0,0
75,6,30,2,13,Y6030544,,,,0,30.0,0,0
75,6,30,2,14,Y6030545,,,,0,30.0,0,0
75,6,30,2,15,Y6030546,,,,0,30.0,0,0
75,6,30,2,16,Y6030547,,,,0,30.0,0,0
75,6,30,2,17,Y6030548,,,,0,30.0,0,0
75,6,30,2,18,Y6030549,,,,0,30.0,0,0
75,6,30,2,19,Y6030550,,,,0,30.0,0,0
75,6,30,2,20,Y6030551,,,,0,30.0,0,0
75,6,30,2,21,Y6030552,,,,0,30.0,0,0
75,6,30,2,22,Y6030553,,,,0,30.0,0,0
75,6,30,2,23,Y6030554,,,,0,30.0,0,0
75,6,30,2,24,Y6030555,,,,0,30.0,0,0
75,6,30,2,25,Y6030556,,,,0,30.0,0,0
75,6,30,2,26,Y6030557,,,,0,30.0,0,0
75,6,30,2,27,Y6030558,,,,0,30.0,0,0
75,6,30,2,28,Y6030559,,,,0,30.0,0,0
75,6,30,2,29,Y6030560,,,,0,30.0,0,0
75,6,30,2,30,Y6030561,,,,0,30.0,0,0
75,6,30,3,10,Y6030562,,,,0,30.0,0,0
75,6,30,3,11,Y6030563,,,,0,30.0,0,0
75,6,30,3,12,Y6030564,,,,0,30.0,0,0
75,6,30,3,13,Y6030565,,,,0,30.0,0,0
75,6,30,3,14,Y6030566,,,,0,30.0,0,0
75,6,30,3,15,Y6030567,,,,0,30.0,0,0
75,6,30,3,16,Y6030568,,,,0,30.0,0,0
75,6,30,3,17,Y6030569,,,,0,30.0,0,0
75,6,30,3,18,Y6030570,,,,0,30.0,0,0
75,6,30,3,19,Y6030571,,,,0,30.0,0,0
75,6,30,3,20,Y6030572,,,,0,30.0,0,0
75,6,30,3,21,Y6030573,,,,0,30.0,0,0
75,6,30,3,22,Y6030574,,,,0,30.0,0,0
75,6,30,3,23,Y6030575,,,,0,30.0,0,0
75,6,30,3,24,Y6030576,,,,0,30.0,0,0
75,6,30,3,25,Y6030577,,,,0,30.0,0,0
75,6,30,3,26,Y6030578,,,,0,30.0,0,0
75,6,30,3,27,Y6030579,,,,0,30.0,0,0
75,6,30,3,28,Y6030580,,,,0,30.0,0,0
75,6,30,3,29,Y6030581,,,,0,30.0,0,0
75,6,30,3,30,Y6030582,,,,0,30.0,0,0
75,6,30,4,10,Y6030583,,,,0,30.0,0,0
75,6,30,4,11,Y6030584,,,,0,30.0,0,0
75,6,30,4,12,Y6030585,,,,0,30.0,0,0
75,6,30,4,13,Y6030586,,,,0,30.0,0,0
75,6,30,4,14,Y6030587,,,,0,30.0,0,0
75,6,30,4,15,Y6030588,,,,0,30.0,0,0
75,6,30,4,16,Y6030589,,,,0,30.0,0,0
75,6,30,4,17,Y6030590,,,,0,30.0,0,0
75,6,30,4,18,Y6030591,,,,0,30.0,0,0
75,6,30,4,19,Y6030592,,,,0,30.0,0,0
75,6,30,4,20,Y6030593,,,,0,30.0,0,0
75,6,30,4,21,Y6030594,,,,0,30.0,0,0
75,6,30,4,22,Y6030595,,,,0,30.0,0,0
75,6,30,4,23,Y6030596,,,,0,30.0,0,0
75,6,30,4,24,Y6030597,,,,0,30.0,0,0
75,6,30,4,25,Y6030598,,,,0,30.0,0,0
75,6,30,4,26,Y6030599,,,,0,30.0,0,0
75,6,30,4,27,Y6030600,,,,0,30.0,0,0
75,6,30,4,28,Y6030601,,,,0,30.0,0,0
75,6,30,4,29,Y6030602,,,,0,30.0,0,0
75,6,30,4,30,Y6030603,,,,0,30.0,0,0
75,6,30,5,10,Y6030604,,,,0,30.0,0,0
75,6,30,5,11,Y6030605,,,,0,30.0,0,0
75,6,30,5,12,Y6030606,,,,0,30.0,0,0
75,6,30,5,13,Y6030607,,,,0,30.0,0,0
75,6,30,5,14,Y6030608,,,,0,30.0,0,0
75,6,30,5,15,Y6030609,,,,0,30.0,0,0
75,6,30,5,16,Y6030610,,,,0,30.0,0,0
75,6,30,5,17,Y6030611,,,,0,30.0,0,0
75,6,30,5,18,Y6030612,,,,0,30.0,0,0
75,6,30,5,19,Y6030613,,,,0,30.0,0,0
75,6,30,5,20,Y6030614,,,,0,30.0,0,0
75,6,30,5,21,Y6030615,,,,0,30.0,0,0
75,6,30,5,22,Y6030616,,,,0,30.0,0,0
75,6,30,5,23,Y6030617,,,,0,30.0,0,0
75,6,30,5,24,Y6030618,,,,0,30.0,0,0
75,6,30,5,25,Y6030619,,,,0,30.0,0,0
75,6,30,5,26,Y6030620,,,,0,30.0,0,0
75,6,30,5,27,Y6030621,,,,0,30.0,0,0
75,6,30,5,28,Y6030622,,,,0,30.0,0,0
75,6,30,5,29,Y6030623,,,,0,30.0,0,0
75,6,30,5,30,Y6030624,,,,0,30.0,0,0
75,6,30,6,10,Y6030625,,,,0,30.0,0,0
75,6,30,6,11,Y6030626,,,,0,30.0,0,0
75,6,30,6,12,Y6030627,,,,0,30.0,0,0
75,6,30,6,13,Y6030628,,,,0,30.0,0,0
75,6,30,6,14,Y6030629,,,,0,30.0,0,0
75,6,30,6,15,Y6030630,,,,0,30.0,0,0
75,6,30,6,16,Y6030631,,,,0,30.0,0,0
75,6,30,6,17,Y6030632,,,,0,30.0,0,0
75,6,30,6,18,Y6030633,,,,0,30.0,0,0
75,6,30,6,19,Y6030634,,,,0,30.0,0,0
75,6,30,6,20,Y6030635,,,,0,30.0,0,0
75,6,30,6,21,Y6030636,,,,0,30.0,0,0
75,6,30,6,22,Y6030637,,,,0,30.0,0,0
75,6,30,6,23,Y6030638,,,,0,30.0,0,0
75,6,30,6,24,Y6030639,,,,0,30.0,0,0
75,6,30,6,25,Y6030640,,,,0,30.0,0,0
75,6,30,6,26,Y6030641,,,,0,30.0,0,0
75,6,30,6,27,Y6030642,,,,0,30.0,0,0
75,6,30,6,28,Y6030643,,,,0,30.0,0,0
75,6,30,6,29,Y6030644,,,,0,30.0,0,0
75,6,30,6,30,Y6030645,,,,0,30.0,0,0
75,6,30,7,10,Y6030646,,,,0,30.0,0,0
75,6,30,7,11,Y6030647,,,,0,30.0,0,0
75,6,30,7,12,Y6030648,,,,0,30.0,0,0
75,6,30,7,13,Y6030649,,,,0,30.0,0,0
75,6,30,7,14,Y6030650,,,,0,30.0,0,0
75,6,30,7,15,Y6030651,,,,0,30.0,0,0
75,6,30,7,16,Y6030652,,,,0,30.0,0,0
75,6,30,7,17,Y6030653,,,,0,30.0,0,0
75,6,30,7,18,Y6030654,,,,0,30.0,0,0
75,6,30,7,19,Y6030655,,,,0,30.0,0,0
75,6,30,7,20,Y6030656,,,,0,30.0,0,0
75,6,30,7,21,Y6030657,,,,0,30.0,0,0
75,6,30,7,22,Y6030658,,,,0,30.0,0,0
75,6,30,7,23,Y6030659,,,,0,30.0,0,0
75,6,30,7,24,Y6030660,,,,0,30.0,0,0
75,6,30,7,25,Y6030661,,,,0,30.0,0,0
75,6,30,7,26,Y6030662,,,,0,30.0,0,0
75,6,30,7,27,Y6030663,,,,0,30.0,0,0
75,6,30,7,28,Y6030664,,,,0,30.0,0,0
75,6,30,7,29,Y6030665,,,,0,30.0,0,0
75,6,30,7,30,Y6030666,,,,0,30.0,0,0
75,6,30,8,10,Y6030667,,,,0,30.0,0,0
75,6,30,8,11,Y6030668,,,,0,30.0,0,0
75,6,30,8,12,Y6030669,,,,0,30.0,0,0
75,6,30,8,13,Y6030670,,,,0,30.0,0,0
75,6,30,8,14,Y6030671,,,,0,30.0,0,0
75,6,30,8,15,Y6030672,,,,0,30.0,0,0
75,6,30,8,16,Y6030673,,,,0,30.0,0,0
75,6,30,8,17,Y6030674,,,,0,30.0,0,0
75,6,30,8,18,Y6030675,,,,0,30.0,0,0
75,6,30,8,19,Y6030676,,,,0,30.0,0,0
75,6,30,8,20,Y6030677,,,,0,30.0,0,0
75,6,30,8,21,Y6030678,,,,0,30.0,0,0
75,6,30,8,22,Y6030679,,,,0,30.0,0,0
75,6,30,8,23,Y6030680,,,,0,30.0,0,0
75,6,30,8,24,Y6030681,,,,0,30.0,0,0
75,6,30,8,25,Y6030682,,,,0,30.0,0,0
75,6,30,8,26,Y6030683,,,,0,30.0,0,0
75,6,30,8,27,Y6030684,,,,0,30.0,0,0
75,6,30,8,28,Y6030685,,,,0,30.0,0,0
75,6,30,8,29,Y6030686,,,,0,30.0,0,0
75,6,30,8,30,Y6030687,,,,0,30.0,0,0
75,6,30,9,10,Y6030688,,,,0,30.0,0,0
75,6,30,9,11,Y6030689,,,,0,30.0,0,0
75,6,30,9,12,Y6030690,,,,0,30.0,0,0
75,6,30,9,13,Y6030691,,,,0,30.0,0,0
75,6,30,9,14,Y6030692,,,,0,30.0,0,0
75,6,30,9,15,Y6030693,,,,0,30.0,0,0
75,6,30,9,16,Y6030694,,,,0,30.0,0,0
75,6,30,9,17,Y6030695,,,,0,30.0,0,0
75,6,30,9,18,Y6030696,,,,0,30.0,0,0
75,6,30,9,19,Y6030697,,,,0,30.0,0,0
75,6,30,9,20,Y6030698,,,,0,30.0,0,0
75,6,30,9,21,Y6030699,,,,0,30.0,0,0
75,6,30,9,22,Y6030700,,,,0,30.0,0,0
75,6,30,9,23,Y6030701,,,,0,30.0,0,0
75,6,30,9,24,Y6030702,,,,0,30.0,0,0
75,6,30,9,25,Y6030703,,,,0,30.0,0,0
75,6,30,9,26,Y6030704,,,,0,30.0,0,0
75,6,30,9,27,Y6030705,,,,0,30.0,0,0
75,6,30,9,28,Y6030706,,,,0,30.0,0,0
75,6,30,9,29,Y6030707,,,,0,30.0,0,0
75,6,30,9,30,Y6030708,,,,0,30.0,0,0
75,6,30,10,10,Y6030709,,,,0,30.0,0,0
75,6,30,10,11,Y6030710,,,,0,30.0,0,0
75,6,30,10,12,Y6030711,,,,0,30.0,0,0
75,6,30,10,13,Y6030712,,,,0,30.0,0,0
75,6,30,10,14,Y6030713,,,,0,30.0,0,0
75,6,30,10,15,Y6030714,,,,0,30.0,0,0
75,6,30,10,16,Y6030715,,,,0,30.0,0,0
75,6,30,10,17,Y6030716,,,,0,30.0,0,0
75,6,30,10,18,Y6030717,,,,0,30.0,0,0
75,6,30,10,19,Y6030718,,,,0,30.0,0,0
75,6,30,10,20,Y6030719,,,,0,30.0,0,0
75,6,30,10,21,Y6030720,,,,0,30.0,0,0
75,6,30,10,22,Y6030721,,,,0,30.0,0,0
75,6,30,10,23,Y6030722,,,,0,30.0,0,0
75,6,30,10,24,Y6030723,,,,0,30.0,0,0
75,6,30,10,25,Y6030724,,,,0,30.0,0,0
75,6,30,10,26,Y6030725,,,,0,30.0,0,0
75,6,30,10,27,Y6030726,,,,0,30.0,0,0
75,6,30,10,28,Y6030727,,,,0,30.0,0,0
75,6,30,10,29,Y6030728,,,,0,30.0,0,0
75,6,30,10,30,Y6030729,,,,0,30.0,0,0
75,6,30,11,10,Y6030730,,,,0,30.0,0,0
75,6,30,11,11,Y6030731,,,,0,30.0,0,0
75,6,30,11,12,Y6030732,,,,0,30.0,0,0
75,6,30,11,13,Y6030733,,,,0,30.0,0,0
75,6,30,11,14,Y6030734,,,,0,30.0,0,0
75,6,30,11,15,Y6030735,,,,0,30.0,0,0
75,6,30,11,16,Y6030736,,,,0,30.0,0,0
75,6,30,11,17,Y6030737,,,,0,30.0,0,0
75,6,30,11,18,Y6030738,,,,0,30.0,0,0
75,6,30,11,19,Y6030739,,,,0,30.0,0,0
75,6,30,11,20,Y6030740,,,,0,30.0,0,0
75,6,30,11,21,Y6030741,,,,0,30.0,0,0
75,6,30,11,22,Y6030742,,,,0,30.0,0,0
75,6,30,11,23,Y6030743,,,,0,30.0,0,0
75,6,30,11,24,Y6030744,,,,0,30.0,0,0
75,6,30,11,25,Y6030745,,,,0,30.0,0,0
75,6,30,11,26,Y6030746,,,,0,30.0,0,0
75,6,30,11,27,Y6030747,,,,0,30.0,0,0
75,6,30,11,28,Y6030748,,,,0,30.0,0,0
75,6,30,11,29,Y6030749,,,,0,30.0,0,0
75,6,30,11,30,Y6030750,,,,0,30.0,0,0
75,6,30,12,10,Y6030751,,,,0,30.0,0,0
75,6,30,12,11,Y6030752,,,,0,30.0,0,0
75,6,30,12,12,Y6030753,,,,0,30.0,0,0
75,6,30,12,13,Y6030754,,,,0,30.0,0,0
75,6,30,12,14,Y6030755,,,,0,30.0,0,0
75,6,30,12,15,Y6030756,,,,0,30.0,0,0
75,6,30,12,16,Y6030757,,,,0,30.0,0,0
75,6,30,12,17,Y6030758,,,,0,30.0,0,0
75,6,30,12,18,Y6030759,,,,0,30.0,0,0
75,6,30,12,19,Y6030760,,,,0,30.0,0,0
75,6,30,12,20,Y6030761,,,,0,30.0,0,0
75,6,30,12,21,Y6030762,,,,0,30.0,0,0
75,6,30,12,22,Y6030763,,,,0,30.0,0,0
75,6,30,12,23,Y6030764,,,,0,30.0,0,0
75,6,30,12,24,Y6030765,,,,0,30.0,0,0
75,6,30,12,25,Y6030766,,,,0,30.0,0,0
75,6,30,12,26,Y6030767,,,,0,30.0,0,0
75,6,30,12,27,Y6030768,,,,0,30.0,0,0
75,6,30,12,28,Y6030769,,,,0,30.0,0,0
75,6,30,12,29,Y6030770,,,,0,30.0,0,0
75,6,30,12,30,Y6030771,,,,0,30.0,0,0
75,7,0,1,10,Y6030772,,,,0,30.0,0,0
75,7,0,1,11,Y6030773,,,,0,30.0,0,0
75,7,0,1,12,Y6030774,,,,0,30.0,0,0
75,7,0,1,13,Y6030775,,,,0,30.0,0,0
75,7,0,1,14,Y6030776,,,,0,30.0,0,0
75,7,0,1,15,Y6030777,,,,0,30.0,0,0
75,7,0,1,16,Y6030778,,,,0,30.0,0,0
75,7,0,1,17,Y6030779,,,,0,30.0,0,0
75,7,0,1,18,Y6030780,,,,4357,30.0,0,0
75,7,0,1,19,Y6030781,,,,4842,30.0,0,0
75,7,0,1,20,Y6030782,,,,4551,30.0,0,0
75,7,0,1,21,Y6030783,,,,0,30.0,0,0
75,7,0,1,22,Y6030784,,,,0,30.0,0,0
75,7,0,1,23,Y6030785,,,,0,30.0,0,0
75,7,0,1,24,Y6030786,,,,0,30.0,0,0
75,7,0,1,25,Y6030787,,,,0,30.0,0,0
75,7,0,1,26,Y6030788,,,,0,30.0,0,0
75,7,0,1,27,Y6030789,,,,0,30.0,0,0
75,7,0,1,28,Y6030790,,,,0,30.0,0,0
75,7,0,1,29,Y6030791,,,,0,30.0,0,0
75,7,0,1,30,Y6030792,,,,0,30.0,0,0
75,7,0,2,10,Y6030793,,,,0,30.0,0,0
75,7,0,2,11,Y6030794,,,,0,30.0,0,0
75,7,0,2,12,Y6030795,,,,0,30.0,0,0
75,7,0,2,13,Y6030796,,,,0,30.0,0,0
75,7,0,2,14,Y6030797,,,,0,30.0,0,0
75,7,0,2,15,Y6030798,,,,0,30.0,0,0
75,7,0,2,16,Y6030799,,,,0,30.0,0,0
75,7,0,2,17,Y6030800,,,,0,30.0,0,0
75,7,0,2,18,Y6030801,,,,4351,30.0,0,0
75,7,0,2,19,Y6030802,,,,4832,30.0,0,0
75,7,0,2,20,Y6030803,,,,4541,30.0,0,0
75,7,0,2,21,Y6030804,,,,0,30.0,0,0
75,7,0,2,22,Y6030805,,,,0,30.0,0,0
75,7,0,2,23,Y6030806,,,,0,30.0,0,0
75,7,0,2,24,Y6030807,,,,0,30.0,0,0
75,7,0,2,25,Y6030808,,,,0,30.0,0,0
75,7,0,2,26,Y6030809,,,,0,30.0,0,0
75,7,0,2,27,Y6030810,,,,0,30.0,0,0
75,7,0,2,28,Y6030811,,,,0,30.0,0,0
75,7,0,2,29,Y6030812,,,,0,30.0,0,0
75,7,0,2,30,Y6030813,,,,0,30.0,0,0
75,7,0,3,10,Y6030814,,,,0,30.0,0,0
75,7,0,3,11,Y6030815,,,,0,30.0,0,0
75,7,0,3,12,Y6030816,,,,0,30.0,0,0
75,7,0,3,13,Y6030817,,,,0,30.0,0,0
75,7,0,3,14,Y6030818,,,,0,30.0,0,0
75,7,0,3,15,Y6030819,,,,0,30.0,0,0
75,7,0,3,16,Y6030820,,,,0,30.0,0,0
75,7,0,3,17,Y6030821,,,,0,30.0,0,0
75,7,0,3,18,Y6030822,,,,4396,30.0,0,0
75,7,0,3,19,Y6030823,,,,4875,30.0,0,0
75,7,0,3,20,Y6030824,,,,4584,30.0,0,0
75,7,0,3,21,Y6030825,,,,0,30.0,0,0
75,7,0,3,22,Y6030826,,,,0,30.0,0,0
75,7,0,3,23,Y6030827,,,,0,30.0,0,0
75,7,0,3,24,Y6030828,,,,0,30.0,0,0
75,7,0,3,25,Y6030829,,,,0,30.0,0,0
75,7,0,3,26,Y6030830,,,,0,30.0,0,0
75,7,0,3,27,Y6030831,,,,0,30.0,0,0
75,7,0,3,28,Y6030832,,,,0,30.0,0,0
75,7,0,3,29,Y6030833,,,,0,30.0,0,0
75,7,0,3,30,Y6030834,,,,0,30.0,0,0
75,7,0,4,10,Y6030835,,,,0,30.0,0,0
75,7,0,4,11,Y6030836,,,,0,30.0,0,0
75,7,0,4,12,Y6030837,,,,0,30.0,0,0
75,7,0,4,13,Y6030838,,,,0,30.0,0,0
75,7,0,4,14,Y6030839,,,,0,30.0,0,0
75,7,0,4,15,Y6030840,,,,0,30.0,0,0
75,7,0,4,16,Y6030841,,,,0,30.0,0,0
75,7,0,4,17,Y6030842,,,,0,30.0,0,0
75,7,0,4,18,Y6030843,,,,4493,30.0,0,0
75,7,0,4,19,Y6030844,,,,4957,30.0,0,0
75,7,0,4,20,Y6030845,,,,4665,30.0,0,0
75,7,0,4,21,Y6030846,,,,0,30.0,0,0
75,7,0,4,22,Y6030847,,,,0,30.0,0,0
75,7,0,4,23,Y6030848,,,,0,30.0,0,0
75,7,0,4,24,Y6030849,,,,0,30.0,0,0
75,7,0,4,25,Y6030850,,,,0,30.0,0,0
75,7,0,4,26,Y6030851,,,,0,30.0,0,0
75,7,0,4,27,Y6030852,,,,0,30.0,0,0
75,7,0,4,28,Y6030853,,,,0,30.0,0,0
75,7,0,4,29,Y6030854,,,,0,30.0,0,0
75,7,0,4,30,Y6030855,,,,0,30.0,0,0
75,7,0,5,10,Y6030856,,,,0,30.0,0,0
75,7,0,5,11,Y6030857,,,,0,30.0,0,0
75,7,0,5,12,Y6030858,,,,0,30.0,0,0
75,7,0,5,13,Y6030859,,,,0,30.0,0,0
75,7,0,5,14,Y6030860,,,,0,30.0,0,0
75,7,0,5,15,Y6030861,,,,0,30.0,0,0
75,7,0,5,16,Y6030862,,,,0,30.0,0,0
75,7,0,5,17,Y6030863,,,,0,30.0,0,0
75,7,0,5,18,Y6030864,,,,4520,30.0,0,0
75,7,0,5,19,Y6030865,,,,5023,30.0,0,0
75,7,0,5,20,Y6030866,,,,4729,30.0,0,0
75,7,0,5,21,Y6030867,,,,0,30.0,0,0
75,7,0,5,22,Y6030868,,,,0,30.0,0,0
75,7,0,5,23,Y6030869,,,,0,30.0,0,0
75,7,0,5,24,Y6030870,,,,0,30.0,0,0
75,7,0,5,25,Y6030871,,,,0,30.0,0,0
75,7,0,5,26,Y6030872,,,,0,30.0,0,0
75,7,0,5,27,Y6030873,,,,0,30.0,0,0
75,7,0,5,28,Y6030874,,,,0,30.0,0,0
75,7,0,5,29,Y6030875,,,,0,30.0,0,0
75,7,0,5,30,Y6030876,,,,0,30.0,0,0
75,7,0,6,10,Y6030877,,,,0,30.0,0,0
75,7,0,6,11,Y6030878,,,,0,30.0,0,0
75,7,0,6,12,Y6030879,,,,0,30.0,0,0
75,7,0,6,13,Y6030880,,,,0,30.0,0,0
75,7,0,6,14,Y6030881,,,,0,30.0,0,0
75,7,0,6,15,Y6030882,,,,0,30.0,0,0
75,7,0,6,16,Y6030883,,,,0,30.0,0,0
75,7,0,6,17,Y6030884,,,,0,30.0,0,0
75,7,0,6,18,Y6030885,,,,4517,30.0,0,0
75,7,0,6,19,Y6030886,,,,5020,30.0,0,0
75,7,0,6,20,Y6030887,,,,4719,30.0,0,0
75,7,0,6,21,Y6030888,,,,0,30.0,0,0
75,7,0,6,22,Y6030889,,,,0,30.0,0,0
75,7,0,6,23,Y6030890,,,,0,30.0,0,0
75,7,0,6,24,Y6030891,,,,0,30.0,0,0
75,7,0,6,25,Y6030892,,,,0,30.0,0,0
75,7,0,6,26,Y6030893,,,,0,30.0,0,0
75,7,0,6,27,Y6030894,,,,0,30.0,0,0
75,7,0,6,28,Y6030895,,,,0,30.0,0,0
75,7,0,6,29,Y6030896,,,,0,30.0,0,0
75,7,0,6,30,Y6030897,,,,0,30.0,0,0
75,7,0,7,10,Y6030898,,,,0,30.0,0,0
75,7,0,7,11,Y6030899,,,,0,30.0,0,0
75,7,0,7,12,Y6030900,,,,0,30.0,0,0
75,7,0,7,13,Y6030901,,,,0,30.0,0,0
75,7,0,7,14,Y6030902,,,,0,30.0,0,0
75,7,0,7,15,Y6030903,,,,0,30.0,0,0
75,7,0,7,16,Y6030904,,,,0,30.0,0,0
75,7,0,7,17,Y6030905,,,,0,30.0,0,0
75,7,0,7,18,Y6030906,,,,4546,30.0,0,0
75,7,0,7,19,Y6030907,,,,5060,30.0,0,0
75,7,0,7,20,Y6030908,,,,4757,30.0,0,0
75,7,0,7,21,Y6030909,,,,0,30.0,0,0
75,7,0,7,22,Y6030910,,,,0,30.0,0,0
75,7,0,7,23,Y6030911,,,,0,30.0,0,0
75,7,0,7,24,Y6030912,,,,0,30.0,0,0
75,7,0,7,25,Y6030913,,,,0,30.0,0,0
75,7,0,7,26,Y6030914,,,,0,30.0,0,0
75,7,0,7,27,Y6030915,,,,0,30.0,0,0
75,7,0,7,28,Y6030916,,,,0,30.0,0,0
75,7,0,7,29,Y6030917,,,,0,30.0,0,0
75,7,0,7,30,Y6030918,,,,0,30.0,0,0
75,7,0,8,10,Y6030919,,,,0,30.0,0,0
75,7,0,8,11,Y6030920,,,,0,30.0,0,0
75,7,0,8,12,Y6030921,,,,0,30.0,0,0
75,7,0,8,13,Y6030922,,,,0,30.0,0,0
75,7,0,8,14,Y6030923,,,,0,30.0,0,0
75,7,0,8,15,Y6030924,,,,0,30.0,0,0
75,7,0,8,16,Y6030925,,,,0,30.0,0,0
75,7,0,8,17,Y6030926,,,,0,30.0,0,0
75,7,0,8,18,Y6030927,,,,4533,30.0,0,0
75,7,0,8,19,Y6030928,,,,5004,30.0,0,0
75,7,0,8,20,Y6030929,,,,4705,30.0,0,0
75,7,0,8,21,Y6030930,,,,0,30.0,0,0
75,7,0,8,22,Y6030931,,,,0,30.0,0,0
75,7,0,8,23,Y6030932,,,,0,30.0,0,0
75,7,0,8,24,Y6030933,,,,0,30.0,0,0
75,7,0,8,25,Y6030934,,,,0,30.0,0,0
75,7,0,8,26,Y6030935,,,,0,30.0,0,0
75,7,0,8,27,Y6030936,,,,0,30.0,0,0
75,7,0,8,28,Y6030937,,,,0,30.0,0,0
75,7,0,8,29,Y6030938,,,,0,30.0,0,0
75,7,0,8,30,Y6030939,,,,0,30.0,0,0
75,7,0,9,10,Y6030940,,,,0,30.0,0,0
75,7,0,9,11,Y6030941,,,,0,30.0,0,0
75,7,0,9,12,Y6030942,,,,0,30.0,0,0
75,7,0,9,13,Y6030943,,,,0,30.0,0,0
75,7,0,9,14,Y6030944,,,,0,30.0,0,0
75,7,0,9,15,Y6030945,,,,0,30.0,0,0
75,7,0,9,16,Y6030946,,,,0,30.0,0,0
75,7,0,9,17,Y6030947,,,,0,30.0,0,0
75,7,0,9,18,Y6030948,,,,4539,30.0,0,0
75,7,0,9,19,Y6030949,,,,5027,30.0,0,0
75,7,0,9,20,Y6030950,,,,4726,30.0,0,0
75,7,0,9,21,Y6030951,,,,0,30.0,0,0
75,7,0,9,22,Y6030952,,,,0,30.0,0,0
75,7,0,9,23,Y6030953,,,,0,30.0,0,0
75,7,0,9,24,Y6030954,,,,0,30.0,0,0
75,7,0,9,25,Y6030955,,,,0,30.0,0,0
75,7,0,9,26,Y6030956,,,,0,30.0,0,0
75,7,0,9,27,Y6030957,,,,0,30.0,0,0
75,7,0,9,28,Y6030958,,,,0,30.0,0,0
75,7,0,9,29,Y6030959,,,,0,30.0,0,0
75,7,0,9,30,Y6030960,,,,0,30.0,0,0
75,7,0,10,10,Y6030961,,,,0,30.0,0,0
75,7,0,10,11,Y6030962,,,,0,30.0,0,0
75,7,0,10,12,Y6030963,,,,0,30.0,0,0
75,7,0,10,13,Y6030964,,,,0,30.0,0,0
75,7,0,10,14,Y6030965,,,,0,30.0,0,0
75,7,0,10,15,Y6030966,,,,0,30.0,0,0
75,7,0,10,16,Y6030967,,,,0,30.0,0,0
75,7,0,10,17,Y6030968,,,,0,30.0,0,0
75,7,0,10,18,Y6030969,,,,4583,30.0,0,0
75,7,0,10,19,Y6030970,,,,5117,30.0,0,0
75,7,0,10,20,Y6030971,,,,4760,30.0,0,0
75,7,0,10,21,Y6030972,,,,0,30.0,0,0
75,7,0,10,22,Y6030973,,,,0,30.0,0,0
75,7,0,10,23,Y6030974,,,,0,30.0,0,0
75,7,0,10,24,Y6030975,,,,0,30.0,0,0
75,7,0,10,25,Y6030976,,,,0,30.0,0,0
75,7,0,10,26,Y6030977,,,,0,30.0,0,0
75,7,0,10,27,Y6030978,,,,0,30.0,0,0
75,7,0,10,28,Y6030979,,,,0,30.0,0,0
75,7,0,10,29,Y6030980,,,,0,30.0,0,0
75,7,0,10,30,Y6030981,,,,0,30.0,0,0
75,7,0,11,10,Y6030982,,,,0,30.0,0,0
75,7,0,11,11,Y6030983,,,,0,30.0,0,0
75,7,0,11,12,Y6030984,,,,0,30.0,0,0
75,7,0,11,13,Y6030985,,,,0,30.0,0,0
75,7,0,11,14,Y6030986,,,,0,30.0,0,0
75,7,0,11,15,Y6030987,,,,0,30.0,0,0
75,7,0,11,16,Y6030988,,,,0,30.0,0,0
75,7,0,11,17,Y6030989,,,,0,30.0,0,0
75,7,0,11,18,Y6030990,,,,4662,30.0,0,0
75,7,0,11,19,Y6030991,,,,5180,30.0,0,0
75,7,0,11,20,Y6030992,,,,4817,30.0,0,0
75,7,0,11,21,Y6030993,,,,0,30.0,0,0
75,7,0,11,22,Y6030994,,,,0,30.0,0,0
75,7,0,11,23,Y6030995,,,,0,30.0,0,0
75,7,0,11,24,Y6030996,,,,0,30.0,0,0
75,7,0,11,25,Y6030997,,,,0,30.0,0,0
75,7,0,11,26,Y6030998,,,,0,30.0,0,0
75,7,0,11,27,Y6030999,,,,0,30.0,0,0
75,7,0,11,28,Y6031000,,,,0,30.0,0,0
75,7,0,11,29,Y6031001,,,,0,30.0,0,0
75,7,0,11,30,Y6031002,,,,0,30.0,0,0
75,7,0,12,10,Y6031003,,,,0,30.0,0,0
75,7,0,12,11,Y6031004,,,,0,30.0,0,0
75,7,0,12,12,Y6031005,,,,0,30.0,0,0
75,7,0,12,13,Y6031006,,,,0,30.0,0,0
75,7,0,12,14,Y6031007,,,,0,30.0,0,0
75,7,0,12,15,Y6031008,,,,0,30.0,0,0
75,7,0,12,16,Y6031009,,,,0,30.0,0,0
75,7,0,12,17,Y6031010,,,,0,30.0,0,0
75,7,0,12,18,Y6031011,,,,4992,30.0,0,0
75,7,0,12,19,Y6031012,,,,5480,30.0,0,0
75,7,0,12,20,Y6031013,,,,5132,30.0,0,0
75,7,0,12,21,Y6031014,,,,0,30.0,0,0
75,7,0,12,22,Y6031015,,,,0,30.0,0,0
75,7,0,12,23,Y6031016,,,,0,30.0,0,0
75,7,0,12,24,Y6031017,,,,0,30.0,0,0
75,7,0,12,25,Y6031018,,,,0,30.0,0,0
75,7,0,12,26,Y6031019,,,,0,30.0,0,0
75,7,0,12,27,Y6031020,,,,0,30.0,0,0
75,7,0,12,28,Y6031021,,,,0,30.0,0,0
75,7,0,12,29,Y6031022,,,,0,30.0,0,0
75,7,0,12,30,Y6031023,,,,0,30.0,0,0
75,7,1,1,10,Y6031024,,,,0,30.0,0,0
75,7,1,1,11,Y6031025,,,,0,30.0,0,0
75,7,1,1,12,Y6031026,,,,0,30.0,0,0
75,7,1,1,13,Y6031027,,,,0,30.0,0,0
75,7,1,1,14,Y6031028,,,,0,30.0,0,0
75,7,1,1,15,Y6031029,,,,0,30.0,0,0
75,7,1,1,16,Y6031030,,,,0,30.0,0,0
75,7,1,1,17,Y6031031,,,,0,30.0,0,0
75,7,1,1,18,Y6031032,,,,4364,30.0,0,0
75,7,1,1,19,Y6031033,,,,4849,30.0,0,0
75,7,1,1,20,Y6031034,,,,4558,30.0,0,0
75,7,1,1,21,Y6031035,,,,0,30.0,0,0
75,7,1,1,22,Y6031036,,,,0,30.0,0,0
75,7,1,1,23,Y6031037,,,,0,30.0,0,0
75,7,1,1,24,Y6031038,,,,0,30.0,0,0
75,7,1,1,25,Y6031039,,,,0,30.0,0,0
75,7,1,1,26,Y6031040,,,,0,30.0,0,0
75,7,1,1,27,Y6031041,,,,0,30.0,0,0
75,7,1,1,28,Y6031042,,,,0,30.0,0,0
75,7,1,1,29,Y6031043,,,,0,30.0,0,0
75,7,1,1,30,Y6031044,,,,0,30.0,0,0
75,7,1,2,10,Y6031045,,,,0,30.0,0,0
75,7,1,2,11,Y6031046,,,,0,30.0,0,0
75,7,1,2,12,Y6031047,,,,0,30.0,0,0
75,7,1,2,13,Y6031048,,,,0,30.0,0,0
75,7,1,2,14,Y6031049,,,,0,30.0,0,0
75,7,1,2,15,Y6031050,,,,0,30.0,0,0
75,7,1,2,16,Y6031051,,,,0,30.0,0,0
75,7,1,2,17,Y6031052,,,,0,30.0,0,0
75,7,1,2,18,Y6031053,,,,4358,30.0,0,0
75,7,1,2,19,Y6031054,,,,4838,30.0,0,0
75,7,1,2,20,Y6031055,,,,4547,30.0,0,0
75,7,1,2,21,Y6031056,,,,0,30.0,0,0
75,7,1,2,22,Y6031057,,,,0,30.0,0,0
75,7,1,2,23,Y6031058,,,,0,30.0,0,0
75,7,1,2,24,Y6031059,,,,0,30.0,0,0
75,7,1,2,25,Y6031060,,,,0,30.0,0,0
75,7,1,2,26,Y6031061,,,,0,30.0,0,0
75,7,1,2,27,Y6031062,,,,0,30.0,0,0
75,7,1,2,28,Y6031063,,,,0,30.0,0,0
75,7,1,2,29,Y6031064,,,,0,30.0,0,0
75,7,1,2,30,Y6031065,,,,0,30.0,0,0
75,7,1,3,10,Y6031066,,,,0,30.0,0,0
75,7,1,3,11,Y6031067,,,,0,30.0,0,0
75,7,1,3,12,Y6031068,,,,0,30.0,0,0
75,7,1,3,13,Y6031069,,,,0,30.0,0,0
75,7,1,3,14,Y6031070,,,,0,30.0,0,0
75,7,1,3,15,Y6031071,,,,0,30.0,0,0
75,7,1,3,16,Y6031072,,,,0,30.0,0,0
75,7,1,3,17,Y6031073,,,,0,30.0,0,0
75,7,1,3,18,Y6031074,,,,4402,30.0,0,0
75,7,1,3,19,Y6031075,,,,4881,30.0,0,0
75,7,1,3,20,Y6031076,,,,4590,30.0,0,0
75,7,1,3,21,Y6031077,,,,0,30.0,0,0
75,7,1,3,22,Y6031078,,,,0,30.0,0,0
75,7,1,3,23,Y6031079,,,,0,30.0,0,0
75,7,1,3,24,Y6031080,,,,0,30.0,0,0
75,7,1,3,25,Y6031081,,,,0,30.0,0,0
75,7,1,3,26,Y6031082,,,,0,30.0,0,0
75,7,1,3,27,Y6031083,,,,0,30.0,0,0
75,7,1,3,28,Y6031084,,,,0,30.0,0,0
75,7,1,3,29,Y6031085,,,,0,30.0,0,0
75,7,1,3,30,Y6031086,,,,0,30.0,0,0
75,7,1,4,10,Y6031087,,,,0,30.0,0,0
75,7,1,4,11,Y6031088,,,,0,30.0,0,0
75,7,1,4,12,Y6031089,,,,0,30.0,0,0
75,7,1,4,13,Y6031090,,,,0,30.0,0,0
75,7,1,4,14,Y6031091,,,,0,30.0,0,0
75,7,1,4,15,Y6031092,,,,0,30.0,0,0
75,7,1,4,16,Y6031093,,,,0,30.0,0,0
75,7,1,4,17,Y6031094,,,,0,30.0,0,0
75,7,1,4,18,Y6031095,,,,4500,30.0,0,0
75,7,1,4,19,Y6031096,,,,4964,30.0,0,0
75,7,1,4,20,Y6031097,,,,4671,30.0,0,0
75,7,1,4,21,Y6031098,,,,0,30.0,0,0
75,7,1,4,22,Y6031099,,,,0,30.0,0,0
75,7,1,4,23,Y6031100,,,,0,30.0,0,0
75,7,1,4,24,Y6031101,,,,0,30.0,0,0
75,7,1,4,25,Y6031102,,,,0,30.0,0,0
75,7,1,4,26,Y6031103,,,,0,30.0,0,0
75,7,1,4,27,Y6031104,,,,0,30.0,0,0
75,7,1,4,28,Y6031105,,,,0,30.0,0,0
75,7,1,4,29,Y6031106,,,,0,30.0,0,0
75,7,1,4,30,Y6031107,,,,0,30.0,0,0
75,7,1,5,10,Y6031108,,,,0,30.0,0,0
75,7,1,5,11,Y6031109,,,,0,30.0,0,0
75,7,1,5,12,Y6031110,,,,0,30.0,0,0
75,7,1,5,13,Y6031111,,,,0,30.0,0,0
75,7,1,5,14,Y6031112,,,,0,30.0,0,0
75,7,1,5,15,Y6031113,,,,0,30.0,0,0
75,7,1,5,16,Y6031114,,,,0,30.0,0,0
75,7,1,5,17,Y6031115,,,,0,30.0,0,0
75,7,1,5,18,Y6031116,,,,4527,30.0,0,0
75,7,1,5,19,Y6031117,,,,5030,30.0,0,0
75,7,1,5,20,Y6031118,,,,4736,30.0,0,0
75,7,1,5,21,Y6031119,,,,0,30.0,0,0
75,7,1,5,22,Y6031120,,,,0,30.0,0,0
75,7,1,5,23,Y6031121,,,,0,30.0,0,0
75,7,1,5,24,Y6031122,,,,0,30.0,0,0
75,7,1,5,25,Y6031123,,,,0,30.0,0,0
75,7,1,5,26,Y6031124,,,,0,30.0,0,0
75,7,1,5,27,Y6031125,,,,0,30.0,0,0
75,7,1,5,28,Y6031126,,,,0,30.0,0,0
75,7,1,5,29,Y6031127,,,,0,30.0,0,0
75,7,1,5,30,Y6031128,,,,0,30.0,0,0
75,7,1,6,10,Y6031129,,,,0,30.0,0,0
75,7,1,6,11,Y6031130,,,,0,30.0,0,0
75,7,1,6,12,Y6031131,,,,0,30.0,0,0
75,7,1,6,13,Y6031132,,,,0,30.0,0,0
75,7,1,6,14,Y6031133,,,,0,30.0,0,0
75,7,1,6,15,Y6031134,,,,0,30.0,0,0
75,7,1,6,16,Y6031135,,,,0,30.0,0,0
75,7,1,6,17,Y6031136,,,,0,30.0,0,0
75,7,1,6,18,Y6031137,,,,4524,30.0,0,0
75,7,1,6,19,Y6031138,,,,5027,30.0,0,0
75,7,1,6,20,Y6031139,,,,4725,30.0,0,0
75,7,1,6,21,Y6031140,,,,0,30.0,0,0
75,7,1,6,22,Y6031141,,,,0,30.0,0,0
75,7,1,6,23,Y6031142,,,,0,30.0,0,0
75,7,1,6,24,Y6031143,,,,0,30.0,0,0
75,7,1,6,25,Y6031144,,,,0,30.0,0,0
75,7,1,6,26,Y6031145,,,,0,30.0,0,0
75,7,1,6,27,Y6031146,,,,0,30.0,0,0
75,7,1,6,28,Y6031147,,,,0,30.0,0,0
75,7,1,6,29,Y6031148,,,,0,30.0,0,0
75,7,1,6,30,Y6031149,,,,0,30.0,0,0
75,7,1,7,10,Y6031150,,,,0,30.0,0,0
75,7,1,7,11,Y6031151,,,,0,30.0,0,0
75,7,1,7,12,Y6031152,,,,0,30.0,0,0
75,7,1,7,13,Y6031153,,,,0,30.0,0,0
75,7,1,7,14,Y6031154,,,,0,30.0,0,0
75,7,1,7,15,Y6031155,,,,0,30.0,0,0
75,7,1,7,16,Y6031156,,,,0,30.0,0,0
75,7,1,7,17,Y6031157,,,,0,30.0,0,0
75,7,1,7,18,Y6031158,,,,4553,30.0,0,0
75,7,1,7,19,Y6031159,,,,5066,30.0,0,0
75,7,1,7,20,Y6031160,,,,4764,30.0,0,0
75,7,1,7,21,Y6031161,,,,0,30.0,0,0
75,7,1,7,22,Y6031162,,,,0,30.0,0,0
75,7,1,7,23,Y6031163,,,,0,30.0,0,0
75,7,1,7,24,Y6031164,,,,0,30.0,0,0
75,7,1,7,25,Y6031165,,,,0,30.0,0,0
75,7,1,7,26,Y6031166,,,,0,30.0,0,0
75,7,1,7,27,Y6031167,,,,0,30.0,0,0
75,7,1,7,28,Y6031168,,,,0,30.0,0,0
75,7,1,7,29,Y6031169,,,,0,30.0,0,0
75,7,1,7,30,Y6031170,,,,0,30.0,0,0
75,7,1,8,10,Y6031171,,,,0,30.0,0,0
75,7,1,8,11,Y6031172,,,,0,30.0,0,0
75,7,1,8,12,Y6031173,,,,0,30.0,0,0
75,7,1,8,13,Y6031174,,,,0,30.0,0,0
75,7,1,8,14,Y6031175,,,,0,30.0,0,0
75,7,1,8,15,Y6031176,,,,0,30.0,0,0
75,7,1,8,16,Y6031177,,,,0,30.0,0,0
75,7,1,8,17,Y6031178,,,,0,30.0,0,0
75,7,1,8,18,Y6031179,,,,4540,30.0,0,0
75,7,1,8,19,Y6031180,,,,5011,30.0,0,0
75,7,1,8,20,Y6031181,,,,4712,30.0,0,0
75,7,1,8,21,Y6031182,,,,0,30.0,0,0
75,7,1,8,22,Y6031183,,,,0,30.0,0,0
75,7,1,8,23,Y6031184,,,,0,30.0,0,0
75,7,1,8,24,Y6031185,,,,0,30.0,0,0
75,7,1,8,25,Y6031186,,,,0,30.0,0,0
75,7,1,8,26,Y6031187,,,,0,30.0,0,0
75,7,1,8,27,Y6031188,,,,0,30.0,0,0
75,7,1,8,28,Y6031189,,,,0,30.0,0,0
75,7,1,8,29,Y6031190,,,,0,30.0,0,0
75,7,1,8,30,Y6031191,,,,0,30.0,0,0
75,7,1,9,10,Y6031192,,,,0,30.0,0,0
75,7,1,9,11,Y6031193,,,,0,30.0,0,0
75,7,1,9,12,Y6031194,,,,0,30.0,0,0
75,7,1,9,13,Y6031195,,,,0,30.0,0,0
75,7,1,9,14,Y6031196,,,,0,30.0,0,0
75,7,1,9,15,Y6031197,,,,0,30.0,0,0
75,7,1,9,16,Y6031198,,,,0,30.0,0,0
75,7,1,9,17,Y6031199,,,,0,30.0,0,0
75,7,1,9,18,Y6031200,,,,4546,30.0,0,0
75,7,1,9,19,Y6031201,,,,5034,30.0,0,0
75,7,1,9,20,Y6031202,,,,4732,30.0,0,0
75,7,1,9,21,Y6031203,,,,0,30.0,0,0
75,7,1,9,22,Y6031204,,,,0,30.0,0,0
75,7,1,9,23,Y6031205,,,,0,30.0,0,0
75,7,1,9,24,Y6031206,,,,0,30.0,0,0
75,7,1,9,25,Y6031207,,,,0,30.0,0,0
75,7,1,9,26,Y6031208,,,,0,30.0,0,0
75,7,1,9,27,Y6031209,,,,0,30.0,0,0
75,7,1,9,28,Y6031210,,,,0,30.0,0,0
75,7,1,9,29,Y6031211,,,,0,30.0,0,0
75,7,1,9,30,Y6031212,,,,0,30.0,0,0
75,7,1,10,10,Y6031213,,,,0,30.0,0,0
75,7,1,10,11,Y6031214,,,,0,30.0,0,0
75,7,1,10,12,Y6031215,,,,0,30.0,0,0
75,7,1,10,13,Y6031216,,,,0,30.0,0,0
75,7,1,10,14,Y6031217,,,,0,30.0,0,0
75,7,1,10,15,Y6031218,,,,0,30.0,0,0
75,7,1,10,16,Y6031219,,,,0,30.0,0,0
75,7,1,10,17,Y6031220,,,,0,30.0,0,0
75,7,1,10,18,Y6031221,,,,4590,30.0,0,0
75,7,1,10,19,Y6031222,,,,5124,30.0,0,0
75,7,1,10,20,Y6031223,,,,4767,30.0,0,0
75,7,1,10,21,Y6031224,,,,0,30.0,0,0
75,7,1,10,22,Y6031225,,,,0,30.0,0,0
75,7,1,10,23,Y6031226,,,,0,30.0,0,0
75,7,1,10,24,Y6031227,,,,0,30.0,0,0
75,7,1,10,25,Y6031228,,,,0,30.0,0,0
75,7,1,10,26,Y6031229,,,,0,30.0,0,0
75,7,1,10,27,Y6031230,,,,0,30.0,0,0
75,7,1,10,28,Y6031231,,,,0,30.0,0,0
75,7,1,10,29,Y6031232,,,,0,30.0,0,0
75,7,1,10,30,Y6031233,,,,0,30.0,0,0
75,7,1,11,10,Y6031234,,,,0,30.0,0,0
75,7,1,11,11,Y6031235,,,,0,30.0,0,0
75,7,1,11,12,Y6031236,,,,0,30.0,0,0
75,7,1,11,13,Y6031237,,,,0,30.0,0,0
75,7,1,11,14,Y6031238,,,,0,30.0,0,0
75,7,1,11,15,Y6031239,,,,0,30.0,0,0
75,7,1,11,16,Y6031240,,,,0,30.0,0,0
75,7,1,11,17,Y6031241,,,,0,30.0,0,0
75,7,1,11,18,Y6031242,,,,4668,30.0,0,0
75,7,1,11,19,Y6031243,,,,5187,30.0,0,0
75,7,1,11,20,Y6031244,,,,4824,30.0,0,0
75,7,1,11,21,Y6031245,,,,0,30.0,0,0
75,7,1,11,22,Y6031246,,,,0,30.0,0,0
75,7,1,11,23,Y6031247,,,,0,30.0,0,0
75,7,1,11,24,Y6031248,,,,0,30.0,0,0
75,7,1,11,25,Y6031249,,,,0,30.0,0,0
75,7,1,11,26,Y6031250,,,,0,30.0,0,0
75,7,1,11,27,Y6031251,,,,0,30.0,0,0
75,7,1,11,28,Y6031252,,,,0,30.0,0,0
75,7,1,11,29,Y6031253,,,,0,30.0,0,0
75,7,1,11,30,Y6031254,,,,0,30.0,0,0
75,7,1,12,10,Y6031255,,,,0,30.0,0,0
75,7,1,12,11,Y6031256,,,,0,30.0,0,0
75,7,1,12,12,Y6031257,,,,0,30.0,0,0
75,7,1,12,13,Y6031258,,,,0,30.0,0,0
75,7,1,12,14,Y6031259,,,,0,30.0,0,0
75,7,1,12,15,Y6031260,,,,0,30.0,0,0
75,7,1,12,16,Y6031261,,,,0,30.0,0,0
75,7,1,12,17,Y6031262,,,,0,30.0,0,0
75,7,1,12,18,Y6031263,,,,4999,30.0,0,0
75,7,1,12,19,Y6031264,,,,5487,30.0,0,0
75,7,1,12,20,Y6031265,,,,5138,30.0,0,0
75,7,1,12,21,Y6031266,,,,0,30.0,0,0
75,7,1,12,22,Y6031267,,,,0,30.0,0,0
75,7,1,12,23,Y6031268,,,,0,30.0,0,0
75,7,1,12,24,Y6031269,,,,0,30.0,0,0
75,7,1,12,25,Y6031270,,,,0,30.0,0,0
75,7,1,12,26,Y6031271,,,,0,30.0,0,0
75,7,1,12,27,Y6031272,,,,0,30.0,0,0
75,7,1,12,28,Y6031273,,,,0,30.0,0,0
75,7,1,12,29,Y6031274,,,,0,30.0,0,0
75,7,1,12,30,Y6031275,,,,0,30.0,0,0
75,7,2,1,10,Y6031276,,,,0,30.0,0,0
75,7,2,1,11,Y6031277,,,,0,30.0,0,0
75,7,2,1,12,Y6031278,,,,0,30.0,0,0
75,7,2,1,13,Y6031279,,,,0,30.0,0,0
75,7,2,1,14,Y6031280,,,,0,30.0,0,0
75,7,2,1,15,Y6031281,,,,0,30.0,0,0
75,7,2,1,16,Y6031282,,,,0,30.0,0,0
75,7,2,1,17,Y6031283,,,,0,30.0,0,0
75,7,2,1,18,Y6031284,,,,4087,30.0,0,0
75,7,2,1,19,Y6031285,,,,4591,30.0,0,0
75,7,2,1,20,Y6031286,,,,4252,30.0,0,0
75,7,2,1,21,Y6031287,,,,0,30.0,0,0
75,7,2,1,22,Y6031288,,,,0,30.0,0,0
75,7,2,1,23,Y6031289,,,,0,30.0,0,0
75,7,2,1,24,Y6031290,,,,0,30.0,0,0
75,7,2,1,25,Y6031291,,,,0,30.0,0,0
75,7,2,1,26,Y6031292,,,,0,30.0,0,0
75,7,2,1,27,Y6031293,,,,0,30.0,0,0
75,7,2,1,28,Y6031294,,,,0,30.0,0,0
75,7,2,1,29,Y6031295,,,,0,30.0,0,0
75,7,2,1,30,Y6031296,,,,0,30.0,0,0
75,7,2,2,10,Y6031297,,,,0,30.0,0,0
75,7,2,2,11,Y6031298,,,,0,30.0,0,0
75,7,2,2,12,Y6031299,,,,0,30.0,0,0
75,7,2,2,13,Y6031300,,,,0,30.0,0,0
75,7,2,2,14,Y6031301,,,,0,30.0,0,0
75,7,2,2,15,Y6031302,,,,0,30.0,0,0
75,7,2,2,16,Y6031303,,,,0,30.0,0,0
75,7,2,2,17,Y6031304,,,,0,30.0,0,0
75,7,2,2,18,Y6031305,,,,4081,30.0,0,0
75,7,2,2,19,Y6031306,,,,4580,30.0,0,0
75,7,2,2,20,Y6031307,,,,4241,30.0,0,0
75,7,2,2,21,Y6031308,,,,0,30.0,0,0
75,7,2,2,22,Y6031309,,,,0,30.0,0,0
75,7,2,2,23,Y6031310,,,,0,30.0,0,0
75,7,2,2,24,Y6031311,,,,0,30.0,0,0
75,7,2,2,25,Y6031312,,,,0,30.0,0,0
75,7,2,2,26,Y6031313,,,,0,30.0,0,0
75,7,2,2,27,Y6031314,,,,0,30.0,0,0
75,7,2,2,28,Y6031315,,,,0,30.0,0,0
75,7,2,2,29,Y6031316,,,,0,30.0,0,0
75,7,2,2,30,Y6031317,,,,0,30.0,0,0
75,7,2,3,10,Y6031318,,,,0,30.0,0,0
75,7,2,3,11,Y6031319,,,,0,30.0,0,0
75,7,2,3,12,Y6031320,,,,0,30.0,0,0
75,7,2,3,13,Y6031321,,,,0,30.0,0,0
75,7,2,3,14,Y6031322,,,,0,30.0,0,0
75,7,2,3,15,Y6031323,,,,0,30.0,0,0
75,7,2,3,16,Y6031324,,,,0,30.0,0,0
75,7,2,3,17,Y6031325,,,,0,30.0,0,0
75,7,2,3,18,Y6031326,,,,4124,30.0,0,0
75,7,2,3,19,Y6031327,,,,4621,30.0,0,0
75,7,2,3,20,Y6031328,,,,4282,30.0,0,0
75,7,2,3,21,Y6031329,,,,0,30.0,0,0
75,7,2,3,22,Y6031330,,,,0,30.0,0,0
75,7,2,3,23,Y6031331,,,,0,30.0,0,0
75,7,2,3,24,Y6031332,,,,0,30.0,0,0
75,7,2,3,25,Y6031333,,,,0,30.0,0,0
75,7,2,3,26,Y6031334,,,,0,30.0,0,0
75,7,2,3,27,Y6031335,,,,0,30.0,0,0
75,7,2,3,28,Y6031336,,,,0,30.0,0,0
75,7,2,3,29,Y6031337,,,,0,30.0,0,0
75,7,2,3,30,Y6031338,,,,0,30.0,0,0
75,7,2,4,10,Y6031339,,,,0,30.0,0,0
75,7,2,4,11,Y6031340,,,,0,30.0,0,0
75,7,2,4,12,Y6031341,,,,0,30.0,0,0
75,7,2,4,13,Y6031342,,,,0,30.0,0,0
75,7,2,4,14,Y6031343,,,,0,30.0,0,0
75,7,2,4,15,Y6031344,,,,0,30.0,0,0
75,7,2,4,16,Y6031345,,,,0,30.0,0,0
75,7,2,4,17,Y6031346,,,,0,30.0,0,0
75,7,2,4,18,Y6031347,,,,4221,30.0,0,0
75,7,2,4,19,Y6031348,,,,4704,30.0,0,0
75,7,2,4,20,Y6031349,,,,4363,30.0,0,0
75,7,2,4,21,Y6031350,,,,0,30.0,0,0
75,7,2,4,22,Y6031351,,,,0,30.0,0,0
75,7,2,4,23,Y6031352,,,,0,30.0,0,0
75,7,2,4,24,Y6031353,,,,0,30.0,0,0
75,7,2,4,25,Y6031354,,,,0,30.0,0,0
75,7,2,4,26,Y6031355,,,,0,30.0,0,0
75,7,2,4,27,Y6031356,,,,0,30.0,0,0
75,7,2,4,28,Y6031357,,,,0,30.0,0,0
75,7,2,4,29,Y6031358,,,,0,30.0,0,0
75,7,2,4,30,Y6031359,,,,0,30.0,0,0
75,7,2,5,10,Y6031360,,,,0,30.0,0,0
75,7,2,5,11,Y6031361,,,,0,30.0,0,0
75,7,2,5,12,Y6031362,,,,0,30.0,0,0
75,7,2,5,13,Y6031363,,,,0,30.0,0,0
75,7,2,5,14,Y6031364,,,,0,30.0,0,0
75,7,2,5,15,Y6031365,,,,0,30.0,0,0
75,7,2,5,16,Y6031366,,,,0,30.0,0,0
75,7,2,5,17,Y6031367,,,,0,30.0,0,0
75,7,2,5,18,Y6031368,,,,4249,30.0,0,0
75,7,2,5,19,Y6031369,,,,4770,30.0,0,0
75,7,2,5,20,Y6031370,,,,4428,30.0,0,0
75,7,2,5,21,Y6031371,,,,0,30.0,0,0
75,7,2,5,22,Y6031372,,,,0,30.0,0,0
75,7,2,5,23,Y6031373,,,,0,30.0,0,0
75,7,2,5,24,Y6031374,,,,0,30.0,0,0
75,7,2,5,25,Y6031375,,,,0,30.0,0,0
75,7,2,5,26,Y6031376,,,,0,30.0,0,0
75,7,2,5,27,Y6031377,,,,0,30.0,0,0
75,7,2,5,28,Y6031378,,,,0,30.0,0,0
75,7,2,5,29,Y6031379,,,,0,30.0,0,0
75,7,2,5,30,Y6031380,,,,0,30.0,0,0
75,7,2,6,10,Y6031381,,,,0,30.0,0,0
75,7,2,6,11,Y6031382,,,,0,30.0,0,0
75,7,2,6,12,Y6031383,,,,0,30.0,0,0
75,7,2,6,13,Y6031384,,,,0,30.0,0,0
75,7,2,6,14,Y6031385,,,,0,30.0,0,0
75,7,2,6,15,Y6031386,,,,0,30.0,0,0
75,7,2,6,16,Y6031387,,,,0,30.0,0,0
75,7,2,6,17,Y6031388,,,,0,30.0,0,0
75,7,2,6,18,Y6031389,,,,4246,30.0,0,0
75,7,2,6,19,Y6031390,,,,4767,30.0,0,0
75,7,2,6,20,Y6031391,,,,4417,30.0,0,0
75,7,2,6,21,Y6031392,,,,0,30.0,0,0
75,7,2,6,22,Y6031393,,,,0,30.0,0,0
75,7,2,6,23,Y6031394,,,,0,30.0,0,0
75,7,2,6,24,Y6031395,,,,0,30.0,0,0
75,7,2,6,25,Y6031396,,,,0,30.0,0,0
75,7,2,6,26,Y6031397,,,,0,30.0,0,0
75,7,2,6,27,Y6031398,,,,0,30.0,0,0
75,7,2,6,28,Y6031399,,,,0,30.0,0,0
75,7,2,6,29,Y6031400,,,,0,30.0,0,0
75,7,2,6,30,Y6031401,,,,0,30.0,0,0
75,7,2,7,10,Y6031402,,,,0,30.0,0,0
75,7,2,7,11,Y6031403,,,,0,30.0,0,0
75,7,2,7,12,Y6031404,,,,0,30.0,0,0
75,7,2,7,13,Y6031405,,,,0,30.0,0,0
75,7,2,7,14,Y6031406,,,,0,30.0,0,0
75,7,2,7,15,Y6031407,,,,0,30.0,0,0
75,7,2,7,16,Y6031408,,,,0,30.0,0,0
75,7,2,7,17,Y6031409,,,,0,30.0,0,0
75,7,2,7,18,Y6031410,,,,4275,30.0,0,0
75,7,2,7,19,Y6031411,,,,4806,30.0,0,0
75,7,2,7,20,Y6031412,,,,4456,30.0,0,0
75,7,2,7,21,Y6031413,,,,0,30.0,0,0
75,7,2,7,22,Y6031414,,,,0,30.0,0,0
75,7,2,7,23,Y6031415,,,,0,30.0,0,0
75,7,2,7,24,Y6031416,,,,0,30.0,0,0
75,7,2,7,25,Y6031417,,,,0,30.0,0,0
75,7,2,7,26,Y6031418,,,,0,30.0,0,0
75,7,2,7,27,Y6031419,,,,0,30.0,0,0
75,7,2,7,28,Y6031420,,,,0,30.0,0,0
75,7,2,7,29,Y6031421,,,,0,30.0,0,0
75,7,2,7,30,Y6031422,,,,0,30.0,0,0
75,7,2,8,10,Y6031423,,,,0,30.0,0,0
75,7,2,8,11,Y6031424,,,,0,30.0,0,0
75,7,2,8,12,Y6031425,,,,0,30.0,0,0
75,7,2,8,13,Y6031426,,,,0,30.0,0,0
75,7,2,8,14,Y6031427,,,,0,30.0,0,0
75,7,2,8,15,Y6031428,,,,0,30.0,0,0
75,7,2,8,16,Y6031429,,,,0,30.0,0,0
75,7,2,8,17,Y6031430,,,,0,30.0,0,0
75,7,2,8,18,Y6031431,,,,4261,30.0,0,0
75,7,2,8,19,Y6031432,,,,4751,30.0,0,0
75,7,2,8,20,Y6031433,,,,4404,30.0,0,0
75,7,2,8,21,Y6031434,,,,0,30.0,0,0
75,7,2,8,22,Y6031435,,,,0,30.0,0,0
75,7,2,8,23,Y6031436,,,,0,30.0,0,0
75,7,2,8,24,Y6031437,,,,0,30.0,0,0
75,7,2,8,25,Y6031438,,,,0,30.0,0,0
75,7,2,8,26,Y6031439,,,,0,30.0,0,0
75,7,2,8,27,Y6031440,,,,0,30.0,0,0
75,7,2,8,28,Y6031441,,,,0,30.0,0,0
75,7,2,8,29,Y6031442,,,,0,30.0,0,0
75,7,2,8,30,Y6031443,,,,0,30.0,0,0
75,7,2,9,10,Y6031444,,,,0,30.0,0,0
75,7,2,9,11,Y6031445,,,,0,30.0,0,0
75,7,2,9,12,Y6031446,,,,0,30.0,0,0
75,7,2,9,13,Y6031447,,,,0,30.0,0,0
75,7,2,9,14,Y6031448,,,,0,30.0,0,0
75,7,2,9,15,Y6031449,,,,0,30.0,0,0
75,7,2,9,16,Y6031450,,,,0,30.0,0,0
75,7,2,9,17,Y6031451,,,,0,30.0,0,0
75,7,2,9,18,Y6031452,,,,4312,30.0,0,0
75,7,2,9,19,Y6031453,,,,4819,30.0,0,0
75,7,2,9,20,Y6031454,,,,4469,30.0,0,0
75,7,2,9,21,Y6031455,,,,0,30.0,0,0
75,7,2,9,22,Y6031456,,,,0,30.0,0,0
75,7,2,9,23,Y6031457,,,,0,30.0,0,0
75,7,2,9,24,Y6031458,,,,0,30.0,0,0
75,7,2,9,25,Y6031459,,,,0,30.0,0,0
75,7,2,9,26,Y6031460,,,,0,30.0,0,0
75,7,2,9,27,Y6031461,,,,0,30.0,0,0
75,7,2,9,28,Y6031462,,,,0,30.0,0,0
75,7,2,9,29,Y6031463,,,,0,30.0,0,0
75,7,2,9,30,Y6031464,,,,0,30.0,0,0
75,7,2,10,10,Y6031465,,,,0,30.0,0,0
75,7,2,10,11,Y6031466,,,,0,30.0,0,0
75,7,2,10,12,Y6031467,,,,0,30.0,0,0
75,7,2,10,13,Y6031468,,,,0,30.0,0,0
75,7,2,10,14,Y6031469,,,,0,30.0,0,0
75,7,2,10,15,Y6031470,,,,0,30.0,0,0
75,7,2,10,16,Y6031471,,,,0,30.0,0,0
75,7,2,10,17,Y6031472,,,,0,30.0,0,0
75,7,2,10,18,Y6031473,,,,4374,30.0,0,0
75,7,2,10,19,Y6031474,,,,4949,30.0,0,0
75,7,2,10,20,Y6031475,,,,4502,30.0,0,0
75,7,2,10,21,Y6031476,,,,0,30.0,0,0
75,7,2,10,22,Y6031477,,,,0,30.0,0,0
75,7,2,10,23,Y6031478,,,,0,30.0,0,0
75,7,2,10,24,Y6031479,,,,0,30.0,0,0
75,7,2,10,25,Y6031480,,,,0,30.0,0,0
75,7,2,10,26,Y6031481,,,,0,30.0,0,0
75,7,2,10,27,Y6031482,,,,0,30.0,0,0
75,7,2,10,28,Y6031483,,,,0,30.0,0,0
75,7,2,10,29,Y6031484,,,,0,30.0,0,0
75,7,2,10,30,Y6031485,,,,0,30.0,0,0
75,7,2,11,10,Y6031486,,,,0,30.0,0,0
75,7,2,11,11,Y6031487,,,,0,30.0,0,0
75,7,2,11,12,Y6031488,,,,0,30.0,0,0
75,7,2,11,13,Y6031489,,,,0,30.0,0,0
75,7,2,11,14,Y6031490,,,,0,30.0,0,0
75,7,2,11,15,Y6031491,,,,0,30.0,0,0
75,7,2,11,16,Y6031492,,,,0,30.0,0,0
75,7,2,11,17,Y6031493,,,,0,30.0,0,0
75,7,2,11,18,Y6031494,,,,4453,30.0,0,0
75,7,2,11,19,Y6031495,,,,5012,30.0,0,0
75,7,2,11,20,Y6031496,,,,4560,30.0,0,0
75,7,2,11,21,Y6031497,,,,0,30.0,0,0
75,7,2,11,22,Y6031498,,,,0,30.0,0,0
75,7,2,11,23,Y6031499,,,,0,30.0,0,0
75,7,2,11,24,Y6031500,,,,0,30.0,0,0
75,7,2,11,25,Y6031501,,,,0,30.0,0,0
75,7,2,11,26,Y6031502,,,,0,30.0,0,0
75,7,2,11,27,Y6031503,,,,0,30.0,0,0
75,7,2,11,28,Y6031504,,,,0,30.0,0,0
75,7,2,11,29,Y6031505,,,,0,30.0,0,0
75,7,2,11,30,Y6031506,,,,0,30.0,0,0
75,7,2,12,10,Y6031507,,,,0,30.0,0,0
75,7,2,12,11,Y6031508,,,,0,30.0,0,0
75,7,2,12,12,Y6031509,,,,0,30.0,0,0
75,7,2,12,13,Y6031510,,,,0,30.0,0,0
75,7,2,12,14,Y6031511,,,,0,30.0,0,0
75,7,2,12,15,Y6031512,,,,0,30.0,0,0
75,7,2,12,16,Y6031513,,,,0,30.0,0,0
75,7,2,12,17,Y6031514,,,,0,30.0,0,0
75,7,2,12,18,Y6031515,,,,4860,30.0,0,0
75,7,2,12,19,Y6031516,,,,5404,30.0,0,0
75,7,2,12,20,Y6031517,,,,4949,30.0,0,0
75,7,2,12,21,Y6031518,,,,0,30.0,0,0
75,7,2,12,22,Y6031519,,,,0,30.0,0,0
75,7,2,12,23,Y6031520,,,,0,30.0,0,0
75,7,2,12,24,Y6031521,,,,0,30.0,0,0
75,7,2,12,25,Y6031522,,,,0,30.0,0,0
75,7,2,12,26,Y6031523,,,,0,30.0,0,0
75,7,2,12,27,Y6031524,,,,0,30.0,0,0
75,7,2,12,28,Y6031525,,,,0,30.0,0,0
75,7,2,12,29,Y6031526,,,,0,30.0,0,0
75,7,2,12,30,Y6031527,,,,0,30.0,0,0
75,7,3,1,10,Y6031528,,,,0,30.0,0,0
75,7,3,1,11,Y6031529,,,,0,30.0,0,0
75,7,3,1,12,Y6031530,,,,0,30.0,0,0
75,7,3,1,13,Y6031531,,,,0,30.0,0,0
75,7,3,1,14,Y6031532,,,,0,30.0,0,0
75,7,3,1,15,Y6031533,,,,0,30.0,0,0
75,7,3,1,16,Y6031534,,,,0,30.0,0,0
75,7,3,1,17,Y6031535,,,,0,30.0,0,0
75,7,3,1,18,Y6031536,,,,4087,30.0,0,0
75,7,3,1,19,Y6031537,,,,4591,30.0,0,0
75,7,3,1,20,Y6031538,,,,4252,30.0,0,0
75,7,3,1,21,Y6031539,,,,0,30.0,0,0
75,7,3,1,22,Y6031540,,,,0,30.0,0,0
75,7,3,1,23,Y6031541,,,,0,30.0,0,0
75,7,3,1,24,Y6031542,,,,0,30.0,0,0
75,7,3,1,25,Y6031543,,,,0,30.0,0,0
75,7,3,1,26,Y6031544,,,,0,30.0,0,0
75,7,3,1,27,Y6031545,,,,0,30.0,0,0
75,7,3,1,28,Y6031546,,,,0,30.0,0,0
75,7,3,1,29,Y6031547,,,,0,30.0,0,0
75,7,3,1,30,Y6031548,,,,0,30.0,0,0
75,7,3,2,10,Y6031549,,,,0,30.0,0,0
75,7,3,2,11,Y6031550,,,,0,30.0,0,0
75,7,3,2,12,Y6031551,,,,0,30.0,0,0
75,7,3,2,13,Y6031552,,,,0,30.0,0,0
75,7,3,2,14,Y6031553,,,,0,30.0,0,0
75,7,3,2,15,Y6031554,,,,0,30.0,0,0
75,7,3,2,16,Y6031555,,,,0,30.0,0,0
75,7,3,2,17,Y6031556,,,,0,30.0,0,0
75,7,3,2,18,Y6031557,,,,4081,30.0,0,0
75,7,3,2,19,Y6031558,,,,4580,30.0,0,0
75,7,3,2,20,Y6031559,,,,4241,30.0,0,0
75,7,3,2,21,Y6031560,,,,0,30.0,0,0
75,7,3,2,22,Y6031561,,,,0,30.0,0,0
75,7,3,2,23,Y6031562,,,,0,30.0,0,0
75,7,3,2,24,Y6031563,,,,0,30.0,0,0
75,7,3,2,25,Y6031564,,,,0,30.0,0,0
75,7,3,2,26,Y6031565,,,,0,30.0,0,0
75,7,3,2,27,Y6031566,,,,0,30.0,0,0
75,7,3,2,28,Y6031567,,,,0,30.0,0,0
75,7,3,2,29,Y6031568,,,,0,30.0,0,0
75,7,3,2,30,Y6031569,,,,0,30.0,0,0
75,7,3,3,10,Y6031570,,,,0,30.0,0,0
75,7,3,3,11,Y6031571,,,,0,30.0,0,0
75,7,3,3,12,Y6031572,,,,0,30.0,0,0
75,7,3,3,13,Y6031573,,,,0,30.0,0,0
75,7,3,3,14,Y6031574,,,,0,30.0,0,0
75,7,3,3,15,Y6031575,,,,0,30.0,0,0
75,7,3,3,16,Y6031576,,,,0,30.0,0,0
75,7,3,3,17,Y6031577,,,,0,30.0,0,0
75,7,3,3,18,Y6031578,,,,4124,30.0,0,0
75,7,3,3,19,Y6031579,,,,4622,30.0,0,0
75,7,3,3,20,Y6031580,,,,4283,30.0,0,0
75,7,3,3,21,Y6031581,,,,0,30.0,0,0
75,7,3,3,22,Y6031582,,,,0,30.0,0,0
75,7,3,3,23,Y6031583,,,,0,30.0,0,0
75,7,3,3,24,Y6031584,,,,0,30.0,0,0
75,7,3,3,25,Y6031585,,,,0,30.0,0,0
75,7,3,3,26,Y6031586,,,,0,30.0,0,0
75,7,3,3,27,Y6031587,,,,0,30.0,0,0
75,7,3,3,28,Y6031588,,,,0,30.0,0,0
75,7,3,3,29,Y6031589,,,,0,30.0,0,0
75,7,3,3,30,Y6031590,,,,0,30.0,0,0
75,7,3,4,10,Y6031591,,,,0,30.0,0,0
75,7,3,4,11,Y6031592,,,,0,30.0,0,0
75,7,3,4,12,Y6031593,,,,0,30.0,0,0
75,7,3,4,13,Y6031594,,,,0,30.0,0,0
75,7,3,4,14,Y6031595,,,,0,30.0,0,0
75,7,3,4,15,Y6031596,,,,0,30.0,0,0
75,7,3,4,16,Y6031597,,,,0,30.0,0,0
75,7,3,4,17,Y6031598,,,,0,30.0,0,0
75,7,3,4,18,Y6031599,,,,4222,30.0,0,0
75,7,3,4,19,Y6031600,,,,4704,30.0,0,0
75,7,3,4,20,Y6031601,,,,4364,30.0,0,0
75,7,3,4,21,Y6031602,,,,0,30.0,0,0
75,7,3,4,22,Y6031603,,,,0,30.0,0,0
75,7,3,4,23,Y6031604,,,,0,30.0,0,0
75,7,3,4,24,Y6031605,,,,0,30.0,0,0
75,7,3,4,25,Y6031606,,,,0,30.0,0,0
75,7,3,4,26,Y6031607,,,,0,30.0,0,0
75,7,3,4,27,Y6031608,,,,0,30.0,0,0
75,7,3,4,28,Y6031609,,,,0,30.0,0,0
75,7,3,4,29,Y6031610,,,,0,30.0,0,0
75,7,3,4,30,Y6031611,,,,0,30.0,0,0
75,7,3,5,10,Y6031612,,,,0,30.0,0,0
75,7,3,5,11,Y6031613,,,,0,30.0,0,0
75,7,3,5,12,Y6031614,,,,0,30.0,0,0
75,7,3,5,13,Y6031615,,,,0,30.0,0,0
75,7,3,5,14,Y6031616,,,,0,30.0,0,0
75,7,3,5,15,Y6031617,,,,0,30.0,0,0
75,7,3,5,16,Y6031618,,,,0,30.0,0,0
75,7,3,5,17,Y6031619,,,,0,30.0,0,0
75,7,3,5,18,Y6031620,,,,4249,30.0,0,0
75,7,3,5,19,Y6031621,,,,4770,30.0,0,0
75,7,3,5,20,Y6031622,,,,4428,30.0,0,0
75,7,3,5,21,Y6031623,,,,0,30.0,0,0
75,7,3,5,22,Y6031624,,,,0,30.0,0,0
75,7,3,5,23,Y6031625,,,,0,30.0,0,0
75,7,3,5,24,Y6031626,,,,0,30.0,0,0
75,7,3,5,25,Y6031627,,,,0,30.0,0,0
75,7,3,5,26,Y6031628,,,,0,30.0,0,0
75,7,3,5,27,Y6031629,,,,0,30.0,0,0
75,7,3,5,28,Y6031630,,,,0,30.0,0,0
75,7,3,5,29,Y6031631,,,,0,30.0,0,0
75,7,3,5,30,Y6031632,,,,0,30.0,0,0
75,7,3,6,10,Y6031633,,,,0,30.0,0,0
75,7,3,6,11,Y6031634,,,,0,30.0,0,0
75,7,3,6,12,Y6031635,,,,0,30.0,0,0
75,7,3,6,13,Y6031636,,,,0,30.0,0,0
75,7,3,6,14,Y6031637,,,,0,30.0,0,0
75,7,3,6,15,Y6031638,,,,0,30.0,0,0
75,7,3,6,16,Y6031639,,,,0,30.0,0,0
75,7,3,6,17,Y6031640,,,,0,30.0,0,0
75,7,3,6,18,Y6031641,,,,4246,30.0,0,0
75,7,3,6,19,Y6031642,,,,4767,30.0,0,0
75,7,3,6,20,Y6031643,,,,4418,30.0,0,0
75,7,3,6,21,Y6031644,,,,0,30.0,0,0
75,7,3,6,22,Y6031645,,,,0,30.0,0,0
75,7,3,6,23,Y6031646,,,,0,30.0,0,0
75,7,3,6,24,Y6031647,,,,0,30.0,0,0
75,7,3,6,25,Y6031648,,,,0,30.0,0,0
75,7,3,6,26,Y6031649,,,,0,30.0,0,0
75,7,3,6,27,Y6031650,,,,0,30.0,0,0
75,7,3,6,28,Y6031651,,,,0,30.0,0,0
75,7,3,6,29,Y6031652,,,,0,30.0,0,0
75,7,3,6,30,Y6031653,,,,0,30.0,0,0
75,7,3,7,10,Y6031654,,,,0,30.0,0,0
75,7,3,7,11,Y6031655,,,,0,30.0,0,0
75,7,3,7,12,Y6031656,,,,0,30.0,0,0
75,7,3,7,13,Y6031657,,,,0,30.0,0,0
75,7,3,7,14,Y6031658,,,,0,30.0,0,0
75,7,3,7,15,Y6031659,,,,0,30.0,0,0
75,7,3,7,16,Y6031660,,,,0,30.0,0,0
75,7,3,7,17,Y6031661,,,,0,30.0,0,0
75,7,3,7,18,Y6031662,,,,4275,30.0,0,0
75,7,3,7,19,Y6031663,,,,4807,30.0,0,0
75,7,3,7,20,Y6031664,,,,4457,30.0,0,0
75,7,3,7,21,Y6031665,,,,0,30.0,0,0
75,7,3,7,22,Y6031666,,,,0,30.0,0,0
75,7,3,7,23,Y6031667,,,,0,30.0,0,0
75,7,3,7,24,Y6031668,,,,0,30.0,0,0
75,7,3,7,25,Y6031669,,,,0,30.0,0,0
75,7,3,7,26,Y6031670,,,,0,30.0,0,0
75,7,3,7,27,Y6031671,,,,0,30.0,0,0
75,7,3,7,28,Y6031672,,,,0,30.0,0,0
75,7,3,7,29,Y6031673,,,,0,30.0,0,0
75,7,3,7,30,Y6031674,,,,0,30.0,0,0
75,7,3,8,10,Y6031675,,,,0,30.0,0,0
75,7,3,8,11,Y6031676,,,,0,30.0,0,0
75,7,3,8,12,Y6031677,,,,0,30.0,0,0
75,7,3,8,13,Y6031678,,,,0,30.0,0,0
75,7,3,8,14,Y6031679,,,,0,30.0,0,0
75,7,3,8,15,Y6031680,,,,0,30.0,0,0
75,7,3,8,16,Y6031681,,,,0,30.0,0,0
75,7,3,8,17,Y6031682,,,,0,30.0,0,0
75,7,3,8,18,Y6031683,,,,4261,30.0,0,0
75,7,3,8,19,Y6031684,,,,4752,30.0,0,0
75,7,3,8,20,Y6031685,,,,4405,30.0,0,0
75,7,3,8,21,Y6031686,,,,0,30.0,0,0
75,7,3,8,22,Y6031687,,,,0,30.0,0,0
75,7,3,8,23,Y6031688,,,,0,30.0,0,0
75,7,3,8,24,Y6031689,,,,0,30.0,0,0
75,7,3,8,25,Y6031690,,,,0,30.0,0,0
75,7,3,8,26,Y6031691,,,,0,30.0,0,0
75,7,3,8,27,Y6031692,,,,0,30.0,0,0
75,7,3,8,28,Y6031693,,,,0,30.0,0,0
75,7,3,8,29,Y6031694,,,,0,30.0,0,0
75,7,3,8,30,Y6031695,,,,0,30.0,0,0
75,7,3,9,10,Y6031696,,,,0,30.0,0,0
75,7,3,9,11,Y6031697,,,,0,30.0,0,0
75,7,3,9,12,Y6031698,,,,0,30.0,0,0
75,7,3,9,13,Y6031699,,,,0,30.0,0,0
75,7,3,9,14,Y6031700,,,,0,30.0,0,0
75,7,3,9,15,Y6031701,,,,0,30.0,0,0
75,7,3,9,16,Y6031702,,,,0,30.0,0,0
75,7,3,9,17,Y6031703,,,,0,30.0,0,0
75,7,3,9,18,Y6031704,,,,4312,30.0,0,0
75,7,3,9,19,Y6031705,,,,4819,30.0,0,0
75,7,3,9,20,Y6031706,,,,4470,30.0,0,0
75,7,3,9,21,Y6031707,,,,0,30.0,0,0
75,7,3,9,22,Y6031708,,,,0,30.0,0,0
75,7,3,9,23,Y6031709,,,,0,30.0,0,0
75,7,3,9,24,Y6031710,,,,0,30.0,0,0
75,7,3,9,25,Y6031711,,,,0,30.0,0,0
75,7,3,9,26,Y6031712,,,,0,30.0,0,0
75,7,3,9,27,Y6031713,,,,0,30.0,0,0
75,7,3,9,28,Y6031714,,,,0,30.0,0,0
75,7,3,9,29,Y6031715,,,,0,30.0,0,0
75,7,3,9,30,Y6031716,,,,0,30.0,0,0
75,7,3,10,10,Y6031717,,,,0,30.0,0,0
75,7,3,10,11,Y6031718,,,,0,30.0,0,0
75,7,3,10,12,Y6031719,,,,0,30.0,0,0
75,7,3,10,13,Y6031720,,,,0,30.0,0,0
75,7,3,10,14,Y6031721,,,,0,30.0,0,0
75,7,3,10,15,Y6031722,,,,0,30.0,0,0
75,7,3,10,16,Y6031723,,,,0,30.0,0,0
75,7,3,10,17,Y6031724,,,,0,30.0,0,0
75,7,3,10,18,Y6031725,,,,4374,30.0,0,0
75,7,3,10,19,Y6031726,,,,4949,30.0,0,0
75,7,3,10,20,Y6031727,,,,4503,30.0,0,0
75,7,3,10,21,Y6031728,,,,0,30.0,0,0
75,7,3,10,22,Y6031729,,,,0,30.0,0,0
75,7,3,10,23,Y6031730,,,,0,30.0,0,0
75,7,3,10,24,Y6031731,,,,0,30.0,0,0
75,7,3,10,25,Y6031732,,,,0,30.0,0,0
75,7,3,10,26,Y6031733,,,,0,30.0,0,0
75,7,3,10,27,Y6031734,,,,0,30.0,0,0
75,7,3,10,28,Y6031735,,,,0,30.0,0,0
75,7,3,10,29,Y6031736,,,,0,30.0,0,0
75,7,3,10,30,Y6031737,,,,0,30.0,0,0
75,7,3,11,10,Y6031738,,,,0,30.0,0,0
75,7,3,11,11,Y6031739,,,,0,30.0,0,0
75,7,3,11,12,Y6031740,,,,0,30.0,0,0
75,7,3,11,13,Y6031741,,,,0,30.0,0,0
75,7,3,11,14,Y6031742,,,,0,30.0,0,0
75,7,3,11,15,Y6031743,,,,0,30.0,0,0
75,7,3,11,16,Y6031744,,,,0,30.0,0,0
75,7,3,11,17,Y6031745,,,,0,30.0,0,0
75,7,3,11,18,Y6031746,,,,4453,30.0,0,0
75,7,3,11,19,Y6031747,,,,5013,30.0,0,0
75,7,3,11,20,Y6031748,,,,4560,30.0,0,0
75,7,3,11,21,Y6031749,,,,0,30.0,0,0
75,7,3,11,22,Y6031750,,,,0,30.0,0,0
75,7,3,11,23,Y6031751,,,,0,30.0,0,0
75,7,3,11,24,Y6031752,,,,0,30.0,0,0
75,7,3,11,25,Y6031753,,,,0,30.0,0,0
75,7,3,11,26,Y6031754,,,,0,30.0,0,0
75,7,3,11,27,Y6031755,,,,0,30.0,0,0
75,7,3,11,28,Y6031756,,,,0,30.0,0,0
75,7,3,11,29,Y6031757,,,,0,30.0,0,0
75,7,3,11,30,Y6031758,,,,0,30.0,0,0
75,7,3,12,10,Y6031759,,,,0,30.0,0,0
75,7,3,12,11,Y6031760,,,,0,30.0,0,0
75,7,3,12,12,Y6031761,,,,0,30.0,0,0
75,7,3,12,13,Y6031762,,,,0,30.0,0,0
75,7,3,12,14,Y6031763,,,,0,30.0,0,0
75,7,3,12,15,Y6031764,,,,0,30.0,0,0
75,7,3,12,16,Y6031765,,,,0,30.0,0,0
75,7,3,12,17,Y6031766,,,,0,30.0,0,0
75,7,3,12,18,Y6031767,,,,4860,30.0,0,0
75,7,3,12,19,Y6031768,,,,5404,30.0,0,0
75,7,3,12,20,Y6031769,,,,4950,30.0,0,0
75,7,3,12,21,Y6031770,,,,0,30.0,0,0
75,7,3,12,22,Y6031771,,,,0,30.0,0,0
75,7,3,12,23,Y6031772,,,,0,30.0,0,0
75,7,3,12,24,Y6031773,,,,0,30.0,0,0
75,7,3,12,25,Y6031774,,,,0,30.0,0,0
75,7,3,12,26,Y6031775,,,,0,30.0,0,0
75,7,3,12,27,Y6031776,,,,0,30.0,0,0
75,7,3,12,28,Y6031777,,,,0,30.0,0,0
75,7,3,12,29,Y6031778,,,,0,30.0,0,0
75,7,3,12,30,Y6031779,,,,0,30.0,0,0
75,7,4,1,10,Y6031780,,,,0,30.0,0,0
75,7,4,1,11,Y6031781,,,,0,30.0,0,0
75,7,4,1,12,Y6031782,,,,0,30.0,0,0
75,7,4,1,13,Y6031783,,,,0,30.0,0,0
75,7,4,1,14,Y6031784,,,,0,30.0,0,0
75,7,4,1,15,Y6031785,,,,0,30.0,0,0
75,7,4,1,16,Y6031786,,,,0,30.0,0,0
75,7,4,1,17,Y6031787,,,,0,30.0,0,0
75,7,4,1,18,Y6031788,,,,3887,30.0,0,0
75,7,4,1,19,Y6031789,,,,4406,30.0,0,0
75,7,4,1,20,Y6031790,,,,4068,30.0,0,0
75,7,4,1,21,Y6031791,,,,0,30.0,0,0
75,7,4,1,22,Y6031792,,,,0,30.0,0,0
75,7,4,1,23,Y6031793,,,,0,30.0,0,0
75,7,4,1,24,Y6031794,,,,0,30.0,0,0
75,7,4,1,25,Y6031795,,,,0,30.0,0,0
75,7,4,1,26,Y6031796,,,,0,30.0,0,0
75,7,4,1,27,Y6031797,,,,0,30.0,0,0
75,7,4,1,28,Y6031798,,,,0,30.0,0,0
75,7,4,1,29,Y6031799,,,,0,30.0,0,0
75,7,4,1,30,Y6031800,,,,0,30.0,0,0
75,7,4,2,10,Y6031801,,,,0,30.0,0,0
75,7,4,2,11,Y6031802,,,,0,30.0,0,0
75,7,4,2,12,Y6031803,,,,0,30.0,0,0
75,7,4,2,13,Y6031804,,,,0,30.0,0,0
75,7,4,2,14,Y6031805,,,,0,30.0,0,0
75,7,4,2,15,Y6031806,,,,0,30.0,0,0
75,7,4,2,16,Y6031807,,,,0,30.0,0,0
75,7,4,2,17,Y6031808,,,,0,30.0,0,0
75,7,4,2,18,Y6031809,,,,3881,30.0,0,0
75,7,4,2,19,Y6031810,,,,4394,30.0,0,0
75,7,4,2,20,Y6031811,,,,4056,30.0,0,0
75,7,4,2,21,Y6031812,,,,0,30.0,0,0
75,7,4,2,22,Y6031813,,,,0,30.0,0,0
75,7,4,2,23,Y6031814,,,,0,30.0,0,0
75,7,4,2,24,Y6031815,,,,0,30.0,0,0
75,7,4,2,25,Y6031816,,,,0,30.0,0,0
75,7,4,2,26,Y6031817,,,,0,30.0,0,0
75,7,4,2,27,Y6031818,,,,0,30.0,0,0
75,7,4,2,28,Y6031819,,,,0,30.0,0,0
75,7,4,2,29,Y6031820,,,,0,30.0,0,0
75,7,4,2,30,Y6031821,,,,0,30.0,0,0
75,7,4,3,10,Y6031822,,,,0,30.0,0,0
75,7,4,3,11,Y6031823,,,,0,30.0,0,0
75,7,4,3,12,Y6031824,,,,0,30.0,0,0
75,7,4,3,13,Y6031825,,,,0,30.0,0,0
75,7,4,3,14,Y6031826,,,,0,30.0,0,0
75,7,4,3,15,Y6031827,,,,0,30.0,0,0
75,7,4,3,16,Y6031828,,,,0,30.0,0,0
75,7,4,3,17,Y6031829,,,,0,30.0,0,0
75,7,4,3,18,Y6031830,,,,3918,30.0,0,0
75,7,4,3,19,Y6031831,,,,4430,30.0,0,0
75,7,4,3,20,Y6031832,,,,4091,30.0,0,0
75,7,4,3,21,Y6031833,,,,0,30.0,0,0
75,7,4,3,22,Y6031834,,,,0,30.0,0,0
75,7,4,3,23,Y6031835,,,,0,30.0,0,0
75,7,4,3,24,Y6031836,,,,0,30.0,0,0
75,7,4,3,25,Y6031837,,,,0,30.0,0,0
75,7,4,3,26,Y6031838,,,,0,30.0,0,0
75,7,4,3,27,Y6031839,,,,0,30.0,0,0
75,7,4,3,28,Y6031840,,,,0,30.0,0,0
75,7,4,3,29,Y6031841,,,,0,30.0,0,0
75,7,4,3,30,Y6031842,,,,0,30.0,0,0
75,7,4,4,10,Y6031843,,,,0,30.0,0,0
75,7,4,4,11,Y6031844,,,,0,30.0,0,0
75,7,4,4,12,Y6031845,,,,0,30.0,0,0
75,7,4,4,13,Y6031846,,,,0,30.0,0,0
75,7,4,4,14,Y6031847,,,,0,30.0,0,0
75,7,4,4,15,Y6031848,,,,0,30.0,0,0
75,7,4,4,16,Y6031849,,,,0,30.0,0,0
75,7,4,4,17,Y6031850,,,,0,30.0,0,0
75,7,4,4,18,Y6031851,,,,4016,30.0,0,0
75,7,4,4,19,Y6031852,,,,4512,30.0,0,0
75,7,4,4,20,Y6031853,,,,4172,30.0,0,0
75,7,4,4,21,Y6031854,,,,0,30.0,0,0
75,7,4,4,22,Y6031855,,,,0,30.0,0,0
75,7,4,4,23,Y6031856,,,,0,30.0,0,0
75,7,4,4,24,Y6031857,,,,0,30.0,0,0
75,7,4,4,25,Y6031858,,,,0,30.0,0,0
75,7,4,4,26,Y6031859,,,,0,30.0,0,0
75,7,4,4,27,Y6031860,,,,0,30.0,0,0
75,7,4,4,28,Y6031861,,,,0,30.0,0,0
75,7,4,4,29,Y6031862,,,,0,30.0,0,0
75,7,4,4,30,Y6031863,,,,0,30.0,0,0
75,7,4,5,10,Y6031864,,,,0,30.0,0,0
75,7,4,5,11,Y6031865,,,,0,30.0,0,0
75,7,4,5,12,Y6031866,,,,0,30.0,0,0
75,7,4,5,13,Y6031867,,,,0,30.0,0,0
75,7,4,5,14,Y6031868,,,,0,30.0,0,0
75,7,4,5,15,Y6031869,,,,0,30.0,0,0
75,7,4,5,16,Y6031870,,,,0,30.0,0,0
75,7,4,5,17,Y6031871,,,,0,30.0,0,0
75,7,4,5,18,Y6031872,,,,4069,30.0,0,0
75,7,4,5,19,Y6031873,,,,4604,30.0,0,0
75,7,4,5,20,Y6031874,,,,4263,30.0,0,0
75,7,4,5,21,Y6031875,,,,0,30.0,0,0
75,7,4,5,22,Y6031876,,,,0,30.0,0,0
75,7,4,5,23,Y6031877,,,,0,30.0,0,0
75,7,4,5,24,Y6031878,,,,0,30.0,0,0
75,7,4,5,25,Y6031879,,,,0,30.0,0,0
75,7,4,5,26,Y6031880,,,,0,30.0,0,0
75,7,4,5,27,Y6031881,,,,0,30.0,0,0
75,7,4,5,28,Y6031882,,,,0,30.0,0,0
75,7,4,5,29,Y6031883,,,,0,30.0,0,0
75,7,4,5,30,Y6031884,,,,0,30.0,0,0
75,7,4,6,10,Y6031885,,,,0,30.0,0,0
75,7,4,6,11,Y6031886,,,,0,30.0,0,0
75,7,4,6,12,Y6031887,,,,0,30.0,0,0
75,7,4,6,13,Y6031888,,,,0,30.0,0,0
75,7,4,6,14,Y6031889,,,,0,30.0,0,0
75,7,4,6,15,Y6031890,,,,0,30.0,0,0
75,7,4,6,16,Y6031891,,,,0,30.0,0,0
75,7,4,6,17,Y6031892,,,,0,30.0,0,0
75,7,4,6,18,Y6031893,,,,4066,30.0,0,0
75,7,4,6,19,Y6031894,,,,4601,30.0,0,0
75,7,4,6,20,Y6031895,,,,4252,30.0,0,0
75,7,4,6,21,Y6031896,,,,0,30.0,0,0
75,7,4,6,22,Y6031897,,,,0,30.0,0,0
75,7,4,6,23,Y6031898,,,,0,30.0,0,0
75,7,4,6,24,Y6031899,,,,0,30.0,0,0
75,7,4,6,25,Y6031900,,,,0,30.0,0,0
75,7,4,6,26,Y6031901,,,,0,30.0,0,0
75,7,4,6,27,Y6031902,,,,0,30.0,0,0
75,7,4,6,28,Y6031903,,,,0,30.0,0,0
75,7,4,6,29,Y6031904,,,,0,30.0,0,0
75,7,4,6,30,Y6031905,,,,0,30.0,0,0
75,7,4,7,10,Y6031906,,,,0,30.0,0,0
75,7,4,7,11,Y6031907,,,,0,30.0,0,0
75,7,4,7,12,Y6031908,,,,0,30.0,0,0
75,7,4,7,13,Y6031909,,,,0,30.0,0,0
75,7,4,7,14,Y6031910,,,,0,30.0,0,0
75,7,4,7,15,Y6031911,,,,0,30.0,0,0
75,7,4,7,16,Y6031912,,,,0,30.0,0,0
75,7,4,7,17,Y6031913,,,,0,30.0,0,0
75,7,4,7,18,Y6031914,,,,4095,30.0,0,0
75,7,4,7,19,Y6031915,,,,4641,30.0,0,0
75,7,4,7,20,Y6031916,,,,4291,30.0,0,0
75,7,4,7,21,Y6031917,,,,0,30.0,0,0
75,7,4,7,22,Y6031918,,,,0,30.0,0,0
75,7,4,7,23,Y6031919,,,,0,30.0,0,0
75,7,4,7,24,Y6031920,,,,0,30.0,0,0
75,7,4,7,25,Y6031921,,,,0,30.0,0,0
75,7,4,7,26,Y6031922,,,,0,30.0,0,0
75,7,4,7,27,Y6031923,,,,0,30.0,0,0
75,7,4,7,28,Y6031924,,,,0,30.0,0,0
75,7,4,7,29,Y6031925,,,,0,30.0,0,0
75,7,4,7,30,Y6031926,,,,0,30.0,0,0
75,7,4,8,10,Y6031927,,,,0,30.0,0,0
75,7,4,8,11,Y6031928,,,,0,30.0,0,0
75,7,4,8,12,Y6031929,,,,0,30.0,0,0
75,7,4,8,13,Y6031930,,,,0,30.0,0,0
75,7,4,8,14,Y6031931,,,,0,30.0,0,0
75,7,4,8,15,Y6031932,,,,0,30.0,0,0
75,7,4,8,16,Y6031933,,,,0,30.0,0,0
75,7,4,8,17,Y6031934,,,,0,30.0,0,0
75,7,4,8,18,Y6031935,,,,4078,30.0,0,0
75,7,4,8,19,Y6031936,,,,4582,30.0,0,0
75,7,4,8,20,Y6031937,,,,4236,30.0,0,0
75,7,4,8,21,Y6031938,,,,0,30.0,0,0
75,7,4,8,22,Y6031939,,,,0,30.0,0,0
75,7,4,8,23,Y6031940,,,,0,30.0,0,0
75,7,4,8,24,Y6031941,,,,0,30.0,0,0
75,7,4,8,25,Y6031942,,,,0,30.0,0,0
75,7,4,8,26,Y6031943,,,,0,30.0,0,0
75,7,4,8,27,Y6031944,,,,0,30.0,0,0
75,7,4,8,28,Y6031945,,,,0,30.0,0,0
75,7,4,8,29,Y6031946,,,,0,30.0,0,0
75,7,4,8,30,Y6031947,,,,0,30.0,0,0
75,7,4,9,10,Y6031948,,,,0,30.0,0,0
75,7,4,9,11,Y6031949,,,,0,30.0,0,0
75,7,4,9,12,Y6031950,,,,0,30.0,0,0
75,7,4,9,13,Y6031951,,,,0,30.0,0,0
75,7,4,9,14,Y6031952,,,,0,30.0,0,0
75,7,4,9,15,Y6031953,,,,0,30.0,0,0
75,7,4,9,16,Y6031954,,,,0,30.0,0,0
75,7,4,9,17,Y6031955,,,,0,30.0,0,0
75,7,4,9,18,Y6031956,,,,4126,30.0,0,0
75,7,4,9,19,Y6031957,,,,4647,30.0,0,0
75,7,4,9,20,Y6031958,,,,4298,30.0,0,0
75,7,4,9,21,Y6031959,,,,0,30.0,0,0
75,7,4,9,22,Y6031960,,,,0,30.0,0,0
75,7,4,9,23,Y6031961,,,,0,30.0,0,0
75,7,4,9,24,Y6031962,,,,0,30.0,0,0
75,7,4,9,25,Y6031963,,,,0,30.0,0,0
75,7,4,9,26,Y6031964,,,,0,30.0,0,0
75,7,4,9,27,Y6031965,,,,0,30.0,0,0
75,7,4,9,28,Y6031966,,,,0,30.0,0,0
75,7,4,9,29,Y6031967,,,,0,30.0,0,0
75,7,4,9,30,Y6031968,,,,0,30.0,0,0
75,7,4,10,10,Y6031969,,,,0,30.0,0,0
75,7,4,10,11,Y6031970,,,,0,30.0,0,0
75,7,4,10,12,Y6031971,,,,0,30.0,0,0
75,7,4,10,13,Y6031972,,,,0,30.0,0,0
75,7,4,10,14,Y6031973,,,,0,30.0,0,0
75,7,4,10,15,Y6031974,,,,0,30.0,0,0
75,7,4,10,16,Y6031975,,,,0,30.0,0,0
75,7,4,10,17,Y6031976,,,,0,30.0,0,0
75,7,4,10,18,Y6031977,,,,4194,30.0,0,0
75,7,4,10,19,Y6031978,,,,4783,30.0,0,0
75,7,4,10,20,Y6031979,,,,4337,30.0,0,0
75,7,4,10,21,Y6031980,,,,0,30.0,0,0
75,7,4,10,22,Y6031981,,,,0,30.0,0,0
75,7,4,10,23,Y6031982,,,,0,30.0,0,0
75,7,4,10,24,Y6031983,,,,0,30.0,0,0
75,7,4,10,25,Y6031984,,,,0,30.0,0,0
75,7,4,10,26,Y6031985,,,,0,30.0,0,0
75,7,4,10,27,Y6031986,,,,0,30.0,0,0
75,7,4,10,28,Y6031987,,,,0,30.0,0,0
75,7,4,10,29,Y6031988,,,,0,30.0,0,0
75,7,4,10,30,Y6031989,,,,0,30.0,0,0
75,7,4,11,10,Y6031990,,,,0,30.0,0,0
75,7,4,11,11,Y6031991,,,,0,30.0,0,0
75,7,4,11,12,Y6031992,,,,0,30.0,0,0
75,7,4,11,13,Y6031993,,,,0,30.0,0,0
75,7,4,11,14,Y6031994,,,,0,30.0,0,0
75,7,4,11,15,Y6031995,,,,0,30.0,0,0
75,7,4,11,16,Y6031996,,,,0,30.0,0,0
75,7,4,11,17,Y6031997,,,,0,30.0,0,0
75,7,4,11,18,Y6031998,,,,4275,30.0,0,0
75,7,4,11,19,Y6031999,,,,4849,30.0,0,0
75,7,4,11,20,Y6032000,,,,4397,30.0,0,0
75,7,4,11,21,Y6032001,,,,0,30.0,0,0
75,7,4,11,22,Y6032002,,,,0,30.0,0,0
75,7,4,11,23,Y6032003,,,,0,30.0,0,0
75,7,4,11,24,Y6032004,,,,0,30.0,0,0
75,7,4,11,25,Y6032005,,,,0,30.0,0,0
75,7,4,11,26,Y6032006,,,,0,30.0,0,0
75,7,4,11,27,Y6032007,,,,0,30.0,0,0
75,7,4,11,28,Y6032008,,,,0,30.0,0,0
75,7,4,11,29,Y6032009,,,,0,30.0,0,0
75,7,4,11,30,Y6032010,,,,0,30.0,0,0
75,7,4,12,10,Y6032011,,,,0,30.0,0,0
75,7,4,12,11,Y6032012,,,,0,30.0,0,0
75,7,4,12,12,Y6032013,,,,0,30.0,0,0
75,7,4,12,13,Y6032014,,,,0,30.0,0,0
75,7,4,12,14,Y6032015,,,,0,30.0,0,0
75,7,4,12,15,Y6032016,,,,0,30.0,0,0
75,7,4,12,16,Y6032017,,,,0,30.0,0,0
75,7,4,12,17,Y6032018,,,,0,30.0,0,0
75,7,4,12,18,Y6032019,,,,4682,30.0,0,0
75,7,4,12,19,Y6032020,,,,5240,30.0,0,0
75,7,4,12,20,Y6032021,,,,4786,30.0,0,0
75,7,4,12,21,Y6032022,,,,0,30.0,0,0
75,7,4,12,22,Y6032023,,,,0,30.0,0,0
75,7,4,12,23,Y6032024,,,,0,30.0,0,0
75,7,4,12,24,Y6032025,,,,0,30.0,0,0
75,7,4,12,25,Y6032026,,,,0,30.0,0,0
75,7,4,12,26,Y6032027,,,,0,30.0,0,0
75,7,4,12,27,Y6032028,,,,0,30.0,0,0
75,7,4,12,28,Y6032029,,,,0,30.0,0,0
75,7,4,12,29,Y6032030,,,,0,30.0,0,0
75,7,4,12,30,Y6032031,,,,0,30.0,0,0
75,7,5,1,10,Y6032032,,,,0,30.0,0,0
75,7,5,1,11,Y6032033,,,,0,30.0,0,0
75,7,5,1,12,Y6032034,,,,0,30.0,0,0
75,7,5,1,13,Y6032035,,,,0,30.0,0,0
75,7,5,1,14,Y6032036,,,,0,30.0,0,0
75,7,5,1,15,Y6032037,,,,0,30.0,0,0
75,7,5,1,16,Y6032038,,,,0,30.0,0,0
75,7,5,1,17,Y6032039,,,,0,30.0,0,0
75,7,5,1,18,Y6032040,,,,3658,30.0,0,0
75,7,5,1,19,Y6032041,,,,4182,30.0,0,0
75,7,5,1,20,Y6032042,,,,3845,30.0,0,0
75,7,5,1,21,Y6032043,,,,0,30.0,0,0
75,7,5,1,22,Y6032044,,,,0,30.0,0,0
75,7,5,1,23,Y6032045,,,,0,30.0,0,0
75,7,5,1,24,Y6032046,,,,0,30.0,0,0
75,7,5,1,25,Y6032047,,,,0,30.0,0,0
75,7,5,1,26,Y6032048,,,,0,30.0,0,0
75,7,5,1,27,Y6032049,,,,0,30.0,0,0
75,7,5,1,28,Y6032050,,,,0,30.0,0,0
75,7,5,1,29,Y6032051,,,,0,30.0,0,0
75,7,5,1,30,Y6032052,,,,0,30.0,0,0
75,7,5,2,10,Y6032053,,,,0,30.0,0,0
75,7,5,2,11,Y6032054,,,,0,30.0,0,0
75,7,5,2,12,Y6032055,,,,0,30.0,0,0
75,7,5,2,13,Y6032056,,,,0,30.0,0,0
75,7,5,2,14,Y6032057,,,,0,30.0,0,0
75,7,5,2,15,Y6032058,,,,0,30.0,0,0
75,7,5,2,16,Y6032059,,,,0,30.0,0,0
75,7,5,2,17,Y6032060,,,,0,30.0,0,0
75,7,5,2,18,Y6032061,,,,3648,30.0,0,0
75,7,5,2,19,Y6032062,,,,4166,30.0,0,0
75,7,5,2,20,Y6032063,,,,3828,30.0,0,0
75,7,5,2,21,Y6032064,,,,0,30.0,0,0
75,7,5,2,22,Y6032065,,,,0,30.0,0,0
75,7,5,2,23,Y6032066,,,,0,30.0,0,0
75,7,5,2,24,Y6032067,,,,0,30.0,0,0
75,7,5,2,25,Y6032068,,,,0,30.0,0,0
75,7,5,2,26,Y6032069,,,,0,30.0,0,0
75,7,5,2,27,Y6032070,,,,0,30.0,0,0
75,7,5,2,28,Y6032071,,,,0,30.0,0,0
75,7,5,2,29,Y6032072,,,,0,30.0,0,0
75,7,5,2,30,Y6032073,,,,0,30.0,0,0
75,7,5,3,10,Y6032074,,,,0,30.0,0,0
75,7,5,3,11,Y6032075,,,,0,30.0,0,0
75,7,5,3,12,Y6032076,,,,0,30.0,0,0
75,7,5,3,13,Y6032077,,,,0,30.0,0,0
75,7,5,3,14,Y6032078,,,,0,30.0,0,0
75,7,5,3,15,Y6032079,,,,0,30.0,0,0
75,7,5,3,16,Y6032080,,,,0,30.0,0,0
75,7,5,3,17,Y6032081,,,,0,30.0,0,0
75,7,5,3,18,Y6032082,,,,3682,30.0,0,0
75,7,5,3,19,Y6032083,,,,4198,30.0,0,0
75,7,5,3,20,Y6032084,,,,3861,30.0,0,0
75,7,5,3,21,Y6032085,,,,0,30.0,0,0
75,7,5,3,22,Y6032086,,,,0,30.0,0,0
75,7,5,3,23,Y6032087,,,,0,30.0,0,0
75,7,5,3,24,Y6032088,,,,0,30.0,0,0
75,7,5,3,25,Y6032089,,,,0,30.0,0,0
75,7,5,3,26,Y6032090,,,,0,30.0,0,0
75,7,5,3,27,Y6032091,,,,0,30.0,0,0
75,7,5,3,28,Y6032092,,,,0,30.0,0,0
75,7,5,3,29,Y6032093,,,,0,30.0,0,0
75,7,5,3,30,Y6032094,,,,0,30.0,0,0
75,7,5,4,10,Y6032095,,,,0,30.0,0,0
75,7,5,4,11,Y6032096,,,,0,30.0,0,0
75,7,5,4,12,Y6032097,,,,0,30.0,0,0
75,7,5,4,13,Y6032098,,,,0,30.0,0,0
75,7,5,4,14,Y6032099,,,,0,30.0,0,0
75,7,5,4,15,Y6032100,,,,0,30.0,0,0
75,7,5,4,16,Y6032101,,,,0,30.0,0,0
75,7,5,4,17,Y6032102,,,,0,30.0,0,0
75,7,5,4,18,Y6032103,,,,3779,30.0,0,0
75,7,5,4,19,Y6032104,,,,4281,30.0,0,0
75,7,5,4,20,Y6032105,,,,3942,30.0,0,0
75,7,5,4,21,Y6032106,,,,0,30.0,0,0
75,7,5,4,22,Y6032107,,,,0,30.0,0,0
75,7,5,4,23,Y6032108,,,,0,30.0,0,0
75,7,5,4,24,Y6032109,,,,0,30.0,0,0
75,7,5,4,25,Y6032110,,,,0,30.0,0,0
75,7,5,4,26,Y6032111,,,,0,30.0,0,0
75,7,5,4,27,Y6032112,,,,0,30.0,0,0
75,7,5,4,28,Y6032113,,,,0,30.0,0,0
75,7,5,4,29,Y6032114,,,,0,30.0,0,0
75,7,5,4,30,Y6032115,,,,0,30.0,0,0
75,7,5,5,10,Y6032116,,,,0,30.0,0,0
75,7,5,5,11,Y6032117,,,,0,30.0,0,0
75,7,5,5,12,Y6032118,,,,0,30.0,0,0
75,7,5,5,13,Y6032119,,,,0,30.0,0,0
75,7,5,5,14,Y6032120,,,,0,30.0,0,0
75,7,5,5,15,Y6032121,,,,0,30.0,0,0
75,7,5,5,16,Y6032122,,,,0,30.0,0,0
75,7,5,5,17,Y6032123,,,,0,30.0,0,0
75,7,5,5,18,Y6032124,,,,3832,30.0,0,0
75,7,5,5,19,Y6032125,,,,4372,30.0,0,0
75,7,5,5,20,Y6032126,,,,4032,30.0,0,0
75,7,5,5,21,Y6032127,,,,0,30.0,0,0
75,7,5,5,22,Y6032128,,,,0,30.0,0,0
75,7,5,5,23,Y6032129,,,,0,30.0,0,0
75,7,5,5,24,Y6032130,,,,0,30.0,0,0
75,7,5,5,25,Y6032131,,,,0,30.0,0,0
75,7,5,5,26,Y6032132,,,,0,30.0,0,0
75,7,5,5,27,Y6032133,,,,0,30.0,0,0
75,7,5,5,28,Y6032134,,,,0,30.0,0,0
75,7,5,5,29,Y6032135,,,,0,30.0,0,0
75,7,5,5,30,Y6032136,,,,0,30.0,0,0
75,7,5,6,10,Y6032137,,,,0,30.0,0,0
75,7,5,6,11,Y6032138,,,,0,30.0,0,0
75,7,5,6,12,Y6032139,,,,0,30.0,0,0
75,7,5,6,13,Y6032140,,,,0,30.0,0,0
75,7,5,6,14,Y6032141,,,,0,30.0,0,0
75,7,5,6,15,Y6032142,,,,0,30.0,0,0
75,7,5,6,16,Y6032143,,,,0,30.0,0,0
75,7,5,6,17,Y6032144,,,,0,30.0,0,0
75,7,5,6,18,Y6032145,,,,3829,30.0,0,0
75,7,5,6,19,Y6032146,,,,4369,30.0,0,0
75,7,5,6,20,Y6032147,,,,4021,30.0,0,0
75,7,5,6,21,Y6032148,,,,0,30.0,0,0
75,7,5,6,22,Y6032149,,,,0,30.0,0,0
75,7,5,6,23,Y6032150,,,,0,30.0,0,0
75,7,5,6,24,Y6032151,,,,0,30.0,0,0
75,7,5,6,25,Y6032152,,,,0,30.0,0,0
75,7,5,6,26,Y6032153,,,,0,30.0,0,0
75,7,5,6,27,Y6032154,,,,0,30.0,0,0
75,7,5,6,28,Y6032155,,,,0,30.0,0,0
75,7,5,6,29,Y6032156,,,,0,30.0,0,0
75,7,5,6,30,Y6032157,,,,0,30.0,0,0
75,7,5,7,10,Y6032158,,,,0,30.0,0,0
75,7,5,7,11,Y6032159,,,,0,30.0,0,0
75,7,5,7,12,Y6032160,,,,0,30.0,0,0
75,7,5,7,13,Y6032161,,,,0,30.0,0,0
75,7,5,7,14,Y6032162,,,,0,30.0,0,0
75,7,5,7,15,Y6032163,,,,0,30.0,0,0
75,7,5,7,16,Y6032164,,,,0,30.0,0,0
75,7,5,7,17,Y6032165,,,,0,30.0,0,0
75,7,5,7,18,Y6032166,,,,3858,30.0,0,0
75,7,5,7,19,Y6032167,,,,4409,30.0,0,0
75,7,5,7,20,Y6032168,,,,4060,30.0,0,0
75,7,5,7,21,Y6032169,,,,0,30.0,0,0
75,7,5,7,22,Y6032170,,,,0,30.0,0,0
75,7,5,7,23,Y6032171,,,,0,30.0,0,0
75,7,5,7,24,Y6032172,,,,0,30.0,0,0
75,7,5,7,25,Y6032173,,,,0,30.0,0,0
75,7,5,7,26,Y6032174,,,,0,30.0,0,0
75,7,5,7,27,Y6032175,,,,0,30.0,0,0
75,7,5,7,28,Y6032176,,,,0,30.0,0,0
75,7,5,7,29,Y6032177,,,,0,30.0,0,0
75,7,5,7,30,Y6032178,,,,0,30.0,0,0
75,7,5,8,10,Y6032179,,,,0,30.0,0,0
75,7,5,8,11,Y6032180,,,,0,30.0,0,0
75,7,5,8,12,Y6032181,,,,0,30.0,0,0
75,7,5,8,13,Y6032182,,,,0,30.0,0,0
75,7,5,8,14,Y6032183,,,,0,30.0,0,0
75,7,5,8,15,Y6032184,,,,0,30.0,0,0
75,7,5,8,16,Y6032185,,,,0,30.0,0,0
75,7,5,8,17,Y6032186,,,,0,30.0,0,0
75,7,5,8,18,Y6032187,,,,3867,30.0,0,0
75,7,5,8,19,Y6032188,,,,4376,30.0,0,0
75,7,5,8,20,Y6032189,,,,4030,30.0,0,0
75,7,5,8,21,Y6032190,,,,0,30.0,0,0
75,7,5,8,22,Y6032191,,,,0,30.0,0,0
75,7,5,8,23,Y6032192,,,,0,30.0,0,0
75,7,5,8,24,Y6032193,,,,0,30.0,0,0
75,7,5,8,25,Y6032194,,,,0,30.0,0,0
75,7,5,8,26,Y6032195,,,,0,30.0,0,0
75,7,5,8,27,Y6032196,,,,0,30.0,0,0
75,7,5,8,28,Y6032197,,,,0,30.0,0,0
75,7,5,8,29,Y6032198,,,,0,30.0,0,0
75,7,5,8,30,Y6032199,,,,0,30.0,0,0
75,7,5,9,10,Y6032200,,,,0,30.0,0,0
75,7,5,9,11,Y6032201,,,,0,30.0,0,0
75,7,5,9,12,Y6032202,,,,0,30.0,0,0
75,7,5,9,13,Y6032203,,,,0,30.0,0,0
75,7,5,9,14,Y6032204,,,,0,30.0,0,0
75,7,5,9,15,Y6032205,,,,0,30.0,0,0
75,7,5,9,16,Y6032206,,,,0,30.0,0,0
75,7,5,9,17,Y6032207,,,,0,30.0,0,0
75,7,5,9,18,Y6032208,,,,3915,30.0,0,0
75,7,5,9,19,Y6032209,,,,4441,30.0,0,0
75,7,5,9,20,Y6032210,,,,4093,30.0,0,0
75,7,5,9,21,Y6032211,,,,0,30.0,0,0
75,7,5,9,22,Y6032212,,,,0,30.0,0,0
75,7,5,9,23,Y6032213,,,,0,30.0,0,0
75,7,5,9,24,Y6032214,,,,0,30.0,0,0
75,7,5,9,25,Y6032215,,,,0,30.0,0,0
75,7,5,9,26,Y6032216,,,,0,30.0,0,0
75,7,5,9,27,Y6032217,,,,0,30.0,0,0
75,7,5,9,28,Y6032218,,,,0,30.0,0,0
75,7,5,9,29,Y6032219,,,,0,30.0,0,0
75,7,5,9,30,Y6032220,,,,0,30.0,0,0
75,7,5,10,10,Y6032221,,,,0,30.0,0,0
75,7,5,10,11,Y6032222,,,,0,30.0,0,0
75,7,5,10,12,Y6032223,,,,0,30.0,0,0
75,7,5,10,13,Y6032224,,,,0,30.0,0,0
75,7,5,10,14,Y6032225,,,,0,30.0,0,0
75,7,5,10,15,Y6032226,,,,0,30.0,0,0
75,7,5,10,16,Y6032227,,,,0,30.0,0,0
75,7,5,10,17,Y6032228,,,,0,30.0,0,0
75,7,5,10,18,Y6032229,,,,3983,30.0,0,0
75,7,5,10,19,Y6032230,,,,4577,30.0,0,0
75,7,5,10,20,Y6032231,,,,4132,30.0,0,0
75,7,5,10,21,Y6032232,,,,0,30.0,0,0
75,7,5,10,22,Y6032233,,,,0,30.0,0,0
75,7,5,10,23,Y6032234,,,,0,30.0,0,0
75,7,5,10,24,Y6032235,,,,0,30.0,0,0
75,7,5,10,25,Y6032236,,,,0,30.0,0,0
75,7,5,10,26,Y6032237,,,,0,30.0,0,0
75,7,5,10,27,Y6032238,,,,0,30.0,0,0
75,7,5,10,28,Y6032239,,,,0,30.0,0,0
75,7,5,10,29,Y6032240,,,,0,30.0,0,0
75,7,5,10,30,Y6032241,,,,0,30.0,0,0
75,7,5,11,10,Y6032242,,,,0,30.0,0,0
75,7,5,11,11,Y6032243,,,,0,30.0,0,0
75,7,5,11,12,Y6032244,,,,0,30.0,0,0
75,7,5,11,13,Y6032245,,,,0,30.0,0,0
75,7,5,11,14,Y6032246,,,,0,30.0,0,0
75,7,5,11,15,Y6032247,,,,0,30.0,0,0
75,7,5,11,16,Y6032248,,,,0,30.0,0,0
75,7,5,11,17,Y6032249,,,,0,30.0,0,0
75,7,5,11,18,Y6032250,,,,4064,30.0,0,0
75,7,5,11,19,Y6032251,,,,4642,30.0,0,0
75,7,5,11,20,Y6032252,,,,4191,30.0,0,0
75,7,5,11,21,Y6032253,,,,0,30.0,0,0
75,7,5,11,22,Y6032254,,,,0,30.0,0,0
75,7,5,11,23,Y6032255,,,,0,30.0,0,0
75,7,5,11,24,Y6032256,,,,0,30.0,0,0
75,7,5,11,25,Y6032257,,,,0,30.0,0,0
75,7,5,11,26,Y6032258,,,,0,30.0,0,0
75,7,5,11,27,Y6032259,,,,0,30.0,0,0
75,7,5,11,28,Y6032260,,,,0,30.0,0,0
75,7,5,11,29,Y6032261,,,,0,30.0,0,0
75,7,5,11,30,Y6032262,,,,0,30.0,0,0
75,7,5,12,10,Y6032263,,,,0,30.0,0,0
75,7,5,12,11,Y6032264,,,,0,30.0,0,0
75,7,5,12,12,Y6032265,,,,0,30.0,0,0
75,7,5,12,13,Y6032266,,,,0,30.0,0,0
75,7,5,12,14,Y6032267,,,,0,30.0,0,0
75,7,5,12,15,Y6032268,,,,0,30.0,0,0
75,7,5,12,16,Y6032269,,,,0,30.0,0,0
75,7,5,12,17,Y6032270,,,,0,30.0,0,0
75,7,5,12,18,Y6032271,,,,4473,30.0,0,0
75,7,5,12,19,Y6032272,,,,5036,30.0,0,0
75,7,5,12,20,Y6032273,,,,4583,30.0,0,0
75,7,5,12,21,Y6032274,,,,0,30.0,0,0
75,7,5,12,22,Y6032275,,,,0,30.0,0,0
75,7,5,12,23,Y6032276,,,,0,30.0,0,0
75,7,5,12,24,Y6032277,,,,0,30.0,0,0
75,7,5,12,25,Y6032278,,,,0,30.0,0,0
75,7,5,12,26,Y6032279,,,,0,30.0,0,0
75,7,5,12,27,Y6032280,,,,0,30.0,0,0
75,7,5,12,28,Y6032281,,,,0,30.0,0,0
75,7,5,12,29,Y6032282,,,,0,30.0,0,0
75,7,5,12,30,Y6032283,,,,0,30.0,0,0
75,7,6,1,10,Y6032284,,,,0,30.0,0,0
75,7,6,1,11,Y6032285,,,,0,30.0,0,0
75,7,6,1,12,Y6032286,,,,0,30.0,0,0
75,7,6,1,13,Y6032287,,,,0,30.0,0,0
75,7,6,1,14,Y6032288,,,,0,30.0,0,0
75,7,6,1,15,Y6032289,,,,0,30.0,0,0
75,7,6,1,16,Y6032290,,,,0,30.0,0,0
75,7,6,1,17,Y6032291,,,,0,30.0,0,0
75,7,6,1,18,Y6032292,,,,3500,30.0,0,0
75,7,6,1,19,Y6032293,,,,3993,30.0,0,0
75,7,6,1,20,Y6032294,,,,3637,30.0,0,0
75,7,6,1,21,Y6032295,,,,0,30.0,0,0
75,7,6,1,22,Y6032296,,,,0,30.0,0,0
75,7,6,1,23,Y6032297,,,,0,30.0,0,0
75,7,6,1,24,Y6032298,,,,0,30.0,0,0
75,7,6,1,25,Y6032299,,,,0,30.0,0,0
75,7,6,1,26,Y6032300,,,,0,30.0,0,0
75,7,6,1,27,Y6032301,,,,0,30.0,0,0
75,7,6,1,28,Y6032302,,,,0,30.0,0,0
75,7,6,1,29,Y6032303,,,,0,30.0,0,0
75,7,6,1,30,Y6032304,,,,0,30.0,0,0
75,7,6,2,10,Y6032305,,,,0,30.0,0,0
75,7,6,2,11,Y6032306,,,,0,30.0,0,0
75,7,6,2,12,Y6032307,,,,0,30.0,0,0
75,7,6,2,13,Y6032308,,,,0,30.0,0,0
75,7,6,2,14,Y6032309,,,,0,30.0,0,0
75,7,6,2,15,Y6032310,,,,0,30.0,0,0
75,7,6,2,16,Y6032311,,,,0,30.0,0,0
75,7,6,2,17,Y6032312,,,,0,30.0,0,0
75,7,6,2,18,Y6032313,,,,3489,30.0,0,0
75,7,6,2,19,Y6032314,,,,3976,30.0,0,0
75,7,6,2,20,Y6032315,,,,3621,30.0,0,0
75,7,6,2,21,Y6032316,,,,0,30.0,0,0
75,7,6,2,22,Y6032317,,,,0,30.0,0,0
75,7,6,2,23,Y6032318,,,,0,30.0,0,0
75,7,6,2,24,Y6032319,,,,0,30.0,0,0
75,7,6,2,25,Y6032320,,,,0,30.0,0,0
75,7,6,2,26,Y6032321,,,,0,30.0,0,0
75,7,6,2,27,Y6032322,,,,0,30.0,0,0
75,7,6,2,28,Y6032323,,,,0,30.0,0,0
75,7,6,2,29,Y6032324,,,,0,30.0,0,0
75,7,6,2,30,Y6032325,,,,0,30.0,0,0
75,7,6,3,10,Y6032326,,,,0,30.0,0,0
75,7,6,3,11,Y6032327,,,,0,30.0,0,0
75,7,6,3,12,Y6032328,,,,0,30.0,0,0
75,7,6,3,13,Y6032329,,,,0,30.0,0,0
75,7,6,3,14,Y6032330,,,,0,30.0,0,0
75,7,6,3,15,Y6032331,,,,0,30.0,0,0
75,7,6,3,16,Y6032332,,,,0,30.0,0,0
75,7,6,3,17,Y6032333,,,,0,30.0,0,0
75,7,6,3,18,Y6032334,,,,3523,30.0,0,0
75,7,6,3,19,Y6032335,,,,4008,30.0,0,0
75,7,6,3,20,Y6032336,,,,3653,30.0,0,0
75,7,6,3,21,Y6032337,,,,0,30.0,0,0
75,7,6,3,22,Y6032338,,,,0,30.0,0,0
75,7,6,3,23,Y6032339,,,,0,30.0,0,0
75,7,6,3,24,Y6032340,,,,0,30.0,0,0
75,7,6,3,25,Y6032341,,,,0,30.0,0,0
75,7,6,3,26,Y6032342,,,,0,30.0,0,0
75,7,6,3,27,Y6032343,,,,0,30.0,0,0
75,7,6,3,28,Y6032344,,,,0,30.0,0,0
75,7,6,3,29,Y6032345,,,,0,30.0,0,0
75,7,6,3,30,Y6032346,,,,0,30.0,0,0
75,7,6,4,10,Y6032347,,,,0,30.0,0,0
75,7,6,4,11,Y6032348,,,,0,30.0,0,0
75,7,6,4,12,Y6032349,,,,0,30.0,0,0
75,7,6,4,13,Y6032350,,,,0,30.0,0,0
75,7,6,4,14,Y6032351,,,,0,30.0,0,0
75,7,6,4,15,Y6032352,,,,0,30.0,0,0
75,7,6,4,16,Y6032353,,,,0,30.0,0,0
75,7,6,4,17,Y6032354,,,,0,30.0,0,0
75,7,6,4,18,Y6032355,,,,3621,30.0,0,0
75,7,6,4,19,Y6032356,,,,4091,30.0,0,0
75,7,6,4,20,Y6032357,,,,3734,30.0,0,0
75,7,6,4,21,Y6032358,,,,0,30.0,0,0
75,7,6,4,22,Y6032359,,,,0,30.0,0,0
75,7,6,4,23,Y6032360,,,,0,30.0,0,0
75,7,6,4,24,Y6032361,,,,0,30.0,0,0
75,7,6,4,25,Y6032362,,,,0,30.0,0,0
75,7,6,4,26,Y6032363,,,,0,30.0,0,0
75,7,6,4,27,Y6032364,,,,0,30.0,0,0
75,7,6,4,28,Y6032365,,,,0,30.0,0,0
75,7,6,4,29,Y6032366,,,,0,30.0,0,0
75,7,6,4,30,Y6032367,,,,0,30.0,0,0
75,7,6,5,10,Y6032368,,,,0,30.0,0,0
75,7,6,5,11,Y6032369,,,,0,30.0,0,0
75,7,6,5,12,Y6032370,,,,0,30.0,0,0
75,7,6,5,13,Y6032371,,,,0,30.0,0,0
75,7,6,5,14,Y6032372,,,,0,30.0,0,0
75,7,6,5,15,Y6032373,,,,0,30.0,0,0
75,7,6,5,16,Y6032374,,,,0,30.0,0,0
75,7,6,5,17,Y6032375,,,,0,30.0,0,0
75,7,6,5,18,Y6032376,,,,3674,30.0,0,0
75,7,6,5,19,Y6032377,,,,4182,30.0,0,0
75,7,6,5,20,Y6032378,,,,3824,30.0,0,0
75,7,6,5,21,Y6032379,,,,0,30.0,0,0
75,7,6,5,22,Y6032380,,,,0,30.0,0,0
75,7,6,5,23,Y6032381,,,,0,30.0,0,0
75,7,6,5,24,Y6032382,,,,0,30.0,0,0
75,7,6,5,25,Y6032383,,,,0,30.0,0,0
75,7,6,5,26,Y6032384,,,,0,30.0,0,0
75,7,6,5,27,Y6032385,,,,0,30.0,0,0
75,7,6,5,28,Y6032386,,,,0,30.0,0,0
75,7,6,5,29,Y6032387,,,,0,30.0,0,0
75,7,6,5,30,Y6032388,,,,0,30.0,0,0
75,7,6,6,10,Y6032389,,,,0,30.0,0,0
75,7,6,6,11,Y6032390,,,,0,30.0,0,0
75,7,6,6,12,Y6032391,,,,0,30.0,0,0
75,7,6,6,13,Y6032392,,,,0,30.0,0,0
75,7,6,6,14,Y6032393,,,,0,30.0,0,0
75,7,6,6,15,Y6032394,,,,0,30.0,0,0
75,7,6,6,16,Y6032395,,,,0,30.0,0,0
75,7,6,6,17,Y6032396,,,,0,30.0,0,0
75,7,6,6,18,Y6032397,,,,3670,30.0,0,0
75,7,6,6,19,Y6032398,,,,4179,30.0,0,0
75,7,6,6,20,Y6032399,,,,3814,30.0,0,0
75,7,6,6,21,Y6032400,,,,0,30.0,0,0
75,7,6,6,22,Y6032401,,,,0,30.0,0,0
75,7,6,6,23,Y6032402,,,,0,30.0,0,0
75,7,6,6,24,Y6032403,,,,0,30.0,0,0
75,7,6,6,25,Y6032404,,,,0,30.0,0,0
75,7,6,6,26,Y6032405,,,,0,30.0,0,0
75,7,6,6,27,Y6032406,,,,0,30.0,0,0
75,7,6,6,28,Y6032407,,,,0,30.0,0,0
75,7,6,6,29,Y6032408,,,,0,30.0,0,0
75,7,6,6,30,Y6032409,,,,0,30.0,0,0
75,7,6,7,10,Y6032410,,,,0,30.0,0,0
75,7,6,7,11,Y6032411,,,,0,30.0,0,0
75,7,6,7,12,Y6032412,,,,0,30.0,0,0
75,7,6,7,13,Y6032413,,,,0,30.0,0,0
75,7,6,7,14,Y6032414,,,,0,30.0,0,0
75,7,6,7,15,Y6032415,,,,0,30.0,0,0
75,7,6,7,16,Y6032416,,,,0,30.0,0,0
75,7,6,7,17,Y6032417,,,,0,30.0,0,0
75,7,6,7,18,Y6032418,,,,3699,30.0,0,0
75,7,6,7,19,Y6032419,,,,4219,30.0,0,0
75,7,6,7,20,Y6032420,,,,3853,30.0,0,0
75,7,6,7,21,Y6032421,,,,0,30.0,0,0
75,7,6,7,22,Y6032422,,,,0,30.0,0,0
75,7,6,7,23,Y6032423,,,,0,30.0,0,0
75,7,6,7,24,Y6032424,,,,0,30.0,0,0
75,7,6,7,25,Y6032425,,,,0,30.0,0,0
75,7,6,7,26,Y6032426,,,,0,30.0,0,0
75,7,6,7,27,Y6032427,,,,0,30.0,0,0
75,7,6,7,28,Y6032428,,,,0,30.0,0,0
75,7,6,7,29,Y6032429,,,,0,30.0,0,0
75,7,6,7,30,Y6032430,,,,0,30.0,0,0
75,7,6,8,10,Y6032431,,,,0,30.0,0,0
75,7,6,8,11,Y6032432,,,,0,30.0,0,0
75,7,6,8,12,Y6032433,,,,0,30.0,0,0
75,7,6,8,13,Y6032434,,,,0,30.0,0,0
75,7,6,8,14,Y6032435,,,,0,30.0,0,0
75,7,6,8,15,Y6032436,,,,0,30.0,0,0
75,7,6,8,16,Y6032437,,,,0,30.0,0,0
75,7,6,8,17,Y6032438,,,,0,30.0,0,0
75,7,6,8,18,Y6032439,,,,3708,30.0,0,0
75,7,6,8,19,Y6032440,,,,4185,30.0,0,0
75,7,6,8,20,Y6032441,,,,3822,30.0,0,0
75,7,6,8,21,Y6032442,,,,0,30.0,0,0
75,7,6,8,22,Y6032443,,,,0,30.0,0,0
75,7,6,8,23,Y6032444,,,,0,30.0,0,0
75,7,6,8,24,Y6032445,,,,0,30.0,0,0
75,7,6,8,25,Y6032446,,,,0,30.0,0,0
75,7,6,8,26,Y6032447,,,,0,30.0,0,0
75,7,6,8,27,Y6032448,,,,0,30.0,0,0
75,7,6,8,28,Y6032449,,,,0,30.0,0,0
75,7,6,8,29,Y6032450,,,,0,30.0,0,0
75,7,6,8,30,Y6032451,,,,0,30.0,0,0
75,7,6,9,10,Y6032452,,,,0,30.0,0,0
75,7,6,9,11,Y6032453,,,,0,30.0,0,0
75,7,6,9,12,Y6032454,,,,0,30.0,0,0
75,7,6,9,13,Y6032455,,,,0,30.0,0,0
75,7,6,9,14,Y6032456,,,,0,30.0,0,0
75,7,6,9,15,Y6032457,,,,0,30.0,0,0
75,7,6,9,16,Y6032458,,,,0,30.0,0,0
75,7,6,9,17,Y6032459,,,,0,30.0,0,0
75,7,6,9,18,Y6032460,,,,3754,30.0,0,0
75,7,6,9,19,Y6032461,,,,4247,30.0,0,0
75,7,6,9,20,Y6032462,,,,3882,30.0,0,0
75,7,6,9,21,Y6032463,,,,0,30.0,0,0
75,7,6,9,22,Y6032464,,,,0,30.0,0,0
75,7,6,9,23,Y6032465,,,,0,30.0,0,0
75,7,6,9,24,Y6032466,,,,0,30.0,0,0
75,7,6,9,25,Y6032467,,,,0,30.0,0,0
75,7,6,9,26,Y6032468,,,,0,30.0,0,0
75,7,6,9,27,Y6032469,,,,0,30.0,0,0
75,7,6,9,28,Y6032470,,,,0,30.0,0,0
75,7,6,9,29,Y6032471,,,,0,30.0,0,0
75,7,6,9,30,Y6032472,,,,0,30.0,0,0
75,7,6,10,10,Y6032473,,,,0,30.0,0,0
75,7,6,10,11,Y6032474,,,,0,30.0,0,0
75,7,6,10,12,Y6032475,,,,0,30.0,0,0
75,7,6,10,13,Y6032476,,,,0,30.0,0,0
75,7,6,10,14,Y6032477,,,,0,30.0,0,0
75,7,6,10,15,Y6032478,,,,0,30.0,0,0
75,7,6,10,16,Y6032479,,,,0,30.0,0,0
75,7,6,10,17,Y6032480,,,,0,30.0,0,0
75,7,6,10,18,Y6032481,,,,3852,30.0,0,0
75,7,6,10,19,Y6032482,,,,4425,30.0,0,0
75,7,6,10,20,Y6032483,,,,3962,30.0,0,0
75,7,6,10,21,Y6032484,,,,0,30.0,0,0
75,7,6,10,22,Y6032485,,,,0,30.0,0,0
75,7,6,10,23,Y6032486,,,,0,30.0,0,0
75,7,6,10,24,Y6032487,,,,0,30.0,0,0
75,7,6,10,25,Y6032488,,,,0,30.0,0,0
75,7,6,10,26,Y6032489,,,,0,30.0,0,0
75,7,6,10,27,Y6032490,,,,0,30.0,0,0
75,7,6,10,28,Y6032491,,,,0,30.0,0,0
75,7,6,10,29,Y6032492,,,,0,30.0,0,0
75,7,6,10,30,Y6032493,,,,0,30.0,0,0
75,7,6,11,10,Y6032494,,,,0,30.0,0,0
75,7,6,11,11,Y6032495,,,,0,30.0,0,0
75,7,6,11,12,Y6032496,,,,0,30.0,0,0
75,7,6,11,13,Y6032497,,,,0,30.0,0,0
75,7,6,11,14,Y6032498,,,,0,30.0,0,0
75,7,6,11,15,Y6032499,,,,0,30.0,0,0
75,7,6,11,16,Y6032500,,,,0,30.0,0,0
75,7,6,11,17,Y6032501,,,,0,30.0,0,0
75,7,6,11,18,Y6032502,,,,3933,30.0,0,0
75,7,6,11,19,Y6032503,,,,4491,30.0,0,0
75,7,6,11,20,Y6032504,,,,4022,30.0,0,0
75,7,6,11,21,Y6032505,,,,0,30.0,0,0
75,7,6,11,22,Y6032506,,,,0,30.0,0,0
75,7,6,11,23,Y6032507,,,,0,30.0,0,0
75,7,6,11,24,Y6032508,,,,0,30.0,0,0
75,7,6,11,25,Y6032509,,,,0,30.0,0,0
75,7,6,11,26,Y6032510,,,,0,30.0,0,0
75,7,6,11,27,Y6032511,,,,0,30.0,0,0
75,7,6,11,28,Y6032512,,,,0,30.0,0,0
75,7,6,11,29,Y6032513,,,,0,30.0,0,0
75,7,6,11,30,Y6032514,,,,0,30.0,0,0
75,7,6,12,10,Y6032515,,,,0,30.0,0,0
75,7,6,12,11,Y6032516,,,,0,30.0,0,0
75,7,6,12,12,Y6032517,,,,0,30.0,0,0
75,7,6,12,13,Y6032518,,,,0,30.0,0,0
75,7,6,12,14,Y6032519,,,,0,30.0,0,0
75,7,6,12,15,Y6032520,,,,0,30.0,0,0
75,7,6,12,16,Y6032521,,,,0,30.0,0,0
75,7,6,12,17,Y6032522,,,,0,30.0,0,0
75,7,6,12,18,Y6032523,,,,4343,30.0,0,0
75,7,6,12,19,Y6032524,,,,4884,30.0,0,0
75,7,6,12,20,Y6032525,,,,4414,30.0,0,0
75,7,6,12,21,Y6032526,,,,0,30.0,0,0
75,7,6,12,22,Y6032527,,,,0,30.0,0,0
75,7,6,12,23,Y6032528,,,,0,30.0,0,0
75,7,6,12,24,Y6032529,,,,0,30.0,0,0
75,7,6,12,25,Y6032530,,,,0,30.0,0,0
75,7,6,12,26,Y6032531,,,,0,30.0,0,0
75,7,6,12,27,Y6032532,,,,0,30.0,0,0
75,7,6,12,28,Y6032533,,,,0,30.0,0,0
75,7,6,12,29,Y6032534,,,,0,30.0,0,0
75,7,6,12,30,Y6032535,,,,0,30.0,0,0
75,7,7,1,10,Y6032536,,,,0,30.0,0,0
75,7,7,1,11,Y6032537,,,,0,30.0,0,0
75,7,7,1,12,Y6032538,,,,0,30.0,0,0
75,7,7,1,13,Y6032539,,,,0,30.0,0,0
75,7,7,1,14,Y6032540,,,,0,30.0,0,0
75,7,7,1,15,Y6032541,,,,0,30.0,0,0
75,7,7,1,16,Y6032542,,,,0,30.0,0,0
75,7,7,1,17,Y6032543,,,,0,30.0,0,0
75,7,7,1,18,Y6032544,,,,3417,30.0,0,0
75,7,7,1,19,Y6032545,,,,3918,30.0,0,0
75,7,7,1,20,Y6032546,,,,3520,30.0,0,0
75,7,7,1,21,Y6032547,,,,0,30.0,0,0
75,7,7,1,22,Y6032548,,,,0,30.0,0,0
75,7,7,1,23,Y6032549,,,,0,30.0,0,0
75,7,7,1,24,Y6032550,,,,0,30.0,0,0
75,7,7,1,25,Y6032551,,,,0,30.0,0,0
75,7,7,1,26,Y6032552,,,,0,30.0,0,0
75,7,7,1,27,Y6032553,,,,0,30.0,0,0
75,7,7,1,28,Y6032554,,,,0,30.0,0,0
75,7,7,1,29,Y6032555,,,,0,30.0,0,0
75,7,7,1,30,Y6032556,,,,0,30.0,0,0
75,7,7,2,10,Y6032557,,,,0,30.0,0,0
75,7,7,2,11,Y6032558,,,,0,30.0,0,0
75,7,7,2,12,Y6032559,,,,0,30.0,0,0
75,7,7,2,13,Y6032560,,,,0,30.0,0,0
75,7,7,2,14,Y6032561,,,,0,30.0,0,0
75,7,7,2,15,Y6032562,,,,0,30.0,0,0
75,7,7,2,16,Y6032563,,,,0,30.0,0,0
75,7,7,2,17,Y6032564,,,,0,30.0,0,0
75,7,7,2,18,Y6032565,,,,3406,30.0,0,0
75,7,7,2,19,Y6032566,,,,3901,30.0,0,0
75,7,7,2,20,Y6032567,,,,3504,30.0,0,0
75,7,7,2,21,Y6032568,,,,0,30.0,0,0
75,7,7,2,22,Y6032569,,,,0,30.0,0,0
75,7,7,2,23,Y6032570,,,,0,30.0,0,0
75,7,7,2,24,Y6032571,,,,0,30.0,0,0
75,7,7,2,25,Y6032572,,,,0,30.0,0,0
75,7,7,2,26,Y6032573,,,,0,30.0,0,0
75,7,7,2,27,Y6032574,,,,0,30.0,0,0
75,7,7,2,28,Y6032575,,,,0,30.0,0,0
75,7,7,2,29,Y6032576,,,,0,30.0,0,0
75,7,7,2,30,Y6032577,,,,0,30.0,0,0
75,7,7,3,10,Y6032578,,,,0,30.0,0,0
75,7,7,3,11,Y6032579,,,,0,30.0,0,0
75,7,7,3,12,Y6032580,,,,0,30.0,0,0
75,7,7,3,13,Y6032581,,,,0,30.0,0,0
75,7,7,3,14,Y6032582,,,,0,30.0,0,0
75,7,7,3,15,Y6032583,,,,0,30.0,0,0
75,7,7,3,16,Y6032584,,,,0,30.0,0,0
75,7,7,3,17,Y6032585,,,,0,30.0,0,0
75,7,7,3,18,Y6032586,,,,3427,30.0,0,0
75,7,7,3,19,Y6032587,,,,3920,30.0,0,0
75,7,7,3,20,Y6032588,,,,3523,30.0,0,0
75,7,7,3,21,Y6032589,,,,0,30.0,0,0
75,7,7,3,22,Y6032590,,,,0,30.0,0,0
75,7,7,3,23,Y6032591,,,,0,30.0,0,0
75,7,7,3,24,Y6032592,,,,0,30.0,0,0
75,7,7,3,25,Y6032593,,,,0,30.0,0,0
75,7,7,3,26,Y6032594,,,,0,30.0,0,0
75,7,7,3,27,Y6032595,,,,0,30.0,0,0
75,7,7,3,28,Y6032596,,,,0,30.0,0,0
75,7,7,3,29,Y6032597,,,,0,30.0,0,0
75,7,7,3,30,Y6032598,,,,0,30.0,0,0
75,7,7,4,10,Y6032599,,,,0,30.0,0,0
75,7,7,4,11,Y6032600,,,,0,30.0,0,0
75,7,7,4,12,Y6032601,,,,0,30.0,0,0
75,7,7,4,13,Y6032602,,,,0,30.0,0,0
75,7,7,4,14,Y6032603,,,,0,30.0,0,0
75,7,7,4,15,Y6032604,,,,0,30.0,0,0
75,7,7,4,16,Y6032605,,,,0,30.0,0,0
75,7,7,4,17,Y6032606,,,,0,30.0,0,0
75,7,7,4,18,Y6032607,,,,3525,30.0,0,0
75,7,7,4,19,Y6032608,,,,4003,30.0,0,0
75,7,7,4,20,Y6032609,,,,3604,30.0,0,0
75,7,7,4,21,Y6032610,,,,0,30.0,0,0
75,7,7,4,22,Y6032611,,,,0,30.0,0,0
75,7,7,4,23,Y6032612,,,,0,30.0,0,0
75,7,7,4,24,Y6032613,,,,0,30.0,0,0
75,7,7,4,25,Y6032614,,,,0,30.0,0,0
75,7,7,4,26,Y6032615,,,,0,30.0,0,0
75,7,7,4,27,Y6032616,,,,0,30.0,0,0
75,7,7,4,28,Y6032617,,,,0,30.0,0,0
75,7,7,4,29,Y6032618,,,,0,30.0,0,0
75,7,7,4,30,Y6032619,,,,0,30.0,0,0
75,7,7,5,10,Y6032620,,,,0,30.0,0,0
75,7,7,5,11,Y6032621,,,,0,30.0,0,0
75,7,7,5,12,Y6032622,,,,0,30.0,0,0
75,7,7,5,13,Y6032623,,,,0,30.0,0,0
75,7,7,5,14,Y6032624,,,,0,30.0,0,0
75,7,7,5,15,Y6032625,,,,0,30.0,0,0
75,7,7,5,16,Y6032626,,,,0,30.0,0,0
75,7,7,5,17,Y6032627,,,,0,30.0,0,0
75,7,7,5,18,Y6032628,,,,3578,30.0,0,0
75,7,7,5,19,Y6032629,,,,4095,30.0,0,0
75,7,7,5,20,Y6032630,,,,3694,30.0,0,0
75,7,7,5,21,Y6032631,,,,0,30.0,0,0
75,7,7,5,22,Y6032632,,,,0,30.0,0,0
75,7,7,5,23,Y6032633,,,,0,30.0,0,0
75,7,7,5,24,Y6032634,,,,0,30.0,0,0
75,7,7,5,25,Y6032635,,,,0,30.0,0,0
75,7,7,5,26,Y6032636,,,,0,30.0,0,0
75,7,7,5,27,Y6032637,,,,0,30.0,0,0
75,7,7,5,28,Y6032638,,,,0,30.0,0,0
75,7,7,5,29,Y6032639,,,,0,30.0,0,0
75,7,7,5,30,Y6032640,,,,0,30.0,0,0
75,7,7,6,10,Y6032641,,,,0,30.0,0,0
75,7,7,6,11,Y6032642,,,,0,30.0,0,0
75,7,7,6,12,Y6032643,,,,0,30.0,0,0
75,7,7,6,13,Y6032644,,,,0,30.0,0,0
75,7,7,6,14,Y6032645,,,,0,30.0,0,0
75,7,7,6,15,Y6032646,,,,0,30.0,0,0
75,7,7,6,16,Y6032647,,,,0,30.0,0,0
75,7,7,6,17,Y6032648,,,,0,30.0,0,0
75,7,7,6,18,Y6032649,,,,3575,30.0,0,0
75,7,7,6,19,Y6032650,,,,4092,30.0,0,0
75,7,7,6,20,Y6032651,,,,3684,30.0,0,0
75,7,7,6,21,Y6032652,,,,0,30.0,0,0
75,7,7,6,22,Y6032653,,,,0,30.0,0,0
75,7,7,6,23,Y6032654,,,,0,30.0,0,0
75,7,7,6,24,Y6032655,,,,0,30.0,0,0
75,7,7,6,25,Y6032656,,,,0,30.0,0,0
75,7,7,6,26,Y6032657,,,,0,30.0,0,0
75,7,7,6,27,Y6032658,,,,0,30.0,0,0
75,7,7,6,28,Y6032659,,,,0,30.0,0,0
75,7,7,6,29,Y6032660,,,,0,30.0,0,0
75,7,7,6,30,Y6032661,,,,0,30.0,0,0
75,7,7,7,10,Y6032662,,,,0,30.0,0,0
75,7,7,7,11,Y6032663,,,,0,30.0,0,0
75,7,7,7,12,Y6032664,,,,0,30.0,0,0
75,7,7,7,13,Y6032665,,,,0,30.0,0,0
75,7,7,7,14,Y6032666,,,,0,30.0,0,0
75,7,7,7,15,Y6032667,,,,0,30.0,0,0
75,7,7,7,16,Y6032668,,,,0,30.0,0,0
75,7,7,7,17,Y6032669,,,,0,30.0,0,0
75,7,7,7,18,Y6032670,,,,3604,30.0,0,0
75,7,7,7,19,Y6032671,,,,4131,30.0,0,0
75,7,7,7,20,Y6032672,,,,3723,30.0,0,0
75,7,7,7,21,Y6032673,,,,0,30.0,0,0
75,7,7,7,22,Y6032674,,,,0,30.0,0,0
75,7,7,7,23,Y6032675,,,,0,30.0,0,0
75,7,7,7,24,Y6032676,,,,0,30.0,0,0
75,7,7,7,25,Y6032677,,,,0,30.0,0,0
75,7,7,7,26,Y6032678,,,,0,30.0,0,0
75,7,7,7,27,Y6032679,,,,0,30.0,0,0
75,7,7,7,28,Y6032680,,,,0,30.0,0,0
75,7,7,7,29,Y6032681,,,,0,30.0,0,0
75,7,7,7,30,Y6032682,,,,0,30.0,0,0
75,7,7,8,10,Y6032683,,,,0,30.0,0,0
75,7,7,8,11,Y6032684,,,,0,30.0,0,0
75,7,7,8,12,Y6032685,,,,0,30.0,0,0
75,7,7,8,13,Y6032686,,,,0,30.0,0,0
75,7,7,8,14,Y6032687,,,,0,30.0,0,0
75,7,7,8,15,Y6032688,,,,0,30.0,0,0
75,7,7,8,16,Y6032689,,,,0,30.0,0,0
75,7,7,8,17,Y6032690,,,,0,30.0,0,0
75,7,7,8,18,Y6032691,,,,3653,30.0,0,0
75,7,7,8,19,Y6032692,,,,4117,30.0,0,0
75,7,7,8,20,Y6032693,,,,3712,30.0,0,0
75,7,7,8,21,Y6032694,,,,0,30.0,0,0
75,7,7,8,22,Y6032695,,,,0,30.0,0,0
75,7,7,8,23,Y6032696,,,,0,30.0,0,0
75,7,7,8,24,Y6032697,,,,0,30.0,0,0
75,7,7,8,25,Y6032698,,,,0,30.0,0,0
75,7,7,8,26,Y6032699,,,,0,30.0,0,0
75,7,7,8,27,Y6032700,,,,0,30.0,0,0
75,7,7,8,28,Y6032701,,,,0,30.0,0,0
75,7,7,8,29,Y6032702,,,,0,30.0,0,0
75,7,7,8,30,Y6032703,,,,0,30.0,0,0
75,7,7,9,10,Y6032704,,,,0,30.0,0,0
75,7,7,9,11,Y6032705,,,,0,30.0,0,0
75,7,7,9,12,Y6032706,,,,0,30.0,0,0
75,7,7,9,13,Y6032707,,,,0,30.0,0,0
75,7,7,9,14,Y6032708,,,,0,30.0,0,0
75,7,7,9,15,Y6032709,,,,0,30.0,0,0
75,7,7,9,16,Y6032710,,,,0,30.0,0,0
75,7,7,9,17,Y6032711,,,,0,30.0,0,0
75,7,7,9,18,Y6032712,,,,3696,30.0,0,0
75,7,7,9,19,Y6032713,,,,4177,30.0,0,0
75,7,7,9,20,Y6032714,,,,3769,30.0,0,0
75,7,7,9,21,Y6032715,,,,0,30.0,0,0
75,7,7,9,22,Y6032716,,,,0,30.0,0,0
75,7,7,9,23,Y6032717,,,,0,30.0,0,0
75,7,7,9,24,Y6032718,,,,0,30.0,0,0
75,7,7,9,25,Y6032719,,,,0,30.0,0,0
75,7,7,9,26,Y6032720,,,,0,30.0,0,0
75,7,7,9,27,Y6032721,,,,0,30.0,0,0
75,7,7,9,28,Y6032722,,,,0,30.0,0,0
75,7,7,9,29,Y6032723,,,,0,30.0,0,0
75,7,7,9,30,Y6032724,,,,0,30.0,0,0
75,7,7,10,10,Y6032725,,,,0,30.0,0,0
75,7,7,10,11,Y6032726,,,,0,30.0,0,0
75,7,7,10,12,Y6032727,,,,0,30.0,0,0
75,7,7,10,13,Y6032728,,,,0,30.0,0,0
75,7,7,10,14,Y6032729,,,,0,30.0,0,0
75,7,7,10,15,Y6032730,,,,0,30.0,0,0
75,7,7,10,16,Y6032731,,,,0,30.0,0,0
75,7,7,10,17,Y6032732,,,,0,30.0,0,0
75,7,7,10,18,Y6032733,,,,3807,30.0,0,0
75,7,7,10,19,Y6032734,,,,4368,30.0,0,0
75,7,7,10,20,Y6032735,,,,3863,30.0,0,0
75,7,7,10,21,Y6032736,,,,0,30.0,0,0
75,7,7,10,22,Y6032737,,,,0,30.0,0,0
75,7,7,10,23,Y6032738,,,,0,30.0,0,0
75,7,7,10,24,Y6032739,,,,0,30.0,0,0
75,7,7,10,25,Y6032740,,,,0,30.0,0,0
75,7,7,10,26,Y6032741,,,,0,30.0,0,0
75,7,7,10,27,Y6032742,,,,0,30.0,0,0
75,7,7,10,28,Y6032743,,,,0,30.0,0,0
75,7,7,10,29,Y6032744,,,,0,30.0,0,0
75,7,7,10,30,Y6032745,,,,0,30.0,0,0
75,7,7,11,10,Y6032746,,,,0,30.0,0,0
75,7,7,11,11,Y6032747,,,,0,30.0,0,0
75,7,7,11,12,Y6032748,,,,0,30.0,0,0
75,7,7,11,13,Y6032749,,,,0,30.0,0,0
75,7,7,11,14,Y6032750,,,,0,30.0,0,0
75,7,7,11,15,Y6032751,,,,0,30.0,0,0
75,7,7,11,16,Y6032752,,,,0,30.0,0,0
75,7,7,11,17,Y6032753,,,,0,30.0,0,0
75,7,7,11,18,Y6032754,,,,3888,30.0,0,0
75,7,7,11,19,Y6032755,,,,4433,30.0,0,0
75,7,7,11,20,Y6032756,,,,3922,30.0,0,0
75,7,7,11,21,Y6032757,,,,0,30.0,0,0
75,7,7,11,22,Y6032758,,,,0,30.0,0,0
75,7,7,11,23,Y6032759,,,,0,30.0,0,0
75,7,7,11,24,Y6032760,,,,0,30.0,0,0
75,7,7,11,25,Y6032761,,,,0,30.0,0,0
75,7,7,11,26,Y6032762,,,,0,30.0,0,0
75,7,7,11,27,Y6032763,,,,0,30.0,0,0
75,7,7,11,28,Y6032764,,,,0,30.0,0,0
75,7,7,11,29,Y6032765,,,,0,30.0,0,0
75,7,7,11,30,Y6032766,,,,0,30.0,0,0
75,7,7,12,10,Y6032767,,,,0,30.0,0,0
75,7,7,12,11,Y6032768,,,,0,30.0,0,0
75,7,7,12,12,Y6032769,,,,0,30.0,0,0
75,7,7,12,13,Y6032770,,,,0,30.0,0,0
75,7,7,12,14,Y6032771,,,,0,30.0,0,0
75,7,7,12,15,Y6032772,,,,0,30.0,0,0
75,7,7,12,16,Y6032773,,,,0,30.0,0,0
75,7,7,12,17,Y6032774,,,,0,30.0,0,0
75,7,7,12,18,Y6032775,,,,4280,30.0,0,0
75,7,7,12,19,Y6032776,,,,4812,30.0,0,0
75,7,7,12,20,Y6032777,,,,4296,30.0,0,0
75,7,7,12,21,Y6032778,,,,0,30.0,0,0
75,7,7,12,22,Y6032779,,,,0,30.0,0,0
75,7,7,12,23,Y6032780,,,,0,30.0,0,0
75,7,7,12,24,Y6032781,,,,0,30.0,0,0
75,7,7,12,25,Y6032782,,,,0,30.0,0,0
75,7,7,12,26,Y6032783,,,,0,30.0,0,0
75,7,7,12,27,Y6032784,,,,0,30.0,0,0
75,7,7,12,28,Y6032785,,,,0,30.0,0,0
75,7,7,12,29,Y6032786,,,,0,30.0,0,0
75,7,7,12,30,Y6032787,,,,0,30.0,0,0
75,7,8,1,10,Y6032788,,,,0,30.0,0,0
75,7,8,1,11,Y6032789,,,,0,30.0,0,0
75,7,8,1,12,Y6032790,,,,0,30.0,0,0
75,7,8,1,13,Y6032791,,,,0,30.0,0,0
75,7,8,1,14,Y6032792,,,,0,30.0,0,0
75,7,8,1,15,Y6032793,,,,0,30.0,0,0
75,7,8,1,16,Y6032794,,,,0,30.0,0,0
75,7,8,1,17,Y6032795,,,,0,30.0,0,0
75,7,8,1,18,Y6032796,,,,3295,30.0,0,0
75,7,8,1,19,Y6032797,,,,3749,30.0,0,0
75,7,8,1,20,Y6032798,,,,3363,30.0,0,0
75,7,8,1,21,Y6032799,,,,0,30.0,0,0
75,7,8,1,22,Y6032800,,,,0,30.0,0,0
75,7,8,1,23,Y6032801,,,,0,30.0,0,0
75,7,8,1,24,Y6032802,,,,0,30.0,0,0
75,7,8,1,25,Y6032803,,,,0,30.0,0,0
75,7,8,1,26,Y6032804,,,,0,30.0,0,0
75,7,8,1,27,Y6032805,,,,0,30.0,0,0
75,7,8,1,28,Y6032806,,,,0,30.0,0,0
75,7,8,1,29,Y6032807,,,,0,30.0,0,0
75,7,8,1,30,Y6032808,,,,0,30.0,0,0
75,7,8,2,10,Y6032809,,,,0,30.0,0,0
75,7,8,2,11,Y6032810,,,,0,30.0,0,0
75,7,8,2,12,Y6032811,,,,0,30.0,0,0
75,7,8,2,13,Y6032812,,,,0,30.0,0,0
75,7,8,2,14,Y6032813,,,,0,30.0,0,0
75,7,8,2,15,Y6032814,,,,0,30.0,0,0
75,7,8,2,16,Y6032815,,,,0,30.0,0,0
75,7,8,2,17,Y6032816,,,,0,30.0,0,0
75,7,8,2,18,Y6032817,,,,3285,30.0,0,0
75,7,8,2,19,Y6032818,,,,3732,30.0,0,0
75,7,8,2,20,Y6032819,,,,3347,30.0,0,0
75,7,8,2,21,Y6032820,,,,0,30.0,0,0
75,7,8,2,22,Y6032821,,,,0,30.0,0,0
75,7,8,2,23,Y6032822,,,,0,30.0,0,0
75,7,8,2,24,Y6032823,,,,0,30.0,0,0
75,7,8,2,25,Y6032824,,,,0,30.0,0,0
75,7,8,2,26,Y6032825,,,,0,30.0,0,0
75,7,8,2,27,Y6032826,,,,0,30.0,0,0
75,7,8,2,28,Y6032827,,,,0,30.0,0,0
75,7,8,2,29,Y6032828,,,,0,30.0,0,0
75,7,8,2,30,Y6032829,,,,0,30.0,0,0
75,7,8,3,10,Y6032830,,,,0,30.0,0,0
75,7,8,3,11,Y6032831,,,,0,30.0,0,0
75,7,8,3,12,Y6032832,,,,0,30.0,0,0
75,7,8,3,13,Y6032833,,,,0,30.0,0,0
75,7,8,3,14,Y6032834,,,,0,30.0,0,0
75,7,8,3,15,Y6032835,,,,0,30.0,0,0
75,7,8,3,16,Y6032836,,,,0,30.0,0,0
75,7,8,3,17,Y6032837,,,,0,30.0,0,0
75,7,8,3,18,Y6032838,,,,3305,30.0,0,0
75,7,8,3,19,Y6032839,,,,3751,30.0,0,0
75,7,8,3,20,Y6032840,,,,3366,30.0,0,0
75,7,8,3,21,Y6032841,,,,0,30.0,0,0
75,7,8,3,22,Y6032842,,,,0,30.0,0,0
75,7,8,3,23,Y6032843,,,,0,30.0,0,0
75,7,8,3,24,Y6032844,,,,0,30.0,0,0
75,7,8,3,25,Y6032845,,,,0,30.0,0,0
75,7,8,3,26,Y6032846,,,,0,30.0,0,0
75,7,8,3,27,Y6032847,,,,0,30.0,0,0
75,7,8,3,28,Y6032848,,,,0,30.0,0,0
75,7,8,3,29,Y6032849,,,,0,30.0,0,0
75,7,8,3,30,Y6032850,,,,0,30.0,0,0
75,7,8,4,10,Y6032851,,,,0,30.0,0,0
75,7,8,4,11,Y6032852,,,,0,30.0,0,0
75,7,8,4,12,Y6032853,,,,0,30.0,0,0
75,7,8,4,13,Y6032854,,,,0,30.0,0,0
75,7,8,4,14,Y6032855,,,,0,30.0,0,0
75,7,8,4,15,Y6032856,,,,0,30.0,0,0
75,7,8,4,16,Y6032857,,,,0,30.0,0,0
75,7,8,4,17,Y6032858,,,,0,30.0,0,0
75,7,8,4,18,Y6032859,,,,3403,30.0,0,0
75,7,8,4,19,Y6032860,,,,3834,30.0,0,0
75,7,8,4,20,Y6032861,,,,3447,30.0,0,0
75,7,8,4,21,Y6032862,,,,0,30.0,0,0
75,7,8,4,22,Y6032863,,,,0,30.0,0,0
75,7,8,4,23,Y6032864,,,,0,30.0,0,0
75,7,8,4,24,Y6032865,,,,0,30.0,0,0
75,7,8,4,25,Y6032866,,,,0,30.0,0,0
75,7,8,4,26,Y6032867,,,,0,30.0,0,0
75,7,8,4,27,Y6032868,,,,0,30.0,0,0
75,7,8,4,28,Y6032869,,,,0,30.0,0,0
75,7,8,4,29,Y6032870,,,,0,30.0,0,0
75,7,8,4,30,Y6032871,,,,0,30.0,0,0
75,7,8,5,10,Y6032872,,,,0,30.0,0,0
75,7,8,5,11,Y6032873,,,,0,30.0,0,0
75,7,8,5,12,Y6032874,,,,0,30.0,0,0
75,7,8,5,13,Y6032875,,,,0,30.0,0,0
75,7,8,5,14,Y6032876,,,,0,30.0,0,0
75,7,8,5,15,Y6032877,,,,0,30.0,0,0
75,7,8,5,16,Y6032878,,,,0,30.0,0,0
75,7,8,5,17,Y6032879,,,,0,30.0,0,0
75,7,8,5,18,Y6032880,,,,3462,30.0,0,0
75,7,8,5,19,Y6032881,,,,3931,30.0,0,0
75,7,8,5,20,Y6032882,,,,3543,30.0,0,0
75,7,8,5,21,Y6032883,,,,0,30.0,0,0
75,7,8,5,22,Y6032884,,,,0,30.0,0,0
75,7,8,5,23,Y6032885,,,,0,30.0,0,0
75,7,8,5,24,Y6032886,,,,0,30.0,0,0
75,7,8,5,25,Y6032887,,,,0,30.0,0,0
75,7,8,5,26,Y6032888,,,,0,30.0,0,0
75,7,8,5,27,Y6032889,,,,0,30.0,0,0
75,7,8,5,28,Y6032890,,,,0,30.0,0,0
75,7,8,5,29,Y6032891,,,,0,30.0,0,0
75,7,8,5,30,Y6032892,,,,0,30.0,0,0
75,7,8,6,10,Y6032893,,,,0,30.0,0,0
75,7,8,6,11,Y6032894,,,,0,30.0,0,0
75,7,8,6,12,Y6032895,,,,0,30.0,0,0
75,7,8,6,13,Y6032896,,,,0,30.0,0,0
75,7,8,6,14,Y6032897,,,,0,30.0,0,0
75,7,8,6,15,Y6032898,,,,0,30.0,0,0
75,7,8,6,16,Y6032899,,,,0,30.0,0,0
75,7,8,6,17,Y6032900,,,,0,30.0,0,0
75,7,8,6,18,Y6032901,,,,3459,30.0,0,0
75,7,8,6,19,Y6032902,,,,3928,30.0,0,0
75,7,8,6,20,Y6032903,,,,3533,30.0,0,0
75,7,8,6,21,Y6032904,,,,0,30.0,0,0
75,7,8,6,22,Y6032905,,,,0,30.0,0,0
75,7,8,6,23,Y6032906,,,,0,30.0,0,0
75,7,8,6,24,Y6032907,,,,0,30.0,0,0
75,7,8,6,25,Y6032908,,,,0,30.0,0,0
75,7,8,6,26,Y6032909,,,,0,30.0,0,0
75,7,8,6,27,Y6032910,,,,0,30.0,0,0
75,7,8,6,28,Y6032911,,,,0,30.0,0,0
75,7,8,6,29,Y6032912,,,,0,30.0,0,0
75,7,8,6,30,Y6032913,,,,0,30.0,0,0
75,7,8,7,10,Y6032914,,,,0,30.0,0,0
75,7,8,7,11,Y6032915,,,,0,30.0,0,0
75,7,8,7,12,Y6032916,,,,0,30.0,0,0
75,7,8,7,13,Y6032917,,,,0,30.0,0,0
75,7,8,7,14,Y6032918,,,,0,30.0,0,0
75,7,8,7,15,Y6032919,,,,0,30.0,0,0
75,7,8,7,16,Y6032920,,,,0,30.0,0,0
75,7,8,7,17,Y6032921,,,,0,30.0,0,0
75,7,8,7,18,Y6032922,,,,3488,30.0,0,0
75,7,8,7,19,Y6032923,,,,3968,30.0,0,0
75,7,8,7,20,Y6032924,,,,3572,30.0,0,0
75,7,8,7,21,Y6032925,,,,0,30.0,0,0
75,7,8,7,22,Y6032926,,,,0,30.0,0,0
75,7,8,7,23,Y6032927,,,,0,30.0,0,0
75,7,8,7,24,Y6032928,,,,0,30.0,0,0
75,7,8,7,25,Y6032929,,,,0,30.0,0,0
75,7,8,7,26,Y6032930,,,,0,30.0,0,0
75,7,8,7,27,Y6032931,,,,0,30.0,0,0
75,7,8,7,28,Y6032932,,,,0,30.0,0,0
75,7,8,7,29,Y6032933,,,,0,30.0,0,0
75,7,8,7,30,Y6032934,,,,0,30.0,0,0
75,7,8,8,10,Y6032935,,,,0,30.0,0,0
75,7,8,8,11,Y6032936,,,,0,30.0,0,0
75,7,8,8,12,Y6032937,,,,0,30.0,0,0
75,7,8,8,13,Y6032938,,,,0,30.0,0,0
75,7,8,8,14,Y6032939,,,,0,30.0,0,0
75,7,8,8,15,Y6032940,,,,0,30.0,0,0
75,7,8,8,16,Y6032941,,,,0,30.0,0,0
75,7,8,8,17,Y6032942,,,,0,30.0,0,0
75,7,8,8,18,Y6032943,,,,3537,30.0,0,0
75,7,8,8,19,Y6032944,,,,3954,30.0,0,0
75,7,8,8,20,Y6032945,,,,3561,30.0,0,0
75,7,8,8,21,Y6032946,,,,0,30.0,0,0
75,7,8,8,22,Y6032947,,,,0,30.0,0,0
75,7,8,8,23,Y6032948,,,,0,30.0,0,0
75,7,8,8,24,Y6032949,,,,0,30.0,0,0
75,7,8,8,25,Y6032950,,,,0,30.0,0,0
75,7,8,8,26,Y6032951,,,,0,30.0,0,0
75,7,8,8,27,Y6032952,,,,0,30.0,0,0
75,7,8,8,28,Y6032953,,,,0,30.0,0,0
75,7,8,8,29,Y6032954,,,,0,30.0,0,0
75,7,8,8,30,Y6032955,,,,0,30.0,0,0
75,7,8,9,10,Y6032956,,,,0,30.0,0,0
75,7,8,9,11,Y6032957,,,,0,30.0,0,0
75,7,8,9,12,Y6032958,,,,0,30.0,0,0
75,7,8,9,13,Y6032959,,,,0,30.0,0,0
75,7,8,9,14,Y6032960,,,,0,30.0,0,0
75,7,8,9,15,Y6032961,,,,0,30.0,0,0
75,7,8,9,16,Y6032962,,,,0,30.0,0,0
75,7,8,9,17,Y6032963,,,,0,30.0,0,0
75,7,8,9,18,Y6032964,,,,3575,30.0,0,0
75,7,8,9,19,Y6032965,,,,3998,30.0,0,0
75,7,8,9,20,Y6032966,,,,3603,30.0,0,0
75,7,8,9,21,Y6032967,,,,0,30.0,0,0
75,7,8,9,22,Y6032968,,,,0,30.0,0,0
75,7,8,9,23,Y6032969,,,,0,30.0,0,0
75,7,8,9,24,Y6032970,,,,0,30.0,0,0
75,7,8,9,25,Y6032971,,,,0,30.0,0,0
75,7,8,9,26,Y6032972,,,,0,30.0,0,0
75,7,8,9,27,Y6032973,,,,0,30.0,0,0
75,7,8,9,28,Y6032974,,,,0,30.0,0,0
75,7,8,9,29,Y6032975,,,,0,30.0,0,0
75,7,8,9,30,Y6032976,,,,0,30.0,0,0
75,7,8,10,10,Y6032977,,,,0,30.0,0,0
75,7,8,10,11,Y6032978,,,,0,30.0,0,0
75,7,8,10,12,Y6032979,,,,0,30.0,0,0
75,7,8,10,13,Y6032980,,,,0,30.0,0,0
75,7,8,10,14,Y6032981,,,,0,30.0,0,0
75,7,8,10,15,Y6032982,,,,0,30.0,0,0
75,7,8,10,16,Y6032983,,,,0,30.0,0,0
75,7,8,10,17,Y6032984,,,,0,30.0,0,0
75,7,8,10,18,Y6032985,,,,3686,30.0,0,0
75,7,8,10,19,Y6032986,,,,4189,30.0,0,0
75,7,8,10,20,Y6032987,,,,3696,30.0,0,0
75,7,8,10,21,Y6032988,,,,0,30.0,0,0
75,7,8,10,22,Y6032989,,,,0,30.0,0,0
75,7,8,10,23,Y6032990,,,,0,30.0,0,0
75,7,8,10,24,Y6032991,,,,0,30.0,0,0
75,7,8,10,25,Y6032992,,,,0,30.0,0,0
75,7,8,10,26,Y6032993,,,,0,30.0,0,0
75,7,8,10,27,Y6032994,,,,0,30.0,0,0
75,7,8,10,28,Y6032995,,,,0,30.0,0,0
75,7,8,10,29,Y6032996,,,,0,30.0,0,0
75,7,8,10,30,Y6032997,,,,0,30.0,0,0
75,7,8,11,10,Y6032998,,,,0,30.0,0,0
75,7,8,11,11,Y6032999,,,,0,30.0,0,0
75,7,8,11,12,Y6033000,,,,0,30.0,0,0
75,7,8,11,13,Y6033001,,,,0,30.0,0,0
75,7,8,11,14,Y6033002,,,,0,30.0,0,0
75,7,8,11,15,Y6033003,,,,0,30.0,0,0
75,7,8,11,16,Y6033004,,,,0,30.0,0,0
75,7,8,11,17,Y6033005,,,,0,30.0,0,0
75,7,8,11,18,Y6033006,,,,3767,30.0,0,0
75,7,8,11,19,Y6033007,,,,4255,30.0,0,0
75,7,8,11,20,Y6033008,,,,3756,30.0,0,0
75,7,8,11,21,Y6033009,,,,0,30.0,0,0
75,7,8,11,22,Y6033010,,,,0,30.0,0,0
75,7,8,11,23,Y6033011,,,,0,30.0,0,0
75,7,8,11,24,Y6033012,,,,0,30.0,0,0
75,7,8,11,25,Y6033013,,,,0,30.0,0,0
75,7,8,11,26,Y6033014,,,,0,30.0,0,0
75,7,8,11,27,Y6033015,,,,0,30.0,0,0
75,7,8,11,28,Y6033016,,,,0,30.0,0,0
75,7,8,11,29,Y6033017,,,,0,30.0,0,0
75,7,8,11,30,Y6033018,,,,0,30.0,0,0
75,7,8,12,10,Y6033019,,,,0,30.0,0,0
75,7,8,12,11,Y6033020,,,,0,30.0,0,0
75,7,8,12,12,Y6033021,,,,0,30.0,0,0
75,7,8,12,13,Y6033022,,,,0,30.0,0,0
75,7,8,12,14,Y6033023,,,,0,30.0,0,0
75,7,8,12,15,Y6033024,,,,0,30.0,0,0
75,7,8,12,16,Y6033025,,,,0,30.0,0,0
75,7,8,12,17,Y6033026,,,,0,30.0,0,0
75,7,8,12,18,Y6033027,,,,4143,30.0,0,0
75,7,8,12,19,Y6033028,,,,4618,30.0,0,0
75,7,8,12,20,Y6033029,,,,4114,30.0,0,0
75,7,8,12,21,Y6033030,,,,0,30.0,0,0
75,7,8,12,22,Y6033031,,,,0,30.0,0,0
75,7,8,12,23,Y6033032,,,,0,30.0,0,0
75,7,8,12,24,Y6033033,,,,0,30.0,0,0
75,7,8,12,25,Y6033034,,,,0,30.0,0,0
75,7,8,12,26,Y6033035,,,,0,30.0,0,0
75,7,8,12,27,Y6033036,,,,0,30.0,0,0
75,7,8,12,28,Y6033037,,,,0,30.0,0,0
75,7,8,12,29,Y6033038,,,,0,30.0,0,0
75,7,8,12,30,Y6033039,,,,0,30.0,0,0
75,7,9,1,10,Y6033040,,,,0,30.0,0,0
75,7,9,1,11,Y6033041,,,,0,30.0,0,0
75,7,9,1,12,Y6033042,,,,0,30.0,0,0
75,7,9,1,13,Y6033043,,,,0,30.0,0,0
75,7,9,1,14,Y6033044,,,,0,30.0,0,0
75,7,9,1,15,Y6033045,,,,0,30.0,0,0
75,7,9,1,16,Y6033046,,,,0,30.0,0,0
75,7,9,1,17,Y6033047,,,,0,30.0,0,0
75,7,9,1,18,Y6033048,,,,3274,30.0,0,0
75,7,9,1,19,Y6033049,,,,3728,30.0,0,0
75,7,9,1,20,Y6033050,,,,3343,30.0,0,0
75,7,9,1,21,Y6033051,,,,0,30.0,0,0
75,7,9,1,22,Y6033052,,,,0,30.0,0,0
75,7,9,1,23,Y6033053,,,,0,30.0,0,0
75,7,9,1,24,Y6033054,,,,0,30.0,0,0
75,7,9,1,25,Y6033055,,,,0,30.0,0,0
75,7,9,1,26,Y6033056,,,,0,30.0,0,0
75,7,9,1,27,Y6033057,,,,0,30.0,0,0
75,7,9,1,28,Y6033058,,,,0,30.0,0,0
75,7,9,1,29,Y6033059,,,,0,30.0,0,0
75,7,9,1,30,Y6033060,,,,0,30.0,0,0
75,7,9,2,10,Y6033061,,,,0,30.0,0,0
75,7,9,2,11,Y6033062,,,,0,30.0,0,0
75,7,9,2,12,Y6033063,,,,0,30.0,0,0
75,7,9,2,13,Y6033064,,,,0,30.0,0,0
75,7,9,2,14,Y6033065,,,,0,30.0,0,0
75,7,9,2,15,Y6033066,,,,0,30.0,0,0
75,7,9,2,16,Y6033067,,,,0,30.0,0,0
75,7,9,2,17,Y6033068,,,,0,30.0,0,0
75,7,9,2,18,Y6033069,,,,3264,30.0,0,0
75,7,9,2,19,Y6033070,,,,3711,30.0,0,0
75,7,9,2,20,Y6033071,,,,3326,30.0,0,0
75,7,9,2,21,Y6033072,,,,0,30.0,0,0
75,7,9,2,22,Y6033073,,,,0,30.0,0,0
75,7,9,2,23,Y6033074,,,,0,30.0,0,0
75,7,9,2,24,Y6033075,,,,0,30.0,0,0
75,7,9,2,25,Y6033076,,,,0,30.0,0,0
75,7,9,2,26,Y6033077,,,,0,30.0,0,0
75,7,9,2,27,Y6033078,,,,0,30.0,0,0
75,7,9,2,28,Y6033079,,,,0,30.0,0,0
75,7,9,2,29,Y6033080,,,,0,30.0,0,0
75,7,9,2,30,Y6033081,,,,0,30.0,0,0
75,7,9,3,10,Y6033082,,,,0,30.0,0,0
75,7,9,3,11,Y6033083,,,,0,30.0,0,0
75,7,9,3,12,Y6033084,,,,0,30.0,0,0
75,7,9,3,13,Y6033085,,,,0,30.0,0,0
75,7,9,3,14,Y6033086,,,,0,30.0,0,0
75,7,9,3,15,Y6033087,,,,0,30.0,0,0
75,7,9,3,16,Y6033088,,,,0,30.0,0,0
75,7,9,3,17,Y6033089,,,,0,30.0,0,0
75,7,9,3,18,Y6033090,,,,3285,30.0,0,0
75,7,9,3,19,Y6033091,,,,3731,30.0,0,0
75,7,9,3,20,Y6033092,,,,3345,30.0,0,0
75,7,9,3,21,Y6033093,,,,0,30.0,0,0
75,7,9,3,22,Y6033094,,,,0,30.0,0,0
75,7,9,3,23,Y6033095,,,,0,30.0,0,0
75,7,9,3,24,Y6033096,,,,0,30.0,0,0
75,7,9,3,25,Y6033097,,,,0,30.0,0,0
75,7,9,3,26,Y6033098,,,,0,30.0,0,0
75,7,9,3,27,Y6033099,,,,0,30.0,0,0
75,7,9,3,28,Y6033100,,,,0,30.0,0,0
75,7,9,3,29,Y6033101,,,,0,30.0,0,0
75,7,9,3,30,Y6033102,,,,0,30.0,0,0
75,7,9,4,10,Y6033103,,,,0,30.0,0,0
75,7,9,4,11,Y6033104,,,,0,30.0,0,0
75,7,9,4,12,Y6033105,,,,0,30.0,0,0
75,7,9,4,13,Y6033106,,,,0,30.0,0,0
75,7,9,4,14,Y6033107,,,,0,30.0,0,0
75,7,9,4,15,Y6033108,,,,0,30.0,0,0
75,7,9,4,16,Y6033109,,,,0,30.0,0,0
75,7,9,4,17,Y6033110,,,,0,30.0,0,0
75,7,9,4,18,Y6033111,,,,3382,30.0,0,0
75,7,9,4,19,Y6033112,,,,3813,30.0,0,0
75,7,9,4,20,Y6033113,,,,3426,30.0,0,0
75,7,9,4,21,Y6033114,,,,0,30.0,0,0
75,7,9,4,22,Y6033115,,,,0,30.0,0,0
75,7,9,4,23,Y6033116,,,,0,30.0,0,0
75,7,9,4,24,Y6033117,,,,0,30.0,0,0
75,7,9,4,25,Y6033118,,,,0,30.0,0,0
75,7,9,4,26,Y6033119,,,,0,30.0,0,0
75,7,9,4,27,Y6033120,,,,0,30.0,0,0
75,7,9,4,28,Y6033121,,,,0,30.0,0,0
75,7,9,4,29,Y6033122,,,,0,30.0,0,0
75,7,9,4,30,Y6033123,,,,0,30.0,0,0
75,7,9,5,10,Y6033124,,,,0,30.0,0,0
75,7,9,5,11,Y6033125,,,,0,30.0,0,0
75,7,9,5,12,Y6033126,,,,0,30.0,0,0
75,7,9,5,13,Y6033127,,,,0,30.0,0,0
75,7,9,5,14,Y6033128,,,,0,30.0,0,0
75,7,9,5,15,Y6033129,,,,0,30.0,0,0
75,7,9,5,16,Y6033130,,,,0,30.0,0,0
75,7,9,5,17,Y6033131,,,,0,30.0,0,0
75,7,9,5,18,Y6033132,,,,3441,30.0,0,0
75,7,9,5,19,Y6033133,,,,3911,30.0,0,0
75,7,9,5,20,Y6033134,,,,3522,30.0,0,0
75,7,9,5,21,Y6033135,,,,0,30.0,0,0
75,7,9,5,22,Y6033136,,,,0,30.0,0,0
75,7,9,5,23,Y6033137,,,,0,30.0,0,0
75,7,9,5,24,Y6033138,,,,0,30.0,0,0
75,7,9,5,25,Y6033139,,,,0,30.0,0,0
75,7,9,5,26,Y6033140,,,,0,30.0,0,0
75,7,9,5,27,Y6033141,,,,0,30.0,0,0
75,7,9,5,28,Y6033142,,,,0,30.0,0,0
75,7,9,5,29,Y6033143,,,,0,30.0,0,0
75,7,9,5,30,Y6033144,,,,0,30.0,0,0
75,7,9,6,10,Y6033145,,,,0,30.0,0,0
75,7,9,6,11,Y6033146,,,,0,30.0,0,0
75,7,9,6,12,Y6033147,,,,0,30.0,0,0
75,7,9,6,13,Y6033148,,,,0,30.0,0,0
75,7,9,6,14,Y6033149,,,,0,30.0,0,0
75,7,9,6,15,Y6033150,,,,0,30.0,0,0
75,7,9,6,16,Y6033151,,,,0,30.0,0,0
75,7,9,6,17,Y6033152,,,,0,30.0,0,0
75,7,9,6,18,Y6033153,,,,3438,30.0,0,0
75,7,9,6,19,Y6033154,,,,3908,30.0,0,0
75,7,9,6,20,Y6033155,,,,3512,30.0,0,0
75,7,9,6,21,Y6033156,,,,0,30.0,0,0
75,7,9,6,22,Y6033157,,,,0,30.0,0,0
75,7,9,6,23,Y6033158,,,,0,30.0,0,0
75,7,9,6,24,Y6033159,,,,0,30.0,0,0
75,7,9,6,25,Y6033160,,,,0,30.0,0,0
75,7,9,6,26,Y6033161,,,,0,30.0,0,0
75,7,9,6,27,Y6033162,,,,0,30.0,0,0
75,7,9,6,28,Y6033163,,,,0,30.0,0,0
75,7,9,6,29,Y6033164,,,,0,30.0,0,0
75,7,9,6,30,Y6033165,,,,0,30.0,0,0
75,7,9,7,10,Y6033166,,,,0,30.0,0,0
75,7,9,7,11,Y6033167,,,,0,30.0,0,0
75,7,9,7,12,Y6033168,,,,0,30.0,0,0
75,7,9,7,13,Y6033169,,,,0,30.0,0,0
75,7,9,7,14,Y6033170,,,,0,30.0,0,0
75,7,9,7,15,Y6033171,,,,0,30.0,0,0
75,7,9,7,16,Y6033172,,,,0,30.0,0,0
75,7,9,7,17,Y6033173,,,,0,30.0,0,0
75,7,9,7,18,Y6033174,,,,3467,30.0,0,0
75,7,9,7,19,Y6033175,,,,3947,30.0,0,0
75,7,9,7,20,Y6033176,,,,3551,30.0,0,0
75,7,9,7,21,Y6033177,,,,0,30.0,0,0
75,7,9,7,22,Y6033178,,,,0,30.0,0,0
75,7,9,7,23,Y6033179,,,,0,30.0,0,0
75,7,9,7,24,Y6033180,,,,0,30.0,0,0
75,7,9,7,25,Y6033181,,,,0,30.0,0,0
75,7,9,7,26,Y6033182,,,,0,30.0,0,0
75,7,9,7,27,Y6033183,,,,0,30.0,0,0
75,7,9,7,28,Y6033184,,,,0,30.0,0,0
75,7,9,7,29,Y6033185,,,,0,30.0,0,0
75,7,9,7,30,Y6033186,,,,0,30.0,0,0
75,7,9,8,10,Y6033187,,,,0,30.0,0,0
75,7,9,8,11,Y6033188,,,,0,30.0,0,0
75,7,9,8,12,Y6033189,,,,0,30.0,0,0
75,7,9,8,13,Y6033190,,,,0,30.0,0,0
75,7,9,8,14,Y6033191,,,,0,30.0,0,0
75,7,9,8,15,Y6033192,,,,0,30.0,0,0
75,7,9,8,16,Y6033193,,,,0,30.0,0,0
75,7,9,8,17,Y6033194,,,,0,30.0,0,0
75,7,9,8,18,Y6033195,,,,3516,30.0,0,0
75,7,9,8,19,Y6033196,,,,3933,30.0,0,0
75,7,9,8,20,Y6033197,,,,3540,30.0,0,0
75,7,9,8,21,Y6033198,,,,0,30.0,0,0
75,7,9,8,22,Y6033199,,,,0,30.0,0,0
75,7,9,8,23,Y6033200,,,,0,30.0,0,0
75,7,9,8,24,Y6033201,,,,0,30.0,0,0
75,7,9,8,25,Y6033202,,,,0,30.0,0,0
75,7,9,8,26,Y6033203,,,,0,30.0,0,0
75,7,9,8,27,Y6033204,,,,0,30.0,0,0
75,7,9,8,28,Y6033205,,,,0,30.0,0,0
75,7,9,8,29,Y6033206,,,,0,30.0,0,0
75,7,9,8,30,Y6033207,,,,0,30.0,0,0
75,7,9,9,10,Y6033208,,,,0,30.0,0,0
75,7,9,9,11,Y6033209,,,,0,30.0,0,0
75,7,9,9,12,Y6033210,,,,0,30.0,0,0
75,7,9,9,13,Y6033211,,,,0,30.0,0,0
75,7,9,9,14,Y6033212,,,,0,30.0,0,0
75,7,9,9,15,Y6033213,,,,0,30.0,0,0
75,7,9,9,16,Y6033214,,,,0,30.0,0,0
75,7,9,9,17,Y6033215,,,,0,30.0,0,0
75,7,9,9,18,Y6033216,,,,3554,30.0,0,0
75,7,9,9,19,Y6033217,,,,3978,30.0,0,0
75,7,9,9,20,Y6033218,,,,3582,30.0,0,0
75,7,9,9,21,Y6033219,,,,0,30.0,0,0
75,7,9,9,22,Y6033220,,,,0,30.0,0,0
75,7,9,9,23,Y6033221,,,,0,30.0,0,0
75,7,9,9,24,Y6033222,,,,0,30.0,0,0
75,7,9,9,25,Y6033223,,,,0,30.0,0,0
75,7,9,9,26,Y6033224,,,,0,30.0,0,0
75,7,9,9,27,Y6033225,,,,0,30.0,0,0
75,7,9,9,28,Y6033226,,,,0,30.0,0,0
75,7,9,9,29,Y6033227,,,,0,30.0,0,0
75,7,9,9,30,Y6033228,,,,0,30.0,0,0
75,7,9,10,10,Y6033229,,,,0,30.0,0,0
75,7,9,10,11,Y6033230,,,,0,30.0,0,0
75,7,9,10,12,Y6033231,,,,0,30.0,0,0
75,7,9,10,13,Y6033232,,,,0,30.0,0,0
75,7,9,10,14,Y6033233,,,,0,30.0,0,0
75,7,9,10,15,Y6033234,,,,0,30.0,0,0
75,7,9,10,16,Y6033235,,,,0,30.0,0,0
75,7,9,10,17,Y6033236,,,,0,30.0,0,0
75,7,9,10,18,Y6033237,,,,3666,30.0,0,0
75,7,9,10,19,Y6033238,,,,4169,30.0,0,0
75,7,9,10,20,Y6033239,,,,3675,30.0,0,0
75,7,9,10,21,Y6033240,,,,0,30.0,0,0
75,7,9,10,22,Y6033241,,,,0,30.0,0,0
75,7,9,10,23,Y6033242,,,,0,30.0,0,0
75,7,9,10,24,Y6033243,,,,0,30.0,0,0
75,7,9,10,25,Y6033244,,,,0,30.0,0,0
75,7,9,10,26,Y6033245,,,,0,30.0,0,0
75,7,9,10,27,Y6033246,,,,0,30.0,0,0
75,7,9,10,28,Y6033247,,,,0,30.0,0,0
75,7,9,10,29,Y6033248,,,,0,30.0,0,0
75,7,9,10,30,Y6033249,,,,0,30.0,0,0
75,7,9,11,10,Y6033250,,,,0,30.0,0,0
75,7,9,11,11,Y6033251,,,,0,30.0,0,0
75,7,9,11,12,Y6033252,,,,0,30.0,0,0
75,7,9,11,13,Y6033253,,,,0,30.0,0,0
75,7,9,11,14,Y6033254,,,,0,30.0,0,0
75,7,9,11,15,Y6033255,,,,0,30.0,0,0
75,7,9,11,16,Y6033256,,,,0,30.0,0,0
75,7,9,11,17,Y6033257,,,,0,30.0,0,0
75,7,9,11,18,Y6033258,,,,3746,30.0,0,0
75,7,9,11,19,Y6033259,,,,4234,30.0,0,0
75,7,9,11,20,Y6033260,,,,3735,30.0,0,0
75,7,9,11,21,Y6033261,,,,0,30.0,0,0
75,7,9,11,22,Y6033262,,,,0,30.0,0,0
75,7,9,11,23,Y6033263,,,,0,30.0,0,0
75,7,9,11,24,Y6033264,,,,0,30.0,0,0
75,7,9,11,25,Y6033265,,,,0,30.0,0,0
75,7,9,11,26,Y6033266,,,,0,30.0,0,0
75,7,9,11,27,Y6033267,,,,0,30.0,0,0
75,7,9,11,28,Y6033268,,,,0,30.0,0,0
75,7,9,11,29,Y6033269,,,,0,30.0,0,0
75,7,9,11,30,Y6033270,,,,0,30.0,0,0
75,7,9,12,10,Y6033271,,,,0,30.0,0,0
75,7,9,12,11,Y6033272,,,,0,30.0,0,0
75,7,9,12,12,Y6033273,,,,0,30.0,0,0
75,7,9,12,13,Y6033274,,,,0,30.0,0,0
75,7,9,12,14,Y6033275,,,,0,30.0,0,0
75,7,9,12,15,Y6033276,,,,0,30.0,0,0
75,7,9,12,16,Y6033277,,,,0,30.0,0,0
75,7,9,12,17,Y6033278,,,,0,30.0,0,0
75,7,9,12,18,Y6033279,,,,4123,30.0,0,0
75,7,9,12,19,Y6033280,,,,4597,30.0,0,0
75,7,9,12,20,Y6033281,,,,4094,30.0,0,0
75,7,9,12,21,Y6033282,,,,0,30.0,0,0
75,7,9,12,22,Y6033283,,,,0,30.0,0,0
75,7,9,12,23,Y6033284,,,,0,30.0,0,0
75,7,9,12,24,Y6033285,,,,0,30.0,0,0
75,7,9,12,25,Y6033286,,,,0,30.0,0,0
75,7,9,12,26,Y6033287,,,,0,30.0,0,0
75,7,9,12,27,Y6033288,,,,0,30.0,0,0
75,7,9,12,28,Y6033289,,,,0,30.0,0,0
75,7,9,12,29,Y6033290,,,,0,30.0,0,0
75,7,9,12,30,Y6033291,,,,0,30.0,0,0
75,7,10,1,10,Y6033292,,,,0,30.0,0,0
75,7,10,1,11,Y6033293,,,,0,30.0,0,0
75,7,10,1,12,Y6033294,,,,0,30.0,0,0
75,7,10,1,13,Y6033295,,,,0,30.0,0,0
75,7,10,1,14,Y6033296,,,,0,30.0,0,0
75,7,10,1,15,Y6033297,,,,0,30.0,0,0
75,7,10,1,16,Y6033298,,,,0,30.0,0,0
75,7,10,1,17,Y6033299,,,,0,30.0,0,0
75,7,10,1,18,Y6033300,,,,3361,30.0,0,0
75,7,10,1,19,Y6033301,,,,3834,30.0,0,0
75,7,10,1,20,Y6033302,,,,3449,30.0,0,0
75,7,10,1,21,Y6033303,,,,0,30.0,0,0
75,7,10,1,22,Y6033304,,,,0,30.0,0,0
75,7,10,1,23,Y6033305,,,,0,30.0,0,0
75,7,10,1,24,Y6033306,,,,0,30.0,0,0
75,7,10,1,25,Y6033307,,,,0,30.0,0,0
75,7,10,1,26,Y6033308,,,,0,30.0,0,0
75,7,10,1,27,Y6033309,,,,0,30.0,0,0
75,7,10,1,28,Y6033310,,,,0,30.0,0,0
75,7,10,1,29,Y6033311,,,,0,30.0,0,0
75,7,10,1,30,Y6033312,,,,0,30.0,0,0
75,7,10,2,10,Y6033313,,,,0,30.0,0,0
75,7,10,2,11,Y6033314,,,,0,30.0,0,0
75,7,10,2,12,Y6033315,,,,0,30.0,0,0
75,7,10,2,13,Y6033316,,,,0,30.0,0,0
75,7,10,2,14,Y6033317,,,,0,30.0,0,0
75,7,10,2,15,Y6033318,,,,0,30.0,0,0
75,7,10,2,16,Y6033319,,,,0,30.0,0,0
75,7,10,2,17,Y6033320,,,,0,30.0,0,0
75,7,10,2,18,Y6033321,,,,3350,30.0,0,0
75,7,10,2,19,Y6033322,,,,3818,30.0,0,0
75,7,10,2,20,Y6033323,,,,3433,30.0,0,0
75,7,10,2,21,Y6033324,,,,0,30.0,0,0
75,7,10,2,22,Y6033325,,,,0,30.0,0,0
75,7,10,2,23,Y6033326,,,,0,30.0,0,0
75,7,10,2,24,Y6033327,,,,0,30.0,0,0
75,7,10,2,25,Y6033328,,,,0,30.0,0,0
75,7,10,2,26,Y6033329,,,,0,30.0,0,0
75,7,10,2,27,Y6033330,,,,0,30.0,0,0
75,7,10,2,28,Y6033331,,,,0,30.0,0,0
75,7,10,2,29,Y6033332,,,,0,30.0,0,0
75,7,10,2,30,Y6033333,,,,0,30.0,0,0
75,7,10,3,10,Y6033334,,,,0,30.0,0,0
75,7,10,3,11,Y6033335,,,,0,30.0,0,0
75,7,10,3,12,Y6033336,,,,0,30.0,0,0
75,7,10,3,13,Y6033337,,,,0,30.0,0,0
75,7,10,3,14,Y6033338,,,,0,30.0,0,0
75,7,10,3,15,Y6033339,,,,0,30.0,0,0
75,7,10,3,16,Y6033340,,,,0,30.0,0,0
75,7,10,3,17,Y6033341,,,,0,30.0,0,0
75,7,10,3,18,Y6033342,,,,3345,30.0,0,0
75,7,10,3,19,Y6033343,,,,3812,30.0,0,0
75,7,10,3,20,Y6033344,,,,3426,30.0,0,0
75,7,10,3,21,Y6033345,,,,0,30.0,0,0
75,7,10,3,22,Y6033346,,,,0,30.0,0,0
75,7,10,3,23,Y6033347,,,,0,30.0,0,0
75,7,10,3,24,Y6033348,,,,0,30.0,0,0
75,7,10,3,25,Y6033349,,,,0,30.0,0,0
75,7,10,3,26,Y6033350,,,,0,30.0,0,0
75,7,10,3,27,Y6033351,,,,0,30.0,0,0
75,7,10,3,28,Y6033352,,,,0,30.0,0,0
75,7,10,3,29,Y6033353,,,,0,30.0,0,0
75,7,10,3,30,Y6033354,,,,0,30.0,0,0
75,7,10,4,10,Y6033355,,,,0,30.0,0,0
75,7,10,4,11,Y6033356,,,,0,30.0,0,0
75,7,10,4,12,Y6033357,,,,0,30.0,0,0
75,7,10,4,13,Y6033358,,,,0,30.0,0,0
75,7,10,4,14,Y6033359,,,,0,30.0,0,0
75,7,10,4,15,Y6033360,,,,0,30.0,0,0
75,7,10,4,16,Y6033361,,,,0,30.0,0,0
75,7,10,4,17,Y6033362,,,,0,30.0,0,0
75,7,10,4,18,Y6033363,,,,3443,30.0,0,0
75,7,10,4,19,Y6033364,,,,3894,30.0,0,0
75,7,10,4,20,Y6033365,,,,3507,30.0,0,0
75,7,10,4,21,Y6033366,,,,0,30.0,0,0
75,7,10,4,22,Y6033367,,,,0,30.0,0,0
75,7,10,4,23,Y6033368,,,,0,30.0,0,0
75,7,10,4,24,Y6033369,,,,0,30.0,0,0
75,7,10,4,25,Y6033370,,,,0,30.0,0,0
75,7,10,4,26,Y6033371,,,,0,30.0,0,0
75,7,10,4,27,Y6033372,,,,0,30.0,0,0
75,7,10,4,28,Y6033373,,,,0,30.0,0,0
75,7,10,4,29,Y6033374,,,,0,30.0,0,0
75,7,10,4,30,Y6033375,,,,0,30.0,0,0
75,7,10,5,10,Y6033376,,,,0,30.0,0,0
75,7,10,5,11,Y6033377,,,,0,30.0,0,0
75,7,10,5,12,Y6033378,,,,0,30.0,0,0
75,7,10,5,13,Y6033379,,,,0,30.0,0,0
75,7,10,5,14,Y6033380,,,,0,30.0,0,0
75,7,10,5,15,Y6033381,,,,0,30.0,0,0
75,7,10,5,16,Y6033382,,,,0,30.0,0,0
75,7,10,5,17,Y6033383,,,,0,30.0,0,0
75,7,10,5,18,Y6033384,,,,3502,30.0,0,0
75,7,10,5,19,Y6033385,,,,3992,30.0,0,0
75,7,10,5,20,Y6033386,,,,3603,30.0,0,0
75,7,10,5,21,Y6033387,,,,0,30.0,0,0
75,7,10,5,22,Y6033388,,,,0,30.0,0,0
75,7,10,5,23,Y6033389,,,,0,30.0,0,0
75,7,10,5,24,Y6033390,,,,0,30.0,0,0
75,7,10,5,25,Y6033391,,,,0,30.0,0,0
75,7,10,5,26,Y6033392,,,,0,30.0,0,0
75,7,10,5,27,Y6033393,,,,0,30.0,0,0
75,7,10,5,28,Y6033394,,,,0,30.0,0,0
75,7,10,5,29,Y6033395,,,,0,30.0,0,0
75,7,10,5,30,Y6033396,,,,0,30.0,0,0
75,7,10,6,10,Y6033397,,,,0,30.0,0,0
75,7,10,6,11,Y6033398,,,,0,30.0,0,0
75,7,10,6,12,Y6033399,,,,0,30.0,0,0
75,7,10,6,13,Y6033400,,,,0,30.0,0,0
75,7,10,6,14,Y6033401,,,,0,30.0,0,0
75,7,10,6,15,Y6033402,,,,0,30.0,0,0
75,7,10,6,16,Y6033403,,,,0,30.0,0,0
75,7,10,6,17,Y6033404,,,,0,30.0,0,0
75,7,10,6,18,Y6033405,,,,3499,30.0,0,0
75,7,10,6,19,Y6033406,,,,3989,30.0,0,0
75,7,10,6,20,Y6033407,,,,3593,30.0,0,0
75,7,10,6,21,Y6033408,,,,0,30.0,0,0
75,7,10,6,22,Y6033409,,,,0,30.0,0,0
75,7,10,6,23,Y6033410,,,,0,30.0,0,0
75,7,10,6,24,Y6033411,,,,0,30.0,0,0
75,7,10,6,25,Y6033412,,,,0,30.0,0,0
75,7,10,6,26,Y6033413,,,,0,30.0,0,0
75,7,10,6,27,Y6033414,,,,0,30.0,0,0
75,7,10,6,28,Y6033415,,,,0,30.0,0,0
75,7,10,6,29,Y6033416,,,,0,30.0,0,0
75,7,10,6,30,Y6033417,,,,0,30.0,0,0
75,7,10,7,10,Y6033418,,,,0,30.0,0,0
75,7,10,7,11,Y6033419,,,,0,30.0,0,0
75,7,10,7,12,Y6033420,,,,0,30.0,0,0
75,7,10,7,13,Y6033421,,,,0,30.0,0,0
75,7,10,7,14,Y6033422,,,,0,30.0,0,0
75,7,10,7,15,Y6033423,,,,0,30.0,0,0
75,7,10,7,16,Y6033424,,,,0,30.0,0,0
75,7,10,7,17,Y6033425,,,,0,30.0,0,0
75,7,10,7,18,Y6033426,,,,3528,30.0,0,0
75,7,10,7,19,Y6033427,,,,4028,30.0,0,0
75,7,10,7,20,Y6033428,,,,3632,30.0,0,0
75,7,10,7,21,Y6033429,,,,0,30.0,0,0
75,7,10,7,22,Y6033430,,,,0,30.0,0,0
75,7,10,7,23,Y6033431,,,,0,30.0,0,0
75,7,10,7,24,Y6033432,,,,0,30.0,0,0
75,7,10,7,25,Y6033433,,,,0,30.0,0,0
75,7,10,7,26,Y6033434,,,,0,30.0,0,0
75,7,10,7,27,Y6033435,,,,0,30.0,0,0
75,7,10,7,28,Y6033436,,,,0,30.0,0,0
75,7,10,7,29,Y6033437,,,,0,30.0,0,0
75,7,10,7,30,Y6033438,,,,0,30.0,0,0
75,7,10,8,10,Y6033439,,,,0,30.0,0,0
75,7,10,8,11,Y6033440,,,,0,30.0,0,0
75,7,10,8,12,Y6033441,,,,0,30.0,0,0
75,7,10,8,13,Y6033442,,,,0,30.0,0,0
75,7,10,8,14,Y6033443,,,,0,30.0,0,0
75,7,10,8,15,Y6033444,,,,0,30.0,0,0
75,7,10,8,16,Y6033445,,,,0,30.0,0,0
75,7,10,8,17,Y6033446,,,,0,30.0,0,0
75,7,10,8,18,Y6033447,,,,3577,30.0,0,0
75,7,10,8,19,Y6033448,,,,4014,30.0,0,0
75,7,10,8,20,Y6033449,,,,3621,30.0,0,0
75,7,10,8,21,Y6033450,,,,0,30.0,0,0
75,7,10,8,22,Y6033451,,,,0,30.0,0,0
75,7,10,8,23,Y6033452,,,,0,30.0,0,0
75,7,10,8,24,Y6033453,,,,0,30.0,0,0
75,7,10,8,25,Y6033454,,,,0,30.0,0,0
75,7,10,8,26,Y6033455,,,,0,30.0,0,0
75,7,10,8,27,Y6033456,,,,0,30.0,0,0
75,7,10,8,28,Y6033457,,,,0,30.0,0,0
75,7,10,8,29,Y6033458,,,,0,30.0,0,0
75,7,10,8,30,Y6033459,,,,0,30.0,0,0
75,7,10,9,10,Y6033460,,,,0,30.0,0,0
75,7,10,9,11,Y6033461,,,,0,30.0,0,0
75,7,10,9,12,Y6033462,,,,0,30.0,0,0
75,7,10,9,13,Y6033463,,,,0,30.0,0,0
75,7,10,9,14,Y6033464,,,,0,30.0,0,0
75,7,10,9,15,Y6033465,,,,0,30.0,0,0
75,7,10,9,16,Y6033466,,,,0,30.0,0,0
75,7,10,9,17,Y6033467,,,,0,30.0,0,0
75,7,10,9,18,Y6033468,,,,3615,30.0,0,0
75,7,10,9,19,Y6033469,,,,4128,30.0,0,0
75,7,10,9,20,Y6033470,,,,3732,30.0,0,0
75,7,10,9,21,Y6033471,,,,0,30.0,0,0
75,7,10,9,22,Y6033472,,,,0,30.0,0,0
75,7,10,9,23,Y6033473,,,,0,30.0,0,0
75,7,10,9,24,Y6033474,,,,0,30.0,0,0
75,7,10,9,25,Y6033475,,,,0,30.0,0,0
75,7,10,9,26,Y6033476,,,,0,30.0,0,0
75,7,10,9,27,Y6033477,,,,0,30.0,0,0
75,7,10,9,28,Y6033478,,,,0,30.0,0,0
75,7,10,9,29,Y6033479,,,,0,30.0,0,0
75,7,10,9,30,Y6033480,,,,0,30.0,0,0
75,7,10,10,10,Y6033481,,,,0,30.0,0,0
75,7,10,10,11,Y6033482,,,,0,30.0,0,0
75,7,10,10,12,Y6033483,,,,0,30.0,0,0
75,7,10,10,13,Y6033484,,,,0,30.0,0,0
75,7,10,10,14,Y6033485,,,,0,30.0,0,0
75,7,10,10,15,Y6033486,,,,0,30.0,0,0
75,7,10,10,16,Y6033487,,,,0,30.0,0,0
75,7,10,10,17,Y6033488,,,,0,30.0,0,0
75,7,10,10,18,Y6033489,,,,3754,30.0,0,0
75,7,10,10,19,Y6033490,,,,4347,30.0,0,0
75,7,10,10,20,Y6033491,,,,3854,30.0,0,0
75,7,10,10,21,Y6033492,,,,0,30.0,0,0
75,7,10,10,22,Y6033493,,,,0,30.0,0,0
75,7,10,10,23,Y6033494,,,,0,30.0,0,0
75,7,10,10,24,Y6033495,,,,0,30.0,0,0
75,7,10,10,25,Y6033496,,,,0,30.0,0,0
75,7,10,10,26,Y6033497,,,,0,30.0,0,0
75,7,10,10,27,Y6033498,,,,0,30.0,0,0
75,7,10,10,28,Y6033499,,,,0,30.0,0,0
75,7,10,10,29,Y6033500,,,,0,30.0,0,0
75,7,10,10,30,Y6033501,,,,0,30.0,0,0
75,7,10,11,10,Y6033502,,,,0,30.0,0,0
75,7,10,11,11,Y6033503,,,,0,30.0,0,0
75,7,10,11,12,Y6033504,,,,0,30.0,0,0
75,7,10,11,13,Y6033505,,,,0,30.0,0,0
75,7,10,11,14,Y6033506,,,,0,30.0,0,0
75,7,10,11,15,Y6033507,,,,0,30.0,0,0
75,7,10,11,16,Y6033508,,,,0,30.0,0,0
75,7,10,11,17,Y6033509,,,,0,30.0,0,0
75,7,10,11,18,Y6033510,,,,3835,30.0,0,0
75,7,10,11,19,Y6033511,,,,4412,30.0,0,0
75,7,10,11,20,Y6033512,,,,3913,30.0,0,0
75,7,10,11,21,Y6033513,,,,0,30.0,0,0
75,7,10,11,22,Y6033514,,,,0,30.0,0,0
75,7,10,11,23,Y6033515,,,,0,30.0,0,0
75,7,10,11,24,Y6033516,,,,0,30.0,0,0
75,7,10,11,25,Y6033517,,,,0,30.0,0,0
75,7,10,11,26,Y6033518,,,,0,30.0,0,0
75,7,10,11,27,Y6033519,,,,0,30.0,0,0
75,7,10,11,28,Y6033520,,,,0,30.0,0,0
75,7,10,11,29,Y6033521,,,,0,30.0,0,0
75,7,10,11,30,Y6033522,,,,0,30.0,0,0
75,7,10,12,10,Y6033523,,,,0,30.0,0,0
75,7,10,12,11,Y6033524,,,,0,30.0,0,0
75,7,10,12,12,Y6033525,,,,0,30.0,0,0
75,7,10,12,13,Y6033526,,,,0,30.0,0,0
75,7,10,12,14,Y6033527,,,,0,30.0,0,0
75,7,10,12,15,Y6033528,,,,0,30.0,0,0
75,7,10,12,16,Y6033529,,,,0,30.0,0,0
75,7,10,12,17,Y6033530,,,,0,30.0,0,0
75,7,10,12,18,Y6033531,,,,4200,30.0,0,0
75,7,10,12,19,Y6033532,,,,4764,30.0,0,0
75,7,10,12,20,Y6033533,,,,4261,30.0,0,0
75,7,10,12,21,Y6033534,,,,0,30.0,0,0
75,7,10,12,22,Y6033535,,,,0,30.0,0,0
75,7,10,12,23,Y6033536,,,,0,30.0,0,0
75,7,10,12,24,Y6033537,,,,0,30.0,0,0
75,7,10,12,25,Y6033538,,,,0,30.0,0,0
75,7,10,12,26,Y6033539,,,,0,30.0,0,0
75,7,10,12,27,Y6033540,,,,0,30.0,0,0
75,7,10,12,28,Y6033541,,,,0,30.0,0,0
75,7,10,12,29,Y6033542,,,,0,30.0,0,0
75,7,10,12,30,Y6033543,,,,0,30.0,0,0
75,7,11,1,10,Y6033544,,,,0,30.0,0,0
75,7,11,1,11,Y6033545,,,,0,30.0,0,0
75,7,11,1,12,Y6033546,,,,0,30.0,0,0
75,7,11,1,13,Y6033547,,,,0,30.0,0,0
75,7,11,1,14,Y6033548,,,,0,30.0,0,0
75,7,11,1,15,Y6033549,,,,0,30.0,0,0
75,7,11,1,16,Y6033550,,,,0,30.0,0,0
75,7,11,1,17,Y6033551,,,,0,30.0,0,0
75,7,11,1,18,Y6033552,,,,3458,30.0,0,0
75,7,11,1,19,Y6033553,,,,3934,30.0,0,0
75,7,11,1,20,Y6033554,,,,3550,30.0,0,0
75,7,11,1,21,Y6033555,,,,0,30.0,0,0
75,7,11,1,22,Y6033556,,,,0,30.0,0,0
75,7,11,1,23,Y6033557,,,,0,30.0,0,0
75,7,11,1,24,Y6033558,,,,0,30.0,0,0
75,7,11,1,25,Y6033559,,,,0,30.0,0,0
75,7,11,1,26,Y6033560,,,,0,30.0,0,0
75,7,11,1,27,Y6033561,,,,0,30.0,0,0
75,7,11,1,28,Y6033562,,,,0,30.0,0,0
75,7,11,1,29,Y6033563,,,,0,30.0,0,0
75,7,11,1,30,Y6033564,,,,0,30.0,0,0
75,7,11,2,10,Y6033565,,,,0,30.0,0,0
75,7,11,2,11,Y6033566,,,,0,30.0,0,0
75,7,11,2,12,Y6033567,,,,0,30.0,0,0
75,7,11,2,13,Y6033568,,,,0,30.0,0,0
75,7,11,2,14,Y6033569,,,,0,30.0,0,0
75,7,11,2,15,Y6033570,,,,0,30.0,0,0
75,7,11,2,16,Y6033571,,,,0,30.0,0,0
75,7,11,2,17,Y6033572,,,,0,30.0,0,0
75,7,11,2,18,Y6033573,,,,3447,30.0,0,0
75,7,11,2,19,Y6033574,,,,3918,30.0,0,0
75,7,11,2,20,Y6033575,,,,3533,30.0,0,0
75,7,11,2,21,Y6033576,,,,0,30.0,0,0
75,7,11,2,22,Y6033577,,,,0,30.0,0,0
75,7,11,2,23,Y6033578,,,,0,30.0,0,0
75,7,11,2,24,Y6033579,,,,0,30.0,0,0
75,7,11,2,25,Y6033580,,,,0,30.0,0,0
75,7,11,2,26,Y6033581,,,,0,30.0,0,0
75,7,11,2,27,Y6033582,,,,0,30.0,0,0
75,7,11,2,28,Y6033583,,,,0,30.0,0,0
75,7,11,2,29,Y6033584,,,,0,30.0,0,0
75,7,11,2,30,Y6033585,,,,0,30.0,0,0
75,7,11,3,10,Y6033586,,,,0,30.0,0,0
75,7,11,3,11,Y6033587,,,,0,30.0,0,0
75,7,11,3,12,Y6033588,,,,0,30.0,0,0
75,7,11,3,13,Y6033589,,,,0,30.0,0,0
75,7,11,3,14,Y6033590,,,,0,30.0,0,0
75,7,11,3,15,Y6033591,,,,0,30.0,0,0
75,7,11,3,16,Y6033592,,,,0,30.0,0,0
75,7,11,3,17,Y6033593,,,,0,30.0,0,0
75,7,11,3,18,Y6033594,,,,3442,30.0,0,0
75,7,11,3,19,Y6033595,,,,3911,30.0,0,0
75,7,11,3,20,Y6033596,,,,3527,30.0,0,0
75,7,11,3,21,Y6033597,,,,0,30.0,0,0
75,7,11,3,22,Y6033598,,,,0,30.0,0,0
75,7,11,3,23,Y6033599,,,,0,30.0,0,0
75,7,11,3,24,Y6033600,,,,0,30.0,0,0
75,7,11,3,25,Y6033601,,,,0,30.0,0,0
75,7,11,3,26,Y6033602,,,,0,30.0,0,0
75,7,11,3,27,Y6033603,,,,0,30.0,0,0
75,7,11,3,28,Y6033604,,,,0,30.0,0,0
75,7,11,3,29,Y6033605,,,,0,30.0,0,0
75,7,11,3,30,Y6033606,,,,0,30.0,0,0
75,7,11,4,10,Y6033607,,,,0,30.0,0,0
75,7,11,4,11,Y6033608,,,,0,30.0,0,0
75,7,11,4,12,Y6033609,,,,0,30.0,0,0
75,7,11,4,13,Y6033610,,,,0,30.0,0,0
75,7,11,4,14,Y6033611,,,,0,30.0,0,0
75,7,11,4,15,Y6033612,,,,0,30.0,0,0
75,7,11,4,16,Y6033613,,,,0,30.0,0,0
75,7,11,4,17,Y6033614,,,,0,30.0,0,0
75,7,11,4,18,Y6033615,,,,3540,30.0,0,0
75,7,11,4,19,Y6033616,,,,3994,30.0,0,0
75,7,11,4,20,Y6033617,,,,3608,30.0,0,0
75,7,11,4,21,Y6033618,,,,0,30.0,0,0
75,7,11,4,22,Y6033619,,,,0,30.0,0,0
75,7,11,4,23,Y6033620,,,,0,30.0,0,0
75,7,11,4,24,Y6033621,,,,0,30.0,0,0
75,7,11,4,25,Y6033622,,,,0,30.0,0,0
75,7,11,4,26,Y6033623,,,,0,30.0,0,0
75,7,11,4,27,Y6033624,,,,0,30.0,0,0
75,7,11,4,28,Y6033625,,,,0,30.0,0,0
75,7,11,4,29,Y6033626,,,,0,30.0,0,0
75,7,11,4,30,Y6033627,,,,0,30.0,0,0
75,7,11,5,10,Y6033628,,,,0,30.0,0,0
75,7,11,5,11,Y6033629,,,,0,30.0,0,0
75,7,11,5,12,Y6033630,,,,0,30.0,0,0
75,7,11,5,13,Y6033631,,,,0,30.0,0,0
75,7,11,5,14,Y6033632,,,,0,30.0,0,0
75,7,11,5,15,Y6033633,,,,0,30.0,0,0
75,7,11,5,16,Y6033634,,,,0,30.0,0,0
75,7,11,5,17,Y6033635,,,,0,30.0,0,0
75,7,11,5,18,Y6033636,,,,3599,30.0,0,0
75,7,11,5,19,Y6033637,,,,4092,30.0,0,0
75,7,11,5,20,Y6033638,,,,3704,30.0,0,0
75,7,11,5,21,Y6033639,,,,0,30.0,0,0
75,7,11,5,22,Y6033640,,,,0,30.0,0,0
75,7,11,5,23,Y6033641,,,,0,30.0,0,0
75,7,11,5,24,Y6033642,,,,0,30.0,0,0
75,7,11,5,25,Y6033643,,,,0,30.0,0,0
75,7,11,5,26,Y6033644,,,,0,30.0,0,0
75,7,11,5,27,Y6033645,,,,0,30.0,0,0
75,7,11,5,28,Y6033646,,,,0,30.0,0,0
75,7,11,5,29,Y6033647,,,,0,30.0,0,0
75,7,11,5,30,Y6033648,,,,0,30.0,0,0
75,7,11,6,10,Y6033649,,,,0,30.0,0,0
75,7,11,6,11,Y6033650,,,,0,30.0,0,0
75,7,11,6,12,Y6033651,,,,0,30.0,0,0
75,7,11,6,13,Y6033652,,,,0,30.0,0,0
75,7,11,6,14,Y6033653,,,,0,30.0,0,0
75,7,11,6,15,Y6033654,,,,0,30.0,0,0
75,7,11,6,16,Y6033655,,,,0,30.0,0,0
75,7,11,6,17,Y6033656,,,,0,30.0,0,0
75,7,11,6,18,Y6033657,,,,3596,30.0,0,0
75,7,11,6,19,Y6033658,,,,4088,30.0,0,0
75,7,11,6,20,Y6033659,,,,3694,30.0,0,0
75,7,11,6,21,Y6033660,,,,0,30.0,0,0
75,7,11,6,22,Y6033661,,,,0,30.0,0,0
75,7,11,6,23,Y6033662,,,,0,30.0,0,0
75,7,11,6,24,Y6033663,,,,0,30.0,0,0
75,7,11,6,25,Y6033664,,,,0,30.0,0,0
75,7,11,6,26,Y6033665,,,,0,30.0,0,0
75,7,11,6,27,Y6033666,,,,0,30.0,0,0
75,7,11,6,28,Y6033667,,,,0,30.0,0,0
75,7,11,6,29,Y6033668,,,,0,30.0,0,0
75,7,11,6,30,Y6033669,,,,0,30.0,0,0
75,7,11,7,10,Y6033670,,,,0,30.0,0,0
75,7,11,7,11,Y6033671,,,,0,30.0,0,0
75,7,11,7,12,Y6033672,,,,0,30.0,0,0
75,7,11,7,13,Y6033673,,,,0,30.0,0,0
75,7,11,7,14,Y6033674,,,,0,30.0,0,0
75,7,11,7,15,Y6033675,,,,0,30.0,0,0
75,7,11,7,16,Y6033676,,,,0,30.0,0,0
75,7,11,7,17,Y6033677,,,,0,30.0,0,0
75,7,11,7,18,Y6033678,,,,3625,30.0,0,0
75,7,11,7,19,Y6033679,,,,4128,30.0,0,0
75,7,11,7,20,Y6033680,,,,3733,30.0,0,0
75,7,11,7,21,Y6033681,,,,0,30.0,0,0
75,7,11,7,22,Y6033682,,,,0,30.0,0,0
75,7,11,7,23,Y6033683,,,,0,30.0,0,0
75,7,11,7,24,Y6033684,,,,0,30.0,0,0
75,7,11,7,25,Y6033685,,,,0,30.0,0,0
75,7,11,7,26,Y6033686,,,,0,30.0,0,0
75,7,11,7,27,Y6033687,,,,0,30.0,0,0
75,7,11,7,28,Y6033688,,,,0,30.0,0,0
75,7,11,7,29,Y6033689,,,,0,30.0,0,0
75,7,11,7,30,Y6033690,,,,0,30.0,0,0
75,7,11,8,10,Y6033691,,,,0,30.0,0,0
75,7,11,8,11,Y6033692,,,,0,30.0,0,0
75,7,11,8,12,Y6033693,,,,0,30.0,0,0
75,7,11,8,13,Y6033694,,,,0,30.0,0,0
75,7,11,8,14,Y6033695,,,,0,30.0,0,0
75,7,11,8,15,Y6033696,,,,0,30.0,0,0
75,7,11,8,16,Y6033697,,,,0,30.0,0,0
75,7,11,8,17,Y6033698,,,,0,30.0,0,0
75,7,11,8,18,Y6033699,,,,3702,30.0,0,0
75,7,11,8,19,Y6033700,,,,4144,30.0,0,0
75,7,11,8,20,Y6033701,,,,3751,30.0,0,0
75,7,11,8,21,Y6033702,,,,0,30.0,0,0
75,7,11,8,22,Y6033703,,,,0,30.0,0,0
75,7,11,8,23,Y6033704,,,,0,30.0,0,0
75,7,11,8,24,Y6033705,,,,0,30.0,0,0
75,7,11,8,25,Y6033706,,,,0,30.0,0,0
75,7,11,8,26,Y6033707,,,,0,30.0,0,0
75,7,11,8,27,Y6033708,,,,0,30.0,0,0
75,7,11,8,28,Y6033709,,,,0,30.0,0,0
75,7,11,8,29,Y6033710,,,,0,30.0,0,0
75,7,11,8,30,Y6033711,,,,0,30.0,0,0
75,7,11,9,10,Y6033712,,,,0,30.0,0,0
75,7,11,9,11,Y6033713,,,,0,30.0,0,0
75,7,11,9,12,Y6033714,,,,0,30.0,0,0
75,7,11,9,13,Y6033715,,,,0,30.0,0,0
75,7,11,9,14,Y6033716,,,,0,30.0,0,0
75,7,11,9,15,Y6033717,,,,0,30.0,0,0
75,7,11,9,16,Y6033718,,,,0,30.0,0,0
75,7,11,9,17,Y6033719,,,,0,30.0,0,0
75,7,11,9,18,Y6033720,,,,3720,30.0,0,0
75,7,11,9,19,Y6033721,,,,4185,30.0,0,0
75,7,11,9,20,Y6033722,,,,3791,30.0,0,0
75,7,11,9,21,Y6033723,,,,0,30.0,0,0
75,7,11,9,22,Y6033724,,,,0,30.0,0,0
75,7,11,9,23,Y6033725,,,,0,30.0,0,0
75,7,11,9,24,Y6033726,,,,0,30.0,0,0
75,7,11,9,25,Y6033727,,,,0,30.0,0,0
75,7,11,9,26,Y6033728,,,,0,30.0,0,0
75,7,11,9,27,Y6033729,,,,0,30.0,0,0
75,7,11,9,28,Y6033730,,,,0,30.0,0,0
75,7,11,9,29,Y6033731,,,,0,30.0,0,0
75,7,11,9,30,Y6033732,,,,0,30.0,0,0
75,7,11,10,10,Y6033733,,,,0,30.0,0,0
75,7,11,10,11,Y6033734,,,,0,30.0,0,0
75,7,11,10,12,Y6033735,,,,0,30.0,0,0
75,7,11,10,13,Y6033736,,,,0,30.0,0,0
75,7,11,10,14,Y6033737,,,,0,30.0,0,0
75,7,11,10,15,Y6033738,,,,0,30.0,0,0
75,7,11,10,16,Y6033739,,,,0,30.0,0,0
75,7,11,10,17,Y6033740,,,,0,30.0,0,0
75,7,11,10,18,Y6033741,,,,3859,30.0,0,0
75,7,11,10,19,Y6033742,,,,4404,30.0,0,0
75,7,11,10,20,Y6033743,,,,3912,30.0,0,0
75,7,11,10,21,Y6033744,,,,0,30.0,0,0
75,7,11,10,22,Y6033745,,,,0,30.0,0,0
75,7,11,10,23,Y6033746,,,,0,30.0,0,0
75,7,11,10,24,Y6033747,,,,0,30.0,0,0
75,7,11,10,25,Y6033748,,,,0,30.0,0,0
75,7,11,10,26,Y6033749,,,,0,30.0,0,0
75,7,11,10,27,Y6033750,,,,0,30.0,0,0
75,7,11,10,28,Y6033751,,,,0,30.0,0,0
75,7,11,10,29,Y6033752,,,,0,30.0,0,0
75,7,11,10,30,Y6033753,,,,0,30.0,0,0
75,7,11,11,10,Y6033754,,,,0,30.0,0,0
75,7,11,11,11,Y6033755,,,,0,30.0,0,0
75,7,11,11,12,Y6033756,,,,0,30.0,0,0
75,7,11,11,13,Y6033757,,,,0,30.0,0,0
75,7,11,11,14,Y6033758,,,,0,30.0,0,0
75,7,11,11,15,Y6033759,,,,0,30.0,0,0
75,7,11,11,16,Y6033760,,,,0,30.0,0,0
75,7,11,11,17,Y6033761,,,,0,30.0,0,0
75,7,11,11,18,Y6033762,,,,3939,30.0,0,0
75,7,11,11,19,Y6033763,,,,4470,30.0,0,0
75,7,11,11,20,Y6033764,,,,3971,30.0,0,0
75,7,11,11,21,Y6033765,,,,0,30.0,0,0
75,7,11,11,22,Y6033766,,,,0,30.0,0,0
75,7,11,11,23,Y6033767,,,,0,30.0,0,0
75,7,11,11,24,Y6033768,,,,0,30.0,0,0
75,7,11,11,25,Y6033769,,,,0,30.0,0,0
75,7,11,11,26,Y6033770,,,,0,30.0,0,0
75,7,11,11,27,Y6033771,,,,0,30.0,0,0
75,7,11,11,28,Y6033772,,,,0,30.0,0,0
75,7,11,11,29,Y6033773,,,,0,30.0,0,0
75,7,11,11,30,Y6033774,,,,0,30.0,0,0
75,7,11,12,10,Y6033775,,,,0,30.0,0,0
75,7,11,12,11,Y6033776,,,,0,30.0,0,0
75,7,11,12,12,Y6033777,,,,0,30.0,0,0
75,7,11,12,13,Y6033778,,,,0,30.0,0,0
75,7,11,12,14,Y6033779,,,,0,30.0,0,0
75,7,11,12,15,Y6033780,,,,0,30.0,0,0
75,7,11,12,16,Y6033781,,,,0,30.0,0,0
75,7,11,12,17,Y6033782,,,,0,30.0,0,0
75,7,11,12,18,Y6033783,,,,4325,30.0,0,0
75,7,11,12,19,Y6033784,,,,4841,30.0,0,0
75,7,11,12,20,Y6033785,,,,4337,30.0,0,0
75,7,11,12,21,Y6033786,,,,0,30.0,0,0
75,7,11,12,22,Y6033787,,,,0,30.0,0,0
75,7,11,12,23,Y6033788,,,,0,30.0,0,0
75,7,11,12,24,Y6033789,,,,0,30.0,0,0
75,7,11,12,25,Y6033790,,,,0,30.0,0,0
75,7,11,12,26,Y6033791,,,,0,30.0,0,0
75,7,11,12,27,Y6033792,,,,0,30.0,0,0
75,7,11,12,28,Y6033793,,,,0,30.0,0,0
75,7,11,12,29,Y6033794,,,,0,30.0,0,0
75,7,11,12,30,Y6033795,,,,0,30.0,0,0
75,7,12,1,10,Y6033796,,,,0,30.0,0,0
75,7,12,1,11,Y6033797,,,,0,30.0,0,0
75,7,12,1,12,Y6033798,,,,0,30.0,0,0
75,7,12,1,13,Y6033799,,,,0,30.0,0,0
75,7,12,1,14,Y6033800,,,,0,30.0,0,0
75,7,12,1,15,Y6033801,,,,0,30.0,0,0
75,7,12,1,16,Y6033802,,,,0,30.0,0,0
75,7,12,1,17,Y6033803,,,,0,30.0,0,0
75,7,12,1,18,Y6033804,,,,3538,30.0,0,0
75,7,12,1,19,Y6033805,,,,4053,30.0,0,0
75,7,12,1,20,Y6033806,,,,3541,30.0,0,0
75,7,12,1,21,Y6033807,,,,0,30.0,0,0
75,7,12,1,22,Y6033808,,,,0,30.0,0,0
75,7,12,1,23,Y6033809,,,,0,30.0,0,0
75,7,12,1,24,Y6033810,,,,0,30.0,0,0
75,7,12,1,25,Y6033811,,,,0,30.0,0,0
75,7,12,1,26,Y6033812,,,,0,30.0,0,0
75,7,12,1,27,Y6033813,,,,0,30.0,0,0
75,7,12,1,28,Y6033814,,,,0,30.0,0,0
75,7,12,1,29,Y6033815,,,,0,30.0,0,0
75,7,12,1,30,Y6033816,,,,0,30.0,0,0
75,7,12,2,10,Y6033817,,,,0,30.0,0,0
75,7,12,2,11,Y6033818,,,,0,30.0,0,0
75,7,12,2,12,Y6033819,,,,0,30.0,0,0
75,7,12,2,13,Y6033820,,,,0,30.0,0,0
75,7,12,2,14,Y6033821,,,,0,30.0,0,0
75,7,12,2,15,Y6033822,,,,0,30.0,0,0
75,7,12,2,16,Y6033823,,,,0,30.0,0,0
75,7,12,2,17,Y6033824,,,,0,30.0,0,0
75,7,12,2,18,Y6033825,,,,3528,30.0,0,0
75,7,12,2,19,Y6033826,,,,4037,30.0,0,0
75,7,12,2,20,Y6033827,,,,3524,30.0,0,0
75,7,12,2,21,Y6033828,,,,0,30.0,0,0
75,7,12,2,22,Y6033829,,,,0,30.0,0,0
75,7,12,2,23,Y6033830,,,,0,30.0,0,0
75,7,12,2,24,Y6033831,,,,0,30.0,0,0
75,7,12,2,25,Y6033832,,,,0,30.0,0,0
75,7,12,2,26,Y6033833,,,,0,30.0,0,0
75,7,12,2,27,Y6033834,,,,0,30.0,0,0
75,7,12,2,28,Y6033835,,,,0,30.0,0,0
75,7,12,2,29,Y6033836,,,,0,30.0,0,0
75,7,12,2,30,Y6033837,,,,0,30.0,0,0
75,7,12,3,10,Y6033838,,,,0,30.0,0,0
75,7,12,3,11,Y6033839,,,,0,30.0,0,0
75,7,12,3,12,Y6033840,,,,0,30.0,0,0
75,7,12,3,13,Y6033841,,,,0,30.0,0,0
75,7,12,3,14,Y6033842,,,,0,30.0,0,0
75,7,12,3,15,Y6033843,,,,0,30.0,0,0
75,7,12,3,16,Y6033844,,,,0,30.0,0,0
75,7,12,3,17,Y6033845,,,,0,30.0,0,0
75,7,12,3,18,Y6033846,,,,3523,30.0,0,0
75,7,12,3,19,Y6033847,,,,4030,30.0,0,0
75,7,12,3,20,Y6033848,,,,3518,30.0,0,0
75,7,12,3,21,Y6033849,,,,0,30.0,0,0
75,7,12,3,22,Y6033850,,,,0,30.0,0,0
75,7,12,3,23,Y6033851,,,,0,30.0,0,0
75,7,12,3,24,Y6033852,,,,0,30.0,0,0
75,7,12,3,25,Y6033853,,,,0,30.0,0,0
75,7,12,3,26,Y6033854,,,,0,30.0,0,0
75,7,12,3,27,Y6033855,,,,0,30.0,0,0
75,7,12,3,28,Y6033856,,,,0,30.0,0,0
75,7,12,3,29,Y6033857,,,,0,30.0,0,0
75,7,12,3,30,Y6033858,,,,0,30.0,0,0
75,7,12,4,10,Y6033859,,,,0,30.0,0,0
75,7,12,4,11,Y6033860,,,,0,30.0,0,0
75,7,12,4,12,Y6033861,,,,0,30.0,0,0
75,7,12,4,13,Y6033862,,,,0,30.0,0,0
75,7,12,4,14,Y6033863,,,,0,30.0,0,0
75,7,12,4,15,Y6033864,,,,0,30.0,0,0
75,7,12,4,16,Y6033865,,,,0,30.0,0,0
75,7,12,4,17,Y6033866,,,,0,30.0,0,0
75,7,12,4,18,Y6033867,,,,3621,30.0,0,0
75,7,12,4,19,Y6033868,,,,4113,30.0,0,0
75,7,12,4,20,Y6033869,,,,3599,30.0,0,0
75,7,12,4,21,Y6033870,,,,0,30.0,0,0
75,7,12,4,22,Y6033871,,,,0,30.0,0,0
75,7,12,4,23,Y6033872,,,,0,30.0,0,0
75,7,12,4,24,Y6033873,,,,0,30.0,0,0
75,7,12,4,25,Y6033874,,,,0,30.0,0,0
75,7,12,4,26,Y6033875,,,,0,30.0,0,0
75,7,12,4,27,Y6033876,,,,0,30.0,0,0
75,7,12,4,28,Y6033877,,,,0,30.0,0,0
75,7,12,4,29,Y6033878,,,,0,30.0,0,0
75,7,12,4,30,Y6033879,,,,0,30.0,0,0
75,7,12,5,10,Y6033880,,,,0,30.0,0,0
75,7,12,5,11,Y6033881,,,,0,30.0,0,0
75,7,12,5,12,Y6033882,,,,0,30.0,0,0
75,7,12,5,13,Y6033883,,,,0,30.0,0,0
75,7,12,5,14,Y6033884,,,,0,30.0,0,0
75,7,12,5,15,Y6033885,,,,0,30.0,0,0
75,7,12,5,16,Y6033886,,,,0,30.0,0,0
75,7,12,5,17,Y6033887,,,,0,30.0,0,0
75,7,12,5,18,Y6033888,,,,3680,30.0,0,0
75,7,12,5,19,Y6033889,,,,4211,30.0,0,0
75,7,12,5,20,Y6033890,,,,3695,30.0,0,0
75,7,12,5,21,Y6033891,,,,0,30.0,0,0
75,7,12,5,22,Y6033892,,,,0,30.0,0,0
75,7,12,5,23,Y6033893,,,,0,30.0,0,0
75,7,12,5,24,Y6033894,,,,0,30.0,0,0
75,7,12,5,25,Y6033895,,,,0,30.0,0,0
75,7,12,5,26,Y6033896,,,,0,30.0,0,0
75,7,12,5,27,Y6033897,,,,0,30.0,0,0
75,7,12,5,28,Y6033898,,,,0,30.0,0,0
75,7,12,5,29,Y6033899,,,,0,30.0,0,0
75,7,12,5,30,Y6033900,,,,0,30.0,0,0
75,7,12,6,10,Y6033901,,,,0,30.0,0,0
75,7,12,6,11,Y6033902,,,,0,30.0,0,0
75,7,12,6,12,Y6033903,,,,0,30.0,0,0
75,7,12,6,13,Y6033904,,,,0,30.0,0,0
75,7,12,6,14,Y6033905,,,,0,30.0,0,0
75,7,12,6,15,Y6033906,,,,0,30.0,0,0
75,7,12,6,16,Y6033907,,,,0,30.0,0,0
75,7,12,6,17,Y6033908,,,,0,30.0,0,0
75,7,12,6,18,Y6033909,,,,3676,30.0,0,0
75,7,12,6,19,Y6033910,,,,4208,30.0,0,0
75,7,12,6,20,Y6033911,,,,3684,30.0,0,0
75,7,12,6,21,Y6033912,,,,0,30.0,0,0
75,7,12,6,22,Y6033913,,,,0,30.0,0,0
75,7,12,6,23,Y6033914,,,,0,30.0,0,0
75,7,12,6,24,Y6033915,,,,0,30.0,0,0
75,7,12,6,25,Y6033916,,,,0,30.0,0,0
75,7,12,6,26,Y6033917,,,,0,30.0,0,0
75,7,12,6,27,Y6033918,,,,0,30.0,0,0
75,7,12,6,28,Y6033919,,,,0,30.0,0,0
75,7,12,6,29,Y6033920,,,,0,30.0,0,0
75,7,12,6,30,Y6033921,,,,0,30.0,0,0
75,7,12,7,10,Y6033922,,,,0,30.0,0,0
75,7,12,7,11,Y6033923,,,,0,30.0,0,0
75,7,12,7,12,Y6033924,,,,0,30.0,0,0
75,7,12,7,13,Y6033925,,,,0,30.0,0,0
75,7,12,7,14,Y6033926,,,,0,30.0,0,0
75,7,12,7,15,Y6033927,,,,0,30.0,0,0
75,7,12,7,16,Y6033928,,,,0,30.0,0,0
75,7,12,7,17,Y6033929,,,,0,30.0,0,0
75,7,12,7,18,Y6033930,,,,3705,30.0,0,0
75,7,12,7,19,Y6033931,,,,4247,30.0,0,0
75,7,12,7,20,Y6033932,,,,3723,30.0,0,0
75,7,12,7,21,Y6033933,,,,0,30.0,0,0
75,7,12,7,22,Y6033934,,,,0,30.0,0,0
75,7,12,7,23,Y6033935,,,,0,30.0,0,0
75,7,12,7,24,Y6033936,,,,0,30.0,0,0
75,7,12,7,25,Y6033937,,,,0,30.0,0,0
75,7,12,7,26,Y6033938,,,,0,30.0,0,0
75,7,12,7,27,Y6033939,,,,0,30.0,0,0
75,7,12,7,28,Y6033940,,,,0,30.0,0,0
75,7,12,7,29,Y6033941,,,,0,30.0,0,0
75,7,12,7,30,Y6033942,,,,0,30.0,0,0
75,7,12,8,10,Y6033943,,,,0,30.0,0,0
75,7,12,8,11,Y6033944,,,,0,30.0,0,0
75,7,12,8,12,Y6033945,,,,0,30.0,0,0
75,7,12,8,13,Y6033946,,,,0,30.0,0,0
75,7,12,8,14,Y6033947,,,,0,30.0,0,0
75,7,12,8,15,Y6033948,,,,0,30.0,0,0
75,7,12,8,16,Y6033949,,,,0,30.0,0,0
75,7,12,8,17,Y6033950,,,,0,30.0,0,0
75,7,12,8,18,Y6033951,,,,3793,30.0,0,0
75,7,12,8,19,Y6033952,,,,4274,30.0,0,0
75,7,12,8,20,Y6033953,,,,3753,30.0,0,0
75,7,12,8,21,Y6033954,,,,0,30.0,0,0
75,7,12,8,22,Y6033955,,,,0,30.0,0,0
75,7,12,8,23,Y6033956,,,,0,30.0,0,0
75,7,12,8,24,Y6033957,,,,0,30.0,0,0
75,7,12,8,25,Y6033958,,,,0,30.0,0,0
75,7,12,8,26,Y6033959,,,,0,30.0,0,0
75,7,12,8,27,Y6033960,,,,0,30.0,0,0
75,7,12,8,28,Y6033961,,,,0,30.0,0,0
75,7,12,8,29,Y6033962,,,,0,30.0,0,0
75,7,12,8,30,Y6033963,,,,0,30.0,0,0
75,7,12,9,10,Y6033964,,,,0,30.0,0,0
75,7,12,9,11,Y6033965,,,,0,30.0,0,0
75,7,12,9,12,Y6033966,,,,0,30.0,0,0
75,7,12,9,13,Y6033967,,,,0,30.0,0,0
75,7,12,9,14,Y6033968,,,,0,30.0,0,0
75,7,12,9,15,Y6033969,,,,0,30.0,0,0
75,7,12,9,16,Y6033970,,,,0,30.0,0,0
75,7,12,9,17,Y6033971,,,,0,30.0,0,0
75,7,12,9,18,Y6033972,,,,3811,30.0,0,0
75,7,12,9,19,Y6033973,,,,4315,30.0,0,0
75,7,12,9,20,Y6033974,,,,3792,30.0,0,0
75,7,12,9,21,Y6033975,,,,0,30.0,0,0
75,7,12,9,22,Y6033976,,,,0,30.0,0,0
75,7,12,9,23,Y6033977,,,,0,30.0,0,0
75,7,12,9,24,Y6033978,,,,0,30.0,0,0
75,7,12,9,25,Y6033979,,,,0,30.0,0,0
75,7,12,9,26,Y6033980,,,,0,30.0,0,0
75,7,12,9,27,Y6033981,,,,0,30.0,0,0
75,7,12,9,28,Y6033982,,,,0,30.0,0,0
75,7,12,9,29,Y6033983,,,,0,30.0,0,0
75,7,12,9,30,Y6033984,,,,0,30.0,0,0
75,7,12,10,10,Y6033985,,,,0,30.0,0,0
75,7,12,10,11,Y6033986,,,,0,30.0,0,0
75,7,12,10,12,Y6033987,,,,0,30.0,0,0
75,7,12,10,13,Y6033988,,,,0,30.0,0,0
75,7,12,10,14,Y6033989,,,,0,30.0,0,0
75,7,12,10,15,Y6033990,,,,0,30.0,0,0
75,7,12,10,16,Y6033991,,,,0,30.0,0,0
75,7,12,10,17,Y6033992,,,,0,30.0,0,0
75,7,12,10,18,Y6033993,,,,3953,30.0,0,0
75,7,12,10,19,Y6033994,,,,4537,30.0,0,0
75,7,12,10,20,Y6033995,,,,3916,30.0,0,0
75,7,12,10,21,Y6033996,,,,0,30.0,0,0
75,7,12,10,22,Y6033997,,,,0,30.0,0,0
75,7,12,10,23,Y6033998,,,,0,30.0,0,0
75,7,12,10,24,Y6033999,,,,0,30.0,0,0
75,7,12,10,25,Y6034000,,,,0,30.0,0,0
75,7,12,10,26,Y6034001,,,,0,30.0,0,0
75,7,12,10,27,Y6034002,,,,0,30.0,0,0
75,7,12,10,28,Y6034003,,,,0,30.0,0,0
75,7,12,10,29,Y6034004,,,,0,30.0,0,0
75,7,12,10,30,Y6034005,,,,0,30.0,0,0
75,7,12,11,10,Y6034006,,,,0,30.0,0,0
75,7,12,11,11,Y6034007,,,,0,30.0,0,0
75,7,12,11,12,Y6034008,,,,0,30.0,0,0
75,7,12,11,13,Y6034009,,,,0,30.0,0,0
75,7,12,11,14,Y6034010,,,,0,30.0,0,0
75,7,12,11,15,Y6034011,,,,0,30.0,0,0
75,7,12,11,16,Y6034012,,,,0,30.0,0,0
75,7,12,11,17,Y6034013,,,,0,30.0,0,0
75,7,12,11,18,Y6034014,,,,4034,30.0,0,0
75,7,12,11,19,Y6034015,,,,4602,30.0,0,0
75,7,12,11,20,Y6034016,,,,3976,30.0,0,0
75,7,12,11,21,Y6034017,,,,0,30.0,0,0
75,7,12,11,22,Y6034018,,,,0,30.0,0,0
75,7,12,11,23,Y6034019,,,,0,30.0,0,0
75,7,12,11,24,Y6034020,,,,0,30.0,0,0
75,7,12,11,25,Y6034021,,,,0,30.0,0,0
75,7,12,11,26,Y6034022,,,,0,30.0,0,0
75,7,12,11,27,Y6034023,,,,0,30.0,0,0
75,7,12,11,28,Y6034024,,,,0,30.0,0,0
75,7,12,11,29,Y6034025,,,,0,30.0,0,0
75,7,12,11,30,Y6034026,,,,0,30.0,0,0
75,7,12,12,10,Y6034027,,,,0,30.0,0,0
75,7,12,12,11,Y6034028,,,,0,30.0,0,0
75,7,12,12,12,Y6034029,,,,0,30.0,0,0
75,7,12,12,13,Y6034030,,,,0,30.0,0,0
75,7,12,12,14,Y6034031,,,,0,30.0,0,0
75,7,12,12,15,Y6034032,,,,0,30.0,0,0
75,7,12,12,16,Y6034033,,,,0,30.0,0,0
75,7,12,12,17,Y6034034,,,,0,30.0,0,0
75,7,12,12,18,Y6034035,,,,4463,30.0,0,0
75,7,12,12,19,Y6034036,,,,5017,30.0,0,0
75,7,12,12,20,Y6034037,,,,4436,30.0,0,0
75,7,12,12,21,Y6034038,,,,0,30.0,0,0
75,7,12,12,22,Y6034039,,,,0,30.0,0,0
75,7,12,12,23,Y6034040,,,,0,30.0,0,0
75,7,12,12,24,Y6034041,,,,0,30.0,0,0
75,7,12,12,25,Y6034042,,,,0,30.0,0,0
75,7,12,12,26,Y6034043,,,,0,30.0,0,0
75,7,12,12,27,Y6034044,,,,0,30.0,0,0
75,7,12,12,28,Y6034045,,,,0,30.0,0,0
75,7,12,12,29,Y6034046,,,,0,30.0,0,0
75,7,12,12,30,Y6034047,,,,0,30.0,0,0
75,7,13,1,10,Y6034048,,,,0,30.0,0,0
75,7,13,1,11,Y6034049,,,,0,30.0,0,0
75,7,13,1,12,Y6034050,,,,0,30.0,0,0
75,7,13,1,13,Y6034051,,,,0,30.0,0,0
75,7,13,1,14,Y6034052,,,,0,30.0,0,0
75,7,13,1,15,Y6034053,,,,0,30.0,0,0
75,7,13,1,16,Y6034054,,,,0,30.0,0,0
75,7,13,1,17,Y6034055,,,,0,30.0,0,0
75,7,13,1,18,Y6034056,,,,3334,30.0,0,0
75,7,13,1,19,Y6034057,,,,3878,30.0,0,0
75,7,13,1,20,Y6034058,,,,3425,30.0,0,0
75,7,13,1,21,Y6034059,,,,0,30.0,0,0
75,7,13,1,22,Y6034060,,,,0,30.0,0,0
75,7,13,1,23,Y6034061,,,,0,30.0,0,0
75,7,13,1,24,Y6034062,,,,0,30.0,0,0
75,7,13,1,25,Y6034063,,,,0,30.0,0,0
75,7,13,1,26,Y6034064,,,,0,30.0,0,0
75,7,13,1,27,Y6034065,,,,0,30.0,0,0
75,7,13,1,28,Y6034066,,,,0,30.0,0,0
75,7,13,1,29,Y6034067,,,,0,30.0,0,0
75,7,13,1,30,Y6034068,,,,0,30.0,0,0
75,7,13,2,10,Y6034069,,,,0,30.0,0,0
75,7,13,2,11,Y6034070,,,,0,30.0,0,0
75,7,13,2,12,Y6034071,,,,0,30.0,0,0
75,7,13,2,13,Y6034072,,,,0,30.0,0,0
75,7,13,2,14,Y6034073,,,,0,30.0,0,0
75,7,13,2,15,Y6034074,,,,0,30.0,0,0
75,7,13,2,16,Y6034075,,,,0,30.0,0,0
75,7,13,2,17,Y6034076,,,,0,30.0,0,0
75,7,13,2,18,Y6034077,,,,3323,30.0,0,0
75,7,13,2,19,Y6034078,,,,3861,30.0,0,0
75,7,13,2,20,Y6034079,,,,3409,30.0,0,0
75,7,13,2,21,Y6034080,,,,0,30.0,0,0
75,7,13,2,22,Y6034081,,,,0,30.0,0,0
75,7,13,2,23,Y6034082,,,,0,30.0,0,0
75,7,13,2,24,Y6034083,,,,0,30.0,0,0
75,7,13,2,25,Y6034084,,,,0,30.0,0,0
75,7,13,2,26,Y6034085,,,,0,30.0,0,0
75,7,13,2,27,Y6034086,,,,0,30.0,0,0
75,7,13,2,28,Y6034087,,,,0,30.0,0,0
75,7,13,2,29,Y6034088,,,,0,30.0,0,0
75,7,13,2,30,Y6034089,,,,0,30.0,0,0
75,7,13,3,10,Y6034090,,,,0,30.0,0,0
75,7,13,3,11,Y6034091,,,,0,30.0,0,0
75,7,13,3,12,Y6034092,,,,0,30.0,0,0
75,7,13,3,13,Y6034093,,,,0,30.0,0,0
75,7,13,3,14,Y6034094,,,,0,30.0,0,0
75,7,13,3,15,Y6034095,,,,0,30.0,0,0
75,7,13,3,16,Y6034096,,,,0,30.0,0,0
75,7,13,3,17,Y6034097,,,,0,30.0,0,0
75,7,13,3,18,Y6034098,,,,3319,30.0,0,0
75,7,13,3,19,Y6034099,,,,3855,30.0,0,0
75,7,13,3,20,Y6034100,,,,3403,30.0,0,0
75,7,13,3,21,Y6034101,,,,0,30.0,0,0
75,7,13,3,22,Y6034102,,,,0,30.0,0,0
75,7,13,3,23,Y6034103,,,,0,30.0,0,0
75,7,13,3,24,Y6034104,,,,0,30.0,0,0
75,7,13,3,25,Y6034105,,,,0,30.0,0,0
75,7,13,3,26,Y6034106,,,,0,30.0,0,0
75,7,13,3,27,Y6034107,,,,0,30.0,0,0
75,7,13,3,28,Y6034108,,,,0,30.0,0,0
75,7,13,3,29,Y6034109,,,,0,30.0,0,0
75,7,13,3,30,Y6034110,,,,0,30.0,0,0
75,7,13,4,10,Y6034111,,,,0,30.0,0,0
75,7,13,4,11,Y6034112,,,,0,30.0,0,0
75,7,13,4,12,Y6034113,,,,0,30.0,0,0
75,7,13,4,13,Y6034114,,,,0,30.0,0,0
75,7,13,4,14,Y6034115,,,,0,30.0,0,0
75,7,13,4,15,Y6034116,,,,0,30.0,0,0
75,7,13,4,16,Y6034117,,,,0,30.0,0,0
75,7,13,4,17,Y6034118,,,,0,30.0,0,0
75,7,13,4,18,Y6034119,,,,3416,30.0,0,0
75,7,13,4,19,Y6034120,,,,3938,30.0,0,0
75,7,13,4,20,Y6034121,,,,3484,30.0,0,0
75,7,13,4,21,Y6034122,,,,0,30.0,0,0
75,7,13,4,22,Y6034123,,,,0,30.0,0,0
75,7,13,4,23,Y6034124,,,,0,30.0,0,0
75,7,13,4,24,Y6034125,,,,0,30.0,0,0
75,7,13,4,25,Y6034126,,,,0,30.0,0,0
75,7,13,4,26,Y6034127,,,,0,30.0,0,0
75,7,13,4,27,Y6034128,,,,0,30.0,0,0
75,7,13,4,28,Y6034129,,,,0,30.0,0,0
75,7,13,4,29,Y6034130,,,,0,30.0,0,0
75,7,13,4,30,Y6034131,,,,0,30.0,0,0
75,7,13,5,10,Y6034132,,,,0,30.0,0,0
75,7,13,5,11,Y6034133,,,,0,30.0,0,0
75,7,13,5,12,Y6034134,,,,0,30.0,0,0
75,7,13,5,13,Y6034135,,,,0,30.0,0,0
75,7,13,5,14,Y6034136,,,,0,30.0,0,0
75,7,13,5,15,Y6034137,,,,0,30.0,0,0
75,7,13,5,16,Y6034138,,,,0,30.0,0,0
75,7,13,5,17,Y6034139,,,,0,30.0,0,0
75,7,13,5,18,Y6034140,,,,3475,30.0,0,0
75,7,13,5,19,Y6034141,,,,4035,30.0,0,0
75,7,13,5,20,Y6034142,,,,3580,30.0,0,0
75,7,13,5,21,Y6034143,,,,0,30.0,0,0
75,7,13,5,22,Y6034144,,,,0,30.0,0,0
75,7,13,5,23,Y6034145,,,,0,30.0,0,0
75,7,13,5,24,Y6034146,,,,0,30.0,0,0
75,7,13,5,25,Y6034147,,,,0,30.0,0,0
75,7,13,5,26,Y6034148,,,,0,30.0,0,0
75,7,13,5,27,Y6034149,,,,0,30.0,0,0
75,7,13,5,28,Y6034150,,,,0,30.0,0,0
75,7,13,5,29,Y6034151,,,,0,30.0,0,0
75,7,13,5,30,Y6034152,,,,0,30.0,0,0
75,7,13,6,10,Y6034153,,,,0,30.0,0,0
75,7,13,6,11,Y6034154,,,,0,30.0,0,0
75,7,13,6,12,Y6034155,,,,0,30.0,0,0
75,7,13,6,13,Y6034156,,,,0,30.0,0,0
75,7,13,6,14,Y6034157,,,,0,30.0,0,0
75,7,13,6,15,Y6034158,,,,0,30.0,0,0
75,7,13,6,16,Y6034159,,,,0,30.0,0,0
75,7,13,6,17,Y6034160,,,,0,30.0,0,0
75,7,13,6,18,Y6034161,,,,3472,30.0,0,0
75,7,13,6,19,Y6034162,,,,4032,30.0,0,0
75,7,13,6,20,Y6034163,,,,3569,30.0,0,0
75,7,13,6,21,Y6034164,,,,0,30.0,0,0
75,7,13,6,22,Y6034165,,,,0,30.0,0,0
75,7,13,6,23,Y6034166,,,,0,30.0,0,0
75,7,13,6,24,Y6034167,,,,0,30.0,0,0
75,7,13,6,25,Y6034168,,,,0,30.0,0,0
75,7,13,6,26,Y6034169,,,,0,30.0,0,0
75,7,13,6,27,Y6034170,,,,0,30.0,0,0
75,7,13,6,28,Y6034171,,,,0,30.0,0,0
75,7,13,6,29,Y6034172,,,,0,30.0,0,0
75,7,13,6,30,Y6034173,,,,0,30.0,0,0
75,7,13,7,10,Y6034174,,,,0,30.0,0,0
75,7,13,7,11,Y6034175,,,,0,30.0,0,0
75,7,13,7,12,Y6034176,,,,0,30.0,0,0
75,7,13,7,13,Y6034177,,,,0,30.0,0,0
75,7,13,7,14,Y6034178,,,,0,30.0,0,0
75,7,13,7,15,Y6034179,,,,0,30.0,0,0
75,7,13,7,16,Y6034180,,,,0,30.0,0,0
75,7,13,7,17,Y6034181,,,,0,30.0,0,0
75,7,13,7,18,Y6034182,,,,3501,30.0,0,0
75,7,13,7,19,Y6034183,,,,4073,30.0,0,0
75,7,13,7,20,Y6034184,,,,3609,30.0,0,0
75,7,13,7,21,Y6034185,,,,0,30.0,0,0
75,7,13,7,22,Y6034186,,,,0,30.0,0,0
75,7,13,7,23,Y6034187,,,,0,30.0,0,0
75,7,13,7,24,Y6034188,,,,0,30.0,0,0
75,7,13,7,25,Y6034189,,,,0,30.0,0,0
75,7,13,7,26,Y6034190,,,,0,30.0,0,0
75,7,13,7,27,Y6034191,,,,0,30.0,0,0
75,7,13,7,28,Y6034192,,,,0,30.0,0,0
75,7,13,7,29,Y6034193,,,,0,30.0,0,0
75,7,13,7,30,Y6034194,,,,0,30.0,0,0
75,7,13,8,10,Y6034195,,,,0,30.0,0,0
75,7,13,8,11,Y6034196,,,,0,30.0,0,0
75,7,13,8,12,Y6034197,,,,0,30.0,0,0
75,7,13,8,13,Y6034198,,,,0,30.0,0,0
75,7,13,8,14,Y6034199,,,,0,30.0,0,0
75,7,13,8,15,Y6034200,,,,0,30.0,0,0
75,7,13,8,16,Y6034201,,,,0,30.0,0,0
75,7,13,8,17,Y6034202,,,,0,30.0,0,0
75,7,13,8,18,Y6034203,,,,3593,30.0,0,0
75,7,13,8,19,Y6034204,,,,4103,30.0,0,0
75,7,13,8,20,Y6034205,,,,3643,30.0,0,0
75,7,13,8,21,Y6034206,,,,0,30.0,0,0
75,7,13,8,22,Y6034207,,,,0,30.0,0,0
75,7,13,8,23,Y6034208,,,,0,30.0,0,0
75,7,13,8,24,Y6034209,,,,0,30.0,0,0
75,7,13,8,25,Y6034210,,,,0,30.0,0,0
75,7,13,8,26,Y6034211,,,,0,30.0,0,0
75,7,13,8,27,Y6034212,,,,0,30.0,0,0
75,7,13,8,28,Y6034213,,,,0,30.0,0,0
75,7,13,8,29,Y6034214,,,,0,30.0,0,0
75,7,13,8,30,Y6034215,,,,0,30.0,0,0
75,7,13,9,10,Y6034216,,,,0,30.0,0,0
75,7,13,9,11,Y6034217,,,,0,30.0,0,0
75,7,13,9,12,Y6034218,,,,0,30.0,0,0
75,7,13,9,13,Y6034219,,,,0,30.0,0,0
75,7,13,9,14,Y6034220,,,,0,30.0,0,0
75,7,13,9,15,Y6034221,,,,0,30.0,0,0
75,7,13,9,16,Y6034222,,,,0,30.0,0,0
75,7,13,9,17,Y6034223,,,,0,30.0,0,0
75,7,13,9,18,Y6034224,,,,3610,30.0,0,0
75,7,13,9,19,Y6034225,,,,4145,30.0,0,0
75,7,13,9,20,Y6034226,,,,3682,30.0,0,0
75,7,13,9,21,Y6034227,,,,0,30.0,0,0
75,7,13,9,22,Y6034228,,,,0,30.0,0,0
75,7,13,9,23,Y6034229,,,,0,30.0,0,0
75,7,13,9,24,Y6034230,,,,0,30.0,0,0
75,7,13,9,25,Y6034231,,,,0,30.0,0,0
75,7,13,9,26,Y6034232,,,,0,30.0,0,0
75,7,13,9,27,Y6034233,,,,0,30.0,0,0
75,7,13,9,28,Y6034234,,,,0,30.0,0,0
75,7,13,9,29,Y6034235,,,,0,30.0,0,0
75,7,13,9,30,Y6034236,,,,0,30.0,0,0
75,7,13,10,10,Y6034237,,,,0,30.0,0,0
75,7,13,10,11,Y6034238,,,,0,30.0,0,0
75,7,13,10,12,Y6034239,,,,0,30.0,0,0
75,7,13,10,13,Y6034240,,,,0,30.0,0,0
75,7,13,10,14,Y6034241,,,,0,30.0,0,0
75,7,13,10,15,Y6034242,,,,0,30.0,0,0
75,7,13,10,16,Y6034243,,,,0,30.0,0,0
75,7,13,10,17,Y6034244,,,,0,30.0,0,0
75,7,13,10,18,Y6034245,,,,3728,30.0,0,0
75,7,13,10,19,Y6034246,,,,4342,30.0,0,0
75,7,13,10,20,Y6034247,,,,3782,30.0,0,0
75,7,13,10,21,Y6034248,,,,0,30.0,0,0
75,7,13,10,22,Y6034249,,,,0,30.0,0,0
75,7,13,10,23,Y6034250,,,,0,30.0,0,0
75,7,13,10,24,Y6034251,,,,0,30.0,0,0
75,7,13,10,25,Y6034252,,,,0,30.0,0,0
75,7,13,10,26,Y6034253,,,,0,30.0,0,0
75,7,13,10,27,Y6034254,,,,0,30.0,0,0
75,7,13,10,28,Y6034255,,,,0,30.0,0,0
75,7,13,10,29,Y6034256,,,,0,30.0,0,0
75,7,13,10,30,Y6034257,,,,0,30.0,0,0
75,7,13,11,10,Y6034258,,,,0,30.0,0,0
75,7,13,11,11,Y6034259,,,,0,30.0,0,0
75,7,13,11,12,Y6034260,,,,0,30.0,0,0
75,7,13,11,13,Y6034261,,,,0,30.0,0,0
75,7,13,11,14,Y6034262,,,,0,30.0,0,0
75,7,13,11,15,Y6034263,,,,0,30.0,0,0
75,7,13,11,16,Y6034264,,,,0,30.0,0,0
75,7,13,11,17,Y6034265,,,,0,30.0,0,0
75,7,13,11,18,Y6034266,,,,3808,30.0,0,0
75,7,13,11,19,Y6034267,,,,4407,30.0,0,0
75,7,13,11,20,Y6034268,,,,3840,30.0,0,0
75,7,13,11,21,Y6034269,,,,0,30.0,0,0
75,7,13,11,22,Y6034270,,,,0,30.0,0,0
75,7,13,11,23,Y6034271,,,,0,30.0,0,0
75,7,13,11,24,Y6034272,,,,0,30.0,0,0
75,7,13,11,25,Y6034273,,,,0,30.0,0,0
75,7,13,11,26,Y6034274,,,,0,30.0,0,0
75,7,13,11,27,Y6034275,,,,0,30.0,0,0
75,7,13,11,28,Y6034276,,,,0,30.0,0,0
75,7,13,11,29,Y6034277,,,,0,30.0,0,0
75,7,13,11,30,Y6034278,,,,0,30.0,0,0
75,7,13,12,10,Y6034279,,,,0,30.0,0,0
75,7,13,12,11,Y6034280,,,,0,30.0,0,0
75,7,13,12,12,Y6034281,,,,0,30.0,0,0
75,7,13,12,13,Y6034282,,,,0,30.0,0,0
75,7,13,12,14,Y6034283,,,,0,30.0,0,0
75,7,13,12,15,Y6034284,,,,0,30.0,0,0
75,7,13,12,16,Y6034285,,,,0,30.0,0,0
75,7,13,12,17,Y6034286,,,,0,30.0,0,0
75,7,13,12,18,Y6034287,,,,4354,30.0,0,0
75,7,13,12,19,Y6034288,,,,4938,30.0,0,0
75,7,13,12,20,Y6034289,,,,4394,30.0,0,0
75,7,13,12,21,Y6034290,,,,0,30.0,0,0
75,7,13,12,22,Y6034291,,,,0,30.0,0,0
75,7,13,12,23,Y6034292,,,,0,30.0,0,0
75,7,13,12,24,Y6034293,,,,0,30.0,0,0
75,7,13,12,25,Y6034294,,,,0,30.0,0,0
75,7,13,12,26,Y6034295,,,,0,30.0,0,0
75,7,13,12,27,Y6034296,,,,0,30.0,0,0
75,7,13,12,28,Y6034297,,,,0,30.0,0,0
75,7,13,12,29,Y6034298,,,,0,30.0,0,0
75,7,13,12,30,Y6034299,,,,0,30.0,0,0
75,7,14,1,10,Y6034300,,,,0,30.0,0,0
75,7,14,1,11,Y6034301,,,,0,30.0,0,0
75,7,14,1,12,Y6034302,,,,0,30.0,0,0
75,7,14,1,13,Y6034303,,,,0,30.0,0,0
75,7,14,1,14,Y6034304,,,,0,30.0,0,0
75,7,14,1,15,Y6034305,,,,0,30.0,0,0
75,7,14,1,16,Y6034306,,,,0,30.0,0,0
75,7,14,1,17,Y6034307,,,,0,30.0,0,0
75,7,14,1,18,Y6034308,,,,3254,30.0,0,0
75,7,14,1,19,Y6034309,,,,3798,30.0,0,0
75,7,14,1,20,Y6034310,,,,3345,30.0,0,0
75,7,14,1,21,Y6034311,,,,0,30.0,0,0
75,7,14,1,22,Y6034312,,,,0,30.0,0,0
75,7,14,1,23,Y6034313,,,,0,30.0,0,0
75,7,14,1,24,Y6034314,,,,0,30.0,0,0
75,7,14,1,25,Y6034315,,,,0,30.0,0,0
75,7,14,1,26,Y6034316,,,,0,30.0,0,0
75,7,14,1,27,Y6034317,,,,0,30.0,0,0
75,7,14,1,28,Y6034318,,,,0,30.0,0,0
75,7,14,1,29,Y6034319,,,,0,30.0,0,0
75,7,14,1,30,Y6034320,,,,0,30.0,0,0
75,7,14,2,10,Y6034321,,,,0,30.0,0,0
75,7,14,2,11,Y6034322,,,,0,30.0,0,0
75,7,14,2,12,Y6034323,,,,0,30.0,0,0
75,7,14,2,13,Y6034324,,,,0,30.0,0,0
75,7,14,2,14,Y6034325,,,,0,30.0,0,0
75,7,14,2,15,Y6034326,,,,0,30.0,0,0
75,7,14,2,16,Y6034327,,,,0,30.0,0,0
75,7,14,2,17,Y6034328,,,,0,30.0,0,0
75,7,14,2,18,Y6034329,,,,3243,30.0,0,0
75,7,14,2,19,Y6034330,,,,3781,30.0,0,0
75,7,14,2,20,Y6034331,,,,3328,30.0,0,0
75,7,14,2,21,Y6034332,,,,0,30.0,0,0
75,7,14,2,22,Y6034333,,,,0,30.0,0,0
75,7,14,2,23,Y6034334,,,,0,30.0,0,0
75,7,14,2,24,Y6034335,,,,0,30.0,0,0
75,7,14,2,25,Y6034336,,,,0,30.0,0,0
75,7,14,2,26,Y6034337,,,,0,30.0,0,0
75,7,14,2,27,Y6034338,,,,0,30.0,0,0
75,7,14,2,28,Y6034339,,,,0,30.0,0,0
75,7,14,2,29,Y6034340,,,,0,30.0,0,0
75,7,14,2,30,Y6034341,,,,0,30.0,0,0
75,7,14,3,10,Y6034342,,,,0,30.0,0,0
75,7,14,3,11,Y6034343,,,,0,30.0,0,0
75,7,14,3,12,Y6034344,,,,0,30.0,0,0
75,7,14,3,13,Y6034345,,,,0,30.0,0,0
75,7,14,3,14,Y6034346,,,,0,30.0,0,0
75,7,14,3,15,Y6034347,,,,0,30.0,0,0
75,7,14,3,16,Y6034348,,,,0,30.0,0,0
75,7,14,3,17,Y6034349,,,,0,30.0,0,0
75,7,14,3,18,Y6034350,,,,3239,30.0,0,0
75,7,14,3,19,Y6034351,,,,3775,30.0,0,0
75,7,14,3,20,Y6034352,,,,3322,30.0,0,0
75,7,14,3,21,Y6034353,,,,0,30.0,0,0
75,7,14,3,22,Y6034354,,,,0,30.0,0,0
75,7,14,3,23,Y6034355,,,,0,30.0,0,0
75,7,14,3,24,Y6034356,,,,0,30.0,0,0
75,7,14,3,25,Y6034357,,,,0,30.0,0,0
75,7,14,3,26,Y6034358,,,,0,30.0,0,0
75,7,14,3,27,Y6034359,,,,0,30.0,0,0
75,7,14,3,28,Y6034360,,,,0,30.0,0,0
75,7,14,3,29,Y6034361,,,,0,30.0,0,0
75,7,14,3,30,Y6034362,,,,0,30.0,0,0
75,7,14,4,10,Y6034363,,,,0,30.0,0,0
75,7,14,4,11,Y6034364,,,,0,30.0,0,0
75,7,14,4,12,Y6034365,,,,0,30.0,0,0
75,7,14,4,13,Y6034366,,,,0,30.0,0,0
75,7,14,4,14,Y6034367,,,,0,30.0,0,0
75,7,14,4,15,Y6034368,,,,0,30.0,0,0
75,7,14,4,16,Y6034369,,,,0,30.0,0,0
75,7,14,4,17,Y6034370,,,,0,30.0,0,0
75,7,14,4,18,Y6034371,,,,3336,30.0,0,0
75,7,14,4,19,Y6034372,,,,3858,30.0,0,0
75,7,14,4,20,Y6034373,,,,3403,30.0,0,0
75,7,14,4,21,Y6034374,,,,0,30.0,0,0
75,7,14,4,22,Y6034375,,,,0,30.0,0,0
75,7,14,4,23,Y6034376,,,,0,30.0,0,0
75,7,14,4,24,Y6034377,,,,0,30.0,0,0
75,7,14,4,25,Y6034378,,,,0,30.0,0,0
75,7,14,4,26,Y6034379,,,,0,30.0,0,0
75,7,14,4,27,Y6034380,,,,0,30.0,0,0
75,7,14,4,28,Y6034381,,,,0,30.0,0,0
75,7,14,4,29,Y6034382,,,,0,30.0,0,0
75,7,14,4,30,Y6034383,,,,0,30.0,0,0
75,7,14,5,10,Y6034384,,,,0,30.0,0,0
75,7,14,5,11,Y6034385,,,,0,30.0,0,0
75,7,14,5,12,Y6034386,,,,0,30.0,0,0
75,7,14,5,13,Y6034387,,,,0,30.0,0,0
75,7,14,5,14,Y6034388,,,,0,30.0,0,0
75,7,14,5,15,Y6034389,,,,0,30.0,0,0
75,7,14,5,16,Y6034390,,,,0,30.0,0,0
75,7,14,5,17,Y6034391,,,,0,30.0,0,0
75,7,14,5,18,Y6034392,,,,3395,30.0,0,0
75,7,14,5,19,Y6034393,,,,3955,30.0,0,0
75,7,14,5,20,Y6034394,,,,3499,30.0,0,0
75,7,14,5,21,Y6034395,,,,0,30.0,0,0
75,7,14,5,22,Y6034396,,,,0,30.0,0,0
75,7,14,5,23,Y6034397,,,,0,30.0,0,0
75,7,14,5,24,Y6034398,,,,0,30.0,0,0
75,7,14,5,25,Y6034399,,,,0,30.0,0,0
75,7,14,5,26,Y6034400,,,,0,30.0,0,0
75,7,14,5,27,Y6034401,,,,0,30.0,0,0
75,7,14,5,28,Y6034402,,,,0,30.0,0,0
75,7,14,5,29,Y6034403,,,,0,30.0,0,0
75,7,14,5,30,Y6034404,,,,0,30.0,0,0
75,7,14,6,10,Y6034405,,,,0,30.0,0,0
75,7,14,6,11,Y6034406,,,,0,30.0,0,0
75,7,14,6,12,Y6034407,,,,0,30.0,0,0
75,7,14,6,13,Y6034408,,,,0,30.0,0,0
75,7,14,6,14,Y6034409,,,,0,30.0,0,0
75,7,14,6,15,Y6034410,,,,0,30.0,0,0
75,7,14,6,16,Y6034411,,,,0,30.0,0,0
75,7,14,6,17,Y6034412,,,,0,30.0,0,0
75,7,14,6,18,Y6034413,,,,3392,30.0,0,0
75,7,14,6,19,Y6034414,,,,3952,30.0,0,0
75,7,14,6,20,Y6034415,,,,3488,30.0,0,0
75,7,14,6,21,Y6034416,,,,0,30.0,0,0
75,7,14,6,22,Y6034417,,,,0,30.0,0,0
75,7,14,6,23,Y6034418,,,,0,30.0,0,0
75,7,14,6,24,Y6034419,,,,0,30.0,0,0
75,7,14,6,25,Y6034420,,,,0,30.0,0,0
75,7,14,6,26,Y6034421,,,,0,30.0,0,0
75,7,14,6,27,Y6034422,,,,0,30.0,0,0
75,7,14,6,28,Y6034423,,,,0,30.0,0,0
75,7,14,6,29,Y6034424,,,,0,30.0,0,0
75,7,14,6,30,Y6034425,,,,0,30.0,0,0
75,7,14,7,10,Y6034426,,,,0,30.0,0,0
75,7,14,7,11,Y6034427,,,,0,30.0,0,0
75,7,14,7,12,Y6034428,,,,0,30.0,0,0
75,7,14,7,13,Y6034429,,,,0,30.0,0,0
75,7,14,7,14,Y6034430,,,,0,30.0,0,0
75,7,14,7,15,Y6034431,,,,0,30.0,0,0
75,7,14,7,16,Y6034432,,,,0,30.0,0,0
75,7,14,7,17,Y6034433,,,,0,30.0,0,0
75,7,14,7,18,Y6034434,,,,3421,30.0,0,0
75,7,14,7,19,Y6034435,,,,3993,30.0,0,0
75,7,14,7,20,Y6034436,,,,3529,30.0,0,0
75,7,14,7,21,Y6034437,,,,0,30.0,0,0
75,7,14,7,22,Y6034438,,,,0,30.0,0,0
75,7,14,7,23,Y6034439,,,,0,30.0,0,0
75,7,14,7,24,Y6034440,,,,0,30.0,0,0
75,7,14,7,25,Y6034441,,,,0,30.0,0,0
75,7,14,7,26,Y6034442,,,,0,30.0,0,0
75,7,14,7,27,Y6034443,,,,0,30.0,0,0
75,7,14,7,28,Y6034444,,,,0,30.0,0,0
75,7,14,7,29,Y6034445,,,,0,30.0,0,0
75,7,14,7,30,Y6034446,,,,0,30.0,0,0
75,7,14,8,10,Y6034447,,,,0,30.0,0,0
75,7,14,8,11,Y6034448,,,,0,30.0,0,0
75,7,14,8,12,Y6034449,,,,0,30.0,0,0
75,7,14,8,13,Y6034450,,,,0,30.0,0,0
75,7,14,8,14,Y6034451,,,,0,30.0,0,0
75,7,14,8,15,Y6034452,,,,0,30.0,0,0
75,7,14,8,16,Y6034453,,,,0,30.0,0,0
75,7,14,8,17,Y6034454,,,,0,30.0,0,0
75,7,14,8,18,Y6034455,,,,3502,30.0,0,0
75,7,14,8,19,Y6034456,,,,4013,30.0,0,0
75,7,14,8,20,Y6034457,,,,3552,30.0,0,0
75,7,14,8,21,Y6034458,,,,0,30.0,0,0
75,7,14,8,22,Y6034459,,,,0,30.0,0,0
75,7,14,8,23,Y6034460,,,,0,30.0,0,0
75,7,14,8,24,Y6034461,,,,0,30.0,0,0
75,7,14,8,25,Y6034462,,,,0,30.0,0,0
75,7,14,8,26,Y6034463,,,,0,30.0,0,0
75,7,14,8,27,Y6034464,,,,0,30.0,0,0
75,7,14,8,28,Y6034465,,,,0,30.0,0,0
75,7,14,8,29,Y6034466,,,,0,30.0,0,0
75,7,14,8,30,Y6034467,,,,0,30.0,0,0
75,7,14,9,10,Y6034468,,,,0,30.0,0,0
75,7,14,9,11,Y6034469,,,,0,30.0,0,0
75,7,14,9,12,Y6034470,,,,0,30.0,0,0
75,7,14,9,13,Y6034471,,,,0,30.0,0,0
75,7,14,9,14,Y6034472,,,,0,30.0,0,0
75,7,14,9,15,Y6034473,,,,0,30.0,0,0
75,7,14,9,16,Y6034474,,,,0,30.0,0,0
75,7,14,9,17,Y6034475,,,,0,30.0,0,0
75,7,14,9,18,Y6034476,,,,3520,30.0,0,0
75,7,14,9,19,Y6034477,,,,4055,30.0,0,0
75,7,14,9,20,Y6034478,,,,3591,30.0,0,0
75,7,14,9,21,Y6034479,,,,0,30.0,0,0
75,7,14,9,22,Y6034480,,,,0,30.0,0,0
75,7,14,9,23,Y6034481,,,,0,30.0,0,0
75,7,14,9,24,Y6034482,,,,0,30.0,0,0
75,7,14,9,25,Y6034483,,,,0,30.0,0,0
75,7,14,9,26,Y6034484,,,,0,30.0,0,0
75,7,14,9,27,Y6034485,,,,0,30.0,0,0
75,7,14,9,28,Y6034486,,,,0,30.0,0,0
75,7,14,9,29,Y6034487,,,,0,30.0,0,0
75,7,14,9,30,Y6034488,,,,0,30.0,0,0
75,7,14,10,10,Y6034489,,,,0,30.0,0,0
75,7,14,10,11,Y6034490,,,,0,30.0,0,0
75,7,14,10,12,Y6034491,,,,0,30.0,0,0
75,7,14,10,13,Y6034492,,,,0,30.0,0,0
75,7,14,10,14,Y6034493,,,,0,30.0,0,0
75,7,14,10,15,Y6034494,,,,0,30.0,0,0
75,7,14,10,16,Y6034495,,,,0,30.0,0,0
75,7,14,10,17,Y6034496,,,,0,30.0,0,0
75,7,14,10,18,Y6034497,,,,3638,30.0,0,0
75,7,14,10,19,Y6034498,,,,4252,30.0,0,0
75,7,14,10,20,Y6034499,,,,3691,30.0,0,0
75,7,14,10,21,Y6034500,,,,0,30.0,0,0
75,7,14,10,22,Y6034501,,,,0,30.0,0,0
75,7,14,10,23,Y6034502,,,,0,30.0,0,0
75,7,14,10,24,Y6034503,,,,0,30.0,0,0
75,7,14,10,25,Y6034504,,,,0,30.0,0,0
75,7,14,10,26,Y6034505,,,,0,30.0,0,0
75,7,14,10,27,Y6034506,,,,0,30.0,0,0
75,7,14,10,28,Y6034507,,,,0,30.0,0,0
75,7,14,10,29,Y6034508,,,,0,30.0,0,0
75,7,14,10,30,Y6034509,,,,0,30.0,0,0
75,7,14,11,10,Y6034510,,,,0,30.0,0,0
75,7,14,11,11,Y6034511,,,,0,30.0,0,0
75,7,14,11,12,Y6034512,,,,0,30.0,0,0
75,7,14,11,13,Y6034513,,,,0,30.0,0,0
75,7,14,11,14,Y6034514,,,,0,30.0,0,0
75,7,14,11,15,Y6034515,,,,0,30.0,0,0
75,7,14,11,16,Y6034516,,,,0,30.0,0,0
75,7,14,11,17,Y6034517,,,,0,30.0,0,0
75,7,14,11,18,Y6034518,,,,3718,30.0,0,0
75,7,14,11,19,Y6034519,,,,4317,30.0,0,0
75,7,14,11,20,Y6034520,,,,3749,30.0,0,0
75,7,14,11,21,Y6034521,,,,0,30.0,0,0
75,7,14,11,22,Y6034522,,,,0,30.0,0,0
75,7,14,11,23,Y6034523,,,,0,30.0,0,0
75,7,14,11,24,Y6034524,,,,0,30.0,0,0
75,7,14,11,25,Y6034525,,,,0,30.0,0,0
75,7,14,11,26,Y6034526,,,,0,30.0,0,0
75,7,14,11,27,Y6034527,,,,0,30.0,0,0
75,7,14,11,28,Y6034528,,,,0,30.0,0,0
75,7,14,11,29,Y6034529,,,,0,30.0,0,0
75,7,14,11,30,Y6034530,,,,0,30.0,0,0
75,7,14,12,10,Y6034531,,,,0,30.0,0,0
75,7,14,12,11,Y6034532,,,,0,30.0,0,0
75,7,14,12,12,Y6034533,,,,0,30.0,0,0
75,7,14,12,13,Y6034534,,,,0,30.0,0,0
75,7,14,12,14,Y6034535,,,,0,30.0,0,0
75,7,14,12,15,Y6034536,,,,0,30.0,0,0
75,7,14,12,16,Y6034537,,,,0,30.0,0,0
75,7,14,12,17,Y6034538,,,,0,30.0,0,0
75,7,14,12,18,Y6034539,,,,4235,30.0,0,0
75,7,14,12,19,Y6034540,,,,4819,30.0,0,0
75,7,14,12,20,Y6034541,,,,4275,30.0,0,0
75,7,14,12,21,Y6034542,,,,0,30.0,0,0
75,7,14,12,22,Y6034543,,,,0,30.0,0,0
75,7,14,12,23,Y6034544,,,,0,30.0,0,0
75,7,14,12,24,Y6034545,,,,0,30.0,0,0
75,7,14,12,25,Y6034546,,,,0,30.0,0,0
75,7,14,12,26,Y6034547,,,,0,30.0,0,0
75,7,14,12,27,Y6034548,,,,0,30.0,0,0
75,7,14,12,28,Y6034549,,,,0,30.0,0,0
75,7,14,12,29,Y6034550,,,,0,30.0,0,0
75,7,14,12,30,Y6034551,,,,0,30.0,0,0
75,7,15,1,10,Y6034552,,,,0,30.0,0,0
75,7,15,1,11,Y6034553,,,,0,30.0,0,0
75,7,15,1,12,Y6034554,,,,0,30.0,0,0
75,7,15,1,13,Y6034555,,,,0,30.0,0,0
75,7,15,1,14,Y6034556,,,,0,30.0,0,0
75,7,15,1,15,Y6034557,,,,0,30.0,0,0
75,7,15,1,16,Y6034558,,,,0,30.0,0,0
75,7,15,1,17,Y6034559,,,,0,30.0,0,0
75,7,15,1,18,Y6034560,,,,3403,30.0,0,0
75,7,15,1,19,Y6034561,,,,3810,30.0,0,0
75,7,15,1,20,Y6034562,,,,3344,30.0,0,0
75,7,15,1,21,Y6034563,,,,0,30.0,0,0
75,7,15,1,22,Y6034564,,,,0,30.0,0,0
75,7,15,1,23,Y6034565,,,,0,30.0,0,0
75,7,15,1,24,Y6034566,,,,0,30.0,0,0
75,7,15,1,25,Y6034567,,,,0,30.0,0,0
75,7,15,1,26,Y6034568,,,,0,30.0,0,0
75,7,15,1,27,Y6034569,,,,0,30.0,0,0
75,7,15,1,28,Y6034570,,,,0,30.0,0,0
75,7,15,1,29,Y6034571,,,,0,30.0,0,0
75,7,15,1,30,Y6034572,,,,0,30.0,0,0
75,7,15,2,10,Y6034573,,,,0,30.0,0,0
75,7,15,2,11,Y6034574,,,,0,30.0,0,0
75,7,15,2,12,Y6034575,,,,0,30.0,0,0
75,7,15,2,13,Y6034576,,,,0,30.0,0,0
75,7,15,2,14,Y6034577,,,,0,30.0,0,0
75,7,15,2,15,Y6034578,,,,0,30.0,0,0
75,7,15,2,16,Y6034579,,,,0,30.0,0,0
75,7,15,2,17,Y6034580,,,,0,30.0,0,0
75,7,15,2,18,Y6034581,,,,3393,30.0,0,0
75,7,15,2,19,Y6034582,,,,3794,30.0,0,0
75,7,15,2,20,Y6034583,,,,3327,30.0,0,0
75,7,15,2,21,Y6034584,,,,0,30.0,0,0
75,7,15,2,22,Y6034585,,,,0,30.0,0,0
75,7,15,2,23,Y6034586,,,,0,30.0,0,0
75,7,15,2,24,Y6034587,,,,0,30.0,0,0
75,7,15,2,25,Y6034588,,,,0,30.0,0,0
75,7,15,2,26,Y6034589,,,,0,30.0,0,0
75,7,15,2,27,Y6034590,,,,0,30.0,0,0
75,7,15,2,28,Y6034591,,,,0,30.0,0,0
75,7,15,2,29,Y6034592,,,,0,30.0,0,0
75,7,15,2,30,Y6034593,,,,0,30.0,0,0
75,7,15,3,10,Y6034594,,,,0,30.0,0,0
75,7,15,3,11,Y6034595,,,,0,30.0,0,0
75,7,15,3,12,Y6034596,,,,0,30.0,0,0
75,7,15,3,13,Y6034597,,,,0,30.0,0,0
75,7,15,3,14,Y6034598,,,,0,30.0,0,0
75,7,15,3,15,Y6034599,,,,0,30.0,0,0
75,7,15,3,16,Y6034600,,,,0,30.0,0,0
75,7,15,3,17,Y6034601,,,,0,30.0,0,0
75,7,15,3,18,Y6034602,,,,3388,30.0,0,0
75,7,15,3,19,Y6034603,,,,3787,30.0,0,0
75,7,15,3,20,Y6034604,,,,3321,30.0,0,0
75,7,15,3,21,Y6034605,,,,0,30.0,0,0
75,7,15,3,22,Y6034606,,,,0,30.0,0,0
75,7,15,3,23,Y6034607,,,,0,30.0,0,0
75,7,15,3,24,Y6034608,,,,0,30.0,0,0
75,7,15,3,25,Y6034609,,,,0,30.0,0,0
75,7,15,3,26,Y6034610,,,,0,30.0,0,0
75,7,15,3,27,Y6034611,,,,0,30.0,0,0
75,7,15,3,28,Y6034612,,,,0,30.0,0,0
75,7,15,3,29,Y6034613,,,,0,30.0,0,0
75,7,15,3,30,Y6034614,,,,0,30.0,0,0
75,7,15,4,10,Y6034615,,,,0,30.0,0,0
75,7,15,4,11,Y6034616,,,,0,30.0,0,0
75,7,15,4,12,Y6034617,,,,0,30.0,0,0
75,7,15,4,13,Y6034618,,,,0,30.0,0,0
75,7,15,4,14,Y6034619,,,,0,30.0,0,0
75,7,15,4,15,Y6034620,,,,0,30.0,0,0
75,7,15,4,16,Y6034621,,,,0,30.0,0,0
75,7,15,4,17,Y6034622,,,,0,30.0,0,0
75,7,15,4,18,Y6034623,,,,3486,30.0,0,0
75,7,15,4,19,Y6034624,,,,3870,30.0,0,0
75,7,15,4,20,Y6034625,,,,3402,30.0,0,0
75,7,15,4,21,Y6034626,,,,0,30.0,0,0
75,7,15,4,22,Y6034627,,,,0,30.0,0,0
75,7,15,4,23,Y6034628,,,,0,30.0,0,0
75,7,15,4,24,Y6034629,,,,0,30.0,0,0
75,7,15,4,25,Y6034630,,,,0,30.0,0,0
75,7,15,4,26,Y6034631,,,,0,30.0,0,0
75,7,15,4,27,Y6034632,,,,0,30.0,0,0
75,7,15,4,28,Y6034633,,,,0,30.0,0,0
75,7,15,4,29,Y6034634,,,,0,30.0,0,0
75,7,15,4,30,Y6034635,,,,0,30.0,0,0
75,7,15,5,10,Y6034636,,,,0,30.0,0,0
75,7,15,5,11,Y6034637,,,,0,30.0,0,0
75,7,15,5,12,Y6034638,,,,0,30.0,0,0
75,7,15,5,13,Y6034639,,,,0,30.0,0,0
75,7,15,5,14,Y6034640,,,,0,30.0,0,0
75,7,15,5,15,Y6034641,,,,0,30.0,0,0
75,7,15,5,16,Y6034642,,,,0,30.0,0,0
75,7,15,5,17,Y6034643,,,,0,30.0,0,0
75,7,15,5,18,Y6034644,,,,3544,30.0,0,0
75,7,15,5,19,Y6034645,,,,3967,30.0,0,0
75,7,15,5,20,Y6034646,,,,3498,30.0,0,0
75,7,15,5,21,Y6034647,,,,0,30.0,0,0
75,7,15,5,22,Y6034648,,,,0,30.0,0,0
75,7,15,5,23,Y6034649,,,,0,30.0,0,0
75,7,15,5,24,Y6034650,,,,0,30.0,0,0
75,7,15,5,25,Y6034651,,,,0,30.0,0,0
75,7,15,5,26,Y6034652,,,,0,30.0,0,0
75,7,15,5,27,Y6034653,,,,0,30.0,0,0
75,7,15,5,28,Y6034654,,,,0,30.0,0,0
75,7,15,5,29,Y6034655,,,,0,30.0,0,0
75,7,15,5,30,Y6034656,,,,0,30.0,0,0
75,7,15,6,10,Y6034657,,,,0,30.0,0,0
75,7,15,6,11,Y6034658,,,,0,30.0,0,0
75,7,15,6,12,Y6034659,,,,0,30.0,0,0
75,7,15,6,13,Y6034660,,,,0,30.0,0,0
75,7,15,6,14,Y6034661,,,,0,30.0,0,0
75,7,15,6,15,Y6034662,,,,0,30.0,0,0
75,7,15,6,16,Y6034663,,,,0,30.0,0,0
75,7,15,6,17,Y6034664,,,,0,30.0,0,0
75,7,15,6,18,Y6034665,,,,3541,30.0,0,0
75,7,15,6,19,Y6034666,,,,3964,30.0,0,0
75,7,15,6,20,Y6034667,,,,3488,30.0,0,0
75,7,15,6,21,Y6034668,,,,0,30.0,0,0
75,7,15,6,22,Y6034669,,,,0,30.0,0,0
75,7,15,6,23,Y6034670,,,,0,30.0,0,0
75,7,15,6,24,Y6034671,,,,0,30.0,0,0
75,7,15,6,25,Y6034672,,,,0,30.0,0,0
75,7,15,6,26,Y6034673,,,,0,30.0,0,0
75,7,15,6,27,Y6034674,,,,0,30.0,0,0
75,7,15,6,28,Y6034675,,,,0,30.0,0,0
75,7,15,6,29,Y6034676,,,,0,30.0,0,0
75,7,15,6,30,Y6034677,,,,0,30.0,0,0
75,7,15,7,10,Y6034678,,,,0,30.0,0,0
75,7,15,7,11,Y6034679,,,,0,30.0,0,0
75,7,15,7,12,Y6034680,,,,0,30.0,0,0
75,7,15,7,13,Y6034681,,,,0,30.0,0,0
75,7,15,7,14,Y6034682,,,,0,30.0,0,0
75,7,15,7,15,Y6034683,,,,0,30.0,0,0
75,7,15,7,16,Y6034684,,,,0,30.0,0,0
75,7,15,7,17,Y6034685,,,,0,30.0,0,0
75,7,15,7,18,Y6034686,,,,3570,30.0,0,0
75,7,15,7,19,Y6034687,,,,4005,30.0,0,0
75,7,15,7,20,Y6034688,,,,3528,30.0,0,0
75,7,15,7,21,Y6034689,,,,0,30.0,0,0
75,7,15,7,22,Y6034690,,,,0,30.0,0,0
75,7,15,7,23,Y6034691,,,,0,30.0,0,0
75,7,15,7,24,Y6034692,,,,0,30.0,0,0
75,7,15,7,25,Y6034693,,,,0,30.0,0,0
75,7,15,7,26,Y6034694,,,,0,30.0,0,0
75,7,15,7,27,Y6034695,,,,0,30.0,0,0
75,7,15,7,28,Y6034696,,,,0,30.0,0,0
75,7,15,7,29,Y6034697,,,,0,30.0,0,0
75,7,15,7,30,Y6034698,,,,0,30.0,0,0
75,7,15,8,10,Y6034699,,,,0,30.0,0,0
75,7,15,8,11,Y6034700,,,,0,30.0,0,0
75,7,15,8,12,Y6034701,,,,0,30.0,0,0
75,7,15,8,13,Y6034702,,,,0,30.0,0,0
75,7,15,8,14,Y6034703,,,,0,30.0,0,0
75,7,15,8,15,Y6034704,,,,0,30.0,0,0
75,7,15,8,16,Y6034705,,,,0,30.0,0,0
75,7,15,8,17,Y6034706,,,,0,30.0,0,0
75,7,15,8,18,Y6034707,,,,3665,30.0,0,0
75,7,15,8,19,Y6034708,,,,4038,30.0,0,0
75,7,15,8,20,Y6034709,,,,3564,30.0,0,0
75,7,15,8,21,Y6034710,,,,0,30.0,0,0
75,7,15,8,22,Y6034711,,,,0,30.0,0,0
75,7,15,8,23,Y6034712,,,,0,30.0,0,0
75,7,15,8,24,Y6034713,,,,0,30.0,0,0
75,7,15,8,25,Y6034714,,,,0,30.0,0,0
75,7,15,8,26,Y6034715,,,,0,30.0,0,0
75,7,15,8,27,Y6034716,,,,0,30.0,0,0
75,7,15,8,28,Y6034717,,,,0,30.0,0,0
75,7,15,8,29,Y6034718,,,,0,30.0,0,0
75,7,15,8,30,Y6034719,,,,0,30.0,0,0
75,7,15,9,10,Y6034720,,,,0,30.0,0,0
75,7,15,9,11,Y6034721,,,,0,30.0,0,0
75,7,15,9,12,Y6034722,,,,0,30.0,0,0
75,7,15,9,13,Y6034723,,,,0,30.0,0,0
75,7,15,9,14,Y6034724,,,,0,30.0,0,0
75,7,15,9,15,Y6034725,,,,0,30.0,0,0
75,7,15,9,16,Y6034726,,,,0,30.0,0,0
75,7,15,9,17,Y6034727,,,,0,30.0,0,0
75,7,15,9,18,Y6034728,,,,3700,30.0,0,0
75,7,15,9,19,Y6034729,,,,4087,30.0,0,0
75,7,15,9,20,Y6034730,,,,3610,30.0,0,0
75,7,15,9,21,Y6034731,,,,0,30.0,0,0
75,7,15,9,22,Y6034732,,,,0,30.0,0,0
75,7,15,9,23,Y6034733,,,,0,30.0,0,0
75,7,15,9,24,Y6034734,,,,0,30.0,0,0
75,7,15,9,25,Y6034735,,,,0,30.0,0,0
75,7,15,9,26,Y6034736,,,,0,30.0,0,0
75,7,15,9,27,Y6034737,,,,0,30.0,0,0
75,7,15,9,28,Y6034738,,,,0,30.0,0,0
75,7,15,9,29,Y6034739,,,,0,30.0,0,0
75,7,15,9,30,Y6034740,,,,0,30.0,0,0
75,7,15,10,10,Y6034741,,,,0,30.0,0,0
75,7,15,10,11,Y6034742,,,,0,30.0,0,0
75,7,15,10,12,Y6034743,,,,0,30.0,0,0
75,7,15,10,13,Y6034744,,,,0,30.0,0,0
75,7,15,10,14,Y6034745,,,,0,30.0,0,0
75,7,15,10,15,Y6034746,,,,0,30.0,0,0
75,7,15,10,16,Y6034747,,,,0,30.0,0,0
75,7,15,10,17,Y6034748,,,,0,30.0,0,0
75,7,15,10,18,Y6034749,,,,3831,30.0,0,0
75,7,15,10,19,Y6034750,,,,4284,30.0,0,0
75,7,15,10,20,Y6034751,,,,3710,30.0,0,0
75,7,15,10,21,Y6034752,,,,0,30.0,0,0
75,7,15,10,22,Y6034753,,,,0,30.0,0,0
75,7,15,10,23,Y6034754,,,,0,30.0,0,0
75,7,15,10,24,Y6034755,,,,0,30.0,0,0
75,7,15,10,25,Y6034756,,,,0,30.0,0,0
75,7,15,10,26,Y6034757,,,,0,30.0,0,0
75,7,15,10,27,Y6034758,,,,0,30.0,0,0
75,7,15,10,28,Y6034759,,,,0,30.0,0,0
75,7,15,10,29,Y6034760,,,,0,30.0,0,0
75,7,15,10,30,Y6034761,,,,0,30.0,0,0
75,7,15,11,10,Y6034762,,,,0,30.0,0,0
75,7,15,11,11,Y6034763,,,,0,30.0,0,0
75,7,15,11,12,Y6034764,,,,0,30.0,0,0
75,7,15,11,13,Y6034765,,,,0,30.0,0,0
75,7,15,11,14,Y6034766,,,,0,30.0,0,0
75,7,15,11,15,Y6034767,,,,0,30.0,0,0
75,7,15,11,16,Y6034768,,,,0,30.0,0,0
75,7,15,11,17,Y6034769,,,,0,30.0,0,0
75,7,15,11,18,Y6034770,,,,3923,30.0,0,0
75,7,15,11,19,Y6034771,,,,4349,30.0,0,0
75,7,15,11,20,Y6034772,,,,3769,30.0,0,0
75,7,15,11,21,Y6034773,,,,0,30.0,0,0
75,7,15,11,22,Y6034774,,,,0,30.0,0,0
75,7,15,11,23,Y6034775,,,,0,30.0,0,0
75,7,15,11,24,Y6034776,,,,0,30.0,0,0
75,7,15,11,25,Y6034777,,,,0,30.0,0,0
75,7,15,11,26,Y6034778,,,,0,30.0,0,0
75,7,15,11,27,Y6034779,,,,0,30.0,0,0
75,7,15,11,28,Y6034780,,,,0,30.0,0,0
75,7,15,11,29,Y6034781,,,,0,30.0,0,0
75,7,15,11,30,Y6034782,,,,0,30.0,0,0
75,7,15,12,10,Y6034783,,,,0,30.0,0,0
75,7,15,12,11,Y6034784,,,,0,30.0,0,0
75,7,15,12,12,Y6034785,,,,0,30.0,0,0
75,7,15,12,13,Y6034786,,,,0,30.0,0,0
75,7,15,12,14,Y6034787,,,,0,30.0,0,0
75,7,15,12,15,Y6034788,,,,0,30.0,0,0
75,7,15,12,16,Y6034789,,,,0,30.0,0,0
75,7,15,12,17,Y6034790,,,,0,30.0,0,0
75,7,15,12,18,Y6034791,,,,4403,30.0,0,0
75,7,15,12,19,Y6034792,,,,4839,30.0,0,0
75,7,15,12,20,Y6034793,,,,4282,30.0,0,0
75,7,15,12,21,Y6034794,,,,0,30.0,0,0
75,7,15,12,22,Y6034795,,,,0,30.0,0,0
75,7,15,12,23,Y6034796,,,,0,30.0,0,0
75,7,15,12,24,Y6034797,,,,0,30.0,0,0
75,7,15,12,25,Y6034798,,,,0,30.0,0,0
75,7,15,12,26,Y6034799,,,,0,30.0,0,0
75,7,15,12,27,Y6034800,,,,0,30.0,0,0
75,7,15,12,28,Y6034801,,,,0,30.0,0,0
75,7,15,12,29,Y6034802,,,,0,30.0,0,0
75,7,15,12,30,Y6034803,,,,0,30.0,0,0
75,7,16,1,10,Y6034804,,,,0,30.0,0,0
75,7,16,1,11,Y6034805,,,,0,30.0,0,0
75,7,16,1,12,Y6034806,,,,0,30.0,0,0
75,7,16,1,13,Y6034807,,,,0,30.0,0,0
75,7,16,1,14,Y6034808,,,,0,30.0,0,0
75,7,16,1,15,Y6034809,,,,0,30.0,0,0
75,7,16,1,16,Y6034810,,,,0,30.0,0,0
75,7,16,1,17,Y6034811,,,,0,30.0,0,0
75,7,16,1,18,Y6034812,,,,3403,30.0,0,0
75,7,16,1,19,Y6034813,,,,3788,30.0,0,0
75,7,16,1,20,Y6034814,,,,3322,30.0,0,0
75,7,16,1,21,Y6034815,,,,0,30.0,0,0
75,7,16,1,22,Y6034816,,,,0,30.0,0,0
75,7,16,1,23,Y6034817,,,,0,30.0,0,0
75,7,16,1,24,Y6034818,,,,0,30.0,0,0
75,7,16,1,25,Y6034819,,,,0,30.0,0,0
75,7,16,1,26,Y6034820,,,,0,30.0,0,0
75,7,16,1,27,Y6034821,,,,0,30.0,0,0
75,7,16,1,28,Y6034822,,,,0,30.0,0,0
75,7,16,1,29,Y6034823,,,,0,30.0,0,0
75,7,16,1,30,Y6034824,,,,0,30.0,0,0
75,7,16,2,10,Y6034825,,,,0,30.0,0,0
75,7,16,2,11,Y6034826,,,,0,30.0,0,0
75,7,16,2,12,Y6034827,,,,0,30.0,0,0
75,7,16,2,13,Y6034828,,,,0,30.0,0,0
75,7,16,2,14,Y6034829,,,,0,30.0,0,0
75,7,16,2,15,Y6034830,,,,0,30.0,0,0
75,7,16,2,16,Y6034831,,,,0,30.0,0,0
75,7,16,2,17,Y6034832,,,,0,30.0,0,0
75,7,16,2,18,Y6034833,,,,3393,30.0,0,0
75,7,16,2,19,Y6034834,,,,3771,30.0,0,0
75,7,16,2,20,Y6034835,,,,3305,30.0,0,0
75,7,16,2,21,Y6034836,,,,0,30.0,0,0
75,7,16,2,22,Y6034837,,,,0,30.0,0,0
75,7,16,2,23,Y6034838,,,,0,30.0,0,0
75,7,16,2,24,Y6034839,,,,0,30.0,0,0
75,7,16,2,25,Y6034840,,,,0,30.0,0,0
75,7,16,2,26,Y6034841,,,,0,30.0,0,0
75,7,16,2,27,Y6034842,,,,0,30.0,0,0
75,7,16,2,28,Y6034843,,,,0,30.0,0,0
75,7,16,2,29,Y6034844,,,,0,30.0,0,0
75,7,16,2,30,Y6034845,,,,0,30.0,0,0
75,7,16,3,10,Y6034846,,,,0,30.0,0,0
75,7,16,3,11,Y6034847,,,,0,30.0,0,0
75,7,16,3,12,Y6034848,,,,0,30.0,0,0
75,7,16,3,13,Y6034849,,,,0,30.0,0,0
75,7,16,3,14,Y6034850,,,,0,30.0,0,0
75,7,16,3,15,Y6034851,,,,0,30.0,0,0
75,7,16,3,16,Y6034852,,,,0,30.0,0,0
75,7,16,3,17,Y6034853,,,,0,30.0,0,0
75,7,16,3,18,Y6034854,,,,3388,30.0,0,0
75,7,16,3,19,Y6034855,,,,3765,30.0,0,0
75,7,16,3,20,Y6034856,,,,3299,30.0,0,0
75,7,16,3,21,Y6034857,,,,0,30.0,0,0
75,7,16,3,22,Y6034858,,,,0,30.0,0,0
75,7,16,3,23,Y6034859,,,,0,30.0,0,0
75,7,16,3,24,Y6034860,,,,0,30.0,0,0
75,7,16,3,25,Y6034861,,,,0,30.0,0,0
75,7,16,3,26,Y6034862,,,,0,30.0,0,0
75,7,16,3,27,Y6034863,,,,0,30.0,0,0
75,7,16,3,28,Y6034864,,,,0,30.0,0,0
75,7,16,3,29,Y6034865,,,,0,30.0,0,0
75,7,16,3,30,Y6034866,,,,0,30.0,0,0
75,7,16,4,10,Y6034867,,,,0,30.0,0,0
75,7,16,4,11,Y6034868,,,,0,30.0,0,0
75,7,16,4,12,Y6034869,,,,0,30.0,0,0
75,7,16,4,13,Y6034870,,,,0,30.0,0,0
75,7,16,4,14,Y6034871,,,,0,30.0,0,0
75,7,16,4,15,Y6034872,,,,0,30.0,0,0
75,7,16,4,16,Y6034873,,,,0,30.0,0,0
75,7,16,4,17,Y6034874,,,,0,30.0,0,0
75,7,16,4,18,Y6034875,,,,3486,30.0,0,0
75,7,16,4,19,Y6034876,,,,3847,30.0,0,0
75,7,16,4,20,Y6034877,,,,3380,30.0,0,0
75,7,16,4,21,Y6034878,,,,0,30.0,0,0
75,7,16,4,22,Y6034879,,,,0,30.0,0,0
75,7,16,4,23,Y6034880,,,,0,30.0,0,0
75,7,16,4,24,Y6034881,,,,0,30.0,0,0
75,7,16,4,25,Y6034882,,,,0,30.0,0,0
75,7,16,4,26,Y6034883,,,,0,30.0,0,0
75,7,16,4,27,Y6034884,,,,0,30.0,0,0
75,7,16,4,28,Y6034885,,,,0,30.0,0,0
75,7,16,4,29,Y6034886,,,,0,30.0,0,0
75,7,16,4,30,Y6034887,,,,0,30.0,0,0
75,7,16,5,10,Y6034888,,,,0,30.0,0,0
75,7,16,5,11,Y6034889,,,,0,30.0,0,0
75,7,16,5,12,Y6034890,,,,0,30.0,0,0
75,7,16,5,13,Y6034891,,,,0,30.0,0,0
75,7,16,5,14,Y6034892,,,,0,30.0,0,0
75,7,16,5,15,Y6034893,,,,0,30.0,0,0
75,7,16,5,16,Y6034894,,,,0,30.0,0,0
75,7,16,5,17,Y6034895,,,,0,30.0,0,0
75,7,16,5,18,Y6034896,,,,3544,30.0,0,0
75,7,16,5,19,Y6034897,,,,3945,30.0,0,0
75,7,16,5,20,Y6034898,,,,3476,30.0,0,0
75,7,16,5,21,Y6034899,,,,0,30.0,0,0
75,7,16,5,22,Y6034900,,,,0,30.0,0,0
75,7,16,5,23,Y6034901,,,,0,30.0,0,0
75,7,16,5,24,Y6034902,,,,0,30.0,0,0
75,7,16,5,25,Y6034903,,,,0,30.0,0,0
75,7,16,5,26,Y6034904,,,,0,30.0,0,0
75,7,16,5,27,Y6034905,,,,0,30.0,0,0
75,7,16,5,28,Y6034906,,,,0,30.0,0,0
75,7,16,5,29,Y6034907,,,,0,30.0,0,0
75,7,16,5,30,Y6034908,,,,0,30.0,0,0
75,7,16,6,10,Y6034909,,,,0,30.0,0,0
75,7,16,6,11,Y6034910,,,,0,30.0,0,0
75,7,16,6,12,Y6034911,,,,0,30.0,0,0
75,7,16,6,13,Y6034912,,,,0,30.0,0,0
75,7,16,6,14,Y6034913,,,,0,30.0,0,0
75,7,16,6,15,Y6034914,,,,0,30.0,0,0
75,7,16,6,16,Y6034915,,,,0,30.0,0,0
75,7,16,6,17,Y6034916,,,,0,30.0,0,0
75,7,16,6,18,Y6034917,,,,3541,30.0,0,0
75,7,16,6,19,Y6034918,,,,3942,30.0,0,0
75,7,16,6,20,Y6034919,,,,3465,30.0,0,0
75,7,16,6,21,Y6034920,,,,0,30.0,0,0
75,7,16,6,22,Y6034921,,,,0,30.0,0,0
75,7,16,6,23,Y6034922,,,,0,30.0,0,0
75,7,16,6,24,Y6034923,,,,0,30.0,0,0
75,7,16,6,25,Y6034924,,,,0,30.0,0,0
75,7,16,6,26,Y6034925,,,,0,30.0,0,0
75,7,16,6,27,Y6034926,,,,0,30.0,0,0
75,7,16,6,28,Y6034927,,,,0,30.0,0,0
75,7,16,6,29,Y6034928,,,,0,30.0,0,0
75,7,16,6,30,Y6034929,,,,0,30.0,0,0
75,7,16,7,10,Y6034930,,,,0,30.0,0,0
75,7,16,7,11,Y6034931,,,,0,30.0,0,0
75,7,16,7,12,Y6034932,,,,0,30.0,0,0
75,7,16,7,13,Y6034933,,,,0,30.0,0,0
75,7,16,7,14,Y6034934,,,,0,30.0,0,0
75,7,16,7,15,Y6034935,,,,0,30.0,0,0
75,7,16,7,16,Y6034936,,,,0,30.0,0,0
75,7,16,7,17,Y6034937,,,,0,30.0,0,0
75,7,16,7,18,Y6034938,,,,3570,30.0,0,0
75,7,16,7,19,Y6034939,,,,3983,30.0,0,0
75,7,16,7,20,Y6034940,,,,3506,30.0,0,0
75,7,16,7,21,Y6034941,,,,0,30.0,0,0
75,7,16,7,22,Y6034942,,,,0,30.0,0,0
75,7,16,7,23,Y6034943,,,,0,30.0,0,0
75,7,16,7,24,Y6034944,,,,0,30.0,0,0
75,7,16,7,25,Y6034945,,,,0,30.0,0,0
75,7,16,7,26,Y6034946,,,,0,30.0,0,0
75,7,16,7,27,Y6034947,,,,0,30.0,0,0
75,7,16,7,28,Y6034948,,,,0,30.0,0,0
75,7,16,7,29,Y6034949,,,,0,30.0,0,0
75,7,16,7,30,Y6034950,,,,0,30.0,0,0
75,7,16,8,10,Y6034951,,,,0,30.0,0,0
75,7,16,8,11,Y6034952,,,,0,30.0,0,0
75,7,16,8,12,Y6034953,,,,0,30.0,0,0
75,7,16,8,13,Y6034954,,,,0,30.0,0,0
75,7,16,8,14,Y6034955,,,,0,30.0,0,0
75,7,16,8,15,Y6034956,,,,0,30.0,0,0
75,7,16,8,16,Y6034957,,,,0,30.0,0,0
75,7,16,8,17,Y6034958,,,,0,30.0,0,0
75,7,16,8,18,Y6034959,,,,3665,30.0,0,0
75,7,16,8,19,Y6034960,,,,4015,30.0,0,0
75,7,16,8,20,Y6034961,,,,3541,30.0,0,0
75,7,16,8,21,Y6034962,,,,0,30.0,0,0
75,7,16,8,22,Y6034963,,,,0,30.0,0,0
75,7,16,8,23,Y6034964,,,,0,30.0,0,0
75,7,16,8,24,Y6034965,,,,0,30.0,0,0
75,7,16,8,25,Y6034966,,,,0,30.0,0,0
75,7,16,8,26,Y6034967,,,,0,30.0,0,0
75,7,16,8,27,Y6034968,,,,0,30.0,0,0
75,7,16,8,28,Y6034969,,,,0,30.0,0,0
75,7,16,8,29,Y6034970,,,,0,30.0,0,0
75,7,16,8,30,Y6034971,,,,0,30.0,0,0
75,7,16,9,10,Y6034972,,,,0,30.0,0,0
75,7,16,9,11,Y6034973,,,,0,30.0,0,0
75,7,16,9,12,Y6034974,,,,0,30.0,0,0
75,7,16,9,13,Y6034975,,,,0,30.0,0,0
75,7,16,9,14,Y6034976,,,,0,30.0,0,0
75,7,16,9,15,Y6034977,,,,0,30.0,0,0
75,7,16,9,16,Y6034978,,,,0,30.0,0,0
75,7,16,9,17,Y6034979,,,,0,30.0,0,0
75,7,16,9,18,Y6034980,,,,3700,30.0,0,0
75,7,16,9,19,Y6034981,,,,4064,30.0,0,0
75,7,16,9,20,Y6034982,,,,3588,30.0,0,0
75,7,16,9,21,Y6034983,,,,0,30.0,0,0
75,7,16,9,22,Y6034984,,,,0,30.0,0,0
75,7,16,9,23,Y6034985,,,,0,30.0,0,0
75,7,16,9,24,Y6034986,,,,0,30.0,0,0
75,7,16,9,25,Y6034987,,,,0,30.0,0,0
75,7,16,9,26,Y6034988,,,,0,30.0,0,0
75,7,16,9,27,Y6034989,,,,0,30.0,0,0
75,7,16,9,28,Y6034990,,,,0,30.0,0,0
75,7,16,9,29,Y6034991,,,,0,30.0,0,0
75,7,16,9,30,Y6034992,,,,0,30.0,0,0
75,7,16,10,10,Y6034993,,,,0,30.0,0,0
75,7,16,10,11,Y6034994,,,,0,30.0,0,0
75,7,16,10,12,Y6034995,,,,0,30.0,0,0
75,7,16,10,13,Y6034996,,,,0,30.0,0,0
75,7,16,10,14,Y6034997,,,,0,30.0,0,0
75,7,16,10,15,Y6034998,,,,0,30.0,0,0
75,7,16,10,16,Y6034999,,,,0,30.0,0,0
75,7,16,10,17,Y6035000,,,,0,30.0,0,0
75,7,16,10,18,Y6035001,,,,3831,30.0,0,0
75,7,16,10,19,Y6035002,,,,4262,30.0,0,0
75,7,16,10,20,Y6035003,,,,3688,30.0,0,0
75,7,16,10,21,Y6035004,,,,0,30.0,0,0
75,7,16,10,22,Y6035005,,,,0,30.0,0,0
75,7,16,10,23,Y6035006,,,,0,30.0,0,0
75,7,16,10,24,Y6035007,,,,0,30.0,0,0
75,7,16,10,25,Y6035008,,,,0,30.0,0,0
75,7,16,10,26,Y6035009,,,,0,30.0,0,0
75,7,16,10,27,Y6035010,,,,0,30.0,0,0
75,7,16,10,28,Y6035011,,,,0,30.0,0,0
75,7,16,10,29,Y6035012,,,,0,30.0,0,0
75,7,16,10,30,Y6035013,,,,0,30.0,0,0
75,7,16,11,10,Y6035014,,,,0,30.0,0,0
75,7,16,11,11,Y6035015,,,,0,30.0,0,0
75,7,16,11,12,Y6035016,,,,0,30.0,0,0
75,7,16,11,13,Y6035017,,,,0,30.0,0,0
75,7,16,11,14,Y6035018,,,,0,30.0,0,0
75,7,16,11,15,Y6035019,,,,0,30.0,0,0
75,7,16,11,16,Y6035020,,,,0,30.0,0,0
75,7,16,11,17,Y6035021,,,,0,30.0,0,0
75,7,16,11,18,Y6035022,,,,3923,30.0,0,0
75,7,16,11,19,Y6035023,,,,4326,30.0,0,0
75,7,16,11,20,Y6035024,,,,3746,30.0,0,0
75,7,16,11,21,Y6035025,,,,0,30.0,0,0
75,7,16,11,22,Y6035026,,,,0,30.0,0,0
75,7,16,11,23,Y6035027,,,,0,30.0,0,0
75,7,16,11,24,Y6035028,,,,0,30.0,0,0
75,7,16,11,25,Y6035029,,,,0,30.0,0,0
75,7,16,11,26,Y6035030,,,,0,30.0,0,0
75,7,16,11,27,Y6035031,,,,0,30.0,0,0
75,7,16,11,28,Y6035032,,,,0,30.0,0,0
75,7,16,11,29,Y6035033,,,,0,30.0,0,0
75,7,16,11,30,Y6035034,,,,0,30.0,0,0
75,7,16,12,10,Y6035035,,,,0,30.0,0,0
75,7,16,12,11,Y6035036,,,,0,30.0,0,0
75,7,16,12,12,Y6035037,,,,0,30.0,0,0
75,7,16,12,13,Y6035038,,,,0,30.0,0,0
75,7,16,12,14,Y6035039,,,,0,30.0,0,0
75,7,16,12,15,Y6035040,,,,0,30.0,0,0
75,7,16,12,16,Y6035041,,,,0,30.0,0,0
75,7,16,12,17,Y6035042,,,,0,30.0,0,0
75,7,16,12,18,Y6035043,,,,4400,30.0,0,0
75,7,16,12,19,Y6035044,,,,4813,30.0,0,0
75,7,16,12,20,Y6035045,,,,4256,30.0,0,0
75,7,16,12,21,Y6035046,,,,0,30.0,0,0
75,7,16,12,22,Y6035047,,,,0,30.0,0,0
75,7,16,12,23,Y6035048,,,,0,30.0,0,0
75,7,16,12,24,Y6035049,,,,0,30.0,0,0
75,7,16,12,25,Y6035050,,,,0,30.0,0,0
75,7,16,12,26,Y6035051,,,,0,30.0,0,0
75,7,16,12,27,Y6035052,,,,0,30.0,0,0
75,7,16,12,28,Y6035053,,,,0,30.0,0,0
75,7,16,12,29,Y6035054,,,,0,30.0,0,0
75,7,16,12,30,Y6035055,,,,0,30.0,0,0
75,7,17,1,10,Y6035056,,,,0,30.0,0,0
75,7,17,1,11,Y6035057,,,,0,30.0,0,0
75,7,17,1,12,Y6035058,,,,0,30.0,0,0
75,7,17,1,13,Y6035059,,,,0,30.0,0,0
75,7,17,1,14,Y6035060,,,,0,30.0,0,0
75,7,17,1,15,Y6035061,,,,0,30.0,0,0
75,7,17,1,16,Y6035062,,,,0,30.0,0,0
75,7,17,1,17,Y6035063,,,,0,30.0,0,0
75,7,17,1,18,Y6035064,,,,3185,30.0,0,0
75,7,17,1,19,Y6035065,,,,3509,30.0,0,0
75,7,17,1,20,Y6035066,,,,3064,30.0,0,0
75,7,17,1,21,Y6035067,,,,0,30.0,0,0
75,7,17,1,22,Y6035068,,,,0,30.0,0,0
75,7,17,1,23,Y6035069,,,,0,30.0,0,0
75,7,17,1,24,Y6035070,,,,0,30.0,0,0
75,7,17,1,25,Y6035071,,,,0,30.0,0,0
75,7,17,1,26,Y6035072,,,,0,30.0,0,0
75,7,17,1,27,Y6035073,,,,0,30.0,0,0
75,7,17,1,28,Y6035074,,,,0,30.0,0,0
75,7,17,1,29,Y6035075,,,,0,30.0,0,0
75,7,17,1,30,Y6035076,,,,0,30.0,0,0
75,7,17,2,10,Y6035077,,,,0,30.0,0,0
75,7,17,2,11,Y6035078,,,,0,30.0,0,0
75,7,17,2,12,Y6035079,,,,0,30.0,0,0
75,7,17,2,13,Y6035080,,,,0,30.0,0,0
75,7,17,2,14,Y6035081,,,,0,30.0,0,0
75,7,17,2,15,Y6035082,,,,0,30.0,0,0
75,7,17,2,16,Y6035083,,,,0,30.0,0,0
75,7,17,2,17,Y6035084,,,,0,30.0,0,0
75,7,17,2,18,Y6035085,,,,3175,30.0,0,0
75,7,17,2,19,Y6035086,,,,3493,30.0,0,0
75,7,17,2,20,Y6035087,,,,3047,30.0,0,0
75,7,17,2,21,Y6035088,,,,0,30.0,0,0
75,7,17,2,22,Y6035089,,,,0,30.0,0,0
75,7,17,2,23,Y6035090,,,,0,30.0,0,0
75,7,17,2,24,Y6035091,,,,0,30.0,0,0
75,7,17,2,25,Y6035092,,,,0,30.0,0,0
75,7,17,2,26,Y6035093,,,,0,30.0,0,0
75,7,17,2,27,Y6035094,,,,0,30.0,0,0
75,7,17,2,28,Y6035095,,,,0,30.0,0,0
75,7,17,2,29,Y6035096,,,,0,30.0,0,0
75,7,17,2,30,Y6035097,,,,0,30.0,0,0
75,7,17,3,10,Y6035098,,,,0,30.0,0,0
75,7,17,3,11,Y6035099,,,,0,30.0,0,0
75,7,17,3,12,Y6035100,,,,0,30.0,0,0
75,7,17,3,13,Y6035101,,,,0,30.0,0,0
75,7,17,3,14,Y6035102,,,,0,30.0,0,0
75,7,17,3,15,Y6035103,,,,0,30.0,0,0
75,7,17,3,16,Y6035104,,,,0,30.0,0,0
75,7,17,3,17,Y6035105,,,,0,30.0,0,0
75,7,17,3,18,Y6035106,,,,3170,30.0,0,0
75,7,17,3,19,Y6035107,,,,3491,30.0,0,0
75,7,17,3,20,Y6035108,,,,3045,30.0,0,0
75,7,17,3,21,Y6035109,,,,0,30.0,0,0
75,7,17,3,22,Y6035110,,,,0,30.0,0,0
75,7,17,3,23,Y6035111,,,,0,30.0,0,0
75,7,17,3,24,Y6035112,,,,0,30.0,0,0
75,7,17,3,25,Y6035113,,,,0,30.0,0,0
75,7,17,3,26,Y6035114,,,,0,30.0,0,0
75,7,17,3,27,Y6035115,,,,0,30.0,0,0
75,7,17,3,28,Y6035116,,,,0,30.0,0,0
75,7,17,3,29,Y6035117,,,,0,30.0,0,0
75,7,17,3,30,Y6035118,,,,0,30.0,0,0
75,7,17,4,10,Y6035119,,,,0,30.0,0,0
75,7,17,4,11,Y6035120,,,,0,30.0,0,0
75,7,17,4,12,Y6035121,,,,0,30.0,0,0
75,7,17,4,13,Y6035122,,,,0,30.0,0,0
75,7,17,4,14,Y6035123,,,,0,30.0,0,0
75,7,17,4,15,Y6035124,,,,0,30.0,0,0
75,7,17,4,16,Y6035125,,,,0,30.0,0,0
75,7,17,4,17,Y6035126,,,,0,30.0,0,0
75,7,17,4,18,Y6035127,,,,3267,30.0,0,0
75,7,17,4,19,Y6035128,,,,3573,30.0,0,0
75,7,17,4,20,Y6035129,,,,3126,30.0,0,0
75,7,17,4,21,Y6035130,,,,0,30.0,0,0
75,7,17,4,22,Y6035131,,,,0,30.0,0,0
75,7,17,4,23,Y6035132,,,,0,30.0,0,0
75,7,17,4,24,Y6035133,,,,0,30.0,0,0
75,7,17,4,25,Y6035134,,,,0,30.0,0,0
75,7,17,4,26,Y6035135,,,,0,30.0,0,0
75,7,17,4,27,Y6035136,,,,0,30.0,0,0
75,7,17,4,28,Y6035137,,,,0,30.0,0,0
75,7,17,4,29,Y6035138,,,,0,30.0,0,0
75,7,17,4,30,Y6035139,,,,0,30.0,0,0
75,7,17,5,10,Y6035140,,,,0,30.0,0,0
75,7,17,5,11,Y6035141,,,,0,30.0,0,0
75,7,17,5,12,Y6035142,,,,0,30.0,0,0
75,7,17,5,13,Y6035143,,,,0,30.0,0,0
75,7,17,5,14,Y6035144,,,,0,30.0,0,0
75,7,17,5,15,Y6035145,,,,0,30.0,0,0
75,7,17,5,16,Y6035146,,,,0,30.0,0,0
75,7,17,5,17,Y6035147,,,,0,30.0,0,0
75,7,17,5,18,Y6035148,,,,3326,30.0,0,0
75,7,17,5,19,Y6035149,,,,3671,30.0,0,0
75,7,17,5,20,Y6035150,,,,3222,30.0,0,0
75,7,17,5,21,Y6035151,,,,0,30.0,0,0
75,7,17,5,22,Y6035152,,,,0,30.0,0,0
75,7,17,5,23,Y6035153,,,,0,30.0,0,0
75,7,17,5,24,Y6035154,,,,0,30.0,0,0
75,7,17,5,25,Y6035155,,,,0,30.0,0,0
75,7,17,5,26,Y6035156,,,,0,30.0,0,0
75,7,17,5,27,Y6035157,,,,0,30.0,0,0
75,7,17,5,28,Y6035158,,,,0,30.0,0,0
75,7,17,5,29,Y6035159,,,,0,30.0,0,0
75,7,17,5,30,Y6035160,,,,0,30.0,0,0
75,7,17,6,10,Y6035161,,,,0,30.0,0,0
75,7,17,6,11,Y6035162,,,,0,30.0,0,0
75,7,17,6,12,Y6035163,,,,0,30.0,0,0
75,7,17,6,13,Y6035164,,,,0,30.0,0,0
75,7,17,6,14,Y6035165,,,,0,30.0,0,0
75,7,17,6,15,Y6035166,,,,0,30.0,0,0
75,7,17,6,16,Y6035167,,,,0,30.0,0,0
75,7,17,6,17,Y6035168,,,,0,30.0,0,0
75,7,17,6,18,Y6035169,,,,3323,30.0,0,0
75,7,17,6,19,Y6035170,,,,3668,30.0,0,0
75,7,17,6,20,Y6035171,,,,3212,30.0,0,0
75,7,17,6,21,Y6035172,,,,0,30.0,0,0
75,7,17,6,22,Y6035173,,,,0,30.0,0,0
75,7,17,6,23,Y6035174,,,,0,30.0,0,0
75,7,17,6,24,Y6035175,,,,0,30.0,0,0
75,7,17,6,25,Y6035176,,,,0,30.0,0,0
75,7,17,6,26,Y6035177,,,,0,30.0,0,0
75,7,17,6,27,Y6035178,,,,0,30.0,0,0
75,7,17,6,28,Y6035179,,,,0,30.0,0,0
75,7,17,6,29,Y6035180,,,,0,30.0,0,0
75,7,17,6,30,Y6035181,,,,0,30.0,0,0
75,7,17,7,10,Y6035182,,,,0,30.0,0,0
75,7,17,7,11,Y6035183,,,,0,30.0,0,0
75,7,17,7,12,Y6035184,,,,0,30.0,0,0
75,7,17,7,13,Y6035185,,,,0,30.0,0,0
75,7,17,7,14,Y6035186,,,,0,30.0,0,0
75,7,17,7,15,Y6035187,,,,0,30.0,0,0
75,7,17,7,16,Y6035188,,,,0,30.0,0,0
75,7,17,7,17,Y6035189,,,,0,30.0,0,0
75,7,17,7,18,Y6035190,,,,3341,30.0,0,0
75,7,17,7,19,Y6035191,,,,3697,30.0,0,0
75,7,17,7,20,Y6035192,,,,3239,30.0,0,0
75,7,17,7,21,Y6035193,,,,0,30.0,0,0
75,7,17,7,22,Y6035194,,,,0,30.0,0,0
75,7,17,7,23,Y6035195,,,,0,30.0,0,0
75,7,17,7,24,Y6035196,,,,0,30.0,0,0
75,7,17,7,25,Y6035197,,,,0,30.0,0,0
75,7,17,7,26,Y6035198,,,,0,30.0,0,0
75,7,17,7,27,Y6035199,,,,0,30.0,0,0
75,7,17,7,28,Y6035200,,,,0,30.0,0,0
75,7,17,7,29,Y6035201,,,,0,30.0,0,0
75,7,17,7,30,Y6035202,,,,0,30.0,0,0
75,7,17,8,10,Y6035203,,,,0,30.0,0,0
75,7,17,8,11,Y6035204,,,,0,30.0,0,0
75,7,17,8,12,Y6035205,,,,0,30.0,0,0
75,7,17,8,13,Y6035206,,,,0,30.0,0,0
75,7,17,8,14,Y6035207,,,,0,30.0,0,0
75,7,17,8,15,Y6035208,,,,0,30.0,0,0
75,7,17,8,16,Y6035209,,,,0,30.0,0,0
75,7,17,8,17,Y6035210,,,,0,30.0,0,0
75,7,17,8,18,Y6035211,,,,3435,30.0,0,0
75,7,17,8,19,Y6035212,,,,3724,30.0,0,0
75,7,17,8,20,Y6035213,,,,3269,30.0,0,0
75,7,17,8,21,Y6035214,,,,0,30.0,0,0
75,7,17,8,22,Y6035215,,,,0,30.0,0,0
75,7,17,8,23,Y6035216,,,,0,30.0,0,0
75,7,17,8,24,Y6035217,,,,0,30.0,0,0
75,7,17,8,25,Y6035218,,,,0,30.0,0,0
75,7,17,8,26,Y6035219,,,,0,30.0,0,0
75,7,17,8,27,Y6035220,,,,0,30.0,0,0
75,7,17,8,28,Y6035221,,,,0,30.0,0,0
75,7,17,8,29,Y6035222,,,,0,30.0,0,0
75,7,17,8,30,Y6035223,,,,0,30.0,0,0
75,7,17,9,10,Y6035224,,,,0,30.0,0,0
75,7,17,9,11,Y6035225,,,,0,30.0,0,0
75,7,17,9,12,Y6035226,,,,0,30.0,0,0
75,7,17,9,13,Y6035227,,,,0,30.0,0,0
75,7,17,9,14,Y6035228,,,,0,30.0,0,0
75,7,17,9,15,Y6035229,,,,0,30.0,0,0
75,7,17,9,16,Y6035230,,,,0,30.0,0,0
75,7,17,9,17,Y6035231,,,,0,30.0,0,0
75,7,17,9,18,Y6035232,,,,3468,30.0,0,0
75,7,17,9,19,Y6035233,,,,3770,30.0,0,0
75,7,17,9,20,Y6035234,,,,3313,30.0,0,0
75,7,17,9,21,Y6035235,,,,0,30.0,0,0
75,7,17,9,22,Y6035236,,,,0,30.0,0,0
75,7,17,9,23,Y6035237,,,,0,30.0,0,0
75,7,17,9,24,Y6035238,,,,0,30.0,0,0
75,7,17,9,25,Y6035239,,,,0,30.0,0,0
75,7,17,9,26,Y6035240,,,,0,30.0,0,0
75,7,17,9,27,Y6035241,,,,0,30.0,0,0
75,7,17,9,28,Y6035242,,,,0,30.0,0,0
75,7,17,9,29,Y6035243,,,,0,30.0,0,0
75,7,17,9,30,Y6035244,,,,0,30.0,0,0
75,7,17,10,10,Y6035245,,,,0,30.0,0,0
75,7,17,10,11,Y6035246,,,,0,30.0,0,0
75,7,17,10,12,Y6035247,,,,0,30.0,0,0
75,7,17,10,13,Y6035248,,,,0,30.0,0,0
75,7,17,10,14,Y6035249,,,,0,30.0,0,0
75,7,17,10,15,Y6035250,,,,0,30.0,0,0
75,7,17,10,16,Y6035251,,,,0,30.0,0,0
75,7,17,10,17,Y6035252,,,,0,30.0,0,0
75,7,17,10,18,Y6035253,,,,3599,30.0,0,0
75,7,17,10,19,Y6035254,,,,3968,30.0,0,0
75,7,17,10,20,Y6035255,,,,3413,30.0,0,0
75,7,17,10,21,Y6035256,,,,0,30.0,0,0
75,7,17,10,22,Y6035257,,,,0,30.0,0,0
75,7,17,10,23,Y6035258,,,,0,30.0,0,0
75,7,17,10,24,Y6035259,,,,0,30.0,0,0
75,7,17,10,25,Y6035260,,,,0,30.0,0,0
75,7,17,10,26,Y6035261,,,,0,30.0,0,0
75,7,17,10,27,Y6035262,,,,0,30.0,0,0
75,7,17,10,28,Y6035263,,,,0,30.0,0,0
75,7,17,10,29,Y6035264,,,,0,30.0,0,0
75,7,17,10,30,Y6035265,,,,0,30.0,0,0
75,7,17,11,10,Y6035266,,,,0,30.0,0,0
75,7,17,11,11,Y6035267,,,,0,30.0,0,0
75,7,17,11,12,Y6035268,,,,0,30.0,0,0
75,7,17,11,13,Y6035269,,,,0,30.0,0,0
75,7,17,11,14,Y6035270,,,,0,30.0,0,0
75,7,17,11,15,Y6035271,,,,0,30.0,0,0
75,7,17,11,16,Y6035272,,,,0,30.0,0,0
75,7,17,11,17,Y6035273,,,,0,30.0,0,0
75,7,17,11,18,Y6035274,,,,3691,30.0,0,0
75,7,17,11,19,Y6035275,,,,4032,30.0,0,0
75,7,17,11,20,Y6035276,,,,3471,30.0,0,0
75,7,17,11,21,Y6035277,,,,0,30.0,0,0
75,7,17,11,22,Y6035278,,,,0,30.0,0,0
75,7,17,11,23,Y6035279,,,,0,30.0,0,0
75,7,17,11,24,Y6035280,,,,0,30.0,0,0
75,7,17,11,25,Y6035281,,,,0,30.0,0,0
75,7,17,11,26,Y6035282,,,,0,30.0,0,0
75,7,17,11,27,Y6035283,,,,0,30.0,0,0
75,7,17,11,28,Y6035284,,,,0,30.0,0,0
75,7,17,11,29,Y6035285,,,,0,30.0,0,0
75,7,17,11,30,Y6035286,,,,0,30.0,0,0
75,7,17,12,10,Y6035287,,,,0,30.0,0,0
75,7,17,12,11,Y6035288,,,,0,30.0,0,0
75,7,17,12,12,Y6035289,,,,0,30.0,0,0
75,7,17,12,13,Y6035290,,,,0,30.0,0,0
75,7,17,12,14,Y6035291,,,,0,30.0,0,0
75,7,17,12,15,Y6035292,,,,0,30.0,0,0
75,7,17,12,16,Y6035293,,,,0,30.0,0,0
75,7,17,12,17,Y6035294,,,,0,30.0,0,0
75,7,17,12,18,Y6035295,,,,4168,30.0,0,0
75,7,17,12,19,Y6035296,,,,4518,30.0,0,0
75,7,17,12,20,Y6035297,,,,3981,30.0,0,0
75,7,17,12,21,Y6035298,,,,0,30.0,0,0
75,7,17,12,22,Y6035299,,,,0,30.0,0,0
75,7,17,12,23,Y6035300,,,,0,30.0,0,0
75,7,17,12,24,Y6035301,,,,0,30.0,0,0
75,7,17,12,25,Y6035302,,,,0,30.0,0,0
75,7,17,12,26,Y6035303,,,,0,30.0,0,0
75,7,17,12,27,Y6035304,,,,0,30.0,0,0
75,7,17,12,28,Y6035305,,,,0,30.0,0,0
75,7,17,12,29,Y6035306,,,,0,30.0,0,0
75,7,17,12,30,Y6035307,,,,0,30.0,0,0
75,7,18,1,10,Y6035308,,,,0,30.0,0,0
75,7,18,1,11,Y6035309,,,,0,30.0,0,0
75,7,18,1,12,Y6035310,,,,0,30.0,0,0
75,7,18,1,13,Y6035311,,,,0,30.0,0,0
75,7,18,1,14,Y6035312,,,,0,30.0,0,0
75,7,18,1,15,Y6035313,,,,0,30.0,0,0
75,7,18,1,16,Y6035314,,,,0,30.0,0,0
75,7,18,1,17,Y6035315,,,,0,30.0,0,0
75,7,18,1,18,Y6035316,,,,0,30.0,0,0
75,7,18,1,19,Y6035317,,,,0,30.0,0,0
75,7,18,1,20,Y6035318,,,,0,30.0,0,0
75,7,18,1,21,Y6035319,,,,0,30.0,0,0
75,7,18,1,22,Y6035320,,,,0,30.0,0,0
75,7,18,1,23,Y6035321,,,,0,30.0,0,0
75,7,18,1,24,Y6035322,,,,0,30.0,0,0
75,7,18,1,25,Y6035323,,,,0,30.0,0,0
75,7,18,1,26,Y6035324,,,,0,30.0,0,0
75,7,18,1,27,Y6035325,,,,0,30.0,0,0
75,7,18,1,28,Y6035326,,,,0,30.0,0,0
75,7,18,1,29,Y6035327,,,,0,30.0,0,0
75,7,18,1,30,Y6035328,,,,0,30.0,0,0
75,7,18,2,10,Y6035329,,,,0,30.0,0,0
75,7,18,2,11,Y6035330,,,,0,30.0,0,0
75,7,18,2,12,Y6035331,,,,0,30.0,0,0
75,7,18,2,13,Y6035332,,,,0,30.0,0,0
75,7,18,2,14,Y6035333,,,,0,30.0,0,0
75,7,18,2,15,Y6035334,,,,0,30.0,0,0
75,7,18,2,16,Y6035335,,,,0,30.0,0,0
75,7,18,2,17,Y6035336,,,,0,30.0,0,0
75,7,18,2,18,Y6035337,,,,0,30.0,0,0
75,7,18,2,19,Y6035338,,,,0,30.0,0,0
75,7,18,2,20,Y6035339,,,,0,30.0,0,0
75,7,18,2,21,Y6035340,,,,0,30.0,0,0
75,7,18,2,22,Y6035341,,,,0,30.0,0,0
75,7,18,2,23,Y6035342,,,,0,30.0,0,0
75,7,18,2,24,Y6035343,,,,0,30.0,0,0
75,7,18,2,25,Y6035344,,,,0,30.0,0,0
75,7,18,2,26,Y6035345,,,,0,30.0,0,0
75,7,18,2,27,Y6035346,,,,0,30.0,0,0
75,7,18,2,28,Y6035347,,,,0,30.0,0,0
75,7,18,2,29,Y6035348,,,,0,30.0,0,0
75,7,18,2,30,Y6035349,,,,0,30.0,0,0
75,7,18,3,10,Y6035350,,,,0,30.0,0,0
75,7,18,3,11,Y6035351,,,,0,30.0,0,0
75,7,18,3,12,Y6035352,,,,0,30.0,0,0
75,7,18,3,13,Y6035353,,,,0,30.0,0,0
75,7,18,3,14,Y6035354,,,,0,30.0,0,0
75,7,18,3,15,Y6035355,,,,0,30.0,0,0
75,7,18,3,16,Y6035356,,,,0,30.0,0,0
75,7,18,3,17,Y6035357,,,,0,30.0,0,0
75,7,18,3,18,Y6035358,,,,0,30.0,0,0
75,7,18,3,19,Y6035359,,,,0,30.0,0,0
75,7,18,3,20,Y6035360,,,,0,30.0,0,0
75,7,18,3,21,Y6035361,,,,0,30.0,0,0
75,7,18,3,22,Y6035362,,,,0,30.0,0,0
75,7,18,3,23,Y6035363,,,,0,30.0,0,0
75,7,18,3,24,Y6035364,,,,0,30.0,0,0
75,7,18,3,25,Y6035365,,,,0,30.0,0,0
75,7,18,3,26,Y6035366,,,,0,30.0,0,0
75,7,18,3,27,Y6035367,,,,0,30.0,0,0
75,7,18,3,28,Y6035368,,,,0,30.0,0,0
75,7,18,3,29,Y6035369,,,,0,30.0,0,0
75,7,18,3,30,Y6035370,,,,0,30.0,0,0
75,7,18,4,10,Y6035371,,,,0,30.0,0,0
75,7,18,4,11,Y6035372,,,,0,30.0,0,0
75,7,18,4,12,Y6035373,,,,0,30.0,0,0
75,7,18,4,13,Y6035374,,,,0,30.0,0,0
75,7,18,4,14,Y6035375,,,,0,30.0,0,0
75,7,18,4,15,Y6035376,,,,0,30.0,0,0
75,7,18,4,16,Y6035377,,,,0,30.0,0,0
75,7,18,4,17,Y6035378,,,,0,30.0,0,0
75,7,18,4,18,Y6035379,,,,0,30.0,0,0
75,7,18,4,19,Y6035380,,,,0,30.0,0,0
75,7,18,4,20,Y6035381,,,,0,30.0,0,0
75,7,18,4,21,Y6035382,,,,0,30.0,0,0
75,7,18,4,22,Y6035383,,,,0,30.0,0,0
75,7,18,4,23,Y6035384,,,,0,30.0,0,0
75,7,18,4,24,Y6035385,,,,0,30.0,0,0
75,7,18,4,25,Y6035386,,,,0,30.0,0,0
75,7,18,4,26,Y6035387,,,,0,30.0,0,0
75,7,18,4,27,Y6035388,,,,0,30.0,0,0
75,7,18,4,28,Y6035389,,,,0,30.0,0,0
75,7,18,4,29,Y6035390,,,,0,30.0,0,0
75,7,18,4,30,Y6035391,,,,0,30.0,0,0
75,7,18,5,10,Y6035392,,,,0,30.0,0,0
75,7,18,5,11,Y6035393,,,,0,30.0,0,0
75,7,18,5,12,Y6035394,,,,0,30.0,0,0
75,7,18,5,13,Y6035395,,,,0,30.0,0,0
75,7,18,5,14,Y6035396,,,,0,30.0,0,0
75,7,18,5,15,Y6035397,,,,0,30.0,0,0
75,7,18,5,16,Y6035398,,,,0,30.0,0,0
75,7,18,5,17,Y6035399,,,,0,30.0,0,0
75,7,18,5,18,Y6035400,,,,0,30.0,0,0
75,7,18,5,19,Y6035401,,,,0,30.0,0,0
75,7,18,5,20,Y6035402,,,,0,30.0,0,0
75,7,18,5,21,Y6035403,,,,0,30.0,0,0
75,7,18,5,22,Y6035404,,,,0,30.0,0,0
75,7,18,5,23,Y6035405,,,,0,30.0,0,0
75,7,18,5,24,Y6035406,,,,0,30.0,0,0
75,7,18,5,25,Y6035407,,,,0,30.0,0,0
75,7,18,5,26,Y6035408,,,,0,30.0,0,0
75,7,18,5,27,Y6035409,,,,0,30.0,0,0
75,7,18,5,28,Y6035410,,,,0,30.0,0,0
75,7,18,5,29,Y6035411,,,,0,30.0,0,0
75,7,18,5,30,Y6035412,,,,0,30.0,0,0
75,7,18,6,10,Y6035413,,,,0,30.0,0,0
75,7,18,6,11,Y6035414,,,,0,30.0,0,0
75,7,18,6,12,Y6035415,,,,0,30.0,0,0
75,7,18,6,13,Y6035416,,,,0,30.0,0,0
75,7,18,6,14,Y6035417,,,,0,30.0,0,0
75,7,18,6,15,Y6035418,,,,0,30.0,0,0
75,7,18,6,16,Y6035419,,,,0,30.0,0,0
75,7,18,6,17,Y6035420,,,,0,30.0,0,0
75,7,18,6,18,Y6035421,,,,0,30.0,0,0
75,7,18,6,19,Y6035422,,,,0,30.0,0,0
75,7,18,6,20,Y6035423,,,,0,30.0,0,0
75,7,18,6,21,Y6035424,,,,0,30.0,0,0
75,7,18,6,22,Y6035425,,,,0,30.0,0,0
75,7,18,6,23,Y6035426,,,,0,30.0,0,0
75,7,18,6,24,Y6035427,,,,0,30.0,0,0
75,7,18,6,25,Y6035428,,,,0,30.0,0,0
75,7,18,6,26,Y6035429,,,,0,30.0,0,0
75,7,18,6,27,Y6035430,,,,0,30.0,0,0
75,7,18,6,28,Y6035431,,,,0,30.0,0,0
75,7,18,6,29,Y6035432,,,,0,30.0,0,0
75,7,18,6,30,Y6035433,,,,0,30.0,0,0
75,7,18,7,10,Y6035434,,,,0,30.0,0,0
75,7,18,7,11,Y6035435,,,,0,30.0,0,0
75,7,18,7,12,Y6035436,,,,0,30.0,0,0
75,7,18,7,13,Y6035437,,,,0,30.0,0,0
75,7,18,7,14,Y6035438,,,,0,30.0,0,0
75,7,18,7,15,Y6035439,,,,0,30.0,0,0
75,7,18,7,16,Y6035440,,,,0,30.0,0,0
75,7,18,7,17,Y6035441,,,,0,30.0,0,0
75,7,18,7,18,Y6035442,,,,0,30.0,0,0
75,7,18,7,19,Y6035443,,,,0,30.0,0,0
75,7,18,7,20,Y6035444,,,,0,30.0,0,0
75,7,18,7,21,Y6035445,,,,0,30.0,0,0
75,7,18,7,22,Y6035446,,,,0,30.0,0,0
75,7,18,7,23,Y6035447,,,,0,30.0,0,0
75,7,18,7,24,Y6035448,,,,0,30.0,0,0
75,7,18,7,25,Y6035449,,,,0,30.0,0,0
75,7,18,7,26,Y6035450,,,,0,30.0,0,0
75,7,18,7,27,Y6035451,,,,0,30.0,0,0
75,7,18,7,28,Y6035452,,,,0,30.0,0,0
75,7,18,7,29,Y6035453,,,,0,30.0,0,0
75,7,18,7,30,Y6035454,,,,0,30.0,0,0
75,7,18,8,10,Y6035455,,,,0,30.0,0,0
75,7,18,8,11,Y6035456,,,,0,30.0,0,0
75,7,18,8,12,Y6035457,,,,0,30.0,0,0
75,7,18,8,13,Y6035458,,,,0,30.0,0,0
75,7,18,8,14,Y6035459,,,,0,30.0,0,0
75,7,18,8,15,Y6035460,,,,0,30.0,0,0
75,7,18,8,16,Y6035461,,,,0,30.0,0,0
75,7,18,8,17,Y6035462,,,,0,30.0,0,0
75,7,18,8,18,Y6035463,,,,0,30.0,0,0
75,7,18,8,19,Y6035464,,,,0,30.0,0,0
75,7,18,8,20,Y6035465,,,,0,30.0,0,0
75,7,18,8,21,Y6035466,,,,0,30.0,0,0
75,7,18,8,22,Y6035467,,,,0,30.0,0,0
75,7,18,8,23,Y6035468,,,,0,30.0,0,0
75,7,18,8,24,Y6035469,,,,0,30.0,0,0
75,7,18,8,25,Y6035470,,,,0,30.0,0,0
75,7,18,8,26,Y6035471,,,,0,30.0,0,0
75,7,18,8,27,Y6035472,,,,0,30.0,0,0
75,7,18,8,28,Y6035473,,,,0,30.0,0,0
75,7,18,8,29,Y6035474,,,,0,30.0,0,0
75,7,18,8,30,Y6035475,,,,0,30.0,0,0
75,7,18,9,10,Y6035476,,,,0,30.0,0,0
75,7,18,9,11,Y6035477,,,,0,30.0,0,0
75,7,18,9,12,Y6035478,,,,0,30.0,0,0
75,7,18,9,13,Y6035479,,,,0,30.0,0,0
75,7,18,9,14,Y6035480,,,,0,30.0,0,0
75,7,18,9,15,Y6035481,,,,0,30.0,0,0
75,7,18,9,16,Y6035482,,,,0,30.0,0,0
75,7,18,9,17,Y6035483,,,,0,30.0,0,0
75,7,18,9,18,Y6035484,,,,0,30.0,0,0
75,7,18,9,19,Y6035485,,,,0,30.0,0,0
75,7,18,9,20,Y6035486,,,,0,30.0,0,0
75,7,18,9,21,Y6035487,,,,0,30.0,0,0
75,7,18,9,22,Y6035488,,,,0,30.0,0,0
75,7,18,9,23,Y6035489,,,,0,30.0,0,0
75,7,18,9,24,Y6035490,,,,0,30.0,0,0
75,7,18,9,25,Y6035491,,,,0,30.0,0,0
75,7,18,9,26,Y6035492,,,,0,30.0,0,0
75,7,18,9,27,Y6035493,,,,0,30.0,0,0
75,7,18,9,28,Y6035494,,,,0,30.0,0,0
75,7,18,9,29,Y6035495,,,,0,30.0,0,0
75,7,18,9,30,Y6035496,,,,0,30.0,0,0
75,7,18,10,10,Y6035497,,,,0,30.0,0,0
75,7,18,10,11,Y6035498,,,,0,30.0,0,0
75,7,18,10,12,Y6035499,,,,0,30.0,0,0
75,7,18,10,13,Y6035500,,,,0,30.0,0,0
75,7,18,10,14,Y6035501,,,,0,30.0,0,0
75,7,18,10,15,Y6035502,,,,0,30.0,0,0
75,7,18,10,16,Y6035503,,,,0,30.0,0,0
75,7,18,10,17,Y6035504,,,,0,30.0,0,0
75,7,18,10,18,Y6035505,,,,0,30.0,0,0
75,7,18,10,19,Y6035506,,,,3189,30.0,0,0
75,7,18,10,20,Y6035507,,,,0,30.0,0,0
75,7,18,10,21,Y6035508,,,,0,30.0,0,0
75,7,18,10,22,Y6035509,,,,0,30.0,0,0
75,7,18,10,23,Y6035510,,,,0,30.0,0,0
75,7,18,10,24,Y6035511,,,,0,30.0,0,0
75,7,18,10,25,Y6035512,,,,0,30.0,0,0
75,7,18,10,26,Y6035513,,,,0,30.0,0,0
75,7,18,10,27,Y6035514,,,,0,30.0,0,0
75,7,18,10,28,Y6035515,,,,0,30.0,0,0
75,7,18,10,29,Y6035516,,,,0,30.0,0,0
75,7,18,10,30,Y6035517,,,,0,30.0,0,0
75,7,18,11,10,Y6035518,,,,0,30.0,0,0
75,7,18,11,11,Y6035519,,,,0,30.0,0,0
75,7,18,11,12,Y6035520,,,,0,30.0,0,0
75,7,18,11,13,Y6035521,,,,0,30.0,0,0
75,7,18,11,14,Y6035522,,,,0,30.0,0,0
75,7,18,11,15,Y6035523,,,,0,30.0,0,0
75,7,18,11,16,Y6035524,,,,0,30.0,0,0
75,7,18,11,17,Y6035525,,,,0,30.0,0,0
75,7,18,11,18,Y6035526,,,,3048,30.0,0,0
75,7,18,11,19,Y6035527,,,,3253,30.0,0,0
75,7,18,11,20,Y6035528,,,,0,30.0,0,0
75,7,18,11,21,Y6035529,,,,0,30.0,0,0
75,7,18,11,22,Y6035530,,,,0,30.0,0,0
75,7,18,11,23,Y6035531,,,,0,30.0,0,0
75,7,18,11,24,Y6035532,,,,0,30.0,0,0
75,7,18,11,25,Y6035533,,,,0,30.0,0,0
75,7,18,11,26,Y6035534,,,,0,30.0,0,0
75,7,18,11,27,Y6035535,,,,0,30.0,0,0
75,7,18,11,28,Y6035536,,,,0,30.0,0,0
75,7,18,11,29,Y6035537,,,,0,30.0,0,0
75,7,18,11,30,Y6035538,,,,0,30.0,0,0
75,7,18,12,10,Y6035539,,,,0,30.0,0,0
75,7,18,12,11,Y6035540,,,,0,30.0,0,0
75,7,18,12,12,Y6035541,,,,0,30.0,0,0
75,7,18,12,13,Y6035542,,,,0,30.0,0,0
75,7,18,12,14,Y6035543,,,,0,30.0,0,0
75,7,18,12,15,Y6035544,,,,0,30.0,0,0
75,7,18,12,16,Y6035545,,,,0,30.0,0,0
75,7,18,12,17,Y6035546,,,,0,30.0,0,0
75,7,18,12,18,Y6035547,,,,3509,30.0,0,0
75,7,18,12,19,Y6035548,,,,3723,30.0,0,0
75,7,18,12,20,Y6035549,,,,3205,30.0,0,0
75,7,18,12,21,Y6035550,,,,0,30.0,0,0
75,7,18,12,22,Y6035551,,,,0,30.0,0,0
75,7,18,12,23,Y6035552,,,,0,30.0,0,0
75,7,18,12,24,Y6035553,,,,0,30.0,0,0
75,7,18,12,25,Y6035554,,,,0,30.0,0,0
75,7,18,12,26,Y6035555,,,,0,30.0,0,0
75,7,18,12,27,Y6035556,,,,0,30.0,0,0
75,7,18,12,28,Y6035557,,,,0,30.0,0,0
75,7,18,12,29,Y6035558,,,,0,30.0,0,0
75,7,18,12,30,Y6035559,,,,0,30.0,0,0
75,7,19,1,10,Y6035560,,,,0,30.0,0,0
75,7,19,1,11,Y6035561,,,,0,30.0,0,0
75,7,19,1,12,Y6035562,,,,0,30.0,0,0
75,7,19,1,13,Y6035563,,,,0,30.0,0,0
75,7,19,1,14,Y6035564,,,,0,30.0,0,0
75,7,19,1,15,Y6035565,,,,0,30.0,0,0
75,7,19,1,16,Y6035566,,,,0,30.0,0,0
75,7,19,1,17,Y6035567,,,,0,30.0,0,0
75,7,19,1,18,Y6035568,,,,0,30.0,0,0
75,7,19,1,19,Y6035569,,,,0,30.0,0,0
75,7,19,1,20,Y6035570,,,,0,30.0,0,0
75,7,19,1,21,Y6035571,,,,0,30.0,0,0
75,7,19,1,22,Y6035572,,,,0,30.0,0,0
75,7,19,1,23,Y6035573,,,,0,30.0,0,0
75,7,19,1,24,Y6035574,,,,0,30.0,0,0
75,7,19,1,25,Y6035575,,,,0,30.0,0,0
75,7,19,1,26,Y6035576,,,,0,30.0,0,0
75,7,19,1,27,Y6035577,,,,0,30.0,0,0
75,7,19,1,28,Y6035578,,,,0,30.0,0,0
75,7,19,1,29,Y6035579,,,,0,30.0,0,0
75,7,19,1,30,Y6035580,,,,0,30.0,0,0
75,7,19,2,10,Y6035581,,,,0,30.0,0,0
75,7,19,2,11,Y6035582,,,,0,30.0,0,0
75,7,19,2,12,Y6035583,,,,0,30.0,0,0
75,7,19,2,13,Y6035584,,,,0,30.0,0,0
75,7,19,2,14,Y6035585,,,,0,30.0,0,0
75,7,19,2,15,Y6035586,,,,0,30.0,0,0
75,7,19,2,16,Y6035587,,,,0,30.0,0,0
75,7,19,2,17,Y6035588,,,,0,30.0,0,0
75,7,19,2,18,Y6035589,,,,0,30.0,0,0
75,7,19,2,19,Y6035590,,,,0,30.0,0,0
75,7,19,2,20,Y6035591,,,,0,30.0,0,0
75,7,19,2,21,Y6035592,,,,0,30.0,0,0
75,7,19,2,22,Y6035593,,,,0,30.0,0,0
75,7,19,2,23,Y6035594,,,,0,30.0,0,0
75,7,19,2,24,Y6035595,,,,0,30.0,0,0
75,7,19,2,25,Y6035596,,,,0,30.0,0,0
75,7,19,2,26,Y6035597,,,,0,30.0,0,0
75,7,19,2,27,Y6035598,,,,0,30.0,0,0
75,7,19,2,28,Y6035599,,,,0,30.0,0,0
75,7,19,2,29,Y6035600,,,,0,30.0,0,0
75,7,19,2,30,Y6035601,,,,0,30.0,0,0
75,7,19,3,10,Y6035602,,,,0,30.0,0,0
75,7,19,3,11,Y6035603,,,,0,30.0,0,0
75,7,19,3,12,Y6035604,,,,0,30.0,0,0
75,7,19,3,13,Y6035605,,,,0,30.0,0,0
75,7,19,3,14,Y6035606,,,,0,30.0,0,0
75,7,19,3,15,Y6035607,,,,0,30.0,0,0
75,7,19,3,16,Y6035608,,,,0,30.0,0,0
75,7,19,3,17,Y6035609,,,,0,30.0,0,0
75,7,19,3,18,Y6035610,,,,0,30.0,0,0
75,7,19,3,19,Y6035611,,,,0,30.0,0,0
75,7,19,3,20,Y6035612,,,,0,30.0,0,0
75,7,19,3,21,Y6035613,,,,0,30.0,0,0
75,7,19,3,22,Y6035614,,,,0,30.0,0,0
75,7,19,3,23,Y6035615,,,,0,30.0,0,0
75,7,19,3,24,Y6035616,,,,0,30.0,0,0
75,7,19,3,25,Y6035617,,,,0,30.0,0,0
75,7,19,3,26,Y6035618,,,,0,30.0,0,0
75,7,19,3,27,Y6035619,,,,0,30.0,0,0
75,7,19,3,28,Y6035620,,,,0,30.0,0,0
75,7,19,3,29,Y6035621,,,,0,30.0,0,0
75,7,19,3,30,Y6035622,,,,0,30.0,0,0
75,7,19,4,10,Y6035623,,,,0,30.0,0,0
75,7,19,4,11,Y6035624,,,,0,30.0,0,0
75,7,19,4,12,Y6035625,,,,0,30.0,0,0
75,7,19,4,13,Y6035626,,,,0,30.0,0,0
75,7,19,4,14,Y6035627,,,,0,30.0,0,0
75,7,19,4,15,Y6035628,,,,0,30.0,0,0
75,7,19,4,16,Y6035629,,,,0,30.0,0,0
75,7,19,4,17,Y6035630,,,,0,30.0,0,0
75,7,19,4,18,Y6035631,,,,0,30.0,0,0
75,7,19,4,19,Y6035632,,,,0,30.0,0,0
75,7,19,4,20,Y6035633,,,,0,30.0,0,0
75,7,19,4,21,Y6035634,,,,0,30.0,0,0
75,7,19,4,22,Y6035635,,,,0,30.0,0,0
75,7,19,4,23,Y6035636,,,,0,30.0,0,0
75,7,19,4,24,Y6035637,,,,0,30.0,0,0
75,7,19,4,25,Y6035638,,,,0,30.0,0,0
75,7,19,4,26,Y6035639,,,,0,30.0,0,0
75,7,19,4,27,Y6035640,,,,0,30.0,0,0
75,7,19,4,28,Y6035641,,,,0,30.0,0,0
75,7,19,4,29,Y6035642,,,,0,30.0,0,0
75,7,19,4,30,Y6035643,,,,0,30.0,0,0
75,7,19,5,10,Y6035644,,,,0,30.0,0,0
75,7,19,5,11,Y6035645,,,,0,30.0,0,0
75,7,19,5,12,Y6035646,,,,0,30.0,0,0
75,7,19,5,13,Y6035647,,,,0,30.0,0,0
75,7,19,5,14,Y6035648,,,,0,30.0,0,0
75,7,19,5,15,Y6035649,,,,0,30.0,0,0
75,7,19,5,16,Y6035650,,,,0,30.0,0,0
75,7,19,5,17,Y6035651,,,,0,30.0,0,0
75,7,19,5,18,Y6035652,,,,0,30.0,0,0
75,7,19,5,19,Y6035653,,,,0,30.0,0,0
75,7,19,5,20,Y6035654,,,,0,30.0,0,0
75,7,19,5,21,Y6035655,,,,0,30.0,0,0
75,7,19,5,22,Y6035656,,,,0,30.0,0,0
75,7,19,5,23,Y6035657,,,,0,30.0,0,0
75,7,19,5,24,Y6035658,,,,0,30.0,0,0
75,7,19,5,25,Y6035659,,,,0,30.0,0,0
75,7,19,5,26,Y6035660,,,,0,30.0,0,0
75,7,19,5,27,Y6035661,,,,0,30.0,0,0
75,7,19,5,28,Y6035662,,,,0,30.0,0,0
75,7,19,5,29,Y6035663,,,,0,30.0,0,0
75,7,19,5,30,Y6035664,,,,0,30.0,0,0
75,7,19,6,10,Y6035665,,,,0,30.0,0,0
75,7,19,6,11,Y6035666,,,,0,30.0,0,0
75,7,19,6,12,Y6035667,,,,0,30.0,0,0
75,7,19,6,13,Y6035668,,,,0,30.0,0,0
75,7,19,6,14,Y6035669,,,,0,30.0,0,0
75,7,19,6,15,Y6035670,,,,0,30.0,0,0
75,7,19,6,16,Y6035671,,,,0,30.0,0,0
75,7,19,6,17,Y6035672,,,,0,30.0,0,0
75,7,19,6,18,Y6035673,,,,0,30.0,0,0
75,7,19,6,19,Y6035674,,,,0,30.0,0,0
75,7,19,6,20,Y6035675,,,,0,30.0,0,0
75,7,19,6,21,Y6035676,,,,0,30.0,0,0
75,7,19,6,22,Y6035677,,,,0,30.0,0,0
75,7,19,6,23,Y6035678,,,,0,30.0,0,0
75,7,19,6,24,Y6035679,,,,0,30.0,0,0
75,7,19,6,25,Y6035680,,,,0,30.0,0,0
75,7,19,6,26,Y6035681,,,,0,30.0,0,0
75,7,19,6,27,Y6035682,,,,0,30.0,0,0
75,7,19,6,28,Y6035683,,,,0,30.0,0,0
75,7,19,6,29,Y6035684,,,,0,30.0,0,0
75,7,19,6,30,Y6035685,,,,0,30.0,0,0
75,7,19,7,10,Y6035686,,,,0,30.0,0,0
75,7,19,7,11,Y6035687,,,,0,30.0,0,0
75,7,19,7,12,Y6035688,,,,0,30.0,0,0
75,7,19,7,13,Y6035689,,,,0,30.0,0,0
75,7,19,7,14,Y6035690,,,,0,30.0,0,0
75,7,19,7,15,Y6035691,,,,0,30.0,0,0
75,7,19,7,16,Y6035692,,,,0,30.0,0,0
75,7,19,7,17,Y6035693,,,,0,30.0,0,0
75,7,19,7,18,Y6035694,,,,0,30.0,0,0
75,7,19,7,19,Y6035695,,,,0,30.0,0,0
75,7,19,7,20,Y6035696,,,,0,30.0,0,0
75,7,19,7,21,Y6035697,,,,0,30.0,0,0
75,7,19,7,22,Y6035698,,,,0,30.0,0,0
75,7,19,7,23,Y6035699,,,,0,30.0,0,0
75,7,19,7,24,Y6035700,,,,0,30.0,0,0
75,7,19,7,25,Y6035701,,,,0,30.0,0,0
75,7,19,7,26,Y6035702,,,,0,30.0,0,0
75,7,19,7,27,Y6035703,,,,0,30.0,0,0
75,7,19,7,28,Y6035704,,,,0,30.0,0,0
75,7,19,7,29,Y6035705,,,,0,30.0,0,0
75,7,19,7,30,Y6035706,,,,0,30.0,0,0
75,7,19,8,10,Y6035707,,,,0,30.0,0,0
75,7,19,8,11,Y6035708,,,,0,30.0,0,0
75,7,19,8,12,Y6035709,,,,0,30.0,0,0
75,7,19,8,13,Y6035710,,,,0,30.0,0,0
75,7,19,8,14,Y6035711,,,,0,30.0,0,0
75,7,19,8,15,Y6035712,,,,0,30.0,0,0
75,7,19,8,16,Y6035713,,,,0,30.0,0,0
75,7,19,8,17,Y6035714,,,,0,30.0,0,0
75,7,19,8,18,Y6035715,,,,0,30.0,0,0
75,7,19,8,19,Y6035716,,,,0,30.0,0,0
75,7,19,8,20,Y6035717,,,,0,30.0,0,0
75,7,19,8,21,Y6035718,,,,0,30.0,0,0
75,7,19,8,22,Y6035719,,,,0,30.0,0,0
75,7,19,8,23,Y6035720,,,,0,30.0,0,0
75,7,19,8,24,Y6035721,,,,0,30.0,0,0
75,7,19,8,25,Y6035722,,,,0,30.0,0,0
75,7,19,8,26,Y6035723,,,,0,30.0,0,0
75,7,19,8,27,Y6035724,,,,0,30.0,0,0
75,7,19,8,28,Y6035725,,,,0,30.0,0,0
75,7,19,8,29,Y6035726,,,,0,30.0,0,0
75,7,19,8,30,Y6035727,,,,0,30.0,0,0
75,7,19,9,10,Y6035728,,,,0,30.0,0,0
75,7,19,9,11,Y6035729,,,,0,30.0,0,0
75,7,19,9,12,Y6035730,,,,0,30.0,0,0
75,7,19,9,13,Y6035731,,,,0,30.0,0,0
75,7,19,9,14,Y6035732,,,,0,30.0,0,0
75,7,19,9,15,Y6035733,,,,0,30.0,0,0
75,7,19,9,16,Y6035734,,,,0,30.0,0,0
75,7,19,9,17,Y6035735,,,,0,30.0,0,0
75,7,19,9,18,Y6035736,,,,0,30.0,0,0
75,7,19,9,19,Y6035737,,,,0,30.0,0,0
75,7,19,9,20,Y6035738,,,,0,30.0,0,0
75,7,19,9,21,Y6035739,,,,0,30.0,0,0
75,7,19,9,22,Y6035740,,,,0,30.0,0,0
75,7,19,9,23,Y6035741,,,,0,30.0,0,0
75,7,19,9,24,Y6035742,,,,0,30.0,0,0
75,7,19,9,25,Y6035743,,,,0,30.0,0,0
75,7,19,9,26,Y6035744,,,,0,30.0,0,0
75,7,19,9,27,Y6035745,,,,0,30.0,0,0
75,7,19,9,28,Y6035746,,,,0,30.0,0,0
75,7,19,9,29,Y6035747,,,,0,30.0,0,0
75,7,19,9,30,Y6035748,,,,0,30.0,0,0
75,7,19,10,10,Y6035749,,,,0,30.0,0,0
75,7,19,10,11,Y6035750,,,,0,30.0,0,0
75,7,19,10,12,Y6035751,,,,0,30.0,0,0
75,7,19,10,13,Y6035752,,,,0,30.0,0,0
75,7,19,10,14,Y6035753,,,,0,30.0,0,0
75,7,19,10,15,Y6035754,,,,0,30.0,0,0
75,7,19,10,16,Y6035755,,,,0,30.0,0,0
75,7,19,10,17,Y6035756,,,,0,30.0,0,0
75,7,19,10,18,Y6035757,,,,0,30.0,0,0
75,7,19,10,19,Y6035758,,,,0,30.0,0,0
75,7,19,10,20,Y6035759,,,,0,30.0,0,0
75,7,19,10,21,Y6035760,,,,0,30.0,0,0
75,7,19,10,22,Y6035761,,,,0,30.0,0,0
75,7,19,10,23,Y6035762,,,,0,30.0,0,0
75,7,19,10,24,Y6035763,,,,0,30.0,0,0
75,7,19,10,25,Y6035764,,,,0,30.0,0,0
75,7,19,10,26,Y6035765,,,,0,30.0,0,0
75,7,19,10,27,Y6035766,,,,0,30.0,0,0
75,7,19,10,28,Y6035767,,,,0,30.0,0,0
75,7,19,10,29,Y6035768,,,,0,30.0,0,0
75,7,19,10,30,Y6035769,,,,0,30.0,0,0
75,7,19,11,10,Y6035770,,,,0,30.0,0,0
75,7,19,11,11,Y6035771,,,,0,30.0,0,0
75,7,19,11,12,Y6035772,,,,0,30.0,0,0
75,7,19,11,13,Y6035773,,,,0,30.0,0,0
75,7,19,11,14,Y6035774,,,,0,30.0,0,0
75,7,19,11,15,Y6035775,,,,0,30.0,0,0
75,7,19,11,16,Y6035776,,,,0,30.0,0,0
75,7,19,11,17,Y6035777,,,,0,30.0,0,0
75,7,19,11,18,Y6035778,,,,0,30.0,0,0
75,7,19,11,19,Y6035779,,,,0,30.0,0,0
75,7,19,11,20,Y6035780,,,,0,30.0,0,0
75,7,19,11,21,Y6035781,,,,0,30.0,0,0
75,7,19,11,22,Y6035782,,,,0,30.0,0,0
75,7,19,11,23,Y6035783,,,,0,30.0,0,0
75,7,19,11,24,Y6035784,,,,0,30.0,0,0
75,7,19,11,25,Y6035785,,,,0,30.0,0,0
75,7,19,11,26,Y6035786,,,,0,30.0,0,0
75,7,19,11,27,Y6035787,,,,0,30.0,0,0
75,7,19,11,28,Y6035788,,,,0,30.0,0,0
75,7,19,11,29,Y6035789,,,,0,30.0,0,0
75,7,19,11,30,Y6035790,,,,0,30.0,0,0
75,7,19,12,10,Y6035791,,,,0,30.0,0,0
75,7,19,12,11,Y6035792,,,,0,30.0,0,0
75,7,19,12,12,Y6035793,,,,0,30.0,0,0
75,7,19,12,13,Y6035794,,,,0,30.0,0,0
75,7,19,12,14,Y6035795,,,,0,30.0,0,0
75,7,19,12,15,Y6035796,,,,0,30.0,0,0
75,7,19,12,16,Y6035797,,,,0,30.0,0,0
75,7,19,12,17,Y6035798,,,,0,30.0,0,0
75,7,19,12,18,Y6035799,,,,0,30.0,0,0
75,7,19,12,19,Y6035800,,,,0,30.0,0,0
75,7,19,12,20,Y6035801,,,,0,30.0,0,0
75,7,19,12,21,Y6035802,,,,0,30.0,0,0
75,7,19,12,22,Y6035803,,,,0,30.0,0,0
75,7,19,12,23,Y6035804,,,,0,30.0,0,0
75,7,19,12,24,Y6035805,,,,0,30.0,0,0
75,7,19,12,25,Y6035806,,,,0,30.0,0,0
75,7,19,12,26,Y6035807,,,,0,30.0,0,0
75,7,19,12,27,Y6035808,,,,0,30.0,0,0
75,7,19,12,28,Y6035809,,,,0,30.0,0,0
75,7,19,12,29,Y6035810,,,,0,30.0,0,0
75,7,19,12,30,Y6035811,,,,0,30.0,0,0
75,7,20,1,10,Y6035812,,,,0,30.0,0,0
75,7,20,1,11,Y6035813,,,,0,30.0,0,0
75,7,20,1,12,Y6035814,,,,0,30.0,0,0
75,7,20,1,13,Y6035815,,,,0,30.0,0,0
75,7,20,1,14,Y6035816,,,,0,30.0,0,0
75,7,20,1,15,Y6035817,,,,0,30.0,0,0
75,7,20,1,16,Y6035818,,,,0,30.0,0,0
75,7,20,1,17,Y6035819,,,,0,30.0,0,0
75,7,20,1,18,Y6035820,,,,0,30.0,0,0
75,7,20,1,19,Y6035821,,,,0,30.0,0,0
75,7,20,1,20,Y6035822,,,,0,30.0,0,0
75,7,20,1,21,Y6035823,,,,0,30.0,0,0
75,7,20,1,22,Y6035824,,,,0,30.0,0,0
75,7,20,1,23,Y6035825,,,,0,30.0,0,0
75,7,20,1,24,Y6035826,,,,0,30.0,0,0
75,7,20,1,25,Y6035827,,,,0,30.0,0,0
75,7,20,1,26,Y6035828,,,,0,30.0,0,0
75,7,20,1,27,Y6035829,,,,0,30.0,0,0
75,7,20,1,28,Y6035830,,,,0,30.0,0,0
75,7,20,1,29,Y6035831,,,,0,30.0,0,0
75,7,20,1,30,Y6035832,,,,0,30.0,0,0
75,7,20,2,10,Y6035833,,,,0,30.0,0,0
75,7,20,2,11,Y6035834,,,,0,30.0,0,0
75,7,20,2,12,Y6035835,,,,0,30.0,0,0
75,7,20,2,13,Y6035836,,,,0,30.0,0,0
75,7,20,2,14,Y6035837,,,,0,30.0,0,0
75,7,20,2,15,Y6035838,,,,0,30.0,0,0
75,7,20,2,16,Y6035839,,,,0,30.0,0,0
75,7,20,2,17,Y6035840,,,,0,30.0,0,0
75,7,20,2,18,Y6035841,,,,0,30.0,0,0
75,7,20,2,19,Y6035842,,,,0,30.0,0,0
75,7,20,2,20,Y6035843,,,,0,30.0,0,0
75,7,20,2,21,Y6035844,,,,0,30.0,0,0
75,7,20,2,22,Y6035845,,,,0,30.0,0,0
75,7,20,2,23,Y6035846,,,,0,30.0,0,0
75,7,20,2,24,Y6035847,,,,0,30.0,0,0
75,7,20,2,25,Y6035848,,,,0,30.0,0,0
75,7,20,2,26,Y6035849,,,,0,30.0,0,0
75,7,20,2,27,Y6035850,,,,0,30.0,0,0
75,7,20,2,28,Y6035851,,,,0,30.0,0,0
75,7,20,2,29,Y6035852,,,,0,30.0,0,0
75,7,20,2,30,Y6035853,,,,0,30.0,0,0
75,7,20,3,10,Y6035854,,,,0,30.0,0,0
75,7,20,3,11,Y6035855,,,,0,30.0,0,0
75,7,20,3,12,Y6035856,,,,0,30.0,0,0
75,7,20,3,13,Y6035857,,,,0,30.0,0,0
75,7,20,3,14,Y6035858,,,,0,30.0,0,0
75,7,20,3,15,Y6035859,,,,0,30.0,0,0
75,7,20,3,16,Y6035860,,,,0,30.0,0,0
75,7,20,3,17,Y6035861,,,,0,30.0,0,0
75,7,20,3,18,Y6035862,,,,0,30.0,0,0
75,7,20,3,19,Y6035863,,,,0,30.0,0,0
75,7,20,3,20,Y6035864,,,,0,30.0,0,0
75,7,20,3,21,Y6035865,,,,0,30.0,0,0
75,7,20,3,22,Y6035866,,,,0,30.0,0,0
75,7,20,3,23,Y6035867,,,,0,30.0,0,0
75,7,20,3,24,Y6035868,,,,0,30.0,0,0
75,7,20,3,25,Y6035869,,,,0,30.0,0,0
75,7,20,3,26,Y6035870,,,,0,30.0,0,0
75,7,20,3,27,Y6035871,,,,0,30.0,0,0
75,7,20,3,28,Y6035872,,,,0,30.0,0,0
75,7,20,3,29,Y6035873,,,,0,30.0,0,0
75,7,20,3,30,Y6035874,,,,0,30.0,0,0
75,7,20,4,10,Y6035875,,,,0,30.0,0,0
75,7,20,4,11,Y6035876,,,,0,30.0,0,0
75,7,20,4,12,Y6035877,,,,0,30.0,0,0
75,7,20,4,13,Y6035878,,,,0,30.0,0,0
75,7,20,4,14,Y6035879,,,,0,30.0,0,0
75,7,20,4,15,Y6035880,,,,0,30.0,0,0
75,7,20,4,16,Y6035881,,,,0,30.0,0,0
75,7,20,4,17,Y6035882,,,,0,30.0,0,0
75,7,20,4,18,Y6035883,,,,0,30.0,0,0
75,7,20,4,19,Y6035884,,,,0,30.0,0,0
75,7,20,4,20,Y6035885,,,,0,30.0,0,0
75,7,20,4,21,Y6035886,,,,0,30.0,0,0
75,7,20,4,22,Y6035887,,,,0,30.0,0,0
75,7,20,4,23,Y6035888,,,,0,30.0,0,0
75,7,20,4,24,Y6035889,,,,0,30.0,0,0
75,7,20,4,25,Y6035890,,,,0,30.0,0,0
75,7,20,4,26,Y6035891,,,,0,30.0,0,0
75,7,20,4,27,Y6035892,,,,0,30.0,0,0
75,7,20,4,28,Y6035893,,,,0,30.0,0,0
75,7,20,4,29,Y6035894,,,,0,30.0,0,0
75,7,20,4,30,Y6035895,,,,0,30.0,0,0
75,7,20,5,10,Y6035896,,,,0,30.0,0,0
75,7,20,5,11,Y6035897,,,,0,30.0,0,0
75,7,20,5,12,Y6035898,,,,0,30.0,0,0
75,7,20,5,13,Y6035899,,,,0,30.0,0,0
75,7,20,5,14,Y6035900,,,,0,30.0,0,0
75,7,20,5,15,Y6035901,,,,0,30.0,0,0
75,7,20,5,16,Y6035902,,,,0,30.0,0,0
75,7,20,5,17,Y6035903,,,,0,30.0,0,0
75,7,20,5,18,Y6035904,,,,0,30.0,0,0
75,7,20,5,19,Y6035905,,,,0,30.0,0,0
75,7,20,5,20,Y6035906,,,,0,30.0,0,0
75,7,20,5,21,Y6035907,,,,0,30.0,0,0
75,7,20,5,22,Y6035908,,,,0,30.0,0,0
75,7,20,5,23,Y6035909,,,,0,30.0,0,0
75,7,20,5,24,Y6035910,,,,0,30.0,0,0
75,7,20,5,25,Y6035911,,,,0,30.0,0,0
75,7,20,5,26,Y6035912,,,,0,30.0,0,0
75,7,20,5,27,Y6035913,,,,0,30.0,0,0
75,7,20,5,28,Y6035914,,,,0,30.0,0,0
75,7,20,5,29,Y6035915,,,,0,30.0,0,0
75,7,20,5,30,Y6035916,,,,0,30.0,0,0
75,7,20,6,10,Y6035917,,,,0,30.0,0,0
75,7,20,6,11,Y6035918,,,,0,30.0,0,0
75,7,20,6,12,Y6035919,,,,0,30.0,0,0
75,7,20,6,13,Y6035920,,,,0,30.0,0,0
75,7,20,6,14,Y6035921,,,,0,30.0,0,0
75,7,20,6,15,Y6035922,,,,0,30.0,0,0
75,7,20,6,16,Y6035923,,,,0,30.0,0,0
75,7,20,6,17,Y6035924,,,,0,30.0,0,0
75,7,20,6,18,Y6035925,,,,0,30.0,0,0
75,7,20,6,19,Y6035926,,,,0,30.0,0,0
75,7,20,6,20,Y6035927,,,,0,30.0,0,0
75,7,20,6,21,Y6035928,,,,0,30.0,0,0
75,7,20,6,22,Y6035929,,,,0,30.0,0,0
75,7,20,6,23,Y6035930,,,,0,30.0,0,0
75,7,20,6,24,Y6035931,,,,0,30.0,0,0
75,7,20,6,25,Y6035932,,,,0,30.0,0,0
75,7,20,6,26,Y6035933,,,,0,30.0,0,0
75,7,20,6,27,Y6035934,,,,0,30.0,0,0
75,7,20,6,28,Y6035935,,,,0,30.0,0,0
75,7,20,6,29,Y6035936,,,,0,30.0,0,0
75,7,20,6,30,Y6035937,,,,0,30.0,0,0
75,7,20,7,10,Y6035938,,,,0,30.0,0,0
75,7,20,7,11,Y6035939,,,,0,30.0,0,0
75,7,20,7,12,Y6035940,,,,0,30.0,0,0
75,7,20,7,13,Y6035941,,,,0,30.0,0,0
75,7,20,7,14,Y6035942,,,,0,30.0,0,0
75,7,20,7,15,Y6035943,,,,0,30.0,0,0
75,7,20,7,16,Y6035944,,,,0,30.0,0,0
75,7,20,7,17,Y6035945,,,,0,30.0,0,0
75,7,20,7,18,Y6035946,,,,0,30.0,0,0
75,7,20,7,19,Y6035947,,,,0,30.0,0,0
75,7,20,7,20,Y6035948,,,,0,30.0,0,0
75,7,20,7,21,Y6035949,,,,0,30.0,0,0
75,7,20,7,22,Y6035950,,,,0,30.0,0,0
75,7,20,7,23,Y6035951,,,,0,30.0,0,0
75,7,20,7,24,Y6035952,,,,0,30.0,0,0
75,7,20,7,25,Y6035953,,,,0,30.0,0,0
75,7,20,7,26,Y6035954,,,,0,30.0,0,0
75,7,20,7,27,Y6035955,,,,0,30.0,0,0
75,7,20,7,28,Y6035956,,,,0,30.0,0,0
75,7,20,7,29,Y6035957,,,,0,30.0,0,0
75,7,20,7,30,Y6035958,,,,0,30.0,0,0
75,7,20,8,10,Y6035959,,,,0,30.0,0,0
75,7,20,8,11,Y6035960,,,,0,30.0,0,0
75,7,20,8,12,Y6035961,,,,0,30.0,0,0
75,7,20,8,13,Y6035962,,,,0,30.0,0,0
75,7,20,8,14,Y6035963,,,,0,30.0,0,0
75,7,20,8,15,Y6035964,,,,0,30.0,0,0
75,7,20,8,16,Y6035965,,,,0,30.0,0,0
75,7,20,8,17,Y6035966,,,,0,30.0,0,0
75,7,20,8,18,Y6035967,,,,0,30.0,0,0
75,7,20,8,19,Y6035968,,,,0,30.0,0,0
75,7,20,8,20,Y6035969,,,,0,30.0,0,0
75,7,20,8,21,Y6035970,,,,0,30.0,0,0
75,7,20,8,22,Y6035971,,,,0,30.0,0,0
75,7,20,8,23,Y6035972,,,,0,30.0,0,0
75,7,20,8,24,Y6035973,,,,0,30.0,0,0
75,7,20,8,25,Y6035974,,,,0,30.0,0,0
75,7,20,8,26,Y6035975,,,,0,30.0,0,0
75,7,20,8,27,Y6035976,,,,0,30.0,0,0
75,7,20,8,28,Y6035977,,,,0,30.0,0,0
75,7,20,8,29,Y6035978,,,,0,30.0,0,0
75,7,20,8,30,Y6035979,,,,0,30.0,0,0
75,7,20,9,10,Y6035980,,,,0,30.0,0,0
75,7,20,9,11,Y6035981,,,,0,30.0,0,0
75,7,20,9,12,Y6035982,,,,0,30.0,0,0
75,7,20,9,13,Y6035983,,,,0,30.0,0,0
75,7,20,9,14,Y6035984,,,,0,30.0,0,0
75,7,20,9,15,Y6035985,,,,0,30.0,0,0
75,7,20,9,16,Y6035986,,,,0,30.0,0,0
75,7,20,9,17,Y6035987,,,,0,30.0,0,0
75,7,20,9,18,Y6035988,,,,0,30.0,0,0
75,7,20,9,19,Y6035989,,,,0,30.0,0,0
75,7,20,9,20,Y6035990,,,,0,30.0,0,0
75,7,20,9,21,Y6035991,,,,0,30.0,0,0
75,7,20,9,22,Y6035992,,,,0,30.0,0,0
75,7,20,9,23,Y6035993,,,,0,30.0,0,0
75,7,20,9,24,Y6035994,,,,0,30.0,0,0
75,7,20,9,25,Y6035995,,,,0,30.0,0,0
75,7,20,9,26,Y6035996,,,,0,30.0,0,0
75,7,20,9,27,Y6035997,,,,0,30.0,0,0
75,7,20,9,28,Y6035998,,,,0,30.0,0,0
75,7,20,9,29,Y6035999,,,,0,30.0,0,0
75,7,20,9,30,Y6036000,,,,0,30.0,0,0
75,7,20,10,10,Y6036001,,,,0,30.0,0,0
75,7,20,10,11,Y6036002,,,,0,30.0,0,0
75,7,20,10,12,Y6036003,,,,0,30.0,0,0
75,7,20,10,13,Y6036004,,,,0,30.0,0,0
75,7,20,10,14,Y6036005,,,,0,30.0,0,0
75,7,20,10,15,Y6036006,,,,0,30.0,0,0
75,7,20,10,16,Y6036007,,,,0,30.0,0,0
75,7,20,10,17,Y6036008,,,,0,30.0,0,0
75,7,20,10,18,Y6036009,,,,0,30.0,0,0
75,7,20,10,19,Y6036010,,,,0,30.0,0,0
75,7,20,10,20,Y6036011,,,,0,30.0,0,0
75,7,20,10,21,Y6036012,,,,0,30.0,0,0
75,7,20,10,22,Y6036013,,,,0,30.0,0,0
75,7,20,10,23,Y6036014,,,,0,30.0,0,0
75,7,20,10,24,Y6036015,,,,0,30.0,0,0
75,7,20,10,25,Y6036016,,,,0,30.0,0,0
75,7,20,10,26,Y6036017,,,,0,30.0,0,0
75,7,20,10,27,Y6036018,,,,0,30.0,0,0
75,7,20,10,28,Y6036019,,,,0,30.0,0,0
75,7,20,10,29,Y6036020,,,,0,30.0,0,0
75,7,20,10,30,Y6036021,,,,0,30.0,0,0
75,7,20,11,10,Y6036022,,,,0,30.0,0,0
75,7,20,11,11,Y6036023,,,,0,30.0,0,0
75,7,20,11,12,Y6036024,,,,0,30.0,0,0
75,7,20,11,13,Y6036025,,,,0,30.0,0,0
75,7,20,11,14,Y6036026,,,,0,30.0,0,0
75,7,20,11,15,Y6036027,,,,0,30.0,0,0
75,7,20,11,16,Y6036028,,,,0,30.0,0,0
75,7,20,11,17,Y6036029,,,,0,30.0,0,0
75,7,20,11,18,Y6036030,,,,0,30.0,0,0
75,7,20,11,19,Y6036031,,,,0,30.0,0,0
75,7,20,11,20,Y6036032,,,,0,30.0,0,0
75,7,20,11,21,Y6036033,,,,0,30.0,0,0
75,7,20,11,22,Y6036034,,,,0,30.0,0,0
75,7,20,11,23,Y6036035,,,,0,30.0,0,0
75,7,20,11,24,Y6036036,,,,0,30.0,0,0
75,7,20,11,25,Y6036037,,,,0,30.0,0,0
75,7,20,11,26,Y6036038,,,,0,30.0,0,0
75,7,20,11,27,Y6036039,,,,0,30.0,0,0
75,7,20,11,28,Y6036040,,,,0,30.0,0,0
75,7,20,11,29,Y6036041,,,,0,30.0,0,0
75,7,20,11,30,Y6036042,,,,0,30.0,0,0
75,7,20,12,10,Y6036043,,,,0,30.0,0,0
75,7,20,12,11,Y6036044,,,,0,30.0,0,0
75,7,20,12,12,Y6036045,,,,0,30.0,0,0
75,7,20,12,13,Y6036046,,,,0,30.0,0,0
75,7,20,12,14,Y6036047,,,,0,30.0,0,0
75,7,20,12,15,Y6036048,,,,0,30.0,0,0
75,7,20,12,16,Y6036049,,,,0,30.0,0,0
75,7,20,12,17,Y6036050,,,,0,30.0,0,0
75,7,20,12,18,Y6036051,,,,0,30.0,0,0
75,7,20,12,19,Y6036052,,,,0,30.0,0,0
75,7,20,12,20,Y6036053,,,,0,30.0,0,0
75,7,20,12,21,Y6036054,,,,0,30.0,0,0
75,7,20,12,22,Y6036055,,,,0,30.0,0,0
75,7,20,12,23,Y6036056,,,,0,30.0,0,0
75,7,20,12,24,Y6036057,,,,0,30.0,0,0
75,7,20,12,25,Y6036058,,,,0,30.0,0,0
75,7,20,12,26,Y6036059,,,,0,30.0,0,0
75,7,20,12,27,Y6036060,,,,0,30.0,0,0
75,7,20,12,28,Y6036061,,,,0,30.0,0,0
75,7,20,12,29,Y6036062,,,,0,30.0,0,0
75,7,20,12,30,Y6036063,,,,0,30.0,0,0
75,7,21,1,10,Y6036064,,,,0,30.0,0,0
75,7,21,1,11,Y6036065,,,,0,30.0,0,0
75,7,21,1,12,Y6036066,,,,0,30.0,0,0
75,7,21,1,13,Y6036067,,,,0,30.0,0,0
75,7,21,1,14,Y6036068,,,,0,30.0,0,2
75,7,21,1,15,Y6036069,,,,0,30.0,0,2
75,7,21,1,16,Y6036070,,,,0,30.0,0,2
75,7,21,1,17,Y6036071,,,,0,30.0,0,2
75,7,21,1,18,Y6036072,,,,0,30.0,0,2
75,7,21,1,19,Y6036073,,,,0,30.0,0,0
75,7,21,1,20,Y6036074,,,,0,30.0,0,0
75,7,21,1,21,Y6036075,,,,0,30.0,0,0
75,7,21,1,22,Y6036076,,,,0,30.0,0,0
75,7,21,1,23,Y6036077,,,,0,30.0,0,0
75,7,21,1,24,Y6036078,,,,0,30.0,0,0
75,7,21,1,25,Y6036079,,,,0,30.0,0,0
75,7,21,1,26,Y6036080,,,,0,30.0,0,0
75,7,21,1,27,Y6036081,,,,0,30.0,0,0
75,7,21,1,28,Y6036082,,,,0,30.0,0,0
75,7,21,1,29,Y6036083,,,,0,30.0,0,0
75,7,21,1,30,Y6036084,,,,0,30.0,0,0
75,7,21,2,10,Y6036085,,,,0,30.0,0,0
75,7,21,2,11,Y6036086,,,,0,30.0,0,0
75,7,21,2,12,Y6036087,,,,0,30.0,0,0
75,7,21,2,13,Y6036088,,,,0,30.0,0,0
75,7,21,2,14,Y6036089,,,,0,30.0,0,2
75,7,21,2,15,Y6036090,,,,0,30.0,0,2
75,7,21,2,16,Y6036091,,,,0,30.0,0,2
75,7,21,2,17,Y6036092,,,,0,30.0,0,2
75,7,21,2,18,Y6036093,,,,0,30.0,0,2
75,7,21,2,19,Y6036094,,,,0,30.0,0,0
75,7,21,2,20,Y6036095,,,,0,30.0,0,0
75,7,21,2,21,Y6036096,,,,0,30.0,0,0
75,7,21,2,22,Y6036097,,,,0,30.0,0,0
75,7,21,2,23,Y6036098,,,,0,30.0,0,0
75,7,21,2,24,Y6036099,,,,0,30.0,0,0
75,7,21,2,25,Y6036100,,,,0,30.0,0,0
75,7,21,2,26,Y6036101,,,,0,30.0,0,0
75,7,21,2,27,Y6036102,,,,0,30.0,0,0
75,7,21,2,28,Y6036103,,,,0,30.0,0,0
75,7,21,2,29,Y6036104,,,,0,30.0,0,0
75,7,21,2,30,Y6036105,,,,0,30.0,0,0
75,7,21,3,10,Y6036106,,,,0,30.0,0,0
75,7,21,3,11,Y6036107,,,,0,30.0,0,0
75,7,21,3,12,Y6036108,,,,0,30.0,0,0
75,7,21,3,13,Y6036109,,,,0,30.0,0,0
75,7,21,3,14,Y6036110,,,,0,30.0,0,0
75,7,21,3,15,Y6036111,,,,0,30.0,0,2
75,7,21,3,16,Y6036112,,,,0,30.0,0,2
75,7,21,3,17,Y6036113,,,,0,30.0,0,2
75,7,21,3,18,Y6036114,,,,0,30.0,0,0
75,7,21,3,19,Y6036115,,,,0,30.0,0,0
75,7,21,3,20,Y6036116,,,,0,30.0,0,0
75,7,21,3,21,Y6036117,,,,0,30.0,0,0
75,7,21,3,22,Y6036118,,,,0,30.0,0,0
75,7,21,3,23,Y6036119,,,,0,30.0,0,0
75,7,21,3,24,Y6036120,,,,0,30.0,0,0
75,7,21,3,25,Y6036121,,,,0,30.0,0,0
75,7,21,3,26,Y6036122,,,,0,30.0,0,0
75,7,21,3,27,Y6036123,,,,0,30.0,0,0
75,7,21,3,28,Y6036124,,,,0,30.0,0,0
75,7,21,3,29,Y6036125,,,,0,30.0,0,0
75,7,21,3,30,Y6036126,,,,0,30.0,0,0
75,7,21,4,10,Y6036127,,,,0,30.0,0,0
75,7,21,4,11,Y6036128,,,,0,30.0,0,0
75,7,21,4,12,Y6036129,,,,0,30.0,0,0
75,7,21,4,13,Y6036130,,,,0,30.0,0,0
75,7,21,4,14,Y6036131,,,,0,30.0,0,0
75,7,21,4,15,Y6036132,,,,0,30.0,0,0
75,7,21,4,16,Y6036133,,,,0,30.0,0,0
75,7,21,4,17,Y6036134,,,,0,30.0,0,0
75,7,21,4,18,Y6036135,,,,0,30.0,0,0
75,7,21,4,19,Y6036136,,,,0,30.0,0,0
75,7,21,4,20,Y6036137,,,,0,30.0,0,0
75,7,21,4,21,Y6036138,,,,0,30.0,0,0
75,7,21,4,22,Y6036139,,,,0,30.0,0,0
75,7,21,4,23,Y6036140,,,,0,30.0,0,0
75,7,21,4,24,Y6036141,,,,0,30.0,0,0
75,7,21,4,25,Y6036142,,,,0,30.0,0,0
75,7,21,4,26,Y6036143,,,,0,30.0,0,0
75,7,21,4,27,Y6036144,,,,0,30.0,0,0
75,7,21,4,28,Y6036145,,,,0,30.0,0,0
75,7,21,4,29,Y6036146,,,,0,30.0,0,0
75,7,21,4,30,Y6036147,,,,0,30.0,0,0
75,7,21,5,10,Y6036148,,,,0,30.0,0,0
75,7,21,5,11,Y6036149,,,,0,30.0,0,0
75,7,21,5,12,Y6036150,,,,0,30.0,0,0
75,7,21,5,13,Y6036151,,,,0,30.0,0,0
75,7,21,5,14,Y6036152,,,,0,30.0,0,0
75,7,21,5,15,Y6036153,,,,0,30.0,0,0
75,7,21,5,16,Y6036154,,,,0,30.0,0,0
75,7,21,5,17,Y6036155,,,,0,30.0,0,0
75,7,21,5,18,Y6036156,,,,0,30.0,0,0
75,7,21,5,19,Y6036157,,,,0,30.0,0,0
75,7,21,5,20,Y6036158,,,,0,30.0,0,0
75,7,21,5,21,Y6036159,,,,0,30.0,0,0
75,7,21,5,22,Y6036160,,,,0,30.0,0,0
75,7,21,5,23,Y6036161,,,,0,30.0,0,0
75,7,21,5,24,Y6036162,,,,0,30.0,0,0
75,7,21,5,25,Y6036163,,,,0,30.0,0,0
75,7,21,5,26,Y6036164,,,,0,30.0,0,0
75,7,21,5,27,Y6036165,,,,0,30.0,0,0
75,7,21,5,28,Y6036166,,,,0,30.0,0,0
75,7,21,5,29,Y6036167,,,,0,30.0,0,0
75,7,21,5,30,Y6036168,,,,0,30.0,0,0
75,7,21,6,10,Y6036169,,,,0,30.0,0,0
75,7,21,6,11,Y6036170,,,,0,30.0,0,0
75,7,21,6,12,Y6036171,,,,0,30.0,0,0
75,7,21,6,13,Y6036172,,,,0,30.0,0,0
75,7,21,6,14,Y6036173,,,,0,30.0,0,0
75,7,21,6,15,Y6036174,,,,0,30.0,0,0
75,7,21,6,16,Y6036175,,,,0,30.0,0,0
75,7,21,6,17,Y6036176,,,,0,30.0,0,0
75,7,21,6,18,Y6036177,,,,0,30.0,0,0
75,7,21,6,19,Y6036178,,,,0,30.0,0,0
75,7,21,6,20,Y6036179,,,,0,30.0,0,0
75,7,21,6,21,Y6036180,,,,0,30.0,0,0
75,7,21,6,22,Y6036181,,,,0,30.0,0,0
75,7,21,6,23,Y6036182,,,,0,30.0,0,0
75,7,21,6,24,Y6036183,,,,0,30.0,0,0
75,7,21,6,25,Y6036184,,,,0,30.0,0,0
75,7,21,6,26,Y6036185,,,,0,30.0,0,0
75,7,21,6,27,Y6036186,,,,0,30.0,0,0
75,7,21,6,28,Y6036187,,,,0,30.0,0,0
75,7,21,6,29,Y6036188,,,,0,30.0,0,0
75,7,21,6,30,Y6036189,,,,0,30.0,0,0
75,7,21,7,10,Y6036190,,,,0,30.0,0,0
75,7,21,7,11,Y6036191,,,,0,30.0,0,0
75,7,21,7,12,Y6036192,,,,0,30.0,0,0
75,7,21,7,13,Y6036193,,,,0,30.0,0,0
75,7,21,7,14,Y6036194,,,,0,30.0,0,0
75,7,21,7,15,Y6036195,,,,0,30.0,0,0
75,7,21,7,16,Y6036196,,,,0,30.0,0,0
75,7,21,7,17,Y6036197,,,,0,30.0,0,0
75,7,21,7,18,Y6036198,,,,0,30.0,0,0
75,7,21,7,19,Y6036199,,,,0,30.0,0,0
75,7,21,7,20,Y6036200,,,,0,30.0,0,0
75,7,21,7,21,Y6036201,,,,0,30.0,0,0
75,7,21,7,22,Y6036202,,,,0,30.0,0,0
75,7,21,7,23,Y6036203,,,,0,30.0,0,0
75,7,21,7,24,Y6036204,,,,0,30.0,0,0
75,7,21,7,25,Y6036205,,,,0,30.0,0,0
75,7,21,7,26,Y6036206,,,,0,30.0,0,0
75,7,21,7,27,Y6036207,,,,0,30.0,0,0
75,7,21,7,28,Y6036208,,,,0,30.0,0,0
75,7,21,7,29,Y6036209,,,,0,30.0,0,0
75,7,21,7,30,Y6036210,,,,0,30.0,0,0
75,7,21,8,10,Y6036211,,,,0,30.0,0,0
75,7,21,8,11,Y6036212,,,,0,30.0,0,0
75,7,21,8,12,Y6036213,,,,0,30.0,0,0
75,7,21,8,13,Y6036214,,,,0,30.0,0,0
75,7,21,8,14,Y6036215,,,,0,30.0,0,0
75,7,21,8,15,Y6036216,,,,0,30.0,0,0
75,7,21,8,16,Y6036217,,,,0,30.0,0,0
75,7,21,8,17,Y6036218,,,,0,30.0,0,0
75,7,21,8,18,Y6036219,,,,0,30.0,0,0
75,7,21,8,19,Y6036220,,,,0,30.0,0,0
75,7,21,8,20,Y6036221,,,,0,30.0,0,0
75,7,21,8,21,Y6036222,,,,0,30.0,0,0
75,7,21,8,22,Y6036223,,,,0,30.0,0,0
75,7,21,8,23,Y6036224,,,,0,30.0,0,0
75,7,21,8,24,Y6036225,,,,0,30.0,0,0
75,7,21,8,25,Y6036226,,,,0,30.0,0,0
75,7,21,8,26,Y6036227,,,,0,30.0,0,0
75,7,21,8,27,Y6036228,,,,0,30.0,0,0
75,7,21,8,28,Y6036229,,,,0,30.0,0,0
75,7,21,8,29,Y6036230,,,,0,30.0,0,0
75,7,21,8,30,Y6036231,,,,0,30.0,0,0
75,7,21,9,10,Y6036232,,,,0,30.0,0,0
75,7,21,9,11,Y6036233,,,,0,30.0,0,0
75,7,21,9,12,Y6036234,,,,0,30.0,0,0
75,7,21,9,13,Y6036235,,,,0,30.0,0,0
75,7,21,9,14,Y6036236,,,,0,30.0,0,0
75,7,21,9,15,Y6036237,,,,0,30.0,0,0
75,7,21,9,16,Y6036238,,,,0,30.0,0,0
75,7,21,9,17,Y6036239,,,,0,30.0,0,0
75,7,21,9,18,Y6036240,,,,0,30.0,0,0
75,7,21,9,19,Y6036241,,,,0,30.0,0,0
75,7,21,9,20,Y6036242,,,,0,30.0,0,0
75,7,21,9,21,Y6036243,,,,0,30.0,0,0
75,7,21,9,22,Y6036244,,,,0,30.0,0,0
75,7,21,9,23,Y6036245,,,,0,30.0,0,0
75,7,21,9,24,Y6036246,,,,0,30.0,0,0
75,7,21,9,25,Y6036247,,,,0,30.0,0,0
75,7,21,9,26,Y6036248,,,,0,30.0,0,0
75,7,21,9,27,Y6036249,,,,0,30.0,0,0
75,7,21,9,28,Y6036250,,,,0,30.0,0,0
75,7,21,9,29,Y6036251,,,,0,30.0,0,0
75,7,21,9,30,Y6036252,,,,0,30.0,0,0
75,7,21,10,10,Y6036253,,,,0,30.0,0,0
75,7,21,10,11,Y6036254,,,,0,30.0,0,0
75,7,21,10,12,Y6036255,,,,0,30.0,0,0
75,7,21,10,13,Y6036256,,,,0,30.0,0,0
75,7,21,10,14,Y6036257,,,,0,30.0,0,0
75,7,21,10,15,Y6036258,,,,0,30.0,0,0
75,7,21,10,16,Y6036259,,,,0,30.0,0,0
75,7,21,10,17,Y6036260,,,,0,30.0,0,0
75,7,21,10,18,Y6036261,,,,0,30.0,0,0
75,7,21,10,19,Y6036262,,,,0,30.0,0,0
75,7,21,10,20,Y6036263,,,,0,30.0,0,0
75,7,21,10,21,Y6036264,,,,0,30.0,0,0
75,7,21,10,22,Y6036265,,,,0,30.0,0,0
75,7,21,10,23,Y6036266,,,,0,30.0,0,0
75,7,21,10,24,Y6036267,,,,0,30.0,0,0
75,7,21,10,25,Y6036268,,,,0,30.0,0,0
75,7,21,10,26,Y6036269,,,,0,30.0,0,0
75,7,21,10,27,Y6036270,,,,0,30.0,0,0
75,7,21,10,28,Y6036271,,,,0,30.0,0,0
75,7,21,10,29,Y6036272,,,,0,30.0,0,0
75,7,21,10,30,Y6036273,,,,0,30.0,0,0
75,7,21,11,10,Y6036274,,,,0,30.0,0,0
75,7,21,11,11,Y6036275,,,,0,30.0,0,0
75,7,21,11,12,Y6036276,,,,0,30.0,0,0
75,7,21,11,13,Y6036277,,,,0,30.0,0,0
75,7,21,11,14,Y6036278,,,,0,30.0,0,0
75,7,21,11,15,Y6036279,,,,0,30.0,0,0
75,7,21,11,16,Y6036280,,,,0,30.0,0,0
75,7,21,11,17,Y6036281,,,,0,30.0,0,0
75,7,21,11,18,Y6036282,,,,0,30.0,0,0
75,7,21,11,19,Y6036283,,,,0,30.0,0,0
75,7,21,11,20,Y6036284,,,,0,30.0,0,0
75,7,21,11,21,Y6036285,,,,0,30.0,0,0
75,7,21,11,22,Y6036286,,,,0,30.0,0,0
75,7,21,11,23,Y6036287,,,,0,30.0,0,0
75,7,21,11,24,Y6036288,,,,0,30.0,0,0
75,7,21,11,25,Y6036289,,,,0,30.0,0,0
75,7,21,11,26,Y6036290,,,,0,30.0,0,0
75,7,21,11,27,Y6036291,,,,0,30.0,0,0
75,7,21,11,28,Y6036292,,,,0,30.0,0,0
75,7,21,11,29,Y6036293,,,,0,30.0,0,0
75,7,21,11,30,Y6036294,,,,0,30.0,0,0
75,7,21,12,10,Y6036295,,,,0,30.0,0,0
75,7,21,12,11,Y6036296,,,,0,30.0,0,0
75,7,21,12,12,Y6036297,,,,0,30.0,0,0
75,7,21,12,13,Y6036298,,,,0,30.0,0,0
75,7,21,12,14,Y6036299,,,,0,30.0,0,0
75,7,21,12,15,Y6036300,,,,0,30.0,0,0
75,7,21,12,16,Y6036301,,,,0,30.0,0,0
75,7,21,12,17,Y6036302,,,,0,30.0,0,0
75,7,21,12,18,Y6036303,,,,0,30.0,0,0
75,7,21,12,19,Y6036304,,,,0,30.0,0,0
75,7,21,12,20,Y6036305,,,,0,30.0,0,0
75,7,21,12,21,Y6036306,,,,0,30.0,0,0
75,7,21,12,22,Y6036307,,,,0,30.0,0,0
75,7,21,12,23,Y6036308,,,,0,30.0,0,0
75,7,21,12,24,Y6036309,,,,0,30.0,0,0
75,7,21,12,25,Y6036310,,,,0,30.0,0,0
75,7,21,12,26,Y6036311,,,,0,30.0,0,0
75,7,21,12,27,Y6036312,,,,0,30.0,0,0
75,7,21,12,28,Y6036313,,,,0,30.0,0,0
75,7,21,12,29,Y6036314,,,,0,30.0,0,0
75,7,21,12,30,Y6036315,,,,0,30.0,0,0
75,7,22,1,10,Y6036316,,,,0,30.0,0,0
75,7,22,1,11,Y6036317,,,,0,30.0,0,0
75,7,22,1,12,Y6036318,,,,0,30.0,0,0
75,7,22,1,13,Y6036319,,,,0,30.0,0,0
75,7,22,1,14,Y6036320,,,,0,30.0,0,2
75,7,22,1,15,Y6036321,,,,0,30.0,0,1
75,7,22,1,16,Y6036322,,,,0,30.0,0,1
75,7,22,1,17,Y6036323,,,,0,30.0,0,1
75,7,22,1,18,Y6036324,,,,0,30.0,0,2
75,7,22,1,19,Y6036325,,,,0,30.0,0,0
75,7,22,1,20,Y6036326,,,,0,30.0,0,0
75,7,22,1,21,Y6036327,,,,0,30.0,0,0
75,7,22,1,22,Y6036328,,,,0,30.0,0,0
75,7,22,1,23,Y6036329,,,,0,30.0,0,0
75,7,22,1,24,Y6036330,,,,0,30.0,0,0
75,7,22,1,25,Y6036331,,,,0,30.0,0,0
75,7,22,1,26,Y6036332,,,,0,30.0,0,0
75,7,22,1,27,Y6036333,,,,0,30.0,0,0
75,7,22,1,28,Y6036334,,,,0,30.0,0,0
75,7,22,1,29,Y6036335,,,,0,30.0,0,0
75,7,22,1,30,Y6036336,,,,0,30.0,0,0
75,7,22,2,10,Y6036337,,,,0,30.0,0,0
75,7,22,2,11,Y6036338,,,,0,30.0,0,0
75,7,22,2,12,Y6036339,,,,0,30.0,0,0
75,7,22,2,13,Y6036340,,,,0,30.0,0,0
75,7,22,2,14,Y6036341,,,,0,30.0,0,2
75,7,22,2,15,Y6036342,,,,0,30.0,0,1
75,7,22,2,16,Y6036343,,,,0,30.0,0,1
75,7,22,2,17,Y6036344,,,,0,30.0,0,1
75,7,22,2,18,Y6036345,,,,0,30.0,0,2
75,7,22,2,19,Y6036346,,,,0,30.0,0,0
75,7,22,2,20,Y6036347,,,,0,30.0,0,0
75,7,22,2,21,Y6036348,,,,0,30.0,0,0
75,7,22,2,22,Y6036349,,,,0,30.0,0,0
75,7,22,2,23,Y6036350,,,,0,30.0,0,0
75,7,22,2,24,Y6036351,,,,0,30.0,0,0
75,7,22,2,25,Y6036352,,,,0,30.0,0,0
75,7,22,2,26,Y6036353,,,,0,30.0,0,0
75,7,22,2,27,Y6036354,,,,0,30.0,0,0
75,7,22,2,28,Y6036355,,,,0,30.0,0,0
75,7,22,2,29,Y6036356,,,,0,30.0,0,0
75,7,22,2,30,Y6036357,,,,0,30.0,0,0
75,7,22,3,10,Y6036358,,,,0,30.0,0,0
75,7,22,3,11,Y6036359,,,,0,30.0,0,0
75,7,22,3,12,Y6036360,,,,0,30.0,0,0
75,7,22,3,13,Y6036361,,,,0,30.0,0,0
75,7,22,3,14,Y6036362,,,,0,30.0,0,2
75,7,22,3,15,Y6036363,,,,0,30.0,0,2
75,7,22,3,16,Y6036364,,,,0,30.0,0,2
75,7,22,3,17,Y6036365,,,,0,30.0,0,2
75,7,22,3,18,Y6036366,,,,0,30.0,0,2
75,7,22,3,19,Y6036367,,,,0,30.0,0,0
75,7,22,3,20,Y6036368,,,,0,30.0,0,0
75,7,22,3,21,Y6036369,,,,0,30.0,0,0
75,7,22,3,22,Y6036370,,,,0,30.0,0,0
75,7,22,3,23,Y6036371,,,,0,30.0,0,0
75,7,22,3,24,Y6036372,,,,0,30.0,0,0
75,7,22,3,25,Y6036373,,,,0,30.0,0,0
75,7,22,3,26,Y6036374,,,,0,30.0,0,0
75,7,22,3,27,Y6036375,,,,0,30.0,0,0
75,7,22,3,28,Y6036376,,,,0,30.0,0,0
75,7,22,3,29,Y6036377,,,,0,30.0,0,0
75,7,22,3,30,Y6036378,,,,0,30.0,0,0
75,7,22,4,10,Y6036379,,,,0,30.0,0,0
75,7,22,4,11,Y6036380,,,,0,30.0,0,0
75,7,22,4,12,Y6036381,,,,0,30.0,0,0
75,7,22,4,13,Y6036382,,,,0,30.0,0,0
75,7,22,4,14,Y6036383,,,,0,30.0,0,0
75,7,22,4,15,Y6036384,,,,0,30.0,0,0
75,7,22,4,16,Y6036385,,,,0,30.0,0,0
75,7,22,4,17,Y6036386,,,,0,30.0,0,0
75,7,22,4,18,Y6036387,,,,0,30.0,0,0
75,7,22,4,19,Y6036388,,,,0,30.0,0,0
75,7,22,4,20,Y6036389,,,,0,30.0,0,0
75,7,22,4,21,Y6036390,,,,0,30.0,0,0
75,7,22,4,22,Y6036391,,,,0,30.0,0,0
75,7,22,4,23,Y6036392,,,,0,30.0,0,0
75,7,22,4,24,Y6036393,,,,0,30.0,0,0
75,7,22,4,25,Y6036394,,,,0,30.0,0,0
75,7,22,4,26,Y6036395,,,,0,30.0,0,0
75,7,22,4,27,Y6036396,,,,0,30.0,0,0
75,7,22,4,28,Y6036397,,,,0,30.0,0,0
75,7,22,4,29,Y6036398,,,,0,30.0,0,0
75,7,22,4,30,Y6036399,,,,0,30.0,0,0
75,7,22,5,10,Y6036400,,,,0,30.0,0,0
75,7,22,5,11,Y6036401,,,,0,30.0,0,0
75,7,22,5,12,Y6036402,,,,0,30.0,0,0
75,7,22,5,13,Y6036403,,,,0,30.0,0,0
75,7,22,5,14,Y6036404,,,,0,30.0,0,0
75,7,22,5,15,Y6036405,,,,0,30.0,0,0
75,7,22,5,16,Y6036406,,,,0,30.0,0,0
75,7,22,5,17,Y6036407,,,,0,30.0,0,0
75,7,22,5,18,Y6036408,,,,0,30.0,0,0
75,7,22,5,19,Y6036409,,,,0,30.0,0,0
75,7,22,5,20,Y6036410,,,,0,30.0,0,0
75,7,22,5,21,Y6036411,,,,0,30.0,0,0
75,7,22,5,22,Y6036412,,,,0,30.0,0,0
75,7,22,5,23,Y6036413,,,,0,30.0,0,0
75,7,22,5,24,Y6036414,,,,0,30.0,0,0
75,7,22,5,25,Y6036415,,,,0,30.0,0,0
75,7,22,5,26,Y6036416,,,,0,30.0,0,0
75,7,22,5,27,Y6036417,,,,0,30.0,0,0
75,7,22,5,28,Y6036418,,,,0,30.0,0,0
75,7,22,5,29,Y6036419,,,,0,30.0,0,0
75,7,22,5,30,Y6036420,,,,0,30.0,0,0
75,7,22,6,10,Y6036421,,,,0,30.0,0,0
75,7,22,6,11,Y6036422,,,,0,30.0,0,0
75,7,22,6,12,Y6036423,,,,0,30.0,0,0
75,7,22,6,13,Y6036424,,,,0,30.0,0,0
75,7,22,6,14,Y6036425,,,,0,30.0,0,0
75,7,22,6,15,Y6036426,,,,0,30.0,0,0
75,7,22,6,16,Y6036427,,,,0,30.0,0,0
75,7,22,6,17,Y6036428,,,,0,30.0,0,0
75,7,22,6,18,Y6036429,,,,0,30.0,0,0
75,7,22,6,19,Y6036430,,,,0,30.0,0,0
75,7,22,6,20,Y6036431,,,,0,30.0,0,0
75,7,22,6,21,Y6036432,,,,0,30.0,0,0
75,7,22,6,22,Y6036433,,,,0,30.0,0,0
75,7,22,6,23,Y6036434,,,,0,30.0,0,0
75,7,22,6,24,Y6036435,,,,0,30.0,0,0
75,7,22,6,25,Y6036436,,,,0,30.0,0,0
75,7,22,6,26,Y6036437,,,,0,30.0,0,0
75,7,22,6,27,Y6036438,,,,0,30.0,0,0
75,7,22,6,28,Y6036439,,,,0,30.0,0,0
75,7,22,6,29,Y6036440,,,,0,30.0,0,0
75,7,22,6,30,Y6036441,,,,0,30.0,0,0
75,7,22,7,10,Y6036442,,,,0,30.0,0,0
75,7,22,7,11,Y6036443,,,,0,30.0,0,0
75,7,22,7,12,Y6036444,,,,0,30.0,0,0
75,7,22,7,13,Y6036445,,,,0,30.0,0,0
75,7,22,7,14,Y6036446,,,,0,30.0,0,0
75,7,22,7,15,Y6036447,,,,0,30.0,0,0
75,7,22,7,16,Y6036448,,,,0,30.0,0,0
75,7,22,7,17,Y6036449,,,,0,30.0,0,0
75,7,22,7,18,Y6036450,,,,0,30.0,0,0
75,7,22,7,19,Y6036451,,,,0,30.0,0,0
75,7,22,7,20,Y6036452,,,,0,30.0,0,0
75,7,22,7,21,Y6036453,,,,0,30.0,0,0
75,7,22,7,22,Y6036454,,,,0,30.0,0,0
75,7,22,7,23,Y6036455,,,,0,30.0,0,0
75,7,22,7,24,Y6036456,,,,0,30.0,0,0
75,7,22,7,25,Y6036457,,,,0,30.0,0,0
75,7,22,7,26,Y6036458,,,,0,30.0,0,0
75,7,22,7,27,Y6036459,,,,0,30.0,0,0
75,7,22,7,28,Y6036460,,,,0,30.0,0,0
75,7,22,7,29,Y6036461,,,,0,30.0,0,0
75,7,22,7,30,Y6036462,,,,0,30.0,0,0
75,7,22,8,10,Y6036463,,,,0,30.0,0,0
75,7,22,8,11,Y6036464,,,,0,30.0,0,0
75,7,22,8,12,Y6036465,,,,0,30.0,0,0
75,7,22,8,13,Y6036466,,,,0,30.0,0,0
75,7,22,8,14,Y6036467,,,,0,30.0,0,0
75,7,22,8,15,Y6036468,,,,0,30.0,0,0
75,7,22,8,16,Y6036469,,,,0,30.0,0,0
75,7,22,8,17,Y6036470,,,,0,30.0,0,0
75,7,22,8,18,Y6036471,,,,0,30.0,0,0
75,7,22,8,19,Y6036472,,,,0,30.0,0,0
75,7,22,8,20,Y6036473,,,,0,30.0,0,0
75,7,22,8,21,Y6036474,,,,0,30.0,0,0
75,7,22,8,22,Y6036475,,,,0,30.0,0,0
75,7,22,8,23,Y6036476,,,,0,30.0,0,0
75,7,22,8,24,Y6036477,,,,0,30.0,0,0
75,7,22,8,25,Y6036478,,,,0,30.0,0,0
75,7,22,8,26,Y6036479,,,,0,30.0,0,0
75,7,22,8,27,Y6036480,,,,0,30.0,0,0
75,7,22,8,28,Y6036481,,,,0,30.0,0,0
75,7,22,8,29,Y6036482,,,,0,30.0,0,0
75,7,22,8,30,Y6036483,,,,0,30.0,0,0
75,7,22,9,10,Y6036484,,,,0,30.0,0,0
75,7,22,9,11,Y6036485,,,,0,30.0,0,0
75,7,22,9,12,Y6036486,,,,0,30.0,0,0
75,7,22,9,13,Y6036487,,,,0,30.0,0,0
75,7,22,9,14,Y6036488,,,,0,30.0,0,0
75,7,22,9,15,Y6036489,,,,0,30.0,0,0
75,7,22,9,16,Y6036490,,,,0,30.0,0,0
75,7,22,9,17,Y6036491,,,,0,30.0,0,0
75,7,22,9,18,Y6036492,,,,0,30.0,0,0
75,7,22,9,19,Y6036493,,,,0,30.0,0,0
75,7,22,9,20,Y6036494,,,,0,30.0,0,0
75,7,22,9,21,Y6036495,,,,0,30.0,0,0
75,7,22,9,22,Y6036496,,,,0,30.0,0,0
75,7,22,9,23,Y6036497,,,,0,30.0,0,0
75,7,22,9,24,Y6036498,,,,0,30.0,0,0
75,7,22,9,25,Y6036499,,,,0,30.0,0,0
75,7,22,9,26,Y6036500,,,,0,30.0,0,0
75,7,22,9,27,Y6036501,,,,0,30.0,0,0
75,7,22,9,28,Y6036502,,,,0,30.0,0,0
75,7,22,9,29,Y6036503,,,,0,30.0,0,0
75,7,22,9,30,Y6036504,,,,0,30.0,0,0
75,7,22,10,10,Y6036505,,,,0,30.0,0,0
75,7,22,10,11,Y6036506,,,,0,30.0,0,0
75,7,22,10,12,Y6036507,,,,0,30.0,0,0
75,7,22,10,13,Y6036508,,,,0,30.0,0,0
75,7,22,10,14,Y6036509,,,,0,30.0,0,0
75,7,22,10,15,Y6036510,,,,0,30.0,0,0
75,7,22,10,16,Y6036511,,,,0,30.0,0,0
75,7,22,10,17,Y6036512,,,,0,30.0,0,0
75,7,22,10,18,Y6036513,,,,0,30.0,0,0
75,7,22,10,19,Y6036514,,,,0,30.0,0,0
75,7,22,10,20,Y6036515,,,,0,30.0,0,0
75,7,22,10,21,Y6036516,,,,0,30.0,0,0
75,7,22,10,22,Y6036517,,,,0,30.0,0,0
75,7,22,10,23,Y6036518,,,,0,30.0,0,0
75,7,22,10,24,Y6036519,,,,0,30.0,0,0
75,7,22,10,25,Y6036520,,,,0,30.0,0,0
75,7,22,10,26,Y6036521,,,,0,30.0,0,0
75,7,22,10,27,Y6036522,,,,0,30.0,0,0
75,7,22,10,28,Y6036523,,,,0,30.0,0,0
75,7,22,10,29,Y6036524,,,,0,30.0,0,0
75,7,22,10,30,Y6036525,,,,0,30.0,0,0
75,7,22,11,10,Y6036526,,,,0,30.0,0,0
75,7,22,11,11,Y6036527,,,,0,30.0,0,0
75,7,22,11,12,Y6036528,,,,0,30.0,0,0
75,7,22,11,13,Y6036529,,,,0,30.0,0,0
75,7,22,11,14,Y6036530,,,,0,30.0,0,0
75,7,22,11,15,Y6036531,,,,0,30.0,0,0
75,7,22,11,16,Y6036532,,,,0,30.0,0,0
75,7,22,11,17,Y6036533,,,,0,30.0,0,0
75,7,22,11,18,Y6036534,,,,0,30.0,0,0
75,7,22,11,19,Y6036535,,,,0,30.0,0,0
75,7,22,11,20,Y6036536,,,,0,30.0,0,0
75,7,22,11,21,Y6036537,,,,0,30.0,0,0
75,7,22,11,22,Y6036538,,,,0,30.0,0,0
75,7,22,11,23,Y6036539,,,,0,30.0,0,0
75,7,22,11,24,Y6036540,,,,0,30.0,0,0
75,7,22,11,25,Y6036541,,,,0,30.0,0,0
75,7,22,11,26,Y6036542,,,,0,30.0,0,0
75,7,22,11,27,Y6036543,,,,0,30.0,0,0
75,7,22,11,28,Y6036544,,,,0,30.0,0,0
75,7,22,11,29,Y6036545,,,,0,30.0,0,0
75,7,22,11,30,Y6036546,,,,0,30.0,0,0
75,7,22,12,10,Y6036547,,,,0,30.0,0,0
75,7,22,12,11,Y6036548,,,,0,30.0,0,0
75,7,22,12,12,Y6036549,,,,0,30.0,0,0
75,7,22,12,13,Y6036550,,,,0,30.0,0,0
75,7,22,12,14,Y6036551,,,,0,30.0,0,0
75,7,22,12,15,Y6036552,,,,0,30.0,0,0
75,7,22,12,16,Y6036553,,,,0,30.0,0,0
75,7,22,12,17,Y6036554,,,,0,30.0,0,0
75,7,22,12,18,Y6036555,,,,0,30.0,0,0
75,7,22,12,19,Y6036556,,,,0,30.0,0,0
75,7,22,12,20,Y6036557,,,,0,30.0,0,0
75,7,22,12,21,Y6036558,,,,0,30.0,0,0
75,7,22,12,22,Y6036559,,,,0,30.0,0,0
75,7,22,12,23,Y6036560,,,,0,30.0,0,0
75,7,22,12,24,Y6036561,,,,0,30.0,0,0
75,7,22,12,25,Y6036562,,,,0,30.0,0,0
75,7,22,12,26,Y6036563,,,,0,30.0,0,0
75,7,22,12,27,Y6036564,,,,0,30.0,0,0
75,7,22,12,28,Y6036565,,,,0,30.0,0,0
75,7,22,12,29,Y6036566,,,,0,30.0,0,0
75,7,22,12,30,Y6036567,,,,0,30.0,0,0
75,7,23,1,10,Y6036568,,,,0,30.0,0,0
75,7,23,1,11,Y6036569,,,,0,30.0,0,0
75,7,23,1,12,Y6036570,,,,0,30.0,0,0
75,7,23,1,13,Y6036571,,,,0,30.0,0,0
75,7,23,1,14,Y6036572,,,,0,30.0,0,2
75,7,23,1,15,Y6036573,,,,0,30.0,0,1
75,7,23,1,16,Y6036574,,,,0,30.0,0,1
75,7,23,1,17,Y6036575,,,,0,30.0,0,1
75,7,23,1,18,Y6036576,,,,0,30.0,0,2
75,7,23,1,19,Y6036577,,,,0,30.0,0,0
75,7,23,1,20,Y6036578,,,,0,30.0,0,0
75,7,23,1,21,Y6036579,,,,0,30.0,0,0
75,7,23,1,22,Y6036580,,,,0,30.0,0,0
75,7,23,1,23,Y6036581,,,,0,30.0,0,0
75,7,23,1,24,Y6036582,,,,0,30.0,0,0
75,7,23,1,25,Y6036583,,,,0,30.0,0,0
75,7,23,1,26,Y6036584,,,,0,30.0,0,0
75,7,23,1,27,Y6036585,,,,0,30.0,0,0
75,7,23,1,28,Y6036586,,,,0,30.0,0,0
75,7,23,1,29,Y6036587,,,,0,30.0,0,0
75,7,23,1,30,Y6036588,,,,0,30.0,0,0
75,7,23,2,10,Y6036589,,,,0,30.0,0,0
75,7,23,2,11,Y6036590,,,,0,30.0,0,0
75,7,23,2,12,Y6036591,,,,0,30.0,0,0
75,7,23,2,13,Y6036592,,,,0,30.0,0,0
75,7,23,2,14,Y6036593,,,,0,30.0,0,2
75,7,23,2,15,Y6036594,,,,0,30.0,0,1
75,7,23,2,16,Y6036595,,,,0,30.0,0,1
75,7,23,2,17,Y6036596,,,,0,30.0,0,1
75,7,23,2,18,Y6036597,,,,0,30.0,0,2
75,7,23,2,19,Y6036598,,,,0,30.0,0,0
75,7,23,2,20,Y6036599,,,,0,30.0,0,0
75,7,23,2,21,Y6036600,,,,0,30.0,0,0
75,7,23,2,22,Y6036601,,,,0,30.0,0,0
75,7,23,2,23,Y6036602,,,,0,30.0,0,0
75,7,23,2,24,Y6036603,,,,0,30.0,0,0
75,7,23,2,25,Y6036604,,,,0,30.0,0,0
75,7,23,2,26,Y6036605,,,,0,30.0,0,0
75,7,23,2,27,Y6036606,,,,0,30.0,0,0
75,7,23,2,28,Y6036607,,,,0,30.0,0,0
75,7,23,2,29,Y6036608,,,,0,30.0,0,0
75,7,23,2,30,Y6036609,,,,0,30.0,0,0
75,7,23,3,10,Y6036610,,,,0,30.0,0,0
75,7,23,3,11,Y6036611,,,,0,30.0,0,0
75,7,23,3,12,Y6036612,,,,0,30.0,0,0
75,7,23,3,13,Y6036613,,,,0,30.0,0,0
75,7,23,3,14,Y6036614,,,,0,30.0,0,2
75,7,23,3,15,Y6036615,,,,0,30.0,0,2
75,7,23,3,16,Y6036616,,,,0,30.0,0,2
75,7,23,3,17,Y6036617,,,,0,30.0,0,2
75,7,23,3,18,Y6036618,,,,0,30.0,0,2
75,7,23,3,19,Y6036619,,,,0,30.0,0,0
75,7,23,3,20,Y6036620,,,,0,30.0,0,0
75,7,23,3,21,Y6036621,,,,0,30.0,0,0
75,7,23,3,22,Y6036622,,,,0,30.0,0,0
75,7,23,3,23,Y6036623,,,,0,30.0,0,0
75,7,23,3,24,Y6036624,,,,0,30.0,0,0
75,7,23,3,25,Y6036625,,,,0,30.0,0,0
75,7,23,3,26,Y6036626,,,,0,30.0,0,0
75,7,23,3,27,Y6036627,,,,0,30.0,0,0
75,7,23,3,28,Y6036628,,,,0,30.0,0,0
75,7,23,3,29,Y6036629,,,,0,30.0,0,0
75,7,23,3,30,Y6036630,,,,0,30.0,0,0
75,7,23,4,10,Y6036631,,,,0,30.0,0,0
75,7,23,4,11,Y6036632,,,,0,30.0,0,0
75,7,23,4,12,Y6036633,,,,0,30.0,0,0
75,7,23,4,13,Y6036634,,,,0,30.0,0,0
75,7,23,4,14,Y6036635,,,,0,30.0,0,0
75,7,23,4,15,Y6036636,,,,0,30.0,0,0
75,7,23,4,16,Y6036637,,,,0,30.0,0,0
75,7,23,4,17,Y6036638,,,,0,30.0,0,0
75,7,23,4,18,Y6036639,,,,0,30.0,0,0
75,7,23,4,19,Y6036640,,,,0,30.0,0,0
75,7,23,4,20,Y6036641,,,,0,30.0,0,0
75,7,23,4,21,Y6036642,,,,0,30.0,0,0
75,7,23,4,22,Y6036643,,,,0,30.0,0,0
75,7,23,4,23,Y6036644,,,,0,30.0,0,0
75,7,23,4,24,Y6036645,,,,0,30.0,0,0
75,7,23,4,25,Y6036646,,,,0,30.0,0,0
75,7,23,4,26,Y6036647,,,,0,30.0,0,0
75,7,23,4,27,Y6036648,,,,0,30.0,0,0
75,7,23,4,28,Y6036649,,,,0,30.0,0,0
75,7,23,4,29,Y6036650,,,,0,30.0,0,0
75,7,23,4,30,Y6036651,,,,0,30.0,0,0
75,7,23,5,10,Y6036652,,,,0,30.0,0,0
75,7,23,5,11,Y6036653,,,,0,30.0,0,0
75,7,23,5,12,Y6036654,,,,0,30.0,0,0
75,7,23,5,13,Y6036655,,,,0,30.0,0,0
75,7,23,5,14,Y6036656,,,,0,30.0,0,0
75,7,23,5,15,Y6036657,,,,0,30.0,0,0
75,7,23,5,16,Y6036658,,,,0,30.0,0,0
75,7,23,5,17,Y6036659,,,,0,30.0,0,0
75,7,23,5,18,Y6036660,,,,0,30.0,0,0
75,7,23,5,19,Y6036661,,,,0,30.0,0,0
75,7,23,5,20,Y6036662,,,,0,30.0,0,0
75,7,23,5,21,Y6036663,,,,0,30.0,0,0
75,7,23,5,22,Y6036664,,,,0,30.0,0,0
75,7,23,5,23,Y6036665,,,,0,30.0,0,0
75,7,23,5,24,Y6036666,,,,0,30.0,0,0
75,7,23,5,25,Y6036667,,,,0,30.0,0,0
75,7,23,5,26,Y6036668,,,,0,30.0,0,0
75,7,23,5,27,Y6036669,,,,0,30.0,0,0
75,7,23,5,28,Y6036670,,,,0,30.0,0,0
75,7,23,5,29,Y6036671,,,,0,30.0,0,0
75,7,23,5,30,Y6036672,,,,0,30.0,0,0
75,7,23,6,10,Y6036673,,,,0,30.0,0,0
75,7,23,6,11,Y6036674,,,,0,30.0,0,0
75,7,23,6,12,Y6036675,,,,0,30.0,0,0
75,7,23,6,13,Y6036676,,,,0,30.0,0,0
75,7,23,6,14,Y6036677,,,,0,30.0,0,0
75,7,23,6,15,Y6036678,,,,0,30.0,0,0
75,7,23,6,16,Y6036679,,,,0,30.0,0,0
75,7,23,6,17,Y6036680,,,,0,30.0,0,0
75,7,23,6,18,Y6036681,,,,0,30.0,0,0
75,7,23,6,19,Y6036682,,,,0,30.0,0,0
75,7,23,6,20,Y6036683,,,,0,30.0,0,0
75,7,23,6,21,Y6036684,,,,0,30.0,0,0
75,7,23,6,22,Y6036685,,,,0,30.0,0,0
75,7,23,6,23,Y6036686,,,,0,30.0,0,0
75,7,23,6,24,Y6036687,,,,0,30.0,0,0
75,7,23,6,25,Y6036688,,,,0,30.0,0,0
75,7,23,6,26,Y6036689,,,,0,30.0,0,0
75,7,23,6,27,Y6036690,,,,0,30.0,0,0
75,7,23,6,28,Y6036691,,,,0,30.0,0,0
75,7,23,6,29,Y6036692,,,,0,30.0,0,0
75,7,23,6,30,Y6036693,,,,0,30.0,0,0
75,7,23,7,10,Y6036694,,,,0,30.0,0,0
75,7,23,7,11,Y6036695,,,,0,30.0,0,0
75,7,23,7,12,Y6036696,,,,0,30.0,0,0
75,7,23,7,13,Y6036697,,,,0,30.0,0,0
75,7,23,7,14,Y6036698,,,,0,30.0,0,0
75,7,23,7,15,Y6036699,,,,0,30.0,0,0
75,7,23,7,16,Y6036700,,,,0,30.0,0,0
75,7,23,7,17,Y6036701,,,,0,30.0,0,0
75,7,23,7,18,Y6036702,,,,0,30.0,0,0
75,7,23,7,19,Y6036703,,,,0,30.0,0,0
75,7,23,7,20,Y6036704,,,,0,30.0,0,0
75,7,23,7,21,Y6036705,,,,0,30.0,0,0
75,7,23,7,22,Y6036706,,,,0,30.0,0,0
75,7,23,7,23,Y6036707,,,,0,30.0,0,0
75,7,23,7,24,Y6036708,,,,0,30.0,0,0
75,7,23,7,25,Y6036709,,,,0,30.0,0,0
75,7,23,7,26,Y6036710,,,,0,30.0,0,0
75,7,23,7,27,Y6036711,,,,0,30.0,0,0
75,7,23,7,28,Y6036712,,,,0,30.0,0,0
75,7,23,7,29,Y6036713,,,,0,30.0,0,0
75,7,23,7,30,Y6036714,,,,0,30.0,0,0
75,7,23,8,10,Y6036715,,,,0,30.0,0,0
75,7,23,8,11,Y6036716,,,,0,30.0,0,0
75,7,23,8,12,Y6036717,,,,0,30.0,0,0
75,7,23,8,13,Y6036718,,,,0,30.0,0,0
75,7,23,8,14,Y6036719,,,,0,30.0,0,0
75,7,23,8,15,Y6036720,,,,0,30.0,0,0
75,7,23,8,16,Y6036721,,,,0,30.0,0,0
75,7,23,8,17,Y6036722,,,,0,30.0,0,0
75,7,23,8,18,Y6036723,,,,0,30.0,0,0
75,7,23,8,19,Y6036724,,,,0,30.0,0,0
75,7,23,8,20,Y6036725,,,,0,30.0,0,0
75,7,23,8,21,Y6036726,,,,0,30.0,0,0
75,7,23,8,22,Y6036727,,,,0,30.0,0,0
75,7,23,8,23,Y6036728,,,,0,30.0,0,0
75,7,23,8,24,Y6036729,,,,0,30.0,0,0
75,7,23,8,25,Y6036730,,,,0,30.0,0,0
75,7,23,8,26,Y6036731,,,,0,30.0,0,0
75,7,23,8,27,Y6036732,,,,0,30.0,0,0
75,7,23,8,28,Y6036733,,,,0,30.0,0,0
75,7,23,8,29,Y6036734,,,,0,30.0,0,0
75,7,23,8,30,Y6036735,,,,0,30.0,0,0
75,7,23,9,10,Y6036736,,,,0,30.0,0,0
75,7,23,9,11,Y6036737,,,,0,30.0,0,0
75,7,23,9,12,Y6036738,,,,0,30.0,0,0
75,7,23,9,13,Y6036739,,,,0,30.0,0,0
75,7,23,9,14,Y6036740,,,,0,30.0,0,0
75,7,23,9,15,Y6036741,,,,0,30.0,0,0
75,7,23,9,16,Y6036742,,,,0,30.0,0,0
75,7,23,9,17,Y6036743,,,,0,30.0,0,0
75,7,23,9,18,Y6036744,,,,0,30.0,0,0
75,7,23,9,19,Y6036745,,,,0,30.0,0,0
75,7,23,9,20,Y6036746,,,,0,30.0,0,0
75,7,23,9,21,Y6036747,,,,0,30.0,0,0
75,7,23,9,22,Y6036748,,,,0,30.0,0,0
75,7,23,9,23,Y6036749,,,,0,30.0,0,0
75,7,23,9,24,Y6036750,,,,0,30.0,0,0
75,7,23,9,25,Y6036751,,,,0,30.0,0,0
75,7,23,9,26,Y6036752,,,,0,30.0,0,0
75,7,23,9,27,Y6036753,,,,0,30.0,0,0
75,7,23,9,28,Y6036754,,,,0,30.0,0,0
75,7,23,9,29,Y6036755,,,,0,30.0,0,0
75,7,23,9,30,Y6036756,,,,0,30.0,0,0
75,7,23,10,10,Y6036757,,,,0,30.0,0,0
75,7,23,10,11,Y6036758,,,,0,30.0,0,0
75,7,23,10,12,Y6036759,,,,0,30.0,0,0
75,7,23,10,13,Y6036760,,,,0,30.0,0,0
75,7,23,10,14,Y6036761,,,,0,30.0,0,0
75,7,23,10,15,Y6036762,,,,0,30.0,0,0
75,7,23,10,16,Y6036763,,,,0,30.0,0,0
75,7,23,10,17,Y6036764,,,,0,30.0,0,0
75,7,23,10,18,Y6036765,,,,0,30.0,0,0
75,7,23,10,19,Y6036766,,,,0,30.0,0,0
75,7,23,10,20,Y6036767,,,,0,30.0,0,0
75,7,23,10,21,Y6036768,,,,0,30.0,0,0
75,7,23,10,22,Y6036769,,,,0,30.0,0,0
75,7,23,10,23,Y6036770,,,,0,30.0,0,0
75,7,23,10,24,Y6036771,,,,0,30.0,0,0
75,7,23,10,25,Y6036772,,,,0,30.0,0,0
75,7,23,10,26,Y6036773,,,,0,30.0,0,0
75,7,23,10,27,Y6036774,,,,0,30.0,0,0
75,7,23,10,28,Y6036775,,,,0,30.0,0,0
75,7,23,10,29,Y6036776,,,,0,30.0,0,0
75,7,23,10,30,Y6036777,,,,0,30.0,0,0
75,7,23,11,10,Y6036778,,,,0,30.0,0,0
75,7,23,11,11,Y6036779,,,,0,30.0,0,0
75,7,23,11,12,Y6036780,,,,0,30.0,0,0
75,7,23,11,13,Y6036781,,,,0,30.0,0,0
75,7,23,11,14,Y6036782,,,,0,30.0,0,0
75,7,23,11,15,Y6036783,,,,0,30.0,0,0
75,7,23,11,16,Y6036784,,,,0,30.0,0,0
75,7,23,11,17,Y6036785,,,,0,30.0,0,0
75,7,23,11,18,Y6036786,,,,0,30.0,0,0
75,7,23,11,19,Y6036787,,,,0,30.0,0,0
75,7,23,11,20,Y6036788,,,,0,30.0,0,0
75,7,23,11,21,Y6036789,,,,0,30.0,0,0
75,7,23,11,22,Y6036790,,,,0,30.0,0,0
75,7,23,11,23,Y6036791,,,,0,30.0,0,0
75,7,23,11,24,Y6036792,,,,0,30.0,0,0
75,7,23,11,25,Y6036793,,,,0,30.0,0,0
75,7,23,11,26,Y6036794,,,,0,30.0,0,0
75,7,23,11,27,Y6036795,,,,0,30.0,0,0
75,7,23,11,28,Y6036796,,,,0,30.0,0,0
75,7,23,11,29,Y6036797,,,,0,30.0,0,0
75,7,23,11,30,Y6036798,,,,0,30.0,0,0
75,7,23,12,10,Y6036799,,,,0,30.0,0,0
75,7,23,12,11,Y6036800,,,,0,30.0,0,0
75,7,23,12,12,Y6036801,,,,0,30.0,0,0
75,7,23,12,13,Y6036802,,,,0,30.0,0,0
75,7,23,12,14,Y6036803,,,,0,30.0,0,0
75,7,23,12,15,Y6036804,,,,0,30.0,0,0
75,7,23,12,16,Y6036805,,,,0,30.0,0,0
75,7,23,12,17,Y6036806,,,,0,30.0,0,0
75,7,23,12,18,Y6036807,,,,0,30.0,0,0
75,7,23,12,19,Y6036808,,,,0,30.0,0,0
75,7,23,12,20,Y6036809,,,,0,30.0,0,0
75,7,23,12,21,Y6036810,,,,0,30.0,0,0
75,7,23,12,22,Y6036811,,,,0,30.0,0,0
75,7,23,12,23,Y6036812,,,,0,30.0,0,0
75,7,23,12,24,Y6036813,,,,0,30.0,0,0
75,7,23,12,25,Y6036814,,,,0,30.0,0,0
75,7,23,12,26,Y6036815,,,,0,30.0,0,0
75,7,23,12,27,Y6036816,,,,0,30.0,0,0
75,7,23,12,28,Y6036817,,,,0,30.0,0,0
75,7,23,12,29,Y6036818,,,,0,30.0,0,0
75,7,23,12,30,Y6036819,,,,0,30.0,0,0
75,7,24,1,10,Y6036820,,,,0,30.0,0,0
75,7,24,1,11,Y6036821,,,,0,30.0,0,0
75,7,24,1,12,Y6036822,,,,0,30.0,0,0
75,7,24,1,13,Y6036823,,,,0,30.0,0,0
75,7,24,1,14,Y6036824,,,,0,30.0,0,2
75,7,24,1,15,Y6036825,,,,0,30.0,0,1
75,7,24,1,16,Y6036826,,,,0,30.0,0,1
75,7,24,1,17,Y6036827,,,,0,30.0,0,1
75,7,24,1,18,Y6036828,,,,0,30.0,0,2
75,7,24,1,19,Y6036829,,,,0,30.0,0,0
75,7,24,1,20,Y6036830,,,,0,30.0,0,0
75,7,24,1,21,Y6036831,,,,0,30.0,0,0
75,7,24,1,22,Y6036832,,,,0,30.0,0,0
75,7,24,1,23,Y6036833,,,,0,30.0,0,0
75,7,24,1,24,Y6036834,,,,0,30.0,0,0
75,7,24,1,25,Y6036835,,,,0,30.0,0,0
75,7,24,1,26,Y6036836,,,,0,30.0,0,0
75,7,24,1,27,Y6036837,,,,0,30.0,0,0
75,7,24,1,28,Y6036838,,,,0,30.0,0,0
75,7,24,1,29,Y6036839,,,,0,30.0,0,0
75,7,24,1,30,Y6036840,,,,0,30.0,0,0
75,7,24,2,10,Y6036841,,,,0,30.0,0,0
75,7,24,2,11,Y6036842,,,,0,30.0,0,0
75,7,24,2,12,Y6036843,,,,0,30.0,0,0
75,7,24,2,13,Y6036844,,,,0,30.0,0,0
75,7,24,2,14,Y6036845,,,,0,30.0,0,2
75,7,24,2,15,Y6036846,,,,0,30.0,0,1
75,7,24,2,16,Y6036847,,,,0,30.0,0,1
75,7,24,2,17,Y6036848,,,,0,30.0,0,1
75,7,24,2,18,Y6036849,,,,0,30.0,0,2
75,7,24,2,19,Y6036850,,,,0,30.0,0,0
75,7,24,2,20,Y6036851,,,,0,30.0,0,0
75,7,24,2,21,Y6036852,,,,0,30.0,0,0
75,7,24,2,22,Y6036853,,,,0,30.0,0,0
75,7,24,2,23,Y6036854,,,,0,30.0,0,0
75,7,24,2,24,Y6036855,,,,0,30.0,0,0
75,7,24,2,25,Y6036856,,,,0,30.0,0,0
75,7,24,2,26,Y6036857,,,,0,30.0,0,0
75,7,24,2,27,Y6036858,,,,0,30.0,0,0
75,7,24,2,28,Y6036859,,,,0,30.0,0,0
75,7,24,2,29,Y6036860,,,,0,30.0,0,0
75,7,24,2,30,Y6036861,,,,0,30.0,0,0
75,7,24,3,10,Y6036862,,,,0,30.0,0,0
75,7,24,3,11,Y6036863,,,,0,30.0,0,0
75,7,24,3,12,Y6036864,,,,0,30.0,0,0
75,7,24,3,13,Y6036865,,,,0,30.0,0,0
75,7,24,3,14,Y6036866,,,,0,30.0,0,2
75,7,24,3,15,Y6036867,,,,0,30.0,0,2
75,7,24,3,16,Y6036868,,,,0,30.0,0,2
75,7,24,3,17,Y6036869,,,,0,30.0,0,2
75,7,24,3,18,Y6036870,,,,0,30.0,0,2
75,7,24,3,19,Y6036871,,,,0,30.0,0,0
75,7,24,3,20,Y6036872,,,,0,30.0,0,0
75,7,24,3,21,Y6036873,,,,0,30.0,0,0
75,7,24,3,22,Y6036874,,,,0,30.0,0,0
75,7,24,3,23,Y6036875,,,,0,30.0,0,0
75,7,24,3,24,Y6036876,,,,0,30.0,0,0
75,7,24,3,25,Y6036877,,,,0,30.0,0,0
75,7,24,3,26,Y6036878,,,,0,30.0,0,0
75,7,24,3,27,Y6036879,,,,0,30.0,0,0
75,7,24,3,28,Y6036880,,,,0,30.0,0,0
75,7,24,3,29,Y6036881,,,,0,30.0,0,0
75,7,24,3,30,Y6036882,,,,0,30.0,0,0
75,7,24,4,10,Y6036883,,,,0,30.0,0,0
75,7,24,4,11,Y6036884,,,,0,30.0,0,0
75,7,24,4,12,Y6036885,,,,0,30.0,0,0
75,7,24,4,13,Y6036886,,,,0,30.0,0,0
75,7,24,4,14,Y6036887,,,,0,30.0,0,0
75,7,24,4,15,Y6036888,,,,0,30.0,0,0
75,7,24,4,16,Y6036889,,,,0,30.0,0,0
75,7,24,4,17,Y6036890,,,,0,30.0,0,0
75,7,24,4,18,Y6036891,,,,0,30.0,0,0
75,7,24,4,19,Y6036892,,,,0,30.0,0,0
75,7,24,4,20,Y6036893,,,,0,30.0,0,0
75,7,24,4,21,Y6036894,,,,0,30.0,0,0
75,7,24,4,22,Y6036895,,,,0,30.0,0,0
75,7,24,4,23,Y6036896,,,,0,30.0,0,0
75,7,24,4,24,Y6036897,,,,0,30.0,0,0
75,7,24,4,25,Y6036898,,,,0,30.0,0,0
75,7,24,4,26,Y6036899,,,,0,30.0,0,0
75,7,24,4,27,Y6036900,,,,0,30.0,0,0
75,7,24,4,28,Y6036901,,,,0,30.0,0,0
75,7,24,4,29,Y6036902,,,,0,30.0,0,0
75,7,24,4,30,Y6036903,,,,0,30.0,0,0
75,7,24,5,10,Y6036904,,,,0,30.0,0,0
75,7,24,5,11,Y6036905,,,,0,30.0,0,0
75,7,24,5,12,Y6036906,,,,0,30.0,0,0
75,7,24,5,13,Y6036907,,,,0,30.0,0,0
75,7,24,5,14,Y6036908,,,,0,30.0,0,0
75,7,24,5,15,Y6036909,,,,0,30.0,0,0
75,7,24,5,16,Y6036910,,,,0,30.0,0,0
75,7,24,5,17,Y6036911,,,,0,30.0,0,0
75,7,24,5,18,Y6036912,,,,0,30.0,0,0
75,7,24,5,19,Y6036913,,,,0,30.0,0,0
75,7,24,5,20,Y6036914,,,,0,30.0,0,0
75,7,24,5,21,Y6036915,,,,0,30.0,0,0
75,7,24,5,22,Y6036916,,,,0,30.0,0,0
75,7,24,5,23,Y6036917,,,,0,30.0,0,0
75,7,24,5,24,Y6036918,,,,0,30.0,0,0
75,7,24,5,25,Y6036919,,,,0,30.0,0,0
75,7,24,5,26,Y6036920,,,,0,30.0,0,0
75,7,24,5,27,Y6036921,,,,0,30.0,0,0
75,7,24,5,28,Y6036922,,,,0,30.0,0,0
75,7,24,5,29,Y6036923,,,,0,30.0,0,0
75,7,24,5,30,Y6036924,,,,0,30.0,0,0
75,7,24,6,10,Y6036925,,,,0,30.0,0,0
75,7,24,6,11,Y6036926,,,,0,30.0,0,0
75,7,24,6,12,Y6036927,,,,0,30.0,0,0
75,7,24,6,13,Y6036928,,,,0,30.0,0,0
75,7,24,6,14,Y6036929,,,,0,30.0,0,0
75,7,24,6,15,Y6036930,,,,0,30.0,0,0
75,7,24,6,16,Y6036931,,,,0,30.0,0,0
75,7,24,6,17,Y6036932,,,,0,30.0,0,0
75,7,24,6,18,Y6036933,,,,0,30.0,0,0
75,7,24,6,19,Y6036934,,,,0,30.0,0,0
75,7,24,6,20,Y6036935,,,,0,30.0,0,0
75,7,24,6,21,Y6036936,,,,0,30.0,0,0
75,7,24,6,22,Y6036937,,,,0,30.0,0,0
75,7,24,6,23,Y6036938,,,,0,30.0,0,0
75,7,24,6,24,Y6036939,,,,0,30.0,0,0
75,7,24,6,25,Y6036940,,,,0,30.0,0,0
75,7,24,6,26,Y6036941,,,,0,30.0,0,0
75,7,24,6,27,Y6036942,,,,0,30.0,0,0
75,7,24,6,28,Y6036943,,,,0,30.0,0,0
75,7,24,6,29,Y6036944,,,,0,30.0,0,0
75,7,24,6,30,Y6036945,,,,0,30.0,0,0
75,7,24,7,10,Y6036946,,,,0,30.0,0,0
75,7,24,7,11,Y6036947,,,,0,30.0,0,0
75,7,24,7,12,Y6036948,,,,0,30.0,0,0
75,7,24,7,13,Y6036949,,,,0,30.0,0,0
75,7,24,7,14,Y6036950,,,,0,30.0,0,0
75,7,24,7,15,Y6036951,,,,0,30.0,0,0
75,7,24,7,16,Y6036952,,,,0,30.0,0,0
75,7,24,7,17,Y6036953,,,,0,30.0,0,0
75,7,24,7,18,Y6036954,,,,0,30.0,0,0
75,7,24,7,19,Y6036955,,,,0,30.0,0,0
75,7,24,7,20,Y6036956,,,,0,30.0,0,0
75,7,24,7,21,Y6036957,,,,0,30.0,0,0
75,7,24,7,22,Y6036958,,,,0,30.0,0,0
75,7,24,7,23,Y6036959,,,,0,30.0,0,0
75,7,24,7,24,Y6036960,,,,0,30.0,0,0
75,7,24,7,25,Y6036961,,,,0,30.0,0,0
75,7,24,7,26,Y6036962,,,,0,30.0,0,0
75,7,24,7,27,Y6036963,,,,0,30.0,0,0
75,7,24,7,28,Y6036964,,,,0,30.0,0,0
75,7,24,7,29,Y6036965,,,,0,30.0,0,0
75,7,24,7,30,Y6036966,,,,0,30.0,0,0
75,7,24,8,10,Y6036967,,,,0,30.0,0,0
75,7,24,8,11,Y6036968,,,,0,30.0,0,0
75,7,24,8,12,Y6036969,,,,0,30.0,0,0
75,7,24,8,13,Y6036970,,,,0,30.0,0,0
75,7,24,8,14,Y6036971,,,,0,30.0,0,0
75,7,24,8,15,Y6036972,,,,0,30.0,0,0
75,7,24,8,16,Y6036973,,,,0,30.0,0,0
75,7,24,8,17,Y6036974,,,,0,30.0,0,0
75,7,24,8,18,Y6036975,,,,0,30.0,0,0
75,7,24,8,19,Y6036976,,,,0,30.0,0,0
75,7,24,8,20,Y6036977,,,,0,30.0,0,0
75,7,24,8,21,Y6036978,,,,0,30.0,0,0
75,7,24,8,22,Y6036979,,,,0,30.0,0,0
75,7,24,8,23,Y6036980,,,,0,30.0,0,0
75,7,24,8,24,Y6036981,,,,0,30.0,0,0
75,7,24,8,25,Y6036982,,,,0,30.0,0,0
75,7,24,8,26,Y6036983,,,,0,30.0,0,0
75,7,24,8,27,Y6036984,,,,0,30.0,0,0
75,7,24,8,28,Y6036985,,,,0,30.0,0,0
75,7,24,8,29,Y6036986,,,,0,30.0,0,0
75,7,24,8,30,Y6036987,,,,0,30.0,0,0
75,7,24,9,10,Y6036988,,,,0,30.0,0,0
75,7,24,9,11,Y6036989,,,,0,30.0,0,0
75,7,24,9,12,Y6036990,,,,0,30.0,0,0
75,7,24,9,13,Y6036991,,,,0,30.0,0,0
75,7,24,9,14,Y6036992,,,,0,30.0,0,0
75,7,24,9,15,Y6036993,,,,0,30.0,0,0
75,7,24,9,16,Y6036994,,,,0,30.0,0,0
75,7,24,9,17,Y6036995,,,,0,30.0,0,0
75,7,24,9,18,Y6036996,,,,0,30.0,0,0
75,7,24,9,19,Y6036997,,,,0,30.0,0,0
75,7,24,9,20,Y6036998,,,,0,30.0,0,0
75,7,24,9,21,Y6036999,,,,0,30.0,0,0
75,7,24,9,22,Y6037000,,,,0,30.0,0,0
75,7,24,9,23,Y6037001,,,,0,30.0,0,0
75,7,24,9,24,Y6037002,,,,0,30.0,0,0
75,7,24,9,25,Y6037003,,,,0,30.0,0,0
75,7,24,9,26,Y6037004,,,,0,30.0,0,0
75,7,24,9,27,Y6037005,,,,0,30.0,0,0
75,7,24,9,28,Y6037006,,,,0,30.0,0,0
75,7,24,9,29,Y6037007,,,,0,30.0,0,0
75,7,24,9,30,Y6037008,,,,0,30.0,0,0
75,7,24,10,10,Y6037009,,,,0,30.0,0,0
75,7,24,10,11,Y6037010,,,,0,30.0,0,0
75,7,24,10,12,Y6037011,,,,0,30.0,0,0
75,7,24,10,13,Y6037012,,,,0,30.0,0,0
75,7,24,10,14,Y6037013,,,,0,30.0,0,0
75,7,24,10,15,Y6037014,,,,0,30.0,0,0
75,7,24,10,16,Y6037015,,,,0,30.0,0,0
75,7,24,10,17,Y6037016,,,,0,30.0,0,0
75,7,24,10,18,Y6037017,,,,0,30.0,0,0
75,7,24,10,19,Y6037018,,,,0,30.0,0,0
75,7,24,10,20,Y6037019,,,,0,30.0,0,0
75,7,24,10,21,Y6037020,,,,0,30.0,0,0
75,7,24,10,22,Y6037021,,,,0,30.0,0,0
75,7,24,10,23,Y6037022,,,,0,30.0,0,0
75,7,24,10,24,Y6037023,,,,0,30.0,0,0
75,7,24,10,25,Y6037024,,,,0,30.0,0,0
75,7,24,10,26,Y6037025,,,,0,30.0,0,0
75,7,24,10,27,Y6037026,,,,0,30.0,0,0
75,7,24,10,28,Y6037027,,,,0,30.0,0,0
75,7,24,10,29,Y6037028,,,,0,30.0,0,0
75,7,24,10,30,Y6037029,,,,0,30.0,0,0
75,7,24,11,10,Y6037030,,,,0,30.0,0,0
75,7,24,11,11,Y6037031,,,,0,30.0,0,0
75,7,24,11,12,Y6037032,,,,0,30.0,0,0
75,7,24,11,13,Y6037033,,,,0,30.0,0,0
75,7,24,11,14,Y6037034,,,,0,30.0,0,0
75,7,24,11,15,Y6037035,,,,0,30.0,0,0
75,7,24,11,16,Y6037036,,,,0,30.0,0,0
75,7,24,11,17,Y6037037,,,,0,30.0,0,0
75,7,24,11,18,Y6037038,,,,0,30.0,0,0
75,7,24,11,19,Y6037039,,,,0,30.0,0,0
75,7,24,11,20,Y6037040,,,,0,30.0,0,0
75,7,24,11,21,Y6037041,,,,0,30.0,0,0
75,7,24,11,22,Y6037042,,,,0,30.0,0,0
75,7,24,11,23,Y6037043,,,,0,30.0,0,0
75,7,24,11,24,Y6037044,,,,0,30.0,0,0
75,7,24,11,25,Y6037045,,,,0,30.0,0,0
75,7,24,11,26,Y6037046,,,,0,30.0,0,0
75,7,24,11,27,Y6037047,,,,0,30.0,0,0
75,7,24,11,28,Y6037048,,,,0,30.0,0,0
75,7,24,11,29,Y6037049,,,,0,30.0,0,0
75,7,24,11,30,Y6037050,,,,0,30.0,0,0
75,7,24,12,10,Y6037051,,,,0,30.0,0,0
75,7,24,12,11,Y6037052,,,,0,30.0,0,0
75,7,24,12,12,Y6037053,,,,0,30.0,0,0
75,7,24,12,13,Y6037054,,,,0,30.0,0,0
75,7,24,12,14,Y6037055,,,,0,30.0,0,0
75,7,24,12,15,Y6037056,,,,0,30.0,0,0
75,7,24,12,16,Y6037057,,,,0,30.0,0,0
75,7,24,12,17,Y6037058,,,,0,30.0,0,0
75,7,24,12,18,Y6037059,,,,0,30.0,0,0
75,7,24,12,19,Y6037060,,,,0,30.0,0,0
75,7,24,12,20,Y6037061,,,,0,30.0,0,0
75,7,24,12,21,Y6037062,,,,0,30.0,0,0
75,7,24,12,22,Y6037063,,,,0,30.0,0,0
75,7,24,12,23,Y6037064,,,,0,30.0,0,0
75,7,24,12,24,Y6037065,,,,0,30.0,0,0
75,7,24,12,25,Y6037066,,,,0,30.0,0,0
75,7,24,12,26,Y6037067,,,,0,30.0,0,0
75,7,24,12,27,Y6037068,,,,0,30.0,0,0
75,7,24,12,28,Y6037069,,,,0,30.0,0,0
75,7,24,12,29,Y6037070,,,,0,30.0,0,0
75,7,24,12,30,Y6037071,,,,0,30.0,0,0
75,7,25,1,10,Y6037072,,,,0,30.0,0,0
75,7,25,1,11,Y6037073,,,,0,30.0,0,0
75,7,25,1,12,Y6037074,,,,0,30.0,0,0
75,7,25,1,13,Y6037075,,,,0,30.0,0,0
75,7,25,1,14,Y6037076,,,,0,30.0,0,2
75,7,25,1,15,Y6037077,,,,0,30.0,0,2
75,7,25,1,16,Y6037078,,,,0,30.0,0,2
75,7,25,1,17,Y6037079,,,,0,30.0,0,2
75,7,25,1,18,Y6037080,,,,0,30.0,0,2
75,7,25,1,19,Y6037081,,,,0,30.0,0,0
75,7,25,1,20,Y6037082,,,,0,30.0,0,0
75,7,25,1,21,Y6037083,,,,0,30.0,0,0
75,7,25,1,22,Y6037084,,,,0,30.0,0,0
75,7,25,1,23,Y6037085,,,,0,30.0,0,0
75,7,25,1,24,Y6037086,,,,0,30.0,0,0
75,7,25,1,25,Y6037087,,,,0,30.0,0,0
75,7,25,1,26,Y6037088,,,,0,30.0,0,0
75,7,25,1,27,Y6037089,,,,0,30.0,0,0
75,7,25,1,28,Y6037090,,,,0,30.0,0,0
75,7,25,1,29,Y6037091,,,,0,30.0,0,0
75,7,25,1,30,Y6037092,,,,0,30.0,0,0
75,7,25,2,10,Y6037093,,,,0,30.0,0,0
75,7,25,2,11,Y6037094,,,,0,30.0,0,0
75,7,25,2,12,Y6037095,,,,0,30.0,0,0
75,7,25,2,13,Y6037096,,,,0,30.0,0,0
75,7,25,2,14,Y6037097,,,,0,30.0,0,2
75,7,25,2,15,Y6037098,,,,0,30.0,0,2
75,7,25,2,16,Y6037099,,,,0,30.0,0,2
75,7,25,2,17,Y6037100,,,,0,30.0,0,2
75,7,25,2,18,Y6037101,,,,0,30.0,0,2
75,7,25,2,19,Y6037102,,,,0,30.0,0,0
75,7,25,2,20,Y6037103,,,,0,30.0,0,0
75,7,25,2,21,Y6037104,,,,0,30.0,0,0
75,7,25,2,22,Y6037105,,,,0,30.0,0,0
75,7,25,2,23,Y6037106,,,,0,30.0,0,0
75,7,25,2,24,Y6037107,,,,0,30.0,0,0
75,7,25,2,25,Y6037108,,,,0,30.0,0,0
75,7,25,2,26,Y6037109,,,,0,30.0,0,0
75,7,25,2,27,Y6037110,,,,0,30.0,0,0
75,7,25,2,28,Y6037111,,,,0,30.0,0,0
75,7,25,2,29,Y6037112,,,,0,30.0,0,0
75,7,25,2,30,Y6037113,,,,0,30.0,0,0
75,7,25,3,10,Y6037114,,,,0,30.0,0,0
75,7,25,3,11,Y6037115,,,,0,30.0,0,0
75,7,25,3,12,Y6037116,,,,0,30.0,0,0
75,7,25,3,13,Y6037117,,,,0,30.0,0,0
75,7,25,3,14,Y6037118,,,,0,30.0,0,0
75,7,25,3,15,Y6037119,,,,0,30.0,0,2
75,7,25,3,16,Y6037120,,,,0,30.0,0,2
75,7,25,3,17,Y6037121,,,,0,30.0,0,2
75,7,25,3,18,Y6037122,,,,0,30.0,0,0
75,7,25,3,19,Y6037123,,,,0,30.0,0,0
75,7,25,3,20,Y6037124,,,,0,30.0,0,0
75,7,25,3,21,Y6037125,,,,0,30.0,0,0
75,7,25,3,22,Y6037126,,,,0,30.0,0,0
75,7,25,3,23,Y6037127,,,,0,30.0,0,0
75,7,25,3,24,Y6037128,,,,0,30.0,0,0
75,7,25,3,25,Y6037129,,,,0,30.0,0,0
75,7,25,3,26,Y6037130,,,,0,30.0,0,0
75,7,25,3,27,Y6037131,,,,0,30.0,0,0
75,7,25,3,28,Y6037132,,,,0,30.0,0,0
75,7,25,3,29,Y6037133,,,,0,30.0,0,0
75,7,25,3,30,Y6037134,,,,0,30.0,0,0
75,7,25,4,10,Y6037135,,,,0,30.0,0,0
75,7,25,4,11,Y6037136,,,,0,30.0,0,0
75,7,25,4,12,Y6037137,,,,0,30.0,0,0
75,7,25,4,13,Y6037138,,,,0,30.0,0,0
75,7,25,4,14,Y6037139,,,,0,30.0,0,0
75,7,25,4,15,Y6037140,,,,0,30.0,0,0
75,7,25,4,16,Y6037141,,,,0,30.0,0,0
75,7,25,4,17,Y6037142,,,,0,30.0,0,0
75,7,25,4,18,Y6037143,,,,0,30.0,0,0
75,7,25,4,19,Y6037144,,,,0,30.0,0,0
75,7,25,4,20,Y6037145,,,,0,30.0,0,0
75,7,25,4,21,Y6037146,,,,0,30.0,0,0
75,7,25,4,22,Y6037147,,,,0,30.0,0,0
75,7,25,4,23,Y6037148,,,,0,30.0,0,0
75,7,25,4,24,Y6037149,,,,0,30.0,0,0
75,7,25,4,25,Y6037150,,,,0,30.0,0,0
75,7,25,4,26,Y6037151,,,,0,30.0,0,0
75,7,25,4,27,Y6037152,,,,0,30.0,0,0
75,7,25,4,28,Y6037153,,,,0,30.0,0,0
75,7,25,4,29,Y6037154,,,,0,30.0,0,0
75,7,25,4,30,Y6037155,,,,0,30.0,0,0
75,7,25,5,10,Y6037156,,,,0,30.0,0,0
75,7,25,5,11,Y6037157,,,,0,30.0,0,0
75,7,25,5,12,Y6037158,,,,0,30.0,0,0
75,7,25,5,13,Y6037159,,,,0,30.0,0,0
75,7,25,5,14,Y6037160,,,,0,30.0,0,0
75,7,25,5,15,Y6037161,,,,0,30.0,0,0
75,7,25,5,16,Y6037162,,,,0,30.0,0,0
75,7,25,5,17,Y6037163,,,,0,30.0,0,0
75,7,25,5,18,Y6037164,,,,0,30.0,0,0
75,7,25,5,19,Y6037165,,,,0,30.0,0,0
75,7,25,5,20,Y6037166,,,,0,30.0,0,0
75,7,25,5,21,Y6037167,,,,0,30.0,0,0
75,7,25,5,22,Y6037168,,,,0,30.0,0,0
75,7,25,5,23,Y6037169,,,,0,30.0,0,0
75,7,25,5,24,Y6037170,,,,0,30.0,0,0
75,7,25,5,25,Y6037171,,,,0,30.0,0,0
75,7,25,5,26,Y6037172,,,,0,30.0,0,0
75,7,25,5,27,Y6037173,,,,0,30.0,0,0
75,7,25,5,28,Y6037174,,,,0,30.0,0,0
75,7,25,5,29,Y6037175,,,,0,30.0,0,0
75,7,25,5,30,Y6037176,,,,0,30.0,0,0
75,7,25,6,10,Y6037177,,,,0,30.0,0,0
75,7,25,6,11,Y6037178,,,,0,30.0,0,0
75,7,25,6,12,Y6037179,,,,0,30.0,0,0
75,7,25,6,13,Y6037180,,,,0,30.0,0,0
75,7,25,6,14,Y6037181,,,,0,30.0,0,0
75,7,25,6,15,Y6037182,,,,0,30.0,0,0
75,7,25,6,16,Y6037183,,,,0,30.0,0,0
75,7,25,6,17,Y6037184,,,,0,30.0,0,0
75,7,25,6,18,Y6037185,,,,0,30.0,0,0
75,7,25,6,19,Y6037186,,,,0,30.0,0,0
75,7,25,6,20,Y6037187,,,,0,30.0,0,0
75,7,25,6,21,Y6037188,,,,0,30.0,0,0
75,7,25,6,22,Y6037189,,,,0,30.0,0,0
75,7,25,6,23,Y6037190,,,,0,30.0,0,0
75,7,25,6,24,Y6037191,,,,0,30.0,0,0
75,7,25,6,25,Y6037192,,,,0,30.0,0,0
75,7,25,6,26,Y6037193,,,,0,30.0,0,0
75,7,25,6,27,Y6037194,,,,0,30.0,0,0
75,7,25,6,28,Y6037195,,,,0,30.0,0,0
75,7,25,6,29,Y6037196,,,,0,30.0,0,0
75,7,25,6,30,Y6037197,,,,0,30.0,0,0
75,7,25,7,10,Y6037198,,,,0,30.0,0,0
75,7,25,7,11,Y6037199,,,,0,30.0,0,0
75,7,25,7,12,Y6037200,,,,0,30.0,0,0
75,7,25,7,13,Y6037201,,,,0,30.0,0,0
75,7,25,7,14,Y6037202,,,,0,30.0,0,0
75,7,25,7,15,Y6037203,,,,0,30.0,0,0
75,7,25,7,16,Y6037204,,,,0,30.0,0,0
75,7,25,7,17,Y6037205,,,,0,30.0,0,0
75,7,25,7,18,Y6037206,,,,0,30.0,0,0
75,7,25,7,19,Y6037207,,,,0,30.0,0,0
75,7,25,7,20,Y6037208,,,,0,30.0,0,0
75,7,25,7,21,Y6037209,,,,0,30.0,0,0
75,7,25,7,22,Y6037210,,,,0,30.0,0,0
75,7,25,7,23,Y6037211,,,,0,30.0,0,0
75,7,25,7,24,Y6037212,,,,0,30.0,0,0
75,7,25,7,25,Y6037213,,,,0,30.0,0,0
75,7,25,7,26,Y6037214,,,,0,30.0,0,0
75,7,25,7,27,Y6037215,,,,0,30.0,0,0
75,7,25,7,28,Y6037216,,,,0,30.0,0,0
75,7,25,7,29,Y6037217,,,,0,30.0,0,0
75,7,25,7,30,Y6037218,,,,0,30.0,0,0
75,7,25,8,10,Y6037219,,,,0,30.0,0,0
75,7,25,8,11,Y6037220,,,,0,30.0,0,0
75,7,25,8,12,Y6037221,,,,0,30.0,0,0
75,7,25,8,13,Y6037222,,,,0,30.0,0,0
75,7,25,8,14,Y6037223,,,,0,30.0,0,0
75,7,25,8,15,Y6037224,,,,0,30.0,0,0
75,7,25,8,16,Y6037225,,,,0,30.0,0,0
75,7,25,8,17,Y6037226,,,,0,30.0,0,0
75,7,25,8,18,Y6037227,,,,0,30.0,0,0
75,7,25,8,19,Y6037228,,,,0,30.0,0,0
75,7,25,8,20,Y6037229,,,,0,30.0,0,0
75,7,25,8,21,Y6037230,,,,0,30.0,0,0
75,7,25,8,22,Y6037231,,,,0,30.0,0,0
75,7,25,8,23,Y6037232,,,,0,30.0,0,0
75,7,25,8,24,Y6037233,,,,0,30.0,0,0
75,7,25,8,25,Y6037234,,,,0,30.0,0,0
75,7,25,8,26,Y6037235,,,,0,30.0,0,0
75,7,25,8,27,Y6037236,,,,0,30.0,0,0
75,7,25,8,28,Y6037237,,,,0,30.0,0,0
75,7,25,8,29,Y6037238,,,,0,30.0,0,0
75,7,25,8,30,Y6037239,,,,0,30.0,0,0
75,7,25,9,10,Y6037240,,,,0,30.0,0,0
75,7,25,9,11,Y6037241,,,,0,30.0,0,0
75,7,25,9,12,Y6037242,,,,0,30.0,0,0
75,7,25,9,13,Y6037243,,,,0,30.0,0,0
75,7,25,9,14,Y6037244,,,,0,30.0,0,0
75,7,25,9,15,Y6037245,,,,0,30.0,0,0
75,7,25,9,16,Y6037246,,,,0,30.0,0,0
75,7,25,9,17,Y6037247,,,,0,30.0,0,0
75,7,25,9,18,Y6037248,,,,0,30.0,0,0
75,7,25,9,19,Y6037249,,,,0,30.0,0,0
75,7,25,9,20,Y6037250,,,,0,30.0,0,0
75,7,25,9,21,Y6037251,,,,0,30.0,0,0
75,7,25,9,22,Y6037252,,,,0,30.0,0,0
75,7,25,9,23,Y6037253,,,,0,30.0,0,0
75,7,25,9,24,Y6037254,,,,0,30.0,0,0
75,7,25,9,25,Y6037255,,,,0,30.0,0,0
75,7,25,9,26,Y6037256,,,,0,30.0,0,0
75,7,25,9,27,Y6037257,,,,0,30.0,0,0
75,7,25,9,28,Y6037258,,,,0,30.0,0,0
75,7,25,9,29,Y6037259,,,,0,30.0,0,0
75,7,25,9,30,Y6037260,,,,0,30.0,0,0
75,7,25,10,10,Y6037261,,,,0,30.0,0,0
75,7,25,10,11,Y6037262,,,,0,30.0,0,0
75,7,25,10,12,Y6037263,,,,0,30.0,0,0
75,7,25,10,13,Y6037264,,,,0,30.0,0,0
75,7,25,10,14,Y6037265,,,,0,30.0,0,0
75,7,25,10,15,Y6037266,,,,0,30.0,0,0
75,7,25,10,16,Y6037267,,,,0,30.0,0,0
75,7,25,10,17,Y6037268,,,,0,30.0,0,0
75,7,25,10,18,Y6037269,,,,0,30.0,0,0
75,7,25,10,19,Y6037270,,,,0,30.0,0,0
75,7,25,10,20,Y6037271,,,,0,30.0,0,0
75,7,25,10,21,Y6037272,,,,0,30.0,0,0
75,7,25,10,22,Y6037273,,,,0,30.0,0,0
75,7,25,10,23,Y6037274,,,,0,30.0,0,0
75,7,25,10,24,Y6037275,,,,0,30.0,0,0
75,7,25,10,25,Y6037276,,,,0,30.0,0,0
75,7,25,10,26,Y6037277,,,,0,30.0,0,0
75,7,25,10,27,Y6037278,,,,0,30.0,0,0
75,7,25,10,28,Y6037279,,,,0,30.0,0,0
75,7,25,10,29,Y6037280,,,,0,30.0,0,0
75,7,25,10,30,Y6037281,,,,0,30.0,0,0
75,7,25,11,10,Y6037282,,,,0,30.0,0,0
75,7,25,11,11,Y6037283,,,,0,30.0,0,0
75,7,25,11,12,Y6037284,,,,0,30.0,0,0
75,7,25,11,13,Y6037285,,,,0,30.0,0,0
75,7,25,11,14,Y6037286,,,,0,30.0,0,0
75,7,25,11,15,Y6037287,,,,0,30.0,0,0
75,7,25,11,16,Y6037288,,,,0,30.0,0,0
75,7,25,11,17,Y6037289,,,,0,30.0,0,0
75,7,25,11,18,Y6037290,,,,0,30.0,0,0
75,7,25,11,19,Y6037291,,,,0,30.0,0,0
75,7,25,11,20,Y6037292,,,,0,30.0,0,0
75,7,25,11,21,Y6037293,,,,0,30.0,0,0
75,7,25,11,22,Y6037294,,,,0,30.0,0,0
75,7,25,11,23,Y6037295,,,,0,30.0,0,0
75,7,25,11,24,Y6037296,,,,0,30.0,0,0
75,7,25,11,25,Y6037297,,,,0,30.0,0,0
75,7,25,11,26,Y6037298,,,,0,30.0,0,0
75,7,25,11,27,Y6037299,,,,0,30.0,0,0
75,7,25,11,28,Y6037300,,,,0,30.0,0,0
75,7,25,11,29,Y6037301,,,,0,30.0,0,0
75,7,25,11,30,Y6037302,,,,0,30.0,0,0
75,7,25,12,10,Y6037303,,,,0,30.0,0,0
75,7,25,12,11,Y6037304,,,,0,30.0,0,0
75,7,25,12,12,Y6037305,,,,0,30.0,0,0
75,7,25,12,13,Y6037306,,,,0,30.0,0,0
75,7,25,12,14,Y6037307,,,,0,30.0,0,0
75,7,25,12,15,Y6037308,,,,0,30.0,0,0
75,7,25,12,16,Y6037309,,,,0,30.0,0,0
75,7,25,12,17,Y6037310,,,,0,30.0,0,0
75,7,25,12,18,Y6037311,,,,0,30.0,0,0
75,7,25,12,19,Y6037312,,,,0,30.0,0,0
75,7,25,12,20,Y6037313,,,,0,30.0,0,0
75,7,25,12,21,Y6037314,,,,0,30.0,0,0
75,7,25,12,22,Y6037315,,,,0,30.0,0,0
75,7,25,12,23,Y6037316,,,,0,30.0,0,0
75,7,25,12,24,Y6037317,,,,0,30.0,0,0
75,7,25,12,25,Y6037318,,,,0,30.0,0,0
75,7,25,12,26,Y6037319,,,,0,30.0,0,0
75,7,25,12,27,Y6037320,,,,0,30.0,0,0
75,7,25,12,28,Y6037321,,,,0,30.0,0,0
75,7,25,12,29,Y6037322,,,,0,30.0,0,0
75,7,25,12,30,Y6037323,,,,0,30.0,0,0
75,7,26,1,10,Y6037324,,,,0,30.0,0,0
75,7,26,1,11,Y6037325,,,,0,30.0,0,0
75,7,26,1,12,Y6037326,,,,0,30.0,0,0
75,7,26,1,13,Y6037327,,,,0,30.0,0,0
75,7,26,1,14,Y6037328,,,,0,30.0,0,0
75,7,26,1,15,Y6037329,,,,0,30.0,0,0
75,7,26,1,16,Y6037330,,,,0,30.0,0,0
75,7,26,1,17,Y6037331,,,,0,30.0,0,0
75,7,26,1,18,Y6037332,,,,0,30.0,0,0
75,7,26,1,19,Y6037333,,,,0,30.0,0,0
75,7,26,1,20,Y6037334,,,,0,30.0,0,0
75,7,26,1,21,Y6037335,,,,0,30.0,0,0
75,7,26,1,22,Y6037336,,,,0,30.0,0,0
75,7,26,1,23,Y6037337,,,,0,30.0,0,0
75,7,26,1,24,Y6037338,,,,0,30.0,0,0
75,7,26,1,25,Y6037339,,,,0,30.0,0,0
75,7,26,1,26,Y6037340,,,,0,30.0,0,0
75,7,26,1,27,Y6037341,,,,0,30.0,0,0
75,7,26,1,28,Y6037342,,,,0,30.0,0,0
75,7,26,1,29,Y6037343,,,,0,30.0,0,0
75,7,26,1,30,Y6037344,,,,0,30.0,0,0
75,7,26,2,10,Y6037345,,,,0,30.0,0,0
75,7,26,2,11,Y6037346,,,,0,30.0,0,0
75,7,26,2,12,Y6037347,,,,0,30.0,0,0
75,7,26,2,13,Y6037348,,,,0,30.0,0,0
75,7,26,2,14,Y6037349,,,,0,30.0,0,0
75,7,26,2,15,Y6037350,,,,0,30.0,0,0
75,7,26,2,16,Y6037351,,,,0,30.0,0,0
75,7,26,2,17,Y6037352,,,,0,30.0,0,0
75,7,26,2,18,Y6037353,,,,0,30.0,0,0
75,7,26,2,19,Y6037354,,,,0,30.0,0,0
75,7,26,2,20,Y6037355,,,,0,30.0,0,0
75,7,26,2,21,Y6037356,,,,0,30.0,0,0
75,7,26,2,22,Y6037357,,,,0,30.0,0,0
75,7,26,2,23,Y6037358,,,,0,30.0,0,0
75,7,26,2,24,Y6037359,,,,0,30.0,0,0
75,7,26,2,25,Y6037360,,,,0,30.0,0,0
75,7,26,2,26,Y6037361,,,,0,30.0,0,0
75,7,26,2,27,Y6037362,,,,0,30.0,0,0
75,7,26,2,28,Y6037363,,,,0,30.0,0,0
75,7,26,2,29,Y6037364,,,,0,30.0,0,0
75,7,26,2,30,Y6037365,,,,0,30.0,0,0
75,7,26,3,10,Y6037366,,,,0,30.0,0,0
75,7,26,3,11,Y6037367,,,,0,30.0,0,0
75,7,26,3,12,Y6037368,,,,0,30.0,0,0
75,7,26,3,13,Y6037369,,,,0,30.0,0,0
75,7,26,3,14,Y6037370,,,,0,30.0,0,0
75,7,26,3,15,Y6037371,,,,0,30.0,0,0
75,7,26,3,16,Y6037372,,,,0,30.0,0,0
75,7,26,3,17,Y6037373,,,,0,30.0,0,0
75,7,26,3,18,Y6037374,,,,0,30.0,0,0
75,7,26,3,19,Y6037375,,,,0,30.0,0,0
75,7,26,3,20,Y6037376,,,,0,30.0,0,0
75,7,26,3,21,Y6037377,,,,0,30.0,0,0
75,7,26,3,22,Y6037378,,,,0,30.0,0,0
75,7,26,3,23,Y6037379,,,,0,30.0,0,0
75,7,26,3,24,Y6037380,,,,0,30.0,0,0
75,7,26,3,25,Y6037381,,,,0,30.0,0,0
75,7,26,3,26,Y6037382,,,,0,30.0,0,0
75,7,26,3,27,Y6037383,,,,0,30.0,0,0
75,7,26,3,28,Y6037384,,,,0,30.0,0,0
75,7,26,3,29,Y6037385,,,,0,30.0,0,0
75,7,26,3,30,Y6037386,,,,0,30.0,0,0
75,7,26,4,10,Y6037387,,,,0,30.0,0,0
75,7,26,4,11,Y6037388,,,,0,30.0,0,0
75,7,26,4,12,Y6037389,,,,0,30.0,0,0
75,7,26,4,13,Y6037390,,,,0,30.0,0,0
75,7,26,4,14,Y6037391,,,,0,30.0,0,0
75,7,26,4,15,Y6037392,,,,0,30.0,0,0
75,7,26,4,16,Y6037393,,,,0,30.0,0,0
75,7,26,4,17,Y6037394,,,,0,30.0,0,0
75,7,26,4,18,Y6037395,,,,0,30.0,0,0
75,7,26,4,19,Y6037396,,,,0,30.0,0,0
75,7,26,4,20,Y6037397,,,,0,30.0,0,0
75,7,26,4,21,Y6037398,,,,0,30.0,0,0
75,7,26,4,22,Y6037399,,,,0,30.0,0,0
75,7,26,4,23,Y6037400,,,,0,30.0,0,0
75,7,26,4,24,Y6037401,,,,0,30.0,0,0
75,7,26,4,25,Y6037402,,,,0,30.0,0,0
75,7,26,4,26,Y6037403,,,,0,30.0,0,0
75,7,26,4,27,Y6037404,,,,0,30.0,0,0
75,7,26,4,28,Y6037405,,,,0,30.0,0,0
75,7,26,4,29,Y6037406,,,,0,30.0,0,0
75,7,26,4,30,Y6037407,,,,0,30.0,0,0
75,7,26,5,10,Y6037408,,,,0,30.0,0,0
75,7,26,5,11,Y6037409,,,,0,30.0,0,0
75,7,26,5,12,Y6037410,,,,0,30.0,0,0
75,7,26,5,13,Y6037411,,,,0,30.0,0,0
75,7,26,5,14,Y6037412,,,,0,30.0,0,0
75,7,26,5,15,Y6037413,,,,0,30.0,0,0
75,7,26,5,16,Y6037414,,,,0,30.0,0,0
75,7,26,5,17,Y6037415,,,,0,30.0,0,0
75,7,26,5,18,Y6037416,,,,0,30.0,0,0
75,7,26,5,19,Y6037417,,,,0,30.0,0,0
75,7,26,5,20,Y6037418,,,,0,30.0,0,0
75,7,26,5,21,Y6037419,,,,0,30.0,0,0
75,7,26,5,22,Y6037420,,,,0,30.0,0,0
75,7,26,5,23,Y6037421,,,,0,30.0,0,0
75,7,26,5,24,Y6037422,,,,0,30.0,0,0
75,7,26,5,25,Y6037423,,,,0,30.0,0,0
75,7,26,5,26,Y6037424,,,,0,30.0,0,0
75,7,26,5,27,Y6037425,,,,0,30.0,0,0
75,7,26,5,28,Y6037426,,,,0,30.0,0,0
75,7,26,5,29,Y6037427,,,,0,30.0,0,0
75,7,26,5,30,Y6037428,,,,0,30.0,0,0
75,7,26,6,10,Y6037429,,,,0,30.0,0,0
75,7,26,6,11,Y6037430,,,,0,30.0,0,0
75,7,26,6,12,Y6037431,,,,0,30.0,0,0
75,7,26,6,13,Y6037432,,,,0,30.0,0,0
75,7,26,6,14,Y6037433,,,,0,30.0,0,0
75,7,26,6,15,Y6037434,,,,0,30.0,0,0
75,7,26,6,16,Y6037435,,,,0,30.0,0,0
75,7,26,6,17,Y6037436,,,,0,30.0,0,0
75,7,26,6,18,Y6037437,,,,0,30.0,0,0
75,7,26,6,19,Y6037438,,,,0,30.0,0,0
75,7,26,6,20,Y6037439,,,,0,30.0,0,0
75,7,26,6,21,Y6037440,,,,0,30.0,0,0
75,7,26,6,22,Y6037441,,,,0,30.0,0,0
75,7,26,6,23,Y6037442,,,,0,30.0,0,0
75,7,26,6,24,Y6037443,,,,0,30.0,0,0
75,7,26,6,25,Y6037444,,,,0,30.0,0,0
75,7,26,6,26,Y6037445,,,,0,30.0,0,0
75,7,26,6,27,Y6037446,,,,0,30.0,0,0
75,7,26,6,28,Y6037447,,,,0,30.0,0,0
75,7,26,6,29,Y6037448,,,,0,30.0,0,0
75,7,26,6,30,Y6037449,,,,0,30.0,0,0
75,7,26,7,10,Y6037450,,,,0,30.0,0,0
75,7,26,7,11,Y6037451,,,,0,30.0,0,0
75,7,26,7,12,Y6037452,,,,0,30.0,0,0
75,7,26,7,13,Y6037453,,,,0,30.0,0,0
75,7,26,7,14,Y6037454,,,,0,30.0,0,0
75,7,26,7,15,Y6037455,,,,0,30.0,0,0
75,7,26,7,16,Y6037456,,,,0,30.0,0,0
75,7,26,7,17,Y6037457,,,,0,30.0,0,0
75,7,26,7,18,Y6037458,,,,0,30.0,0,0
75,7,26,7,19,Y6037459,,,,0,30.0,0,0
75,7,26,7,20,Y6037460,,,,0,30.0,0,0
75,7,26,7,21,Y6037461,,,,0,30.0,0,0
75,7,26,7,22,Y6037462,,,,0,30.0,0,0
75,7,26,7,23,Y6037463,,,,0,30.0,0,0
75,7,26,7,24,Y6037464,,,,0,30.0,0,0
75,7,26,7,25,Y6037465,,,,0,30.0,0,0
75,7,26,7,26,Y6037466,,,,0,30.0,0,0
75,7,26,7,27,Y6037467,,,,0,30.0,0,0
75,7,26,7,28,Y6037468,,,,0,30.0,0,0
75,7,26,7,29,Y6037469,,,,0,30.0,0,0
75,7,26,7,30,Y6037470,,,,0,30.0,0,0
75,7,26,8,10,Y6037471,,,,0,30.0,0,0
75,7,26,8,11,Y6037472,,,,0,30.0,0,0
75,7,26,8,12,Y6037473,,,,0,30.0,0,0
75,7,26,8,13,Y6037474,,,,0,30.0,0,0
75,7,26,8,14,Y6037475,,,,0,30.0,0,0
75,7,26,8,15,Y6037476,,,,0,30.0,0,0
75,7,26,8,16,Y6037477,,,,0,30.0,0,0
75,7,26,8,17,Y6037478,,,,0,30.0,0,0
75,7,26,8,18,Y6037479,,,,0,30.0,0,0
75,7,26,8,19,Y6037480,,,,0,30.0,0,0
75,7,26,8,20,Y6037481,,,,0,30.0,0,0
75,7,26,8,21,Y6037482,,,,0,30.0,0,0
75,7,26,8,22,Y6037483,,,,0,30.0,0,0
75,7,26,8,23,Y6037484,,,,0,30.0,0,0
75,7,26,8,24,Y6037485,,,,0,30.0,0,0
75,7,26,8,25,Y6037486,,,,0,30.0,0,0
75,7,26,8,26,Y6037487,,,,0,30.0,0,0
75,7,26,8,27,Y6037488,,,,0,30.0,0,0
75,7,26,8,28,Y6037489,,,,0,30.0,0,0
75,7,26,8,29,Y6037490,,,,0,30.0,0,0
75,7,26,8,30,Y6037491,,,,0,30.0,0,0
75,7,26,9,10,Y6037492,,,,0,30.0,0,0
75,7,26,9,11,Y6037493,,,,0,30.0,0,0
75,7,26,9,12,Y6037494,,,,0,30.0,0,0
75,7,26,9,13,Y6037495,,,,0,30.0,0,0
75,7,26,9,14,Y6037496,,,,0,30.0,0,0
75,7,26,9,15,Y6037497,,,,0,30.0,0,0
75,7,26,9,16,Y6037498,,,,0,30.0,0,0
75,7,26,9,17,Y6037499,,,,0,30.0,0,0
75,7,26,9,18,Y6037500,,,,0,30.0,0,0
75,7,26,9,19,Y6037501,,,,0,30.0,0,0
75,7,26,9,20,Y6037502,,,,0,30.0,0,0
75,7,26,9,21,Y6037503,,,,0,30.0,0,0
75,7,26,9,22,Y6037504,,,,0,30.0,0,0
75,7,26,9,23,Y6037505,,,,0,30.0,0,0
75,7,26,9,24,Y6037506,,,,0,30.0,0,0
75,7,26,9,25,Y6037507,,,,0,30.0,0,0
75,7,26,9,26,Y6037508,,,,0,30.0,0,0
75,7,26,9,27,Y6037509,,,,0,30.0,0,0
75,7,26,9,28,Y6037510,,,,0,30.0,0,0
75,7,26,9,29,Y6037511,,,,0,30.0,0,0
75,7,26,9,30,Y6037512,,,,0,30.0,0,0
75,7,26,10,10,Y6037513,,,,0,30.0,0,0
75,7,26,10,11,Y6037514,,,,0,30.0,0,0
75,7,26,10,12,Y6037515,,,,0,30.0,0,0
75,7,26,10,13,Y6037516,,,,0,30.0,0,0
75,7,26,10,14,Y6037517,,,,0,30.0,0,0
75,7,26,10,15,Y6037518,,,,0,30.0,0,0
75,7,26,10,16,Y6037519,,,,0,30.0,0,0
75,7,26,10,17,Y6037520,,,,0,30.0,0,0
75,7,26,10,18,Y6037521,,,,0,30.0,0,0
75,7,26,10,19,Y6037522,,,,0,30.0,0,0
75,7,26,10,20,Y6037523,,,,0,30.0,0,0
75,7,26,10,21,Y6037524,,,,0,30.0,0,0
75,7,26,10,22,Y6037525,,,,0,30.0,0,0
75,7,26,10,23,Y6037526,,,,0,30.0,0,0
75,7,26,10,24,Y6037527,,,,0,30.0,0,0
75,7,26,10,25,Y6037528,,,,0,30.0,0,0
75,7,26,10,26,Y6037529,,,,0,30.0,0,0
75,7,26,10,27,Y6037530,,,,0,30.0,0,0
75,7,26,10,28,Y6037531,,,,0,30.0,0,0
75,7,26,10,29,Y6037532,,,,0,30.0,0,0
75,7,26,10,30,Y6037533,,,,0,30.0,0,0
75,7,26,11,10,Y6037534,,,,0,30.0,0,0
75,7,26,11,11,Y6037535,,,,0,30.0,0,0
75,7,26,11,12,Y6037536,,,,0,30.0,0,0
75,7,26,11,13,Y6037537,,,,0,30.0,0,0
75,7,26,11,14,Y6037538,,,,0,30.0,0,0
75,7,26,11,15,Y6037539,,,,0,30.0,0,0
75,7,26,11,16,Y6037540,,,,0,30.0,0,0
75,7,26,11,17,Y6037541,,,,0,30.0,0,0
75,7,26,11,18,Y6037542,,,,0,30.0,0,0
75,7,26,11,19,Y6037543,,,,0,30.0,0,0
75,7,26,11,20,Y6037544,,,,0,30.0,0,0
75,7,26,11,21,Y6037545,,,,0,30.0,0,0
75,7,26,11,22,Y6037546,,,,0,30.0,0,0
75,7,26,11,23,Y6037547,,,,0,30.0,0,0
75,7,26,11,24,Y6037548,,,,0,30.0,0,0
75,7,26,11,25,Y6037549,,,,0,30.0,0,0
75,7,26,11,26,Y6037550,,,,0,30.0,0,0
75,7,26,11,27,Y6037551,,,,0,30.0,0,0
75,7,26,11,28,Y6037552,,,,0,30.0,0,0
75,7,26,11,29,Y6037553,,,,0,30.0,0,0
75,7,26,11,30,Y6037554,,,,0,30.0,0,0
75,7,26,12,10,Y6037555,,,,0,30.0,0,0
75,7,26,12,11,Y6037556,,,,0,30.0,0,0
75,7,26,12,12,Y6037557,,,,0,30.0,0,0
75,7,26,12,13,Y6037558,,,,0,30.0,0,0
75,7,26,12,14,Y6037559,,,,0,30.0,0,0
75,7,26,12,15,Y6037560,,,,0,30.0,0,0
75,7,26,12,16,Y6037561,,,,0,30.0,0,0
75,7,26,12,17,Y6037562,,,,0,30.0,0,0
75,7,26,12,18,Y6037563,,,,0,30.0,0,0
75,7,26,12,19,Y6037564,,,,0,30.0,0,0
75,7,26,12,20,Y6037565,,,,0,30.0,0,0
75,7,26,12,21,Y6037566,,,,0,30.0,0,0
75,7,26,12,22,Y6037567,,,,0,30.0,0,0
75,7,26,12,23,Y6037568,,,,0,30.0,0,0
75,7,26,12,24,Y6037569,,,,0,30.0,0,0
75,7,26,12,25,Y6037570,,,,0,30.0,0,0
75,7,26,12,26,Y6037571,,,,0,30.0,0,0
75,7,26,12,27,Y6037572,,,,0,30.0,0,0
75,7,26,12,28,Y6037573,,,,0,30.0,0,0
75,7,26,12,29,Y6037574,,,,0,30.0,0,0
75,7,26,12,30,Y6037575,,,,0,30.0,0,0
75,7,27,1,10,Y6037576,,,,0,30.0,0,0
75,7,27,1,11,Y6037577,,,,0,30.0,0,0
75,7,27,1,12,Y6037578,,,,0,30.0,0,0
75,7,27,1,13,Y6037579,,,,0,30.0,0,0
75,7,27,1,14,Y6037580,,,,0,30.0,0,0
75,7,27,1,15,Y6037581,,,,0,30.0,0,0
75,7,27,1,16,Y6037582,,,,0,30.0,0,0
75,7,27,1,17,Y6037583,,,,0,30.0,0,0
75,7,27,1,18,Y6037584,,,,0,30.0,0,0
75,7,27,1,19,Y6037585,,,,0,30.0,0,0
75,7,27,1,20,Y6037586,,,,0,30.0,0,0
75,7,27,1,21,Y6037587,,,,0,30.0,0,0
75,7,27,1,22,Y6037588,,,,0,30.0,0,0
75,7,27,1,23,Y6037589,,,,0,30.0,0,0
75,7,27,1,24,Y6037590,,,,0,30.0,0,0
75,7,27,1,25,Y6037591,,,,0,30.0,0,0
75,7,27,1,26,Y6037592,,,,0,30.0,0,0
75,7,27,1,27,Y6037593,,,,0,30.0,0,0
75,7,27,1,28,Y6037594,,,,0,30.0,0,0
75,7,27,1,29,Y6037595,,,,0,30.0,0,0
75,7,27,1,30,Y6037596,,,,0,30.0,0,0
75,7,27,2,10,Y6037597,,,,0,30.0,0,0
75,7,27,2,11,Y6037598,,,,0,30.0,0,0
75,7,27,2,12,Y6037599,,,,0,30.0,0,0
75,7,27,2,13,Y6037600,,,,0,30.0,0,0
75,7,27,2,14,Y6037601,,,,0,30.0,0,0
75,7,27,2,15,Y6037602,,,,0,30.0,0,0
75,7,27,2,16,Y6037603,,,,0,30.0,0,0
75,7,27,2,17,Y6037604,,,,0,30.0,0,0
75,7,27,2,18,Y6037605,,,,0,30.0,0,0
75,7,27,2,19,Y6037606,,,,0,30.0,0,0
75,7,27,2,20,Y6037607,,,,0,30.0,0,0
75,7,27,2,21,Y6037608,,,,0,30.0,0,0
75,7,27,2,22,Y6037609,,,,0,30.0,0,0
75,7,27,2,23,Y6037610,,,,0,30.0,0,0
75,7,27,2,24,Y6037611,,,,0,30.0,0,0
75,7,27,2,25,Y6037612,,,,0,30.0,0,0
75,7,27,2,26,Y6037613,,,,0,30.0,0,0
75,7,27,2,27,Y6037614,,,,0,30.0,0,0
75,7,27,2,28,Y6037615,,,,0,30.0,0,0
75,7,27,2,29,Y6037616,,,,0,30.0,0,0
75,7,27,2,30,Y6037617,,,,0,30.0,0,0
75,7,27,3,10,Y6037618,,,,0,30.0,0,0
75,7,27,3,11,Y6037619,,,,0,30.0,0,0
75,7,27,3,12,Y6037620,,,,0,30.0,0,0
75,7,27,3,13,Y6037621,,,,0,30.0,0,0
75,7,27,3,14,Y6037622,,,,0,30.0,0,0
75,7,27,3,15,Y6037623,,,,0,30.0,0,0
75,7,27,3,16,Y6037624,,,,0,30.0,0,0
75,7,27,3,17,Y6037625,,,,0,30.0,0,0
75,7,27,3,18,Y6037626,,,,0,30.0,0,0
75,7,27,3,19,Y6037627,,,,0,30.0,0,0
75,7,27,3,20,Y6037628,,,,0,30.0,0,0
75,7,27,3,21,Y6037629,,,,0,30.0,0,0
75,7,27,3,22,Y6037630,,,,0,30.0,0,0
75,7,27,3,23,Y6037631,,,,0,30.0,0,0
75,7,27,3,24,Y6037632,,,,0,30.0,0,0
75,7,27,3,25,Y6037633,,,,0,30.0,0,0
75,7,27,3,26,Y6037634,,,,0,30.0,0,0
75,7,27,3,27,Y6037635,,,,0,30.0,0,0
75,7,27,3,28,Y6037636,,,,0,30.0,0,0
75,7,27,3,29,Y6037637,,,,0,30.0,0,0
75,7,27,3,30,Y6037638,,,,0,30.0,0,0
75,7,27,4,10,Y6037639,,,,0,30.0,0,0
75,7,27,4,11,Y6037640,,,,0,30.0,0,0
75,7,27,4,12,Y6037641,,,,0,30.0,0,0
75,7,27,4,13,Y6037642,,,,0,30.0,0,0
75,7,27,4,14,Y6037643,,,,0,30.0,0,0
75,7,27,4,15,Y6037644,,,,0,30.0,0,0
75,7,27,4,16,Y6037645,,,,0,30.0,0,0
75,7,27,4,17,Y6037646,,,,0,30.0,0,0
75,7,27,4,18,Y6037647,,,,0,30.0,0,0
75,7,27,4,19,Y6037648,,,,0,30.0,0,0
75,7,27,4,20,Y6037649,,,,0,30.0,0,0
75,7,27,4,21,Y6037650,,,,0,30.0,0,0
75,7,27,4,22,Y6037651,,,,0,30.0,0,0
75,7,27,4,23,Y6037652,,,,0,30.0,0,0
75,7,27,4,24,Y6037653,,,,0,30.0,0,0
75,7,27,4,25,Y6037654,,,,0,30.0,0,0
75,7,27,4,26,Y6037655,,,,0,30.0,0,0
75,7,27,4,27,Y6037656,,,,0,30.0,0,0
75,7,27,4,28,Y6037657,,,,0,30.0,0,0
75,7,27,4,29,Y6037658,,,,0,30.0,0,0
75,7,27,4,30,Y6037659,,,,0,30.0,0,0
75,7,27,5,10,Y6037660,,,,0,30.0,0,0
75,7,27,5,11,Y6037661,,,,0,30.0,0,0
75,7,27,5,12,Y6037662,,,,0,30.0,0,0
75,7,27,5,13,Y6037663,,,,0,30.0,0,0
75,7,27,5,14,Y6037664,,,,0,30.0,0,0
75,7,27,5,15,Y6037665,,,,0,30.0,0,0
75,7,27,5,16,Y6037666,,,,0,30.0,0,0
75,7,27,5,17,Y6037667,,,,0,30.0,0,0
75,7,27,5,18,Y6037668,,,,0,30.0,0,0
75,7,27,5,19,Y6037669,,,,0,30.0,0,0
75,7,27,5,20,Y6037670,,,,0,30.0,0,0
75,7,27,5,21,Y6037671,,,,0,30.0,0,0
75,7,27,5,22,Y6037672,,,,0,30.0,0,0
75,7,27,5,23,Y6037673,,,,0,30.0,0,0
75,7,27,5,24,Y6037674,,,,0,30.0,0,0
75,7,27,5,25,Y6037675,,,,0,30.0,0,0
75,7,27,5,26,Y6037676,,,,0,30.0,0,0
75,7,27,5,27,Y6037677,,,,0,30.0,0,0
75,7,27,5,28,Y6037678,,,,0,30.0,0,0
75,7,27,5,29,Y6037679,,,,0,30.0,0,0
75,7,27,5,30,Y6037680,,,,0,30.0,0,0
75,7,27,6,10,Y6037681,,,,0,30.0,0,0
75,7,27,6,11,Y6037682,,,,0,30.0,0,0
75,7,27,6,12,Y6037683,,,,0,30.0,0,0
75,7,27,6,13,Y6037684,,,,0,30.0,0,0
75,7,27,6,14,Y6037685,,,,0,30.0,0,0
75,7,27,6,15,Y6037686,,,,0,30.0,0,0
75,7,27,6,16,Y6037687,,,,0,30.0,0,0
75,7,27,6,17,Y6037688,,,,0,30.0,0,0
75,7,27,6,18,Y6037689,,,,0,30.0,0,0
75,7,27,6,19,Y6037690,,,,0,30.0,0,0
75,7,27,6,20,Y6037691,,,,0,30.0,0,0
75,7,27,6,21,Y6037692,,,,0,30.0,0,0
75,7,27,6,22,Y6037693,,,,0,30.0,0,0
75,7,27,6,23,Y6037694,,,,0,30.0,0,0
75,7,27,6,24,Y6037695,,,,0,30.0,0,0
75,7,27,6,25,Y6037696,,,,0,30.0,0,0
75,7,27,6,26,Y6037697,,,,0,30.0,0,0
75,7,27,6,27,Y6037698,,,,0,30.0,0,0
75,7,27,6,28,Y6037699,,,,0,30.0,0,0
75,7,27,6,29,Y6037700,,,,0,30.0,0,0
75,7,27,6,30,Y6037701,,,,0,30.0,0,0
75,7,27,7,10,Y6037702,,,,0,30.0,0,0
75,7,27,7,11,Y6037703,,,,0,30.0,0,0
75,7,27,7,12,Y6037704,,,,0,30.0,0,0
75,7,27,7,13,Y6037705,,,,0,30.0,0,0
75,7,27,7,14,Y6037706,,,,0,30.0,0,0
75,7,27,7,15,Y6037707,,,,0,30.0,0,0
75,7,27,7,16,Y6037708,,,,0,30.0,0,0
75,7,27,7,17,Y6037709,,,,0,30.0,0,0
75,7,27,7,18,Y6037710,,,,0,30.0,0,0
75,7,27,7,19,Y6037711,,,,0,30.0,0,0
75,7,27,7,20,Y6037712,,,,0,30.0,0,0
75,7,27,7,21,Y6037713,,,,0,30.0,0,0
75,7,27,7,22,Y6037714,,,,0,30.0,0,0
75,7,27,7,23,Y6037715,,,,0,30.0,0,0
75,7,27,7,24,Y6037716,,,,0,30.0,0,0
75,7,27,7,25,Y6037717,,,,0,30.0,0,0
75,7,27,7,26,Y6037718,,,,0,30.0,0,0
75,7,27,7,27,Y6037719,,,,0,30.0,0,0
75,7,27,7,28,Y6037720,,,,0,30.0,0,0
75,7,27,7,29,Y6037721,,,,0,30.0,0,0
75,7,27,7,30,Y6037722,,,,0,30.0,0,0
75,7,27,8,10,Y6037723,,,,0,30.0,0,0
75,7,27,8,11,Y6037724,,,,0,30.0,0,0
75,7,27,8,12,Y6037725,,,,0,30.0,0,0
75,7,27,8,13,Y6037726,,,,0,30.0,0,0
75,7,27,8,14,Y6037727,,,,0,30.0,0,0
75,7,27,8,15,Y6037728,,,,0,30.0,0,0
75,7,27,8,16,Y6037729,,,,0,30.0,0,0
75,7,27,8,17,Y6037730,,,,0,30.0,0,0
75,7,27,8,18,Y6037731,,,,0,30.0,0,0
75,7,27,8,19,Y6037732,,,,0,30.0,0,0
75,7,27,8,20,Y6037733,,,,0,30.0,0,0
75,7,27,8,21,Y6037734,,,,0,30.0,0,0
75,7,27,8,22,Y6037735,,,,0,30.0,0,0
75,7,27,8,23,Y6037736,,,,0,30.0,0,0
75,7,27,8,24,Y6037737,,,,0,30.0,0,0
75,7,27,8,25,Y6037738,,,,0,30.0,0,0
75,7,27,8,26,Y6037739,,,,0,30.0,0,0
75,7,27,8,27,Y6037740,,,,0,30.0,0,0
75,7,27,8,28,Y6037741,,,,0,30.0,0,0
75,7,27,8,29,Y6037742,,,,0,30.0,0,0
75,7,27,8,30,Y6037743,,,,0,30.0,0,0
75,7,27,9,10,Y6037744,,,,0,30.0,0,0
75,7,27,9,11,Y6037745,,,,0,30.0,0,0
75,7,27,9,12,Y6037746,,,,0,30.0,0,0
75,7,27,9,13,Y6037747,,,,0,30.0,0,0
75,7,27,9,14,Y6037748,,,,0,30.0,0,0
75,7,27,9,15,Y6037749,,,,0,30.0,0,0
75,7,27,9,16,Y6037750,,,,0,30.0,0,0
75,7,27,9,17,Y6037751,,,,0,30.0,0,0
75,7,27,9,18,Y6037752,,,,0,30.0,0,0
75,7,27,9,19,Y6037753,,,,0,30.0,0,0
75,7,27,9,20,Y6037754,,,,0,30.0,0,0
75,7,27,9,21,Y6037755,,,,0,30.0,0,0
75,7,27,9,22,Y6037756,,,,0,30.0,0,0
75,7,27,9,23,Y6037757,,,,0,30.0,0,0
75,7,27,9,24,Y6037758,,,,0,30.0,0,0
75,7,27,9,25,Y6037759,,,,0,30.0,0,0
75,7,27,9,26,Y6037760,,,,0,30.0,0,0
75,7,27,9,27,Y6037761,,,,0,30.0,0,0
75,7,27,9,28,Y6037762,,,,0,30.0,0,0
75,7,27,9,29,Y6037763,,,,0,30.0,0,0
75,7,27,9,30,Y6037764,,,,0,30.0,0,0
75,7,27,10,10,Y6037765,,,,0,30.0,0,0
75,7,27,10,11,Y6037766,,,,0,30.0,0,0
75,7,27,10,12,Y6037767,,,,0,30.0,0,0
75,7,27,10,13,Y6037768,,,,0,30.0,0,0
75,7,27,10,14,Y6037769,,,,0,30.0,0,0
75,7,27,10,15,Y6037770,,,,0,30.0,0,0
75,7,27,10,16,Y6037771,,,,0,30.0,0,0
75,7,27,10,17,Y6037772,,,,0,30.0,0,0
75,7,27,10,18,Y6037773,,,,0,30.0,0,0
75,7,27,10,19,Y6037774,,,,0,30.0,0,0
75,7,27,10,20,Y6037775,,,,0,30.0,0,0
75,7,27,10,21,Y6037776,,,,0,30.0,0,0
75,7,27,10,22,Y6037777,,,,0,30.0,0,0
75,7,27,10,23,Y6037778,,,,0,30.0,0,0
75,7,27,10,24,Y6037779,,,,0,30.0,0,0
75,7,27,10,25,Y6037780,,,,0,30.0,0,0
75,7,27,10,26,Y6037781,,,,0,30.0,0,0
75,7,27,10,27,Y6037782,,,,0,30.0,0,0
75,7,27,10,28,Y6037783,,,,0,30.0,0,0
75,7,27,10,29,Y6037784,,,,0,30.0,0,0
75,7,27,10,30,Y6037785,,,,0,30.0,0,0
75,7,27,11,10,Y6037786,,,,0,30.0,0,0
75,7,27,11,11,Y6037787,,,,0,30.0,0,0
75,7,27,11,12,Y6037788,,,,0,30.0,0,0
75,7,27,11,13,Y6037789,,,,0,30.0,0,0
75,7,27,11,14,Y6037790,,,,0,30.0,0,0
75,7,27,11,15,Y6037791,,,,0,30.0,0,0
75,7,27,11,16,Y6037792,,,,0,30.0,0,0
75,7,27,11,17,Y6037793,,,,0,30.0,0,0
75,7,27,11,18,Y6037794,,,,0,30.0,0,0
75,7,27,11,19,Y6037795,,,,0,30.0,0,0
75,7,27,11,20,Y6037796,,,,0,30.0,0,0
75,7,27,11,21,Y6037797,,,,0,30.0,0,0
75,7,27,11,22,Y6037798,,,,0,30.0,0,0
75,7,27,11,23,Y6037799,,,,0,30.0,0,0
75,7,27,11,24,Y6037800,,,,0,30.0,0,0
75,7,27,11,25,Y6037801,,,,0,30.0,0,0
75,7,27,11,26,Y6037802,,,,0,30.0,0,0
75,7,27,11,27,Y6037803,,,,0,30.0,0,0
75,7,27,11,28,Y6037804,,,,0,30.0,0,0
75,7,27,11,29,Y6037805,,,,0,30.0,0,0
75,7,27,11,30,Y6037806,,,,0,30.0,0,0
75,7,27,12,10,Y6037807,,,,0,30.0,0,0
75,7,27,12,11,Y6037808,,,,0,30.0,0,0
75,7,27,12,12,Y6037809,,,,0,30.0,0,0
75,7,27,12,13,Y6037810,,,,0,30.0,0,0
75,7,27,12,14,Y6037811,,,,0,30.0,0,0
75,7,27,12,15,Y6037812,,,,0,30.0,0,0
75,7,27,12,16,Y6037813,,,,0,30.0,0,0
75,7,27,12,17,Y6037814,,,,0,30.0,0,0
75,7,27,12,18,Y6037815,,,,0,30.0,0,0
75,7,27,12,19,Y6037816,,,,0,30.0,0,0
75,7,27,12,20,Y6037817,,,,0,30.0,0,0
75,7,27,12,21,Y6037818,,,,0,30.0,0,0
75,7,27,12,22,Y6037819,,,,0,30.0,0,0
75,7,27,12,23,Y6037820,,,,0,30.0,0,0
75,7,27,12,24,Y6037821,,,,0,30.0,0,0
75,7,27,12,25,Y6037822,,,,0,30.0,0,0
75,7,27,12,26,Y6037823,,,,0,30.0,0,0
75,7,27,12,27,Y6037824,,,,0,30.0,0,0
75,7,27,12,28,Y6037825,,,,0,30.0,0,0
75,7,27,12,29,Y6037826,,,,0,30.0,0,0
75,7,27,12,30,Y6037827,,,,0,30.0,0,0
75,7,28,1,10,Y6037828,,,,0,30.0,0,0
75,7,28,1,11,Y6037829,,,,0,30.0,0,0
75,7,28,1,12,Y6037830,,,,0,30.0,0,0
75,7,28,1,13,Y6037831,,,,0,30.0,0,0
75,7,28,1,14,Y6037832,,,,0,30.0,0,0
75,7,28,1,15,Y6037833,,,,0,30.0,0,0
75,7,28,1,16,Y6037834,,,,0,30.0,0,0
75,7,28,1,17,Y6037835,,,,0,30.0,0,0
75,7,28,1,18,Y6037836,,,,0,30.0,0,0
75,7,28,1,19,Y6037837,,,,0,30.0,0,0
75,7,28,1,20,Y6037838,,,,0,30.0,0,0
75,7,28,1,21,Y6037839,,,,0,30.0,0,0
75,7,28,1,22,Y6037840,,,,0,30.0,0,0
75,7,28,1,23,Y6037841,,,,0,30.0,0,0
75,7,28,1,24,Y6037842,,,,0,30.0,0,0
75,7,28,1,25,Y6037843,,,,0,30.0,0,0
75,7,28,1,26,Y6037844,,,,0,30.0,0,0
75,7,28,1,27,Y6037845,,,,0,30.0,0,0
75,7,28,1,28,Y6037846,,,,0,30.0,0,0
75,7,28,1,29,Y6037847,,,,0,30.0,0,0
75,7,28,1,30,Y6037848,,,,0,30.0,0,0
75,7,28,2,10,Y6037849,,,,0,30.0,0,0
75,7,28,2,11,Y6037850,,,,0,30.0,0,0
75,7,28,2,12,Y6037851,,,,0,30.0,0,0
75,7,28,2,13,Y6037852,,,,0,30.0,0,0
75,7,28,2,14,Y6037853,,,,0,30.0,0,0
75,7,28,2,15,Y6037854,,,,0,30.0,0,0
75,7,28,2,16,Y6037855,,,,0,30.0,0,0
75,7,28,2,17,Y6037856,,,,0,30.0,0,0
75,7,28,2,18,Y6037857,,,,0,30.0,0,0
75,7,28,2,19,Y6037858,,,,0,30.0,0,0
75,7,28,2,20,Y6037859,,,,0,30.0,0,0
75,7,28,2,21,Y6037860,,,,0,30.0,0,0
75,7,28,2,22,Y6037861,,,,0,30.0,0,0
75,7,28,2,23,Y6037862,,,,0,30.0,0,0
75,7,28,2,24,Y6037863,,,,0,30.0,0,0
75,7,28,2,25,Y6037864,,,,0,30.0,0,0
75,7,28,2,26,Y6037865,,,,0,30.0,0,0
75,7,28,2,27,Y6037866,,,,0,30.0,0,0
75,7,28,2,28,Y6037867,,,,0,30.0,0,0
75,7,28,2,29,Y6037868,,,,0,30.0,0,0
75,7,28,2,30,Y6037869,,,,0,30.0,0,0
75,7,28,3,10,Y6037870,,,,0,30.0,0,0
75,7,28,3,11,Y6037871,,,,0,30.0,0,0
75,7,28,3,12,Y6037872,,,,0,30.0,0,0
75,7,28,3,13,Y6037873,,,,0,30.0,0,0
75,7,28,3,14,Y6037874,,,,0,30.0,0,0
75,7,28,3,15,Y6037875,,,,0,30.0,0,0
75,7,28,3,16,Y6037876,,,,0,30.0,0,0
75,7,28,3,17,Y6037877,,,,0,30.0,0,0
75,7,28,3,18,Y6037878,,,,0,30.0,0,0
75,7,28,3,19,Y6037879,,,,0,30.0,0,0
75,7,28,3,20,Y6037880,,,,0,30.0,0,0
75,7,28,3,21,Y6037881,,,,0,30.0,0,0
75,7,28,3,22,Y6037882,,,,0,30.0,0,0
75,7,28,3,23,Y6037883,,,,0,30.0,0,0
75,7,28,3,24,Y6037884,,,,0,30.0,0,0
75,7,28,3,25,Y6037885,,,,0,30.0,0,0
75,7,28,3,26,Y6037886,,,,0,30.0,0,0
75,7,28,3,27,Y6037887,,,,0,30.0,0,0
75,7,28,3,28,Y6037888,,,,0,30.0,0,0
75,7,28,3,29,Y6037889,,,,0,30.0,0,0
75,7,28,3,30,Y6037890,,,,0,30.0,0,0
75,7,28,4,10,Y6037891,,,,0,30.0,0,0
75,7,28,4,11,Y6037892,,,,0,30.0,0,0
75,7,28,4,12,Y6037893,,,,0,30.0,0,0
75,7,28,4,13,Y6037894,,,,0,30.0,0,0
75,7,28,4,14,Y6037895,,,,0,30.0,0,0
75,7,28,4,15,Y6037896,,,,0,30.0,0,0
75,7,28,4,16,Y6037897,,,,0,30.0,0,0
75,7,28,4,17,Y6037898,,,,0,30.0,0,0
75,7,28,4,18,Y6037899,,,,0,30.0,0,0
75,7,28,4,19,Y6037900,,,,0,30.0,0,0
75,7,28,4,20,Y6037901,,,,0,30.0,0,0
75,7,28,4,21,Y6037902,,,,0,30.0,0,0
75,7,28,4,22,Y6037903,,,,0,30.0,0,0
75,7,28,4,23,Y6037904,,,,0,30.0,0,0
75,7,28,4,24,Y6037905,,,,0,30.0,0,0
75,7,28,4,25,Y6037906,,,,0,30.0,0,0
75,7,28,4,26,Y6037907,,,,0,30.0,0,0
75,7,28,4,27,Y6037908,,,,0,30.0,0,0
75,7,28,4,28,Y6037909,,,,0,30.0,0,0
75,7,28,4,29,Y6037910,,,,0,30.0,0,0
75,7,28,4,30,Y6037911,,,,0,30.0,0,0
75,7,28,5,10,Y6037912,,,,0,30.0,0,0
75,7,28,5,11,Y6037913,,,,0,30.0,0,0
75,7,28,5,12,Y6037914,,,,0,30.0,0,0
75,7,28,5,13,Y6037915,,,,0,30.0,0,0
75,7,28,5,14,Y6037916,,,,0,30.0,0,0
75,7,28,5,15,Y6037917,,,,0,30.0,0,0
75,7,28,5,16,Y6037918,,,,0,30.0,0,0
75,7,28,5,17,Y6037919,,,,0,30.0,0,0
75,7,28,5,18,Y6037920,,,,0,30.0,0,0
75,7,28,5,19,Y6037921,,,,0,30.0,0,0
75,7,28,5,20,Y6037922,,,,0,30.0,0,0
75,7,28,5,21,Y6037923,,,,0,30.0,0,0
75,7,28,5,22,Y6037924,,,,0,30.0,0,0
75,7,28,5,23,Y6037925,,,,0,30.0,0,0
75,7,28,5,24,Y6037926,,,,0,30.0,0,0
75,7,28,5,25,Y6037927,,,,0,30.0,0,0
75,7,28,5,26,Y6037928,,,,0,30.0,0,0
75,7,28,5,27,Y6037929,,,,0,30.0,0,0
75,7,28,5,28,Y6037930,,,,0,30.0,0,0
75,7,28,5,29,Y6037931,,,,0,30.0,0,0
75,7,28,5,30,Y6037932,,,,0,30.0,0,0
75,7,28,6,10,Y6037933,,,,0,30.0,0,0
75,7,28,6,11,Y6037934,,,,0,30.0,0,0
75,7,28,6,12,Y6037935,,,,0,30.0,0,0
75,7,28,6,13,Y6037936,,,,0,30.0,0,0
75,7,28,6,14,Y6037937,,,,0,30.0,0,0
75,7,28,6,15,Y6037938,,,,0,30.0,0,0
75,7,28,6,16,Y6037939,,,,0,30.0,0,0
75,7,28,6,17,Y6037940,,,,0,30.0,0,0
75,7,28,6,18,Y6037941,,,,0,30.0,0,0
75,7,28,6,19,Y6037942,,,,0,30.0,0,0
75,7,28,6,20,Y6037943,,,,0,30.0,0,0
75,7,28,6,21,Y6037944,,,,0,30.0,0,0
75,7,28,6,22,Y6037945,,,,0,30.0,0,0
75,7,28,6,23,Y6037946,,,,0,30.0,0,0
75,7,28,6,24,Y6037947,,,,0,30.0,0,0
75,7,28,6,25,Y6037948,,,,0,30.0,0,0
75,7,28,6,26,Y6037949,,,,0,30.0,0,0
75,7,28,6,27,Y6037950,,,,0,30.0,0,0
75,7,28,6,28,Y6037951,,,,0,30.0,0,0
75,7,28,6,29,Y6037952,,,,0,30.0,0,0
75,7,28,6,30,Y6037953,,,,0,30.0,0,0
75,7,28,7,10,Y6037954,,,,0,30.0,0,0
75,7,28,7,11,Y6037955,,,,0,30.0,0,0
75,7,28,7,12,Y6037956,,,,0,30.0,0,0
75,7,28,7,13,Y6037957,,,,0,30.0,0,0
75,7,28,7,14,Y6037958,,,,0,30.0,0,0
75,7,28,7,15,Y6037959,,,,0,30.0,0,0
75,7,28,7,16,Y6037960,,,,0,30.0,0,0
75,7,28,7,17,Y6037961,,,,0,30.0,0,0
75,7,28,7,18,Y6037962,,,,0,30.0,0,0
75,7,28,7,19,Y6037963,,,,0,30.0,0,0
75,7,28,7,20,Y6037964,,,,0,30.0,0,0
75,7,28,7,21,Y6037965,,,,0,30.0,0,0
75,7,28,7,22,Y6037966,,,,0,30.0,0,0
75,7,28,7,23,Y6037967,,,,0,30.0,0,0
75,7,28,7,24,Y6037968,,,,0,30.0,0,0
75,7,28,7,25,Y6037969,,,,0,30.0,0,0
75,7,28,7,26,Y6037970,,,,0,30.0,0,0
75,7,28,7,27,Y6037971,,,,0,30.0,0,0
75,7,28,7,28,Y6037972,,,,0,30.0,0,0
75,7,28,7,29,Y6037973,,,,0,30.0,0,0
75,7,28,7,30,Y6037974,,,,0,30.0,0,0
75,7,28,8,10,Y6037975,,,,0,30.0,0,0
75,7,28,8,11,Y6037976,,,,0,30.0,0,0
75,7,28,8,12,Y6037977,,,,0,30.0,0,0
75,7,28,8,13,Y6037978,,,,0,30.0,0,0
75,7,28,8,14,Y6037979,,,,0,30.0,0,0
75,7,28,8,15,Y6037980,,,,0,30.0,0,0
75,7,28,8,16,Y6037981,,,,0,30.0,0,0
75,7,28,8,17,Y6037982,,,,0,30.0,0,0
75,7,28,8,18,Y6037983,,,,0,30.0,0,0
75,7,28,8,19,Y6037984,,,,0,30.0,0,0
75,7,28,8,20,Y6037985,,,,0,30.0,0,0
75,7,28,8,21,Y6037986,,,,0,30.0,0,0
75,7,28,8,22,Y6037987,,,,0,30.0,0,0
75,7,28,8,23,Y6037988,,,,0,30.0,0,0
75,7,28,8,24,Y6037989,,,,0,30.0,0,0
75,7,28,8,25,Y6037990,,,,0,30.0,0,0
75,7,28,8,26,Y6037991,,,,0,30.0,0,0
75,7,28,8,27,Y6037992,,,,0,30.0,0,0
75,7,28,8,28,Y6037993,,,,0,30.0,0,0
75,7,28,8,29,Y6037994,,,,0,30.0,0,0
75,7,28,8,30,Y6037995,,,,0,30.0,0,0
75,7,28,9,10,Y6037996,,,,0,30.0,0,0
75,7,28,9,11,Y6037997,,,,0,30.0,0,0
75,7,28,9,12,Y6037998,,,,0,30.0,0,0
75,7,28,9,13,Y6037999,,,,0,30.0,0,0
75,7,28,9,14,Y6038000,,,,0,30.0,0,0
75,7,28,9,15,Y6038001,,,,0,30.0,0,0
75,7,28,9,16,Y6038002,,,,0,30.0,0,0
75,7,28,9,17,Y6038003,,,,0,30.0,0,0
75,7,28,9,18,Y6038004,,,,0,30.0,0,0
75,7,28,9,19,Y6038005,,,,0,30.0,0,0
75,7,28,9,20,Y6038006,,,,0,30.0,0,0
75,7,28,9,21,Y6038007,,,,0,30.0,0,0
75,7,28,9,22,Y6038008,,,,0,30.0,0,0
75,7,28,9,23,Y6038009,,,,0,30.0,0,0
75,7,28,9,24,Y6038010,,,,0,30.0,0,0
75,7,28,9,25,Y6038011,,,,0,30.0,0,0
75,7,28,9,26,Y6038012,,,,0,30.0,0,0
75,7,28,9,27,Y6038013,,,,0,30.0,0,0
75,7,28,9,28,Y6038014,,,,0,30.0,0,0
75,7,28,9,29,Y6038015,,,,0,30.0,0,0
75,7,28,9,30,Y6038016,,,,0,30.0,0,0
75,7,28,10,10,Y6038017,,,,0,30.0,0,0
75,7,28,10,11,Y6038018,,,,0,30.0,0,0
75,7,28,10,12,Y6038019,,,,0,30.0,0,0
75,7,28,10,13,Y6038020,,,,0,30.0,0,0
75,7,28,10,14,Y6038021,,,,0,30.0,0,0
75,7,28,10,15,Y6038022,,,,0,30.0,0,0
75,7,28,10,16,Y6038023,,,,0,30.0,0,0
75,7,28,10,17,Y6038024,,,,0,30.0,0,0
75,7,28,10,18,Y6038025,,,,0,30.0,0,0
75,7,28,10,19,Y6038026,,,,0,30.0,0,0
75,7,28,10,20,Y6038027,,,,0,30.0,0,0
75,7,28,10,21,Y6038028,,,,0,30.0,0,0
75,7,28,10,22,Y6038029,,,,0,30.0,0,0
75,7,28,10,23,Y6038030,,,,0,30.0,0,0
75,7,28,10,24,Y6038031,,,,0,30.0,0,0
75,7,28,10,25,Y6038032,,,,0,30.0,0,0
75,7,28,10,26,Y6038033,,,,0,30.0,0,0
75,7,28,10,27,Y6038034,,,,0,30.0,0,0
75,7,28,10,28,Y6038035,,,,0,30.0,0,0
75,7,28,10,29,Y6038036,,,,0,30.0,0,0
75,7,28,10,30,Y6038037,,,,0,30.0,0,0
75,7,28,11,10,Y6038038,,,,0,30.0,0,0
75,7,28,11,11,Y6038039,,,,0,30.0,0,0
75,7,28,11,12,Y6038040,,,,0,30.0,0,0
75,7,28,11,13,Y6038041,,,,0,30.0,0,0
75,7,28,11,14,Y6038042,,,,0,30.0,0,0
75,7,28,11,15,Y6038043,,,,0,30.0,0,0
75,7,28,11,16,Y6038044,,,,0,30.0,0,0
75,7,28,11,17,Y6038045,,,,0,30.0,0,0
75,7,28,11,18,Y6038046,,,,0,30.0,0,0
75,7,28,11,19,Y6038047,,,,0,30.0,0,0
75,7,28,11,20,Y6038048,,,,0,30.0,0,0
75,7,28,11,21,Y6038049,,,,0,30.0,0,0
75,7,28,11,22,Y6038050,,,,0,30.0,0,0
75,7,28,11,23,Y6038051,,,,0,30.0,0,0
75,7,28,11,24,Y6038052,,,,0,30.0,0,0
75,7,28,11,25,Y6038053,,,,0,30.0,0,0
75,7,28,11,26,Y6038054,,,,0,30.0,0,0
75,7,28,11,27,Y6038055,,,,0,30.0,0,0
75,7,28,11,28,Y6038056,,,,0,30.0,0,0
75,7,28,11,29,Y6038057,,,,0,30.0,0,0
75,7,28,11,30,Y6038058,,,,0,30.0,0,0
75,7,28,12,10,Y6038059,,,,0,30.0,0,0
75,7,28,12,11,Y6038060,,,,0,30.0,0,0
75,7,28,12,12,Y6038061,,,,0,30.0,0,0
75,7,28,12,13,Y6038062,,,,0,30.0,0,0
75,7,28,12,14,Y6038063,,,,0,30.0,0,0
75,7,28,12,15,Y6038064,,,,0,30.0,0,0
75,7,28,12,16,Y6038065,,,,0,30.0,0,0
75,7,28,12,17,Y6038066,,,,0,30.0,0,0
75,7,28,12,18,Y6038067,,,,0,30.0,0,0
75,7,28,12,19,Y6038068,,,,0,30.0,0,0
75,7,28,12,20,Y6038069,,,,0,30.0,0,0
75,7,28,12,21,Y6038070,,,,0,30.0,0,0
75,7,28,12,22,Y6038071,,,,0,30.0,0,0
75,7,28,12,23,Y6038072,,,,0,30.0,0,0
75,7,28,12,24,Y6038073,,,,0,30.0,0,0
75,7,28,12,25,Y6038074,,,,0,30.0,0,0
75,7,28,12,26,Y6038075,,,,0,30.0,0,0
75,7,28,12,27,Y6038076,,,,0,30.0,0,0
75,7,28,12,28,Y6038077,,,,0,30.0,0,0
75,7,28,12,29,Y6038078,,,,0,30.0,0,0
75,7,28,12,30,Y6038079,,,,0,30.0,0,0
75,7,29,1,10,Y6038080,,,,0,30.0,0,0
75,7,29,1,11,Y6038081,,,,0,30.0,0,0
75,7,29,1,12,Y6038082,,,,0,30.0,0,0
75,7,29,1,13,Y6038083,,,,0,30.0,0,0
75,7,29,1,14,Y6038084,,,,0,30.0,0,0
75,7,29,1,15,Y6038085,,,,0,30.0,0,0
75,7,29,1,16,Y6038086,,,,0,30.0,0,0
75,7,29,1,17,Y6038087,,,,0,30.0,0,0
75,7,29,1,18,Y6038088,,,,0,30.0,0,0
75,7,29,1,19,Y6038089,,,,0,30.0,0,0
75,7,29,1,20,Y6038090,,,,0,30.0,0,0
75,7,29,1,21,Y6038091,,,,0,30.0,0,0
75,7,29,1,22,Y6038092,,,,0,30.0,0,0
75,7,29,1,23,Y6038093,,,,0,30.0,0,0
75,7,29,1,24,Y6038094,,,,0,30.0,0,0
75,7,29,1,25,Y6038095,,,,0,30.0,0,0
75,7,29,1,26,Y6038096,,,,0,30.0,0,0
75,7,29,1,27,Y6038097,,,,0,30.0,0,0
75,7,29,1,28,Y6038098,,,,0,30.0,0,0
75,7,29,1,29,Y6038099,,,,0,30.0,0,0
75,7,29,1,30,Y6038100,,,,0,30.0,0,0
75,7,29,2,10,Y6038101,,,,0,30.0,0,0
75,7,29,2,11,Y6038102,,,,0,30.0,0,0
75,7,29,2,12,Y6038103,,,,0,30.0,0,0
75,7,29,2,13,Y6038104,,,,0,30.0,0,0
75,7,29,2,14,Y6038105,,,,0,30.0,0,0
75,7,29,2,15,Y6038106,,,,0,30.0,0,0
75,7,29,2,16,Y6038107,,,,0,30.0,0,0
75,7,29,2,17,Y6038108,,,,0,30.0,0,0
75,7,29,2,18,Y6038109,,,,0,30.0,0,0
75,7,29,2,19,Y6038110,,,,0,30.0,0,0
75,7,29,2,20,Y6038111,,,,0,30.0,0,0
75,7,29,2,21,Y6038112,,,,0,30.0,0,0
75,7,29,2,22,Y6038113,,,,0,30.0,0,0
75,7,29,2,23,Y6038114,,,,0,30.0,0,0
75,7,29,2,24,Y6038115,,,,0,30.0,0,0
75,7,29,2,25,Y6038116,,,,0,30.0,0,0
75,7,29,2,26,Y6038117,,,,0,30.0,0,0
75,7,29,2,27,Y6038118,,,,0,30.0,0,0
75,7,29,2,28,Y6038119,,,,0,30.0,0,0
75,7,29,2,29,Y6038120,,,,0,30.0,0,0
75,7,29,2,30,Y6038121,,,,0,30.0,0,0
75,7,29,3,10,Y6038122,,,,0,30.0,0,0
75,7,29,3,11,Y6038123,,,,0,30.0,0,0
75,7,29,3,12,Y6038124,,,,0,30.0,0,0
75,7,29,3,13,Y6038125,,,,0,30.0,0,0
75,7,29,3,14,Y6038126,,,,0,30.0,0,0
75,7,29,3,15,Y6038127,,,,0,30.0,0,0
75,7,29,3,16,Y6038128,,,,0,30.0,0,0
75,7,29,3,17,Y6038129,,,,0,30.0,0,0
75,7,29,3,18,Y6038130,,,,0,30.0,0,0
75,7,29,3,19,Y6038131,,,,0,30.0,0,0
75,7,29,3,20,Y6038132,,,,0,30.0,0,0
75,7,29,3,21,Y6038133,,,,0,30.0,0,0
75,7,29,3,22,Y6038134,,,,0,30.0,0,0
75,7,29,3,23,Y6038135,,,,0,30.0,0,0
75,7,29,3,24,Y6038136,,,,0,30.0,0,0
75,7,29,3,25,Y6038137,,,,0,30.0,0,0
75,7,29,3,26,Y6038138,,,,0,30.0,0,0
75,7,29,3,27,Y6038139,,,,0,30.0,0,0
75,7,29,3,28,Y6038140,,,,0,30.0,0,0
75,7,29,3,29,Y6038141,,,,0,30.0,0,0
75,7,29,3,30,Y6038142,,,,0,30.0,0,0
75,7,29,4,10,Y6038143,,,,0,30.0,0,0
75,7,29,4,11,Y6038144,,,,0,30.0,0,0
75,7,29,4,12,Y6038145,,,,0,30.0,0,0
75,7,29,4,13,Y6038146,,,,0,30.0,0,0
75,7,29,4,14,Y6038147,,,,0,30.0,0,0
75,7,29,4,15,Y6038148,,,,0,30.0,0,0
75,7,29,4,16,Y6038149,,,,0,30.0,0,0
75,7,29,4,17,Y6038150,,,,0,30.0,0,0
75,7,29,4,18,Y6038151,,,,0,30.0,0,0
75,7,29,4,19,Y6038152,,,,0,30.0,0,0
75,7,29,4,20,Y6038153,,,,0,30.0,0,0
75,7,29,4,21,Y6038154,,,,0,30.0,0,0
75,7,29,4,22,Y6038155,,,,0,30.0,0,0
75,7,29,4,23,Y6038156,,,,0,30.0,0,0
75,7,29,4,24,Y6038157,,,,0,30.0,0,0
75,7,29,4,25,Y6038158,,,,0,30.0,0,0
75,7,29,4,26,Y6038159,,,,0,30.0,0,0
75,7,29,4,27,Y6038160,,,,0,30.0,0,0
75,7,29,4,28,Y6038161,,,,0,30.0,0,0
75,7,29,4,29,Y6038162,,,,0,30.0,0,0
75,7,29,4,30,Y6038163,,,,0,30.0,0,0
75,7,29,5,10,Y6038164,,,,0,30.0,0,0
75,7,29,5,11,Y6038165,,,,0,30.0,0,0
75,7,29,5,12,Y6038166,,,,0,30.0,0,0
75,7,29,5,13,Y6038167,,,,0,30.0,0,0
75,7,29,5,14,Y6038168,,,,0,30.0,0,0
75,7,29,5,15,Y6038169,,,,0,30.0,0,0
75,7,29,5,16,Y6038170,,,,0,30.0,0,0
75,7,29,5,17,Y6038171,,,,0,30.0,0,0
75,7,29,5,18,Y6038172,,,,0,30.0,0,0
75,7,29,5,19,Y6038173,,,,0,30.0,0,0
75,7,29,5,20,Y6038174,,,,0,30.0,0,0
75,7,29,5,21,Y6038175,,,,0,30.0,0,0
75,7,29,5,22,Y6038176,,,,0,30.0,0,0
75,7,29,5,23,Y6038177,,,,0,30.0,0,0
75,7,29,5,24,Y6038178,,,,0,30.0,0,0
75,7,29,5,25,Y6038179,,,,0,30.0,0,0
75,7,29,5,26,Y6038180,,,,0,30.0,0,0
75,7,29,5,27,Y6038181,,,,0,30.0,0,0
75,7,29,5,28,Y6038182,,,,0,30.0,0,0
75,7,29,5,29,Y6038183,,,,0,30.0,0,0
75,7,29,5,30,Y6038184,,,,0,30.0,0,0
75,7,29,6,10,Y6038185,,,,0,30.0,0,0
75,7,29,6,11,Y6038186,,,,0,30.0,0,0
75,7,29,6,12,Y6038187,,,,0,30.0,0,0
75,7,29,6,13,Y6038188,,,,0,30.0,0,0
75,7,29,6,14,Y6038189,,,,0,30.0,0,0
75,7,29,6,15,Y6038190,,,,0,30.0,0,0
75,7,29,6,16,Y6038191,,,,0,30.0,0,0
75,7,29,6,17,Y6038192,,,,0,30.0,0,0
75,7,29,6,18,Y6038193,,,,0,30.0,0,0
75,7,29,6,19,Y6038194,,,,0,30.0,0,0
75,7,29,6,20,Y6038195,,,,0,30.0,0,0
75,7,29,6,21,Y6038196,,,,0,30.0,0,0
75,7,29,6,22,Y6038197,,,,0,30.0,0,0
75,7,29,6,23,Y6038198,,,,0,30.0,0,0
75,7,29,6,24,Y6038199,,,,0,30.0,0,0
75,7,29,6,25,Y6038200,,,,0,30.0,0,0
75,7,29,6,26,Y6038201,,,,0,30.0,0,0
75,7,29,6,27,Y6038202,,,,0,30.0,0,0
75,7,29,6,28,Y6038203,,,,0,30.0,0,0
75,7,29,6,29,Y6038204,,,,0,30.0,0,0
75,7,29,6,30,Y6038205,,,,0,30.0,0,0
75,7,29,7,10,Y6038206,,,,0,30.0,0,0
75,7,29,7,11,Y6038207,,,,0,30.0,0,0
75,7,29,7,12,Y6038208,,,,0,30.0,0,0
75,7,29,7,13,Y6038209,,,,0,30.0,0,0
75,7,29,7,14,Y6038210,,,,0,30.0,0,0
75,7,29,7,15,Y6038211,,,,0,30.0,0,0
75,7,29,7,16,Y6038212,,,,0,30.0,0,0
75,7,29,7,17,Y6038213,,,,0,30.0,0,0
75,7,29,7,18,Y6038214,,,,0,30.0,0,0
75,7,29,7,19,Y6038215,,,,0,30.0,0,0
75,7,29,7,20,Y6038216,,,,0,30.0,0,0
75,7,29,7,21,Y6038217,,,,0,30.0,0,0
75,7,29,7,22,Y6038218,,,,0,30.0,0,0
75,7,29,7,23,Y6038219,,,,0,30.0,0,0
75,7,29,7,24,Y6038220,,,,0,30.0,0,0
75,7,29,7,25,Y6038221,,,,0,30.0,0,0
75,7,29,7,26,Y6038222,,,,0,30.0,0,0
75,7,29,7,27,Y6038223,,,,0,30.0,0,0
75,7,29,7,28,Y6038224,,,,0,30.0,0,0
75,7,29,7,29,Y6038225,,,,0,30.0,0,0
75,7,29,7,30,Y6038226,,,,0,30.0,0,0
75,7,29,8,10,Y6038227,,,,0,30.0,0,0
75,7,29,8,11,Y6038228,,,,0,30.0,0,0
75,7,29,8,12,Y6038229,,,,0,30.0,0,0
75,7,29,8,13,Y6038230,,,,0,30.0,0,0
75,7,29,8,14,Y6038231,,,,0,30.0,0,0
75,7,29,8,15,Y6038232,,,,0,30.0,0,0
75,7,29,8,16,Y6038233,,,,0,30.0,0,0
75,7,29,8,17,Y6038234,,,,0,30.0,0,0
75,7,29,8,18,Y6038235,,,,0,30.0,0,0
75,7,29,8,19,Y6038236,,,,0,30.0,0,0
75,7,29,8,20,Y6038237,,,,0,30.0,0,0
75,7,29,8,21,Y6038238,,,,0,30.0,0,0
75,7,29,8,22,Y6038239,,,,0,30.0,0,0
75,7,29,8,23,Y6038240,,,,0,30.0,0,0
75,7,29,8,24,Y6038241,,,,0,30.0,0,0
75,7,29,8,25,Y6038242,,,,0,30.0,0,0
75,7,29,8,26,Y6038243,,,,0,30.0,0,0
75,7,29,8,27,Y6038244,,,,0,30.0,0,0
75,7,29,8,28,Y6038245,,,,0,30.0,0,0
75,7,29,8,29,Y6038246,,,,0,30.0,0,0
75,7,29,8,30,Y6038247,,,,0,30.0,0,0
75,7,29,9,10,Y6038248,,,,0,30.0,0,0
75,7,29,9,11,Y6038249,,,,0,30.0,0,0
75,7,29,9,12,Y6038250,,,,0,30.0,0,0
75,7,29,9,13,Y6038251,,,,0,30.0,0,0
75,7,29,9,14,Y6038252,,,,0,30.0,0,0
75,7,29,9,15,Y6038253,,,,0,30.0,0,0
75,7,29,9,16,Y6038254,,,,0,30.0,0,0
75,7,29,9,17,Y6038255,,,,0,30.0,0,0
75,7,29,9,18,Y6038256,,,,0,30.0,0,0
75,7,29,9,19,Y6038257,,,,0,30.0,0,0
75,7,29,9,20,Y6038258,,,,0,30.0,0,0
75,7,29,9,21,Y6038259,,,,0,30.0,0,0
75,7,29,9,22,Y6038260,,,,0,30.0,0,0
75,7,29,9,23,Y6038261,,,,0,30.0,0,0
75,7,29,9,24,Y6038262,,,,0,30.0,0,0
75,7,29,9,25,Y6038263,,,,0,30.0,0,0
75,7,29,9,26,Y6038264,,,,0,30.0,0,0
75,7,29,9,27,Y6038265,,,,0,30.0,0,0
75,7,29,9,28,Y6038266,,,,0,30.0,0,0
75,7,29,9,29,Y6038267,,,,0,30.0,0,0
75,7,29,9,30,Y6038268,,,,0,30.0,0,0
75,7,29,10,10,Y6038269,,,,0,30.0,0,0
75,7,29,10,11,Y6038270,,,,0,30.0,0,0
75,7,29,10,12,Y6038271,,,,0,30.0,0,0
75,7,29,10,13,Y6038272,,,,0,30.0,0,0
75,7,29,10,14,Y6038273,,,,0,30.0,0,0
75,7,29,10,15,Y6038274,,,,0,30.0,0,0
75,7,29,10,16,Y6038275,,,,0,30.0,0,0
75,7,29,10,17,Y6038276,,,,0,30.0,0,0
75,7,29,10,18,Y6038277,,,,0,30.0,0,0
75,7,29,10,19,Y6038278,,,,0,30.0,0,0
75,7,29,10,20,Y6038279,,,,0,30.0,0,0
75,7,29,10,21,Y6038280,,,,0,30.0,0,0
75,7,29,10,22,Y6038281,,,,0,30.0,0,0
75,7,29,10,23,Y6038282,,,,0,30.0,0,0
75,7,29,10,24,Y6038283,,,,0,30.0,0,0
75,7,29,10,25,Y6038284,,,,0,30.0,0,0
75,7,29,10,26,Y6038285,,,,0,30.0,0,0
75,7,29,10,27,Y6038286,,,,0,30.0,0,0
75,7,29,10,28,Y6038287,,,,0,30.0,0,0
75,7,29,10,29,Y6038288,,,,0,30.0,0,0
75,7,29,10,30,Y6038289,,,,0,30.0,0,0
75,7,29,11,10,Y6038290,,,,0,30.0,0,0
75,7,29,11,11,Y6038291,,,,0,30.0,0,0
75,7,29,11,12,Y6038292,,,,0,30.0,0,0
75,7,29,11,13,Y6038293,,,,0,30.0,0,0
75,7,29,11,14,Y6038294,,,,0,30.0,0,0
75,7,29,11,15,Y6038295,,,,0,30.0,0,0
75,7,29,11,16,Y6038296,,,,0,30.0,0,0
75,7,29,11,17,Y6038297,,,,0,30.0,0,0
75,7,29,11,18,Y6038298,,,,0,30.0,0,0
75,7,29,11,19,Y6038299,,,,0,30.0,0,0
75,7,29,11,20,Y6038300,,,,0,30.0,0,0
75,7,29,11,21,Y6038301,,,,0,30.0,0,0
75,7,29,11,22,Y6038302,,,,0,30.0,0,0
75,7,29,11,23,Y6038303,,,,0,30.0,0,0
75,7,29,11,24,Y6038304,,,,0,30.0,0,0
75,7,29,11,25,Y6038305,,,,0,30.0,0,0
75,7,29,11,26,Y6038306,,,,0,30.0,0,0
75,7,29,11,27,Y6038307,,,,0,30.0,0,0
75,7,29,11,28,Y6038308,,,,0,30.0,0,0
75,7,29,11,29,Y6038309,,,,0,30.0,0,0
75,7,29,11,30,Y6038310,,,,0,30.0,0,0
75,7,29,12,10,Y6038311,,,,0,30.0,0,0
75,7,29,12,11,Y6038312,,,,0,30.0,0,0
75,7,29,12,12,Y6038313,,,,0,30.0,0,0
75,7,29,12,13,Y6038314,,,,0,30.0,0,0
75,7,29,12,14,Y6038315,,,,0,30.0,0,0
75,7,29,12,15,Y6038316,,,,0,30.0,0,0
75,7,29,12,16,Y6038317,,,,0,30.0,0,0
75,7,29,12,17,Y6038318,,,,0,30.0,0,0
75,7,29,12,18,Y6038319,,,,0,30.0,0,0
75,7,29,12,19,Y6038320,,,,0,30.0,0,0
75,7,29,12,20,Y6038321,,,,0,30.0,0,0
75,7,29,12,21,Y6038322,,,,0,30.0,0,0
75,7,29,12,22,Y6038323,,,,0,30.0,0,0
75,7,29,12,23,Y6038324,,,,0,30.0,0,0
75,7,29,12,24,Y6038325,,,,0,30.0,0,0
75,7,29,12,25,Y6038326,,,,0,30.0,0,0
75,7,29,12,26,Y6038327,,,,0,30.0,0,0
75,7,29,12,27,Y6038328,,,,0,30.0,0,0
75,7,29,12,28,Y6038329,,,,0,30.0,0,0
75,7,29,12,29,Y6038330,,,,0,30.0,0,0
75,7,29,12,30,Y6038331,,,,0,30.0,0,0
75,7,30,1,10,Y6038332,,,,0,30.0,0,0
75,7,30,1,11,Y6038333,,,,0,30.0,0,0
75,7,30,1,12,Y6038334,,,,0,30.0,0,0
75,7,30,1,13,Y6038335,,,,0,30.0,0,0
75,7,30,1,14,Y6038336,,,,0,30.0,0,0
75,7,30,1,15,Y6038337,,,,0,30.0,0,0
75,7,30,1,16,Y6038338,,,,0,30.0,0,0
75,7,30,1,17,Y6038339,,,,0,30.0,0,0
75,7,30,1,18,Y6038340,,,,0,30.0,0,0
75,7,30,1,19,Y6038341,,,,0,30.0,0,0
75,7,30,1,20,Y6038342,,,,0,30.0,0,0
75,7,30,1,21,Y6038343,,,,0,30.0,0,0
75,7,30,1,22,Y6038344,,,,0,30.0,0,0
75,7,30,1,23,Y6038345,,,,0,30.0,0,0
75,7,30,1,24,Y6038346,,,,0,30.0,0,0
75,7,30,1,25,Y6038347,,,,0,30.0,0,0
75,7,30,1,26,Y6038348,,,,0,30.0,0,0
75,7,30,1,27,Y6038349,,,,0,30.0,0,0
75,7,30,1,28,Y6038350,,,,0,30.0,0,0
75,7,30,1,29,Y6038351,,,,0,30.0,0,0
75,7,30,1,30,Y6038352,,,,0,30.0,0,0
75,7,30,2,10,Y6038353,,,,0,30.0,0,0
75,7,30,2,11,Y6038354,,,,0,30.0,0,0
75,7,30,2,12,Y6038355,,,,0,30.0,0,0
75,7,30,2,13,Y6038356,,,,0,30.0,0,0
75,7,30,2,14,Y6038357,,,,0,30.0,0,0
75,7,30,2,15,Y6038358,,,,0,30.0,0,0
75,7,30,2,16,Y6038359,,,,0,30.0,0,0
75,7,30,2,17,Y6038360,,,,0,30.0,0,0
75,7,30,2,18,Y6038361,,,,0,30.0,0,0
75,7,30,2,19,Y6038362,,,,0,30.0,0,0
75,7,30,2,20,Y6038363,,,,0,30.0,0,0
75,7,30,2,21,Y6038364,,,,0,30.0,0,0
75,7,30,2,22,Y6038365,,,,0,30.0,0,0
75,7,30,2,23,Y6038366,,,,0,30.0,0,0
75,7,30,2,24,Y6038367,,,,0,30.0,0,0
75,7,30,2,25,Y6038368,,,,0,30.0,0,0
75,7,30,2,26,Y6038369,,,,0,30.0,0,0
75,7,30,2,27,Y6038370,,,,0,30.0,0,0
75,7,30,2,28,Y6038371,,,,0,30.0,0,0
75,7,30,2,29,Y6038372,,,,0,30.0,0,0
75,7,30,2,30,Y6038373,,,,0,30.0,0,0
75,7,30,3,10,Y6038374,,,,0,30.0,0,0
75,7,30,3,11,Y6038375,,,,0,30.0,0,0
75,7,30,3,12,Y6038376,,,,0,30.0,0,0
75,7,30,3,13,Y6038377,,,,0,30.0,0,0
75,7,30,3,14,Y6038378,,,,0,30.0,0,0
75,7,30,3,15,Y6038379,,,,0,30.0,0,0
75,7,30,3,16,Y6038380,,,,0,30.0,0,0
75,7,30,3,17,Y6038381,,,,0,30.0,0,0
75,7,30,3,18,Y6038382,,,,0,30.0,0,0
75,7,30,3,19,Y6038383,,,,0,30.0,0,0
75,7,30,3,20,Y6038384,,,,0,30.0,0,0
75,7,30,3,21,Y6038385,,,,0,30.0,0,0
75,7,30,3,22,Y6038386,,,,0,30.0,0,0
75,7,30,3,23,Y6038387,,,,0,30.0,0,0
75,7,30,3,24,Y6038388,,,,0,30.0,0,0
75,7,30,3,25,Y6038389,,,,0,30.0,0,0
75,7,30,3,26,Y6038390,,,,0,30.0,0,0
75,7,30,3,27,Y6038391,,,,0,30.0,0,0
75,7,30,3,28,Y6038392,,,,0,30.0,0,0
75,7,30,3,29,Y6038393,,,,0,30.0,0,0
75,7,30,3,30,Y6038394,,,,0,30.0,0,0
75,7,30,4,10,Y6038395,,,,0,30.0,0,0
75,7,30,4,11,Y6038396,,,,0,30.0,0,0
75,7,30,4,12,Y6038397,,,,0,30.0,0,0
75,7,30,4,13,Y6038398,,,,0,30.0,0,0
75,7,30,4,14,Y6038399,,,,0,30.0,0,0
75,7,30,4,15,Y6038400,,,,0,30.0,0,0
75,7,30,4,16,Y6038401,,,,0,30.0,0,0
75,7,30,4,17,Y6038402,,,,0,30.0,0,0
75,7,30,4,18,Y6038403,,,,0,30.0,0,0
75,7,30,4,19,Y6038404,,,,0,30.0,0,0
75,7,30,4,20,Y6038405,,,,0,30.0,0,0
75,7,30,4,21,Y6038406,,,,0,30.0,0,0
75,7,30,4,22,Y6038407,,,,0,30.0,0,0
75,7,30,4,23,Y6038408,,,,0,30.0,0,0
75,7,30,4,24,Y6038409,,,,0,30.0,0,0
75,7,30,4,25,Y6038410,,,,0,30.0,0,0
75,7,30,4,26,Y6038411,,,,0,30.0,0,0
75,7,30,4,27,Y6038412,,,,0,30.0,0,0
75,7,30,4,28,Y6038413,,,,0,30.0,0,0
75,7,30,4,29,Y6038414,,,,0,30.0,0,0
75,7,30,4,30,Y6038415,,,,0,30.0,0,0
75,7,30,5,10,Y6038416,,,,0,30.0,0,0
75,7,30,5,11,Y6038417,,,,0,30.0,0,0
75,7,30,5,12,Y6038418,,,,0,30.0,0,0
75,7,30,5,13,Y6038419,,,,0,30.0,0,0
75,7,30,5,14,Y6038420,,,,0,30.0,0,0
75,7,30,5,15,Y6038421,,,,0,30.0,0,0
75,7,30,5,16,Y6038422,,,,0,30.0,0,0
75,7,30,5,17,Y6038423,,,,0,30.0,0,0
75,7,30,5,18,Y6038424,,,,0,30.0,0,0
75,7,30,5,19,Y6038425,,,,0,30.0,0,0
75,7,30,5,20,Y6038426,,,,0,30.0,0,0
75,7,30,5,21,Y6038427,,,,0,30.0,0,0
75,7,30,5,22,Y6038428,,,,0,30.0,0,0
75,7,30,5,23,Y6038429,,,,0,30.0,0,0
75,7,30,5,24,Y6038430,,,,0,30.0,0,0
75,7,30,5,25,Y6038431,,,,0,30.0,0,0
75,7,30,5,26,Y6038432,,,,0,30.0,0,0
75,7,30,5,27,Y6038433,,,,0,30.0,0,0
75,7,30,5,28,Y6038434,,,,0,30.0,0,0
75,7,30,5,29,Y6038435,,,,0,30.0,0,0
75,7,30,5,30,Y6038436,,,,0,30.0,0,0
75,7,30,6,10,Y6038437,,,,0,30.0,0,0
75,7,30,6,11,Y6038438,,,,0,30.0,0,0
75,7,30,6,12,Y6038439,,,,0,30.0,0,0
75,7,30,6,13,Y6038440,,,,0,30.0,0,0
75,7,30,6,14,Y6038441,,,,0,30.0,0,0
75,7,30,6,15,Y6038442,,,,0,30.0,0,0
75,7,30,6,16,Y6038443,,,,0,30.0,0,0
75,7,30,6,17,Y6038444,,,,0,30.0,0,0
75,7,30,6,18,Y6038445,,,,0,30.0,0,0
75,7,30,6,19,Y6038446,,,,0,30.0,0,0
75,7,30,6,20,Y6038447,,,,0,30.0,0,0
75,7,30,6,21,Y6038448,,,,0,30.0,0,0
75,7,30,6,22,Y6038449,,,,0,30.0,0,0
75,7,30,6,23,Y6038450,,,,0,30.0,0,0
75,7,30,6,24,Y6038451,,,,0,30.0,0,0
75,7,30,6,25,Y6038452,,,,0,30.0,0,0
75,7,30,6,26,Y6038453,,,,0,30.0,0,0
75,7,30,6,27,Y6038454,,,,0,30.0,0,0
75,7,30,6,28,Y6038455,,,,0,30.0,0,0
75,7,30,6,29,Y6038456,,,,0,30.0,0,0
75,7,30,6,30,Y6038457,,,,0,30.0,0,0
75,7,30,7,10,Y6038458,,,,0,30.0,0,0
75,7,30,7,11,Y6038459,,,,0,30.0,0,0
75,7,30,7,12,Y6038460,,,,0,30.0,0,0
75,7,30,7,13,Y6038461,,,,0,30.0,0,0
75,7,30,7,14,Y6038462,,,,0,30.0,0,0
75,7,30,7,15,Y6038463,,,,0,30.0,0,0
75,7,30,7,16,Y6038464,,,,0,30.0,0,0
75,7,30,7,17,Y6038465,,,,0,30.0,0,0
75,7,30,7,18,Y6038466,,,,0,30.0,0,0
75,7,30,7,19,Y6038467,,,,0,30.0,0,0
75,7,30,7,20,Y6038468,,,,0,30.0,0,0
75,7,30,7,21,Y6038469,,,,0,30.0,0,0
75,7,30,7,22,Y6038470,,,,0,30.0,0,0
75,7,30,7,23,Y6038471,,,,0,30.0,0,0
75,7,30,7,24,Y6038472,,,,0,30.0,0,0
75,7,30,7,25,Y6038473,,,,0,30.0,0,0
75,7,30,7,26,Y6038474,,,,0,30.0,0,0
75,7,30,7,27,Y6038475,,,,0,30.0,0,0
75,7,30,7,28,Y6038476,,,,0,30.0,0,0
75,7,30,7,29,Y6038477,,,,0,30.0,0,0
75,7,30,7,30,Y6038478,,,,0,30.0,0,0
75,7,30,8,10,Y6038479,,,,0,30.0,0,0
75,7,30,8,11,Y6038480,,,,0,30.0,0,0
75,7,30,8,12,Y6038481,,,,0,30.0,0,0
75,7,30,8,13,Y6038482,,,,0,30.0,0,0
75,7,30,8,14,Y6038483,,,,0,30.0,0,0
75,7,30,8,15,Y6038484,,,,0,30.0,0,0
75,7,30,8,16,Y6038485,,,,0,30.0,0,0
75,7,30,8,17,Y6038486,,,,0,30.0,0,0
75,7,30,8,18,Y6038487,,,,0,30.0,0,0
75,7,30,8,19,Y6038488,,,,0,30.0,0,0
75,7,30,8,20,Y6038489,,,,0,30.0,0,0
75,7,30,8,21,Y6038490,,,,0,30.0,0,0
75,7,30,8,22,Y6038491,,,,0,30.0,0,0
75,7,30,8,23,Y6038492,,,,0,30.0,0,0
75,7,30,8,24,Y6038493,,,,0,30.0,0,0
75,7,30,8,25,Y6038494,,,,0,30.0,0,0
75,7,30,8,26,Y6038495,,,,0,30.0,0,0
75,7,30,8,27,Y6038496,,,,0,30.0,0,0
75,7,30,8,28,Y6038497,,,,0,30.0,0,0
75,7,30,8,29,Y6038498,,,,0,30.0,0,0
75,7,30,8,30,Y6038499,,,,0,30.0,0,0
75,7,30,9,10,Y6038500,,,,0,30.0,0,0
75,7,30,9,11,Y6038501,,,,0,30.0,0,0
75,7,30,9,12,Y6038502,,,,0,30.0,0,0
75,7,30,9,13,Y6038503,,,,0,30.0,0,0
75,7,30,9,14,Y6038504,,,,0,30.0,0,0
75,7,30,9,15,Y6038505,,,,0,30.0,0,0
75,7,30,9,16,Y6038506,,,,0,30.0,0,0
75,7,30,9,17,Y6038507,,,,0,30.0,0,0
75,7,30,9,18,Y6038508,,,,0,30.0,0,0
75,7,30,9,19,Y6038509,,,,0,30.0,0,0
75,7,30,9,20,Y6038510,,,,0,30.0,0,0
75,7,30,9,21,Y6038511,,,,0,30.0,0,0
75,7,30,9,22,Y6038512,,,,0,30.0,0,0
75,7,30,9,23,Y6038513,,,,0,30.0,0,0
75,7,30,9,24,Y6038514,,,,0,30.0,0,0
75,7,30,9,25,Y6038515,,,,0,30.0,0,0
75,7,30,9,26,Y6038516,,,,0,30.0,0,0
75,7,30,9,27,Y6038517,,,,0,30.0,0,0
75,7,30,9,28,Y6038518,,,,0,30.0,0,0
75,7,30,9,29,Y6038519,,,,0,30.0,0,0
75,7,30,9,30,Y6038520,,,,0,30.0,0,0
75,7,30,10,10,Y6038521,,,,0,30.0,0,0
75,7,30,10,11,Y6038522,,,,0,30.0,0,0
75,7,30,10,12,Y6038523,,,,0,30.0,0,0
75,7,30,10,13,Y6038524,,,,0,30.0,0,0
75,7,30,10,14,Y6038525,,,,0,30.0,0,0
75,7,30,10,15,Y6038526,,,,0,30.0,0,0
75,7,30,10,16,Y6038527,,,,0,30.0,0,0
75,7,30,10,17,Y6038528,,,,0,30.0,0,0
75,7,30,10,18,Y6038529,,,,0,30.0,0,0
75,7,30,10,19,Y6038530,,,,0,30.0,0,0
75,7,30,10,20,Y6038531,,,,0,30.0,0,0
75,7,30,10,21,Y6038532,,,,0,30.0,0,0
75,7,30,10,22,Y6038533,,,,0,30.0,0,0
75,7,30,10,23,Y6038534,,,,0,30.0,0,0
75,7,30,10,24,Y6038535,,,,0,30.0,0,0
75,7,30,10,25,Y6038536,,,,0,30.0,0,0
75,7,30,10,26,Y6038537,,,,0,30.0,0,0
75,7,30,10,27,Y6038538,,,,0,30.0,0,0
75,7,30,10,28,Y6038539,,,,0,30.0,0,0
75,7,30,10,29,Y6038540,,,,0,30.0,0,0
75,7,30,10,30,Y6038541,,,,0,30.0,0,0
75,7,30,11,10,Y6038542,,,,0,30.0,0,0
75,7,30,11,11,Y6038543,,,,0,30.0,0,0
75,7,30,11,12,Y6038544,,,,0,30.0,0,0
75,7,30,11,13,Y6038545,,,,0,30.0,0,0
75,7,30,11,14,Y6038546,,,,0,30.0,0,0
75,7,30,11,15,Y6038547,,,,0,30.0,0,0
75,7,30,11,16,Y6038548,,,,0,30.0,0,0
75,7,30,11,17,Y6038549,,,,0,30.0,0,0
75,7,30,11,18,Y6038550,,,,0,30.0,0,0
75,7,30,11,19,Y6038551,,,,0,30.0,0,0
75,7,30,11,20,Y6038552,,,,0,30.0,0,0
75,7,30,11,21,Y6038553,,,,0,30.0,0,0
75,7,30,11,22,Y6038554,,,,0,30.0,0,0
75,7,30,11,23,Y6038555,,,,0,30.0,0,0
75,7,30,11,24,Y6038556,,,,0,30.0,0,0
75,7,30,11,25,Y6038557,,,,0,30.0,0,0
75,7,30,11,26,Y6038558,,,,0,30.0,0,0
75,7,30,11,27,Y6038559,,,,0,30.0,0,0
75,7,30,11,28,Y6038560,,,,0,30.0,0,0
75,7,30,11,29,Y6038561,,,,0,30.0,0,0
75,7,30,11,30,Y6038562,,,,0,30.0,0,0
75,7,30,12,10,Y6038563,,,,0,30.0,0,0
75,7,30,12,11,Y6038564,,,,0,30.0,0,0
75,7,30,12,12,Y6038565,,,,0,30.0,0,0
75,7,30,12,13,Y6038566,,,,0,30.0,0,0
75,7,30,12,14,Y6038567,,,,0,30.0,0,0
75,7,30,12,15,Y6038568,,,,0,30.0,0,0
75,7,30,12,16,Y6038569,,,,0,30.0,0,0
75,7,30,12,17,Y6038570,,,,0,30.0,0,0
75,7,30,12,18,Y6038571,,,,0,30.0,0,0
75,7,30,12,19,Y6038572,,,,0,30.0,0,0
75,7,30,12,20,Y6038573,,,,0,30.0,0,0
75,7,30,12,21,Y6038574,,,,0,30.0,0,0
75,7,30,12,22,Y6038575,,,,0,30.0,0,0
75,7,30,12,23,Y6038576,,,,0,30.0,0,0
75,7,30,12,24,Y6038577,,,,0,30.0,0,0
75,7,30,12,25,Y6038578,,,,0,30.0,0,0
75,7,30,12,26,Y6038579,,,,0,30.0,0,0
75,7,30,12,27,Y6038580,,,,0,30.0,0,0
75,7,30,12,28,Y6038581,,,,0,30.0,0,0
75,7,30,12,29,Y6038582,,,,0,30.0,0,0
75,7,30,12,30,Y6038583,,,,0,30.0,0,0
75,8,0,1,10,Y6038584,,,,0,30.0,0,0
75,8,0,1,11,Y6038585,,,,0,30.0,0,0
75,8,0,1,12,Y6038586,,,,0,30.0,0,0
75,8,0,1,13,Y6038587,,,,0,30.0,0,0
75,8,0,1,14,Y6038588,,,,0,30.0,0,0
75,8,0,1,15,Y6038589,,,,0,30.0,0,0
75,8,0,1,16,Y6038590,,,,0,30.0,0,0
75,8,0,1,17,Y6038591,,,,0,30.0,0,0
75,8,0,1,18,Y6038592,,,,3617,30.0,0,0
75,8,0,1,19,Y6038593,,,,3046,30.0,0,0
75,8,0,1,20,Y6038594,,,,3035,30.0,0,0
75,8,0,1,21,Y6038595,,,,0,30.0,0,0
75,8,0,1,22,Y6038596,,,,0,30.0,0,0
75,8,0,1,23,Y6038597,,,,0,30.0,0,0
75,8,0,1,24,Y6038598,,,,0,30.0,0,0
75,8,0,1,25,Y6038599,,,,0,30.0,0,0
75,8,0,1,26,Y6038600,,,,0,30.0,0,0
75,8,0,1,27,Y6038601,,,,0,30.0,0,0
75,8,0,1,28,Y6038602,,,,0,30.0,0,0
75,8,0,1,29,Y6038603,,,,0,30.0,0,0
75,8,0,1,30,Y6038604,,,,0,30.0,0,0
75,8,0,2,10,Y6038605,,,,0,30.0,0,0
75,8,0,2,11,Y6038606,,,,0,30.0,0,0
75,8,0,2,12,Y6038607,,,,0,30.0,0,0
75,8,0,2,13,Y6038608,,,,0,30.0,0,0
75,8,0,2,14,Y6038609,,,,0,30.0,0,0
75,8,0,2,15,Y6038610,,,,0,30.0,0,0
75,8,0,2,16,Y6038611,,,,0,30.0,0,0
75,8,0,2,17,Y6038612,,,,0,30.0,0,0
75,8,0,2,18,Y6038613,,,,3613,30.0,0,0
75,8,0,2,19,Y6038614,,,,3037,30.0,0,0
75,8,0,2,20,Y6038615,,,,3026,30.0,0,0
75,8,0,2,21,Y6038616,,,,0,30.0,0,0
75,8,0,2,22,Y6038617,,,,0,30.0,0,0
75,8,0,2,23,Y6038618,,,,0,30.0,0,0
75,8,0,2,24,Y6038619,,,,0,30.0,0,0
75,8,0,2,25,Y6038620,,,,0,30.0,0,0
75,8,0,2,26,Y6038621,,,,0,30.0,0,0
75,8,0,2,27,Y6038622,,,,0,30.0,0,0
75,8,0,2,28,Y6038623,,,,0,30.0,0,0
75,8,0,2,29,Y6038624,,,,0,30.0,0,0
75,8,0,2,30,Y6038625,,,,0,30.0,0,0
75,8,0,3,10,Y6038626,,,,0,30.0,0,0
75,8,0,3,11,Y6038627,,,,0,30.0,0,0
75,8,0,3,12,Y6038628,,,,0,30.0,0,0
75,8,0,3,13,Y6038629,,,,0,30.0,0,0
75,8,0,3,14,Y6038630,,,,0,30.0,0,0
75,8,0,3,15,Y6038631,,,,0,30.0,0,0
75,8,0,3,16,Y6038632,,,,0,30.0,0,0
75,8,0,3,17,Y6038633,,,,0,30.0,0,0
75,8,0,3,18,Y6038634,,,,3609,30.0,0,0
75,8,0,3,19,Y6038635,,,,3031,30.0,0,0
75,8,0,3,20,Y6038636,,,,3020,30.0,0,0
75,8,0,3,21,Y6038637,,,,0,30.0,0,0
75,8,0,3,22,Y6038638,,,,0,30.0,0,0
75,8,0,3,23,Y6038639,,,,0,30.0,0,0
75,8,0,3,24,Y6038640,,,,0,30.0,0,0
75,8,0,3,25,Y6038641,,,,0,30.0,0,0
75,8,0,3,26,Y6038642,,,,0,30.0,0,0
75,8,0,3,27,Y6038643,,,,0,30.0,0,0
75,8,0,3,28,Y6038644,,,,0,30.0,0,0
75,8,0,3,29,Y6038645,,,,0,30.0,0,0
75,8,0,3,30,Y6038646,,,,0,30.0,0,0
75,8,0,4,10,Y6038647,,,,0,30.0,0,0
75,8,0,4,11,Y6038648,,,,0,30.0,0,0
75,8,0,4,12,Y6038649,,,,0,30.0,0,0
75,8,0,4,13,Y6038650,,,,0,30.0,0,0
75,8,0,4,14,Y6038651,,,,0,30.0,0,0
75,8,0,4,15,Y6038652,,,,0,30.0,0,0
75,8,0,4,16,Y6038653,,,,0,30.0,0,0
75,8,0,4,17,Y6038654,,,,0,30.0,0,0
75,8,0,4,18,Y6038655,,,,3609,30.0,0,0
75,8,0,4,19,Y6038656,,,,3028,30.0,0,0
75,8,0,4,20,Y6038657,,,,3016,30.0,0,0
75,8,0,4,21,Y6038658,,,,0,30.0,0,0
75,8,0,4,22,Y6038659,,,,0,30.0,0,0
75,8,0,4,23,Y6038660,,,,0,30.0,0,0
75,8,0,4,24,Y6038661,,,,0,30.0,0,0
75,8,0,4,25,Y6038662,,,,0,30.0,0,0
75,8,0,4,26,Y6038663,,,,0,30.0,0,0
75,8,0,4,27,Y6038664,,,,0,30.0,0,0
75,8,0,4,28,Y6038665,,,,0,30.0,0,0
75,8,0,4,29,Y6038666,,,,0,30.0,0,0
75,8,0,4,30,Y6038667,,,,0,30.0,0,0
75,8,0,5,10,Y6038668,,,,0,30.0,0,0
75,8,0,5,11,Y6038669,,,,0,30.0,0,0
75,8,0,5,12,Y6038670,,,,0,30.0,0,0
75,8,0,5,13,Y6038671,,,,0,30.0,0,0
75,8,0,5,14,Y6038672,,,,0,30.0,0,0
75,8,0,5,15,Y6038673,,,,0,30.0,0,0
75,8,0,5,16,Y6038674,,,,0,30.0,0,0
75,8,0,5,17,Y6038675,,,,0,30.0,0,0
75,8,0,5,18,Y6038676,,,,3610,30.0,0,0
75,8,0,5,19,Y6038677,,,,3030,30.0,0,0
75,8,0,5,20,Y6038678,,,,3016,30.0,0,0
75,8,0,5,21,Y6038679,,,,0,30.0,0,0
75,8,0,5,22,Y6038680,,,,0,30.0,0,0
75,8,0,5,23,Y6038681,,,,0,30.0,0,0
75,8,0,5,24,Y6038682,,,,0,30.0,0,0
75,8,0,5,25,Y6038683,,,,0,30.0,0,0
75,8,0,5,26,Y6038684,,,,0,30.0,0,0
75,8,0,5,27,Y6038685,,,,0,30.0,0,0
75,8,0,5,28,Y6038686,,,,0,30.0,0,0
75,8,0,5,29,Y6038687,,,,0,30.0,0,0
75,8,0,5,30,Y6038688,,,,0,30.0,0,0
75,8,0,6,10,Y6038689,,,,0,30.0,0,0
75,8,0,6,11,Y6038690,,,,0,30.0,0,0
75,8,0,6,12,Y6038691,,,,0,30.0,0,0
75,8,0,6,13,Y6038692,,,,0,30.0,0,0
75,8,0,6,14,Y6038693,,,,0,30.0,0,0
75,8,0,6,15,Y6038694,,,,0,30.0,0,0
75,8,0,6,16,Y6038695,,,,0,30.0,0,0
75,8,0,6,17,Y6038696,,,,0,30.0,0,0
75,8,0,6,18,Y6038697,,,,3610,30.0,0,0
75,8,0,6,19,Y6038698,,,,3029,30.0,0,0
75,8,0,6,20,Y6038699,,,,3008,30.0,0,0
75,8,0,6,21,Y6038700,,,,0,30.0,0,0
75,8,0,6,22,Y6038701,,,,0,30.0,0,0
75,8,0,6,23,Y6038702,,,,0,30.0,0,0
75,8,0,6,24,Y6038703,,,,0,30.0,0,0
75,8,0,6,25,Y6038704,,,,0,30.0,0,0
75,8,0,6,26,Y6038705,,,,0,30.0,0,0
75,8,0,6,27,Y6038706,,,,0,30.0,0,0
75,8,0,6,28,Y6038707,,,,0,30.0,0,0
75,8,0,6,29,Y6038708,,,,0,30.0,0,0
75,8,0,6,30,Y6038709,,,,0,30.0,0,0
75,8,0,7,10,Y6038710,,,,0,30.0,0,0
75,8,0,7,11,Y6038711,,,,0,30.0,0,0
75,8,0,7,12,Y6038712,,,,0,30.0,0,0
75,8,0,7,13,Y6038713,,,,0,30.0,0,0
75,8,0,7,14,Y6038714,,,,0,30.0,0,0
75,8,0,7,15,Y6038715,,,,0,30.0,0,0
75,8,0,7,16,Y6038716,,,,0,30.0,0,0
75,8,0,7,17,Y6038717,,,,0,30.0,0,0
75,8,0,7,18,Y6038718,,,,3606,30.0,0,0
75,8,0,7,19,Y6038719,,,,3026,30.0,0,0
75,8,0,7,20,Y6038720,,,,3004,30.0,0,0
75,8,0,7,21,Y6038721,,,,0,30.0,0,0
75,8,0,7,22,Y6038722,,,,0,30.0,0,0
75,8,0,7,23,Y6038723,,,,0,30.0,0,0
75,8,0,7,24,Y6038724,,,,0,30.0,0,0
75,8,0,7,25,Y6038725,,,,0,30.0,0,0
75,8,0,7,26,Y6038726,,,,0,30.0,0,0
75,8,0,7,27,Y6038727,,,,0,30.0,0,0
75,8,0,7,28,Y6038728,,,,0,30.0,0,0
75,8,0,7,29,Y6038729,,,,0,30.0,0,0
75,8,0,7,30,Y6038730,,,,0,30.0,0,0
75,8,0,8,10,Y6038731,,,,0,30.0,0,0
75,8,0,8,11,Y6038732,,,,0,30.0,0,0
75,8,0,8,12,Y6038733,,,,0,30.0,0,0
75,8,0,8,13,Y6038734,,,,0,30.0,0,0
75,8,0,8,14,Y6038735,,,,0,30.0,0,0
75,8,0,8,15,Y6038736,,,,0,30.0,0,0
75,8,0,8,16,Y6038737,,,,0,30.0,0,0
75,8,0,8,17,Y6038738,,,,0,30.0,0,0
75,8,0,8,18,Y6038739,,,,3592,30.0,0,0
75,8,0,8,19,Y6038740,,,,0,30.0,0,0
75,8,0,8,20,Y6038741,,,,0,30.0,0,0
75,8,0,8,21,Y6038742,,,,0,30.0,0,0
75,8,0,8,22,Y6038743,,,,0,30.0,0,0
75,8,0,8,23,Y6038744,,,,0,30.0,0,0
75,8,0,8,24,Y6038745,,,,0,30.0,0,0
75,8,0,8,25,Y6038746,,,,0,30.0,0,0
75,8,0,8,26,Y6038747,,,,0,30.0,0,0
75,8,0,8,27,Y6038748,,,,0,30.0,0,0
75,8,0,8,28,Y6038749,,,,0,30.0,0,0
75,8,0,8,29,Y6038750,,,,0,30.0,0,0
75,8,0,8,30,Y6038751,,,,0,30.0,0,0
75,8,0,9,10,Y6038752,,,,0,30.0,0,0
75,8,0,9,11,Y6038753,,,,0,30.0,0,0
75,8,0,9,12,Y6038754,,,,0,30.0,0,0
75,8,0,9,13,Y6038755,,,,0,30.0,0,0
75,8,0,9,14,Y6038756,,,,0,30.0,0,0
75,8,0,9,15,Y6038757,,,,0,30.0,0,0
75,8,0,9,16,Y6038758,,,,0,30.0,0,0
75,8,0,9,17,Y6038759,,,,0,30.0,0,0
75,8,0,9,18,Y6038760,,,,3589,30.0,0,0
75,8,0,9,19,Y6038761,,,,0,30.0,0,0
75,8,0,9,20,Y6038762,,,,0,30.0,0,0
75,8,0,9,21,Y6038763,,,,0,30.0,0,0
75,8,0,9,22,Y6038764,,,,0,30.0,0,0
75,8,0,9,23,Y6038765,,,,0,30.0,0,0
75,8,0,9,24,Y6038766,,,,0,30.0,0,0
75,8,0,9,25,Y6038767,,,,0,30.0,0,0
75,8,0,9,26,Y6038768,,,,0,30.0,0,0
75,8,0,9,27,Y6038769,,,,0,30.0,0,0
75,8,0,9,28,Y6038770,,,,0,30.0,0,0
75,8,0,9,29,Y6038771,,,,0,30.0,0,0
75,8,0,9,30,Y6038772,,,,0,30.0,0,0
75,8,0,10,10,Y6038773,,,,0,30.0,0,0
75,8,0,10,11,Y6038774,,,,0,30.0,0,0
75,8,0,10,12,Y6038775,,,,0,30.0,0,0
75,8,0,10,13,Y6038776,,,,0,30.0,0,0
75,8,0,10,14,Y6038777,,,,0,30.0,0,0
75,8,0,10,15,Y6038778,,,,0,30.0,0,0
75,8,0,10,16,Y6038779,,,,0,30.0,0,0
75,8,0,10,17,Y6038780,,,,0,30.0,0,0
75,8,0,10,18,Y6038781,,,,3907,30.0,0,0
75,8,0,10,19,Y6038782,,,,3245,30.0,0,0
75,8,0,10,20,Y6038783,,,,3178,30.0,0,0
75,8,0,10,21,Y6038784,,,,0,30.0,0,0
75,8,0,10,22,Y6038785,,,,0,30.0,0,0
75,8,0,10,23,Y6038786,,,,0,30.0,0,0
75,8,0,10,24,Y6038787,,,,0,30.0,0,0
75,8,0,10,25,Y6038788,,,,0,30.0,0,0
75,8,0,10,26,Y6038789,,,,0,30.0,0,0
75,8,0,10,27,Y6038790,,,,0,30.0,0,0
75,8,0,10,28,Y6038791,,,,0,30.0,0,0
75,8,0,10,29,Y6038792,,,,0,30.0,0,0
75,8,0,10,30,Y6038793,,,,0,30.0,0,0
75,8,0,11,10,Y6038794,,,,3439,30.0,0,0
75,8,0,11,11,Y6038795,,,,3439,30.0,0,0
75,8,0,11,12,Y6038796,,,,3426,30.0,0,0
75,8,0,11,13,Y6038797,,,,3424,30.0,0,0
75,8,0,11,14,Y6038798,,,,3419,30.0,0,0
75,8,0,11,15,Y6038799,,,,3419,30.0,0,0
75,8,0,11,16,Y6038800,,,,3419,30.0,0,0
75,8,0,11,17,Y6038801,,,,3419,30.0,0,0
75,8,0,11,18,Y6038802,,,,4550,30.0,0,0
75,8,0,11,19,Y6038803,,,,3740,30.0,0,0
75,8,0,11,20,Y6038804,,,,3669,30.0,0,0
75,8,0,11,21,Y6038805,,,,0,30.0,0,0
75,8,0,11,22,Y6038806,,,,0,30.0,0,0
75,8,0,11,23,Y6038807,,,,0,30.0,0,0
75,8,0,11,24,Y6038808,,,,0,30.0,0,0
75,8,0,11,25,Y6038809,,,,0,30.0,0,0
75,8,0,11,26,Y6038810,,,,0,30.0,0,0
75,8,0,11,27,Y6038811,,,,0,30.0,0,0
75,8,0,11,28,Y6038812,,,,0,30.0,0,0
75,8,0,11,29,Y6038813,,,,0,30.0,0,0
75,8,0,11,30,Y6038814,,,,0,30.0,0,0
75,8,0,12,10,Y6038815,,,,3572,30.0,0,0
75,8,0,12,11,Y6038816,,,,3572,30.0,0,0
75,8,0,12,12,Y6038817,,,,3561,30.0,0,0
75,8,0,12,13,Y6038818,,,,3559,30.0,0,0
75,8,0,12,14,Y6038819,,,,3557,30.0,0,0
75,8,0,12,15,Y6038820,,,,3557,30.0,0,0
75,8,0,12,16,Y6038821,,,,3557,30.0,0,0
75,8,0,12,17,Y6038822,,,,3557,30.0,0,0
75,8,0,12,18,Y6038823,,,,4588,30.0,0,0
75,8,0,12,19,Y6038824,,,,3762,30.0,0,0
75,8,0,12,20,Y6038825,,,,3689,30.0,0,0
75,8,0,12,21,Y6038826,,,,0,30.0,0,0
75,8,0,12,22,Y6038827,,,,0,30.0,0,0
75,8,0,12,23,Y6038828,,,,0,30.0,0,0
75,8,0,12,24,Y6038829,,,,0,30.0,0,0
75,8,0,12,25,Y6038830,,,,0,30.0,0,0
75,8,0,12,26,Y6038831,,,,0,30.0,0,0
75,8,0,12,27,Y6038832,,,,0,30.0,0,0
75,8,0,12,28,Y6038833,,,,0,30.0,0,0
75,8,0,12,29,Y6038834,,,,0,30.0,0,0
75,8,0,12,30,Y6038835,,,,0,30.0,0,0
75,8,1,1,10,Y6038836,,,,0,30.0,0,0
75,8,1,1,11,Y6038837,,,,0,30.0,0,0
75,8,1,1,12,Y6038838,,,,0,30.0,0,0
75,8,1,1,13,Y6038839,,,,0,30.0,0,0
75,8,1,1,14,Y6038840,,,,0,30.0,0,0
75,8,1,1,15,Y6038841,,,,0,30.0,0,0
75,8,1,1,16,Y6038842,,,,0,30.0,0,0
75,8,1,1,17,Y6038843,,,,0,30.0,0,0
75,8,1,1,18,Y6038844,,,,3630,30.0,0,0
75,8,1,1,19,Y6038845,,,,3059,30.0,0,0
75,8,1,1,20,Y6038846,,,,3050,30.0,0,0
75,8,1,1,21,Y6038847,,,,0,30.0,0,0
75,8,1,1,22,Y6038848,,,,0,30.0,0,0
75,8,1,1,23,Y6038849,,,,0,30.0,0,0
75,8,1,1,24,Y6038850,,,,0,30.0,0,0
75,8,1,1,25,Y6038851,,,,0,30.0,0,0
75,8,1,1,26,Y6038852,,,,0,30.0,0,0
75,8,1,1,27,Y6038853,,,,0,30.0,0,0
75,8,1,1,28,Y6038854,,,,0,30.0,0,0
75,8,1,1,29,Y6038855,,,,0,30.0,0,0
75,8,1,1,30,Y6038856,,,,0,30.0,0,0
75,8,1,2,10,Y6038857,,,,0,30.0,0,0
75,8,1,2,11,Y6038858,,,,0,30.0,0,0
75,8,1,2,12,Y6038859,,,,0,30.0,0,0
75,8,1,2,13,Y6038860,,,,0,30.0,0,0
75,8,1,2,14,Y6038861,,,,0,30.0,0,0
75,8,1,2,15,Y6038862,,,,0,30.0,0,0
75,8,1,2,16,Y6038863,,,,0,30.0,0,0
75,8,1,2,17,Y6038864,,,,0,30.0,0,0
75,8,1,2,18,Y6038865,,,,3626,30.0,0,0
75,8,1,2,19,Y6038866,,,,3051,30.0,0,0
75,8,1,2,20,Y6038867,,,,3042,30.0,0,0
75,8,1,2,21,Y6038868,,,,0,30.0,0,0
75,8,1,2,22,Y6038869,,,,0,30.0,0,0
75,8,1,2,23,Y6038870,,,,0,30.0,0,0
75,8,1,2,24,Y6038871,,,,0,30.0,0,0
75,8,1,2,25,Y6038872,,,,0,30.0,0,0
75,8,1,2,26,Y6038873,,,,0,30.0,0,0
75,8,1,2,27,Y6038874,,,,0,30.0,0,0
75,8,1,2,28,Y6038875,,,,0,30.0,0,0
75,8,1,2,29,Y6038876,,,,0,30.0,0,0
75,8,1,2,30,Y6038877,,,,0,30.0,0,0
75,8,1,3,10,Y6038878,,,,0,30.0,0,0
75,8,1,3,11,Y6038879,,,,0,30.0,0,0
75,8,1,3,12,Y6038880,,,,0,30.0,0,0
75,8,1,3,13,Y6038881,,,,0,30.0,0,0
75,8,1,3,14,Y6038882,,,,0,30.0,0,0
75,8,1,3,15,Y6038883,,,,0,30.0,0,0
75,8,1,3,16,Y6038884,,,,0,30.0,0,0
75,8,1,3,17,Y6038885,,,,0,30.0,0,0
75,8,1,3,18,Y6038886,,,,3622,30.0,0,0
75,8,1,3,19,Y6038887,,,,3045,30.0,0,0
75,8,1,3,20,Y6038888,,,,3036,30.0,0,0
75,8,1,3,21,Y6038889,,,,0,30.0,0,0
75,8,1,3,22,Y6038890,,,,0,30.0,0,0
75,8,1,3,23,Y6038891,,,,0,30.0,0,0
75,8,1,3,24,Y6038892,,,,0,30.0,0,0
75,8,1,3,25,Y6038893,,,,0,30.0,0,0
75,8,1,3,26,Y6038894,,,,0,30.0,0,0
75,8,1,3,27,Y6038895,,,,0,30.0,0,0
75,8,1,3,28,Y6038896,,,,0,30.0,0,0
75,8,1,3,29,Y6038897,,,,0,30.0,0,0
75,8,1,3,30,Y6038898,,,,0,30.0,0,0
75,8,1,4,10,Y6038899,,,,0,30.0,0,0
75,8,1,4,11,Y6038900,,,,0,30.0,0,0
75,8,1,4,12,Y6038901,,,,0,30.0,0,0
75,8,1,4,13,Y6038902,,,,0,30.0,0,0
75,8,1,4,14,Y6038903,,,,0,30.0,0,0
75,8,1,4,15,Y6038904,,,,0,30.0,0,0
75,8,1,4,16,Y6038905,,,,0,30.0,0,0
75,8,1,4,17,Y6038906,,,,0,30.0,0,0
75,8,1,4,18,Y6038907,,,,3622,30.0,0,0
75,8,1,4,19,Y6038908,,,,3042,30.0,0,0
75,8,1,4,20,Y6038909,,,,3032,30.0,0,0
75,8,1,4,21,Y6038910,,,,0,30.0,0,0
75,8,1,4,22,Y6038911,,,,0,30.0,0,0
75,8,1,4,23,Y6038912,,,,0,30.0,0,0
75,8,1,4,24,Y6038913,,,,0,30.0,0,0
75,8,1,4,25,Y6038914,,,,0,30.0,0,0
75,8,1,4,26,Y6038915,,,,0,30.0,0,0
75,8,1,4,27,Y6038916,,,,0,30.0,0,0
75,8,1,4,28,Y6038917,,,,0,30.0,0,0
75,8,1,4,29,Y6038918,,,,0,30.0,0,0
75,8,1,4,30,Y6038919,,,,0,30.0,0,0
75,8,1,5,10,Y6038920,,,,0,30.0,0,0
75,8,1,5,11,Y6038921,,,,0,30.0,0,0
75,8,1,5,12,Y6038922,,,,0,30.0,0,0
75,8,1,5,13,Y6038923,,,,0,30.0,0,0
75,8,1,5,14,Y6038924,,,,0,30.0,0,0
75,8,1,5,15,Y6038925,,,,0,30.0,0,0
75,8,1,5,16,Y6038926,,,,0,30.0,0,0
75,8,1,5,17,Y6038927,,,,0,30.0,0,0
75,8,1,5,18,Y6038928,,,,3623,30.0,0,0
75,8,1,5,19,Y6038929,,,,3043,30.0,0,0
75,8,1,5,20,Y6038930,,,,3031,30.0,0,0
75,8,1,5,21,Y6038931,,,,0,30.0,0,0
75,8,1,5,22,Y6038932,,,,0,30.0,0,0
75,8,1,5,23,Y6038933,,,,0,30.0,0,0
75,8,1,5,24,Y6038934,,,,0,30.0,0,0
75,8,1,5,25,Y6038935,,,,0,30.0,0,0
75,8,1,5,26,Y6038936,,,,0,30.0,0,0
75,8,1,5,27,Y6038937,,,,0,30.0,0,0
75,8,1,5,28,Y6038938,,,,0,30.0,0,0
75,8,1,5,29,Y6038939,,,,0,30.0,0,0
75,8,1,5,30,Y6038940,,,,0,30.0,0,0
75,8,1,6,10,Y6038941,,,,0,30.0,0,0
75,8,1,6,11,Y6038942,,,,0,30.0,0,0
75,8,1,6,12,Y6038943,,,,0,30.0,0,0
75,8,1,6,13,Y6038944,,,,0,30.0,0,0
75,8,1,6,14,Y6038945,,,,0,30.0,0,0
75,8,1,6,15,Y6038946,,,,0,30.0,0,0
75,8,1,6,16,Y6038947,,,,0,30.0,0,0
75,8,1,6,17,Y6038948,,,,0,30.0,0,0
75,8,1,6,18,Y6038949,,,,3623,30.0,0,0
75,8,1,6,19,Y6038950,,,,3042,30.0,0,0
75,8,1,6,20,Y6038951,,,,3023,30.0,0,0
75,8,1,6,21,Y6038952,,,,0,30.0,0,0
75,8,1,6,22,Y6038953,,,,0,30.0,0,0
75,8,1,6,23,Y6038954,,,,0,30.0,0,0
75,8,1,6,24,Y6038955,,,,0,30.0,0,0
75,8,1,6,25,Y6038956,,,,0,30.0,0,0
75,8,1,6,26,Y6038957,,,,0,30.0,0,0
75,8,1,6,27,Y6038958,,,,0,30.0,0,0
75,8,1,6,28,Y6038959,,,,0,30.0,0,0
75,8,1,6,29,Y6038960,,,,0,30.0,0,0
75,8,1,6,30,Y6038961,,,,0,30.0,0,0
75,8,1,7,10,Y6038962,,,,0,30.0,0,0
75,8,1,7,11,Y6038963,,,,0,30.0,0,0
75,8,1,7,12,Y6038964,,,,0,30.0,0,0
75,8,1,7,13,Y6038965,,,,0,30.0,0,0
75,8,1,7,14,Y6038966,,,,0,30.0,0,0
75,8,1,7,15,Y6038967,,,,0,30.0,0,0
75,8,1,7,16,Y6038968,,,,0,30.0,0,0
75,8,1,7,17,Y6038969,,,,0,30.0,0,0
75,8,1,7,18,Y6038970,,,,3619,30.0,0,0
75,8,1,7,19,Y6038971,,,,3040,30.0,0,0
75,8,1,7,20,Y6038972,,,,3020,30.0,0,0
75,8,1,7,21,Y6038973,,,,0,30.0,0,0
75,8,1,7,22,Y6038974,,,,0,30.0,0,0
75,8,1,7,23,Y6038975,,,,0,30.0,0,0
75,8,1,7,24,Y6038976,,,,0,30.0,0,0
75,8,1,7,25,Y6038977,,,,0,30.0,0,0
75,8,1,7,26,Y6038978,,,,0,30.0,0,0
75,8,1,7,27,Y6038979,,,,0,30.0,0,0
75,8,1,7,28,Y6038980,,,,0,30.0,0,0
75,8,1,7,29,Y6038981,,,,0,30.0,0,0
75,8,1,7,30,Y6038982,,,,0,30.0,0,0
75,8,1,8,10,Y6038983,,,,0,30.0,0,0
75,8,1,8,11,Y6038984,,,,0,30.0,0,0
75,8,1,8,12,Y6038985,,,,0,30.0,0,0
75,8,1,8,13,Y6038986,,,,0,30.0,0,0
75,8,1,8,14,Y6038987,,,,0,30.0,0,0
75,8,1,8,15,Y6038988,,,,0,30.0,0,0
75,8,1,8,16,Y6038989,,,,0,30.0,0,0
75,8,1,8,17,Y6038990,,,,0,30.0,0,0
75,8,1,8,18,Y6038991,,,,3606,30.0,0,0
75,8,1,8,19,Y6038992,,,,0,30.0,0,0
75,8,1,8,20,Y6038993,,,,0,30.0,0,0
75,8,1,8,21,Y6038994,,,,0,30.0,0,0
75,8,1,8,22,Y6038995,,,,0,30.0,0,0
75,8,1,8,23,Y6038996,,,,0,30.0,0,0
75,8,1,8,24,Y6038997,,,,0,30.0,0,0
75,8,1,8,25,Y6038998,,,,0,30.0,0,0
75,8,1,8,26,Y6038999,,,,0,30.0,0,0
75,8,1,8,27,Y6039000,,,,0,30.0,0,0
75,8,1,8,28,Y6039001,,,,0,30.0,0,0
75,8,1,8,29,Y6039002,,,,0,30.0,0,0
75,8,1,8,30,Y6039003,,,,0,30.0,0,0
75,8,1,9,10,Y6039004,,,,0,30.0,0,0
75,8,1,9,11,Y6039005,,,,0,30.0,0,0
75,8,1,9,12,Y6039006,,,,0,30.0,0,0
75,8,1,9,13,Y6039007,,,,0,30.0,0,0
75,8,1,9,14,Y6039008,,,,0,30.0,0,0
75,8,1,9,15,Y6039009,,,,0,30.0,0,0
75,8,1,9,16,Y6039010,,,,0,30.0,0,0
75,8,1,9,17,Y6039011,,,,0,30.0,0,0
75,8,1,9,18,Y6039012,,,,3602,30.0,0,0
75,8,1,9,19,Y6039013,,,,0,30.0,0,0
75,8,1,9,20,Y6039014,,,,0,30.0,0,0
75,8,1,9,21,Y6039015,,,,0,30.0,0,0
75,8,1,9,22,Y6039016,,,,0,30.0,0,0
75,8,1,9,23,Y6039017,,,,0,30.0,0,0
75,8,1,9,24,Y6039018,,,,0,30.0,0,0
75,8,1,9,25,Y6039019,,,,0,30.0,0,0
75,8,1,9,26,Y6039020,,,,0,30.0,0,0
75,8,1,9,27,Y6039021,,,,0,30.0,0,0
75,8,1,9,28,Y6039022,,,,0,30.0,0,0
75,8,1,9,29,Y6039023,,,,0,30.0,0,0
75,8,1,9,30,Y6039024,,,,0,30.0,0,0
75,8,1,10,10,Y6039025,,,,0,30.0,0,0
75,8,1,10,11,Y6039026,,,,0,30.0,0,0
75,8,1,10,12,Y6039027,,,,0,30.0,0,0
75,8,1,10,13,Y6039028,,,,0,30.0,0,0
75,8,1,10,14,Y6039029,,,,0,30.0,0,0
75,8,1,10,15,Y6039030,,,,0,30.0,0,0
75,8,1,10,16,Y6039031,,,,0,30.0,0,0
75,8,1,10,17,Y6039032,,,,0,30.0,0,0
75,8,1,10,18,Y6039033,,,,3916,30.0,0,0
75,8,1,10,19,Y6039034,,,,3254,30.0,0,0
75,8,1,10,20,Y6039035,,,,3189,30.0,0,0
75,8,1,10,21,Y6039036,,,,0,30.0,0,0
75,8,1,10,22,Y6039037,,,,0,30.0,0,0
75,8,1,10,23,Y6039038,,,,0,30.0,0,0
75,8,1,10,24,Y6039039,,,,0,30.0,0,0
75,8,1,10,25,Y6039040,,,,0,30.0,0,0
75,8,1,10,26,Y6039041,,,,0,30.0,0,0
75,8,1,10,27,Y6039042,,,,0,30.0,0,0
75,8,1,10,28,Y6039043,,,,0,30.0,0,0
75,8,1,10,29,Y6039044,,,,0,30.0,0,0
75,8,1,10,30,Y6039045,,,,0,30.0,0,0
75,8,1,11,10,Y6039046,,,,3445,30.0,0,0
75,8,1,11,11,Y6039047,,,,3445,30.0,0,0
75,8,1,11,12,Y6039048,,,,3433,30.0,0,0
75,8,1,11,13,Y6039049,,,,3430,30.0,0,0
75,8,1,11,14,Y6039050,,,,3426,30.0,0,0
75,8,1,11,15,Y6039051,,,,3426,30.0,0,0
75,8,1,11,16,Y6039052,,,,3426,30.0,0,0
75,8,1,11,17,Y6039053,,,,3426,30.0,0,0
75,8,1,11,18,Y6039054,,,,4559,30.0,0,0
75,8,1,11,19,Y6039055,,,,3749,30.0,0,0
75,8,1,11,20,Y6039056,,,,3681,30.0,0,0
75,8,1,11,21,Y6039057,,,,0,30.0,0,0
75,8,1,11,22,Y6039058,,,,0,30.0,0,0
75,8,1,11,23,Y6039059,,,,0,30.0,0,0
75,8,1,11,24,Y6039060,,,,0,30.0,0,0
75,8,1,11,25,Y6039061,,,,0,30.0,0,0
75,8,1,11,26,Y6039062,,,,0,30.0,0,0
75,8,1,11,27,Y6039063,,,,0,30.0,0,0
75,8,1,11,28,Y6039064,,,,0,30.0,0,0
75,8,1,11,29,Y6039065,,,,0,30.0,0,0
75,8,1,11,30,Y6039066,,,,0,30.0,0,0
75,8,1,12,10,Y6039067,,,,3578,30.0,0,0
75,8,1,12,11,Y6039068,,,,3578,30.0,0,0
75,8,1,12,12,Y6039069,,,,3567,30.0,0,0
75,8,1,12,13,Y6039070,,,,3566,30.0,0,0
75,8,1,12,14,Y6039071,,,,3564,30.0,0,0
75,8,1,12,15,Y6039072,,,,3564,30.0,0,0
75,8,1,12,16,Y6039073,,,,3564,30.0,0,0
75,8,1,12,17,Y6039074,,,,3564,30.0,0,0
75,8,1,12,18,Y6039075,,,,4597,30.0,0,0
75,8,1,12,19,Y6039076,,,,3771,30.0,0,0
75,8,1,12,20,Y6039077,,,,3700,30.0,0,0
75,8,1,12,21,Y6039078,,,,0,30.0,0,0
75,8,1,12,22,Y6039079,,,,0,30.0,0,0
75,8,1,12,23,Y6039080,,,,0,30.0,0,0
75,8,1,12,24,Y6039081,,,,0,30.0,0,0
75,8,1,12,25,Y6039082,,,,0,30.0,0,0
75,8,1,12,26,Y6039083,,,,0,30.0,0,0
75,8,1,12,27,Y6039084,,,,0,30.0,0,0
75,8,1,12,28,Y6039085,,,,0,30.0,0,0
75,8,1,12,29,Y6039086,,,,0,30.0,0,0
75,8,1,12,30,Y6039087,,,,0,30.0,0,0
75,8,2,1,10,Y6039088,,,,0,30.0,0,0
75,8,2,1,11,Y6039089,,,,0,30.0,0,0
75,8,2,1,12,Y6039090,,,,0,30.0,0,0
75,8,2,1,13,Y6039091,,,,0,30.0,0,0
75,8,2,1,14,Y6039092,,,,0,30.0,0,0
75,8,2,1,15,Y6039093,,,,0,30.0,0,0
75,8,2,1,16,Y6039094,,,,0,30.0,0,0
75,8,2,1,17,Y6039095,,,,0,30.0,0,0
75,8,2,1,18,Y6039096,,,,3233,30.0,0,0
75,8,2,1,19,Y6039097,,,,0,30.0,0,0
75,8,2,1,20,Y6039098,,,,0,30.0,0,0
75,8,2,1,21,Y6039099,,,,0,30.0,0,0
75,8,2,1,22,Y6039100,,,,0,30.0,0,0
75,8,2,1,23,Y6039101,,,,0,30.0,0,0
75,8,2,1,24,Y6039102,,,,0,30.0,0,0
75,8,2,1,25,Y6039103,,,,0,30.0,0,0
75,8,2,1,26,Y6039104,,,,0,30.0,0,0
75,8,2,1,27,Y6039105,,,,0,30.0,0,0
75,8,2,1,28,Y6039106,,,,0,30.0,0,0
75,8,2,1,29,Y6039107,,,,0,30.0,0,0
75,8,2,1,30,Y6039108,,,,0,30.0,0,0
75,8,2,2,10,Y6039109,,,,0,30.0,0,0
75,8,2,2,11,Y6039110,,,,0,30.0,0,0
75,8,2,2,12,Y6039111,,,,0,30.0,0,0
75,8,2,2,13,Y6039112,,,,0,30.0,0,0
75,8,2,2,14,Y6039113,,,,0,30.0,0,0
75,8,2,2,15,Y6039114,,,,0,30.0,0,0
75,8,2,2,16,Y6039115,,,,0,30.0,0,0
75,8,2,2,17,Y6039116,,,,0,30.0,0,0
75,8,2,2,18,Y6039117,,,,3229,30.0,0,0
75,8,2,2,19,Y6039118,,,,0,30.0,0,0
75,8,2,2,20,Y6039119,,,,0,30.0,0,0
75,8,2,2,21,Y6039120,,,,0,30.0,0,0
75,8,2,2,22,Y6039121,,,,0,30.0,0,0
75,8,2,2,23,Y6039122,,,,0,30.0,0,0
75,8,2,2,24,Y6039123,,,,0,30.0,0,0
75,8,2,2,25,Y6039124,,,,0,30.0,0,0
75,8,2,2,26,Y6039125,,,,0,30.0,0,0
75,8,2,2,27,Y6039126,,,,0,30.0,0,0
75,8,2,2,28,Y6039127,,,,0,30.0,0,0
75,8,2,2,29,Y6039128,,,,0,30.0,0,0
75,8,2,2,30,Y6039129,,,,0,30.0,0,0
75,8,2,3,10,Y6039130,,,,0,30.0,0,0
75,8,2,3,11,Y6039131,,,,0,30.0,0,0
75,8,2,3,12,Y6039132,,,,0,30.0,0,0
75,8,2,3,13,Y6039133,,,,0,30.0,0,0
75,8,2,3,14,Y6039134,,,,0,30.0,0,0
75,8,2,3,15,Y6039135,,,,0,30.0,0,0
75,8,2,3,16,Y6039136,,,,0,30.0,0,0
75,8,2,3,17,Y6039137,,,,0,30.0,0,0
75,8,2,3,18,Y6039138,,,,3223,30.0,0,0
75,8,2,3,19,Y6039139,,,,0,30.0,0,0
75,8,2,3,20,Y6039140,,,,0,30.0,0,0
75,8,2,3,21,Y6039141,,,,0,30.0,0,0
75,8,2,3,22,Y6039142,,,,0,30.0,0,0
75,8,2,3,23,Y6039143,,,,0,30.0,0,0
75,8,2,3,24,Y6039144,,,,0,30.0,0,0
75,8,2,3,25,Y6039145,,,,0,30.0,0,0
75,8,2,3,26,Y6039146,,,,0,30.0,0,0
75,8,2,3,27,Y6039147,,,,0,30.0,0,0
75,8,2,3,28,Y6039148,,,,0,30.0,0,0
75,8,2,3,29,Y6039149,,,,0,30.0,0,0
75,8,2,3,30,Y6039150,,,,0,30.0,0,0
75,8,2,4,10,Y6039151,,,,0,30.0,0,0
75,8,2,4,11,Y6039152,,,,0,30.0,0,0
75,8,2,4,12,Y6039153,,,,0,30.0,0,0
75,8,2,4,13,Y6039154,,,,0,30.0,0,0
75,8,2,4,14,Y6039155,,,,0,30.0,0,0
75,8,2,4,15,Y6039156,,,,0,30.0,0,0
75,8,2,4,16,Y6039157,,,,0,30.0,0,0
75,8,2,4,17,Y6039158,,,,0,30.0,0,0
75,8,2,4,18,Y6039159,,,,3223,30.0,0,0
75,8,2,4,19,Y6039160,,,,0,30.0,0,0
75,8,2,4,20,Y6039161,,,,0,30.0,0,0
75,8,2,4,21,Y6039162,,,,0,30.0,0,0
75,8,2,4,22,Y6039163,,,,0,30.0,0,0
75,8,2,4,23,Y6039164,,,,0,30.0,0,0
75,8,2,4,24,Y6039165,,,,0,30.0,0,0
75,8,2,4,25,Y6039166,,,,0,30.0,0,0
75,8,2,4,26,Y6039167,,,,0,30.0,0,0
75,8,2,4,27,Y6039168,,,,0,30.0,0,0
75,8,2,4,28,Y6039169,,,,0,30.0,0,0
75,8,2,4,29,Y6039170,,,,0,30.0,0,0
75,8,2,4,30,Y6039171,,,,0,30.0,0,0
75,8,2,5,10,Y6039172,,,,0,30.0,0,0
75,8,2,5,11,Y6039173,,,,0,30.0,0,0
75,8,2,5,12,Y6039174,,,,0,30.0,0,0
75,8,2,5,13,Y6039175,,,,0,30.0,0,0
75,8,2,5,14,Y6039176,,,,0,30.0,0,0
75,8,2,5,15,Y6039177,,,,0,30.0,0,0
75,8,2,5,16,Y6039178,,,,0,30.0,0,0
75,8,2,5,17,Y6039179,,,,0,30.0,0,0
75,8,2,5,18,Y6039180,,,,3225,30.0,0,0
75,8,2,5,19,Y6039181,,,,0,30.0,0,0
75,8,2,5,20,Y6039182,,,,0,30.0,0,0
75,8,2,5,21,Y6039183,,,,0,30.0,0,0
75,8,2,5,22,Y6039184,,,,0,30.0,0,0
75,8,2,5,23,Y6039185,,,,0,30.0,0,0
75,8,2,5,24,Y6039186,,,,0,30.0,0,0
75,8,2,5,25,Y6039187,,,,0,30.0,0,0
75,8,2,5,26,Y6039188,,,,0,30.0,0,0
75,8,2,5,27,Y6039189,,,,0,30.0,0,0
75,8,2,5,28,Y6039190,,,,0,30.0,0,0
75,8,2,5,29,Y6039191,,,,0,30.0,0,0
75,8,2,5,30,Y6039192,,,,0,30.0,0,0
75,8,2,6,10,Y6039193,,,,0,30.0,0,0
75,8,2,6,11,Y6039194,,,,0,30.0,0,0
75,8,2,6,12,Y6039195,,,,0,30.0,0,0
75,8,2,6,13,Y6039196,,,,0,30.0,0,0
75,8,2,6,14,Y6039197,,,,0,30.0,0,0
75,8,2,6,15,Y6039198,,,,0,30.0,0,0
75,8,2,6,16,Y6039199,,,,0,30.0,0,0
75,8,2,6,17,Y6039200,,,,0,30.0,0,0
75,8,2,6,18,Y6039201,,,,3224,30.0,0,0
75,8,2,6,19,Y6039202,,,,0,30.0,0,0
75,8,2,6,20,Y6039203,,,,0,30.0,0,0
75,8,2,6,21,Y6039204,,,,0,30.0,0,0
75,8,2,6,22,Y6039205,,,,0,30.0,0,0
75,8,2,6,23,Y6039206,,,,0,30.0,0,0
75,8,2,6,24,Y6039207,,,,0,30.0,0,0
75,8,2,6,25,Y6039208,,,,0,30.0,0,0
75,8,2,6,26,Y6039209,,,,0,30.0,0,0
75,8,2,6,27,Y6039210,,,,0,30.0,0,0
75,8,2,6,28,Y6039211,,,,0,30.0,0,0
75,8,2,6,29,Y6039212,,,,0,30.0,0,0
75,8,2,6,30,Y6039213,,,,0,30.0,0,0
75,8,2,7,10,Y6039214,,,,0,30.0,0,0
75,8,2,7,11,Y6039215,,,,0,30.0,0,0
75,8,2,7,12,Y6039216,,,,0,30.0,0,0
75,8,2,7,13,Y6039217,,,,0,30.0,0,0
75,8,2,7,14,Y6039218,,,,0,30.0,0,0
75,8,2,7,15,Y6039219,,,,0,30.0,0,0
75,8,2,7,16,Y6039220,,,,0,30.0,0,0
75,8,2,7,17,Y6039221,,,,0,30.0,0,0
75,8,2,7,18,Y6039222,,,,3220,30.0,0,0
75,8,2,7,19,Y6039223,,,,0,30.0,0,0
75,8,2,7,20,Y6039224,,,,0,30.0,0,0
75,8,2,7,21,Y6039225,,,,0,30.0,0,0
75,8,2,7,22,Y6039226,,,,0,30.0,0,0
75,8,2,7,23,Y6039227,,,,0,30.0,0,0
75,8,2,7,24,Y6039228,,,,0,30.0,0,0
75,8,2,7,25,Y6039229,,,,0,30.0,0,0
75,8,2,7,26,Y6039230,,,,0,30.0,0,0
75,8,2,7,27,Y6039231,,,,0,30.0,0,0
75,8,2,7,28,Y6039232,,,,0,30.0,0,0
75,8,2,7,29,Y6039233,,,,0,30.0,0,0
75,8,2,7,30,Y6039234,,,,0,30.0,0,0
75,8,2,8,10,Y6039235,,,,0,30.0,0,0
75,8,2,8,11,Y6039236,,,,0,30.0,0,0
75,8,2,8,12,Y6039237,,,,0,30.0,0,0
75,8,2,8,13,Y6039238,,,,0,30.0,0,0
75,8,2,8,14,Y6039239,,,,0,30.0,0,0
75,8,2,8,15,Y6039240,,,,0,30.0,0,0
75,8,2,8,16,Y6039241,,,,0,30.0,0,0
75,8,2,8,17,Y6039242,,,,0,30.0,0,0
75,8,2,8,18,Y6039243,,,,3207,30.0,0,0
75,8,2,8,19,Y6039244,,,,0,30.0,0,0
75,8,2,8,20,Y6039245,,,,0,30.0,0,0
75,8,2,8,21,Y6039246,,,,0,30.0,0,0
75,8,2,8,22,Y6039247,,,,0,30.0,0,0
75,8,2,8,23,Y6039248,,,,0,30.0,0,0
75,8,2,8,24,Y6039249,,,,0,30.0,0,0
75,8,2,8,25,Y6039250,,,,0,30.0,0,0
75,8,2,8,26,Y6039251,,,,0,30.0,0,0
75,8,2,8,27,Y6039252,,,,0,30.0,0,0
75,8,2,8,28,Y6039253,,,,0,30.0,0,0
75,8,2,8,29,Y6039254,,,,0,30.0,0,0
75,8,2,8,30,Y6039255,,,,0,30.0,0,0
75,8,2,9,10,Y6039256,,,,0,30.0,0,0
75,8,2,9,11,Y6039257,,,,0,30.0,0,0
75,8,2,9,12,Y6039258,,,,0,30.0,0,0
75,8,2,9,13,Y6039259,,,,0,30.0,0,0
75,8,2,9,14,Y6039260,,,,0,30.0,0,0
75,8,2,9,15,Y6039261,,,,0,30.0,0,0
75,8,2,9,16,Y6039262,,,,0,30.0,0,0
75,8,2,9,17,Y6039263,,,,0,30.0,0,0
75,8,2,9,18,Y6039264,,,,3248,30.0,0,0
75,8,2,9,19,Y6039265,,,,0,30.0,0,0
75,8,2,9,20,Y6039266,,,,0,30.0,0,0
75,8,2,9,21,Y6039267,,,,0,30.0,0,0
75,8,2,9,22,Y6039268,,,,0,30.0,0,0
75,8,2,9,23,Y6039269,,,,0,30.0,0,0
75,8,2,9,24,Y6039270,,,,0,30.0,0,0
75,8,2,9,25,Y6039271,,,,0,30.0,0,0
75,8,2,9,26,Y6039272,,,,0,30.0,0,0
75,8,2,9,27,Y6039273,,,,0,30.0,0,0
75,8,2,9,28,Y6039274,,,,0,30.0,0,0
75,8,2,9,29,Y6039275,,,,0,30.0,0,0
75,8,2,9,30,Y6039276,,,,0,30.0,0,0
75,8,2,10,10,Y6039277,,,,0,30.0,0,0
75,8,2,10,11,Y6039278,,,,0,30.0,0,0
75,8,2,10,12,Y6039279,,,,0,30.0,0,0
75,8,2,10,13,Y6039280,,,,0,30.0,0,0
75,8,2,10,14,Y6039281,,,,0,30.0,0,0
75,8,2,10,15,Y6039282,,,,0,30.0,0,0
75,8,2,10,16,Y6039283,,,,0,30.0,0,0
75,8,2,10,17,Y6039284,,,,0,30.0,0,0
75,8,2,10,18,Y6039285,,,,3563,30.0,0,0
75,8,2,10,19,Y6039286,,,,0,30.0,0,0
75,8,2,10,20,Y6039287,,,,0,30.0,0,0
75,8,2,10,21,Y6039288,,,,0,30.0,0,0
75,8,2,10,22,Y6039289,,,,0,30.0,0,0
75,8,2,10,23,Y6039290,,,,0,30.0,0,0
75,8,2,10,24,Y6039291,,,,0,30.0,0,0
75,8,2,10,25,Y6039292,,,,0,30.0,0,0
75,8,2,10,26,Y6039293,,,,0,30.0,0,0
75,8,2,10,27,Y6039294,,,,0,30.0,0,0
75,8,2,10,28,Y6039295,,,,0,30.0,0,0
75,8,2,10,29,Y6039296,,,,0,30.0,0,0
75,8,2,10,30,Y6039297,,,,0,30.0,0,0
75,8,2,11,10,Y6039298,,,,3011,30.0,0,0
75,8,2,11,11,Y6039299,,,,3011,30.0,0,0
75,8,2,11,12,Y6039300,,,,0,30.0,0,0
75,8,2,11,13,Y6039301,,,,0,30.0,0,0
75,8,2,11,14,Y6039302,,,,0,30.0,0,0
75,8,2,11,15,Y6039303,,,,0,30.0,0,0
75,8,2,11,16,Y6039304,,,,0,30.0,0,0
75,8,2,11,17,Y6039305,,,,0,30.0,0,0
75,8,2,11,18,Y6039306,,,,4207,30.0,0,0
75,8,2,11,19,Y6039307,,,,3395,30.0,0,0
75,8,2,11,20,Y6039308,,,,3335,30.0,0,0
75,8,2,11,21,Y6039309,,,,0,30.0,0,0
75,8,2,11,22,Y6039310,,,,0,30.0,0,0
75,8,2,11,23,Y6039311,,,,0,30.0,0,0
75,8,2,11,24,Y6039312,,,,0,30.0,0,0
75,8,2,11,25,Y6039313,,,,0,30.0,0,0
75,8,2,11,26,Y6039314,,,,0,30.0,0,0
75,8,2,11,27,Y6039315,,,,0,30.0,0,0
75,8,2,11,28,Y6039316,,,,0,30.0,0,0
75,8,2,11,29,Y6039317,,,,0,30.0,0,0
75,8,2,11,30,Y6039318,,,,0,30.0,0,0
75,8,2,12,10,Y6039319,,,,3291,30.0,0,0
75,8,2,12,11,Y6039320,,,,3291,30.0,0,0
75,8,2,12,12,Y6039321,,,,3280,30.0,0,0
75,8,2,12,13,Y6039322,,,,3278,30.0,0,0
75,8,2,12,14,Y6039323,,,,3276,30.0,0,0
75,8,2,12,15,Y6039324,,,,3276,30.0,0,0
75,8,2,12,16,Y6039325,,,,3276,30.0,0,0
75,8,2,12,17,Y6039326,,,,3276,30.0,0,0
75,8,2,12,18,Y6039327,,,,4355,30.0,0,0
75,8,2,12,19,Y6039328,,,,3543,30.0,0,0
75,8,2,12,20,Y6039329,,,,3470,30.0,0,0
75,8,2,12,21,Y6039330,,,,0,30.0,0,0
75,8,2,12,22,Y6039331,,,,0,30.0,0,0
75,8,2,12,23,Y6039332,,,,0,30.0,0,0
75,8,2,12,24,Y6039333,,,,0,30.0,0,0
75,8,2,12,25,Y6039334,,,,0,30.0,0,0
75,8,2,12,26,Y6039335,,,,0,30.0,0,0
75,8,2,12,27,Y6039336,,,,0,30.0,0,0
75,8,2,12,28,Y6039337,,,,0,30.0,0,0
75,8,2,12,29,Y6039338,,,,0,30.0,0,0
75,8,2,12,30,Y6039339,,,,0,30.0,0,0
75,8,3,1,10,Y6039340,,,,0,30.0,0,0
75,8,3,1,11,Y6039341,,,,0,30.0,0,0
75,8,3,1,12,Y6039342,,,,0,30.0,0,0
75,8,3,1,13,Y6039343,,,,0,30.0,0,0
75,8,3,1,14,Y6039344,,,,0,30.0,0,0
75,8,3,1,15,Y6039345,,,,0,30.0,0,0
75,8,3,1,16,Y6039346,,,,0,30.0,0,0
75,8,3,1,17,Y6039347,,,,0,30.0,0,0
75,8,3,1,18,Y6039348,,,,3233,30.0,0,0
75,8,3,1,19,Y6039349,,,,0,30.0,0,0
75,8,3,1,20,Y6039350,,,,0,30.0,0,0
75,8,3,1,21,Y6039351,,,,0,30.0,0,0
75,8,3,1,22,Y6039352,,,,0,30.0,0,0
75,8,3,1,23,Y6039353,,,,0,30.0,0,0
75,8,3,1,24,Y6039354,,,,0,30.0,0,0
75,8,3,1,25,Y6039355,,,,0,30.0,0,0
75,8,3,1,26,Y6039356,,,,0,30.0,0,0
75,8,3,1,27,Y6039357,,,,0,30.0,0,0
75,8,3,1,28,Y6039358,,,,0,30.0,0,0
75,8,3,1,29,Y6039359,,,,0,30.0,0,0
75,8,3,1,30,Y6039360,,,,0,30.0,0,0
75,8,3,2,10,Y6039361,,,,0,30.0,0,0
75,8,3,2,11,Y6039362,,,,0,30.0,0,0
75,8,3,2,12,Y6039363,,,,0,30.0,0,0
75,8,3,2,13,Y6039364,,,,0,30.0,0,0
75,8,3,2,14,Y6039365,,,,0,30.0,0,0
75,8,3,2,15,Y6039366,,,,0,30.0,0,0
75,8,3,2,16,Y6039367,,,,0,30.0,0,0
75,8,3,2,17,Y6039368,,,,0,30.0,0,0
75,8,3,2,18,Y6039369,,,,3229,30.0,0,0
75,8,3,2,19,Y6039370,,,,0,30.0,0,0
75,8,3,2,20,Y6039371,,,,0,30.0,0,0
75,8,3,2,21,Y6039372,,,,0,30.0,0,0
75,8,3,2,22,Y6039373,,,,0,30.0,0,0
75,8,3,2,23,Y6039374,,,,0,30.0,0,0
75,8,3,2,24,Y6039375,,,,0,30.0,0,0
75,8,3,2,25,Y6039376,,,,0,30.0,0,0
75,8,3,2,26,Y6039377,,,,0,30.0,0,0
75,8,3,2,27,Y6039378,,,,0,30.0,0,0
75,8,3,2,28,Y6039379,,,,0,30.0,0,0
75,8,3,2,29,Y6039380,,,,0,30.0,0,0
75,8,3,2,30,Y6039381,,,,0,30.0,0,0
75,8,3,3,10,Y6039382,,,,0,30.0,0,0
75,8,3,3,11,Y6039383,,,,0,30.0,0,0
75,8,3,3,12,Y6039384,,,,0,30.0,0,0
75,8,3,3,13,Y6039385,,,,0,30.0,0,0
75,8,3,3,14,Y6039386,,,,0,30.0,0,0
75,8,3,3,15,Y6039387,,,,0,30.0,0,0
75,8,3,3,16,Y6039388,,,,0,30.0,0,0
75,8,3,3,17,Y6039389,,,,0,30.0,0,0
75,8,3,3,18,Y6039390,,,,3223,30.0,0,0
75,8,3,3,19,Y6039391,,,,0,30.0,0,0
75,8,3,3,20,Y6039392,,,,0,30.0,0,0
75,8,3,3,21,Y6039393,,,,0,30.0,0,0
75,8,3,3,22,Y6039394,,,,0,30.0,0,0
75,8,3,3,23,Y6039395,,,,0,30.0,0,0
75,8,3,3,24,Y6039396,,,,0,30.0,0,0
75,8,3,3,25,Y6039397,,,,0,30.0,0,0
75,8,3,3,26,Y6039398,,,,0,30.0,0,0
75,8,3,3,27,Y6039399,,,,0,30.0,0,0
75,8,3,3,28,Y6039400,,,,0,30.0,0,0
75,8,3,3,29,Y6039401,,,,0,30.0,0,0
75,8,3,3,30,Y6039402,,,,0,30.0,0,0
75,8,3,4,10,Y6039403,,,,0,30.0,0,0
75,8,3,4,11,Y6039404,,,,0,30.0,0,0
75,8,3,4,12,Y6039405,,,,0,30.0,0,0
75,8,3,4,13,Y6039406,,,,0,30.0,0,0
75,8,3,4,14,Y6039407,,,,0,30.0,0,0
75,8,3,4,15,Y6039408,,,,0,30.0,0,0
75,8,3,4,16,Y6039409,,,,0,30.0,0,0
75,8,3,4,17,Y6039410,,,,0,30.0,0,0
75,8,3,4,18,Y6039411,,,,3223,30.0,0,0
75,8,3,4,19,Y6039412,,,,0,30.0,0,0
75,8,3,4,20,Y6039413,,,,0,30.0,0,0
75,8,3,4,21,Y6039414,,,,0,30.0,0,0
75,8,3,4,22,Y6039415,,,,0,30.0,0,0
75,8,3,4,23,Y6039416,,,,0,30.0,0,0
75,8,3,4,24,Y6039417,,,,0,30.0,0,0
75,8,3,4,25,Y6039418,,,,0,30.0,0,0
75,8,3,4,26,Y6039419,,,,0,30.0,0,0
75,8,3,4,27,Y6039420,,,,0,30.0,0,0
75,8,3,4,28,Y6039421,,,,0,30.0,0,0
75,8,3,4,29,Y6039422,,,,0,30.0,0,0
75,8,3,4,30,Y6039423,,,,0,30.0,0,0
75,8,3,5,10,Y6039424,,,,0,30.0,0,0
75,8,3,5,11,Y6039425,,,,0,30.0,0,0
75,8,3,5,12,Y6039426,,,,0,30.0,0,0
75,8,3,5,13,Y6039427,,,,0,30.0,0,0
75,8,3,5,14,Y6039428,,,,0,30.0,0,0
75,8,3,5,15,Y6039429,,,,0,30.0,0,0
75,8,3,5,16,Y6039430,,,,0,30.0,0,0
75,8,3,5,17,Y6039431,,,,0,30.0,0,0
75,8,3,5,18,Y6039432,,,,3225,30.0,0,0
75,8,3,5,19,Y6039433,,,,0,30.0,0,0
75,8,3,5,20,Y6039434,,,,0,30.0,0,0
75,8,3,5,21,Y6039435,,,,0,30.0,0,0
75,8,3,5,22,Y6039436,,,,0,30.0,0,0
75,8,3,5,23,Y6039437,,,,0,30.0,0,0
75,8,3,5,24,Y6039438,,,,0,30.0,0,0
75,8,3,5,25,Y6039439,,,,0,30.0,0,0
75,8,3,5,26,Y6039440,,,,0,30.0,0,0
75,8,3,5,27,Y6039441,,,,0,30.0,0,0
75,8,3,5,28,Y6039442,,,,0,30.0,0,0
75,8,3,5,29,Y6039443,,,,0,30.0,0,0
75,8,3,5,30,Y6039444,,,,0,30.0,0,0
75,8,3,6,10,Y6039445,,,,0,30.0,0,0
75,8,3,6,11,Y6039446,,,,0,30.0,0,0
75,8,3,6,12,Y6039447,,,,0,30.0,0,0
75,8,3,6,13,Y6039448,,,,0,30.0,0,0
75,8,3,6,14,Y6039449,,,,0,30.0,0,0
75,8,3,6,15,Y6039450,,,,0,30.0,0,0
75,8,3,6,16,Y6039451,,,,0,30.0,0,0
75,8,3,6,17,Y6039452,,,,0,30.0,0,0
75,8,3,6,18,Y6039453,,,,3224,30.0,0,0
75,8,3,6,19,Y6039454,,,,0,30.0,0,0
75,8,3,6,20,Y6039455,,,,0,30.0,0,0
75,8,3,6,21,Y6039456,,,,0,30.0,0,0
75,8,3,6,22,Y6039457,,,,0,30.0,0,0
75,8,3,6,23,Y6039458,,,,0,30.0,0,0
75,8,3,6,24,Y6039459,,,,0,30.0,0,0
75,8,3,6,25,Y6039460,,,,0,30.0,0,0
75,8,3,6,26,Y6039461,,,,0,30.0,0,0
75,8,3,6,27,Y6039462,,,,0,30.0,0,0
75,8,3,6,28,Y6039463,,,,0,30.0,0,0
75,8,3,6,29,Y6039464,,,,0,30.0,0,0
75,8,3,6,30,Y6039465,,,,0,30.0,0,0
75,8,3,7,10,Y6039466,,,,0,30.0,0,0
75,8,3,7,11,Y6039467,,,,0,30.0,0,0
75,8,3,7,12,Y6039468,,,,0,30.0,0,0
75,8,3,7,13,Y6039469,,,,0,30.0,0,0
75,8,3,7,14,Y6039470,,,,0,30.0,0,0
75,8,3,7,15,Y6039471,,,,0,30.0,0,0
75,8,3,7,16,Y6039472,,,,0,30.0,0,0
75,8,3,7,17,Y6039473,,,,0,30.0,0,0
75,8,3,7,18,Y6039474,,,,3221,30.0,0,0
75,8,3,7,19,Y6039475,,,,0,30.0,0,0
75,8,3,7,20,Y6039476,,,,0,30.0,0,0
75,8,3,7,21,Y6039477,,,,0,30.0,0,0
75,8,3,7,22,Y6039478,,,,0,30.0,0,0
75,8,3,7,23,Y6039479,,,,0,30.0,0,0
75,8,3,7,24,Y6039480,,,,0,30.0,0,0
75,8,3,7,25,Y6039481,,,,0,30.0,0,0
75,8,3,7,26,Y6039482,,,,0,30.0,0,0
75,8,3,7,27,Y6039483,,,,0,30.0,0,0
75,8,3,7,28,Y6039484,,,,0,30.0,0,0
75,8,3,7,29,Y6039485,,,,0,30.0,0,0
75,8,3,7,30,Y6039486,,,,0,30.0,0,0
75,8,3,8,10,Y6039487,,,,0,30.0,0,0
75,8,3,8,11,Y6039488,,,,0,30.0,0,0
75,8,3,8,12,Y6039489,,,,0,30.0,0,0
75,8,3,8,13,Y6039490,,,,0,30.0,0,0
75,8,3,8,14,Y6039491,,,,0,30.0,0,0
75,8,3,8,15,Y6039492,,,,0,30.0,0,0
75,8,3,8,16,Y6039493,,,,0,30.0,0,0
75,8,3,8,17,Y6039494,,,,0,30.0,0,0
75,8,3,8,18,Y6039495,,,,3207,30.0,0,0
75,8,3,8,19,Y6039496,,,,0,30.0,0,0
75,8,3,8,20,Y6039497,,,,0,30.0,0,0
75,8,3,8,21,Y6039498,,,,0,30.0,0,0
75,8,3,8,22,Y6039499,,,,0,30.0,0,0
75,8,3,8,23,Y6039500,,,,0,30.0,0,0
75,8,3,8,24,Y6039501,,,,0,30.0,0,0
75,8,3,8,25,Y6039502,,,,0,30.0,0,0
75,8,3,8,26,Y6039503,,,,0,30.0,0,0
75,8,3,8,27,Y6039504,,,,0,30.0,0,0
75,8,3,8,28,Y6039505,,,,0,30.0,0,0
75,8,3,8,29,Y6039506,,,,0,30.0,0,0
75,8,3,8,30,Y6039507,,,,0,30.0,0,0
75,8,3,9,10,Y6039508,,,,0,30.0,0,0
75,8,3,9,11,Y6039509,,,,0,30.0,0,0
75,8,3,9,12,Y6039510,,,,0,30.0,0,0
75,8,3,9,13,Y6039511,,,,0,30.0,0,0
75,8,3,9,14,Y6039512,,,,0,30.0,0,0
75,8,3,9,15,Y6039513,,,,0,30.0,0,0
75,8,3,9,16,Y6039514,,,,0,30.0,0,0
75,8,3,9,17,Y6039515,,,,0,30.0,0,0
75,8,3,9,18,Y6039516,,,,3248,30.0,0,0
75,8,3,9,19,Y6039517,,,,0,30.0,0,0
75,8,3,9,20,Y6039518,,,,0,30.0,0,0
75,8,3,9,21,Y6039519,,,,0,30.0,0,0
75,8,3,9,22,Y6039520,,,,0,30.0,0,0
75,8,3,9,23,Y6039521,,,,0,30.0,0,0
75,8,3,9,24,Y6039522,,,,0,30.0,0,0
75,8,3,9,25,Y6039523,,,,0,30.0,0,0
75,8,3,9,26,Y6039524,,,,0,30.0,0,0
75,8,3,9,27,Y6039525,,,,0,30.0,0,0
75,8,3,9,28,Y6039526,,,,0,30.0,0,0
75,8,3,9,29,Y6039527,,,,0,30.0,0,0
75,8,3,9,30,Y6039528,,,,0,30.0,0,0
75,8,3,10,10,Y6039529,,,,0,30.0,0,0
75,8,3,10,11,Y6039530,,,,0,30.0,0,0
75,8,3,10,12,Y6039531,,,,0,30.0,0,0
75,8,3,10,13,Y6039532,,,,0,30.0,0,0
75,8,3,10,14,Y6039533,,,,0,30.0,0,0
75,8,3,10,15,Y6039534,,,,0,30.0,0,0
75,8,3,10,16,Y6039535,,,,0,30.0,0,0
75,8,3,10,17,Y6039536,,,,0,30.0,0,0
75,8,3,10,18,Y6039537,,,,3563,30.0,0,0
75,8,3,10,19,Y6039538,,,,0,30.0,0,0
75,8,3,10,20,Y6039539,,,,0,30.0,0,0
75,8,3,10,21,Y6039540,,,,0,30.0,0,0
75,8,3,10,22,Y6039541,,,,0,30.0,0,0
75,8,3,10,23,Y6039542,,,,0,30.0,0,0
75,8,3,10,24,Y6039543,,,,0,30.0,0,0
75,8,3,10,25,Y6039544,,,,0,30.0,0,0
75,8,3,10,26,Y6039545,,,,0,30.0,0,0
75,8,3,10,27,Y6039546,,,,0,30.0,0,0
75,8,3,10,28,Y6039547,,,,0,30.0,0,0
75,8,3,10,29,Y6039548,,,,0,30.0,0,0
75,8,3,10,30,Y6039549,,,,0,30.0,0,0
75,8,3,11,10,Y6039550,,,,3011,30.0,0,0
75,8,3,11,11,Y6039551,,,,3011,30.0,0,0
75,8,3,11,12,Y6039552,,,,0,30.0,0,0
75,8,3,11,13,Y6039553,,,,0,30.0,0,0
75,8,3,11,14,Y6039554,,,,0,30.0,0,0
75,8,3,11,15,Y6039555,,,,0,30.0,0,0
75,8,3,11,16,Y6039556,,,,0,30.0,0,0
75,8,3,11,17,Y6039557,,,,0,30.0,0,0
75,8,3,11,18,Y6039558,,,,4207,30.0,0,0
75,8,3,11,19,Y6039559,,,,3396,30.0,0,0
75,8,3,11,20,Y6039560,,,,3336,30.0,0,0
75,8,3,11,21,Y6039561,,,,0,30.0,0,0
75,8,3,11,22,Y6039562,,,,0,30.0,0,0
75,8,3,11,23,Y6039563,,,,0,30.0,0,0
75,8,3,11,24,Y6039564,,,,0,30.0,0,0
75,8,3,11,25,Y6039565,,,,0,30.0,0,0
75,8,3,11,26,Y6039566,,,,0,30.0,0,0
75,8,3,11,27,Y6039567,,,,0,30.0,0,0
75,8,3,11,28,Y6039568,,,,0,30.0,0,0
75,8,3,11,29,Y6039569,,,,0,30.0,0,0
75,8,3,11,30,Y6039570,,,,0,30.0,0,0
75,8,3,12,10,Y6039571,,,,3291,30.0,0,0
75,8,3,12,11,Y6039572,,,,3291,30.0,0,0
75,8,3,12,12,Y6039573,,,,3280,30.0,0,0
75,8,3,12,13,Y6039574,,,,3278,30.0,0,0
75,8,3,12,14,Y6039575,,,,3276,30.0,0,0
75,8,3,12,15,Y6039576,,,,3276,30.0,0,0
75,8,3,12,16,Y6039577,,,,3276,30.0,0,0
75,8,3,12,17,Y6039578,,,,3276,30.0,0,0
75,8,3,12,18,Y6039579,,,,4355,30.0,0,0
75,8,3,12,19,Y6039580,,,,3544,30.0,0,0
75,8,3,12,20,Y6039581,,,,3470,30.0,0,0
75,8,3,12,21,Y6039582,,,,0,30.0,0,0
75,8,3,12,22,Y6039583,,,,0,30.0,0,0
75,8,3,12,23,Y6039584,,,,0,30.0,0,0
75,8,3,12,24,Y6039585,,,,0,30.0,0,0
75,8,3,12,25,Y6039586,,,,0,30.0,0,0
75,8,3,12,26,Y6039587,,,,0,30.0,0,0
75,8,3,12,27,Y6039588,,,,0,30.0,0,0
75,8,3,12,28,Y6039589,,,,0,30.0,0,0
75,8,3,12,29,Y6039590,,,,0,30.0,0,0
75,8,3,12,30,Y6039591,,,,0,30.0,0,0
75,8,4,1,10,Y6039592,,,,0,30.0,0,0
75,8,4,1,11,Y6039593,,,,0,30.0,0,0
75,8,4,1,12,Y6039594,,,,0,30.0,0,0
75,8,4,1,13,Y6039595,,,,0,30.0,0,0
75,8,4,1,14,Y6039596,,,,0,30.0,0,0
75,8,4,1,15,Y6039597,,,,0,30.0,0,0
75,8,4,1,16,Y6039598,,,,0,30.0,0,0
75,8,4,1,17,Y6039599,,,,0,30.0,0,0
75,8,4,1,18,Y6039600,,,,0,30.0,0,0
75,8,4,1,19,Y6039601,,,,0,30.0,0,0
75,8,4,1,20,Y6039602,,,,0,30.0,0,0
75,8,4,1,21,Y6039603,,,,0,30.0,0,0
75,8,4,1,22,Y6039604,,,,0,30.0,0,0
75,8,4,1,23,Y6039605,,,,0,30.0,0,0
75,8,4,1,24,Y6039606,,,,0,30.0,0,0
75,8,4,1,25,Y6039607,,,,0,30.0,0,0
75,8,4,1,26,Y6039608,,,,0,30.0,0,0
75,8,4,1,27,Y6039609,,,,0,30.0,0,0
75,8,4,1,28,Y6039610,,,,0,30.0,0,0
75,8,4,1,29,Y6039611,,,,0,30.0,0,0
75,8,4,1,30,Y6039612,,,,0,30.0,0,0
75,8,4,2,10,Y6039613,,,,0,30.0,0,0
75,8,4,2,11,Y6039614,,,,0,30.0,0,0
75,8,4,2,12,Y6039615,,,,0,30.0,0,0
75,8,4,2,13,Y6039616,,,,0,30.0,0,0
75,8,4,2,14,Y6039617,,,,0,30.0,0,0
75,8,4,2,15,Y6039618,,,,0,30.0,0,0
75,8,4,2,16,Y6039619,,,,0,30.0,0,0
75,8,4,2,17,Y6039620,,,,0,30.0,0,0
75,8,4,2,18,Y6039621,,,,0,30.0,0,0
75,8,4,2,19,Y6039622,,,,0,30.0,0,0
75,8,4,2,20,Y6039623,,,,0,30.0,0,0
75,8,4,2,21,Y6039624,,,,0,30.0,0,0
75,8,4,2,22,Y6039625,,,,0,30.0,0,0
75,8,4,2,23,Y6039626,,,,0,30.0,0,0
75,8,4,2,24,Y6039627,,,,0,30.0,0,0
75,8,4,2,25,Y6039628,,,,0,30.0,0,0
75,8,4,2,26,Y6039629,,,,0,30.0,0,0
75,8,4,2,27,Y6039630,,,,0,30.0,0,0
75,8,4,2,28,Y6039631,,,,0,30.0,0,0
75,8,4,2,29,Y6039632,,,,0,30.0,0,0
75,8,4,2,30,Y6039633,,,,0,30.0,0,0
75,8,4,3,10,Y6039634,,,,0,30.0,0,0
75,8,4,3,11,Y6039635,,,,0,30.0,0,0
75,8,4,3,12,Y6039636,,,,0,30.0,0,0
75,8,4,3,13,Y6039637,,,,0,30.0,0,0
75,8,4,3,14,Y6039638,,,,0,30.0,0,0
75,8,4,3,15,Y6039639,,,,0,30.0,0,0
75,8,4,3,16,Y6039640,,,,0,30.0,0,0
75,8,4,3,17,Y6039641,,,,0,30.0,0,0
75,8,4,3,18,Y6039642,,,,0,30.0,0,0
75,8,4,3,19,Y6039643,,,,0,30.0,0,0
75,8,4,3,20,Y6039644,,,,0,30.0,0,0
75,8,4,3,21,Y6039645,,,,0,30.0,0,0
75,8,4,3,22,Y6039646,,,,0,30.0,0,0
75,8,4,3,23,Y6039647,,,,0,30.0,0,0
75,8,4,3,24,Y6039648,,,,0,30.0,0,0
75,8,4,3,25,Y6039649,,,,0,30.0,0,0
75,8,4,3,26,Y6039650,,,,0,30.0,0,0
75,8,4,3,27,Y6039651,,,,0,30.0,0,0
75,8,4,3,28,Y6039652,,,,0,30.0,0,0
75,8,4,3,29,Y6039653,,,,0,30.0,0,0
75,8,4,3,30,Y6039654,,,,0,30.0,0,0
75,8,4,4,10,Y6039655,,,,0,30.0,0,0
75,8,4,4,11,Y6039656,,,,0,30.0,0,0
75,8,4,4,12,Y6039657,,,,0,30.0,0,0
75,8,4,4,13,Y6039658,,,,0,30.0,0,0
75,8,4,4,14,Y6039659,,,,0,30.0,0,0
75,8,4,4,15,Y6039660,,,,0,30.0,0,0
75,8,4,4,16,Y6039661,,,,0,30.0,0,0
75,8,4,4,17,Y6039662,,,,0,30.0,0,0
75,8,4,4,18,Y6039663,,,,0,30.0,0,0
75,8,4,4,19,Y6039664,,,,0,30.0,0,0
75,8,4,4,20,Y6039665,,,,0,30.0,0,0
75,8,4,4,21,Y6039666,,,,0,30.0,0,0
75,8,4,4,22,Y6039667,,,,0,30.0,0,0
75,8,4,4,23,Y6039668,,,,0,30.0,0,0
75,8,4,4,24,Y6039669,,,,0,30.0,0,0
75,8,4,4,25,Y6039670,,,,0,30.0,0,0
75,8,4,4,26,Y6039671,,,,0,30.0,0,0
75,8,4,4,27,Y6039672,,,,0,30.0,0,0
75,8,4,4,28,Y6039673,,,,0,30.0,0,0
75,8,4,4,29,Y6039674,,,,0,30.0,0,0
75,8,4,4,30,Y6039675,,,,0,30.0,0,0
75,8,4,5,10,Y6039676,,,,0,30.0,0,0
75,8,4,5,11,Y6039677,,,,0,30.0,0,0
75,8,4,5,12,Y6039678,,,,0,30.0,0,0
75,8,4,5,13,Y6039679,,,,0,30.0,0,0
75,8,4,5,14,Y6039680,,,,0,30.0,0,0
75,8,4,5,15,Y6039681,,,,0,30.0,0,0
75,8,4,5,16,Y6039682,,,,0,30.0,0,0
75,8,4,5,17,Y6039683,,,,0,30.0,0,0
75,8,4,5,18,Y6039684,,,,0,30.0,0,0
75,8,4,5,19,Y6039685,,,,0,30.0,0,0
75,8,4,5,20,Y6039686,,,,0,30.0,0,0
75,8,4,5,21,Y6039687,,,,0,30.0,0,0
75,8,4,5,22,Y6039688,,,,0,30.0,0,0
75,8,4,5,23,Y6039689,,,,0,30.0,0,0
75,8,4,5,24,Y6039690,,,,0,30.0,0,0
75,8,4,5,25,Y6039691,,,,0,30.0,0,0
75,8,4,5,26,Y6039692,,,,0,30.0,0,0
75,8,4,5,27,Y6039693,,,,0,30.0,0,0
75,8,4,5,28,Y6039694,,,,0,30.0,0,0
75,8,4,5,29,Y6039695,,,,0,30.0,0,0
75,8,4,5,30,Y6039696,,,,0,30.0,0,0
75,8,4,6,10,Y6039697,,,,0,30.0,0,0
75,8,4,6,11,Y6039698,,,,0,30.0,0,0
75,8,4,6,12,Y6039699,,,,0,30.0,0,0
75,8,4,6,13,Y6039700,,,,0,30.0,0,0
75,8,4,6,14,Y6039701,,,,0,30.0,0,0
75,8,4,6,15,Y6039702,,,,0,30.0,0,0
75,8,4,6,16,Y6039703,,,,0,30.0,0,0
75,8,4,6,17,Y6039704,,,,0,30.0,0,0
75,8,4,6,18,Y6039705,,,,0,30.0,0,0
75,8,4,6,19,Y6039706,,,,0,30.0,0,0
75,8,4,6,20,Y6039707,,,,0,30.0,0,0
75,8,4,6,21,Y6039708,,,,0,30.0,0,0
75,8,4,6,22,Y6039709,,,,0,30.0,0,0
75,8,4,6,23,Y6039710,,,,0,30.0,0,0
75,8,4,6,24,Y6039711,,,,0,30.0,0,0
75,8,4,6,25,Y6039712,,,,0,30.0,0,0
75,8,4,6,26,Y6039713,,,,0,30.0,0,0
75,8,4,6,27,Y6039714,,,,0,30.0,0,0
75,8,4,6,28,Y6039715,,,,0,30.0,0,0
75,8,4,6,29,Y6039716,,,,0,30.0,0,0
75,8,4,6,30,Y6039717,,,,0,30.0,0,0
75,8,4,7,10,Y6039718,,,,0,30.0,0,0
75,8,4,7,11,Y6039719,,,,0,30.0,0,0
75,8,4,7,12,Y6039720,,,,0,30.0,0,0
75,8,4,7,13,Y6039721,,,,0,30.0,0,0
75,8,4,7,14,Y6039722,,,,0,30.0,0,0
75,8,4,7,15,Y6039723,,,,0,30.0,0,0
75,8,4,7,16,Y6039724,,,,0,30.0,0,0
75,8,4,7,17,Y6039725,,,,0,30.0,0,0
75,8,4,7,18,Y6039726,,,,0,30.0,0,0
75,8,4,7,19,Y6039727,,,,0,30.0,0,0
75,8,4,7,20,Y6039728,,,,0,30.0,0,0
75,8,4,7,21,Y6039729,,,,0,30.0,0,0
75,8,4,7,22,Y6039730,,,,0,30.0,0,0
75,8,4,7,23,Y6039731,,,,0,30.0,0,0
75,8,4,7,24,Y6039732,,,,0,30.0,0,0
75,8,4,7,25,Y6039733,,,,0,30.0,0,0
75,8,4,7,26,Y6039734,,,,0,30.0,0,0
75,8,4,7,27,Y6039735,,,,0,30.0,0,0
75,8,4,7,28,Y6039736,,,,0,30.0,0,0
75,8,4,7,29,Y6039737,,,,0,30.0,0,0
75,8,4,7,30,Y6039738,,,,0,30.0,0,0
75,8,4,8,10,Y6039739,,,,0,30.0,0,0
75,8,4,8,11,Y6039740,,,,0,30.0,0,0
75,8,4,8,12,Y6039741,,,,0,30.0,0,0
75,8,4,8,13,Y6039742,,,,0,30.0,0,0
75,8,4,8,14,Y6039743,,,,0,30.0,0,0
75,8,4,8,15,Y6039744,,,,0,30.0,0,0
75,8,4,8,16,Y6039745,,,,0,30.0,0,0
75,8,4,8,17,Y6039746,,,,0,30.0,0,0
75,8,4,8,18,Y6039747,,,,0,30.0,0,0
75,8,4,8,19,Y6039748,,,,0,30.0,0,0
75,8,4,8,20,Y6039749,,,,0,30.0,0,0
75,8,4,8,21,Y6039750,,,,0,30.0,0,0
75,8,4,8,22,Y6039751,,,,0,30.0,0,0
75,8,4,8,23,Y6039752,,,,0,30.0,0,0
75,8,4,8,24,Y6039753,,,,0,30.0,0,0
75,8,4,8,25,Y6039754,,,,0,30.0,0,0
75,8,4,8,26,Y6039755,,,,0,30.0,0,0
75,8,4,8,27,Y6039756,,,,0,30.0,0,0
75,8,4,8,28,Y6039757,,,,0,30.0,0,0
75,8,4,8,29,Y6039758,,,,0,30.0,0,0
75,8,4,8,30,Y6039759,,,,0,30.0,0,0
75,8,4,9,10,Y6039760,,,,0,30.0,0,0
75,8,4,9,11,Y6039761,,,,0,30.0,0,0
75,8,4,9,12,Y6039762,,,,0,30.0,0,0
75,8,4,9,13,Y6039763,,,,0,30.0,0,0
75,8,4,9,14,Y6039764,,,,0,30.0,0,0
75,8,4,9,15,Y6039765,,,,0,30.0,0,0
75,8,4,9,16,Y6039766,,,,0,30.0,0,0
75,8,4,9,17,Y6039767,,,,0,30.0,0,0
75,8,4,9,18,Y6039768,,,,0,30.0,0,0
75,8,4,9,19,Y6039769,,,,0,30.0,0,0
75,8,4,9,20,Y6039770,,,,0,30.0,0,0
75,8,4,9,21,Y6039771,,,,0,30.0,0,0
75,8,4,9,22,Y6039772,,,,0,30.0,0,0
75,8,4,9,23,Y6039773,,,,0,30.0,0,0
75,8,4,9,24,Y6039774,,,,0,30.0,0,0
75,8,4,9,25,Y6039775,,,,0,30.0,0,0
75,8,4,9,26,Y6039776,,,,0,30.0,0,0
75,8,4,9,27,Y6039777,,,,0,30.0,0,0
75,8,4,9,28,Y6039778,,,,0,30.0,0,0
75,8,4,9,29,Y6039779,,,,0,30.0,0,0
75,8,4,9,30,Y6039780,,,,0,30.0,0,0
75,8,4,10,10,Y6039781,,,,0,30.0,0,0
75,8,4,10,11,Y6039782,,,,0,30.0,0,0
75,8,4,10,12,Y6039783,,,,0,30.0,0,0
75,8,4,10,13,Y6039784,,,,0,30.0,0,0
75,8,4,10,14,Y6039785,,,,0,30.0,0,0
75,8,4,10,15,Y6039786,,,,0,30.0,0,0
75,8,4,10,16,Y6039787,,,,0,30.0,0,0
75,8,4,10,17,Y6039788,,,,0,30.0,0,0
75,8,4,10,18,Y6039789,,,,3314,30.0,0,0
75,8,4,10,19,Y6039790,,,,0,30.0,0,0
75,8,4,10,20,Y6039791,,,,0,30.0,0,0
75,8,4,10,21,Y6039792,,,,0,30.0,0,0
75,8,4,10,22,Y6039793,,,,0,30.0,0,0
75,8,4,10,23,Y6039794,,,,0,30.0,0,0
75,8,4,10,24,Y6039795,,,,0,30.0,0,0
75,8,4,10,25,Y6039796,,,,0,30.0,0,0
75,8,4,10,26,Y6039797,,,,0,30.0,0,0
75,8,4,10,27,Y6039798,,,,0,30.0,0,0
75,8,4,10,28,Y6039799,,,,0,30.0,0,0
75,8,4,10,29,Y6039800,,,,0,30.0,0,0
75,8,4,10,30,Y6039801,,,,0,30.0,0,0
75,8,4,11,10,Y6039802,,,,0,30.0,0,0
75,8,4,11,11,Y6039803,,,,0,30.0,0,0
75,8,4,11,12,Y6039804,,,,0,30.0,0,0
75,8,4,11,13,Y6039805,,,,0,30.0,0,0
75,8,4,11,14,Y6039806,,,,0,30.0,0,0
75,8,4,11,15,Y6039807,,,,0,30.0,0,0
75,8,4,11,16,Y6039808,,,,0,30.0,0,0
75,8,4,11,17,Y6039809,,,,0,30.0,0,0
75,8,4,11,18,Y6039810,,,,3972,30.0,0,0
75,8,4,11,19,Y6039811,,,,3148,30.0,0,0
75,8,4,11,20,Y6039812,,,,3090,30.0,0,0
75,8,4,11,21,Y6039813,,,,0,30.0,0,0
75,8,4,11,22,Y6039814,,,,0,30.0,0,0
75,8,4,11,23,Y6039815,,,,0,30.0,0,0
75,8,4,11,24,Y6039816,,,,0,30.0,0,0
75,8,4,11,25,Y6039817,,,,0,30.0,0,0
75,8,4,11,26,Y6039818,,,,0,30.0,0,0
75,8,4,11,27,Y6039819,,,,0,30.0,0,0
75,8,4,11,28,Y6039820,,,,0,30.0,0,0
75,8,4,11,29,Y6039821,,,,0,30.0,0,0
75,8,4,11,30,Y6039822,,,,0,30.0,0,0
75,8,4,12,10,Y6039823,,,,3088,30.0,0,0
75,8,4,12,11,Y6039824,,,,3088,30.0,0,0
75,8,4,12,12,Y6039825,,,,3077,30.0,0,0
75,8,4,12,13,Y6039826,,,,3075,30.0,0,0
75,8,4,12,14,Y6039827,,,,3073,30.0,0,0
75,8,4,12,15,Y6039828,,,,3073,30.0,0,0
75,8,4,12,16,Y6039829,,,,3073,30.0,0,0
75,8,4,12,17,Y6039830,,,,3073,30.0,0,0
75,8,4,12,18,Y6039831,,,,4121,30.0,0,0
75,8,4,12,19,Y6039832,,,,3296,30.0,0,0
75,8,4,12,20,Y6039833,,,,3223,30.0,0,0
75,8,4,12,21,Y6039834,,,,0,30.0,0,0
75,8,4,12,22,Y6039835,,,,0,30.0,0,0
75,8,4,12,23,Y6039836,,,,0,30.0,0,0
75,8,4,12,24,Y6039837,,,,0,30.0,0,0
75,8,4,12,25,Y6039838,,,,0,30.0,0,0
75,8,4,12,26,Y6039839,,,,0,30.0,0,0
75,8,4,12,27,Y6039840,,,,0,30.0,0,0
75,8,4,12,28,Y6039841,,,,0,30.0,0,0
75,8,4,12,29,Y6039842,,,,0,30.0,0,0
75,8,4,12,30,Y6039843,,,,0,30.0,0,0
75,8,5,1,10,Y6039844,,,,0,30.0,0,0
75,8,5,1,11,Y6039845,,,,0,30.0,0,0
75,8,5,1,12,Y6039846,,,,0,30.0,0,0
75,8,5,1,13,Y6039847,,,,0,30.0,0,0
75,8,5,1,14,Y6039848,,,,0,30.0,0,0
75,8,5,1,15,Y6039849,,,,0,30.0,0,0
75,8,5,1,16,Y6039850,,,,0,30.0,0,0
75,8,5,1,17,Y6039851,,,,0,30.0,0,0
75,8,5,1,18,Y6039852,,,,0,30.0,0,0
75,8,5,1,19,Y6039853,,,,0,30.0,0,0
75,8,5,1,20,Y6039854,,,,0,30.0,0,0
75,8,5,1,21,Y6039855,,,,0,30.0,0,0
75,8,5,1,22,Y6039856,,,,0,30.0,0,0
75,8,5,1,23,Y6039857,,,,0,30.0,0,0
75,8,5,1,24,Y6039858,,,,0,30.0,0,0
75,8,5,1,25,Y6039859,,,,0,30.0,0,0
75,8,5,1,26,Y6039860,,,,0,30.0,0,0
75,8,5,1,27,Y6039861,,,,0,30.0,0,0
75,8,5,1,28,Y6039862,,,,0,30.0,0,0
75,8,5,1,29,Y6039863,,,,0,30.0,0,0
75,8,5,1,30,Y6039864,,,,0,30.0,0,0
75,8,5,2,10,Y6039865,,,,0,30.0,0,0
75,8,5,2,11,Y6039866,,,,0,30.0,0,0
75,8,5,2,12,Y6039867,,,,0,30.0,0,0
75,8,5,2,13,Y6039868,,,,0,30.0,0,0
75,8,5,2,14,Y6039869,,,,0,30.0,0,0
75,8,5,2,15,Y6039870,,,,0,30.0,0,0
75,8,5,2,16,Y6039871,,,,0,30.0,0,0
75,8,5,2,17,Y6039872,,,,0,30.0,0,0
75,8,5,2,18,Y6039873,,,,0,30.0,0,0
75,8,5,2,19,Y6039874,,,,0,30.0,0,0
75,8,5,2,20,Y6039875,,,,0,30.0,0,0
75,8,5,2,21,Y6039876,,,,0,30.0,0,0
75,8,5,2,22,Y6039877,,,,0,30.0,0,0
75,8,5,2,23,Y6039878,,,,0,30.0,0,0
75,8,5,2,24,Y6039879,,,,0,30.0,0,0
75,8,5,2,25,Y6039880,,,,0,30.0,0,0
75,8,5,2,26,Y6039881,,,,0,30.0,0,0
75,8,5,2,27,Y6039882,,,,0,30.0,0,0
75,8,5,2,28,Y6039883,,,,0,30.0,0,0
75,8,5,2,29,Y6039884,,,,0,30.0,0,0
75,8,5,2,30,Y6039885,,,,0,30.0,0,0
75,8,5,3,10,Y6039886,,,,0,30.0,0,0
75,8,5,3,11,Y6039887,,,,0,30.0,0,0
75,8,5,3,12,Y6039888,,,,0,30.0,0,0
75,8,5,3,13,Y6039889,,,,0,30.0,0,0
75,8,5,3,14,Y6039890,,,,0,30.0,0,0
75,8,5,3,15,Y6039891,,,,0,30.0,0,0
75,8,5,3,16,Y6039892,,,,0,30.0,0,0
75,8,5,3,17,Y6039893,,,,0,30.0,0,0
75,8,5,3,18,Y6039894,,,,0,30.0,0,0
75,8,5,3,19,Y6039895,,,,0,30.0,0,0
75,8,5,3,20,Y6039896,,,,0,30.0,0,0
75,8,5,3,21,Y6039897,,,,0,30.0,0,0
75,8,5,3,22,Y6039898,,,,0,30.0,0,0
75,8,5,3,23,Y6039899,,,,0,30.0,0,0
75,8,5,3,24,Y6039900,,,,0,30.0,0,0
75,8,5,3,25,Y6039901,,,,0,30.0,0,0
75,8,5,3,26,Y6039902,,,,0,30.0,0,0
75,8,5,3,27,Y6039903,,,,0,30.0,0,0
75,8,5,3,28,Y6039904,,,,0,30.0,0,0
75,8,5,3,29,Y6039905,,,,0,30.0,0,0
75,8,5,3,30,Y6039906,,,,0,30.0,0,0
75,8,5,4,10,Y6039907,,,,0,30.0,0,0
75,8,5,4,11,Y6039908,,,,0,30.0,0,0
75,8,5,4,12,Y6039909,,,,0,30.0,0,0
75,8,5,4,13,Y6039910,,,,0,30.0,0,0
75,8,5,4,14,Y6039911,,,,0,30.0,0,0
75,8,5,4,15,Y6039912,,,,0,30.0,0,0
75,8,5,4,16,Y6039913,,,,0,30.0,0,0
75,8,5,4,17,Y6039914,,,,0,30.0,0,0
75,8,5,4,18,Y6039915,,,,0,30.0,0,0
75,8,5,4,19,Y6039916,,,,0,30.0,0,0
75,8,5,4,20,Y6039917,,,,0,30.0,0,0
75,8,5,4,21,Y6039918,,,,0,30.0,0,0
75,8,5,4,22,Y6039919,,,,0,30.0,0,0
75,8,5,4,23,Y6039920,,,,0,30.0,0,0
75,8,5,4,24,Y6039921,,,,0,30.0,0,0
75,8,5,4,25,Y6039922,,,,0,30.0,0,0
75,8,5,4,26,Y6039923,,,,0,30.0,0,0
75,8,5,4,27,Y6039924,,,,0,30.0,0,0
75,8,5,4,28,Y6039925,,,,0,30.0,0,0
75,8,5,4,29,Y6039926,,,,0,30.0,0,0
75,8,5,4,30,Y6039927,,,,0,30.0,0,0
75,8,5,5,10,Y6039928,,,,0,30.0,0,0
75,8,5,5,11,Y6039929,,,,0,30.0,0,0
75,8,5,5,12,Y6039930,,,,0,30.0,0,0
75,8,5,5,13,Y6039931,,,,0,30.0,0,0
75,8,5,5,14,Y6039932,,,,0,30.0,0,0
75,8,5,5,15,Y6039933,,,,0,30.0,0,0
75,8,5,5,16,Y6039934,,,,0,30.0,0,0
75,8,5,5,17,Y6039935,,,,0,30.0,0,0
75,8,5,5,18,Y6039936,,,,0,30.0,0,0
75,8,5,5,19,Y6039937,,,,0,30.0,0,0
75,8,5,5,20,Y6039938,,,,0,30.0,0,0
75,8,5,5,21,Y6039939,,,,0,30.0,0,0
75,8,5,5,22,Y6039940,,,,0,30.0,0,0
75,8,5,5,23,Y6039941,,,,0,30.0,0,0
75,8,5,5,24,Y6039942,,,,0,30.0,0,0
75,8,5,5,25,Y6039943,,,,0,30.0,0,0
75,8,5,5,26,Y6039944,,,,0,30.0,0,0
75,8,5,5,27,Y6039945,,,,0,30.0,0,0
75,8,5,5,28,Y6039946,,,,0,30.0,0,0
75,8,5,5,29,Y6039947,,,,0,30.0,0,0
75,8,5,5,30,Y6039948,,,,0,30.0,0,0
75,8,5,6,10,Y6039949,,,,0,30.0,0,0
75,8,5,6,11,Y6039950,,,,0,30.0,0,0
75,8,5,6,12,Y6039951,,,,0,30.0,0,0
75,8,5,6,13,Y6039952,,,,0,30.0,0,0
75,8,5,6,14,Y6039953,,,,0,30.0,0,0
75,8,5,6,15,Y6039954,,,,0,30.0,0,0
75,8,5,6,16,Y6039955,,,,0,30.0,0,0
75,8,5,6,17,Y6039956,,,,0,30.0,0,0
75,8,5,6,18,Y6039957,,,,0,30.0,0,0
75,8,5,6,19,Y6039958,,,,0,30.0,0,0
75,8,5,6,20,Y6039959,,,,0,30.0,0,0
75,8,5,6,21,Y6039960,,,,0,30.0,0,0
75,8,5,6,22,Y6039961,,,,0,30.0,0,0
75,8,5,6,23,Y6039962,,,,0,30.0,0,0
75,8,5,6,24,Y6039963,,,,0,30.0,0,0
75,8,5,6,25,Y6039964,,,,0,30.0,0,0
75,8,5,6,26,Y6039965,,,,0,30.0,0,0
75,8,5,6,27,Y6039966,,,,0,30.0,0,0
75,8,5,6,28,Y6039967,,,,0,30.0,0,0
75,8,5,6,29,Y6039968,,,,0,30.0,0,0
75,8,5,6,30,Y6039969,,,,0,30.0,0,0
75,8,5,7,10,Y6039970,,,,0,30.0,0,0
75,8,5,7,11,Y6039971,,,,0,30.0,0,0
75,8,5,7,12,Y6039972,,,,0,30.0,0,0
75,8,5,7,13,Y6039973,,,,0,30.0,0,0
75,8,5,7,14,Y6039974,,,,0,30.0,0,0
75,8,5,7,15,Y6039975,,,,0,30.0,0,0
75,8,5,7,16,Y6039976,,,,0,30.0,0,0
75,8,5,7,17,Y6039977,,,,0,30.0,0,0
75,8,5,7,18,Y6039978,,,,0,30.0,0,0
75,8,5,7,19,Y6039979,,,,0,30.0,0,0
75,8,5,7,20,Y6039980,,,,0,30.0,0,0
75,8,5,7,21,Y6039981,,,,0,30.0,0,0
75,8,5,7,22,Y6039982,,,,0,30.0,0,0
75,8,5,7,23,Y6039983,,,,0,30.0,0,0
75,8,5,7,24,Y6039984,,,,0,30.0,0,0
75,8,5,7,25,Y6039985,,,,0,30.0,0,0
75,8,5,7,26,Y6039986,,,,0,30.0,0,0
75,8,5,7,27,Y6039987,,,,0,30.0,0,0
75,8,5,7,28,Y6039988,,,,0,30.0,0,0
75,8,5,7,29,Y6039989,,,,0,30.0,0,0
75,8,5,7,30,Y6039990,,,,0,30.0,0,0
75,8,5,8,10,Y6039991,,,,0,30.0,0,0
75,8,5,8,11,Y6039992,,,,0,30.0,0,0
75,8,5,8,12,Y6039993,,,,0,30.0,0,0
75,8,5,8,13,Y6039994,,,,0,30.0,0,0
75,8,5,8,14,Y6039995,,,,0,30.0,0,0
75,8,5,8,15,Y6039996,,,,0,30.0,0,0
75,8,5,8,16,Y6039997,,,,0,30.0,0,0
75,8,5,8,17,Y6039998,,,,0,30.0,0,0
75,8,5,8,18,Y6039999,,,,0,30.0,0,0
75,8,5,8,19,Y6040000,,,,0,30.0,0,0
75,8,5,8,20,Y6040001,,,,0,30.0,0,0
75,8,5,8,21,Y6040002,,,,0,30.0,0,0
75,8,5,8,22,Y6040003,,,,0,30.0,0,0
75,8,5,8,23,Y6040004,,,,0,30.0,0,0
75,8,5,8,24,Y6040005,,,,0,30.0,0,0
75,8,5,8,25,Y6040006,,,,0,30.0,0,0
75,8,5,8,26,Y6040007,,,,0,30.0,0,0
75,8,5,8,27,Y6040008,,,,0,30.0,0,0
75,8,5,8,28,Y6040009,,,,0,30.0,0,0
75,8,5,8,29,Y6040010,,,,0,30.0,0,0
75,8,5,8,30,Y6040011,,,,0,30.0,0,0
75,8,5,9,10,Y6040012,,,,0,30.0,0,0
75,8,5,9,11,Y6040013,,,,0,30.0,0,0
75,8,5,9,12,Y6040014,,,,0,30.0,0,0
75,8,5,9,13,Y6040015,,,,0,30.0,0,0
75,8,5,9,14,Y6040016,,,,0,30.0,0,0
75,8,5,9,15,Y6040017,,,,0,30.0,0,0
75,8,5,9,16,Y6040018,,,,0,30.0,0,0
75,8,5,9,17,Y6040019,,,,0,30.0,0,0
75,8,5,9,18,Y6040020,,,,0,30.0,0,0
75,8,5,9,19,Y6040021,,,,0,30.0,0,0
75,8,5,9,20,Y6040022,,,,0,30.0,0,0
75,8,5,9,21,Y6040023,,,,0,30.0,0,0
75,8,5,9,22,Y6040024,,,,0,30.0,0,0
75,8,5,9,23,Y6040025,,,,0,30.0,0,0
75,8,5,9,24,Y6040026,,,,0,30.0,0,0
75,8,5,9,25,Y6040027,,,,0,30.0,0,0
75,8,5,9,26,Y6040028,,,,0,30.0,0,0
75,8,5,9,27,Y6040029,,,,0,30.0,0,0
75,8,5,9,28,Y6040030,,,,0,30.0,0,0
75,8,5,9,29,Y6040031,,,,0,30.0,0,0
75,8,5,9,30,Y6040032,,,,0,30.0,0,0
75,8,5,10,10,Y6040033,,,,0,30.0,0,0
75,8,5,10,11,Y6040034,,,,0,30.0,0,0
75,8,5,10,12,Y6040035,,,,0,30.0,0,0
75,8,5,10,13,Y6040036,,,,0,30.0,0,0
75,8,5,10,14,Y6040037,,,,0,30.0,0,0
75,8,5,10,15,Y6040038,,,,0,30.0,0,0
75,8,5,10,16,Y6040039,,,,0,30.0,0,0
75,8,5,10,17,Y6040040,,,,0,30.0,0,0
75,8,5,10,18,Y6040041,,,,3137,30.0,0,0
75,8,5,10,19,Y6040042,,,,0,30.0,0,0
75,8,5,10,20,Y6040043,,,,0,30.0,0,0
75,8,5,10,21,Y6040044,,,,0,30.0,0,0
75,8,5,10,22,Y6040045,,,,0,30.0,0,0
75,8,5,10,23,Y6040046,,,,0,30.0,0,0
75,8,5,10,24,Y6040047,,,,0,30.0,0,0
75,8,5,10,25,Y6040048,,,,0,30.0,0,0
75,8,5,10,26,Y6040049,,,,0,30.0,0,0
75,8,5,10,27,Y6040050,,,,0,30.0,0,0
75,8,5,10,28,Y6040051,,,,0,30.0,0,0
75,8,5,10,29,Y6040052,,,,0,30.0,0,0
75,8,5,10,30,Y6040053,,,,0,30.0,0,0
75,8,5,11,10,Y6040054,,,,0,30.0,0,0
75,8,5,11,11,Y6040055,,,,0,30.0,0,0
75,8,5,11,12,Y6040056,,,,0,30.0,0,0
75,8,5,11,13,Y6040057,,,,0,30.0,0,0
75,8,5,11,14,Y6040058,,,,0,30.0,0,0
75,8,5,11,15,Y6040059,,,,0,30.0,0,0
75,8,5,11,16,Y6040060,,,,0,30.0,0,0
75,8,5,11,17,Y6040061,,,,0,30.0,0,0
75,8,5,11,18,Y6040062,,,,3796,30.0,0,0
75,8,5,11,19,Y6040063,,,,0,30.0,0,0
75,8,5,11,20,Y6040064,,,,0,30.0,0,0
75,8,5,11,21,Y6040065,,,,0,30.0,0,0
75,8,5,11,22,Y6040066,,,,0,30.0,0,0
75,8,5,11,23,Y6040067,,,,0,30.0,0,0
75,8,5,11,24,Y6040068,,,,0,30.0,0,0
75,8,5,11,25,Y6040069,,,,0,30.0,0,0
75,8,5,11,26,Y6040070,,,,0,30.0,0,0
75,8,5,11,27,Y6040071,,,,0,30.0,0,0
75,8,5,11,28,Y6040072,,,,0,30.0,0,0
75,8,5,11,29,Y6040073,,,,0,30.0,0,0
75,8,5,11,30,Y6040074,,,,0,30.0,0,0
75,8,5,12,10,Y6040075,,,,3037,30.0,0,0
75,8,5,12,11,Y6040076,,,,3037,30.0,0,0
75,8,5,12,12,Y6040077,,,,3025,30.0,0,0
75,8,5,12,13,Y6040078,,,,3023,30.0,0,0
75,8,5,12,14,Y6040079,,,,3021,30.0,0,0
75,8,5,12,15,Y6040080,,,,3021,30.0,0,0
75,8,5,12,16,Y6040081,,,,3021,30.0,0,0
75,8,5,12,17,Y6040082,,,,3021,30.0,0,0
75,8,5,12,18,Y6040083,,,,3947,30.0,0,0
75,8,5,12,19,Y6040084,,,,3086,30.0,0,0
75,8,5,12,20,Y6040085,,,,3012,30.0,0,0
75,8,5,12,21,Y6040086,,,,0,30.0,0,0
75,8,5,12,22,Y6040087,,,,0,30.0,0,0
75,8,5,12,23,Y6040088,,,,0,30.0,0,0
75,8,5,12,24,Y6040089,,,,0,30.0,0,0
75,8,5,12,25,Y6040090,,,,0,30.0,0,0
75,8,5,12,26,Y6040091,,,,0,30.0,0,0
75,8,5,12,27,Y6040092,,,,0,30.0,0,0
75,8,5,12,28,Y6040093,,,,0,30.0,0,0
75,8,5,12,29,Y6040094,,,,0,30.0,0,0
75,8,5,12,30,Y6040095,,,,0,30.0,0,0
75,8,6,1,10,Y6040096,,,,0,30.0,0,0
75,8,6,1,11,Y6040097,,,,0,30.0,0,0
75,8,6,1,12,Y6040098,,,,0,30.0,0,0
75,8,6,1,13,Y6040099,,,,0,30.0,0,0
75,8,6,1,14,Y6040100,,,,0,30.0,0,0
75,8,6,1,15,Y6040101,,,,0,30.0,0,0
75,8,6,1,16,Y6040102,,,,0,30.0,0,0
75,8,6,1,17,Y6040103,,,,0,30.0,0,0
75,8,6,1,18,Y6040104,,,,0,30.0,0,0
75,8,6,1,19,Y6040105,,,,0,30.0,0,0
75,8,6,1,20,Y6040106,,,,0,30.0,0,0
75,8,6,1,21,Y6040107,,,,0,30.0,0,0
75,8,6,1,22,Y6040108,,,,0,30.0,0,0
75,8,6,1,23,Y6040109,,,,0,30.0,0,0
75,8,6,1,24,Y6040110,,,,0,30.0,0,0
75,8,6,1,25,Y6040111,,,,0,30.0,0,0
75,8,6,1,26,Y6040112,,,,0,30.0,0,0
75,8,6,1,27,Y6040113,,,,0,30.0,0,0
75,8,6,1,28,Y6040114,,,,0,30.0,0,0
75,8,6,1,29,Y6040115,,,,0,30.0,0,0
75,8,6,1,30,Y6040116,,,,0,30.0,0,0
75,8,6,2,10,Y6040117,,,,0,30.0,0,0
75,8,6,2,11,Y6040118,,,,0,30.0,0,0
75,8,6,2,12,Y6040119,,,,0,30.0,0,0
75,8,6,2,13,Y6040120,,,,0,30.0,0,0
75,8,6,2,14,Y6040121,,,,0,30.0,0,0
75,8,6,2,15,Y6040122,,,,0,30.0,0,0
75,8,6,2,16,Y6040123,,,,0,30.0,0,0
75,8,6,2,17,Y6040124,,,,0,30.0,0,0
75,8,6,2,18,Y6040125,,,,0,30.0,0,0
75,8,6,2,19,Y6040126,,,,0,30.0,0,0
75,8,6,2,20,Y6040127,,,,0,30.0,0,0
75,8,6,2,21,Y6040128,,,,0,30.0,0,0
75,8,6,2,22,Y6040129,,,,0,30.0,0,0
75,8,6,2,23,Y6040130,,,,0,30.0,0,0
75,8,6,2,24,Y6040131,,,,0,30.0,0,0
75,8,6,2,25,Y6040132,,,,0,30.0,0,0
75,8,6,2,26,Y6040133,,,,0,30.0,0,0
75,8,6,2,27,Y6040134,,,,0,30.0,0,0
75,8,6,2,28,Y6040135,,,,0,30.0,0,0
75,8,6,2,29,Y6040136,,,,0,30.0,0,0
75,8,6,2,30,Y6040137,,,,0,30.0,0,0
75,8,6,3,10,Y6040138,,,,0,30.0,0,0
75,8,6,3,11,Y6040139,,,,0,30.0,0,0
75,8,6,3,12,Y6040140,,,,0,30.0,0,0
75,8,6,3,13,Y6040141,,,,0,30.0,0,0
75,8,6,3,14,Y6040142,,,,0,30.0,0,0
75,8,6,3,15,Y6040143,,,,0,30.0,0,0
75,8,6,3,16,Y6040144,,,,0,30.0,0,0
75,8,6,3,17,Y6040145,,,,0,30.0,0,0
75,8,6,3,18,Y6040146,,,,0,30.0,0,0
75,8,6,3,19,Y6040147,,,,0,30.0,0,0
75,8,6,3,20,Y6040148,,,,0,30.0,0,0
75,8,6,3,21,Y6040149,,,,0,30.0,0,0
75,8,6,3,22,Y6040150,,,,0,30.0,0,0
75,8,6,3,23,Y6040151,,,,0,30.0,0,0
75,8,6,3,24,Y6040152,,,,0,30.0,0,0
75,8,6,3,25,Y6040153,,,,0,30.0,0,0
75,8,6,3,26,Y6040154,,,,0,30.0,0,0
75,8,6,3,27,Y6040155,,,,0,30.0,0,0
75,8,6,3,28,Y6040156,,,,0,30.0,0,0
75,8,6,3,29,Y6040157,,,,0,30.0,0,0
75,8,6,3,30,Y6040158,,,,0,30.0,0,0
75,8,6,4,10,Y6040159,,,,0,30.0,0,0
75,8,6,4,11,Y6040160,,,,0,30.0,0,0
75,8,6,4,12,Y6040161,,,,0,30.0,0,0
75,8,6,4,13,Y6040162,,,,0,30.0,0,0
75,8,6,4,14,Y6040163,,,,0,30.0,0,0
75,8,6,4,15,Y6040164,,,,0,30.0,0,0
75,8,6,4,16,Y6040165,,,,0,30.0,0,0
75,8,6,4,17,Y6040166,,,,0,30.0,0,0
75,8,6,4,18,Y6040167,,,,0,30.0,0,0
75,8,6,4,19,Y6040168,,,,0,30.0,0,0
75,8,6,4,20,Y6040169,,,,0,30.0,0,0
75,8,6,4,21,Y6040170,,,,0,30.0,0,0
75,8,6,4,22,Y6040171,,,,0,30.0,0,0
75,8,6,4,23,Y6040172,,,,0,30.0,0,0
75,8,6,4,24,Y6040173,,,,0,30.0,0,0
75,8,6,4,25,Y6040174,,,,0,30.0,0,0
75,8,6,4,26,Y6040175,,,,0,30.0,0,0
75,8,6,4,27,Y6040176,,,,0,30.0,0,0
75,8,6,4,28,Y6040177,,,,0,30.0,0,0
75,8,6,4,29,Y6040178,,,,0,30.0,0,0
75,8,6,4,30,Y6040179,,,,0,30.0,0,0
75,8,6,5,10,Y6040180,,,,0,30.0,0,0
75,8,6,5,11,Y6040181,,,,0,30.0,0,0
75,8,6,5,12,Y6040182,,,,0,30.0,0,0
75,8,6,5,13,Y6040183,,,,0,30.0,0,0
75,8,6,5,14,Y6040184,,,,0,30.0,0,0
75,8,6,5,15,Y6040185,,,,0,30.0,0,0
75,8,6,5,16,Y6040186,,,,0,30.0,0,0
75,8,6,5,17,Y6040187,,,,0,30.0,0,0
75,8,6,5,18,Y6040188,,,,0,30.0,0,0
75,8,6,5,19,Y6040189,,,,0,30.0,0,0
75,8,6,5,20,Y6040190,,,,0,30.0,0,0
75,8,6,5,21,Y6040191,,,,0,30.0,0,0
75,8,6,5,22,Y6040192,,,,0,30.0,0,0
75,8,6,5,23,Y6040193,,,,0,30.0,0,0
75,8,6,5,24,Y6040194,,,,0,30.0,0,0
75,8,6,5,25,Y6040195,,,,0,30.0,0,0
75,8,6,5,26,Y6040196,,,,0,30.0,0,0
75,8,6,5,27,Y6040197,,,,0,30.0,0,0
75,8,6,5,28,Y6040198,,,,0,30.0,0,0
75,8,6,5,29,Y6040199,,,,0,30.0,0,0
75,8,6,5,30,Y6040200,,,,0,30.0,0,0
75,8,6,6,10,Y6040201,,,,0,30.0,0,0
75,8,6,6,11,Y6040202,,,,0,30.0,0,0
75,8,6,6,12,Y6040203,,,,0,30.0,0,0
75,8,6,6,13,Y6040204,,,,0,30.0,0,0
75,8,6,6,14,Y6040205,,,,0,30.0,0,0
75,8,6,6,15,Y6040206,,,,0,30.0,0,0
75,8,6,6,16,Y6040207,,,,0,30.0,0,0
75,8,6,6,17,Y6040208,,,,0,30.0,0,0
75,8,6,6,18,Y6040209,,,,0,30.0,0,0
75,8,6,6,19,Y6040210,,,,0,30.0,0,0
75,8,6,6,20,Y6040211,,,,0,30.0,0,0
75,8,6,6,21,Y6040212,,,,0,30.0,0,0
75,8,6,6,22,Y6040213,,,,0,30.0,0,0
75,8,6,6,23,Y6040214,,,,0,30.0,0,0
75,8,6,6,24,Y6040215,,,,0,30.0,0,0
75,8,6,6,25,Y6040216,,,,0,30.0,0,0
75,8,6,6,26,Y6040217,,,,0,30.0,0,0
75,8,6,6,27,Y6040218,,,,0,30.0,0,0
75,8,6,6,28,Y6040219,,,,0,30.0,0,0
75,8,6,6,29,Y6040220,,,,0,30.0,0,0
75,8,6,6,30,Y6040221,,,,0,30.0,0,0
75,8,6,7,10,Y6040222,,,,0,30.0,0,0
75,8,6,7,11,Y6040223,,,,0,30.0,0,0
75,8,6,7,12,Y6040224,,,,0,30.0,0,0
75,8,6,7,13,Y6040225,,,,0,30.0,0,0
75,8,6,7,14,Y6040226,,,,0,30.0,0,0
75,8,6,7,15,Y6040227,,,,0,30.0,0,0
75,8,6,7,16,Y6040228,,,,0,30.0,0,0
75,8,6,7,17,Y6040229,,,,0,30.0,0,0
75,8,6,7,18,Y6040230,,,,0,30.0,0,0
75,8,6,7,19,Y6040231,,,,0,30.0,0,0
75,8,6,7,20,Y6040232,,,,0,30.0,0,0
75,8,6,7,21,Y6040233,,,,0,30.0,0,0
75,8,6,7,22,Y6040234,,,,0,30.0,0,0
75,8,6,7,23,Y6040235,,,,0,30.0,0,0
75,8,6,7,24,Y6040236,,,,0,30.0,0,0
75,8,6,7,25,Y6040237,,,,0,30.0,0,0
75,8,6,7,26,Y6040238,,,,0,30.0,0,0
75,8,6,7,27,Y6040239,,,,0,30.0,0,0
75,8,6,7,28,Y6040240,,,,0,30.0,0,0
75,8,6,7,29,Y6040241,,,,0,30.0,0,0
75,8,6,7,30,Y6040242,,,,0,30.0,0,0
75,8,6,8,10,Y6040243,,,,0,30.0,0,0
75,8,6,8,11,Y6040244,,,,0,30.0,0,0
75,8,6,8,12,Y6040245,,,,0,30.0,0,0
75,8,6,8,13,Y6040246,,,,0,30.0,0,0
75,8,6,8,14,Y6040247,,,,0,30.0,0,0
75,8,6,8,15,Y6040248,,,,0,30.0,0,0
75,8,6,8,16,Y6040249,,,,0,30.0,0,0
75,8,6,8,17,Y6040250,,,,0,30.0,0,0
75,8,6,8,18,Y6040251,,,,0,30.0,0,0
75,8,6,8,19,Y6040252,,,,0,30.0,0,0
75,8,6,8,20,Y6040253,,,,0,30.0,0,0
75,8,6,8,21,Y6040254,,,,0,30.0,0,0
75,8,6,8,22,Y6040255,,,,0,30.0,0,0
75,8,6,8,23,Y6040256,,,,0,30.0,0,0
75,8,6,8,24,Y6040257,,,,0,30.0,0,0
75,8,6,8,25,Y6040258,,,,0,30.0,0,0
75,8,6,8,26,Y6040259,,,,0,30.0,0,0
75,8,6,8,27,Y6040260,,,,0,30.0,0,0
75,8,6,8,28,Y6040261,,,,0,30.0,0,0
75,8,6,8,29,Y6040262,,,,0,30.0,0,0
75,8,6,8,30,Y6040263,,,,0,30.0,0,0
75,8,6,9,10,Y6040264,,,,0,30.0,0,0
75,8,6,9,11,Y6040265,,,,0,30.0,0,0
75,8,6,9,12,Y6040266,,,,0,30.0,0,0
75,8,6,9,13,Y6040267,,,,0,30.0,0,0
75,8,6,9,14,Y6040268,,,,0,30.0,0,0
75,8,6,9,15,Y6040269,,,,0,30.0,0,0
75,8,6,9,16,Y6040270,,,,0,30.0,0,0
75,8,6,9,17,Y6040271,,,,0,30.0,0,0
75,8,6,9,18,Y6040272,,,,0,30.0,0,0
75,8,6,9,19,Y6040273,,,,0,30.0,0,0
75,8,6,9,20,Y6040274,,,,0,30.0,0,0
75,8,6,9,21,Y6040275,,,,0,30.0,0,0
75,8,6,9,22,Y6040276,,,,0,30.0,0,0
75,8,6,9,23,Y6040277,,,,0,30.0,0,0
75,8,6,9,24,Y6040278,,,,0,30.0,0,0
75,8,6,9,25,Y6040279,,,,0,30.0,0,0
75,8,6,9,26,Y6040280,,,,0,30.0,0,0
75,8,6,9,27,Y6040281,,,,0,30.0,0,0
75,8,6,9,28,Y6040282,,,,0,30.0,0,0
75,8,6,9,29,Y6040283,,,,0,30.0,0,0
75,8,6,9,30,Y6040284,,,,0,30.0,0,0
75,8,6,10,10,Y6040285,,,,0,30.0,0,0
75,8,6,10,11,Y6040286,,,,0,30.0,0,0
75,8,6,10,12,Y6040287,,,,0,30.0,0,0
75,8,6,10,13,Y6040288,,,,0,30.0,0,0
75,8,6,10,14,Y6040289,,,,0,30.0,0,0
75,8,6,10,15,Y6040290,,,,0,30.0,0,0
75,8,6,10,16,Y6040291,,,,0,30.0,0,0
75,8,6,10,17,Y6040292,,,,0,30.0,0,0
75,8,6,10,18,Y6040293,,,,3023,30.0,0,0
75,8,6,10,19,Y6040294,,,,0,30.0,0,0
75,8,6,10,20,Y6040295,,,,0,30.0,0,0
75,8,6,10,21,Y6040296,,,,0,30.0,0,0
75,8,6,10,22,Y6040297,,,,0,30.0,0,0
75,8,6,10,23,Y6040298,,,,0,30.0,0,0
75,8,6,10,24,Y6040299,,,,0,30.0,0,0
75,8,6,10,25,Y6040300,,,,0,30.0,0,0
75,8,6,10,26,Y6040301,,,,0,30.0,0,0
75,8,6,10,27,Y6040302,,,,0,30.0,0,0
75,8,6,10,28,Y6040303,,,,0,30.0,0,0
75,8,6,10,29,Y6040304,,,,0,30.0,0,0
75,8,6,10,30,Y6040305,,,,0,30.0,0,0
75,8,6,11,10,Y6040306,,,,0,30.0,0,0
75,8,6,11,11,Y6040307,,,,0,30.0,0,0
75,8,6,11,12,Y6040308,,,,0,30.0,0,0
75,8,6,11,13,Y6040309,,,,0,30.0,0,0
75,8,6,11,14,Y6040310,,,,0,30.0,0,0
75,8,6,11,15,Y6040311,,,,0,30.0,0,0
75,8,6,11,16,Y6040312,,,,0,30.0,0,0
75,8,6,11,17,Y6040313,,,,0,30.0,0,0
75,8,6,11,18,Y6040314,,,,3684,30.0,0,0
75,8,6,11,19,Y6040315,,,,0,30.0,0,0
75,8,6,11,20,Y6040316,,,,0,30.0,0,0
75,8,6,11,21,Y6040317,,,,0,30.0,0,0
75,8,6,11,22,Y6040318,,,,0,30.0,0,0
75,8,6,11,23,Y6040319,,,,0,30.0,0,0
75,8,6,11,24,Y6040320,,,,0,30.0,0,0
75,8,6,11,25,Y6040321,,,,0,30.0,0,0
75,8,6,11,26,Y6040322,,,,0,30.0,0,0
75,8,6,11,27,Y6040323,,,,0,30.0,0,0
75,8,6,11,28,Y6040324,,,,0,30.0,0,0
75,8,6,11,29,Y6040325,,,,0,30.0,0,0
75,8,6,11,30,Y6040326,,,,0,30.0,0,0
75,8,6,12,10,Y6040327,,,,3053,30.0,0,0
75,8,6,12,11,Y6040328,,,,3053,30.0,0,0
75,8,6,12,12,Y6040329,,,,3041,30.0,0,0
75,8,6,12,13,Y6040330,,,,3039,30.0,0,0
75,8,6,12,14,Y6040331,,,,3037,30.0,0,0
75,8,6,12,15,Y6040332,,,,3037,30.0,0,0
75,8,6,12,16,Y6040333,,,,3037,30.0,0,0
75,8,6,12,17,Y6040334,,,,3037,30.0,0,0
75,8,6,12,18,Y6040335,,,,3835,30.0,0,0
75,8,6,12,19,Y6040336,,,,0,30.0,0,0
75,8,6,12,20,Y6040337,,,,0,30.0,0,0
75,8,6,12,21,Y6040338,,,,0,30.0,0,0
75,8,6,12,22,Y6040339,,,,0,30.0,0,0
75,8,6,12,23,Y6040340,,,,0,30.0,0,0
75,8,6,12,24,Y6040341,,,,0,30.0,0,0
75,8,6,12,25,Y6040342,,,,0,30.0,0,0
75,8,6,12,26,Y6040343,,,,0,30.0,0,0
75,8,6,12,27,Y6040344,,,,0,30.0,0,0
75,8,6,12,28,Y6040345,,,,0,30.0,0,0
75,8,6,12,29,Y6040346,,,,0,30.0,0,0
75,8,6,12,30,Y6040347,,,,0,30.0,0,0
75,8,7,1,10,Y6040348,,,,0,30.0,0,0
75,8,7,1,11,Y6040349,,,,0,30.0,0,0
75,8,7,1,12,Y6040350,,,,0,30.0,0,0
75,8,7,1,13,Y6040351,,,,0,30.0,0,0
75,8,7,1,14,Y6040352,,,,0,30.0,0,0
75,8,7,1,15,Y6040353,,,,0,30.0,0,0
75,8,7,1,16,Y6040354,,,,0,30.0,0,0
75,8,7,1,17,Y6040355,,,,0,30.0,0,0
75,8,7,1,18,Y6040356,,,,0,30.0,0,0
75,8,7,1,19,Y6040357,,,,0,30.0,0,0
75,8,7,1,20,Y6040358,,,,0,30.0,0,0
75,8,7,1,21,Y6040359,,,,0,30.0,0,0
75,8,7,1,22,Y6040360,,,,0,30.0,0,0
75,8,7,1,23,Y6040361,,,,0,30.0,0,0
75,8,7,1,24,Y6040362,,,,0,30.0,0,0
75,8,7,1,25,Y6040363,,,,0,30.0,0,0
75,8,7,1,26,Y6040364,,,,0,30.0,0,0
75,8,7,1,27,Y6040365,,,,0,30.0,0,0
75,8,7,1,28,Y6040366,,,,0,30.0,0,0
75,8,7,1,29,Y6040367,,,,0,30.0,0,0
75,8,7,1,30,Y6040368,,,,0,30.0,0,0
75,8,7,2,10,Y6040369,,,,0,30.0,0,0
75,8,7,2,11,Y6040370,,,,0,30.0,0,0
75,8,7,2,12,Y6040371,,,,0,30.0,0,0
75,8,7,2,13,Y6040372,,,,0,30.0,0,0
75,8,7,2,14,Y6040373,,,,0,30.0,0,0
75,8,7,2,15,Y6040374,,,,0,30.0,0,0
75,8,7,2,16,Y6040375,,,,0,30.0,0,0
75,8,7,2,17,Y6040376,,,,0,30.0,0,0
75,8,7,2,18,Y6040377,,,,0,30.0,0,0
75,8,7,2,19,Y6040378,,,,0,30.0,0,0
75,8,7,2,20,Y6040379,,,,0,30.0,0,0
75,8,7,2,21,Y6040380,,,,0,30.0,0,0
75,8,7,2,22,Y6040381,,,,0,30.0,0,0
75,8,7,2,23,Y6040382,,,,0,30.0,0,0
75,8,7,2,24,Y6040383,,,,0,30.0,0,0
75,8,7,2,25,Y6040384,,,,0,30.0,0,0
75,8,7,2,26,Y6040385,,,,0,30.0,0,0
75,8,7,2,27,Y6040386,,,,0,30.0,0,0
75,8,7,2,28,Y6040387,,,,0,30.0,0,0
75,8,7,2,29,Y6040388,,,,0,30.0,0,0
75,8,7,2,30,Y6040389,,,,0,30.0,0,0
75,8,7,3,10,Y6040390,,,,0,30.0,0,0
75,8,7,3,11,Y6040391,,,,0,30.0,0,0
75,8,7,3,12,Y6040392,,,,0,30.0,0,0
75,8,7,3,13,Y6040393,,,,0,30.0,0,0
75,8,7,3,14,Y6040394,,,,0,30.0,0,0
75,8,7,3,15,Y6040395,,,,0,30.0,0,0
75,8,7,3,16,Y6040396,,,,0,30.0,0,0
75,8,7,3,17,Y6040397,,,,0,30.0,0,0
75,8,7,3,18,Y6040398,,,,0,30.0,0,0
75,8,7,3,19,Y6040399,,,,0,30.0,0,0
75,8,7,3,20,Y6040400,,,,0,30.0,0,0
75,8,7,3,21,Y6040401,,,,0,30.0,0,0
75,8,7,3,22,Y6040402,,,,0,30.0,0,0
75,8,7,3,23,Y6040403,,,,0,30.0,0,0
75,8,7,3,24,Y6040404,,,,0,30.0,0,0
75,8,7,3,25,Y6040405,,,,0,30.0,0,0
75,8,7,3,26,Y6040406,,,,0,30.0,0,0
75,8,7,3,27,Y6040407,,,,0,30.0,0,0
75,8,7,3,28,Y6040408,,,,0,30.0,0,0
75,8,7,3,29,Y6040409,,,,0,30.0,0,0
75,8,7,3,30,Y6040410,,,,0,30.0,0,0
75,8,7,4,10,Y6040411,,,,0,30.0,0,0
75,8,7,4,11,Y6040412,,,,0,30.0,0,0
75,8,7,4,12,Y6040413,,,,0,30.0,0,0
75,8,7,4,13,Y6040414,,,,0,30.0,0,0
75,8,7,4,14,Y6040415,,,,0,30.0,0,0
75,8,7,4,15,Y6040416,,,,0,30.0,0,0
75,8,7,4,16,Y6040417,,,,0,30.0,0,0
75,8,7,4,17,Y6040418,,,,0,30.0,0,0
75,8,7,4,18,Y6040419,,,,0,30.0,0,0
75,8,7,4,19,Y6040420,,,,0,30.0,0,0
75,8,7,4,20,Y6040421,,,,0,30.0,0,0
75,8,7,4,21,Y6040422,,,,0,30.0,0,0
75,8,7,4,22,Y6040423,,,,0,30.0,0,0
75,8,7,4,23,Y6040424,,,,0,30.0,0,0
75,8,7,4,24,Y6040425,,,,0,30.0,0,0
75,8,7,4,25,Y6040426,,,,0,30.0,0,0
75,8,7,4,26,Y6040427,,,,0,30.0,0,0
75,8,7,4,27,Y6040428,,,,0,30.0,0,0
75,8,7,4,28,Y6040429,,,,0,30.0,0,0
75,8,7,4,29,Y6040430,,,,0,30.0,0,0
75,8,7,4,30,Y6040431,,,,0,30.0,0,0
75,8,7,5,10,Y6040432,,,,0,30.0,0,0
75,8,7,5,11,Y6040433,,,,0,30.0,0,0
75,8,7,5,12,Y6040434,,,,0,30.0,0,0
75,8,7,5,13,Y6040435,,,,0,30.0,0,0
75,8,7,5,14,Y6040436,,,,0,30.0,0,0
75,8,7,5,15,Y6040437,,,,0,30.0,0,0
75,8,7,5,16,Y6040438,,,,0,30.0,0,0
75,8,7,5,17,Y6040439,,,,0,30.0,0,0
75,8,7,5,18,Y6040440,,,,0,30.0,0,0
75,8,7,5,19,Y6040441,,,,0,30.0,0,0
75,8,7,5,20,Y6040442,,,,0,30.0,0,0
75,8,7,5,21,Y6040443,,,,0,30.0,0,0
75,8,7,5,22,Y6040444,,,,0,30.0,0,0
75,8,7,5,23,Y6040445,,,,0,30.0,0,0
75,8,7,5,24,Y6040446,,,,0,30.0,0,0
75,8,7,5,25,Y6040447,,,,0,30.0,0,0
75,8,7,5,26,Y6040448,,,,0,30.0,0,0
75,8,7,5,27,Y6040449,,,,0,30.0,0,0
75,8,7,5,28,Y6040450,,,,0,30.0,0,0
75,8,7,5,29,Y6040451,,,,0,30.0,0,0
75,8,7,5,30,Y6040452,,,,0,30.0,0,0
75,8,7,6,10,Y6040453,,,,0,30.0,0,0
75,8,7,6,11,Y6040454,,,,0,30.0,0,0
75,8,7,6,12,Y6040455,,,,0,30.0,0,0
75,8,7,6,13,Y6040456,,,,0,30.0,0,0
75,8,7,6,14,Y6040457,,,,0,30.0,0,0
75,8,7,6,15,Y6040458,,,,0,30.0,0,0
75,8,7,6,16,Y6040459,,,,0,30.0,0,0
75,8,7,6,17,Y6040460,,,,0,30.0,0,0
75,8,7,6,18,Y6040461,,,,0,30.0,0,0
75,8,7,6,19,Y6040462,,,,0,30.0,0,0
75,8,7,6,20,Y6040463,,,,0,30.0,0,0
75,8,7,6,21,Y6040464,,,,0,30.0,0,0
75,8,7,6,22,Y6040465,,,,0,30.0,0,0
75,8,7,6,23,Y6040466,,,,0,30.0,0,0
75,8,7,6,24,Y6040467,,,,0,30.0,0,0
75,8,7,6,25,Y6040468,,,,0,30.0,0,0
75,8,7,6,26,Y6040469,,,,0,30.0,0,0
75,8,7,6,27,Y6040470,,,,0,30.0,0,0
75,8,7,6,28,Y6040471,,,,0,30.0,0,0
75,8,7,6,29,Y6040472,,,,0,30.0,0,0
75,8,7,6,30,Y6040473,,,,0,30.0,0,0
75,8,7,7,10,Y6040474,,,,0,30.0,0,0
75,8,7,7,11,Y6040475,,,,0,30.0,0,0
75,8,7,7,12,Y6040476,,,,0,30.0,0,0
75,8,7,7,13,Y6040477,,,,0,30.0,0,0
75,8,7,7,14,Y6040478,,,,0,30.0,0,0
75,8,7,7,15,Y6040479,,,,0,30.0,0,0
75,8,7,7,16,Y6040480,,,,0,30.0,0,0
75,8,7,7,17,Y6040481,,,,0,30.0,0,0
75,8,7,7,18,Y6040482,,,,0,30.0,0,0
75,8,7,7,19,Y6040483,,,,0,30.0,0,0
75,8,7,7,20,Y6040484,,,,0,30.0,0,0
75,8,7,7,21,Y6040485,,,,0,30.0,0,0
75,8,7,7,22,Y6040486,,,,0,30.0,0,0
75,8,7,7,23,Y6040487,,,,0,30.0,0,0
75,8,7,7,24,Y6040488,,,,0,30.0,0,0
75,8,7,7,25,Y6040489,,,,0,30.0,0,0
75,8,7,7,26,Y6040490,,,,0,30.0,0,0
75,8,7,7,27,Y6040491,,,,0,30.0,0,0
75,8,7,7,28,Y6040492,,,,0,30.0,0,0
75,8,7,7,29,Y6040493,,,,0,30.0,0,0
75,8,7,7,30,Y6040494,,,,0,30.0,0,0
75,8,7,8,10,Y6040495,,,,0,30.0,0,0
75,8,7,8,11,Y6040496,,,,0,30.0,0,0
75,8,7,8,12,Y6040497,,,,0,30.0,0,0
75,8,7,8,13,Y6040498,,,,0,30.0,0,0
75,8,7,8,14,Y6040499,,,,0,30.0,0,0
75,8,7,8,15,Y6040500,,,,0,30.0,0,0
75,8,7,8,16,Y6040501,,,,0,30.0,0,0
75,8,7,8,17,Y6040502,,,,0,30.0,0,0
75,8,7,8,18,Y6040503,,,,0,30.0,0,0
75,8,7,8,19,Y6040504,,,,0,30.0,0,0
75,8,7,8,20,Y6040505,,,,0,30.0,0,0
75,8,7,8,21,Y6040506,,,,0,30.0,0,0
75,8,7,8,22,Y6040507,,,,0,30.0,0,0
75,8,7,8,23,Y6040508,,,,0,30.0,0,0
75,8,7,8,24,Y6040509,,,,0,30.0,0,0
75,8,7,8,25,Y6040510,,,,0,30.0,0,0
75,8,7,8,26,Y6040511,,,,0,30.0,0,0
75,8,7,8,27,Y6040512,,,,0,30.0,0,0
75,8,7,8,28,Y6040513,,,,0,30.0,0,0
75,8,7,8,29,Y6040514,,,,0,30.0,0,0
75,8,7,8,30,Y6040515,,,,0,30.0,0,0
75,8,7,9,10,Y6040516,,,,0,30.0,0,0
75,8,7,9,11,Y6040517,,,,0,30.0,0,0
75,8,7,9,12,Y6040518,,,,0,30.0,0,0
75,8,7,9,13,Y6040519,,,,0,30.0,0,0
75,8,7,9,14,Y6040520,,,,0,30.0,0,0
75,8,7,9,15,Y6040521,,,,0,30.0,0,0
75,8,7,9,16,Y6040522,,,,0,30.0,0,0
75,8,7,9,17,Y6040523,,,,0,30.0,0,0
75,8,7,9,18,Y6040524,,,,0,30.0,0,0
75,8,7,9,19,Y6040525,,,,0,30.0,0,0
75,8,7,9,20,Y6040526,,,,0,30.0,0,0
75,8,7,9,21,Y6040527,,,,0,30.0,0,0
75,8,7,9,22,Y6040528,,,,0,30.0,0,0
75,8,7,9,23,Y6040529,,,,0,30.0,0,0
75,8,7,9,24,Y6040530,,,,0,30.0,0,0
75,8,7,9,25,Y6040531,,,,0,30.0,0,0
75,8,7,9,26,Y6040532,,,,0,30.0,0,0
75,8,7,9,27,Y6040533,,,,0,30.0,0,0
75,8,7,9,28,Y6040534,,,,0,30.0,0,0
75,8,7,9,29,Y6040535,,,,0,30.0,0,0
75,8,7,9,30,Y6040536,,,,0,30.0,0,0
75,8,7,10,10,Y6040537,,,,0,30.0,0,0
75,8,7,10,11,Y6040538,,,,0,30.0,0,0
75,8,7,10,12,Y6040539,,,,0,30.0,0,0
75,8,7,10,13,Y6040540,,,,0,30.0,0,0
75,8,7,10,14,Y6040541,,,,0,30.0,0,0
75,8,7,10,15,Y6040542,,,,0,30.0,0,0
75,8,7,10,16,Y6040543,,,,0,30.0,0,0
75,8,7,10,17,Y6040544,,,,0,30.0,0,0
75,8,7,10,18,Y6040545,,,,3218,30.0,0,0
75,8,7,10,19,Y6040546,,,,0,30.0,0,0
75,8,7,10,20,Y6040547,,,,0,30.0,0,0
75,8,7,10,21,Y6040548,,,,0,30.0,0,0
75,8,7,10,22,Y6040549,,,,0,30.0,0,0
75,8,7,10,23,Y6040550,,,,0,30.0,0,0
75,8,7,10,24,Y6040551,,,,0,30.0,0,0
75,8,7,10,25,Y6040552,,,,0,30.0,0,0
75,8,7,10,26,Y6040553,,,,0,30.0,0,0
75,8,7,10,27,Y6040554,,,,0,30.0,0,0
75,8,7,10,28,Y6040555,,,,0,30.0,0,0
75,8,7,10,29,Y6040556,,,,0,30.0,0,0
75,8,7,10,30,Y6040557,,,,0,30.0,0,0
75,8,7,11,10,Y6040558,,,,0,30.0,0,0
75,8,7,11,11,Y6040559,,,,0,30.0,0,0
75,8,7,11,12,Y6040560,,,,0,30.0,0,0
75,8,7,11,13,Y6040561,,,,0,30.0,0,0
75,8,7,11,14,Y6040562,,,,0,30.0,0,0
75,8,7,11,15,Y6040563,,,,0,30.0,0,0
75,8,7,11,16,Y6040564,,,,0,30.0,0,0
75,8,7,11,17,Y6040565,,,,0,30.0,0,0
75,8,7,11,18,Y6040566,,,,3962,30.0,0,0
75,8,7,11,19,Y6040567,,,,3027,30.0,0,0
75,8,7,11,20,Y6040568,,,,0,30.0,0,0
75,8,7,11,21,Y6040569,,,,0,30.0,0,0
75,8,7,11,22,Y6040570,,,,0,30.0,0,0
75,8,7,11,23,Y6040571,,,,0,30.0,0,0
75,8,7,11,24,Y6040572,,,,0,30.0,0,0
75,8,7,11,25,Y6040573,,,,0,30.0,0,0
75,8,7,11,26,Y6040574,,,,0,30.0,0,0
75,8,7,11,27,Y6040575,,,,0,30.0,0,0
75,8,7,11,28,Y6040576,,,,0,30.0,0,0
75,8,7,11,29,Y6040577,,,,0,30.0,0,0
75,8,7,11,30,Y6040578,,,,0,30.0,0,0
75,8,7,12,10,Y6040579,,,,3233,30.0,0,0
75,8,7,12,11,Y6040580,,,,3233,30.0,0,0
75,8,7,12,12,Y6040581,,,,3221,30.0,0,0
75,8,7,12,13,Y6040582,,,,3220,30.0,0,0
75,8,7,12,14,Y6040583,,,,3217,30.0,0,0
75,8,7,12,15,Y6040584,,,,3217,30.0,0,0
75,8,7,12,16,Y6040585,,,,3217,30.0,0,0
75,8,7,12,17,Y6040586,,,,3217,30.0,0,0
75,8,7,12,18,Y6040587,,,,4077,30.0,0,0
75,8,7,12,19,Y6040588,,,,3141,30.0,0,0
75,8,7,12,20,Y6040589,,,,3022,30.0,0,0
75,8,7,12,21,Y6040590,,,,0,30.0,0,0
75,8,7,12,22,Y6040591,,,,0,30.0,0,0
75,8,7,12,23,Y6040592,,,,0,30.0,0,0
75,8,7,12,24,Y6040593,,,,0,30.0,0,0
75,8,7,12,25,Y6040594,,,,0,30.0,0,0
75,8,7,12,26,Y6040595,,,,0,30.0,0,0
75,8,7,12,27,Y6040596,,,,0,30.0,0,0
75,8,7,12,28,Y6040597,,,,0,30.0,0,0
75,8,7,12,29,Y6040598,,,,0,30.0,0,0
75,8,7,12,30,Y6040599,,,,0,30.0,0,0
75,8,8,1,10,Y6040600,,,,0,30.0,0,0
75,8,8,1,11,Y6040601,,,,0,30.0,0,0
75,8,8,1,12,Y6040602,,,,0,30.0,0,0
75,8,8,1,13,Y6040603,,,,0,30.0,0,0
75,8,8,1,14,Y6040604,,,,0,30.0,0,0
75,8,8,1,15,Y6040605,,,,0,30.0,0,0
75,8,8,1,16,Y6040606,,,,0,30.0,0,0
75,8,8,1,17,Y6040607,,,,0,30.0,0,0
75,8,8,1,18,Y6040608,,,,0,30.0,0,0
75,8,8,1,19,Y6040609,,,,0,30.0,0,0
75,8,8,1,20,Y6040610,,,,0,30.0,0,0
75,8,8,1,21,Y6040611,,,,0,30.0,0,0
75,8,8,1,22,Y6040612,,,,0,30.0,0,0
75,8,8,1,23,Y6040613,,,,0,30.0,0,0
75,8,8,1,24,Y6040614,,,,0,30.0,0,0
75,8,8,1,25,Y6040615,,,,0,30.0,0,0
75,8,8,1,26,Y6040616,,,,0,30.0,0,0
75,8,8,1,27,Y6040617,,,,0,30.0,0,0
75,8,8,1,28,Y6040618,,,,0,30.0,0,0
75,8,8,1,29,Y6040619,,,,0,30.0,0,0
75,8,8,1,30,Y6040620,,,,0,30.0,0,0
75,8,8,2,10,Y6040621,,,,0,30.0,0,0
75,8,8,2,11,Y6040622,,,,0,30.0,0,0
75,8,8,2,12,Y6040623,,,,0,30.0,0,0
75,8,8,2,13,Y6040624,,,,0,30.0,0,0
75,8,8,2,14,Y6040625,,,,0,30.0,0,0
75,8,8,2,15,Y6040626,,,,0,30.0,0,0
75,8,8,2,16,Y6040627,,,,0,30.0,0,0
75,8,8,2,17,Y6040628,,,,0,30.0,0,0
75,8,8,2,18,Y6040629,,,,0,30.0,0,0
75,8,8,2,19,Y6040630,,,,0,30.0,0,0
75,8,8,2,20,Y6040631,,,,0,30.0,0,0
75,8,8,2,21,Y6040632,,,,0,30.0,0,0
75,8,8,2,22,Y6040633,,,,0,30.0,0,0
75,8,8,2,23,Y6040634,,,,0,30.0,0,0
75,8,8,2,24,Y6040635,,,,0,30.0,0,0
75,8,8,2,25,Y6040636,,,,0,30.0,0,0
75,8,8,2,26,Y6040637,,,,0,30.0,0,0
75,8,8,2,27,Y6040638,,,,0,30.0,0,0
75,8,8,2,28,Y6040639,,,,0,30.0,0,0
75,8,8,2,29,Y6040640,,,,0,30.0,0,0
75,8,8,2,30,Y6040641,,,,0,30.0,0,0
75,8,8,3,10,Y6040642,,,,0,30.0,0,0
75,8,8,3,11,Y6040643,,,,0,30.0,0,0
75,8,8,3,12,Y6040644,,,,0,30.0,0,0
75,8,8,3,13,Y6040645,,,,0,30.0,0,0
75,8,8,3,14,Y6040646,,,,0,30.0,0,0
75,8,8,3,15,Y6040647,,,,0,30.0,0,0
75,8,8,3,16,Y6040648,,,,0,30.0,0,0
75,8,8,3,17,Y6040649,,,,0,30.0,0,0
75,8,8,3,18,Y6040650,,,,0,30.0,0,0
75,8,8,3,19,Y6040651,,,,0,30.0,0,0
75,8,8,3,20,Y6040652,,,,0,30.0,0,0
75,8,8,3,21,Y6040653,,,,0,30.0,0,0
75,8,8,3,22,Y6040654,,,,0,30.0,0,0
75,8,8,3,23,Y6040655,,,,0,30.0,0,0
75,8,8,3,24,Y6040656,,,,0,30.0,0,0
75,8,8,3,25,Y6040657,,,,0,30.0,0,0
75,8,8,3,26,Y6040658,,,,0,30.0,0,0
75,8,8,3,27,Y6040659,,,,0,30.0,0,0
75,8,8,3,28,Y6040660,,,,0,30.0,0,0
75,8,8,3,29,Y6040661,,,,0,30.0,0,0
75,8,8,3,30,Y6040662,,,,0,30.0,0,0
75,8,8,4,10,Y6040663,,,,0,30.0,0,0
75,8,8,4,11,Y6040664,,,,0,30.0,0,0
75,8,8,4,12,Y6040665,,,,0,30.0,0,0
75,8,8,4,13,Y6040666,,,,0,30.0,0,0
75,8,8,4,14,Y6040667,,,,0,30.0,0,0
75,8,8,4,15,Y6040668,,,,0,30.0,0,0
75,8,8,4,16,Y6040669,,,,0,30.0,0,0
75,8,8,4,17,Y6040670,,,,0,30.0,0,0
75,8,8,4,18,Y6040671,,,,0,30.0,0,0
75,8,8,4,19,Y6040672,,,,0,30.0,0,0
75,8,8,4,20,Y6040673,,,,0,30.0,0,0
75,8,8,4,21,Y6040674,,,,0,30.0,0,0
75,8,8,4,22,Y6040675,,,,0,30.0,0,0
75,8,8,4,23,Y6040676,,,,0,30.0,0,0
75,8,8,4,24,Y6040677,,,,0,30.0,0,0
75,8,8,4,25,Y6040678,,,,0,30.0,0,0
75,8,8,4,26,Y6040679,,,,0,30.0,0,0
75,8,8,4,27,Y6040680,,,,0,30.0,0,0
75,8,8,4,28,Y6040681,,,,0,30.0,0,0
75,8,8,4,29,Y6040682,,,,0,30.0,0,0
75,8,8,4,30,Y6040683,,,,0,30.0,0,0
75,8,8,5,10,Y6040684,,,,0,30.0,0,0
75,8,8,5,11,Y6040685,,,,0,30.0,0,0
75,8,8,5,12,Y6040686,,,,0,30.0,0,0
75,8,8,5,13,Y6040687,,,,0,30.0,0,0
75,8,8,5,14,Y6040688,,,,0,30.0,0,0
75,8,8,5,15,Y6040689,,,,0,30.0,0,0
75,8,8,5,16,Y6040690,,,,0,30.0,0,0
75,8,8,5,17,Y6040691,,,,0,30.0,0,0
75,8,8,5,18,Y6040692,,,,0,30.0,0,0
75,8,8,5,19,Y6040693,,,,0,30.0,0,0
75,8,8,5,20,Y6040694,,,,0,30.0,0,0
75,8,8,5,21,Y6040695,,,,0,30.0,0,0
75,8,8,5,22,Y6040696,,,,0,30.0,0,0
75,8,8,5,23,Y6040697,,,,0,30.0,0,0
75,8,8,5,24,Y6040698,,,,0,30.0,0,0
75,8,8,5,25,Y6040699,,,,0,30.0,0,0
75,8,8,5,26,Y6040700,,,,0,30.0,0,0
75,8,8,5,27,Y6040701,,,,0,30.0,0,0
75,8,8,5,28,Y6040702,,,,0,30.0,0,0
75,8,8,5,29,Y6040703,,,,0,30.0,0,0
75,8,8,5,30,Y6040704,,,,0,30.0,0,0
75,8,8,6,10,Y6040705,,,,0,30.0,0,0
75,8,8,6,11,Y6040706,,,,0,30.0,0,0
75,8,8,6,12,Y6040707,,,,0,30.0,0,0
75,8,8,6,13,Y6040708,,,,0,30.0,0,0
75,8,8,6,14,Y6040709,,,,0,30.0,0,0
75,8,8,6,15,Y6040710,,,,0,30.0,0,0
75,8,8,6,16,Y6040711,,,,0,30.0,0,0
75,8,8,6,17,Y6040712,,,,0,30.0,0,0
75,8,8,6,18,Y6040713,,,,0,30.0,0,0
75,8,8,6,19,Y6040714,,,,0,30.0,0,0
75,8,8,6,20,Y6040715,,,,0,30.0,0,0
75,8,8,6,21,Y6040716,,,,0,30.0,0,0
75,8,8,6,22,Y6040717,,,,0,30.0,0,0
75,8,8,6,23,Y6040718,,,,0,30.0,0,0
75,8,8,6,24,Y6040719,,,,0,30.0,0,0
75,8,8,6,25,Y6040720,,,,0,30.0,0,0
75,8,8,6,26,Y6040721,,,,0,30.0,0,0
75,8,8,6,27,Y6040722,,,,0,30.0,0,0
75,8,8,6,28,Y6040723,,,,0,30.0,0,0
75,8,8,6,29,Y6040724,,,,0,30.0,0,0
75,8,8,6,30,Y6040725,,,,0,30.0,0,0
75,8,8,7,10,Y6040726,,,,0,30.0,0,0
75,8,8,7,11,Y6040727,,,,0,30.0,0,0
75,8,8,7,12,Y6040728,,,,0,30.0,0,0
75,8,8,7,13,Y6040729,,,,0,30.0,0,0
75,8,8,7,14,Y6040730,,,,0,30.0,0,0
75,8,8,7,15,Y6040731,,,,0,30.0,0,0
75,8,8,7,16,Y6040732,,,,0,30.0,0,0
75,8,8,7,17,Y6040733,,,,0,30.0,0,0
75,8,8,7,18,Y6040734,,,,0,30.0,0,0
75,8,8,7,19,Y6040735,,,,0,30.0,0,0
75,8,8,7,20,Y6040736,,,,0,30.0,0,0
75,8,8,7,21,Y6040737,,,,0,30.0,0,0
75,8,8,7,22,Y6040738,,,,0,30.0,0,0
75,8,8,7,23,Y6040739,,,,0,30.0,0,0
75,8,8,7,24,Y6040740,,,,0,30.0,0,0
75,8,8,7,25,Y6040741,,,,0,30.0,0,0
75,8,8,7,26,Y6040742,,,,0,30.0,0,0
75,8,8,7,27,Y6040743,,,,0,30.0,0,0
75,8,8,7,28,Y6040744,,,,0,30.0,0,0
75,8,8,7,29,Y6040745,,,,0,30.0,0,0
75,8,8,7,30,Y6040746,,,,0,30.0,0,0
75,8,8,8,10,Y6040747,,,,0,30.0,0,0
75,8,8,8,11,Y6040748,,,,0,30.0,0,0
75,8,8,8,12,Y6040749,,,,0,30.0,0,0
75,8,8,8,13,Y6040750,,,,0,30.0,0,0
75,8,8,8,14,Y6040751,,,,0,30.0,0,0
75,8,8,8,15,Y6040752,,,,0,30.0,0,0
75,8,8,8,16,Y6040753,,,,0,30.0,0,0
75,8,8,8,17,Y6040754,,,,0,30.0,0,0
75,8,8,8,18,Y6040755,,,,0,30.0,0,0
75,8,8,8,19,Y6040756,,,,0,30.0,0,0
75,8,8,8,20,Y6040757,,,,0,30.0,0,0
75,8,8,8,21,Y6040758,,,,0,30.0,0,0
75,8,8,8,22,Y6040759,,,,0,30.0,0,0
75,8,8,8,23,Y6040760,,,,0,30.0,0,0
75,8,8,8,24,Y6040761,,,,0,30.0,0,0
75,8,8,8,25,Y6040762,,,,0,30.0,0,0
75,8,8,8,26,Y6040763,,,,0,30.0,0,0
75,8,8,8,27,Y6040764,,,,0,30.0,0,0
75,8,8,8,28,Y6040765,,,,0,30.0,0,0
75,8,8,8,29,Y6040766,,,,0,30.0,0,0
75,8,8,8,30,Y6040767,,,,0,30.0,0,0
75,8,8,9,10,Y6040768,,,,0,30.0,0,0
75,8,8,9,11,Y6040769,,,,0,30.0,0,0
75,8,8,9,12,Y6040770,,,,0,30.0,0,0
75,8,8,9,13,Y6040771,,,,0,30.0,0,0
75,8,8,9,14,Y6040772,,,,0,30.0,0,0
75,8,8,9,15,Y6040773,,,,0,30.0,0,0
75,8,8,9,16,Y6040774,,,,0,30.0,0,0
75,8,8,9,17,Y6040775,,,,0,30.0,0,0
75,8,8,9,18,Y6040776,,,,0,30.0,0,0
75,8,8,9,19,Y6040777,,,,0,30.0,0,0
75,8,8,9,20,Y6040778,,,,0,30.0,0,0
75,8,8,9,21,Y6040779,,,,0,30.0,0,0
75,8,8,9,22,Y6040780,,,,0,30.0,0,0
75,8,8,9,23,Y6040781,,,,0,30.0,0,0
75,8,8,9,24,Y6040782,,,,0,30.0,0,0
75,8,8,9,25,Y6040783,,,,0,30.0,0,0
75,8,8,9,26,Y6040784,,,,0,30.0,0,0
75,8,8,9,27,Y6040785,,,,0,30.0,0,0
75,8,8,9,28,Y6040786,,,,0,30.0,0,0
75,8,8,9,29,Y6040787,,,,0,30.0,0,0
75,8,8,9,30,Y6040788,,,,0,30.0,0,0
75,8,8,10,10,Y6040789,,,,0,30.0,0,0
75,8,8,10,11,Y6040790,,,,0,30.0,0,0
75,8,8,10,12,Y6040791,,,,0,30.0,0,0
75,8,8,10,13,Y6040792,,,,0,30.0,0,0
75,8,8,10,14,Y6040793,,,,0,30.0,0,0
75,8,8,10,15,Y6040794,,,,0,30.0,0,0
75,8,8,10,16,Y6040795,,,,0,30.0,0,0
75,8,8,10,17,Y6040796,,,,0,30.0,0,0
75,8,8,10,18,Y6040797,,,,3130,30.0,0,0
75,8,8,10,19,Y6040798,,,,0,30.0,0,0
75,8,8,10,20,Y6040799,,,,0,30.0,0,0
75,8,8,10,21,Y6040800,,,,0,30.0,0,0
75,8,8,10,22,Y6040801,,,,0,30.0,0,0
75,8,8,10,23,Y6040802,,,,0,30.0,0,0
75,8,8,10,24,Y6040803,,,,0,30.0,0,0
75,8,8,10,25,Y6040804,,,,0,30.0,0,0
75,8,8,10,26,Y6040805,,,,0,30.0,0,0
75,8,8,10,27,Y6040806,,,,0,30.0,0,0
75,8,8,10,28,Y6040807,,,,0,30.0,0,0
75,8,8,10,29,Y6040808,,,,0,30.0,0,0
75,8,8,10,30,Y6040809,,,,0,30.0,0,0
75,8,8,11,10,Y6040810,,,,0,30.0,0,0
75,8,8,11,11,Y6040811,,,,0,30.0,0,0
75,8,8,11,12,Y6040812,,,,0,30.0,0,0
75,8,8,11,13,Y6040813,,,,0,30.0,0,0
75,8,8,11,14,Y6040814,,,,0,30.0,0,0
75,8,8,11,15,Y6040815,,,,0,30.0,0,0
75,8,8,11,16,Y6040816,,,,0,30.0,0,0
75,8,8,11,17,Y6040817,,,,0,30.0,0,0
75,8,8,11,18,Y6040818,,,,3873,30.0,0,0
75,8,8,11,19,Y6040819,,,,0,30.0,0,0
75,8,8,11,20,Y6040820,,,,0,30.0,0,0
75,8,8,11,21,Y6040821,,,,0,30.0,0,0
75,8,8,11,22,Y6040822,,,,0,30.0,0,0
75,8,8,11,23,Y6040823,,,,0,30.0,0,0
75,8,8,11,24,Y6040824,,,,0,30.0,0,0
75,8,8,11,25,Y6040825,,,,0,30.0,0,0
75,8,8,11,26,Y6040826,,,,0,30.0,0,0
75,8,8,11,27,Y6040827,,,,0,30.0,0,0
75,8,8,11,28,Y6040828,,,,0,30.0,0,0
75,8,8,11,29,Y6040829,,,,0,30.0,0,0
75,8,8,11,30,Y6040830,,,,0,30.0,0,0
75,8,8,12,10,Y6040831,,,,3137,30.0,0,0
75,8,8,12,11,Y6040832,,,,3137,30.0,0,0
75,8,8,12,12,Y6040833,,,,3125,30.0,0,0
75,8,8,12,13,Y6040834,,,,3123,30.0,0,0
75,8,8,12,14,Y6040835,,,,3121,30.0,0,0
75,8,8,12,15,Y6040836,,,,3121,30.0,0,0
75,8,8,12,16,Y6040837,,,,3121,30.0,0,0
75,8,8,12,17,Y6040838,,,,3121,30.0,0,0
75,8,8,12,18,Y6040839,,,,3981,30.0,0,0
75,8,8,12,19,Y6040840,,,,3032,30.0,0,0
75,8,8,12,20,Y6040841,,,,0,30.0,0,0
75,8,8,12,21,Y6040842,,,,0,30.0,0,0
75,8,8,12,22,Y6040843,,,,0,30.0,0,0
75,8,8,12,23,Y6040844,,,,0,30.0,0,0
75,8,8,12,24,Y6040845,,,,0,30.0,0,0
75,8,8,12,25,Y6040846,,,,0,30.0,0,0
75,8,8,12,26,Y6040847,,,,0,30.0,0,0
75,8,8,12,27,Y6040848,,,,0,30.0,0,0
75,8,8,12,28,Y6040849,,,,0,30.0,0,0
75,8,8,12,29,Y6040850,,,,0,30.0,0,0
75,8,8,12,30,Y6040851,,,,0,30.0,0,0
75,8,9,1,10,Y6040852,,,,0,30.0,0,0
75,8,9,1,11,Y6040853,,,,0,30.0,0,0
75,8,9,1,12,Y6040854,,,,0,30.0,0,0
75,8,9,1,13,Y6040855,,,,0,30.0,0,0
75,8,9,1,14,Y6040856,,,,0,30.0,0,0
75,8,9,1,15,Y6040857,,,,0,30.0,0,0
75,8,9,1,16,Y6040858,,,,0,30.0,0,0
75,8,9,1,17,Y6040859,,,,0,30.0,0,0
75,8,9,1,18,Y6040860,,,,0,30.0,0,0
75,8,9,1,19,Y6040861,,,,0,30.0,0,0
75,8,9,1,20,Y6040862,,,,0,30.0,0,0
75,8,9,1,21,Y6040863,,,,0,30.0,0,0
75,8,9,1,22,Y6040864,,,,0,30.0,0,0
75,8,9,1,23,Y6040865,,,,0,30.0,0,0
75,8,9,1,24,Y6040866,,,,0,30.0,0,0
75,8,9,1,25,Y6040867,,,,0,30.0,0,0
75,8,9,1,26,Y6040868,,,,0,30.0,0,0
75,8,9,1,27,Y6040869,,,,0,30.0,0,0
75,8,9,1,28,Y6040870,,,,0,30.0,0,0
75,8,9,1,29,Y6040871,,,,0,30.0,0,0
75,8,9,1,30,Y6040872,,,,0,30.0,0,0
75,8,9,2,10,Y6040873,,,,0,30.0,0,0
75,8,9,2,11,Y6040874,,,,0,30.0,0,0
75,8,9,2,12,Y6040875,,,,0,30.0,0,0
75,8,9,2,13,Y6040876,,,,0,30.0,0,0
75,8,9,2,14,Y6040877,,,,0,30.0,0,0
75,8,9,2,15,Y6040878,,,,0,30.0,0,0
75,8,9,2,16,Y6040879,,,,0,30.0,0,0
75,8,9,2,17,Y6040880,,,,0,30.0,0,0
75,8,9,2,18,Y6040881,,,,0,30.0,0,0
75,8,9,2,19,Y6040882,,,,0,30.0,0,0
75,8,9,2,20,Y6040883,,,,0,30.0,0,0
75,8,9,2,21,Y6040884,,,,0,30.0,0,0
75,8,9,2,22,Y6040885,,,,0,30.0,0,0
75,8,9,2,23,Y6040886,,,,0,30.0,0,0
75,8,9,2,24,Y6040887,,,,0,30.0,0,0
75,8,9,2,25,Y6040888,,,,0,30.0,0,0
75,8,9,2,26,Y6040889,,,,0,30.0,0,0
75,8,9,2,27,Y6040890,,,,0,30.0,0,0
75,8,9,2,28,Y6040891,,,,0,30.0,0,0
75,8,9,2,29,Y6040892,,,,0,30.0,0,0
75,8,9,2,30,Y6040893,,,,0,30.0,0,0
75,8,9,3,10,Y6040894,,,,0,30.0,0,0
75,8,9,3,11,Y6040895,,,,0,30.0,0,0
75,8,9,3,12,Y6040896,,,,0,30.0,0,0
75,8,9,3,13,Y6040897,,,,0,30.0,0,0
75,8,9,3,14,Y6040898,,,,0,30.0,0,0
75,8,9,3,15,Y6040899,,,,0,30.0,0,0
75,8,9,3,16,Y6040900,,,,0,30.0,0,0
75,8,9,3,17,Y6040901,,,,0,30.0,0,0
75,8,9,3,18,Y6040902,,,,0,30.0,0,0
75,8,9,3,19,Y6040903,,,,0,30.0,0,0
75,8,9,3,20,Y6040904,,,,0,30.0,0,0
75,8,9,3,21,Y6040905,,,,0,30.0,0,0
75,8,9,3,22,Y6040906,,,,0,30.0,0,0
75,8,9,3,23,Y6040907,,,,0,30.0,0,0
75,8,9,3,24,Y6040908,,,,0,30.0,0,0
75,8,9,3,25,Y6040909,,,,0,30.0,0,0
75,8,9,3,26,Y6040910,,,,0,30.0,0,0
75,8,9,3,27,Y6040911,,,,0,30.0,0,0
75,8,9,3,28,Y6040912,,,,0,30.0,0,0
75,8,9,3,29,Y6040913,,,,0,30.0,0,0
75,8,9,3,30,Y6040914,,,,0,30.0,0,0
75,8,9,4,10,Y6040915,,,,0,30.0,0,0
75,8,9,4,11,Y6040916,,,,0,30.0,0,0
75,8,9,4,12,Y6040917,,,,0,30.0,0,0
75,8,9,4,13,Y6040918,,,,0,30.0,0,0
75,8,9,4,14,Y6040919,,,,0,30.0,0,0
75,8,9,4,15,Y6040920,,,,0,30.0,0,0
75,8,9,4,16,Y6040921,,,,0,30.0,0,0
75,8,9,4,17,Y6040922,,,,0,30.0,0,0
75,8,9,4,18,Y6040923,,,,0,30.0,0,0
75,8,9,4,19,Y6040924,,,,0,30.0,0,0
75,8,9,4,20,Y6040925,,,,0,30.0,0,0
75,8,9,4,21,Y6040926,,,,0,30.0,0,0
75,8,9,4,22,Y6040927,,,,0,30.0,0,0
75,8,9,4,23,Y6040928,,,,0,30.0,0,0
75,8,9,4,24,Y6040929,,,,0,30.0,0,0
75,8,9,4,25,Y6040930,,,,0,30.0,0,0
75,8,9,4,26,Y6040931,,,,0,30.0,0,0
75,8,9,4,27,Y6040932,,,,0,30.0,0,0
75,8,9,4,28,Y6040933,,,,0,30.0,0,0
75,8,9,4,29,Y6040934,,,,0,30.0,0,0
75,8,9,4,30,Y6040935,,,,0,30.0,0,0
75,8,9,5,10,Y6040936,,,,0,30.0,0,0
75,8,9,5,11,Y6040937,,,,0,30.0,0,0
75,8,9,5,12,Y6040938,,,,0,30.0,0,0
75,8,9,5,13,Y6040939,,,,0,30.0,0,0
75,8,9,5,14,Y6040940,,,,0,30.0,0,0
75,8,9,5,15,Y6040941,,,,0,30.0,0,0
75,8,9,5,16,Y6040942,,,,0,30.0,0,0
75,8,9,5,17,Y6040943,,,,0,30.0,0,0
75,8,9,5,18,Y6040944,,,,0,30.0,0,0
75,8,9,5,19,Y6040945,,,,0,30.0,0,0
75,8,9,5,20,Y6040946,,,,0,30.0,0,0
75,8,9,5,21,Y6040947,,,,0,30.0,0,0
75,8,9,5,22,Y6040948,,,,0,30.0,0,0
75,8,9,5,23,Y6040949,,,,0,30.0,0,0
75,8,9,5,24,Y6040950,,,,0,30.0,0,0
75,8,9,5,25,Y6040951,,,,0,30.0,0,0
75,8,9,5,26,Y6040952,,,,0,30.0,0,0
75,8,9,5,27,Y6040953,,,,0,30.0,0,0
75,8,9,5,28,Y6040954,,,,0,30.0,0,0
75,8,9,5,29,Y6040955,,,,0,30.0,0,0
75,8,9,5,30,Y6040956,,,,0,30.0,0,0
75,8,9,6,10,Y6040957,,,,0,30.0,0,0
75,8,9,6,11,Y6040958,,,,0,30.0,0,0
75,8,9,6,12,Y6040959,,,,0,30.0,0,0
75,8,9,6,13,Y6040960,,,,0,30.0,0,0
75,8,9,6,14,Y6040961,,,,0,30.0,0,0
75,8,9,6,15,Y6040962,,,,0,30.0,0,0
75,8,9,6,16,Y6040963,,,,0,30.0,0,0
75,8,9,6,17,Y6040964,,,,0,30.0,0,0
75,8,9,6,18,Y6040965,,,,0,30.0,0,0
75,8,9,6,19,Y6040966,,,,0,30.0,0,0
75,8,9,6,20,Y6040967,,,,0,30.0,0,0
75,8,9,6,21,Y6040968,,,,0,30.0,0,0
75,8,9,6,22,Y6040969,,,,0,30.0,0,0
75,8,9,6,23,Y6040970,,,,0,30.0,0,0
75,8,9,6,24,Y6040971,,,,0,30.0,0,0
75,8,9,6,25,Y6040972,,,,0,30.0,0,0
75,8,9,6,26,Y6040973,,,,0,30.0,0,0
75,8,9,6,27,Y6040974,,,,0,30.0,0,0
75,8,9,6,28,Y6040975,,,,0,30.0,0,0
75,8,9,6,29,Y6040976,,,,0,30.0,0,0
75,8,9,6,30,Y6040977,,,,0,30.0,0,0
75,8,9,7,10,Y6040978,,,,0,30.0,0,0
75,8,9,7,11,Y6040979,,,,0,30.0,0,0
75,8,9,7,12,Y6040980,,,,0,30.0,0,0
75,8,9,7,13,Y6040981,,,,0,30.0,0,0
75,8,9,7,14,Y6040982,,,,0,30.0,0,0
75,8,9,7,15,Y6040983,,,,0,30.0,0,0
75,8,9,7,16,Y6040984,,,,0,30.0,0,0
75,8,9,7,17,Y6040985,,,,0,30.0,0,0
75,8,9,7,18,Y6040986,,,,0,30.0,0,0
75,8,9,7,19,Y6040987,,,,0,30.0,0,0
75,8,9,7,20,Y6040988,,,,0,30.0,0,0
75,8,9,7,21,Y6040989,,,,0,30.0,0,0
75,8,9,7,22,Y6040990,,,,0,30.0,0,0
75,8,9,7,23,Y6040991,,,,0,30.0,0,0
75,8,9,7,24,Y6040992,,,,0,30.0,0,0
75,8,9,7,25,Y6040993,,,,0,30.0,0,0
75,8,9,7,26,Y6040994,,,,0,30.0,0,0
75,8,9,7,27,Y6040995,,,,0,30.0,0,0
75,8,9,7,28,Y6040996,,,,0,30.0,0,0
75,8,9,7,29,Y6040997,,,,0,30.0,0,0
75,8,9,7,30,Y6040998,,,,0,30.0,0,0
75,8,9,8,10,Y6040999,,,,0,30.0,0,0
75,8,9,8,11,Y6041000,,,,0,30.0,0,0
75,8,9,8,12,Y6041001,,,,0,30.0,0,0
75,8,9,8,13,Y6041002,,,,0,30.0,0,0
75,8,9,8,14,Y6041003,,,,0,30.0,0,0
75,8,9,8,15,Y6041004,,,,0,30.0,0,0
75,8,9,8,16,Y6041005,,,,0,30.0,0,0
75,8,9,8,17,Y6041006,,,,0,30.0,0,0
75,8,9,8,18,Y6041007,,,,0,30.0,0,0
75,8,9,8,19,Y6041008,,,,0,30.0,0,0
75,8,9,8,20,Y6041009,,,,0,30.0,0,0
75,8,9,8,21,Y6041010,,,,0,30.0,0,0
75,8,9,8,22,Y6041011,,,,0,30.0,0,0
75,8,9,8,23,Y6041012,,,,0,30.0,0,0
75,8,9,8,24,Y6041013,,,,0,30.0,0,0
75,8,9,8,25,Y6041014,,,,0,30.0,0,0
75,8,9,8,26,Y6041015,,,,0,30.0,0,0
75,8,9,8,27,Y6041016,,,,0,30.0,0,0
75,8,9,8,28,Y6041017,,,,0,30.0,0,0
75,8,9,8,29,Y6041018,,,,0,30.0,0,0
75,8,9,8,30,Y6041019,,,,0,30.0,0,0
75,8,9,9,10,Y6041020,,,,0,30.0,0,0
75,8,9,9,11,Y6041021,,,,0,30.0,0,0
75,8,9,9,12,Y6041022,,,,0,30.0,0,0
75,8,9,9,13,Y6041023,,,,0,30.0,0,0
75,8,9,9,14,Y6041024,,,,0,30.0,0,0
75,8,9,9,15,Y6041025,,,,0,30.0,0,0
75,8,9,9,16,Y6041026,,,,0,30.0,0,0
75,8,9,9,17,Y6041027,,,,0,30.0,0,0
75,8,9,9,18,Y6041028,,,,0,30.0,0,0
75,8,9,9,19,Y6041029,,,,0,30.0,0,0
75,8,9,9,20,Y6041030,,,,0,30.0,0,0
75,8,9,9,21,Y6041031,,,,0,30.0,0,0
75,8,9,9,22,Y6041032,,,,0,30.0,0,0
75,8,9,9,23,Y6041033,,,,0,30.0,0,0
75,8,9,9,24,Y6041034,,,,0,30.0,0,0
75,8,9,9,25,Y6041035,,,,0,30.0,0,0
75,8,9,9,26,Y6041036,,,,0,30.0,0,0
75,8,9,9,27,Y6041037,,,,0,30.0,0,0
75,8,9,9,28,Y6041038,,,,0,30.0,0,0
75,8,9,9,29,Y6041039,,,,0,30.0,0,0
75,8,9,9,30,Y6041040,,,,0,30.0,0,0
75,8,9,10,10,Y6041041,,,,0,30.0,0,0
75,8,9,10,11,Y6041042,,,,0,30.0,0,0
75,8,9,10,12,Y6041043,,,,0,30.0,0,0
75,8,9,10,13,Y6041044,,,,0,30.0,0,0
75,8,9,10,14,Y6041045,,,,0,30.0,0,0
75,8,9,10,15,Y6041046,,,,0,30.0,0,0
75,8,9,10,16,Y6041047,,,,0,30.0,0,0
75,8,9,10,17,Y6041048,,,,0,30.0,0,0
75,8,9,10,18,Y6041049,,,,0,30.0,0,0
75,8,9,10,19,Y6041050,,,,0,30.0,0,0
75,8,9,10,20,Y6041051,,,,0,30.0,0,0
75,8,9,10,21,Y6041052,,,,0,30.0,0,0
75,8,9,10,22,Y6041053,,,,0,30.0,0,0
75,8,9,10,23,Y6041054,,,,0,30.0,0,0
75,8,9,10,24,Y6041055,,,,0,30.0,0,0
75,8,9,10,25,Y6041056,,,,0,30.0,0,0
75,8,9,10,26,Y6041057,,,,0,30.0,0,0
75,8,9,10,27,Y6041058,,,,0,30.0,0,0
75,8,9,10,28,Y6041059,,,,0,30.0,0,0
75,8,9,10,29,Y6041060,,,,0,30.0,0,0
75,8,9,10,30,Y6041061,,,,0,30.0,0,0
75,8,9,11,10,Y6041062,,,,0,30.0,0,0
75,8,9,11,11,Y6041063,,,,0,30.0,0,0
75,8,9,11,12,Y6041064,,,,0,30.0,0,0
75,8,9,11,13,Y6041065,,,,0,30.0,0,0
75,8,9,11,14,Y6041066,,,,0,30.0,0,0
75,8,9,11,15,Y6041067,,,,0,30.0,0,0
75,8,9,11,16,Y6041068,,,,0,30.0,0,0
75,8,9,11,17,Y6041069,,,,0,30.0,0,0
75,8,9,11,18,Y6041070,,,,3341,30.0,0,0
75,8,9,11,19,Y6041071,,,,0,30.0,0,0
75,8,9,11,20,Y6041072,,,,0,30.0,0,0
75,8,9,11,21,Y6041073,,,,0,30.0,0,0
75,8,9,11,22,Y6041074,,,,0,30.0,0,0
75,8,9,11,23,Y6041075,,,,0,30.0,0,0
75,8,9,11,24,Y6041076,,,,0,30.0,0,0
75,8,9,11,25,Y6041077,,,,0,30.0,0,0
75,8,9,11,26,Y6041078,,,,0,30.0,0,0
75,8,9,11,27,Y6041079,,,,0,30.0,0,0
75,8,9,11,28,Y6041080,,,,0,30.0,0,0
75,8,9,11,29,Y6041081,,,,0,30.0,0,0
75,8,9,11,30,Y6041082,,,,0,30.0,0,0
75,8,9,12,10,Y6041083,,,,0,30.0,0,0
75,8,9,12,11,Y6041084,,,,0,30.0,0,0
75,8,9,12,12,Y6041085,,,,0,30.0,0,0
75,8,9,12,13,Y6041086,,,,0,30.0,0,0
75,8,9,12,14,Y6041087,,,,0,30.0,0,0
75,8,9,12,15,Y6041088,,,,0,30.0,0,0
75,8,9,12,16,Y6041089,,,,0,30.0,0,0
75,8,9,12,17,Y6041090,,,,0,30.0,0,0
75,8,9,12,18,Y6041091,,,,3454,30.0,0,0
75,8,9,12,19,Y6041092,,,,0,30.0,0,0
75,8,9,12,20,Y6041093,,,,0,30.0,0,0
75,8,9,12,21,Y6041094,,,,0,30.0,0,0
75,8,9,12,22,Y6041095,,,,0,30.0,0,0
75,8,9,12,23,Y6041096,,,,0,30.0,0,0
75,8,9,12,24,Y6041097,,,,0,30.0,0,0
75,8,9,12,25,Y6041098,,,,0,30.0,0,0
75,8,9,12,26,Y6041099,,,,0,30.0,0,0
75,8,9,12,27,Y6041100,,,,0,30.0,0,0
75,8,9,12,28,Y6041101,,,,0,30.0,0,0
75,8,9,12,29,Y6041102,,,,0,30.0,0,0
75,8,9,12,30,Y6041103,,,,0,30.0,0,0
75,8,10,1,10,Y6041104,,,,0,30.0,0,0
75,8,10,1,11,Y6041105,,,,0,30.0,0,0
75,8,10,1,12,Y6041106,,,,0,30.0,0,0
75,8,10,1,13,Y6041107,,,,0,30.0,0,0
75,8,10,1,14,Y6041108,,,,0,30.0,0,0
75,8,10,1,15,Y6041109,,,,0,30.0,0,0
75,8,10,1,16,Y6041110,,,,0,30.0,0,0
75,8,10,1,17,Y6041111,,,,0,30.0,0,0
75,8,10,1,18,Y6041112,,,,0,30.0,0,0
75,8,10,1,19,Y6041113,,,,0,30.0,0,0
75,8,10,1,20,Y6041114,,,,0,30.0,0,0
75,8,10,1,21,Y6041115,,,,0,30.0,0,0
75,8,10,1,22,Y6041116,,,,0,30.0,0,0
75,8,10,1,23,Y6041117,,,,0,30.0,0,0
75,8,10,1,24,Y6041118,,,,0,30.0,0,0
75,8,10,1,25,Y6041119,,,,0,30.0,0,0
75,8,10,1,26,Y6041120,,,,0,30.0,0,0
75,8,10,1,27,Y6041121,,,,0,30.0,0,0
75,8,10,1,28,Y6041122,,,,0,30.0,0,0
75,8,10,1,29,Y6041123,,,,0,30.0,0,0
75,8,10,1,30,Y6041124,,,,0,30.0,0,0
75,8,10,2,10,Y6041125,,,,0,30.0,0,0
75,8,10,2,11,Y6041126,,,,0,30.0,0,0
75,8,10,2,12,Y6041127,,,,0,30.0,0,0
75,8,10,2,13,Y6041128,,,,0,30.0,0,0
75,8,10,2,14,Y6041129,,,,0,30.0,0,0
75,8,10,2,15,Y6041130,,,,0,30.0,0,0
75,8,10,2,16,Y6041131,,,,0,30.0,0,0
75,8,10,2,17,Y6041132,,,,0,30.0,0,0
75,8,10,2,18,Y6041133,,,,0,30.0,0,0
75,8,10,2,19,Y6041134,,,,0,30.0,0,0
75,8,10,2,20,Y6041135,,,,0,30.0,0,0
75,8,10,2,21,Y6041136,,,,0,30.0,0,0
75,8,10,2,22,Y6041137,,,,0,30.0,0,0
75,8,10,2,23,Y6041138,,,,0,30.0,0,0
75,8,10,2,24,Y6041139,,,,0,30.0,0,0
75,8,10,2,25,Y6041140,,,,0,30.0,0,0
75,8,10,2,26,Y6041141,,,,0,30.0,0,0
75,8,10,2,27,Y6041142,,,,0,30.0,0,0
75,8,10,2,28,Y6041143,,,,0,30.0,0,0
75,8,10,2,29,Y6041144,,,,0,30.0,0,0
75,8,10,2,30,Y6041145,,,,0,30.0,0,0
75,8,10,3,10,Y6041146,,,,0,30.0,0,0
75,8,10,3,11,Y6041147,,,,0,30.0,0,0
75,8,10,3,12,Y6041148,,,,0,30.0,0,0
75,8,10,3,13,Y6041149,,,,0,30.0,0,0
75,8,10,3,14,Y6041150,,,,0,30.0,0,0
75,8,10,3,15,Y6041151,,,,0,30.0,0,0
75,8,10,3,16,Y6041152,,,,0,30.0,0,0
75,8,10,3,17,Y6041153,,,,0,30.0,0,0
75,8,10,3,18,Y6041154,,,,0,30.0,0,0
75,8,10,3,19,Y6041155,,,,0,30.0,0,0
75,8,10,3,20,Y6041156,,,,0,30.0,0,0
75,8,10,3,21,Y6041157,,,,0,30.0,0,0
75,8,10,3,22,Y6041158,,,,0,30.0,0,0
75,8,10,3,23,Y6041159,,,,0,30.0,0,0
75,8,10,3,24,Y6041160,,,,0,30.0,0,0
75,8,10,3,25,Y6041161,,,,0,30.0,0,0
75,8,10,3,26,Y6041162,,,,0,30.0,0,0
75,8,10,3,27,Y6041163,,,,0,30.0,0,0
75,8,10,3,28,Y6041164,,,,0,30.0,0,0
75,8,10,3,29,Y6041165,,,,0,30.0,0,0
75,8,10,3,30,Y6041166,,,,0,30.0,0,0
75,8,10,4,10,Y6041167,,,,0,30.0,0,0
75,8,10,4,11,Y6041168,,,,0,30.0,0,0
75,8,10,4,12,Y6041169,,,,0,30.0,0,0
75,8,10,4,13,Y6041170,,,,0,30.0,0,0
75,8,10,4,14,Y6041171,,,,0,30.0,0,0
75,8,10,4,15,Y6041172,,,,0,30.0,0,0
75,8,10,4,16,Y6041173,,,,0,30.0,0,0
75,8,10,4,17,Y6041174,,,,0,30.0,0,0
75,8,10,4,18,Y6041175,,,,0,30.0,0,0
75,8,10,4,19,Y6041176,,,,0,30.0,0,0
75,8,10,4,20,Y6041177,,,,0,30.0,0,0
75,8,10,4,21,Y6041178,,,,0,30.0,0,0
75,8,10,4,22,Y6041179,,,,0,30.0,0,0
75,8,10,4,23,Y6041180,,,,0,30.0,0,0
75,8,10,4,24,Y6041181,,,,0,30.0,0,0
75,8,10,4,25,Y6041182,,,,0,30.0,0,0
75,8,10,4,26,Y6041183,,,,0,30.0,0,0
75,8,10,4,27,Y6041184,,,,0,30.0,0,0
75,8,10,4,28,Y6041185,,,,0,30.0,0,0
75,8,10,4,29,Y6041186,,,,0,30.0,0,0
75,8,10,4,30,Y6041187,,,,0,30.0,0,0
75,8,10,5,10,Y6041188,,,,0,30.0,0,0
75,8,10,5,11,Y6041189,,,,0,30.0,0,0
75,8,10,5,12,Y6041190,,,,0,30.0,0,0
75,8,10,5,13,Y6041191,,,,0,30.0,0,0
75,8,10,5,14,Y6041192,,,,0,30.0,0,0
75,8,10,5,15,Y6041193,,,,0,30.0,0,0
75,8,10,5,16,Y6041194,,,,0,30.0,0,0
75,8,10,5,17,Y6041195,,,,0,30.0,0,0
75,8,10,5,18,Y6041196,,,,0,30.0,0,0
75,8,10,5,19,Y6041197,,,,0,30.0,0,0
75,8,10,5,20,Y6041198,,,,0,30.0,0,0
75,8,10,5,21,Y6041199,,,,0,30.0,0,0
75,8,10,5,22,Y6041200,,,,0,30.0,0,0
75,8,10,5,23,Y6041201,,,,0,30.0,0,0
75,8,10,5,24,Y6041202,,,,0,30.0,0,0
75,8,10,5,25,Y6041203,,,,0,30.0,0,0
75,8,10,5,26,Y6041204,,,,0,30.0,0,0
75,8,10,5,27,Y6041205,,,,0,30.0,0,0
75,8,10,5,28,Y6041206,,,,0,30.0,0,0
75,8,10,5,29,Y6041207,,,,0,30.0,0,0
75,8,10,5,30,Y6041208,,,,0,30.0,0,0
75,8,10,6,10,Y6041209,,,,0,30.0,0,0
75,8,10,6,11,Y6041210,,,,0,30.0,0,0
75,8,10,6,12,Y6041211,,,,0,30.0,0,0
75,8,10,6,13,Y6041212,,,,0,30.0,0,0
75,8,10,6,14,Y6041213,,,,0,30.0,0,0
75,8,10,6,15,Y6041214,,,,0,30.0,0,0
75,8,10,6,16,Y6041215,,,,0,30.0,0,0
75,8,10,6,17,Y6041216,,,,0,30.0,0,0
75,8,10,6,18,Y6041217,,,,0,30.0,0,0
75,8,10,6,19,Y6041218,,,,0,30.0,0,0
75,8,10,6,20,Y6041219,,,,0,30.0,0,0
75,8,10,6,21,Y6041220,,,,0,30.0,0,0
75,8,10,6,22,Y6041221,,,,0,30.0,0,0
75,8,10,6,23,Y6041222,,,,0,30.0,0,0
75,8,10,6,24,Y6041223,,,,0,30.0,0,0
75,8,10,6,25,Y6041224,,,,0,30.0,0,0
75,8,10,6,26,Y6041225,,,,0,30.0,0,0
75,8,10,6,27,Y6041226,,,,0,30.0,0,0
75,8,10,6,28,Y6041227,,,,0,30.0,0,0
75,8,10,6,29,Y6041228,,,,0,30.0,0,0
75,8,10,6,30,Y6041229,,,,0,30.0,0,0
75,8,10,7,10,Y6041230,,,,0,30.0,0,0
75,8,10,7,11,Y6041231,,,,0,30.0,0,0
75,8,10,7,12,Y6041232,,,,0,30.0,0,0
75,8,10,7,13,Y6041233,,,,0,30.0,0,0
75,8,10,7,14,Y6041234,,,,0,30.0,0,0
75,8,10,7,15,Y6041235,,,,0,30.0,0,0
75,8,10,7,16,Y6041236,,,,0,30.0,0,0
75,8,10,7,17,Y6041237,,,,0,30.0,0,0
75,8,10,7,18,Y6041238,,,,0,30.0,0,0
75,8,10,7,19,Y6041239,,,,0,30.0,0,0
75,8,10,7,20,Y6041240,,,,0,30.0,0,0
75,8,10,7,21,Y6041241,,,,0,30.0,0,0
75,8,10,7,22,Y6041242,,,,0,30.0,0,0
75,8,10,7,23,Y6041243,,,,0,30.0,0,0
75,8,10,7,24,Y6041244,,,,0,30.0,0,0
75,8,10,7,25,Y6041245,,,,0,30.0,0,0
75,8,10,7,26,Y6041246,,,,0,30.0,0,0
75,8,10,7,27,Y6041247,,,,0,30.0,0,0
75,8,10,7,28,Y6041248,,,,0,30.0,0,0
75,8,10,7,29,Y6041249,,,,0,30.0,0,0
75,8,10,7,30,Y6041250,,,,0,30.0,0,0
75,8,10,8,10,Y6041251,,,,0,30.0,0,0
75,8,10,8,11,Y6041252,,,,0,30.0,0,0
75,8,10,8,12,Y6041253,,,,0,30.0,0,0
75,8,10,8,13,Y6041254,,,,0,30.0,0,0
75,8,10,8,14,Y6041255,,,,0,30.0,0,0
75,8,10,8,15,Y6041256,,,,0,30.0,0,0
75,8,10,8,16,Y6041257,,,,0,30.0,0,0
75,8,10,8,17,Y6041258,,,,0,30.0,0,0
75,8,10,8,18,Y6041259,,,,0,30.0,0,0
75,8,10,8,19,Y6041260,,,,0,30.0,0,0
75,8,10,8,20,Y6041261,,,,0,30.0,0,0
75,8,10,8,21,Y6041262,,,,0,30.0,0,0
75,8,10,8,22,Y6041263,,,,0,30.0,0,0
75,8,10,8,23,Y6041264,,,,0,30.0,0,0
75,8,10,8,24,Y6041265,,,,0,30.0,0,0
75,8,10,8,25,Y6041266,,,,0,30.0,0,0
75,8,10,8,26,Y6041267,,,,0,30.0,0,0
75,8,10,8,27,Y6041268,,,,0,30.0,0,0
75,8,10,8,28,Y6041269,,,,0,30.0,0,0
75,8,10,8,29,Y6041270,,,,0,30.0,0,0
75,8,10,8,30,Y6041271,,,,0,30.0,0,0
75,8,10,9,10,Y6041272,,,,0,30.0,0,0
75,8,10,9,11,Y6041273,,,,0,30.0,0,0
75,8,10,9,12,Y6041274,,,,0,30.0,0,0
75,8,10,9,13,Y6041275,,,,0,30.0,0,0
75,8,10,9,14,Y6041276,,,,0,30.0,0,0
75,8,10,9,15,Y6041277,,,,0,30.0,0,0
75,8,10,9,16,Y6041278,,,,0,30.0,0,0
75,8,10,9,17,Y6041279,,,,0,30.0,0,0
75,8,10,9,18,Y6041280,,,,0,30.0,0,0
75,8,10,9,19,Y6041281,,,,0,30.0,0,0
75,8,10,9,20,Y6041282,,,,0,30.0,0,0
75,8,10,9,21,Y6041283,,,,0,30.0,0,0
75,8,10,9,22,Y6041284,,,,0,30.0,0,0
75,8,10,9,23,Y6041285,,,,0,30.0,0,0
75,8,10,9,24,Y6041286,,,,0,30.0,0,0
75,8,10,9,25,Y6041287,,,,0,30.0,0,0
75,8,10,9,26,Y6041288,,,,0,30.0,0,0
75,8,10,9,27,Y6041289,,,,0,30.0,0,0
75,8,10,9,28,Y6041290,,,,0,30.0,0,0
75,8,10,9,29,Y6041291,,,,0,30.0,0,0
75,8,10,9,30,Y6041292,,,,0,30.0,0,0
75,8,10,10,10,Y6041293,,,,0,30.0,0,0
75,8,10,10,11,Y6041294,,,,0,30.0,0,0
75,8,10,10,12,Y6041295,,,,0,30.0,0,0
75,8,10,10,13,Y6041296,,,,0,30.0,0,0
75,8,10,10,14,Y6041297,,,,0,30.0,0,0
75,8,10,10,15,Y6041298,,,,0,30.0,0,0
75,8,10,10,16,Y6041299,,,,0,30.0,0,0
75,8,10,10,17,Y6041300,,,,0,30.0,0,0
75,8,10,10,18,Y6041301,,,,0,30.0,0,0
75,8,10,10,19,Y6041302,,,,0,30.0,0,0
75,8,10,10,20,Y6041303,,,,0,30.0,0,0
75,8,10,10,21,Y6041304,,,,0,30.0,0,0
75,8,10,10,22,Y6041305,,,,0,30.0,0,0
75,8,10,10,23,Y6041306,,,,0,30.0,0,0
75,8,10,10,24,Y6041307,,,,0,30.0,0,0
75,8,10,10,25,Y6041308,,,,0,30.0,0,0
75,8,10,10,26,Y6041309,,,,0,30.0,0,0
75,8,10,10,27,Y6041310,,,,0,30.0,0,0
75,8,10,10,28,Y6041311,,,,0,30.0,0,0
75,8,10,10,29,Y6041312,,,,0,30.0,0,0
75,8,10,10,30,Y6041313,,,,0,30.0,0,0
75,8,10,11,10,Y6041314,,,,0,30.0,0,0
75,8,10,11,11,Y6041315,,,,0,30.0,0,0
75,8,10,11,12,Y6041316,,,,0,30.0,0,0
75,8,10,11,13,Y6041317,,,,0,30.0,0,0
75,8,10,11,14,Y6041318,,,,0,30.0,0,0
75,8,10,11,15,Y6041319,,,,0,30.0,0,0
75,8,10,11,16,Y6041320,,,,0,30.0,0,0
75,8,10,11,17,Y6041321,,,,0,30.0,0,0
75,8,10,11,18,Y6041322,,,,3296,30.0,0,0
75,8,10,11,19,Y6041323,,,,0,30.0,0,0
75,8,10,11,20,Y6041324,,,,0,30.0,0,0
75,8,10,11,21,Y6041325,,,,0,30.0,0,0
75,8,10,11,22,Y6041326,,,,0,30.0,0,0
75,8,10,11,23,Y6041327,,,,0,30.0,0,0
75,8,10,11,24,Y6041328,,,,0,30.0,0,0
75,8,10,11,25,Y6041329,,,,0,30.0,0,0
75,8,10,11,26,Y6041330,,,,0,30.0,0,0
75,8,10,11,27,Y6041331,,,,0,30.0,0,0
75,8,10,11,28,Y6041332,,,,0,30.0,0,0
75,8,10,11,29,Y6041333,,,,0,30.0,0,0
75,8,10,11,30,Y6041334,,,,0,30.0,0,0
75,8,10,12,10,Y6041335,,,,0,30.0,0,0
75,8,10,12,11,Y6041336,,,,0,30.0,0,0
75,8,10,12,12,Y6041337,,,,0,30.0,0,0
75,8,10,12,13,Y6041338,,,,0,30.0,0,0
75,8,10,12,14,Y6041339,,,,0,30.0,0,0
75,8,10,12,15,Y6041340,,,,0,30.0,0,0
75,8,10,12,16,Y6041341,,,,0,30.0,0,0
75,8,10,12,17,Y6041342,,,,0,30.0,0,0
75,8,10,12,18,Y6041343,,,,3396,30.0,0,0
75,8,10,12,19,Y6041344,,,,0,30.0,0,0
75,8,10,12,20,Y6041345,,,,0,30.0,0,0
75,8,10,12,21,Y6041346,,,,0,30.0,0,0
75,8,10,12,22,Y6041347,,,,0,30.0,0,0
75,8,10,12,23,Y6041348,,,,0,30.0,0,0
75,8,10,12,24,Y6041349,,,,0,30.0,0,0
75,8,10,12,25,Y6041350,,,,0,30.0,0,0
75,8,10,12,26,Y6041351,,,,0,30.0,0,0
75,8,10,12,27,Y6041352,,,,0,30.0,0,0
75,8,10,12,28,Y6041353,,,,0,30.0,0,0
75,8,10,12,29,Y6041354,,,,0,30.0,0,0
75,8,10,12,30,Y6041355,,,,0,30.0,0,0
75,8,11,1,10,Y6041356,,,,0,30.0,0,0
75,8,11,1,11,Y6041357,,,,0,30.0,0,0
75,8,11,1,12,Y6041358,,,,0,30.0,0,0
75,8,11,1,13,Y6041359,,,,0,30.0,0,0
75,8,11,1,14,Y6041360,,,,0,30.0,0,0
75,8,11,1,15,Y6041361,,,,0,30.0,0,0
75,8,11,1,16,Y6041362,,,,0,30.0,0,0
75,8,11,1,17,Y6041363,,,,0,30.0,0,0
75,8,11,1,18,Y6041364,,,,0,30.0,0,0
75,8,11,1,19,Y6041365,,,,0,30.0,0,0
75,8,11,1,20,Y6041366,,,,0,30.0,0,0
75,8,11,1,21,Y6041367,,,,0,30.0,0,0
75,8,11,1,22,Y6041368,,,,0,30.0,0,0
75,8,11,1,23,Y6041369,,,,0,30.0,0,0
75,8,11,1,24,Y6041370,,,,0,30.0,0,0
75,8,11,1,25,Y6041371,,,,0,30.0,0,0
75,8,11,1,26,Y6041372,,,,0,30.0,0,0
75,8,11,1,27,Y6041373,,,,0,30.0,0,0
75,8,11,1,28,Y6041374,,,,0,30.0,0,0
75,8,11,1,29,Y6041375,,,,0,30.0,0,0
75,8,11,1,30,Y6041376,,,,0,30.0,0,0
75,8,11,2,10,Y6041377,,,,0,30.0,0,0
75,8,11,2,11,Y6041378,,,,0,30.0,0,0
75,8,11,2,12,Y6041379,,,,0,30.0,0,0
75,8,11,2,13,Y6041380,,,,0,30.0,0,0
75,8,11,2,14,Y6041381,,,,0,30.0,0,0
75,8,11,2,15,Y6041382,,,,0,30.0,0,0
75,8,11,2,16,Y6041383,,,,0,30.0,0,0
75,8,11,2,17,Y6041384,,,,0,30.0,0,0
75,8,11,2,18,Y6041385,,,,0,30.0,0,0
75,8,11,2,19,Y6041386,,,,0,30.0,0,0
75,8,11,2,20,Y6041387,,,,0,30.0,0,0
75,8,11,2,21,Y6041388,,,,0,30.0,0,0
75,8,11,2,22,Y6041389,,,,0,30.0,0,0
75,8,11,2,23,Y6041390,,,,0,30.0,0,0
75,8,11,2,24,Y6041391,,,,0,30.0,0,0
75,8,11,2,25,Y6041392,,,,0,30.0,0,0
75,8,11,2,26,Y6041393,,,,0,30.0,0,0
75,8,11,2,27,Y6041394,,,,0,30.0,0,0
75,8,11,2,28,Y6041395,,,,0,30.0,0,0
75,8,11,2,29,Y6041396,,,,0,30.0,0,0
75,8,11,2,30,Y6041397,,,,0,30.0,0,0
75,8,11,3,10,Y6041398,,,,0,30.0,0,0
75,8,11,3,11,Y6041399,,,,0,30.0,0,0
75,8,11,3,12,Y6041400,,,,0,30.0,0,0
75,8,11,3,13,Y6041401,,,,0,30.0,0,0
75,8,11,3,14,Y6041402,,,,0,30.0,0,0
75,8,11,3,15,Y6041403,,,,0,30.0,0,0
75,8,11,3,16,Y6041404,,,,0,30.0,0,0
75,8,11,3,17,Y6041405,,,,0,30.0,0,0
75,8,11,3,18,Y6041406,,,,0,30.0,0,0
75,8,11,3,19,Y6041407,,,,0,30.0,0,0
75,8,11,3,20,Y6041408,,,,0,30.0,0,0
75,8,11,3,21,Y6041409,,,,0,30.0,0,0
75,8,11,3,22,Y6041410,,,,0,30.0,0,0
75,8,11,3,23,Y6041411,,,,0,30.0,0,0
75,8,11,3,24,Y6041412,,,,0,30.0,0,0
75,8,11,3,25,Y6041413,,,,0,30.0,0,0
75,8,11,3,26,Y6041414,,,,0,30.0,0,0
75,8,11,3,27,Y6041415,,,,0,30.0,0,0
75,8,11,3,28,Y6041416,,,,0,30.0,0,0
75,8,11,3,29,Y6041417,,,,0,30.0,0,0
75,8,11,3,30,Y6041418,,,,0,30.0,0,0
75,8,11,4,10,Y6041419,,,,0,30.0,0,0
75,8,11,4,11,Y6041420,,,,0,30.0,0,0
75,8,11,4,12,Y6041421,,,,0,30.0,0,0
75,8,11,4,13,Y6041422,,,,0,30.0,0,0
75,8,11,4,14,Y6041423,,,,0,30.0,0,0
75,8,11,4,15,Y6041424,,,,0,30.0,0,0
75,8,11,4,16,Y6041425,,,,0,30.0,0,0
75,8,11,4,17,Y6041426,,,,0,30.0,0,0
75,8,11,4,18,Y6041427,,,,0,30.0,0,0
75,8,11,4,19,Y6041428,,,,0,30.0,0,0
75,8,11,4,20,Y6041429,,,,0,30.0,0,0
75,8,11,4,21,Y6041430,,,,0,30.0,0,0
75,8,11,4,22,Y6041431,,,,0,30.0,0,0
75,8,11,4,23,Y6041432,,,,0,30.0,0,0
75,8,11,4,24,Y6041433,,,,0,30.0,0,0
75,8,11,4,25,Y6041434,,,,0,30.0,0,0
75,8,11,4,26,Y6041435,,,,0,30.0,0,0
75,8,11,4,27,Y6041436,,,,0,30.0,0,0
75,8,11,4,28,Y6041437,,,,0,30.0,0,0
75,8,11,4,29,Y6041438,,,,0,30.0,0,0
75,8,11,4,30,Y6041439,,,,0,30.0,0,0
75,8,11,5,10,Y6041440,,,,0,30.0,0,0
75,8,11,5,11,Y6041441,,,,0,30.0,0,0
75,8,11,5,12,Y6041442,,,,0,30.0,0,0
75,8,11,5,13,Y6041443,,,,0,30.0,0,0
75,8,11,5,14,Y6041444,,,,0,30.0,0,0
75,8,11,5,15,Y6041445,,,,0,30.0,0,0
75,8,11,5,16,Y6041446,,,,0,30.0,0,0
75,8,11,5,17,Y6041447,,,,0,30.0,0,0
75,8,11,5,18,Y6041448,,,,0,30.0,0,0
75,8,11,5,19,Y6041449,,,,0,30.0,0,0
75,8,11,5,20,Y6041450,,,,0,30.0,0,0
75,8,11,5,21,Y6041451,,,,0,30.0,0,0
75,8,11,5,22,Y6041452,,,,0,30.0,0,0
75,8,11,5,23,Y6041453,,,,0,30.0,0,0
75,8,11,5,24,Y6041454,,,,0,30.0,0,0
75,8,11,5,25,Y6041455,,,,0,30.0,0,0
75,8,11,5,26,Y6041456,,,,0,30.0,0,0
75,8,11,5,27,Y6041457,,,,0,30.0,0,0
75,8,11,5,28,Y6041458,,,,0,30.0,0,0
75,8,11,5,29,Y6041459,,,,0,30.0,0,0
75,8,11,5,30,Y6041460,,,,0,30.0,0,0
75,8,11,6,10,Y6041461,,,,0,30.0,0,0
75,8,11,6,11,Y6041462,,,,0,30.0,0,0
75,8,11,6,12,Y6041463,,,,0,30.0,0,0
75,8,11,6,13,Y6041464,,,,0,30.0,0,0
75,8,11,6,14,Y6041465,,,,0,30.0,0,0
75,8,11,6,15,Y6041466,,,,0,30.0,0,0
75,8,11,6,16,Y6041467,,,,0,30.0,0,0
75,8,11,6,17,Y6041468,,,,0,30.0,0,0
75,8,11,6,18,Y6041469,,,,0,30.0,0,0
75,8,11,6,19,Y6041470,,,,0,30.0,0,0
75,8,11,6,20,Y6041471,,,,0,30.0,0,0
75,8,11,6,21,Y6041472,,,,0,30.0,0,0
75,8,11,6,22,Y6041473,,,,0,30.0,0,0
75,8,11,6,23,Y6041474,,,,0,30.0,0,0
75,8,11,6,24,Y6041475,,,,0,30.0,0,0
75,8,11,6,25,Y6041476,,,,0,30.0,0,0
75,8,11,6,26,Y6041477,,,,0,30.0,0,0
75,8,11,6,27,Y6041478,,,,0,30.0,0,0
75,8,11,6,28,Y6041479,,,,0,30.0,0,0
75,8,11,6,29,Y6041480,,,,0,30.0,0,0
75,8,11,6,30,Y6041481,,,,0,30.0,0,0
75,8,11,7,10,Y6041482,,,,0,30.0,0,0
75,8,11,7,11,Y6041483,,,,0,30.0,0,0
75,8,11,7,12,Y6041484,,,,0,30.0,0,0
75,8,11,7,13,Y6041485,,,,0,30.0,0,0
75,8,11,7,14,Y6041486,,,,0,30.0,0,0
75,8,11,7,15,Y6041487,,,,0,30.0,0,0
75,8,11,7,16,Y6041488,,,,0,30.0,0,0
75,8,11,7,17,Y6041489,,,,0,30.0,0,0
75,8,11,7,18,Y6041490,,,,0,30.0,0,0
75,8,11,7,19,Y6041491,,,,0,30.0,0,0
75,8,11,7,20,Y6041492,,,,0,30.0,0,0
75,8,11,7,21,Y6041493,,,,0,30.0,0,0
75,8,11,7,22,Y6041494,,,,0,30.0,0,0
75,8,11,7,23,Y6041495,,,,0,30.0,0,0
75,8,11,7,24,Y6041496,,,,0,30.0,0,0
75,8,11,7,25,Y6041497,,,,0,30.0,0,0
75,8,11,7,26,Y6041498,,,,0,30.0,0,0
75,8,11,7,27,Y6041499,,,,0,30.0,0,0
75,8,11,7,28,Y6041500,,,,0,30.0,0,0
75,8,11,7,29,Y6041501,,,,0,30.0,0,0
75,8,11,7,30,Y6041502,,,,0,30.0,0,0
75,8,11,8,10,Y6041503,,,,0,30.0,0,0
75,8,11,8,11,Y6041504,,,,0,30.0,0,0
75,8,11,8,12,Y6041505,,,,0,30.0,0,0
75,8,11,8,13,Y6041506,,,,0,30.0,0,0
75,8,11,8,14,Y6041507,,,,0,30.0,0,0
75,8,11,8,15,Y6041508,,,,0,30.0,0,0
75,8,11,8,16,Y6041509,,,,0,30.0,0,0
75,8,11,8,17,Y6041510,,,,0,30.0,0,0
75,8,11,8,18,Y6041511,,,,0,30.0,0,0
75,8,11,8,19,Y6041512,,,,0,30.0,0,0
75,8,11,8,20,Y6041513,,,,0,30.0,0,0
75,8,11,8,21,Y6041514,,,,0,30.0,0,0
75,8,11,8,22,Y6041515,,,,0,30.0,0,0
75,8,11,8,23,Y6041516,,,,0,30.0,0,0
75,8,11,8,24,Y6041517,,,,0,30.0,0,0
75,8,11,8,25,Y6041518,,,,0,30.0,0,0
75,8,11,8,26,Y6041519,,,,0,30.0,0,0
75,8,11,8,27,Y6041520,,,,0,30.0,0,0
75,8,11,8,28,Y6041521,,,,0,30.0,0,0
75,8,11,8,29,Y6041522,,,,0,30.0,0,0
75,8,11,8,30,Y6041523,,,,0,30.0,0,0
75,8,11,9,10,Y6041524,,,,0,30.0,0,0
75,8,11,9,11,Y6041525,,,,0,30.0,0,0
75,8,11,9,12,Y6041526,,,,0,30.0,0,0
75,8,11,9,13,Y6041527,,,,0,30.0,0,0
75,8,11,9,14,Y6041528,,,,0,30.0,0,0
75,8,11,9,15,Y6041529,,,,0,30.0,0,0
75,8,11,9,16,Y6041530,,,,0,30.0,0,0
75,8,11,9,17,Y6041531,,,,0,30.0,0,0
75,8,11,9,18,Y6041532,,,,0,30.0,0,0
75,8,11,9,19,Y6041533,,,,0,30.0,0,0
75,8,11,9,20,Y6041534,,,,0,30.0,0,0
75,8,11,9,21,Y6041535,,,,0,30.0,0,0
75,8,11,9,22,Y6041536,,,,0,30.0,0,0
75,8,11,9,23,Y6041537,,,,0,30.0,0,0
75,8,11,9,24,Y6041538,,,,0,30.0,0,0
75,8,11,9,25,Y6041539,,,,0,30.0,0,0
75,8,11,9,26,Y6041540,,,,0,30.0,0,0
75,8,11,9,27,Y6041541,,,,0,30.0,0,0
75,8,11,9,28,Y6041542,,,,0,30.0,0,0
75,8,11,9,29,Y6041543,,,,0,30.0,0,0
75,8,11,9,30,Y6041544,,,,0,30.0,0,0
75,8,11,10,10,Y6041545,,,,0,30.0,0,0
75,8,11,10,11,Y6041546,,,,0,30.0,0,0
75,8,11,10,12,Y6041547,,,,0,30.0,0,0
75,8,11,10,13,Y6041548,,,,0,30.0,0,0
75,8,11,10,14,Y6041549,,,,0,30.0,0,0
75,8,11,10,15,Y6041550,,,,0,30.0,0,0
75,8,11,10,16,Y6041551,,,,0,30.0,0,0
75,8,11,10,17,Y6041552,,,,0,30.0,0,0
75,8,11,10,18,Y6041553,,,,0,30.0,0,0
75,8,11,10,19,Y6041554,,,,0,30.0,0,0
75,8,11,10,20,Y6041555,,,,0,30.0,0,0
75,8,11,10,21,Y6041556,,,,0,30.0,0,0
75,8,11,10,22,Y6041557,,,,0,30.0,0,0
75,8,11,10,23,Y6041558,,,,0,30.0,0,0
75,8,11,10,24,Y6041559,,,,0,30.0,0,0
75,8,11,10,25,Y6041560,,,,0,30.0,0,0
75,8,11,10,26,Y6041561,,,,0,30.0,0,0
75,8,11,10,27,Y6041562,,,,0,30.0,0,0
75,8,11,10,28,Y6041563,,,,0,30.0,0,0
75,8,11,10,29,Y6041564,,,,0,30.0,0,0
75,8,11,10,30,Y6041565,,,,0,30.0,0,0
75,8,11,11,10,Y6041566,,,,0,30.0,0,0
75,8,11,11,11,Y6041567,,,,0,30.0,0,0
75,8,11,11,12,Y6041568,,,,0,30.0,0,0
75,8,11,11,13,Y6041569,,,,0,30.0,0,0
75,8,11,11,14,Y6041570,,,,0,30.0,0,0
75,8,11,11,15,Y6041571,,,,0,30.0,0,0
75,8,11,11,16,Y6041572,,,,0,30.0,0,0
75,8,11,11,17,Y6041573,,,,0,30.0,0,0
75,8,11,11,18,Y6041574,,,,3309,30.0,0,0
75,8,11,11,19,Y6041575,,,,0,30.0,0,0
75,8,11,11,20,Y6041576,,,,0,30.0,0,0
75,8,11,11,21,Y6041577,,,,0,30.0,0,0
75,8,11,11,22,Y6041578,,,,0,30.0,0,0
75,8,11,11,23,Y6041579,,,,0,30.0,0,0
75,8,11,11,24,Y6041580,,,,0,30.0,0,0
75,8,11,11,25,Y6041581,,,,0,30.0,0,0
75,8,11,11,26,Y6041582,,,,0,30.0,0,0
75,8,11,11,27,Y6041583,,,,0,30.0,0,0
75,8,11,11,28,Y6041584,,,,0,30.0,0,0
75,8,11,11,29,Y6041585,,,,0,30.0,0,0
75,8,11,11,30,Y6041586,,,,0,30.0,0,0
75,8,11,12,10,Y6041587,,,,0,30.0,0,0
75,8,11,12,11,Y6041588,,,,0,30.0,0,0
75,8,11,12,12,Y6041589,,,,0,30.0,0,0
75,8,11,12,13,Y6041590,,,,0,30.0,0,0
75,8,11,12,14,Y6041591,,,,0,30.0,0,0
75,8,11,12,15,Y6041592,,,,0,30.0,0,0
75,8,11,12,16,Y6041593,,,,0,30.0,0,0
75,8,11,12,17,Y6041594,,,,0,30.0,0,0
75,8,11,12,18,Y6041595,,,,3445,30.0,0,0
75,8,11,12,19,Y6041596,,,,0,30.0,0,0
75,8,11,12,20,Y6041597,,,,0,30.0,0,0
75,8,11,12,21,Y6041598,,,,0,30.0,0,0
75,8,11,12,22,Y6041599,,,,0,30.0,0,0
75,8,11,12,23,Y6041600,,,,0,30.0,0,0
75,8,11,12,24,Y6041601,,,,0,30.0,0,0
75,8,11,12,25,Y6041602,,,,0,30.0,0,0
75,8,11,12,26,Y6041603,,,,0,30.0,0,0
75,8,11,12,27,Y6041604,,,,0,30.0,0,0
75,8,11,12,28,Y6041605,,,,0,30.0,0,0
75,8,11,12,29,Y6041606,,,,0,30.0,0,0
75,8,11,12,30,Y6041607,,,,0,30.0,0,0
75,8,12,1,10,Y6041608,,,,0,30.0,0,0
75,8,12,1,11,Y6041609,,,,0,30.0,0,0
75,8,12,1,12,Y6041610,,,,0,30.0,0,0
75,8,12,1,13,Y6041611,,,,0,30.0,0,0
75,8,12,1,14,Y6041612,,,,0,30.0,0,0
75,8,12,1,15,Y6041613,,,,0,30.0,0,0
75,8,12,1,16,Y6041614,,,,0,30.0,0,0
75,8,12,1,17,Y6041615,,,,0,30.0,0,0
75,8,12,1,18,Y6041616,,,,0,30.0,0,0
75,8,12,1,19,Y6041617,,,,0,30.0,0,0
75,8,12,1,20,Y6041618,,,,0,30.0,0,0
75,8,12,1,21,Y6041619,,,,0,30.0,0,0
75,8,12,1,22,Y6041620,,,,0,30.0,0,0
75,8,12,1,23,Y6041621,,,,0,30.0,0,0
75,8,12,1,24,Y6041622,,,,0,30.0,0,0
75,8,12,1,25,Y6041623,,,,0,30.0,0,0
75,8,12,1,26,Y6041624,,,,0,30.0,0,0
75,8,12,1,27,Y6041625,,,,0,30.0,0,0
75,8,12,1,28,Y6041626,,,,0,30.0,0,0
75,8,12,1,29,Y6041627,,,,0,30.0,0,0
75,8,12,1,30,Y6041628,,,,0,30.0,0,0
75,8,12,2,10,Y6041629,,,,0,30.0,0,0
75,8,12,2,11,Y6041630,,,,0,30.0,0,0
75,8,12,2,12,Y6041631,,,,0,30.0,0,0
75,8,12,2,13,Y6041632,,,,0,30.0,0,0
75,8,12,2,14,Y6041633,,,,0,30.0,0,0
75,8,12,2,15,Y6041634,,,,0,30.0,0,0
75,8,12,2,16,Y6041635,,,,0,30.0,0,0
75,8,12,2,17,Y6041636,,,,0,30.0,0,0
75,8,12,2,18,Y6041637,,,,0,30.0,0,0
75,8,12,2,19,Y6041638,,,,0,30.0,0,0
75,8,12,2,20,Y6041639,,,,0,30.0,0,0
75,8,12,2,21,Y6041640,,,,0,30.0,0,0
75,8,12,2,22,Y6041641,,,,0,30.0,0,0
75,8,12,2,23,Y6041642,,,,0,30.0,0,0
75,8,12,2,24,Y6041643,,,,0,30.0,0,0
75,8,12,2,25,Y6041644,,,,0,30.0,0,0
75,8,12,2,26,Y6041645,,,,0,30.0,0,0
75,8,12,2,27,Y6041646,,,,0,30.0,0,0
75,8,12,2,28,Y6041647,,,,0,30.0,0,0
75,8,12,2,29,Y6041648,,,,0,30.0,0,0
75,8,12,2,30,Y6041649,,,,0,30.0,0,0
75,8,12,3,10,Y6041650,,,,0,30.0,0,0
75,8,12,3,11,Y6041651,,,,0,30.0,0,0
75,8,12,3,12,Y6041652,,,,0,30.0,0,0
75,8,12,3,13,Y6041653,,,,0,30.0,0,0
75,8,12,3,14,Y6041654,,,,0,30.0,0,0
75,8,12,3,15,Y6041655,,,,0,30.0,0,0
75,8,12,3,16,Y6041656,,,,0,30.0,0,0
75,8,12,3,17,Y6041657,,,,0,30.0,0,0
75,8,12,3,18,Y6041658,,,,0,30.0,0,0
75,8,12,3,19,Y6041659,,,,0,30.0,0,0
75,8,12,3,20,Y6041660,,,,0,30.0,0,0
75,8,12,3,21,Y6041661,,,,0,30.0,0,0
75,8,12,3,22,Y6041662,,,,0,30.0,0,0
75,8,12,3,23,Y6041663,,,,0,30.0,0,0
75,8,12,3,24,Y6041664,,,,0,30.0,0,0
75,8,12,3,25,Y6041665,,,,0,30.0,0,0
75,8,12,3,26,Y6041666,,,,0,30.0,0,0
75,8,12,3,27,Y6041667,,,,0,30.0,0,0
75,8,12,3,28,Y6041668,,,,0,30.0,0,0
75,8,12,3,29,Y6041669,,,,0,30.0,0,0
75,8,12,3,30,Y6041670,,,,0,30.0,0,0
75,8,12,4,10,Y6041671,,,,0,30.0,0,0
75,8,12,4,11,Y6041672,,,,0,30.0,0,0
75,8,12,4,12,Y6041673,,,,0,30.0,0,0
75,8,12,4,13,Y6041674,,,,0,30.0,0,0
75,8,12,4,14,Y6041675,,,,0,30.0,0,0
75,8,12,4,15,Y6041676,,,,0,30.0,0,0
75,8,12,4,16,Y6041677,,,,0,30.0,0,0
75,8,12,4,17,Y6041678,,,,0,30.0,0,0
75,8,12,4,18,Y6041679,,,,0,30.0,0,0
75,8,12,4,19,Y6041680,,,,0,30.0,0,0
75,8,12,4,20,Y6041681,,,,0,30.0,0,0
75,8,12,4,21,Y6041682,,,,0,30.0,0,0
75,8,12,4,22,Y6041683,,,,0,30.0,0,0
75,8,12,4,23,Y6041684,,,,0,30.0,0,0
75,8,12,4,24,Y6041685,,,,0,30.0,0,0
75,8,12,4,25,Y6041686,,,,0,30.0,0,0
75,8,12,4,26,Y6041687,,,,0,30.0,0,0
75,8,12,4,27,Y6041688,,,,0,30.0,0,0
75,8,12,4,28,Y6041689,,,,0,30.0,0,0
75,8,12,4,29,Y6041690,,,,0,30.0,0,0
75,8,12,4,30,Y6041691,,,,0,30.0,0,0
75,8,12,5,10,Y6041692,,,,0,30.0,0,0
75,8,12,5,11,Y6041693,,,,0,30.0,0,0
75,8,12,5,12,Y6041694,,,,0,30.0,0,0
75,8,12,5,13,Y6041695,,,,0,30.0,0,0
75,8,12,5,14,Y6041696,,,,0,30.0,0,0
75,8,12,5,15,Y6041697,,,,0,30.0,0,0
75,8,12,5,16,Y6041698,,,,0,30.0,0,0
75,8,12,5,17,Y6041699,,,,0,30.0,0,0
75,8,12,5,18,Y6041700,,,,0,30.0,0,0
75,8,12,5,19,Y6041701,,,,0,30.0,0,0
75,8,12,5,20,Y6041702,,,,0,30.0,0,0
75,8,12,5,21,Y6041703,,,,0,30.0,0,0
75,8,12,5,22,Y6041704,,,,0,30.0,0,0
75,8,12,5,23,Y6041705,,,,0,30.0,0,0
75,8,12,5,24,Y6041706,,,,0,30.0,0,0
75,8,12,5,25,Y6041707,,,,0,30.0,0,0
75,8,12,5,26,Y6041708,,,,0,30.0,0,0
75,8,12,5,27,Y6041709,,,,0,30.0,0,0
75,8,12,5,28,Y6041710,,,,0,30.0,0,0
75,8,12,5,29,Y6041711,,,,0,30.0,0,0
75,8,12,5,30,Y6041712,,,,0,30.0,0,0
75,8,12,6,10,Y6041713,,,,0,30.0,0,0
75,8,12,6,11,Y6041714,,,,0,30.0,0,0
75,8,12,6,12,Y6041715,,,,0,30.0,0,0
75,8,12,6,13,Y6041716,,,,0,30.0,0,0
75,8,12,6,14,Y6041717,,,,0,30.0,0,0
75,8,12,6,15,Y6041718,,,,0,30.0,0,0
75,8,12,6,16,Y6041719,,,,0,30.0,0,0
75,8,12,6,17,Y6041720,,,,0,30.0,0,0
75,8,12,6,18,Y6041721,,,,0,30.0,0,0
75,8,12,6,19,Y6041722,,,,0,30.0,0,0
75,8,12,6,20,Y6041723,,,,0,30.0,0,0
75,8,12,6,21,Y6041724,,,,0,30.0,0,0
75,8,12,6,22,Y6041725,,,,0,30.0,0,0
75,8,12,6,23,Y6041726,,,,0,30.0,0,0
75,8,12,6,24,Y6041727,,,,0,30.0,0,0
75,8,12,6,25,Y6041728,,,,0,30.0,0,0
75,8,12,6,26,Y6041729,,,,0,30.0,0,0
75,8,12,6,27,Y6041730,,,,0,30.0,0,0
75,8,12,6,28,Y6041731,,,,0,30.0,0,0
75,8,12,6,29,Y6041732,,,,0,30.0,0,0
75,8,12,6,30,Y6041733,,,,0,30.0,0,0
75,8,12,7,10,Y6041734,,,,0,30.0,0,0
75,8,12,7,11,Y6041735,,,,0,30.0,0,0
75,8,12,7,12,Y6041736,,,,0,30.0,0,0
75,8,12,7,13,Y6041737,,,,0,30.0,0,0
75,8,12,7,14,Y6041738,,,,0,30.0,0,0
75,8,12,7,15,Y6041739,,,,0,30.0,0,0
75,8,12,7,16,Y6041740,,,,0,30.0,0,0
75,8,12,7,17,Y6041741,,,,0,30.0,0,0
75,8,12,7,18,Y6041742,,,,0,30.0,0,0
75,8,12,7,19,Y6041743,,,,0,30.0,0,0
75,8,12,7,20,Y6041744,,,,0,30.0,0,0
75,8,12,7,21,Y6041745,,,,0,30.0,0,0
75,8,12,7,22,Y6041746,,,,0,30.0,0,0
75,8,12,7,23,Y6041747,,,,0,30.0,0,0
75,8,12,7,24,Y6041748,,,,0,30.0,0,0
75,8,12,7,25,Y6041749,,,,0,30.0,0,0
75,8,12,7,26,Y6041750,,,,0,30.0,0,0
75,8,12,7,27,Y6041751,,,,0,30.0,0,0
75,8,12,7,28,Y6041752,,,,0,30.0,0,0
75,8,12,7,29,Y6041753,,,,0,30.0,0,0
75,8,12,7,30,Y6041754,,,,0,30.0,0,0
75,8,12,8,10,Y6041755,,,,0,30.0,0,0
75,8,12,8,11,Y6041756,,,,0,30.0,0,0
75,8,12,8,12,Y6041757,,,,0,30.0,0,0
75,8,12,8,13,Y6041758,,,,0,30.0,0,0
75,8,12,8,14,Y6041759,,,,0,30.0,0,0
75,8,12,8,15,Y6041760,,,,0,30.0,0,0
75,8,12,8,16,Y6041761,,,,0,30.0,0,0
75,8,12,8,17,Y6041762,,,,0,30.0,0,0
75,8,12,8,18,Y6041763,,,,0,30.0,0,0
75,8,12,8,19,Y6041764,,,,0,30.0,0,0
75,8,12,8,20,Y6041765,,,,0,30.0,0,0
75,8,12,8,21,Y6041766,,,,0,30.0,0,0
75,8,12,8,22,Y6041767,,,,0,30.0,0,0
75,8,12,8,23,Y6041768,,,,0,30.0,0,0
75,8,12,8,24,Y6041769,,,,0,30.0,0,0
75,8,12,8,25,Y6041770,,,,0,30.0,0,0
75,8,12,8,26,Y6041771,,,,0,30.0,0,0
75,8,12,8,27,Y6041772,,,,0,30.0,0,0
75,8,12,8,28,Y6041773,,,,0,30.0,0,0
75,8,12,8,29,Y6041774,,,,0,30.0,0,0
75,8,12,8,30,Y6041775,,,,0,30.0,0,0
75,8,12,9,10,Y6041776,,,,0,30.0,0,0
75,8,12,9,11,Y6041777,,,,0,30.0,0,0
75,8,12,9,12,Y6041778,,,,0,30.0,0,0
75,8,12,9,13,Y6041779,,,,0,30.0,0,0
75,8,12,9,14,Y6041780,,,,0,30.0,0,0
75,8,12,9,15,Y6041781,,,,0,30.0,0,0
75,8,12,9,16,Y6041782,,,,0,30.0,0,0
75,8,12,9,17,Y6041783,,,,0,30.0,0,0
75,8,12,9,18,Y6041784,,,,0,30.0,0,0
75,8,12,9,19,Y6041785,,,,0,30.0,0,0
75,8,12,9,20,Y6041786,,,,0,30.0,0,0
75,8,12,9,21,Y6041787,,,,0,30.0,0,0
75,8,12,9,22,Y6041788,,,,0,30.0,0,0
75,8,12,9,23,Y6041789,,,,0,30.0,0,0
75,8,12,9,24,Y6041790,,,,0,30.0,0,0
75,8,12,9,25,Y6041791,,,,0,30.0,0,0
75,8,12,9,26,Y6041792,,,,0,30.0,0,0
75,8,12,9,27,Y6041793,,,,0,30.0,0,0
75,8,12,9,28,Y6041794,,,,0,30.0,0,0
75,8,12,9,29,Y6041795,,,,0,30.0,0,0
75,8,12,9,30,Y6041796,,,,0,30.0,0,0
75,8,12,10,10,Y6041797,,,,0,30.0,0,0
75,8,12,10,11,Y6041798,,,,0,30.0,0,0
75,8,12,10,12,Y6041799,,,,0,30.0,0,0
75,8,12,10,13,Y6041800,,,,0,30.0,0,0
75,8,12,10,14,Y6041801,,,,0,30.0,0,0
75,8,12,10,15,Y6041802,,,,0,30.0,0,0
75,8,12,10,16,Y6041803,,,,0,30.0,0,0
75,8,12,10,17,Y6041804,,,,0,30.0,0,0
75,8,12,10,18,Y6041805,,,,0,30.0,0,0
75,8,12,10,19,Y6041806,,,,0,30.0,0,0
75,8,12,10,20,Y6041807,,,,0,30.0,0,0
75,8,12,10,21,Y6041808,,,,0,30.0,0,0
75,8,12,10,22,Y6041809,,,,0,30.0,0,0
75,8,12,10,23,Y6041810,,,,0,30.0,0,0
75,8,12,10,24,Y6041811,,,,0,30.0,0,0
75,8,12,10,25,Y6041812,,,,0,30.0,0,0
75,8,12,10,26,Y6041813,,,,0,30.0,0,0
75,8,12,10,27,Y6041814,,,,0,30.0,0,0
75,8,12,10,28,Y6041815,,,,0,30.0,0,0
75,8,12,10,29,Y6041816,,,,0,30.0,0,0
75,8,12,10,30,Y6041817,,,,0,30.0,0,0
75,8,12,11,10,Y6041818,,,,0,30.0,0,0
75,8,12,11,11,Y6041819,,,,0,30.0,0,0
75,8,12,11,12,Y6041820,,,,0,30.0,0,0
75,8,12,11,13,Y6041821,,,,0,30.0,0,0
75,8,12,11,14,Y6041822,,,,0,30.0,0,0
75,8,12,11,15,Y6041823,,,,0,30.0,0,0
75,8,12,11,16,Y6041824,,,,0,30.0,0,0
75,8,12,11,17,Y6041825,,,,0,30.0,0,0
75,8,12,11,18,Y6041826,,,,0,30.0,0,0
75,8,12,11,19,Y6041827,,,,0,30.0,0,0
75,8,12,11,20,Y6041828,,,,0,30.0,0,0
75,8,12,11,21,Y6041829,,,,0,30.0,0,0
75,8,12,11,22,Y6041830,,,,0,30.0,0,0
75,8,12,11,23,Y6041831,,,,0,30.0,0,0
75,8,12,11,24,Y6041832,,,,0,30.0,0,0
75,8,12,11,25,Y6041833,,,,0,30.0,0,0
75,8,12,11,26,Y6041834,,,,0,30.0,0,0
75,8,12,11,27,Y6041835,,,,0,30.0,0,0
75,8,12,11,28,Y6041836,,,,0,30.0,0,0
75,8,12,11,29,Y6041837,,,,0,30.0,0,0
75,8,12,11,30,Y6041838,,,,0,30.0,0,0
75,8,12,12,10,Y6041839,,,,0,30.0,0,0
75,8,12,12,11,Y6041840,,,,0,30.0,0,0
75,8,12,12,12,Y6041841,,,,0,30.0,0,0
75,8,12,12,13,Y6041842,,,,0,30.0,0,0
75,8,12,12,14,Y6041843,,,,0,30.0,0,0
75,8,12,12,15,Y6041844,,,,0,30.0,0,0
75,8,12,12,16,Y6041845,,,,0,30.0,0,0
75,8,12,12,17,Y6041846,,,,0,30.0,0,0
75,8,12,12,18,Y6041847,,,,0,30.0,0,0
75,8,12,12,19,Y6041848,,,,0,30.0,0,0
75,8,12,12,20,Y6041849,,,,0,30.0,0,0
75,8,12,12,21,Y6041850,,,,0,30.0,0,0
75,8,12,12,22,Y6041851,,,,0,30.0,0,0
75,8,12,12,23,Y6041852,,,,0,30.0,0,0
75,8,12,12,24,Y6041853,,,,0,30.0,0,0
75,8,12,12,25,Y6041854,,,,0,30.0,0,0
75,8,12,12,26,Y6041855,,,,0,30.0,0,0
75,8,12,12,27,Y6041856,,,,0,30.0,0,0
75,8,12,12,28,Y6041857,,,,0,30.0,0,0
75,8,12,12,29,Y6041858,,,,0,30.0,0,0
75,8,12,12,30,Y6041859,,,,0,30.0,0,0
75,8,13,1,10,Y6041860,,,,0,30.0,0,0
75,8,13,1,11,Y6041861,,,,0,30.0,0,0
75,8,13,1,12,Y6041862,,,,0,30.0,0,0
75,8,13,1,13,Y6041863,,,,0,30.0,0,0
75,8,13,1,14,Y6041864,,,,0,30.0,0,0
75,8,13,1,15,Y6041865,,,,0,30.0,0,0
75,8,13,1,16,Y6041866,,,,0,30.0,0,0
75,8,13,1,17,Y6041867,,,,0,30.0,0,0
75,8,13,1,18,Y6041868,,,,0,30.0,0,0
75,8,13,1,19,Y6041869,,,,0,30.0,0,0
75,8,13,1,20,Y6041870,,,,0,30.0,0,0
75,8,13,1,21,Y6041871,,,,0,30.0,0,0
75,8,13,1,22,Y6041872,,,,0,30.0,0,0
75,8,13,1,23,Y6041873,,,,0,30.0,0,0
75,8,13,1,24,Y6041874,,,,0,30.0,0,0
75,8,13,1,25,Y6041875,,,,0,30.0,0,0
75,8,13,1,26,Y6041876,,,,0,30.0,0,0
75,8,13,1,27,Y6041877,,,,0,30.0,0,0
75,8,13,1,28,Y6041878,,,,0,30.0,0,0
75,8,13,1,29,Y6041879,,,,0,30.0,0,0
75,8,13,1,30,Y6041880,,,,0,30.0,0,0
75,8,13,2,10,Y6041881,,,,0,30.0,0,0
75,8,13,2,11,Y6041882,,,,0,30.0,0,0
75,8,13,2,12,Y6041883,,,,0,30.0,0,0
75,8,13,2,13,Y6041884,,,,0,30.0,0,0
75,8,13,2,14,Y6041885,,,,0,30.0,0,0
75,8,13,2,15,Y6041886,,,,0,30.0,0,0
75,8,13,2,16,Y6041887,,,,0,30.0,0,0
75,8,13,2,17,Y6041888,,,,0,30.0,0,0
75,8,13,2,18,Y6041889,,,,0,30.0,0,0
75,8,13,2,19,Y6041890,,,,0,30.0,0,0
75,8,13,2,20,Y6041891,,,,0,30.0,0,0
75,8,13,2,21,Y6041892,,,,0,30.0,0,0
75,8,13,2,22,Y6041893,,,,0,30.0,0,0
75,8,13,2,23,Y6041894,,,,0,30.0,0,0
75,8,13,2,24,Y6041895,,,,0,30.0,0,0
75,8,13,2,25,Y6041896,,,,0,30.0,0,0
75,8,13,2,26,Y6041897,,,,0,30.0,0,0
75,8,13,2,27,Y6041898,,,,0,30.0,0,0
75,8,13,2,28,Y6041899,,,,0,30.0,0,0
75,8,13,2,29,Y6041900,,,,0,30.0,0,0
75,8,13,2,30,Y6041901,,,,0,30.0,0,0
75,8,13,3,10,Y6041902,,,,0,30.0,0,0
75,8,13,3,11,Y6041903,,,,0,30.0,0,0
75,8,13,3,12,Y6041904,,,,0,30.0,0,0
75,8,13,3,13,Y6041905,,,,0,30.0,0,0
75,8,13,3,14,Y6041906,,,,0,30.0,0,0
75,8,13,3,15,Y6041907,,,,0,30.0,0,0
75,8,13,3,16,Y6041908,,,,0,30.0,0,0
75,8,13,3,17,Y6041909,,,,0,30.0,0,0
75,8,13,3,18,Y6041910,,,,0,30.0,0,0
75,8,13,3,19,Y6041911,,,,0,30.0,0,0
75,8,13,3,20,Y6041912,,,,0,30.0,0,0
75,8,13,3,21,Y6041913,,,,0,30.0,0,0
75,8,13,3,22,Y6041914,,,,0,30.0,0,0
75,8,13,3,23,Y6041915,,,,0,30.0,0,0
75,8,13,3,24,Y6041916,,,,0,30.0,0,0
75,8,13,3,25,Y6041917,,,,0,30.0,0,0
75,8,13,3,26,Y6041918,,,,0,30.0,0,0
75,8,13,3,27,Y6041919,,,,0,30.0,0,0
75,8,13,3,28,Y6041920,,,,0,30.0,0,0
75,8,13,3,29,Y6041921,,,,0,30.0,0,0
75,8,13,3,30,Y6041922,,,,0,30.0,0,0
75,8,13,4,10,Y6041923,,,,0,30.0,0,0
75,8,13,4,11,Y6041924,,,,0,30.0,0,0
75,8,13,4,12,Y6041925,,,,0,30.0,0,0
75,8,13,4,13,Y6041926,,,,0,30.0,0,0
75,8,13,4,14,Y6041927,,,,0,30.0,0,0
75,8,13,4,15,Y6041928,,,,0,30.0,0,0
75,8,13,4,16,Y6041929,,,,0,30.0,0,0
75,8,13,4,17,Y6041930,,,,0,30.0,0,0
75,8,13,4,18,Y6041931,,,,0,30.0,0,0
75,8,13,4,19,Y6041932,,,,0,30.0,0,0
75,8,13,4,20,Y6041933,,,,0,30.0,0,0
75,8,13,4,21,Y6041934,,,,0,30.0,0,0
75,8,13,4,22,Y6041935,,,,0,30.0,0,0
75,8,13,4,23,Y6041936,,,,0,30.0,0,0
75,8,13,4,24,Y6041937,,,,0,30.0,0,0
75,8,13,4,25,Y6041938,,,,0,30.0,0,0
75,8,13,4,26,Y6041939,,,,0,30.0,0,0
75,8,13,4,27,Y6041940,,,,0,30.0,0,0
75,8,13,4,28,Y6041941,,,,0,30.0,0,0
75,8,13,4,29,Y6041942,,,,0,30.0,0,0
75,8,13,4,30,Y6041943,,,,0,30.0,0,0
75,8,13,5,10,Y6041944,,,,0,30.0,0,0
75,8,13,5,11,Y6041945,,,,0,30.0,0,0
75,8,13,5,12,Y6041946,,,,0,30.0,0,0
75,8,13,5,13,Y6041947,,,,0,30.0,0,0
75,8,13,5,14,Y6041948,,,,0,30.0,0,0
75,8,13,5,15,Y6041949,,,,0,30.0,0,0
75,8,13,5,16,Y6041950,,,,0,30.0,0,0
75,8,13,5,17,Y6041951,,,,0,30.0,0,0
75,8,13,5,18,Y6041952,,,,0,30.0,0,0
75,8,13,5,19,Y6041953,,,,0,30.0,0,0
75,8,13,5,20,Y6041954,,,,0,30.0,0,0
75,8,13,5,21,Y6041955,,,,0,30.0,0,0
75,8,13,5,22,Y6041956,,,,0,30.0,0,0
75,8,13,5,23,Y6041957,,,,0,30.0,0,0
75,8,13,5,24,Y6041958,,,,0,30.0,0,0
75,8,13,5,25,Y6041959,,,,0,30.0,0,0
75,8,13,5,26,Y6041960,,,,0,30.0,0,0
75,8,13,5,27,Y6041961,,,,0,30.0,0,0
75,8,13,5,28,Y6041962,,,,0,30.0,0,0
75,8,13,5,29,Y6041963,,,,0,30.0,0,0
75,8,13,5,30,Y6041964,,,,0,30.0,0,0
75,8,13,6,10,Y6041965,,,,0,30.0,0,0
75,8,13,6,11,Y6041966,,,,0,30.0,0,0
75,8,13,6,12,Y6041967,,,,0,30.0,0,0
75,8,13,6,13,Y6041968,,,,0,30.0,0,0
75,8,13,6,14,Y6041969,,,,0,30.0,0,0
75,8,13,6,15,Y6041970,,,,0,30.0,0,0
75,8,13,6,16,Y6041971,,,,0,30.0,0,0
75,8,13,6,17,Y6041972,,,,0,30.0,0,0
75,8,13,6,18,Y6041973,,,,0,30.0,0,0
75,8,13,6,19,Y6041974,,,,0,30.0,0,0
75,8,13,6,20,Y6041975,,,,0,30.0,0,0
75,8,13,6,21,Y6041976,,,,0,30.0,0,0
75,8,13,6,22,Y6041977,,,,0,30.0,0,0
75,8,13,6,23,Y6041978,,,,0,30.0,0,0
75,8,13,6,24,Y6041979,,,,0,30.0,0,0
75,8,13,6,25,Y6041980,,,,0,30.0,0,0
75,8,13,6,26,Y6041981,,,,0,30.0,0,0
75,8,13,6,27,Y6041982,,,,0,30.0,0,0
75,8,13,6,28,Y6041983,,,,0,30.0,0,0
75,8,13,6,29,Y6041984,,,,0,30.0,0,0
75,8,13,6,30,Y6041985,,,,0,30.0,0,0
75,8,13,7,10,Y6041986,,,,0,30.0,0,0
75,8,13,7,11,Y6041987,,,,0,30.0,0,0
75,8,13,7,12,Y6041988,,,,0,30.0,0,0
75,8,13,7,13,Y6041989,,,,0,30.0,0,0
75,8,13,7,14,Y6041990,,,,0,30.0,0,0
75,8,13,7,15,Y6041991,,,,0,30.0,0,0
75,8,13,7,16,Y6041992,,,,0,30.0,0,0
75,8,13,7,17,Y6041993,,,,0,30.0,0,0
75,8,13,7,18,Y6041994,,,,0,30.0,0,0
75,8,13,7,19,Y6041995,,,,0,30.0,0,0
75,8,13,7,20,Y6041996,,,,0,30.0,0,0
75,8,13,7,21,Y6041997,,,,0,30.0,0,0
75,8,13,7,22,Y6041998,,,,0,30.0,0,0
75,8,13,7,23,Y6041999,,,,0,30.0,0,0
75,8,13,7,24,Y6042000,,,,0,30.0,0,0
75,8,13,7,25,Y6042001,,,,0,30.0,0,0
75,8,13,7,26,Y6042002,,,,0,30.0,0,0
75,8,13,7,27,Y6042003,,,,0,30.0,0,0
75,8,13,7,28,Y6042004,,,,0,30.0,0,0
75,8,13,7,29,Y6042005,,,,0,30.0,0,0
75,8,13,7,30,Y6042006,,,,0,30.0,0,0
75,8,13,8,10,Y6042007,,,,0,30.0,0,0
75,8,13,8,11,Y6042008,,,,0,30.0,0,0
75,8,13,8,12,Y6042009,,,,0,30.0,0,0
75,8,13,8,13,Y6042010,,,,0,30.0,0,0
75,8,13,8,14,Y6042011,,,,0,30.0,0,0
75,8,13,8,15,Y6042012,,,,0,30.0,0,0
75,8,13,8,16,Y6042013,,,,0,30.0,0,0
75,8,13,8,17,Y6042014,,,,0,30.0,0,0
75,8,13,8,18,Y6042015,,,,0,30.0,0,0
75,8,13,8,19,Y6042016,,,,0,30.0,0,0
75,8,13,8,20,Y6042017,,,,0,30.0,0,0
75,8,13,8,21,Y6042018,,,,0,30.0,0,0
75,8,13,8,22,Y6042019,,,,0,30.0,0,0
75,8,13,8,23,Y6042020,,,,0,30.0,0,0
75,8,13,8,24,Y6042021,,,,0,30.0,0,0
75,8,13,8,25,Y6042022,,,,0,30.0,0,0
75,8,13,8,26,Y6042023,,,,0,30.0,0,0
75,8,13,8,27,Y6042024,,,,0,30.0,0,0
75,8,13,8,28,Y6042025,,,,0,30.0,0,0
75,8,13,8,29,Y6042026,,,,0,30.0,0,0
75,8,13,8,30,Y6042027,,,,0,30.0,0,0
75,8,13,9,10,Y6042028,,,,0,30.0,0,0
75,8,13,9,11,Y6042029,,,,0,30.0,0,0
75,8,13,9,12,Y6042030,,,,0,30.0,0,0
75,8,13,9,13,Y6042031,,,,0,30.0,0,0
75,8,13,9,14,Y6042032,,,,0,30.0,0,0
75,8,13,9,15,Y6042033,,,,0,30.0,0,0
75,8,13,9,16,Y6042034,,,,0,30.0,0,0
75,8,13,9,17,Y6042035,,,,0,30.0,0,0
75,8,13,9,18,Y6042036,,,,0,30.0,0,0
75,8,13,9,19,Y6042037,,,,0,30.0,0,0
75,8,13,9,20,Y6042038,,,,0,30.0,0,0
75,8,13,9,21,Y6042039,,,,0,30.0,0,0
75,8,13,9,22,Y6042040,,,,0,30.0,0,0
75,8,13,9,23,Y6042041,,,,0,30.0,0,0
75,8,13,9,24,Y6042042,,,,0,30.0,0,0
75,8,13,9,25,Y6042043,,,,0,30.0,0,0
75,8,13,9,26,Y6042044,,,,0,30.0,0,0
75,8,13,9,27,Y6042045,,,,0,30.0,0,0
75,8,13,9,28,Y6042046,,,,0,30.0,0,0
75,8,13,9,29,Y6042047,,,,0,30.0,0,0
75,8,13,9,30,Y6042048,,,,0,30.0,0,0
75,8,13,10,10,Y6042049,,,,0,30.0,0,0
75,8,13,10,11,Y6042050,,,,0,30.0,0,0
75,8,13,10,12,Y6042051,,,,0,30.0,0,0
75,8,13,10,13,Y6042052,,,,0,30.0,0,0
75,8,13,10,14,Y6042053,,,,0,30.0,0,0
75,8,13,10,15,Y6042054,,,,0,30.0,0,0
75,8,13,10,16,Y6042055,,,,0,30.0,0,0
75,8,13,10,17,Y6042056,,,,0,30.0,0,0
75,8,13,10,18,Y6042057,,,,0,30.0,0,0
75,8,13,10,19,Y6042058,,,,0,30.0,0,0
75,8,13,10,20,Y6042059,,,,0,30.0,0,0
75,8,13,10,21,Y6042060,,,,0,30.0,0,0
75,8,13,10,22,Y6042061,,,,0,30.0,0,0
75,8,13,10,23,Y6042062,,,,0,30.0,0,0
75,8,13,10,24,Y6042063,,,,0,30.0,0,0
75,8,13,10,25,Y6042064,,,,0,30.0,0,0
75,8,13,10,26,Y6042065,,,,0,30.0,0,0
75,8,13,10,27,Y6042066,,,,0,30.0,0,0
75,8,13,10,28,Y6042067,,,,0,30.0,0,0
75,8,13,10,29,Y6042068,,,,0,30.0,0,0
75,8,13,10,30,Y6042069,,,,0,30.0,0,0
75,8,13,11,10,Y6042070,,,,0,30.0,0,0
75,8,13,11,11,Y6042071,,,,0,30.0,0,0
75,8,13,11,12,Y6042072,,,,0,30.0,0,0
75,8,13,11,13,Y6042073,,,,0,30.0,0,0
75,8,13,11,14,Y6042074,,,,0,30.0,0,0
75,8,13,11,15,Y6042075,,,,0,30.0,0,0
75,8,13,11,16,Y6042076,,,,0,30.0,0,0
75,8,13,11,17,Y6042077,,,,0,30.0,0,0
75,8,13,11,18,Y6042078,,,,0,30.0,0,0
75,8,13,11,19,Y6042079,,,,0,30.0,0,0
75,8,13,11,20,Y6042080,,,,0,30.0,0,0
75,8,13,11,21,Y6042081,,,,0,30.0,0,0
75,8,13,11,22,Y6042082,,,,0,30.0,0,0
75,8,13,11,23,Y6042083,,,,0,30.0,0,0
75,8,13,11,24,Y6042084,,,,0,30.0,0,0
75,8,13,11,25,Y6042085,,,,0,30.0,0,0
75,8,13,11,26,Y6042086,,,,0,30.0,0,0
75,8,13,11,27,Y6042087,,,,0,30.0,0,0
75,8,13,11,28,Y6042088,,,,0,30.0,0,0
75,8,13,11,29,Y6042089,,,,0,30.0,0,0
75,8,13,11,30,Y6042090,,,,0,30.0,0,0
75,8,13,12,10,Y6042091,,,,0,30.0,0,0
75,8,13,12,11,Y6042092,,,,0,30.0,0,0
75,8,13,12,12,Y6042093,,,,0,30.0,0,0
75,8,13,12,13,Y6042094,,,,0,30.0,0,0
75,8,13,12,14,Y6042095,,,,0,30.0,0,0
75,8,13,12,15,Y6042096,,,,0,30.0,0,0
75,8,13,12,16,Y6042097,,,,0,30.0,0,0
75,8,13,12,17,Y6042098,,,,0,30.0,0,0
75,8,13,12,18,Y6042099,,,,0,30.0,0,0
75,8,13,12,19,Y6042100,,,,0,30.0,0,0
75,8,13,12,20,Y6042101,,,,0,30.0,0,0
75,8,13,12,21,Y6042102,,,,0,30.0,0,0
75,8,13,12,22,Y6042103,,,,0,30.0,0,0
75,8,13,12,23,Y6042104,,,,0,30.0,0,0
75,8,13,12,24,Y6042105,,,,0,30.0,0,0
75,8,13,12,25,Y6042106,,,,0,30.0,0,0
75,8,13,12,26,Y6042107,,,,0,30.0,0,0
75,8,13,12,27,Y6042108,,,,0,30.0,0,0
75,8,13,12,28,Y6042109,,,,0,30.0,0,0
75,8,13,12,29,Y6042110,,,,0,30.0,0,0
75,8,13,12,30,Y6042111,,,,0,30.0,0,0
75,8,14,1,10,Y6042112,,,,0,30.0,0,0
75,8,14,1,11,Y6042113,,,,0,30.0,0,0
75,8,14,1,12,Y6042114,,,,0,30.0,0,0
75,8,14,1,13,Y6042115,,,,0,30.0,0,0
75,8,14,1,14,Y6042116,,,,0,30.0,0,0
75,8,14,1,15,Y6042117,,,,0,30.0,0,0
75,8,14,1,16,Y6042118,,,,0,30.0,0,0
75,8,14,1,17,Y6042119,,,,0,30.0,0,0
75,8,14,1,18,Y6042120,,,,0,30.0,0,0
75,8,14,1,19,Y6042121,,,,0,30.0,0,0
75,8,14,1,20,Y6042122,,,,0,30.0,0,0
75,8,14,1,21,Y6042123,,,,0,30.0,0,0
75,8,14,1,22,Y6042124,,,,0,30.0,0,0
75,8,14,1,23,Y6042125,,,,0,30.0,0,0
75,8,14,1,24,Y6042126,,,,0,30.0,0,0
75,8,14,1,25,Y6042127,,,,0,30.0,0,0
75,8,14,1,26,Y6042128,,,,0,30.0,0,0
75,8,14,1,27,Y6042129,,,,0,30.0,0,0
75,8,14,1,28,Y6042130,,,,0,30.0,0,0
75,8,14,1,29,Y6042131,,,,0,30.0,0,0
75,8,14,1,30,Y6042132,,,,0,30.0,0,0
75,8,14,2,10,Y6042133,,,,0,30.0,0,0
75,8,14,2,11,Y6042134,,,,0,30.0,0,0
75,8,14,2,12,Y6042135,,,,0,30.0,0,0
75,8,14,2,13,Y6042136,,,,0,30.0,0,0
75,8,14,2,14,Y6042137,,,,0,30.0,0,0
75,8,14,2,15,Y6042138,,,,0,30.0,0,0
75,8,14,2,16,Y6042139,,,,0,30.0,0,0
75,8,14,2,17,Y6042140,,,,0,30.0,0,0
75,8,14,2,18,Y6042141,,,,0,30.0,0,0
75,8,14,2,19,Y6042142,,,,0,30.0,0,0
75,8,14,2,20,Y6042143,,,,0,30.0,0,0
75,8,14,2,21,Y6042144,,,,0,30.0,0,0
75,8,14,2,22,Y6042145,,,,0,30.0,0,0
75,8,14,2,23,Y6042146,,,,0,30.0,0,0
75,8,14,2,24,Y6042147,,,,0,30.0,0,0
75,8,14,2,25,Y6042148,,,,0,30.0,0,0
75,8,14,2,26,Y6042149,,,,0,30.0,0,0
75,8,14,2,27,Y6042150,,,,0,30.0,0,0
75,8,14,2,28,Y6042151,,,,0,30.0,0,0
75,8,14,2,29,Y6042152,,,,0,30.0,0,0
75,8,14,2,30,Y6042153,,,,0,30.0,0,0
75,8,14,3,10,Y6042154,,,,0,30.0,0,0
75,8,14,3,11,Y6042155,,,,0,30.0,0,0
75,8,14,3,12,Y6042156,,,,0,30.0,0,0
75,8,14,3,13,Y6042157,,,,0,30.0,0,0
75,8,14,3,14,Y6042158,,,,0,30.0,0,0
75,8,14,3,15,Y6042159,,,,0,30.0,0,0
75,8,14,3,16,Y6042160,,,,0,30.0,0,0
75,8,14,3,17,Y6042161,,,,0,30.0,0,0
75,8,14,3,18,Y6042162,,,,0,30.0,0,0
75,8,14,3,19,Y6042163,,,,0,30.0,0,0
75,8,14,3,20,Y6042164,,,,0,30.0,0,0
75,8,14,3,21,Y6042165,,,,0,30.0,0,0
75,8,14,3,22,Y6042166,,,,0,30.0,0,0
75,8,14,3,23,Y6042167,,,,0,30.0,0,0
75,8,14,3,24,Y6042168,,,,0,30.0,0,0
75,8,14,3,25,Y6042169,,,,0,30.0,0,0
75,8,14,3,26,Y6042170,,,,0,30.0,0,0
75,8,14,3,27,Y6042171,,,,0,30.0,0,0
75,8,14,3,28,Y6042172,,,,0,30.0,0,0
75,8,14,3,29,Y6042173,,,,0,30.0,0,0
75,8,14,3,30,Y6042174,,,,0,30.0,0,0
75,8,14,4,10,Y6042175,,,,0,30.0,0,0
75,8,14,4,11,Y6042176,,,,0,30.0,0,0
75,8,14,4,12,Y6042177,,,,0,30.0,0,0
75,8,14,4,13,Y6042178,,,,0,30.0,0,0
75,8,14,4,14,Y6042179,,,,0,30.0,0,0
75,8,14,4,15,Y6042180,,,,0,30.0,0,0
75,8,14,4,16,Y6042181,,,,0,30.0,0,0
75,8,14,4,17,Y6042182,,,,0,30.0,0,0
75,8,14,4,18,Y6042183,,,,0,30.0,0,0
75,8,14,4,19,Y6042184,,,,0,30.0,0,0
75,8,14,4,20,Y6042185,,,,0,30.0,0,0
75,8,14,4,21,Y6042186,,,,0,30.0,0,0
75,8,14,4,22,Y6042187,,,,0,30.0,0,0
75,8,14,4,23,Y6042188,,,,0,30.0,0,0
75,8,14,4,24,Y6042189,,,,0,30.0,0,0
75,8,14,4,25,Y6042190,,,,0,30.0,0,0
75,8,14,4,26,Y6042191,,,,0,30.0,0,0
75,8,14,4,27,Y6042192,,,,0,30.0,0,0
75,8,14,4,28,Y6042193,,,,0,30.0,0,0
75,8,14,4,29,Y6042194,,,,0,30.0,0,0
75,8,14,4,30,Y6042195,,,,0,30.0,0,0
75,8,14,5,10,Y6042196,,,,0,30.0,0,0
75,8,14,5,11,Y6042197,,,,0,30.0,0,0
75,8,14,5,12,Y6042198,,,,0,30.0,0,0
75,8,14,5,13,Y6042199,,,,0,30.0,0,0
75,8,14,5,14,Y6042200,,,,0,30.0,0,0
75,8,14,5,15,Y6042201,,,,0,30.0,0,0
75,8,14,5,16,Y6042202,,,,0,30.0,0,0
75,8,14,5,17,Y6042203,,,,0,30.0,0,0
75,8,14,5,18,Y6042204,,,,0,30.0,0,0
75,8,14,5,19,Y6042205,,,,0,30.0,0,0
75,8,14,5,20,Y6042206,,,,0,30.0,0,0
75,8,14,5,21,Y6042207,,,,0,30.0,0,0
75,8,14,5,22,Y6042208,,,,0,30.0,0,0
75,8,14,5,23,Y6042209,,,,0,30.0,0,0
75,8,14,5,24,Y6042210,,,,0,30.0,0,0
75,8,14,5,25,Y6042211,,,,0,30.0,0,0
75,8,14,5,26,Y6042212,,,,0,30.0,0,0
75,8,14,5,27,Y6042213,,,,0,30.0,0,0
75,8,14,5,28,Y6042214,,,,0,30.0,0,0
75,8,14,5,29,Y6042215,,,,0,30.0,0,0
75,8,14,5,30,Y6042216,,,,0,30.0,0,0
75,8,14,6,10,Y6042217,,,,0,30.0,0,0
75,8,14,6,11,Y6042218,,,,0,30.0,0,0
75,8,14,6,12,Y6042219,,,,0,30.0,0,0
75,8,14,6,13,Y6042220,,,,0,30.0,0,0
75,8,14,6,14,Y6042221,,,,0,30.0,0,0
75,8,14,6,15,Y6042222,,,,0,30.0,0,0
75,8,14,6,16,Y6042223,,,,0,30.0,0,0
75,8,14,6,17,Y6042224,,,,0,30.0,0,0
75,8,14,6,18,Y6042225,,,,0,30.0,0,0
75,8,14,6,19,Y6042226,,,,0,30.0,0,0
75,8,14,6,20,Y6042227,,,,0,30.0,0,0
75,8,14,6,21,Y6042228,,,,0,30.0,0,0
75,8,14,6,22,Y6042229,,,,0,30.0,0,0
75,8,14,6,23,Y6042230,,,,0,30.0,0,0
75,8,14,6,24,Y6042231,,,,0,30.0,0,0
75,8,14,6,25,Y6042232,,,,0,30.0,0,0
75,8,14,6,26,Y6042233,,,,0,30.0,0,0
75,8,14,6,27,Y6042234,,,,0,30.0,0,0
75,8,14,6,28,Y6042235,,,,0,30.0,0,0
75,8,14,6,29,Y6042236,,,,0,30.0,0,0
75,8,14,6,30,Y6042237,,,,0,30.0,0,0
75,8,14,7,10,Y6042238,,,,0,30.0,0,0
75,8,14,7,11,Y6042239,,,,0,30.0,0,0
75,8,14,7,12,Y6042240,,,,0,30.0,0,0
75,8,14,7,13,Y6042241,,,,0,30.0,0,0
75,8,14,7,14,Y6042242,,,,0,30.0,0,0
75,8,14,7,15,Y6042243,,,,0,30.0,0,0
75,8,14,7,16,Y6042244,,,,0,30.0,0,0
75,8,14,7,17,Y6042245,,,,0,30.0,0,0
75,8,14,7,18,Y6042246,,,,0,30.0,0,0
75,8,14,7,19,Y6042247,,,,0,30.0,0,0
75,8,14,7,20,Y6042248,,,,0,30.0,0,0
75,8,14,7,21,Y6042249,,,,0,30.0,0,0
75,8,14,7,22,Y6042250,,,,0,30.0,0,0
75,8,14,7,23,Y6042251,,,,0,30.0,0,0
75,8,14,7,24,Y6042252,,,,0,30.0,0,0
75,8,14,7,25,Y6042253,,,,0,30.0,0,0
75,8,14,7,26,Y6042254,,,,0,30.0,0,0
75,8,14,7,27,Y6042255,,,,0,30.0,0,0
75,8,14,7,28,Y6042256,,,,0,30.0,0,0
75,8,14,7,29,Y6042257,,,,0,30.0,0,0
75,8,14,7,30,Y6042258,,,,0,30.0,0,0
75,8,14,8,10,Y6042259,,,,0,30.0,0,0
75,8,14,8,11,Y6042260,,,,0,30.0,0,0
75,8,14,8,12,Y6042261,,,,0,30.0,0,0
75,8,14,8,13,Y6042262,,,,0,30.0,0,0
75,8,14,8,14,Y6042263,,,,0,30.0,0,0
75,8,14,8,15,Y6042264,,,,0,30.0,0,0
75,8,14,8,16,Y6042265,,,,0,30.0,0,0
75,8,14,8,17,Y6042266,,,,0,30.0,0,0
75,8,14,8,18,Y6042267,,,,0,30.0,0,0
75,8,14,8,19,Y6042268,,,,0,30.0,0,0
75,8,14,8,20,Y6042269,,,,0,30.0,0,0
75,8,14,8,21,Y6042270,,,,0,30.0,0,0
75,8,14,8,22,Y6042271,,,,0,30.0,0,0
75,8,14,8,23,Y6042272,,,,0,30.0,0,0
75,8,14,8,24,Y6042273,,,,0,30.0,0,0
75,8,14,8,25,Y6042274,,,,0,30.0,0,0
75,8,14,8,26,Y6042275,,,,0,30.0,0,0
75,8,14,8,27,Y6042276,,,,0,30.0,0,0
75,8,14,8,28,Y6042277,,,,0,30.0,0,0
75,8,14,8,29,Y6042278,,,,0,30.0,0,0
75,8,14,8,30,Y6042279,,,,0,30.0,0,0
75,8,14,9,10,Y6042280,,,,0,30.0,0,0
75,8,14,9,11,Y6042281,,,,0,30.0,0,0
75,8,14,9,12,Y6042282,,,,0,30.0,0,0
75,8,14,9,13,Y6042283,,,,0,30.0,0,0
75,8,14,9,14,Y6042284,,,,0,30.0,0,0
75,8,14,9,15,Y6042285,,,,0,30.0,0,0
75,8,14,9,16,Y6042286,,,,0,30.0,0,0
75,8,14,9,17,Y6042287,,,,0,30.0,0,0
75,8,14,9,18,Y6042288,,,,0,30.0,0,0
75,8,14,9,19,Y6042289,,,,0,30.0,0,0
75,8,14,9,20,Y6042290,,,,0,30.0,0,0
75,8,14,9,21,Y6042291,,,,0,30.0,0,0
75,8,14,9,22,Y6042292,,,,0,30.0,0,0
75,8,14,9,23,Y6042293,,,,0,30.0,0,0
75,8,14,9,24,Y6042294,,,,0,30.0,0,0
75,8,14,9,25,Y6042295,,,,0,30.0,0,0
75,8,14,9,26,Y6042296,,,,0,30.0,0,0
75,8,14,9,27,Y6042297,,,,0,30.0,0,0
75,8,14,9,28,Y6042298,,,,0,30.0,0,0
75,8,14,9,29,Y6042299,,,,0,30.0,0,0
75,8,14,9,30,Y6042300,,,,0,30.0,0,0
75,8,14,10,10,Y6042301,,,,0,30.0,0,0
75,8,14,10,11,Y6042302,,,,0,30.0,0,0
75,8,14,10,12,Y6042303,,,,0,30.0,0,0
75,8,14,10,13,Y6042304,,,,0,30.0,0,0
75,8,14,10,14,Y6042305,,,,0,30.0,0,0
75,8,14,10,15,Y6042306,,,,0,30.0,0,0
75,8,14,10,16,Y6042307,,,,0,30.0,0,0
75,8,14,10,17,Y6042308,,,,0,30.0,0,0
75,8,14,10,18,Y6042309,,,,0,30.0,0,0
75,8,14,10,19,Y6042310,,,,0,30.0,0,0
75,8,14,10,20,Y6042311,,,,0,30.0,0,0
75,8,14,10,21,Y6042312,,,,0,30.0,0,0
75,8,14,10,22,Y6042313,,,,0,30.0,0,0
75,8,14,10,23,Y6042314,,,,0,30.0,0,0
75,8,14,10,24,Y6042315,,,,0,30.0,0,0
75,8,14,10,25,Y6042316,,,,0,30.0,0,0
75,8,14,10,26,Y6042317,,,,0,30.0,0,0
75,8,14,10,27,Y6042318,,,,0,30.0,0,0
75,8,14,10,28,Y6042319,,,,0,30.0,0,0
75,8,14,10,29,Y6042320,,,,0,30.0,0,0
75,8,14,10,30,Y6042321,,,,0,30.0,0,0
75,8,14,11,10,Y6042322,,,,0,30.0,0,0
75,8,14,11,11,Y6042323,,,,0,30.0,0,0
75,8,14,11,12,Y6042324,,,,0,30.0,0,0
75,8,14,11,13,Y6042325,,,,0,30.0,0,0
75,8,14,11,14,Y6042326,,,,0,30.0,0,0
75,8,14,11,15,Y6042327,,,,0,30.0,0,0
75,8,14,11,16,Y6042328,,,,0,30.0,0,0
75,8,14,11,17,Y6042329,,,,0,30.0,0,0
75,8,14,11,18,Y6042330,,,,0,30.0,0,0
75,8,14,11,19,Y6042331,,,,0,30.0,0,0
75,8,14,11,20,Y6042332,,,,0,30.0,0,0
75,8,14,11,21,Y6042333,,,,0,30.0,0,0
75,8,14,11,22,Y6042334,,,,0,30.0,0,0
75,8,14,11,23,Y6042335,,,,0,30.0,0,0
75,8,14,11,24,Y6042336,,,,0,30.0,0,0
75,8,14,11,25,Y6042337,,,,0,30.0,0,0
75,8,14,11,26,Y6042338,,,,0,30.0,0,0
75,8,14,11,27,Y6042339,,,,0,30.0,0,0
75,8,14,11,28,Y6042340,,,,0,30.0,0,0
75,8,14,11,29,Y6042341,,,,0,30.0,0,0
75,8,14,11,30,Y6042342,,,,0,30.0,0,0
75,8,14,12,10,Y6042343,,,,0,30.0,0,0
75,8,14,12,11,Y6042344,,,,0,30.0,0,0
75,8,14,12,12,Y6042345,,,,0,30.0,0,0
75,8,14,12,13,Y6042346,,,,0,30.0,0,0
75,8,14,12,14,Y6042347,,,,0,30.0,0,0
75,8,14,12,15,Y6042348,,,,0,30.0,0,0
75,8,14,12,16,Y6042349,,,,0,30.0,0,0
75,8,14,12,17,Y6042350,,,,0,30.0,0,0
75,8,14,12,18,Y6042351,,,,0,30.0,0,0
75,8,14,12,19,Y6042352,,,,0,30.0,0,0
75,8,14,12,20,Y6042353,,,,0,30.0,0,0
75,8,14,12,21,Y6042354,,,,0,30.0,0,0
75,8,14,12,22,Y6042355,,,,0,30.0,0,0
75,8,14,12,23,Y6042356,,,,0,30.0,0,0
75,8,14,12,24,Y6042357,,,,0,30.0,0,0
75,8,14,12,25,Y6042358,,,,0,30.0,0,0
75,8,14,12,26,Y6042359,,,,0,30.0,0,0
75,8,14,12,27,Y6042360,,,,0,30.0,0,0
75,8,14,12,28,Y6042361,,,,0,30.0,0,0
75,8,14,12,29,Y6042362,,,,0,30.0,0,0
75,8,14,12,30,Y6042363,,,,0,30.0,0,0
75,8,15,1,10,Y6042364,,,,0,30.0,0,0
75,8,15,1,11,Y6042365,,,,0,30.0,0,0
75,8,15,1,12,Y6042366,,,,0,30.0,0,0
75,8,15,1,13,Y6042367,,,,0,30.0,0,0
75,8,15,1,14,Y6042368,,,,0,30.0,0,0
75,8,15,1,15,Y6042369,,,,0,30.0,0,0
75,8,15,1,16,Y6042370,,,,0,30.0,0,0
75,8,15,1,17,Y6042371,,,,0,30.0,0,0
75,8,15,1,18,Y6042372,,,,0,30.0,0,0
75,8,15,1,19,Y6042373,,,,0,30.0,0,0
75,8,15,1,20,Y6042374,,,,0,30.0,0,0
75,8,15,1,21,Y6042375,,,,0,30.0,0,0
75,8,15,1,22,Y6042376,,,,0,30.0,0,0
75,8,15,1,23,Y6042377,,,,0,30.0,0,0
75,8,15,1,24,Y6042378,,,,0,30.0,0,0
75,8,15,1,25,Y6042379,,,,0,30.0,0,0
75,8,15,1,26,Y6042380,,,,0,30.0,0,0
75,8,15,1,27,Y6042381,,,,0,30.0,0,0
75,8,15,1,28,Y6042382,,,,0,30.0,0,0
75,8,15,1,29,Y6042383,,,,0,30.0,0,0
75,8,15,1,30,Y6042384,,,,0,30.0,0,0
75,8,15,2,10,Y6042385,,,,0,30.0,0,0
75,8,15,2,11,Y6042386,,,,0,30.0,0,0
75,8,15,2,12,Y6042387,,,,0,30.0,0,0
75,8,15,2,13,Y6042388,,,,0,30.0,0,0
75,8,15,2,14,Y6042389,,,,0,30.0,0,0
75,8,15,2,15,Y6042390,,,,0,30.0,0,0
75,8,15,2,16,Y6042391,,,,0,30.0,0,0
75,8,15,2,17,Y6042392,,,,0,30.0,0,0
75,8,15,2,18,Y6042393,,,,0,30.0,0,0
75,8,15,2,19,Y6042394,,,,0,30.0,0,0
75,8,15,2,20,Y6042395,,,,0,30.0,0,0
75,8,15,2,21,Y6042396,,,,0,30.0,0,0
75,8,15,2,22,Y6042397,,,,0,30.0,0,0
75,8,15,2,23,Y6042398,,,,0,30.0,0,0
75,8,15,2,24,Y6042399,,,,0,30.0,0,0
75,8,15,2,25,Y6042400,,,,0,30.0,0,0
75,8,15,2,26,Y6042401,,,,0,30.0,0,0
75,8,15,2,27,Y6042402,,,,0,30.0,0,0
75,8,15,2,28,Y6042403,,,,0,30.0,0,0
75,8,15,2,29,Y6042404,,,,0,30.0,0,0
75,8,15,2,30,Y6042405,,,,0,30.0,0,0
75,8,15,3,10,Y6042406,,,,0,30.0,0,0
75,8,15,3,11,Y6042407,,,,0,30.0,0,0
75,8,15,3,12,Y6042408,,,,0,30.0,0,0
75,8,15,3,13,Y6042409,,,,0,30.0,0,0
75,8,15,3,14,Y6042410,,,,0,30.0,0,0
75,8,15,3,15,Y6042411,,,,0,30.0,0,0
75,8,15,3,16,Y6042412,,,,0,30.0,0,0
75,8,15,3,17,Y6042413,,,,0,30.0,0,0
75,8,15,3,18,Y6042414,,,,0,30.0,0,0
75,8,15,3,19,Y6042415,,,,0,30.0,0,0
75,8,15,3,20,Y6042416,,,,0,30.0,0,0
75,8,15,3,21,Y6042417,,,,0,30.0,0,0
75,8,15,3,22,Y6042418,,,,0,30.0,0,0
75,8,15,3,23,Y6042419,,,,0,30.0,0,0
75,8,15,3,24,Y6042420,,,,0,30.0,0,0
75,8,15,3,25,Y6042421,,,,0,30.0,0,0
75,8,15,3,26,Y6042422,,,,0,30.0,0,0
75,8,15,3,27,Y6042423,,,,0,30.0,0,0
75,8,15,3,28,Y6042424,,,,0,30.0,0,0
75,8,15,3,29,Y6042425,,,,0,30.0,0,0
75,8,15,3,30,Y6042426,,,,0,30.0,0,0
75,8,15,4,10,Y6042427,,,,0,30.0,0,0
75,8,15,4,11,Y6042428,,,,0,30.0,0,0
75,8,15,4,12,Y6042429,,,,0,30.0,0,0
75,8,15,4,13,Y6042430,,,,0,30.0,0,0
75,8,15,4,14,Y6042431,,,,0,30.0,0,0
75,8,15,4,15,Y6042432,,,,0,30.0,0,0
75,8,15,4,16,Y6042433,,,,0,30.0,0,0
75,8,15,4,17,Y6042434,,,,0,30.0,0,0
75,8,15,4,18,Y6042435,,,,0,30.0,0,0
75,8,15,4,19,Y6042436,,,,0,30.0,0,0
75,8,15,4,20,Y6042437,,,,0,30.0,0,0
75,8,15,4,21,Y6042438,,,,0,30.0,0,0
75,8,15,4,22,Y6042439,,,,0,30.0,0,0
75,8,15,4,23,Y6042440,,,,0,30.0,0,0
75,8,15,4,24,Y6042441,,,,0,30.0,0,0
75,8,15,4,25,Y6042442,,,,0,30.0,0,0
75,8,15,4,26,Y6042443,,,,0,30.0,0,0
75,8,15,4,27,Y6042444,,,,0,30.0,0,0
75,8,15,4,28,Y6042445,,,,0,30.0,0,0
75,8,15,4,29,Y6042446,,,,0,30.0,0,0
75,8,15,4,30,Y6042447,,,,0,30.0,0,0
75,8,15,5,10,Y6042448,,,,0,30.0,0,0
75,8,15,5,11,Y6042449,,,,0,30.0,0,0
75,8,15,5,12,Y6042450,,,,0,30.0,0,0
75,8,15,5,13,Y6042451,,,,0,30.0,0,0
75,8,15,5,14,Y6042452,,,,0,30.0,0,0
75,8,15,5,15,Y6042453,,,,0,30.0,0,0
75,8,15,5,16,Y6042454,,,,0,30.0,0,0
75,8,15,5,17,Y6042455,,,,0,30.0,0,0
75,8,15,5,18,Y6042456,,,,0,30.0,0,0
75,8,15,5,19,Y6042457,,,,0,30.0,0,0
75,8,15,5,20,Y6042458,,,,0,30.0,0,0
75,8,15,5,21,Y6042459,,,,0,30.0,0,0
75,8,15,5,22,Y6042460,,,,0,30.0,0,0
75,8,15,5,23,Y6042461,,,,0,30.0,0,0
75,8,15,5,24,Y6042462,,,,0,30.0,0,0
75,8,15,5,25,Y6042463,,,,0,30.0,0,0
75,8,15,5,26,Y6042464,,,,0,30.0,0,0
75,8,15,5,27,Y6042465,,,,0,30.0,0,0
75,8,15,5,28,Y6042466,,,,0,30.0,0,0
75,8,15,5,29,Y6042467,,,,0,30.0,0,0
75,8,15,5,30,Y6042468,,,,0,30.0,0,0
75,8,15,6,10,Y6042469,,,,0,30.0,0,0
75,8,15,6,11,Y6042470,,,,0,30.0,0,0
75,8,15,6,12,Y6042471,,,,0,30.0,0,0
75,8,15,6,13,Y6042472,,,,0,30.0,0,0
75,8,15,6,14,Y6042473,,,,0,30.0,0,0
75,8,15,6,15,Y6042474,,,,0,30.0,0,0
75,8,15,6,16,Y6042475,,,,0,30.0,0,0
75,8,15,6,17,Y6042476,,,,0,30.0,0,0
75,8,15,6,18,Y6042477,,,,0,30.0,0,0
75,8,15,6,19,Y6042478,,,,0,30.0,0,0
75,8,15,6,20,Y6042479,,,,0,30.0,0,0
75,8,15,6,21,Y6042480,,,,0,30.0,0,0
75,8,15,6,22,Y6042481,,,,0,30.0,0,0
75,8,15,6,23,Y6042482,,,,0,30.0,0,0
75,8,15,6,24,Y6042483,,,,0,30.0,0,0
75,8,15,6,25,Y6042484,,,,0,30.0,0,0
75,8,15,6,26,Y6042485,,,,0,30.0,0,0
75,8,15,6,27,Y6042486,,,,0,30.0,0,0
75,8,15,6,28,Y6042487,,,,0,30.0,0,0
75,8,15,6,29,Y6042488,,,,0,30.0,0,0
75,8,15,6,30,Y6042489,,,,0,30.0,0,0
75,8,15,7,10,Y6042490,,,,0,30.0,0,0
75,8,15,7,11,Y6042491,,,,0,30.0,0,0
75,8,15,7,12,Y6042492,,,,0,30.0,0,0
75,8,15,7,13,Y6042493,,,,0,30.0,0,0
75,8,15,7,14,Y6042494,,,,0,30.0,0,0
75,8,15,7,15,Y6042495,,,,0,30.0,0,0
75,8,15,7,16,Y6042496,,,,0,30.0,0,0
75,8,15,7,17,Y6042497,,,,0,30.0,0,0
75,8,15,7,18,Y6042498,,,,0,30.0,0,0
75,8,15,7,19,Y6042499,,,,0,30.0,0,0
75,8,15,7,20,Y6042500,,,,0,30.0,0,0
75,8,15,7,21,Y6042501,,,,0,30.0,0,0
75,8,15,7,22,Y6042502,,,,0,30.0,0,0
75,8,15,7,23,Y6042503,,,,0,30.0,0,0
75,8,15,7,24,Y6042504,,,,0,30.0,0,0
75,8,15,7,25,Y6042505,,,,0,30.0,0,0
75,8,15,7,26,Y6042506,,,,0,30.0,0,0
75,8,15,7,27,Y6042507,,,,0,30.0,0,0
75,8,15,7,28,Y6042508,,,,0,30.0,0,0
75,8,15,7,29,Y6042509,,,,0,30.0,0,0
75,8,15,7,30,Y6042510,,,,0,30.0,0,0
75,8,15,8,10,Y6042511,,,,0,30.0,0,0
75,8,15,8,11,Y6042512,,,,0,30.0,0,0
75,8,15,8,12,Y6042513,,,,0,30.0,0,0
75,8,15,8,13,Y6042514,,,,0,30.0,0,0
75,8,15,8,14,Y6042515,,,,0,30.0,0,0
75,8,15,8,15,Y6042516,,,,0,30.0,0,0
75,8,15,8,16,Y6042517,,,,0,30.0,0,0
75,8,15,8,17,Y6042518,,,,0,30.0,0,0
75,8,15,8,18,Y6042519,,,,0,30.0,0,0
75,8,15,8,19,Y6042520,,,,0,30.0,0,0
75,8,15,8,20,Y6042521,,,,0,30.0,0,0
75,8,15,8,21,Y6042522,,,,0,30.0,0,0
75,8,15,8,22,Y6042523,,,,0,30.0,0,0
75,8,15,8,23,Y6042524,,,,0,30.0,0,0
75,8,15,8,24,Y6042525,,,,0,30.0,0,0
75,8,15,8,25,Y6042526,,,,0,30.0,0,0
75,8,15,8,26,Y6042527,,,,0,30.0,0,0
75,8,15,8,27,Y6042528,,,,0,30.0,0,0
75,8,15,8,28,Y6042529,,,,0,30.0,0,0
75,8,15,8,29,Y6042530,,,,0,30.0,0,0
75,8,15,8,30,Y6042531,,,,0,30.0,0,0
75,8,15,9,10,Y6042532,,,,0,30.0,0,0
75,8,15,9,11,Y6042533,,,,0,30.0,0,0
75,8,15,9,12,Y6042534,,,,0,30.0,0,0
75,8,15,9,13,Y6042535,,,,0,30.0,0,0
75,8,15,9,14,Y6042536,,,,0,30.0,0,0
75,8,15,9,15,Y6042537,,,,0,30.0,0,0
75,8,15,9,16,Y6042538,,,,0,30.0,0,0
75,8,15,9,17,Y6042539,,,,0,30.0,0,0
75,8,15,9,18,Y6042540,,,,0,30.0,0,0
75,8,15,9,19,Y6042541,,,,0,30.0,0,0
75,8,15,9,20,Y6042542,,,,0,30.0,0,0
75,8,15,9,21,Y6042543,,,,0,30.0,0,0
75,8,15,9,22,Y6042544,,,,0,30.0,0,0
75,8,15,9,23,Y6042545,,,,0,30.0,0,0
75,8,15,9,24,Y6042546,,,,0,30.0,0,0
75,8,15,9,25,Y6042547,,,,0,30.0,0,0
75,8,15,9,26,Y6042548,,,,0,30.0,0,0
75,8,15,9,27,Y6042549,,,,0,30.0,0,0
75,8,15,9,28,Y6042550,,,,0,30.0,0,0
75,8,15,9,29,Y6042551,,,,0,30.0,0,0
75,8,15,9,30,Y6042552,,,,0,30.0,0,0
75,8,15,10,10,Y6042553,,,,0,30.0,0,0
75,8,15,10,11,Y6042554,,,,0,30.0,0,0
75,8,15,10,12,Y6042555,,,,0,30.0,0,0
75,8,15,10,13,Y6042556,,,,0,30.0,0,0
75,8,15,10,14,Y6042557,,,,0,30.0,0,0
75,8,15,10,15,Y6042558,,,,0,30.0,0,0
75,8,15,10,16,Y6042559,,,,0,30.0,0,0
75,8,15,10,17,Y6042560,,,,0,30.0,0,0
75,8,15,10,18,Y6042561,,,,0,30.0,0,0
75,8,15,10,19,Y6042562,,,,0,30.0,0,0
75,8,15,10,20,Y6042563,,,,0,30.0,0,0
75,8,15,10,21,Y6042564,,,,0,30.0,0,0
75,8,15,10,22,Y6042565,,,,0,30.0,0,0
75,8,15,10,23,Y6042566,,,,0,30.0,0,0
75,8,15,10,24,Y6042567,,,,0,30.0,0,0
75,8,15,10,25,Y6042568,,,,0,30.0,0,0
75,8,15,10,26,Y6042569,,,,0,30.0,0,0
75,8,15,10,27,Y6042570,,,,0,30.0,0,0
75,8,15,10,28,Y6042571,,,,0,30.0,0,0
75,8,15,10,29,Y6042572,,,,0,30.0,0,0
75,8,15,10,30,Y6042573,,,,0,30.0,0,0
75,8,15,11,10,Y6042574,,,,0,30.0,0,0
75,8,15,11,11,Y6042575,,,,0,30.0,0,0
75,8,15,11,12,Y6042576,,,,0,30.0,0,0
75,8,15,11,13,Y6042577,,,,0,30.0,0,0
75,8,15,11,14,Y6042578,,,,0,30.0,0,0
75,8,15,11,15,Y6042579,,,,0,30.0,0,0
75,8,15,11,16,Y6042580,,,,0,30.0,0,0
75,8,15,11,17,Y6042581,,,,0,30.0,0,0
75,8,15,11,18,Y6042582,,,,0,30.0,0,0
75,8,15,11,19,Y6042583,,,,0,30.0,0,0
75,8,15,11,20,Y6042584,,,,0,30.0,0,0
75,8,15,11,21,Y6042585,,,,0,30.0,0,0
75,8,15,11,22,Y6042586,,,,0,30.0,0,0
75,8,15,11,23,Y6042587,,,,0,30.0,0,0
75,8,15,11,24,Y6042588,,,,0,30.0,0,0
75,8,15,11,25,Y6042589,,,,0,30.0,0,0
75,8,15,11,26,Y6042590,,,,0,30.0,0,0
75,8,15,11,27,Y6042591,,,,0,30.0,0,0
75,8,15,11,28,Y6042592,,,,0,30.0,0,0
75,8,15,11,29,Y6042593,,,,0,30.0,0,0
75,8,15,11,30,Y6042594,,,,0,30.0,0,0
75,8,15,12,10,Y6042595,,,,0,30.0,0,0
75,8,15,12,11,Y6042596,,,,0,30.0,0,0
75,8,15,12,12,Y6042597,,,,0,30.0,0,0
75,8,15,12,13,Y6042598,,,,0,30.0,0,0
75,8,15,12,14,Y6042599,,,,0,30.0,0,0
75,8,15,12,15,Y6042600,,,,0,30.0,0,0
75,8,15,12,16,Y6042601,,,,0,30.0,0,0
75,8,15,12,17,Y6042602,,,,0,30.0,0,0
75,8,15,12,18,Y6042603,,,,0,30.0,0,0
75,8,15,12,19,Y6042604,,,,0,30.0,0,0
75,8,15,12,20,Y6042605,,,,0,30.0,0,0
75,8,15,12,21,Y6042606,,,,0,30.0,0,0
75,8,15,12,22,Y6042607,,,,0,30.0,0,0
75,8,15,12,23,Y6042608,,,,0,30.0,0,0
75,8,15,12,24,Y6042609,,,,0,30.0,0,0
75,8,15,12,25,Y6042610,,,,0,30.0,0,0
75,8,15,12,26,Y6042611,,,,0,30.0,0,0
75,8,15,12,27,Y6042612,,,,0,30.0,0,0
75,8,15,12,28,Y6042613,,,,0,30.0,0,0
75,8,15,12,29,Y6042614,,,,0,30.0,0,0
75,8,15,12,30,Y6042615,,,,0,30.0,0,0
75,8,16,1,10,Y6042616,,,,0,30.0,0,0
75,8,16,1,11,Y6042617,,,,0,30.0,0,0
75,8,16,1,12,Y6042618,,,,0,30.0,0,0
75,8,16,1,13,Y6042619,,,,0,30.0,0,0
75,8,16,1,14,Y6042620,,,,0,30.0,0,0
75,8,16,1,15,Y6042621,,,,0,30.0,0,0
75,8,16,1,16,Y6042622,,,,0,30.0,0,0
75,8,16,1,17,Y6042623,,,,0,30.0,0,0
75,8,16,1,18,Y6042624,,,,0,30.0,0,0
75,8,16,1,19,Y6042625,,,,0,30.0,0,0
75,8,16,1,20,Y6042626,,,,0,30.0,0,0
75,8,16,1,21,Y6042627,,,,0,30.0,0,0
75,8,16,1,22,Y6042628,,,,0,30.0,0,0
75,8,16,1,23,Y6042629,,,,0,30.0,0,0
75,8,16,1,24,Y6042630,,,,0,30.0,0,0
75,8,16,1,25,Y6042631,,,,0,30.0,0,0
75,8,16,1,26,Y6042632,,,,0,30.0,0,0
75,8,16,1,27,Y6042633,,,,0,30.0,0,0
75,8,16,1,28,Y6042634,,,,0,30.0,0,0
75,8,16,1,29,Y6042635,,,,0,30.0,0,0
75,8,16,1,30,Y6042636,,,,0,30.0,0,0
75,8,16,2,10,Y6042637,,,,0,30.0,0,0
75,8,16,2,11,Y6042638,,,,0,30.0,0,0
75,8,16,2,12,Y6042639,,,,0,30.0,0,0
75,8,16,2,13,Y6042640,,,,0,30.0,0,0
75,8,16,2,14,Y6042641,,,,0,30.0,0,0
75,8,16,2,15,Y6042642,,,,0,30.0,0,0
75,8,16,2,16,Y6042643,,,,0,30.0,0,0
75,8,16,2,17,Y6042644,,,,0,30.0,0,0
75,8,16,2,18,Y6042645,,,,0,30.0,0,0
75,8,16,2,19,Y6042646,,,,0,30.0,0,0
75,8,16,2,20,Y6042647,,,,0,30.0,0,0
75,8,16,2,21,Y6042648,,,,0,30.0,0,0
75,8,16,2,22,Y6042649,,,,0,30.0,0,0
75,8,16,2,23,Y6042650,,,,0,30.0,0,0
75,8,16,2,24,Y6042651,,,,0,30.0,0,0
75,8,16,2,25,Y6042652,,,,0,30.0,0,0
75,8,16,2,26,Y6042653,,,,0,30.0,0,0
75,8,16,2,27,Y6042654,,,,0,30.0,0,0
75,8,16,2,28,Y6042655,,,,0,30.0,0,0
75,8,16,2,29,Y6042656,,,,0,30.0,0,0
75,8,16,2,30,Y6042657,,,,0,30.0,0,0
75,8,16,3,10,Y6042658,,,,0,30.0,0,0
75,8,16,3,11,Y6042659,,,,0,30.0,0,0
75,8,16,3,12,Y6042660,,,,0,30.0,0,0
75,8,16,3,13,Y6042661,,,,0,30.0,0,0
75,8,16,3,14,Y6042662,,,,0,30.0,0,0
75,8,16,3,15,Y6042663,,,,0,30.0,0,0
75,8,16,3,16,Y6042664,,,,0,30.0,0,0
75,8,16,3,17,Y6042665,,,,0,30.0,0,0
75,8,16,3,18,Y6042666,,,,0,30.0,0,0
75,8,16,3,19,Y6042667,,,,0,30.0,0,0
75,8,16,3,20,Y6042668,,,,0,30.0,0,0
75,8,16,3,21,Y6042669,,,,0,30.0,0,0
75,8,16,3,22,Y6042670,,,,0,30.0,0,0
75,8,16,3,23,Y6042671,,,,0,30.0,0,0
75,8,16,3,24,Y6042672,,,,0,30.0,0,0
75,8,16,3,25,Y6042673,,,,0,30.0,0,0
75,8,16,3,26,Y6042674,,,,0,30.0,0,0
75,8,16,3,27,Y6042675,,,,0,30.0,0,0
75,8,16,3,28,Y6042676,,,,0,30.0,0,0
75,8,16,3,29,Y6042677,,,,0,30.0,0,0
75,8,16,3,30,Y6042678,,,,0,30.0,0,0
75,8,16,4,10,Y6042679,,,,0,30.0,0,0
75,8,16,4,11,Y6042680,,,,0,30.0,0,0
75,8,16,4,12,Y6042681,,,,0,30.0,0,0
75,8,16,4,13,Y6042682,,,,0,30.0,0,0
75,8,16,4,14,Y6042683,,,,0,30.0,0,0
75,8,16,4,15,Y6042684,,,,0,30.0,0,0
75,8,16,4,16,Y6042685,,,,0,30.0,0,0
75,8,16,4,17,Y6042686,,,,0,30.0,0,0
75,8,16,4,18,Y6042687,,,,0,30.0,0,0
75,8,16,4,19,Y6042688,,,,0,30.0,0,0
75,8,16,4,20,Y6042689,,,,0,30.0,0,0
75,8,16,4,21,Y6042690,,,,0,30.0,0,0
75,8,16,4,22,Y6042691,,,,0,30.0,0,0
75,8,16,4,23,Y6042692,,,,0,30.0,0,0
75,8,16,4,24,Y6042693,,,,0,30.0,0,0
75,8,16,4,25,Y6042694,,,,0,30.0,0,0
75,8,16,4,26,Y6042695,,,,0,30.0,0,0
75,8,16,4,27,Y6042696,,,,0,30.0,0,0
75,8,16,4,28,Y6042697,,,,0,30.0,0,0
75,8,16,4,29,Y6042698,,,,0,30.0,0,0
75,8,16,4,30,Y6042699,,,,0,30.0,0,0
75,8,16,5,10,Y6042700,,,,0,30.0,0,0
75,8,16,5,11,Y6042701,,,,0,30.0,0,0
75,8,16,5,12,Y6042702,,,,0,30.0,0,0
75,8,16,5,13,Y6042703,,,,0,30.0,0,0
75,8,16,5,14,Y6042704,,,,0,30.0,0,0
75,8,16,5,15,Y6042705,,,,0,30.0,0,0
75,8,16,5,16,Y6042706,,,,0,30.0,0,0
75,8,16,5,17,Y6042707,,,,0,30.0,0,0
75,8,16,5,18,Y6042708,,,,0,30.0,0,0
75,8,16,5,19,Y6042709,,,,0,30.0,0,0
75,8,16,5,20,Y6042710,,,,0,30.0,0,0
75,8,16,5,21,Y6042711,,,,0,30.0,0,0
75,8,16,5,22,Y6042712,,,,0,30.0,0,0
75,8,16,5,23,Y6042713,,,,0,30.0,0,0
75,8,16,5,24,Y6042714,,,,0,30.0,0,0
75,8,16,5,25,Y6042715,,,,0,30.0,0,0
75,8,16,5,26,Y6042716,,,,0,30.0,0,0
75,8,16,5,27,Y6042717,,,,0,30.0,0,0
75,8,16,5,28,Y6042718,,,,0,30.0,0,0
75,8,16,5,29,Y6042719,,,,0,30.0,0,0
75,8,16,5,30,Y6042720,,,,0,30.0,0,0
75,8,16,6,10,Y6042721,,,,0,30.0,0,0
75,8,16,6,11,Y6042722,,,,0,30.0,0,0
75,8,16,6,12,Y6042723,,,,0,30.0,0,0
75,8,16,6,13,Y6042724,,,,0,30.0,0,0
75,8,16,6,14,Y6042725,,,,0,30.0,0,0
75,8,16,6,15,Y6042726,,,,0,30.0,0,0
75,8,16,6,16,Y6042727,,,,0,30.0,0,0
75,8,16,6,17,Y6042728,,,,0,30.0,0,0
75,8,16,6,18,Y6042729,,,,0,30.0,0,0
75,8,16,6,19,Y6042730,,,,0,30.0,0,0
75,8,16,6,20,Y6042731,,,,0,30.0,0,0
75,8,16,6,21,Y6042732,,,,0,30.0,0,0
75,8,16,6,22,Y6042733,,,,0,30.0,0,0
75,8,16,6,23,Y6042734,,,,0,30.0,0,0
75,8,16,6,24,Y6042735,,,,0,30.0,0,0
75,8,16,6,25,Y6042736,,,,0,30.0,0,0
75,8,16,6,26,Y6042737,,,,0,30.0,0,0
75,8,16,6,27,Y6042738,,,,0,30.0,0,0
75,8,16,6,28,Y6042739,,,,0,30.0,0,0
75,8,16,6,29,Y6042740,,,,0,30.0,0,0
75,8,16,6,30,Y6042741,,,,0,30.0,0,0
75,8,16,7,10,Y6042742,,,,0,30.0,0,0
75,8,16,7,11,Y6042743,,,,0,30.0,0,0
75,8,16,7,12,Y6042744,,,,0,30.0,0,0
75,8,16,7,13,Y6042745,,,,0,30.0,0,0
75,8,16,7,14,Y6042746,,,,0,30.0,0,0
75,8,16,7,15,Y6042747,,,,0,30.0,0,0
75,8,16,7,16,Y6042748,,,,0,30.0,0,0
75,8,16,7,17,Y6042749,,,,0,30.0,0,0
75,8,16,7,18,Y6042750,,,,0,30.0,0,0
75,8,16,7,19,Y6042751,,,,0,30.0,0,0
75,8,16,7,20,Y6042752,,,,0,30.0,0,0
75,8,16,7,21,Y6042753,,,,0,30.0,0,0
75,8,16,7,22,Y6042754,,,,0,30.0,0,0
75,8,16,7,23,Y6042755,,,,0,30.0,0,0
75,8,16,7,24,Y6042756,,,,0,30.0,0,0
75,8,16,7,25,Y6042757,,,,0,30.0,0,0
75,8,16,7,26,Y6042758,,,,0,30.0,0,0
75,8,16,7,27,Y6042759,,,,0,30.0,0,0
75,8,16,7,28,Y6042760,,,,0,30.0,0,0
75,8,16,7,29,Y6042761,,,,0,30.0,0,0
75,8,16,7,30,Y6042762,,,,0,30.0,0,0
75,8,16,8,10,Y6042763,,,,0,30.0,0,0
75,8,16,8,11,Y6042764,,,,0,30.0,0,0
75,8,16,8,12,Y6042765,,,,0,30.0,0,0
75,8,16,8,13,Y6042766,,,,0,30.0,0,0
75,8,16,8,14,Y6042767,,,,0,30.0,0,0
75,8,16,8,15,Y6042768,,,,0,30.0,0,0
75,8,16,8,16,Y6042769,,,,0,30.0,0,0
75,8,16,8,17,Y6042770,,,,0,30.0,0,0
75,8,16,8,18,Y6042771,,,,0,30.0,0,0
75,8,16,8,19,Y6042772,,,,0,30.0,0,0
75,8,16,8,20,Y6042773,,,,0,30.0,0,0
75,8,16,8,21,Y6042774,,,,0,30.0,0,0
75,8,16,8,22,Y6042775,,,,0,30.0,0,0
75,8,16,8,23,Y6042776,,,,0,30.0,0,0
75,8,16,8,24,Y6042777,,,,0,30.0,0,0
75,8,16,8,25,Y6042778,,,,0,30.0,0,0
75,8,16,8,26,Y6042779,,,,0,30.0,0,0
75,8,16,8,27,Y6042780,,,,0,30.0,0,0
75,8,16,8,28,Y6042781,,,,0,30.0,0,0
75,8,16,8,29,Y6042782,,,,0,30.0,0,0
75,8,16,8,30,Y6042783,,,,0,30.0,0,0
75,8,16,9,10,Y6042784,,,,0,30.0,0,0
75,8,16,9,11,Y6042785,,,,0,30.0,0,0
75,8,16,9,12,Y6042786,,,,0,30.0,0,0
75,8,16,9,13,Y6042787,,,,0,30.0,0,0
75,8,16,9,14,Y6042788,,,,0,30.0,0,0
75,8,16,9,15,Y6042789,,,,0,30.0,0,0
75,8,16,9,16,Y6042790,,,,0,30.0,0,0
75,8,16,9,17,Y6042791,,,,0,30.0,0,0
75,8,16,9,18,Y6042792,,,,0,30.0,0,0
75,8,16,9,19,Y6042793,,,,0,30.0,0,0
75,8,16,9,20,Y6042794,,,,0,30.0,0,0
75,8,16,9,21,Y6042795,,,,0,30.0,0,0
75,8,16,9,22,Y6042796,,,,0,30.0,0,0
75,8,16,9,23,Y6042797,,,,0,30.0,0,0
75,8,16,9,24,Y6042798,,,,0,30.0,0,0
75,8,16,9,25,Y6042799,,,,0,30.0,0,0
75,8,16,9,26,Y6042800,,,,0,30.0,0,0
75,8,16,9,27,Y6042801,,,,0,30.0,0,0
75,8,16,9,28,Y6042802,,,,0,30.0,0,0
75,8,16,9,29,Y6042803,,,,0,30.0,0,0
75,8,16,9,30,Y6042804,,,,0,30.0,0,0
75,8,16,10,10,Y6042805,,,,0,30.0,0,0
75,8,16,10,11,Y6042806,,,,0,30.0,0,0
75,8,16,10,12,Y6042807,,,,0,30.0,0,0
75,8,16,10,13,Y6042808,,,,0,30.0,0,0
75,8,16,10,14,Y6042809,,,,0,30.0,0,0
75,8,16,10,15,Y6042810,,,,0,30.0,0,0
75,8,16,10,16,Y6042811,,,,0,30.0,0,0
75,8,16,10,17,Y6042812,,,,0,30.0,0,0
75,8,16,10,18,Y6042813,,,,0,30.0,0,0
75,8,16,10,19,Y6042814,,,,0,30.0,0,0
75,8,16,10,20,Y6042815,,,,0,30.0,0,0
75,8,16,10,21,Y6042816,,,,0,30.0,0,0
75,8,16,10,22,Y6042817,,,,0,30.0,0,0
75,8,16,10,23,Y6042818,,,,0,30.0,0,0
75,8,16,10,24,Y6042819,,,,0,30.0,0,0
75,8,16,10,25,Y6042820,,,,0,30.0,0,0
75,8,16,10,26,Y6042821,,,,0,30.0,0,0
75,8,16,10,27,Y6042822,,,,0,30.0,0,0
75,8,16,10,28,Y6042823,,,,0,30.0,0,0
75,8,16,10,29,Y6042824,,,,0,30.0,0,0
75,8,16,10,30,Y6042825,,,,0,30.0,0,0
75,8,16,11,10,Y6042826,,,,0,30.0,0,0
75,8,16,11,11,Y6042827,,,,0,30.0,0,0
75,8,16,11,12,Y6042828,,,,0,30.0,0,0
75,8,16,11,13,Y6042829,,,,0,30.0,0,0
75,8,16,11,14,Y6042830,,,,0,30.0,0,0
75,8,16,11,15,Y6042831,,,,0,30.0,0,0
75,8,16,11,16,Y6042832,,,,0,30.0,0,0
75,8,16,11,17,Y6042833,,,,0,30.0,0,0
75,8,16,11,18,Y6042834,,,,0,30.0,0,0
75,8,16,11,19,Y6042835,,,,0,30.0,0,0
75,8,16,11,20,Y6042836,,,,0,30.0,0,0
75,8,16,11,21,Y6042837,,,,0,30.0,0,0
75,8,16,11,22,Y6042838,,,,0,30.0,0,0
75,8,16,11,23,Y6042839,,,,0,30.0,0,0
75,8,16,11,24,Y6042840,,,,0,30.0,0,0
75,8,16,11,25,Y6042841,,,,0,30.0,0,0
75,8,16,11,26,Y6042842,,,,0,30.0,0,0
75,8,16,11,27,Y6042843,,,,0,30.0,0,0
75,8,16,11,28,Y6042844,,,,0,30.0,0,0
75,8,16,11,29,Y6042845,,,,0,30.0,0,0
75,8,16,11,30,Y6042846,,,,0,30.0,0,0
75,8,16,12,10,Y6042847,,,,0,30.0,0,0
75,8,16,12,11,Y6042848,,,,0,30.0,0,0
75,8,16,12,12,Y6042849,,,,0,30.0,0,0
75,8,16,12,13,Y6042850,,,,0,30.0,0,0
75,8,16,12,14,Y6042851,,,,0,30.0,0,0
75,8,16,12,15,Y6042852,,,,0,30.0,0,0
75,8,16,12,16,Y6042853,,,,0,30.0,0,0
75,8,16,12,17,Y6042854,,,,0,30.0,0,0
75,8,16,12,18,Y6042855,,,,0,30.0,0,0
75,8,16,12,19,Y6042856,,,,0,30.0,0,0
75,8,16,12,20,Y6042857,,,,0,30.0,0,0
75,8,16,12,21,Y6042858,,,,0,30.0,0,0
75,8,16,12,22,Y6042859,,,,0,30.0,0,0
75,8,16,12,23,Y6042860,,,,0,30.0,0,0
75,8,16,12,24,Y6042861,,,,0,30.0,0,0
75,8,16,12,25,Y6042862,,,,0,30.0,0,0
75,8,16,12,26,Y6042863,,,,0,30.0,0,0
75,8,16,12,27,Y6042864,,,,0,30.0,0,0
75,8,16,12,28,Y6042865,,,,0,30.0,0,0
75,8,16,12,29,Y6042866,,,,0,30.0,0,0
75,8,16,12,30,Y6042867,,,,0,30.0,0,0
75,8,17,1,10,Y6042868,,,,0,30.0,0,0
75,8,17,1,11,Y6042869,,,,0,30.0,0,0
75,8,17,1,12,Y6042870,,,,0,30.0,0,0
75,8,17,1,13,Y6042871,,,,0,30.0,0,0
75,8,17,1,14,Y6042872,,,,0,30.0,0,0
75,8,17,1,15,Y6042873,,,,0,30.0,0,0
75,8,17,1,16,Y6042874,,,,0,30.0,0,0
75,8,17,1,17,Y6042875,,,,0,30.0,0,0
75,8,17,1,18,Y6042876,,,,0,30.0,0,0
75,8,17,1,19,Y6042877,,,,0,30.0,0,0
75,8,17,1,20,Y6042878,,,,0,30.0,0,0
75,8,17,1,21,Y6042879,,,,0,30.0,0,0
75,8,17,1,22,Y6042880,,,,0,30.0,0,0
75,8,17,1,23,Y6042881,,,,0,30.0,0,0
75,8,17,1,24,Y6042882,,,,0,30.0,0,0
75,8,17,1,25,Y6042883,,,,0,30.0,0,0
75,8,17,1,26,Y6042884,,,,0,30.0,0,0
75,8,17,1,27,Y6042885,,,,0,30.0,0,0
75,8,17,1,28,Y6042886,,,,0,30.0,0,0
75,8,17,1,29,Y6042887,,,,0,30.0,0,0
75,8,17,1,30,Y6042888,,,,0,30.0,0,0
75,8,17,2,10,Y6042889,,,,0,30.0,0,0
75,8,17,2,11,Y6042890,,,,0,30.0,0,0
75,8,17,2,12,Y6042891,,,,0,30.0,0,0
75,8,17,2,13,Y6042892,,,,0,30.0,0,0
75,8,17,2,14,Y6042893,,,,0,30.0,0,0
75,8,17,2,15,Y6042894,,,,0,30.0,0,0
75,8,17,2,16,Y6042895,,,,0,30.0,0,0
75,8,17,2,17,Y6042896,,,,0,30.0,0,0
75,8,17,2,18,Y6042897,,,,0,30.0,0,0
75,8,17,2,19,Y6042898,,,,0,30.0,0,0
75,8,17,2,20,Y6042899,,,,0,30.0,0,0
75,8,17,2,21,Y6042900,,,,0,30.0,0,0
75,8,17,2,22,Y6042901,,,,0,30.0,0,0
75,8,17,2,23,Y6042902,,,,0,30.0,0,0
75,8,17,2,24,Y6042903,,,,0,30.0,0,0
75,8,17,2,25,Y6042904,,,,0,30.0,0,0
75,8,17,2,26,Y6042905,,,,0,30.0,0,0
75,8,17,2,27,Y6042906,,,,0,30.0,0,0
75,8,17,2,28,Y6042907,,,,0,30.0,0,0
75,8,17,2,29,Y6042908,,,,0,30.0,0,0
75,8,17,2,30,Y6042909,,,,0,30.0,0,0
75,8,17,3,10,Y6042910,,,,0,30.0,0,0
75,8,17,3,11,Y6042911,,,,0,30.0,0,0
75,8,17,3,12,Y6042912,,,,0,30.0,0,0
75,8,17,3,13,Y6042913,,,,0,30.0,0,0
75,8,17,3,14,Y6042914,,,,0,30.0,0,0
75,8,17,3,15,Y6042915,,,,0,30.0,0,0
75,8,17,3,16,Y6042916,,,,0,30.0,0,0
75,8,17,3,17,Y6042917,,,,0,30.0,0,0
75,8,17,3,18,Y6042918,,,,0,30.0,0,0
75,8,17,3,19,Y6042919,,,,0,30.0,0,0
75,8,17,3,20,Y6042920,,,,0,30.0,0,0
75,8,17,3,21,Y6042921,,,,0,30.0,0,0
75,8,17,3,22,Y6042922,,,,0,30.0,0,0
75,8,17,3,23,Y6042923,,,,0,30.0,0,0
75,8,17,3,24,Y6042924,,,,0,30.0,0,0
75,8,17,3,25,Y6042925,,,,0,30.0,0,0
75,8,17,3,26,Y6042926,,,,0,30.0,0,0
75,8,17,3,27,Y6042927,,,,0,30.0,0,0
75,8,17,3,28,Y6042928,,,,0,30.0,0,0
75,8,17,3,29,Y6042929,,,,0,30.0,0,0
75,8,17,3,30,Y6042930,,,,0,30.0,0,0
75,8,17,4,10,Y6042931,,,,0,30.0,0,0
75,8,17,4,11,Y6042932,,,,0,30.0,0,0
75,8,17,4,12,Y6042933,,,,0,30.0,0,0
75,8,17,4,13,Y6042934,,,,0,30.0,0,0
75,8,17,4,14,Y6042935,,,,0,30.0,0,0
75,8,17,4,15,Y6042936,,,,0,30.0,0,0
75,8,17,4,16,Y6042937,,,,0,30.0,0,0
75,8,17,4,17,Y6042938,,,,0,30.0,0,0
75,8,17,4,18,Y6042939,,,,0,30.0,0,0
75,8,17,4,19,Y6042940,,,,0,30.0,0,0
75,8,17,4,20,Y6042941,,,,0,30.0,0,0
75,8,17,4,21,Y6042942,,,,0,30.0,0,0
75,8,17,4,22,Y6042943,,,,0,30.0,0,0
75,8,17,4,23,Y6042944,,,,0,30.0,0,0
75,8,17,4,24,Y6042945,,,,0,30.0,0,0
75,8,17,4,25,Y6042946,,,,0,30.0,0,0
75,8,17,4,26,Y6042947,,,,0,30.0,0,0
75,8,17,4,27,Y6042948,,,,0,30.0,0,0
75,8,17,4,28,Y6042949,,,,0,30.0,0,0
75,8,17,4,29,Y6042950,,,,0,30.0,0,0
75,8,17,4,30,Y6042951,,,,0,30.0,0,0
75,8,17,5,10,Y6042952,,,,0,30.0,0,0
75,8,17,5,11,Y6042953,,,,0,30.0,0,0
75,8,17,5,12,Y6042954,,,,0,30.0,0,0
75,8,17,5,13,Y6042955,,,,0,30.0,0,0
75,8,17,5,14,Y6042956,,,,0,30.0,0,0
75,8,17,5,15,Y6042957,,,,0,30.0,0,0
75,8,17,5,16,Y6042958,,,,0,30.0,0,0
75,8,17,5,17,Y6042959,,,,0,30.0,0,0
75,8,17,5,18,Y6042960,,,,0,30.0,0,0
75,8,17,5,19,Y6042961,,,,0,30.0,0,0
75,8,17,5,20,Y6042962,,,,0,30.0,0,0
75,8,17,5,21,Y6042963,,,,0,30.0,0,0
75,8,17,5,22,Y6042964,,,,0,30.0,0,0
75,8,17,5,23,Y6042965,,,,0,30.0,0,0
75,8,17,5,24,Y6042966,,,,0,30.0,0,0
75,8,17,5,25,Y6042967,,,,0,30.0,0,0
75,8,17,5,26,Y6042968,,,,0,30.0,0,0
75,8,17,5,27,Y6042969,,,,0,30.0,0,0
75,8,17,5,28,Y6042970,,,,0,30.0,0,0
75,8,17,5,29,Y6042971,,,,0,30.0,0,0
75,8,17,5,30,Y6042972,,,,0,30.0,0,0
75,8,17,6,10,Y6042973,,,,0,30.0,0,0
75,8,17,6,11,Y6042974,,,,0,30.0,0,0
75,8,17,6,12,Y6042975,,,,0,30.0,0,0
75,8,17,6,13,Y6042976,,,,0,30.0,0,0
75,8,17,6,14,Y6042977,,,,0,30.0,0,0
75,8,17,6,15,Y6042978,,,,0,30.0,0,0
75,8,17,6,16,Y6042979,,,,0,30.0,0,0
75,8,17,6,17,Y6042980,,,,0,30.0,0,0
75,8,17,6,18,Y6042981,,,,0,30.0,0,0
75,8,17,6,19,Y6042982,,,,0,30.0,0,0
75,8,17,6,20,Y6042983,,,,0,30.0,0,0
75,8,17,6,21,Y6042984,,,,0,30.0,0,0
75,8,17,6,22,Y6042985,,,,0,30.0,0,0
75,8,17,6,23,Y6042986,,,,0,30.0,0,0
75,8,17,6,24,Y6042987,,,,0,30.0,0,0
75,8,17,6,25,Y6042988,,,,0,30.0,0,0
75,8,17,6,26,Y6042989,,,,0,30.0,0,0
75,8,17,6,27,Y6042990,,,,0,30.0,0,0
75,8,17,6,28,Y6042991,,,,0,30.0,0,0
75,8,17,6,29,Y6042992,,,,0,30.0,0,0
75,8,17,6,30,Y6042993,,,,0,30.0,0,0
75,8,17,7,10,Y6042994,,,,0,30.0,0,0
75,8,17,7,11,Y6042995,,,,0,30.0,0,0
75,8,17,7,12,Y6042996,,,,0,30.0,0,0
75,8,17,7,13,Y6042997,,,,0,30.0,0,0
75,8,17,7,14,Y6042998,,,,0,30.0,0,0
75,8,17,7,15,Y6042999,,,,0,30.0,0,0
75,8,17,7,16,Y6043000,,,,0,30.0,0,0
75,8,17,7,17,Y6043001,,,,0,30.0,0,0
75,8,17,7,18,Y6043002,,,,0,30.0,0,0
75,8,17,7,19,Y6043003,,,,0,30.0,0,0
75,8,17,7,20,Y6043004,,,,0,30.0,0,0
75,8,17,7,21,Y6043005,,,,0,30.0,0,0
75,8,17,7,22,Y6043006,,,,0,30.0,0,0
75,8,17,7,23,Y6043007,,,,0,30.0,0,0
75,8,17,7,24,Y6043008,,,,0,30.0,0,0
75,8,17,7,25,Y6043009,,,,0,30.0,0,0
75,8,17,7,26,Y6043010,,,,0,30.0,0,0
75,8,17,7,27,Y6043011,,,,0,30.0,0,0
75,8,17,7,28,Y6043012,,,,0,30.0,0,0
75,8,17,7,29,Y6043013,,,,0,30.0,0,0
75,8,17,7,30,Y6043014,,,,0,30.0,0,0
75,8,17,8,10,Y6043015,,,,0,30.0,0,0
75,8,17,8,11,Y6043016,,,,0,30.0,0,0
75,8,17,8,12,Y6043017,,,,0,30.0,0,0
75,8,17,8,13,Y6043018,,,,0,30.0,0,0
75,8,17,8,14,Y6043019,,,,0,30.0,0,0
75,8,17,8,15,Y6043020,,,,0,30.0,0,0
75,8,17,8,16,Y6043021,,,,0,30.0,0,0
75,8,17,8,17,Y6043022,,,,0,30.0,0,0
75,8,17,8,18,Y6043023,,,,0,30.0,0,0
75,8,17,8,19,Y6043024,,,,0,30.0,0,0
75,8,17,8,20,Y6043025,,,,0,30.0,0,0
75,8,17,8,21,Y6043026,,,,0,30.0,0,0
75,8,17,8,22,Y6043027,,,,0,30.0,0,0
75,8,17,8,23,Y6043028,,,,0,30.0,0,0
75,8,17,8,24,Y6043029,,,,0,30.0,0,0
75,8,17,8,25,Y6043030,,,,0,30.0,0,0
75,8,17,8,26,Y6043031,,,,0,30.0,0,0
75,8,17,8,27,Y6043032,,,,0,30.0,0,0
75,8,17,8,28,Y6043033,,,,0,30.0,0,0
75,8,17,8,29,Y6043034,,,,0,30.0,0,0
75,8,17,8,30,Y6043035,,,,0,30.0,0,0
75,8,17,9,10,Y6043036,,,,0,30.0,0,0
75,8,17,9,11,Y6043037,,,,0,30.0,0,0
75,8,17,9,12,Y6043038,,,,0,30.0,0,0
75,8,17,9,13,Y6043039,,,,0,30.0,0,0
75,8,17,9,14,Y6043040,,,,0,30.0,0,0
75,8,17,9,15,Y6043041,,,,0,30.0,0,0
75,8,17,9,16,Y6043042,,,,0,30.0,0,0
75,8,17,9,17,Y6043043,,,,0,30.0,0,0
75,8,17,9,18,Y6043044,,,,0,30.0,0,0
75,8,17,9,19,Y6043045,,,,0,30.0,0,0
75,8,17,9,20,Y6043046,,,,0,30.0,0,0
75,8,17,9,21,Y6043047,,,,0,30.0,0,0
75,8,17,9,22,Y6043048,,,,0,30.0,0,0
75,8,17,9,23,Y6043049,,,,0,30.0,0,0
75,8,17,9,24,Y6043050,,,,0,30.0,0,0
75,8,17,9,25,Y6043051,,,,0,30.0,0,0
75,8,17,9,26,Y6043052,,,,0,30.0,0,0
75,8,17,9,27,Y6043053,,,,0,30.0,0,0
75,8,17,9,28,Y6043054,,,,0,30.0,0,0
75,8,17,9,29,Y6043055,,,,0,30.0,0,0
75,8,17,9,30,Y6043056,,,,0,30.0,0,0
75,8,17,10,10,Y6043057,,,,0,30.0,0,0
75,8,17,10,11,Y6043058,,,,0,30.0,0,0
75,8,17,10,12,Y6043059,,,,0,30.0,0,0
75,8,17,10,13,Y6043060,,,,0,30.0,0,0
75,8,17,10,14,Y6043061,,,,0,30.0,0,0
75,8,17,10,15,Y6043062,,,,0,30.0,0,0
75,8,17,10,16,Y6043063,,,,0,30.0,0,0
75,8,17,10,17,Y6043064,,,,0,30.0,0,0
75,8,17,10,18,Y6043065,,,,0,30.0,0,0
75,8,17,10,19,Y6043066,,,,0,30.0,0,0
75,8,17,10,20,Y6043067,,,,0,30.0,0,0
75,8,17,10,21,Y6043068,,,,0,30.0,0,0
75,8,17,10,22,Y6043069,,,,0,30.0,0,0
75,8,17,10,23,Y6043070,,,,0,30.0,0,0
75,8,17,10,24,Y6043071,,,,0,30.0,0,0
75,8,17,10,25,Y6043072,,,,0,30.0,0,0
75,8,17,10,26,Y6043073,,,,0,30.0,0,0
75,8,17,10,27,Y6043074,,,,0,30.0,0,0
75,8,17,10,28,Y6043075,,,,0,30.0,0,0
75,8,17,10,29,Y6043076,,,,0,30.0,0,0
75,8,17,10,30,Y6043077,,,,0,30.0,0,0
75,8,17,11,10,Y6043078,,,,0,30.0,0,0
75,8,17,11,11,Y6043079,,,,0,30.0,0,0
75,8,17,11,12,Y6043080,,,,0,30.0,0,0
75,8,17,11,13,Y6043081,,,,0,30.0,0,0
75,8,17,11,14,Y6043082,,,,0,30.0,0,0
75,8,17,11,15,Y6043083,,,,0,30.0,0,0
75,8,17,11,16,Y6043084,,,,0,30.0,0,0
75,8,17,11,17,Y6043085,,,,0,30.0,0,0
75,8,17,11,18,Y6043086,,,,0,30.0,0,0
75,8,17,11,19,Y6043087,,,,0,30.0,0,0
75,8,17,11,20,Y6043088,,,,0,30.0,0,0
75,8,17,11,21,Y6043089,,,,0,30.0,0,0
75,8,17,11,22,Y6043090,,,,0,30.0,0,0
75,8,17,11,23,Y6043091,,,,0,30.0,0,0
75,8,17,11,24,Y6043092,,,,0,30.0,0,0
75,8,17,11,25,Y6043093,,,,0,30.0,0,0
75,8,17,11,26,Y6043094,,,,0,30.0,0,0
75,8,17,11,27,Y6043095,,,,0,30.0,0,0
75,8,17,11,28,Y6043096,,,,0,30.0,0,0
75,8,17,11,29,Y6043097,,,,0,30.0,0,0
75,8,17,11,30,Y6043098,,,,0,30.0,0,0
75,8,17,12,10,Y6043099,,,,0,30.0,0,0
75,8,17,12,11,Y6043100,,,,0,30.0,0,0
75,8,17,12,12,Y6043101,,,,0,30.0,0,0
75,8,17,12,13,Y6043102,,,,0,30.0,0,0
75,8,17,12,14,Y6043103,,,,0,30.0,0,0
75,8,17,12,15,Y6043104,,,,0,30.0,0,0
75,8,17,12,16,Y6043105,,,,0,30.0,0,0
75,8,17,12,17,Y6043106,,,,0,30.0,0,0
75,8,17,12,18,Y6043107,,,,0,30.0,0,0
75,8,17,12,19,Y6043108,,,,0,30.0,0,0
75,8,17,12,20,Y6043109,,,,0,30.0,0,0
75,8,17,12,21,Y6043110,,,,0,30.0,0,0
75,8,17,12,22,Y6043111,,,,0,30.0,0,0
75,8,17,12,23,Y6043112,,,,0,30.0,0,0
75,8,17,12,24,Y6043113,,,,0,30.0,0,0
75,8,17,12,25,Y6043114,,,,0,30.0,0,0
75,8,17,12,26,Y6043115,,,,0,30.0,0,0
75,8,17,12,27,Y6043116,,,,0,30.0,0,0
75,8,17,12,28,Y6043117,,,,0,30.0,0,0
75,8,17,12,29,Y6043118,,,,0,30.0,0,0
75,8,17,12,30,Y6043119,,,,0,30.0,0,0
75,8,18,1,10,Y6043120,,,,0,30.0,0,0
75,8,18,1,11,Y6043121,,,,0,30.0,0,0
75,8,18,1,12,Y6043122,,,,0,30.0,0,0
75,8,18,1,13,Y6043123,,,,0,30.0,0,0
75,8,18,1,14,Y6043124,,,,0,30.0,0,0
75,8,18,1,15,Y6043125,,,,0,30.0,0,0
75,8,18,1,16,Y6043126,,,,0,30.0,0,0
75,8,18,1,17,Y6043127,,,,0,30.0,0,0
75,8,18,1,18,Y6043128,,,,0,30.0,0,0
75,8,18,1,19,Y6043129,,,,0,30.0,0,0
75,8,18,1,20,Y6043130,,,,0,30.0,0,0
75,8,18,1,21,Y6043131,,,,0,30.0,0,0
75,8,18,1,22,Y6043132,,,,0,30.0,0,0
75,8,18,1,23,Y6043133,,,,0,30.0,0,0
75,8,18,1,24,Y6043134,,,,0,30.0,0,0
75,8,18,1,25,Y6043135,,,,0,30.0,0,0
75,8,18,1,26,Y6043136,,,,0,30.0,0,0
75,8,18,1,27,Y6043137,,,,0,30.0,0,0
75,8,18,1,28,Y6043138,,,,0,30.0,0,0
75,8,18,1,29,Y6043139,,,,0,30.0,0,0
75,8,18,1,30,Y6043140,,,,0,30.0,0,0
75,8,18,2,10,Y6043141,,,,0,30.0,0,0
75,8,18,2,11,Y6043142,,,,0,30.0,0,0
75,8,18,2,12,Y6043143,,,,0,30.0,0,0
75,8,18,2,13,Y6043144,,,,0,30.0,0,0
75,8,18,2,14,Y6043145,,,,0,30.0,0,0
75,8,18,2,15,Y6043146,,,,0,30.0,0,0
75,8,18,2,16,Y6043147,,,,0,30.0,0,0
75,8,18,2,17,Y6043148,,,,0,30.0,0,0
75,8,18,2,18,Y6043149,,,,0,30.0,0,0
75,8,18,2,19,Y6043150,,,,0,30.0,0,0
75,8,18,2,20,Y6043151,,,,0,30.0,0,0
75,8,18,2,21,Y6043152,,,,0,30.0,0,0
75,8,18,2,22,Y6043153,,,,0,30.0,0,0
75,8,18,2,23,Y6043154,,,,0,30.0,0,0
75,8,18,2,24,Y6043155,,,,0,30.0,0,0
75,8,18,2,25,Y6043156,,,,0,30.0,0,0
75,8,18,2,26,Y6043157,,,,0,30.0,0,0
75,8,18,2,27,Y6043158,,,,0,30.0,0,0
75,8,18,2,28,Y6043159,,,,0,30.0,0,0
75,8,18,2,29,Y6043160,,,,0,30.0,0,0
75,8,18,2,30,Y6043161,,,,0,30.0,0,0
75,8,18,3,10,Y6043162,,,,0,30.0,0,0
75,8,18,3,11,Y6043163,,,,0,30.0,0,0
75,8,18,3,12,Y6043164,,,,0,30.0,0,0
75,8,18,3,13,Y6043165,,,,0,30.0,0,0
75,8,18,3,14,Y6043166,,,,0,30.0,0,0
75,8,18,3,15,Y6043167,,,,0,30.0,0,0
75,8,18,3,16,Y6043168,,,,0,30.0,0,0
75,8,18,3,17,Y6043169,,,,0,30.0,0,0
75,8,18,3,18,Y6043170,,,,0,30.0,0,0
75,8,18,3,19,Y6043171,,,,0,30.0,0,0
75,8,18,3,20,Y6043172,,,,0,30.0,0,0
75,8,18,3,21,Y6043173,,,,0,30.0,0,0
75,8,18,3,22,Y6043174,,,,0,30.0,0,0
75,8,18,3,23,Y6043175,,,,0,30.0,0,0
75,8,18,3,24,Y6043176,,,,0,30.0,0,0
75,8,18,3,25,Y6043177,,,,0,30.0,0,0
75,8,18,3,26,Y6043178,,,,0,30.0,0,0
75,8,18,3,27,Y6043179,,,,0,30.0,0,0
75,8,18,3,28,Y6043180,,,,0,30.0,0,0
75,8,18,3,29,Y6043181,,,,0,30.0,0,0
75,8,18,3,30,Y6043182,,,,0,30.0,0,0
75,8,18,4,10,Y6043183,,,,0,30.0,0,0
75,8,18,4,11,Y6043184,,,,0,30.0,0,0
75,8,18,4,12,Y6043185,,,,0,30.0,0,0
75,8,18,4,13,Y6043186,,,,0,30.0,0,0
75,8,18,4,14,Y6043187,,,,0,30.0,0,0
75,8,18,4,15,Y6043188,,,,0,30.0,0,0
75,8,18,4,16,Y6043189,,,,0,30.0,0,0
75,8,18,4,17,Y6043190,,,,0,30.0,0,0
75,8,18,4,18,Y6043191,,,,0,30.0,0,0
75,8,18,4,19,Y6043192,,,,0,30.0,0,0
75,8,18,4,20,Y6043193,,,,0,30.0,0,0
75,8,18,4,21,Y6043194,,,,0,30.0,0,0
75,8,18,4,22,Y6043195,,,,0,30.0,0,0
75,8,18,4,23,Y6043196,,,,0,30.0,0,0
75,8,18,4,24,Y6043197,,,,0,30.0,0,0
75,8,18,4,25,Y6043198,,,,0,30.0,0,0
75,8,18,4,26,Y6043199,,,,0,30.0,0,0
75,8,18,4,27,Y6043200,,,,0,30.0,0,0
75,8,18,4,28,Y6043201,,,,0,30.0,0,0
75,8,18,4,29,Y6043202,,,,0,30.0,0,0
75,8,18,4,30,Y6043203,,,,0,30.0,0,0
75,8,18,5,10,Y6043204,,,,0,30.0,0,0
75,8,18,5,11,Y6043205,,,,0,30.0,0,0
75,8,18,5,12,Y6043206,,,,0,30.0,0,0
75,8,18,5,13,Y6043207,,,,0,30.0,0,0
75,8,18,5,14,Y6043208,,,,0,30.0,0,0
75,8,18,5,15,Y6043209,,,,0,30.0,0,0
75,8,18,5,16,Y6043210,,,,0,30.0,0,0
75,8,18,5,17,Y6043211,,,,0,30.0,0,0
75,8,18,5,18,Y6043212,,,,0,30.0,0,0
75,8,18,5,19,Y6043213,,,,0,30.0,0,0
75,8,18,5,20,Y6043214,,,,0,30.0,0,0
75,8,18,5,21,Y6043215,,,,0,30.0,0,0
75,8,18,5,22,Y6043216,,,,0,30.0,0,0
75,8,18,5,23,Y6043217,,,,0,30.0,0,0
75,8,18,5,24,Y6043218,,,,0,30.0,0,0
75,8,18,5,25,Y6043219,,,,0,30.0,0,0
75,8,18,5,26,Y6043220,,,,0,30.0,0,0
75,8,18,5,27,Y6043221,,,,0,30.0,0,0
75,8,18,5,28,Y6043222,,,,0,30.0,0,0
75,8,18,5,29,Y6043223,,,,0,30.0,0,0
75,8,18,5,30,Y6043224,,,,0,30.0,0,0
75,8,18,6,10,Y6043225,,,,0,30.0,0,0
75,8,18,6,11,Y6043226,,,,0,30.0,0,0
75,8,18,6,12,Y6043227,,,,0,30.0,0,0
75,8,18,6,13,Y6043228,,,,0,30.0,0,0
75,8,18,6,14,Y6043229,,,,0,30.0,0,0
75,8,18,6,15,Y6043230,,,,0,30.0,0,0
75,8,18,6,16,Y6043231,,,,0,30.0,0,0
75,8,18,6,17,Y6043232,,,,0,30.0,0,0
75,8,18,6,18,Y6043233,,,,0,30.0,0,0
75,8,18,6,19,Y6043234,,,,0,30.0,0,0
75,8,18,6,20,Y6043235,,,,0,30.0,0,0
75,8,18,6,21,Y6043236,,,,0,30.0,0,0
75,8,18,6,22,Y6043237,,,,0,30.0,0,0
75,8,18,6,23,Y6043238,,,,0,30.0,0,0
75,8,18,6,24,Y6043239,,,,0,30.0,0,0
75,8,18,6,25,Y6043240,,,,0,30.0,0,0
75,8,18,6,26,Y6043241,,,,0,30.0,0,0
75,8,18,6,27,Y6043242,,,,0,30.0,0,0
75,8,18,6,28,Y6043243,,,,0,30.0,0,0
75,8,18,6,29,Y6043244,,,,0,30.0,0,0
75,8,18,6,30,Y6043245,,,,0,30.0,0,0
75,8,18,7,10,Y6043246,,,,0,30.0,0,0
75,8,18,7,11,Y6043247,,,,0,30.0,0,0
75,8,18,7,12,Y6043248,,,,0,30.0,0,0
75,8,18,7,13,Y6043249,,,,0,30.0,0,0
75,8,18,7,14,Y6043250,,,,0,30.0,0,0
75,8,18,7,15,Y6043251,,,,0,30.0,0,0
75,8,18,7,16,Y6043252,,,,0,30.0,0,0
75,8,18,7,17,Y6043253,,,,0,30.0,0,0
75,8,18,7,18,Y6043254,,,,0,30.0,0,0
75,8,18,7,19,Y6043255,,,,0,30.0,0,0
75,8,18,7,20,Y6043256,,,,0,30.0,0,0
75,8,18,7,21,Y6043257,,,,0,30.0,0,0
75,8,18,7,22,Y6043258,,,,0,30.0,0,0
75,8,18,7,23,Y6043259,,,,0,30.0,0,0
75,8,18,7,24,Y6043260,,,,0,30.0,0,0
75,8,18,7,25,Y6043261,,,,0,30.0,0,0
75,8,18,7,26,Y6043262,,,,0,30.0,0,0
75,8,18,7,27,Y6043263,,,,0,30.0,0,0
75,8,18,7,28,Y6043264,,,,0,30.0,0,0
75,8,18,7,29,Y6043265,,,,0,30.0,0,0
75,8,18,7,30,Y6043266,,,,0,30.0,0,0
75,8,18,8,10,Y6043267,,,,0,30.0,0,0
75,8,18,8,11,Y6043268,,,,0,30.0,0,0
75,8,18,8,12,Y6043269,,,,0,30.0,0,0
75,8,18,8,13,Y6043270,,,,0,30.0,0,0
75,8,18,8,14,Y6043271,,,,0,30.0,0,0
75,8,18,8,15,Y6043272,,,,0,30.0,0,0
75,8,18,8,16,Y6043273,,,,0,30.0,0,0
75,8,18,8,17,Y6043274,,,,0,30.0,0,0
75,8,18,8,18,Y6043275,,,,0,30.0,0,0
75,8,18,8,19,Y6043276,,,,0,30.0,0,0
75,8,18,8,20,Y6043277,,,,0,30.0,0,0
75,8,18,8,21,Y6043278,,,,0,30.0,0,0
75,8,18,8,22,Y6043279,,,,0,30.0,0,0
75,8,18,8,23,Y6043280,,,,0,30.0,0,0
75,8,18,8,24,Y6043281,,,,0,30.0,0,0
75,8,18,8,25,Y6043282,,,,0,30.0,0,0
75,8,18,8,26,Y6043283,,,,0,30.0,0,0
75,8,18,8,27,Y6043284,,,,0,30.0,0,0
75,8,18,8,28,Y6043285,,,,0,30.0,0,0
75,8,18,8,29,Y6043286,,,,0,30.0,0,0
75,8,18,8,30,Y6043287,,,,0,30.0,0,0
75,8,18,9,10,Y6043288,,,,0,30.0,0,0
75,8,18,9,11,Y6043289,,,,0,30.0,0,0
75,8,18,9,12,Y6043290,,,,0,30.0,0,0
75,8,18,9,13,Y6043291,,,,0,30.0,0,0
75,8,18,9,14,Y6043292,,,,0,30.0,0,0
75,8,18,9,15,Y6043293,,,,0,30.0,0,0
75,8,18,9,16,Y6043294,,,,0,30.0,0,0
75,8,18,9,17,Y6043295,,,,0,30.0,0,0
75,8,18,9,18,Y6043296,,,,0,30.0,0,0
75,8,18,9,19,Y6043297,,,,0,30.0,0,0
75,8,18,9,20,Y6043298,,,,0,30.0,0,0
75,8,18,9,21,Y6043299,,,,0,30.0,0,0
75,8,18,9,22,Y6043300,,,,0,30.0,0,0
75,8,18,9,23,Y6043301,,,,0,30.0,0,0
75,8,18,9,24,Y6043302,,,,0,30.0,0,0
75,8,18,9,25,Y6043303,,,,0,30.0,0,0
75,8,18,9,26,Y6043304,,,,0,30.0,0,0
75,8,18,9,27,Y6043305,,,,0,30.0,0,0
75,8,18,9,28,Y6043306,,,,0,30.0,0,0
75,8,18,9,29,Y6043307,,,,0,30.0,0,0
75,8,18,9,30,Y6043308,,,,0,30.0,0,0
75,8,18,10,10,Y6043309,,,,0,30.0,0,0
75,8,18,10,11,Y6043310,,,,0,30.0,0,0
75,8,18,10,12,Y6043311,,,,0,30.0,0,0
75,8,18,10,13,Y6043312,,,,0,30.0,0,0
75,8,18,10,14,Y6043313,,,,0,30.0,0,0
75,8,18,10,15,Y6043314,,,,0,30.0,0,0
75,8,18,10,16,Y6043315,,,,0,30.0,0,0
75,8,18,10,17,Y6043316,,,,0,30.0,0,0
75,8,18,10,18,Y6043317,,,,0,30.0,0,0
75,8,18,10,19,Y6043318,,,,0,30.0,0,0
75,8,18,10,20,Y6043319,,,,0,30.0,0,0
75,8,18,10,21,Y6043320,,,,0,30.0,0,0
75,8,18,10,22,Y6043321,,,,0,30.0,0,0
75,8,18,10,23,Y6043322,,,,0,30.0,0,0
75,8,18,10,24,Y6043323,,,,0,30.0,0,0
75,8,18,10,25,Y6043324,,,,0,30.0,0,0
75,8,18,10,26,Y6043325,,,,0,30.0,0,0
75,8,18,10,27,Y6043326,,,,0,30.0,0,0
75,8,18,10,28,Y6043327,,,,0,30.0,0,0
75,8,18,10,29,Y6043328,,,,0,30.0,0,0
75,8,18,10,30,Y6043329,,,,0,30.0,0,0
75,8,18,11,10,Y6043330,,,,0,30.0,0,0
75,8,18,11,11,Y6043331,,,,0,30.0,0,0
75,8,18,11,12,Y6043332,,,,0,30.0,0,0
75,8,18,11,13,Y6043333,,,,0,30.0,0,0
75,8,18,11,14,Y6043334,,,,0,30.0,0,0
75,8,18,11,15,Y6043335,,,,0,30.0,0,0
75,8,18,11,16,Y6043336,,,,0,30.0,0,0
75,8,18,11,17,Y6043337,,,,0,30.0,0,0
75,8,18,11,18,Y6043338,,,,0,30.0,0,0
75,8,18,11,19,Y6043339,,,,0,30.0,0,0
75,8,18,11,20,Y6043340,,,,0,30.0,0,0
75,8,18,11,21,Y6043341,,,,0,30.0,0,0
75,8,18,11,22,Y6043342,,,,0,30.0,0,0
75,8,18,11,23,Y6043343,,,,0,30.0,0,0
75,8,18,11,24,Y6043344,,,,0,30.0,0,0
75,8,18,11,25,Y6043345,,,,0,30.0,0,0
75,8,18,11,26,Y6043346,,,,0,30.0,0,0
75,8,18,11,27,Y6043347,,,,0,30.0,0,0
75,8,18,11,28,Y6043348,,,,0,30.0,0,0
75,8,18,11,29,Y6043349,,,,0,30.0,0,0
75,8,18,11,30,Y6043350,,,,0,30.0,0,0
75,8,18,12,10,Y6043351,,,,0,30.0,0,0
75,8,18,12,11,Y6043352,,,,0,30.0,0,0
75,8,18,12,12,Y6043353,,,,0,30.0,0,0
75,8,18,12,13,Y6043354,,,,0,30.0,0,0
75,8,18,12,14,Y6043355,,,,0,30.0,0,0
75,8,18,12,15,Y6043356,,,,0,30.0,0,0
75,8,18,12,16,Y6043357,,,,0,30.0,0,0
75,8,18,12,17,Y6043358,,,,0,30.0,0,0
75,8,18,12,18,Y6043359,,,,0,30.0,0,0
75,8,18,12,19,Y6043360,,,,0,30.0,0,0
75,8,18,12,20,Y6043361,,,,0,30.0,0,0
75,8,18,12,21,Y6043362,,,,0,30.0,0,0
75,8,18,12,22,Y6043363,,,,0,30.0,0,0
75,8,18,12,23,Y6043364,,,,0,30.0,0,0
75,8,18,12,24,Y6043365,,,,0,30.0,0,0
75,8,18,12,25,Y6043366,,,,0,30.0,0,0
75,8,18,12,26,Y6043367,,,,0,30.0,0,0
75,8,18,12,27,Y6043368,,,,0,30.0,0,0
75,8,18,12,28,Y6043369,,,,0,30.0,0,0
75,8,18,12,29,Y6043370,,,,0,30.0,0,0
75,8,18,12,30,Y6043371,,,,0,30.0,0,0
75,8,19,1,10,Y6043372,,,,0,30.0,0,0
75,8,19,1,11,Y6043373,,,,0,30.0,0,0
75,8,19,1,12,Y6043374,,,,0,30.0,0,0
75,8,19,1,13,Y6043375,,,,0,30.0,0,0
75,8,19,1,14,Y6043376,,,,0,30.0,0,0
75,8,19,1,15,Y6043377,,,,0,30.0,0,0
75,8,19,1,16,Y6043378,,,,0,30.0,0,0
75,8,19,1,17,Y6043379,,,,0,30.0,0,0
75,8,19,1,18,Y6043380,,,,0,30.0,0,0
75,8,19,1,19,Y6043381,,,,0,30.0,0,0
75,8,19,1,20,Y6043382,,,,0,30.0,0,0
75,8,19,1,21,Y6043383,,,,0,30.0,0,0
75,8,19,1,22,Y6043384,,,,0,30.0,0,0
75,8,19,1,23,Y6043385,,,,0,30.0,0,0
75,8,19,1,24,Y6043386,,,,0,30.0,0,0
75,8,19,1,25,Y6043387,,,,0,30.0,0,0
75,8,19,1,26,Y6043388,,,,0,30.0,0,0
75,8,19,1,27,Y6043389,,,,0,30.0,0,0
75,8,19,1,28,Y6043390,,,,0,30.0,0,0
75,8,19,1,29,Y6043391,,,,0,30.0,0,0
75,8,19,1,30,Y6043392,,,,0,30.0,0,0
75,8,19,2,10,Y6043393,,,,0,30.0,0,0
75,8,19,2,11,Y6043394,,,,0,30.0,0,0
75,8,19,2,12,Y6043395,,,,0,30.0,0,0
75,8,19,2,13,Y6043396,,,,0,30.0,0,0
75,8,19,2,14,Y6043397,,,,0,30.0,0,0
75,8,19,2,15,Y6043398,,,,0,30.0,0,0
75,8,19,2,16,Y6043399,,,,0,30.0,0,0
75,8,19,2,17,Y6043400,,,,0,30.0,0,0
75,8,19,2,18,Y6043401,,,,0,30.0,0,0
75,8,19,2,19,Y6043402,,,,0,30.0,0,0
75,8,19,2,20,Y6043403,,,,0,30.0,0,0
75,8,19,2,21,Y6043404,,,,0,30.0,0,0
75,8,19,2,22,Y6043405,,,,0,30.0,0,0
75,8,19,2,23,Y6043406,,,,0,30.0,0,0
75,8,19,2,24,Y6043407,,,,0,30.0,0,0
75,8,19,2,25,Y6043408,,,,0,30.0,0,0
75,8,19,2,26,Y6043409,,,,0,30.0,0,0
75,8,19,2,27,Y6043410,,,,0,30.0,0,0
75,8,19,2,28,Y6043411,,,,0,30.0,0,0
75,8,19,2,29,Y6043412,,,,0,30.0,0,0
75,8,19,2,30,Y6043413,,,,0,30.0,0,0
75,8,19,3,10,Y6043414,,,,0,30.0,0,0
75,8,19,3,11,Y6043415,,,,0,30.0,0,0
75,8,19,3,12,Y6043416,,,,0,30.0,0,0
75,8,19,3,13,Y6043417,,,,0,30.0,0,0
75,8,19,3,14,Y6043418,,,,0,30.0,0,0
75,8,19,3,15,Y6043419,,,,0,30.0,0,0
75,8,19,3,16,Y6043420,,,,0,30.0,0,0
75,8,19,3,17,Y6043421,,,,0,30.0,0,0
75,8,19,3,18,Y6043422,,,,0,30.0,0,0
75,8,19,3,19,Y6043423,,,,0,30.0,0,0
75,8,19,3,20,Y6043424,,,,0,30.0,0,0
75,8,19,3,21,Y6043425,,,,0,30.0,0,0
75,8,19,3,22,Y6043426,,,,0,30.0,0,0
75,8,19,3,23,Y6043427,,,,0,30.0,0,0
75,8,19,3,24,Y6043428,,,,0,30.0,0,0
75,8,19,3,25,Y6043429,,,,0,30.0,0,0
75,8,19,3,26,Y6043430,,,,0,30.0,0,0
75,8,19,3,27,Y6043431,,,,0,30.0,0,0
75,8,19,3,28,Y6043432,,,,0,30.0,0,0
75,8,19,3,29,Y6043433,,,,0,30.0,0,0
75,8,19,3,30,Y6043434,,,,0,30.0,0,0
75,8,19,4,10,Y6043435,,,,0,30.0,0,0
75,8,19,4,11,Y6043436,,,,0,30.0,0,0
75,8,19,4,12,Y6043437,,,,0,30.0,0,0
75,8,19,4,13,Y6043438,,,,0,30.0,0,0
75,8,19,4,14,Y6043439,,,,0,30.0,0,0
75,8,19,4,15,Y6043440,,,,0,30.0,0,0
75,8,19,4,16,Y6043441,,,,0,30.0,0,0
75,8,19,4,17,Y6043442,,,,0,30.0,0,0
75,8,19,4,18,Y6043443,,,,0,30.0,0,0
75,8,19,4,19,Y6043444,,,,0,30.0,0,0
75,8,19,4,20,Y6043445,,,,0,30.0,0,0
75,8,19,4,21,Y6043446,,,,0,30.0,0,0
75,8,19,4,22,Y6043447,,,,0,30.0,0,0
75,8,19,4,23,Y6043448,,,,0,30.0,0,0
75,8,19,4,24,Y6043449,,,,0,30.0,0,0
75,8,19,4,25,Y6043450,,,,0,30.0,0,0
75,8,19,4,26,Y6043451,,,,0,30.0,0,0
75,8,19,4,27,Y6043452,,,,0,30.0,0,0
75,8,19,4,28,Y6043453,,,,0,30.0,0,0
75,8,19,4,29,Y6043454,,,,0,30.0,0,0
75,8,19,4,30,Y6043455,,,,0,30.0,0,0
75,8,19,5,10,Y6043456,,,,0,30.0,0,0
75,8,19,5,11,Y6043457,,,,0,30.0,0,0
75,8,19,5,12,Y6043458,,,,0,30.0,0,0
75,8,19,5,13,Y6043459,,,,0,30.0,0,0
75,8,19,5,14,Y6043460,,,,0,30.0,0,0
75,8,19,5,15,Y6043461,,,,0,30.0,0,0
75,8,19,5,16,Y6043462,,,,0,30.0,0,0
75,8,19,5,17,Y6043463,,,,0,30.0,0,0
75,8,19,5,18,Y6043464,,,,0,30.0,0,0
75,8,19,5,19,Y6043465,,,,0,30.0,0,0
75,8,19,5,20,Y6043466,,,,0,30.0,0,0
75,8,19,5,21,Y6043467,,,,0,30.0,0,0
75,8,19,5,22,Y6043468,,,,0,30.0,0,0
75,8,19,5,23,Y6043469,,,,0,30.0,0,0
75,8,19,5,24,Y6043470,,,,0,30.0,0,0
75,8,19,5,25,Y6043471,,,,0,30.0,0,0
75,8,19,5,26,Y6043472,,,,0,30.0,0,0
75,8,19,5,27,Y6043473,,,,0,30.0,0,0
75,8,19,5,28,Y6043474,,,,0,30.0,0,0
75,8,19,5,29,Y6043475,,,,0,30.0,0,0
75,8,19,5,30,Y6043476,,,,0,30.0,0,0
75,8,19,6,10,Y6043477,,,,0,30.0,0,0
75,8,19,6,11,Y6043478,,,,0,30.0,0,0
75,8,19,6,12,Y6043479,,,,0,30.0,0,0
75,8,19,6,13,Y6043480,,,,0,30.0,0,0
75,8,19,6,14,Y6043481,,,,0,30.0,0,0
75,8,19,6,15,Y6043482,,,,0,30.0,0,0
75,8,19,6,16,Y6043483,,,,0,30.0,0,0
75,8,19,6,17,Y6043484,,,,0,30.0,0,0
75,8,19,6,18,Y6043485,,,,0,30.0,0,0
75,8,19,6,19,Y6043486,,,,0,30.0,0,0
75,8,19,6,20,Y6043487,,,,0,30.0,0,0
75,8,19,6,21,Y6043488,,,,0,30.0,0,0
75,8,19,6,22,Y6043489,,,,0,30.0,0,0
75,8,19,6,23,Y6043490,,,,0,30.0,0,0
75,8,19,6,24,Y6043491,,,,0,30.0,0,0
75,8,19,6,25,Y6043492,,,,0,30.0,0,0
75,8,19,6,26,Y6043493,,,,0,30.0,0,0
75,8,19,6,27,Y6043494,,,,0,30.0,0,0
75,8,19,6,28,Y6043495,,,,0,30.0,0,0
75,8,19,6,29,Y6043496,,,,0,30.0,0,0
75,8,19,6,30,Y6043497,,,,0,30.0,0,0
75,8,19,7,10,Y6043498,,,,0,30.0,0,0
75,8,19,7,11,Y6043499,,,,0,30.0,0,0
75,8,19,7,12,Y6043500,,,,0,30.0,0,0
75,8,19,7,13,Y6043501,,,,0,30.0,0,0
75,8,19,7,14,Y6043502,,,,0,30.0,0,0
75,8,19,7,15,Y6043503,,,,0,30.0,0,0
75,8,19,7,16,Y6043504,,,,0,30.0,0,0
75,8,19,7,17,Y6043505,,,,0,30.0,0,0
75,8,19,7,18,Y6043506,,,,0,30.0,0,0
75,8,19,7,19,Y6043507,,,,0,30.0,0,0
75,8,19,7,20,Y6043508,,,,0,30.0,0,0
75,8,19,7,21,Y6043509,,,,0,30.0,0,0
75,8,19,7,22,Y6043510,,,,0,30.0,0,0
75,8,19,7,23,Y6043511,,,,0,30.0,0,0
75,8,19,7,24,Y6043512,,,,0,30.0,0,0
75,8,19,7,25,Y6043513,,,,0,30.0,0,0
75,8,19,7,26,Y6043514,,,,0,30.0,0,0
75,8,19,7,27,Y6043515,,,,0,30.0,0,0
75,8,19,7,28,Y6043516,,,,0,30.0,0,0
75,8,19,7,29,Y6043517,,,,0,30.0,0,0
75,8,19,7,30,Y6043518,,,,0,30.0,0,0
75,8,19,8,10,Y6043519,,,,0,30.0,0,0
75,8,19,8,11,Y6043520,,,,0,30.0,0,0
75,8,19,8,12,Y6043521,,,,0,30.0,0,0
75,8,19,8,13,Y6043522,,,,0,30.0,0,0
75,8,19,8,14,Y6043523,,,,0,30.0,0,0
75,8,19,8,15,Y6043524,,,,0,30.0,0,0
75,8,19,8,16,Y6043525,,,,0,30.0,0,0
75,8,19,8,17,Y6043526,,,,0,30.0,0,0
75,8,19,8,18,Y6043527,,,,0,30.0,0,0
75,8,19,8,19,Y6043528,,,,0,30.0,0,0
75,8,19,8,20,Y6043529,,,,0,30.0,0,0
75,8,19,8,21,Y6043530,,,,0,30.0,0,0
75,8,19,8,22,Y6043531,,,,0,30.0,0,0
75,8,19,8,23,Y6043532,,,,0,30.0,0,0
75,8,19,8,24,Y6043533,,,,0,30.0,0,0
75,8,19,8,25,Y6043534,,,,0,30.0,0,0
75,8,19,8,26,Y6043535,,,,0,30.0,0,0
75,8,19,8,27,Y6043536,,,,0,30.0,0,0
75,8,19,8,28,Y6043537,,,,0,30.0,0,0
75,8,19,8,29,Y6043538,,,,0,30.0,0,0
75,8,19,8,30,Y6043539,,,,0,30.0,0,0
75,8,19,9,10,Y6043540,,,,0,30.0,0,0
75,8,19,9,11,Y6043541,,,,0,30.0,0,0
75,8,19,9,12,Y6043542,,,,0,30.0,0,0
75,8,19,9,13,Y6043543,,,,0,30.0,0,0
75,8,19,9,14,Y6043544,,,,0,30.0,0,0
75,8,19,9,15,Y6043545,,,,0,30.0,0,0
75,8,19,9,16,Y6043546,,,,0,30.0,0,0
75,8,19,9,17,Y6043547,,,,0,30.0,0,0
75,8,19,9,18,Y6043548,,,,0,30.0,0,0
75,8,19,9,19,Y6043549,,,,0,30.0,0,0
75,8,19,9,20,Y6043550,,,,0,30.0,0,0
75,8,19,9,21,Y6043551,,,,0,30.0,0,0
75,8,19,9,22,Y6043552,,,,0,30.0,0,0
75,8,19,9,23,Y6043553,,,,0,30.0,0,0
75,8,19,9,24,Y6043554,,,,0,30.0,0,0
75,8,19,9,25,Y6043555,,,,0,30.0,0,0
75,8,19,9,26,Y6043556,,,,0,30.0,0,0
75,8,19,9,27,Y6043557,,,,0,30.0,0,0
75,8,19,9,28,Y6043558,,,,0,30.0,0,0
75,8,19,9,29,Y6043559,,,,0,30.0,0,0
75,8,19,9,30,Y6043560,,,,0,30.0,0,0
75,8,19,10,10,Y6043561,,,,0,30.0,0,0
75,8,19,10,11,Y6043562,,,,0,30.0,0,0
75,8,19,10,12,Y6043563,,,,0,30.0,0,0
75,8,19,10,13,Y6043564,,,,0,30.0,0,0
75,8,19,10,14,Y6043565,,,,0,30.0,0,0
75,8,19,10,15,Y6043566,,,,0,30.0,0,0
75,8,19,10,16,Y6043567,,,,0,30.0,0,0
75,8,19,10,17,Y6043568,,,,0,30.0,0,0
75,8,19,10,18,Y6043569,,,,0,30.0,0,0
75,8,19,10,19,Y6043570,,,,0,30.0,0,0
75,8,19,10,20,Y6043571,,,,0,30.0,0,0
75,8,19,10,21,Y6043572,,,,0,30.0,0,0
75,8,19,10,22,Y6043573,,,,0,30.0,0,0
75,8,19,10,23,Y6043574,,,,0,30.0,0,0
75,8,19,10,24,Y6043575,,,,0,30.0,0,0
75,8,19,10,25,Y6043576,,,,0,30.0,0,0
75,8,19,10,26,Y6043577,,,,0,30.0,0,0
75,8,19,10,27,Y6043578,,,,0,30.0,0,0
75,8,19,10,28,Y6043579,,,,0,30.0,0,0
75,8,19,10,29,Y6043580,,,,0,30.0,0,0
75,8,19,10,30,Y6043581,,,,0,30.0,0,0
75,8,19,11,10,Y6043582,,,,0,30.0,0,0
75,8,19,11,11,Y6043583,,,,0,30.0,0,0
75,8,19,11,12,Y6043584,,,,0,30.0,0,0
75,8,19,11,13,Y6043585,,,,0,30.0,0,0
75,8,19,11,14,Y6043586,,,,0,30.0,0,0
75,8,19,11,15,Y6043587,,,,0,30.0,0,0
75,8,19,11,16,Y6043588,,,,0,30.0,0,0
75,8,19,11,17,Y6043589,,,,0,30.0,0,0
75,8,19,11,18,Y6043590,,,,0,30.0,0,0
75,8,19,11,19,Y6043591,,,,0,30.0,0,0
75,8,19,11,20,Y6043592,,,,0,30.0,0,0
75,8,19,11,21,Y6043593,,,,0,30.0,0,0
75,8,19,11,22,Y6043594,,,,0,30.0,0,0
75,8,19,11,23,Y6043595,,,,0,30.0,0,0
75,8,19,11,24,Y6043596,,,,0,30.0,0,0
75,8,19,11,25,Y6043597,,,,0,30.0,0,0
75,8,19,11,26,Y6043598,,,,0,30.0,0,0
75,8,19,11,27,Y6043599,,,,0,30.0,0,0
75,8,19,11,28,Y6043600,,,,0,30.0,0,0
75,8,19,11,29,Y6043601,,,,0,30.0,0,0
75,8,19,11,30,Y6043602,,,,0,30.0,0,0
75,8,19,12,10,Y6043603,,,,0,30.0,0,0
75,8,19,12,11,Y6043604,,,,0,30.0,0,0
75,8,19,12,12,Y6043605,,,,0,30.0,0,0
75,8,19,12,13,Y6043606,,,,0,30.0,0,0
75,8,19,12,14,Y6043607,,,,0,30.0,0,0
75,8,19,12,15,Y6043608,,,,0,30.0,0,0
75,8,19,12,16,Y6043609,,,,0,30.0,0,0
75,8,19,12,17,Y6043610,,,,0,30.0,0,0
75,8,19,12,18,Y6043611,,,,0,30.0,0,0
75,8,19,12,19,Y6043612,,,,0,30.0,0,0
75,8,19,12,20,Y6043613,,,,0,30.0,0,0
75,8,19,12,21,Y6043614,,,,0,30.0,0,0
75,8,19,12,22,Y6043615,,,,0,30.0,0,0
75,8,19,12,23,Y6043616,,,,0,30.0,0,0
75,8,19,12,24,Y6043617,,,,0,30.0,0,0
75,8,19,12,25,Y6043618,,,,0,30.0,0,0
75,8,19,12,26,Y6043619,,,,0,30.0,0,0
75,8,19,12,27,Y6043620,,,,0,30.0,0,0
75,8,19,12,28,Y6043621,,,,0,30.0,0,0
75,8,19,12,29,Y6043622,,,,0,30.0,0,0
75,8,19,12,30,Y6043623,,,,0,30.0,0,0
75,8,20,1,10,Y6043624,,,,0,30.0,0,0
75,8,20,1,11,Y6043625,,,,0,30.0,0,0
75,8,20,1,12,Y6043626,,,,0,30.0,0,0
75,8,20,1,13,Y6043627,,,,0,30.0,0,0
75,8,20,1,14,Y6043628,,,,0,30.0,0,0
75,8,20,1,15,Y6043629,,,,0,30.0,0,0
75,8,20,1,16,Y6043630,,,,0,30.0,0,0
75,8,20,1,17,Y6043631,,,,0,30.0,0,0
75,8,20,1,18,Y6043632,,,,0,30.0,0,0
75,8,20,1,19,Y6043633,,,,0,30.0,0,0
75,8,20,1,20,Y6043634,,,,0,30.0,0,0
75,8,20,1,21,Y6043635,,,,0,30.0,0,0
75,8,20,1,22,Y6043636,,,,0,30.0,0,0
75,8,20,1,23,Y6043637,,,,0,30.0,0,0
75,8,20,1,24,Y6043638,,,,0,30.0,0,0
75,8,20,1,25,Y6043639,,,,0,30.0,0,0
75,8,20,1,26,Y6043640,,,,0,30.0,0,0
75,8,20,1,27,Y6043641,,,,0,30.0,0,0
75,8,20,1,28,Y6043642,,,,0,30.0,0,0
75,8,20,1,29,Y6043643,,,,0,30.0,0,0
75,8,20,1,30,Y6043644,,,,0,30.0,0,0
75,8,20,2,10,Y6043645,,,,0,30.0,0,0
75,8,20,2,11,Y6043646,,,,0,30.0,0,0
75,8,20,2,12,Y6043647,,,,0,30.0,0,0
75,8,20,2,13,Y6043648,,,,0,30.0,0,0
75,8,20,2,14,Y6043649,,,,0,30.0,0,0
75,8,20,2,15,Y6043650,,,,0,30.0,0,0
75,8,20,2,16,Y6043651,,,,0,30.0,0,0
75,8,20,2,17,Y6043652,,,,0,30.0,0,0
75,8,20,2,18,Y6043653,,,,0,30.0,0,0
75,8,20,2,19,Y6043654,,,,0,30.0,0,0
75,8,20,2,20,Y6043655,,,,0,30.0,0,0
75,8,20,2,21,Y6043656,,,,0,30.0,0,0
75,8,20,2,22,Y6043657,,,,0,30.0,0,0
75,8,20,2,23,Y6043658,,,,0,30.0,0,0
75,8,20,2,24,Y6043659,,,,0,30.0,0,0
75,8,20,2,25,Y6043660,,,,0,30.0,0,0
75,8,20,2,26,Y6043661,,,,0,30.0,0,0
75,8,20,2,27,Y6043662,,,,0,30.0,0,0
75,8,20,2,28,Y6043663,,,,0,30.0,0,0
75,8,20,2,29,Y6043664,,,,0,30.0,0,0
75,8,20,2,30,Y6043665,,,,0,30.0,0,0
75,8,20,3,10,Y6043666,,,,0,30.0,0,0
75,8,20,3,11,Y6043667,,,,0,30.0,0,0
75,8,20,3,12,Y6043668,,,,0,30.0,0,0
75,8,20,3,13,Y6043669,,,,0,30.0,0,0
75,8,20,3,14,Y6043670,,,,0,30.0,0,0
75,8,20,3,15,Y6043671,,,,0,30.0,0,0
75,8,20,3,16,Y6043672,,,,0,30.0,0,0
75,8,20,3,17,Y6043673,,,,0,30.0,0,0
75,8,20,3,18,Y6043674,,,,0,30.0,0,0
75,8,20,3,19,Y6043675,,,,0,30.0,0,0
75,8,20,3,20,Y6043676,,,,0,30.0,0,0
75,8,20,3,21,Y6043677,,,,0,30.0,0,0
75,8,20,3,22,Y6043678,,,,0,30.0,0,0
75,8,20,3,23,Y6043679,,,,0,30.0,0,0
75,8,20,3,24,Y6043680,,,,0,30.0,0,0
75,8,20,3,25,Y6043681,,,,0,30.0,0,0
75,8,20,3,26,Y6043682,,,,0,30.0,0,0
75,8,20,3,27,Y6043683,,,,0,30.0,0,0
75,8,20,3,28,Y6043684,,,,0,30.0,0,0
75,8,20,3,29,Y6043685,,,,0,30.0,0,0
75,8,20,3,30,Y6043686,,,,0,30.0,0,0
75,8,20,4,10,Y6043687,,,,0,30.0,0,0
75,8,20,4,11,Y6043688,,,,0,30.0,0,0
75,8,20,4,12,Y6043689,,,,0,30.0,0,0
75,8,20,4,13,Y6043690,,,,0,30.0,0,0
75,8,20,4,14,Y6043691,,,,0,30.0,0,0
75,8,20,4,15,Y6043692,,,,0,30.0,0,0
75,8,20,4,16,Y6043693,,,,0,30.0,0,0
75,8,20,4,17,Y6043694,,,,0,30.0,0,0
75,8,20,4,18,Y6043695,,,,0,30.0,0,0
75,8,20,4,19,Y6043696,,,,0,30.0,0,0
75,8,20,4,20,Y6043697,,,,0,30.0,0,0
75,8,20,4,21,Y6043698,,,,0,30.0,0,0
75,8,20,4,22,Y6043699,,,,0,30.0,0,0
75,8,20,4,23,Y6043700,,,,0,30.0,0,0
75,8,20,4,24,Y6043701,,,,0,30.0,0,0
75,8,20,4,25,Y6043702,,,,0,30.0,0,0
75,8,20,4,26,Y6043703,,,,0,30.0,0,0
75,8,20,4,27,Y6043704,,,,0,30.0,0,0
75,8,20,4,28,Y6043705,,,,0,30.0,0,0
75,8,20,4,29,Y6043706,,,,0,30.0,0,0
75,8,20,4,30,Y6043707,,,,0,30.0,0,0
75,8,20,5,10,Y6043708,,,,0,30.0,0,0
75,8,20,5,11,Y6043709,,,,0,30.0,0,0
75,8,20,5,12,Y6043710,,,,0,30.0,0,0
75,8,20,5,13,Y6043711,,,,0,30.0,0,0
75,8,20,5,14,Y6043712,,,,0,30.0,0,0
75,8,20,5,15,Y6043713,,,,0,30.0,0,0
75,8,20,5,16,Y6043714,,,,0,30.0,0,0
75,8,20,5,17,Y6043715,,,,0,30.0,0,0
75,8,20,5,18,Y6043716,,,,0,30.0,0,0
75,8,20,5,19,Y6043717,,,,0,30.0,0,0
75,8,20,5,20,Y6043718,,,,0,30.0,0,0
75,8,20,5,21,Y6043719,,,,0,30.0,0,0
75,8,20,5,22,Y6043720,,,,0,30.0,0,0
75,8,20,5,23,Y6043721,,,,0,30.0,0,0
75,8,20,5,24,Y6043722,,,,0,30.0,0,0
75,8,20,5,25,Y6043723,,,,0,30.0,0,0
75,8,20,5,26,Y6043724,,,,0,30.0,0,0
75,8,20,5,27,Y6043725,,,,0,30.0,0,0
75,8,20,5,28,Y6043726,,,,0,30.0,0,0
75,8,20,5,29,Y6043727,,,,0,30.0,0,0
75,8,20,5,30,Y6043728,,,,0,30.0,0,0
75,8,20,6,10,Y6043729,,,,0,30.0,0,0
75,8,20,6,11,Y6043730,,,,0,30.0,0,0
75,8,20,6,12,Y6043731,,,,0,30.0,0,0
75,8,20,6,13,Y6043732,,,,0,30.0,0,0
75,8,20,6,14,Y6043733,,,,0,30.0,0,0
75,8,20,6,15,Y6043734,,,,0,30.0,0,0
75,8,20,6,16,Y6043735,,,,0,30.0,0,0
75,8,20,6,17,Y6043736,,,,0,30.0,0,0
75,8,20,6,18,Y6043737,,,,0,30.0,0,0
75,8,20,6,19,Y6043738,,,,0,30.0,0,0
75,8,20,6,20,Y6043739,,,,0,30.0,0,0
75,8,20,6,21,Y6043740,,,,0,30.0,0,0
75,8,20,6,22,Y6043741,,,,0,30.0,0,0
75,8,20,6,23,Y6043742,,,,0,30.0,0,0
75,8,20,6,24,Y6043743,,,,0,30.0,0,0
75,8,20,6,25,Y6043744,,,,0,30.0,0,0
75,8,20,6,26,Y6043745,,,,0,30.0,0,0
75,8,20,6,27,Y6043746,,,,0,30.0,0,0
75,8,20,6,28,Y6043747,,,,0,30.0,0,0
75,8,20,6,29,Y6043748,,,,0,30.0,0,0
75,8,20,6,30,Y6043749,,,,0,30.0,0,0
75,8,20,7,10,Y6043750,,,,0,30.0,0,0
75,8,20,7,11,Y6043751,,,,0,30.0,0,0
75,8,20,7,12,Y6043752,,,,0,30.0,0,0
75,8,20,7,13,Y6043753,,,,0,30.0,0,0
75,8,20,7,14,Y6043754,,,,0,30.0,0,0
75,8,20,7,15,Y6043755,,,,0,30.0,0,0
75,8,20,7,16,Y6043756,,,,0,30.0,0,0
75,8,20,7,17,Y6043757,,,,0,30.0,0,0
75,8,20,7,18,Y6043758,,,,0,30.0,0,0
75,8,20,7,19,Y6043759,,,,0,30.0,0,0
75,8,20,7,20,Y6043760,,,,0,30.0,0,0
75,8,20,7,21,Y6043761,,,,0,30.0,0,0
75,8,20,7,22,Y6043762,,,,0,30.0,0,0
75,8,20,7,23,Y6043763,,,,0,30.0,0,0
75,8,20,7,24,Y6043764,,,,0,30.0,0,0
75,8,20,7,25,Y6043765,,,,0,30.0,0,0
75,8,20,7,26,Y6043766,,,,0,30.0,0,0
75,8,20,7,27,Y6043767,,,,0,30.0,0,0
75,8,20,7,28,Y6043768,,,,0,30.0,0,0
75,8,20,7,29,Y6043769,,,,0,30.0,0,0
75,8,20,7,30,Y6043770,,,,0,30.0,0,0
75,8,20,8,10,Y6043771,,,,0,30.0,0,0
75,8,20,8,11,Y6043772,,,,0,30.0,0,0
75,8,20,8,12,Y6043773,,,,0,30.0,0,0
75,8,20,8,13,Y6043774,,,,0,30.0,0,0
75,8,20,8,14,Y6043775,,,,0,30.0,0,0
75,8,20,8,15,Y6043776,,,,0,30.0,0,0
75,8,20,8,16,Y6043777,,,,0,30.0,0,0
75,8,20,8,17,Y6043778,,,,0,30.0,0,0
75,8,20,8,18,Y6043779,,,,0,30.0,0,0
75,8,20,8,19,Y6043780,,,,0,30.0,0,0
75,8,20,8,20,Y6043781,,,,0,30.0,0,0
75,8,20,8,21,Y6043782,,,,0,30.0,0,0
75,8,20,8,22,Y6043783,,,,0,30.0,0,0
75,8,20,8,23,Y6043784,,,,0,30.0,0,0
75,8,20,8,24,Y6043785,,,,0,30.0,0,0
75,8,20,8,25,Y6043786,,,,0,30.0,0,0
75,8,20,8,26,Y6043787,,,,0,30.0,0,0
75,8,20,8,27,Y6043788,,,,0,30.0,0,0
75,8,20,8,28,Y6043789,,,,0,30.0,0,0
75,8,20,8,29,Y6043790,,,,0,30.0,0,0
75,8,20,8,30,Y6043791,,,,0,30.0,0,0
75,8,20,9,10,Y6043792,,,,0,30.0,0,0
75,8,20,9,11,Y6043793,,,,0,30.0,0,0
75,8,20,9,12,Y6043794,,,,0,30.0,0,0
75,8,20,9,13,Y6043795,,,,0,30.0,0,0
75,8,20,9,14,Y6043796,,,,0,30.0,0,0
75,8,20,9,15,Y6043797,,,,0,30.0,0,0
75,8,20,9,16,Y6043798,,,,0,30.0,0,0
75,8,20,9,17,Y6043799,,,,0,30.0,0,0
75,8,20,9,18,Y6043800,,,,0,30.0,0,0
75,8,20,9,19,Y6043801,,,,0,30.0,0,0
75,8,20,9,20,Y6043802,,,,0,30.0,0,0
75,8,20,9,21,Y6043803,,,,0,30.0,0,0
75,8,20,9,22,Y6043804,,,,0,30.0,0,0
75,8,20,9,23,Y6043805,,,,0,30.0,0,0
75,8,20,9,24,Y6043806,,,,0,30.0,0,0
75,8,20,9,25,Y6043807,,,,0,30.0,0,0
75,8,20,9,26,Y6043808,,,,0,30.0,0,0
75,8,20,9,27,Y6043809,,,,0,30.0,0,0
75,8,20,9,28,Y6043810,,,,0,30.0,0,0
75,8,20,9,29,Y6043811,,,,0,30.0,0,0
75,8,20,9,30,Y6043812,,,,0,30.0,0,0
75,8,20,10,10,Y6043813,,,,0,30.0,0,0
75,8,20,10,11,Y6043814,,,,0,30.0,0,0
75,8,20,10,12,Y6043815,,,,0,30.0,0,0
75,8,20,10,13,Y6043816,,,,0,30.0,0,0
75,8,20,10,14,Y6043817,,,,0,30.0,0,0
75,8,20,10,15,Y6043818,,,,0,30.0,0,0
75,8,20,10,16,Y6043819,,,,0,30.0,0,0
75,8,20,10,17,Y6043820,,,,0,30.0,0,0
75,8,20,10,18,Y6043821,,,,0,30.0,0,0
75,8,20,10,19,Y6043822,,,,0,30.0,0,0
75,8,20,10,20,Y6043823,,,,0,30.0,0,0
75,8,20,10,21,Y6043824,,,,0,30.0,0,0
75,8,20,10,22,Y6043825,,,,0,30.0,0,0
75,8,20,10,23,Y6043826,,,,0,30.0,0,0
75,8,20,10,24,Y6043827,,,,0,30.0,0,0
75,8,20,10,25,Y6043828,,,,0,30.0,0,0
75,8,20,10,26,Y6043829,,,,0,30.0,0,0
75,8,20,10,27,Y6043830,,,,0,30.0,0,0
75,8,20,10,28,Y6043831,,,,0,30.0,0,0
75,8,20,10,29,Y6043832,,,,0,30.0,0,0
75,8,20,10,30,Y6043833,,,,0,30.0,0,0
75,8,20,11,10,Y6043834,,,,0,30.0,0,0
75,8,20,11,11,Y6043835,,,,0,30.0,0,0
75,8,20,11,12,Y6043836,,,,0,30.0,0,0
75,8,20,11,13,Y6043837,,,,0,30.0,0,0
75,8,20,11,14,Y6043838,,,,0,30.0,0,0
75,8,20,11,15,Y6043839,,,,0,30.0,0,0
75,8,20,11,16,Y6043840,,,,0,30.0,0,0
75,8,20,11,17,Y6043841,,,,0,30.0,0,0
75,8,20,11,18,Y6043842,,,,0,30.0,0,0
75,8,20,11,19,Y6043843,,,,0,30.0,0,0
75,8,20,11,20,Y6043844,,,,0,30.0,0,0
75,8,20,11,21,Y6043845,,,,0,30.0,0,0
75,8,20,11,22,Y6043846,,,,0,30.0,0,0
75,8,20,11,23,Y6043847,,,,0,30.0,0,0
75,8,20,11,24,Y6043848,,,,0,30.0,0,0
75,8,20,11,25,Y6043849,,,,0,30.0,0,0
75,8,20,11,26,Y6043850,,,,0,30.0,0,0
75,8,20,11,27,Y6043851,,,,0,30.0,0,0
75,8,20,11,28,Y6043852,,,,0,30.0,0,0
75,8,20,11,29,Y6043853,,,,0,30.0,0,0
75,8,20,11,30,Y6043854,,,,0,30.0,0,0
75,8,20,12,10,Y6043855,,,,0,30.0,0,0
75,8,20,12,11,Y6043856,,,,0,30.0,0,0
75,8,20,12,12,Y6043857,,,,0,30.0,0,0
75,8,20,12,13,Y6043858,,,,0,30.0,0,0
75,8,20,12,14,Y6043859,,,,0,30.0,0,0
75,8,20,12,15,Y6043860,,,,0,30.0,0,0
75,8,20,12,16,Y6043861,,,,0,30.0,0,0
75,8,20,12,17,Y6043862,,,,0,30.0,0,0
75,8,20,12,18,Y6043863,,,,0,30.0,0,0
75,8,20,12,19,Y6043864,,,,0,30.0,0,0
75,8,20,12,20,Y6043865,,,,0,30.0,0,0
75,8,20,12,21,Y6043866,,,,0,30.0,0,0
75,8,20,12,22,Y6043867,,,,0,30.0,0,0
75,8,20,12,23,Y6043868,,,,0,30.0,0,0
75,8,20,12,24,Y6043869,,,,0,30.0,0,0
75,8,20,12,25,Y6043870,,,,0,30.0,0,0
75,8,20,12,26,Y6043871,,,,0,30.0,0,0
75,8,20,12,27,Y6043872,,,,0,30.0,0,0
75,8,20,12,28,Y6043873,,,,0,30.0,0,0
75,8,20,12,29,Y6043874,,,,0,30.0,0,0
75,8,20,12,30,Y6043875,,,,0,30.0,0,0
75,8,21,1,10,Y6043876,,,,0,30.0,0,0
75,8,21,1,11,Y6043877,,,,0,30.0,0,0
75,8,21,1,12,Y6043878,,,,0,30.0,0,0
75,8,21,1,13,Y6043879,,,,0,30.0,0,0
75,8,21,1,14,Y6043880,,,,0,30.0,0,2
75,8,21,1,15,Y6043881,,,,0,30.0,0,2
75,8,21,1,16,Y6043882,,,,0,30.0,0,2
75,8,21,1,17,Y6043883,,,,0,30.0,0,2
75,8,21,1,18,Y6043884,,,,0,30.0,0,2
75,8,21,1,19,Y6043885,,,,0,30.0,0,0
75,8,21,1,20,Y6043886,,,,0,30.0,0,0
75,8,21,1,21,Y6043887,,,,0,30.0,0,0
75,8,21,1,22,Y6043888,,,,0,30.0,0,0
75,8,21,1,23,Y6043889,,,,0,30.0,0,0
75,8,21,1,24,Y6043890,,,,0,30.0,0,0
75,8,21,1,25,Y6043891,,,,0,30.0,0,0
75,8,21,1,26,Y6043892,,,,0,30.0,0,0
75,8,21,1,27,Y6043893,,,,0,30.0,0,0
75,8,21,1,28,Y6043894,,,,0,30.0,0,0
75,8,21,1,29,Y6043895,,,,0,30.0,0,0
75,8,21,1,30,Y6043896,,,,0,30.0,0,0
75,8,21,2,10,Y6043897,,,,0,30.0,0,0
75,8,21,2,11,Y6043898,,,,0,30.0,0,0
75,8,21,2,12,Y6043899,,,,0,30.0,0,0
75,8,21,2,13,Y6043900,,,,0,30.0,0,0
75,8,21,2,14,Y6043901,,,,0,30.0,0,2
75,8,21,2,15,Y6043902,,,,0,30.0,0,2
75,8,21,2,16,Y6043903,,,,0,30.0,0,2
75,8,21,2,17,Y6043904,,,,0,30.0,0,2
75,8,21,2,18,Y6043905,,,,0,30.0,0,2
75,8,21,2,19,Y6043906,,,,0,30.0,0,0
75,8,21,2,20,Y6043907,,,,0,30.0,0,0
75,8,21,2,21,Y6043908,,,,0,30.0,0,0
75,8,21,2,22,Y6043909,,,,0,30.0,0,0
75,8,21,2,23,Y6043910,,,,0,30.0,0,0
75,8,21,2,24,Y6043911,,,,0,30.0,0,0
75,8,21,2,25,Y6043912,,,,0,30.0,0,0
75,8,21,2,26,Y6043913,,,,0,30.0,0,0
75,8,21,2,27,Y6043914,,,,0,30.0,0,0
75,8,21,2,28,Y6043915,,,,0,30.0,0,0
75,8,21,2,29,Y6043916,,,,0,30.0,0,0
75,8,21,2,30,Y6043917,,,,0,30.0,0,0
75,8,21,3,10,Y6043918,,,,0,30.0,0,0
75,8,21,3,11,Y6043919,,,,0,30.0,0,0
75,8,21,3,12,Y6043920,,,,0,30.0,0,0
75,8,21,3,13,Y6043921,,,,0,30.0,0,0
75,8,21,3,14,Y6043922,,,,0,30.0,0,0
75,8,21,3,15,Y6043923,,,,0,30.0,0,2
75,8,21,3,16,Y6043924,,,,0,30.0,0,2
75,8,21,3,17,Y6043925,,,,0,30.0,0,2
75,8,21,3,18,Y6043926,,,,0,30.0,0,0
75,8,21,3,19,Y6043927,,,,0,30.0,0,0
75,8,21,3,20,Y6043928,,,,0,30.0,0,0
75,8,21,3,21,Y6043929,,,,0,30.0,0,0
75,8,21,3,22,Y6043930,,,,0,30.0,0,0
75,8,21,3,23,Y6043931,,,,0,30.0,0,0
75,8,21,3,24,Y6043932,,,,0,30.0,0,0
75,8,21,3,25,Y6043933,,,,0,30.0,0,0
75,8,21,3,26,Y6043934,,,,0,30.0,0,0
75,8,21,3,27,Y6043935,,,,0,30.0,0,0
75,8,21,3,28,Y6043936,,,,0,30.0,0,0
75,8,21,3,29,Y6043937,,,,0,30.0,0,0
75,8,21,3,30,Y6043938,,,,0,30.0,0,0
75,8,21,4,10,Y6043939,,,,0,30.0,0,0
75,8,21,4,11,Y6043940,,,,0,30.0,0,0
75,8,21,4,12,Y6043941,,,,0,30.0,0,0
75,8,21,4,13,Y6043942,,,,0,30.0,0,0
75,8,21,4,14,Y6043943,,,,0,30.0,0,0
75,8,21,4,15,Y6043944,,,,0,30.0,0,0
75,8,21,4,16,Y6043945,,,,0,30.0,0,0
75,8,21,4,17,Y6043946,,,,0,30.0,0,0
75,8,21,4,18,Y6043947,,,,0,30.0,0,0
75,8,21,4,19,Y6043948,,,,0,30.0,0,0
75,8,21,4,20,Y6043949,,,,0,30.0,0,0
75,8,21,4,21,Y6043950,,,,0,30.0,0,0
75,8,21,4,22,Y6043951,,,,0,30.0,0,0
75,8,21,4,23,Y6043952,,,,0,30.0,0,0
75,8,21,4,24,Y6043953,,,,0,30.0,0,0
75,8,21,4,25,Y6043954,,,,0,30.0,0,0
75,8,21,4,26,Y6043955,,,,0,30.0,0,0
75,8,21,4,27,Y6043956,,,,0,30.0,0,0
75,8,21,4,28,Y6043957,,,,0,30.0,0,0
75,8,21,4,29,Y6043958,,,,0,30.0,0,0
75,8,21,4,30,Y6043959,,,,0,30.0,0,0
75,8,21,5,10,Y6043960,,,,0,30.0,0,0
75,8,21,5,11,Y6043961,,,,0,30.0,0,0
75,8,21,5,12,Y6043962,,,,0,30.0,0,0
75,8,21,5,13,Y6043963,,,,0,30.0,0,0
75,8,21,5,14,Y6043964,,,,0,30.0,0,0
75,8,21,5,15,Y6043965,,,,0,30.0,0,0
75,8,21,5,16,Y6043966,,,,0,30.0,0,0
75,8,21,5,17,Y6043967,,,,0,30.0,0,0
75,8,21,5,18,Y6043968,,,,0,30.0,0,0
75,8,21,5,19,Y6043969,,,,0,30.0,0,0
75,8,21,5,20,Y6043970,,,,0,30.0,0,0
75,8,21,5,21,Y6043971,,,,0,30.0,0,0
75,8,21,5,22,Y6043972,,,,0,30.0,0,0
75,8,21,5,23,Y6043973,,,,0,30.0,0,0
75,8,21,5,24,Y6043974,,,,0,30.0,0,0
75,8,21,5,25,Y6043975,,,,0,30.0,0,0
75,8,21,5,26,Y6043976,,,,0,30.0,0,0
75,8,21,5,27,Y6043977,,,,0,30.0,0,0
75,8,21,5,28,Y6043978,,,,0,30.0,0,0
75,8,21,5,29,Y6043979,,,,0,30.0,0,0
75,8,21,5,30,Y6043980,,,,0,30.0,0,0
75,8,21,6,10,Y6043981,,,,0,30.0,0,0
75,8,21,6,11,Y6043982,,,,0,30.0,0,0
75,8,21,6,12,Y6043983,,,,0,30.0,0,0
75,8,21,6,13,Y6043984,,,,0,30.0,0,0
75,8,21,6,14,Y6043985,,,,0,30.0,0,0
75,8,21,6,15,Y6043986,,,,0,30.0,0,0
75,8,21,6,16,Y6043987,,,,0,30.0,0,0
75,8,21,6,17,Y6043988,,,,0,30.0,0,0
75,8,21,6,18,Y6043989,,,,0,30.0,0,0
75,8,21,6,19,Y6043990,,,,0,30.0,0,0
75,8,21,6,20,Y6043991,,,,0,30.0,0,0
75,8,21,6,21,Y6043992,,,,0,30.0,0,0
75,8,21,6,22,Y6043993,,,,0,30.0,0,0
75,8,21,6,23,Y6043994,,,,0,30.0,0,0
75,8,21,6,24,Y6043995,,,,0,30.0,0,0
75,8,21,6,25,Y6043996,,,,0,30.0,0,0
75,8,21,6,26,Y6043997,,,,0,30.0,0,0
75,8,21,6,27,Y6043998,,,,0,30.0,0,0
75,8,21,6,28,Y6043999,,,,0,30.0,0,0
75,8,21,6,29,Y6044000,,,,0,30.0,0,0
75,8,21,6,30,Y6044001,,,,0,30.0,0,0
75,8,21,7,10,Y6044002,,,,0,30.0,0,0
75,8,21,7,11,Y6044003,,,,0,30.0,0,0
75,8,21,7,12,Y6044004,,,,0,30.0,0,0
75,8,21,7,13,Y6044005,,,,0,30.0,0,0
75,8,21,7,14,Y6044006,,,,0,30.0,0,0
75,8,21,7,15,Y6044007,,,,0,30.0,0,0
75,8,21,7,16,Y6044008,,,,0,30.0,0,0
75,8,21,7,17,Y6044009,,,,0,30.0,0,0
75,8,21,7,18,Y6044010,,,,0,30.0,0,0
75,8,21,7,19,Y6044011,,,,0,30.0,0,0
75,8,21,7,20,Y6044012,,,,0,30.0,0,0
75,8,21,7,21,Y6044013,,,,0,30.0,0,0
75,8,21,7,22,Y6044014,,,,0,30.0,0,0
75,8,21,7,23,Y6044015,,,,0,30.0,0,0
75,8,21,7,24,Y6044016,,,,0,30.0,0,0
75,8,21,7,25,Y6044017,,,,0,30.0,0,0
75,8,21,7,26,Y6044018,,,,0,30.0,0,0
75,8,21,7,27,Y6044019,,,,0,30.0,0,0
75,8,21,7,28,Y6044020,,,,0,30.0,0,0
75,8,21,7,29,Y6044021,,,,0,30.0,0,0
75,8,21,7,30,Y6044022,,,,0,30.0,0,0
75,8,21,8,10,Y6044023,,,,0,30.0,0,0
75,8,21,8,11,Y6044024,,,,0,30.0,0,0
75,8,21,8,12,Y6044025,,,,0,30.0,0,0
75,8,21,8,13,Y6044026,,,,0,30.0,0,0
75,8,21,8,14,Y6044027,,,,0,30.0,0,0
75,8,21,8,15,Y6044028,,,,0,30.0,0,0
75,8,21,8,16,Y6044029,,,,0,30.0,0,0
75,8,21,8,17,Y6044030,,,,0,30.0,0,0
75,8,21,8,18,Y6044031,,,,0,30.0,0,0
75,8,21,8,19,Y6044032,,,,0,30.0,0,0
75,8,21,8,20,Y6044033,,,,0,30.0,0,0
75,8,21,8,21,Y6044034,,,,0,30.0,0,0
75,8,21,8,22,Y6044035,,,,0,30.0,0,0
75,8,21,8,23,Y6044036,,,,0,30.0,0,0
75,8,21,8,24,Y6044037,,,,0,30.0,0,0
75,8,21,8,25,Y6044038,,,,0,30.0,0,0
75,8,21,8,26,Y6044039,,,,0,30.0,0,0
75,8,21,8,27,Y6044040,,,,0,30.0,0,0
75,8,21,8,28,Y6044041,,,,0,30.0,0,0
75,8,21,8,29,Y6044042,,,,0,30.0,0,0
75,8,21,8,30,Y6044043,,,,0,30.0,0,0
75,8,21,9,10,Y6044044,,,,0,30.0,0,0
75,8,21,9,11,Y6044045,,,,0,30.0,0,0
75,8,21,9,12,Y6044046,,,,0,30.0,0,0
75,8,21,9,13,Y6044047,,,,0,30.0,0,0
75,8,21,9,14,Y6044048,,,,0,30.0,0,0
75,8,21,9,15,Y6044049,,,,0,30.0,0,0
75,8,21,9,16,Y6044050,,,,0,30.0,0,0
75,8,21,9,17,Y6044051,,,,0,30.0,0,0
75,8,21,9,18,Y6044052,,,,0,30.0,0,0
75,8,21,9,19,Y6044053,,,,0,30.0,0,0
75,8,21,9,20,Y6044054,,,,0,30.0,0,0
75,8,21,9,21,Y6044055,,,,0,30.0,0,0
75,8,21,9,22,Y6044056,,,,0,30.0,0,0
75,8,21,9,23,Y6044057,,,,0,30.0,0,0
75,8,21,9,24,Y6044058,,,,0,30.0,0,0
75,8,21,9,25,Y6044059,,,,0,30.0,0,0
75,8,21,9,26,Y6044060,,,,0,30.0,0,0
75,8,21,9,27,Y6044061,,,,0,30.0,0,0
75,8,21,9,28,Y6044062,,,,0,30.0,0,0
75,8,21,9,29,Y6044063,,,,0,30.0,0,0
75,8,21,9,30,Y6044064,,,,0,30.0,0,0
75,8,21,10,10,Y6044065,,,,0,30.0,0,0
75,8,21,10,11,Y6044066,,,,0,30.0,0,0
75,8,21,10,12,Y6044067,,,,0,30.0,0,0
75,8,21,10,13,Y6044068,,,,0,30.0,0,0
75,8,21,10,14,Y6044069,,,,0,30.0,0,0
75,8,21,10,15,Y6044070,,,,0,30.0,0,0
75,8,21,10,16,Y6044071,,,,0,30.0,0,0
75,8,21,10,17,Y6044072,,,,0,30.0,0,0
75,8,21,10,18,Y6044073,,,,0,30.0,0,0
75,8,21,10,19,Y6044074,,,,0,30.0,0,0
75,8,21,10,20,Y6044075,,,,0,30.0,0,0
75,8,21,10,21,Y6044076,,,,0,30.0,0,0
75,8,21,10,22,Y6044077,,,,0,30.0,0,0
75,8,21,10,23,Y6044078,,,,0,30.0,0,0
75,8,21,10,24,Y6044079,,,,0,30.0,0,0
75,8,21,10,25,Y6044080,,,,0,30.0,0,0
75,8,21,10,26,Y6044081,,,,0,30.0,0,0
75,8,21,10,27,Y6044082,,,,0,30.0,0,0
75,8,21,10,28,Y6044083,,,,0,30.0,0,0
75,8,21,10,29,Y6044084,,,,0,30.0,0,0
75,8,21,10,30,Y6044085,,,,0,30.0,0,0
75,8,21,11,10,Y6044086,,,,0,30.0,0,0
75,8,21,11,11,Y6044087,,,,0,30.0,0,0
75,8,21,11,12,Y6044088,,,,0,30.0,0,0
75,8,21,11,13,Y6044089,,,,0,30.0,0,0
75,8,21,11,14,Y6044090,,,,0,30.0,0,0
75,8,21,11,15,Y6044091,,,,0,30.0,0,0
75,8,21,11,16,Y6044092,,,,0,30.0,0,0
75,8,21,11,17,Y6044093,,,,0,30.0,0,0
75,8,21,11,18,Y6044094,,,,0,30.0,0,0
75,8,21,11,19,Y6044095,,,,0,30.0,0,0
75,8,21,11,20,Y6044096,,,,0,30.0,0,0
75,8,21,11,21,Y6044097,,,,0,30.0,0,0
75,8,21,11,22,Y6044098,,,,0,30.0,0,0
75,8,21,11,23,Y6044099,,,,0,30.0,0,0
75,8,21,11,24,Y6044100,,,,0,30.0,0,0
75,8,21,11,25,Y6044101,,,,0,30.0,0,0
75,8,21,11,26,Y6044102,,,,0,30.0,0,0
75,8,21,11,27,Y6044103,,,,0,30.0,0,0
75,8,21,11,28,Y6044104,,,,0,30.0,0,0
75,8,21,11,29,Y6044105,,,,0,30.0,0,0
75,8,21,11,30,Y6044106,,,,0,30.0,0,0
75,8,21,12,10,Y6044107,,,,0,30.0,0,0
75,8,21,12,11,Y6044108,,,,0,30.0,0,0
75,8,21,12,12,Y6044109,,,,0,30.0,0,0
75,8,21,12,13,Y6044110,,,,0,30.0,0,0
75,8,21,12,14,Y6044111,,,,0,30.0,0,0
75,8,21,12,15,Y6044112,,,,0,30.0,0,0
75,8,21,12,16,Y6044113,,,,0,30.0,0,0
75,8,21,12,17,Y6044114,,,,0,30.0,0,0
75,8,21,12,18,Y6044115,,,,0,30.0,0,0
75,8,21,12,19,Y6044116,,,,0,30.0,0,0
75,8,21,12,20,Y6044117,,,,0,30.0,0,0
75,8,21,12,21,Y6044118,,,,0,30.0,0,0
75,8,21,12,22,Y6044119,,,,0,30.0,0,0
75,8,21,12,23,Y6044120,,,,0,30.0,0,0
75,8,21,12,24,Y6044121,,,,0,30.0,0,0
75,8,21,12,25,Y6044122,,,,0,30.0,0,0
75,8,21,12,26,Y6044123,,,,0,30.0,0,0
75,8,21,12,27,Y6044124,,,,0,30.0,0,0
75,8,21,12,28,Y6044125,,,,0,30.0,0,0
75,8,21,12,29,Y6044126,,,,0,30.0,0,0
75,8,21,12,30,Y6044127,,,,0,30.0,0,0
75,8,22,1,10,Y6044128,,,,0,30.0,0,0
75,8,22,1,11,Y6044129,,,,0,30.0,0,0
75,8,22,1,12,Y6044130,,,,0,30.0,0,0
75,8,22,1,13,Y6044131,,,,0,30.0,0,0
75,8,22,1,14,Y6044132,,,,0,30.0,0,2
75,8,22,1,15,Y6044133,,,,0,30.0,0,1
75,8,22,1,16,Y6044134,,,,0,30.0,0,1
75,8,22,1,17,Y6044135,,,,0,30.0,0,1
75,8,22,1,18,Y6044136,,,,0,30.0,0,2
75,8,22,1,19,Y6044137,,,,0,30.0,0,0
75,8,22,1,20,Y6044138,,,,0,30.0,0,0
75,8,22,1,21,Y6044139,,,,0,30.0,0,0
75,8,22,1,22,Y6044140,,,,0,30.0,0,0
75,8,22,1,23,Y6044141,,,,0,30.0,0,0
75,8,22,1,24,Y6044142,,,,0,30.0,0,0
75,8,22,1,25,Y6044143,,,,0,30.0,0,0
75,8,22,1,26,Y6044144,,,,0,30.0,0,0
75,8,22,1,27,Y6044145,,,,0,30.0,0,0
75,8,22,1,28,Y6044146,,,,0,30.0,0,0
75,8,22,1,29,Y6044147,,,,0,30.0,0,0
75,8,22,1,30,Y6044148,,,,0,30.0,0,0
75,8,22,2,10,Y6044149,,,,0,30.0,0,0
75,8,22,2,11,Y6044150,,,,0,30.0,0,0
75,8,22,2,12,Y6044151,,,,0,30.0,0,0
75,8,22,2,13,Y6044152,,,,0,30.0,0,0
75,8,22,2,14,Y6044153,,,,0,30.0,0,2
75,8,22,2,15,Y6044154,,,,0,30.0,0,1
75,8,22,2,16,Y6044155,,,,0,30.0,0,1
75,8,22,2,17,Y6044156,,,,0,30.0,0,1
75,8,22,2,18,Y6044157,,,,0,30.0,0,2
75,8,22,2,19,Y6044158,,,,0,30.0,0,0
75,8,22,2,20,Y6044159,,,,0,30.0,0,0
75,8,22,2,21,Y6044160,,,,0,30.0,0,0
75,8,22,2,22,Y6044161,,,,0,30.0,0,0
75,8,22,2,23,Y6044162,,,,0,30.0,0,0
75,8,22,2,24,Y6044163,,,,0,30.0,0,0
75,8,22,2,25,Y6044164,,,,0,30.0,0,0
75,8,22,2,26,Y6044165,,,,0,30.0,0,0
75,8,22,2,27,Y6044166,,,,0,30.0,0,0
75,8,22,2,28,Y6044167,,,,0,30.0,0,0
75,8,22,2,29,Y6044168,,,,0,30.0,0,0
75,8,22,2,30,Y6044169,,,,0,30.0,0,0
75,8,22,3,10,Y6044170,,,,0,30.0,0,0
75,8,22,3,11,Y6044171,,,,0,30.0,0,0
75,8,22,3,12,Y6044172,,,,0,30.0,0,0
75,8,22,3,13,Y6044173,,,,0,30.0,0,0
75,8,22,3,14,Y6044174,,,,0,30.0,0,2
75,8,22,3,15,Y6044175,,,,0,30.0,0,2
75,8,22,3,16,Y6044176,,,,0,30.0,0,2
75,8,22,3,17,Y6044177,,,,0,30.0,0,2
75,8,22,3,18,Y6044178,,,,0,30.0,0,2
75,8,22,3,19,Y6044179,,,,0,30.0,0,0
75,8,22,3,20,Y6044180,,,,0,30.0,0,0
75,8,22,3,21,Y6044181,,,,0,30.0,0,0
75,8,22,3,22,Y6044182,,,,0,30.0,0,0
75,8,22,3,23,Y6044183,,,,0,30.0,0,0
75,8,22,3,24,Y6044184,,,,0,30.0,0,0
75,8,22,3,25,Y6044185,,,,0,30.0,0,0
75,8,22,3,26,Y6044186,,,,0,30.0,0,0
75,8,22,3,27,Y6044187,,,,0,30.0,0,0
75,8,22,3,28,Y6044188,,,,0,30.0,0,0
75,8,22,3,29,Y6044189,,,,0,30.0,0,0
75,8,22,3,30,Y6044190,,,,0,30.0,0,0
75,8,22,4,10,Y6044191,,,,0,30.0,0,0
75,8,22,4,11,Y6044192,,,,0,30.0,0,0
75,8,22,4,12,Y6044193,,,,0,30.0,0,0
75,8,22,4,13,Y6044194,,,,0,30.0,0,0
75,8,22,4,14,Y6044195,,,,0,30.0,0,0
75,8,22,4,15,Y6044196,,,,0,30.0,0,0
75,8,22,4,16,Y6044197,,,,0,30.0,0,0
75,8,22,4,17,Y6044198,,,,0,30.0,0,0
75,8,22,4,18,Y6044199,,,,0,30.0,0,0
75,8,22,4,19,Y6044200,,,,0,30.0,0,0
75,8,22,4,20,Y6044201,,,,0,30.0,0,0
75,8,22,4,21,Y6044202,,,,0,30.0,0,0
75,8,22,4,22,Y6044203,,,,0,30.0,0,0
75,8,22,4,23,Y6044204,,,,0,30.0,0,0
75,8,22,4,24,Y6044205,,,,0,30.0,0,0
75,8,22,4,25,Y6044206,,,,0,30.0,0,0
75,8,22,4,26,Y6044207,,,,0,30.0,0,0
75,8,22,4,27,Y6044208,,,,0,30.0,0,0
75,8,22,4,28,Y6044209,,,,0,30.0,0,0
75,8,22,4,29,Y6044210,,,,0,30.0,0,0
75,8,22,4,30,Y6044211,,,,0,30.0,0,0
75,8,22,5,10,Y6044212,,,,0,30.0,0,0
75,8,22,5,11,Y6044213,,,,0,30.0,0,0
75,8,22,5,12,Y6044214,,,,0,30.0,0,0
75,8,22,5,13,Y6044215,,,,0,30.0,0,0
75,8,22,5,14,Y6044216,,,,0,30.0,0,0
75,8,22,5,15,Y6044217,,,,0,30.0,0,0
75,8,22,5,16,Y6044218,,,,0,30.0,0,0
75,8,22,5,17,Y6044219,,,,0,30.0,0,0
75,8,22,5,18,Y6044220,,,,0,30.0,0,0
75,8,22,5,19,Y6044221,,,,0,30.0,0,0
75,8,22,5,20,Y6044222,,,,0,30.0,0,0
75,8,22,5,21,Y6044223,,,,0,30.0,0,0
75,8,22,5,22,Y6044224,,,,0,30.0,0,0
75,8,22,5,23,Y6044225,,,,0,30.0,0,0
75,8,22,5,24,Y6044226,,,,0,30.0,0,0
75,8,22,5,25,Y6044227,,,,0,30.0,0,0
75,8,22,5,26,Y6044228,,,,0,30.0,0,0
75,8,22,5,27,Y6044229,,,,0,30.0,0,0
75,8,22,5,28,Y6044230,,,,0,30.0,0,0
75,8,22,5,29,Y6044231,,,,0,30.0,0,0
75,8,22,5,30,Y6044232,,,,0,30.0,0,0
75,8,22,6,10,Y6044233,,,,0,30.0,0,0
75,8,22,6,11,Y6044234,,,,0,30.0,0,0
75,8,22,6,12,Y6044235,,,,0,30.0,0,0
75,8,22,6,13,Y6044236,,,,0,30.0,0,0
75,8,22,6,14,Y6044237,,,,0,30.0,0,0
75,8,22,6,15,Y6044238,,,,0,30.0,0,0
75,8,22,6,16,Y6044239,,,,0,30.0,0,0
75,8,22,6,17,Y6044240,,,,0,30.0,0,0
75,8,22,6,18,Y6044241,,,,0,30.0,0,0
75,8,22,6,19,Y6044242,,,,0,30.0,0,0
75,8,22,6,20,Y6044243,,,,0,30.0,0,0
75,8,22,6,21,Y6044244,,,,0,30.0,0,0
75,8,22,6,22,Y6044245,,,,0,30.0,0,0
75,8,22,6,23,Y6044246,,,,0,30.0,0,0
75,8,22,6,24,Y6044247,,,,0,30.0,0,0
75,8,22,6,25,Y6044248,,,,0,30.0,0,0
75,8,22,6,26,Y6044249,,,,0,30.0,0,0
75,8,22,6,27,Y6044250,,,,0,30.0,0,0
75,8,22,6,28,Y6044251,,,,0,30.0,0,0
75,8,22,6,29,Y6044252,,,,0,30.0,0,0
75,8,22,6,30,Y6044253,,,,0,30.0,0,0
75,8,22,7,10,Y6044254,,,,0,30.0,0,0
75,8,22,7,11,Y6044255,,,,0,30.0,0,0
75,8,22,7,12,Y6044256,,,,0,30.0,0,0
75,8,22,7,13,Y6044257,,,,0,30.0,0,0
75,8,22,7,14,Y6044258,,,,0,30.0,0,0
75,8,22,7,15,Y6044259,,,,0,30.0,0,0
75,8,22,7,16,Y6044260,,,,0,30.0,0,0
75,8,22,7,17,Y6044261,,,,0,30.0,0,0
75,8,22,7,18,Y6044262,,,,0,30.0,0,0
75,8,22,7,19,Y6044263,,,,0,30.0,0,0
75,8,22,7,20,Y6044264,,,,0,30.0,0,0
75,8,22,7,21,Y6044265,,,,0,30.0,0,0
75,8,22,7,22,Y6044266,,,,0,30.0,0,0
75,8,22,7,23,Y6044267,,,,0,30.0,0,0
75,8,22,7,24,Y6044268,,,,0,30.0,0,0
75,8,22,7,25,Y6044269,,,,0,30.0,0,0
75,8,22,7,26,Y6044270,,,,0,30.0,0,0
75,8,22,7,27,Y6044271,,,,0,30.0,0,0
75,8,22,7,28,Y6044272,,,,0,30.0,0,0
75,8,22,7,29,Y6044273,,,,0,30.0,0,0
75,8,22,7,30,Y6044274,,,,0,30.0,0,0
75,8,22,8,10,Y6044275,,,,0,30.0,0,0
75,8,22,8,11,Y6044276,,,,0,30.0,0,0
75,8,22,8,12,Y6044277,,,,0,30.0,0,0
75,8,22,8,13,Y6044278,,,,0,30.0,0,0
75,8,22,8,14,Y6044279,,,,0,30.0,0,0
75,8,22,8,15,Y6044280,,,,0,30.0,0,0
75,8,22,8,16,Y6044281,,,,0,30.0,0,0
75,8,22,8,17,Y6044282,,,,0,30.0,0,0
75,8,22,8,18,Y6044283,,,,0,30.0,0,0
75,8,22,8,19,Y6044284,,,,0,30.0,0,0
75,8,22,8,20,Y6044285,,,,0,30.0,0,0
75,8,22,8,21,Y6044286,,,,0,30.0,0,0
75,8,22,8,22,Y6044287,,,,0,30.0,0,0
75,8,22,8,23,Y6044288,,,,0,30.0,0,0
75,8,22,8,24,Y6044289,,,,0,30.0,0,0
75,8,22,8,25,Y6044290,,,,0,30.0,0,0
75,8,22,8,26,Y6044291,,,,0,30.0,0,0
75,8,22,8,27,Y6044292,,,,0,30.0,0,0
75,8,22,8,28,Y6044293,,,,0,30.0,0,0
75,8,22,8,29,Y6044294,,,,0,30.0,0,0
75,8,22,8,30,Y6044295,,,,0,30.0,0,0
75,8,22,9,10,Y6044296,,,,0,30.0,0,0
75,8,22,9,11,Y6044297,,,,0,30.0,0,0
75,8,22,9,12,Y6044298,,,,0,30.0,0,0
75,8,22,9,13,Y6044299,,,,0,30.0,0,0
75,8,22,9,14,Y6044300,,,,0,30.0,0,0
75,8,22,9,15,Y6044301,,,,0,30.0,0,0
75,8,22,9,16,Y6044302,,,,0,30.0,0,0
75,8,22,9,17,Y6044303,,,,0,30.0,0,0
75,8,22,9,18,Y6044304,,,,0,30.0,0,0
75,8,22,9,19,Y6044305,,,,0,30.0,0,0
75,8,22,9,20,Y6044306,,,,0,30.0,0,0
75,8,22,9,21,Y6044307,,,,0,30.0,0,0
75,8,22,9,22,Y6044308,,,,0,30.0,0,0
75,8,22,9,23,Y6044309,,,,0,30.0,0,0
75,8,22,9,24,Y6044310,,,,0,30.0,0,0
75,8,22,9,25,Y6044311,,,,0,30.0,0,0
75,8,22,9,26,Y6044312,,,,0,30.0,0,0
75,8,22,9,27,Y6044313,,,,0,30.0,0,0
75,8,22,9,28,Y6044314,,,,0,30.0,0,0
75,8,22,9,29,Y6044315,,,,0,30.0,0,0
75,8,22,9,30,Y6044316,,,,0,30.0,0,0
75,8,22,10,10,Y6044317,,,,0,30.0,0,0
75,8,22,10,11,Y6044318,,,,0,30.0,0,0
75,8,22,10,12,Y6044319,,,,0,30.0,0,0
75,8,22,10,13,Y6044320,,,,0,30.0,0,0
75,8,22,10,14,Y6044321,,,,0,30.0,0,0
75,8,22,10,15,Y6044322,,,,0,30.0,0,0
75,8,22,10,16,Y6044323,,,,0,30.0,0,0
75,8,22,10,17,Y6044324,,,,0,30.0,0,0
75,8,22,10,18,Y6044325,,,,0,30.0,0,0
75,8,22,10,19,Y6044326,,,,0,30.0,0,0
75,8,22,10,20,Y6044327,,,,0,30.0,0,0
75,8,22,10,21,Y6044328,,,,0,30.0,0,0
75,8,22,10,22,Y6044329,,,,0,30.0,0,0
75,8,22,10,23,Y6044330,,,,0,30.0,0,0
75,8,22,10,24,Y6044331,,,,0,30.0,0,0
75,8,22,10,25,Y6044332,,,,0,30.0,0,0
75,8,22,10,26,Y6044333,,,,0,30.0,0,0
75,8,22,10,27,Y6044334,,,,0,30.0,0,0
75,8,22,10,28,Y6044335,,,,0,30.0,0,0
75,8,22,10,29,Y6044336,,,,0,30.0,0,0
75,8,22,10,30,Y6044337,,,,0,30.0,0,0
75,8,22,11,10,Y6044338,,,,0,30.0,0,0
75,8,22,11,11,Y6044339,,,,0,30.0,0,0
75,8,22,11,12,Y6044340,,,,0,30.0,0,0
75,8,22,11,13,Y6044341,,,,0,30.0,0,0
75,8,22,11,14,Y6044342,,,,0,30.0,0,0
75,8,22,11,15,Y6044343,,,,0,30.0,0,0
75,8,22,11,16,Y6044344,,,,0,30.0,0,0
75,8,22,11,17,Y6044345,,,,0,30.0,0,0
75,8,22,11,18,Y6044346,,,,0,30.0,0,0
75,8,22,11,19,Y6044347,,,,0,30.0,0,0
75,8,22,11,20,Y6044348,,,,0,30.0,0,0
75,8,22,11,21,Y6044349,,,,0,30.0,0,0
75,8,22,11,22,Y6044350,,,,0,30.0,0,0
75,8,22,11,23,Y6044351,,,,0,30.0,0,0
75,8,22,11,24,Y6044352,,,,0,30.0,0,0
75,8,22,11,25,Y6044353,,,,0,30.0,0,0
75,8,22,11,26,Y6044354,,,,0,30.0,0,0
75,8,22,11,27,Y6044355,,,,0,30.0,0,0
75,8,22,11,28,Y6044356,,,,0,30.0,0,0
75,8,22,11,29,Y6044357,,,,0,30.0,0,0
75,8,22,11,30,Y6044358,,,,0,30.0,0,0
75,8,22,12,10,Y6044359,,,,0,30.0,0,0
75,8,22,12,11,Y6044360,,,,0,30.0,0,0
75,8,22,12,12,Y6044361,,,,0,30.0,0,0
75,8,22,12,13,Y6044362,,,,0,30.0,0,0
75,8,22,12,14,Y6044363,,,,0,30.0,0,0
75,8,22,12,15,Y6044364,,,,0,30.0,0,0
75,8,22,12,16,Y6044365,,,,0,30.0,0,0
75,8,22,12,17,Y6044366,,,,0,30.0,0,0
75,8,22,12,18,Y6044367,,,,0,30.0,0,0
75,8,22,12,19,Y6044368,,,,0,30.0,0,0
75,8,22,12,20,Y6044369,,,,0,30.0,0,0
75,8,22,12,21,Y6044370,,,,0,30.0,0,0
75,8,22,12,22,Y6044371,,,,0,30.0,0,0
75,8,22,12,23,Y6044372,,,,0,30.0,0,0
75,8,22,12,24,Y6044373,,,,0,30.0,0,0
75,8,22,12,25,Y6044374,,,,0,30.0,0,0
75,8,22,12,26,Y6044375,,,,0,30.0,0,0
75,8,22,12,27,Y6044376,,,,0,30.0,0,0
75,8,22,12,28,Y6044377,,,,0,30.0,0,0
75,8,22,12,29,Y6044378,,,,0,30.0,0,0
75,8,22,12,30,Y6044379,,,,0,30.0,0,0
75,8,23,1,10,Y6044380,,,,0,30.0,0,0
75,8,23,1,11,Y6044381,,,,0,30.0,0,0
75,8,23,1,12,Y6044382,,,,0,30.0,0,0
75,8,23,1,13,Y6044383,,,,0,30.0,0,0
75,8,23,1,14,Y6044384,,,,0,30.0,0,2
75,8,23,1,15,Y6044385,,,,0,30.0,0,1
75,8,23,1,16,Y6044386,,,,0,30.0,0,1
75,8,23,1,17,Y6044387,,,,0,30.0,0,1
75,8,23,1,18,Y6044388,,,,0,30.0,0,2
75,8,23,1,19,Y6044389,,,,0,30.0,0,0
75,8,23,1,20,Y6044390,,,,0,30.0,0,0
75,8,23,1,21,Y6044391,,,,0,30.0,0,0
75,8,23,1,22,Y6044392,,,,0,30.0,0,0
75,8,23,1,23,Y6044393,,,,0,30.0,0,0
75,8,23,1,24,Y6044394,,,,0,30.0,0,0
75,8,23,1,25,Y6044395,,,,0,30.0,0,0
75,8,23,1,26,Y6044396,,,,0,30.0,0,0
75,8,23,1,27,Y6044397,,,,0,30.0,0,0
75,8,23,1,28,Y6044398,,,,0,30.0,0,0
75,8,23,1,29,Y6044399,,,,0,30.0,0,0
75,8,23,1,30,Y6044400,,,,0,30.0,0,0
75,8,23,2,10,Y6044401,,,,0,30.0,0,0
75,8,23,2,11,Y6044402,,,,0,30.0,0,0
75,8,23,2,12,Y6044403,,,,0,30.0,0,0
75,8,23,2,13,Y6044404,,,,0,30.0,0,0
75,8,23,2,14,Y6044405,,,,0,30.0,0,2
75,8,23,2,15,Y6044406,,,,0,30.0,0,1
75,8,23,2,16,Y6044407,,,,0,30.0,0,1
75,8,23,2,17,Y6044408,,,,0,30.0,0,1
75,8,23,2,18,Y6044409,,,,0,30.0,0,2
75,8,23,2,19,Y6044410,,,,0,30.0,0,0
75,8,23,2,20,Y6044411,,,,0,30.0,0,0
75,8,23,2,21,Y6044412,,,,0,30.0,0,0
75,8,23,2,22,Y6044413,,,,0,30.0,0,0
75,8,23,2,23,Y6044414,,,,0,30.0,0,0
75,8,23,2,24,Y6044415,,,,0,30.0,0,0
75,8,23,2,25,Y6044416,,,,0,30.0,0,0
75,8,23,2,26,Y6044417,,,,0,30.0,0,0
75,8,23,2,27,Y6044418,,,,0,30.0,0,0
75,8,23,2,28,Y6044419,,,,0,30.0,0,0
75,8,23,2,29,Y6044420,,,,0,30.0,0,0
75,8,23,2,30,Y6044421,,,,0,30.0,0,0
75,8,23,3,10,Y6044422,,,,0,30.0,0,0
75,8,23,3,11,Y6044423,,,,0,30.0,0,0
75,8,23,3,12,Y6044424,,,,0,30.0,0,0
75,8,23,3,13,Y6044425,,,,0,30.0,0,0
75,8,23,3,14,Y6044426,,,,0,30.0,0,2
75,8,23,3,15,Y6044427,,,,0,30.0,0,2
75,8,23,3,16,Y6044428,,,,0,30.0,0,2
75,8,23,3,17,Y6044429,,,,0,30.0,0,2
75,8,23,3,18,Y6044430,,,,0,30.0,0,2
75,8,23,3,19,Y6044431,,,,0,30.0,0,0
75,8,23,3,20,Y6044432,,,,0,30.0,0,0
75,8,23,3,21,Y6044433,,,,0,30.0,0,0
75,8,23,3,22,Y6044434,,,,0,30.0,0,0
75,8,23,3,23,Y6044435,,,,0,30.0,0,0
75,8,23,3,24,Y6044436,,,,0,30.0,0,0
75,8,23,3,25,Y6044437,,,,0,30.0,0,0
75,8,23,3,26,Y6044438,,,,0,30.0,0,0
75,8,23,3,27,Y6044439,,,,0,30.0,0,0
75,8,23,3,28,Y6044440,,,,0,30.0,0,0
75,8,23,3,29,Y6044441,,,,0,30.0,0,0
75,8,23,3,30,Y6044442,,,,0,30.0,0,0
75,8,23,4,10,Y6044443,,,,0,30.0,0,0
75,8,23,4,11,Y6044444,,,,0,30.0,0,0
75,8,23,4,12,Y6044445,,,,0,30.0,0,0
75,8,23,4,13,Y6044446,,,,0,30.0,0,0
75,8,23,4,14,Y6044447,,,,0,30.0,0,0
75,8,23,4,15,Y6044448,,,,0,30.0,0,0
75,8,23,4,16,Y6044449,,,,0,30.0,0,0
75,8,23,4,17,Y6044450,,,,0,30.0,0,0
75,8,23,4,18,Y6044451,,,,0,30.0,0,0
75,8,23,4,19,Y6044452,,,,0,30.0,0,0
75,8,23,4,20,Y6044453,,,,0,30.0,0,0
75,8,23,4,21,Y6044454,,,,0,30.0,0,0
75,8,23,4,22,Y6044455,,,,0,30.0,0,0
75,8,23,4,23,Y6044456,,,,0,30.0,0,0
75,8,23,4,24,Y6044457,,,,0,30.0,0,0
75,8,23,4,25,Y6044458,,,,0,30.0,0,0
75,8,23,4,26,Y6044459,,,,0,30.0,0,0
75,8,23,4,27,Y6044460,,,,0,30.0,0,0
75,8,23,4,28,Y6044461,,,,0,30.0,0,0
75,8,23,4,29,Y6044462,,,,0,30.0,0,0
75,8,23,4,30,Y6044463,,,,0,30.0,0,0
75,8,23,5,10,Y6044464,,,,0,30.0,0,0
75,8,23,5,11,Y6044465,,,,0,30.0,0,0
75,8,23,5,12,Y6044466,,,,0,30.0,0,0
75,8,23,5,13,Y6044467,,,,0,30.0,0,0
75,8,23,5,14,Y6044468,,,,0,30.0,0,0
75,8,23,5,15,Y6044469,,,,0,30.0,0,0
75,8,23,5,16,Y6044470,,,,0,30.0,0,0
75,8,23,5,17,Y6044471,,,,0,30.0,0,0
75,8,23,5,18,Y6044472,,,,0,30.0,0,0
75,8,23,5,19,Y6044473,,,,0,30.0,0,0
75,8,23,5,20,Y6044474,,,,0,30.0,0,0
75,8,23,5,21,Y6044475,,,,0,30.0,0,0
75,8,23,5,22,Y6044476,,,,0,30.0,0,0
75,8,23,5,23,Y6044477,,,,0,30.0,0,0
75,8,23,5,24,Y6044478,,,,0,30.0,0,0
75,8,23,5,25,Y6044479,,,,0,30.0,0,0
75,8,23,5,26,Y6044480,,,,0,30.0,0,0
75,8,23,5,27,Y6044481,,,,0,30.0,0,0
75,8,23,5,28,Y6044482,,,,0,30.0,0,0
75,8,23,5,29,Y6044483,,,,0,30.0,0,0
75,8,23,5,30,Y6044484,,,,0,30.0,0,0
75,8,23,6,10,Y6044485,,,,0,30.0,0,0
75,8,23,6,11,Y6044486,,,,0,30.0,0,0
75,8,23,6,12,Y6044487,,,,0,30.0,0,0
75,8,23,6,13,Y6044488,,,,0,30.0,0,0
75,8,23,6,14,Y6044489,,,,0,30.0,0,0
75,8,23,6,15,Y6044490,,,,0,30.0,0,0
75,8,23,6,16,Y6044491,,,,0,30.0,0,0
75,8,23,6,17,Y6044492,,,,0,30.0,0,0
75,8,23,6,18,Y6044493,,,,0,30.0,0,0
75,8,23,6,19,Y6044494,,,,0,30.0,0,0
75,8,23,6,20,Y6044495,,,,0,30.0,0,0
75,8,23,6,21,Y6044496,,,,0,30.0,0,0
75,8,23,6,22,Y6044497,,,,0,30.0,0,0
75,8,23,6,23,Y6044498,,,,0,30.0,0,0
75,8,23,6,24,Y6044499,,,,0,30.0,0,0
75,8,23,6,25,Y6044500,,,,0,30.0,0,0
75,8,23,6,26,Y6044501,,,,0,30.0,0,0
75,8,23,6,27,Y6044502,,,,0,30.0,0,0
75,8,23,6,28,Y6044503,,,,0,30.0,0,0
75,8,23,6,29,Y6044504,,,,0,30.0,0,0
75,8,23,6,30,Y6044505,,,,0,30.0,0,0
75,8,23,7,10,Y6044506,,,,0,30.0,0,0
75,8,23,7,11,Y6044507,,,,0,30.0,0,0
75,8,23,7,12,Y6044508,,,,0,30.0,0,0
75,8,23,7,13,Y6044509,,,,0,30.0,0,0
75,8,23,7,14,Y6044510,,,,0,30.0,0,0
75,8,23,7,15,Y6044511,,,,0,30.0,0,0
75,8,23,7,16,Y6044512,,,,0,30.0,0,0
75,8,23,7,17,Y6044513,,,,0,30.0,0,0
75,8,23,7,18,Y6044514,,,,0,30.0,0,0
75,8,23,7,19,Y6044515,,,,0,30.0,0,0
75,8,23,7,20,Y6044516,,,,0,30.0,0,0
75,8,23,7,21,Y6044517,,,,0,30.0,0,0
75,8,23,7,22,Y6044518,,,,0,30.0,0,0
75,8,23,7,23,Y6044519,,,,0,30.0,0,0
75,8,23,7,24,Y6044520,,,,0,30.0,0,0
75,8,23,7,25,Y6044521,,,,0,30.0,0,0
75,8,23,7,26,Y6044522,,,,0,30.0,0,0
75,8,23,7,27,Y6044523,,,,0,30.0,0,0
75,8,23,7,28,Y6044524,,,,0,30.0,0,0
75,8,23,7,29,Y6044525,,,,0,30.0,0,0
75,8,23,7,30,Y6044526,,,,0,30.0,0,0
75,8,23,8,10,Y6044527,,,,0,30.0,0,0
75,8,23,8,11,Y6044528,,,,0,30.0,0,0
75,8,23,8,12,Y6044529,,,,0,30.0,0,0
75,8,23,8,13,Y6044530,,,,0,30.0,0,0
75,8,23,8,14,Y6044531,,,,0,30.0,0,0
75,8,23,8,15,Y6044532,,,,0,30.0,0,0
75,8,23,8,16,Y6044533,,,,0,30.0,0,0
75,8,23,8,17,Y6044534,,,,0,30.0,0,0
75,8,23,8,18,Y6044535,,,,0,30.0,0,0
75,8,23,8,19,Y6044536,,,,0,30.0,0,0
75,8,23,8,20,Y6044537,,,,0,30.0,0,0
75,8,23,8,21,Y6044538,,,,0,30.0,0,0
75,8,23,8,22,Y6044539,,,,0,30.0,0,0
75,8,23,8,23,Y6044540,,,,0,30.0,0,0
75,8,23,8,24,Y6044541,,,,0,30.0,0,0
75,8,23,8,25,Y6044542,,,,0,30.0,0,0
75,8,23,8,26,Y6044543,,,,0,30.0,0,0
75,8,23,8,27,Y6044544,,,,0,30.0,0,0
75,8,23,8,28,Y6044545,,,,0,30.0,0,0
75,8,23,8,29,Y6044546,,,,0,30.0,0,0
75,8,23,8,30,Y6044547,,,,0,30.0,0,0
75,8,23,9,10,Y6044548,,,,0,30.0,0,0
75,8,23,9,11,Y6044549,,,,0,30.0,0,0
75,8,23,9,12,Y6044550,,,,0,30.0,0,0
75,8,23,9,13,Y6044551,,,,0,30.0,0,0
75,8,23,9,14,Y6044552,,,,0,30.0,0,0
75,8,23,9,15,Y6044553,,,,0,30.0,0,0
75,8,23,9,16,Y6044554,,,,0,30.0,0,0
75,8,23,9,17,Y6044555,,,,0,30.0,0,0
75,8,23,9,18,Y6044556,,,,0,30.0,0,0
75,8,23,9,19,Y6044557,,,,0,30.0,0,0
75,8,23,9,20,Y6044558,,,,0,30.0,0,0
75,8,23,9,21,Y6044559,,,,0,30.0,0,0
75,8,23,9,22,Y6044560,,,,0,30.0,0,0
75,8,23,9,23,Y6044561,,,,0,30.0,0,0
75,8,23,9,24,Y6044562,,,,0,30.0,0,0
75,8,23,9,25,Y6044563,,,,0,30.0,0,0
75,8,23,9,26,Y6044564,,,,0,30.0,0,0
75,8,23,9,27,Y6044565,,,,0,30.0,0,0
75,8,23,9,28,Y6044566,,,,0,30.0,0,0
75,8,23,9,29,Y6044567,,,,0,30.0,0,0
75,8,23,9,30,Y6044568,,,,0,30.0,0,0
75,8,23,10,10,Y6044569,,,,0,30.0,0,0
75,8,23,10,11,Y6044570,,,,0,30.0,0,0
75,8,23,10,12,Y6044571,,,,0,30.0,0,0
75,8,23,10,13,Y6044572,,,,0,30.0,0,0
75,8,23,10,14,Y6044573,,,,0,30.0,0,0
75,8,23,10,15,Y6044574,,,,0,30.0,0,0
75,8,23,10,16,Y6044575,,,,0,30.0,0,0
75,8,23,10,17,Y6044576,,,,0,30.0,0,0
75,8,23,10,18,Y6044577,,,,0,30.0,0,0
75,8,23,10,19,Y6044578,,,,0,30.0,0,0
75,8,23,10,20,Y6044579,,,,0,30.0,0,0
75,8,23,10,21,Y6044580,,,,0,30.0,0,0
75,8,23,10,22,Y6044581,,,,0,30.0,0,0
75,8,23,10,23,Y6044582,,,,0,30.0,0,0
75,8,23,10,24,Y6044583,,,,0,30.0,0,0
75,8,23,10,25,Y6044584,,,,0,30.0,0,0
75,8,23,10,26,Y6044585,,,,0,30.0,0,0
75,8,23,10,27,Y6044586,,,,0,30.0,0,0
75,8,23,10,28,Y6044587,,,,0,30.0,0,0
75,8,23,10,29,Y6044588,,,,0,30.0,0,0
75,8,23,10,30,Y6044589,,,,0,30.0,0,0
75,8,23,11,10,Y6044590,,,,0,30.0,0,0
75,8,23,11,11,Y6044591,,,,0,30.0,0,0
75,8,23,11,12,Y6044592,,,,0,30.0,0,0
75,8,23,11,13,Y6044593,,,,0,30.0,0,0
75,8,23,11,14,Y6044594,,,,0,30.0,0,0
75,8,23,11,15,Y6044595,,,,0,30.0,0,0
75,8,23,11,16,Y6044596,,,,0,30.0,0,0
75,8,23,11,17,Y6044597,,,,0,30.0,0,0
75,8,23,11,18,Y6044598,,,,0,30.0,0,0
75,8,23,11,19,Y6044599,,,,0,30.0,0,0
75,8,23,11,20,Y6044600,,,,0,30.0,0,0
75,8,23,11,21,Y6044601,,,,0,30.0,0,0
75,8,23,11,22,Y6044602,,,,0,30.0,0,0
75,8,23,11,23,Y6044603,,,,0,30.0,0,0
75,8,23,11,24,Y6044604,,,,0,30.0,0,0
75,8,23,11,25,Y6044605,,,,0,30.0,0,0
75,8,23,11,26,Y6044606,,,,0,30.0,0,0
75,8,23,11,27,Y6044607,,,,0,30.0,0,0
75,8,23,11,28,Y6044608,,,,0,30.0,0,0
75,8,23,11,29,Y6044609,,,,0,30.0,0,0
75,8,23,11,30,Y6044610,,,,0,30.0,0,0
75,8,23,12,10,Y6044611,,,,0,30.0,0,0
75,8,23,12,11,Y6044612,,,,0,30.0,0,0
75,8,23,12,12,Y6044613,,,,0,30.0,0,0
75,8,23,12,13,Y6044614,,,,0,30.0,0,0
75,8,23,12,14,Y6044615,,,,0,30.0,0,0
75,8,23,12,15,Y6044616,,,,0,30.0,0,0
75,8,23,12,16,Y6044617,,,,0,30.0,0,0
75,8,23,12,17,Y6044618,,,,0,30.0,0,0
75,8,23,12,18,Y6044619,,,,0,30.0,0,0
75,8,23,12,19,Y6044620,,,,0,30.0,0,0
75,8,23,12,20,Y6044621,,,,0,30.0,0,0
75,8,23,12,21,Y6044622,,,,0,30.0,0,0
75,8,23,12,22,Y6044623,,,,0,30.0,0,0
75,8,23,12,23,Y6044624,,,,0,30.0,0,0
75,8,23,12,24,Y6044625,,,,0,30.0,0,0
75,8,23,12,25,Y6044626,,,,0,30.0,0,0
75,8,23,12,26,Y6044627,,,,0,30.0,0,0
75,8,23,12,27,Y6044628,,,,0,30.0,0,0
75,8,23,12,28,Y6044629,,,,0,30.0,0,0
75,8,23,12,29,Y6044630,,,,0,30.0,0,0
75,8,23,12,30,Y6044631,,,,0,30.0,0,0
75,8,24,1,10,Y6044632,,,,0,30.0,0,0
75,8,24,1,11,Y6044633,,,,0,30.0,0,0
75,8,24,1,12,Y6044634,,,,0,30.0,0,0
75,8,24,1,13,Y6044635,,,,0,30.0,0,0
75,8,24,1,14,Y6044636,,,,0,30.0,0,2
75,8,24,1,15,Y6044637,,,,0,30.0,0,1
75,8,24,1,16,Y6044638,,,,0,30.0,0,1
75,8,24,1,17,Y6044639,,,,0,30.0,0,1
75,8,24,1,18,Y6044640,,,,0,30.0,0,2
75,8,24,1,19,Y6044641,,,,0,30.0,0,0
75,8,24,1,20,Y6044642,,,,0,30.0,0,0
75,8,24,1,21,Y6044643,,,,0,30.0,0,0
75,8,24,1,22,Y6044644,,,,0,30.0,0,0
75,8,24,1,23,Y6044645,,,,0,30.0,0,0
75,8,24,1,24,Y6044646,,,,0,30.0,0,0
75,8,24,1,25,Y6044647,,,,0,30.0,0,0
75,8,24,1,26,Y6044648,,,,0,30.0,0,0
75,8,24,1,27,Y6044649,,,,0,30.0,0,0
75,8,24,1,28,Y6044650,,,,0,30.0,0,0
75,8,24,1,29,Y6044651,,,,0,30.0,0,0
75,8,24,1,30,Y6044652,,,,0,30.0,0,0
75,8,24,2,10,Y6044653,,,,0,30.0,0,0
75,8,24,2,11,Y6044654,,,,0,30.0,0,0
75,8,24,2,12,Y6044655,,,,0,30.0,0,0
75,8,24,2,13,Y6044656,,,,0,30.0,0,0
75,8,24,2,14,Y6044657,,,,0,30.0,0,2
75,8,24,2,15,Y6044658,,,,0,30.0,0,1
75,8,24,2,16,Y6044659,,,,0,30.0,0,1
75,8,24,2,17,Y6044660,,,,0,30.0,0,1
75,8,24,2,18,Y6044661,,,,0,30.0,0,2
75,8,24,2,19,Y6044662,,,,0,30.0,0,0
75,8,24,2,20,Y6044663,,,,0,30.0,0,0
75,8,24,2,21,Y6044664,,,,0,30.0,0,0
75,8,24,2,22,Y6044665,,,,0,30.0,0,0
75,8,24,2,23,Y6044666,,,,0,30.0,0,0
75,8,24,2,24,Y6044667,,,,0,30.0,0,0
75,8,24,2,25,Y6044668,,,,0,30.0,0,0
75,8,24,2,26,Y6044669,,,,0,30.0,0,0
75,8,24,2,27,Y6044670,,,,0,30.0,0,0
75,8,24,2,28,Y6044671,,,,0,30.0,0,0
75,8,24,2,29,Y6044672,,,,0,30.0,0,0
75,8,24,2,30,Y6044673,,,,0,30.0,0,0
75,8,24,3,10,Y6044674,,,,0,30.0,0,0
75,8,24,3,11,Y6044675,,,,0,30.0,0,0
75,8,24,3,12,Y6044676,,,,0,30.0,0,0
75,8,24,3,13,Y6044677,,,,0,30.0,0,0
75,8,24,3,14,Y6044678,,,,0,30.0,0,2
75,8,24,3,15,Y6044679,,,,0,30.0,0,2
75,8,24,3,16,Y6044680,,,,0,30.0,0,2
75,8,24,3,17,Y6044681,,,,0,30.0,0,2
75,8,24,3,18,Y6044682,,,,0,30.0,0,2
75,8,24,3,19,Y6044683,,,,0,30.0,0,0
75,8,24,3,20,Y6044684,,,,0,30.0,0,0
75,8,24,3,21,Y6044685,,,,0,30.0,0,0
75,8,24,3,22,Y6044686,,,,0,30.0,0,0
75,8,24,3,23,Y6044687,,,,0,30.0,0,0
75,8,24,3,24,Y6044688,,,,0,30.0,0,0
75,8,24,3,25,Y6044689,,,,0,30.0,0,0
75,8,24,3,26,Y6044690,,,,0,30.0,0,0
75,8,24,3,27,Y6044691,,,,0,30.0,0,0
75,8,24,3,28,Y6044692,,,,0,30.0,0,0
75,8,24,3,29,Y6044693,,,,0,30.0,0,0
75,8,24,3,30,Y6044694,,,,0,30.0,0,0
75,8,24,4,10,Y6044695,,,,0,30.0,0,0
75,8,24,4,11,Y6044696,,,,0,30.0,0,0
75,8,24,4,12,Y6044697,,,,0,30.0,0,0
75,8,24,4,13,Y6044698,,,,0,30.0,0,0
75,8,24,4,14,Y6044699,,,,0,30.0,0,0
75,8,24,4,15,Y6044700,,,,0,30.0,0,0
75,8,24,4,16,Y6044701,,,,0,30.0,0,0
75,8,24,4,17,Y6044702,,,,0,30.0,0,0
75,8,24,4,18,Y6044703,,,,0,30.0,0,0
75,8,24,4,19,Y6044704,,,,0,30.0,0,0
75,8,24,4,20,Y6044705,,,,0,30.0,0,0
75,8,24,4,21,Y6044706,,,,0,30.0,0,0
75,8,24,4,22,Y6044707,,,,0,30.0,0,0
75,8,24,4,23,Y6044708,,,,0,30.0,0,0
75,8,24,4,24,Y6044709,,,,0,30.0,0,0
75,8,24,4,25,Y6044710,,,,0,30.0,0,0
75,8,24,4,26,Y6044711,,,,0,30.0,0,0
75,8,24,4,27,Y6044712,,,,0,30.0,0,0
75,8,24,4,28,Y6044713,,,,0,30.0,0,0
75,8,24,4,29,Y6044714,,,,0,30.0,0,0
75,8,24,4,30,Y6044715,,,,0,30.0,0,0
75,8,24,5,10,Y6044716,,,,0,30.0,0,0
75,8,24,5,11,Y6044717,,,,0,30.0,0,0
75,8,24,5,12,Y6044718,,,,0,30.0,0,0
75,8,24,5,13,Y6044719,,,,0,30.0,0,0
75,8,24,5,14,Y6044720,,,,0,30.0,0,0
75,8,24,5,15,Y6044721,,,,0,30.0,0,0
75,8,24,5,16,Y6044722,,,,0,30.0,0,0
75,8,24,5,17,Y6044723,,,,0,30.0,0,0
75,8,24,5,18,Y6044724,,,,0,30.0,0,0
75,8,24,5,19,Y6044725,,,,0,30.0,0,0
75,8,24,5,20,Y6044726,,,,0,30.0,0,0
75,8,24,5,21,Y6044727,,,,0,30.0,0,0
75,8,24,5,22,Y6044728,,,,0,30.0,0,0
75,8,24,5,23,Y6044729,,,,0,30.0,0,0
75,8,24,5,24,Y6044730,,,,0,30.0,0,0
75,8,24,5,25,Y6044731,,,,0,30.0,0,0
75,8,24,5,26,Y6044732,,,,0,30.0,0,0
75,8,24,5,27,Y6044733,,,,0,30.0,0,0
75,8,24,5,28,Y6044734,,,,0,30.0,0,0
75,8,24,5,29,Y6044735,,,,0,30.0,0,0
75,8,24,5,30,Y6044736,,,,0,30.0,0,0
75,8,24,6,10,Y6044737,,,,0,30.0,0,0
75,8,24,6,11,Y6044738,,,,0,30.0,0,0
75,8,24,6,12,Y6044739,,,,0,30.0,0,0
75,8,24,6,13,Y6044740,,,,0,30.0,0,0
75,8,24,6,14,Y6044741,,,,0,30.0,0,0
75,8,24,6,15,Y6044742,,,,0,30.0,0,0
75,8,24,6,16,Y6044743,,,,0,30.0,0,0
75,8,24,6,17,Y6044744,,,,0,30.0,0,0
75,8,24,6,18,Y6044745,,,,0,30.0,0,0
75,8,24,6,19,Y6044746,,,,0,30.0,0,0
75,8,24,6,20,Y6044747,,,,0,30.0,0,0
75,8,24,6,21,Y6044748,,,,0,30.0,0,0
75,8,24,6,22,Y6044749,,,,0,30.0,0,0
75,8,24,6,23,Y6044750,,,,0,30.0,0,0
75,8,24,6,24,Y6044751,,,,0,30.0,0,0
75,8,24,6,25,Y6044752,,,,0,30.0,0,0
75,8,24,6,26,Y6044753,,,,0,30.0,0,0
75,8,24,6,27,Y6044754,,,,0,30.0,0,0
75,8,24,6,28,Y6044755,,,,0,30.0,0,0
75,8,24,6,29,Y6044756,,,,0,30.0,0,0
75,8,24,6,30,Y6044757,,,,0,30.0,0,0
75,8,24,7,10,Y6044758,,,,0,30.0,0,0
75,8,24,7,11,Y6044759,,,,0,30.0,0,0
75,8,24,7,12,Y6044760,,,,0,30.0,0,0
75,8,24,7,13,Y6044761,,,,0,30.0,0,0
75,8,24,7,14,Y6044762,,,,0,30.0,0,0
75,8,24,7,15,Y6044763,,,,0,30.0,0,0
75,8,24,7,16,Y6044764,,,,0,30.0,0,0
75,8,24,7,17,Y6044765,,,,0,30.0,0,0
75,8,24,7,18,Y6044766,,,,0,30.0,0,0
75,8,24,7,19,Y6044767,,,,0,30.0,0,0
75,8,24,7,20,Y6044768,,,,0,30.0,0,0
75,8,24,7,21,Y6044769,,,,0,30.0,0,0
75,8,24,7,22,Y6044770,,,,0,30.0,0,0
75,8,24,7,23,Y6044771,,,,0,30.0,0,0
75,8,24,7,24,Y6044772,,,,0,30.0,0,0
75,8,24,7,25,Y6044773,,,,0,30.0,0,0
75,8,24,7,26,Y6044774,,,,0,30.0,0,0
75,8,24,7,27,Y6044775,,,,0,30.0,0,0
75,8,24,7,28,Y6044776,,,,0,30.0,0,0
75,8,24,7,29,Y6044777,,,,0,30.0,0,0
75,8,24,7,30,Y6044778,,,,0,30.0,0,0
75,8,24,8,10,Y6044779,,,,0,30.0,0,0
75,8,24,8,11,Y6044780,,,,0,30.0,0,0
75,8,24,8,12,Y6044781,,,,0,30.0,0,0
75,8,24,8,13,Y6044782,,,,0,30.0,0,0
75,8,24,8,14,Y6044783,,,,0,30.0,0,0
75,8,24,8,15,Y6044784,,,,0,30.0,0,0
75,8,24,8,16,Y6044785,,,,0,30.0,0,0
75,8,24,8,17,Y6044786,,,,0,30.0,0,0
75,8,24,8,18,Y6044787,,,,0,30.0,0,0
75,8,24,8,19,Y6044788,,,,0,30.0,0,0
75,8,24,8,20,Y6044789,,,,0,30.0,0,0
75,8,24,8,21,Y6044790,,,,0,30.0,0,0
75,8,24,8,22,Y6044791,,,,0,30.0,0,0
75,8,24,8,23,Y6044792,,,,0,30.0,0,0
75,8,24,8,24,Y6044793,,,,0,30.0,0,0
75,8,24,8,25,Y6044794,,,,0,30.0,0,0
75,8,24,8,26,Y6044795,,,,0,30.0,0,0
75,8,24,8,27,Y6044796,,,,0,30.0,0,0
75,8,24,8,28,Y6044797,,,,0,30.0,0,0
75,8,24,8,29,Y6044798,,,,0,30.0,0,0
75,8,24,8,30,Y6044799,,,,0,30.0,0,0
75,8,24,9,10,Y6044800,,,,0,30.0,0,0
75,8,24,9,11,Y6044801,,,,0,30.0,0,0
75,8,24,9,12,Y6044802,,,,0,30.0,0,0
75,8,24,9,13,Y6044803,,,,0,30.0,0,0
75,8,24,9,14,Y6044804,,,,0,30.0,0,0
75,8,24,9,15,Y6044805,,,,0,30.0,0,0
75,8,24,9,16,Y6044806,,,,0,30.0,0,0
75,8,24,9,17,Y6044807,,,,0,30.0,0,0
75,8,24,9,18,Y6044808,,,,0,30.0,0,0
75,8,24,9,19,Y6044809,,,,0,30.0,0,0
75,8,24,9,20,Y6044810,,,,0,30.0,0,0
75,8,24,9,21,Y6044811,,,,0,30.0,0,0
75,8,24,9,22,Y6044812,,,,0,30.0,0,0
75,8,24,9,23,Y6044813,,,,0,30.0,0,0
75,8,24,9,24,Y6044814,,,,0,30.0,0,0
75,8,24,9,25,Y6044815,,,,0,30.0,0,0
75,8,24,9,26,Y6044816,,,,0,30.0,0,0
75,8,24,9,27,Y6044817,,,,0,30.0,0,0
75,8,24,9,28,Y6044818,,,,0,30.0,0,0
75,8,24,9,29,Y6044819,,,,0,30.0,0,0
75,8,24,9,30,Y6044820,,,,0,30.0,0,0
75,8,24,10,10,Y6044821,,,,0,30.0,0,0
75,8,24,10,11,Y6044822,,,,0,30.0,0,0
75,8,24,10,12,Y6044823,,,,0,30.0,0,0
75,8,24,10,13,Y6044824,,,,0,30.0,0,0
75,8,24,10,14,Y6044825,,,,0,30.0,0,0
75,8,24,10,15,Y6044826,,,,0,30.0,0,0
75,8,24,10,16,Y6044827,,,,0,30.0,0,0
75,8,24,10,17,Y6044828,,,,0,30.0,0,0
75,8,24,10,18,Y6044829,,,,0,30.0,0,0
75,8,24,10,19,Y6044830,,,,0,30.0,0,0
75,8,24,10,20,Y6044831,,,,0,30.0,0,0
75,8,24,10,21,Y6044832,,,,0,30.0,0,0
75,8,24,10,22,Y6044833,,,,0,30.0,0,0
75,8,24,10,23,Y6044834,,,,0,30.0,0,0
75,8,24,10,24,Y6044835,,,,0,30.0,0,0
75,8,24,10,25,Y6044836,,,,0,30.0,0,0
75,8,24,10,26,Y6044837,,,,0,30.0,0,0
75,8,24,10,27,Y6044838,,,,0,30.0,0,0
75,8,24,10,28,Y6044839,,,,0,30.0,0,0
75,8,24,10,29,Y6044840,,,,0,30.0,0,0
75,8,24,10,30,Y6044841,,,,0,30.0,0,0
75,8,24,11,10,Y6044842,,,,0,30.0,0,0
75,8,24,11,11,Y6044843,,,,0,30.0,0,0
75,8,24,11,12,Y6044844,,,,0,30.0,0,0
75,8,24,11,13,Y6044845,,,,0,30.0,0,0
75,8,24,11,14,Y6044846,,,,0,30.0,0,0
75,8,24,11,15,Y6044847,,,,0,30.0,0,0
75,8,24,11,16,Y6044848,,,,0,30.0,0,0
75,8,24,11,17,Y6044849,,,,0,30.0,0,0
75,8,24,11,18,Y6044850,,,,0,30.0,0,0
75,8,24,11,19,Y6044851,,,,0,30.0,0,0
75,8,24,11,20,Y6044852,,,,0,30.0,0,0
75,8,24,11,21,Y6044853,,,,0,30.0,0,0
75,8,24,11,22,Y6044854,,,,0,30.0,0,0
75,8,24,11,23,Y6044855,,,,0,30.0,0,0
75,8,24,11,24,Y6044856,,,,0,30.0,0,0
75,8,24,11,25,Y6044857,,,,0,30.0,0,0
75,8,24,11,26,Y6044858,,,,0,30.0,0,0
75,8,24,11,27,Y6044859,,,,0,30.0,0,0
75,8,24,11,28,Y6044860,,,,0,30.0,0,0
75,8,24,11,29,Y6044861,,,,0,30.0,0,0
75,8,24,11,30,Y6044862,,,,0,30.0,0,0
75,8,24,12,10,Y6044863,,,,0,30.0,0,0
75,8,24,12,11,Y6044864,,,,0,30.0,0,0
75,8,24,12,12,Y6044865,,,,0,30.0,0,0
75,8,24,12,13,Y6044866,,,,0,30.0,0,0
75,8,24,12,14,Y6044867,,,,0,30.0,0,0
75,8,24,12,15,Y6044868,,,,0,30.0,0,0
75,8,24,12,16,Y6044869,,,,0,30.0,0,0
75,8,24,12,17,Y6044870,,,,0,30.0,0,0
75,8,24,12,18,Y6044871,,,,0,30.0,0,0
75,8,24,12,19,Y6044872,,,,0,30.0,0,0
75,8,24,12,20,Y6044873,,,,0,30.0,0,0
75,8,24,12,21,Y6044874,,,,0,30.0,0,0
75,8,24,12,22,Y6044875,,,,0,30.0,0,0
75,8,24,12,23,Y6044876,,,,0,30.0,0,0
75,8,24,12,24,Y6044877,,,,0,30.0,0,0
75,8,24,12,25,Y6044878,,,,0,30.0,0,0
75,8,24,12,26,Y6044879,,,,0,30.0,0,0
75,8,24,12,27,Y6044880,,,,0,30.0,0,0
75,8,24,12,28,Y6044881,,,,0,30.0,0,0
75,8,24,12,29,Y6044882,,,,0,30.0,0,0
75,8,24,12,30,Y6044883,,,,0,30.0,0,0
75,8,25,1,10,Y6044884,,,,0,30.0,0,0
75,8,25,1,11,Y6044885,,,,0,30.0,0,0
75,8,25,1,12,Y6044886,,,,0,30.0,0,0
75,8,25,1,13,Y6044887,,,,0,30.0,0,0
75,8,25,1,14,Y6044888,,,,0,30.0,0,2
75,8,25,1,15,Y6044889,,,,0,30.0,0,2
75,8,25,1,16,Y6044890,,,,0,30.0,0,2
75,8,25,1,17,Y6044891,,,,0,30.0,0,2
75,8,25,1,18,Y6044892,,,,0,30.0,0,2
75,8,25,1,19,Y6044893,,,,0,30.0,0,0
75,8,25,1,20,Y6044894,,,,0,30.0,0,0
75,8,25,1,21,Y6044895,,,,0,30.0,0,0
75,8,25,1,22,Y6044896,,,,0,30.0,0,0
75,8,25,1,23,Y6044897,,,,0,30.0,0,0
75,8,25,1,24,Y6044898,,,,0,30.0,0,0
75,8,25,1,25,Y6044899,,,,0,30.0,0,0
75,8,25,1,26,Y6044900,,,,0,30.0,0,0
75,8,25,1,27,Y6044901,,,,0,30.0,0,0
75,8,25,1,28,Y6044902,,,,0,30.0,0,0
75,8,25,1,29,Y6044903,,,,0,30.0,0,0
75,8,25,1,30,Y6044904,,,,0,30.0,0,0
75,8,25,2,10,Y6044905,,,,0,30.0,0,0
75,8,25,2,11,Y6044906,,,,0,30.0,0,0
75,8,25,2,12,Y6044907,,,,0,30.0,0,0
75,8,25,2,13,Y6044908,,,,0,30.0,0,0
75,8,25,2,14,Y6044909,,,,0,30.0,0,2
75,8,25,2,15,Y6044910,,,,0,30.0,0,2
75,8,25,2,16,Y6044911,,,,0,30.0,0,2
75,8,25,2,17,Y6044912,,,,0,30.0,0,2
75,8,25,2,18,Y6044913,,,,0,30.0,0,2
75,8,25,2,19,Y6044914,,,,0,30.0,0,0
75,8,25,2,20,Y6044915,,,,0,30.0,0,0
75,8,25,2,21,Y6044916,,,,0,30.0,0,0
75,8,25,2,22,Y6044917,,,,0,30.0,0,0
75,8,25,2,23,Y6044918,,,,0,30.0,0,0
75,8,25,2,24,Y6044919,,,,0,30.0,0,0
75,8,25,2,25,Y6044920,,,,0,30.0,0,0
75,8,25,2,26,Y6044921,,,,0,30.0,0,0
75,8,25,2,27,Y6044922,,,,0,30.0,0,0
75,8,25,2,28,Y6044923,,,,0,30.0,0,0
75,8,25,2,29,Y6044924,,,,0,30.0,0,0
75,8,25,2,30,Y6044925,,,,0,30.0,0,0
75,8,25,3,10,Y6044926,,,,0,30.0,0,0
75,8,25,3,11,Y6044927,,,,0,30.0,0,0
75,8,25,3,12,Y6044928,,,,0,30.0,0,0
75,8,25,3,13,Y6044929,,,,0,30.0,0,0
75,8,25,3,14,Y6044930,,,,0,30.0,0,0
75,8,25,3,15,Y6044931,,,,0,30.0,0,2
75,8,25,3,16,Y6044932,,,,0,30.0,0,2
75,8,25,3,17,Y6044933,,,,0,30.0,0,2
75,8,25,3,18,Y6044934,,,,0,30.0,0,0
75,8,25,3,19,Y6044935,,,,0,30.0,0,0
75,8,25,3,20,Y6044936,,,,0,30.0,0,0
75,8,25,3,21,Y6044937,,,,0,30.0,0,0
75,8,25,3,22,Y6044938,,,,0,30.0,0,0
75,8,25,3,23,Y6044939,,,,0,30.0,0,0
75,8,25,3,24,Y6044940,,,,0,30.0,0,0
75,8,25,3,25,Y6044941,,,,0,30.0,0,0
75,8,25,3,26,Y6044942,,,,0,30.0,0,0
75,8,25,3,27,Y6044943,,,,0,30.0,0,0
75,8,25,3,28,Y6044944,,,,0,30.0,0,0
75,8,25,3,29,Y6044945,,,,0,30.0,0,0
75,8,25,3,30,Y6044946,,,,0,30.0,0,0
75,8,25,4,10,Y6044947,,,,0,30.0,0,0
75,8,25,4,11,Y6044948,,,,0,30.0,0,0
75,8,25,4,12,Y6044949,,,,0,30.0,0,0
75,8,25,4,13,Y6044950,,,,0,30.0,0,0
75,8,25,4,14,Y6044951,,,,0,30.0,0,0
75,8,25,4,15,Y6044952,,,,0,30.0,0,0
75,8,25,4,16,Y6044953,,,,0,30.0,0,0
75,8,25,4,17,Y6044954,,,,0,30.0,0,0
75,8,25,4,18,Y6044955,,,,0,30.0,0,0
75,8,25,4,19,Y6044956,,,,0,30.0,0,0
75,8,25,4,20,Y6044957,,,,0,30.0,0,0
75,8,25,4,21,Y6044958,,,,0,30.0,0,0
75,8,25,4,22,Y6044959,,,,0,30.0,0,0
75,8,25,4,23,Y6044960,,,,0,30.0,0,0
75,8,25,4,24,Y6044961,,,,0,30.0,0,0
75,8,25,4,25,Y6044962,,,,0,30.0,0,0
75,8,25,4,26,Y6044963,,,,0,30.0,0,0
75,8,25,4,27,Y6044964,,,,0,30.0,0,0
75,8,25,4,28,Y6044965,,,,0,30.0,0,0
75,8,25,4,29,Y6044966,,,,0,30.0,0,0
75,8,25,4,30,Y6044967,,,,0,30.0,0,0
75,8,25,5,10,Y6044968,,,,0,30.0,0,0
75,8,25,5,11,Y6044969,,,,0,30.0,0,0
75,8,25,5,12,Y6044970,,,,0,30.0,0,0
75,8,25,5,13,Y6044971,,,,0,30.0,0,0
75,8,25,5,14,Y6044972,,,,0,30.0,0,0
75,8,25,5,15,Y6044973,,,,0,30.0,0,0
75,8,25,5,16,Y6044974,,,,0,30.0,0,0
75,8,25,5,17,Y6044975,,,,0,30.0,0,0
75,8,25,5,18,Y6044976,,,,0,30.0,0,0
75,8,25,5,19,Y6044977,,,,0,30.0,0,0
75,8,25,5,20,Y6044978,,,,0,30.0,0,0
75,8,25,5,21,Y6044979,,,,0,30.0,0,0
75,8,25,5,22,Y6044980,,,,0,30.0,0,0
75,8,25,5,23,Y6044981,,,,0,30.0,0,0
75,8,25,5,24,Y6044982,,,,0,30.0,0,0
75,8,25,5,25,Y6044983,,,,0,30.0,0,0
75,8,25,5,26,Y6044984,,,,0,30.0,0,0
75,8,25,5,27,Y6044985,,,,0,30.0,0,0
75,8,25,5,28,Y6044986,,,,0,30.0,0,0
75,8,25,5,29,Y6044987,,,,0,30.0,0,0
75,8,25,5,30,Y6044988,,,,0,30.0,0,0
75,8,25,6,10,Y6044989,,,,0,30.0,0,0
75,8,25,6,11,Y6044990,,,,0,30.0,0,0
75,8,25,6,12,Y6044991,,,,0,30.0,0,0
75,8,25,6,13,Y6044992,,,,0,30.0,0,0
75,8,25,6,14,Y6044993,,,,0,30.0,0,0
75,8,25,6,15,Y6044994,,,,0,30.0,0,0
75,8,25,6,16,Y6044995,,,,0,30.0,0,0
75,8,25,6,17,Y6044996,,,,0,30.0,0,0
75,8,25,6,18,Y6044997,,,,0,30.0,0,0
75,8,25,6,19,Y6044998,,,,0,30.0,0,0
75,8,25,6,20,Y6044999,,,,0,30.0,0,0
75,8,25,6,21,Y6045000,,,,0,30.0,0,0
75,8,25,6,22,Y6045001,,,,0,30.0,0,0
75,8,25,6,23,Y6045002,,,,0,30.0,0,0
75,8,25,6,24,Y6045003,,,,0,30.0,0,0
75,8,25,6,25,Y6045004,,,,0,30.0,0,0
75,8,25,6,26,Y6045005,,,,0,30.0,0,0
75,8,25,6,27,Y6045006,,,,0,30.0,0,0
75,8,25,6,28,Y6045007,,,,0,30.0,0,0
75,8,25,6,29,Y6045008,,,,0,30.0,0,0
75,8,25,6,30,Y6045009,,,,0,30.0,0,0
75,8,25,7,10,Y6045010,,,,0,30.0,0,0
75,8,25,7,11,Y6045011,,,,0,30.0,0,0
75,8,25,7,12,Y6045012,,,,0,30.0,0,0
75,8,25,7,13,Y6045013,,,,0,30.0,0,0
75,8,25,7,14,Y6045014,,,,0,30.0,0,0
75,8,25,7,15,Y6045015,,,,0,30.0,0,0
75,8,25,7,16,Y6045016,,,,0,30.0,0,0
75,8,25,7,17,Y6045017,,,,0,30.0,0,0
75,8,25,7,18,Y6045018,,,,0,30.0,0,0
75,8,25,7,19,Y6045019,,,,0,30.0,0,0
75,8,25,7,20,Y6045020,,,,0,30.0,0,0
75,8,25,7,21,Y6045021,,,,0,30.0,0,0
75,8,25,7,22,Y6045022,,,,0,30.0,0,0
75,8,25,7,23,Y6045023,,,,0,30.0,0,0
75,8,25,7,24,Y6045024,,,,0,30.0,0,0
75,8,25,7,25,Y6045025,,,,0,30.0,0,0
75,8,25,7,26,Y6045026,,,,0,30.0,0,0
75,8,25,7,27,Y6045027,,,,0,30.0,0,0
75,8,25,7,28,Y6045028,,,,0,30.0,0,0
75,8,25,7,29,Y6045029,,,,0,30.0,0,0
75,8,25,7,30,Y6045030,,,,0,30.0,0,0
75,8,25,8,10,Y6045031,,,,0,30.0,0,0
75,8,25,8,11,Y6045032,,,,0,30.0,0,0
75,8,25,8,12,Y6045033,,,,0,30.0,0,0
75,8,25,8,13,Y6045034,,,,0,30.0,0,0
75,8,25,8,14,Y6045035,,,,0,30.0,0,0
75,8,25,8,15,Y6045036,,,,0,30.0,0,0
75,8,25,8,16,Y6045037,,,,0,30.0,0,0
75,8,25,8,17,Y6045038,,,,0,30.0,0,0
75,8,25,8,18,Y6045039,,,,0,30.0,0,0
75,8,25,8,19,Y6045040,,,,0,30.0,0,0
75,8,25,8,20,Y6045041,,,,0,30.0,0,0
75,8,25,8,21,Y6045042,,,,0,30.0,0,0
75,8,25,8,22,Y6045043,,,,0,30.0,0,0
75,8,25,8,23,Y6045044,,,,0,30.0,0,0
75,8,25,8,24,Y6045045,,,,0,30.0,0,0
75,8,25,8,25,Y6045046,,,,0,30.0,0,0
75,8,25,8,26,Y6045047,,,,0,30.0,0,0
75,8,25,8,27,Y6045048,,,,0,30.0,0,0
75,8,25,8,28,Y6045049,,,,0,30.0,0,0
75,8,25,8,29,Y6045050,,,,0,30.0,0,0
75,8,25,8,30,Y6045051,,,,0,30.0,0,0
75,8,25,9,10,Y6045052,,,,0,30.0,0,0
75,8,25,9,11,Y6045053,,,,0,30.0,0,0
75,8,25,9,12,Y6045054,,,,0,30.0,0,0
75,8,25,9,13,Y6045055,,,,0,30.0,0,0
75,8,25,9,14,Y6045056,,,,0,30.0,0,0
75,8,25,9,15,Y6045057,,,,0,30.0,0,0
75,8,25,9,16,Y6045058,,,,0,30.0,0,0
75,8,25,9,17,Y6045059,,,,0,30.0,0,0
75,8,25,9,18,Y6045060,,,,0,30.0,0,0
75,8,25,9,19,Y6045061,,,,0,30.0,0,0
75,8,25,9,20,Y6045062,,,,0,30.0,0,0
75,8,25,9,21,Y6045063,,,,0,30.0,0,0
75,8,25,9,22,Y6045064,,,,0,30.0,0,0
75,8,25,9,23,Y6045065,,,,0,30.0,0,0
75,8,25,9,24,Y6045066,,,,0,30.0,0,0
75,8,25,9,25,Y6045067,,,,0,30.0,0,0
75,8,25,9,26,Y6045068,,,,0,30.0,0,0
75,8,25,9,27,Y6045069,,,,0,30.0,0,0
75,8,25,9,28,Y6045070,,,,0,30.0,0,0
75,8,25,9,29,Y6045071,,,,0,30.0,0,0
75,8,25,9,30,Y6045072,,,,0,30.0,0,0
75,8,25,10,10,Y6045073,,,,0,30.0,0,0
75,8,25,10,11,Y6045074,,,,0,30.0,0,0
75,8,25,10,12,Y6045075,,,,0,30.0,0,0
75,8,25,10,13,Y6045076,,,,0,30.0,0,0
75,8,25,10,14,Y6045077,,,,0,30.0,0,0
75,8,25,10,15,Y6045078,,,,0,30.0,0,0
75,8,25,10,16,Y6045079,,,,0,30.0,0,0
75,8,25,10,17,Y6045080,,,,0,30.0,0,0
75,8,25,10,18,Y6045081,,,,0,30.0,0,0
75,8,25,10,19,Y6045082,,,,0,30.0,0,0
75,8,25,10,20,Y6045083,,,,0,30.0,0,0
75,8,25,10,21,Y6045084,,,,0,30.0,0,0
75,8,25,10,22,Y6045085,,,,0,30.0,0,0
75,8,25,10,23,Y6045086,,,,0,30.0,0,0
75,8,25,10,24,Y6045087,,,,0,30.0,0,0
75,8,25,10,25,Y6045088,,,,0,30.0,0,0
75,8,25,10,26,Y6045089,,,,0,30.0,0,0
75,8,25,10,27,Y6045090,,,,0,30.0,0,0
75,8,25,10,28,Y6045091,,,,0,30.0,0,0
75,8,25,10,29,Y6045092,,,,0,30.0,0,0
75,8,25,10,30,Y6045093,,,,0,30.0,0,0
75,8,25,11,10,Y6045094,,,,0,30.0,0,0
75,8,25,11,11,Y6045095,,,,0,30.0,0,0
75,8,25,11,12,Y6045096,,,,0,30.0,0,0
75,8,25,11,13,Y6045097,,,,0,30.0,0,0
75,8,25,11,14,Y6045098,,,,0,30.0,0,0
75,8,25,11,15,Y6045099,,,,0,30.0,0,0
75,8,25,11,16,Y6045100,,,,0,30.0,0,0
75,8,25,11,17,Y6045101,,,,0,30.0,0,0
75,8,25,11,18,Y6045102,,,,0,30.0,0,0
75,8,25,11,19,Y6045103,,,,0,30.0,0,0
75,8,25,11,20,Y6045104,,,,0,30.0,0,0
75,8,25,11,21,Y6045105,,,,0,30.0,0,0
75,8,25,11,22,Y6045106,,,,0,30.0,0,0
75,8,25,11,23,Y6045107,,,,0,30.0,0,0
75,8,25,11,24,Y6045108,,,,0,30.0,0,0
75,8,25,11,25,Y6045109,,,,0,30.0,0,0
75,8,25,11,26,Y6045110,,,,0,30.0,0,0
75,8,25,11,27,Y6045111,,,,0,30.0,0,0
75,8,25,11,28,Y6045112,,,,0,30.0,0,0
75,8,25,11,29,Y6045113,,,,0,30.0,0,0
75,8,25,11,30,Y6045114,,,,0,30.0,0,0
75,8,25,12,10,Y6045115,,,,0,30.0,0,0
75,8,25,12,11,Y6045116,,,,0,30.0,0,0
75,8,25,12,12,Y6045117,,,,0,30.0,0,0
75,8,25,12,13,Y6045118,,,,0,30.0,0,0
75,8,25,12,14,Y6045119,,,,0,30.0,0,0
75,8,25,12,15,Y6045120,,,,0,30.0,0,0
75,8,25,12,16,Y6045121,,,,0,30.0,0,0
75,8,25,12,17,Y6045122,,,,0,30.0,0,0
75,8,25,12,18,Y6045123,,,,0,30.0,0,0
75,8,25,12,19,Y6045124,,,,0,30.0,0,0
75,8,25,12,20,Y6045125,,,,0,30.0,0,0
75,8,25,12,21,Y6045126,,,,0,30.0,0,0
75,8,25,12,22,Y6045127,,,,0,30.0,0,0
75,8,25,12,23,Y6045128,,,,0,30.0,0,0
75,8,25,12,24,Y6045129,,,,0,30.0,0,0
75,8,25,12,25,Y6045130,,,,0,30.0,0,0
75,8,25,12,26,Y6045131,,,,0,30.0,0,0
75,8,25,12,27,Y6045132,,,,0,30.0,0,0
75,8,25,12,28,Y6045133,,,,0,30.0,0,0
75,8,25,12,29,Y6045134,,,,0,30.0,0,0
75,8,25,12,30,Y6045135,,,,0,30.0,0,0
75,8,26,1,10,Y6045136,,,,0,30.0,0,0
75,8,26,1,11,Y6045137,,,,0,30.0,0,0
75,8,26,1,12,Y6045138,,,,0,30.0,0,0
75,8,26,1,13,Y6045139,,,,0,30.0,0,0
75,8,26,1,14,Y6045140,,,,0,30.0,0,0
75,8,26,1,15,Y6045141,,,,0,30.0,0,0
75,8,26,1,16,Y6045142,,,,0,30.0,0,0
75,8,26,1,17,Y6045143,,,,0,30.0,0,0
75,8,26,1,18,Y6045144,,,,0,30.0,0,0
75,8,26,1,19,Y6045145,,,,0,30.0,0,0
75,8,26,1,20,Y6045146,,,,0,30.0,0,0
75,8,26,1,21,Y6045147,,,,0,30.0,0,0
75,8,26,1,22,Y6045148,,,,0,30.0,0,0
75,8,26,1,23,Y6045149,,,,0,30.0,0,0
75,8,26,1,24,Y6045150,,,,0,30.0,0,0
75,8,26,1,25,Y6045151,,,,0,30.0,0,0
75,8,26,1,26,Y6045152,,,,0,30.0,0,0
75,8,26,1,27,Y6045153,,,,0,30.0,0,0
75,8,26,1,28,Y6045154,,,,0,30.0,0,0
75,8,26,1,29,Y6045155,,,,0,30.0,0,0
75,8,26,1,30,Y6045156,,,,0,30.0,0,0
75,8,26,2,10,Y6045157,,,,0,30.0,0,0
75,8,26,2,11,Y6045158,,,,0,30.0,0,0
75,8,26,2,12,Y6045159,,,,0,30.0,0,0
75,8,26,2,13,Y6045160,,,,0,30.0,0,0
75,8,26,2,14,Y6045161,,,,0,30.0,0,0
75,8,26,2,15,Y6045162,,,,0,30.0,0,0
75,8,26,2,16,Y6045163,,,,0,30.0,0,0
75,8,26,2,17,Y6045164,,,,0,30.0,0,0
75,8,26,2,18,Y6045165,,,,0,30.0,0,0
75,8,26,2,19,Y6045166,,,,0,30.0,0,0
75,8,26,2,20,Y6045167,,,,0,30.0,0,0
75,8,26,2,21,Y6045168,,,,0,30.0,0,0
75,8,26,2,22,Y6045169,,,,0,30.0,0,0
75,8,26,2,23,Y6045170,,,,0,30.0,0,0
75,8,26,2,24,Y6045171,,,,0,30.0,0,0
75,8,26,2,25,Y6045172,,,,0,30.0,0,0
75,8,26,2,26,Y6045173,,,,0,30.0,0,0
75,8,26,2,27,Y6045174,,,,0,30.0,0,0
75,8,26,2,28,Y6045175,,,,0,30.0,0,0
75,8,26,2,29,Y6045176,,,,0,30.0,0,0
75,8,26,2,30,Y6045177,,,,0,30.0,0,0
75,8,26,3,10,Y6045178,,,,0,30.0,0,0
75,8,26,3,11,Y6045179,,,,0,30.0,0,0
75,8,26,3,12,Y6045180,,,,0,30.0,0,0
75,8,26,3,13,Y6045181,,,,0,30.0,0,0
75,8,26,3,14,Y6045182,,,,0,30.0,0,0
75,8,26,3,15,Y6045183,,,,0,30.0,0,0
75,8,26,3,16,Y6045184,,,,0,30.0,0,0
75,8,26,3,17,Y6045185,,,,0,30.0,0,0
75,8,26,3,18,Y6045186,,,,0,30.0,0,0
75,8,26,3,19,Y6045187,,,,0,30.0,0,0
75,8,26,3,20,Y6045188,,,,0,30.0,0,0
75,8,26,3,21,Y6045189,,,,0,30.0,0,0
75,8,26,3,22,Y6045190,,,,0,30.0,0,0
75,8,26,3,23,Y6045191,,,,0,30.0,0,0
75,8,26,3,24,Y6045192,,,,0,30.0,0,0
75,8,26,3,25,Y6045193,,,,0,30.0,0,0
75,8,26,3,26,Y6045194,,,,0,30.0,0,0
75,8,26,3,27,Y6045195,,,,0,30.0,0,0
75,8,26,3,28,Y6045196,,,,0,30.0,0,0
75,8,26,3,29,Y6045197,,,,0,30.0,0,0
75,8,26,3,30,Y6045198,,,,0,30.0,0,0
75,8,26,4,10,Y6045199,,,,0,30.0,0,0
75,8,26,4,11,Y6045200,,,,0,30.0,0,0
75,8,26,4,12,Y6045201,,,,0,30.0,0,0
75,8,26,4,13,Y6045202,,,,0,30.0,0,0
75,8,26,4,14,Y6045203,,,,0,30.0,0,0
75,8,26,4,15,Y6045204,,,,0,30.0,0,0
75,8,26,4,16,Y6045205,,,,0,30.0,0,0
75,8,26,4,17,Y6045206,,,,0,30.0,0,0
75,8,26,4,18,Y6045207,,,,0,30.0,0,0
75,8,26,4,19,Y6045208,,,,0,30.0,0,0
75,8,26,4,20,Y6045209,,,,0,30.0,0,0
75,8,26,4,21,Y6045210,,,,0,30.0,0,0
75,8,26,4,22,Y6045211,,,,0,30.0,0,0
75,8,26,4,23,Y6045212,,,,0,30.0,0,0
75,8,26,4,24,Y6045213,,,,0,30.0,0,0
75,8,26,4,25,Y6045214,,,,0,30.0,0,0
75,8,26,4,26,Y6045215,,,,0,30.0,0,0
75,8,26,4,27,Y6045216,,,,0,30.0,0,0
75,8,26,4,28,Y6045217,,,,0,30.0,0,0
75,8,26,4,29,Y6045218,,,,0,30.0,0,0
75,8,26,4,30,Y6045219,,,,0,30.0,0,0
75,8,26,5,10,Y6045220,,,,0,30.0,0,0
75,8,26,5,11,Y6045221,,,,0,30.0,0,0
75,8,26,5,12,Y6045222,,,,0,30.0,0,0
75,8,26,5,13,Y6045223,,,,0,30.0,0,0
75,8,26,5,14,Y6045224,,,,0,30.0,0,0
75,8,26,5,15,Y6045225,,,,0,30.0,0,0
75,8,26,5,16,Y6045226,,,,0,30.0,0,0
75,8,26,5,17,Y6045227,,,,0,30.0,0,0
75,8,26,5,18,Y6045228,,,,0,30.0,0,0
75,8,26,5,19,Y6045229,,,,0,30.0,0,0
75,8,26,5,20,Y6045230,,,,0,30.0,0,0
75,8,26,5,21,Y6045231,,,,0,30.0,0,0
75,8,26,5,22,Y6045232,,,,0,30.0,0,0
75,8,26,5,23,Y6045233,,,,0,30.0,0,0
75,8,26,5,24,Y6045234,,,,0,30.0,0,0
75,8,26,5,25,Y6045235,,,,0,30.0,0,0
75,8,26,5,26,Y6045236,,,,0,30.0,0,0
75,8,26,5,27,Y6045237,,,,0,30.0,0,0
75,8,26,5,28,Y6045238,,,,0,30.0,0,0
75,8,26,5,29,Y6045239,,,,0,30.0,0,0
75,8,26,5,30,Y6045240,,,,0,30.0,0,0
75,8,26,6,10,Y6045241,,,,0,30.0,0,0
75,8,26,6,11,Y6045242,,,,0,30.0,0,0
75,8,26,6,12,Y6045243,,,,0,30.0,0,0
75,8,26,6,13,Y6045244,,,,0,30.0,0,0
75,8,26,6,14,Y6045245,,,,0,30.0,0,0
75,8,26,6,15,Y6045246,,,,0,30.0,0,0
75,8,26,6,16,Y6045247,,,,0,30.0,0,0
75,8,26,6,17,Y6045248,,,,0,30.0,0,0
75,8,26,6,18,Y6045249,,,,0,30.0,0,0
75,8,26,6,19,Y6045250,,,,0,30.0,0,0
75,8,26,6,20,Y6045251,,,,0,30.0,0,0
75,8,26,6,21,Y6045252,,,,0,30.0,0,0
75,8,26,6,22,Y6045253,,,,0,30.0,0,0
75,8,26,6,23,Y6045254,,,,0,30.0,0,0
75,8,26,6,24,Y6045255,,,,0,30.0,0,0
75,8,26,6,25,Y6045256,,,,0,30.0,0,0
75,8,26,6,26,Y6045257,,,,0,30.0,0,0
75,8,26,6,27,Y6045258,,,,0,30.0,0,0
75,8,26,6,28,Y6045259,,,,0,30.0,0,0
75,8,26,6,29,Y6045260,,,,0,30.0,0,0
75,8,26,6,30,Y6045261,,,,0,30.0,0,0
75,8,26,7,10,Y6045262,,,,0,30.0,0,0
75,8,26,7,11,Y6045263,,,,0,30.0,0,0
75,8,26,7,12,Y6045264,,,,0,30.0,0,0
75,8,26,7,13,Y6045265,,,,0,30.0,0,0
75,8,26,7,14,Y6045266,,,,0,30.0,0,0
75,8,26,7,15,Y6045267,,,,0,30.0,0,0
75,8,26,7,16,Y6045268,,,,0,30.0,0,0
75,8,26,7,17,Y6045269,,,,0,30.0,0,0
75,8,26,7,18,Y6045270,,,,0,30.0,0,0
75,8,26,7,19,Y6045271,,,,0,30.0,0,0
75,8,26,7,20,Y6045272,,,,0,30.0,0,0
75,8,26,7,21,Y6045273,,,,0,30.0,0,0
75,8,26,7,22,Y6045274,,,,0,30.0,0,0
75,8,26,7,23,Y6045275,,,,0,30.0,0,0
75,8,26,7,24,Y6045276,,,,0,30.0,0,0
75,8,26,7,25,Y6045277,,,,0,30.0,0,0
75,8,26,7,26,Y6045278,,,,0,30.0,0,0
75,8,26,7,27,Y6045279,,,,0,30.0,0,0
75,8,26,7,28,Y6045280,,,,0,30.0,0,0
75,8,26,7,29,Y6045281,,,,0,30.0,0,0
75,8,26,7,30,Y6045282,,,,0,30.0,0,0
75,8,26,8,10,Y6045283,,,,0,30.0,0,0
75,8,26,8,11,Y6045284,,,,0,30.0,0,0
75,8,26,8,12,Y6045285,,,,0,30.0,0,0
75,8,26,8,13,Y6045286,,,,0,30.0,0,0
75,8,26,8,14,Y6045287,,,,0,30.0,0,0
75,8,26,8,15,Y6045288,,,,0,30.0,0,0
75,8,26,8,16,Y6045289,,,,0,30.0,0,0
75,8,26,8,17,Y6045290,,,,0,30.0,0,0
75,8,26,8,18,Y6045291,,,,0,30.0,0,0
75,8,26,8,19,Y6045292,,,,0,30.0,0,0
75,8,26,8,20,Y6045293,,,,0,30.0,0,0
75,8,26,8,21,Y6045294,,,,0,30.0,0,0
75,8,26,8,22,Y6045295,,,,0,30.0,0,0
75,8,26,8,23,Y6045296,,,,0,30.0,0,0
75,8,26,8,24,Y6045297,,,,0,30.0,0,0
75,8,26,8,25,Y6045298,,,,0,30.0,0,0
75,8,26,8,26,Y6045299,,,,0,30.0,0,0
75,8,26,8,27,Y6045300,,,,0,30.0,0,0
75,8,26,8,28,Y6045301,,,,0,30.0,0,0
75,8,26,8,29,Y6045302,,,,0,30.0,0,0
75,8,26,8,30,Y6045303,,,,0,30.0,0,0
75,8,26,9,10,Y6045304,,,,0,30.0,0,0
75,8,26,9,11,Y6045305,,,,0,30.0,0,0
75,8,26,9,12,Y6045306,,,,0,30.0,0,0
75,8,26,9,13,Y6045307,,,,0,30.0,0,0
75,8,26,9,14,Y6045308,,,,0,30.0,0,0
75,8,26,9,15,Y6045309,,,,0,30.0,0,0
75,8,26,9,16,Y6045310,,,,0,30.0,0,0
75,8,26,9,17,Y6045311,,,,0,30.0,0,0
75,8,26,9,18,Y6045312,,,,0,30.0,0,0
75,8,26,9,19,Y6045313,,,,0,30.0,0,0
75,8,26,9,20,Y6045314,,,,0,30.0,0,0
75,8,26,9,21,Y6045315,,,,0,30.0,0,0
75,8,26,9,22,Y6045316,,,,0,30.0,0,0
75,8,26,9,23,Y6045317,,,,0,30.0,0,0
75,8,26,9,24,Y6045318,,,,0,30.0,0,0
75,8,26,9,25,Y6045319,,,,0,30.0,0,0
75,8,26,9,26,Y6045320,,,,0,30.0,0,0
75,8,26,9,27,Y6045321,,,,0,30.0,0,0
75,8,26,9,28,Y6045322,,,,0,30.0,0,0
75,8,26,9,29,Y6045323,,,,0,30.0,0,0
75,8,26,9,30,Y6045324,,,,0,30.0,0,0
75,8,26,10,10,Y6045325,,,,0,30.0,0,0
75,8,26,10,11,Y6045326,,,,0,30.0,0,0
75,8,26,10,12,Y6045327,,,,0,30.0,0,0
75,8,26,10,13,Y6045328,,,,0,30.0,0,0
75,8,26,10,14,Y6045329,,,,0,30.0,0,0
75,8,26,10,15,Y6045330,,,,0,30.0,0,0
75,8,26,10,16,Y6045331,,,,0,30.0,0,0
75,8,26,10,17,Y6045332,,,,0,30.0,0,0
75,8,26,10,18,Y6045333,,,,0,30.0,0,0
75,8,26,10,19,Y6045334,,,,0,30.0,0,0
75,8,26,10,20,Y6045335,,,,0,30.0,0,0
75,8,26,10,21,Y6045336,,,,0,30.0,0,0
75,8,26,10,22,Y6045337,,,,0,30.0,0,0
75,8,26,10,23,Y6045338,,,,0,30.0,0,0
75,8,26,10,24,Y6045339,,,,0,30.0,0,0
75,8,26,10,25,Y6045340,,,,0,30.0,0,0
75,8,26,10,26,Y6045341,,,,0,30.0,0,0
75,8,26,10,27,Y6045342,,,,0,30.0,0,0
75,8,26,10,28,Y6045343,,,,0,30.0,0,0
75,8,26,10,29,Y6045344,,,,0,30.0,0,0
75,8,26,10,30,Y6045345,,,,0,30.0,0,0
75,8,26,11,10,Y6045346,,,,0,30.0,0,0
75,8,26,11,11,Y6045347,,,,0,30.0,0,0
75,8,26,11,12,Y6045348,,,,0,30.0,0,0
75,8,26,11,13,Y6045349,,,,0,30.0,0,0
75,8,26,11,14,Y6045350,,,,0,30.0,0,0
75,8,26,11,15,Y6045351,,,,0,30.0,0,0
75,8,26,11,16,Y6045352,,,,0,30.0,0,0
75,8,26,11,17,Y6045353,,,,0,30.0,0,0
75,8,26,11,18,Y6045354,,,,0,30.0,0,0
75,8,26,11,19,Y6045355,,,,0,30.0,0,0
75,8,26,11,20,Y6045356,,,,0,30.0,0,0
75,8,26,11,21,Y6045357,,,,0,30.0,0,0
75,8,26,11,22,Y6045358,,,,0,30.0,0,0
75,8,26,11,23,Y6045359,,,,0,30.0,0,0
75,8,26,11,24,Y6045360,,,,0,30.0,0,0
75,8,26,11,25,Y6045361,,,,0,30.0,0,0
75,8,26,11,26,Y6045362,,,,0,30.0,0,0
75,8,26,11,27,Y6045363,,,,0,30.0,0,0
75,8,26,11,28,Y6045364,,,,0,30.0,0,0
75,8,26,11,29,Y6045365,,,,0,30.0,0,0
75,8,26,11,30,Y6045366,,,,0,30.0,0,0
75,8,26,12,10,Y6045367,,,,0,30.0,0,0
75,8,26,12,11,Y6045368,,,,0,30.0,0,0
75,8,26,12,12,Y6045369,,,,0,30.0,0,0
75,8,26,12,13,Y6045370,,,,0,30.0,0,0
75,8,26,12,14,Y6045371,,,,0,30.0,0,0
75,8,26,12,15,Y6045372,,,,0,30.0,0,0
75,8,26,12,16,Y6045373,,,,0,30.0,0,0
75,8,26,12,17,Y6045374,,,,0,30.0,0,0
75,8,26,12,18,Y6045375,,,,0,30.0,0,0
75,8,26,12,19,Y6045376,,,,0,30.0,0,0
75,8,26,12,20,Y6045377,,,,0,30.0,0,0
75,8,26,12,21,Y6045378,,,,0,30.0,0,0
75,8,26,12,22,Y6045379,,,,0,30.0,0,0
75,8,26,12,23,Y6045380,,,,0,30.0,0,0
75,8,26,12,24,Y6045381,,,,0,30.0,0,0
75,8,26,12,25,Y6045382,,,,0,30.0,0,0
75,8,26,12,26,Y6045383,,,,0,30.0,0,0
75,8,26,12,27,Y6045384,,,,0,30.0,0,0
75,8,26,12,28,Y6045385,,,,0,30.0,0,0
75,8,26,12,29,Y6045386,,,,0,30.0,0,0
75,8,26,12,30,Y6045387,,,,0,30.0,0,0
75,8,27,1,10,Y6045388,,,,0,30.0,0,0
75,8,27,1,11,Y6045389,,,,0,30.0,0,0
75,8,27,1,12,Y6045390,,,,0,30.0,0,0
75,8,27,1,13,Y6045391,,,,0,30.0,0,0
75,8,27,1,14,Y6045392,,,,0,30.0,0,0
75,8,27,1,15,Y6045393,,,,0,30.0,0,0
75,8,27,1,16,Y6045394,,,,0,30.0,0,0
75,8,27,1,17,Y6045395,,,,0,30.0,0,0
75,8,27,1,18,Y6045396,,,,0,30.0,0,0
75,8,27,1,19,Y6045397,,,,0,30.0,0,0
75,8,27,1,20,Y6045398,,,,0,30.0,0,0
75,8,27,1,21,Y6045399,,,,0,30.0,0,0
75,8,27,1,22,Y6045400,,,,0,30.0,0,0
75,8,27,1,23,Y6045401,,,,0,30.0,0,0
75,8,27,1,24,Y6045402,,,,0,30.0,0,0
75,8,27,1,25,Y6045403,,,,0,30.0,0,0
75,8,27,1,26,Y6045404,,,,0,30.0,0,0
75,8,27,1,27,Y6045405,,,,0,30.0,0,0
75,8,27,1,28,Y6045406,,,,0,30.0,0,0
75,8,27,1,29,Y6045407,,,,0,30.0,0,0
75,8,27,1,30,Y6045408,,,,0,30.0,0,0
75,8,27,2,10,Y6045409,,,,0,30.0,0,0
75,8,27,2,11,Y6045410,,,,0,30.0,0,0
75,8,27,2,12,Y6045411,,,,0,30.0,0,0
75,8,27,2,13,Y6045412,,,,0,30.0,0,0
75,8,27,2,14,Y6045413,,,,0,30.0,0,0
75,8,27,2,15,Y6045414,,,,0,30.0,0,0
75,8,27,2,16,Y6045415,,,,0,30.0,0,0
75,8,27,2,17,Y6045416,,,,0,30.0,0,0
75,8,27,2,18,Y6045417,,,,0,30.0,0,0
75,8,27,2,19,Y6045418,,,,0,30.0,0,0
75,8,27,2,20,Y6045419,,,,0,30.0,0,0
75,8,27,2,21,Y6045420,,,,0,30.0,0,0
75,8,27,2,22,Y6045421,,,,0,30.0,0,0
75,8,27,2,23,Y6045422,,,,0,30.0,0,0
75,8,27,2,24,Y6045423,,,,0,30.0,0,0
75,8,27,2,25,Y6045424,,,,0,30.0,0,0
75,8,27,2,26,Y6045425,,,,0,30.0,0,0
75,8,27,2,27,Y6045426,,,,0,30.0,0,0
75,8,27,2,28,Y6045427,,,,0,30.0,0,0
75,8,27,2,29,Y6045428,,,,0,30.0,0,0
75,8,27,2,30,Y6045429,,,,0,30.0,0,0
75,8,27,3,10,Y6045430,,,,0,30.0,0,0
75,8,27,3,11,Y6045431,,,,0,30.0,0,0
75,8,27,3,12,Y6045432,,,,0,30.0,0,0
75,8,27,3,13,Y6045433,,,,0,30.0,0,0
75,8,27,3,14,Y6045434,,,,0,30.0,0,0
75,8,27,3,15,Y6045435,,,,0,30.0,0,0
75,8,27,3,16,Y6045436,,,,0,30.0,0,0
75,8,27,3,17,Y6045437,,,,0,30.0,0,0
75,8,27,3,18,Y6045438,,,,0,30.0,0,0
75,8,27,3,19,Y6045439,,,,0,30.0,0,0
75,8,27,3,20,Y6045440,,,,0,30.0,0,0
75,8,27,3,21,Y6045441,,,,0,30.0,0,0
75,8,27,3,22,Y6045442,,,,0,30.0,0,0
75,8,27,3,23,Y6045443,,,,0,30.0,0,0
75,8,27,3,24,Y6045444,,,,0,30.0,0,0
75,8,27,3,25,Y6045445,,,,0,30.0,0,0
75,8,27,3,26,Y6045446,,,,0,30.0,0,0
75,8,27,3,27,Y6045447,,,,0,30.0,0,0
75,8,27,3,28,Y6045448,,,,0,30.0,0,0
75,8,27,3,29,Y6045449,,,,0,30.0,0,0
75,8,27,3,30,Y6045450,,,,0,30.0,0,0
75,8,27,4,10,Y6045451,,,,0,30.0,0,0
75,8,27,4,11,Y6045452,,,,0,30.0,0,0
75,8,27,4,12,Y6045453,,,,0,30.0,0,0
75,8,27,4,13,Y6045454,,,,0,30.0,0,0
75,8,27,4,14,Y6045455,,,,0,30.0,0,0
75,8,27,4,15,Y6045456,,,,0,30.0,0,0
75,8,27,4,16,Y6045457,,,,0,30.0,0,0
75,8,27,4,17,Y6045458,,,,0,30.0,0,0
75,8,27,4,18,Y6045459,,,,0,30.0,0,0
75,8,27,4,19,Y6045460,,,,0,30.0,0,0
75,8,27,4,20,Y6045461,,,,0,30.0,0,0
75,8,27,4,21,Y6045462,,,,0,30.0,0,0
75,8,27,4,22,Y6045463,,,,0,30.0,0,0
75,8,27,4,23,Y6045464,,,,0,30.0,0,0
75,8,27,4,24,Y6045465,,,,0,30.0,0,0
75,8,27,4,25,Y6045466,,,,0,30.0,0,0
75,8,27,4,26,Y6045467,,,,0,30.0,0,0
75,8,27,4,27,Y6045468,,,,0,30.0,0,0
75,8,27,4,28,Y6045469,,,,0,30.0,0,0
75,8,27,4,29,Y6045470,,,,0,30.0,0,0
75,8,27,4,30,Y6045471,,,,0,30.0,0,0
75,8,27,5,10,Y6045472,,,,0,30.0,0,0
75,8,27,5,11,Y6045473,,,,0,30.0,0,0
75,8,27,5,12,Y6045474,,,,0,30.0,0,0
75,8,27,5,13,Y6045475,,,,0,30.0,0,0
75,8,27,5,14,Y6045476,,,,0,30.0,0,0
75,8,27,5,15,Y6045477,,,,0,30.0,0,0
75,8,27,5,16,Y6045478,,,,0,30.0,0,0
75,8,27,5,17,Y6045479,,,,0,30.0,0,0
75,8,27,5,18,Y6045480,,,,0,30.0,0,0
75,8,27,5,19,Y6045481,,,,0,30.0,0,0
75,8,27,5,20,Y6045482,,,,0,30.0,0,0
75,8,27,5,21,Y6045483,,,,0,30.0,0,0
75,8,27,5,22,Y6045484,,,,0,30.0,0,0
75,8,27,5,23,Y6045485,,,,0,30.0,0,0
75,8,27,5,24,Y6045486,,,,0,30.0,0,0
75,8,27,5,25,Y6045487,,,,0,30.0,0,0
75,8,27,5,26,Y6045488,,,,0,30.0,0,0
75,8,27,5,27,Y6045489,,,,0,30.0,0,0
75,8,27,5,28,Y6045490,,,,0,30.0,0,0
75,8,27,5,29,Y6045491,,,,0,30.0,0,0
75,8,27,5,30,Y6045492,,,,0,30.0,0,0
75,8,27,6,10,Y6045493,,,,0,30.0,0,0
75,8,27,6,11,Y6045494,,,,0,30.0,0,0
75,8,27,6,12,Y6045495,,,,0,30.0,0,0
75,8,27,6,13,Y6045496,,,,0,30.0,0,0
75,8,27,6,14,Y6045497,,,,0,30.0,0,0
75,8,27,6,15,Y6045498,,,,0,30.0,0,0
75,8,27,6,16,Y6045499,,,,0,30.0,0,0
75,8,27,6,17,Y6045500,,,,0,30.0,0,0
75,8,27,6,18,Y6045501,,,,0,30.0,0,0
75,8,27,6,19,Y6045502,,,,0,30.0,0,0
75,8,27,6,20,Y6045503,,,,0,30.0,0,0
75,8,27,6,21,Y6045504,,,,0,30.0,0,0
75,8,27,6,22,Y6045505,,,,0,30.0,0,0
75,8,27,6,23,Y6045506,,,,0,30.0,0,0
75,8,27,6,24,Y6045507,,,,0,30.0,0,0
75,8,27,6,25,Y6045508,,,,0,30.0,0,0
75,8,27,6,26,Y6045509,,,,0,30.0,0,0
75,8,27,6,27,Y6045510,,,,0,30.0,0,0
75,8,27,6,28,Y6045511,,,,0,30.0,0,0
75,8,27,6,29,Y6045512,,,,0,30.0,0,0
75,8,27,6,30,Y6045513,,,,0,30.0,0,0
75,8,27,7,10,Y6045514,,,,0,30.0,0,0
75,8,27,7,11,Y6045515,,,,0,30.0,0,0
75,8,27,7,12,Y6045516,,,,0,30.0,0,0
75,8,27,7,13,Y6045517,,,,0,30.0,0,0
75,8,27,7,14,Y6045518,,,,0,30.0,0,0
75,8,27,7,15,Y6045519,,,,0,30.0,0,0
75,8,27,7,16,Y6045520,,,,0,30.0,0,0
75,8,27,7,17,Y6045521,,,,0,30.0,0,0
75,8,27,7,18,Y6045522,,,,0,30.0,0,0
75,8,27,7,19,Y6045523,,,,0,30.0,0,0
75,8,27,7,20,Y6045524,,,,0,30.0,0,0
75,8,27,7,21,Y6045525,,,,0,30.0,0,0
75,8,27,7,22,Y6045526,,,,0,30.0,0,0
75,8,27,7,23,Y6045527,,,,0,30.0,0,0
75,8,27,7,24,Y6045528,,,,0,30.0,0,0
75,8,27,7,25,Y6045529,,,,0,30.0,0,0
75,8,27,7,26,Y6045530,,,,0,30.0,0,0
75,8,27,7,27,Y6045531,,,,0,30.0,0,0
75,8,27,7,28,Y6045532,,,,0,30.0,0,0
75,8,27,7,29,Y6045533,,,,0,30.0,0,0
75,8,27,7,30,Y6045534,,,,0,30.0,0,0
75,8,27,8,10,Y6045535,,,,0,30.0,0,0
75,8,27,8,11,Y6045536,,,,0,30.0,0,0
75,8,27,8,12,Y6045537,,,,0,30.0,0,0
75,8,27,8,13,Y6045538,,,,0,30.0,0,0
75,8,27,8,14,Y6045539,,,,0,30.0,0,0
75,8,27,8,15,Y6045540,,,,0,30.0,0,0
75,8,27,8,16,Y6045541,,,,0,30.0,0,0
75,8,27,8,17,Y6045542,,,,0,30.0,0,0
75,8,27,8,18,Y6045543,,,,0,30.0,0,0
75,8,27,8,19,Y6045544,,,,0,30.0,0,0
75,8,27,8,20,Y6045545,,,,0,30.0,0,0
75,8,27,8,21,Y6045546,,,,0,30.0,0,0
75,8,27,8,22,Y6045547,,,,0,30.0,0,0
75,8,27,8,23,Y6045548,,,,0,30.0,0,0
75,8,27,8,24,Y6045549,,,,0,30.0,0,0
75,8,27,8,25,Y6045550,,,,0,30.0,0,0
75,8,27,8,26,Y6045551,,,,0,30.0,0,0
75,8,27,8,27,Y6045552,,,,0,30.0,0,0
75,8,27,8,28,Y6045553,,,,0,30.0,0,0
75,8,27,8,29,Y6045554,,,,0,30.0,0,0
75,8,27,8,30,Y6045555,,,,0,30.0,0,0
75,8,27,9,10,Y6045556,,,,0,30.0,0,0
75,8,27,9,11,Y6045557,,,,0,30.0,0,0
75,8,27,9,12,Y6045558,,,,0,30.0,0,0
75,8,27,9,13,Y6045559,,,,0,30.0,0,0
75,8,27,9,14,Y6045560,,,,0,30.0,0,0
75,8,27,9,15,Y6045561,,,,0,30.0,0,0
75,8,27,9,16,Y6045562,,,,0,30.0,0,0
75,8,27,9,17,Y6045563,,,,0,30.0,0,0
75,8,27,9,18,Y6045564,,,,0,30.0,0,0
75,8,27,9,19,Y6045565,,,,0,30.0,0,0
75,8,27,9,20,Y6045566,,,,0,30.0,0,0
75,8,27,9,21,Y6045567,,,,0,30.0,0,0
75,8,27,9,22,Y6045568,,,,0,30.0,0,0
75,8,27,9,23,Y6045569,,,,0,30.0,0,0
75,8,27,9,24,Y6045570,,,,0,30.0,0,0
75,8,27,9,25,Y6045571,,,,0,30.0,0,0
75,8,27,9,26,Y6045572,,,,0,30.0,0,0
75,8,27,9,27,Y6045573,,,,0,30.0,0,0
75,8,27,9,28,Y6045574,,,,0,30.0,0,0
75,8,27,9,29,Y6045575,,,,0,30.0,0,0
75,8,27,9,30,Y6045576,,,,0,30.0,0,0
75,8,27,10,10,Y6045577,,,,0,30.0,0,0
75,8,27,10,11,Y6045578,,,,0,30.0,0,0
75,8,27,10,12,Y6045579,,,,0,30.0,0,0
75,8,27,10,13,Y6045580,,,,0,30.0,0,0
75,8,27,10,14,Y6045581,,,,0,30.0,0,0
75,8,27,10,15,Y6045582,,,,0,30.0,0,0
75,8,27,10,16,Y6045583,,,,0,30.0,0,0
75,8,27,10,17,Y6045584,,,,0,30.0,0,0
75,8,27,10,18,Y6045585,,,,0,30.0,0,0
75,8,27,10,19,Y6045586,,,,0,30.0,0,0
75,8,27,10,20,Y6045587,,,,0,30.0,0,0
75,8,27,10,21,Y6045588,,,,0,30.0,0,0
75,8,27,10,22,Y6045589,,,,0,30.0,0,0
75,8,27,10,23,Y6045590,,,,0,30.0,0,0
75,8,27,10,24,Y6045591,,,,0,30.0,0,0
75,8,27,10,25,Y6045592,,,,0,30.0,0,0
75,8,27,10,26,Y6045593,,,,0,30.0,0,0
75,8,27,10,27,Y6045594,,,,0,30.0,0,0
75,8,27,10,28,Y6045595,,,,0,30.0,0,0
75,8,27,10,29,Y6045596,,,,0,30.0,0,0
75,8,27,10,30,Y6045597,,,,0,30.0,0,0
75,8,27,11,10,Y6045598,,,,0,30.0,0,0
75,8,27,11,11,Y6045599,,,,0,30.0,0,0
75,8,27,11,12,Y6045600,,,,0,30.0,0,0
75,8,27,11,13,Y6045601,,,,0,30.0,0,0
75,8,27,11,14,Y6045602,,,,0,30.0,0,0
75,8,27,11,15,Y6045603,,,,0,30.0,0,0
75,8,27,11,16,Y6045604,,,,0,30.0,0,0
75,8,27,11,17,Y6045605,,,,0,30.0,0,0
75,8,27,11,18,Y6045606,,,,0,30.0,0,0
75,8,27,11,19,Y6045607,,,,0,30.0,0,0
75,8,27,11,20,Y6045608,,,,0,30.0,0,0
75,8,27,11,21,Y6045609,,,,0,30.0,0,0
75,8,27,11,22,Y6045610,,,,0,30.0,0,0
75,8,27,11,23,Y6045611,,,,0,30.0,0,0
75,8,27,11,24,Y6045612,,,,0,30.0,0,0
75,8,27,11,25,Y6045613,,,,0,30.0,0,0
75,8,27,11,26,Y6045614,,,,0,30.0,0,0
75,8,27,11,27,Y6045615,,,,0,30.0,0,0
75,8,27,11,28,Y6045616,,,,0,30.0,0,0
75,8,27,11,29,Y6045617,,,,0,30.0,0,0
75,8,27,11,30,Y6045618,,,,0,30.0,0,0
75,8,27,12,10,Y6045619,,,,0,30.0,0,0
75,8,27,12,11,Y6045620,,,,0,30.0,0,0
75,8,27,12,12,Y6045621,,,,0,30.0,0,0
75,8,27,12,13,Y6045622,,,,0,30.0,0,0
75,8,27,12,14,Y6045623,,,,0,30.0,0,0
75,8,27,12,15,Y6045624,,,,0,30.0,0,0
75,8,27,12,16,Y6045625,,,,0,30.0,0,0
75,8,27,12,17,Y6045626,,,,0,30.0,0,0
75,8,27,12,18,Y6045627,,,,0,30.0,0,0
75,8,27,12,19,Y6045628,,,,0,30.0,0,0
75,8,27,12,20,Y6045629,,,,0,30.0,0,0
75,8,27,12,21,Y6045630,,,,0,30.0,0,0
75,8,27,12,22,Y6045631,,,,0,30.0,0,0
75,8,27,12,23,Y6045632,,,,0,30.0,0,0
75,8,27,12,24,Y6045633,,,,0,30.0,0,0
75,8,27,12,25,Y6045634,,,,0,30.0,0,0
75,8,27,12,26,Y6045635,,,,0,30.0,0,0
75,8,27,12,27,Y6045636,,,,0,30.0,0,0
75,8,27,12,28,Y6045637,,,,0,30.0,0,0
75,8,27,12,29,Y6045638,,,,0,30.0,0,0
75,8,27,12,30,Y6045639,,,,0,30.0,0,0
75,8,28,1,10,Y6045640,,,,0,30.0,0,0
75,8,28,1,11,Y6045641,,,,0,30.0,0,0
75,8,28,1,12,Y6045642,,,,0,30.0,0,0
75,8,28,1,13,Y6045643,,,,0,30.0,0,0
75,8,28,1,14,Y6045644,,,,0,30.0,0,0
75,8,28,1,15,Y6045645,,,,0,30.0,0,0
75,8,28,1,16,Y6045646,,,,0,30.0,0,0
75,8,28,1,17,Y6045647,,,,0,30.0,0,0
75,8,28,1,18,Y6045648,,,,0,30.0,0,0
75,8,28,1,19,Y6045649,,,,0,30.0,0,0
75,8,28,1,20,Y6045650,,,,0,30.0,0,0
75,8,28,1,21,Y6045651,,,,0,30.0,0,0
75,8,28,1,22,Y6045652,,,,0,30.0,0,0
75,8,28,1,23,Y6045653,,,,0,30.0,0,0
75,8,28,1,24,Y6045654,,,,0,30.0,0,0
75,8,28,1,25,Y6045655,,,,0,30.0,0,0
75,8,28,1,26,Y6045656,,,,0,30.0,0,0
75,8,28,1,27,Y6045657,,,,0,30.0,0,0
75,8,28,1,28,Y6045658,,,,0,30.0,0,0
75,8,28,1,29,Y6045659,,,,0,30.0,0,0
75,8,28,1,30,Y6045660,,,,0,30.0,0,0
75,8,28,2,10,Y6045661,,,,0,30.0,0,0
75,8,28,2,11,Y6045662,,,,0,30.0,0,0
75,8,28,2,12,Y6045663,,,,0,30.0,0,0
75,8,28,2,13,Y6045664,,,,0,30.0,0,0
75,8,28,2,14,Y6045665,,,,0,30.0,0,0
75,8,28,2,15,Y6045666,,,,0,30.0,0,0
75,8,28,2,16,Y6045667,,,,0,30.0,0,0
75,8,28,2,17,Y6045668,,,,0,30.0,0,0
75,8,28,2,18,Y6045669,,,,0,30.0,0,0
75,8,28,2,19,Y6045670,,,,0,30.0,0,0
75,8,28,2,20,Y6045671,,,,0,30.0,0,0
75,8,28,2,21,Y6045672,,,,0,30.0,0,0
75,8,28,2,22,Y6045673,,,,0,30.0,0,0
75,8,28,2,23,Y6045674,,,,0,30.0,0,0
75,8,28,2,24,Y6045675,,,,0,30.0,0,0
75,8,28,2,25,Y6045676,,,,0,30.0,0,0
75,8,28,2,26,Y6045677,,,,0,30.0,0,0
75,8,28,2,27,Y6045678,,,,0,30.0,0,0
75,8,28,2,28,Y6045679,,,,0,30.0,0,0
75,8,28,2,29,Y6045680,,,,0,30.0,0,0
75,8,28,2,30,Y6045681,,,,0,30.0,0,0
75,8,28,3,10,Y6045682,,,,0,30.0,0,0
75,8,28,3,11,Y6045683,,,,0,30.0,0,0
75,8,28,3,12,Y6045684,,,,0,30.0,0,0
75,8,28,3,13,Y6045685,,,,0,30.0,0,0
75,8,28,3,14,Y6045686,,,,0,30.0,0,0
75,8,28,3,15,Y6045687,,,,0,30.0,0,0
75,8,28,3,16,Y6045688,,,,0,30.0,0,0
75,8,28,3,17,Y6045689,,,,0,30.0,0,0
75,8,28,3,18,Y6045690,,,,0,30.0,0,0
75,8,28,3,19,Y6045691,,,,0,30.0,0,0
75,8,28,3,20,Y6045692,,,,0,30.0,0,0
75,8,28,3,21,Y6045693,,,,0,30.0,0,0
75,8,28,3,22,Y6045694,,,,0,30.0,0,0
75,8,28,3,23,Y6045695,,,,0,30.0,0,0
75,8,28,3,24,Y6045696,,,,0,30.0,0,0
75,8,28,3,25,Y6045697,,,,0,30.0,0,0
75,8,28,3,26,Y6045698,,,,0,30.0,0,0
75,8,28,3,27,Y6045699,,,,0,30.0,0,0
75,8,28,3,28,Y6045700,,,,0,30.0,0,0
75,8,28,3,29,Y6045701,,,,0,30.0,0,0
75,8,28,3,30,Y6045702,,,,0,30.0,0,0
75,8,28,4,10,Y6045703,,,,0,30.0,0,0
75,8,28,4,11,Y6045704,,,,0,30.0,0,0
75,8,28,4,12,Y6045705,,,,0,30.0,0,0
75,8,28,4,13,Y6045706,,,,0,30.0,0,0
75,8,28,4,14,Y6045707,,,,0,30.0,0,0
75,8,28,4,15,Y6045708,,,,0,30.0,0,0
75,8,28,4,16,Y6045709,,,,0,30.0,0,0
75,8,28,4,17,Y6045710,,,,0,30.0,0,0
75,8,28,4,18,Y6045711,,,,0,30.0,0,0
75,8,28,4,19,Y6045712,,,,0,30.0,0,0
75,8,28,4,20,Y6045713,,,,0,30.0,0,0
75,8,28,4,21,Y6045714,,,,0,30.0,0,0
75,8,28,4,22,Y6045715,,,,0,30.0,0,0
75,8,28,4,23,Y6045716,,,,0,30.0,0,0
75,8,28,4,24,Y6045717,,,,0,30.0,0,0
75,8,28,4,25,Y6045718,,,,0,30.0,0,0
75,8,28,4,26,Y6045719,,,,0,30.0,0,0
75,8,28,4,27,Y6045720,,,,0,30.0,0,0
75,8,28,4,28,Y6045721,,,,0,30.0,0,0
75,8,28,4,29,Y6045722,,,,0,30.0,0,0
75,8,28,4,30,Y6045723,,,,0,30.0,0,0
75,8,28,5,10,Y6045724,,,,0,30.0,0,0
75,8,28,5,11,Y6045725,,,,0,30.0,0,0
75,8,28,5,12,Y6045726,,,,0,30.0,0,0
75,8,28,5,13,Y6045727,,,,0,30.0,0,0
75,8,28,5,14,Y6045728,,,,0,30.0,0,0
75,8,28,5,15,Y6045729,,,,0,30.0,0,0
75,8,28,5,16,Y6045730,,,,0,30.0,0,0
75,8,28,5,17,Y6045731,,,,0,30.0,0,0
75,8,28,5,18,Y6045732,,,,0,30.0,0,0
75,8,28,5,19,Y6045733,,,,0,30.0,0,0
75,8,28,5,20,Y6045734,,,,0,30.0,0,0
75,8,28,5,21,Y6045735,,,,0,30.0,0,0
75,8,28,5,22,Y6045736,,,,0,30.0,0,0
75,8,28,5,23,Y6045737,,,,0,30.0,0,0
75,8,28,5,24,Y6045738,,,,0,30.0,0,0
75,8,28,5,25,Y6045739,,,,0,30.0,0,0
75,8,28,5,26,Y6045740,,,,0,30.0,0,0
75,8,28,5,27,Y6045741,,,,0,30.0,0,0
75,8,28,5,28,Y6045742,,,,0,30.0,0,0
75,8,28,5,29,Y6045743,,,,0,30.0,0,0
75,8,28,5,30,Y6045744,,,,0,30.0,0,0
75,8,28,6,10,Y6045745,,,,0,30.0,0,0
75,8,28,6,11,Y6045746,,,,0,30.0,0,0
75,8,28,6,12,Y6045747,,,,0,30.0,0,0
75,8,28,6,13,Y6045748,,,,0,30.0,0,0
75,8,28,6,14,Y6045749,,,,0,30.0,0,0
75,8,28,6,15,Y6045750,,,,0,30.0,0,0
75,8,28,6,16,Y6045751,,,,0,30.0,0,0
75,8,28,6,17,Y6045752,,,,0,30.0,0,0
75,8,28,6,18,Y6045753,,,,0,30.0,0,0
75,8,28,6,19,Y6045754,,,,0,30.0,0,0
75,8,28,6,20,Y6045755,,,,0,30.0,0,0
75,8,28,6,21,Y6045756,,,,0,30.0,0,0
75,8,28,6,22,Y6045757,,,,0,30.0,0,0
75,8,28,6,23,Y6045758,,,,0,30.0,0,0
75,8,28,6,24,Y6045759,,,,0,30.0,0,0
75,8,28,6,25,Y6045760,,,,0,30.0,0,0
75,8,28,6,26,Y6045761,,,,0,30.0,0,0
75,8,28,6,27,Y6045762,,,,0,30.0,0,0
75,8,28,6,28,Y6045763,,,,0,30.0,0,0
75,8,28,6,29,Y6045764,,,,0,30.0,0,0
75,8,28,6,30,Y6045765,,,,0,30.0,0,0
75,8,28,7,10,Y6045766,,,,0,30.0,0,0
75,8,28,7,11,Y6045767,,,,0,30.0,0,0
75,8,28,7,12,Y6045768,,,,0,30.0,0,0
75,8,28,7,13,Y6045769,,,,0,30.0,0,0
75,8,28,7,14,Y6045770,,,,0,30.0,0,0
75,8,28,7,15,Y6045771,,,,0,30.0,0,0
75,8,28,7,16,Y6045772,,,,0,30.0,0,0
75,8,28,7,17,Y6045773,,,,0,30.0,0,0
75,8,28,7,18,Y6045774,,,,0,30.0,0,0
75,8,28,7,19,Y6045775,,,,0,30.0,0,0
75,8,28,7,20,Y6045776,,,,0,30.0,0,0
75,8,28,7,21,Y6045777,,,,0,30.0,0,0
75,8,28,7,22,Y6045778,,,,0,30.0,0,0
75,8,28,7,23,Y6045779,,,,0,30.0,0,0
75,8,28,7,24,Y6045780,,,,0,30.0,0,0
75,8,28,7,25,Y6045781,,,,0,30.0,0,0
75,8,28,7,26,Y6045782,,,,0,30.0,0,0
75,8,28,7,27,Y6045783,,,,0,30.0,0,0
75,8,28,7,28,Y6045784,,,,0,30.0,0,0
75,8,28,7,29,Y6045785,,,,0,30.0,0,0
75,8,28,7,30,Y6045786,,,,0,30.0,0,0
75,8,28,8,10,Y6045787,,,,0,30.0,0,0
75,8,28,8,11,Y6045788,,,,0,30.0,0,0
75,8,28,8,12,Y6045789,,,,0,30.0,0,0
75,8,28,8,13,Y6045790,,,,0,30.0,0,0
75,8,28,8,14,Y6045791,,,,0,30.0,0,0
75,8,28,8,15,Y6045792,,,,0,30.0,0,0
75,8,28,8,16,Y6045793,,,,0,30.0,0,0
75,8,28,8,17,Y6045794,,,,0,30.0,0,0
75,8,28,8,18,Y6045795,,,,0,30.0,0,0
75,8,28,8,19,Y6045796,,,,0,30.0,0,0
75,8,28,8,20,Y6045797,,,,0,30.0,0,0
75,8,28,8,21,Y6045798,,,,0,30.0,0,0
75,8,28,8,22,Y6045799,,,,0,30.0,0,0
75,8,28,8,23,Y6045800,,,,0,30.0,0,0
75,8,28,8,24,Y6045801,,,,0,30.0,0,0
75,8,28,8,25,Y6045802,,,,0,30.0,0,0
75,8,28,8,26,Y6045803,,,,0,30.0,0,0
75,8,28,8,27,Y6045804,,,,0,30.0,0,0
75,8,28,8,28,Y6045805,,,,0,30.0,0,0
75,8,28,8,29,Y6045806,,,,0,30.0,0,0
75,8,28,8,30,Y6045807,,,,0,30.0,0,0
75,8,28,9,10,Y6045808,,,,0,30.0,0,0
75,8,28,9,11,Y6045809,,,,0,30.0,0,0
75,8,28,9,12,Y6045810,,,,0,30.0,0,0
75,8,28,9,13,Y6045811,,,,0,30.0,0,0
75,8,28,9,14,Y6045812,,,,0,30.0,0,0
75,8,28,9,15,Y6045813,,,,0,30.0,0,0
75,8,28,9,16,Y6045814,,,,0,30.0,0,0
75,8,28,9,17,Y6045815,,,,0,30.0,0,0
75,8,28,9,18,Y6045816,,,,0,30.0,0,0
75,8,28,9,19,Y6045817,,,,0,30.0,0,0
75,8,28,9,20,Y6045818,,,,0,30.0,0,0
75,8,28,9,21,Y6045819,,,,0,30.0,0,0
75,8,28,9,22,Y6045820,,,,0,30.0,0,0
75,8,28,9,23,Y6045821,,,,0,30.0,0,0
75,8,28,9,24,Y6045822,,,,0,30.0,0,0
75,8,28,9,25,Y6045823,,,,0,30.0,0,0
75,8,28,9,26,Y6045824,,,,0,30.0,0,0
75,8,28,9,27,Y6045825,,,,0,30.0,0,0
75,8,28,9,28,Y6045826,,,,0,30.0,0,0
75,8,28,9,29,Y6045827,,,,0,30.0,0,0
75,8,28,9,30,Y6045828,,,,0,30.0,0,0
75,8,28,10,10,Y6045829,,,,0,30.0,0,0
75,8,28,10,11,Y6045830,,,,0,30.0,0,0
75,8,28,10,12,Y6045831,,,,0,30.0,0,0
75,8,28,10,13,Y6045832,,,,0,30.0,0,0
75,8,28,10,14,Y6045833,,,,0,30.0,0,0
75,8,28,10,15,Y6045834,,,,0,30.0,0,0
75,8,28,10,16,Y6045835,,,,0,30.0,0,0
75,8,28,10,17,Y6045836,,,,0,30.0,0,0
75,8,28,10,18,Y6045837,,,,0,30.0,0,0
75,8,28,10,19,Y6045838,,,,0,30.0,0,0
75,8,28,10,20,Y6045839,,,,0,30.0,0,0
75,8,28,10,21,Y6045840,,,,0,30.0,0,0
75,8,28,10,22,Y6045841,,,,0,30.0,0,0
75,8,28,10,23,Y6045842,,,,0,30.0,0,0
75,8,28,10,24,Y6045843,,,,0,30.0,0,0
75,8,28,10,25,Y6045844,,,,0,30.0,0,0
75,8,28,10,26,Y6045845,,,,0,30.0,0,0
75,8,28,10,27,Y6045846,,,,0,30.0,0,0
75,8,28,10,28,Y6045847,,,,0,30.0,0,0
75,8,28,10,29,Y6045848,,,,0,30.0,0,0
75,8,28,10,30,Y6045849,,,,0,30.0,0,0
75,8,28,11,10,Y6045850,,,,0,30.0,0,0
75,8,28,11,11,Y6045851,,,,0,30.0,0,0
75,8,28,11,12,Y6045852,,,,0,30.0,0,0
75,8,28,11,13,Y6045853,,,,0,30.0,0,0
75,8,28,11,14,Y6045854,,,,0,30.0,0,0
75,8,28,11,15,Y6045855,,,,0,30.0,0,0
75,8,28,11,16,Y6045856,,,,0,30.0,0,0
75,8,28,11,17,Y6045857,,,,0,30.0,0,0
75,8,28,11,18,Y6045858,,,,0,30.0,0,0
75,8,28,11,19,Y6045859,,,,0,30.0,0,0
75,8,28,11,20,Y6045860,,,,0,30.0,0,0
75,8,28,11,21,Y6045861,,,,0,30.0,0,0
75,8,28,11,22,Y6045862,,,,0,30.0,0,0
75,8,28,11,23,Y6045863,,,,0,30.0,0,0
75,8,28,11,24,Y6045864,,,,0,30.0,0,0
75,8,28,11,25,Y6045865,,,,0,30.0,0,0
75,8,28,11,26,Y6045866,,,,0,30.0,0,0
75,8,28,11,27,Y6045867,,,,0,30.0,0,0
75,8,28,11,28,Y6045868,,,,0,30.0,0,0
75,8,28,11,29,Y6045869,,,,0,30.0,0,0
75,8,28,11,30,Y6045870,,,,0,30.0,0,0
75,8,28,12,10,Y6045871,,,,0,30.0,0,0
75,8,28,12,11,Y6045872,,,,0,30.0,0,0
75,8,28,12,12,Y6045873,,,,0,30.0,0,0
75,8,28,12,13,Y6045874,,,,0,30.0,0,0
75,8,28,12,14,Y6045875,,,,0,30.0,0,0
75,8,28,12,15,Y6045876,,,,0,30.0,0,0
75,8,28,12,16,Y6045877,,,,0,30.0,0,0
75,8,28,12,17,Y6045878,,,,0,30.0,0,0
75,8,28,12,18,Y6045879,,,,0,30.0,0,0
75,8,28,12,19,Y6045880,,,,0,30.0,0,0
75,8,28,12,20,Y6045881,,,,0,30.0,0,0
75,8,28,12,21,Y6045882,,,,0,30.0,0,0
75,8,28,12,22,Y6045883,,,,0,30.0,0,0
75,8,28,12,23,Y6045884,,,,0,30.0,0,0
75,8,28,12,24,Y6045885,,,,0,30.0,0,0
75,8,28,12,25,Y6045886,,,,0,30.0,0,0
75,8,28,12,26,Y6045887,,,,0,30.0,0,0
75,8,28,12,27,Y6045888,,,,0,30.0,0,0
75,8,28,12,28,Y6045889,,,,0,30.0,0,0
75,8,28,12,29,Y6045890,,,,0,30.0,0,0
75,8,28,12,30,Y6045891,,,,0,30.0,0,0
75,8,29,1,10,Y6045892,,,,0,30.0,0,0
75,8,29,1,11,Y6045893,,,,0,30.0,0,0
75,8,29,1,12,Y6045894,,,,0,30.0,0,0
75,8,29,1,13,Y6045895,,,,0,30.0,0,0
75,8,29,1,14,Y6045896,,,,0,30.0,0,0
75,8,29,1,15,Y6045897,,,,0,30.0,0,0
75,8,29,1,16,Y6045898,,,,0,30.0,0,0
75,8,29,1,17,Y6045899,,,,0,30.0,0,0
75,8,29,1,18,Y6045900,,,,0,30.0,0,0
75,8,29,1,19,Y6045901,,,,0,30.0,0,0
75,8,29,1,20,Y6045902,,,,0,30.0,0,0
75,8,29,1,21,Y6045903,,,,0,30.0,0,0
75,8,29,1,22,Y6045904,,,,0,30.0,0,0
75,8,29,1,23,Y6045905,,,,0,30.0,0,0
75,8,29,1,24,Y6045906,,,,0,30.0,0,0
75,8,29,1,25,Y6045907,,,,0,30.0,0,0
75,8,29,1,26,Y6045908,,,,0,30.0,0,0
75,8,29,1,27,Y6045909,,,,0,30.0,0,0
75,8,29,1,28,Y6045910,,,,0,30.0,0,0
75,8,29,1,29,Y6045911,,,,0,30.0,0,0
75,8,29,1,30,Y6045912,,,,0,30.0,0,0
75,8,29,2,10,Y6045913,,,,0,30.0,0,0
75,8,29,2,11,Y6045914,,,,0,30.0,0,0
75,8,29,2,12,Y6045915,,,,0,30.0,0,0
75,8,29,2,13,Y6045916,,,,0,30.0,0,0
75,8,29,2,14,Y6045917,,,,0,30.0,0,0
75,8,29,2,15,Y6045918,,,,0,30.0,0,0
75,8,29,2,16,Y6045919,,,,0,30.0,0,0
75,8,29,2,17,Y6045920,,,,0,30.0,0,0
75,8,29,2,18,Y6045921,,,,0,30.0,0,0
75,8,29,2,19,Y6045922,,,,0,30.0,0,0
75,8,29,2,20,Y6045923,,,,0,30.0,0,0
75,8,29,2,21,Y6045924,,,,0,30.0,0,0
75,8,29,2,22,Y6045925,,,,0,30.0,0,0
75,8,29,2,23,Y6045926,,,,0,30.0,0,0
75,8,29,2,24,Y6045927,,,,0,30.0,0,0
75,8,29,2,25,Y6045928,,,,0,30.0,0,0
75,8,29,2,26,Y6045929,,,,0,30.0,0,0
75,8,29,2,27,Y6045930,,,,0,30.0,0,0
75,8,29,2,28,Y6045931,,,,0,30.0,0,0
75,8,29,2,29,Y6045932,,,,0,30.0,0,0
75,8,29,2,30,Y6045933,,,,0,30.0,0,0
75,8,29,3,10,Y6045934,,,,0,30.0,0,0
75,8,29,3,11,Y6045935,,,,0,30.0,0,0
75,8,29,3,12,Y6045936,,,,0,30.0,0,0
75,8,29,3,13,Y6045937,,,,0,30.0,0,0
75,8,29,3,14,Y6045938,,,,0,30.0,0,0
75,8,29,3,15,Y6045939,,,,0,30.0,0,0
75,8,29,3,16,Y6045940,,,,0,30.0,0,0
75,8,29,3,17,Y6045941,,,,0,30.0,0,0
75,8,29,3,18,Y6045942,,,,0,30.0,0,0
75,8,29,3,19,Y6045943,,,,0,30.0,0,0
75,8,29,3,20,Y6045944,,,,0,30.0,0,0
75,8,29,3,21,Y6045945,,,,0,30.0,0,0
75,8,29,3,22,Y6045946,,,,0,30.0,0,0
75,8,29,3,23,Y6045947,,,,0,30.0,0,0
75,8,29,3,24,Y6045948,,,,0,30.0,0,0
75,8,29,3,25,Y6045949,,,,0,30.0,0,0
75,8,29,3,26,Y6045950,,,,0,30.0,0,0
75,8,29,3,27,Y6045951,,,,0,30.0,0,0
75,8,29,3,28,Y6045952,,,,0,30.0,0,0
75,8,29,3,29,Y6045953,,,,0,30.0,0,0
75,8,29,3,30,Y6045954,,,,0,30.0,0,0
75,8,29,4,10,Y6045955,,,,0,30.0,0,0
75,8,29,4,11,Y6045956,,,,0,30.0,0,0
75,8,29,4,12,Y6045957,,,,0,30.0,0,0
75,8,29,4,13,Y6045958,,,,0,30.0,0,0
75,8,29,4,14,Y6045959,,,,0,30.0,0,0
75,8,29,4,15,Y6045960,,,,0,30.0,0,0
75,8,29,4,16,Y6045961,,,,0,30.0,0,0
75,8,29,4,17,Y6045962,,,,0,30.0,0,0
75,8,29,4,18,Y6045963,,,,0,30.0,0,0
75,8,29,4,19,Y6045964,,,,0,30.0,0,0
75,8,29,4,20,Y6045965,,,,0,30.0,0,0
75,8,29,4,21,Y6045966,,,,0,30.0,0,0
75,8,29,4,22,Y6045967,,,,0,30.0,0,0
75,8,29,4,23,Y6045968,,,,0,30.0,0,0
75,8,29,4,24,Y6045969,,,,0,30.0,0,0
75,8,29,4,25,Y6045970,,,,0,30.0,0,0
75,8,29,4,26,Y6045971,,,,0,30.0,0,0
75,8,29,4,27,Y6045972,,,,0,30.0,0,0
75,8,29,4,28,Y6045973,,,,0,30.0,0,0
75,8,29,4,29,Y6045974,,,,0,30.0,0,0
75,8,29,4,30,Y6045975,,,,0,30.0,0,0
75,8,29,5,10,Y6045976,,,,0,30.0,0,0
75,8,29,5,11,Y6045977,,,,0,30.0,0,0
75,8,29,5,12,Y6045978,,,,0,30.0,0,0
75,8,29,5,13,Y6045979,,,,0,30.0,0,0
75,8,29,5,14,Y6045980,,,,0,30.0,0,0
75,8,29,5,15,Y6045981,,,,0,30.0,0,0
75,8,29,5,16,Y6045982,,,,0,30.0,0,0
75,8,29,5,17,Y6045983,,,,0,30.0,0,0
75,8,29,5,18,Y6045984,,,,0,30.0,0,0
75,8,29,5,19,Y6045985,,,,0,30.0,0,0
75,8,29,5,20,Y6045986,,,,0,30.0,0,0
75,8,29,5,21,Y6045987,,,,0,30.0,0,0
75,8,29,5,22,Y6045988,,,,0,30.0,0,0
75,8,29,5,23,Y6045989,,,,0,30.0,0,0
75,8,29,5,24,Y6045990,,,,0,30.0,0,0
75,8,29,5,25,Y6045991,,,,0,30.0,0,0
75,8,29,5,26,Y6045992,,,,0,30.0,0,0
75,8,29,5,27,Y6045993,,,,0,30.0,0,0
75,8,29,5,28,Y6045994,,,,0,30.0,0,0
75,8,29,5,29,Y6045995,,,,0,30.0,0,0
75,8,29,5,30,Y6045996,,,,0,30.0,0,0
75,8,29,6,10,Y6045997,,,,0,30.0,0,0
75,8,29,6,11,Y6045998,,,,0,30.0,0,0
75,8,29,6,12,Y6045999,,,,0,30.0,0,0
75,8,29,6,13,Y6046000,,,,0,30.0,0,0
75,8,29,6,14,Y6046001,,,,0,30.0,0,0
75,8,29,6,15,Y6046002,,,,0,30.0,0,0
75,8,29,6,16,Y6046003,,,,0,30.0,0,0
75,8,29,6,17,Y6046004,,,,0,30.0,0,0
75,8,29,6,18,Y6046005,,,,0,30.0,0,0
75,8,29,6,19,Y6046006,,,,0,30.0,0,0
75,8,29,6,20,Y6046007,,,,0,30.0,0,0
75,8,29,6,21,Y6046008,,,,0,30.0,0,0
75,8,29,6,22,Y6046009,,,,0,30.0,0,0
75,8,29,6,23,Y6046010,,,,0,30.0,0,0
75,8,29,6,24,Y6046011,,,,0,30.0,0,0
75,8,29,6,25,Y6046012,,,,0,30.0,0,0
75,8,29,6,26,Y6046013,,,,0,30.0,0,0
75,8,29,6,27,Y6046014,,,,0,30.0,0,0
75,8,29,6,28,Y6046015,,,,0,30.0,0,0
75,8,29,6,29,Y6046016,,,,0,30.0,0,0
75,8,29,6,30,Y6046017,,,,0,30.0,0,0
75,8,29,7,10,Y6046018,,,,0,30.0,0,0
75,8,29,7,11,Y6046019,,,,0,30.0,0,0
75,8,29,7,12,Y6046020,,,,0,30.0,0,0
75,8,29,7,13,Y6046021,,,,0,30.0,0,0
75,8,29,7,14,Y6046022,,,,0,30.0,0,0
75,8,29,7,15,Y6046023,,,,0,30.0,0,0
75,8,29,7,16,Y6046024,,,,0,30.0,0,0
75,8,29,7,17,Y6046025,,,,0,30.0,0,0
75,8,29,7,18,Y6046026,,,,0,30.0,0,0
75,8,29,7,19,Y6046027,,,,0,30.0,0,0
75,8,29,7,20,Y6046028,,,,0,30.0,0,0
75,8,29,7,21,Y6046029,,,,0,30.0,0,0
75,8,29,7,22,Y6046030,,,,0,30.0,0,0
75,8,29,7,23,Y6046031,,,,0,30.0,0,0
75,8,29,7,24,Y6046032,,,,0,30.0,0,0
75,8,29,7,25,Y6046033,,,,0,30.0,0,0
75,8,29,7,26,Y6046034,,,,0,30.0,0,0
75,8,29,7,27,Y6046035,,,,0,30.0,0,0
75,8,29,7,28,Y6046036,,,,0,30.0,0,0
75,8,29,7,29,Y6046037,,,,0,30.0,0,0
75,8,29,7,30,Y6046038,,,,0,30.0,0,0
75,8,29,8,10,Y6046039,,,,0,30.0,0,0
75,8,29,8,11,Y6046040,,,,0,30.0,0,0
75,8,29,8,12,Y6046041,,,,0,30.0,0,0
75,8,29,8,13,Y6046042,,,,0,30.0,0,0
75,8,29,8,14,Y6046043,,,,0,30.0,0,0
75,8,29,8,15,Y6046044,,,,0,30.0,0,0
75,8,29,8,16,Y6046045,,,,0,30.0,0,0
75,8,29,8,17,Y6046046,,,,0,30.0,0,0
75,8,29,8,18,Y6046047,,,,0,30.0,0,0
75,8,29,8,19,Y6046048,,,,0,30.0,0,0
75,8,29,8,20,Y6046049,,,,0,30.0,0,0
75,8,29,8,21,Y6046050,,,,0,30.0,0,0
75,8,29,8,22,Y6046051,,,,0,30.0,0,0
75,8,29,8,23,Y6046052,,,,0,30.0,0,0
75,8,29,8,24,Y6046053,,,,0,30.0,0,0
75,8,29,8,25,Y6046054,,,,0,30.0,0,0
75,8,29,8,26,Y6046055,,,,0,30.0,0,0
75,8,29,8,27,Y6046056,,,,0,30.0,0,0
75,8,29,8,28,Y6046057,,,,0,30.0,0,0
75,8,29,8,29,Y6046058,,,,0,30.0,0,0
75,8,29,8,30,Y6046059,,,,0,30.0,0,0
75,8,29,9,10,Y6046060,,,,0,30.0,0,0
75,8,29,9,11,Y6046061,,,,0,30.0,0,0
75,8,29,9,12,Y6046062,,,,0,30.0,0,0
75,8,29,9,13,Y6046063,,,,0,30.0,0,0
75,8,29,9,14,Y6046064,,,,0,30.0,0,0
75,8,29,9,15,Y6046065,,,,0,30.0,0,0
75,8,29,9,16,Y6046066,,,,0,30.0,0,0
75,8,29,9,17,Y6046067,,,,0,30.0,0,0
75,8,29,9,18,Y6046068,,,,0,30.0,0,0
75,8,29,9,19,Y6046069,,,,0,30.0,0,0
75,8,29,9,20,Y6046070,,,,0,30.0,0,0
75,8,29,9,21,Y6046071,,,,0,30.0,0,0
75,8,29,9,22,Y6046072,,,,0,30.0,0,0
75,8,29,9,23,Y6046073,,,,0,30.0,0,0
75,8,29,9,24,Y6046074,,,,0,30.0,0,0
75,8,29,9,25,Y6046075,,,,0,30.0,0,0
75,8,29,9,26,Y6046076,,,,0,30.0,0,0
75,8,29,9,27,Y6046077,,,,0,30.0,0,0
75,8,29,9,28,Y6046078,,,,0,30.0,0,0
75,8,29,9,29,Y6046079,,,,0,30.0,0,0
75,8,29,9,30,Y6046080,,,,0,30.0,0,0
75,8,29,10,10,Y6046081,,,,0,30.0,0,0
75,8,29,10,11,Y6046082,,,,0,30.0,0,0
75,8,29,10,12,Y6046083,,,,0,30.0,0,0
75,8,29,10,13,Y6046084,,,,0,30.0,0,0
75,8,29,10,14,Y6046085,,,,0,30.0,0,0
75,8,29,10,15,Y6046086,,,,0,30.0,0,0
75,8,29,10,16,Y6046087,,,,0,30.0,0,0
75,8,29,10,17,Y6046088,,,,0,30.0,0,0
75,8,29,10,18,Y6046089,,,,0,30.0,0,0
75,8,29,10,19,Y6046090,,,,0,30.0,0,0
75,8,29,10,20,Y6046091,,,,0,30.0,0,0
75,8,29,10,21,Y6046092,,,,0,30.0,0,0
75,8,29,10,22,Y6046093,,,,0,30.0,0,0
75,8,29,10,23,Y6046094,,,,0,30.0,0,0
75,8,29,10,24,Y6046095,,,,0,30.0,0,0
75,8,29,10,25,Y6046096,,,,0,30.0,0,0
75,8,29,10,26,Y6046097,,,,0,30.0,0,0
75,8,29,10,27,Y6046098,,,,0,30.0,0,0
75,8,29,10,28,Y6046099,,,,0,30.0,0,0
75,8,29,10,29,Y6046100,,,,0,30.0,0,0
75,8,29,10,30,Y6046101,,,,0,30.0,0,0
75,8,29,11,10,Y6046102,,,,0,30.0,0,0
75,8,29,11,11,Y6046103,,,,0,30.0,0,0
75,8,29,11,12,Y6046104,,,,0,30.0,0,0
75,8,29,11,13,Y6046105,,,,0,30.0,0,0
75,8,29,11,14,Y6046106,,,,0,30.0,0,0
75,8,29,11,15,Y6046107,,,,0,30.0,0,0
75,8,29,11,16,Y6046108,,,,0,30.0,0,0
75,8,29,11,17,Y6046109,,,,0,30.0,0,0
75,8,29,11,18,Y6046110,,,,0,30.0,0,0
75,8,29,11,19,Y6046111,,,,0,30.0,0,0
75,8,29,11,20,Y6046112,,,,0,30.0,0,0
75,8,29,11,21,Y6046113,,,,0,30.0,0,0
75,8,29,11,22,Y6046114,,,,0,30.0,0,0
75,8,29,11,23,Y6046115,,,,0,30.0,0,0
75,8,29,11,24,Y6046116,,,,0,30.0,0,0
75,8,29,11,25,Y6046117,,,,0,30.0,0,0
75,8,29,11,26,Y6046118,,,,0,30.0,0,0
75,8,29,11,27,Y6046119,,,,0,30.0,0,0
75,8,29,11,28,Y6046120,,,,0,30.0,0,0
75,8,29,11,29,Y6046121,,,,0,30.0,0,0
75,8,29,11,30,Y6046122,,,,0,30.0,0,0
75,8,29,12,10,Y6046123,,,,0,30.0,0,0
75,8,29,12,11,Y6046124,,,,0,30.0,0,0
75,8,29,12,12,Y6046125,,,,0,30.0,0,0
75,8,29,12,13,Y6046126,,,,0,30.0,0,0
75,8,29,12,14,Y6046127,,,,0,30.0,0,0
75,8,29,12,15,Y6046128,,,,0,30.0,0,0
75,8,29,12,16,Y6046129,,,,0,30.0,0,0
75,8,29,12,17,Y6046130,,,,0,30.0,0,0
75,8,29,12,18,Y6046131,,,,0,30.0,0,0
75,8,29,12,19,Y6046132,,,,0,30.0,0,0
75,8,29,12,20,Y6046133,,,,0,30.0,0,0
75,8,29,12,21,Y6046134,,,,0,30.0,0,0
75,8,29,12,22,Y6046135,,,,0,30.0,0,0
75,8,29,12,23,Y6046136,,,,0,30.0,0,0
75,8,29,12,24,Y6046137,,,,0,30.0,0,0
75,8,29,12,25,Y6046138,,,,0,30.0,0,0
75,8,29,12,26,Y6046139,,,,0,30.0,0,0
75,8,29,12,27,Y6046140,,,,0,30.0,0,0
75,8,29,12,28,Y6046141,,,,0,30.0,0,0
75,8,29,12,29,Y6046142,,,,0,30.0,0,0
75,8,29,12,30,Y6046143,,,,0,30.0,0,0
75,8,30,1,10,Y6046144,,,,0,30.0,0,0
75,8,30,1,11,Y6046145,,,,0,30.0,0,0
75,8,30,1,12,Y6046146,,,,0,30.0,0,0
75,8,30,1,13,Y6046147,,,,0,30.0,0,0
75,8,30,1,14,Y6046148,,,,0,30.0,0,0
75,8,30,1,15,Y6046149,,,,0,30.0,0,0
75,8,30,1,16,Y6046150,,,,0,30.0,0,0
75,8,30,1,17,Y6046151,,,,0,30.0,0,0
75,8,30,1,18,Y6046152,,,,0,30.0,0,0
75,8,30,1,19,Y6046153,,,,0,30.0,0,0
75,8,30,1,20,Y6046154,,,,0,30.0,0,0
75,8,30,1,21,Y6046155,,,,0,30.0,0,0
75,8,30,1,22,Y6046156,,,,0,30.0,0,0
75,8,30,1,23,Y6046157,,,,0,30.0,0,0
75,8,30,1,24,Y6046158,,,,0,30.0,0,0
75,8,30,1,25,Y6046159,,,,0,30.0,0,0
75,8,30,1,26,Y6046160,,,,0,30.0,0,0
75,8,30,1,27,Y6046161,,,,0,30.0,0,0
75,8,30,1,28,Y6046162,,,,0,30.0,0,0
75,8,30,1,29,Y6046163,,,,0,30.0,0,0
75,8,30,1,30,Y6046164,,,,0,30.0,0,0
75,8,30,2,10,Y6046165,,,,0,30.0,0,0
75,8,30,2,11,Y6046166,,,,0,30.0,0,0
75,8,30,2,12,Y6046167,,,,0,30.0,0,0
75,8,30,2,13,Y6046168,,,,0,30.0,0,0
75,8,30,2,14,Y6046169,,,,0,30.0,0,0
75,8,30,2,15,Y6046170,,,,0,30.0,0,0
75,8,30,2,16,Y6046171,,,,0,30.0,0,0
75,8,30,2,17,Y6046172,,,,0,30.0,0,0
75,8,30,2,18,Y6046173,,,,0,30.0,0,0
75,8,30,2,19,Y6046174,,,,0,30.0,0,0
75,8,30,2,20,Y6046175,,,,0,30.0,0,0
75,8,30,2,21,Y6046176,,,,0,30.0,0,0
75,8,30,2,22,Y6046177,,,,0,30.0,0,0
75,8,30,2,23,Y6046178,,,,0,30.0,0,0
75,8,30,2,24,Y6046179,,,,0,30.0,0,0
75,8,30,2,25,Y6046180,,,,0,30.0,0,0
75,8,30,2,26,Y6046181,,,,0,30.0,0,0
75,8,30,2,27,Y6046182,,,,0,30.0,0,0
75,8,30,2,28,Y6046183,,,,0,30.0,0,0
75,8,30,2,29,Y6046184,,,,0,30.0,0,0
75,8,30,2,30,Y6046185,,,,0,30.0,0,0
75,8,30,3,10,Y6046186,,,,0,30.0,0,0
75,8,30,3,11,Y6046187,,,,0,30.0,0,0
75,8,30,3,12,Y6046188,,,,0,30.0,0,0
75,8,30,3,13,Y6046189,,,,0,30.0,0,0
75,8,30,3,14,Y6046190,,,,0,30.0,0,0
75,8,30,3,15,Y6046191,,,,0,30.0,0,0
75,8,30,3,16,Y6046192,,,,0,30.0,0,0
75,8,30,3,17,Y6046193,,,,0,30.0,0,0
75,8,30,3,18,Y6046194,,,,0,30.0,0,0
75,8,30,3,19,Y6046195,,,,0,30.0,0,0
75,8,30,3,20,Y6046196,,,,0,30.0,0,0
75,8,30,3,21,Y6046197,,,,0,30.0,0,0
75,8,30,3,22,Y6046198,,,,0,30.0,0,0
75,8,30,3,23,Y6046199,,,,0,30.0,0,0
75,8,30,3,24,Y6046200,,,,0,30.0,0,0
75,8,30,3,25,Y6046201,,,,0,30.0,0,0
75,8,30,3,26,Y6046202,,,,0,30.0,0,0
75,8,30,3,27,Y6046203,,,,0,30.0,0,0
75,8,30,3,28,Y6046204,,,,0,30.0,0,0
75,8,30,3,29,Y6046205,,,,0,30.0,0,0
75,8,30,3,30,Y6046206,,,,0,30.0,0,0
75,8,30,4,10,Y6046207,,,,0,30.0,0,0
75,8,30,4,11,Y6046208,,,,0,30.0,0,0
75,8,30,4,12,Y6046209,,,,0,30.0,0,0
75,8,30,4,13,Y6046210,,,,0,30.0,0,0
75,8,30,4,14,Y6046211,,,,0,30.0,0,0
75,8,30,4,15,Y6046212,,,,0,30.0,0,0
75,8,30,4,16,Y6046213,,,,0,30.0,0,0
75,8,30,4,17,Y6046214,,,,0,30.0,0,0
75,8,30,4,18,Y6046215,,,,0,30.0,0,0
75,8,30,4,19,Y6046216,,,,0,30.0,0,0
75,8,30,4,20,Y6046217,,,,0,30.0,0,0
75,8,30,4,21,Y6046218,,,,0,30.0,0,0
75,8,30,4,22,Y6046219,,,,0,30.0,0,0
75,8,30,4,23,Y6046220,,,,0,30.0,0,0
75,8,30,4,24,Y6046221,,,,0,30.0,0,0
75,8,30,4,25,Y6046222,,,,0,30.0,0,0
75,8,30,4,26,Y6046223,,,,0,30.0,0,0
75,8,30,4,27,Y6046224,,,,0,30.0,0,0
75,8,30,4,28,Y6046225,,,,0,30.0,0,0
75,8,30,4,29,Y6046226,,,,0,30.0,0,0
75,8,30,4,30,Y6046227,,,,0,30.0,0,0
75,8,30,5,10,Y6046228,,,,0,30.0,0,0
75,8,30,5,11,Y6046229,,,,0,30.0,0,0
75,8,30,5,12,Y6046230,,,,0,30.0,0,0
75,8,30,5,13,Y6046231,,,,0,30.0,0,0
75,8,30,5,14,Y6046232,,,,0,30.0,0,0
75,8,30,5,15,Y6046233,,,,0,30.0,0,0
75,8,30,5,16,Y6046234,,,,0,30.0,0,0
75,8,30,5,17,Y6046235,,,,0,30.0,0,0
75,8,30,5,18,Y6046236,,,,0,30.0,0,0
75,8,30,5,19,Y6046237,,,,0,30.0,0,0
75,8,30,5,20,Y6046238,,,,0,30.0,0,0
75,8,30,5,21,Y6046239,,,,0,30.0,0,0
75,8,30,5,22,Y6046240,,,,0,30.0,0,0
75,8,30,5,23,Y6046241,,,,0,30.0,0,0
75,8,30,5,24,Y6046242,,,,0,30.0,0,0
75,8,30,5,25,Y6046243,,,,0,30.0,0,0
75,8,30,5,26,Y6046244,,,,0,30.0,0,0
75,8,30,5,27,Y6046245,,,,0,30.0,0,0
75,8,30,5,28,Y6046246,,,,0,30.0,0,0
75,8,30,5,29,Y6046247,,,,0,30.0,0,0
75,8,30,5,30,Y6046248,,,,0,30.0,0,0
75,8,30,6,10,Y6046249,,,,0,30.0,0,0
75,8,30,6,11,Y6046250,,,,0,30.0,0,0
75,8,30,6,12,Y6046251,,,,0,30.0,0,0
75,8,30,6,13,Y6046252,,,,0,30.0,0,0
75,8,30,6,14,Y6046253,,,,0,30.0,0,0
75,8,30,6,15,Y6046254,,,,0,30.0,0,0
75,8,30,6,16,Y6046255,,,,0,30.0,0,0
75,8,30,6,17,Y6046256,,,,0,30.0,0,0
75,8,30,6,18,Y6046257,,,,0,30.0,0,0
75,8,30,6,19,Y6046258,,,,0,30.0,0,0
75,8,30,6,20,Y6046259,,,,0,30.0,0,0
75,8,30,6,21,Y6046260,,,,0,30.0,0,0
75,8,30,6,22,Y6046261,,,,0,30.0,0,0
75,8,30,6,23,Y6046262,,,,0,30.0,0,0
75,8,30,6,24,Y6046263,,,,0,30.0,0,0
75,8,30,6,25,Y6046264,,,,0,30.0,0,0
75,8,30,6,26,Y6046265,,,,0,30.0,0,0
75,8,30,6,27,Y6046266,,,,0,30.0,0,0
75,8,30,6,28,Y6046267,,,,0,30.0,0,0
75,8,30,6,29,Y6046268,,,,0,30.0,0,0
75,8,30,6,30,Y6046269,,,,0,30.0,0,0
75,8,30,7,10,Y6046270,,,,0,30.0,0,0
75,8,30,7,11,Y6046271,,,,0,30.0,0,0
75,8,30,7,12,Y6046272,,,,0,30.0,0,0
75,8,30,7,13,Y6046273,,,,0,30.0,0,0
75,8,30,7,14,Y6046274,,,,0,30.0,0,0
75,8,30,7,15,Y6046275,,,,0,30.0,0,0
75,8,30,7,16,Y6046276,,,,0,30.0,0,0
75,8,30,7,17,Y6046277,,,,0,30.0,0,0
75,8,30,7,18,Y6046278,,,,0,30.0,0,0
75,8,30,7,19,Y6046279,,,,0,30.0,0,0
75,8,30,7,20,Y6046280,,,,0,30.0,0,0
75,8,30,7,21,Y6046281,,,,0,30.0,0,0
75,8,30,7,22,Y6046282,,,,0,30.0,0,0
75,8,30,7,23,Y6046283,,,,0,30.0,0,0
75,8,30,7,24,Y6046284,,,,0,30.0,0,0
75,8,30,7,25,Y6046285,,,,0,30.0,0,0
75,8,30,7,26,Y6046286,,,,0,30.0,0,0
75,8,30,7,27,Y6046287,,,,0,30.0,0,0
75,8,30,7,28,Y6046288,,,,0,30.0,0,0
75,8,30,7,29,Y6046289,,,,0,30.0,0,0
75,8,30,7,30,Y6046290,,,,0,30.0,0,0
75,8,30,8,10,Y6046291,,,,0,30.0,0,0
75,8,30,8,11,Y6046292,,,,0,30.0,0,0
75,8,30,8,12,Y6046293,,,,0,30.0,0,0
75,8,30,8,13,Y6046294,,,,0,30.0,0,0
75,8,30,8,14,Y6046295,,,,0,30.0,0,0
75,8,30,8,15,Y6046296,,,,0,30.0,0,0
75,8,30,8,16,Y6046297,,,,0,30.0,0,0
75,8,30,8,17,Y6046298,,,,0,30.0,0,0
75,8,30,8,18,Y6046299,,,,0,30.0,0,0
75,8,30,8,19,Y6046300,,,,0,30.0,0,0
75,8,30,8,20,Y6046301,,,,0,30.0,0,0
75,8,30,8,21,Y6046302,,,,0,30.0,0,0
75,8,30,8,22,Y6046303,,,,0,30.0,0,0
75,8,30,8,23,Y6046304,,,,0,30.0,0,0
75,8,30,8,24,Y6046305,,,,0,30.0,0,0
75,8,30,8,25,Y6046306,,,,0,30.0,0,0
75,8,30,8,26,Y6046307,,,,0,30.0,0,0
75,8,30,8,27,Y6046308,,,,0,30.0,0,0
75,8,30,8,28,Y6046309,,,,0,30.0,0,0
75,8,30,8,29,Y6046310,,,,0,30.0,0,0
75,8,30,8,30,Y6046311,,,,0,30.0,0,0
75,8,30,9,10,Y6046312,,,,0,30.0,0,0
75,8,30,9,11,Y6046313,,,,0,30.0,0,0
75,8,30,9,12,Y6046314,,,,0,30.0,0,0
75,8,30,9,13,Y6046315,,,,0,30.0,0,0
75,8,30,9,14,Y6046316,,,,0,30.0,0,0
75,8,30,9,15,Y6046317,,,,0,30.0,0,0
75,8,30,9,16,Y6046318,,,,0,30.0,0,0
75,8,30,9,17,Y6046319,,,,0,30.0,0,0
75,8,30,9,18,Y6046320,,,,0,30.0,0,0
75,8,30,9,19,Y6046321,,,,0,30.0,0,0
75,8,30,9,20,Y6046322,,,,0,30.0,0,0
75,8,30,9,21,Y6046323,,,,0,30.0,0,0
75,8,30,9,22,Y6046324,,,,0,30.0,0,0
75,8,30,9,23,Y6046325,,,,0,30.0,0,0
75,8,30,9,24,Y6046326,,,,0,30.0,0,0
75,8,30,9,25,Y6046327,,,,0,30.0,0,0
75,8,30,9,26,Y6046328,,,,0,30.0,0,0
75,8,30,9,27,Y6046329,,,,0,30.0,0,0
75,8,30,9,28,Y6046330,,,,0,30.0,0,0
75,8,30,9,29,Y6046331,,,,0,30.0,0,0
75,8,30,9,30,Y6046332,,,,0,30.0,0,0
75,8,30,10,10,Y6046333,,,,0,30.0,0,0
75,8,30,10,11,Y6046334,,,,0,30.0,0,0
75,8,30,10,12,Y6046335,,,,0,30.0,0,0
75,8,30,10,13,Y6046336,,,,0,30.0,0,0
75,8,30,10,14,Y6046337,,,,0,30.0,0,0
75,8,30,10,15,Y6046338,,,,0,30.0,0,0
75,8,30,10,16,Y6046339,,,,0,30.0,0,0
75,8,30,10,17,Y6046340,,,,0,30.0,0,0
75,8,30,10,18,Y6046341,,,,0,30.0,0,0
75,8,30,10,19,Y6046342,,,,0,30.0,0,0
75,8,30,10,20,Y6046343,,,,0,30.0,0,0
75,8,30,10,21,Y6046344,,,,0,30.0,0,0
75,8,30,10,22,Y6046345,,,,0,30.0,0,0
75,8,30,10,23,Y6046346,,,,0,30.0,0,0
75,8,30,10,24,Y6046347,,,,0,30.0,0,0
75,8,30,10,25,Y6046348,,,,0,30.0,0,0
75,8,30,10,26,Y6046349,,,,0,30.0,0,0
75,8,30,10,27,Y6046350,,,,0,30.0,0,0
75,8,30,10,28,Y6046351,,,,0,30.0,0,0
75,8,30,10,29,Y6046352,,,,0,30.0,0,0
75,8,30,10,30,Y6046353,,,,0,30.0,0,0
75,8,30,11,10,Y6046354,,,,0,30.0,0,0
75,8,30,11,11,Y6046355,,,,0,30.0,0,0
75,8,30,11,12,Y6046356,,,,0,30.0,0,0
75,8,30,11,13,Y6046357,,,,0,30.0,0,0
75,8,30,11,14,Y6046358,,,,0,30.0,0,0
75,8,30,11,15,Y6046359,,,,0,30.0,0,0
75,8,30,11,16,Y6046360,,,,0,30.0,0,0
75,8,30,11,17,Y6046361,,,,0,30.0,0,0
75,8,30,11,18,Y6046362,,,,0,30.0,0,0
75,8,30,11,19,Y6046363,,,,0,30.0,0,0
75,8,30,11,20,Y6046364,,,,0,30.0,0,0
75,8,30,11,21,Y6046365,,,,0,30.0,0,0
75,8,30,11,22,Y6046366,,,,0,30.0,0,0
75,8,30,11,23,Y6046367,,,,0,30.0,0,0
75,8,30,11,24,Y6046368,,,,0,30.0,0,0
75,8,30,11,25,Y6046369,,,,0,30.0,0,0
75,8,30,11,26,Y6046370,,,,0,30.0,0,0
75,8,30,11,27,Y6046371,,,,0,30.0,0,0
75,8,30,11,28,Y6046372,,,,0,30.0,0,0
75,8,30,11,29,Y6046373,,,,0,30.0,0,0
75,8,30,11,30,Y6046374,,,,0,30.0,0,0
75,8,30,12,10,Y6046375,,,,0,30.0,0,0
75,8,30,12,11,Y6046376,,,,0,30.0,0,0
75,8,30,12,12,Y6046377,,,,0,30.0,0,0
75,8,30,12,13,Y6046378,,,,0,30.0,0,0
75,8,30,12,14,Y6046379,,,,0,30.0,0,0
75,8,30,12,15,Y6046380,,,,0,30.0,0,0
75,8,30,12,16,Y6046381,,,,0,30.0,0,0
75,8,30,12,17,Y6046382,,,,0,30.0,0,0
75,8,30,12,18,Y6046383,,,,0,30.0,0,0
75,8,30,12,19,Y6046384,,,,0,30.0,0,0
75,8,30,12,20,Y6046385,,,,0,30.0,0,0
75,8,30,12,21,Y6046386,,,,0,30.0,0,0
75,8,30,12,22,Y6046387,,,,0,30.0,0,0
75,8,30,12,23,Y6046388,,,,0,30.0,0,0
75,8,30,12,24,Y6046389,,,,0,30.0,0,0
75,8,30,12,25,Y6046390,,,,0,30.0,0,0
75,8,30,12,26,Y6046391,,,,0,30.0,0,0
75,8,30,12,27,Y6046392,,,,0,30.0,0,0
75,8,30,12,28,Y6046393,,,,0,30.0,0,0
75,8,30,12,29,Y6046394,,,,0,30.0,0,0
75,8,30,12,30,Y6046395,,,,0,30.0,0,0
75,9,0,1,10,Y6046396,,,,0,30.0,0,0
75,9,0,1,11,Y6046397,,,,0,30.0,0,0
75,9,0,1,12,Y6046398,,,,0,30.0,0,0
75,9,0,1,13,Y6046399,,,,0,30.0,0,0
75,9,0,1,14,Y6046400,,,,0,30.0,0,0
75,9,0,1,15,Y6046401,,,,0,30.0,0,0
75,9,0,1,16,Y6046402,,,,0,30.0,0,0
75,9,0,1,17,Y6046403,,,,0,30.0,0,0
75,9,0,1,18,Y6046404,,,,3106,30.0,0,0
75,9,0,1,19,Y6046405,,,,0,30.0,0,0
75,9,0,1,20,Y6046406,,,,0,30.0,0,0
75,9,0,1,21,Y6046407,,,,0,30.0,0,0
75,9,0,1,22,Y6046408,,,,0,30.0,0,0
75,9,0,1,23,Y6046409,,,,0,30.0,0,0
75,9,0,1,24,Y6046410,,,,0,30.0,0,0
75,9,0,1,25,Y6046411,,,,0,30.0,0,0
75,9,0,1,26,Y6046412,,,,0,30.0,0,0
75,9,0,1,27,Y6046413,,,,0,30.0,0,0
75,9,0,1,28,Y6046414,,,,0,30.0,0,0
75,9,0,1,29,Y6046415,,,,0,30.0,0,0
75,9,0,1,30,Y6046416,,,,0,30.0,0,0
75,9,0,2,10,Y6046417,,,,0,30.0,0,0
75,9,0,2,11,Y6046418,,,,0,30.0,0,0
75,9,0,2,12,Y6046419,,,,0,30.0,0,0
75,9,0,2,13,Y6046420,,,,0,30.0,0,0
75,9,0,2,14,Y6046421,,,,0,30.0,0,0
75,9,0,2,15,Y6046422,,,,0,30.0,0,0
75,9,0,2,16,Y6046423,,,,0,30.0,0,0
75,9,0,2,17,Y6046424,,,,0,30.0,0,0
75,9,0,2,18,Y6046425,,,,3102,30.0,0,0
75,9,0,2,19,Y6046426,,,,0,30.0,0,0
75,9,0,2,20,Y6046427,,,,0,30.0,0,0
75,9,0,2,21,Y6046428,,,,0,30.0,0,0
75,9,0,2,22,Y6046429,,,,0,30.0,0,0
75,9,0,2,23,Y6046430,,,,0,30.0,0,0
75,9,0,2,24,Y6046431,,,,0,30.0,0,0
75,9,0,2,25,Y6046432,,,,0,30.0,0,0
75,9,0,2,26,Y6046433,,,,0,30.0,0,0
75,9,0,2,27,Y6046434,,,,0,30.0,0,0
75,9,0,2,28,Y6046435,,,,0,30.0,0,0
75,9,0,2,29,Y6046436,,,,0,30.0,0,0
75,9,0,2,30,Y6046437,,,,0,30.0,0,0
75,9,0,3,10,Y6046438,,,,0,30.0,0,0
75,9,0,3,11,Y6046439,,,,0,30.0,0,0
75,9,0,3,12,Y6046440,,,,0,30.0,0,0
75,9,0,3,13,Y6046441,,,,0,30.0,0,0
75,9,0,3,14,Y6046442,,,,0,30.0,0,0
75,9,0,3,15,Y6046443,,,,0,30.0,0,0
75,9,0,3,16,Y6046444,,,,0,30.0,0,0
75,9,0,3,17,Y6046445,,,,0,30.0,0,0
75,9,0,3,18,Y6046446,,,,3099,30.0,0,0
75,9,0,3,19,Y6046447,,,,0,30.0,0,0
75,9,0,3,20,Y6046448,,,,0,30.0,0,0
75,9,0,3,21,Y6046449,,,,0,30.0,0,0
75,9,0,3,22,Y6046450,,,,0,30.0,0,0
75,9,0,3,23,Y6046451,,,,0,30.0,0,0
75,9,0,3,24,Y6046452,,,,0,30.0,0,0
75,9,0,3,25,Y6046453,,,,0,30.0,0,0
75,9,0,3,26,Y6046454,,,,0,30.0,0,0
75,9,0,3,27,Y6046455,,,,0,30.0,0,0
75,9,0,3,28,Y6046456,,,,0,30.0,0,0
75,9,0,3,29,Y6046457,,,,0,30.0,0,0
75,9,0,3,30,Y6046458,,,,0,30.0,0,0
75,9,0,4,10,Y6046459,,,,0,30.0,0,0
75,9,0,4,11,Y6046460,,,,0,30.0,0,0
75,9,0,4,12,Y6046461,,,,0,30.0,0,0
75,9,0,4,13,Y6046462,,,,0,30.0,0,0
75,9,0,4,14,Y6046463,,,,0,30.0,0,0
75,9,0,4,15,Y6046464,,,,0,30.0,0,0
75,9,0,4,16,Y6046465,,,,0,30.0,0,0
75,9,0,4,17,Y6046466,,,,0,30.0,0,0
75,9,0,4,18,Y6046467,,,,3101,30.0,0,0
75,9,0,4,19,Y6046468,,,,0,30.0,0,0
75,9,0,4,20,Y6046469,,,,0,30.0,0,0
75,9,0,4,21,Y6046470,,,,0,30.0,0,0
75,9,0,4,22,Y6046471,,,,0,30.0,0,0
75,9,0,4,23,Y6046472,,,,0,30.0,0,0
75,9,0,4,24,Y6046473,,,,0,30.0,0,0
75,9,0,4,25,Y6046474,,,,0,30.0,0,0
75,9,0,4,26,Y6046475,,,,0,30.0,0,0
75,9,0,4,27,Y6046476,,,,0,30.0,0,0
75,9,0,4,28,Y6046477,,,,0,30.0,0,0
75,9,0,4,29,Y6046478,,,,0,30.0,0,0
75,9,0,4,30,Y6046479,,,,0,30.0,0,0
75,9,0,5,10,Y6046480,,,,0,30.0,0,0
75,9,0,5,11,Y6046481,,,,0,30.0,0,0
75,9,0,5,12,Y6046482,,,,0,30.0,0,0
75,9,0,5,13,Y6046483,,,,0,30.0,0,0
75,9,0,5,14,Y6046484,,,,0,30.0,0,0
75,9,0,5,15,Y6046485,,,,0,30.0,0,0
75,9,0,5,16,Y6046486,,,,0,30.0,0,0
75,9,0,5,17,Y6046487,,,,0,30.0,0,0
75,9,0,5,18,Y6046488,,,,3103,30.0,0,0
75,9,0,5,19,Y6046489,,,,0,30.0,0,0
75,9,0,5,20,Y6046490,,,,0,30.0,0,0
75,9,0,5,21,Y6046491,,,,0,30.0,0,0
75,9,0,5,22,Y6046492,,,,0,30.0,0,0
75,9,0,5,23,Y6046493,,,,0,30.0,0,0
75,9,0,5,24,Y6046494,,,,0,30.0,0,0
75,9,0,5,25,Y6046495,,,,0,30.0,0,0
75,9,0,5,26,Y6046496,,,,0,30.0,0,0
75,9,0,5,27,Y6046497,,,,0,30.0,0,0
75,9,0,5,28,Y6046498,,,,0,30.0,0,0
75,9,0,5,29,Y6046499,,,,0,30.0,0,0
75,9,0,5,30,Y6046500,,,,0,30.0,0,0
75,9,0,6,10,Y6046501,,,,0,30.0,0,0
75,9,0,6,11,Y6046502,,,,0,30.0,0,0
75,9,0,6,12,Y6046503,,,,0,30.0,0,0
75,9,0,6,13,Y6046504,,,,0,30.0,0,0
75,9,0,6,14,Y6046505,,,,0,30.0,0,0
75,9,0,6,15,Y6046506,,,,0,30.0,0,0
75,9,0,6,16,Y6046507,,,,0,30.0,0,0
75,9,0,6,17,Y6046508,,,,0,30.0,0,0
75,9,0,6,18,Y6046509,,,,3098,30.0,0,0
75,9,0,6,19,Y6046510,,,,0,30.0,0,0
75,9,0,6,20,Y6046511,,,,0,30.0,0,0
75,9,0,6,21,Y6046512,,,,0,30.0,0,0
75,9,0,6,22,Y6046513,,,,0,30.0,0,0
75,9,0,6,23,Y6046514,,,,0,30.0,0,0
75,9,0,6,24,Y6046515,,,,0,30.0,0,0
75,9,0,6,25,Y6046516,,,,0,30.0,0,0
75,9,0,6,26,Y6046517,,,,0,30.0,0,0
75,9,0,6,27,Y6046518,,,,0,30.0,0,0
75,9,0,6,28,Y6046519,,,,0,30.0,0,0
75,9,0,6,29,Y6046520,,,,0,30.0,0,0
75,9,0,6,30,Y6046521,,,,0,30.0,0,0
75,9,0,7,10,Y6046522,,,,0,30.0,0,0
75,9,0,7,11,Y6046523,,,,0,30.0,0,0
75,9,0,7,12,Y6046524,,,,0,30.0,0,0
75,9,0,7,13,Y6046525,,,,0,30.0,0,0
75,9,0,7,14,Y6046526,,,,0,30.0,0,0
75,9,0,7,15,Y6046527,,,,0,30.0,0,0
75,9,0,7,16,Y6046528,,,,0,30.0,0,0
75,9,0,7,17,Y6046529,,,,0,30.0,0,0
75,9,0,7,18,Y6046530,,,,3095,30.0,0,0
75,9,0,7,19,Y6046531,,,,0,30.0,0,0
75,9,0,7,20,Y6046532,,,,0,30.0,0,0
75,9,0,7,21,Y6046533,,,,0,30.0,0,0
75,9,0,7,22,Y6046534,,,,0,30.0,0,0
75,9,0,7,23,Y6046535,,,,0,30.0,0,0
75,9,0,7,24,Y6046536,,,,0,30.0,0,0
75,9,0,7,25,Y6046537,,,,0,30.0,0,0
75,9,0,7,26,Y6046538,,,,0,30.0,0,0
75,9,0,7,27,Y6046539,,,,0,30.0,0,0
75,9,0,7,28,Y6046540,,,,0,30.0,0,0
75,9,0,7,29,Y6046541,,,,0,30.0,0,0
75,9,0,7,30,Y6046542,,,,0,30.0,0,0
75,9,0,8,10,Y6046543,,,,0,30.0,0,0
75,9,0,8,11,Y6046544,,,,0,30.0,0,0
75,9,0,8,12,Y6046545,,,,0,30.0,0,0
75,9,0,8,13,Y6046546,,,,0,30.0,0,0
75,9,0,8,14,Y6046547,,,,0,30.0,0,0
75,9,0,8,15,Y6046548,,,,0,30.0,0,0
75,9,0,8,16,Y6046549,,,,0,30.0,0,0
75,9,0,8,17,Y6046550,,,,0,30.0,0,0
75,9,0,8,18,Y6046551,,,,3081,30.0,0,0
75,9,0,8,19,Y6046552,,,,0,30.0,0,0
75,9,0,8,20,Y6046553,,,,0,30.0,0,0
75,9,0,8,21,Y6046554,,,,0,30.0,0,0
75,9,0,8,22,Y6046555,,,,0,30.0,0,0
75,9,0,8,23,Y6046556,,,,0,30.0,0,0
75,9,0,8,24,Y6046557,,,,0,30.0,0,0
75,9,0,8,25,Y6046558,,,,0,30.0,0,0
75,9,0,8,26,Y6046559,,,,0,30.0,0,0
75,9,0,8,27,Y6046560,,,,0,30.0,0,0
75,9,0,8,28,Y6046561,,,,0,30.0,0,0
75,9,0,8,29,Y6046562,,,,0,30.0,0,0
75,9,0,8,30,Y6046563,,,,0,30.0,0,0
75,9,0,9,10,Y6046564,,,,0,30.0,0,0
75,9,0,9,11,Y6046565,,,,0,30.0,0,0
75,9,0,9,12,Y6046566,,,,0,30.0,0,0
75,9,0,9,13,Y6046567,,,,0,30.0,0,0
75,9,0,9,14,Y6046568,,,,0,30.0,0,0
75,9,0,9,15,Y6046569,,,,0,30.0,0,0
75,9,0,9,16,Y6046570,,,,0,30.0,0,0
75,9,0,9,17,Y6046571,,,,0,30.0,0,0
75,9,0,9,18,Y6046572,,,,3078,30.0,0,0
75,9,0,9,19,Y6046573,,,,0,30.0,0,0
75,9,0,9,20,Y6046574,,,,0,30.0,0,0
75,9,0,9,21,Y6046575,,,,0,30.0,0,0
75,9,0,9,22,Y6046576,,,,0,30.0,0,0
75,9,0,9,23,Y6046577,,,,0,30.0,0,0
75,9,0,9,24,Y6046578,,,,0,30.0,0,0
75,9,0,9,25,Y6046579,,,,0,30.0,0,0
75,9,0,9,26,Y6046580,,,,0,30.0,0,0
75,9,0,9,27,Y6046581,,,,0,30.0,0,0
75,9,0,9,28,Y6046582,,,,0,30.0,0,0
75,9,0,9,29,Y6046583,,,,0,30.0,0,0
75,9,0,9,30,Y6046584,,,,0,30.0,0,0
75,9,0,10,10,Y6046585,,,,0,30.0,0,0
75,9,0,10,11,Y6046586,,,,0,30.0,0,0
75,9,0,10,12,Y6046587,,,,0,30.0,0,0
75,9,0,10,13,Y6046588,,,,0,30.0,0,0
75,9,0,10,14,Y6046589,,,,0,30.0,0,0
75,9,0,10,15,Y6046590,,,,0,30.0,0,0
75,9,0,10,16,Y6046591,,,,0,30.0,0,0
75,9,0,10,17,Y6046592,,,,0,30.0,0,0
75,9,0,10,18,Y6046593,,,,3412,30.0,0,0
75,9,0,10,19,Y6046594,,,,0,30.0,0,0
75,9,0,10,20,Y6046595,,,,0,30.0,0,0
75,9,0,10,21,Y6046596,,,,0,30.0,0,0
75,9,0,10,22,Y6046597,,,,0,30.0,0,0
75,9,0,10,23,Y6046598,,,,0,30.0,0,0
75,9,0,10,24,Y6046599,,,,0,30.0,0,0
75,9,0,10,25,Y6046600,,,,0,30.0,0,0
75,9,0,10,26,Y6046601,,,,0,30.0,0,0
75,9,0,10,27,Y6046602,,,,0,30.0,0,0
75,9,0,10,28,Y6046603,,,,0,30.0,0,0
75,9,0,10,29,Y6046604,,,,0,30.0,0,0
75,9,0,10,30,Y6046605,,,,0,30.0,0,0
75,9,0,11,10,Y6046606,,,,0,30.0,0,0
75,9,0,11,11,Y6046607,,,,0,30.0,0,0
75,9,0,11,12,Y6046608,,,,0,30.0,0,0
75,9,0,11,13,Y6046609,,,,0,30.0,0,0
75,9,0,11,14,Y6046610,,,,0,30.0,0,0
75,9,0,11,15,Y6046611,,,,0,30.0,0,0
75,9,0,11,16,Y6046612,,,,0,30.0,0,0
75,9,0,11,17,Y6046613,,,,0,30.0,0,0
75,9,0,11,18,Y6046614,,,,4056,30.0,0,0
75,9,0,11,19,Y6046615,,,,3379,30.0,0,0
75,9,0,11,20,Y6046616,,,,3375,30.0,0,0
75,9,0,11,21,Y6046617,,,,0,30.0,0,0
75,9,0,11,22,Y6046618,,,,0,30.0,0,0
75,9,0,11,23,Y6046619,,,,0,30.0,0,0
75,9,0,11,24,Y6046620,,,,0,30.0,0,0
75,9,0,11,25,Y6046621,,,,0,30.0,0,0
75,9,0,11,26,Y6046622,,,,0,30.0,0,0
75,9,0,11,27,Y6046623,,,,0,30.0,0,0
75,9,0,11,28,Y6046624,,,,0,30.0,0,0
75,9,0,11,29,Y6046625,,,,0,30.0,0,0
75,9,0,11,30,Y6046626,,,,0,30.0,0,0
75,9,0,12,10,Y6046627,,,,3153,30.0,0,0
75,9,0,12,11,Y6046628,,,,3153,30.0,0,0
75,9,0,12,12,Y6046629,,,,3142,30.0,0,0
75,9,0,12,13,Y6046630,,,,3141,30.0,0,0
75,9,0,12,14,Y6046631,,,,3136,30.0,0,0
75,9,0,12,15,Y6046632,,,,3136,30.0,0,0
75,9,0,12,16,Y6046633,,,,3136,30.0,0,0
75,9,0,12,17,Y6046634,,,,3136,30.0,0,0
75,9,0,12,18,Y6046635,,,,4130,30.0,0,0
75,9,0,12,19,Y6046636,,,,3440,30.0,0,0
75,9,0,12,20,Y6046637,,,,3434,30.0,0,0
75,9,0,12,21,Y6046638,,,,0,30.0,0,0
75,9,0,12,22,Y6046639,,,,0,30.0,0,0
75,9,0,12,23,Y6046640,,,,0,30.0,0,0
75,9,0,12,24,Y6046641,,,,0,30.0,0,0
75,9,0,12,25,Y6046642,,,,0,30.0,0,0
75,9,0,12,26,Y6046643,,,,0,30.0,0,0
75,9,0,12,27,Y6046644,,,,0,30.0,0,0
75,9,0,12,28,Y6046645,,,,0,30.0,0,0
75,9,0,12,29,Y6046646,,,,0,30.0,0,0
75,9,0,12,30,Y6046647,,,,0,30.0,0,0
75,9,1,1,10,Y6046648,,,,0,30.0,0,0
75,9,1,1,11,Y6046649,,,,0,30.0,0,0
75,9,1,1,12,Y6046650,,,,0,30.0,0,0
75,9,1,1,13,Y6046651,,,,0,30.0,0,0
75,9,1,1,14,Y6046652,,,,0,30.0,0,0
75,9,1,1,15,Y6046653,,,,0,30.0,0,0
75,9,1,1,16,Y6046654,,,,0,30.0,0,0
75,9,1,1,17,Y6046655,,,,0,30.0,0,0
75,9,1,1,18,Y6046656,,,,3119,30.0,0,0
75,9,1,1,19,Y6046657,,,,0,30.0,0,0
75,9,1,1,20,Y6046658,,,,0,30.0,0,0
75,9,1,1,21,Y6046659,,,,0,30.0,0,0
75,9,1,1,22,Y6046660,,,,0,30.0,0,0
75,9,1,1,23,Y6046661,,,,0,30.0,0,0
75,9,1,1,24,Y6046662,,,,0,30.0,0,0
75,9,1,1,25,Y6046663,,,,0,30.0,0,0
75,9,1,1,26,Y6046664,,,,0,30.0,0,0
75,9,1,1,27,Y6046665,,,,0,30.0,0,0
75,9,1,1,28,Y6046666,,,,0,30.0,0,0
75,9,1,1,29,Y6046667,,,,0,30.0,0,0
75,9,1,1,30,Y6046668,,,,0,30.0,0,0
75,9,1,2,10,Y6046669,,,,0,30.0,0,0
75,9,1,2,11,Y6046670,,,,0,30.0,0,0
75,9,1,2,12,Y6046671,,,,0,30.0,0,0
75,9,1,2,13,Y6046672,,,,0,30.0,0,0
75,9,1,2,14,Y6046673,,,,0,30.0,0,0
75,9,1,2,15,Y6046674,,,,0,30.0,0,0
75,9,1,2,16,Y6046675,,,,0,30.0,0,0
75,9,1,2,17,Y6046676,,,,0,30.0,0,0
75,9,1,2,18,Y6046677,,,,3115,30.0,0,0
75,9,1,2,19,Y6046678,,,,0,30.0,0,0
75,9,1,2,20,Y6046679,,,,0,30.0,0,0
75,9,1,2,21,Y6046680,,,,0,30.0,0,0
75,9,1,2,22,Y6046681,,,,0,30.0,0,0
75,9,1,2,23,Y6046682,,,,0,30.0,0,0
75,9,1,2,24,Y6046683,,,,0,30.0,0,0
75,9,1,2,25,Y6046684,,,,0,30.0,0,0
75,9,1,2,26,Y6046685,,,,0,30.0,0,0
75,9,1,2,27,Y6046686,,,,0,30.0,0,0
75,9,1,2,28,Y6046687,,,,0,30.0,0,0
75,9,1,2,29,Y6046688,,,,0,30.0,0,0
75,9,1,2,30,Y6046689,,,,0,30.0,0,0
75,9,1,3,10,Y6046690,,,,0,30.0,0,0
75,9,1,3,11,Y6046691,,,,0,30.0,0,0
75,9,1,3,12,Y6046692,,,,0,30.0,0,0
75,9,1,3,13,Y6046693,,,,0,30.0,0,0
75,9,1,3,14,Y6046694,,,,0,30.0,0,0
75,9,1,3,15,Y6046695,,,,0,30.0,0,0
75,9,1,3,16,Y6046696,,,,0,30.0,0,0
75,9,1,3,17,Y6046697,,,,0,30.0,0,0
75,9,1,3,18,Y6046698,,,,3112,30.0,0,0
75,9,1,3,19,Y6046699,,,,0,30.0,0,0
75,9,1,3,20,Y6046700,,,,0,30.0,0,0
75,9,1,3,21,Y6046701,,,,0,30.0,0,0
75,9,1,3,22,Y6046702,,,,0,30.0,0,0
75,9,1,3,23,Y6046703,,,,0,30.0,0,0
75,9,1,3,24,Y6046704,,,,0,30.0,0,0
75,9,1,3,25,Y6046705,,,,0,30.0,0,0
75,9,1,3,26,Y6046706,,,,0,30.0,0,0
75,9,1,3,27,Y6046707,,,,0,30.0,0,0
75,9,1,3,28,Y6046708,,,,0,30.0,0,0
75,9,1,3,29,Y6046709,,,,0,30.0,0,0
75,9,1,3,30,Y6046710,,,,0,30.0,0,0
75,9,1,4,10,Y6046711,,,,0,30.0,0,0
75,9,1,4,11,Y6046712,,,,0,30.0,0,0
75,9,1,4,12,Y6046713,,,,0,30.0,0,0
75,9,1,4,13,Y6046714,,,,0,30.0,0,0
75,9,1,4,14,Y6046715,,,,0,30.0,0,0
75,9,1,4,15,Y6046716,,,,0,30.0,0,0
75,9,1,4,16,Y6046717,,,,0,30.0,0,0
75,9,1,4,17,Y6046718,,,,0,30.0,0,0
75,9,1,4,18,Y6046719,,,,3114,30.0,0,0
75,9,1,4,19,Y6046720,,,,0,30.0,0,0
75,9,1,4,20,Y6046721,,,,0,30.0,0,0
75,9,1,4,21,Y6046722,,,,0,30.0,0,0
75,9,1,4,22,Y6046723,,,,0,30.0,0,0
75,9,1,4,23,Y6046724,,,,0,30.0,0,0
75,9,1,4,24,Y6046725,,,,0,30.0,0,0
75,9,1,4,25,Y6046726,,,,0,30.0,0,0
75,9,1,4,26,Y6046727,,,,0,30.0,0,0
75,9,1,4,27,Y6046728,,,,0,30.0,0,0
75,9,1,4,28,Y6046729,,,,0,30.0,0,0
75,9,1,4,29,Y6046730,,,,0,30.0,0,0
75,9,1,4,30,Y6046731,,,,0,30.0,0,0
75,9,1,5,10,Y6046732,,,,0,30.0,0,0
75,9,1,5,11,Y6046733,,,,0,30.0,0,0
75,9,1,5,12,Y6046734,,,,0,30.0,0,0
75,9,1,5,13,Y6046735,,,,0,30.0,0,0
75,9,1,5,14,Y6046736,,,,0,30.0,0,0
75,9,1,5,15,Y6046737,,,,0,30.0,0,0
75,9,1,5,16,Y6046738,,,,0,30.0,0,0
75,9,1,5,17,Y6046739,,,,0,30.0,0,0
75,9,1,5,18,Y6046740,,,,3116,30.0,0,0
75,9,1,5,19,Y6046741,,,,0,30.0,0,0
75,9,1,5,20,Y6046742,,,,0,30.0,0,0
75,9,1,5,21,Y6046743,,,,0,30.0,0,0
75,9,1,5,22,Y6046744,,,,0,30.0,0,0
75,9,1,5,23,Y6046745,,,,0,30.0,0,0
75,9,1,5,24,Y6046746,,,,0,30.0,0,0
75,9,1,5,25,Y6046747,,,,0,30.0,0,0
75,9,1,5,26,Y6046748,,,,0,30.0,0,0
75,9,1,5,27,Y6046749,,,,0,30.0,0,0
75,9,1,5,28,Y6046750,,,,0,30.0,0,0
75,9,1,5,29,Y6046751,,,,0,30.0,0,0
75,9,1,5,30,Y6046752,,,,0,30.0,0,0
75,9,1,6,10,Y6046753,,,,0,30.0,0,0
75,9,1,6,11,Y6046754,,,,0,30.0,0,0
75,9,1,6,12,Y6046755,,,,0,30.0,0,0
75,9,1,6,13,Y6046756,,,,0,30.0,0,0
75,9,1,6,14,Y6046757,,,,0,30.0,0,0
75,9,1,6,15,Y6046758,,,,0,30.0,0,0
75,9,1,6,16,Y6046759,,,,0,30.0,0,0
75,9,1,6,17,Y6046760,,,,0,30.0,0,0
75,9,1,6,18,Y6046761,,,,3111,30.0,0,0
75,9,1,6,19,Y6046762,,,,0,30.0,0,0
75,9,1,6,20,Y6046763,,,,0,30.0,0,0
75,9,1,6,21,Y6046764,,,,0,30.0,0,0
75,9,1,6,22,Y6046765,,,,0,30.0,0,0
75,9,1,6,23,Y6046766,,,,0,30.0,0,0
75,9,1,6,24,Y6046767,,,,0,30.0,0,0
75,9,1,6,25,Y6046768,,,,0,30.0,0,0
75,9,1,6,26,Y6046769,,,,0,30.0,0,0
75,9,1,6,27,Y6046770,,,,0,30.0,0,0
75,9,1,6,28,Y6046771,,,,0,30.0,0,0
75,9,1,6,29,Y6046772,,,,0,30.0,0,0
75,9,1,6,30,Y6046773,,,,0,30.0,0,0
75,9,1,7,10,Y6046774,,,,0,30.0,0,0
75,9,1,7,11,Y6046775,,,,0,30.0,0,0
75,9,1,7,12,Y6046776,,,,0,30.0,0,0
75,9,1,7,13,Y6046777,,,,0,30.0,0,0
75,9,1,7,14,Y6046778,,,,0,30.0,0,0
75,9,1,7,15,Y6046779,,,,0,30.0,0,0
75,9,1,7,16,Y6046780,,,,0,30.0,0,0
75,9,1,7,17,Y6046781,,,,0,30.0,0,0
75,9,1,7,18,Y6046782,,,,3108,30.0,0,0
75,9,1,7,19,Y6046783,,,,0,30.0,0,0
75,9,1,7,20,Y6046784,,,,0,30.0,0,0
75,9,1,7,21,Y6046785,,,,0,30.0,0,0
75,9,1,7,22,Y6046786,,,,0,30.0,0,0
75,9,1,7,23,Y6046787,,,,0,30.0,0,0
75,9,1,7,24,Y6046788,,,,0,30.0,0,0
75,9,1,7,25,Y6046789,,,,0,30.0,0,0
75,9,1,7,26,Y6046790,,,,0,30.0,0,0
75,9,1,7,27,Y6046791,,,,0,30.0,0,0
75,9,1,7,28,Y6046792,,,,0,30.0,0,0
75,9,1,7,29,Y6046793,,,,0,30.0,0,0
75,9,1,7,30,Y6046794,,,,0,30.0,0,0
75,9,1,8,10,Y6046795,,,,0,30.0,0,0
75,9,1,8,11,Y6046796,,,,0,30.0,0,0
75,9,1,8,12,Y6046797,,,,0,30.0,0,0
75,9,1,8,13,Y6046798,,,,0,30.0,0,0
75,9,1,8,14,Y6046799,,,,0,30.0,0,0
75,9,1,8,15,Y6046800,,,,0,30.0,0,0
75,9,1,8,16,Y6046801,,,,0,30.0,0,0
75,9,1,8,17,Y6046802,,,,0,30.0,0,0
75,9,1,8,18,Y6046803,,,,3094,30.0,0,0
75,9,1,8,19,Y6046804,,,,0,30.0,0,0
75,9,1,8,20,Y6046805,,,,0,30.0,0,0
75,9,1,8,21,Y6046806,,,,0,30.0,0,0
75,9,1,8,22,Y6046807,,,,0,30.0,0,0
75,9,1,8,23,Y6046808,,,,0,30.0,0,0
75,9,1,8,24,Y6046809,,,,0,30.0,0,0
75,9,1,8,25,Y6046810,,,,0,30.0,0,0
75,9,1,8,26,Y6046811,,,,0,30.0,0,0
75,9,1,8,27,Y6046812,,,,0,30.0,0,0
75,9,1,8,28,Y6046813,,,,0,30.0,0,0
75,9,1,8,29,Y6046814,,,,0,30.0,0,0
75,9,1,8,30,Y6046815,,,,0,30.0,0,0
75,9,1,9,10,Y6046816,,,,0,30.0,0,0
75,9,1,9,11,Y6046817,,,,0,30.0,0,0
75,9,1,9,12,Y6046818,,,,0,30.0,0,0
75,9,1,9,13,Y6046819,,,,0,30.0,0,0
75,9,1,9,14,Y6046820,,,,0,30.0,0,0
75,9,1,9,15,Y6046821,,,,0,30.0,0,0
75,9,1,9,16,Y6046822,,,,0,30.0,0,0
75,9,1,9,17,Y6046823,,,,0,30.0,0,0
75,9,1,9,18,Y6046824,,,,3091,30.0,0,0
75,9,1,9,19,Y6046825,,,,0,30.0,0,0
75,9,1,9,20,Y6046826,,,,0,30.0,0,0
75,9,1,9,21,Y6046827,,,,0,30.0,0,0
75,9,1,9,22,Y6046828,,,,0,30.0,0,0
75,9,1,9,23,Y6046829,,,,0,30.0,0,0
75,9,1,9,24,Y6046830,,,,0,30.0,0,0
75,9,1,9,25,Y6046831,,,,0,30.0,0,0
75,9,1,9,26,Y6046832,,,,0,30.0,0,0
75,9,1,9,27,Y6046833,,,,0,30.0,0,0
75,9,1,9,28,Y6046834,,,,0,30.0,0,0
75,9,1,9,29,Y6046835,,,,0,30.0,0,0
75,9,1,9,30,Y6046836,,,,0,30.0,0,0
75,9,1,10,10,Y6046837,,,,0,30.0,0,0
75,9,1,10,11,Y6046838,,,,0,30.0,0,0
75,9,1,10,12,Y6046839,,,,0,30.0,0,0
75,9,1,10,13,Y6046840,,,,0,30.0,0,0
75,9,1,10,14,Y6046841,,,,0,30.0,0,0
75,9,1,10,15,Y6046842,,,,0,30.0,0,0
75,9,1,10,16,Y6046843,,,,0,30.0,0,0
75,9,1,10,17,Y6046844,,,,0,30.0,0,0
75,9,1,10,18,Y6046845,,,,3421,30.0,0,0
75,9,1,10,19,Y6046846,,,,0,30.0,0,0
75,9,1,10,20,Y6046847,,,,0,30.0,0,0
75,9,1,10,21,Y6046848,,,,0,30.0,0,0
75,9,1,10,22,Y6046849,,,,0,30.0,0,0
75,9,1,10,23,Y6046850,,,,0,30.0,0,0
75,9,1,10,24,Y6046851,,,,0,30.0,0,0
75,9,1,10,25,Y6046852,,,,0,30.0,0,0
75,9,1,10,26,Y6046853,,,,0,30.0,0,0
75,9,1,10,27,Y6046854,,,,0,30.0,0,0
75,9,1,10,28,Y6046855,,,,0,30.0,0,0
75,9,1,10,29,Y6046856,,,,0,30.0,0,0
75,9,1,10,30,Y6046857,,,,0,30.0,0,0
75,9,1,11,10,Y6046858,,,,0,30.0,0,0
75,9,1,11,11,Y6046859,,,,0,30.0,0,0
75,9,1,11,12,Y6046860,,,,0,30.0,0,0
75,9,1,11,13,Y6046861,,,,0,30.0,0,0
75,9,1,11,14,Y6046862,,,,0,30.0,0,0
75,9,1,11,15,Y6046863,,,,0,30.0,0,0
75,9,1,11,16,Y6046864,,,,0,30.0,0,0
75,9,1,11,17,Y6046865,,,,0,30.0,0,0
75,9,1,11,18,Y6046866,,,,4065,30.0,0,0
75,9,1,11,19,Y6046867,,,,3388,30.0,0,0
75,9,1,11,20,Y6046868,,,,3387,30.0,0,0
75,9,1,11,21,Y6046869,,,,0,30.0,0,0
75,9,1,11,22,Y6046870,,,,0,30.0,0,0
75,9,1,11,23,Y6046871,,,,0,30.0,0,0
75,9,1,11,24,Y6046872,,,,0,30.0,0,0
75,9,1,11,25,Y6046873,,,,0,30.0,0,0
75,9,1,11,26,Y6046874,,,,0,30.0,0,0
75,9,1,11,27,Y6046875,,,,0,30.0,0,0
75,9,1,11,28,Y6046876,,,,0,30.0,0,0
75,9,1,11,29,Y6046877,,,,0,30.0,0,0
75,9,1,11,30,Y6046878,,,,0,30.0,0,0
75,9,1,12,10,Y6046879,,,,3160,30.0,0,0
75,9,1,12,11,Y6046880,,,,3160,30.0,0,0
75,9,1,12,12,Y6046881,,,,3149,30.0,0,0
75,9,1,12,13,Y6046882,,,,3147,30.0,0,0
75,9,1,12,14,Y6046883,,,,3142,30.0,0,0
75,9,1,12,15,Y6046884,,,,3142,30.0,0,0
75,9,1,12,16,Y6046885,,,,3142,30.0,0,0
75,9,1,12,17,Y6046886,,,,3142,30.0,0,0
75,9,1,12,18,Y6046887,,,,4139,30.0,0,0
75,9,1,12,19,Y6046888,,,,3449,30.0,0,0
75,9,1,12,20,Y6046889,,,,3445,30.0,0,0
75,9,1,12,21,Y6046890,,,,0,30.0,0,0
75,9,1,12,22,Y6046891,,,,0,30.0,0,0
75,9,1,12,23,Y6046892,,,,0,30.0,0,0
75,9,1,12,24,Y6046893,,,,0,30.0,0,0
75,9,1,12,25,Y6046894,,,,0,30.0,0,0
75,9,1,12,26,Y6046895,,,,0,30.0,0,0
75,9,1,12,27,Y6046896,,,,0,30.0,0,0
75,9,1,12,28,Y6046897,,,,0,30.0,0,0
75,9,1,12,29,Y6046898,,,,0,30.0,0,0
75,9,1,12,30,Y6046899,,,,0,30.0,0,0
75,9,2,1,10,Y6046900,,,,0,30.0,0,0
75,9,2,1,11,Y6046901,,,,0,30.0,0,0
75,9,2,1,12,Y6046902,,,,0,30.0,0,0
75,9,2,1,13,Y6046903,,,,0,30.0,0,0
75,9,2,1,14,Y6046904,,,,0,30.0,0,0
75,9,2,1,15,Y6046905,,,,0,30.0,0,0
75,9,2,1,16,Y6046906,,,,0,30.0,0,0
75,9,2,1,17,Y6046907,,,,0,30.0,0,0
75,9,2,1,18,Y6046908,,,,0,30.0,0,0
75,9,2,1,19,Y6046909,,,,0,30.0,0,0
75,9,2,1,20,Y6046910,,,,0,30.0,0,0
75,9,2,1,21,Y6046911,,,,0,30.0,0,0
75,9,2,1,22,Y6046912,,,,0,30.0,0,0
75,9,2,1,23,Y6046913,,,,0,30.0,0,0
75,9,2,1,24,Y6046914,,,,0,30.0,0,0
75,9,2,1,25,Y6046915,,,,0,30.0,0,0
75,9,2,1,26,Y6046916,,,,0,30.0,0,0
75,9,2,1,27,Y6046917,,,,0,30.0,0,0
75,9,2,1,28,Y6046918,,,,0,30.0,0,0
75,9,2,1,29,Y6046919,,,,0,30.0,0,0
75,9,2,1,30,Y6046920,,,,0,30.0,0,0
75,9,2,2,10,Y6046921,,,,0,30.0,0,0
75,9,2,2,11,Y6046922,,,,0,30.0,0,0
75,9,2,2,12,Y6046923,,,,0,30.0,0,0
75,9,2,2,13,Y6046924,,,,0,30.0,0,0
75,9,2,2,14,Y6046925,,,,0,30.0,0,0
75,9,2,2,15,Y6046926,,,,0,30.0,0,0
75,9,2,2,16,Y6046927,,,,0,30.0,0,0
75,9,2,2,17,Y6046928,,,,0,30.0,0,0
75,9,2,2,18,Y6046929,,,,0,30.0,0,0
75,9,2,2,19,Y6046930,,,,0,30.0,0,0
75,9,2,2,20,Y6046931,,,,0,30.0,0,0
75,9,2,2,21,Y6046932,,,,0,30.0,0,0
75,9,2,2,22,Y6046933,,,,0,30.0,0,0
75,9,2,2,23,Y6046934,,,,0,30.0,0,0
75,9,2,2,24,Y6046935,,,,0,30.0,0,0
75,9,2,2,25,Y6046936,,,,0,30.0,0,0
75,9,2,2,26,Y6046937,,,,0,30.0,0,0
75,9,2,2,27,Y6046938,,,,0,30.0,0,0
75,9,2,2,28,Y6046939,,,,0,30.0,0,0
75,9,2,2,29,Y6046940,,,,0,30.0,0,0
75,9,2,2,30,Y6046941,,,,0,30.0,0,0
75,9,2,3,10,Y6046942,,,,0,30.0,0,0
75,9,2,3,11,Y6046943,,,,0,30.0,0,0
75,9,2,3,12,Y6046944,,,,0,30.0,0,0
75,9,2,3,13,Y6046945,,,,0,30.0,0,0
75,9,2,3,14,Y6046946,,,,0,30.0,0,0
75,9,2,3,15,Y6046947,,,,0,30.0,0,0
75,9,2,3,16,Y6046948,,,,0,30.0,0,0
75,9,2,3,17,Y6046949,,,,0,30.0,0,0
75,9,2,3,18,Y6046950,,,,0,30.0,0,0
75,9,2,3,19,Y6046951,,,,0,30.0,0,0
75,9,2,3,20,Y6046952,,,,0,30.0,0,0
75,9,2,3,21,Y6046953,,,,0,30.0,0,0
75,9,2,3,22,Y6046954,,,,0,30.0,0,0
75,9,2,3,23,Y6046955,,,,0,30.0,0,0
75,9,2,3,24,Y6046956,,,,0,30.0,0,0
75,9,2,3,25,Y6046957,,,,0,30.0,0,0
75,9,2,3,26,Y6046958,,,,0,30.0,0,0
75,9,2,3,27,Y6046959,,,,0,30.0,0,0
75,9,2,3,28,Y6046960,,,,0,30.0,0,0
75,9,2,3,29,Y6046961,,,,0,30.0,0,0
75,9,2,3,30,Y6046962,,,,0,30.0,0,0
75,9,2,4,10,Y6046963,,,,0,30.0,0,0
75,9,2,4,11,Y6046964,,,,0,30.0,0,0
75,9,2,4,12,Y6046965,,,,0,30.0,0,0
75,9,2,4,13,Y6046966,,,,0,30.0,0,0
75,9,2,4,14,Y6046967,,,,0,30.0,0,0
75,9,2,4,15,Y6046968,,,,0,30.0,0,0
75,9,2,4,16,Y6046969,,,,0,30.0,0,0
75,9,2,4,17,Y6046970,,,,0,30.0,0,0
75,9,2,4,18,Y6046971,,,,0,30.0,0,0
75,9,2,4,19,Y6046972,,,,0,30.0,0,0
75,9,2,4,20,Y6046973,,,,0,30.0,0,0
75,9,2,4,21,Y6046974,,,,0,30.0,0,0
75,9,2,4,22,Y6046975,,,,0,30.0,0,0
75,9,2,4,23,Y6046976,,,,0,30.0,0,0
75,9,2,4,24,Y6046977,,,,0,30.0,0,0
75,9,2,4,25,Y6046978,,,,0,30.0,0,0
75,9,2,4,26,Y6046979,,,,0,30.0,0,0
75,9,2,4,27,Y6046980,,,,0,30.0,0,0
75,9,2,4,28,Y6046981,,,,0,30.0,0,0
75,9,2,4,29,Y6046982,,,,0,30.0,0,0
75,9,2,4,30,Y6046983,,,,0,30.0,0,0
75,9,2,5,10,Y6046984,,,,0,30.0,0,0
75,9,2,5,11,Y6046985,,,,0,30.0,0,0
75,9,2,5,12,Y6046986,,,,0,30.0,0,0
75,9,2,5,13,Y6046987,,,,0,30.0,0,0
75,9,2,5,14,Y6046988,,,,0,30.0,0,0
75,9,2,5,15,Y6046989,,,,0,30.0,0,0
75,9,2,5,16,Y6046990,,,,0,30.0,0,0
75,9,2,5,17,Y6046991,,,,0,30.0,0,0
75,9,2,5,18,Y6046992,,,,0,30.0,0,0
75,9,2,5,19,Y6046993,,,,0,30.0,0,0
75,9,2,5,20,Y6046994,,,,0,30.0,0,0
75,9,2,5,21,Y6046995,,,,0,30.0,0,0
75,9,2,5,22,Y6046996,,,,0,30.0,0,0
75,9,2,5,23,Y6046997,,,,0,30.0,0,0
75,9,2,5,24,Y6046998,,,,0,30.0,0,0
75,9,2,5,25,Y6046999,,,,0,30.0,0,0
75,9,2,5,26,Y6047000,,,,0,30.0,0,0
75,9,2,5,27,Y6047001,,,,0,30.0,0,0
75,9,2,5,28,Y6047002,,,,0,30.0,0,0
75,9,2,5,29,Y6047003,,,,0,30.0,0,0
75,9,2,5,30,Y6047004,,,,0,30.0,0,0
75,9,2,6,10,Y6047005,,,,0,30.0,0,0
75,9,2,6,11,Y6047006,,,,0,30.0,0,0
75,9,2,6,12,Y6047007,,,,0,30.0,0,0
75,9,2,6,13,Y6047008,,,,0,30.0,0,0
75,9,2,6,14,Y6047009,,,,0,30.0,0,0
75,9,2,6,15,Y6047010,,,,0,30.0,0,0
75,9,2,6,16,Y6047011,,,,0,30.0,0,0
75,9,2,6,17,Y6047012,,,,0,30.0,0,0
75,9,2,6,18,Y6047013,,,,0,30.0,0,0
75,9,2,6,19,Y6047014,,,,0,30.0,0,0
75,9,2,6,20,Y6047015,,,,0,30.0,0,0
75,9,2,6,21,Y6047016,,,,0,30.0,0,0
75,9,2,6,22,Y6047017,,,,0,30.0,0,0
75,9,2,6,23,Y6047018,,,,0,30.0,0,0
75,9,2,6,24,Y6047019,,,,0,30.0,0,0
75,9,2,6,25,Y6047020,,,,0,30.0,0,0
75,9,2,6,26,Y6047021,,,,0,30.0,0,0
75,9,2,6,27,Y6047022,,,,0,30.0,0,0
75,9,2,6,28,Y6047023,,,,0,30.0,0,0
75,9,2,6,29,Y6047024,,,,0,30.0,0,0
75,9,2,6,30,Y6047025,,,,0,30.0,0,0
75,9,2,7,10,Y6047026,,,,0,30.0,0,0
75,9,2,7,11,Y6047027,,,,0,30.0,0,0
75,9,2,7,12,Y6047028,,,,0,30.0,0,0
75,9,2,7,13,Y6047029,,,,0,30.0,0,0
75,9,2,7,14,Y6047030,,,,0,30.0,0,0
75,9,2,7,15,Y6047031,,,,0,30.0,0,0
75,9,2,7,16,Y6047032,,,,0,30.0,0,0
75,9,2,7,17,Y6047033,,,,0,30.0,0,0
75,9,2,7,18,Y6047034,,,,0,30.0,0,0
75,9,2,7,19,Y6047035,,,,0,30.0,0,0
75,9,2,7,20,Y6047036,,,,0,30.0,0,0
75,9,2,7,21,Y6047037,,,,0,30.0,0,0
75,9,2,7,22,Y6047038,,,,0,30.0,0,0
75,9,2,7,23,Y6047039,,,,0,30.0,0,0
75,9,2,7,24,Y6047040,,,,0,30.0,0,0
75,9,2,7,25,Y6047041,,,,0,30.0,0,0
75,9,2,7,26,Y6047042,,,,0,30.0,0,0
75,9,2,7,27,Y6047043,,,,0,30.0,0,0
75,9,2,7,28,Y6047044,,,,0,30.0,0,0
75,9,2,7,29,Y6047045,,,,0,30.0,0,0
75,9,2,7,30,Y6047046,,,,0,30.0,0,0
75,9,2,8,10,Y6047047,,,,0,30.0,0,0
75,9,2,8,11,Y6047048,,,,0,30.0,0,0
75,9,2,8,12,Y6047049,,,,0,30.0,0,0
75,9,2,8,13,Y6047050,,,,0,30.0,0,0
75,9,2,8,14,Y6047051,,,,0,30.0,0,0
75,9,2,8,15,Y6047052,,,,0,30.0,0,0
75,9,2,8,16,Y6047053,,,,0,30.0,0,0
75,9,2,8,17,Y6047054,,,,0,30.0,0,0
75,9,2,8,18,Y6047055,,,,0,30.0,0,0
75,9,2,8,19,Y6047056,,,,0,30.0,0,0
75,9,2,8,20,Y6047057,,,,0,30.0,0,0
75,9,2,8,21,Y6047058,,,,0,30.0,0,0
75,9,2,8,22,Y6047059,,,,0,30.0,0,0
75,9,2,8,23,Y6047060,,,,0,30.0,0,0
75,9,2,8,24,Y6047061,,,,0,30.0,0,0
75,9,2,8,25,Y6047062,,,,0,30.0,0,0
75,9,2,8,26,Y6047063,,,,0,30.0,0,0
75,9,2,8,27,Y6047064,,,,0,30.0,0,0
75,9,2,8,28,Y6047065,,,,0,30.0,0,0
75,9,2,8,29,Y6047066,,,,0,30.0,0,0
75,9,2,8,30,Y6047067,,,,0,30.0,0,0
75,9,2,9,10,Y6047068,,,,0,30.0,0,0
75,9,2,9,11,Y6047069,,,,0,30.0,0,0
75,9,2,9,12,Y6047070,,,,0,30.0,0,0
75,9,2,9,13,Y6047071,,,,0,30.0,0,0
75,9,2,9,14,Y6047072,,,,0,30.0,0,0
75,9,2,9,15,Y6047073,,,,0,30.0,0,0
75,9,2,9,16,Y6047074,,,,0,30.0,0,0
75,9,2,9,17,Y6047075,,,,0,30.0,0,0
75,9,2,9,18,Y6047076,,,,0,30.0,0,0
75,9,2,9,19,Y6047077,,,,0,30.0,0,0
75,9,2,9,20,Y6047078,,,,0,30.0,0,0
75,9,2,9,21,Y6047079,,,,0,30.0,0,0
75,9,2,9,22,Y6047080,,,,0,30.0,0,0
75,9,2,9,23,Y6047081,,,,0,30.0,0,0
75,9,2,9,24,Y6047082,,,,0,30.0,0,0
75,9,2,9,25,Y6047083,,,,0,30.0,0,0
75,9,2,9,26,Y6047084,,,,0,30.0,0,0
75,9,2,9,27,Y6047085,,,,0,30.0,0,0
75,9,2,9,28,Y6047086,,,,0,30.0,0,0
75,9,2,9,29,Y6047087,,,,0,30.0,0,0
75,9,2,9,30,Y6047088,,,,0,30.0,0,0
75,9,2,10,10,Y6047089,,,,0,30.0,0,0
75,9,2,10,11,Y6047090,,,,0,30.0,0,0
75,9,2,10,12,Y6047091,,,,0,30.0,0,0
75,9,2,10,13,Y6047092,,,,0,30.0,0,0
75,9,2,10,14,Y6047093,,,,0,30.0,0,0
75,9,2,10,15,Y6047094,,,,0,30.0,0,0
75,9,2,10,16,Y6047095,,,,0,30.0,0,0
75,9,2,10,17,Y6047096,,,,0,30.0,0,0
75,9,2,10,18,Y6047097,,,,3067,30.0,0,0
75,9,2,10,19,Y6047098,,,,0,30.0,0,0
75,9,2,10,20,Y6047099,,,,0,30.0,0,0
75,9,2,10,21,Y6047100,,,,0,30.0,0,0
75,9,2,10,22,Y6047101,,,,0,30.0,0,0
75,9,2,10,23,Y6047102,,,,0,30.0,0,0
75,9,2,10,24,Y6047103,,,,0,30.0,0,0
75,9,2,10,25,Y6047104,,,,0,30.0,0,0
75,9,2,10,26,Y6047105,,,,0,30.0,0,0
75,9,2,10,27,Y6047106,,,,0,30.0,0,0
75,9,2,10,28,Y6047107,,,,0,30.0,0,0
75,9,2,10,29,Y6047108,,,,0,30.0,0,0
75,9,2,10,30,Y6047109,,,,0,30.0,0,0
75,9,2,11,10,Y6047110,,,,0,30.0,0,0
75,9,2,11,11,Y6047111,,,,0,30.0,0,0
75,9,2,11,12,Y6047112,,,,0,30.0,0,0
75,9,2,11,13,Y6047113,,,,0,30.0,0,0
75,9,2,11,14,Y6047114,,,,0,30.0,0,0
75,9,2,11,15,Y6047115,,,,0,30.0,0,0
75,9,2,11,16,Y6047116,,,,0,30.0,0,0
75,9,2,11,17,Y6047117,,,,0,30.0,0,0
75,9,2,11,18,Y6047118,,,,3710,30.0,0,0
75,9,2,11,19,Y6047119,,,,3032,30.0,0,0
75,9,2,11,20,Y6047120,,,,3039,30.0,0,0
75,9,2,11,21,Y6047121,,,,0,30.0,0,0
75,9,2,11,22,Y6047122,,,,0,30.0,0,0
75,9,2,11,23,Y6047123,,,,0,30.0,0,0
75,9,2,11,24,Y6047124,,,,0,30.0,0,0
75,9,2,11,25,Y6047125,,,,0,30.0,0,0
75,9,2,11,26,Y6047126,,,,0,30.0,0,0
75,9,2,11,27,Y6047127,,,,0,30.0,0,0
75,9,2,11,28,Y6047128,,,,0,30.0,0,0
75,9,2,11,29,Y6047129,,,,0,30.0,0,0
75,9,2,11,30,Y6047130,,,,0,30.0,0,0
75,9,2,12,10,Y6047131,,,,0,30.0,0,0
75,9,2,12,11,Y6047132,,,,0,30.0,0,0
75,9,2,12,12,Y6047133,,,,0,30.0,0,0
75,9,2,12,13,Y6047134,,,,0,30.0,0,0
75,9,2,12,14,Y6047135,,,,0,30.0,0,0
75,9,2,12,15,Y6047136,,,,0,30.0,0,0
75,9,2,12,16,Y6047137,,,,0,30.0,0,0
75,9,2,12,17,Y6047138,,,,0,30.0,0,0
75,9,2,12,18,Y6047139,,,,3898,30.0,0,0
75,9,2,12,19,Y6047140,,,,3222,30.0,0,0
75,9,2,12,20,Y6047141,,,,3215,30.0,0,0
75,9,2,12,21,Y6047142,,,,0,30.0,0,0
75,9,2,12,22,Y6047143,,,,0,30.0,0,0
75,9,2,12,23,Y6047144,,,,0,30.0,0,0
75,9,2,12,24,Y6047145,,,,0,30.0,0,0
75,9,2,12,25,Y6047146,,,,0,30.0,0,0
75,9,2,12,26,Y6047147,,,,0,30.0,0,0
75,9,2,12,27,Y6047148,,,,0,30.0,0,0
75,9,2,12,28,Y6047149,,,,0,30.0,0,0
75,9,2,12,29,Y6047150,,,,0,30.0,0,0
75,9,2,12,30,Y6047151,,,,0,30.0,0,0
75,9,3,1,10,Y6047152,,,,0,30.0,0,0
75,9,3,1,11,Y6047153,,,,0,30.0,0,0
75,9,3,1,12,Y6047154,,,,0,30.0,0,0
75,9,3,1,13,Y6047155,,,,0,30.0,0,0
75,9,3,1,14,Y6047156,,,,0,30.0,0,0
75,9,3,1,15,Y6047157,,,,0,30.0,0,0
75,9,3,1,16,Y6047158,,,,0,30.0,0,0
75,9,3,1,17,Y6047159,,,,0,30.0,0,0
75,9,3,1,18,Y6047160,,,,0,30.0,0,0
75,9,3,1,19,Y6047161,,,,0,30.0,0,0
75,9,3,1,20,Y6047162,,,,0,30.0,0,0
75,9,3,1,21,Y6047163,,,,0,30.0,0,0
75,9,3,1,22,Y6047164,,,,0,30.0,0,0
75,9,3,1,23,Y6047165,,,,0,30.0,0,0
75,9,3,1,24,Y6047166,,,,0,30.0,0,0
75,9,3,1,25,Y6047167,,,,0,30.0,0,0
75,9,3,1,26,Y6047168,,,,0,30.0,0,0
75,9,3,1,27,Y6047169,,,,0,30.0,0,0
75,9,3,1,28,Y6047170,,,,0,30.0,0,0
75,9,3,1,29,Y6047171,,,,0,30.0,0,0
75,9,3,1,30,Y6047172,,,,0,30.0,0,0
75,9,3,2,10,Y6047173,,,,0,30.0,0,0
75,9,3,2,11,Y6047174,,,,0,30.0,0,0
75,9,3,2,12,Y6047175,,,,0,30.0,0,0
75,9,3,2,13,Y6047176,,,,0,30.0,0,0
75,9,3,2,14,Y6047177,,,,0,30.0,0,0
75,9,3,2,15,Y6047178,,,,0,30.0,0,0
75,9,3,2,16,Y6047179,,,,0,30.0,0,0
75,9,3,2,17,Y6047180,,,,0,30.0,0,0
75,9,3,2,18,Y6047181,,,,0,30.0,0,0
75,9,3,2,19,Y6047182,,,,0,30.0,0,0
75,9,3,2,20,Y6047183,,,,0,30.0,0,0
75,9,3,2,21,Y6047184,,,,0,30.0,0,0
75,9,3,2,22,Y6047185,,,,0,30.0,0,0
75,9,3,2,23,Y6047186,,,,0,30.0,0,0
75,9,3,2,24,Y6047187,,,,0,30.0,0,0
75,9,3,2,25,Y6047188,,,,0,30.0,0,0
75,9,3,2,26,Y6047189,,,,0,30.0,0,0
75,9,3,2,27,Y6047190,,,,0,30.0,0,0
75,9,3,2,28,Y6047191,,,,0,30.0,0,0
75,9,3,2,29,Y6047192,,,,0,30.0,0,0
75,9,3,2,30,Y6047193,,,,0,30.0,0,0
75,9,3,3,10,Y6047194,,,,0,30.0,0,0
75,9,3,3,11,Y6047195,,,,0,30.0,0,0
75,9,3,3,12,Y6047196,,,,0,30.0,0,0
75,9,3,3,13,Y6047197,,,,0,30.0,0,0
75,9,3,3,14,Y6047198,,,,0,30.0,0,0
75,9,3,3,15,Y6047199,,,,0,30.0,0,0
75,9,3,3,16,Y6047200,,,,0,30.0,0,0
75,9,3,3,17,Y6047201,,,,0,30.0,0,0
75,9,3,3,18,Y6047202,,,,0,30.0,0,0
75,9,3,3,19,Y6047203,,,,0,30.0,0,0
75,9,3,3,20,Y6047204,,,,0,30.0,0,0
75,9,3,3,21,Y6047205,,,,0,30.0,0,0
75,9,3,3,22,Y6047206,,,,0,30.0,0,0
75,9,3,3,23,Y6047207,,,,0,30.0,0,0
75,9,3,3,24,Y6047208,,,,0,30.0,0,0
75,9,3,3,25,Y6047209,,,,0,30.0,0,0
75,9,3,3,26,Y6047210,,,,0,30.0,0,0
75,9,3,3,27,Y6047211,,,,0,30.0,0,0
75,9,3,3,28,Y6047212,,,,0,30.0,0,0
75,9,3,3,29,Y6047213,,,,0,30.0,0,0
75,9,3,3,30,Y6047214,,,,0,30.0,0,0
75,9,3,4,10,Y6047215,,,,0,30.0,0,0
75,9,3,4,11,Y6047216,,,,0,30.0,0,0
75,9,3,4,12,Y6047217,,,,0,30.0,0,0
75,9,3,4,13,Y6047218,,,,0,30.0,0,0
75,9,3,4,14,Y6047219,,,,0,30.0,0,0
75,9,3,4,15,Y6047220,,,,0,30.0,0,0
75,9,3,4,16,Y6047221,,,,0,30.0,0,0
75,9,3,4,17,Y6047222,,,,0,30.0,0,0
75,9,3,4,18,Y6047223,,,,0,30.0,0,0
75,9,3,4,19,Y6047224,,,,0,30.0,0,0
75,9,3,4,20,Y6047225,,,,0,30.0,0,0
75,9,3,4,21,Y6047226,,,,0,30.0,0,0
75,9,3,4,22,Y6047227,,,,0,30.0,0,0
75,9,3,4,23,Y6047228,,,,0,30.0,0,0
75,9,3,4,24,Y6047229,,,,0,30.0,0,0
75,9,3,4,25,Y6047230,,,,0,30.0,0,0
75,9,3,4,26,Y6047231,,,,0,30.0,0,0
75,9,3,4,27,Y6047232,,,,0,30.0,0,0
75,9,3,4,28,Y6047233,,,,0,30.0,0,0
75,9,3,4,29,Y6047234,,,,0,30.0,0,0
75,9,3,4,30,Y6047235,,,,0,30.0,0,0
75,9,3,5,10,Y6047236,,,,0,30.0,0,0
75,9,3,5,11,Y6047237,,,,0,30.0,0,0
75,9,3,5,12,Y6047238,,,,0,30.0,0,0
75,9,3,5,13,Y6047239,,,,0,30.0,0,0
75,9,3,5,14,Y6047240,,,,0,30.0,0,0
75,9,3,5,15,Y6047241,,,,0,30.0,0,0
75,9,3,5,16,Y6047242,,,,0,30.0,0,0
75,9,3,5,17,Y6047243,,,,0,30.0,0,0
75,9,3,5,18,Y6047244,,,,0,30.0,0,0
75,9,3,5,19,Y6047245,,,,0,30.0,0,0
75,9,3,5,20,Y6047246,,,,0,30.0,0,0
75,9,3,5,21,Y6047247,,,,0,30.0,0,0
75,9,3,5,22,Y6047248,,,,0,30.0,0,0
75,9,3,5,23,Y6047249,,,,0,30.0,0,0
75,9,3,5,24,Y6047250,,,,0,30.0,0,0
75,9,3,5,25,Y6047251,,,,0,30.0,0,0
75,9,3,5,26,Y6047252,,,,0,30.0,0,0
75,9,3,5,27,Y6047253,,,,0,30.0,0,0
75,9,3,5,28,Y6047254,,,,0,30.0,0,0
75,9,3,5,29,Y6047255,,,,0,30.0,0,0
75,9,3,5,30,Y6047256,,,,0,30.0,0,0
75,9,3,6,10,Y6047257,,,,0,30.0,0,0
75,9,3,6,11,Y6047258,,,,0,30.0,0,0
75,9,3,6,12,Y6047259,,,,0,30.0,0,0
75,9,3,6,13,Y6047260,,,,0,30.0,0,0
75,9,3,6,14,Y6047261,,,,0,30.0,0,0
75,9,3,6,15,Y6047262,,,,0,30.0,0,0
75,9,3,6,16,Y6047263,,,,0,30.0,0,0
75,9,3,6,17,Y6047264,,,,0,30.0,0,0
75,9,3,6,18,Y6047265,,,,0,30.0,0,0
75,9,3,6,19,Y6047266,,,,0,30.0,0,0
75,9,3,6,20,Y6047267,,,,0,30.0,0,0
75,9,3,6,21,Y6047268,,,,0,30.0,0,0
75,9,3,6,22,Y6047269,,,,0,30.0,0,0
75,9,3,6,23,Y6047270,,,,0,30.0,0,0
75,9,3,6,24,Y6047271,,,,0,30.0,0,0
75,9,3,6,25,Y6047272,,,,0,30.0,0,0
75,9,3,6,26,Y6047273,,,,0,30.0,0,0
75,9,3,6,27,Y6047274,,,,0,30.0,0,0
75,9,3,6,28,Y6047275,,,,0,30.0,0,0
75,9,3,6,29,Y6047276,,,,0,30.0,0,0
75,9,3,6,30,Y6047277,,,,0,30.0,0,0
75,9,3,7,10,Y6047278,,,,0,30.0,0,0
75,9,3,7,11,Y6047279,,,,0,30.0,0,0
75,9,3,7,12,Y6047280,,,,0,30.0,0,0
75,9,3,7,13,Y6047281,,,,0,30.0,0,0
75,9,3,7,14,Y6047282,,,,0,30.0,0,0
75,9,3,7,15,Y6047283,,,,0,30.0,0,0
75,9,3,7,16,Y6047284,,,,0,30.0,0,0
75,9,3,7,17,Y6047285,,,,0,30.0,0,0
75,9,3,7,18,Y6047286,,,,0,30.0,0,0
75,9,3,7,19,Y6047287,,,,0,30.0,0,0
75,9,3,7,20,Y6047288,,,,0,30.0,0,0
75,9,3,7,21,Y6047289,,,,0,30.0,0,0
75,9,3,7,22,Y6047290,,,,0,30.0,0,0
75,9,3,7,23,Y6047291,,,,0,30.0,0,0
75,9,3,7,24,Y6047292,,,,0,30.0,0,0
75,9,3,7,25,Y6047293,,,,0,30.0,0,0
75,9,3,7,26,Y6047294,,,,0,30.0,0,0
75,9,3,7,27,Y6047295,,,,0,30.0,0,0
75,9,3,7,28,Y6047296,,,,0,30.0,0,0
75,9,3,7,29,Y6047297,,,,0,30.0,0,0
75,9,3,7,30,Y6047298,,,,0,30.0,0,0
75,9,3,8,10,Y6047299,,,,0,30.0,0,0
75,9,3,8,11,Y6047300,,,,0,30.0,0,0
75,9,3,8,12,Y6047301,,,,0,30.0,0,0
75,9,3,8,13,Y6047302,,,,0,30.0,0,0
75,9,3,8,14,Y6047303,,,,0,30.0,0,0
75,9,3,8,15,Y6047304,,,,0,30.0,0,0
75,9,3,8,16,Y6047305,,,,0,30.0,0,0
75,9,3,8,17,Y6047306,,,,0,30.0,0,0
75,9,3,8,18,Y6047307,,,,0,30.0,0,0
75,9,3,8,19,Y6047308,,,,0,30.0,0,0
75,9,3,8,20,Y6047309,,,,0,30.0,0,0
75,9,3,8,21,Y6047310,,,,0,30.0,0,0
75,9,3,8,22,Y6047311,,,,0,30.0,0,0
75,9,3,8,23,Y6047312,,,,0,30.0,0,0
75,9,3,8,24,Y6047313,,,,0,30.0,0,0
75,9,3,8,25,Y6047314,,,,0,30.0,0,0
75,9,3,8,26,Y6047315,,,,0,30.0,0,0
75,9,3,8,27,Y6047316,,,,0,30.0,0,0
75,9,3,8,28,Y6047317,,,,0,30.0,0,0
75,9,3,8,29,Y6047318,,,,0,30.0,0,0
75,9,3,8,30,Y6047319,,,,0,30.0,0,0
75,9,3,9,10,Y6047320,,,,0,30.0,0,0
75,9,3,9,11,Y6047321,,,,0,30.0,0,0
75,9,3,9,12,Y6047322,,,,0,30.0,0,0
75,9,3,9,13,Y6047323,,,,0,30.0,0,0
75,9,3,9,14,Y6047324,,,,0,30.0,0,0
75,9,3,9,15,Y6047325,,,,0,30.0,0,0
75,9,3,9,16,Y6047326,,,,0,30.0,0,0
75,9,3,9,17,Y6047327,,,,0,30.0,0,0
75,9,3,9,18,Y6047328,,,,0,30.0,0,0
75,9,3,9,19,Y6047329,,,,0,30.0,0,0
75,9,3,9,20,Y6047330,,,,0,30.0,0,0
75,9,3,9,21,Y6047331,,,,0,30.0,0,0
75,9,3,9,22,Y6047332,,,,0,30.0,0,0
75,9,3,9,23,Y6047333,,,,0,30.0,0,0
75,9,3,9,24,Y6047334,,,,0,30.0,0,0
75,9,3,9,25,Y6047335,,,,0,30.0,0,0
75,9,3,9,26,Y6047336,,,,0,30.0,0,0
75,9,3,9,27,Y6047337,,,,0,30.0,0,0
75,9,3,9,28,Y6047338,,,,0,30.0,0,0
75,9,3,9,29,Y6047339,,,,0,30.0,0,0
75,9,3,9,30,Y6047340,,,,0,30.0,0,0
75,9,3,10,10,Y6047341,,,,0,30.0,0,0
75,9,3,10,11,Y6047342,,,,0,30.0,0,0
75,9,3,10,12,Y6047343,,,,0,30.0,0,0
75,9,3,10,13,Y6047344,,,,0,30.0,0,0
75,9,3,10,14,Y6047345,,,,0,30.0,0,0
75,9,3,10,15,Y6047346,,,,0,30.0,0,0
75,9,3,10,16,Y6047347,,,,0,30.0,0,0
75,9,3,10,17,Y6047348,,,,0,30.0,0,0
75,9,3,10,18,Y6047349,,,,3067,30.0,0,0
75,9,3,10,19,Y6047350,,,,0,30.0,0,0
75,9,3,10,20,Y6047351,,,,0,30.0,0,0
75,9,3,10,21,Y6047352,,,,0,30.0,0,0
75,9,3,10,22,Y6047353,,,,0,30.0,0,0
75,9,3,10,23,Y6047354,,,,0,30.0,0,0
75,9,3,10,24,Y6047355,,,,0,30.0,0,0
75,9,3,10,25,Y6047356,,,,0,30.0,0,0
75,9,3,10,26,Y6047357,,,,0,30.0,0,0
75,9,3,10,27,Y6047358,,,,0,30.0,0,0
75,9,3,10,28,Y6047359,,,,0,30.0,0,0
75,9,3,10,29,Y6047360,,,,0,30.0,0,0
75,9,3,10,30,Y6047361,,,,0,30.0,0,0
75,9,3,11,10,Y6047362,,,,0,30.0,0,0
75,9,3,11,11,Y6047363,,,,0,30.0,0,0
75,9,3,11,12,Y6047364,,,,0,30.0,0,0
75,9,3,11,13,Y6047365,,,,0,30.0,0,0
75,9,3,11,14,Y6047366,,,,0,30.0,0,0
75,9,3,11,15,Y6047367,,,,0,30.0,0,0
75,9,3,11,16,Y6047368,,,,0,30.0,0,0
75,9,3,11,17,Y6047369,,,,0,30.0,0,0
75,9,3,11,18,Y6047370,,,,3711,30.0,0,0
75,9,3,11,19,Y6047371,,,,3033,30.0,0,0
75,9,3,11,20,Y6047372,,,,3040,30.0,0,0
75,9,3,11,21,Y6047373,,,,0,30.0,0,0
75,9,3,11,22,Y6047374,,,,0,30.0,0,0
75,9,3,11,23,Y6047375,,,,0,30.0,0,0
75,9,3,11,24,Y6047376,,,,0,30.0,0,0
75,9,3,11,25,Y6047377,,,,0,30.0,0,0
75,9,3,11,26,Y6047378,,,,0,30.0,0,0
75,9,3,11,27,Y6047379,,,,0,30.0,0,0
75,9,3,11,28,Y6047380,,,,0,30.0,0,0
75,9,3,11,29,Y6047381,,,,0,30.0,0,0
75,9,3,11,30,Y6047382,,,,0,30.0,0,0
75,9,3,12,10,Y6047383,,,,0,30.0,0,0
75,9,3,12,11,Y6047384,,,,0,30.0,0,0
75,9,3,12,12,Y6047385,,,,0,30.0,0,0
75,9,3,12,13,Y6047386,,,,0,30.0,0,0
75,9,3,12,14,Y6047387,,,,0,30.0,0,0
75,9,3,12,15,Y6047388,,,,0,30.0,0,0
75,9,3,12,16,Y6047389,,,,0,30.0,0,0
75,9,3,12,17,Y6047390,,,,0,30.0,0,0
75,9,3,12,18,Y6047391,,,,3898,30.0,0,0
75,9,3,12,19,Y6047392,,,,3223,30.0,0,0
75,9,3,12,20,Y6047393,,,,3215,30.0,0,0
75,9,3,12,21,Y6047394,,,,0,30.0,0,0
75,9,3,12,22,Y6047395,,,,0,30.0,0,0
75,9,3,12,23,Y6047396,,,,0,30.0,0,0
75,9,3,12,24,Y6047397,,,,0,30.0,0,0
75,9,3,12,25,Y6047398,,,,0,30.0,0,0
75,9,3,12,26,Y6047399,,,,0,30.0,0,0
75,9,3,12,27,Y6047400,,,,0,30.0,0,0
75,9,3,12,28,Y6047401,,,,0,30.0,0,0
75,9,3,12,29,Y6047402,,,,0,30.0,0,0
75,9,3,12,30,Y6047403,,,,0,30.0,0,0
75,9,4,1,10,Y6047404,,,,0,30.0,0,0
75,9,4,1,11,Y6047405,,,,0,30.0,0,0
75,9,4,1,12,Y6047406,,,,0,30.0,0,0
75,9,4,1,13,Y6047407,,,,0,30.0,0,0
75,9,4,1,14,Y6047408,,,,0,30.0,0,0
75,9,4,1,15,Y6047409,,,,0,30.0,0,0
75,9,4,1,16,Y6047410,,,,0,30.0,0,0
75,9,4,1,17,Y6047411,,,,0,30.0,0,0
75,9,4,1,18,Y6047412,,,,0,30.0,0,0
75,9,4,1,19,Y6047413,,,,0,30.0,0,0
75,9,4,1,20,Y6047414,,,,0,30.0,0,0
75,9,4,1,21,Y6047415,,,,0,30.0,0,0
75,9,4,1,22,Y6047416,,,,0,30.0,0,0
75,9,4,1,23,Y6047417,,,,0,30.0,0,0
75,9,4,1,24,Y6047418,,,,0,30.0,0,0
75,9,4,1,25,Y6047419,,,,0,30.0,0,0
75,9,4,1,26,Y6047420,,,,0,30.0,0,0
75,9,4,1,27,Y6047421,,,,0,30.0,0,0
75,9,4,1,28,Y6047422,,,,0,30.0,0,0
75,9,4,1,29,Y6047423,,,,0,30.0,0,0
75,9,4,1,30,Y6047424,,,,0,30.0,0,0
75,9,4,2,10,Y6047425,,,,0,30.0,0,0
75,9,4,2,11,Y6047426,,,,0,30.0,0,0
75,9,4,2,12,Y6047427,,,,0,30.0,0,0
75,9,4,2,13,Y6047428,,,,0,30.0,0,0
75,9,4,2,14,Y6047429,,,,0,30.0,0,0
75,9,4,2,15,Y6047430,,,,0,30.0,0,0
75,9,4,2,16,Y6047431,,,,0,30.0,0,0
75,9,4,2,17,Y6047432,,,,0,30.0,0,0
75,9,4,2,18,Y6047433,,,,0,30.0,0,0
75,9,4,2,19,Y6047434,,,,0,30.0,0,0
75,9,4,2,20,Y6047435,,,,0,30.0,0,0
75,9,4,2,21,Y6047436,,,,0,30.0,0,0
75,9,4,2,22,Y6047437,,,,0,30.0,0,0
75,9,4,2,23,Y6047438,,,,0,30.0,0,0
75,9,4,2,24,Y6047439,,,,0,30.0,0,0
75,9,4,2,25,Y6047440,,,,0,30.0,0,0
75,9,4,2,26,Y6047441,,,,0,30.0,0,0
75,9,4,2,27,Y6047442,,,,0,30.0,0,0
75,9,4,2,28,Y6047443,,,,0,30.0,0,0
75,9,4,2,29,Y6047444,,,,0,30.0,0,0
75,9,4,2,30,Y6047445,,,,0,30.0,0,0
75,9,4,3,10,Y6047446,,,,0,30.0,0,0
75,9,4,3,11,Y6047447,,,,0,30.0,0,0
75,9,4,3,12,Y6047448,,,,0,30.0,0,0
75,9,4,3,13,Y6047449,,,,0,30.0,0,0
75,9,4,3,14,Y6047450,,,,0,30.0,0,0
75,9,4,3,15,Y6047451,,,,0,30.0,0,0
75,9,4,3,16,Y6047452,,,,0,30.0,0,0
75,9,4,3,17,Y6047453,,,,0,30.0,0,0
75,9,4,3,18,Y6047454,,,,0,30.0,0,0
75,9,4,3,19,Y6047455,,,,0,30.0,0,0
75,9,4,3,20,Y6047456,,,,0,30.0,0,0
75,9,4,3,21,Y6047457,,,,0,30.0,0,0
75,9,4,3,22,Y6047458,,,,0,30.0,0,0
75,9,4,3,23,Y6047459,,,,0,30.0,0,0
75,9,4,3,24,Y6047460,,,,0,30.0,0,0
75,9,4,3,25,Y6047461,,,,0,30.0,0,0
75,9,4,3,26,Y6047462,,,,0,30.0,0,0
75,9,4,3,27,Y6047463,,,,0,30.0,0,0
75,9,4,3,28,Y6047464,,,,0,30.0,0,0
75,9,4,3,29,Y6047465,,,,0,30.0,0,0
75,9,4,3,30,Y6047466,,,,0,30.0,0,0
75,9,4,4,10,Y6047467,,,,0,30.0,0,0
75,9,4,4,11,Y6047468,,,,0,30.0,0,0
75,9,4,4,12,Y6047469,,,,0,30.0,0,0
75,9,4,4,13,Y6047470,,,,0,30.0,0,0
75,9,4,4,14,Y6047471,,,,0,30.0,0,0
75,9,4,4,15,Y6047472,,,,0,30.0,0,0
75,9,4,4,16,Y6047473,,,,0,30.0,0,0
75,9,4,4,17,Y6047474,,,,0,30.0,0,0
75,9,4,4,18,Y6047475,,,,0,30.0,0,0
75,9,4,4,19,Y6047476,,,,0,30.0,0,0
75,9,4,4,20,Y6047477,,,,0,30.0,0,0
75,9,4,4,21,Y6047478,,,,0,30.0,0,0
75,9,4,4,22,Y6047479,,,,0,30.0,0,0
75,9,4,4,23,Y6047480,,,,0,30.0,0,0
75,9,4,4,24,Y6047481,,,,0,30.0,0,0
75,9,4,4,25,Y6047482,,,,0,30.0,0,0
75,9,4,4,26,Y6047483,,,,0,30.0,0,0
75,9,4,4,27,Y6047484,,,,0,30.0,0,0
75,9,4,4,28,Y6047485,,,,0,30.0,0,0
75,9,4,4,29,Y6047486,,,,0,30.0,0,0
75,9,4,4,30,Y6047487,,,,0,30.0,0,0
75,9,4,5,10,Y6047488,,,,0,30.0,0,0
75,9,4,5,11,Y6047489,,,,0,30.0,0,0
75,9,4,5,12,Y6047490,,,,0,30.0,0,0
75,9,4,5,13,Y6047491,,,,0,30.0,0,0
75,9,4,5,14,Y6047492,,,,0,30.0,0,0
75,9,4,5,15,Y6047493,,,,0,30.0,0,0
75,9,4,5,16,Y6047494,,,,0,30.0,0,0
75,9,4,5,17,Y6047495,,,,0,30.0,0,0
75,9,4,5,18,Y6047496,,,,0,30.0,0,0
75,9,4,5,19,Y6047497,,,,0,30.0,0,0
75,9,4,5,20,Y6047498,,,,0,30.0,0,0
75,9,4,5,21,Y6047499,,,,0,30.0,0,0
75,9,4,5,22,Y6047500,,,,0,30.0,0,0
75,9,4,5,23,Y6047501,,,,0,30.0,0,0
75,9,4,5,24,Y6047502,,,,0,30.0,0,0
75,9,4,5,25,Y6047503,,,,0,30.0,0,0
75,9,4,5,26,Y6047504,,,,0,30.0,0,0
75,9,4,5,27,Y6047505,,,,0,30.0,0,0
75,9,4,5,28,Y6047506,,,,0,30.0,0,0
75,9,4,5,29,Y6047507,,,,0,30.0,0,0
75,9,4,5,30,Y6047508,,,,0,30.0,0,0
75,9,4,6,10,Y6047509,,,,0,30.0,0,0
75,9,4,6,11,Y6047510,,,,0,30.0,0,0
75,9,4,6,12,Y6047511,,,,0,30.0,0,0
75,9,4,6,13,Y6047512,,,,0,30.0,0,0
75,9,4,6,14,Y6047513,,,,0,30.0,0,0
75,9,4,6,15,Y6047514,,,,0,30.0,0,0
75,9,4,6,16,Y6047515,,,,0,30.0,0,0
75,9,4,6,17,Y6047516,,,,0,30.0,0,0
75,9,4,6,18,Y6047517,,,,0,30.0,0,0
75,9,4,6,19,Y6047518,,,,0,30.0,0,0
75,9,4,6,20,Y6047519,,,,0,30.0,0,0
75,9,4,6,21,Y6047520,,,,0,30.0,0,0
75,9,4,6,22,Y6047521,,,,0,30.0,0,0
75,9,4,6,23,Y6047522,,,,0,30.0,0,0
75,9,4,6,24,Y6047523,,,,0,30.0,0,0
75,9,4,6,25,Y6047524,,,,0,30.0,0,0
75,9,4,6,26,Y6047525,,,,0,30.0,0,0
75,9,4,6,27,Y6047526,,,,0,30.0,0,0
75,9,4,6,28,Y6047527,,,,0,30.0,0,0
75,9,4,6,29,Y6047528,,,,0,30.0,0,0
75,9,4,6,30,Y6047529,,,,0,30.0,0,0
75,9,4,7,10,Y6047530,,,,0,30.0,0,0
75,9,4,7,11,Y6047531,,,,0,30.0,0,0
75,9,4,7,12,Y6047532,,,,0,30.0,0,0
75,9,4,7,13,Y6047533,,,,0,30.0,0,0
75,9,4,7,14,Y6047534,,,,0,30.0,0,0
75,9,4,7,15,Y6047535,,,,0,30.0,0,0
75,9,4,7,16,Y6047536,,,,0,30.0,0,0
75,9,4,7,17,Y6047537,,,,0,30.0,0,0
75,9,4,7,18,Y6047538,,,,0,30.0,0,0
75,9,4,7,19,Y6047539,,,,0,30.0,0,0
75,9,4,7,20,Y6047540,,,,0,30.0,0,0
75,9,4,7,21,Y6047541,,,,0,30.0,0,0
75,9,4,7,22,Y6047542,,,,0,30.0,0,0
75,9,4,7,23,Y6047543,,,,0,30.0,0,0
75,9,4,7,24,Y6047544,,,,0,30.0,0,0
75,9,4,7,25,Y6047545,,,,0,30.0,0,0
75,9,4,7,26,Y6047546,,,,0,30.0,0,0
75,9,4,7,27,Y6047547,,,,0,30.0,0,0
75,9,4,7,28,Y6047548,,,,0,30.0,0,0
75,9,4,7,29,Y6047549,,,,0,30.0,0,0
75,9,4,7,30,Y6047550,,,,0,30.0,0,0
75,9,4,8,10,Y6047551,,,,0,30.0,0,0
75,9,4,8,11,Y6047552,,,,0,30.0,0,0
75,9,4,8,12,Y6047553,,,,0,30.0,0,0
75,9,4,8,13,Y6047554,,,,0,30.0,0,0
75,9,4,8,14,Y6047555,,,,0,30.0,0,0
75,9,4,8,15,Y6047556,,,,0,30.0,0,0
75,9,4,8,16,Y6047557,,,,0,30.0,0,0
75,9,4,8,17,Y6047558,,,,0,30.0,0,0
75,9,4,8,18,Y6047559,,,,0,30.0,0,0
75,9,4,8,19,Y6047560,,,,0,30.0,0,0
75,9,4,8,20,Y6047561,,,,0,30.0,0,0
75,9,4,8,21,Y6047562,,,,0,30.0,0,0
75,9,4,8,22,Y6047563,,,,0,30.0,0,0
75,9,4,8,23,Y6047564,,,,0,30.0,0,0
75,9,4,8,24,Y6047565,,,,0,30.0,0,0
75,9,4,8,25,Y6047566,,,,0,30.0,0,0
75,9,4,8,26,Y6047567,,,,0,30.0,0,0
75,9,4,8,27,Y6047568,,,,0,30.0,0,0
75,9,4,8,28,Y6047569,,,,0,30.0,0,0
75,9,4,8,29,Y6047570,,,,0,30.0,0,0
75,9,4,8,30,Y6047571,,,,0,30.0,0,0
75,9,4,9,10,Y6047572,,,,0,30.0,0,0
75,9,4,9,11,Y6047573,,,,0,30.0,0,0
75,9,4,9,12,Y6047574,,,,0,30.0,0,0
75,9,4,9,13,Y6047575,,,,0,30.0,0,0
75,9,4,9,14,Y6047576,,,,0,30.0,0,0
75,9,4,9,15,Y6047577,,,,0,30.0,0,0
75,9,4,9,16,Y6047578,,,,0,30.0,0,0
75,9,4,9,17,Y6047579,,,,0,30.0,0,0
75,9,4,9,18,Y6047580,,,,0,30.0,0,0
75,9,4,9,19,Y6047581,,,,0,30.0,0,0
75,9,4,9,20,Y6047582,,,,0,30.0,0,0
75,9,4,9,21,Y6047583,,,,0,30.0,0,0
75,9,4,9,22,Y6047584,,,,0,30.0,0,0
75,9,4,9,23,Y6047585,,,,0,30.0,0,0
75,9,4,9,24,Y6047586,,,,0,30.0,0,0
75,9,4,9,25,Y6047587,,,,0,30.0,0,0
75,9,4,9,26,Y6047588,,,,0,30.0,0,0
75,9,4,9,27,Y6047589,,,,0,30.0,0,0
75,9,4,9,28,Y6047590,,,,0,30.0,0,0
75,9,4,9,29,Y6047591,,,,0,30.0,0,0
75,9,4,9,30,Y6047592,,,,0,30.0,0,0
75,9,4,10,10,Y6047593,,,,0,30.0,0,0
75,9,4,10,11,Y6047594,,,,0,30.0,0,0
75,9,4,10,12,Y6047595,,,,0,30.0,0,0
75,9,4,10,13,Y6047596,,,,0,30.0,0,0
75,9,4,10,14,Y6047597,,,,0,30.0,0,0
75,9,4,10,15,Y6047598,,,,0,30.0,0,0
75,9,4,10,16,Y6047599,,,,0,30.0,0,0
75,9,4,10,17,Y6047600,,,,0,30.0,0,0
75,9,4,10,18,Y6047601,,,,0,30.0,0,0
75,9,4,10,19,Y6047602,,,,0,30.0,0,0
75,9,4,10,20,Y6047603,,,,0,30.0,0,0
75,9,4,10,21,Y6047604,,,,0,30.0,0,0
75,9,4,10,22,Y6047605,,,,0,30.0,0,0
75,9,4,10,23,Y6047606,,,,0,30.0,0,0
75,9,4,10,24,Y6047607,,,,0,30.0,0,0
75,9,4,10,25,Y6047608,,,,0,30.0,0,0
75,9,4,10,26,Y6047609,,,,0,30.0,0,0
75,9,4,10,27,Y6047610,,,,0,30.0,0,0
75,9,4,10,28,Y6047611,,,,0,30.0,0,0
75,9,4,10,29,Y6047612,,,,0,30.0,0,0
75,9,4,10,30,Y6047613,,,,0,30.0,0,0
75,9,4,11,10,Y6047614,,,,0,30.0,0,0
75,9,4,11,11,Y6047615,,,,0,30.0,0,0
75,9,4,11,12,Y6047616,,,,0,30.0,0,0
75,9,4,11,13,Y6047617,,,,0,30.0,0,0
75,9,4,11,14,Y6047618,,,,0,30.0,0,0
75,9,4,11,15,Y6047619,,,,0,30.0,0,0
75,9,4,11,16,Y6047620,,,,0,30.0,0,0
75,9,4,11,17,Y6047621,,,,0,30.0,0,0
75,9,4,11,18,Y6047622,,,,3476,30.0,0,0
75,9,4,11,19,Y6047623,,,,0,30.0,0,0
75,9,4,11,20,Y6047624,,,,0,30.0,0,0
75,9,4,11,21,Y6047625,,,,0,30.0,0,0
75,9,4,11,22,Y6047626,,,,0,30.0,0,0
75,9,4,11,23,Y6047627,,,,0,30.0,0,0
75,9,4,11,24,Y6047628,,,,0,30.0,0,0
75,9,4,11,25,Y6047629,,,,0,30.0,0,0
75,9,4,11,26,Y6047630,,,,0,30.0,0,0
75,9,4,11,27,Y6047631,,,,0,30.0,0,0
75,9,4,11,28,Y6047632,,,,0,30.0,0,0
75,9,4,11,29,Y6047633,,,,0,30.0,0,0
75,9,4,11,30,Y6047634,,,,0,30.0,0,0
75,9,4,12,10,Y6047635,,,,0,30.0,0,0
75,9,4,12,11,Y6047636,,,,0,30.0,0,0
75,9,4,12,12,Y6047637,,,,0,30.0,0,0
75,9,4,12,13,Y6047638,,,,0,30.0,0,0
75,9,4,12,14,Y6047639,,,,0,30.0,0,0
75,9,4,12,15,Y6047640,,,,0,30.0,0,0
75,9,4,12,16,Y6047641,,,,0,30.0,0,0
75,9,4,12,17,Y6047642,,,,0,30.0,0,0
75,9,4,12,18,Y6047643,,,,3664,30.0,0,0
75,9,4,12,19,Y6047644,,,,0,30.0,0,0
75,9,4,12,20,Y6047645,,,,0,30.0,0,0
75,9,4,12,21,Y6047646,,,,0,30.0,0,0
75,9,4,12,22,Y6047647,,,,0,30.0,0,0
75,9,4,12,23,Y6047648,,,,0,30.0,0,0
75,9,4,12,24,Y6047649,,,,0,30.0,0,0
75,9,4,12,25,Y6047650,,,,0,30.0,0,0
75,9,4,12,26,Y6047651,,,,0,30.0,0,0
75,9,4,12,27,Y6047652,,,,0,30.0,0,0
75,9,4,12,28,Y6047653,,,,0,30.0,0,0
75,9,4,12,29,Y6047654,,,,0,30.0,0,0
75,9,4,12,30,Y6047655,,,,0,30.0,0,0
75,9,5,1,10,Y6047656,,,,0,30.0,0,0
75,9,5,1,11,Y6047657,,,,0,30.0,0,0
75,9,5,1,12,Y6047658,,,,0,30.0,0,0
75,9,5,1,13,Y6047659,,,,0,30.0,0,0
75,9,5,1,14,Y6047660,,,,0,30.0,0,0
75,9,5,1,15,Y6047661,,,,0,30.0,0,0
75,9,5,1,16,Y6047662,,,,0,30.0,0,0
75,9,5,1,17,Y6047663,,,,0,30.0,0,0
75,9,5,1,18,Y6047664,,,,0,30.0,0,0
75,9,5,1,19,Y6047665,,,,0,30.0,0,0
75,9,5,1,20,Y6047666,,,,0,30.0,0,0
75,9,5,1,21,Y6047667,,,,0,30.0,0,0
75,9,5,1,22,Y6047668,,,,0,30.0,0,0
75,9,5,1,23,Y6047669,,,,0,30.0,0,0
75,9,5,1,24,Y6047670,,,,0,30.0,0,0
75,9,5,1,25,Y6047671,,,,0,30.0,0,0
75,9,5,1,26,Y6047672,,,,0,30.0,0,0
75,9,5,1,27,Y6047673,,,,0,30.0,0,0
75,9,5,1,28,Y6047674,,,,0,30.0,0,0
75,9,5,1,29,Y6047675,,,,0,30.0,0,0
75,9,5,1,30,Y6047676,,,,0,30.0,0,0
75,9,5,2,10,Y6047677,,,,0,30.0,0,0
75,9,5,2,11,Y6047678,,,,0,30.0,0,0
75,9,5,2,12,Y6047679,,,,0,30.0,0,0
75,9,5,2,13,Y6047680,,,,0,30.0,0,0
75,9,5,2,14,Y6047681,,,,0,30.0,0,0
75,9,5,2,15,Y6047682,,,,0,30.0,0,0
75,9,5,2,16,Y6047683,,,,0,30.0,0,0
75,9,5,2,17,Y6047684,,,,0,30.0,0,0
75,9,5,2,18,Y6047685,,,,0,30.0,0,0
75,9,5,2,19,Y6047686,,,,0,30.0,0,0
75,9,5,2,20,Y6047687,,,,0,30.0,0,0
75,9,5,2,21,Y6047688,,,,0,30.0,0,0
75,9,5,2,22,Y6047689,,,,0,30.0,0,0
75,9,5,2,23,Y6047690,,,,0,30.0,0,0
75,9,5,2,24,Y6047691,,,,0,30.0,0,0
75,9,5,2,25,Y6047692,,,,0,30.0,0,0
75,9,5,2,26,Y6047693,,,,0,30.0,0,0
75,9,5,2,27,Y6047694,,,,0,30.0,0,0
75,9,5,2,28,Y6047695,,,,0,30.0,0,0
75,9,5,2,29,Y6047696,,,,0,30.0,0,0
75,9,5,2,30,Y6047697,,,,0,30.0,0,0
75,9,5,3,10,Y6047698,,,,0,30.0,0,0
75,9,5,3,11,Y6047699,,,,0,30.0,0,0
75,9,5,3,12,Y6047700,,,,0,30.0,0,0
75,9,5,3,13,Y6047701,,,,0,30.0,0,0
75,9,5,3,14,Y6047702,,,,0,30.0,0,0
75,9,5,3,15,Y6047703,,,,0,30.0,0,0
75,9,5,3,16,Y6047704,,,,0,30.0,0,0
75,9,5,3,17,Y6047705,,,,0,30.0,0,0
75,9,5,3,18,Y6047706,,,,0,30.0,0,0
75,9,5,3,19,Y6047707,,,,0,30.0,0,0
75,9,5,3,20,Y6047708,,,,0,30.0,0,0
75,9,5,3,21,Y6047709,,,,0,30.0,0,0
75,9,5,3,22,Y6047710,,,,0,30.0,0,0
75,9,5,3,23,Y6047711,,,,0,30.0,0,0
75,9,5,3,24,Y6047712,,,,0,30.0,0,0
75,9,5,3,25,Y6047713,,,,0,30.0,0,0
75,9,5,3,26,Y6047714,,,,0,30.0,0,0
75,9,5,3,27,Y6047715,,,,0,30.0,0,0
75,9,5,3,28,Y6047716,,,,0,30.0,0,0
75,9,5,3,29,Y6047717,,,,0,30.0,0,0
75,9,5,3,30,Y6047718,,,,0,30.0,0,0
75,9,5,4,10,Y6047719,,,,0,30.0,0,0
75,9,5,4,11,Y6047720,,,,0,30.0,0,0
75,9,5,4,12,Y6047721,,,,0,30.0,0,0
75,9,5,4,13,Y6047722,,,,0,30.0,0,0
75,9,5,4,14,Y6047723,,,,0,30.0,0,0
75,9,5,4,15,Y6047724,,,,0,30.0,0,0
75,9,5,4,16,Y6047725,,,,0,30.0,0,0
75,9,5,4,17,Y6047726,,,,0,30.0,0,0
75,9,5,4,18,Y6047727,,,,0,30.0,0,0
75,9,5,4,19,Y6047728,,,,0,30.0,0,0
75,9,5,4,20,Y6047729,,,,0,30.0,0,0
75,9,5,4,21,Y6047730,,,,0,30.0,0,0
75,9,5,4,22,Y6047731,,,,0,30.0,0,0
75,9,5,4,23,Y6047732,,,,0,30.0,0,0
75,9,5,4,24,Y6047733,,,,0,30.0,0,0
75,9,5,4,25,Y6047734,,,,0,30.0,0,0
75,9,5,4,26,Y6047735,,,,0,30.0,0,0
75,9,5,4,27,Y6047736,,,,0,30.0,0,0
75,9,5,4,28,Y6047737,,,,0,30.0,0,0
75,9,5,4,29,Y6047738,,,,0,30.0,0,0
75,9,5,4,30,Y6047739,,,,0,30.0,0,0
75,9,5,5,10,Y6047740,,,,0,30.0,0,0
75,9,5,5,11,Y6047741,,,,0,30.0,0,0
75,9,5,5,12,Y6047742,,,,0,30.0,0,0
75,9,5,5,13,Y6047743,,,,0,30.0,0,0
75,9,5,5,14,Y6047744,,,,0,30.0,0,0
75,9,5,5,15,Y6047745,,,,0,30.0,0,0
75,9,5,5,16,Y6047746,,,,0,30.0,0,0
75,9,5,5,17,Y6047747,,,,0,30.0,0,0
75,9,5,5,18,Y6047748,,,,0,30.0,0,0
75,9,5,5,19,Y6047749,,,,0,30.0,0,0
75,9,5,5,20,Y6047750,,,,0,30.0,0,0
75,9,5,5,21,Y6047751,,,,0,30.0,0,0
75,9,5,5,22,Y6047752,,,,0,30.0,0,0
75,9,5,5,23,Y6047753,,,,0,30.0,0,0
75,9,5,5,24,Y6047754,,,,0,30.0,0,0
75,9,5,5,25,Y6047755,,,,0,30.0,0,0
75,9,5,5,26,Y6047756,,,,0,30.0,0,0
75,9,5,5,27,Y6047757,,,,0,30.0,0,0
75,9,5,5,28,Y6047758,,,,0,30.0,0,0
75,9,5,5,29,Y6047759,,,,0,30.0,0,0
75,9,5,5,30,Y6047760,,,,0,30.0,0,0
75,9,5,6,10,Y6047761,,,,0,30.0,0,0
75,9,5,6,11,Y6047762,,,,0,30.0,0,0
75,9,5,6,12,Y6047763,,,,0,30.0,0,0
75,9,5,6,13,Y6047764,,,,0,30.0,0,0
75,9,5,6,14,Y6047765,,,,0,30.0,0,0
75,9,5,6,15,Y6047766,,,,0,30.0,0,0
75,9,5,6,16,Y6047767,,,,0,30.0,0,0
75,9,5,6,17,Y6047768,,,,0,30.0,0,0
75,9,5,6,18,Y6047769,,,,0,30.0,0,0
75,9,5,6,19,Y6047770,,,,0,30.0,0,0
75,9,5,6,20,Y6047771,,,,0,30.0,0,0
75,9,5,6,21,Y6047772,,,,0,30.0,0,0
75,9,5,6,22,Y6047773,,,,0,30.0,0,0
75,9,5,6,23,Y6047774,,,,0,30.0,0,0
75,9,5,6,24,Y6047775,,,,0,30.0,0,0
75,9,5,6,25,Y6047776,,,,0,30.0,0,0
75,9,5,6,26,Y6047777,,,,0,30.0,0,0
75,9,5,6,27,Y6047778,,,,0,30.0,0,0
75,9,5,6,28,Y6047779,,,,0,30.0,0,0
75,9,5,6,29,Y6047780,,,,0,30.0,0,0
75,9,5,6,30,Y6047781,,,,0,30.0,0,0
75,9,5,7,10,Y6047782,,,,0,30.0,0,0
75,9,5,7,11,Y6047783,,,,0,30.0,0,0
75,9,5,7,12,Y6047784,,,,0,30.0,0,0
75,9,5,7,13,Y6047785,,,,0,30.0,0,0
75,9,5,7,14,Y6047786,,,,0,30.0,0,0
75,9,5,7,15,Y6047787,,,,0,30.0,0,0
75,9,5,7,16,Y6047788,,,,0,30.0,0,0
75,9,5,7,17,Y6047789,,,,0,30.0,0,0
75,9,5,7,18,Y6047790,,,,0,30.0,0,0
75,9,5,7,19,Y6047791,,,,0,30.0,0,0
75,9,5,7,20,Y6047792,,,,0,30.0,0,0
75,9,5,7,21,Y6047793,,,,0,30.0,0,0
75,9,5,7,22,Y6047794,,,,0,30.0,0,0
75,9,5,7,23,Y6047795,,,,0,30.0,0,0
75,9,5,7,24,Y6047796,,,,0,30.0,0,0
75,9,5,7,25,Y6047797,,,,0,30.0,0,0
75,9,5,7,26,Y6047798,,,,0,30.0,0,0
75,9,5,7,27,Y6047799,,,,0,30.0,0,0
75,9,5,7,28,Y6047800,,,,0,30.0,0,0
75,9,5,7,29,Y6047801,,,,0,30.0,0,0
75,9,5,7,30,Y6047802,,,,0,30.0,0,0
75,9,5,8,10,Y6047803,,,,0,30.0,0,0
75,9,5,8,11,Y6047804,,,,0,30.0,0,0
75,9,5,8,12,Y6047805,,,,0,30.0,0,0
75,9,5,8,13,Y6047806,,,,0,30.0,0,0
75,9,5,8,14,Y6047807,,,,0,30.0,0,0
75,9,5,8,15,Y6047808,,,,0,30.0,0,0
75,9,5,8,16,Y6047809,,,,0,30.0,0,0
75,9,5,8,17,Y6047810,,,,0,30.0,0,0
75,9,5,8,18,Y6047811,,,,0,30.0,0,0
75,9,5,8,19,Y6047812,,,,0,30.0,0,0
75,9,5,8,20,Y6047813,,,,0,30.0,0,0
75,9,5,8,21,Y6047814,,,,0,30.0,0,0
75,9,5,8,22,Y6047815,,,,0,30.0,0,0
75,9,5,8,23,Y6047816,,,,0,30.0,0,0
75,9,5,8,24,Y6047817,,,,0,30.0,0,0
75,9,5,8,25,Y6047818,,,,0,30.0,0,0
75,9,5,8,26,Y6047819,,,,0,30.0,0,0
75,9,5,8,27,Y6047820,,,,0,30.0,0,0
75,9,5,8,28,Y6047821,,,,0,30.0,0,0
75,9,5,8,29,Y6047822,,,,0,30.0,0,0
75,9,5,8,30,Y6047823,,,,0,30.0,0,0
75,9,5,9,10,Y6047824,,,,0,30.0,0,0
75,9,5,9,11,Y6047825,,,,0,30.0,0,0
75,9,5,9,12,Y6047826,,,,0,30.0,0,0
75,9,5,9,13,Y6047827,,,,0,30.0,0,0
75,9,5,9,14,Y6047828,,,,0,30.0,0,0
75,9,5,9,15,Y6047829,,,,0,30.0,0,0
75,9,5,9,16,Y6047830,,,,0,30.0,0,0
75,9,5,9,17,Y6047831,,,,0,30.0,0,0
75,9,5,9,18,Y6047832,,,,0,30.0,0,0
75,9,5,9,19,Y6047833,,,,0,30.0,0,0
75,9,5,9,20,Y6047834,,,,0,30.0,0,0
75,9,5,9,21,Y6047835,,,,0,30.0,0,0
75,9,5,9,22,Y6047836,,,,0,30.0,0,0
75,9,5,9,23,Y6047837,,,,0,30.0,0,0
75,9,5,9,24,Y6047838,,,,0,30.0,0,0
75,9,5,9,25,Y6047839,,,,0,30.0,0,0
75,9,5,9,26,Y6047840,,,,0,30.0,0,0
75,9,5,9,27,Y6047841,,,,0,30.0,0,0
75,9,5,9,28,Y6047842,,,,0,30.0,0,0
75,9,5,9,29,Y6047843,,,,0,30.0,0,0
75,9,5,9,30,Y6047844,,,,0,30.0,0,0
75,9,5,10,10,Y6047845,,,,0,30.0,0,0
75,9,5,10,11,Y6047846,,,,0,30.0,0,0
75,9,5,10,12,Y6047847,,,,0,30.0,0,0
75,9,5,10,13,Y6047848,,,,0,30.0,0,0
75,9,5,10,14,Y6047849,,,,0,30.0,0,0
75,9,5,10,15,Y6047850,,,,0,30.0,0,0
75,9,5,10,16,Y6047851,,,,0,30.0,0,0
75,9,5,10,17,Y6047852,,,,0,30.0,0,0
75,9,5,10,18,Y6047853,,,,0,30.0,0,0
75,9,5,10,19,Y6047854,,,,0,30.0,0,0
75,9,5,10,20,Y6047855,,,,0,30.0,0,0
75,9,5,10,21,Y6047856,,,,0,30.0,0,0
75,9,5,10,22,Y6047857,,,,0,30.0,0,0
75,9,5,10,23,Y6047858,,,,0,30.0,0,0
75,9,5,10,24,Y6047859,,,,0,30.0,0,0
75,9,5,10,25,Y6047860,,,,0,30.0,0,0
75,9,5,10,26,Y6047861,,,,0,30.0,0,0
75,9,5,10,27,Y6047862,,,,0,30.0,0,0
75,9,5,10,28,Y6047863,,,,0,30.0,0,0
75,9,5,10,29,Y6047864,,,,0,30.0,0,0
75,9,5,10,30,Y6047865,,,,0,30.0,0,0
75,9,5,11,10,Y6047866,,,,0,30.0,0,0
75,9,5,11,11,Y6047867,,,,0,30.0,0,0
75,9,5,11,12,Y6047868,,,,0,30.0,0,0
75,9,5,11,13,Y6047869,,,,0,30.0,0,0
75,9,5,11,14,Y6047870,,,,0,30.0,0,0
75,9,5,11,15,Y6047871,,,,0,30.0,0,0
75,9,5,11,16,Y6047872,,,,0,30.0,0,0
75,9,5,11,17,Y6047873,,,,0,30.0,0,0
75,9,5,11,18,Y6047874,,,,3295,30.0,0,0
75,9,5,11,19,Y6047875,,,,0,30.0,0,0
75,9,5,11,20,Y6047876,,,,0,30.0,0,0
75,9,5,11,21,Y6047877,,,,0,30.0,0,0
75,9,5,11,22,Y6047878,,,,0,30.0,0,0
75,9,5,11,23,Y6047879,,,,0,30.0,0,0
75,9,5,11,24,Y6047880,,,,0,30.0,0,0
75,9,5,11,25,Y6047881,,,,0,30.0,0,0
75,9,5,11,26,Y6047882,,,,0,30.0,0,0
75,9,5,11,27,Y6047883,,,,0,30.0,0,0
75,9,5,11,28,Y6047884,,,,0,30.0,0,0
75,9,5,11,29,Y6047885,,,,0,30.0,0,0
75,9,5,11,30,Y6047886,,,,0,30.0,0,0
75,9,5,12,10,Y6047887,,,,0,30.0,0,0
75,9,5,12,11,Y6047888,,,,0,30.0,0,0
75,9,5,12,12,Y6047889,,,,0,30.0,0,0
75,9,5,12,13,Y6047890,,,,0,30.0,0,0
75,9,5,12,14,Y6047891,,,,0,30.0,0,0
75,9,5,12,15,Y6047892,,,,0,30.0,0,0
75,9,5,12,16,Y6047893,,,,0,30.0,0,0
75,9,5,12,17,Y6047894,,,,0,30.0,0,0
75,9,5,12,18,Y6047895,,,,3485,30.0,0,0
75,9,5,12,19,Y6047896,,,,0,30.0,0,0
75,9,5,12,20,Y6047897,,,,0,30.0,0,0
75,9,5,12,21,Y6047898,,,,0,30.0,0,0
75,9,5,12,22,Y6047899,,,,0,30.0,0,0
75,9,5,12,23,Y6047900,,,,0,30.0,0,0
75,9,5,12,24,Y6047901,,,,0,30.0,0,0
75,9,5,12,25,Y6047902,,,,0,30.0,0,0
75,9,5,12,26,Y6047903,,,,0,30.0,0,0
75,9,5,12,27,Y6047904,,,,0,30.0,0,0
75,9,5,12,28,Y6047905,,,,0,30.0,0,0
75,9,5,12,29,Y6047906,,,,0,30.0,0,0
75,9,5,12,30,Y6047907,,,,0,30.0,0,0
75,9,6,1,10,Y6047908,,,,0,30.0,0,0
75,9,6,1,11,Y6047909,,,,0,30.0,0,0
75,9,6,1,12,Y6047910,,,,0,30.0,0,0
75,9,6,1,13,Y6047911,,,,0,30.0,0,0
75,9,6,1,14,Y6047912,,,,0,30.0,0,0
75,9,6,1,15,Y6047913,,,,0,30.0,0,0
75,9,6,1,16,Y6047914,,,,0,30.0,0,0
75,9,6,1,17,Y6047915,,,,0,30.0,0,0
75,9,6,1,18,Y6047916,,,,0,30.0,0,0
75,9,6,1,19,Y6047917,,,,0,30.0,0,0
75,9,6,1,20,Y6047918,,,,0,30.0,0,0
75,9,6,1,21,Y6047919,,,,0,30.0,0,0
75,9,6,1,22,Y6047920,,,,0,30.0,0,0
75,9,6,1,23,Y6047921,,,,0,30.0,0,0
75,9,6,1,24,Y6047922,,,,0,30.0,0,0
75,9,6,1,25,Y6047923,,,,0,30.0,0,0
75,9,6,1,26,Y6047924,,,,0,30.0,0,0
75,9,6,1,27,Y6047925,,,,0,30.0,0,0
75,9,6,1,28,Y6047926,,,,0,30.0,0,0
75,9,6,1,29,Y6047927,,,,0,30.0,0,0
75,9,6,1,30,Y6047928,,,,0,30.0,0,0
75,9,6,2,10,Y6047929,,,,0,30.0,0,0
75,9,6,2,11,Y6047930,,,,0,30.0,0,0
75,9,6,2,12,Y6047931,,,,0,30.0,0,0
75,9,6,2,13,Y6047932,,,,0,30.0,0,0
75,9,6,2,14,Y6047933,,,,0,30.0,0,0
75,9,6,2,15,Y6047934,,,,0,30.0,0,0
75,9,6,2,16,Y6047935,,,,0,30.0,0,0
75,9,6,2,17,Y6047936,,,,0,30.0,0,0
75,9,6,2,18,Y6047937,,,,0,30.0,0,0
75,9,6,2,19,Y6047938,,,,0,30.0,0,0
75,9,6,2,20,Y6047939,,,,0,30.0,0,0
75,9,6,2,21,Y6047940,,,,0,30.0,0,0
75,9,6,2,22,Y6047941,,,,0,30.0,0,0
75,9,6,2,23,Y6047942,,,,0,30.0,0,0
75,9,6,2,24,Y6047943,,,,0,30.0,0,0
75,9,6,2,25,Y6047944,,,,0,30.0,0,0
75,9,6,2,26,Y6047945,,,,0,30.0,0,0
75,9,6,2,27,Y6047946,,,,0,30.0,0,0
75,9,6,2,28,Y6047947,,,,0,30.0,0,0
75,9,6,2,29,Y6047948,,,,0,30.0,0,0
75,9,6,2,30,Y6047949,,,,0,30.0,0,0
75,9,6,3,10,Y6047950,,,,0,30.0,0,0
75,9,6,3,11,Y6047951,,,,0,30.0,0,0
75,9,6,3,12,Y6047952,,,,0,30.0,0,0
75,9,6,3,13,Y6047953,,,,0,30.0,0,0
75,9,6,3,14,Y6047954,,,,0,30.0,0,0
75,9,6,3,15,Y6047955,,,,0,30.0,0,0
75,9,6,3,16,Y6047956,,,,0,30.0,0,0
75,9,6,3,17,Y6047957,,,,0,30.0,0,0
75,9,6,3,18,Y6047958,,,,0,30.0,0,0
75,9,6,3,19,Y6047959,,,,0,30.0,0,0
75,9,6,3,20,Y6047960,,,,0,30.0,0,0
75,9,6,3,21,Y6047961,,,,0,30.0,0,0
75,9,6,3,22,Y6047962,,,,0,30.0,0,0
75,9,6,3,23,Y6047963,,,,0,30.0,0,0
75,9,6,3,24,Y6047964,,,,0,30.0,0,0
75,9,6,3,25,Y6047965,,,,0,30.0,0,0
75,9,6,3,26,Y6047966,,,,0,30.0,0,0
75,9,6,3,27,Y6047967,,,,0,30.0,0,0
75,9,6,3,28,Y6047968,,,,0,30.0,0,0
75,9,6,3,29,Y6047969,,,,0,30.0,0,0
75,9,6,3,30,Y6047970,,,,0,30.0,0,0
75,9,6,4,10,Y6047971,,,,0,30.0,0,0
75,9,6,4,11,Y6047972,,,,0,30.0,0,0
75,9,6,4,12,Y6047973,,,,0,30.0,0,0
75,9,6,4,13,Y6047974,,,,0,30.0,0,0
75,9,6,4,14,Y6047975,,,,0,30.0,0,0
75,9,6,4,15,Y6047976,,,,0,30.0,0,0
75,9,6,4,16,Y6047977,,,,0,30.0,0,0
75,9,6,4,17,Y6047978,,,,0,30.0,0,0
75,9,6,4,18,Y6047979,,,,0,30.0,0,0
75,9,6,4,19,Y6047980,,,,0,30.0,0,0
75,9,6,4,20,Y6047981,,,,0,30.0,0,0
75,9,6,4,21,Y6047982,,,,0,30.0,0,0
75,9,6,4,22,Y6047983,,,,0,30.0,0,0
75,9,6,4,23,Y6047984,,,,0,30.0,0,0
75,9,6,4,24,Y6047985,,,,0,30.0,0,0
75,9,6,4,25,Y6047986,,,,0,30.0,0,0
75,9,6,4,26,Y6047987,,,,0,30.0,0,0
75,9,6,4,27,Y6047988,,,,0,30.0,0,0
75,9,6,4,28,Y6047989,,,,0,30.0,0,0
75,9,6,4,29,Y6047990,,,,0,30.0,0,0
75,9,6,4,30,Y6047991,,,,0,30.0,0,0
75,9,6,5,10,Y6047992,,,,0,30.0,0,0
75,9,6,5,11,Y6047993,,,,0,30.0,0,0
75,9,6,5,12,Y6047994,,,,0,30.0,0,0
75,9,6,5,13,Y6047995,,,,0,30.0,0,0
75,9,6,5,14,Y6047996,,,,0,30.0,0,0
75,9,6,5,15,Y6047997,,,,0,30.0,0,0
75,9,6,5,16,Y6047998,,,,0,30.0,0,0
75,9,6,5,17,Y6047999,,,,0,30.0,0,0
75,9,6,5,18,Y6048000,,,,0,30.0,0,0
75,9,6,5,19,Y6048001,,,,0,30.0,0,0
75,9,6,5,20,Y6048002,,,,0,30.0,0,0
75,9,6,5,21,Y6048003,,,,0,30.0,0,0
75,9,6,5,22,Y6048004,,,,0,30.0,0,0
75,9,6,5,23,Y6048005,,,,0,30.0,0,0
75,9,6,5,24,Y6048006,,,,0,30.0,0,0
75,9,6,5,25,Y6048007,,,,0,30.0,0,0
75,9,6,5,26,Y6048008,,,,0,30.0,0,0
75,9,6,5,27,Y6048009,,,,0,30.0,0,0
75,9,6,5,28,Y6048010,,,,0,30.0,0,0
75,9,6,5,29,Y6048011,,,,0,30.0,0,0
75,9,6,5,30,Y6048012,,,,0,30.0,0,0
75,9,6,6,10,Y6048013,,,,0,30.0,0,0
75,9,6,6,11,Y6048014,,,,0,30.0,0,0
75,9,6,6,12,Y6048015,,,,0,30.0,0,0
75,9,6,6,13,Y6048016,,,,0,30.0,0,0
75,9,6,6,14,Y6048017,,,,0,30.0,0,0
75,9,6,6,15,Y6048018,,,,0,30.0,0,0
75,9,6,6,16,Y6048019,,,,0,30.0,0,0
75,9,6,6,17,Y6048020,,,,0,30.0,0,0
75,9,6,6,18,Y6048021,,,,0,30.0,0,0
75,9,6,6,19,Y6048022,,,,0,30.0,0,0
75,9,6,6,20,Y6048023,,,,0,30.0,0,0
75,9,6,6,21,Y6048024,,,,0,30.0,0,0
75,9,6,6,22,Y6048025,,,,0,30.0,0,0
75,9,6,6,23,Y6048026,,,,0,30.0,0,0
75,9,6,6,24,Y6048027,,,,0,30.0,0,0
75,9,6,6,25,Y6048028,,,,0,30.0,0,0
75,9,6,6,26,Y6048029,,,,0,30.0,0,0
75,9,6,6,27,Y6048030,,,,0,30.0,0,0
75,9,6,6,28,Y6048031,,,,0,30.0,0,0
75,9,6,6,29,Y6048032,,,,0,30.0,0,0
75,9,6,6,30,Y6048033,,,,0,30.0,0,0
75,9,6,7,10,Y6048034,,,,0,30.0,0,0
75,9,6,7,11,Y6048035,,,,0,30.0,0,0
75,9,6,7,12,Y6048036,,,,0,30.0,0,0
75,9,6,7,13,Y6048037,,,,0,30.0,0,0
75,9,6,7,14,Y6048038,,,,0,30.0,0,0
75,9,6,7,15,Y6048039,,,,0,30.0,0,0
75,9,6,7,16,Y6048040,,,,0,30.0,0,0
75,9,6,7,17,Y6048041,,,,0,30.0,0,0
75,9,6,7,18,Y6048042,,,,0,30.0,0,0
75,9,6,7,19,Y6048043,,,,0,30.0,0,0
75,9,6,7,20,Y6048044,,,,0,30.0,0,0
75,9,6,7,21,Y6048045,,,,0,30.0,0,0
75,9,6,7,22,Y6048046,,,,0,30.0,0,0
75,9,6,7,23,Y6048047,,,,0,30.0,0,0
75,9,6,7,24,Y6048048,,,,0,30.0,0,0
75,9,6,7,25,Y6048049,,,,0,30.0,0,0
75,9,6,7,26,Y6048050,,,,0,30.0,0,0
75,9,6,7,27,Y6048051,,,,0,30.0,0,0
75,9,6,7,28,Y6048052,,,,0,30.0,0,0
75,9,6,7,29,Y6048053,,,,0,30.0,0,0
75,9,6,7,30,Y6048054,,,,0,30.0,0,0
75,9,6,8,10,Y6048055,,,,0,30.0,0,0
75,9,6,8,11,Y6048056,,,,0,30.0,0,0
75,9,6,8,12,Y6048057,,,,0,30.0,0,0
75,9,6,8,13,Y6048058,,,,0,30.0,0,0
75,9,6,8,14,Y6048059,,,,0,30.0,0,0
75,9,6,8,15,Y6048060,,,,0,30.0,0,0
75,9,6,8,16,Y6048061,,,,0,30.0,0,0
75,9,6,8,17,Y6048062,,,,0,30.0,0,0
75,9,6,8,18,Y6048063,,,,0,30.0,0,0
75,9,6,8,19,Y6048064,,,,0,30.0,0,0
75,9,6,8,20,Y6048065,,,,0,30.0,0,0
75,9,6,8,21,Y6048066,,,,0,30.0,0,0
75,9,6,8,22,Y6048067,,,,0,30.0,0,0
75,9,6,8,23,Y6048068,,,,0,30.0,0,0
75,9,6,8,24,Y6048069,,,,0,30.0,0,0
75,9,6,8,25,Y6048070,,,,0,30.0,0,0
75,9,6,8,26,Y6048071,,,,0,30.0,0,0
75,9,6,8,27,Y6048072,,,,0,30.0,0,0
75,9,6,8,28,Y6048073,,,,0,30.0,0,0
75,9,6,8,29,Y6048074,,,,0,30.0,0,0
75,9,6,8,30,Y6048075,,,,0,30.0,0,0
75,9,6,9,10,Y6048076,,,,0,30.0,0,0
75,9,6,9,11,Y6048077,,,,0,30.0,0,0
75,9,6,9,12,Y6048078,,,,0,30.0,0,0
75,9,6,9,13,Y6048079,,,,0,30.0,0,0
75,9,6,9,14,Y6048080,,,,0,30.0,0,0
75,9,6,9,15,Y6048081,,,,0,30.0,0,0
75,9,6,9,16,Y6048082,,,,0,30.0,0,0
75,9,6,9,17,Y6048083,,,,0,30.0,0,0
75,9,6,9,18,Y6048084,,,,0,30.0,0,0
75,9,6,9,19,Y6048085,,,,0,30.0,0,0
75,9,6,9,20,Y6048086,,,,0,30.0,0,0
75,9,6,9,21,Y6048087,,,,0,30.0,0,0
75,9,6,9,22,Y6048088,,,,0,30.0,0,0
75,9,6,9,23,Y6048089,,,,0,30.0,0,0
75,9,6,9,24,Y6048090,,,,0,30.0,0,0
75,9,6,9,25,Y6048091,,,,0,30.0,0,0
75,9,6,9,26,Y6048092,,,,0,30.0,0,0
75,9,6,9,27,Y6048093,,,,0,30.0,0,0
75,9,6,9,28,Y6048094,,,,0,30.0,0,0
75,9,6,9,29,Y6048095,,,,0,30.0,0,0
75,9,6,9,30,Y6048096,,,,0,30.0,0,0
75,9,6,10,10,Y6048097,,,,0,30.0,0,0
75,9,6,10,11,Y6048098,,,,0,30.0,0,0
75,9,6,10,12,Y6048099,,,,0,30.0,0,0
75,9,6,10,13,Y6048100,,,,0,30.0,0,0
75,9,6,10,14,Y6048101,,,,0,30.0,0,0
75,9,6,10,15,Y6048102,,,,0,30.0,0,0
75,9,6,10,16,Y6048103,,,,0,30.0,0,0
75,9,6,10,17,Y6048104,,,,0,30.0,0,0
75,9,6,10,18,Y6048105,,,,0,30.0,0,0
75,9,6,10,19,Y6048106,,,,0,30.0,0,0
75,9,6,10,20,Y6048107,,,,0,30.0,0,0
75,9,6,10,21,Y6048108,,,,0,30.0,0,0
75,9,6,10,22,Y6048109,,,,0,30.0,0,0
75,9,6,10,23,Y6048110,,,,0,30.0,0,0
75,9,6,10,24,Y6048111,,,,0,30.0,0,0
75,9,6,10,25,Y6048112,,,,0,30.0,0,0
75,9,6,10,26,Y6048113,,,,0,30.0,0,0
75,9,6,10,27,Y6048114,,,,0,30.0,0,0
75,9,6,10,28,Y6048115,,,,0,30.0,0,0
75,9,6,10,29,Y6048116,,,,0,30.0,0,0
75,9,6,10,30,Y6048117,,,,0,30.0,0,0
75,9,6,11,10,Y6048118,,,,0,30.0,0,0
75,9,6,11,11,Y6048119,,,,0,30.0,0,0
75,9,6,11,12,Y6048120,,,,0,30.0,0,0
75,9,6,11,13,Y6048121,,,,0,30.0,0,0
75,9,6,11,14,Y6048122,,,,0,30.0,0,0
75,9,6,11,15,Y6048123,,,,0,30.0,0,0
75,9,6,11,16,Y6048124,,,,0,30.0,0,0
75,9,6,11,17,Y6048125,,,,0,30.0,0,0
75,9,6,11,18,Y6048126,,,,3183,30.0,0,0
75,9,6,11,19,Y6048127,,,,0,30.0,0,0
75,9,6,11,20,Y6048128,,,,0,30.0,0,0
75,9,6,11,21,Y6048129,,,,0,30.0,0,0
75,9,6,11,22,Y6048130,,,,0,30.0,0,0
75,9,6,11,23,Y6048131,,,,0,30.0,0,0
75,9,6,11,24,Y6048132,,,,0,30.0,0,0
75,9,6,11,25,Y6048133,,,,0,30.0,0,0
75,9,6,11,26,Y6048134,,,,0,30.0,0,0
75,9,6,11,27,Y6048135,,,,0,30.0,0,0
75,9,6,11,28,Y6048136,,,,0,30.0,0,0
75,9,6,11,29,Y6048137,,,,0,30.0,0,0
75,9,6,11,30,Y6048138,,,,0,30.0,0,0
75,9,6,12,10,Y6048139,,,,0,30.0,0,0
75,9,6,12,11,Y6048140,,,,0,30.0,0,0
75,9,6,12,12,Y6048141,,,,0,30.0,0,0
75,9,6,12,13,Y6048142,,,,0,30.0,0,0
75,9,6,12,14,Y6048143,,,,0,30.0,0,0
75,9,6,12,15,Y6048144,,,,0,30.0,0,0
75,9,6,12,16,Y6048145,,,,0,30.0,0,0
75,9,6,12,17,Y6048146,,,,0,30.0,0,0
75,9,6,12,18,Y6048147,,,,3374,30.0,0,0
75,9,6,12,19,Y6048148,,,,0,30.0,0,0
75,9,6,12,20,Y6048149,,,,0,30.0,0,0
75,9,6,12,21,Y6048150,,,,0,30.0,0,0
75,9,6,12,22,Y6048151,,,,0,30.0,0,0
75,9,6,12,23,Y6048152,,,,0,30.0,0,0
75,9,6,12,24,Y6048153,,,,0,30.0,0,0
75,9,6,12,25,Y6048154,,,,0,30.0,0,0
75,9,6,12,26,Y6048155,,,,0,30.0,0,0
75,9,6,12,27,Y6048156,,,,0,30.0,0,0
75,9,6,12,28,Y6048157,,,,0,30.0,0,0
75,9,6,12,29,Y6048158,,,,0,30.0,0,0
75,9,6,12,30,Y6048159,,,,0,30.0,0,0
75,9,7,1,10,Y6048160,,,,0,30.0,0,0
75,9,7,1,11,Y6048161,,,,0,30.0,0,0
75,9,7,1,12,Y6048162,,,,0,30.0,0,0
75,9,7,1,13,Y6048163,,,,0,30.0,0,0
75,9,7,1,14,Y6048164,,,,0,30.0,0,0
75,9,7,1,15,Y6048165,,,,0,30.0,0,0
75,9,7,1,16,Y6048166,,,,0,30.0,0,0
75,9,7,1,17,Y6048167,,,,0,30.0,0,0
75,9,7,1,18,Y6048168,,,,0,30.0,0,0
75,9,7,1,19,Y6048169,,,,0,30.0,0,0
75,9,7,1,20,Y6048170,,,,0,30.0,0,0
75,9,7,1,21,Y6048171,,,,0,30.0,0,0
75,9,7,1,22,Y6048172,,,,0,30.0,0,0
75,9,7,1,23,Y6048173,,,,0,30.0,0,0
75,9,7,1,24,Y6048174,,,,0,30.0,0,0
75,9,7,1,25,Y6048175,,,,0,30.0,0,0
75,9,7,1,26,Y6048176,,,,0,30.0,0,0
75,9,7,1,27,Y6048177,,,,0,30.0,0,0
75,9,7,1,28,Y6048178,,,,0,30.0,0,0
75,9,7,1,29,Y6048179,,,,0,30.0,0,0
75,9,7,1,30,Y6048180,,,,0,30.0,0,0
75,9,7,2,10,Y6048181,,,,0,30.0,0,0
75,9,7,2,11,Y6048182,,,,0,30.0,0,0
75,9,7,2,12,Y6048183,,,,0,30.0,0,0
75,9,7,2,13,Y6048184,,,,0,30.0,0,0
75,9,7,2,14,Y6048185,,,,0,30.0,0,0
75,9,7,2,15,Y6048186,,,,0,30.0,0,0
75,9,7,2,16,Y6048187,,,,0,30.0,0,0
75,9,7,2,17,Y6048188,,,,0,30.0,0,0
75,9,7,2,18,Y6048189,,,,0,30.0,0,0
75,9,7,2,19,Y6048190,,,,0,30.0,0,0
75,9,7,2,20,Y6048191,,,,0,30.0,0,0
75,9,7,2,21,Y6048192,,,,0,30.0,0,0
75,9,7,2,22,Y6048193,,,,0,30.0,0,0
75,9,7,2,23,Y6048194,,,,0,30.0,0,0
75,9,7,2,24,Y6048195,,,,0,30.0,0,0
75,9,7,2,25,Y6048196,,,,0,30.0,0,0
75,9,7,2,26,Y6048197,,,,0,30.0,0,0
75,9,7,2,27,Y6048198,,,,0,30.0,0,0
75,9,7,2,28,Y6048199,,,,0,30.0,0,0
75,9,7,2,29,Y6048200,,,,0,30.0,0,0
75,9,7,2,30,Y6048201,,,,0,30.0,0,0
75,9,7,3,10,Y6048202,,,,0,30.0,0,0
75,9,7,3,11,Y6048203,,,,0,30.0,0,0
75,9,7,3,12,Y6048204,,,,0,30.0,0,0
75,9,7,3,13,Y6048205,,,,0,30.0,0,0
75,9,7,3,14,Y6048206,,,,0,30.0,0,0
75,9,7,3,15,Y6048207,,,,0,30.0,0,0
75,9,7,3,16,Y6048208,,,,0,30.0,0,0
75,9,7,3,17,Y6048209,,,,0,30.0,0,0
75,9,7,3,18,Y6048210,,,,0,30.0,0,0
75,9,7,3,19,Y6048211,,,,0,30.0,0,0
75,9,7,3,20,Y6048212,,,,0,30.0,0,0
75,9,7,3,21,Y6048213,,,,0,30.0,0,0
75,9,7,3,22,Y6048214,,,,0,30.0,0,0
75,9,7,3,23,Y6048215,,,,0,30.0,0,0
75,9,7,3,24,Y6048216,,,,0,30.0,0,0
75,9,7,3,25,Y6048217,,,,0,30.0,0,0
75,9,7,3,26,Y6048218,,,,0,30.0,0,0
75,9,7,3,27,Y6048219,,,,0,30.0,0,0
75,9,7,3,28,Y6048220,,,,0,30.0,0,0
75,9,7,3,29,Y6048221,,,,0,30.0,0,0
75,9,7,3,30,Y6048222,,,,0,30.0,0,0
75,9,7,4,10,Y6048223,,,,0,30.0,0,0
75,9,7,4,11,Y6048224,,,,0,30.0,0,0
75,9,7,4,12,Y6048225,,,,0,30.0,0,0
75,9,7,4,13,Y6048226,,,,0,30.0,0,0
75,9,7,4,14,Y6048227,,,,0,30.0,0,0
75,9,7,4,15,Y6048228,,,,0,30.0,0,0
75,9,7,4,16,Y6048229,,,,0,30.0,0,0
75,9,7,4,17,Y6048230,,,,0,30.0,0,0
75,9,7,4,18,Y6048231,,,,0,30.0,0,0
75,9,7,4,19,Y6048232,,,,0,30.0,0,0
75,9,7,4,20,Y6048233,,,,0,30.0,0,0
75,9,7,4,21,Y6048234,,,,0,30.0,0,0
75,9,7,4,22,Y6048235,,,,0,30.0,0,0
75,9,7,4,23,Y6048236,,,,0,30.0,0,0
75,9,7,4,24,Y6048237,,,,0,30.0,0,0
75,9,7,4,25,Y6048238,,,,0,30.0,0,0
75,9,7,4,26,Y6048239,,,,0,30.0,0,0
75,9,7,4,27,Y6048240,,,,0,30.0,0,0
75,9,7,4,28,Y6048241,,,,0,30.0,0,0
75,9,7,4,29,Y6048242,,,,0,30.0,0,0
75,9,7,4,30,Y6048243,,,,0,30.0,0,0
75,9,7,5,10,Y6048244,,,,0,30.0,0,0
75,9,7,5,11,Y6048245,,,,0,30.0,0,0
75,9,7,5,12,Y6048246,,,,0,30.0,0,0
75,9,7,5,13,Y6048247,,,,0,30.0,0,0
75,9,7,5,14,Y6048248,,,,0,30.0,0,0
75,9,7,5,15,Y6048249,,,,0,30.0,0,0
75,9,7,5,16,Y6048250,,,,0,30.0,0,0
75,9,7,5,17,Y6048251,,,,0,30.0,0,0
75,9,7,5,18,Y6048252,,,,0,30.0,0,0
75,9,7,5,19,Y6048253,,,,0,30.0,0,0
75,9,7,5,20,Y6048254,,,,0,30.0,0,0
75,9,7,5,21,Y6048255,,,,0,30.0,0,0
75,9,7,5,22,Y6048256,,,,0,30.0,0,0
75,9,7,5,23,Y6048257,,,,0,30.0,0,0
75,9,7,5,24,Y6048258,,,,0,30.0,0,0
75,9,7,5,25,Y6048259,,,,0,30.0,0,0
75,9,7,5,26,Y6048260,,,,0,30.0,0,0
75,9,7,5,27,Y6048261,,,,0,30.0,0,0
75,9,7,5,28,Y6048262,,,,0,30.0,0,0
75,9,7,5,29,Y6048263,,,,0,30.0,0,0
75,9,7,5,30,Y6048264,,,,0,30.0,0,0
75,9,7,6,10,Y6048265,,,,0,30.0,0,0
75,9,7,6,11,Y6048266,,,,0,30.0,0,0
75,9,7,6,12,Y6048267,,,,0,30.0,0,0
75,9,7,6,13,Y6048268,,,,0,30.0,0,0
75,9,7,6,14,Y6048269,,,,0,30.0,0,0
75,9,7,6,15,Y6048270,,,,0,30.0,0,0
75,9,7,6,16,Y6048271,,,,0,30.0,0,0
75,9,7,6,17,Y6048272,,,,0,30.0,0,0
75,9,7,6,18,Y6048273,,,,0,30.0,0,0
75,9,7,6,19,Y6048274,,,,0,30.0,0,0
75,9,7,6,20,Y6048275,,,,0,30.0,0,0
75,9,7,6,21,Y6048276,,,,0,30.0,0,0
75,9,7,6,22,Y6048277,,,,0,30.0,0,0
75,9,7,6,23,Y6048278,,,,0,30.0,0,0
75,9,7,6,24,Y6048279,,,,0,30.0,0,0
75,9,7,6,25,Y6048280,,,,0,30.0,0,0
75,9,7,6,26,Y6048281,,,,0,30.0,0,0
75,9,7,6,27,Y6048282,,,,0,30.0,0,0
75,9,7,6,28,Y6048283,,,,0,30.0,0,0
75,9,7,6,29,Y6048284,,,,0,30.0,0,0
75,9,7,6,30,Y6048285,,,,0,30.0,0,0
75,9,7,7,10,Y6048286,,,,0,30.0,0,0
75,9,7,7,11,Y6048287,,,,0,30.0,0,0
75,9,7,7,12,Y6048288,,,,0,30.0,0,0
75,9,7,7,13,Y6048289,,,,0,30.0,0,0
75,9,7,7,14,Y6048290,,,,0,30.0,0,0
75,9,7,7,15,Y6048291,,,,0,30.0,0,0
75,9,7,7,16,Y6048292,,,,0,30.0,0,0
75,9,7,7,17,Y6048293,,,,0,30.0,0,0
75,9,7,7,18,Y6048294,,,,0,30.0,0,0
75,9,7,7,19,Y6048295,,,,0,30.0,0,0
75,9,7,7,20,Y6048296,,,,0,30.0,0,0
75,9,7,7,21,Y6048297,,,,0,30.0,0,0
75,9,7,7,22,Y6048298,,,,0,30.0,0,0
75,9,7,7,23,Y6048299,,,,0,30.0,0,0
75,9,7,7,24,Y6048300,,,,0,30.0,0,0
75,9,7,7,25,Y6048301,,,,0,30.0,0,0
75,9,7,7,26,Y6048302,,,,0,30.0,0,0
75,9,7,7,27,Y6048303,,,,0,30.0,0,0
75,9,7,7,28,Y6048304,,,,0,30.0,0,0
75,9,7,7,29,Y6048305,,,,0,30.0,0,0
75,9,7,7,30,Y6048306,,,,0,30.0,0,0
75,9,7,8,10,Y6048307,,,,0,30.0,0,0
75,9,7,8,11,Y6048308,,,,0,30.0,0,0
75,9,7,8,12,Y6048309,,,,0,30.0,0,0
75,9,7,8,13,Y6048310,,,,0,30.0,0,0
75,9,7,8,14,Y6048311,,,,0,30.0,0,0
75,9,7,8,15,Y6048312,,,,0,30.0,0,0
75,9,7,8,16,Y6048313,,,,0,30.0,0,0
75,9,7,8,17,Y6048314,,,,0,30.0,0,0
75,9,7,8,18,Y6048315,,,,0,30.0,0,0
75,9,7,8,19,Y6048316,,,,0,30.0,0,0
75,9,7,8,20,Y6048317,,,,0,30.0,0,0
75,9,7,8,21,Y6048318,,,,0,30.0,0,0
75,9,7,8,22,Y6048319,,,,0,30.0,0,0
75,9,7,8,23,Y6048320,,,,0,30.0,0,0
75,9,7,8,24,Y6048321,,,,0,30.0,0,0
75,9,7,8,25,Y6048322,,,,0,30.0,0,0
75,9,7,8,26,Y6048323,,,,0,30.0,0,0
75,9,7,8,27,Y6048324,,,,0,30.0,0,0
75,9,7,8,28,Y6048325,,,,0,30.0,0,0
75,9,7,8,29,Y6048326,,,,0,30.0,0,0
75,9,7,8,30,Y6048327,,,,0,30.0,0,0
75,9,7,9,10,Y6048328,,,,0,30.0,0,0
75,9,7,9,11,Y6048329,,,,0,30.0,0,0
75,9,7,9,12,Y6048330,,,,0,30.0,0,0
75,9,7,9,13,Y6048331,,,,0,30.0,0,0
75,9,7,9,14,Y6048332,,,,0,30.0,0,0
75,9,7,9,15,Y6048333,,,,0,30.0,0,0
75,9,7,9,16,Y6048334,,,,0,30.0,0,0
75,9,7,9,17,Y6048335,,,,0,30.0,0,0
75,9,7,9,18,Y6048336,,,,0,30.0,0,0
75,9,7,9,19,Y6048337,,,,0,30.0,0,0
75,9,7,9,20,Y6048338,,,,0,30.0,0,0
75,9,7,9,21,Y6048339,,,,0,30.0,0,0
75,9,7,9,22,Y6048340,,,,0,30.0,0,0
75,9,7,9,23,Y6048341,,,,0,30.0,0,0
75,9,7,9,24,Y6048342,,,,0,30.0,0,0
75,9,7,9,25,Y6048343,,,,0,30.0,0,0
75,9,7,9,26,Y6048344,,,,0,30.0,0,0
75,9,7,9,27,Y6048345,,,,0,30.0,0,0
75,9,7,9,28,Y6048346,,,,0,30.0,0,0
75,9,7,9,29,Y6048347,,,,0,30.0,0,0
75,9,7,9,30,Y6048348,,,,0,30.0,0,0
75,9,7,10,10,Y6048349,,,,0,30.0,0,0
75,9,7,10,11,Y6048350,,,,0,30.0,0,0
75,9,7,10,12,Y6048351,,,,0,30.0,0,0
75,9,7,10,13,Y6048352,,,,0,30.0,0,0
75,9,7,10,14,Y6048353,,,,0,30.0,0,0
75,9,7,10,15,Y6048354,,,,0,30.0,0,0
75,9,7,10,16,Y6048355,,,,0,30.0,0,0
75,9,7,10,17,Y6048356,,,,0,30.0,0,0
75,9,7,10,18,Y6048357,,,,0,30.0,0,0
75,9,7,10,19,Y6048358,,,,0,30.0,0,0
75,9,7,10,20,Y6048359,,,,0,30.0,0,0
75,9,7,10,21,Y6048360,,,,0,30.0,0,0
75,9,7,10,22,Y6048361,,,,0,30.0,0,0
75,9,7,10,23,Y6048362,,,,0,30.0,0,0
75,9,7,10,24,Y6048363,,,,0,30.0,0,0
75,9,7,10,25,Y6048364,,,,0,30.0,0,0
75,9,7,10,26,Y6048365,,,,0,30.0,0,0
75,9,7,10,27,Y6048366,,,,0,30.0,0,0
75,9,7,10,28,Y6048367,,,,0,30.0,0,0
75,9,7,10,29,Y6048368,,,,0,30.0,0,0
75,9,7,10,30,Y6048369,,,,0,30.0,0,0
75,9,7,11,10,Y6048370,,,,0,30.0,0,0
75,9,7,11,11,Y6048371,,,,0,30.0,0,0
75,9,7,11,12,Y6048372,,,,0,30.0,0,0
75,9,7,11,13,Y6048373,,,,0,30.0,0,0
75,9,7,11,14,Y6048374,,,,0,30.0,0,0
75,9,7,11,15,Y6048375,,,,0,30.0,0,0
75,9,7,11,16,Y6048376,,,,0,30.0,0,0
75,9,7,11,17,Y6048377,,,,0,30.0,0,0
75,9,7,11,18,Y6048378,,,,3461,30.0,0,0
75,9,7,11,19,Y6048379,,,,0,30.0,0,0
75,9,7,11,20,Y6048380,,,,0,30.0,0,0
75,9,7,11,21,Y6048381,,,,0,30.0,0,0
75,9,7,11,22,Y6048382,,,,0,30.0,0,0
75,9,7,11,23,Y6048383,,,,0,30.0,0,0
75,9,7,11,24,Y6048384,,,,0,30.0,0,0
75,9,7,11,25,Y6048385,,,,0,30.0,0,0
75,9,7,11,26,Y6048386,,,,0,30.0,0,0
75,9,7,11,27,Y6048387,,,,0,30.0,0,0
75,9,7,11,28,Y6048388,,,,0,30.0,0,0
75,9,7,11,29,Y6048389,,,,0,30.0,0,0
75,9,7,11,30,Y6048390,,,,0,30.0,0,0
75,9,7,12,10,Y6048391,,,,0,30.0,0,0
75,9,7,12,11,Y6048392,,,,0,30.0,0,0
75,9,7,12,12,Y6048393,,,,0,30.0,0,0
75,9,7,12,13,Y6048394,,,,0,30.0,0,0
75,9,7,12,14,Y6048395,,,,0,30.0,0,0
75,9,7,12,15,Y6048396,,,,0,30.0,0,0
75,9,7,12,16,Y6048397,,,,0,30.0,0,0
75,9,7,12,17,Y6048398,,,,0,30.0,0,0
75,9,7,12,18,Y6048399,,,,3615,30.0,0,0
75,9,7,12,19,Y6048400,,,,0,30.0,0,0
75,9,7,12,20,Y6048401,,,,0,30.0,0,0
75,9,7,12,21,Y6048402,,,,0,30.0,0,0
75,9,7,12,22,Y6048403,,,,0,30.0,0,0
75,9,7,12,23,Y6048404,,,,0,30.0,0,0
75,9,7,12,24,Y6048405,,,,0,30.0,0,0
75,9,7,12,25,Y6048406,,,,0,30.0,0,0
75,9,7,12,26,Y6048407,,,,0,30.0,0,0
75,9,7,12,27,Y6048408,,,,0,30.0,0,0
75,9,7,12,28,Y6048409,,,,0,30.0,0,0
75,9,7,12,29,Y6048410,,,,0,30.0,0,0
75,9,7,12,30,Y6048411,,,,0,30.0,0,0
75,9,8,1,10,Y6048412,,,,0,30.0,0,0
75,9,8,1,11,Y6048413,,,,0,30.0,0,0
75,9,8,1,12,Y6048414,,,,0,30.0,0,0
75,9,8,1,13,Y6048415,,,,0,30.0,0,0
75,9,8,1,14,Y6048416,,,,0,30.0,0,0
75,9,8,1,15,Y6048417,,,,0,30.0,0,0
75,9,8,1,16,Y6048418,,,,0,30.0,0,0
75,9,8,1,17,Y6048419,,,,0,30.0,0,0
75,9,8,1,18,Y6048420,,,,0,30.0,0,0
75,9,8,1,19,Y6048421,,,,0,30.0,0,0
75,9,8,1,20,Y6048422,,,,0,30.0,0,0
75,9,8,1,21,Y6048423,,,,0,30.0,0,0
75,9,8,1,22,Y6048424,,,,0,30.0,0,0
75,9,8,1,23,Y6048425,,,,0,30.0,0,0
75,9,8,1,24,Y6048426,,,,0,30.0,0,0
75,9,8,1,25,Y6048427,,,,0,30.0,0,0
75,9,8,1,26,Y6048428,,,,0,30.0,0,0
75,9,8,1,27,Y6048429,,,,0,30.0,0,0
75,9,8,1,28,Y6048430,,,,0,30.0,0,0
75,9,8,1,29,Y6048431,,,,0,30.0,0,0
75,9,8,1,30,Y6048432,,,,0,30.0,0,0
75,9,8,2,10,Y6048433,,,,0,30.0,0,0
75,9,8,2,11,Y6048434,,,,0,30.0,0,0
75,9,8,2,12,Y6048435,,,,0,30.0,0,0
75,9,8,2,13,Y6048436,,,,0,30.0,0,0
75,9,8,2,14,Y6048437,,,,0,30.0,0,0
75,9,8,2,15,Y6048438,,,,0,30.0,0,0
75,9,8,2,16,Y6048439,,,,0,30.0,0,0
75,9,8,2,17,Y6048440,,,,0,30.0,0,0
75,9,8,2,18,Y6048441,,,,0,30.0,0,0
75,9,8,2,19,Y6048442,,,,0,30.0,0,0
75,9,8,2,20,Y6048443,,,,0,30.0,0,0
75,9,8,2,21,Y6048444,,,,0,30.0,0,0
75,9,8,2,22,Y6048445,,,,0,30.0,0,0
75,9,8,2,23,Y6048446,,,,0,30.0,0,0
75,9,8,2,24,Y6048447,,,,0,30.0,0,0
75,9,8,2,25,Y6048448,,,,0,30.0,0,0
75,9,8,2,26,Y6048449,,,,0,30.0,0,0
75,9,8,2,27,Y6048450,,,,0,30.0,0,0
75,9,8,2,28,Y6048451,,,,0,30.0,0,0
75,9,8,2,29,Y6048452,,,,0,30.0,0,0
75,9,8,2,30,Y6048453,,,,0,30.0,0,0
75,9,8,3,10,Y6048454,,,,0,30.0,0,0
75,9,8,3,11,Y6048455,,,,0,30.0,0,0
75,9,8,3,12,Y6048456,,,,0,30.0,0,0
75,9,8,3,13,Y6048457,,,,0,30.0,0,0
75,9,8,3,14,Y6048458,,,,0,30.0,0,0
75,9,8,3,15,Y6048459,,,,0,30.0,0,0
75,9,8,3,16,Y6048460,,,,0,30.0,0,0
75,9,8,3,17,Y6048461,,,,0,30.0,0,0
75,9,8,3,18,Y6048462,,,,0,30.0,0,0
75,9,8,3,19,Y6048463,,,,0,30.0,0,0
75,9,8,3,20,Y6048464,,,,0,30.0,0,0
75,9,8,3,21,Y6048465,,,,0,30.0,0,0
75,9,8,3,22,Y6048466,,,,0,30.0,0,0
75,9,8,3,23,Y6048467,,,,0,30.0,0,0
75,9,8,3,24,Y6048468,,,,0,30.0,0,0
75,9,8,3,25,Y6048469,,,,0,30.0,0,0
75,9,8,3,26,Y6048470,,,,0,30.0,0,0
75,9,8,3,27,Y6048471,,,,0,30.0,0,0
75,9,8,3,28,Y6048472,,,,0,30.0,0,0
75,9,8,3,29,Y6048473,,,,0,30.0,0,0
75,9,8,3,30,Y6048474,,,,0,30.0,0,0
75,9,8,4,10,Y6048475,,,,0,30.0,0,0
75,9,8,4,11,Y6048476,,,,0,30.0,0,0
75,9,8,4,12,Y6048477,,,,0,30.0,0,0
75,9,8,4,13,Y6048478,,,,0,30.0,0,0
75,9,8,4,14,Y6048479,,,,0,30.0,0,0
75,9,8,4,15,Y6048480,,,,0,30.0,0,0
75,9,8,4,16,Y6048481,,,,0,30.0,0,0
75,9,8,4,17,Y6048482,,,,0,30.0,0,0
75,9,8,4,18,Y6048483,,,,0,30.0,0,0
75,9,8,4,19,Y6048484,,,,0,30.0,0,0
75,9,8,4,20,Y6048485,,,,0,30.0,0,0
75,9,8,4,21,Y6048486,,,,0,30.0,0,0
75,9,8,4,22,Y6048487,,,,0,30.0,0,0
75,9,8,4,23,Y6048488,,,,0,30.0,0,0
75,9,8,4,24,Y6048489,,,,0,30.0,0,0
75,9,8,4,25,Y6048490,,,,0,30.0,0,0
75,9,8,4,26,Y6048491,,,,0,30.0,0,0
75,9,8,4,27,Y6048492,,,,0,30.0,0,0
75,9,8,4,28,Y6048493,,,,0,30.0,0,0
75,9,8,4,29,Y6048494,,,,0,30.0,0,0
75,9,8,4,30,Y6048495,,,,0,30.0,0,0
75,9,8,5,10,Y6048496,,,,0,30.0,0,0
75,9,8,5,11,Y6048497,,,,0,30.0,0,0
75,9,8,5,12,Y6048498,,,,0,30.0,0,0
75,9,8,5,13,Y6048499,,,,0,30.0,0,0
75,9,8,5,14,Y6048500,,,,0,30.0,0,0
75,9,8,5,15,Y6048501,,,,0,30.0,0,0
75,9,8,5,16,Y6048502,,,,0,30.0,0,0
75,9,8,5,17,Y6048503,,,,0,30.0,0,0
75,9,8,5,18,Y6048504,,,,0,30.0,0,0
75,9,8,5,19,Y6048505,,,,0,30.0,0,0
75,9,8,5,20,Y6048506,,,,0,30.0,0,0
75,9,8,5,21,Y6048507,,,,0,30.0,0,0
75,9,8,5,22,Y6048508,,,,0,30.0,0,0
75,9,8,5,23,Y6048509,,,,0,30.0,0,0
75,9,8,5,24,Y6048510,,,,0,30.0,0,0
75,9,8,5,25,Y6048511,,,,0,30.0,0,0
75,9,8,5,26,Y6048512,,,,0,30.0,0,0
75,9,8,5,27,Y6048513,,,,0,30.0,0,0
75,9,8,5,28,Y6048514,,,,0,30.0,0,0
75,9,8,5,29,Y6048515,,,,0,30.0,0,0
75,9,8,5,30,Y6048516,,,,0,30.0,0,0
75,9,8,6,10,Y6048517,,,,0,30.0,0,0
75,9,8,6,11,Y6048518,,,,0,30.0,0,0
75,9,8,6,12,Y6048519,,,,0,30.0,0,0
75,9,8,6,13,Y6048520,,,,0,30.0,0,0
75,9,8,6,14,Y6048521,,,,0,30.0,0,0
75,9,8,6,15,Y6048522,,,,0,30.0,0,0
75,9,8,6,16,Y6048523,,,,0,30.0,0,0
75,9,8,6,17,Y6048524,,,,0,30.0,0,0
75,9,8,6,18,Y6048525,,,,0,30.0,0,0
75,9,8,6,19,Y6048526,,,,0,30.0,0,0
75,9,8,6,20,Y6048527,,,,0,30.0,0,0
75,9,8,6,21,Y6048528,,,,0,30.0,0,0
75,9,8,6,22,Y6048529,,,,0,30.0,0,0
75,9,8,6,23,Y6048530,,,,0,30.0,0,0
75,9,8,6,24,Y6048531,,,,0,30.0,0,0
75,9,8,6,25,Y6048532,,,,0,30.0,0,0
75,9,8,6,26,Y6048533,,,,0,30.0,0,0
75,9,8,6,27,Y6048534,,,,0,30.0,0,0
75,9,8,6,28,Y6048535,,,,0,30.0,0,0
75,9,8,6,29,Y6048536,,,,0,30.0,0,0
75,9,8,6,30,Y6048537,,,,0,30.0,0,0
75,9,8,7,10,Y6048538,,,,0,30.0,0,0
75,9,8,7,11,Y6048539,,,,0,30.0,0,0
75,9,8,7,12,Y6048540,,,,0,30.0,0,0
75,9,8,7,13,Y6048541,,,,0,30.0,0,0
75,9,8,7,14,Y6048542,,,,0,30.0,0,0
75,9,8,7,15,Y6048543,,,,0,30.0,0,0
75,9,8,7,16,Y6048544,,,,0,30.0,0,0
75,9,8,7,17,Y6048545,,,,0,30.0,0,0
75,9,8,7,18,Y6048546,,,,0,30.0,0,0
75,9,8,7,19,Y6048547,,,,0,30.0,0,0
75,9,8,7,20,Y6048548,,,,0,30.0,0,0
75,9,8,7,21,Y6048549,,,,0,30.0,0,0
75,9,8,7,22,Y6048550,,,,0,30.0,0,0
75,9,8,7,23,Y6048551,,,,0,30.0,0,0
75,9,8,7,24,Y6048552,,,,0,30.0,0,0
75,9,8,7,25,Y6048553,,,,0,30.0,0,0
75,9,8,7,26,Y6048554,,,,0,30.0,0,0
75,9,8,7,27,Y6048555,,,,0,30.0,0,0
75,9,8,7,28,Y6048556,,,,0,30.0,0,0
75,9,8,7,29,Y6048557,,,,0,30.0,0,0
75,9,8,7,30,Y6048558,,,,0,30.0,0,0
75,9,8,8,10,Y6048559,,,,0,30.0,0,0
75,9,8,8,11,Y6048560,,,,0,30.0,0,0
75,9,8,8,12,Y6048561,,,,0,30.0,0,0
75,9,8,8,13,Y6048562,,,,0,30.0,0,0
75,9,8,8,14,Y6048563,,,,0,30.0,0,0
75,9,8,8,15,Y6048564,,,,0,30.0,0,0
75,9,8,8,16,Y6048565,,,,0,30.0,0,0
75,9,8,8,17,Y6048566,,,,0,30.0,0,0
75,9,8,8,18,Y6048567,,,,0,30.0,0,0
75,9,8,8,19,Y6048568,,,,0,30.0,0,0
75,9,8,8,20,Y6048569,,,,0,30.0,0,0
75,9,8,8,21,Y6048570,,,,0,30.0,0,0
75,9,8,8,22,Y6048571,,,,0,30.0,0,0
75,9,8,8,23,Y6048572,,,,0,30.0,0,0
75,9,8,8,24,Y6048573,,,,0,30.0,0,0
75,9,8,8,25,Y6048574,,,,0,30.0,0,0
75,9,8,8,26,Y6048575,,,,0,30.0,0,0
75,9,8,8,27,Y6048576,,,,0,30.0,0,0
75,9,8,8,28,Y6048577,,,,0,30.0,0,0
75,9,8,8,29,Y6048578,,,,0,30.0,0,0
75,9,8,8,30,Y6048579,,,,0,30.0,0,0
75,9,8,9,10,Y6048580,,,,0,30.0,0,0
75,9,8,9,11,Y6048581,,,,0,30.0,0,0
75,9,8,9,12,Y6048582,,,,0,30.0,0,0
75,9,8,9,13,Y6048583,,,,0,30.0,0,0
75,9,8,9,14,Y6048584,,,,0,30.0,0,0
75,9,8,9,15,Y6048585,,,,0,30.0,0,0
75,9,8,9,16,Y6048586,,,,0,30.0,0,0
75,9,8,9,17,Y6048587,,,,0,30.0,0,0
75,9,8,9,18,Y6048588,,,,0,30.0,0,0
75,9,8,9,19,Y6048589,,,,0,30.0,0,0
75,9,8,9,20,Y6048590,,,,0,30.0,0,0
75,9,8,9,21,Y6048591,,,,0,30.0,0,0
75,9,8,9,22,Y6048592,,,,0,30.0,0,0
75,9,8,9,23,Y6048593,,,,0,30.0,0,0
75,9,8,9,24,Y6048594,,,,0,30.0,0,0
75,9,8,9,25,Y6048595,,,,0,30.0,0,0
75,9,8,9,26,Y6048596,,,,0,30.0,0,0
75,9,8,9,27,Y6048597,,,,0,30.0,0,0
75,9,8,9,28,Y6048598,,,,0,30.0,0,0
75,9,8,9,29,Y6048599,,,,0,30.0,0,0
75,9,8,9,30,Y6048600,,,,0,30.0,0,0
75,9,8,10,10,Y6048601,,,,0,30.0,0,0
75,9,8,10,11,Y6048602,,,,0,30.0,0,0
75,9,8,10,12,Y6048603,,,,0,30.0,0,0
75,9,8,10,13,Y6048604,,,,0,30.0,0,0
75,9,8,10,14,Y6048605,,,,0,30.0,0,0
75,9,8,10,15,Y6048606,,,,0,30.0,0,0
75,9,8,10,16,Y6048607,,,,0,30.0,0,0
75,9,8,10,17,Y6048608,,,,0,30.0,0,0
75,9,8,10,18,Y6048609,,,,0,30.0,0,0
75,9,8,10,19,Y6048610,,,,0,30.0,0,0
75,9,8,10,20,Y6048611,,,,0,30.0,0,0
75,9,8,10,21,Y6048612,,,,0,30.0,0,0
75,9,8,10,22,Y6048613,,,,0,30.0,0,0
75,9,8,10,23,Y6048614,,,,0,30.0,0,0
75,9,8,10,24,Y6048615,,,,0,30.0,0,0
75,9,8,10,25,Y6048616,,,,0,30.0,0,0
75,9,8,10,26,Y6048617,,,,0,30.0,0,0
75,9,8,10,27,Y6048618,,,,0,30.0,0,0
75,9,8,10,28,Y6048619,,,,0,30.0,0,0
75,9,8,10,29,Y6048620,,,,0,30.0,0,0
75,9,8,10,30,Y6048621,,,,0,30.0,0,0
75,9,8,11,10,Y6048622,,,,0,30.0,0,0
75,9,8,11,11,Y6048623,,,,0,30.0,0,0
75,9,8,11,12,Y6048624,,,,0,30.0,0,0
75,9,8,11,13,Y6048625,,,,0,30.0,0,0
75,9,8,11,14,Y6048626,,,,0,30.0,0,0
75,9,8,11,15,Y6048627,,,,0,30.0,0,0
75,9,8,11,16,Y6048628,,,,0,30.0,0,0
75,9,8,11,17,Y6048629,,,,0,30.0,0,0
75,9,8,11,18,Y6048630,,,,3401,30.0,0,0
75,9,8,11,19,Y6048631,,,,0,30.0,0,0
75,9,8,11,20,Y6048632,,,,0,30.0,0,0
75,9,8,11,21,Y6048633,,,,0,30.0,0,0
75,9,8,11,22,Y6048634,,,,0,30.0,0,0
75,9,8,11,23,Y6048635,,,,0,30.0,0,0
75,9,8,11,24,Y6048636,,,,0,30.0,0,0
75,9,8,11,25,Y6048637,,,,0,30.0,0,0
75,9,8,11,26,Y6048638,,,,0,30.0,0,0
75,9,8,11,27,Y6048639,,,,0,30.0,0,0
75,9,8,11,28,Y6048640,,,,0,30.0,0,0
75,9,8,11,29,Y6048641,,,,0,30.0,0,0
75,9,8,11,30,Y6048642,,,,0,30.0,0,0
75,9,8,12,10,Y6048643,,,,0,30.0,0,0
75,9,8,12,11,Y6048644,,,,0,30.0,0,0
75,9,8,12,12,Y6048645,,,,0,30.0,0,0
75,9,8,12,13,Y6048646,,,,0,30.0,0,0
75,9,8,12,14,Y6048647,,,,0,30.0,0,0
75,9,8,12,15,Y6048648,,,,0,30.0,0,0
75,9,8,12,16,Y6048649,,,,0,30.0,0,0
75,9,8,12,17,Y6048650,,,,0,30.0,0,0
75,9,8,12,18,Y6048651,,,,3547,30.0,0,0
75,9,8,12,19,Y6048652,,,,0,30.0,0,0
75,9,8,12,20,Y6048653,,,,0,30.0,0,0
75,9,8,12,21,Y6048654,,,,0,30.0,0,0
75,9,8,12,22,Y6048655,,,,0,30.0,0,0
75,9,8,12,23,Y6048656,,,,0,30.0,0,0
75,9,8,12,24,Y6048657,,,,0,30.0,0,0
75,9,8,12,25,Y6048658,,,,0,30.0,0,0
75,9,8,12,26,Y6048659,,,,0,30.0,0,0
75,9,8,12,27,Y6048660,,,,0,30.0,0,0
75,9,8,12,28,Y6048661,,,,0,30.0,0,0
75,9,8,12,29,Y6048662,,,,0,30.0,0,0
75,9,8,12,30,Y6048663,,,,0,30.0,0,0
75,9,9,1,10,Y6048664,,,,0,30.0,0,0
75,9,9,1,11,Y6048665,,,,0,30.0,0,0
75,9,9,1,12,Y6048666,,,,0,30.0,0,0
75,9,9,1,13,Y6048667,,,,0,30.0,0,0
75,9,9,1,14,Y6048668,,,,0,30.0,0,0
75,9,9,1,15,Y6048669,,,,0,30.0,0,0
75,9,9,1,16,Y6048670,,,,0,30.0,0,0
75,9,9,1,17,Y6048671,,,,0,30.0,0,0
75,9,9,1,18,Y6048672,,,,0,30.0,0,0
75,9,9,1,19,Y6048673,,,,0,30.0,0,0
75,9,9,1,20,Y6048674,,,,0,30.0,0,0
75,9,9,1,21,Y6048675,,,,0,30.0,0,0
75,9,9,1,22,Y6048676,,,,0,30.0,0,0
75,9,9,1,23,Y6048677,,,,0,30.0,0,0
75,9,9,1,24,Y6048678,,,,0,30.0,0,0
75,9,9,1,25,Y6048679,,,,0,30.0,0,0
75,9,9,1,26,Y6048680,,,,0,30.0,0,0
75,9,9,1,27,Y6048681,,,,0,30.0,0,0
75,9,9,1,28,Y6048682,,,,0,30.0,0,0
75,9,9,1,29,Y6048683,,,,0,30.0,0,0
75,9,9,1,30,Y6048684,,,,0,30.0,0,0
75,9,9,2,10,Y6048685,,,,0,30.0,0,0
75,9,9,2,11,Y6048686,,,,0,30.0,0,0
75,9,9,2,12,Y6048687,,,,0,30.0,0,0
75,9,9,2,13,Y6048688,,,,0,30.0,0,0
75,9,9,2,14,Y6048689,,,,0,30.0,0,0
75,9,9,2,15,Y6048690,,,,0,30.0,0,0
75,9,9,2,16,Y6048691,,,,0,30.0,0,0
75,9,9,2,17,Y6048692,,,,0,30.0,0,0
75,9,9,2,18,Y6048693,,,,0,30.0,0,0
75,9,9,2,19,Y6048694,,,,0,30.0,0,0
75,9,9,2,20,Y6048695,,,,0,30.0,0,0
75,9,9,2,21,Y6048696,,,,0,30.0,0,0
75,9,9,2,22,Y6048697,,,,0,30.0,0,0
75,9,9,2,23,Y6048698,,,,0,30.0,0,0
75,9,9,2,24,Y6048699,,,,0,30.0,0,0
75,9,9,2,25,Y6048700,,,,0,30.0,0,0
75,9,9,2,26,Y6048701,,,,0,30.0,0,0
75,9,9,2,27,Y6048702,,,,0,30.0,0,0
75,9,9,2,28,Y6048703,,,,0,30.0,0,0
75,9,9,2,29,Y6048704,,,,0,30.0,0,0
75,9,9,2,30,Y6048705,,,,0,30.0,0,0
75,9,9,3,10,Y6048706,,,,0,30.0,0,0
75,9,9,3,11,Y6048707,,,,0,30.0,0,0
75,9,9,3,12,Y6048708,,,,0,30.0,0,0
75,9,9,3,13,Y6048709,,,,0,30.0,0,0
75,9,9,3,14,Y6048710,,,,0,30.0,0,0
75,9,9,3,15,Y6048711,,,,0,30.0,0,0
75,9,9,3,16,Y6048712,,,,0,30.0,0,0
75,9,9,3,17,Y6048713,,,,0,30.0,0,0
75,9,9,3,18,Y6048714,,,,0,30.0,0,0
75,9,9,3,19,Y6048715,,,,0,30.0,0,0
75,9,9,3,20,Y6048716,,,,0,30.0,0,0
75,9,9,3,21,Y6048717,,,,0,30.0,0,0
75,9,9,3,22,Y6048718,,,,0,30.0,0,0
75,9,9,3,23,Y6048719,,,,0,30.0,0,0
75,9,9,3,24,Y6048720,,,,0,30.0,0,0
75,9,9,3,25,Y6048721,,,,0,30.0,0,0
75,9,9,3,26,Y6048722,,,,0,30.0,0,0
75,9,9,3,27,Y6048723,,,,0,30.0,0,0
75,9,9,3,28,Y6048724,,,,0,30.0,0,0
75,9,9,3,29,Y6048725,,,,0,30.0,0,0
75,9,9,3,30,Y6048726,,,,0,30.0,0,0
75,9,9,4,10,Y6048727,,,,0,30.0,0,0
75,9,9,4,11,Y6048728,,,,0,30.0,0,0
75,9,9,4,12,Y6048729,,,,0,30.0,0,0
75,9,9,4,13,Y6048730,,,,0,30.0,0,0
75,9,9,4,14,Y6048731,,,,0,30.0,0,0
75,9,9,4,15,Y6048732,,,,0,30.0,0,0
75,9,9,4,16,Y6048733,,,,0,30.0,0,0
75,9,9,4,17,Y6048734,,,,0,30.0,0,0
75,9,9,4,18,Y6048735,,,,0,30.0,0,0
75,9,9,4,19,Y6048736,,,,0,30.0,0,0
75,9,9,4,20,Y6048737,,,,0,30.0,0,0
75,9,9,4,21,Y6048738,,,,0,30.0,0,0
75,9,9,4,22,Y6048739,,,,0,30.0,0,0
75,9,9,4,23,Y6048740,,,,0,30.0,0,0
75,9,9,4,24,Y6048741,,,,0,30.0,0,0
75,9,9,4,25,Y6048742,,,,0,30.0,0,0
75,9,9,4,26,Y6048743,,,,0,30.0,0,0
75,9,9,4,27,Y6048744,,,,0,30.0,0,0
75,9,9,4,28,Y6048745,,,,0,30.0,0,0
75,9,9,4,29,Y6048746,,,,0,30.0,0,0
75,9,9,4,30,Y6048747,,,,0,30.0,0,0
75,9,9,5,10,Y6048748,,,,0,30.0,0,0
75,9,9,5,11,Y6048749,,,,0,30.0,0,0
75,9,9,5,12,Y6048750,,,,0,30.0,0,0
75,9,9,5,13,Y6048751,,,,0,30.0,0,0
75,9,9,5,14,Y6048752,,,,0,30.0,0,0
75,9,9,5,15,Y6048753,,,,0,30.0,0,0
75,9,9,5,16,Y6048754,,,,0,30.0,0,0
75,9,9,5,17,Y6048755,,,,0,30.0,0,0
75,9,9,5,18,Y6048756,,,,0,30.0,0,0
75,9,9,5,19,Y6048757,,,,0,30.0,0,0
75,9,9,5,20,Y6048758,,,,0,30.0,0,0
75,9,9,5,21,Y6048759,,,,0,30.0,0,0
75,9,9,5,22,Y6048760,,,,0,30.0,0,0
75,9,9,5,23,Y6048761,,,,0,30.0,0,0
75,9,9,5,24,Y6048762,,,,0,30.0,0,0
75,9,9,5,25,Y6048763,,,,0,30.0,0,0
75,9,9,5,26,Y6048764,,,,0,30.0,0,0
75,9,9,5,27,Y6048765,,,,0,30.0,0,0
75,9,9,5,28,Y6048766,,,,0,30.0,0,0
75,9,9,5,29,Y6048767,,,,0,30.0,0,0
75,9,9,5,30,Y6048768,,,,0,30.0,0,0
75,9,9,6,10,Y6048769,,,,0,30.0,0,0
75,9,9,6,11,Y6048770,,,,0,30.0,0,0
75,9,9,6,12,Y6048771,,,,0,30.0,0,0
75,9,9,6,13,Y6048772,,,,0,30.0,0,0
75,9,9,6,14,Y6048773,,,,0,30.0,0,0
75,9,9,6,15,Y6048774,,,,0,30.0,0,0
75,9,9,6,16,Y6048775,,,,0,30.0,0,0
75,9,9,6,17,Y6048776,,,,0,30.0,0,0
75,9,9,6,18,Y6048777,,,,0,30.0,0,0
75,9,9,6,19,Y6048778,,,,0,30.0,0,0
75,9,9,6,20,Y6048779,,,,0,30.0,0,0
75,9,9,6,21,Y6048780,,,,0,30.0,0,0
75,9,9,6,22,Y6048781,,,,0,30.0,0,0
75,9,9,6,23,Y6048782,,,,0,30.0,0,0
75,9,9,6,24,Y6048783,,,,0,30.0,0,0
75,9,9,6,25,Y6048784,,,,0,30.0,0,0
75,9,9,6,26,Y6048785,,,,0,30.0,0,0
75,9,9,6,27,Y6048786,,,,0,30.0,0,0
75,9,9,6,28,Y6048787,,,,0,30.0,0,0
75,9,9,6,29,Y6048788,,,,0,30.0,0,0
75,9,9,6,30,Y6048789,,,,0,30.0,0,0
75,9,9,7,10,Y6048790,,,,0,30.0,0,0
75,9,9,7,11,Y6048791,,,,0,30.0,0,0
75,9,9,7,12,Y6048792,,,,0,30.0,0,0
75,9,9,7,13,Y6048793,,,,0,30.0,0,0
75,9,9,7,14,Y6048794,,,,0,30.0,0,0
75,9,9,7,15,Y6048795,,,,0,30.0,0,0
75,9,9,7,16,Y6048796,,,,0,30.0,0,0
75,9,9,7,17,Y6048797,,,,0,30.0,0,0
75,9,9,7,18,Y6048798,,,,0,30.0,0,0
75,9,9,7,19,Y6048799,,,,0,30.0,0,0
75,9,9,7,20,Y6048800,,,,0,30.0,0,0
75,9,9,7,21,Y6048801,,,,0,30.0,0,0
75,9,9,7,22,Y6048802,,,,0,30.0,0,0
75,9,9,7,23,Y6048803,,,,0,30.0,0,0
75,9,9,7,24,Y6048804,,,,0,30.0,0,0
75,9,9,7,25,Y6048805,,,,0,30.0,0,0
75,9,9,7,26,Y6048806,,,,0,30.0,0,0
75,9,9,7,27,Y6048807,,,,0,30.0,0,0
75,9,9,7,28,Y6048808,,,,0,30.0,0,0
75,9,9,7,29,Y6048809,,,,0,30.0,0,0
75,9,9,7,30,Y6048810,,,,0,30.0,0,0
75,9,9,8,10,Y6048811,,,,0,30.0,0,0
75,9,9,8,11,Y6048812,,,,0,30.0,0,0
75,9,9,8,12,Y6048813,,,,0,30.0,0,0
75,9,9,8,13,Y6048814,,,,0,30.0,0,0
75,9,9,8,14,Y6048815,,,,0,30.0,0,0
75,9,9,8,15,Y6048816,,,,0,30.0,0,0
75,9,9,8,16,Y6048817,,,,0,30.0,0,0
75,9,9,8,17,Y6048818,,,,0,30.0,0,0
75,9,9,8,18,Y6048819,,,,0,30.0,0,0
75,9,9,8,19,Y6048820,,,,0,30.0,0,0
75,9,9,8,20,Y6048821,,,,0,30.0,0,0
75,9,9,8,21,Y6048822,,,,0,30.0,0,0
75,9,9,8,22,Y6048823,,,,0,30.0,0,0
75,9,9,8,23,Y6048824,,,,0,30.0,0,0
75,9,9,8,24,Y6048825,,,,0,30.0,0,0
75,9,9,8,25,Y6048826,,,,0,30.0,0,0
75,9,9,8,26,Y6048827,,,,0,30.0,0,0
75,9,9,8,27,Y6048828,,,,0,30.0,0,0
75,9,9,8,28,Y6048829,,,,0,30.0,0,0
75,9,9,8,29,Y6048830,,,,0,30.0,0,0
75,9,9,8,30,Y6048831,,,,0,30.0,0,0
75,9,9,9,10,Y6048832,,,,0,30.0,0,0
75,9,9,9,11,Y6048833,,,,0,30.0,0,0
75,9,9,9,12,Y6048834,,,,0,30.0,0,0
75,9,9,9,13,Y6048835,,,,0,30.0,0,0
75,9,9,9,14,Y6048836,,,,0,30.0,0,0
75,9,9,9,15,Y6048837,,,,0,30.0,0,0
75,9,9,9,16,Y6048838,,,,0,30.0,0,0
75,9,9,9,17,Y6048839,,,,0,30.0,0,0
75,9,9,9,18,Y6048840,,,,0,30.0,0,0
75,9,9,9,19,Y6048841,,,,0,30.0,0,0
75,9,9,9,20,Y6048842,,,,0,30.0,0,0
75,9,9,9,21,Y6048843,,,,0,30.0,0,0
75,9,9,9,22,Y6048844,,,,0,30.0,0,0
75,9,9,9,23,Y6048845,,,,0,30.0,0,0
75,9,9,9,24,Y6048846,,,,0,30.0,0,0
75,9,9,9,25,Y6048847,,,,0,30.0,0,0
75,9,9,9,26,Y6048848,,,,0,30.0,0,0
75,9,9,9,27,Y6048849,,,,0,30.0,0,0
75,9,9,9,28,Y6048850,,,,0,30.0,0,0
75,9,9,9,29,Y6048851,,,,0,30.0,0,0
75,9,9,9,30,Y6048852,,,,0,30.0,0,0
75,9,9,10,10,Y6048853,,,,0,30.0,0,0
75,9,9,10,11,Y6048854,,,,0,30.0,0,0
75,9,9,10,12,Y6048855,,,,0,30.0,0,0
75,9,9,10,13,Y6048856,,,,0,30.0,0,0
75,9,9,10,14,Y6048857,,,,0,30.0,0,0
75,9,9,10,15,Y6048858,,,,0,30.0,0,0
75,9,9,10,16,Y6048859,,,,0,30.0,0,0
75,9,9,10,17,Y6048860,,,,0,30.0,0,0
75,9,9,10,18,Y6048861,,,,0,30.0,0,0
75,9,9,10,19,Y6048862,,,,0,30.0,0,0
75,9,9,10,20,Y6048863,,,,0,30.0,0,0
75,9,9,10,21,Y6048864,,,,0,30.0,0,0
75,9,9,10,22,Y6048865,,,,0,30.0,0,0
75,9,9,10,23,Y6048866,,,,0,30.0,0,0
75,9,9,10,24,Y6048867,,,,0,30.0,0,0
75,9,9,10,25,Y6048868,,,,0,30.0,0,0
75,9,9,10,26,Y6048869,,,,0,30.0,0,0
75,9,9,10,27,Y6048870,,,,0,30.0,0,0
75,9,9,10,28,Y6048871,,,,0,30.0,0,0
75,9,9,10,29,Y6048872,,,,0,30.0,0,0
75,9,9,10,30,Y6048873,,,,0,30.0,0,0
75,9,9,11,10,Y6048874,,,,0,30.0,0,0
75,9,9,11,11,Y6048875,,,,0,30.0,0,0
75,9,9,11,12,Y6048876,,,,0,30.0,0,0
75,9,9,11,13,Y6048877,,,,0,30.0,0,0
75,9,9,11,14,Y6048878,,,,0,30.0,0,0
75,9,9,11,15,Y6048879,,,,0,30.0,0,0
75,9,9,11,16,Y6048880,,,,0,30.0,0,0
75,9,9,11,17,Y6048881,,,,0,30.0,0,0
75,9,9,11,18,Y6048882,,,,0,30.0,0,0
75,9,9,11,19,Y6048883,,,,0,30.0,0,0
75,9,9,11,20,Y6048884,,,,0,30.0,0,0
75,9,9,11,21,Y6048885,,,,0,30.0,0,0
75,9,9,11,22,Y6048886,,,,0,30.0,0,0
75,9,9,11,23,Y6048887,,,,0,30.0,0,0
75,9,9,11,24,Y6048888,,,,0,30.0,0,0
75,9,9,11,25,Y6048889,,,,0,30.0,0,0
75,9,9,11,26,Y6048890,,,,0,30.0,0,0
75,9,9,11,27,Y6048891,,,,0,30.0,0,0
75,9,9,11,28,Y6048892,,,,0,30.0,0,0
75,9,9,11,29,Y6048893,,,,0,30.0,0,0
75,9,9,11,30,Y6048894,,,,0,30.0,0,0
75,9,9,12,10,Y6048895,,,,0,30.0,0,0
75,9,9,12,11,Y6048896,,,,0,30.0,0,0
75,9,9,12,12,Y6048897,,,,0,30.0,0,0
75,9,9,12,13,Y6048898,,,,0,30.0,0,0
75,9,9,12,14,Y6048899,,,,0,30.0,0,0
75,9,9,12,15,Y6048900,,,,0,30.0,0,0
75,9,9,12,16,Y6048901,,,,0,30.0,0,0
75,9,9,12,17,Y6048902,,,,0,30.0,0,0
75,9,9,12,18,Y6048903,,,,3020,30.0,0,0
75,9,9,12,19,Y6048904,,,,0,30.0,0,0
75,9,9,12,20,Y6048905,,,,0,30.0,0,0
75,9,9,12,21,Y6048906,,,,0,30.0,0,0
75,9,9,12,22,Y6048907,,,,0,30.0,0,0
75,9,9,12,23,Y6048908,,,,0,30.0,0,0
75,9,9,12,24,Y6048909,,,,0,30.0,0,0
75,9,9,12,25,Y6048910,,,,0,30.0,0,0
75,9,9,12,26,Y6048911,,,,0,30.0,0,0
75,9,9,12,27,Y6048912,,,,0,30.0,0,0
75,9,9,12,28,Y6048913,,,,0,30.0,0,0
75,9,9,12,29,Y6048914,,,,0,30.0,0,0
75,9,9,12,30,Y6048915,,,,0,30.0,0,0
75,9,10,1,10,Y6048916,,,,0,30.0,0,0
75,9,10,1,11,Y6048917,,,,0,30.0,0,0
75,9,10,1,12,Y6048918,,,,0,30.0,0,0
75,9,10,1,13,Y6048919,,,,0,30.0,0,0
75,9,10,1,14,Y6048920,,,,0,30.0,0,0
75,9,10,1,15,Y6048921,,,,0,30.0,0,0
75,9,10,1,16,Y6048922,,,,0,30.0,0,0
75,9,10,1,17,Y6048923,,,,0,30.0,0,0
75,9,10,1,18,Y6048924,,,,0,30.0,0,0
75,9,10,1,19,Y6048925,,,,0,30.0,0,0
75,9,10,1,20,Y6048926,,,,0,30.0,0,0
75,9,10,1,21,Y6048927,,,,0,30.0,0,0
75,9,10,1,22,Y6048928,,,,0,30.0,0,0
75,9,10,1,23,Y6048929,,,,0,30.0,0,0
75,9,10,1,24,Y6048930,,,,0,30.0,0,0
75,9,10,1,25,Y6048931,,,,0,30.0,0,0
75,9,10,1,26,Y6048932,,,,0,30.0,0,0
75,9,10,1,27,Y6048933,,,,0,30.0,0,0
75,9,10,1,28,Y6048934,,,,0,30.0,0,0
75,9,10,1,29,Y6048935,,,,0,30.0,0,0
75,9,10,1,30,Y6048936,,,,0,30.0,0,0
75,9,10,2,10,Y6048937,,,,0,30.0,0,0
75,9,10,2,11,Y6048938,,,,0,30.0,0,0
75,9,10,2,12,Y6048939,,,,0,30.0,0,0
75,9,10,2,13,Y6048940,,,,0,30.0,0,0
75,9,10,2,14,Y6048941,,,,0,30.0,0,0
75,9,10,2,15,Y6048942,,,,0,30.0,0,0
75,9,10,2,16,Y6048943,,,,0,30.0,0,0
75,9,10,2,17,Y6048944,,,,0,30.0,0,0
75,9,10,2,18,Y6048945,,,,0,30.0,0,0
75,9,10,2,19,Y6048946,,,,0,30.0,0,0
75,9,10,2,20,Y6048947,,,,0,30.0,0,0
75,9,10,2,21,Y6048948,,,,0,30.0,0,0
75,9,10,2,22,Y6048949,,,,0,30.0,0,0
75,9,10,2,23,Y6048950,,,,0,30.0,0,0
75,9,10,2,24,Y6048951,,,,0,30.0,0,0
75,9,10,2,25,Y6048952,,,,0,30.0,0,0
75,9,10,2,26,Y6048953,,,,0,30.0,0,0
75,9,10,2,27,Y6048954,,,,0,30.0,0,0
75,9,10,2,28,Y6048955,,,,0,30.0,0,0
75,9,10,2,29,Y6048956,,,,0,30.0,0,0
75,9,10,2,30,Y6048957,,,,0,30.0,0,0
75,9,10,3,10,Y6048958,,,,0,30.0,0,0
75,9,10,3,11,Y6048959,,,,0,30.0,0,0
75,9,10,3,12,Y6048960,,,,0,30.0,0,0
75,9,10,3,13,Y6048961,,,,0,30.0,0,0
75,9,10,3,14,Y6048962,,,,0,30.0,0,0
75,9,10,3,15,Y6048963,,,,0,30.0,0,0
75,9,10,3,16,Y6048964,,,,0,30.0,0,0
75,9,10,3,17,Y6048965,,,,0,30.0,0,0
75,9,10,3,18,Y6048966,,,,0,30.0,0,0
75,9,10,3,19,Y6048967,,,,0,30.0,0,0
75,9,10,3,20,Y6048968,,,,0,30.0,0,0
75,9,10,3,21,Y6048969,,,,0,30.0,0,0
75,9,10,3,22,Y6048970,,,,0,30.0,0,0
75,9,10,3,23,Y6048971,,,,0,30.0,0,0
75,9,10,3,24,Y6048972,,,,0,30.0,0,0
75,9,10,3,25,Y6048973,,,,0,30.0,0,0
75,9,10,3,26,Y6048974,,,,0,30.0,0,0
75,9,10,3,27,Y6048975,,,,0,30.0,0,0
75,9,10,3,28,Y6048976,,,,0,30.0,0,0
75,9,10,3,29,Y6048977,,,,0,30.0,0,0
75,9,10,3,30,Y6048978,,,,0,30.0,0,0
75,9,10,4,10,Y6048979,,,,0,30.0,0,0
75,9,10,4,11,Y6048980,,,,0,30.0,0,0
75,9,10,4,12,Y6048981,,,,0,30.0,0,0
75,9,10,4,13,Y6048982,,,,0,30.0,0,0
75,9,10,4,14,Y6048983,,,,0,30.0,0,0
75,9,10,4,15,Y6048984,,,,0,30.0,0,0
75,9,10,4,16,Y6048985,,,,0,30.0,0,0
75,9,10,4,17,Y6048986,,,,0,30.0,0,0
75,9,10,4,18,Y6048987,,,,0,30.0,0,0
75,9,10,4,19,Y6048988,,,,0,30.0,0,0
75,9,10,4,20,Y6048989,,,,0,30.0,0,0
75,9,10,4,21,Y6048990,,,,0,30.0,0,0
75,9,10,4,22,Y6048991,,,,0,30.0,0,0
75,9,10,4,23,Y6048992,,,,0,30.0,0,0
75,9,10,4,24,Y6048993,,,,0,30.0,0,0
75,9,10,4,25,Y6048994,,,,0,30.0,0,0
75,9,10,4,26,Y6048995,,,,0,30.0,0,0
75,9,10,4,27,Y6048996,,,,0,30.0,0,0
75,9,10,4,28,Y6048997,,,,0,30.0,0,0
75,9,10,4,29,Y6048998,,,,0,30.0,0,0
75,9,10,4,30,Y6048999,,,,0,30.0,0,0
75,9,10,5,10,Y6049000,,,,0,30.0,0,0
75,9,10,5,11,Y6049001,,,,0,30.0,0,0
75,9,10,5,12,Y6049002,,,,0,30.0,0,0
75,9,10,5,13,Y6049003,,,,0,30.0,0,0
75,9,10,5,14,Y6049004,,,,0,30.0,0,0
75,9,10,5,15,Y6049005,,,,0,30.0,0,0
75,9,10,5,16,Y6049006,,,,0,30.0,0,0
75,9,10,5,17,Y6049007,,,,0,30.0,0,0
75,9,10,5,18,Y6049008,,,,0,30.0,0,0
75,9,10,5,19,Y6049009,,,,0,30.0,0,0
75,9,10,5,20,Y6049010,,,,0,30.0,0,0
75,9,10,5,21,Y6049011,,,,0,30.0,0,0
75,9,10,5,22,Y6049012,,,,0,30.0,0,0
75,9,10,5,23,Y6049013,,,,0,30.0,0,0
75,9,10,5,24,Y6049014,,,,0,30.0,0,0
75,9,10,5,25,Y6049015,,,,0,30.0,0,0
75,9,10,5,26,Y6049016,,,,0,30.0,0,0
75,9,10,5,27,Y6049017,,,,0,30.0,0,0
75,9,10,5,28,Y6049018,,,,0,30.0,0,0
75,9,10,5,29,Y6049019,,,,0,30.0,0,0
75,9,10,5,30,Y6049020,,,,0,30.0,0,0
75,9,10,6,10,Y6049021,,,,0,30.0,0,0
75,9,10,6,11,Y6049022,,,,0,30.0,0,0
75,9,10,6,12,Y6049023,,,,0,30.0,0,0
75,9,10,6,13,Y6049024,,,,0,30.0,0,0
75,9,10,6,14,Y6049025,,,,0,30.0,0,0
75,9,10,6,15,Y6049026,,,,0,30.0,0,0
75,9,10,6,16,Y6049027,,,,0,30.0,0,0
75,9,10,6,17,Y6049028,,,,0,30.0,0,0
75,9,10,6,18,Y6049029,,,,0,30.0,0,0
75,9,10,6,19,Y6049030,,,,0,30.0,0,0
75,9,10,6,20,Y6049031,,,,0,30.0,0,0
75,9,10,6,21,Y6049032,,,,0,30.0,0,0
75,9,10,6,22,Y6049033,,,,0,30.0,0,0
75,9,10,6,23,Y6049034,,,,0,30.0,0,0
75,9,10,6,24,Y6049035,,,,0,30.0,0,0
75,9,10,6,25,Y6049036,,,,0,30.0,0,0
75,9,10,6,26,Y6049037,,,,0,30.0,0,0
75,9,10,6,27,Y6049038,,,,0,30.0,0,0
75,9,10,6,28,Y6049039,,,,0,30.0,0,0
75,9,10,6,29,Y6049040,,,,0,30.0,0,0
75,9,10,6,30,Y6049041,,,,0,30.0,0,0
75,9,10,7,10,Y6049042,,,,0,30.0,0,0
75,9,10,7,11,Y6049043,,,,0,30.0,0,0
75,9,10,7,12,Y6049044,,,,0,30.0,0,0
75,9,10,7,13,Y6049045,,,,0,30.0,0,0
75,9,10,7,14,Y6049046,,,,0,30.0,0,0
75,9,10,7,15,Y6049047,,,,0,30.0,0,0
75,9,10,7,16,Y6049048,,,,0,30.0,0,0
75,9,10,7,17,Y6049049,,,,0,30.0,0,0
75,9,10,7,18,Y6049050,,,,0,30.0,0,0
75,9,10,7,19,Y6049051,,,,0,30.0,0,0
75,9,10,7,20,Y6049052,,,,0,30.0,0,0
75,9,10,7,21,Y6049053,,,,0,30.0,0,0
75,9,10,7,22,Y6049054,,,,0,30.0,0,0
75,9,10,7,23,Y6049055,,,,0,30.0,0,0
75,9,10,7,24,Y6049056,,,,0,30.0,0,0
75,9,10,7,25,Y6049057,,,,0,30.0,0,0
75,9,10,7,26,Y6049058,,,,0,30.0,0,0
75,9,10,7,27,Y6049059,,,,0,30.0,0,0
75,9,10,7,28,Y6049060,,,,0,30.0,0,0
75,9,10,7,29,Y6049061,,,,0,30.0,0,0
75,9,10,7,30,Y6049062,,,,0,30.0,0,0
75,9,10,8,10,Y6049063,,,,0,30.0,0,0
75,9,10,8,11,Y6049064,,,,0,30.0,0,0
75,9,10,8,12,Y6049065,,,,0,30.0,0,0
75,9,10,8,13,Y6049066,,,,0,30.0,0,0
75,9,10,8,14,Y6049067,,,,0,30.0,0,0
75,9,10,8,15,Y6049068,,,,0,30.0,0,0
75,9,10,8,16,Y6049069,,,,0,30.0,0,0
75,9,10,8,17,Y6049070,,,,0,30.0,0,0
75,9,10,8,18,Y6049071,,,,0,30.0,0,0
75,9,10,8,19,Y6049072,,,,0,30.0,0,0
75,9,10,8,20,Y6049073,,,,0,30.0,0,0
75,9,10,8,21,Y6049074,,,,0,30.0,0,0
75,9,10,8,22,Y6049075,,,,0,30.0,0,0
75,9,10,8,23,Y6049076,,,,0,30.0,0,0
75,9,10,8,24,Y6049077,,,,0,30.0,0,0
75,9,10,8,25,Y6049078,,,,0,30.0,0,0
75,9,10,8,26,Y6049079,,,,0,30.0,0,0
75,9,10,8,27,Y6049080,,,,0,30.0,0,0
75,9,10,8,28,Y6049081,,,,0,30.0,0,0
75,9,10,8,29,Y6049082,,,,0,30.0,0,0
75,9,10,8,30,Y6049083,,,,0,30.0,0,0
75,9,10,9,10,Y6049084,,,,0,30.0,0,0
75,9,10,9,11,Y6049085,,,,0,30.0,0,0
75,9,10,9,12,Y6049086,,,,0,30.0,0,0
75,9,10,9,13,Y6049087,,,,0,30.0,0,0
75,9,10,9,14,Y6049088,,,,0,30.0,0,0
75,9,10,9,15,Y6049089,,,,0,30.0,0,0
75,9,10,9,16,Y6049090,,,,0,30.0,0,0
75,9,10,9,17,Y6049091,,,,0,30.0,0,0
75,9,10,9,18,Y6049092,,,,0,30.0,0,0
75,9,10,9,19,Y6049093,,,,0,30.0,0,0
75,9,10,9,20,Y6049094,,,,0,30.0,0,0
75,9,10,9,21,Y6049095,,,,0,30.0,0,0
75,9,10,9,22,Y6049096,,,,0,30.0,0,0
75,9,10,9,23,Y6049097,,,,0,30.0,0,0
75,9,10,9,24,Y6049098,,,,0,30.0,0,0
75,9,10,9,25,Y6049099,,,,0,30.0,0,0
75,9,10,9,26,Y6049100,,,,0,30.0,0,0
75,9,10,9,27,Y6049101,,,,0,30.0,0,0
75,9,10,9,28,Y6049102,,,,0,30.0,0,0
75,9,10,9,29,Y6049103,,,,0,30.0,0,0
75,9,10,9,30,Y6049104,,,,0,30.0,0,0
75,9,10,10,10,Y6049105,,,,0,30.0,0,0
75,9,10,10,11,Y6049106,,,,0,30.0,0,0
75,9,10,10,12,Y6049107,,,,0,30.0,0,0
75,9,10,10,13,Y6049108,,,,0,30.0,0,0
75,9,10,10,14,Y6049109,,,,0,30.0,0,0
75,9,10,10,15,Y6049110,,,,0,30.0,0,0
75,9,10,10,16,Y6049111,,,,0,30.0,0,0
75,9,10,10,17,Y6049112,,,,0,30.0,0,0
75,9,10,10,18,Y6049113,,,,0,30.0,0,0
75,9,10,10,19,Y6049114,,,,0,30.0,0,0
75,9,10,10,20,Y6049115,,,,0,30.0,0,0
75,9,10,10,21,Y6049116,,,,0,30.0,0,0
75,9,10,10,22,Y6049117,,,,0,30.0,0,0
75,9,10,10,23,Y6049118,,,,0,30.0,0,0
75,9,10,10,24,Y6049119,,,,0,30.0,0,0
75,9,10,10,25,Y6049120,,,,0,30.0,0,0
75,9,10,10,26,Y6049121,,,,0,30.0,0,0
75,9,10,10,27,Y6049122,,,,0,30.0,0,0
75,9,10,10,28,Y6049123,,,,0,30.0,0,0
75,9,10,10,29,Y6049124,,,,0,30.0,0,0
75,9,10,10,30,Y6049125,,,,0,30.0,0,0
75,9,10,11,10,Y6049126,,,,0,30.0,0,0
75,9,10,11,11,Y6049127,,,,0,30.0,0,0
75,9,10,11,12,Y6049128,,,,0,30.0,0,0
75,9,10,11,13,Y6049129,,,,0,30.0,0,0
75,9,10,11,14,Y6049130,,,,0,30.0,0,0
75,9,10,11,15,Y6049131,,,,0,30.0,0,0
75,9,10,11,16,Y6049132,,,,0,30.0,0,0
75,9,10,11,17,Y6049133,,,,0,30.0,0,0
75,9,10,11,18,Y6049134,,,,0,30.0,0,0
75,9,10,11,19,Y6049135,,,,0,30.0,0,0
75,9,10,11,20,Y6049136,,,,0,30.0,0,0
75,9,10,11,21,Y6049137,,,,0,30.0,0,0
75,9,10,11,22,Y6049138,,,,0,30.0,0,0
75,9,10,11,23,Y6049139,,,,0,30.0,0,0
75,9,10,11,24,Y6049140,,,,0,30.0,0,0
75,9,10,11,25,Y6049141,,,,0,30.0,0,0
75,9,10,11,26,Y6049142,,,,0,30.0,0,0
75,9,10,11,27,Y6049143,,,,0,30.0,0,0
75,9,10,11,28,Y6049144,,,,0,30.0,0,0
75,9,10,11,29,Y6049145,,,,0,30.0,0,0
75,9,10,11,30,Y6049146,,,,0,30.0,0,0
75,9,10,12,10,Y6049147,,,,0,30.0,0,0
75,9,10,12,11,Y6049148,,,,0,30.0,0,0
75,9,10,12,12,Y6049149,,,,0,30.0,0,0
75,9,10,12,13,Y6049150,,,,0,30.0,0,0
75,9,10,12,14,Y6049151,,,,0,30.0,0,0
75,9,10,12,15,Y6049152,,,,0,30.0,0,0
75,9,10,12,16,Y6049153,,,,0,30.0,0,0
75,9,10,12,17,Y6049154,,,,0,30.0,0,0
75,9,10,12,18,Y6049155,,,,0,30.0,0,0
75,9,10,12,19,Y6049156,,,,0,30.0,0,0
75,9,10,12,20,Y6049157,,,,0,30.0,0,0
75,9,10,12,21,Y6049158,,,,0,30.0,0,0
75,9,10,12,22,Y6049159,,,,0,30.0,0,0
75,9,10,12,23,Y6049160,,,,0,30.0,0,0
75,9,10,12,24,Y6049161,,,,0,30.0,0,0
75,9,10,12,25,Y6049162,,,,0,30.0,0,0
75,9,10,12,26,Y6049163,,,,0,30.0,0,0
75,9,10,12,27,Y6049164,,,,0,30.0,0,0
75,9,10,12,28,Y6049165,,,,0,30.0,0,0
75,9,10,12,29,Y6049166,,,,0,30.0,0,0
75,9,10,12,30,Y6049167,,,,0,30.0,0,0
75,9,11,1,10,Y6049168,,,,0,30.0,0,0
75,9,11,1,11,Y6049169,,,,0,30.0,0,0
75,9,11,1,12,Y6049170,,,,0,30.0,0,0
75,9,11,1,13,Y6049171,,,,0,30.0,0,0
75,9,11,1,14,Y6049172,,,,0,30.0,0,0
75,9,11,1,15,Y6049173,,,,0,30.0,0,0
75,9,11,1,16,Y6049174,,,,0,30.0,0,0
75,9,11,1,17,Y6049175,,,,0,30.0,0,0
75,9,11,1,18,Y6049176,,,,0,30.0,0,0
75,9,11,1,19,Y6049177,,,,0,30.0,0,0
75,9,11,1,20,Y6049178,,,,0,30.0,0,0
75,9,11,1,21,Y6049179,,,,0,30.0,0,0
75,9,11,1,22,Y6049180,,,,0,30.0,0,0
75,9,11,1,23,Y6049181,,,,0,30.0,0,0
75,9,11,1,24,Y6049182,,,,0,30.0,0,0
75,9,11,1,25,Y6049183,,,,0,30.0,0,0
75,9,11,1,26,Y6049184,,,,0,30.0,0,0
75,9,11,1,27,Y6049185,,,,0,30.0,0,0
75,9,11,1,28,Y6049186,,,,0,30.0,0,0
75,9,11,1,29,Y6049187,,,,0,30.0,0,0
75,9,11,1,30,Y6049188,,,,0,30.0,0,0
75,9,11,2,10,Y6049189,,,,0,30.0,0,0
75,9,11,2,11,Y6049190,,,,0,30.0,0,0
75,9,11,2,12,Y6049191,,,,0,30.0,0,0
75,9,11,2,13,Y6049192,,,,0,30.0,0,0
75,9,11,2,14,Y6049193,,,,0,30.0,0,0
75,9,11,2,15,Y6049194,,,,0,30.0,0,0
75,9,11,2,16,Y6049195,,,,0,30.0,0,0
75,9,11,2,17,Y6049196,,,,0,30.0,0,0
75,9,11,2,18,Y6049197,,,,0,30.0,0,0
75,9,11,2,19,Y6049198,,,,0,30.0,0,0
75,9,11,2,20,Y6049199,,,,0,30.0,0,0
75,9,11,2,21,Y6049200,,,,0,30.0,0,0
75,9,11,2,22,Y6049201,,,,0,30.0,0,0
75,9,11,2,23,Y6049202,,,,0,30.0,0,0
75,9,11,2,24,Y6049203,,,,0,30.0,0,0
75,9,11,2,25,Y6049204,,,,0,30.0,0,0
75,9,11,2,26,Y6049205,,,,0,30.0,0,0
75,9,11,2,27,Y6049206,,,,0,30.0,0,0
75,9,11,2,28,Y6049207,,,,0,30.0,0,0
75,9,11,2,29,Y6049208,,,,0,30.0,0,0
75,9,11,2,30,Y6049209,,,,0,30.0,0,0
75,9,11,3,10,Y6049210,,,,0,30.0,0,0
75,9,11,3,11,Y6049211,,,,0,30.0,0,0
75,9,11,3,12,Y6049212,,,,0,30.0,0,0
75,9,11,3,13,Y6049213,,,,0,30.0,0,0
75,9,11,3,14,Y6049214,,,,0,30.0,0,0
75,9,11,3,15,Y6049215,,,,0,30.0,0,0
75,9,11,3,16,Y6049216,,,,0,30.0,0,0
75,9,11,3,17,Y6049217,,,,0,30.0,0,0
75,9,11,3,18,Y6049218,,,,0,30.0,0,0
75,9,11,3,19,Y6049219,,,,0,30.0,0,0
75,9,11,3,20,Y6049220,,,,0,30.0,0,0
75,9,11,3,21,Y6049221,,,,0,30.0,0,0
75,9,11,3,22,Y6049222,,,,0,30.0,0,0
75,9,11,3,23,Y6049223,,,,0,30.0,0,0
75,9,11,3,24,Y6049224,,,,0,30.0,0,0
75,9,11,3,25,Y6049225,,,,0,30.0,0,0
75,9,11,3,26,Y6049226,,,,0,30.0,0,0
75,9,11,3,27,Y6049227,,,,0,30.0,0,0
75,9,11,3,28,Y6049228,,,,0,30.0,0,0
75,9,11,3,29,Y6049229,,,,0,30.0,0,0
75,9,11,3,30,Y6049230,,,,0,30.0,0,0
75,9,11,4,10,Y6049231,,,,0,30.0,0,0
75,9,11,4,11,Y6049232,,,,0,30.0,0,0
75,9,11,4,12,Y6049233,,,,0,30.0,0,0
75,9,11,4,13,Y6049234,,,,0,30.0,0,0
75,9,11,4,14,Y6049235,,,,0,30.0,0,0
75,9,11,4,15,Y6049236,,,,0,30.0,0,0
75,9,11,4,16,Y6049237,,,,0,30.0,0,0
75,9,11,4,17,Y6049238,,,,0,30.0,0,0
75,9,11,4,18,Y6049239,,,,0,30.0,0,0
75,9,11,4,19,Y6049240,,,,0,30.0,0,0
75,9,11,4,20,Y6049241,,,,0,30.0,0,0
75,9,11,4,21,Y6049242,,,,0,30.0,0,0
75,9,11,4,22,Y6049243,,,,0,30.0,0,0
75,9,11,4,23,Y6049244,,,,0,30.0,0,0
75,9,11,4,24,Y6049245,,,,0,30.0,0,0
75,9,11,4,25,Y6049246,,,,0,30.0,0,0
75,9,11,4,26,Y6049247,,,,0,30.0,0,0
75,9,11,4,27,Y6049248,,,,0,30.0,0,0
75,9,11,4,28,Y6049249,,,,0,30.0,0,0
75,9,11,4,29,Y6049250,,,,0,30.0,0,0
75,9,11,4,30,Y6049251,,,,0,30.0,0,0
75,9,11,5,10,Y6049252,,,,0,30.0,0,0
75,9,11,5,11,Y6049253,,,,0,30.0,0,0
75,9,11,5,12,Y6049254,,,,0,30.0,0,0
75,9,11,5,13,Y6049255,,,,0,30.0,0,0
75,9,11,5,14,Y6049256,,,,0,30.0,0,0
75,9,11,5,15,Y6049257,,,,0,30.0,0,0
75,9,11,5,16,Y6049258,,,,0,30.0,0,0
75,9,11,5,17,Y6049259,,,,0,30.0,0,0
75,9,11,5,18,Y6049260,,,,0,30.0,0,0
75,9,11,5,19,Y6049261,,,,0,30.0,0,0
75,9,11,5,20,Y6049262,,,,0,30.0,0,0
75,9,11,5,21,Y6049263,,,,0,30.0,0,0
75,9,11,5,22,Y6049264,,,,0,30.0,0,0
75,9,11,5,23,Y6049265,,,,0,30.0,0,0
75,9,11,5,24,Y6049266,,,,0,30.0,0,0
75,9,11,5,25,Y6049267,,,,0,30.0,0,0
75,9,11,5,26,Y6049268,,,,0,30.0,0,0
75,9,11,5,27,Y6049269,,,,0,30.0,0,0
75,9,11,5,28,Y6049270,,,,0,30.0,0,0
75,9,11,5,29,Y6049271,,,,0,30.0,0,0
75,9,11,5,30,Y6049272,,,,0,30.0,0,0
75,9,11,6,10,Y6049273,,,,0,30.0,0,0
75,9,11,6,11,Y6049274,,,,0,30.0,0,0
75,9,11,6,12,Y6049275,,,,0,30.0,0,0
75,9,11,6,13,Y6049276,,,,0,30.0,0,0
75,9,11,6,14,Y6049277,,,,0,30.0,0,0
75,9,11,6,15,Y6049278,,,,0,30.0,0,0
75,9,11,6,16,Y6049279,,,,0,30.0,0,0
75,9,11,6,17,Y6049280,,,,0,30.0,0,0
75,9,11,6,18,Y6049281,,,,0,30.0,0,0
75,9,11,6,19,Y6049282,,,,0,30.0,0,0
75,9,11,6,20,Y6049283,,,,0,30.0,0,0
75,9,11,6,21,Y6049284,,,,0,30.0,0,0
75,9,11,6,22,Y6049285,,,,0,30.0,0,0
75,9,11,6,23,Y6049286,,,,0,30.0,0,0
75,9,11,6,24,Y6049287,,,,0,30.0,0,0
75,9,11,6,25,Y6049288,,,,0,30.0,0,0
75,9,11,6,26,Y6049289,,,,0,30.0,0,0
75,9,11,6,27,Y6049290,,,,0,30.0,0,0
75,9,11,6,28,Y6049291,,,,0,30.0,0,0
75,9,11,6,29,Y6049292,,,,0,30.0,0,0
75,9,11,6,30,Y6049293,,,,0,30.0,0,0
75,9,11,7,10,Y6049294,,,,0,30.0,0,0
75,9,11,7,11,Y6049295,,,,0,30.0,0,0
75,9,11,7,12,Y6049296,,,,0,30.0,0,0
75,9,11,7,13,Y6049297,,,,0,30.0,0,0
75,9,11,7,14,Y6049298,,,,0,30.0,0,0
75,9,11,7,15,Y6049299,,,,0,30.0,0,0
75,9,11,7,16,Y6049300,,,,0,30.0,0,0
75,9,11,7,17,Y6049301,,,,0,30.0,0,0
75,9,11,7,18,Y6049302,,,,0,30.0,0,0
75,9,11,7,19,Y6049303,,,,0,30.0,0,0
75,9,11,7,20,Y6049304,,,,0,30.0,0,0
75,9,11,7,21,Y6049305,,,,0,30.0,0,0
75,9,11,7,22,Y6049306,,,,0,30.0,0,0
75,9,11,7,23,Y6049307,,,,0,30.0,0,0
75,9,11,7,24,Y6049308,,,,0,30.0,0,0
75,9,11,7,25,Y6049309,,,,0,30.0,0,0
75,9,11,7,26,Y6049310,,,,0,30.0,0,0
75,9,11,7,27,Y6049311,,,,0,30.0,0,0
75,9,11,7,28,Y6049312,,,,0,30.0,0,0
75,9,11,7,29,Y6049313,,,,0,30.0,0,0
75,9,11,7,30,Y6049314,,,,0,30.0,0,0
75,9,11,8,10,Y6049315,,,,0,30.0,0,0
75,9,11,8,11,Y6049316,,,,0,30.0,0,0
75,9,11,8,12,Y6049317,,,,0,30.0,0,0
75,9,11,8,13,Y6049318,,,,0,30.0,0,0
75,9,11,8,14,Y6049319,,,,0,30.0,0,0
75,9,11,8,15,Y6049320,,,,0,30.0,0,0
75,9,11,8,16,Y6049321,,,,0,30.0,0,0
75,9,11,8,17,Y6049322,,,,0,30.0,0,0
75,9,11,8,18,Y6049323,,,,0,30.0,0,0
75,9,11,8,19,Y6049324,,,,0,30.0,0,0
75,9,11,8,20,Y6049325,,,,0,30.0,0,0
75,9,11,8,21,Y6049326,,,,0,30.0,0,0
75,9,11,8,22,Y6049327,,,,0,30.0,0,0
75,9,11,8,23,Y6049328,,,,0,30.0,0,0
75,9,11,8,24,Y6049329,,,,0,30.0,0,0
75,9,11,8,25,Y6049330,,,,0,30.0,0,0
75,9,11,8,26,Y6049331,,,,0,30.0,0,0
75,9,11,8,27,Y6049332,,,,0,30.0,0,0
75,9,11,8,28,Y6049333,,,,0,30.0,0,0
75,9,11,8,29,Y6049334,,,,0,30.0,0,0
75,9,11,8,30,Y6049335,,,,0,30.0,0,0
75,9,11,9,10,Y6049336,,,,0,30.0,0,0
75,9,11,9,11,Y6049337,,,,0,30.0,0,0
75,9,11,9,12,Y6049338,,,,0,30.0,0,0
75,9,11,9,13,Y6049339,,,,0,30.0,0,0
75,9,11,9,14,Y6049340,,,,0,30.0,0,0
75,9,11,9,15,Y6049341,,,,0,30.0,0,0
75,9,11,9,16,Y6049342,,,,0,30.0,0,0
75,9,11,9,17,Y6049343,,,,0,30.0,0,0
75,9,11,9,18,Y6049344,,,,0,30.0,0,0
75,9,11,9,19,Y6049345,,,,0,30.0,0,0
75,9,11,9,20,Y6049346,,,,0,30.0,0,0
75,9,11,9,21,Y6049347,,,,0,30.0,0,0
75,9,11,9,22,Y6049348,,,,0,30.0,0,0
75,9,11,9,23,Y6049349,,,,0,30.0,0,0
75,9,11,9,24,Y6049350,,,,0,30.0,0,0
75,9,11,9,25,Y6049351,,,,0,30.0,0,0
75,9,11,9,26,Y6049352,,,,0,30.0,0,0
75,9,11,9,27,Y6049353,,,,0,30.0,0,0
75,9,11,9,28,Y6049354,,,,0,30.0,0,0
75,9,11,9,29,Y6049355,,,,0,30.0,0,0
75,9,11,9,30,Y6049356,,,,0,30.0,0,0
75,9,11,10,10,Y6049357,,,,0,30.0,0,0
75,9,11,10,11,Y6049358,,,,0,30.0,0,0
75,9,11,10,12,Y6049359,,,,0,30.0,0,0
75,9,11,10,13,Y6049360,,,,0,30.0,0,0
75,9,11,10,14,Y6049361,,,,0,30.0,0,0
75,9,11,10,15,Y6049362,,,,0,30.0,0,0
75,9,11,10,16,Y6049363,,,,0,30.0,0,0
75,9,11,10,17,Y6049364,,,,0,30.0,0,0
75,9,11,10,18,Y6049365,,,,0,30.0,0,0
75,9,11,10,19,Y6049366,,,,0,30.0,0,0
75,9,11,10,20,Y6049367,,,,0,30.0,0,0
75,9,11,10,21,Y6049368,,,,0,30.0,0,0
75,9,11,10,22,Y6049369,,,,0,30.0,0,0
75,9,11,10,23,Y6049370,,,,0,30.0,0,0
75,9,11,10,24,Y6049371,,,,0,30.0,0,0
75,9,11,10,25,Y6049372,,,,0,30.0,0,0
75,9,11,10,26,Y6049373,,,,0,30.0,0,0
75,9,11,10,27,Y6049374,,,,0,30.0,0,0
75,9,11,10,28,Y6049375,,,,0,30.0,0,0
75,9,11,10,29,Y6049376,,,,0,30.0,0,0
75,9,11,10,30,Y6049377,,,,0,30.0,0,0
75,9,11,11,10,Y6049378,,,,0,30.0,0,0
75,9,11,11,11,Y6049379,,,,0,30.0,0,0
75,9,11,11,12,Y6049380,,,,0,30.0,0,0
75,9,11,11,13,Y6049381,,,,0,30.0,0,0
75,9,11,11,14,Y6049382,,,,0,30.0,0,0
75,9,11,11,15,Y6049383,,,,0,30.0,0,0
75,9,11,11,16,Y6049384,,,,0,30.0,0,0
75,9,11,11,17,Y6049385,,,,0,30.0,0,0
75,9,11,11,18,Y6049386,,,,0,30.0,0,0
75,9,11,11,19,Y6049387,,,,0,30.0,0,0
75,9,11,11,20,Y6049388,,,,0,30.0,0,0
75,9,11,11,21,Y6049389,,,,0,30.0,0,0
75,9,11,11,22,Y6049390,,,,0,30.0,0,0
75,9,11,11,23,Y6049391,,,,0,30.0,0,0
75,9,11,11,24,Y6049392,,,,0,30.0,0,0
75,9,11,11,25,Y6049393,,,,0,30.0,0,0
75,9,11,11,26,Y6049394,,,,0,30.0,0,0
75,9,11,11,27,Y6049395,,,,0,30.0,0,0
75,9,11,11,28,Y6049396,,,,0,30.0,0,0
75,9,11,11,29,Y6049397,,,,0,30.0,0,0
75,9,11,11,30,Y6049398,,,,0,30.0,0,0
75,9,11,12,10,Y6049399,,,,0,30.0,0,0
75,9,11,12,11,Y6049400,,,,0,30.0,0,0
75,9,11,12,12,Y6049401,,,,0,30.0,0,0
75,9,11,12,13,Y6049402,,,,0,30.0,0,0
75,9,11,12,14,Y6049403,,,,0,30.0,0,0
75,9,11,12,15,Y6049404,,,,0,30.0,0,0
75,9,11,12,16,Y6049405,,,,0,30.0,0,0
75,9,11,12,17,Y6049406,,,,0,30.0,0,0
75,9,11,12,18,Y6049407,,,,3010,30.0,0,0
75,9,11,12,19,Y6049408,,,,0,30.0,0,0
75,9,11,12,20,Y6049409,,,,0,30.0,0,0
75,9,11,12,21,Y6049410,,,,0,30.0,0,0
75,9,11,12,22,Y6049411,,,,0,30.0,0,0
75,9,11,12,23,Y6049412,,,,0,30.0,0,0
75,9,11,12,24,Y6049413,,,,0,30.0,0,0
75,9,11,12,25,Y6049414,,,,0,30.0,0,0
75,9,11,12,26,Y6049415,,,,0,30.0,0,0
75,9,11,12,27,Y6049416,,,,0,30.0,0,0
75,9,11,12,28,Y6049417,,,,0,30.0,0,0
75,9,11,12,29,Y6049418,,,,0,30.0,0,0
75,9,11,12,30,Y6049419,,,,0,30.0,0,0
75,9,12,1,10,Y6049420,,,,0,30.0,0,0
75,9,12,1,11,Y6049421,,,,0,30.0,0,0
75,9,12,1,12,Y6049422,,,,0,30.0,0,0
75,9,12,1,13,Y6049423,,,,0,30.0,0,0
75,9,12,1,14,Y6049424,,,,0,30.0,0,0
75,9,12,1,15,Y6049425,,,,0,30.0,0,0
75,9,12,1,16,Y6049426,,,,0,30.0,0,0
75,9,12,1,17,Y6049427,,,,0,30.0,0,0
75,9,12,1,18,Y6049428,,,,0,30.0,0,0
75,9,12,1,19,Y6049429,,,,0,30.0,0,0
75,9,12,1,20,Y6049430,,,,0,30.0,0,0
75,9,12,1,21,Y6049431,,,,0,30.0,0,0
75,9,12,1,22,Y6049432,,,,0,30.0,0,0
75,9,12,1,23,Y6049433,,,,0,30.0,0,0
75,9,12,1,24,Y6049434,,,,0,30.0,0,0
75,9,12,1,25,Y6049435,,,,0,30.0,0,0
75,9,12,1,26,Y6049436,,,,0,30.0,0,0
75,9,12,1,27,Y6049437,,,,0,30.0,0,0
75,9,12,1,28,Y6049438,,,,0,30.0,0,0
75,9,12,1,29,Y6049439,,,,0,30.0,0,0
75,9,12,1,30,Y6049440,,,,0,30.0,0,0
75,9,12,2,10,Y6049441,,,,0,30.0,0,0
75,9,12,2,11,Y6049442,,,,0,30.0,0,0
75,9,12,2,12,Y6049443,,,,0,30.0,0,0
75,9,12,2,13,Y6049444,,,,0,30.0,0,0
75,9,12,2,14,Y6049445,,,,0,30.0,0,0
75,9,12,2,15,Y6049446,,,,0,30.0,0,0
75,9,12,2,16,Y6049447,,,,0,30.0,0,0
75,9,12,2,17,Y6049448,,,,0,30.0,0,0
75,9,12,2,18,Y6049449,,,,0,30.0,0,0
75,9,12,2,19,Y6049450,,,,0,30.0,0,0
75,9,12,2,20,Y6049451,,,,0,30.0,0,0
75,9,12,2,21,Y6049452,,,,0,30.0,0,0
75,9,12,2,22,Y6049453,,,,0,30.0,0,0
75,9,12,2,23,Y6049454,,,,0,30.0,0,0
75,9,12,2,24,Y6049455,,,,0,30.0,0,0
75,9,12,2,25,Y6049456,,,,0,30.0,0,0
75,9,12,2,26,Y6049457,,,,0,30.0,0,0
75,9,12,2,27,Y6049458,,,,0,30.0,0,0
75,9,12,2,28,Y6049459,,,,0,30.0,0,0
75,9,12,2,29,Y6049460,,,,0,30.0,0,0
75,9,12,2,30,Y6049461,,,,0,30.0,0,0
75,9,12,3,10,Y6049462,,,,0,30.0,0,0
75,9,12,3,11,Y6049463,,,,0,30.0,0,0
75,9,12,3,12,Y6049464,,,,0,30.0,0,0
75,9,12,3,13,Y6049465,,,,0,30.0,0,0
75,9,12,3,14,Y6049466,,,,0,30.0,0,0
75,9,12,3,15,Y6049467,,,,0,30.0,0,0
75,9,12,3,16,Y6049468,,,,0,30.0,0,0
75,9,12,3,17,Y6049469,,,,0,30.0,0,0
75,9,12,3,18,Y6049470,,,,0,30.0,0,0
75,9,12,3,19,Y6049471,,,,0,30.0,0,0
75,9,12,3,20,Y6049472,,,,0,30.0,0,0
75,9,12,3,21,Y6049473,,,,0,30.0,0,0
75,9,12,3,22,Y6049474,,,,0,30.0,0,0
75,9,12,3,23,Y6049475,,,,0,30.0,0,0
75,9,12,3,24,Y6049476,,,,0,30.0,0,0
75,9,12,3,25,Y6049477,,,,0,30.0,0,0
75,9,12,3,26,Y6049478,,,,0,30.0,0,0
75,9,12,3,27,Y6049479,,,,0,30.0,0,0
75,9,12,3,28,Y6049480,,,,0,30.0,0,0
75,9,12,3,29,Y6049481,,,,0,30.0,0,0
75,9,12,3,30,Y6049482,,,,0,30.0,0,0
75,9,12,4,10,Y6049483,,,,0,30.0,0,0
75,9,12,4,11,Y6049484,,,,0,30.0,0,0
75,9,12,4,12,Y6049485,,,,0,30.0,0,0
75,9,12,4,13,Y6049486,,,,0,30.0,0,0
75,9,12,4,14,Y6049487,,,,0,30.0,0,0
75,9,12,4,15,Y6049488,,,,0,30.0,0,0
75,9,12,4,16,Y6049489,,,,0,30.0,0,0
75,9,12,4,17,Y6049490,,,,0,30.0,0,0
75,9,12,4,18,Y6049491,,,,0,30.0,0,0
75,9,12,4,19,Y6049492,,,,0,30.0,0,0
75,9,12,4,20,Y6049493,,,,0,30.0,0,0
75,9,12,4,21,Y6049494,,,,0,30.0,0,0
75,9,12,4,22,Y6049495,,,,0,30.0,0,0
75,9,12,4,23,Y6049496,,,,0,30.0,0,0
75,9,12,4,24,Y6049497,,,,0,30.0,0,0
75,9,12,4,25,Y6049498,,,,0,30.0,0,0
75,9,12,4,26,Y6049499,,,,0,30.0,0,0
75,9,12,4,27,Y6049500,,,,0,30.0,0,0
75,9,12,4,28,Y6049501,,,,0,30.0,0,0
75,9,12,4,29,Y6049502,,,,0,30.0,0,0
75,9,12,4,30,Y6049503,,,,0,30.0,0,0
75,9,12,5,10,Y6049504,,,,0,30.0,0,0
75,9,12,5,11,Y6049505,,,,0,30.0,0,0
75,9,12,5,12,Y6049506,,,,0,30.0,0,0
75,9,12,5,13,Y6049507,,,,0,30.0,0,0
75,9,12,5,14,Y6049508,,,,0,30.0,0,0
75,9,12,5,15,Y6049509,,,,0,30.0,0,0
75,9,12,5,16,Y6049510,,,,0,30.0,0,0
75,9,12,5,17,Y6049511,,,,0,30.0,0,0
75,9,12,5,18,Y6049512,,,,0,30.0,0,0
75,9,12,5,19,Y6049513,,,,0,30.0,0,0
75,9,12,5,20,Y6049514,,,,0,30.0,0,0
75,9,12,5,21,Y6049515,,,,0,30.0,0,0
75,9,12,5,22,Y6049516,,,,0,30.0,0,0
75,9,12,5,23,Y6049517,,,,0,30.0,0,0
75,9,12,5,24,Y6049518,,,,0,30.0,0,0
75,9,12,5,25,Y6049519,,,,0,30.0,0,0
75,9,12,5,26,Y6049520,,,,0,30.0,0,0
75,9,12,5,27,Y6049521,,,,0,30.0,0,0
75,9,12,5,28,Y6049522,,,,0,30.0,0,0
75,9,12,5,29,Y6049523,,,,0,30.0,0,0
75,9,12,5,30,Y6049524,,,,0,30.0,0,0
75,9,12,6,10,Y6049525,,,,0,30.0,0,0
75,9,12,6,11,Y6049526,,,,0,30.0,0,0
75,9,12,6,12,Y6049527,,,,0,30.0,0,0
75,9,12,6,13,Y6049528,,,,0,30.0,0,0
75,9,12,6,14,Y6049529,,,,0,30.0,0,0
75,9,12,6,15,Y6049530,,,,0,30.0,0,0
75,9,12,6,16,Y6049531,,,,0,30.0,0,0
75,9,12,6,17,Y6049532,,,,0,30.0,0,0
75,9,12,6,18,Y6049533,,,,0,30.0,0,0
75,9,12,6,19,Y6049534,,,,0,30.0,0,0
75,9,12,6,20,Y6049535,,,,0,30.0,0,0
75,9,12,6,21,Y6049536,,,,0,30.0,0,0
75,9,12,6,22,Y6049537,,,,0,30.0,0,0
75,9,12,6,23,Y6049538,,,,0,30.0,0,0
75,9,12,6,24,Y6049539,,,,0,30.0,0,0
75,9,12,6,25,Y6049540,,,,0,30.0,0,0
75,9,12,6,26,Y6049541,,,,0,30.0,0,0
75,9,12,6,27,Y6049542,,,,0,30.0,0,0
75,9,12,6,28,Y6049543,,,,0,30.0,0,0
75,9,12,6,29,Y6049544,,,,0,30.0,0,0
75,9,12,6,30,Y6049545,,,,0,30.0,0,0
75,9,12,7,10,Y6049546,,,,0,30.0,0,0
75,9,12,7,11,Y6049547,,,,0,30.0,0,0
75,9,12,7,12,Y6049548,,,,0,30.0,0,0
75,9,12,7,13,Y6049549,,,,0,30.0,0,0
75,9,12,7,14,Y6049550,,,,0,30.0,0,0
75,9,12,7,15,Y6049551,,,,0,30.0,0,0
75,9,12,7,16,Y6049552,,,,0,30.0,0,0
75,9,12,7,17,Y6049553,,,,0,30.0,0,0
75,9,12,7,18,Y6049554,,,,0,30.0,0,0
75,9,12,7,19,Y6049555,,,,0,30.0,0,0
75,9,12,7,20,Y6049556,,,,0,30.0,0,0
75,9,12,7,21,Y6049557,,,,0,30.0,0,0
75,9,12,7,22,Y6049558,,,,0,30.0,0,0
75,9,12,7,23,Y6049559,,,,0,30.0,0,0
75,9,12,7,24,Y6049560,,,,0,30.0,0,0
75,9,12,7,25,Y6049561,,,,0,30.0,0,0
75,9,12,7,26,Y6049562,,,,0,30.0,0,0
75,9,12,7,27,Y6049563,,,,0,30.0,0,0
75,9,12,7,28,Y6049564,,,,0,30.0,0,0
75,9,12,7,29,Y6049565,,,,0,30.0,0,0
75,9,12,7,30,Y6049566,,,,0,30.0,0,0
75,9,12,8,10,Y6049567,,,,0,30.0,0,0
75,9,12,8,11,Y6049568,,,,0,30.0,0,0
75,9,12,8,12,Y6049569,,,,0,30.0,0,0
75,9,12,8,13,Y6049570,,,,0,30.0,0,0
75,9,12,8,14,Y6049571,,,,0,30.0,0,0
75,9,12,8,15,Y6049572,,,,0,30.0,0,0
75,9,12,8,16,Y6049573,,,,0,30.0,0,0
75,9,12,8,17,Y6049574,,,,0,30.0,0,0
75,9,12,8,18,Y6049575,,,,0,30.0,0,0
75,9,12,8,19,Y6049576,,,,0,30.0,0,0
75,9,12,8,20,Y6049577,,,,0,30.0,0,0
75,9,12,8,21,Y6049578,,,,0,30.0,0,0
75,9,12,8,22,Y6049579,,,,0,30.0,0,0
75,9,12,8,23,Y6049580,,,,0,30.0,0,0
75,9,12,8,24,Y6049581,,,,0,30.0,0,0
75,9,12,8,25,Y6049582,,,,0,30.0,0,0
75,9,12,8,26,Y6049583,,,,0,30.0,0,0
75,9,12,8,27,Y6049584,,,,0,30.0,0,0
75,9,12,8,28,Y6049585,,,,0,30.0,0,0
75,9,12,8,29,Y6049586,,,,0,30.0,0,0
75,9,12,8,30,Y6049587,,,,0,30.0,0,0
75,9,12,9,10,Y6049588,,,,0,30.0,0,0
75,9,12,9,11,Y6049589,,,,0,30.0,0,0
75,9,12,9,12,Y6049590,,,,0,30.0,0,0
75,9,12,9,13,Y6049591,,,,0,30.0,0,0
75,9,12,9,14,Y6049592,,,,0,30.0,0,0
75,9,12,9,15,Y6049593,,,,0,30.0,0,0
75,9,12,9,16,Y6049594,,,,0,30.0,0,0
75,9,12,9,17,Y6049595,,,,0,30.0,0,0
75,9,12,9,18,Y6049596,,,,0,30.0,0,0
75,9,12,9,19,Y6049597,,,,0,30.0,0,0
75,9,12,9,20,Y6049598,,,,0,30.0,0,0
75,9,12,9,21,Y6049599,,,,0,30.0,0,0
75,9,12,9,22,Y6049600,,,,0,30.0,0,0
75,9,12,9,23,Y6049601,,,,0,30.0,0,0
75,9,12,9,24,Y6049602,,,,0,30.0,0,0
75,9,12,9,25,Y6049603,,,,0,30.0,0,0
75,9,12,9,26,Y6049604,,,,0,30.0,0,0
75,9,12,9,27,Y6049605,,,,0,30.0,0,0
75,9,12,9,28,Y6049606,,,,0,30.0,0,0
75,9,12,9,29,Y6049607,,,,0,30.0,0,0
75,9,12,9,30,Y6049608,,,,0,30.0,0,0
75,9,12,10,10,Y6049609,,,,0,30.0,0,0
75,9,12,10,11,Y6049610,,,,0,30.0,0,0
75,9,12,10,12,Y6049611,,,,0,30.0,0,0
75,9,12,10,13,Y6049612,,,,0,30.0,0,0
75,9,12,10,14,Y6049613,,,,0,30.0,0,0
75,9,12,10,15,Y6049614,,,,0,30.0,0,0
75,9,12,10,16,Y6049615,,,,0,30.0,0,0
75,9,12,10,17,Y6049616,,,,0,30.0,0,0
75,9,12,10,18,Y6049617,,,,0,30.0,0,0
75,9,12,10,19,Y6049618,,,,0,30.0,0,0
75,9,12,10,20,Y6049619,,,,0,30.0,0,0
75,9,12,10,21,Y6049620,,,,0,30.0,0,0
75,9,12,10,22,Y6049621,,,,0,30.0,0,0
75,9,12,10,23,Y6049622,,,,0,30.0,0,0
75,9,12,10,24,Y6049623,,,,0,30.0,0,0
75,9,12,10,25,Y6049624,,,,0,30.0,0,0
75,9,12,10,26,Y6049625,,,,0,30.0,0,0
75,9,12,10,27,Y6049626,,,,0,30.0,0,0
75,9,12,10,28,Y6049627,,,,0,30.0,0,0
75,9,12,10,29,Y6049628,,,,0,30.0,0,0
75,9,12,10,30,Y6049629,,,,0,30.0,0,0
75,9,12,11,10,Y6049630,,,,0,30.0,0,0
75,9,12,11,11,Y6049631,,,,0,30.0,0,0
75,9,12,11,12,Y6049632,,,,0,30.0,0,0
75,9,12,11,13,Y6049633,,,,0,30.0,0,0
75,9,12,11,14,Y6049634,,,,0,30.0,0,0
75,9,12,11,15,Y6049635,,,,0,30.0,0,0
75,9,12,11,16,Y6049636,,,,0,30.0,0,0
75,9,12,11,17,Y6049637,,,,0,30.0,0,0
75,9,12,11,18,Y6049638,,,,0,30.0,0,0
75,9,12,11,19,Y6049639,,,,0,30.0,0,0
75,9,12,11,20,Y6049640,,,,0,30.0,0,0
75,9,12,11,21,Y6049641,,,,0,30.0,0,0
75,9,12,11,22,Y6049642,,,,0,30.0,0,0
75,9,12,11,23,Y6049643,,,,0,30.0,0,0
75,9,12,11,24,Y6049644,,,,0,30.0,0,0
75,9,12,11,25,Y6049645,,,,0,30.0,0,0
75,9,12,11,26,Y6049646,,,,0,30.0,0,0
75,9,12,11,27,Y6049647,,,,0,30.0,0,0
75,9,12,11,28,Y6049648,,,,0,30.0,0,0
75,9,12,11,29,Y6049649,,,,0,30.0,0,0
75,9,12,11,30,Y6049650,,,,0,30.0,0,0
75,9,12,12,10,Y6049651,,,,0,30.0,0,0
75,9,12,12,11,Y6049652,,,,0,30.0,0,0
75,9,12,12,12,Y6049653,,,,0,30.0,0,0
75,9,12,12,13,Y6049654,,,,0,30.0,0,0
75,9,12,12,14,Y6049655,,,,0,30.0,0,0
75,9,12,12,15,Y6049656,,,,0,30.0,0,0
75,9,12,12,16,Y6049657,,,,0,30.0,0,0
75,9,12,12,17,Y6049658,,,,0,30.0,0,0
75,9,12,12,18,Y6049659,,,,0,30.0,0,0
75,9,12,12,19,Y6049660,,,,0,30.0,0,0
75,9,12,12,20,Y6049661,,,,0,30.0,0,0
75,9,12,12,21,Y6049662,,,,0,30.0,0,0
75,9,12,12,22,Y6049663,,,,0,30.0,0,0
75,9,12,12,23,Y6049664,,,,0,30.0,0,0
75,9,12,12,24,Y6049665,,,,0,30.0,0,0
75,9,12,12,25,Y6049666,,,,0,30.0,0,0
75,9,12,12,26,Y6049667,,,,0,30.0,0,0
75,9,12,12,27,Y6049668,,,,0,30.0,0,0
75,9,12,12,28,Y6049669,,,,0,30.0,0,0
75,9,12,12,29,Y6049670,,,,0,30.0,0,0
75,9,12,12,30,Y6049671,,,,0,30.0,0,0
75,9,13,1,10,Y6049672,,,,0,30.0,0,0
75,9,13,1,11,Y6049673,,,,0,30.0,0,0
75,9,13,1,12,Y6049674,,,,0,30.0,0,0
75,9,13,1,13,Y6049675,,,,0,30.0,0,0
75,9,13,1,14,Y6049676,,,,0,30.0,0,0
75,9,13,1,15,Y6049677,,,,0,30.0,0,0
75,9,13,1,16,Y6049678,,,,0,30.0,0,0
75,9,13,1,17,Y6049679,,,,0,30.0,0,0
75,9,13,1,18,Y6049680,,,,0,30.0,0,0
75,9,13,1,19,Y6049681,,,,0,30.0,0,0
75,9,13,1,20,Y6049682,,,,0,30.0,0,0
75,9,13,1,21,Y6049683,,,,0,30.0,0,0
75,9,13,1,22,Y6049684,,,,0,30.0,0,0
75,9,13,1,23,Y6049685,,,,0,30.0,0,0
75,9,13,1,24,Y6049686,,,,0,30.0,0,0
75,9,13,1,25,Y6049687,,,,0,30.0,0,0
75,9,13,1,26,Y6049688,,,,0,30.0,0,0
75,9,13,1,27,Y6049689,,,,0,30.0,0,0
75,9,13,1,28,Y6049690,,,,0,30.0,0,0
75,9,13,1,29,Y6049691,,,,0,30.0,0,0
75,9,13,1,30,Y6049692,,,,0,30.0,0,0
75,9,13,2,10,Y6049693,,,,0,30.0,0,0
75,9,13,2,11,Y6049694,,,,0,30.0,0,0
75,9,13,2,12,Y6049695,,,,0,30.0,0,0
75,9,13,2,13,Y6049696,,,,0,30.0,0,0
75,9,13,2,14,Y6049697,,,,0,30.0,0,0
75,9,13,2,15,Y6049698,,,,0,30.0,0,0
75,9,13,2,16,Y6049699,,,,0,30.0,0,0
75,9,13,2,17,Y6049700,,,,0,30.0,0,0
75,9,13,2,18,Y6049701,,,,0,30.0,0,0
75,9,13,2,19,Y6049702,,,,0,30.0,0,0
75,9,13,2,20,Y6049703,,,,0,30.0,0,0
75,9,13,2,21,Y6049704,,,,0,30.0,0,0
75,9,13,2,22,Y6049705,,,,0,30.0,0,0
75,9,13,2,23,Y6049706,,,,0,30.0,0,0
75,9,13,2,24,Y6049707,,,,0,30.0,0,0
75,9,13,2,25,Y6049708,,,,0,30.0,0,0
75,9,13,2,26,Y6049709,,,,0,30.0,0,0
75,9,13,2,27,Y6049710,,,,0,30.0,0,0
75,9,13,2,28,Y6049711,,,,0,30.0,0,0
75,9,13,2,29,Y6049712,,,,0,30.0,0,0
75,9,13,2,30,Y6049713,,,,0,30.0,0,0
75,9,13,3,10,Y6049714,,,,0,30.0,0,0
75,9,13,3,11,Y6049715,,,,0,30.0,0,0
75,9,13,3,12,Y6049716,,,,0,30.0,0,0
75,9,13,3,13,Y6049717,,,,0,30.0,0,0
75,9,13,3,14,Y6049718,,,,0,30.0,0,0
75,9,13,3,15,Y6049719,,,,0,30.0,0,0
75,9,13,3,16,Y6049720,,,,0,30.0,0,0
75,9,13,3,17,Y6049721,,,,0,30.0,0,0
75,9,13,3,18,Y6049722,,,,0,30.0,0,0
75,9,13,3,19,Y6049723,,,,0,30.0,0,0
75,9,13,3,20,Y6049724,,,,0,30.0,0,0
75,9,13,3,21,Y6049725,,,,0,30.0,0,0
75,9,13,3,22,Y6049726,,,,0,30.0,0,0
75,9,13,3,23,Y6049727,,,,0,30.0,0,0
75,9,13,3,24,Y6049728,,,,0,30.0,0,0
75,9,13,3,25,Y6049729,,,,0,30.0,0,0
75,9,13,3,26,Y6049730,,,,0,30.0,0,0
75,9,13,3,27,Y6049731,,,,0,30.0,0,0
75,9,13,3,28,Y6049732,,,,0,30.0,0,0
75,9,13,3,29,Y6049733,,,,0,30.0,0,0
75,9,13,3,30,Y6049734,,,,0,30.0,0,0
75,9,13,4,10,Y6049735,,,,0,30.0,0,0
75,9,13,4,11,Y6049736,,,,0,30.0,0,0
75,9,13,4,12,Y6049737,,,,0,30.0,0,0
75,9,13,4,13,Y6049738,,,,0,30.0,0,0
75,9,13,4,14,Y6049739,,,,0,30.0,0,0
75,9,13,4,15,Y6049740,,,,0,30.0,0,0
75,9,13,4,16,Y6049741,,,,0,30.0,0,0
75,9,13,4,17,Y6049742,,,,0,30.0,0,0
75,9,13,4,18,Y6049743,,,,0,30.0,0,0
75,9,13,4,19,Y6049744,,,,0,30.0,0,0
75,9,13,4,20,Y6049745,,,,0,30.0,0,0
75,9,13,4,21,Y6049746,,,,0,30.0,0,0
75,9,13,4,22,Y6049747,,,,0,30.0,0,0
75,9,13,4,23,Y6049748,,,,0,30.0,0,0
75,9,13,4,24,Y6049749,,,,0,30.0,0,0
75,9,13,4,25,Y6049750,,,,0,30.0,0,0
75,9,13,4,26,Y6049751,,,,0,30.0,0,0
75,9,13,4,27,Y6049752,,,,0,30.0,0,0
75,9,13,4,28,Y6049753,,,,0,30.0,0,0
75,9,13,4,29,Y6049754,,,,0,30.0,0,0
75,9,13,4,30,Y6049755,,,,0,30.0,0,0
75,9,13,5,10,Y6049756,,,,0,30.0,0,0
75,9,13,5,11,Y6049757,,,,0,30.0,0,0
75,9,13,5,12,Y6049758,,,,0,30.0,0,0
75,9,13,5,13,Y6049759,,,,0,30.0,0,0
75,9,13,5,14,Y6049760,,,,0,30.0,0,0
75,9,13,5,15,Y6049761,,,,0,30.0,0,0
75,9,13,5,16,Y6049762,,,,0,30.0,0,0
75,9,13,5,17,Y6049763,,,,0,30.0,0,0
75,9,13,5,18,Y6049764,,,,0,30.0,0,0
75,9,13,5,19,Y6049765,,,,0,30.0,0,0
75,9,13,5,20,Y6049766,,,,0,30.0,0,0
75,9,13,5,21,Y6049767,,,,0,30.0,0,0
75,9,13,5,22,Y6049768,,,,0,30.0,0,0
75,9,13,5,23,Y6049769,,,,0,30.0,0,0
75,9,13,5,24,Y6049770,,,,0,30.0,0,0
75,9,13,5,25,Y6049771,,,,0,30.0,0,0
75,9,13,5,26,Y6049772,,,,0,30.0,0,0
75,9,13,5,27,Y6049773,,,,0,30.0,0,0
75,9,13,5,28,Y6049774,,,,0,30.0,0,0
75,9,13,5,29,Y6049775,,,,0,30.0,0,0
75,9,13,5,30,Y6049776,,,,0,30.0,0,0
75,9,13,6,10,Y6049777,,,,0,30.0,0,0
75,9,13,6,11,Y6049778,,,,0,30.0,0,0
75,9,13,6,12,Y6049779,,,,0,30.0,0,0
75,9,13,6,13,Y6049780,,,,0,30.0,0,0
75,9,13,6,14,Y6049781,,,,0,30.0,0,0
75,9,13,6,15,Y6049782,,,,0,30.0,0,0
75,9,13,6,16,Y6049783,,,,0,30.0,0,0
75,9,13,6,17,Y6049784,,,,0,30.0,0,0
75,9,13,6,18,Y6049785,,,,0,30.0,0,0
75,9,13,6,19,Y6049786,,,,0,30.0,0,0
75,9,13,6,20,Y6049787,,,,0,30.0,0,0
75,9,13,6,21,Y6049788,,,,0,30.0,0,0
75,9,13,6,22,Y6049789,,,,0,30.0,0,0
75,9,13,6,23,Y6049790,,,,0,30.0,0,0
75,9,13,6,24,Y6049791,,,,0,30.0,0,0
75,9,13,6,25,Y6049792,,,,0,30.0,0,0
75,9,13,6,26,Y6049793,,,,0,30.0,0,0
75,9,13,6,27,Y6049794,,,,0,30.0,0,0
75,9,13,6,28,Y6049795,,,,0,30.0,0,0
75,9,13,6,29,Y6049796,,,,0,30.0,0,0
75,9,13,6,30,Y6049797,,,,0,30.0,0,0
75,9,13,7,10,Y6049798,,,,0,30.0,0,0
75,9,13,7,11,Y6049799,,,,0,30.0,0,0
75,9,13,7,12,Y6049800,,,,0,30.0,0,0
75,9,13,7,13,Y6049801,,,,0,30.0,0,0
75,9,13,7,14,Y6049802,,,,0,30.0,0,0
75,9,13,7,15,Y6049803,,,,0,30.0,0,0
75,9,13,7,16,Y6049804,,,,0,30.0,0,0
75,9,13,7,17,Y6049805,,,,0,30.0,0,0
75,9,13,7,18,Y6049806,,,,0,30.0,0,0
75,9,13,7,19,Y6049807,,,,0,30.0,0,0
75,9,13,7,20,Y6049808,,,,0,30.0,0,0
75,9,13,7,21,Y6049809,,,,0,30.0,0,0
75,9,13,7,22,Y6049810,,,,0,30.0,0,0
75,9,13,7,23,Y6049811,,,,0,30.0,0,0
75,9,13,7,24,Y6049812,,,,0,30.0,0,0
75,9,13,7,25,Y6049813,,,,0,30.0,0,0
75,9,13,7,26,Y6049814,,,,0,30.0,0,0
75,9,13,7,27,Y6049815,,,,0,30.0,0,0
75,9,13,7,28,Y6049816,,,,0,30.0,0,0
75,9,13,7,29,Y6049817,,,,0,30.0,0,0
75,9,13,7,30,Y6049818,,,,0,30.0,0,0
75,9,13,8,10,Y6049819,,,,0,30.0,0,0
75,9,13,8,11,Y6049820,,,,0,30.0,0,0
75,9,13,8,12,Y6049821,,,,0,30.0,0,0
75,9,13,8,13,Y6049822,,,,0,30.0,0,0
75,9,13,8,14,Y6049823,,,,0,30.0,0,0
75,9,13,8,15,Y6049824,,,,0,30.0,0,0
75,9,13,8,16,Y6049825,,,,0,30.0,0,0
75,9,13,8,17,Y6049826,,,,0,30.0,0,0
75,9,13,8,18,Y6049827,,,,0,30.0,0,0
75,9,13,8,19,Y6049828,,,,0,30.0,0,0
75,9,13,8,20,Y6049829,,,,0,30.0,0,0
75,9,13,8,21,Y6049830,,,,0,30.0,0,0
75,9,13,8,22,Y6049831,,,,0,30.0,0,0
75,9,13,8,23,Y6049832,,,,0,30.0,0,0
75,9,13,8,24,Y6049833,,,,0,30.0,0,0
75,9,13,8,25,Y6049834,,,,0,30.0,0,0
75,9,13,8,26,Y6049835,,,,0,30.0,0,0
75,9,13,8,27,Y6049836,,,,0,30.0,0,0
75,9,13,8,28,Y6049837,,,,0,30.0,0,0
75,9,13,8,29,Y6049838,,,,0,30.0,0,0
75,9,13,8,30,Y6049839,,,,0,30.0,0,0
75,9,13,9,10,Y6049840,,,,0,30.0,0,0
75,9,13,9,11,Y6049841,,,,0,30.0,0,0
75,9,13,9,12,Y6049842,,,,0,30.0,0,0
75,9,13,9,13,Y6049843,,,,0,30.0,0,0
75,9,13,9,14,Y6049844,,,,0,30.0,0,0
75,9,13,9,15,Y6049845,,,,0,30.0,0,0
75,9,13,9,16,Y6049846,,,,0,30.0,0,0
75,9,13,9,17,Y6049847,,,,0,30.0,0,0
75,9,13,9,18,Y6049848,,,,0,30.0,0,0
75,9,13,9,19,Y6049849,,,,0,30.0,0,0
75,9,13,9,20,Y6049850,,,,0,30.0,0,0
75,9,13,9,21,Y6049851,,,,0,30.0,0,0
75,9,13,9,22,Y6049852,,,,0,30.0,0,0
75,9,13,9,23,Y6049853,,,,0,30.0,0,0
75,9,13,9,24,Y6049854,,,,0,30.0,0,0
75,9,13,9,25,Y6049855,,,,0,30.0,0,0
75,9,13,9,26,Y6049856,,,,0,30.0,0,0
75,9,13,9,27,Y6049857,,,,0,30.0,0,0
75,9,13,9,28,Y6049858,,,,0,30.0,0,0
75,9,13,9,29,Y6049859,,,,0,30.0,0,0
75,9,13,9,30,Y6049860,,,,0,30.0,0,0
75,9,13,10,10,Y6049861,,,,0,30.0,0,0
75,9,13,10,11,Y6049862,,,,0,30.0,0,0
75,9,13,10,12,Y6049863,,,,0,30.0,0,0
75,9,13,10,13,Y6049864,,,,0,30.0,0,0
75,9,13,10,14,Y6049865,,,,0,30.0,0,0
75,9,13,10,15,Y6049866,,,,0,30.0,0,0
75,9,13,10,16,Y6049867,,,,0,30.0,0,0
75,9,13,10,17,Y6049868,,,,0,30.0,0,0
75,9,13,10,18,Y6049869,,,,0,30.0,0,0
75,9,13,10,19,Y6049870,,,,0,30.0,0,0
75,9,13,10,20,Y6049871,,,,0,30.0,0,0
75,9,13,10,21,Y6049872,,,,0,30.0,0,0
75,9,13,10,22,Y6049873,,,,0,30.0,0,0
75,9,13,10,23,Y6049874,,,,0,30.0,0,0
75,9,13,10,24,Y6049875,,,,0,30.0,0,0
75,9,13,10,25,Y6049876,,,,0,30.0,0,0
75,9,13,10,26,Y6049877,,,,0,30.0,0,0
75,9,13,10,27,Y6049878,,,,0,30.0,0,0
75,9,13,10,28,Y6049879,,,,0,30.0,0,0
75,9,13,10,29,Y6049880,,,,0,30.0,0,0
75,9,13,10,30,Y6049881,,,,0,30.0,0,0
75,9,13,11,10,Y6049882,,,,0,30.0,0,0
75,9,13,11,11,Y6049883,,,,0,30.0,0,0
75,9,13,11,12,Y6049884,,,,0,30.0,0,0
75,9,13,11,13,Y6049885,,,,0,30.0,0,0
75,9,13,11,14,Y6049886,,,,0,30.0,0,0
75,9,13,11,15,Y6049887,,,,0,30.0,0,0
75,9,13,11,16,Y6049888,,,,0,30.0,0,0
75,9,13,11,17,Y6049889,,,,0,30.0,0,0
75,9,13,11,18,Y6049890,,,,0,30.0,0,0
75,9,13,11,19,Y6049891,,,,0,30.0,0,0
75,9,13,11,20,Y6049892,,,,0,30.0,0,0
75,9,13,11,21,Y6049893,,,,0,30.0,0,0
75,9,13,11,22,Y6049894,,,,0,30.0,0,0
75,9,13,11,23,Y6049895,,,,0,30.0,0,0
75,9,13,11,24,Y6049896,,,,0,30.0,0,0
75,9,13,11,25,Y6049897,,,,0,30.0,0,0
75,9,13,11,26,Y6049898,,,,0,30.0,0,0
75,9,13,11,27,Y6049899,,,,0,30.0,0,0
75,9,13,11,28,Y6049900,,,,0,30.0,0,0
75,9,13,11,29,Y6049901,,,,0,30.0,0,0
75,9,13,11,30,Y6049902,,,,0,30.0,0,0
75,9,13,12,10,Y6049903,,,,0,30.0,0,0
75,9,13,12,11,Y6049904,,,,0,30.0,0,0
75,9,13,12,12,Y6049905,,,,0,30.0,0,0
75,9,13,12,13,Y6049906,,,,0,30.0,0,0
75,9,13,12,14,Y6049907,,,,0,30.0,0,0
75,9,13,12,15,Y6049908,,,,0,30.0,0,0
75,9,13,12,16,Y6049909,,,,0,30.0,0,0
75,9,13,12,17,Y6049910,,,,0,30.0,0,0
75,9,13,12,18,Y6049911,,,,0,30.0,0,0
75,9,13,12,19,Y6049912,,,,0,30.0,0,0
75,9,13,12,20,Y6049913,,,,0,30.0,0,0
75,9,13,12,21,Y6049914,,,,0,30.0,0,0
75,9,13,12,22,Y6049915,,,,0,30.0,0,0
75,9,13,12,23,Y6049916,,,,0,30.0,0,0
75,9,13,12,24,Y6049917,,,,0,30.0,0,0
75,9,13,12,25,Y6049918,,,,0,30.0,0,0
75,9,13,12,26,Y6049919,,,,0,30.0,0,0
75,9,13,12,27,Y6049920,,,,0,30.0,0,0
75,9,13,12,28,Y6049921,,,,0,30.0,0,0
75,9,13,12,29,Y6049922,,,,0,30.0,0,0
75,9,13,12,30,Y6049923,,,,0,30.0,0,0
75,9,14,1,10,Y6049924,,,,0,30.0,0,0
75,9,14,1,11,Y6049925,,,,0,30.0,0,0
75,9,14,1,12,Y6049926,,,,0,30.0,0,0
75,9,14,1,13,Y6049927,,,,0,30.0,0,0
75,9,14,1,14,Y6049928,,,,0,30.0,0,0
75,9,14,1,15,Y6049929,,,,0,30.0,0,0
75,9,14,1,16,Y6049930,,,,0,30.0,0,0
75,9,14,1,17,Y6049931,,,,0,30.0,0,0
75,9,14,1,18,Y6049932,,,,0,30.0,0,0
75,9,14,1,19,Y6049933,,,,0,30.0,0,0
75,9,14,1,20,Y6049934,,,,0,30.0,0,0
75,9,14,1,21,Y6049935,,,,0,30.0,0,0
75,9,14,1,22,Y6049936,,,,0,30.0,0,0
75,9,14,1,23,Y6049937,,,,0,30.0,0,0
75,9,14,1,24,Y6049938,,,,0,30.0,0,0
75,9,14,1,25,Y6049939,,,,0,30.0,0,0
75,9,14,1,26,Y6049940,,,,0,30.0,0,0
75,9,14,1,27,Y6049941,,,,0,30.0,0,0
75,9,14,1,28,Y6049942,,,,0,30.0,0,0
75,9,14,1,29,Y6049943,,,,0,30.0,0,0
75,9,14,1,30,Y6049944,,,,0,30.0,0,0
75,9,14,2,10,Y6049945,,,,0,30.0,0,0
75,9,14,2,11,Y6049946,,,,0,30.0,0,0
75,9,14,2,12,Y6049947,,,,0,30.0,0,0
75,9,14,2,13,Y6049948,,,,0,30.0,0,0
75,9,14,2,14,Y6049949,,,,0,30.0,0,0
75,9,14,2,15,Y6049950,,,,0,30.0,0,0
75,9,14,2,16,Y6049951,,,,0,30.0,0,0
75,9,14,2,17,Y6049952,,,,0,30.0,0,0
75,9,14,2,18,Y6049953,,,,0,30.0,0,0
75,9,14,2,19,Y6049954,,,,0,30.0,0,0
75,9,14,2,20,Y6049955,,,,0,30.0,0,0
75,9,14,2,21,Y6049956,,,,0,30.0,0,0
75,9,14,2,22,Y6049957,,,,0,30.0,0,0
75,9,14,2,23,Y6049958,,,,0,30.0,0,0
75,9,14,2,24,Y6049959,,,,0,30.0,0,0
75,9,14,2,25,Y6049960,,,,0,30.0,0,0
75,9,14,2,26,Y6049961,,,,0,30.0,0,0
75,9,14,2,27,Y6049962,,,,0,30.0,0,0
75,9,14,2,28,Y6049963,,,,0,30.0,0,0
75,9,14,2,29,Y6049964,,,,0,30.0,0,0
75,9,14,2,30,Y6049965,,,,0,30.0,0,0
75,9,14,3,10,Y6049966,,,,0,30.0,0,0
75,9,14,3,11,Y6049967,,,,0,30.0,0,0
75,9,14,3,12,Y6049968,,,,0,30.0,0,0
75,9,14,3,13,Y6049969,,,,0,30.0,0,0
75,9,14,3,14,Y6049970,,,,0,30.0,0,0
75,9,14,3,15,Y6049971,,,,0,30.0,0,0
75,9,14,3,16,Y6049972,,,,0,30.0,0,0
75,9,14,3,17,Y6049973,,,,0,30.0,0,0
75,9,14,3,18,Y6049974,,,,0,30.0,0,0
75,9,14,3,19,Y6049975,,,,0,30.0,0,0
75,9,14,3,20,Y6049976,,,,0,30.0,0,0
75,9,14,3,21,Y6049977,,,,0,30.0,0,0
75,9,14,3,22,Y6049978,,,,0,30.0,0,0
75,9,14,3,23,Y6049979,,,,0,30.0,0,0
75,9,14,3,24,Y6049980,,,,0,30.0,0,0
75,9,14,3,25,Y6049981,,,,0,30.0,0,0
75,9,14,3,26,Y6049982,,,,0,30.0,0,0
75,9,14,3,27,Y6049983,,,,0,30.0,0,0
75,9,14,3,28,Y6049984,,,,0,30.0,0,0
75,9,14,3,29,Y6049985,,,,0,30.0,0,0
75,9,14,3,30,Y6049986,,,,0,30.0,0,0
75,9,14,4,10,Y6049987,,,,0,30.0,0,0
75,9,14,4,11,Y6049988,,,,0,30.0,0,0
75,9,14,4,12,Y6049989,,,,0,30.0,0,0
75,9,14,4,13,Y6049990,,,,0,30.0,0,0
75,9,14,4,14,Y6049991,,,,0,30.0,0,0
75,9,14,4,15,Y6049992,,,,0,30.0,0,0
75,9,14,4,16,Y6049993,,,,0,30.0,0,0
75,9,14,4,17,Y6049994,,,,0,30.0,0,0
75,9,14,4,18,Y6049995,,,,0,30.0,0,0
75,9,14,4,19,Y6049996,,,,0,30.0,0,0
75,9,14,4,20,Y6049997,,,,0,30.0,0,0
75,9,14,4,21,Y6049998,,,,0,30.0,0,0
75,9,14,4,22,Y6049999,,,,0,30.0,0,0
75,9,14,4,23,Y6050000,,,,0,30.0,0,0
75,9,14,4,24,Y6050001,,,,0,30.0,0,0
75,9,14,4,25,Y6050002,,,,0,30.0,0,0
75,9,14,4,26,Y6050003,,,,0,30.0,0,0
75,9,14,4,27,Y6050004,,,,0,30.0,0,0
75,9,14,4,28,Y6050005,,,,0,30.0,0,0
75,9,14,4,29,Y6050006,,,,0,30.0,0,0
75,9,14,4,30,Y6050007,,,,0,30.0,0,0
75,9,14,5,10,Y6050008,,,,0,30.0,0,0
75,9,14,5,11,Y6050009,,,,0,30.0,0,0
75,9,14,5,12,Y6050010,,,,0,30.0,0,0
75,9,14,5,13,Y6050011,,,,0,30.0,0,0
75,9,14,5,14,Y6050012,,,,0,30.0,0,0
75,9,14,5,15,Y6050013,,,,0,30.0,0,0
75,9,14,5,16,Y6050014,,,,0,30.0,0,0
75,9,14,5,17,Y6050015,,,,0,30.0,0,0
75,9,14,5,18,Y6050016,,,,0,30.0,0,0
75,9,14,5,19,Y6050017,,,,0,30.0,0,0
75,9,14,5,20,Y6050018,,,,0,30.0,0,0
75,9,14,5,21,Y6050019,,,,0,30.0,0,0
75,9,14,5,22,Y6050020,,,,0,30.0,0,0
75,9,14,5,23,Y6050021,,,,0,30.0,0,0
75,9,14,5,24,Y6050022,,,,0,30.0,0,0
75,9,14,5,25,Y6050023,,,,0,30.0,0,0
75,9,14,5,26,Y6050024,,,,0,30.0,0,0
75,9,14,5,27,Y6050025,,,,0,30.0,0,0
75,9,14,5,28,Y6050026,,,,0,30.0,0,0
75,9,14,5,29,Y6050027,,,,0,30.0,0,0
75,9,14,5,30,Y6050028,,,,0,30.0,0,0
75,9,14,6,10,Y6050029,,,,0,30.0,0,0
75,9,14,6,11,Y6050030,,,,0,30.0,0,0
75,9,14,6,12,Y6050031,,,,0,30.0,0,0
75,9,14,6,13,Y6050032,,,,0,30.0,0,0
75,9,14,6,14,Y6050033,,,,0,30.0,0,0
75,9,14,6,15,Y6050034,,,,0,30.0,0,0
75,9,14,6,16,Y6050035,,,,0,30.0,0,0
75,9,14,6,17,Y6050036,,,,0,30.0,0,0
75,9,14,6,18,Y6050037,,,,0,30.0,0,0
75,9,14,6,19,Y6050038,,,,0,30.0,0,0
75,9,14,6,20,Y6050039,,,,0,30.0,0,0
75,9,14,6,21,Y6050040,,,,0,30.0,0,0
75,9,14,6,22,Y6050041,,,,0,30.0,0,0
75,9,14,6,23,Y6050042,,,,0,30.0,0,0
75,9,14,6,24,Y6050043,,,,0,30.0,0,0
75,9,14,6,25,Y6050044,,,,0,30.0,0,0
75,9,14,6,26,Y6050045,,,,0,30.0,0,0
75,9,14,6,27,Y6050046,,,,0,30.0,0,0
75,9,14,6,28,Y6050047,,,,0,30.0,0,0
75,9,14,6,29,Y6050048,,,,0,30.0,0,0
75,9,14,6,30,Y6050049,,,,0,30.0,0,0
75,9,14,7,10,Y6050050,,,,0,30.0,0,0
75,9,14,7,11,Y6050051,,,,0,30.0,0,0
75,9,14,7,12,Y6050052,,,,0,30.0,0,0
75,9,14,7,13,Y6050053,,,,0,30.0,0,0
75,9,14,7,14,Y6050054,,,,0,30.0,0,0
75,9,14,7,15,Y6050055,,,,0,30.0,0,0
75,9,14,7,16,Y6050056,,,,0,30.0,0,0
75,9,14,7,17,Y6050057,,,,0,30.0,0,0
75,9,14,7,18,Y6050058,,,,0,30.0,0,0
75,9,14,7,19,Y6050059,,,,0,30.0,0,0
75,9,14,7,20,Y6050060,,,,0,30.0,0,0
75,9,14,7,21,Y6050061,,,,0,30.0,0,0
75,9,14,7,22,Y6050062,,,,0,30.0,0,0
75,9,14,7,23,Y6050063,,,,0,30.0,0,0
75,9,14,7,24,Y6050064,,,,0,30.0,0,0
75,9,14,7,25,Y6050065,,,,0,30.0,0,0
75,9,14,7,26,Y6050066,,,,0,30.0,0,0
75,9,14,7,27,Y6050067,,,,0,30.0,0,0
75,9,14,7,28,Y6050068,,,,0,30.0,0,0
75,9,14,7,29,Y6050069,,,,0,30.0,0,0
75,9,14,7,30,Y6050070,,,,0,30.0,0,0
75,9,14,8,10,Y6050071,,,,0,30.0,0,0
75,9,14,8,11,Y6050072,,,,0,30.0,0,0
75,9,14,8,12,Y6050073,,,,0,30.0,0,0
75,9,14,8,13,Y6050074,,,,0,30.0,0,0
75,9,14,8,14,Y6050075,,,,0,30.0,0,0
75,9,14,8,15,Y6050076,,,,0,30.0,0,0
75,9,14,8,16,Y6050077,,,,0,30.0,0,0
75,9,14,8,17,Y6050078,,,,0,30.0,0,0
75,9,14,8,18,Y6050079,,,,0,30.0,0,0
75,9,14,8,19,Y6050080,,,,0,30.0,0,0
75,9,14,8,20,Y6050081,,,,0,30.0,0,0
75,9,14,8,21,Y6050082,,,,0,30.0,0,0
75,9,14,8,22,Y6050083,,,,0,30.0,0,0
75,9,14,8,23,Y6050084,,,,0,30.0,0,0
75,9,14,8,24,Y6050085,,,,0,30.0,0,0
75,9,14,8,25,Y6050086,,,,0,30.0,0,0
75,9,14,8,26,Y6050087,,,,0,30.0,0,0
75,9,14,8,27,Y6050088,,,,0,30.0,0,0
75,9,14,8,28,Y6050089,,,,0,30.0,0,0
75,9,14,8,29,Y6050090,,,,0,30.0,0,0
75,9,14,8,30,Y6050091,,,,0,30.0,0,0
75,9,14,9,10,Y6050092,,,,0,30.0,0,0
75,9,14,9,11,Y6050093,,,,0,30.0,0,0
75,9,14,9,12,Y6050094,,,,0,30.0,0,0
75,9,14,9,13,Y6050095,,,,0,30.0,0,0
75,9,14,9,14,Y6050096,,,,0,30.0,0,0
75,9,14,9,15,Y6050097,,,,0,30.0,0,0
75,9,14,9,16,Y6050098,,,,0,30.0,0,0
75,9,14,9,17,Y6050099,,,,0,30.0,0,0
75,9,14,9,18,Y6050100,,,,0,30.0,0,0
75,9,14,9,19,Y6050101,,,,0,30.0,0,0
75,9,14,9,20,Y6050102,,,,0,30.0,0,0
75,9,14,9,21,Y6050103,,,,0,30.0,0,0
75,9,14,9,22,Y6050104,,,,0,30.0,0,0
75,9,14,9,23,Y6050105,,,,0,30.0,0,0
75,9,14,9,24,Y6050106,,,,0,30.0,0,0
75,9,14,9,25,Y6050107,,,,0,30.0,0,0
75,9,14,9,26,Y6050108,,,,0,30.0,0,0
75,9,14,9,27,Y6050109,,,,0,30.0,0,0
75,9,14,9,28,Y6050110,,,,0,30.0,0,0
75,9,14,9,29,Y6050111,,,,0,30.0,0,0
75,9,14,9,30,Y6050112,,,,0,30.0,0,0
75,9,14,10,10,Y6050113,,,,0,30.0,0,0
75,9,14,10,11,Y6050114,,,,0,30.0,0,0
75,9,14,10,12,Y6050115,,,,0,30.0,0,0
75,9,14,10,13,Y6050116,,,,0,30.0,0,0
75,9,14,10,14,Y6050117,,,,0,30.0,0,0
75,9,14,10,15,Y6050118,,,,0,30.0,0,0
75,9,14,10,16,Y6050119,,,,0,30.0,0,0
75,9,14,10,17,Y6050120,,,,0,30.0,0,0
75,9,14,10,18,Y6050121,,,,0,30.0,0,0
75,9,14,10,19,Y6050122,,,,0,30.0,0,0
75,9,14,10,20,Y6050123,,,,0,30.0,0,0
75,9,14,10,21,Y6050124,,,,0,30.0,0,0
75,9,14,10,22,Y6050125,,,,0,30.0,0,0
75,9,14,10,23,Y6050126,,,,0,30.0,0,0
75,9,14,10,24,Y6050127,,,,0,30.0,0,0
75,9,14,10,25,Y6050128,,,,0,30.0,0,0
75,9,14,10,26,Y6050129,,,,0,30.0,0,0
75,9,14,10,27,Y6050130,,,,0,30.0,0,0
75,9,14,10,28,Y6050131,,,,0,30.0,0,0
75,9,14,10,29,Y6050132,,,,0,30.0,0,0
75,9,14,10,30,Y6050133,,,,0,30.0,0,0
75,9,14,11,10,Y6050134,,,,0,30.0,0,0
75,9,14,11,11,Y6050135,,,,0,30.0,0,0
75,9,14,11,12,Y6050136,,,,0,30.0,0,0
75,9,14,11,13,Y6050137,,,,0,30.0,0,0
75,9,14,11,14,Y6050138,,,,0,30.0,0,0
75,9,14,11,15,Y6050139,,,,0,30.0,0,0
75,9,14,11,16,Y6050140,,,,0,30.0,0,0
75,9,14,11,17,Y6050141,,,,0,30.0,0,0
75,9,14,11,18,Y6050142,,,,0,30.0,0,0
75,9,14,11,19,Y6050143,,,,0,30.0,0,0
75,9,14,11,20,Y6050144,,,,0,30.0,0,0
75,9,14,11,21,Y6050145,,,,0,30.0,0,0
75,9,14,11,22,Y6050146,,,,0,30.0,0,0
75,9,14,11,23,Y6050147,,,,0,30.0,0,0
75,9,14,11,24,Y6050148,,,,0,30.0,0,0
75,9,14,11,25,Y6050149,,,,0,30.0,0,0
75,9,14,11,26,Y6050150,,,,0,30.0,0,0
75,9,14,11,27,Y6050151,,,,0,30.0,0,0
75,9,14,11,28,Y6050152,,,,0,30.0,0,0
75,9,14,11,29,Y6050153,,,,0,30.0,0,0
75,9,14,11,30,Y6050154,,,,0,30.0,0,0
75,9,14,12,10,Y6050155,,,,0,30.0,0,0
75,9,14,12,11,Y6050156,,,,0,30.0,0,0
75,9,14,12,12,Y6050157,,,,0,30.0,0,0
75,9,14,12,13,Y6050158,,,,0,30.0,0,0
75,9,14,12,14,Y6050159,,,,0,30.0,0,0
75,9,14,12,15,Y6050160,,,,0,30.0,0,0
75,9,14,12,16,Y6050161,,,,0,30.0,0,0
75,9,14,12,17,Y6050162,,,,0,30.0,0,0
75,9,14,12,18,Y6050163,,,,0,30.0,0,0
75,9,14,12,19,Y6050164,,,,0,30.0,0,0
75,9,14,12,20,Y6050165,,,,0,30.0,0,0
75,9,14,12,21,Y6050166,,,,0,30.0,0,0
75,9,14,12,22,Y6050167,,,,0,30.0,0,0
75,9,14,12,23,Y6050168,,,,0,30.0,0,0
75,9,14,12,24,Y6050169,,,,0,30.0,0,0
75,9,14,12,25,Y6050170,,,,0,30.0,0,0
75,9,14,12,26,Y6050171,,,,0,30.0,0,0
75,9,14,12,27,Y6050172,,,,0,30.0,0,0
75,9,14,12,28,Y6050173,,,,0,30.0,0,0
75,9,14,12,29,Y6050174,,,,0,30.0,0,0
75,9,14,12,30,Y6050175,,,,0,30.0,0,0
75,9,15,1,10,Y6050176,,,,0,30.0,0,0
75,9,15,1,11,Y6050177,,,,0,30.0,0,0
75,9,15,1,12,Y6050178,,,,0,30.0,0,0
75,9,15,1,13,Y6050179,,,,0,30.0,0,0
75,9,15,1,14,Y6050180,,,,0,30.0,0,0
75,9,15,1,15,Y6050181,,,,0,30.0,0,0
75,9,15,1,16,Y6050182,,,,0,30.0,0,0
75,9,15,1,17,Y6050183,,,,0,30.0,0,0
75,9,15,1,18,Y6050184,,,,0,30.0,0,0
75,9,15,1,19,Y6050185,,,,0,30.0,0,0
75,9,15,1,20,Y6050186,,,,0,30.0,0,0
75,9,15,1,21,Y6050187,,,,0,30.0,0,0
75,9,15,1,22,Y6050188,,,,0,30.0,0,0
75,9,15,1,23,Y6050189,,,,0,30.0,0,0
75,9,15,1,24,Y6050190,,,,0,30.0,0,0
75,9,15,1,25,Y6050191,,,,0,30.0,0,0
75,9,15,1,26,Y6050192,,,,0,30.0,0,0
75,9,15,1,27,Y6050193,,,,0,30.0,0,0
75,9,15,1,28,Y6050194,,,,0,30.0,0,0
75,9,15,1,29,Y6050195,,,,0,30.0,0,0
75,9,15,1,30,Y6050196,,,,0,30.0,0,0
75,9,15,2,10,Y6050197,,,,0,30.0,0,0
75,9,15,2,11,Y6050198,,,,0,30.0,0,0
75,9,15,2,12,Y6050199,,,,0,30.0,0,0
75,9,15,2,13,Y6050200,,,,0,30.0,0,0
75,9,15,2,14,Y6050201,,,,0,30.0,0,0
75,9,15,2,15,Y6050202,,,,0,30.0,0,0
75,9,15,2,16,Y6050203,,,,0,30.0,0,0
75,9,15,2,17,Y6050204,,,,0,30.0,0,0
75,9,15,2,18,Y6050205,,,,0,30.0,0,0
75,9,15,2,19,Y6050206,,,,0,30.0,0,0
75,9,15,2,20,Y6050207,,,,0,30.0,0,0
75,9,15,2,21,Y6050208,,,,0,30.0,0,0
75,9,15,2,22,Y6050209,,,,0,30.0,0,0
75,9,15,2,23,Y6050210,,,,0,30.0,0,0
75,9,15,2,24,Y6050211,,,,0,30.0,0,0
75,9,15,2,25,Y6050212,,,,0,30.0,0,0
75,9,15,2,26,Y6050213,,,,0,30.0,0,0
75,9,15,2,27,Y6050214,,,,0,30.0,0,0
75,9,15,2,28,Y6050215,,,,0,30.0,0,0
75,9,15,2,29,Y6050216,,,,0,30.0,0,0
75,9,15,2,30,Y6050217,,,,0,30.0,0,0
75,9,15,3,10,Y6050218,,,,0,30.0,0,0
75,9,15,3,11,Y6050219,,,,0,30.0,0,0
75,9,15,3,12,Y6050220,,,,0,30.0,0,0
75,9,15,3,13,Y6050221,,,,0,30.0,0,0
75,9,15,3,14,Y6050222,,,,0,30.0,0,0
75,9,15,3,15,Y6050223,,,,0,30.0,0,0
75,9,15,3,16,Y6050224,,,,0,30.0,0,0
75,9,15,3,17,Y6050225,,,,0,30.0,0,0
75,9,15,3,18,Y6050226,,,,0,30.0,0,0
75,9,15,3,19,Y6050227,,,,0,30.0,0,0
75,9,15,3,20,Y6050228,,,,0,30.0,0,0
75,9,15,3,21,Y6050229,,,,0,30.0,0,0
75,9,15,3,22,Y6050230,,,,0,30.0,0,0
75,9,15,3,23,Y6050231,,,,0,30.0,0,0
75,9,15,3,24,Y6050232,,,,0,30.0,0,0
75,9,15,3,25,Y6050233,,,,0,30.0,0,0
75,9,15,3,26,Y6050234,,,,0,30.0,0,0
75,9,15,3,27,Y6050235,,,,0,30.0,0,0
75,9,15,3,28,Y6050236,,,,0,30.0,0,0
75,9,15,3,29,Y6050237,,,,0,30.0,0,0
75,9,15,3,30,Y6050238,,,,0,30.0,0,0
75,9,15,4,10,Y6050239,,,,0,30.0,0,0
75,9,15,4,11,Y6050240,,,,0,30.0,0,0
75,9,15,4,12,Y6050241,,,,0,30.0,0,0
75,9,15,4,13,Y6050242,,,,0,30.0,0,0
75,9,15,4,14,Y6050243,,,,0,30.0,0,0
75,9,15,4,15,Y6050244,,,,0,30.0,0,0
75,9,15,4,16,Y6050245,,,,0,30.0,0,0
75,9,15,4,17,Y6050246,,,,0,30.0,0,0
75,9,15,4,18,Y6050247,,,,0,30.0,0,0
75,9,15,4,19,Y6050248,,,,0,30.0,0,0
75,9,15,4,20,Y6050249,,,,0,30.0,0,0
75,9,15,4,21,Y6050250,,,,0,30.0,0,0
75,9,15,4,22,Y6050251,,,,0,30.0,0,0
75,9,15,4,23,Y6050252,,,,0,30.0,0,0
75,9,15,4,24,Y6050253,,,,0,30.0,0,0
75,9,15,4,25,Y6050254,,,,0,30.0,0,0
75,9,15,4,26,Y6050255,,,,0,30.0,0,0
75,9,15,4,27,Y6050256,,,,0,30.0,0,0
75,9,15,4,28,Y6050257,,,,0,30.0,0,0
75,9,15,4,29,Y6050258,,,,0,30.0,0,0
75,9,15,4,30,Y6050259,,,,0,30.0,0,0
75,9,15,5,10,Y6050260,,,,0,30.0,0,0
75,9,15,5,11,Y6050261,,,,0,30.0,0,0
75,9,15,5,12,Y6050262,,,,0,30.0,0,0
75,9,15,5,13,Y6050263,,,,0,30.0,0,0
75,9,15,5,14,Y6050264,,,,0,30.0,0,0
75,9,15,5,15,Y6050265,,,,0,30.0,0,0
75,9,15,5,16,Y6050266,,,,0,30.0,0,0
75,9,15,5,17,Y6050267,,,,0,30.0,0,0
75,9,15,5,18,Y6050268,,,,0,30.0,0,0
75,9,15,5,19,Y6050269,,,,0,30.0,0,0
75,9,15,5,20,Y6050270,,,,0,30.0,0,0
75,9,15,5,21,Y6050271,,,,0,30.0,0,0
75,9,15,5,22,Y6050272,,,,0,30.0,0,0
75,9,15,5,23,Y6050273,,,,0,30.0,0,0
75,9,15,5,24,Y6050274,,,,0,30.0,0,0
75,9,15,5,25,Y6050275,,,,0,30.0,0,0
75,9,15,5,26,Y6050276,,,,0,30.0,0,0
75,9,15,5,27,Y6050277,,,,0,30.0,0,0
75,9,15,5,28,Y6050278,,,,0,30.0,0,0
75,9,15,5,29,Y6050279,,,,0,30.0,0,0
75,9,15,5,30,Y6050280,,,,0,30.0,0,0
75,9,15,6,10,Y6050281,,,,0,30.0,0,0
75,9,15,6,11,Y6050282,,,,0,30.0,0,0
75,9,15,6,12,Y6050283,,,,0,30.0,0,0
75,9,15,6,13,Y6050284,,,,0,30.0,0,0
75,9,15,6,14,Y6050285,,,,0,30.0,0,0
75,9,15,6,15,Y6050286,,,,0,30.0,0,0
75,9,15,6,16,Y6050287,,,,0,30.0,0,0
75,9,15,6,17,Y6050288,,,,0,30.0,0,0
75,9,15,6,18,Y6050289,,,,0,30.0,0,0
75,9,15,6,19,Y6050290,,,,0,30.0,0,0
75,9,15,6,20,Y6050291,,,,0,30.0,0,0
75,9,15,6,21,Y6050292,,,,0,30.0,0,0
75,9,15,6,22,Y6050293,,,,0,30.0,0,0
75,9,15,6,23,Y6050294,,,,0,30.0,0,0
75,9,15,6,24,Y6050295,,,,0,30.0,0,0
75,9,15,6,25,Y6050296,,,,0,30.0,0,0
75,9,15,6,26,Y6050297,,,,0,30.0,0,0
75,9,15,6,27,Y6050298,,,,0,30.0,0,0
75,9,15,6,28,Y6050299,,,,0,30.0,0,0
75,9,15,6,29,Y6050300,,,,0,30.0,0,0
75,9,15,6,30,Y6050301,,,,0,30.0,0,0
75,9,15,7,10,Y6050302,,,,0,30.0,0,0
75,9,15,7,11,Y6050303,,,,0,30.0,0,0
75,9,15,7,12,Y6050304,,,,0,30.0,0,0
75,9,15,7,13,Y6050305,,,,0,30.0,0,0
75,9,15,7,14,Y6050306,,,,0,30.0,0,0
75,9,15,7,15,Y6050307,,,,0,30.0,0,0
75,9,15,7,16,Y6050308,,,,0,30.0,0,0
75,9,15,7,17,Y6050309,,,,0,30.0,0,0
75,9,15,7,18,Y6050310,,,,0,30.0,0,0
75,9,15,7,19,Y6050311,,,,0,30.0,0,0
75,9,15,7,20,Y6050312,,,,0,30.0,0,0
75,9,15,7,21,Y6050313,,,,0,30.0,0,0
75,9,15,7,22,Y6050314,,,,0,30.0,0,0
75,9,15,7,23,Y6050315,,,,0,30.0,0,0
75,9,15,7,24,Y6050316,,,,0,30.0,0,0
75,9,15,7,25,Y6050317,,,,0,30.0,0,0
75,9,15,7,26,Y6050318,,,,0,30.0,0,0
75,9,15,7,27,Y6050319,,,,0,30.0,0,0
75,9,15,7,28,Y6050320,,,,0,30.0,0,0
75,9,15,7,29,Y6050321,,,,0,30.0,0,0
75,9,15,7,30,Y6050322,,,,0,30.0,0,0
75,9,15,8,10,Y6050323,,,,0,30.0,0,0
75,9,15,8,11,Y6050324,,,,0,30.0,0,0
75,9,15,8,12,Y6050325,,,,0,30.0,0,0
75,9,15,8,13,Y6050326,,,,0,30.0,0,0
75,9,15,8,14,Y6050327,,,,0,30.0,0,0
75,9,15,8,15,Y6050328,,,,0,30.0,0,0
75,9,15,8,16,Y6050329,,,,0,30.0,0,0
75,9,15,8,17,Y6050330,,,,0,30.0,0,0
75,9,15,8,18,Y6050331,,,,0,30.0,0,0
75,9,15,8,19,Y6050332,,,,0,30.0,0,0
75,9,15,8,20,Y6050333,,,,0,30.0,0,0
75,9,15,8,21,Y6050334,,,,0,30.0,0,0
75,9,15,8,22,Y6050335,,,,0,30.0,0,0
75,9,15,8,23,Y6050336,,,,0,30.0,0,0
75,9,15,8,24,Y6050337,,,,0,30.0,0,0
75,9,15,8,25,Y6050338,,,,0,30.0,0,0
75,9,15,8,26,Y6050339,,,,0,30.0,0,0
75,9,15,8,27,Y6050340,,,,0,30.0,0,0
75,9,15,8,28,Y6050341,,,,0,30.0,0,0
75,9,15,8,29,Y6050342,,,,0,30.0,0,0
75,9,15,8,30,Y6050343,,,,0,30.0,0,0
75,9,15,9,10,Y6050344,,,,0,30.0,0,0
75,9,15,9,11,Y6050345,,,,0,30.0,0,0
75,9,15,9,12,Y6050346,,,,0,30.0,0,0
75,9,15,9,13,Y6050347,,,,0,30.0,0,0
75,9,15,9,14,Y6050348,,,,0,30.0,0,0
75,9,15,9,15,Y6050349,,,,0,30.0,0,0
75,9,15,9,16,Y6050350,,,,0,30.0,0,0
75,9,15,9,17,Y6050351,,,,0,30.0,0,0
75,9,15,9,18,Y6050352,,,,0,30.0,0,0
75,9,15,9,19,Y6050353,,,,0,30.0,0,0
75,9,15,9,20,Y6050354,,,,0,30.0,0,0
75,9,15,9,21,Y6050355,,,,0,30.0,0,0
75,9,15,9,22,Y6050356,,,,0,30.0,0,0
75,9,15,9,23,Y6050357,,,,0,30.0,0,0
75,9,15,9,24,Y6050358,,,,0,30.0,0,0
75,9,15,9,25,Y6050359,,,,0,30.0,0,0
75,9,15,9,26,Y6050360,,,,0,30.0,0,0
75,9,15,9,27,Y6050361,,,,0,30.0,0,0
75,9,15,9,28,Y6050362,,,,0,30.0,0,0
75,9,15,9,29,Y6050363,,,,0,30.0,0,0
75,9,15,9,30,Y6050364,,,,0,30.0,0,0
75,9,15,10,10,Y6050365,,,,0,30.0,0,0
75,9,15,10,11,Y6050366,,,,0,30.0,0,0
75,9,15,10,12,Y6050367,,,,0,30.0,0,0
75,9,15,10,13,Y6050368,,,,0,30.0,0,0
75,9,15,10,14,Y6050369,,,,0,30.0,0,0
75,9,15,10,15,Y6050370,,,,0,30.0,0,0
75,9,15,10,16,Y6050371,,,,0,30.0,0,0
75,9,15,10,17,Y6050372,,,,0,30.0,0,0
75,9,15,10,18,Y6050373,,,,0,30.0,0,0
75,9,15,10,19,Y6050374,,,,0,30.0,0,0
75,9,15,10,20,Y6050375,,,,0,30.0,0,0
75,9,15,10,21,Y6050376,,,,0,30.0,0,0
75,9,15,10,22,Y6050377,,,,0,30.0,0,0
75,9,15,10,23,Y6050378,,,,0,30.0,0,0
75,9,15,10,24,Y6050379,,,,0,30.0,0,0
75,9,15,10,25,Y6050380,,,,0,30.0,0,0
75,9,15,10,26,Y6050381,,,,0,30.0,0,0
75,9,15,10,27,Y6050382,,,,0,30.0,0,0
75,9,15,10,28,Y6050383,,,,0,30.0,0,0
75,9,15,10,29,Y6050384,,,,0,30.0,0,0
75,9,15,10,30,Y6050385,,,,0,30.0,0,0
75,9,15,11,10,Y6050386,,,,0,30.0,0,0
75,9,15,11,11,Y6050387,,,,0,30.0,0,0
75,9,15,11,12,Y6050388,,,,0,30.0,0,0
75,9,15,11,13,Y6050389,,,,0,30.0,0,0
75,9,15,11,14,Y6050390,,,,0,30.0,0,0
75,9,15,11,15,Y6050391,,,,0,30.0,0,0
75,9,15,11,16,Y6050392,,,,0,30.0,0,0
75,9,15,11,17,Y6050393,,,,0,30.0,0,0
75,9,15,11,18,Y6050394,,,,0,30.0,0,0
75,9,15,11,19,Y6050395,,,,0,30.0,0,0
75,9,15,11,20,Y6050396,,,,0,30.0,0,0
75,9,15,11,21,Y6050397,,,,0,30.0,0,0
75,9,15,11,22,Y6050398,,,,0,30.0,0,0
75,9,15,11,23,Y6050399,,,,0,30.0,0,0
75,9,15,11,24,Y6050400,,,,0,30.0,0,0
75,9,15,11,25,Y6050401,,,,0,30.0,0,0
75,9,15,11,26,Y6050402,,,,0,30.0,0,0
75,9,15,11,27,Y6050403,,,,0,30.0,0,0
75,9,15,11,28,Y6050404,,,,0,30.0,0,0
75,9,15,11,29,Y6050405,,,,0,30.0,0,0
75,9,15,11,30,Y6050406,,,,0,30.0,0,0
75,9,15,12,10,Y6050407,,,,0,30.0,0,0
75,9,15,12,11,Y6050408,,,,0,30.0,0,0
75,9,15,12,12,Y6050409,,,,0,30.0,0,0
75,9,15,12,13,Y6050410,,,,0,30.0,0,0
75,9,15,12,14,Y6050411,,,,0,30.0,0,0
75,9,15,12,15,Y6050412,,,,0,30.0,0,0
75,9,15,12,16,Y6050413,,,,0,30.0,0,0
75,9,15,12,17,Y6050414,,,,0,30.0,0,0
75,9,15,12,18,Y6050415,,,,0,30.0,0,0
75,9,15,12,19,Y6050416,,,,0,30.0,0,0
75,9,15,12,20,Y6050417,,,,0,30.0,0,0
75,9,15,12,21,Y6050418,,,,0,30.0,0,0
75,9,15,12,22,Y6050419,,,,0,30.0,0,0
75,9,15,12,23,Y6050420,,,,0,30.0,0,0
75,9,15,12,24,Y6050421,,,,0,30.0,0,0
75,9,15,12,25,Y6050422,,,,0,30.0,0,0
75,9,15,12,26,Y6050423,,,,0,30.0,0,0
75,9,15,12,27,Y6050424,,,,0,30.0,0,0
75,9,15,12,28,Y6050425,,,,0,30.0,0,0
75,9,15,12,29,Y6050426,,,,0,30.0,0,0
75,9,15,12,30,Y6050427,,,,0,30.0,0,0
75,9,16,1,10,Y6050428,,,,0,30.0,0,0
75,9,16,1,11,Y6050429,,,,0,30.0,0,0
75,9,16,1,12,Y6050430,,,,0,30.0,0,0
75,9,16,1,13,Y6050431,,,,0,30.0,0,0
75,9,16,1,14,Y6050432,,,,0,30.0,0,0
75,9,16,1,15,Y6050433,,,,0,30.0,0,0
75,9,16,1,16,Y6050434,,,,0,30.0,0,0
75,9,16,1,17,Y6050435,,,,0,30.0,0,0
75,9,16,1,18,Y6050436,,,,0,30.0,0,0
75,9,16,1,19,Y6050437,,,,0,30.0,0,0
75,9,16,1,20,Y6050438,,,,0,30.0,0,0
75,9,16,1,21,Y6050439,,,,0,30.0,0,0
75,9,16,1,22,Y6050440,,,,0,30.0,0,0
75,9,16,1,23,Y6050441,,,,0,30.0,0,0
75,9,16,1,24,Y6050442,,,,0,30.0,0,0
75,9,16,1,25,Y6050443,,,,0,30.0,0,0
75,9,16,1,26,Y6050444,,,,0,30.0,0,0
75,9,16,1,27,Y6050445,,,,0,30.0,0,0
75,9,16,1,28,Y6050446,,,,0,30.0,0,0
75,9,16,1,29,Y6050447,,,,0,30.0,0,0
75,9,16,1,30,Y6050448,,,,0,30.0,0,0
75,9,16,2,10,Y6050449,,,,0,30.0,0,0
75,9,16,2,11,Y6050450,,,,0,30.0,0,0
75,9,16,2,12,Y6050451,,,,0,30.0,0,0
75,9,16,2,13,Y6050452,,,,0,30.0,0,0
75,9,16,2,14,Y6050453,,,,0,30.0,0,0
75,9,16,2,15,Y6050454,,,,0,30.0,0,0
75,9,16,2,16,Y6050455,,,,0,30.0,0,0
75,9,16,2,17,Y6050456,,,,0,30.0,0,0
75,9,16,2,18,Y6050457,,,,0,30.0,0,0
75,9,16,2,19,Y6050458,,,,0,30.0,0,0
75,9,16,2,20,Y6050459,,,,0,30.0,0,0
75,9,16,2,21,Y6050460,,,,0,30.0,0,0
75,9,16,2,22,Y6050461,,,,0,30.0,0,0
75,9,16,2,23,Y6050462,,,,0,30.0,0,0
75,9,16,2,24,Y6050463,,,,0,30.0,0,0
75,9,16,2,25,Y6050464,,,,0,30.0,0,0
75,9,16,2,26,Y6050465,,,,0,30.0,0,0
75,9,16,2,27,Y6050466,,,,0,30.0,0,0
75,9,16,2,28,Y6050467,,,,0,30.0,0,0
75,9,16,2,29,Y6050468,,,,0,30.0,0,0
75,9,16,2,30,Y6050469,,,,0,30.0,0,0
75,9,16,3,10,Y6050470,,,,0,30.0,0,0
75,9,16,3,11,Y6050471,,,,0,30.0,0,0
75,9,16,3,12,Y6050472,,,,0,30.0,0,0
75,9,16,3,13,Y6050473,,,,0,30.0,0,0
75,9,16,3,14,Y6050474,,,,0,30.0,0,0
75,9,16,3,15,Y6050475,,,,0,30.0,0,0
75,9,16,3,16,Y6050476,,,,0,30.0,0,0
75,9,16,3,17,Y6050477,,,,0,30.0,0,0
75,9,16,3,18,Y6050478,,,,0,30.0,0,0
75,9,16,3,19,Y6050479,,,,0,30.0,0,0
75,9,16,3,20,Y6050480,,,,0,30.0,0,0
75,9,16,3,21,Y6050481,,,,0,30.0,0,0
75,9,16,3,22,Y6050482,,,,0,30.0,0,0
75,9,16,3,23,Y6050483,,,,0,30.0,0,0
75,9,16,3,24,Y6050484,,,,0,30.0,0,0
75,9,16,3,25,Y6050485,,,,0,30.0,0,0
75,9,16,3,26,Y6050486,,,,0,30.0,0,0
75,9,16,3,27,Y6050487,,,,0,30.0,0,0
75,9,16,3,28,Y6050488,,,,0,30.0,0,0
75,9,16,3,29,Y6050489,,,,0,30.0,0,0
75,9,16,3,30,Y6050490,,,,0,30.0,0,0
75,9,16,4,10,Y6050491,,,,0,30.0,0,0
75,9,16,4,11,Y6050492,,,,0,30.0,0,0
75,9,16,4,12,Y6050493,,,,0,30.0,0,0
75,9,16,4,13,Y6050494,,,,0,30.0,0,0
75,9,16,4,14,Y6050495,,,,0,30.0,0,0
75,9,16,4,15,Y6050496,,,,0,30.0,0,0
75,9,16,4,16,Y6050497,,,,0,30.0,0,0
75,9,16,4,17,Y6050498,,,,0,30.0,0,0
75,9,16,4,18,Y6050499,,,,0,30.0,0,0
75,9,16,4,19,Y6050500,,,,0,30.0,0,0
75,9,16,4,20,Y6050501,,,,0,30.0,0,0
75,9,16,4,21,Y6050502,,,,0,30.0,0,0
75,9,16,4,22,Y6050503,,,,0,30.0,0,0
75,9,16,4,23,Y6050504,,,,0,30.0,0,0
75,9,16,4,24,Y6050505,,,,0,30.0,0,0
75,9,16,4,25,Y6050506,,,,0,30.0,0,0
75,9,16,4,26,Y6050507,,,,0,30.0,0,0
75,9,16,4,27,Y6050508,,,,0,30.0,0,0
75,9,16,4,28,Y6050509,,,,0,30.0,0,0
75,9,16,4,29,Y6050510,,,,0,30.0,0,0
75,9,16,4,30,Y6050511,,,,0,30.0,0,0
75,9,16,5,10,Y6050512,,,,0,30.0,0,0
75,9,16,5,11,Y6050513,,,,0,30.0,0,0
75,9,16,5,12,Y6050514,,,,0,30.0,0,0
75,9,16,5,13,Y6050515,,,,0,30.0,0,0
75,9,16,5,14,Y6050516,,,,0,30.0,0,0
75,9,16,5,15,Y6050517,,,,0,30.0,0,0
75,9,16,5,16,Y6050518,,,,0,30.0,0,0
75,9,16,5,17,Y6050519,,,,0,30.0,0,0
75,9,16,5,18,Y6050520,,,,0,30.0,0,0
75,9,16,5,19,Y6050521,,,,0,30.0,0,0
75,9,16,5,20,Y6050522,,,,0,30.0,0,0
75,9,16,5,21,Y6050523,,,,0,30.0,0,0
75,9,16,5,22,Y6050524,,,,0,30.0,0,0
75,9,16,5,23,Y6050525,,,,0,30.0,0,0
75,9,16,5,24,Y6050526,,,,0,30.0,0,0
75,9,16,5,25,Y6050527,,,,0,30.0,0,0
75,9,16,5,26,Y6050528,,,,0,30.0,0,0
75,9,16,5,27,Y6050529,,,,0,30.0,0,0
75,9,16,5,28,Y6050530,,,,0,30.0,0,0
75,9,16,5,29,Y6050531,,,,0,30.0,0,0
75,9,16,5,30,Y6050532,,,,0,30.0,0,0
75,9,16,6,10,Y6050533,,,,0,30.0,0,0
75,9,16,6,11,Y6050534,,,,0,30.0,0,0
75,9,16,6,12,Y6050535,,,,0,30.0,0,0
75,9,16,6,13,Y6050536,,,,0,30.0,0,0
75,9,16,6,14,Y6050537,,,,0,30.0,0,0
75,9,16,6,15,Y6050538,,,,0,30.0,0,0
75,9,16,6,16,Y6050539,,,,0,30.0,0,0
75,9,16,6,17,Y6050540,,,,0,30.0,0,0
75,9,16,6,18,Y6050541,,,,0,30.0,0,0
75,9,16,6,19,Y6050542,,,,0,30.0,0,0
75,9,16,6,20,Y6050543,,,,0,30.0,0,0
75,9,16,6,21,Y6050544,,,,0,30.0,0,0
75,9,16,6,22,Y6050545,,,,0,30.0,0,0
75,9,16,6,23,Y6050546,,,,0,30.0,0,0
75,9,16,6,24,Y6050547,,,,0,30.0,0,0
75,9,16,6,25,Y6050548,,,,0,30.0,0,0
75,9,16,6,26,Y6050549,,,,0,30.0,0,0
75,9,16,6,27,Y6050550,,,,0,30.0,0,0
75,9,16,6,28,Y6050551,,,,0,30.0,0,0
75,9,16,6,29,Y6050552,,,,0,30.0,0,0
75,9,16,6,30,Y6050553,,,,0,30.0,0,0
75,9,16,7,10,Y6050554,,,,0,30.0,0,0
75,9,16,7,11,Y6050555,,,,0,30.0,0,0
75,9,16,7,12,Y6050556,,,,0,30.0,0,0
75,9,16,7,13,Y6050557,,,,0,30.0,0,0
75,9,16,7,14,Y6050558,,,,0,30.0,0,0
75,9,16,7,15,Y6050559,,,,0,30.0,0,0
75,9,16,7,16,Y6050560,,,,0,30.0,0,0
75,9,16,7,17,Y6050561,,,,0,30.0,0,0
75,9,16,7,18,Y6050562,,,,0,30.0,0,0
75,9,16,7,19,Y6050563,,,,0,30.0,0,0
75,9,16,7,20,Y6050564,,,,0,30.0,0,0
75,9,16,7,21,Y6050565,,,,0,30.0,0,0
75,9,16,7,22,Y6050566,,,,0,30.0,0,0
75,9,16,7,23,Y6050567,,,,0,30.0,0,0
75,9,16,7,24,Y6050568,,,,0,30.0,0,0
75,9,16,7,25,Y6050569,,,,0,30.0,0,0
75,9,16,7,26,Y6050570,,,,0,30.0,0,0
75,9,16,7,27,Y6050571,,,,0,30.0,0,0
75,9,16,7,28,Y6050572,,,,0,30.0,0,0
75,9,16,7,29,Y6050573,,,,0,30.0,0,0
75,9,16,7,30,Y6050574,,,,0,30.0,0,0
75,9,16,8,10,Y6050575,,,,0,30.0,0,0
75,9,16,8,11,Y6050576,,,,0,30.0,0,0
75,9,16,8,12,Y6050577,,,,0,30.0,0,0
75,9,16,8,13,Y6050578,,,,0,30.0,0,0
75,9,16,8,14,Y6050579,,,,0,30.0,0,0
75,9,16,8,15,Y6050580,,,,0,30.0,0,0
75,9,16,8,16,Y6050581,,,,0,30.0,0,0
75,9,16,8,17,Y6050582,,,,0,30.0,0,0
75,9,16,8,18,Y6050583,,,,0,30.0,0,0
75,9,16,8,19,Y6050584,,,,0,30.0,0,0
75,9,16,8,20,Y6050585,,,,0,30.0,0,0
75,9,16,8,21,Y6050586,,,,0,30.0,0,0
75,9,16,8,22,Y6050587,,,,0,30.0,0,0
75,9,16,8,23,Y6050588,,,,0,30.0,0,0
75,9,16,8,24,Y6050589,,,,0,30.0,0,0
75,9,16,8,25,Y6050590,,,,0,30.0,0,0
75,9,16,8,26,Y6050591,,,,0,30.0,0,0
75,9,16,8,27,Y6050592,,,,0,30.0,0,0
75,9,16,8,28,Y6050593,,,,0,30.0,0,0
75,9,16,8,29,Y6050594,,,,0,30.0,0,0
75,9,16,8,30,Y6050595,,,,0,30.0,0,0
75,9,16,9,10,Y6050596,,,,0,30.0,0,0
75,9,16,9,11,Y6050597,,,,0,30.0,0,0
75,9,16,9,12,Y6050598,,,,0,30.0,0,0
75,9,16,9,13,Y6050599,,,,0,30.0,0,0
75,9,16,9,14,Y6050600,,,,0,30.0,0,0
75,9,16,9,15,Y6050601,,,,0,30.0,0,0
75,9,16,9,16,Y6050602,,,,0,30.0,0,0
75,9,16,9,17,Y6050603,,,,0,30.0,0,0
75,9,16,9,18,Y6050604,,,,0,30.0,0,0
75,9,16,9,19,Y6050605,,,,0,30.0,0,0
75,9,16,9,20,Y6050606,,,,0,30.0,0,0
75,9,16,9,21,Y6050607,,,,0,30.0,0,0
75,9,16,9,22,Y6050608,,,,0,30.0,0,0
75,9,16,9,23,Y6050609,,,,0,30.0,0,0
75,9,16,9,24,Y6050610,,,,0,30.0,0,0
75,9,16,9,25,Y6050611,,,,0,30.0,0,0
75,9,16,9,26,Y6050612,,,,0,30.0,0,0
75,9,16,9,27,Y6050613,,,,0,30.0,0,0
75,9,16,9,28,Y6050614,,,,0,30.0,0,0
75,9,16,9,29,Y6050615,,,,0,30.0,0,0
75,9,16,9,30,Y6050616,,,,0,30.0,0,0
75,9,16,10,10,Y6050617,,,,0,30.0,0,0
75,9,16,10,11,Y6050618,,,,0,30.0,0,0
75,9,16,10,12,Y6050619,,,,0,30.0,0,0
75,9,16,10,13,Y6050620,,,,0,30.0,0,0
75,9,16,10,14,Y6050621,,,,0,30.0,0,0
75,9,16,10,15,Y6050622,,,,0,30.0,0,0
75,9,16,10,16,Y6050623,,,,0,30.0,0,0
75,9,16,10,17,Y6050624,,,,0,30.0,0,0
75,9,16,10,18,Y6050625,,,,0,30.0,0,0
75,9,16,10,19,Y6050626,,,,0,30.0,0,0
75,9,16,10,20,Y6050627,,,,0,30.0,0,0
75,9,16,10,21,Y6050628,,,,0,30.0,0,0
75,9,16,10,22,Y6050629,,,,0,30.0,0,0
75,9,16,10,23,Y6050630,,,,0,30.0,0,0
75,9,16,10,24,Y6050631,,,,0,30.0,0,0
75,9,16,10,25,Y6050632,,,,0,30.0,0,0
75,9,16,10,26,Y6050633,,,,0,30.0,0,0
75,9,16,10,27,Y6050634,,,,0,30.0,0,0
75,9,16,10,28,Y6050635,,,,0,30.0,0,0
75,9,16,10,29,Y6050636,,,,0,30.0,0,0
75,9,16,10,30,Y6050637,,,,0,30.0,0,0
75,9,16,11,10,Y6050638,,,,0,30.0,0,0
75,9,16,11,11,Y6050639,,,,0,30.0,0,0
75,9,16,11,12,Y6050640,,,,0,30.0,0,0
75,9,16,11,13,Y6050641,,,,0,30.0,0,0
75,9,16,11,14,Y6050642,,,,0,30.0,0,0
75,9,16,11,15,Y6050643,,,,0,30.0,0,0
75,9,16,11,16,Y6050644,,,,0,30.0,0,0
75,9,16,11,17,Y6050645,,,,0,30.0,0,0
75,9,16,11,18,Y6050646,,,,0,30.0,0,0
75,9,16,11,19,Y6050647,,,,0,30.0,0,0
75,9,16,11,20,Y6050648,,,,0,30.0,0,0
75,9,16,11,21,Y6050649,,,,0,30.0,0,0
75,9,16,11,22,Y6050650,,,,0,30.0,0,0
75,9,16,11,23,Y6050651,,,,0,30.0,0,0
75,9,16,11,24,Y6050652,,,,0,30.0,0,0
75,9,16,11,25,Y6050653,,,,0,30.0,0,0
75,9,16,11,26,Y6050654,,,,0,30.0,0,0
75,9,16,11,27,Y6050655,,,,0,30.0,0,0
75,9,16,11,28,Y6050656,,,,0,30.0,0,0
75,9,16,11,29,Y6050657,,,,0,30.0,0,0
75,9,16,11,30,Y6050658,,,,0,30.0,0,0
75,9,16,12,10,Y6050659,,,,0,30.0,0,0
75,9,16,12,11,Y6050660,,,,0,30.0,0,0
75,9,16,12,12,Y6050661,,,,0,30.0,0,0
75,9,16,12,13,Y6050662,,,,0,30.0,0,0
75,9,16,12,14,Y6050663,,,,0,30.0,0,0
75,9,16,12,15,Y6050664,,,,0,30.0,0,0
75,9,16,12,16,Y6050665,,,,0,30.0,0,0
75,9,16,12,17,Y6050666,,,,0,30.0,0,0
75,9,16,12,18,Y6050667,,,,0,30.0,0,0
75,9,16,12,19,Y6050668,,,,0,30.0,0,0
75,9,16,12,20,Y6050669,,,,0,30.0,0,0
75,9,16,12,21,Y6050670,,,,0,30.0,0,0
75,9,16,12,22,Y6050671,,,,0,30.0,0,0
75,9,16,12,23,Y6050672,,,,0,30.0,0,0
75,9,16,12,24,Y6050673,,,,0,30.0,0,0
75,9,16,12,25,Y6050674,,,,0,30.0,0,0
75,9,16,12,26,Y6050675,,,,0,30.0,0,0
75,9,16,12,27,Y6050676,,,,0,30.0,0,0
75,9,16,12,28,Y6050677,,,,0,30.0,0,0
75,9,16,12,29,Y6050678,,,,0,30.0,0,0
75,9,16,12,30,Y6050679,,,,0,30.0,0,0
75,9,17,1,10,Y6050680,,,,0,30.0,0,0
75,9,17,1,11,Y6050681,,,,0,30.0,0,0
75,9,17,1,12,Y6050682,,,,0,30.0,0,0
75,9,17,1,13,Y6050683,,,,0,30.0,0,0
75,9,17,1,14,Y6050684,,,,0,30.0,0,0
75,9,17,1,15,Y6050685,,,,0,30.0,0,0
75,9,17,1,16,Y6050686,,,,0,30.0,0,0
75,9,17,1,17,Y6050687,,,,0,30.0,0,0
75,9,17,1,18,Y6050688,,,,0,30.0,0,0
75,9,17,1,19,Y6050689,,,,0,30.0,0,0
75,9,17,1,20,Y6050690,,,,0,30.0,0,0
75,9,17,1,21,Y6050691,,,,0,30.0,0,0
75,9,17,1,22,Y6050692,,,,0,30.0,0,0
75,9,17,1,23,Y6050693,,,,0,30.0,0,0
75,9,17,1,24,Y6050694,,,,0,30.0,0,0
75,9,17,1,25,Y6050695,,,,0,30.0,0,0
75,9,17,1,26,Y6050696,,,,0,30.0,0,0
75,9,17,1,27,Y6050697,,,,0,30.0,0,0
75,9,17,1,28,Y6050698,,,,0,30.0,0,0
75,9,17,1,29,Y6050699,,,,0,30.0,0,0
75,9,17,1,30,Y6050700,,,,0,30.0,0,0
75,9,17,2,10,Y6050701,,,,0,30.0,0,0
75,9,17,2,11,Y6050702,,,,0,30.0,0,0
75,9,17,2,12,Y6050703,,,,0,30.0,0,0
75,9,17,2,13,Y6050704,,,,0,30.0,0,0
75,9,17,2,14,Y6050705,,,,0,30.0,0,0
75,9,17,2,15,Y6050706,,,,0,30.0,0,0
75,9,17,2,16,Y6050707,,,,0,30.0,0,0
75,9,17,2,17,Y6050708,,,,0,30.0,0,0
75,9,17,2,18,Y6050709,,,,0,30.0,0,0
75,9,17,2,19,Y6050710,,,,0,30.0,0,0
75,9,17,2,20,Y6050711,,,,0,30.0,0,0
75,9,17,2,21,Y6050712,,,,0,30.0,0,0
75,9,17,2,22,Y6050713,,,,0,30.0,0,0
75,9,17,2,23,Y6050714,,,,0,30.0,0,0
75,9,17,2,24,Y6050715,,,,0,30.0,0,0
75,9,17,2,25,Y6050716,,,,0,30.0,0,0
75,9,17,2,26,Y6050717,,,,0,30.0,0,0
75,9,17,2,27,Y6050718,,,,0,30.0,0,0
75,9,17,2,28,Y6050719,,,,0,30.0,0,0
75,9,17,2,29,Y6050720,,,,0,30.0,0,0
75,9,17,2,30,Y6050721,,,,0,30.0,0,0
75,9,17,3,10,Y6050722,,,,0,30.0,0,0
75,9,17,3,11,Y6050723,,,,0,30.0,0,0
75,9,17,3,12,Y6050724,,,,0,30.0,0,0
75,9,17,3,13,Y6050725,,,,0,30.0,0,0
75,9,17,3,14,Y6050726,,,,0,30.0,0,0
75,9,17,3,15,Y6050727,,,,0,30.0,0,0
75,9,17,3,16,Y6050728,,,,0,30.0,0,0
75,9,17,3,17,Y6050729,,,,0,30.0,0,0
75,9,17,3,18,Y6050730,,,,0,30.0,0,0
75,9,17,3,19,Y6050731,,,,0,30.0,0,0
75,9,17,3,20,Y6050732,,,,0,30.0,0,0
75,9,17,3,21,Y6050733,,,,0,30.0,0,0
75,9,17,3,22,Y6050734,,,,0,30.0,0,0
75,9,17,3,23,Y6050735,,,,0,30.0,0,0
75,9,17,3,24,Y6050736,,,,0,30.0,0,0
75,9,17,3,25,Y6050737,,,,0,30.0,0,0
75,9,17,3,26,Y6050738,,,,0,30.0,0,0
75,9,17,3,27,Y6050739,,,,0,30.0,0,0
75,9,17,3,28,Y6050740,,,,0,30.0,0,0
75,9,17,3,29,Y6050741,,,,0,30.0,0,0
75,9,17,3,30,Y6050742,,,,0,30.0,0,0
75,9,17,4,10,Y6050743,,,,0,30.0,0,0
75,9,17,4,11,Y6050744,,,,0,30.0,0,0
75,9,17,4,12,Y6050745,,,,0,30.0,0,0
75,9,17,4,13,Y6050746,,,,0,30.0,0,0
75,9,17,4,14,Y6050747,,,,0,30.0,0,0
75,9,17,4,15,Y6050748,,,,0,30.0,0,0
75,9,17,4,16,Y6050749,,,,0,30.0,0,0
75,9,17,4,17,Y6050750,,,,0,30.0,0,0
75,9,17,4,18,Y6050751,,,,0,30.0,0,0
75,9,17,4,19,Y6050752,,,,0,30.0,0,0
75,9,17,4,20,Y6050753,,,,0,30.0,0,0
75,9,17,4,21,Y6050754,,,,0,30.0,0,0
75,9,17,4,22,Y6050755,,,,0,30.0,0,0
75,9,17,4,23,Y6050756,,,,0,30.0,0,0
75,9,17,4,24,Y6050757,,,,0,30.0,0,0
75,9,17,4,25,Y6050758,,,,0,30.0,0,0
75,9,17,4,26,Y6050759,,,,0,30.0,0,0
75,9,17,4,27,Y6050760,,,,0,30.0,0,0
75,9,17,4,28,Y6050761,,,,0,30.0,0,0
75,9,17,4,29,Y6050762,,,,0,30.0,0,0
75,9,17,4,30,Y6050763,,,,0,30.0,0,0
75,9,17,5,10,Y6050764,,,,0,30.0,0,0
75,9,17,5,11,Y6050765,,,,0,30.0,0,0
75,9,17,5,12,Y6050766,,,,0,30.0,0,0
75,9,17,5,13,Y6050767,,,,0,30.0,0,0
75,9,17,5,14,Y6050768,,,,0,30.0,0,0
75,9,17,5,15,Y6050769,,,,0,30.0,0,0
75,9,17,5,16,Y6050770,,,,0,30.0,0,0
75,9,17,5,17,Y6050771,,,,0,30.0,0,0
75,9,17,5,18,Y6050772,,,,0,30.0,0,0
75,9,17,5,19,Y6050773,,,,0,30.0,0,0
75,9,17,5,20,Y6050774,,,,0,30.0,0,0
75,9,17,5,21,Y6050775,,,,0,30.0,0,0
75,9,17,5,22,Y6050776,,,,0,30.0,0,0
75,9,17,5,23,Y6050777,,,,0,30.0,0,0
75,9,17,5,24,Y6050778,,,,0,30.0,0,0
75,9,17,5,25,Y6050779,,,,0,30.0,0,0
75,9,17,5,26,Y6050780,,,,0,30.0,0,0
75,9,17,5,27,Y6050781,,,,0,30.0,0,0
75,9,17,5,28,Y6050782,,,,0,30.0,0,0
75,9,17,5,29,Y6050783,,,,0,30.0,0,0
75,9,17,5,30,Y6050784,,,,0,30.0,0,0
75,9,17,6,10,Y6050785,,,,0,30.0,0,0
75,9,17,6,11,Y6050786,,,,0,30.0,0,0
75,9,17,6,12,Y6050787,,,,0,30.0,0,0
75,9,17,6,13,Y6050788,,,,0,30.0,0,0
75,9,17,6,14,Y6050789,,,,0,30.0,0,0
75,9,17,6,15,Y6050790,,,,0,30.0,0,0
75,9,17,6,16,Y6050791,,,,0,30.0,0,0
75,9,17,6,17,Y6050792,,,,0,30.0,0,0
75,9,17,6,18,Y6050793,,,,0,30.0,0,0
75,9,17,6,19,Y6050794,,,,0,30.0,0,0
75,9,17,6,20,Y6050795,,,,0,30.0,0,0
75,9,17,6,21,Y6050796,,,,0,30.0,0,0
75,9,17,6,22,Y6050797,,,,0,30.0,0,0
75,9,17,6,23,Y6050798,,,,0,30.0,0,0
75,9,17,6,24,Y6050799,,,,0,30.0,0,0
75,9,17,6,25,Y6050800,,,,0,30.0,0,0
75,9,17,6,26,Y6050801,,,,0,30.0,0,0
75,9,17,6,27,Y6050802,,,,0,30.0,0,0
75,9,17,6,28,Y6050803,,,,0,30.0,0,0
75,9,17,6,29,Y6050804,,,,0,30.0,0,0
75,9,17,6,30,Y6050805,,,,0,30.0,0,0
75,9,17,7,10,Y6050806,,,,0,30.0,0,0
75,9,17,7,11,Y6050807,,,,0,30.0,0,0
75,9,17,7,12,Y6050808,,,,0,30.0,0,0
75,9,17,7,13,Y6050809,,,,0,30.0,0,0
75,9,17,7,14,Y6050810,,,,0,30.0,0,0
75,9,17,7,15,Y6050811,,,,0,30.0,0,0
75,9,17,7,16,Y6050812,,,,0,30.0,0,0
75,9,17,7,17,Y6050813,,,,0,30.0,0,0
75,9,17,7,18,Y6050814,,,,0,30.0,0,0
75,9,17,7,19,Y6050815,,,,0,30.0,0,0
75,9,17,7,20,Y6050816,,,,0,30.0,0,0
75,9,17,7,21,Y6050817,,,,0,30.0,0,0
75,9,17,7,22,Y6050818,,,,0,30.0,0,0
75,9,17,7,23,Y6050819,,,,0,30.0,0,0
75,9,17,7,24,Y6050820,,,,0,30.0,0,0
75,9,17,7,25,Y6050821,,,,0,30.0,0,0
75,9,17,7,26,Y6050822,,,,0,30.0,0,0
75,9,17,7,27,Y6050823,,,,0,30.0,0,0
75,9,17,7,28,Y6050824,,,,0,30.0,0,0
75,9,17,7,29,Y6050825,,,,0,30.0,0,0
75,9,17,7,30,Y6050826,,,,0,30.0,0,0
75,9,17,8,10,Y6050827,,,,0,30.0,0,0
75,9,17,8,11,Y6050828,,,,0,30.0,0,0
75,9,17,8,12,Y6050829,,,,0,30.0,0,0
75,9,17,8,13,Y6050830,,,,0,30.0,0,0
75,9,17,8,14,Y6050831,,,,0,30.0,0,0
75,9,17,8,15,Y6050832,,,,0,30.0,0,0
75,9,17,8,16,Y6050833,,,,0,30.0,0,0
75,9,17,8,17,Y6050834,,,,0,30.0,0,0
75,9,17,8,18,Y6050835,,,,0,30.0,0,0
75,9,17,8,19,Y6050836,,,,0,30.0,0,0
75,9,17,8,20,Y6050837,,,,0,30.0,0,0
75,9,17,8,21,Y6050838,,,,0,30.0,0,0
75,9,17,8,22,Y6050839,,,,0,30.0,0,0
75,9,17,8,23,Y6050840,,,,0,30.0,0,0
75,9,17,8,24,Y6050841,,,,0,30.0,0,0
75,9,17,8,25,Y6050842,,,,0,30.0,0,0
75,9,17,8,26,Y6050843,,,,0,30.0,0,0
75,9,17,8,27,Y6050844,,,,0,30.0,0,0
75,9,17,8,28,Y6050845,,,,0,30.0,0,0
75,9,17,8,29,Y6050846,,,,0,30.0,0,0
75,9,17,8,30,Y6050847,,,,0,30.0,0,0
75,9,17,9,10,Y6050848,,,,0,30.0,0,0
75,9,17,9,11,Y6050849,,,,0,30.0,0,0
75,9,17,9,12,Y6050850,,,,0,30.0,0,0
75,9,17,9,13,Y6050851,,,,0,30.0,0,0
75,9,17,9,14,Y6050852,,,,0,30.0,0,0
75,9,17,9,15,Y6050853,,,,0,30.0,0,0
75,9,17,9,16,Y6050854,,,,0,30.0,0,0
75,9,17,9,17,Y6050855,,,,0,30.0,0,0
75,9,17,9,18,Y6050856,,,,0,30.0,0,0
75,9,17,9,19,Y6050857,,,,0,30.0,0,0
75,9,17,9,20,Y6050858,,,,0,30.0,0,0
75,9,17,9,21,Y6050859,,,,0,30.0,0,0
75,9,17,9,22,Y6050860,,,,0,30.0,0,0
75,9,17,9,23,Y6050861,,,,0,30.0,0,0
75,9,17,9,24,Y6050862,,,,0,30.0,0,0
75,9,17,9,25,Y6050863,,,,0,30.0,0,0
75,9,17,9,26,Y6050864,,,,0,30.0,0,0
75,9,17,9,27,Y6050865,,,,0,30.0,0,0
75,9,17,9,28,Y6050866,,,,0,30.0,0,0
75,9,17,9,29,Y6050867,,,,0,30.0,0,0
75,9,17,9,30,Y6050868,,,,0,30.0,0,0
75,9,17,10,10,Y6050869,,,,0,30.0,0,0
75,9,17,10,11,Y6050870,,,,0,30.0,0,0
75,9,17,10,12,Y6050871,,,,0,30.0,0,0
75,9,17,10,13,Y6050872,,,,0,30.0,0,0
75,9,17,10,14,Y6050873,,,,0,30.0,0,0
75,9,17,10,15,Y6050874,,,,0,30.0,0,0
75,9,17,10,16,Y6050875,,,,0,30.0,0,0
75,9,17,10,17,Y6050876,,,,0,30.0,0,0
75,9,17,10,18,Y6050877,,,,0,30.0,0,0
75,9,17,10,19,Y6050878,,,,0,30.0,0,0
75,9,17,10,20,Y6050879,,,,0,30.0,0,0
75,9,17,10,21,Y6050880,,,,0,30.0,0,0
75,9,17,10,22,Y6050881,,,,0,30.0,0,0
75,9,17,10,23,Y6050882,,,,0,30.0,0,0
75,9,17,10,24,Y6050883,,,,0,30.0,0,0
75,9,17,10,25,Y6050884,,,,0,30.0,0,0
75,9,17,10,26,Y6050885,,,,0,30.0,0,0
75,9,17,10,27,Y6050886,,,,0,30.0,0,0
75,9,17,10,28,Y6050887,,,,0,30.0,0,0
75,9,17,10,29,Y6050888,,,,0,30.0,0,0
75,9,17,10,30,Y6050889,,,,0,30.0,0,0
75,9,17,11,10,Y6050890,,,,0,30.0,0,0
75,9,17,11,11,Y6050891,,,,0,30.0,0,0
75,9,17,11,12,Y6050892,,,,0,30.0,0,0
75,9,17,11,13,Y6050893,,,,0,30.0,0,0
75,9,17,11,14,Y6050894,,,,0,30.0,0,0
75,9,17,11,15,Y6050895,,,,0,30.0,0,0
75,9,17,11,16,Y6050896,,,,0,30.0,0,0
75,9,17,11,17,Y6050897,,,,0,30.0,0,0
75,9,17,11,18,Y6050898,,,,0,30.0,0,0
75,9,17,11,19,Y6050899,,,,0,30.0,0,0
75,9,17,11,20,Y6050900,,,,0,30.0,0,0
75,9,17,11,21,Y6050901,,,,0,30.0,0,0
75,9,17,11,22,Y6050902,,,,0,30.0,0,0
75,9,17,11,23,Y6050903,,,,0,30.0,0,0
75,9,17,11,24,Y6050904,,,,0,30.0,0,0
75,9,17,11,25,Y6050905,,,,0,30.0,0,0
75,9,17,11,26,Y6050906,,,,0,30.0,0,0
75,9,17,11,27,Y6050907,,,,0,30.0,0,0
75,9,17,11,28,Y6050908,,,,0,30.0,0,0
75,9,17,11,29,Y6050909,,,,0,30.0,0,0
75,9,17,11,30,Y6050910,,,,0,30.0,0,0
75,9,17,12,10,Y6050911,,,,0,30.0,0,0
75,9,17,12,11,Y6050912,,,,0,30.0,0,0
75,9,17,12,12,Y6050913,,,,0,30.0,0,0
75,9,17,12,13,Y6050914,,,,0,30.0,0,0
75,9,17,12,14,Y6050915,,,,0,30.0,0,0
75,9,17,12,15,Y6050916,,,,0,30.0,0,0
75,9,17,12,16,Y6050917,,,,0,30.0,0,0
75,9,17,12,17,Y6050918,,,,0,30.0,0,0
75,9,17,12,18,Y6050919,,,,0,30.0,0,0
75,9,17,12,19,Y6050920,,,,0,30.0,0,0
75,9,17,12,20,Y6050921,,,,0,30.0,0,0
75,9,17,12,21,Y6050922,,,,0,30.0,0,0
75,9,17,12,22,Y6050923,,,,0,30.0,0,0
75,9,17,12,23,Y6050924,,,,0,30.0,0,0
75,9,17,12,24,Y6050925,,,,0,30.0,0,0
75,9,17,12,25,Y6050926,,,,0,30.0,0,0
75,9,17,12,26,Y6050927,,,,0,30.0,0,0
75,9,17,12,27,Y6050928,,,,0,30.0,0,0
75,9,17,12,28,Y6050929,,,,0,30.0,0,0
75,9,17,12,29,Y6050930,,,,0,30.0,0,0
75,9,17,12,30,Y6050931,,,,0,30.0,0,0
75,9,18,1,10,Y6050932,,,,0,30.0,0,0
75,9,18,1,11,Y6050933,,,,0,30.0,0,0
75,9,18,1,12,Y6050934,,,,0,30.0,0,0
75,9,18,1,13,Y6050935,,,,0,30.0,0,0
75,9,18,1,14,Y6050936,,,,0,30.0,0,0
75,9,18,1,15,Y6050937,,,,0,30.0,0,0
75,9,18,1,16,Y6050938,,,,0,30.0,0,0
75,9,18,1,17,Y6050939,,,,0,30.0,0,0
75,9,18,1,18,Y6050940,,,,0,30.0,0,0
75,9,18,1,19,Y6050941,,,,0,30.0,0,0
75,9,18,1,20,Y6050942,,,,0,30.0,0,0
75,9,18,1,21,Y6050943,,,,0,30.0,0,0
75,9,18,1,22,Y6050944,,,,0,30.0,0,0
75,9,18,1,23,Y6050945,,,,0,30.0,0,0
75,9,18,1,24,Y6050946,,,,0,30.0,0,0
75,9,18,1,25,Y6050947,,,,0,30.0,0,0
75,9,18,1,26,Y6050948,,,,0,30.0,0,0
75,9,18,1,27,Y6050949,,,,0,30.0,0,0
75,9,18,1,28,Y6050950,,,,0,30.0,0,0
75,9,18,1,29,Y6050951,,,,0,30.0,0,0
75,9,18,1,30,Y6050952,,,,0,30.0,0,0
75,9,18,2,10,Y6050953,,,,0,30.0,0,0
75,9,18,2,11,Y6050954,,,,0,30.0,0,0
75,9,18,2,12,Y6050955,,,,0,30.0,0,0
75,9,18,2,13,Y6050956,,,,0,30.0,0,0
75,9,18,2,14,Y6050957,,,,0,30.0,0,0
75,9,18,2,15,Y6050958,,,,0,30.0,0,0
75,9,18,2,16,Y6050959,,,,0,30.0,0,0
75,9,18,2,17,Y6050960,,,,0,30.0,0,0
75,9,18,2,18,Y6050961,,,,0,30.0,0,0
75,9,18,2,19,Y6050962,,,,0,30.0,0,0
75,9,18,2,20,Y6050963,,,,0,30.0,0,0
75,9,18,2,21,Y6050964,,,,0,30.0,0,0
75,9,18,2,22,Y6050965,,,,0,30.0,0,0
75,9,18,2,23,Y6050966,,,,0,30.0,0,0
75,9,18,2,24,Y6050967,,,,0,30.0,0,0
75,9,18,2,25,Y6050968,,,,0,30.0,0,0
75,9,18,2,26,Y6050969,,,,0,30.0,0,0
75,9,18,2,27,Y6050970,,,,0,30.0,0,0
75,9,18,2,28,Y6050971,,,,0,30.0,0,0
75,9,18,2,29,Y6050972,,,,0,30.0,0,0
75,9,18,2,30,Y6050973,,,,0,30.0,0,0
75,9,18,3,10,Y6050974,,,,0,30.0,0,0
75,9,18,3,11,Y6050975,,,,0,30.0,0,0
75,9,18,3,12,Y6050976,,,,0,30.0,0,0
75,9,18,3,13,Y6050977,,,,0,30.0,0,0
75,9,18,3,14,Y6050978,,,,0,30.0,0,0
75,9,18,3,15,Y6050979,,,,0,30.0,0,0
75,9,18,3,16,Y6050980,,,,0,30.0,0,0
75,9,18,3,17,Y6050981,,,,0,30.0,0,0
75,9,18,3,18,Y6050982,,,,0,30.0,0,0
75,9,18,3,19,Y6050983,,,,0,30.0,0,0
75,9,18,3,20,Y6050984,,,,0,30.0,0,0
75,9,18,3,21,Y6050985,,,,0,30.0,0,0
75,9,18,3,22,Y6050986,,,,0,30.0,0,0
75,9,18,3,23,Y6050987,,,,0,30.0,0,0
75,9,18,3,24,Y6050988,,,,0,30.0,0,0
75,9,18,3,25,Y6050989,,,,0,30.0,0,0
75,9,18,3,26,Y6050990,,,,0,30.0,0,0
75,9,18,3,27,Y6050991,,,,0,30.0,0,0
75,9,18,3,28,Y6050992,,,,0,30.0,0,0
75,9,18,3,29,Y6050993,,,,0,30.0,0,0
75,9,18,3,30,Y6050994,,,,0,30.0,0,0
75,9,18,4,10,Y6050995,,,,0,30.0,0,0
75,9,18,4,11,Y6050996,,,,0,30.0,0,0
75,9,18,4,12,Y6050997,,,,0,30.0,0,0
75,9,18,4,13,Y6050998,,,,0,30.0,0,0
75,9,18,4,14,Y6050999,,,,0,30.0,0,0
75,9,18,4,15,Y6051000,,,,0,30.0,0,0
75,9,18,4,16,Y6051001,,,,0,30.0,0,0
75,9,18,4,17,Y6051002,,,,0,30.0,0,0
75,9,18,4,18,Y6051003,,,,0,30.0,0,0
75,9,18,4,19,Y6051004,,,,0,30.0,0,0
75,9,18,4,20,Y6051005,,,,0,30.0,0,0
75,9,18,4,21,Y6051006,,,,0,30.0,0,0
75,9,18,4,22,Y6051007,,,,0,30.0,0,0
75,9,18,4,23,Y6051008,,,,0,30.0,0,0
75,9,18,4,24,Y6051009,,,,0,30.0,0,0
75,9,18,4,25,Y6051010,,,,0,30.0,0,0
75,9,18,4,26,Y6051011,,,,0,30.0,0,0
75,9,18,4,27,Y6051012,,,,0,30.0,0,0
75,9,18,4,28,Y6051013,,,,0,30.0,0,0
75,9,18,4,29,Y6051014,,,,0,30.0,0,0
75,9,18,4,30,Y6051015,,,,0,30.0,0,0
75,9,18,5,10,Y6051016,,,,0,30.0,0,0
75,9,18,5,11,Y6051017,,,,0,30.0,0,0
75,9,18,5,12,Y6051018,,,,0,30.0,0,0
75,9,18,5,13,Y6051019,,,,0,30.0,0,0
75,9,18,5,14,Y6051020,,,,0,30.0,0,0
75,9,18,5,15,Y6051021,,,,0,30.0,0,0
75,9,18,5,16,Y6051022,,,,0,30.0,0,0
75,9,18,5,17,Y6051023,,,,0,30.0,0,0
75,9,18,5,18,Y6051024,,,,0,30.0,0,0
75,9,18,5,19,Y6051025,,,,0,30.0,0,0
75,9,18,5,20,Y6051026,,,,0,30.0,0,0
75,9,18,5,21,Y6051027,,,,0,30.0,0,0
75,9,18,5,22,Y6051028,,,,0,30.0,0,0
75,9,18,5,23,Y6051029,,,,0,30.0,0,0
75,9,18,5,24,Y6051030,,,,0,30.0,0,0
75,9,18,5,25,Y6051031,,,,0,30.0,0,0
75,9,18,5,26,Y6051032,,,,0,30.0,0,0
75,9,18,5,27,Y6051033,,,,0,30.0,0,0
75,9,18,5,28,Y6051034,,,,0,30.0,0,0
75,9,18,5,29,Y6051035,,,,0,30.0,0,0
75,9,18,5,30,Y6051036,,,,0,30.0,0,0
75,9,18,6,10,Y6051037,,,,0,30.0,0,0
75,9,18,6,11,Y6051038,,,,0,30.0,0,0
75,9,18,6,12,Y6051039,,,,0,30.0,0,0
75,9,18,6,13,Y6051040,,,,0,30.0,0,0
75,9,18,6,14,Y6051041,,,,0,30.0,0,0
75,9,18,6,15,Y6051042,,,,0,30.0,0,0
75,9,18,6,16,Y6051043,,,,0,30.0,0,0
75,9,18,6,17,Y6051044,,,,0,30.0,0,0
75,9,18,6,18,Y6051045,,,,0,30.0,0,0
75,9,18,6,19,Y6051046,,,,0,30.0,0,0
75,9,18,6,20,Y6051047,,,,0,30.0,0,0
75,9,18,6,21,Y6051048,,,,0,30.0,0,0
75,9,18,6,22,Y6051049,,,,0,30.0,0,0
75,9,18,6,23,Y6051050,,,,0,30.0,0,0
75,9,18,6,24,Y6051051,,,,0,30.0,0,0
75,9,18,6,25,Y6051052,,,,0,30.0,0,0
75,9,18,6,26,Y6051053,,,,0,30.0,0,0
75,9,18,6,27,Y6051054,,,,0,30.0,0,0
75,9,18,6,28,Y6051055,,,,0,30.0,0,0
75,9,18,6,29,Y6051056,,,,0,30.0,0,0
75,9,18,6,30,Y6051057,,,,0,30.0,0,0
75,9,18,7,10,Y6051058,,,,0,30.0,0,0
75,9,18,7,11,Y6051059,,,,0,30.0,0,0
75,9,18,7,12,Y6051060,,,,0,30.0,0,0
75,9,18,7,13,Y6051061,,,,0,30.0,0,0
75,9,18,7,14,Y6051062,,,,0,30.0,0,0
75,9,18,7,15,Y6051063,,,,0,30.0,0,0
75,9,18,7,16,Y6051064,,,,0,30.0,0,0
75,9,18,7,17,Y6051065,,,,0,30.0,0,0
75,9,18,7,18,Y6051066,,,,0,30.0,0,0
75,9,18,7,19,Y6051067,,,,0,30.0,0,0
75,9,18,7,20,Y6051068,,,,0,30.0,0,0
75,9,18,7,21,Y6051069,,,,0,30.0,0,0
75,9,18,7,22,Y6051070,,,,0,30.0,0,0
75,9,18,7,23,Y6051071,,,,0,30.0,0,0
75,9,18,7,24,Y6051072,,,,0,30.0,0,0
75,9,18,7,25,Y6051073,,,,0,30.0,0,0
75,9,18,7,26,Y6051074,,,,0,30.0,0,0
75,9,18,7,27,Y6051075,,,,0,30.0,0,0
75,9,18,7,28,Y6051076,,,,0,30.0,0,0
75,9,18,7,29,Y6051077,,,,0,30.0,0,0
75,9,18,7,30,Y6051078,,,,0,30.0,0,0
75,9,18,8,10,Y6051079,,,,0,30.0,0,0
75,9,18,8,11,Y6051080,,,,0,30.0,0,0
75,9,18,8,12,Y6051081,,,,0,30.0,0,0
75,9,18,8,13,Y6051082,,,,0,30.0,0,0
75,9,18,8,14,Y6051083,,,,0,30.0,0,0
75,9,18,8,15,Y6051084,,,,0,30.0,0,0
75,9,18,8,16,Y6051085,,,,0,30.0,0,0
75,9,18,8,17,Y6051086,,,,0,30.0,0,0
75,9,18,8,18,Y6051087,,,,0,30.0,0,0
75,9,18,8,19,Y6051088,,,,0,30.0,0,0
75,9,18,8,20,Y6051089,,,,0,30.0,0,0
75,9,18,8,21,Y6051090,,,,0,30.0,0,0
75,9,18,8,22,Y6051091,,,,0,30.0,0,0
75,9,18,8,23,Y6051092,,,,0,30.0,0,0
75,9,18,8,24,Y6051093,,,,0,30.0,0,0
75,9,18,8,25,Y6051094,,,,0,30.0,0,0
75,9,18,8,26,Y6051095,,,,0,30.0,0,0
75,9,18,8,27,Y6051096,,,,0,30.0,0,0
75,9,18,8,28,Y6051097,,,,0,30.0,0,0
75,9,18,8,29,Y6051098,,,,0,30.0,0,0
75,9,18,8,30,Y6051099,,,,0,30.0,0,0
75,9,18,9,10,Y6051100,,,,0,30.0,0,0
75,9,18,9,11,Y6051101,,,,0,30.0,0,0
75,9,18,9,12,Y6051102,,,,0,30.0,0,0
75,9,18,9,13,Y6051103,,,,0,30.0,0,0
75,9,18,9,14,Y6051104,,,,0,30.0,0,0
75,9,18,9,15,Y6051105,,,,0,30.0,0,0
75,9,18,9,16,Y6051106,,,,0,30.0,0,0
75,9,18,9,17,Y6051107,,,,0,30.0,0,0
75,9,18,9,18,Y6051108,,,,0,30.0,0,0
75,9,18,9,19,Y6051109,,,,0,30.0,0,0
75,9,18,9,20,Y6051110,,,,0,30.0,0,0
75,9,18,9,21,Y6051111,,,,0,30.0,0,0
75,9,18,9,22,Y6051112,,,,0,30.0,0,0
75,9,18,9,23,Y6051113,,,,0,30.0,0,0
75,9,18,9,24,Y6051114,,,,0,30.0,0,0
75,9,18,9,25,Y6051115,,,,0,30.0,0,0
75,9,18,9,26,Y6051116,,,,0,30.0,0,0
75,9,18,9,27,Y6051117,,,,0,30.0,0,0
75,9,18,9,28,Y6051118,,,,0,30.0,0,0
75,9,18,9,29,Y6051119,,,,0,30.0,0,0
75,9,18,9,30,Y6051120,,,,0,30.0,0,0
75,9,18,10,10,Y6051121,,,,0,30.0,0,0
75,9,18,10,11,Y6051122,,,,0,30.0,0,0
75,9,18,10,12,Y6051123,,,,0,30.0,0,0
75,9,18,10,13,Y6051124,,,,0,30.0,0,0
75,9,18,10,14,Y6051125,,,,0,30.0,0,0
75,9,18,10,15,Y6051126,,,,0,30.0,0,0
75,9,18,10,16,Y6051127,,,,0,30.0,0,0
75,9,18,10,17,Y6051128,,,,0,30.0,0,0
75,9,18,10,18,Y6051129,,,,0,30.0,0,0
75,9,18,10,19,Y6051130,,,,0,30.0,0,0
75,9,18,10,20,Y6051131,,,,0,30.0,0,0
75,9,18,10,21,Y6051132,,,,0,30.0,0,0
75,9,18,10,22,Y6051133,,,,0,30.0,0,0
75,9,18,10,23,Y6051134,,,,0,30.0,0,0
75,9,18,10,24,Y6051135,,,,0,30.0,0,0
75,9,18,10,25,Y6051136,,,,0,30.0,0,0
75,9,18,10,26,Y6051137,,,,0,30.0,0,0
75,9,18,10,27,Y6051138,,,,0,30.0,0,0
75,9,18,10,28,Y6051139,,,,0,30.0,0,0
75,9,18,10,29,Y6051140,,,,0,30.0,0,0
75,9,18,10,30,Y6051141,,,,0,30.0,0,0
75,9,18,11,10,Y6051142,,,,0,30.0,0,0
75,9,18,11,11,Y6051143,,,,0,30.0,0,0
75,9,18,11,12,Y6051144,,,,0,30.0,0,0
75,9,18,11,13,Y6051145,,,,0,30.0,0,0
75,9,18,11,14,Y6051146,,,,0,30.0,0,0
75,9,18,11,15,Y6051147,,,,0,30.0,0,0
75,9,18,11,16,Y6051148,,,,0,30.0,0,0
75,9,18,11,17,Y6051149,,,,0,30.0,0,0
75,9,18,11,18,Y6051150,,,,0,30.0,0,0
75,9,18,11,19,Y6051151,,,,0,30.0,0,0
75,9,18,11,20,Y6051152,,,,0,30.0,0,0
75,9,18,11,21,Y6051153,,,,0,30.0,0,0
75,9,18,11,22,Y6051154,,,,0,30.0,0,0
75,9,18,11,23,Y6051155,,,,0,30.0,0,0
75,9,18,11,24,Y6051156,,,,0,30.0,0,0
75,9,18,11,25,Y6051157,,,,0,30.0,0,0
75,9,18,11,26,Y6051158,,,,0,30.0,0,0
75,9,18,11,27,Y6051159,,,,0,30.0,0,0
75,9,18,11,28,Y6051160,,,,0,30.0,0,0
75,9,18,11,29,Y6051161,,,,0,30.0,0,0
75,9,18,11,30,Y6051162,,,,0,30.0,0,0
75,9,18,12,10,Y6051163,,,,0,30.0,0,0
75,9,18,12,11,Y6051164,,,,0,30.0,0,0
75,9,18,12,12,Y6051165,,,,0,30.0,0,0
75,9,18,12,13,Y6051166,,,,0,30.0,0,0
75,9,18,12,14,Y6051167,,,,0,30.0,0,0
75,9,18,12,15,Y6051168,,,,0,30.0,0,0
75,9,18,12,16,Y6051169,,,,0,30.0,0,0
75,9,18,12,17,Y6051170,,,,0,30.0,0,0
75,9,18,12,18,Y6051171,,,,0,30.0,0,0
75,9,18,12,19,Y6051172,,,,0,30.0,0,0
75,9,18,12,20,Y6051173,,,,0,30.0,0,0
75,9,18,12,21,Y6051174,,,,0,30.0,0,0
75,9,18,12,22,Y6051175,,,,0,30.0,0,0
75,9,18,12,23,Y6051176,,,,0,30.0,0,0
75,9,18,12,24,Y6051177,,,,0,30.0,0,0
75,9,18,12,25,Y6051178,,,,0,30.0,0,0
75,9,18,12,26,Y6051179,,,,0,30.0,0,0
75,9,18,12,27,Y6051180,,,,0,30.0,0,0
75,9,18,12,28,Y6051181,,,,0,30.0,0,0
75,9,18,12,29,Y6051182,,,,0,30.0,0,0
75,9,18,12,30,Y6051183,,,,0,30.0,0,0
75,9,19,1,10,Y6051184,,,,0,30.0,0,0
75,9,19,1,11,Y6051185,,,,0,30.0,0,0
75,9,19,1,12,Y6051186,,,,0,30.0,0,0
75,9,19,1,13,Y6051187,,,,0,30.0,0,0
75,9,19,1,14,Y6051188,,,,0,30.0,0,0
75,9,19,1,15,Y6051189,,,,0,30.0,0,0
75,9,19,1,16,Y6051190,,,,0,30.0,0,0
75,9,19,1,17,Y6051191,,,,0,30.0,0,0
75,9,19,1,18,Y6051192,,,,0,30.0,0,0
75,9,19,1,19,Y6051193,,,,0,30.0,0,0
75,9,19,1,20,Y6051194,,,,0,30.0,0,0
75,9,19,1,21,Y6051195,,,,0,30.0,0,0
75,9,19,1,22,Y6051196,,,,0,30.0,0,0
75,9,19,1,23,Y6051197,,,,0,30.0,0,0
75,9,19,1,24,Y6051198,,,,0,30.0,0,0
75,9,19,1,25,Y6051199,,,,0,30.0,0,0
75,9,19,1,26,Y6051200,,,,0,30.0,0,0
75,9,19,1,27,Y6051201,,,,0,30.0,0,0
75,9,19,1,28,Y6051202,,,,0,30.0,0,0
75,9,19,1,29,Y6051203,,,,0,30.0,0,0
75,9,19,1,30,Y6051204,,,,0,30.0,0,0
75,9,19,2,10,Y6051205,,,,0,30.0,0,0
75,9,19,2,11,Y6051206,,,,0,30.0,0,0
75,9,19,2,12,Y6051207,,,,0,30.0,0,0
75,9,19,2,13,Y6051208,,,,0,30.0,0,0
75,9,19,2,14,Y6051209,,,,0,30.0,0,0
75,9,19,2,15,Y6051210,,,,0,30.0,0,0
75,9,19,2,16,Y6051211,,,,0,30.0,0,0
75,9,19,2,17,Y6051212,,,,0,30.0,0,0
75,9,19,2,18,Y6051213,,,,0,30.0,0,0
75,9,19,2,19,Y6051214,,,,0,30.0,0,0
75,9,19,2,20,Y6051215,,,,0,30.0,0,0
75,9,19,2,21,Y6051216,,,,0,30.0,0,0
75,9,19,2,22,Y6051217,,,,0,30.0,0,0
75,9,19,2,23,Y6051218,,,,0,30.0,0,0
75,9,19,2,24,Y6051219,,,,0,30.0,0,0
75,9,19,2,25,Y6051220,,,,0,30.0,0,0
75,9,19,2,26,Y6051221,,,,0,30.0,0,0
75,9,19,2,27,Y6051222,,,,0,30.0,0,0
75,9,19,2,28,Y6051223,,,,0,30.0,0,0
75,9,19,2,29,Y6051224,,,,0,30.0,0,0
75,9,19,2,30,Y6051225,,,,0,30.0,0,0
75,9,19,3,10,Y6051226,,,,0,30.0,0,0
75,9,19,3,11,Y6051227,,,,0,30.0,0,0
75,9,19,3,12,Y6051228,,,,0,30.0,0,0
75,9,19,3,13,Y6051229,,,,0,30.0,0,0
75,9,19,3,14,Y6051230,,,,0,30.0,0,0
75,9,19,3,15,Y6051231,,,,0,30.0,0,0
75,9,19,3,16,Y6051232,,,,0,30.0,0,0
75,9,19,3,17,Y6051233,,,,0,30.0,0,0
75,9,19,3,18,Y6051234,,,,0,30.0,0,0
75,9,19,3,19,Y6051235,,,,0,30.0,0,0
75,9,19,3,20,Y6051236,,,,0,30.0,0,0
75,9,19,3,21,Y6051237,,,,0,30.0,0,0
75,9,19,3,22,Y6051238,,,,0,30.0,0,0
75,9,19,3,23,Y6051239,,,,0,30.0,0,0
75,9,19,3,24,Y6051240,,,,0,30.0,0,0
75,9,19,3,25,Y6051241,,,,0,30.0,0,0
75,9,19,3,26,Y6051242,,,,0,30.0,0,0
75,9,19,3,27,Y6051243,,,,0,30.0,0,0
75,9,19,3,28,Y6051244,,,,0,30.0,0,0
75,9,19,3,29,Y6051245,,,,0,30.0,0,0
75,9,19,3,30,Y6051246,,,,0,30.0,0,0
75,9,19,4,10,Y6051247,,,,0,30.0,0,0
75,9,19,4,11,Y6051248,,,,0,30.0,0,0
75,9,19,4,12,Y6051249,,,,0,30.0,0,0
75,9,19,4,13,Y6051250,,,,0,30.0,0,0
75,9,19,4,14,Y6051251,,,,0,30.0,0,0
75,9,19,4,15,Y6051252,,,,0,30.0,0,0
75,9,19,4,16,Y6051253,,,,0,30.0,0,0
75,9,19,4,17,Y6051254,,,,0,30.0,0,0
75,9,19,4,18,Y6051255,,,,0,30.0,0,0
75,9,19,4,19,Y6051256,,,,0,30.0,0,0
75,9,19,4,20,Y6051257,,,,0,30.0,0,0
75,9,19,4,21,Y6051258,,,,0,30.0,0,0
75,9,19,4,22,Y6051259,,,,0,30.0,0,0
75,9,19,4,23,Y6051260,,,,0,30.0,0,0
75,9,19,4,24,Y6051261,,,,0,30.0,0,0
75,9,19,4,25,Y6051262,,,,0,30.0,0,0
75,9,19,4,26,Y6051263,,,,0,30.0,0,0
75,9,19,4,27,Y6051264,,,,0,30.0,0,0
75,9,19,4,28,Y6051265,,,,0,30.0,0,0
75,9,19,4,29,Y6051266,,,,0,30.0,0,0
75,9,19,4,30,Y6051267,,,,0,30.0,0,0
75,9,19,5,10,Y6051268,,,,0,30.0,0,0
75,9,19,5,11,Y6051269,,,,0,30.0,0,0
75,9,19,5,12,Y6051270,,,,0,30.0,0,0
75,9,19,5,13,Y6051271,,,,0,30.0,0,0
75,9,19,5,14,Y6051272,,,,0,30.0,0,0
75,9,19,5,15,Y6051273,,,,0,30.0,0,0
75,9,19,5,16,Y6051274,,,,0,30.0,0,0
75,9,19,5,17,Y6051275,,,,0,30.0,0,0
75,9,19,5,18,Y6051276,,,,0,30.0,0,0
75,9,19,5,19,Y6051277,,,,0,30.0,0,0
75,9,19,5,20,Y6051278,,,,0,30.0,0,0
75,9,19,5,21,Y6051279,,,,0,30.0,0,0
75,9,19,5,22,Y6051280,,,,0,30.0,0,0
75,9,19,5,23,Y6051281,,,,0,30.0,0,0
75,9,19,5,24,Y6051282,,,,0,30.0,0,0
75,9,19,5,25,Y6051283,,,,0,30.0,0,0
75,9,19,5,26,Y6051284,,,,0,30.0,0,0
75,9,19,5,27,Y6051285,,,,0,30.0,0,0
75,9,19,5,28,Y6051286,,,,0,30.0,0,0
75,9,19,5,29,Y6051287,,,,0,30.0,0,0
75,9,19,5,30,Y6051288,,,,0,30.0,0,0
75,9,19,6,10,Y6051289,,,,0,30.0,0,0
75,9,19,6,11,Y6051290,,,,0,30.0,0,0
75,9,19,6,12,Y6051291,,,,0,30.0,0,0
75,9,19,6,13,Y6051292,,,,0,30.0,0,0
75,9,19,6,14,Y6051293,,,,0,30.0,0,0
75,9,19,6,15,Y6051294,,,,0,30.0,0,0
75,9,19,6,16,Y6051295,,,,0,30.0,0,0
75,9,19,6,17,Y6051296,,,,0,30.0,0,0
75,9,19,6,18,Y6051297,,,,0,30.0,0,0
75,9,19,6,19,Y6051298,,,,0,30.0,0,0
75,9,19,6,20,Y6051299,,,,0,30.0,0,0
75,9,19,6,21,Y6051300,,,,0,30.0,0,0
75,9,19,6,22,Y6051301,,,,0,30.0,0,0
75,9,19,6,23,Y6051302,,,,0,30.0,0,0
75,9,19,6,24,Y6051303,,,,0,30.0,0,0
75,9,19,6,25,Y6051304,,,,0,30.0,0,0
75,9,19,6,26,Y6051305,,,,0,30.0,0,0
75,9,19,6,27,Y6051306,,,,0,30.0,0,0
75,9,19,6,28,Y6051307,,,,0,30.0,0,0
75,9,19,6,29,Y6051308,,,,0,30.0,0,0
75,9,19,6,30,Y6051309,,,,0,30.0,0,0
75,9,19,7,10,Y6051310,,,,0,30.0,0,0
75,9,19,7,11,Y6051311,,,,0,30.0,0,0
75,9,19,7,12,Y6051312,,,,0,30.0,0,0
75,9,19,7,13,Y6051313,,,,0,30.0,0,0
75,9,19,7,14,Y6051314,,,,0,30.0,0,0
75,9,19,7,15,Y6051315,,,,0,30.0,0,0
75,9,19,7,16,Y6051316,,,,0,30.0,0,0
75,9,19,7,17,Y6051317,,,,0,30.0,0,0
75,9,19,7,18,Y6051318,,,,0,30.0,0,0
75,9,19,7,19,Y6051319,,,,0,30.0,0,0
75,9,19,7,20,Y6051320,,,,0,30.0,0,0
75,9,19,7,21,Y6051321,,,,0,30.0,0,0
75,9,19,7,22,Y6051322,,,,0,30.0,0,0
75,9,19,7,23,Y6051323,,,,0,30.0,0,0
75,9,19,7,24,Y6051324,,,,0,30.0,0,0
75,9,19,7,25,Y6051325,,,,0,30.0,0,0
75,9,19,7,26,Y6051326,,,,0,30.0,0,0
75,9,19,7,27,Y6051327,,,,0,30.0,0,0
75,9,19,7,28,Y6051328,,,,0,30.0,0,0
75,9,19,7,29,Y6051329,,,,0,30.0,0,0
75,9,19,7,30,Y6051330,,,,0,30.0,0,0
75,9,19,8,10,Y6051331,,,,0,30.0,0,0
75,9,19,8,11,Y6051332,,,,0,30.0,0,0
75,9,19,8,12,Y6051333,,,,0,30.0,0,0
75,9,19,8,13,Y6051334,,,,0,30.0,0,0
75,9,19,8,14,Y6051335,,,,0,30.0,0,0
75,9,19,8,15,Y6051336,,,,0,30.0,0,0
75,9,19,8,16,Y6051337,,,,0,30.0,0,0
75,9,19,8,17,Y6051338,,,,0,30.0,0,0
75,9,19,8,18,Y6051339,,,,0,30.0,0,0
75,9,19,8,19,Y6051340,,,,0,30.0,0,0
75,9,19,8,20,Y6051341,,,,0,30.0,0,0
75,9,19,8,21,Y6051342,,,,0,30.0,0,0
75,9,19,8,22,Y6051343,,,,0,30.0,0,0
75,9,19,8,23,Y6051344,,,,0,30.0,0,0
75,9,19,8,24,Y6051345,,,,0,30.0,0,0
75,9,19,8,25,Y6051346,,,,0,30.0,0,0
75,9,19,8,26,Y6051347,,,,0,30.0,0,0
75,9,19,8,27,Y6051348,,,,0,30.0,0,0
75,9,19,8,28,Y6051349,,,,0,30.0,0,0
75,9,19,8,29,Y6051350,,,,0,30.0,0,0
75,9,19,8,30,Y6051351,,,,0,30.0,0,0
75,9,19,9,10,Y6051352,,,,0,30.0,0,0
75,9,19,9,11,Y6051353,,,,0,30.0,0,0
75,9,19,9,12,Y6051354,,,,0,30.0,0,0
75,9,19,9,13,Y6051355,,,,0,30.0,0,0
75,9,19,9,14,Y6051356,,,,0,30.0,0,0
75,9,19,9,15,Y6051357,,,,0,30.0,0,0
75,9,19,9,16,Y6051358,,,,0,30.0,0,0
75,9,19,9,17,Y6051359,,,,0,30.0,0,0
75,9,19,9,18,Y6051360,,,,0,30.0,0,0
75,9,19,9,19,Y6051361,,,,0,30.0,0,0
75,9,19,9,20,Y6051362,,,,0,30.0,0,0
75,9,19,9,21,Y6051363,,,,0,30.0,0,0
75,9,19,9,22,Y6051364,,,,0,30.0,0,0
75,9,19,9,23,Y6051365,,,,0,30.0,0,0
75,9,19,9,24,Y6051366,,,,0,30.0,0,0
75,9,19,9,25,Y6051367,,,,0,30.0,0,0
75,9,19,9,26,Y6051368,,,,0,30.0,0,0
75,9,19,9,27,Y6051369,,,,0,30.0,0,0
75,9,19,9,28,Y6051370,,,,0,30.0,0,0
75,9,19,9,29,Y6051371,,,,0,30.0,0,0
75,9,19,9,30,Y6051372,,,,0,30.0,0,0
75,9,19,10,10,Y6051373,,,,0,30.0,0,0
75,9,19,10,11,Y6051374,,,,0,30.0,0,0
75,9,19,10,12,Y6051375,,,,0,30.0,0,0
75,9,19,10,13,Y6051376,,,,0,30.0,0,0
75,9,19,10,14,Y6051377,,,,0,30.0,0,0
75,9,19,10,15,Y6051378,,,,0,30.0,0,0
75,9,19,10,16,Y6051379,,,,0,30.0,0,0
75,9,19,10,17,Y6051380,,,,0,30.0,0,0
75,9,19,10,18,Y6051381,,,,0,30.0,0,0
75,9,19,10,19,Y6051382,,,,0,30.0,0,0
75,9,19,10,20,Y6051383,,,,0,30.0,0,0
75,9,19,10,21,Y6051384,,,,0,30.0,0,0
75,9,19,10,22,Y6051385,,,,0,30.0,0,0
75,9,19,10,23,Y6051386,,,,0,30.0,0,0
75,9,19,10,24,Y6051387,,,,0,30.0,0,0
75,9,19,10,25,Y6051388,,,,0,30.0,0,0
75,9,19,10,26,Y6051389,,,,0,30.0,0,0
75,9,19,10,27,Y6051390,,,,0,30.0,0,0
75,9,19,10,28,Y6051391,,,,0,30.0,0,0
75,9,19,10,29,Y6051392,,,,0,30.0,0,0
75,9,19,10,30,Y6051393,,,,0,30.0,0,0
75,9,19,11,10,Y6051394,,,,0,30.0,0,0
75,9,19,11,11,Y6051395,,,,0,30.0,0,0
75,9,19,11,12,Y6051396,,,,0,30.0,0,0
75,9,19,11,13,Y6051397,,,,0,30.0,0,0
75,9,19,11,14,Y6051398,,,,0,30.0,0,0
75,9,19,11,15,Y6051399,,,,0,30.0,0,0
75,9,19,11,16,Y6051400,,,,0,30.0,0,0
75,9,19,11,17,Y6051401,,,,0,30.0,0,0
75,9,19,11,18,Y6051402,,,,0,30.0,0,0
75,9,19,11,19,Y6051403,,,,0,30.0,0,0
75,9,19,11,20,Y6051404,,,,0,30.0,0,0
75,9,19,11,21,Y6051405,,,,0,30.0,0,0
75,9,19,11,22,Y6051406,,,,0,30.0,0,0
75,9,19,11,23,Y6051407,,,,0,30.0,0,0
75,9,19,11,24,Y6051408,,,,0,30.0,0,0
75,9,19,11,25,Y6051409,,,,0,30.0,0,0
75,9,19,11,26,Y6051410,,,,0,30.0,0,0
75,9,19,11,27,Y6051411,,,,0,30.0,0,0
75,9,19,11,28,Y6051412,,,,0,30.0,0,0
75,9,19,11,29,Y6051413,,,,0,30.0,0,0
75,9,19,11,30,Y6051414,,,,0,30.0,0,0
75,9,19,12,10,Y6051415,,,,0,30.0,0,0
75,9,19,12,11,Y6051416,,,,0,30.0,0,0
75,9,19,12,12,Y6051417,,,,0,30.0,0,0
75,9,19,12,13,Y6051418,,,,0,30.0,0,0
75,9,19,12,14,Y6051419,,,,0,30.0,0,0
75,9,19,12,15,Y6051420,,,,0,30.0,0,0
75,9,19,12,16,Y6051421,,,,0,30.0,0,0
75,9,19,12,17,Y6051422,,,,0,30.0,0,0
75,9,19,12,18,Y6051423,,,,0,30.0,0,0
75,9,19,12,19,Y6051424,,,,0,30.0,0,0
75,9,19,12,20,Y6051425,,,,0,30.0,0,0
75,9,19,12,21,Y6051426,,,,0,30.0,0,0
75,9,19,12,22,Y6051427,,,,0,30.0,0,0
75,9,19,12,23,Y6051428,,,,0,30.0,0,0
75,9,19,12,24,Y6051429,,,,0,30.0,0,0
75,9,19,12,25,Y6051430,,,,0,30.0,0,0
75,9,19,12,26,Y6051431,,,,0,30.0,0,0
75,9,19,12,27,Y6051432,,,,0,30.0,0,0
75,9,19,12,28,Y6051433,,,,0,30.0,0,0
75,9,19,12,29,Y6051434,,,,0,30.0,0,0
75,9,19,12,30,Y6051435,,,,0,30.0,0,0
75,9,20,1,10,Y6051436,,,,0,30.0,0,0
75,9,20,1,11,Y6051437,,,,0,30.0,0,0
75,9,20,1,12,Y6051438,,,,0,30.0,0,0
75,9,20,1,13,Y6051439,,,,0,30.0,0,0
75,9,20,1,14,Y6051440,,,,0,30.0,0,0
75,9,20,1,15,Y6051441,,,,0,30.0,0,0
75,9,20,1,16,Y6051442,,,,0,30.0,0,0
75,9,20,1,17,Y6051443,,,,0,30.0,0,0
75,9,20,1,18,Y6051444,,,,0,30.0,0,0
75,9,20,1,19,Y6051445,,,,0,30.0,0,0
75,9,20,1,20,Y6051446,,,,0,30.0,0,0
75,9,20,1,21,Y6051447,,,,0,30.0,0,0
75,9,20,1,22,Y6051448,,,,0,30.0,0,0
75,9,20,1,23,Y6051449,,,,0,30.0,0,0
75,9,20,1,24,Y6051450,,,,0,30.0,0,0
75,9,20,1,25,Y6051451,,,,0,30.0,0,0
75,9,20,1,26,Y6051452,,,,0,30.0,0,0
75,9,20,1,27,Y6051453,,,,0,30.0,0,0
75,9,20,1,28,Y6051454,,,,0,30.0,0,0
75,9,20,1,29,Y6051455,,,,0,30.0,0,0
75,9,20,1,30,Y6051456,,,,0,30.0,0,0
75,9,20,2,10,Y6051457,,,,0,30.0,0,0
75,9,20,2,11,Y6051458,,,,0,30.0,0,0
75,9,20,2,12,Y6051459,,,,0,30.0,0,0
75,9,20,2,13,Y6051460,,,,0,30.0,0,0
75,9,20,2,14,Y6051461,,,,0,30.0,0,0
75,9,20,2,15,Y6051462,,,,0,30.0,0,0
75,9,20,2,16,Y6051463,,,,0,30.0,0,0
75,9,20,2,17,Y6051464,,,,0,30.0,0,0
75,9,20,2,18,Y6051465,,,,0,30.0,0,0
75,9,20,2,19,Y6051466,,,,0,30.0,0,0
75,9,20,2,20,Y6051467,,,,0,30.0,0,0
75,9,20,2,21,Y6051468,,,,0,30.0,0,0
75,9,20,2,22,Y6051469,,,,0,30.0,0,0
75,9,20,2,23,Y6051470,,,,0,30.0,0,0
75,9,20,2,24,Y6051471,,,,0,30.0,0,0
75,9,20,2,25,Y6051472,,,,0,30.0,0,0
75,9,20,2,26,Y6051473,,,,0,30.0,0,0
75,9,20,2,27,Y6051474,,,,0,30.0,0,0
75,9,20,2,28,Y6051475,,,,0,30.0,0,0
75,9,20,2,29,Y6051476,,,,0,30.0,0,0
75,9,20,2,30,Y6051477,,,,0,30.0,0,0
75,9,20,3,10,Y6051478,,,,0,30.0,0,0
75,9,20,3,11,Y6051479,,,,0,30.0,0,0
75,9,20,3,12,Y6051480,,,,0,30.0,0,0
75,9,20,3,13,Y6051481,,,,0,30.0,0,0
75,9,20,3,14,Y6051482,,,,0,30.0,0,0
75,9,20,3,15,Y6051483,,,,0,30.0,0,0
75,9,20,3,16,Y6051484,,,,0,30.0,0,0
75,9,20,3,17,Y6051485,,,,0,30.0,0,0
75,9,20,3,18,Y6051486,,,,0,30.0,0,0
75,9,20,3,19,Y6051487,,,,0,30.0,0,0
75,9,20,3,20,Y6051488,,,,0,30.0,0,0
75,9,20,3,21,Y6051489,,,,0,30.0,0,0
75,9,20,3,22,Y6051490,,,,0,30.0,0,0
75,9,20,3,23,Y6051491,,,,0,30.0,0,0
75,9,20,3,24,Y6051492,,,,0,30.0,0,0
75,9,20,3,25,Y6051493,,,,0,30.0,0,0
75,9,20,3,26,Y6051494,,,,0,30.0,0,0
75,9,20,3,27,Y6051495,,,,0,30.0,0,0
75,9,20,3,28,Y6051496,,,,0,30.0,0,0
75,9,20,3,29,Y6051497,,,,0,30.0,0,0
75,9,20,3,30,Y6051498,,,,0,30.0,0,0
75,9,20,4,10,Y6051499,,,,0,30.0,0,0
75,9,20,4,11,Y6051500,,,,0,30.0,0,0
75,9,20,4,12,Y6051501,,,,0,30.0,0,0
75,9,20,4,13,Y6051502,,,,0,30.0,0,0
75,9,20,4,14,Y6051503,,,,0,30.0,0,0
75,9,20,4,15,Y6051504,,,,0,30.0,0,0
75,9,20,4,16,Y6051505,,,,0,30.0,0,0
75,9,20,4,17,Y6051506,,,,0,30.0,0,0
75,9,20,4,18,Y6051507,,,,0,30.0,0,0
75,9,20,4,19,Y6051508,,,,0,30.0,0,0
75,9,20,4,20,Y6051509,,,,0,30.0,0,0
75,9,20,4,21,Y6051510,,,,0,30.0,0,0
75,9,20,4,22,Y6051511,,,,0,30.0,0,0
75,9,20,4,23,Y6051512,,,,0,30.0,0,0
75,9,20,4,24,Y6051513,,,,0,30.0,0,0
75,9,20,4,25,Y6051514,,,,0,30.0,0,0
75,9,20,4,26,Y6051515,,,,0,30.0,0,0
75,9,20,4,27,Y6051516,,,,0,30.0,0,0
75,9,20,4,28,Y6051517,,,,0,30.0,0,0
75,9,20,4,29,Y6051518,,,,0,30.0,0,0
75,9,20,4,30,Y6051519,,,,0,30.0,0,0
75,9,20,5,10,Y6051520,,,,0,30.0,0,0
75,9,20,5,11,Y6051521,,,,0,30.0,0,0
75,9,20,5,12,Y6051522,,,,0,30.0,0,0
75,9,20,5,13,Y6051523,,,,0,30.0,0,0
75,9,20,5,14,Y6051524,,,,0,30.0,0,0
75,9,20,5,15,Y6051525,,,,0,30.0,0,0
75,9,20,5,16,Y6051526,,,,0,30.0,0,0
75,9,20,5,17,Y6051527,,,,0,30.0,0,0
75,9,20,5,18,Y6051528,,,,0,30.0,0,0
75,9,20,5,19,Y6051529,,,,0,30.0,0,0
75,9,20,5,20,Y6051530,,,,0,30.0,0,0
75,9,20,5,21,Y6051531,,,,0,30.0,0,0
75,9,20,5,22,Y6051532,,,,0,30.0,0,0
75,9,20,5,23,Y6051533,,,,0,30.0,0,0
75,9,20,5,24,Y6051534,,,,0,30.0,0,0
75,9,20,5,25,Y6051535,,,,0,30.0,0,0
75,9,20,5,26,Y6051536,,,,0,30.0,0,0
75,9,20,5,27,Y6051537,,,,0,30.0,0,0
75,9,20,5,28,Y6051538,,,,0,30.0,0,0
75,9,20,5,29,Y6051539,,,,0,30.0,0,0
75,9,20,5,30,Y6051540,,,,0,30.0,0,0
75,9,20,6,10,Y6051541,,,,0,30.0,0,0
75,9,20,6,11,Y6051542,,,,0,30.0,0,0
75,9,20,6,12,Y6051543,,,,0,30.0,0,0
75,9,20,6,13,Y6051544,,,,0,30.0,0,0
75,9,20,6,14,Y6051545,,,,0,30.0,0,0
75,9,20,6,15,Y6051546,,,,0,30.0,0,0
75,9,20,6,16,Y6051547,,,,0,30.0,0,0
75,9,20,6,17,Y6051548,,,,0,30.0,0,0
75,9,20,6,18,Y6051549,,,,0,30.0,0,0
75,9,20,6,19,Y6051550,,,,0,30.0,0,0
75,9,20,6,20,Y6051551,,,,0,30.0,0,0
75,9,20,6,21,Y6051552,,,,0,30.0,0,0
75,9,20,6,22,Y6051553,,,,0,30.0,0,0
75,9,20,6,23,Y6051554,,,,0,30.0,0,0
75,9,20,6,24,Y6051555,,,,0,30.0,0,0
75,9,20,6,25,Y6051556,,,,0,30.0,0,0
75,9,20,6,26,Y6051557,,,,0,30.0,0,0
75,9,20,6,27,Y6051558,,,,0,30.0,0,0
75,9,20,6,28,Y6051559,,,,0,30.0,0,0
75,9,20,6,29,Y6051560,,,,0,30.0,0,0
75,9,20,6,30,Y6051561,,,,0,30.0,0,0
75,9,20,7,10,Y6051562,,,,0,30.0,0,0
75,9,20,7,11,Y6051563,,,,0,30.0,0,0
75,9,20,7,12,Y6051564,,,,0,30.0,0,0
75,9,20,7,13,Y6051565,,,,0,30.0,0,0
75,9,20,7,14,Y6051566,,,,0,30.0,0,0
75,9,20,7,15,Y6051567,,,,0,30.0,0,0
75,9,20,7,16,Y6051568,,,,0,30.0,0,0
75,9,20,7,17,Y6051569,,,,0,30.0,0,0
75,9,20,7,18,Y6051570,,,,0,30.0,0,0
75,9,20,7,19,Y6051571,,,,0,30.0,0,0
75,9,20,7,20,Y6051572,,,,0,30.0,0,0
75,9,20,7,21,Y6051573,,,,0,30.0,0,0
75,9,20,7,22,Y6051574,,,,0,30.0,0,0
75,9,20,7,23,Y6051575,,,,0,30.0,0,0
75,9,20,7,24,Y6051576,,,,0,30.0,0,0
75,9,20,7,25,Y6051577,,,,0,30.0,0,0
75,9,20,7,26,Y6051578,,,,0,30.0,0,0
75,9,20,7,27,Y6051579,,,,0,30.0,0,0
75,9,20,7,28,Y6051580,,,,0,30.0,0,0
75,9,20,7,29,Y6051581,,,,0,30.0,0,0
75,9,20,7,30,Y6051582,,,,0,30.0,0,0
75,9,20,8,10,Y6051583,,,,0,30.0,0,0
75,9,20,8,11,Y6051584,,,,0,30.0,0,0
75,9,20,8,12,Y6051585,,,,0,30.0,0,0
75,9,20,8,13,Y6051586,,,,0,30.0,0,0
75,9,20,8,14,Y6051587,,,,0,30.0,0,0
75,9,20,8,15,Y6051588,,,,0,30.0,0,0
75,9,20,8,16,Y6051589,,,,0,30.0,0,0
75,9,20,8,17,Y6051590,,,,0,30.0,0,0
75,9,20,8,18,Y6051591,,,,0,30.0,0,0
75,9,20,8,19,Y6051592,,,,0,30.0,0,0
75,9,20,8,20,Y6051593,,,,0,30.0,0,0
75,9,20,8,21,Y6051594,,,,0,30.0,0,0
75,9,20,8,22,Y6051595,,,,0,30.0,0,0
75,9,20,8,23,Y6051596,,,,0,30.0,0,0
75,9,20,8,24,Y6051597,,,,0,30.0,0,0
75,9,20,8,25,Y6051598,,,,0,30.0,0,0
75,9,20,8,26,Y6051599,,,,0,30.0,0,0
75,9,20,8,27,Y6051600,,,,0,30.0,0,0
75,9,20,8,28,Y6051601,,,,0,30.0,0,0
75,9,20,8,29,Y6051602,,,,0,30.0,0,0
75,9,20,8,30,Y6051603,,,,0,30.0,0,0
75,9,20,9,10,Y6051604,,,,0,30.0,0,0
75,9,20,9,11,Y6051605,,,,0,30.0,0,0
75,9,20,9,12,Y6051606,,,,0,30.0,0,0
75,9,20,9,13,Y6051607,,,,0,30.0,0,0
75,9,20,9,14,Y6051608,,,,0,30.0,0,0
75,9,20,9,15,Y6051609,,,,0,30.0,0,0
75,9,20,9,16,Y6051610,,,,0,30.0,0,0
75,9,20,9,17,Y6051611,,,,0,30.0,0,0
75,9,20,9,18,Y6051612,,,,0,30.0,0,0
75,9,20,9,19,Y6051613,,,,0,30.0,0,0
75,9,20,9,20,Y6051614,,,,0,30.0,0,0
75,9,20,9,21,Y6051615,,,,0,30.0,0,0
75,9,20,9,22,Y6051616,,,,0,30.0,0,0
75,9,20,9,23,Y6051617,,,,0,30.0,0,0
75,9,20,9,24,Y6051618,,,,0,30.0,0,0
75,9,20,9,25,Y6051619,,,,0,30.0,0,0
75,9,20,9,26,Y6051620,,,,0,30.0,0,0
75,9,20,9,27,Y6051621,,,,0,30.0,0,0
75,9,20,9,28,Y6051622,,,,0,30.0,0,0
75,9,20,9,29,Y6051623,,,,0,30.0,0,0
75,9,20,9,30,Y6051624,,,,0,30.0,0,0
75,9,20,10,10,Y6051625,,,,0,30.0,0,0
75,9,20,10,11,Y6051626,,,,0,30.0,0,0
75,9,20,10,12,Y6051627,,,,0,30.0,0,0
75,9,20,10,13,Y6051628,,,,0,30.0,0,0
75,9,20,10,14,Y6051629,,,,0,30.0,0,0
75,9,20,10,15,Y6051630,,,,0,30.0,0,0
75,9,20,10,16,Y6051631,,,,0,30.0,0,0
75,9,20,10,17,Y6051632,,,,0,30.0,0,0
75,9,20,10,18,Y6051633,,,,0,30.0,0,0
75,9,20,10,19,Y6051634,,,,0,30.0,0,0
75,9,20,10,20,Y6051635,,,,0,30.0,0,0
75,9,20,10,21,Y6051636,,,,0,30.0,0,0
75,9,20,10,22,Y6051637,,,,0,30.0,0,0
75,9,20,10,23,Y6051638,,,,0,30.0,0,0
75,9,20,10,24,Y6051639,,,,0,30.0,0,0
75,9,20,10,25,Y6051640,,,,0,30.0,0,0
75,9,20,10,26,Y6051641,,,,0,30.0,0,0
75,9,20,10,27,Y6051642,,,,0,30.0,0,0
75,9,20,10,28,Y6051643,,,,0,30.0,0,0
75,9,20,10,29,Y6051644,,,,0,30.0,0,0
75,9,20,10,30,Y6051645,,,,0,30.0,0,0
75,9,20,11,10,Y6051646,,,,0,30.0,0,0
75,9,20,11,11,Y6051647,,,,0,30.0,0,0
75,9,20,11,12,Y6051648,,,,0,30.0,0,0
75,9,20,11,13,Y6051649,,,,0,30.0,0,0
75,9,20,11,14,Y6051650,,,,0,30.0,0,0
75,9,20,11,15,Y6051651,,,,0,30.0,0,0
75,9,20,11,16,Y6051652,,,,0,30.0,0,0
75,9,20,11,17,Y6051653,,,,0,30.0,0,0
75,9,20,11,18,Y6051654,,,,0,30.0,0,0
75,9,20,11,19,Y6051655,,,,0,30.0,0,0
75,9,20,11,20,Y6051656,,,,0,30.0,0,0
75,9,20,11,21,Y6051657,,,,0,30.0,0,0
75,9,20,11,22,Y6051658,,,,0,30.0,0,0
75,9,20,11,23,Y6051659,,,,0,30.0,0,0
75,9,20,11,24,Y6051660,,,,0,30.0,0,0
75,9,20,11,25,Y6051661,,,,0,30.0,0,0
75,9,20,11,26,Y6051662,,,,0,30.0,0,0
75,9,20,11,27,Y6051663,,,,0,30.0,0,0
75,9,20,11,28,Y6051664,,,,0,30.0,0,0
75,9,20,11,29,Y6051665,,,,0,30.0,0,0
75,9,20,11,30,Y6051666,,,,0,30.0,0,0
75,9,20,12,10,Y6051667,,,,0,30.0,0,0
75,9,20,12,11,Y6051668,,,,0,30.0,0,0
75,9,20,12,12,Y6051669,,,,0,30.0,0,0
75,9,20,12,13,Y6051670,,,,0,30.0,0,0
75,9,20,12,14,Y6051671,,,,0,30.0,0,0
75,9,20,12,15,Y6051672,,,,0,30.0,0,0
75,9,20,12,16,Y6051673,,,,0,30.0,0,0
75,9,20,12,17,Y6051674,,,,0,30.0,0,0
75,9,20,12,18,Y6051675,,,,0,30.0,0,0
75,9,20,12,19,Y6051676,,,,0,30.0,0,0
75,9,20,12,20,Y6051677,,,,0,30.0,0,0
75,9,20,12,21,Y6051678,,,,0,30.0,0,0
75,9,20,12,22,Y6051679,,,,0,30.0,0,0
75,9,20,12,23,Y6051680,,,,0,30.0,0,0
75,9,20,12,24,Y6051681,,,,0,30.0,0,0
75,9,20,12,25,Y6051682,,,,0,30.0,0,0
75,9,20,12,26,Y6051683,,,,0,30.0,0,0
75,9,20,12,27,Y6051684,,,,0,30.0,0,0
75,9,20,12,28,Y6051685,,,,0,30.0,0,0
75,9,20,12,29,Y6051686,,,,0,30.0,0,0
75,9,20,12,30,Y6051687,,,,0,30.0,0,0
75,9,21,1,10,Y6051688,,,,0,30.0,0,0
75,9,21,1,11,Y6051689,,,,0,30.0,0,0
75,9,21,1,12,Y6051690,,,,0,30.0,0,0
75,9,21,1,13,Y6051691,,,,0,30.0,0,0
75,9,21,1,14,Y6051692,,,,0,30.0,0,0
75,9,21,1,15,Y6051693,,,,0,30.0,0,2
75,9,21,1,16,Y6051694,,,,0,30.0,0,2
75,9,21,1,17,Y6051695,,,,0,30.0,0,2
75,9,21,1,18,Y6051696,,,,0,30.0,0,0
75,9,21,1,19,Y6051697,,,,0,30.0,0,0
75,9,21,1,20,Y6051698,,,,0,30.0,0,0
75,9,21,1,21,Y6051699,,,,0,30.0,0,0
75,9,21,1,22,Y6051700,,,,0,30.0,0,0
75,9,21,1,23,Y6051701,,,,0,30.0,0,0
75,9,21,1,24,Y6051702,,,,0,30.0,0,0
75,9,21,1,25,Y6051703,,,,0,30.0,0,0
75,9,21,1,26,Y6051704,,,,0,30.0,0,0
75,9,21,1,27,Y6051705,,,,0,30.0,0,0
75,9,21,1,28,Y6051706,,,,0,30.0,0,0
75,9,21,1,29,Y6051707,,,,0,30.0,0,0
75,9,21,1,30,Y6051708,,,,0,30.0,0,0
75,9,21,2,10,Y6051709,,,,0,30.0,0,0
75,9,21,2,11,Y6051710,,,,0,30.0,0,0
75,9,21,2,12,Y6051711,,,,0,30.0,0,0
75,9,21,2,13,Y6051712,,,,0,30.0,0,0
75,9,21,2,14,Y6051713,,,,0,30.0,0,0
75,9,21,2,15,Y6051714,,,,0,30.0,0,2
75,9,21,2,16,Y6051715,,,,0,30.0,0,2
75,9,21,2,17,Y6051716,,,,0,30.0,0,2
75,9,21,2,18,Y6051717,,,,0,30.0,0,0
75,9,21,2,19,Y6051718,,,,0,30.0,0,0
75,9,21,2,20,Y6051719,,,,0,30.0,0,0
75,9,21,2,21,Y6051720,,,,0,30.0,0,0
75,9,21,2,22,Y6051721,,,,0,30.0,0,0
75,9,21,2,23,Y6051722,,,,0,30.0,0,0
75,9,21,2,24,Y6051723,,,,0,30.0,0,0
75,9,21,2,25,Y6051724,,,,0,30.0,0,0
75,9,21,2,26,Y6051725,,,,0,30.0,0,0
75,9,21,2,27,Y6051726,,,,0,30.0,0,0
75,9,21,2,28,Y6051727,,,,0,30.0,0,0
75,9,21,2,29,Y6051728,,,,0,30.0,0,0
75,9,21,2,30,Y6051729,,,,0,30.0,0,0
75,9,21,3,10,Y6051730,,,,0,30.0,0,0
75,9,21,3,11,Y6051731,,,,0,30.0,0,0
75,9,21,3,12,Y6051732,,,,0,30.0,0,0
75,9,21,3,13,Y6051733,,,,0,30.0,0,0
75,9,21,3,14,Y6051734,,,,0,30.0,0,0
75,9,21,3,15,Y6051735,,,,0,30.0,0,0
75,9,21,3,16,Y6051736,,,,0,30.0,0,0
75,9,21,3,17,Y6051737,,,,0,30.0,0,0
75,9,21,3,18,Y6051738,,,,0,30.0,0,0
75,9,21,3,19,Y6051739,,,,0,30.0,0,0
75,9,21,3,20,Y6051740,,,,0,30.0,0,0
75,9,21,3,21,Y6051741,,,,0,30.0,0,0
75,9,21,3,22,Y6051742,,,,0,30.0,0,0
75,9,21,3,23,Y6051743,,,,0,30.0,0,0
75,9,21,3,24,Y6051744,,,,0,30.0,0,0
75,9,21,3,25,Y6051745,,,,0,30.0,0,0
75,9,21,3,26,Y6051746,,,,0,30.0,0,0
75,9,21,3,27,Y6051747,,,,0,30.0,0,0
75,9,21,3,28,Y6051748,,,,0,30.0,0,0
75,9,21,3,29,Y6051749,,,,0,30.0,0,0
75,9,21,3,30,Y6051750,,,,0,30.0,0,0
75,9,21,4,10,Y6051751,,,,0,30.0,0,0
75,9,21,4,11,Y6051752,,,,0,30.0,0,0
75,9,21,4,12,Y6051753,,,,0,30.0,0,0
75,9,21,4,13,Y6051754,,,,0,30.0,0,0
75,9,21,4,14,Y6051755,,,,0,30.0,0,0
75,9,21,4,15,Y6051756,,,,0,30.0,0,0
75,9,21,4,16,Y6051757,,,,0,30.0,0,0
75,9,21,4,17,Y6051758,,,,0,30.0,0,0
75,9,21,4,18,Y6051759,,,,0,30.0,0,0
75,9,21,4,19,Y6051760,,,,0,30.0,0,0
75,9,21,4,20,Y6051761,,,,0,30.0,0,0
75,9,21,4,21,Y6051762,,,,0,30.0,0,0
75,9,21,4,22,Y6051763,,,,0,30.0,0,0
75,9,21,4,23,Y6051764,,,,0,30.0,0,0
75,9,21,4,24,Y6051765,,,,0,30.0,0,0
75,9,21,4,25,Y6051766,,,,0,30.0,0,0
75,9,21,4,26,Y6051767,,,,0,30.0,0,0
75,9,21,4,27,Y6051768,,,,0,30.0,0,0
75,9,21,4,28,Y6051769,,,,0,30.0,0,0
75,9,21,4,29,Y6051770,,,,0,30.0,0,0
75,9,21,4,30,Y6051771,,,,0,30.0,0,0
75,9,21,5,10,Y6051772,,,,0,30.0,0,0
75,9,21,5,11,Y6051773,,,,0,30.0,0,0
75,9,21,5,12,Y6051774,,,,0,30.0,0,0
75,9,21,5,13,Y6051775,,,,0,30.0,0,0
75,9,21,5,14,Y6051776,,,,0,30.0,0,0
75,9,21,5,15,Y6051777,,,,0,30.0,0,0
75,9,21,5,16,Y6051778,,,,0,30.0,0,0
75,9,21,5,17,Y6051779,,,,0,30.0,0,0
75,9,21,5,18,Y6051780,,,,0,30.0,0,0
75,9,21,5,19,Y6051781,,,,0,30.0,0,0
75,9,21,5,20,Y6051782,,,,0,30.0,0,0
75,9,21,5,21,Y6051783,,,,0,30.0,0,0
75,9,21,5,22,Y6051784,,,,0,30.0,0,0
75,9,21,5,23,Y6051785,,,,0,30.0,0,0
75,9,21,5,24,Y6051786,,,,0,30.0,0,0
75,9,21,5,25,Y6051787,,,,0,30.0,0,0
75,9,21,5,26,Y6051788,,,,0,30.0,0,0
75,9,21,5,27,Y6051789,,,,0,30.0,0,0
75,9,21,5,28,Y6051790,,,,0,30.0,0,0
75,9,21,5,29,Y6051791,,,,0,30.0,0,0
75,9,21,5,30,Y6051792,,,,0,30.0,0,0
75,9,21,6,10,Y6051793,,,,0,30.0,0,0
75,9,21,6,11,Y6051794,,,,0,30.0,0,0
75,9,21,6,12,Y6051795,,,,0,30.0,0,0
75,9,21,6,13,Y6051796,,,,0,30.0,0,0
75,9,21,6,14,Y6051797,,,,0,30.0,0,0
75,9,21,6,15,Y6051798,,,,0,30.0,0,0
75,9,21,6,16,Y6051799,,,,0,30.0,0,0
75,9,21,6,17,Y6051800,,,,0,30.0,0,0
75,9,21,6,18,Y6051801,,,,0,30.0,0,0
75,9,21,6,19,Y6051802,,,,0,30.0,0,0
75,9,21,6,20,Y6051803,,,,0,30.0,0,0
75,9,21,6,21,Y6051804,,,,0,30.0,0,0
75,9,21,6,22,Y6051805,,,,0,30.0,0,0
75,9,21,6,23,Y6051806,,,,0,30.0,0,0
75,9,21,6,24,Y6051807,,,,0,30.0,0,0
75,9,21,6,25,Y6051808,,,,0,30.0,0,0
75,9,21,6,26,Y6051809,,,,0,30.0,0,0
75,9,21,6,27,Y6051810,,,,0,30.0,0,0
75,9,21,6,28,Y6051811,,,,0,30.0,0,0
75,9,21,6,29,Y6051812,,,,0,30.0,0,0
75,9,21,6,30,Y6051813,,,,0,30.0,0,0
75,9,21,7,10,Y6051814,,,,0,30.0,0,0
75,9,21,7,11,Y6051815,,,,0,30.0,0,0
75,9,21,7,12,Y6051816,,,,0,30.0,0,0
75,9,21,7,13,Y6051817,,,,0,30.0,0,0
75,9,21,7,14,Y6051818,,,,0,30.0,0,0
75,9,21,7,15,Y6051819,,,,0,30.0,0,0
75,9,21,7,16,Y6051820,,,,0,30.0,0,0
75,9,21,7,17,Y6051821,,,,0,30.0,0,0
75,9,21,7,18,Y6051822,,,,0,30.0,0,0
75,9,21,7,19,Y6051823,,,,0,30.0,0,0
75,9,21,7,20,Y6051824,,,,0,30.0,0,0
75,9,21,7,21,Y6051825,,,,0,30.0,0,0
75,9,21,7,22,Y6051826,,,,0,30.0,0,0
75,9,21,7,23,Y6051827,,,,0,30.0,0,0
75,9,21,7,24,Y6051828,,,,0,30.0,0,0
75,9,21,7,25,Y6051829,,,,0,30.0,0,0
75,9,21,7,26,Y6051830,,,,0,30.0,0,0
75,9,21,7,27,Y6051831,,,,0,30.0,0,0
75,9,21,7,28,Y6051832,,,,0,30.0,0,0
75,9,21,7,29,Y6051833,,,,0,30.0,0,0
75,9,21,7,30,Y6051834,,,,0,30.0,0,0
75,9,21,8,10,Y6051835,,,,0,30.0,0,0
75,9,21,8,11,Y6051836,,,,0,30.0,0,0
75,9,21,8,12,Y6051837,,,,0,30.0,0,0
75,9,21,8,13,Y6051838,,,,0,30.0,0,0
75,9,21,8,14,Y6051839,,,,0,30.0,0,0
75,9,21,8,15,Y6051840,,,,0,30.0,0,0
75,9,21,8,16,Y6051841,,,,0,30.0,0,0
75,9,21,8,17,Y6051842,,,,0,30.0,0,0
75,9,21,8,18,Y6051843,,,,0,30.0,0,0
75,9,21,8,19,Y6051844,,,,0,30.0,0,0
75,9,21,8,20,Y6051845,,,,0,30.0,0,0
75,9,21,8,21,Y6051846,,,,0,30.0,0,0
75,9,21,8,22,Y6051847,,,,0,30.0,0,0
75,9,21,8,23,Y6051848,,,,0,30.0,0,0
75,9,21,8,24,Y6051849,,,,0,30.0,0,0
75,9,21,8,25,Y6051850,,,,0,30.0,0,0
75,9,21,8,26,Y6051851,,,,0,30.0,0,0
75,9,21,8,27,Y6051852,,,,0,30.0,0,0
75,9,21,8,28,Y6051853,,,,0,30.0,0,0
75,9,21,8,29,Y6051854,,,,0,30.0,0,0
75,9,21,8,30,Y6051855,,,,0,30.0,0,0
75,9,21,9,10,Y6051856,,,,0,30.0,0,0
75,9,21,9,11,Y6051857,,,,0,30.0,0,0
75,9,21,9,12,Y6051858,,,,0,30.0,0,0
75,9,21,9,13,Y6051859,,,,0,30.0,0,0
75,9,21,9,14,Y6051860,,,,0,30.0,0,0
75,9,21,9,15,Y6051861,,,,0,30.0,0,0
75,9,21,9,16,Y6051862,,,,0,30.0,0,0
75,9,21,9,17,Y6051863,,,,0,30.0,0,0
75,9,21,9,18,Y6051864,,,,0,30.0,0,0
75,9,21,9,19,Y6051865,,,,0,30.0,0,0
75,9,21,9,20,Y6051866,,,,0,30.0,0,0
75,9,21,9,21,Y6051867,,,,0,30.0,0,0
75,9,21,9,22,Y6051868,,,,0,30.0,0,0
75,9,21,9,23,Y6051869,,,,0,30.0,0,0
75,9,21,9,24,Y6051870,,,,0,30.0,0,0
75,9,21,9,25,Y6051871,,,,0,30.0,0,0
75,9,21,9,26,Y6051872,,,,0,30.0,0,0
75,9,21,9,27,Y6051873,,,,0,30.0,0,0
75,9,21,9,28,Y6051874,,,,0,30.0,0,0
75,9,21,9,29,Y6051875,,,,0,30.0,0,0
75,9,21,9,30,Y6051876,,,,0,30.0,0,0
75,9,21,10,10,Y6051877,,,,0,30.0,0,0
75,9,21,10,11,Y6051878,,,,0,30.0,0,0
75,9,21,10,12,Y6051879,,,,0,30.0,0,0
75,9,21,10,13,Y6051880,,,,0,30.0,0,0
75,9,21,10,14,Y6051881,,,,0,30.0,0,0
75,9,21,10,15,Y6051882,,,,0,30.0,0,0
75,9,21,10,16,Y6051883,,,,0,30.0,0,0
75,9,21,10,17,Y6051884,,,,0,30.0,0,0
75,9,21,10,18,Y6051885,,,,0,30.0,0,0
75,9,21,10,19,Y6051886,,,,0,30.0,0,0
75,9,21,10,20,Y6051887,,,,0,30.0,0,0
75,9,21,10,21,Y6051888,,,,0,30.0,0,0
75,9,21,10,22,Y6051889,,,,0,30.0,0,0
75,9,21,10,23,Y6051890,,,,0,30.0,0,0
75,9,21,10,24,Y6051891,,,,0,30.0,0,0
75,9,21,10,25,Y6051892,,,,0,30.0,0,0
75,9,21,10,26,Y6051893,,,,0,30.0,0,0
75,9,21,10,27,Y6051894,,,,0,30.0,0,0
75,9,21,10,28,Y6051895,,,,0,30.0,0,0
75,9,21,10,29,Y6051896,,,,0,30.0,0,0
75,9,21,10,30,Y6051897,,,,0,30.0,0,0
75,9,21,11,10,Y6051898,,,,0,30.0,0,0
75,9,21,11,11,Y6051899,,,,0,30.0,0,0
75,9,21,11,12,Y6051900,,,,0,30.0,0,0
75,9,21,11,13,Y6051901,,,,0,30.0,0,0
75,9,21,11,14,Y6051902,,,,0,30.0,0,0
75,9,21,11,15,Y6051903,,,,0,30.0,0,0
75,9,21,11,16,Y6051904,,,,0,30.0,0,0
75,9,21,11,17,Y6051905,,,,0,30.0,0,0
75,9,21,11,18,Y6051906,,,,0,30.0,0,0
75,9,21,11,19,Y6051907,,,,0,30.0,0,0
75,9,21,11,20,Y6051908,,,,0,30.0,0,0
75,9,21,11,21,Y6051909,,,,0,30.0,0,0
75,9,21,11,22,Y6051910,,,,0,30.0,0,0
75,9,21,11,23,Y6051911,,,,0,30.0,0,0
75,9,21,11,24,Y6051912,,,,0,30.0,0,0
75,9,21,11,25,Y6051913,,,,0,30.0,0,0
75,9,21,11,26,Y6051914,,,,0,30.0,0,0
75,9,21,11,27,Y6051915,,,,0,30.0,0,0
75,9,21,11,28,Y6051916,,,,0,30.0,0,0
75,9,21,11,29,Y6051917,,,,0,30.0,0,0
75,9,21,11,30,Y6051918,,,,0,30.0,0,0
75,9,21,12,10,Y6051919,,,,0,30.0,0,0
75,9,21,12,11,Y6051920,,,,0,30.0,0,0
75,9,21,12,12,Y6051921,,,,0,30.0,0,0
75,9,21,12,13,Y6051922,,,,0,30.0,0,0
75,9,21,12,14,Y6051923,,,,0,30.0,0,0
75,9,21,12,15,Y6051924,,,,0,30.0,0,0
75,9,21,12,16,Y6051925,,,,0,30.0,0,0
75,9,21,12,17,Y6051926,,,,0,30.0,0,0
75,9,21,12,18,Y6051927,,,,0,30.0,0,0
75,9,21,12,19,Y6051928,,,,0,30.0,0,0
75,9,21,12,20,Y6051929,,,,0,30.0,0,0
75,9,21,12,21,Y6051930,,,,0,30.0,0,0
75,9,21,12,22,Y6051931,,,,0,30.0,0,0
75,9,21,12,23,Y6051932,,,,0,30.0,0,0
75,9,21,12,24,Y6051933,,,,0,30.0,0,0
75,9,21,12,25,Y6051934,,,,0,30.0,0,0
75,9,21,12,26,Y6051935,,,,0,30.0,0,0
75,9,21,12,27,Y6051936,,,,0,30.0,0,0
75,9,21,12,28,Y6051937,,,,0,30.0,0,0
75,9,21,12,29,Y6051938,,,,0,30.0,0,0
75,9,21,12,30,Y6051939,,,,0,30.0,0,0
75,9,22,1,10,Y6051940,,,,0,30.0,0,0
75,9,22,1,11,Y6051941,,,,0,30.0,0,0
75,9,22,1,12,Y6051942,,,,0,30.0,0,0
75,9,22,1,13,Y6051943,,,,0,30.0,0,0
75,9,22,1,14,Y6051944,,,,0,30.0,0,2
75,9,22,1,15,Y6051945,,,,0,30.0,0,2
75,9,22,1,16,Y6051946,,,,0,30.0,0,2
75,9,22,1,17,Y6051947,,,,0,30.0,0,2
75,9,22,1,18,Y6051948,,,,0,30.0,0,2
75,9,22,1,19,Y6051949,,,,0,30.0,0,0
75,9,22,1,20,Y6051950,,,,0,30.0,0,0
75,9,22,1,21,Y6051951,,,,0,30.0,0,0
75,9,22,1,22,Y6051952,,,,0,30.0,0,0
75,9,22,1,23,Y6051953,,,,0,30.0,0,0
75,9,22,1,24,Y6051954,,,,0,30.0,0,0
75,9,22,1,25,Y6051955,,,,0,30.0,0,0
75,9,22,1,26,Y6051956,,,,0,30.0,0,0
75,9,22,1,27,Y6051957,,,,0,30.0,0,0
75,9,22,1,28,Y6051958,,,,0,30.0,0,0
75,9,22,1,29,Y6051959,,,,0,30.0,0,0
75,9,22,1,30,Y6051960,,,,0,30.0,0,0
75,9,22,2,10,Y6051961,,,,0,30.0,0,0
75,9,22,2,11,Y6051962,,,,0,30.0,0,0
75,9,22,2,12,Y6051963,,,,0,30.0,0,0
75,9,22,2,13,Y6051964,,,,0,30.0,0,0
75,9,22,2,14,Y6051965,,,,0,30.0,0,2
75,9,22,2,15,Y6051966,,,,0,30.0,0,2
75,9,22,2,16,Y6051967,,,,0,30.0,0,2
75,9,22,2,17,Y6051968,,,,0,30.0,0,2
75,9,22,2,18,Y6051969,,,,0,30.0,0,2
75,9,22,2,19,Y6051970,,,,0,30.0,0,0
75,9,22,2,20,Y6051971,,,,0,30.0,0,0
75,9,22,2,21,Y6051972,,,,0,30.0,0,0
75,9,22,2,22,Y6051973,,,,0,30.0,0,0
75,9,22,2,23,Y6051974,,,,0,30.0,0,0
75,9,22,2,24,Y6051975,,,,0,30.0,0,0
75,9,22,2,25,Y6051976,,,,0,30.0,0,0
75,9,22,2,26,Y6051977,,,,0,30.0,0,0
75,9,22,2,27,Y6051978,,,,0,30.0,0,0
75,9,22,2,28,Y6051979,,,,0,30.0,0,0
75,9,22,2,29,Y6051980,,,,0,30.0,0,0
75,9,22,2,30,Y6051981,,,,0,30.0,0,0
75,9,22,3,10,Y6051982,,,,0,30.0,0,0
75,9,22,3,11,Y6051983,,,,0,30.0,0,0
75,9,22,3,12,Y6051984,,,,0,30.0,0,0
75,9,22,3,13,Y6051985,,,,0,30.0,0,0
75,9,22,3,14,Y6051986,,,,0,30.0,0,0
75,9,22,3,15,Y6051987,,,,0,30.0,0,2
75,9,22,3,16,Y6051988,,,,0,30.0,0,2
75,9,22,3,17,Y6051989,,,,0,30.0,0,2
75,9,22,3,18,Y6051990,,,,0,30.0,0,0
75,9,22,3,19,Y6051991,,,,0,30.0,0,0
75,9,22,3,20,Y6051992,,,,0,30.0,0,0
75,9,22,3,21,Y6051993,,,,0,30.0,0,0
75,9,22,3,22,Y6051994,,,,0,30.0,0,0
75,9,22,3,23,Y6051995,,,,0,30.0,0,0
75,9,22,3,24,Y6051996,,,,0,30.0,0,0
75,9,22,3,25,Y6051997,,,,0,30.0,0,0
75,9,22,3,26,Y6051998,,,,0,30.0,0,0
75,9,22,3,27,Y6051999,,,,0,30.0,0,0
75,9,22,3,28,Y6052000,,,,0,30.0,0,0
75,9,22,3,29,Y6052001,,,,0,30.0,0,0
75,9,22,3,30,Y6052002,,,,0,30.0,0,0
75,9,22,4,10,Y6052003,,,,0,30.0,0,0
75,9,22,4,11,Y6052004,,,,0,30.0,0,0
75,9,22,4,12,Y6052005,,,,0,30.0,0,0
75,9,22,4,13,Y6052006,,,,0,30.0,0,0
75,9,22,4,14,Y6052007,,,,0,30.0,0,0
75,9,22,4,15,Y6052008,,,,0,30.0,0,0
75,9,22,4,16,Y6052009,,,,0,30.0,0,0
75,9,22,4,17,Y6052010,,,,0,30.0,0,0
75,9,22,4,18,Y6052011,,,,0,30.0,0,0
75,9,22,4,19,Y6052012,,,,0,30.0,0,0
75,9,22,4,20,Y6052013,,,,0,30.0,0,0
75,9,22,4,21,Y6052014,,,,0,30.0,0,0
75,9,22,4,22,Y6052015,,,,0,30.0,0,0
75,9,22,4,23,Y6052016,,,,0,30.0,0,0
75,9,22,4,24,Y6052017,,,,0,30.0,0,0
75,9,22,4,25,Y6052018,,,,0,30.0,0,0
75,9,22,4,26,Y6052019,,,,0,30.0,0,0
75,9,22,4,27,Y6052020,,,,0,30.0,0,0
75,9,22,4,28,Y6052021,,,,0,30.0,0,0
75,9,22,4,29,Y6052022,,,,0,30.0,0,0
75,9,22,4,30,Y6052023,,,,0,30.0,0,0
75,9,22,5,10,Y6052024,,,,0,30.0,0,0
75,9,22,5,11,Y6052025,,,,0,30.0,0,0
75,9,22,5,12,Y6052026,,,,0,30.0,0,0
75,9,22,5,13,Y6052027,,,,0,30.0,0,0
75,9,22,5,14,Y6052028,,,,0,30.0,0,0
75,9,22,5,15,Y6052029,,,,0,30.0,0,0
75,9,22,5,16,Y6052030,,,,0,30.0,0,0
75,9,22,5,17,Y6052031,,,,0,30.0,0,0
75,9,22,5,18,Y6052032,,,,0,30.0,0,0
75,9,22,5,19,Y6052033,,,,0,30.0,0,0
75,9,22,5,20,Y6052034,,,,0,30.0,0,0
75,9,22,5,21,Y6052035,,,,0,30.0,0,0
75,9,22,5,22,Y6052036,,,,0,30.0,0,0
75,9,22,5,23,Y6052037,,,,0,30.0,0,0
75,9,22,5,24,Y6052038,,,,0,30.0,0,0
75,9,22,5,25,Y6052039,,,,0,30.0,0,0
75,9,22,5,26,Y6052040,,,,0,30.0,0,0
75,9,22,5,27,Y6052041,,,,0,30.0,0,0
75,9,22,5,28,Y6052042,,,,0,30.0,0,0
75,9,22,5,29,Y6052043,,,,0,30.0,0,0
75,9,22,5,30,Y6052044,,,,0,30.0,0,0
75,9,22,6,10,Y6052045,,,,0,30.0,0,0
75,9,22,6,11,Y6052046,,,,0,30.0,0,0
75,9,22,6,12,Y6052047,,,,0,30.0,0,0
75,9,22,6,13,Y6052048,,,,0,30.0,0,0
75,9,22,6,14,Y6052049,,,,0,30.0,0,0
75,9,22,6,15,Y6052050,,,,0,30.0,0,0
75,9,22,6,16,Y6052051,,,,0,30.0,0,0
75,9,22,6,17,Y6052052,,,,0,30.0,0,0
75,9,22,6,18,Y6052053,,,,0,30.0,0,0
75,9,22,6,19,Y6052054,,,,0,30.0,0,0
75,9,22,6,20,Y6052055,,,,0,30.0,0,0
75,9,22,6,21,Y6052056,,,,0,30.0,0,0
75,9,22,6,22,Y6052057,,,,0,30.0,0,0
75,9,22,6,23,Y6052058,,,,0,30.0,0,0
75,9,22,6,24,Y6052059,,,,0,30.0,0,0
75,9,22,6,25,Y6052060,,,,0,30.0,0,0
75,9,22,6,26,Y6052061,,,,0,30.0,0,0
75,9,22,6,27,Y6052062,,,,0,30.0,0,0
75,9,22,6,28,Y6052063,,,,0,30.0,0,0
75,9,22,6,29,Y6052064,,,,0,30.0,0,0
75,9,22,6,30,Y6052065,,,,0,30.0,0,0
75,9,22,7,10,Y6052066,,,,0,30.0,0,0
75,9,22,7,11,Y6052067,,,,0,30.0,0,0
75,9,22,7,12,Y6052068,,,,0,30.0,0,0
75,9,22,7,13,Y6052069,,,,0,30.0,0,0
75,9,22,7,14,Y6052070,,,,0,30.0,0,0
75,9,22,7,15,Y6052071,,,,0,30.0,0,0
75,9,22,7,16,Y6052072,,,,0,30.0,0,0
75,9,22,7,17,Y6052073,,,,0,30.0,0,0
75,9,22,7,18,Y6052074,,,,0,30.0,0,0
75,9,22,7,19,Y6052075,,,,0,30.0,0,0
75,9,22,7,20,Y6052076,,,,0,30.0,0,0
75,9,22,7,21,Y6052077,,,,0,30.0,0,0
75,9,22,7,22,Y6052078,,,,0,30.0,0,0
75,9,22,7,23,Y6052079,,,,0,30.0,0,0
75,9,22,7,24,Y6052080,,,,0,30.0,0,0
75,9,22,7,25,Y6052081,,,,0,30.0,0,0
75,9,22,7,26,Y6052082,,,,0,30.0,0,0
75,9,22,7,27,Y6052083,,,,0,30.0,0,0
75,9,22,7,28,Y6052084,,,,0,30.0,0,0
75,9,22,7,29,Y6052085,,,,0,30.0,0,0
75,9,22,7,30,Y6052086,,,,0,30.0,0,0
75,9,22,8,10,Y6052087,,,,0,30.0,0,0
75,9,22,8,11,Y6052088,,,,0,30.0,0,0
75,9,22,8,12,Y6052089,,,,0,30.0,0,0
75,9,22,8,13,Y6052090,,,,0,30.0,0,0
75,9,22,8,14,Y6052091,,,,0,30.0,0,0
75,9,22,8,15,Y6052092,,,,0,30.0,0,0
75,9,22,8,16,Y6052093,,,,0,30.0,0,0
75,9,22,8,17,Y6052094,,,,0,30.0,0,0
75,9,22,8,18,Y6052095,,,,0,30.0,0,0
75,9,22,8,19,Y6052096,,,,0,30.0,0,0
75,9,22,8,20,Y6052097,,,,0,30.0,0,0
75,9,22,8,21,Y6052098,,,,0,30.0,0,0
75,9,22,8,22,Y6052099,,,,0,30.0,0,0
75,9,22,8,23,Y6052100,,,,0,30.0,0,0
75,9,22,8,24,Y6052101,,,,0,30.0,0,0
75,9,22,8,25,Y6052102,,,,0,30.0,0,0
75,9,22,8,26,Y6052103,,,,0,30.0,0,0
75,9,22,8,27,Y6052104,,,,0,30.0,0,0
75,9,22,8,28,Y6052105,,,,0,30.0,0,0
75,9,22,8,29,Y6052106,,,,0,30.0,0,0
75,9,22,8,30,Y6052107,,,,0,30.0,0,0
75,9,22,9,10,Y6052108,,,,0,30.0,0,0
75,9,22,9,11,Y6052109,,,,0,30.0,0,0
75,9,22,9,12,Y6052110,,,,0,30.0,0,0
75,9,22,9,13,Y6052111,,,,0,30.0,0,0
75,9,22,9,14,Y6052112,,,,0,30.0,0,0
75,9,22,9,15,Y6052113,,,,0,30.0,0,0
75,9,22,9,16,Y6052114,,,,0,30.0,0,0
75,9,22,9,17,Y6052115,,,,0,30.0,0,0
75,9,22,9,18,Y6052116,,,,0,30.0,0,0
75,9,22,9,19,Y6052117,,,,0,30.0,0,0
75,9,22,9,20,Y6052118,,,,0,30.0,0,0
75,9,22,9,21,Y6052119,,,,0,30.0,0,0
75,9,22,9,22,Y6052120,,,,0,30.0,0,0
75,9,22,9,23,Y6052121,,,,0,30.0,0,0
75,9,22,9,24,Y6052122,,,,0,30.0,0,0
75,9,22,9,25,Y6052123,,,,0,30.0,0,0
75,9,22,9,26,Y6052124,,,,0,30.0,0,0
75,9,22,9,27,Y6052125,,,,0,30.0,0,0
75,9,22,9,28,Y6052126,,,,0,30.0,0,0
75,9,22,9,29,Y6052127,,,,0,30.0,0,0
75,9,22,9,30,Y6052128,,,,0,30.0,0,0
75,9,22,10,10,Y6052129,,,,0,30.0,0,0
75,9,22,10,11,Y6052130,,,,0,30.0,0,0
75,9,22,10,12,Y6052131,,,,0,30.0,0,0
75,9,22,10,13,Y6052132,,,,0,30.0,0,0
75,9,22,10,14,Y6052133,,,,0,30.0,0,0
75,9,22,10,15,Y6052134,,,,0,30.0,0,0
75,9,22,10,16,Y6052135,,,,0,30.0,0,0
75,9,22,10,17,Y6052136,,,,0,30.0,0,0
75,9,22,10,18,Y6052137,,,,0,30.0,0,0
75,9,22,10,19,Y6052138,,,,0,30.0,0,0
75,9,22,10,20,Y6052139,,,,0,30.0,0,0
75,9,22,10,21,Y6052140,,,,0,30.0,0,0
75,9,22,10,22,Y6052141,,,,0,30.0,0,0
75,9,22,10,23,Y6052142,,,,0,30.0,0,0
75,9,22,10,24,Y6052143,,,,0,30.0,0,0
75,9,22,10,25,Y6052144,,,,0,30.0,0,0
75,9,22,10,26,Y6052145,,,,0,30.0,0,0
75,9,22,10,27,Y6052146,,,,0,30.0,0,0
75,9,22,10,28,Y6052147,,,,0,30.0,0,0
75,9,22,10,29,Y6052148,,,,0,30.0,0,0
75,9,22,10,30,Y6052149,,,,0,30.0,0,0
75,9,22,11,10,Y6052150,,,,0,30.0,0,0
75,9,22,11,11,Y6052151,,,,0,30.0,0,0
75,9,22,11,12,Y6052152,,,,0,30.0,0,0
75,9,22,11,13,Y6052153,,,,0,30.0,0,0
75,9,22,11,14,Y6052154,,,,0,30.0,0,0
75,9,22,11,15,Y6052155,,,,0,30.0,0,0
75,9,22,11,16,Y6052156,,,,0,30.0,0,0
75,9,22,11,17,Y6052157,,,,0,30.0,0,0
75,9,22,11,18,Y6052158,,,,0,30.0,0,0
75,9,22,11,19,Y6052159,,,,0,30.0,0,0
75,9,22,11,20,Y6052160,,,,0,30.0,0,0
75,9,22,11,21,Y6052161,,,,0,30.0,0,0
75,9,22,11,22,Y6052162,,,,0,30.0,0,0
75,9,22,11,23,Y6052163,,,,0,30.0,0,0
75,9,22,11,24,Y6052164,,,,0,30.0,0,0
75,9,22,11,25,Y6052165,,,,0,30.0,0,0
75,9,22,11,26,Y6052166,,,,0,30.0,0,0
75,9,22,11,27,Y6052167,,,,0,30.0,0,0
75,9,22,11,28,Y6052168,,,,0,30.0,0,0
75,9,22,11,29,Y6052169,,,,0,30.0,0,0
75,9,22,11,30,Y6052170,,,,0,30.0,0,0
75,9,22,12,10,Y6052171,,,,0,30.0,0,0
75,9,22,12,11,Y6052172,,,,0,30.0,0,0
75,9,22,12,12,Y6052173,,,,0,30.0,0,0
75,9,22,12,13,Y6052174,,,,0,30.0,0,0
75,9,22,12,14,Y6052175,,,,0,30.0,0,0
75,9,22,12,15,Y6052176,,,,0,30.0,0,0
75,9,22,12,16,Y6052177,,,,0,30.0,0,0
75,9,22,12,17,Y6052178,,,,0,30.0,0,0
75,9,22,12,18,Y6052179,,,,0,30.0,0,0
75,9,22,12,19,Y6052180,,,,0,30.0,0,0
75,9,22,12,20,Y6052181,,,,0,30.0,0,0
75,9,22,12,21,Y6052182,,,,0,30.0,0,0
75,9,22,12,22,Y6052183,,,,0,30.0,0,0
75,9,22,12,23,Y6052184,,,,0,30.0,0,0
75,9,22,12,24,Y6052185,,,,0,30.0,0,0
75,9,22,12,25,Y6052186,,,,0,30.0,0,0
75,9,22,12,26,Y6052187,,,,0,30.0,0,0
75,9,22,12,27,Y6052188,,,,0,30.0,0,0
75,9,22,12,28,Y6052189,,,,0,30.0,0,0
75,9,22,12,29,Y6052190,,,,0,30.0,0,0
75,9,22,12,30,Y6052191,,,,0,30.0,0,0
75,9,23,1,10,Y6052192,,,,0,30.0,0,0
75,9,23,1,11,Y6052193,,,,0,30.0,0,0
75,9,23,1,12,Y6052194,,,,0,30.0,0,0
75,9,23,1,13,Y6052195,,,,0,30.0,0,0
75,9,23,1,14,Y6052196,,,,0,30.0,0,2
75,9,23,1,15,Y6052197,,,,0,30.0,0,2
75,9,23,1,16,Y6052198,,,,0,30.0,0,2
75,9,23,1,17,Y6052199,,,,0,30.0,0,2
75,9,23,1,18,Y6052200,,,,0,30.0,0,2
75,9,23,1,19,Y6052201,,,,0,30.0,0,0
75,9,23,1,20,Y6052202,,,,0,30.0,0,0
75,9,23,1,21,Y6052203,,,,0,30.0,0,0
75,9,23,1,22,Y6052204,,,,0,30.0,0,0
75,9,23,1,23,Y6052205,,,,0,30.0,0,0
75,9,23,1,24,Y6052206,,,,0,30.0,0,0
75,9,23,1,25,Y6052207,,,,0,30.0,0,0
75,9,23,1,26,Y6052208,,,,0,30.0,0,0
75,9,23,1,27,Y6052209,,,,0,30.0,0,0
75,9,23,1,28,Y6052210,,,,0,30.0,0,0
75,9,23,1,29,Y6052211,,,,0,30.0,0,0
75,9,23,1,30,Y6052212,,,,0,30.0,0,0
75,9,23,2,10,Y6052213,,,,0,30.0,0,0
75,9,23,2,11,Y6052214,,,,0,30.0,0,0
75,9,23,2,12,Y6052215,,,,0,30.0,0,0
75,9,23,2,13,Y6052216,,,,0,30.0,0,0
75,9,23,2,14,Y6052217,,,,0,30.0,0,2
75,9,23,2,15,Y6052218,,,,0,30.0,0,2
75,9,23,2,16,Y6052219,,,,0,30.0,0,2
75,9,23,2,17,Y6052220,,,,0,30.0,0,2
75,9,23,2,18,Y6052221,,,,0,30.0,0,2
75,9,23,2,19,Y6052222,,,,0,30.0,0,0
75,9,23,2,20,Y6052223,,,,0,30.0,0,0
75,9,23,2,21,Y6052224,,,,0,30.0,0,0
75,9,23,2,22,Y6052225,,,,0,30.0,0,0
75,9,23,2,23,Y6052226,,,,0,30.0,0,0
75,9,23,2,24,Y6052227,,,,0,30.0,0,0
75,9,23,2,25,Y6052228,,,,0,30.0,0,0
75,9,23,2,26,Y6052229,,,,0,30.0,0,0
75,9,23,2,27,Y6052230,,,,0,30.0,0,0
75,9,23,2,28,Y6052231,,,,0,30.0,0,0
75,9,23,2,29,Y6052232,,,,0,30.0,0,0
75,9,23,2,30,Y6052233,,,,0,30.0,0,0
75,9,23,3,10,Y6052234,,,,0,30.0,0,0
75,9,23,3,11,Y6052235,,,,0,30.0,0,0
75,9,23,3,12,Y6052236,,,,0,30.0,0,0
75,9,23,3,13,Y6052237,,,,0,30.0,0,0
75,9,23,3,14,Y6052238,,,,0,30.0,0,0
75,9,23,3,15,Y6052239,,,,0,30.0,0,2
75,9,23,3,16,Y6052240,,,,0,30.0,0,2
75,9,23,3,17,Y6052241,,,,0,30.0,0,2
75,9,23,3,18,Y6052242,,,,0,30.0,0,0
75,9,23,3,19,Y6052243,,,,0,30.0,0,0
75,9,23,3,20,Y6052244,,,,0,30.0,0,0
75,9,23,3,21,Y6052245,,,,0,30.0,0,0
75,9,23,3,22,Y6052246,,,,0,30.0,0,0
75,9,23,3,23,Y6052247,,,,0,30.0,0,0
75,9,23,3,24,Y6052248,,,,0,30.0,0,0
75,9,23,3,25,Y6052249,,,,0,30.0,0,0
75,9,23,3,26,Y6052250,,,,0,30.0,0,0
75,9,23,3,27,Y6052251,,,,0,30.0,0,0
75,9,23,3,28,Y6052252,,,,0,30.0,0,0
75,9,23,3,29,Y6052253,,,,0,30.0,0,0
75,9,23,3,30,Y6052254,,,,0,30.0,0,0
75,9,23,4,10,Y6052255,,,,0,30.0,0,0
75,9,23,4,11,Y6052256,,,,0,30.0,0,0
75,9,23,4,12,Y6052257,,,,0,30.0,0,0
75,9,23,4,13,Y6052258,,,,0,30.0,0,0
75,9,23,4,14,Y6052259,,,,0,30.0,0,0
75,9,23,4,15,Y6052260,,,,0,30.0,0,0
75,9,23,4,16,Y6052261,,,,0,30.0,0,0
75,9,23,4,17,Y6052262,,,,0,30.0,0,0
75,9,23,4,18,Y6052263,,,,0,30.0,0,0
75,9,23,4,19,Y6052264,,,,0,30.0,0,0
75,9,23,4,20,Y6052265,,,,0,30.0,0,0
75,9,23,4,21,Y6052266,,,,0,30.0,0,0
75,9,23,4,22,Y6052267,,,,0,30.0,0,0
75,9,23,4,23,Y6052268,,,,0,30.0,0,0
75,9,23,4,24,Y6052269,,,,0,30.0,0,0
75,9,23,4,25,Y6052270,,,,0,30.0,0,0
75,9,23,4,26,Y6052271,,,,0,30.0,0,0
75,9,23,4,27,Y6052272,,,,0,30.0,0,0
75,9,23,4,28,Y6052273,,,,0,30.0,0,0
75,9,23,4,29,Y6052274,,,,0,30.0,0,0
75,9,23,4,30,Y6052275,,,,0,30.0,0,0
75,9,23,5,10,Y6052276,,,,0,30.0,0,0
75,9,23,5,11,Y6052277,,,,0,30.0,0,0
75,9,23,5,12,Y6052278,,,,0,30.0,0,0
75,9,23,5,13,Y6052279,,,,0,30.0,0,0
75,9,23,5,14,Y6052280,,,,0,30.0,0,0
75,9,23,5,15,Y6052281,,,,0,30.0,0,0
75,9,23,5,16,Y6052282,,,,0,30.0,0,0
75,9,23,5,17,Y6052283,,,,0,30.0,0,0
75,9,23,5,18,Y6052284,,,,0,30.0,0,0
75,9,23,5,19,Y6052285,,,,0,30.0,0,0
75,9,23,5,20,Y6052286,,,,0,30.0,0,0
75,9,23,5,21,Y6052287,,,,0,30.0,0,0
75,9,23,5,22,Y6052288,,,,0,30.0,0,0
75,9,23,5,23,Y6052289,,,,0,30.0,0,0
75,9,23,5,24,Y6052290,,,,0,30.0,0,0
75,9,23,5,25,Y6052291,,,,0,30.0,0,0
75,9,23,5,26,Y6052292,,,,0,30.0,0,0
75,9,23,5,27,Y6052293,,,,0,30.0,0,0
75,9,23,5,28,Y6052294,,,,0,30.0,0,0
75,9,23,5,29,Y6052295,,,,0,30.0,0,0
75,9,23,5,30,Y6052296,,,,0,30.0,0,0
75,9,23,6,10,Y6052297,,,,0,30.0,0,0
75,9,23,6,11,Y6052298,,,,0,30.0,0,0
75,9,23,6,12,Y6052299,,,,0,30.0,0,0
75,9,23,6,13,Y6052300,,,,0,30.0,0,0
75,9,23,6,14,Y6052301,,,,0,30.0,0,0
75,9,23,6,15,Y6052302,,,,0,30.0,0,0
75,9,23,6,16,Y6052303,,,,0,30.0,0,0
75,9,23,6,17,Y6052304,,,,0,30.0,0,0
75,9,23,6,18,Y6052305,,,,0,30.0,0,0
75,9,23,6,19,Y6052306,,,,0,30.0,0,0
75,9,23,6,20,Y6052307,,,,0,30.0,0,0
75,9,23,6,21,Y6052308,,,,0,30.0,0,0
75,9,23,6,22,Y6052309,,,,0,30.0,0,0
75,9,23,6,23,Y6052310,,,,0,30.0,0,0
75,9,23,6,24,Y6052311,,,,0,30.0,0,0
75,9,23,6,25,Y6052312,,,,0,30.0,0,0
75,9,23,6,26,Y6052313,,,,0,30.0,0,0
75,9,23,6,27,Y6052314,,,,0,30.0,0,0
75,9,23,6,28,Y6052315,,,,0,30.0,0,0
75,9,23,6,29,Y6052316,,,,0,30.0,0,0
75,9,23,6,30,Y6052317,,,,0,30.0,0,0
75,9,23,7,10,Y6052318,,,,0,30.0,0,0
75,9,23,7,11,Y6052319,,,,0,30.0,0,0
75,9,23,7,12,Y6052320,,,,0,30.0,0,0
75,9,23,7,13,Y6052321,,,,0,30.0,0,0
75,9,23,7,14,Y6052322,,,,0,30.0,0,0
75,9,23,7,15,Y6052323,,,,0,30.0,0,0
75,9,23,7,16,Y6052324,,,,0,30.0,0,0
75,9,23,7,17,Y6052325,,,,0,30.0,0,0
75,9,23,7,18,Y6052326,,,,0,30.0,0,0
75,9,23,7,19,Y6052327,,,,0,30.0,0,0
75,9,23,7,20,Y6052328,,,,0,30.0,0,0
75,9,23,7,21,Y6052329,,,,0,30.0,0,0
75,9,23,7,22,Y6052330,,,,0,30.0,0,0
75,9,23,7,23,Y6052331,,,,0,30.0,0,0
75,9,23,7,24,Y6052332,,,,0,30.0,0,0
75,9,23,7,25,Y6052333,,,,0,30.0,0,0
75,9,23,7,26,Y6052334,,,,0,30.0,0,0
75,9,23,7,27,Y6052335,,,,0,30.0,0,0
75,9,23,7,28,Y6052336,,,,0,30.0,0,0
75,9,23,7,29,Y6052337,,,,0,30.0,0,0
75,9,23,7,30,Y6052338,,,,0,30.0,0,0
75,9,23,8,10,Y6052339,,,,0,30.0,0,0
75,9,23,8,11,Y6052340,,,,0,30.0,0,0
75,9,23,8,12,Y6052341,,,,0,30.0,0,0
75,9,23,8,13,Y6052342,,,,0,30.0,0,0
75,9,23,8,14,Y6052343,,,,0,30.0,0,0
75,9,23,8,15,Y6052344,,,,0,30.0,0,0
75,9,23,8,16,Y6052345,,,,0,30.0,0,0
75,9,23,8,17,Y6052346,,,,0,30.0,0,0
75,9,23,8,18,Y6052347,,,,0,30.0,0,0
75,9,23,8,19,Y6052348,,,,0,30.0,0,0
75,9,23,8,20,Y6052349,,,,0,30.0,0,0
75,9,23,8,21,Y6052350,,,,0,30.0,0,0
75,9,23,8,22,Y6052351,,,,0,30.0,0,0
75,9,23,8,23,Y6052352,,,,0,30.0,0,0
75,9,23,8,24,Y6052353,,,,0,30.0,0,0
75,9,23,8,25,Y6052354,,,,0,30.0,0,0
75,9,23,8,26,Y6052355,,,,0,30.0,0,0
75,9,23,8,27,Y6052356,,,,0,30.0,0,0
75,9,23,8,28,Y6052357,,,,0,30.0,0,0
75,9,23,8,29,Y6052358,,,,0,30.0,0,0
75,9,23,8,30,Y6052359,,,,0,30.0,0,0
75,9,23,9,10,Y6052360,,,,0,30.0,0,0
75,9,23,9,11,Y6052361,,,,0,30.0,0,0
75,9,23,9,12,Y6052362,,,,0,30.0,0,0
75,9,23,9,13,Y6052363,,,,0,30.0,0,0
75,9,23,9,14,Y6052364,,,,0,30.0,0,0
75,9,23,9,15,Y6052365,,,,0,30.0,0,0
75,9,23,9,16,Y6052366,,,,0,30.0,0,0
75,9,23,9,17,Y6052367,,,,0,30.0,0,0
75,9,23,9,18,Y6052368,,,,0,30.0,0,0
75,9,23,9,19,Y6052369,,,,0,30.0,0,0
75,9,23,9,20,Y6052370,,,,0,30.0,0,0
75,9,23,9,21,Y6052371,,,,0,30.0,0,0
75,9,23,9,22,Y6052372,,,,0,30.0,0,0
75,9,23,9,23,Y6052373,,,,0,30.0,0,0
75,9,23,9,24,Y6052374,,,,0,30.0,0,0
75,9,23,9,25,Y6052375,,,,0,30.0,0,0
75,9,23,9,26,Y6052376,,,,0,30.0,0,0
75,9,23,9,27,Y6052377,,,,0,30.0,0,0
75,9,23,9,28,Y6052378,,,,0,30.0,0,0
75,9,23,9,29,Y6052379,,,,0,30.0,0,0
75,9,23,9,30,Y6052380,,,,0,30.0,0,0
75,9,23,10,10,Y6052381,,,,0,30.0,0,0
75,9,23,10,11,Y6052382,,,,0,30.0,0,0
75,9,23,10,12,Y6052383,,,,0,30.0,0,0
75,9,23,10,13,Y6052384,,,,0,30.0,0,0
75,9,23,10,14,Y6052385,,,,0,30.0,0,0
75,9,23,10,15,Y6052386,,,,0,30.0,0,0
75,9,23,10,16,Y6052387,,,,0,30.0,0,0
75,9,23,10,17,Y6052388,,,,0,30.0,0,0
75,9,23,10,18,Y6052389,,,,0,30.0,0,0
75,9,23,10,19,Y6052390,,,,0,30.0,0,0
75,9,23,10,20,Y6052391,,,,0,30.0,0,0
75,9,23,10,21,Y6052392,,,,0,30.0,0,0
75,9,23,10,22,Y6052393,,,,0,30.0,0,0
75,9,23,10,23,Y6052394,,,,0,30.0,0,0
75,9,23,10,24,Y6052395,,,,0,30.0,0,0
75,9,23,10,25,Y6052396,,,,0,30.0,0,0
75,9,23,10,26,Y6052397,,,,0,30.0,0,0
75,9,23,10,27,Y6052398,,,,0,30.0,0,0
75,9,23,10,28,Y6052399,,,,0,30.0,0,0
75,9,23,10,29,Y6052400,,,,0,30.0,0,0
75,9,23,10,30,Y6052401,,,,0,30.0,0,0
75,9,23,11,10,Y6052402,,,,0,30.0,0,0
75,9,23,11,11,Y6052403,,,,0,30.0,0,0
75,9,23,11,12,Y6052404,,,,0,30.0,0,0
75,9,23,11,13,Y6052405,,,,0,30.0,0,0
75,9,23,11,14,Y6052406,,,,0,30.0,0,0
75,9,23,11,15,Y6052407,,,,0,30.0,0,0
75,9,23,11,16,Y6052408,,,,0,30.0,0,0
75,9,23,11,17,Y6052409,,,,0,30.0,0,0
75,9,23,11,18,Y6052410,,,,0,30.0,0,0
75,9,23,11,19,Y6052411,,,,0,30.0,0,0
75,9,23,11,20,Y6052412,,,,0,30.0,0,0
75,9,23,11,21,Y6052413,,,,0,30.0,0,0
75,9,23,11,22,Y6052414,,,,0,30.0,0,0
75,9,23,11,23,Y6052415,,,,0,30.0,0,0
75,9,23,11,24,Y6052416,,,,0,30.0,0,0
75,9,23,11,25,Y6052417,,,,0,30.0,0,0
75,9,23,11,26,Y6052418,,,,0,30.0,0,0
75,9,23,11,27,Y6052419,,,,0,30.0,0,0
75,9,23,11,28,Y6052420,,,,0,30.0,0,0
75,9,23,11,29,Y6052421,,,,0,30.0,0,0
75,9,23,11,30,Y6052422,,,,0,30.0,0,0
75,9,23,12,10,Y6052423,,,,0,30.0,0,0
75,9,23,12,11,Y6052424,,,,0,30.0,0,0
75,9,23,12,12,Y6052425,,,,0,30.0,0,0
75,9,23,12,13,Y6052426,,,,0,30.0,0,0
75,9,23,12,14,Y6052427,,,,0,30.0,0,0
75,9,23,12,15,Y6052428,,,,0,30.0,0,0
75,9,23,12,16,Y6052429,,,,0,30.0,0,0
75,9,23,12,17,Y6052430,,,,0,30.0,0,0
75,9,23,12,18,Y6052431,,,,0,30.0,0,0
75,9,23,12,19,Y6052432,,,,0,30.0,0,0
75,9,23,12,20,Y6052433,,,,0,30.0,0,0
75,9,23,12,21,Y6052434,,,,0,30.0,0,0
75,9,23,12,22,Y6052435,,,,0,30.0,0,0
75,9,23,12,23,Y6052436,,,,0,30.0,0,0
75,9,23,12,24,Y6052437,,,,0,30.0,0,0
75,9,23,12,25,Y6052438,,,,0,30.0,0,0
75,9,23,12,26,Y6052439,,,,0,30.0,0,0
75,9,23,12,27,Y6052440,,,,0,30.0,0,0
75,9,23,12,28,Y6052441,,,,0,30.0,0,0
75,9,23,12,29,Y6052442,,,,0,30.0,0,0
75,9,23,12,30,Y6052443,,,,0,30.0,0,0
75,9,24,1,10,Y6052444,,,,0,30.0,0,0
75,9,24,1,11,Y6052445,,,,0,30.0,0,0
75,9,24,1,12,Y6052446,,,,0,30.0,0,0
75,9,24,1,13,Y6052447,,,,0,30.0,0,0
75,9,24,1,14,Y6052448,,,,0,30.0,0,2
75,9,24,1,15,Y6052449,,,,0,30.0,0,2
75,9,24,1,16,Y6052450,,,,0,30.0,0,2
75,9,24,1,17,Y6052451,,,,0,30.0,0,2
75,9,24,1,18,Y6052452,,,,0,30.0,0,2
75,9,24,1,19,Y6052453,,,,0,30.0,0,0
75,9,24,1,20,Y6052454,,,,0,30.0,0,0
75,9,24,1,21,Y6052455,,,,0,30.0,0,0
75,9,24,1,22,Y6052456,,,,0,30.0,0,0
75,9,24,1,23,Y6052457,,,,0,30.0,0,0
75,9,24,1,24,Y6052458,,,,0,30.0,0,0
75,9,24,1,25,Y6052459,,,,0,30.0,0,0
75,9,24,1,26,Y6052460,,,,0,30.0,0,0
75,9,24,1,27,Y6052461,,,,0,30.0,0,0
75,9,24,1,28,Y6052462,,,,0,30.0,0,0
75,9,24,1,29,Y6052463,,,,0,30.0,0,0
75,9,24,1,30,Y6052464,,,,0,30.0,0,0
75,9,24,2,10,Y6052465,,,,0,30.0,0,0
75,9,24,2,11,Y6052466,,,,0,30.0,0,0
75,9,24,2,12,Y6052467,,,,0,30.0,0,0
75,9,24,2,13,Y6052468,,,,0,30.0,0,0
75,9,24,2,14,Y6052469,,,,0,30.0,0,2
75,9,24,2,15,Y6052470,,,,0,30.0,0,2
75,9,24,2,16,Y6052471,,,,0,30.0,0,2
75,9,24,2,17,Y6052472,,,,0,30.0,0,2
75,9,24,2,18,Y6052473,,,,0,30.0,0,2
75,9,24,2,19,Y6052474,,,,0,30.0,0,0
75,9,24,2,20,Y6052475,,,,0,30.0,0,0
75,9,24,2,21,Y6052476,,,,0,30.0,0,0
75,9,24,2,22,Y6052477,,,,0,30.0,0,0
75,9,24,2,23,Y6052478,,,,0,30.0,0,0
75,9,24,2,24,Y6052479,,,,0,30.0,0,0
75,9,24,2,25,Y6052480,,,,0,30.0,0,0
75,9,24,2,26,Y6052481,,,,0,30.0,0,0
75,9,24,2,27,Y6052482,,,,0,30.0,0,0
75,9,24,2,28,Y6052483,,,,0,30.0,0,0
75,9,24,2,29,Y6052484,,,,0,30.0,0,0
75,9,24,2,30,Y6052485,,,,0,30.0,0,0
75,9,24,3,10,Y6052486,,,,0,30.0,0,0
75,9,24,3,11,Y6052487,,,,0,30.0,0,0
75,9,24,3,12,Y6052488,,,,0,30.0,0,0
75,9,24,3,13,Y6052489,,,,0,30.0,0,0
75,9,24,3,14,Y6052490,,,,0,30.0,0,0
75,9,24,3,15,Y6052491,,,,0,30.0,0,2
75,9,24,3,16,Y6052492,,,,0,30.0,0,2
75,9,24,3,17,Y6052493,,,,0,30.0,0,2
75,9,24,3,18,Y6052494,,,,0,30.0,0,0
75,9,24,3,19,Y6052495,,,,0,30.0,0,0
75,9,24,3,20,Y6052496,,,,0,30.0,0,0
75,9,24,3,21,Y6052497,,,,0,30.0,0,0
75,9,24,3,22,Y6052498,,,,0,30.0,0,0
75,9,24,3,23,Y6052499,,,,0,30.0,0,0
75,9,24,3,24,Y6052500,,,,0,30.0,0,0
75,9,24,3,25,Y6052501,,,,0,30.0,0,0
75,9,24,3,26,Y6052502,,,,0,30.0,0,0
75,9,24,3,27,Y6052503,,,,0,30.0,0,0
75,9,24,3,28,Y6052504,,,,0,30.0,0,0
75,9,24,3,29,Y6052505,,,,0,30.0,0,0
75,9,24,3,30,Y6052506,,,,0,30.0,0,0
75,9,24,4,10,Y6052507,,,,0,30.0,0,0
75,9,24,4,11,Y6052508,,,,0,30.0,0,0
75,9,24,4,12,Y6052509,,,,0,30.0,0,0
75,9,24,4,13,Y6052510,,,,0,30.0,0,0
75,9,24,4,14,Y6052511,,,,0,30.0,0,0
75,9,24,4,15,Y6052512,,,,0,30.0,0,0
75,9,24,4,16,Y6052513,,,,0,30.0,0,0
75,9,24,4,17,Y6052514,,,,0,30.0,0,0
75,9,24,4,18,Y6052515,,,,0,30.0,0,0
75,9,24,4,19,Y6052516,,,,0,30.0,0,0
75,9,24,4,20,Y6052517,,,,0,30.0,0,0
75,9,24,4,21,Y6052518,,,,0,30.0,0,0
75,9,24,4,22,Y6052519,,,,0,30.0,0,0
75,9,24,4,23,Y6052520,,,,0,30.0,0,0
75,9,24,4,24,Y6052521,,,,0,30.0,0,0
75,9,24,4,25,Y6052522,,,,0,30.0,0,0
75,9,24,4,26,Y6052523,,,,0,30.0,0,0
75,9,24,4,27,Y6052524,,,,0,30.0,0,0
75,9,24,4,28,Y6052525,,,,0,30.0,0,0
75,9,24,4,29,Y6052526,,,,0,30.0,0,0
75,9,24,4,30,Y6052527,,,,0,30.0,0,0
75,9,24,5,10,Y6052528,,,,0,30.0,0,0
75,9,24,5,11,Y6052529,,,,0,30.0,0,0
75,9,24,5,12,Y6052530,,,,0,30.0,0,0
75,9,24,5,13,Y6052531,,,,0,30.0,0,0
75,9,24,5,14,Y6052532,,,,0,30.0,0,0
75,9,24,5,15,Y6052533,,,,0,30.0,0,0
75,9,24,5,16,Y6052534,,,,0,30.0,0,0
75,9,24,5,17,Y6052535,,,,0,30.0,0,0
75,9,24,5,18,Y6052536,,,,0,30.0,0,0
75,9,24,5,19,Y6052537,,,,0,30.0,0,0
75,9,24,5,20,Y6052538,,,,0,30.0,0,0
75,9,24,5,21,Y6052539,,,,0,30.0,0,0
75,9,24,5,22,Y6052540,,,,0,30.0,0,0
75,9,24,5,23,Y6052541,,,,0,30.0,0,0
75,9,24,5,24,Y6052542,,,,0,30.0,0,0
75,9,24,5,25,Y6052543,,,,0,30.0,0,0
75,9,24,5,26,Y6052544,,,,0,30.0,0,0
75,9,24,5,27,Y6052545,,,,0,30.0,0,0
75,9,24,5,28,Y6052546,,,,0,30.0,0,0
75,9,24,5,29,Y6052547,,,,0,30.0,0,0
75,9,24,5,30,Y6052548,,,,0,30.0,0,0
75,9,24,6,10,Y6052549,,,,0,30.0,0,0
75,9,24,6,11,Y6052550,,,,0,30.0,0,0
75,9,24,6,12,Y6052551,,,,0,30.0,0,0
75,9,24,6,13,Y6052552,,,,0,30.0,0,0
75,9,24,6,14,Y6052553,,,,0,30.0,0,0
75,9,24,6,15,Y6052554,,,,0,30.0,0,0
75,9,24,6,16,Y6052555,,,,0,30.0,0,0
75,9,24,6,17,Y6052556,,,,0,30.0,0,0
75,9,24,6,18,Y6052557,,,,0,30.0,0,0
75,9,24,6,19,Y6052558,,,,0,30.0,0,0
75,9,24,6,20,Y6052559,,,,0,30.0,0,0
75,9,24,6,21,Y6052560,,,,0,30.0,0,0
75,9,24,6,22,Y6052561,,,,0,30.0,0,0
75,9,24,6,23,Y6052562,,,,0,30.0,0,0
75,9,24,6,24,Y6052563,,,,0,30.0,0,0
75,9,24,6,25,Y6052564,,,,0,30.0,0,0
75,9,24,6,26,Y6052565,,,,0,30.0,0,0
75,9,24,6,27,Y6052566,,,,0,30.0,0,0
75,9,24,6,28,Y6052567,,,,0,30.0,0,0
75,9,24,6,29,Y6052568,,,,0,30.0,0,0
75,9,24,6,30,Y6052569,,,,0,30.0,0,0
75,9,24,7,10,Y6052570,,,,0,30.0,0,0
75,9,24,7,11,Y6052571,,,,0,30.0,0,0
75,9,24,7,12,Y6052572,,,,0,30.0,0,0
75,9,24,7,13,Y6052573,,,,0,30.0,0,0
75,9,24,7,14,Y6052574,,,,0,30.0,0,0
75,9,24,7,15,Y6052575,,,,0,30.0,0,0
75,9,24,7,16,Y6052576,,,,0,30.0,0,0
75,9,24,7,17,Y6052577,,,,0,30.0,0,0
75,9,24,7,18,Y6052578,,,,0,30.0,0,0
75,9,24,7,19,Y6052579,,,,0,30.0,0,0
75,9,24,7,20,Y6052580,,,,0,30.0,0,0
75,9,24,7,21,Y6052581,,,,0,30.0,0,0
75,9,24,7,22,Y6052582,,,,0,30.0,0,0
75,9,24,7,23,Y6052583,,,,0,30.0,0,0
75,9,24,7,24,Y6052584,,,,0,30.0,0,0
75,9,24,7,25,Y6052585,,,,0,30.0,0,0
75,9,24,7,26,Y6052586,,,,0,30.0,0,0
75,9,24,7,27,Y6052587,,,,0,30.0,0,0
75,9,24,7,28,Y6052588,,,,0,30.0,0,0
75,9,24,7,29,Y6052589,,,,0,30.0,0,0
75,9,24,7,30,Y6052590,,,,0,30.0,0,0
75,9,24,8,10,Y6052591,,,,0,30.0,0,0
75,9,24,8,11,Y6052592,,,,0,30.0,0,0
75,9,24,8,12,Y6052593,,,,0,30.0,0,0
75,9,24,8,13,Y6052594,,,,0,30.0,0,0
75,9,24,8,14,Y6052595,,,,0,30.0,0,0
75,9,24,8,15,Y6052596,,,,0,30.0,0,0
75,9,24,8,16,Y6052597,,,,0,30.0,0,0
75,9,24,8,17,Y6052598,,,,0,30.0,0,0
75,9,24,8,18,Y6052599,,,,0,30.0,0,0
75,9,24,8,19,Y6052600,,,,0,30.0,0,0
75,9,24,8,20,Y6052601,,,,0,30.0,0,0
75,9,24,8,21,Y6052602,,,,0,30.0,0,0
75,9,24,8,22,Y6052603,,,,0,30.0,0,0
75,9,24,8,23,Y6052604,,,,0,30.0,0,0
75,9,24,8,24,Y6052605,,,,0,30.0,0,0
75,9,24,8,25,Y6052606,,,,0,30.0,0,0
75,9,24,8,26,Y6052607,,,,0,30.0,0,0
75,9,24,8,27,Y6052608,,,,0,30.0,0,0
75,9,24,8,28,Y6052609,,,,0,30.0,0,0
75,9,24,8,29,Y6052610,,,,0,30.0,0,0
75,9,24,8,30,Y6052611,,,,0,30.0,0,0
75,9,24,9,10,Y6052612,,,,0,30.0,0,0
75,9,24,9,11,Y6052613,,,,0,30.0,0,0
75,9,24,9,12,Y6052614,,,,0,30.0,0,0
75,9,24,9,13,Y6052615,,,,0,30.0,0,0
75,9,24,9,14,Y6052616,,,,0,30.0,0,0
75,9,24,9,15,Y6052617,,,,0,30.0,0,0
75,9,24,9,16,Y6052618,,,,0,30.0,0,0
75,9,24,9,17,Y6052619,,,,0,30.0,0,0
75,9,24,9,18,Y6052620,,,,0,30.0,0,0
75,9,24,9,19,Y6052621,,,,0,30.0,0,0
75,9,24,9,20,Y6052622,,,,0,30.0,0,0
75,9,24,9,21,Y6052623,,,,0,30.0,0,0
75,9,24,9,22,Y6052624,,,,0,30.0,0,0
75,9,24,9,23,Y6052625,,,,0,30.0,0,0
75,9,24,9,24,Y6052626,,,,0,30.0,0,0
75,9,24,9,25,Y6052627,,,,0,30.0,0,0
75,9,24,9,26,Y6052628,,,,0,30.0,0,0
75,9,24,9,27,Y6052629,,,,0,30.0,0,0
75,9,24,9,28,Y6052630,,,,0,30.0,0,0
75,9,24,9,29,Y6052631,,,,0,30.0,0,0
75,9,24,9,30,Y6052632,,,,0,30.0,0,0
75,9,24,10,10,Y6052633,,,,0,30.0,0,0
75,9,24,10,11,Y6052634,,,,0,30.0,0,0
75,9,24,10,12,Y6052635,,,,0,30.0,0,0
75,9,24,10,13,Y6052636,,,,0,30.0,0,0
75,9,24,10,14,Y6052637,,,,0,30.0,0,0
75,9,24,10,15,Y6052638,,,,0,30.0,0,0
75,9,24,10,16,Y6052639,,,,0,30.0,0,0
75,9,24,10,17,Y6052640,,,,0,30.0,0,0
75,9,24,10,18,Y6052641,,,,0,30.0,0,0
75,9,24,10,19,Y6052642,,,,0,30.0,0,0
75,9,24,10,20,Y6052643,,,,0,30.0,0,0
75,9,24,10,21,Y6052644,,,,0,30.0,0,0
75,9,24,10,22,Y6052645,,,,0,30.0,0,0
75,9,24,10,23,Y6052646,,,,0,30.0,0,0
75,9,24,10,24,Y6052647,,,,0,30.0,0,0
75,9,24,10,25,Y6052648,,,,0,30.0,0,0
75,9,24,10,26,Y6052649,,,,0,30.0,0,0
75,9,24,10,27,Y6052650,,,,0,30.0,0,0
75,9,24,10,28,Y6052651,,,,0,30.0,0,0
75,9,24,10,29,Y6052652,,,,0,30.0,0,0
75,9,24,10,30,Y6052653,,,,0,30.0,0,0
75,9,24,11,10,Y6052654,,,,0,30.0,0,0
75,9,24,11,11,Y6052655,,,,0,30.0,0,0
75,9,24,11,12,Y6052656,,,,0,30.0,0,0
75,9,24,11,13,Y6052657,,,,0,30.0,0,0
75,9,24,11,14,Y6052658,,,,0,30.0,0,0
75,9,24,11,15,Y6052659,,,,0,30.0,0,0
75,9,24,11,16,Y6052660,,,,0,30.0,0,0
75,9,24,11,17,Y6052661,,,,0,30.0,0,0
75,9,24,11,18,Y6052662,,,,0,30.0,0,0
75,9,24,11,19,Y6052663,,,,0,30.0,0,0
75,9,24,11,20,Y6052664,,,,0,30.0,0,0
75,9,24,11,21,Y6052665,,,,0,30.0,0,0
75,9,24,11,22,Y6052666,,,,0,30.0,0,0
75,9,24,11,23,Y6052667,,,,0,30.0,0,0
75,9,24,11,24,Y6052668,,,,0,30.0,0,0
75,9,24,11,25,Y6052669,,,,0,30.0,0,0
75,9,24,11,26,Y6052670,,,,0,30.0,0,0
75,9,24,11,27,Y6052671,,,,0,30.0,0,0
75,9,24,11,28,Y6052672,,,,0,30.0,0,0
75,9,24,11,29,Y6052673,,,,0,30.0,0,0
75,9,24,11,30,Y6052674,,,,0,30.0,0,0
75,9,24,12,10,Y6052675,,,,0,30.0,0,0
75,9,24,12,11,Y6052676,,,,0,30.0,0,0
75,9,24,12,12,Y6052677,,,,0,30.0,0,0
75,9,24,12,13,Y6052678,,,,0,30.0,0,0
75,9,24,12,14,Y6052679,,,,0,30.0,0,0
75,9,24,12,15,Y6052680,,,,0,30.0,0,0
75,9,24,12,16,Y6052681,,,,0,30.0,0,0
75,9,24,12,17,Y6052682,,,,0,30.0,0,0
75,9,24,12,18,Y6052683,,,,0,30.0,0,0
75,9,24,12,19,Y6052684,,,,0,30.0,0,0
75,9,24,12,20,Y6052685,,,,0,30.0,0,0
75,9,24,12,21,Y6052686,,,,0,30.0,0,0
75,9,24,12,22,Y6052687,,,,0,30.0,0,0
75,9,24,12,23,Y6052688,,,,0,30.0,0,0
75,9,24,12,24,Y6052689,,,,0,30.0,0,0
75,9,24,12,25,Y6052690,,,,0,30.0,0,0
75,9,24,12,26,Y6052691,,,,0,30.0,0,0
75,9,24,12,27,Y6052692,,,,0,30.0,0,0
75,9,24,12,28,Y6052693,,,,0,30.0,0,0
75,9,24,12,29,Y6052694,,,,0,30.0,0,0
75,9,24,12,30,Y6052695,,,,0,30.0,0,0
75,9,25,1,10,Y6052696,,,,0,30.0,0,0
75,9,25,1,11,Y6052697,,,,0,30.0,0,0
75,9,25,1,12,Y6052698,,,,0,30.0,0,0
75,9,25,1,13,Y6052699,,,,0,30.0,0,0
75,9,25,1,14,Y6052700,,,,0,30.0,0,0
75,9,25,1,15,Y6052701,,,,0,30.0,0,2
75,9,25,1,16,Y6052702,,,,0,30.0,0,2
75,9,25,1,17,Y6052703,,,,0,30.0,0,2
75,9,25,1,18,Y6052704,,,,0,30.0,0,0
75,9,25,1,19,Y6052705,,,,0,30.0,0,0
75,9,25,1,20,Y6052706,,,,0,30.0,0,0
75,9,25,1,21,Y6052707,,,,0,30.0,0,0
75,9,25,1,22,Y6052708,,,,0,30.0,0,0
75,9,25,1,23,Y6052709,,,,0,30.0,0,0
75,9,25,1,24,Y6052710,,,,0,30.0,0,0
75,9,25,1,25,Y6052711,,,,0,30.0,0,0
75,9,25,1,26,Y6052712,,,,0,30.0,0,0
75,9,25,1,27,Y6052713,,,,0,30.0,0,0
75,9,25,1,28,Y6052714,,,,0,30.0,0,0
75,9,25,1,29,Y6052715,,,,0,30.0,0,0
75,9,25,1,30,Y6052716,,,,0,30.0,0,0
75,9,25,2,10,Y6052717,,,,0,30.0,0,0
75,9,25,2,11,Y6052718,,,,0,30.0,0,0
75,9,25,2,12,Y6052719,,,,0,30.0,0,0
75,9,25,2,13,Y6052720,,,,0,30.0,0,0
75,9,25,2,14,Y6052721,,,,0,30.0,0,0
75,9,25,2,15,Y6052722,,,,0,30.0,0,2
75,9,25,2,16,Y6052723,,,,0,30.0,0,2
75,9,25,2,17,Y6052724,,,,0,30.0,0,2
75,9,25,2,18,Y6052725,,,,0,30.0,0,0
75,9,25,2,19,Y6052726,,,,0,30.0,0,0
75,9,25,2,20,Y6052727,,,,0,30.0,0,0
75,9,25,2,21,Y6052728,,,,0,30.0,0,0
75,9,25,2,22,Y6052729,,,,0,30.0,0,0
75,9,25,2,23,Y6052730,,,,0,30.0,0,0
75,9,25,2,24,Y6052731,,,,0,30.0,0,0
75,9,25,2,25,Y6052732,,,,0,30.0,0,0
75,9,25,2,26,Y6052733,,,,0,30.0,0,0
75,9,25,2,27,Y6052734,,,,0,30.0,0,0
75,9,25,2,28,Y6052735,,,,0,30.0,0,0
75,9,25,2,29,Y6052736,,,,0,30.0,0,0
75,9,25,2,30,Y6052737,,,,0,30.0,0,0
75,9,25,3,10,Y6052738,,,,0,30.0,0,0
75,9,25,3,11,Y6052739,,,,0,30.0,0,0
75,9,25,3,12,Y6052740,,,,0,30.0,0,0
75,9,25,3,13,Y6052741,,,,0,30.0,0,0
75,9,25,3,14,Y6052742,,,,0,30.0,0,0
75,9,25,3,15,Y6052743,,,,0,30.0,0,0
75,9,25,3,16,Y6052744,,,,0,30.0,0,0
75,9,25,3,17,Y6052745,,,,0,30.0,0,0
75,9,25,3,18,Y6052746,,,,0,30.0,0,0
75,9,25,3,19,Y6052747,,,,0,30.0,0,0
75,9,25,3,20,Y6052748,,,,0,30.0,0,0
75,9,25,3,21,Y6052749,,,,0,30.0,0,0
75,9,25,3,22,Y6052750,,,,0,30.0,0,0
75,9,25,3,23,Y6052751,,,,0,30.0,0,0
75,9,25,3,24,Y6052752,,,,0,30.0,0,0
75,9,25,3,25,Y6052753,,,,0,30.0,0,0
75,9,25,3,26,Y6052754,,,,0,30.0,0,0
75,9,25,3,27,Y6052755,,,,0,30.0,0,0
75,9,25,3,28,Y6052756,,,,0,30.0,0,0
75,9,25,3,29,Y6052757,,,,0,30.0,0,0
75,9,25,3,30,Y6052758,,,,0,30.0,0,0
75,9,25,4,10,Y6052759,,,,0,30.0,0,0
75,9,25,4,11,Y6052760,,,,0,30.0,0,0
75,9,25,4,12,Y6052761,,,,0,30.0,0,0
75,9,25,4,13,Y6052762,,,,0,30.0,0,0
75,9,25,4,14,Y6052763,,,,0,30.0,0,0
75,9,25,4,15,Y6052764,,,,0,30.0,0,0
75,9,25,4,16,Y6052765,,,,0,30.0,0,0
75,9,25,4,17,Y6052766,,,,0,30.0,0,0
75,9,25,4,18,Y6052767,,,,0,30.0,0,0
75,9,25,4,19,Y6052768,,,,0,30.0,0,0
75,9,25,4,20,Y6052769,,,,0,30.0,0,0
75,9,25,4,21,Y6052770,,,,0,30.0,0,0
75,9,25,4,22,Y6052771,,,,0,30.0,0,0
75,9,25,4,23,Y6052772,,,,0,30.0,0,0
75,9,25,4,24,Y6052773,,,,0,30.0,0,0
75,9,25,4,25,Y6052774,,,,0,30.0,0,0
75,9,25,4,26,Y6052775,,,,0,30.0,0,0
75,9,25,4,27,Y6052776,,,,0,30.0,0,0
75,9,25,4,28,Y6052777,,,,0,30.0,0,0
75,9,25,4,29,Y6052778,,,,0,30.0,0,0
75,9,25,4,30,Y6052779,,,,0,30.0,0,0
75,9,25,5,10,Y6052780,,,,0,30.0,0,0
75,9,25,5,11,Y6052781,,,,0,30.0,0,0
75,9,25,5,12,Y6052782,,,,0,30.0,0,0
75,9,25,5,13,Y6052783,,,,0,30.0,0,0
75,9,25,5,14,Y6052784,,,,0,30.0,0,0
75,9,25,5,15,Y6052785,,,,0,30.0,0,0
75,9,25,5,16,Y6052786,,,,0,30.0,0,0
75,9,25,5,17,Y6052787,,,,0,30.0,0,0
75,9,25,5,18,Y6052788,,,,0,30.0,0,0
75,9,25,5,19,Y6052789,,,,0,30.0,0,0
75,9,25,5,20,Y6052790,,,,0,30.0,0,0
75,9,25,5,21,Y6052791,,,,0,30.0,0,0
75,9,25,5,22,Y6052792,,,,0,30.0,0,0
75,9,25,5,23,Y6052793,,,,0,30.0,0,0
75,9,25,5,24,Y6052794,,,,0,30.0,0,0
75,9,25,5,25,Y6052795,,,,0,30.0,0,0
75,9,25,5,26,Y6052796,,,,0,30.0,0,0
75,9,25,5,27,Y6052797,,,,0,30.0,0,0
75,9,25,5,28,Y6052798,,,,0,30.0,0,0
75,9,25,5,29,Y6052799,,,,0,30.0,0,0
75,9,25,5,30,Y6052800,,,,0,30.0,0,0
75,9,25,6,10,Y6052801,,,,0,30.0,0,0
75,9,25,6,11,Y6052802,,,,0,30.0,0,0
75,9,25,6,12,Y6052803,,,,0,30.0,0,0
75,9,25,6,13,Y6052804,,,,0,30.0,0,0
75,9,25,6,14,Y6052805,,,,0,30.0,0,0
75,9,25,6,15,Y6052806,,,,0,30.0,0,0
75,9,25,6,16,Y6052807,,,,0,30.0,0,0
75,9,25,6,17,Y6052808,,,,0,30.0,0,0
75,9,25,6,18,Y6052809,,,,0,30.0,0,0
75,9,25,6,19,Y6052810,,,,0,30.0,0,0
75,9,25,6,20,Y6052811,,,,0,30.0,0,0
75,9,25,6,21,Y6052812,,,,0,30.0,0,0
75,9,25,6,22,Y6052813,,,,0,30.0,0,0
75,9,25,6,23,Y6052814,,,,0,30.0,0,0
75,9,25,6,24,Y6052815,,,,0,30.0,0,0
75,9,25,6,25,Y6052816,,,,0,30.0,0,0
75,9,25,6,26,Y6052817,,,,0,30.0,0,0
75,9,25,6,27,Y6052818,,,,0,30.0,0,0
75,9,25,6,28,Y6052819,,,,0,30.0,0,0
75,9,25,6,29,Y6052820,,,,0,30.0,0,0
75,9,25,6,30,Y6052821,,,,0,30.0,0,0
75,9,25,7,10,Y6052822,,,,0,30.0,0,0
75,9,25,7,11,Y6052823,,,,0,30.0,0,0
75,9,25,7,12,Y6052824,,,,0,30.0,0,0
75,9,25,7,13,Y6052825,,,,0,30.0,0,0
75,9,25,7,14,Y6052826,,,,0,30.0,0,0
75,9,25,7,15,Y6052827,,,,0,30.0,0,0
75,9,25,7,16,Y6052828,,,,0,30.0,0,0
75,9,25,7,17,Y6052829,,,,0,30.0,0,0
75,9,25,7,18,Y6052830,,,,0,30.0,0,0
75,9,25,7,19,Y6052831,,,,0,30.0,0,0
75,9,25,7,20,Y6052832,,,,0,30.0,0,0
75,9,25,7,21,Y6052833,,,,0,30.0,0,0
75,9,25,7,22,Y6052834,,,,0,30.0,0,0
75,9,25,7,23,Y6052835,,,,0,30.0,0,0
75,9,25,7,24,Y6052836,,,,0,30.0,0,0
75,9,25,7,25,Y6052837,,,,0,30.0,0,0
75,9,25,7,26,Y6052838,,,,0,30.0,0,0
75,9,25,7,27,Y6052839,,,,0,30.0,0,0
75,9,25,7,28,Y6052840,,,,0,30.0,0,0
75,9,25,7,29,Y6052841,,,,0,30.0,0,0
75,9,25,7,30,Y6052842,,,,0,30.0,0,0
75,9,25,8,10,Y6052843,,,,0,30.0,0,0
75,9,25,8,11,Y6052844,,,,0,30.0,0,0
75,9,25,8,12,Y6052845,,,,0,30.0,0,0
75,9,25,8,13,Y6052846,,,,0,30.0,0,0
75,9,25,8,14,Y6052847,,,,0,30.0,0,0
75,9,25,8,15,Y6052848,,,,0,30.0,0,0
75,9,25,8,16,Y6052849,,,,0,30.0,0,0
75,9,25,8,17,Y6052850,,,,0,30.0,0,0
75,9,25,8,18,Y6052851,,,,0,30.0,0,0
75,9,25,8,19,Y6052852,,,,0,30.0,0,0
75,9,25,8,20,Y6052853,,,,0,30.0,0,0
75,9,25,8,21,Y6052854,,,,0,30.0,0,0
75,9,25,8,22,Y6052855,,,,0,30.0,0,0
75,9,25,8,23,Y6052856,,,,0,30.0,0,0
75,9,25,8,24,Y6052857,,,,0,30.0,0,0
75,9,25,8,25,Y6052858,,,,0,30.0,0,0
75,9,25,8,26,Y6052859,,,,0,30.0,0,0
75,9,25,8,27,Y6052860,,,,0,30.0,0,0
75,9,25,8,28,Y6052861,,,,0,30.0,0,0
75,9,25,8,29,Y6052862,,,,0,30.0,0,0
75,9,25,8,30,Y6052863,,,,0,30.0,0,0
75,9,25,9,10,Y6052864,,,,0,30.0,0,0
75,9,25,9,11,Y6052865,,,,0,30.0,0,0
75,9,25,9,12,Y6052866,,,,0,30.0,0,0
75,9,25,9,13,Y6052867,,,,0,30.0,0,0
75,9,25,9,14,Y6052868,,,,0,30.0,0,0
75,9,25,9,15,Y6052869,,,,0,30.0,0,0
75,9,25,9,16,Y6052870,,,,0,30.0,0,0
75,9,25,9,17,Y6052871,,,,0,30.0,0,0
75,9,25,9,18,Y6052872,,,,0,30.0,0,0
75,9,25,9,19,Y6052873,,,,0,30.0,0,0
75,9,25,9,20,Y6052874,,,,0,30.0,0,0
75,9,25,9,21,Y6052875,,,,0,30.0,0,0
75,9,25,9,22,Y6052876,,,,0,30.0,0,0
75,9,25,9,23,Y6052877,,,,0,30.0,0,0
75,9,25,9,24,Y6052878,,,,0,30.0,0,0
75,9,25,9,25,Y6052879,,,,0,30.0,0,0
75,9,25,9,26,Y6052880,,,,0,30.0,0,0
75,9,25,9,27,Y6052881,,,,0,30.0,0,0
75,9,25,9,28,Y6052882,,,,0,30.0,0,0
75,9,25,9,29,Y6052883,,,,0,30.0,0,0
75,9,25,9,30,Y6052884,,,,0,30.0,0,0
75,9,25,10,10,Y6052885,,,,0,30.0,0,0
75,9,25,10,11,Y6052886,,,,0,30.0,0,0
75,9,25,10,12,Y6052887,,,,0,30.0,0,0
75,9,25,10,13,Y6052888,,,,0,30.0,0,0
75,9,25,10,14,Y6052889,,,,0,30.0,0,0
75,9,25,10,15,Y6052890,,,,0,30.0,0,0
75,9,25,10,16,Y6052891,,,,0,30.0,0,0
75,9,25,10,17,Y6052892,,,,0,30.0,0,0
75,9,25,10,18,Y6052893,,,,0,30.0,0,0
75,9,25,10,19,Y6052894,,,,0,30.0,0,0
75,9,25,10,20,Y6052895,,,,0,30.0,0,0
75,9,25,10,21,Y6052896,,,,0,30.0,0,0
75,9,25,10,22,Y6052897,,,,0,30.0,0,0
75,9,25,10,23,Y6052898,,,,0,30.0,0,0
75,9,25,10,24,Y6052899,,,,0,30.0,0,0
75,9,25,10,25,Y6052900,,,,0,30.0,0,0
75,9,25,10,26,Y6052901,,,,0,30.0,0,0
75,9,25,10,27,Y6052902,,,,0,30.0,0,0
75,9,25,10,28,Y6052903,,,,0,30.0,0,0
75,9,25,10,29,Y6052904,,,,0,30.0,0,0
75,9,25,10,30,Y6052905,,,,0,30.0,0,0
75,9,25,11,10,Y6052906,,,,0,30.0,0,0
75,9,25,11,11,Y6052907,,,,0,30.0,0,0
75,9,25,11,12,Y6052908,,,,0,30.0,0,0
75,9,25,11,13,Y6052909,,,,0,30.0,0,0
75,9,25,11,14,Y6052910,,,,0,30.0,0,0
75,9,25,11,15,Y6052911,,,,0,30.0,0,0
75,9,25,11,16,Y6052912,,,,0,30.0,0,0
75,9,25,11,17,Y6052913,,,,0,30.0,0,0
75,9,25,11,18,Y6052914,,,,0,30.0,0,0
75,9,25,11,19,Y6052915,,,,0,30.0,0,0
75,9,25,11,20,Y6052916,,,,0,30.0,0,0
75,9,25,11,21,Y6052917,,,,0,30.0,0,0
75,9,25,11,22,Y6052918,,,,0,30.0,0,0
75,9,25,11,23,Y6052919,,,,0,30.0,0,0
75,9,25,11,24,Y6052920,,,,0,30.0,0,0
75,9,25,11,25,Y6052921,,,,0,30.0,0,0
75,9,25,11,26,Y6052922,,,,0,30.0,0,0
75,9,25,11,27,Y6052923,,,,0,30.0,0,0
75,9,25,11,28,Y6052924,,,,0,30.0,0,0
75,9,25,11,29,Y6052925,,,,0,30.0,0,0
75,9,25,11,30,Y6052926,,,,0,30.0,0,0
75,9,25,12,10,Y6052927,,,,0,30.0,0,0
75,9,25,12,11,Y6052928,,,,0,30.0,0,0
75,9,25,12,12,Y6052929,,,,0,30.0,0,0
75,9,25,12,13,Y6052930,,,,0,30.0,0,0
75,9,25,12,14,Y6052931,,,,0,30.0,0,0
75,9,25,12,15,Y6052932,,,,0,30.0,0,0
75,9,25,12,16,Y6052933,,,,0,30.0,0,0
75,9,25,12,17,Y6052934,,,,0,30.0,0,0
75,9,25,12,18,Y6052935,,,,0,30.0,0,0
75,9,25,12,19,Y6052936,,,,0,30.0,0,0
75,9,25,12,20,Y6052937,,,,0,30.0,0,0
75,9,25,12,21,Y6052938,,,,0,30.0,0,0
75,9,25,12,22,Y6052939,,,,0,30.0,0,0
75,9,25,12,23,Y6052940,,,,0,30.0,0,0
75,9,25,12,24,Y6052941,,,,0,30.0,0,0
75,9,25,12,25,Y6052942,,,,0,30.0,0,0
75,9,25,12,26,Y6052943,,,,0,30.0,0,0
75,9,25,12,27,Y6052944,,,,0,30.0,0,0
75,9,25,12,28,Y6052945,,,,0,30.0,0,0
75,9,25,12,29,Y6052946,,,,0,30.0,0,0
75,9,25,12,30,Y6052947,,,,0,30.0,0,0
75,9,26,1,10,Y6052948,,,,0,30.0,0,0
75,9,26,1,11,Y6052949,,,,0,30.0,0,0
75,9,26,1,12,Y6052950,,,,0,30.0,0,0
75,9,26,1,13,Y6052951,,,,0,30.0,0,0
75,9,26,1,14,Y6052952,,,,0,30.0,0,0
75,9,26,1,15,Y6052953,,,,0,30.0,0,0
75,9,26,1,16,Y6052954,,,,0,30.0,0,0
75,9,26,1,17,Y6052955,,,,0,30.0,0,0
75,9,26,1,18,Y6052956,,,,0,30.0,0,0
75,9,26,1,19,Y6052957,,,,0,30.0,0,0
75,9,26,1,20,Y6052958,,,,0,30.0,0,0
75,9,26,1,21,Y6052959,,,,0,30.0,0,0
75,9,26,1,22,Y6052960,,,,0,30.0,0,0
75,9,26,1,23,Y6052961,,,,0,30.0,0,0
75,9,26,1,24,Y6052962,,,,0,30.0,0,0
75,9,26,1,25,Y6052963,,,,0,30.0,0,0
75,9,26,1,26,Y6052964,,,,0,30.0,0,0
75,9,26,1,27,Y6052965,,,,0,30.0,0,0
75,9,26,1,28,Y6052966,,,,0,30.0,0,0
75,9,26,1,29,Y6052967,,,,0,30.0,0,0
75,9,26,1,30,Y6052968,,,,0,30.0,0,0
75,9,26,2,10,Y6052969,,,,0,30.0,0,0
75,9,26,2,11,Y6052970,,,,0,30.0,0,0
75,9,26,2,12,Y6052971,,,,0,30.0,0,0
75,9,26,2,13,Y6052972,,,,0,30.0,0,0
75,9,26,2,14,Y6052973,,,,0,30.0,0,0
75,9,26,2,15,Y6052974,,,,0,30.0,0,0
75,9,26,2,16,Y6052975,,,,0,30.0,0,0
75,9,26,2,17,Y6052976,,,,0,30.0,0,0
75,9,26,2,18,Y6052977,,,,0,30.0,0,0
75,9,26,2,19,Y6052978,,,,0,30.0,0,0
75,9,26,2,20,Y6052979,,,,0,30.0,0,0
75,9,26,2,21,Y6052980,,,,0,30.0,0,0
75,9,26,2,22,Y6052981,,,,0,30.0,0,0
75,9,26,2,23,Y6052982,,,,0,30.0,0,0
75,9,26,2,24,Y6052983,,,,0,30.0,0,0
75,9,26,2,25,Y6052984,,,,0,30.0,0,0
75,9,26,2,26,Y6052985,,,,0,30.0,0,0
75,9,26,2,27,Y6052986,,,,0,30.0,0,0
75,9,26,2,28,Y6052987,,,,0,30.0,0,0
75,9,26,2,29,Y6052988,,,,0,30.0,0,0
75,9,26,2,30,Y6052989,,,,0,30.0,0,0
75,9,26,3,10,Y6052990,,,,0,30.0,0,0
75,9,26,3,11,Y6052991,,,,0,30.0,0,0
75,9,26,3,12,Y6052992,,,,0,30.0,0,0
75,9,26,3,13,Y6052993,,,,0,30.0,0,0
75,9,26,3,14,Y6052994,,,,0,30.0,0,0
75,9,26,3,15,Y6052995,,,,0,30.0,0,0
75,9,26,3,16,Y6052996,,,,0,30.0,0,0
75,9,26,3,17,Y6052997,,,,0,30.0,0,0
75,9,26,3,18,Y6052998,,,,0,30.0,0,0
75,9,26,3,19,Y6052999,,,,0,30.0,0,0
75,9,26,3,20,Y6053000,,,,0,30.0,0,0
75,9,26,3,21,Y6053001,,,,0,30.0,0,0
75,9,26,3,22,Y6053002,,,,0,30.0,0,0
75,9,26,3,23,Y6053003,,,,0,30.0,0,0
75,9,26,3,24,Y6053004,,,,0,30.0,0,0
75,9,26,3,25,Y6053005,,,,0,30.0,0,0
75,9,26,3,26,Y6053006,,,,0,30.0,0,0
75,9,26,3,27,Y6053007,,,,0,30.0,0,0
75,9,26,3,28,Y6053008,,,,0,30.0,0,0
75,9,26,3,29,Y6053009,,,,0,30.0,0,0
75,9,26,3,30,Y6053010,,,,0,30.0,0,0
75,9,26,4,10,Y6053011,,,,0,30.0,0,0
75,9,26,4,11,Y6053012,,,,0,30.0,0,0
75,9,26,4,12,Y6053013,,,,0,30.0,0,0
75,9,26,4,13,Y6053014,,,,0,30.0,0,0
75,9,26,4,14,Y6053015,,,,0,30.0,0,0
75,9,26,4,15,Y6053016,,,,0,30.0,0,0
75,9,26,4,16,Y6053017,,,,0,30.0,0,0
75,9,26,4,17,Y6053018,,,,0,30.0,0,0
75,9,26,4,18,Y6053019,,,,0,30.0,0,0
75,9,26,4,19,Y6053020,,,,0,30.0,0,0
75,9,26,4,20,Y6053021,,,,0,30.0,0,0
75,9,26,4,21,Y6053022,,,,0,30.0,0,0
75,9,26,4,22,Y6053023,,,,0,30.0,0,0
75,9,26,4,23,Y6053024,,,,0,30.0,0,0
75,9,26,4,24,Y6053025,,,,0,30.0,0,0
75,9,26,4,25,Y6053026,,,,0,30.0,0,0
75,9,26,4,26,Y6053027,,,,0,30.0,0,0
75,9,26,4,27,Y6053028,,,,0,30.0,0,0
75,9,26,4,28,Y6053029,,,,0,30.0,0,0
75,9,26,4,29,Y6053030,,,,0,30.0,0,0
75,9,26,4,30,Y6053031,,,,0,30.0,0,0
75,9,26,5,10,Y6053032,,,,0,30.0,0,0
75,9,26,5,11,Y6053033,,,,0,30.0,0,0
75,9,26,5,12,Y6053034,,,,0,30.0,0,0
75,9,26,5,13,Y6053035,,,,0,30.0,0,0
75,9,26,5,14,Y6053036,,,,0,30.0,0,0
75,9,26,5,15,Y6053037,,,,0,30.0,0,0
75,9,26,5,16,Y6053038,,,,0,30.0,0,0
75,9,26,5,17,Y6053039,,,,0,30.0,0,0
75,9,26,5,18,Y6053040,,,,0,30.0,0,0
75,9,26,5,19,Y6053041,,,,0,30.0,0,0
75,9,26,5,20,Y6053042,,,,0,30.0,0,0
75,9,26,5,21,Y6053043,,,,0,30.0,0,0
75,9,26,5,22,Y6053044,,,,0,30.0,0,0
75,9,26,5,23,Y6053045,,,,0,30.0,0,0
75,9,26,5,24,Y6053046,,,,0,30.0,0,0
75,9,26,5,25,Y6053047,,,,0,30.0,0,0
75,9,26,5,26,Y6053048,,,,0,30.0,0,0
75,9,26,5,27,Y6053049,,,,0,30.0,0,0
75,9,26,5,28,Y6053050,,,,0,30.0,0,0
75,9,26,5,29,Y6053051,,,,0,30.0,0,0
75,9,26,5,30,Y6053052,,,,0,30.0,0,0
75,9,26,6,10,Y6053053,,,,0,30.0,0,0
75,9,26,6,11,Y6053054,,,,0,30.0,0,0
75,9,26,6,12,Y6053055,,,,0,30.0,0,0
75,9,26,6,13,Y6053056,,,,0,30.0,0,0
75,9,26,6,14,Y6053057,,,,0,30.0,0,0
75,9,26,6,15,Y6053058,,,,0,30.0,0,0
75,9,26,6,16,Y6053059,,,,0,30.0,0,0
75,9,26,6,17,Y6053060,,,,0,30.0,0,0
75,9,26,6,18,Y6053061,,,,0,30.0,0,0
75,9,26,6,19,Y6053062,,,,0,30.0,0,0
75,9,26,6,20,Y6053063,,,,0,30.0,0,0
75,9,26,6,21,Y6053064,,,,0,30.0,0,0
75,9,26,6,22,Y6053065,,,,0,30.0,0,0
75,9,26,6,23,Y6053066,,,,0,30.0,0,0
75,9,26,6,24,Y6053067,,,,0,30.0,0,0
75,9,26,6,25,Y6053068,,,,0,30.0,0,0
75,9,26,6,26,Y6053069,,,,0,30.0,0,0
75,9,26,6,27,Y6053070,,,,0,30.0,0,0
75,9,26,6,28,Y6053071,,,,0,30.0,0,0
75,9,26,6,29,Y6053072,,,,0,30.0,0,0
75,9,26,6,30,Y6053073,,,,0,30.0,0,0
75,9,26,7,10,Y6053074,,,,0,30.0,0,0
75,9,26,7,11,Y6053075,,,,0,30.0,0,0
75,9,26,7,12,Y6053076,,,,0,30.0,0,0
75,9,26,7,13,Y6053077,,,,0,30.0,0,0
75,9,26,7,14,Y6053078,,,,0,30.0,0,0
75,9,26,7,15,Y6053079,,,,0,30.0,0,0
75,9,26,7,16,Y6053080,,,,0,30.0,0,0
75,9,26,7,17,Y6053081,,,,0,30.0,0,0
75,9,26,7,18,Y6053082,,,,0,30.0,0,0
75,9,26,7,19,Y6053083,,,,0,30.0,0,0
75,9,26,7,20,Y6053084,,,,0,30.0,0,0
75,9,26,7,21,Y6053085,,,,0,30.0,0,0
75,9,26,7,22,Y6053086,,,,0,30.0,0,0
75,9,26,7,23,Y6053087,,,,0,30.0,0,0
75,9,26,7,24,Y6053088,,,,0,30.0,0,0
75,9,26,7,25,Y6053089,,,,0,30.0,0,0
75,9,26,7,26,Y6053090,,,,0,30.0,0,0
75,9,26,7,27,Y6053091,,,,0,30.0,0,0
75,9,26,7,28,Y6053092,,,,0,30.0,0,0
75,9,26,7,29,Y6053093,,,,0,30.0,0,0
75,9,26,7,30,Y6053094,,,,0,30.0,0,0
75,9,26,8,10,Y6053095,,,,0,30.0,0,0
75,9,26,8,11,Y6053096,,,,0,30.0,0,0
75,9,26,8,12,Y6053097,,,,0,30.0,0,0
75,9,26,8,13,Y6053098,,,,0,30.0,0,0
75,9,26,8,14,Y6053099,,,,0,30.0,0,0
75,9,26,8,15,Y6053100,,,,0,30.0,0,0
75,9,26,8,16,Y6053101,,,,0,30.0,0,0
75,9,26,8,17,Y6053102,,,,0,30.0,0,0
75,9,26,8,18,Y6053103,,,,0,30.0,0,0
75,9,26,8,19,Y6053104,,,,0,30.0,0,0
75,9,26,8,20,Y6053105,,,,0,30.0,0,0
75,9,26,8,21,Y6053106,,,,0,30.0,0,0
75,9,26,8,22,Y6053107,,,,0,30.0,0,0
75,9,26,8,23,Y6053108,,,,0,30.0,0,0
75,9,26,8,24,Y6053109,,,,0,30.0,0,0
75,9,26,8,25,Y6053110,,,,0,30.0,0,0
75,9,26,8,26,Y6053111,,,,0,30.0,0,0
75,9,26,8,27,Y6053112,,,,0,30.0,0,0
75,9,26,8,28,Y6053113,,,,0,30.0,0,0
75,9,26,8,29,Y6053114,,,,0,30.0,0,0
75,9,26,8,30,Y6053115,,,,0,30.0,0,0
75,9,26,9,10,Y6053116,,,,0,30.0,0,0
75,9,26,9,11,Y6053117,,,,0,30.0,0,0
75,9,26,9,12,Y6053118,,,,0,30.0,0,0
75,9,26,9,13,Y6053119,,,,0,30.0,0,0
75,9,26,9,14,Y6053120,,,,0,30.0,0,0
75,9,26,9,15,Y6053121,,,,0,30.0,0,0
75,9,26,9,16,Y6053122,,,,0,30.0,0,0
75,9,26,9,17,Y6053123,,,,0,30.0,0,0
75,9,26,9,18,Y6053124,,,,0,30.0,0,0
75,9,26,9,19,Y6053125,,,,0,30.0,0,0
75,9,26,9,20,Y6053126,,,,0,30.0,0,0
75,9,26,9,21,Y6053127,,,,0,30.0,0,0
75,9,26,9,22,Y6053128,,,,0,30.0,0,0
75,9,26,9,23,Y6053129,,,,0,30.0,0,0
75,9,26,9,24,Y6053130,,,,0,30.0,0,0
75,9,26,9,25,Y6053131,,,,0,30.0,0,0
75,9,26,9,26,Y6053132,,,,0,30.0,0,0
75,9,26,9,27,Y6053133,,,,0,30.0,0,0
75,9,26,9,28,Y6053134,,,,0,30.0,0,0
75,9,26,9,29,Y6053135,,,,0,30.0,0,0
75,9,26,9,30,Y6053136,,,,0,30.0,0,0
75,9,26,10,10,Y6053137,,,,0,30.0,0,0
75,9,26,10,11,Y6053138,,,,0,30.0,0,0
75,9,26,10,12,Y6053139,,,,0,30.0,0,0
75,9,26,10,13,Y6053140,,,,0,30.0,0,0
75,9,26,10,14,Y6053141,,,,0,30.0,0,0
75,9,26,10,15,Y6053142,,,,0,30.0,0,0
75,9,26,10,16,Y6053143,,,,0,30.0,0,0
75,9,26,10,17,Y6053144,,,,0,30.0,0,0
75,9,26,10,18,Y6053145,,,,0,30.0,0,0
75,9,26,10,19,Y6053146,,,,0,30.0,0,0
75,9,26,10,20,Y6053147,,,,0,30.0,0,0
75,9,26,10,21,Y6053148,,,,0,30.0,0,0
75,9,26,10,22,Y6053149,,,,0,30.0,0,0
75,9,26,10,23,Y6053150,,,,0,30.0,0,0
75,9,26,10,24,Y6053151,,,,0,30.0,0,0
75,9,26,10,25,Y6053152,,,,0,30.0,0,0
75,9,26,10,26,Y6053153,,,,0,30.0,0,0
75,9,26,10,27,Y6053154,,,,0,30.0,0,0
75,9,26,10,28,Y6053155,,,,0,30.0,0,0
75,9,26,10,29,Y6053156,,,,0,30.0,0,0
75,9,26,10,30,Y6053157,,,,0,30.0,0,0
75,9,26,11,10,Y6053158,,,,0,30.0,0,0
75,9,26,11,11,Y6053159,,,,0,30.0,0,0
75,9,26,11,12,Y6053160,,,,0,30.0,0,0
75,9,26,11,13,Y6053161,,,,0,30.0,0,0
75,9,26,11,14,Y6053162,,,,0,30.0,0,0
75,9,26,11,15,Y6053163,,,,0,30.0,0,0
75,9,26,11,16,Y6053164,,,,0,30.0,0,0
75,9,26,11,17,Y6053165,,,,0,30.0,0,0
75,9,26,11,18,Y6053166,,,,0,30.0,0,0
75,9,26,11,19,Y6053167,,,,0,30.0,0,0
75,9,26,11,20,Y6053168,,,,0,30.0,0,0
75,9,26,11,21,Y6053169,,,,0,30.0,0,0
75,9,26,11,22,Y6053170,,,,0,30.0,0,0
75,9,26,11,23,Y6053171,,,,0,30.0,0,0
75,9,26,11,24,Y6053172,,,,0,30.0,0,0
75,9,26,11,25,Y6053173,,,,0,30.0,0,0
75,9,26,11,26,Y6053174,,,,0,30.0,0,0
75,9,26,11,27,Y6053175,,,,0,30.0,0,0
75,9,26,11,28,Y6053176,,,,0,30.0,0,0
75,9,26,11,29,Y6053177,,,,0,30.0,0,0
75,9,26,11,30,Y6053178,,,,0,30.0,0,0
75,9,26,12,10,Y6053179,,,,0,30.0,0,0
75,9,26,12,11,Y6053180,,,,0,30.0,0,0
75,9,26,12,12,Y6053181,,,,0,30.0,0,0
75,9,26,12,13,Y6053182,,,,0,30.0,0,0
75,9,26,12,14,Y6053183,,,,0,30.0,0,0
75,9,26,12,15,Y6053184,,,,0,30.0,0,0
75,9,26,12,16,Y6053185,,,,0,30.0,0,0
75,9,26,12,17,Y6053186,,,,0,30.0,0,0
75,9,26,12,18,Y6053187,,,,0,30.0,0,0
75,9,26,12,19,Y6053188,,,,0,30.0,0,0
75,9,26,12,20,Y6053189,,,,0,30.0,0,0
75,9,26,12,21,Y6053190,,,,0,30.0,0,0
75,9,26,12,22,Y6053191,,,,0,30.0,0,0
75,9,26,12,23,Y6053192,,,,0,30.0,0,0
75,9,26,12,24,Y6053193,,,,0,30.0,0,0
75,9,26,12,25,Y6053194,,,,0,30.0,0,0
75,9,26,12,26,Y6053195,,,,0,30.0,0,0
75,9,26,12,27,Y6053196,,,,0,30.0,0,0
75,9,26,12,28,Y6053197,,,,0,30.0,0,0
75,9,26,12,29,Y6053198,,,,0,30.0,0,0
75,9,26,12,30,Y6053199,,,,0,30.0,0,0
75,9,27,1,10,Y6053200,,,,0,30.0,0,0
75,9,27,1,11,Y6053201,,,,0,30.0,0,0
75,9,27,1,12,Y6053202,,,,0,30.0,0,0
75,9,27,1,13,Y6053203,,,,0,30.0,0,0
75,9,27,1,14,Y6053204,,,,0,30.0,0,0
75,9,27,1,15,Y6053205,,,,0,30.0,0,0
75,9,27,1,16,Y6053206,,,,0,30.0,0,0
75,9,27,1,17,Y6053207,,,,0,30.0,0,0
75,9,27,1,18,Y6053208,,,,0,30.0,0,0
75,9,27,1,19,Y6053209,,,,0,30.0,0,0
75,9,27,1,20,Y6053210,,,,0,30.0,0,0
75,9,27,1,21,Y6053211,,,,0,30.0,0,0
75,9,27,1,22,Y6053212,,,,0,30.0,0,0
75,9,27,1,23,Y6053213,,,,0,30.0,0,0
75,9,27,1,24,Y6053214,,,,0,30.0,0,0
75,9,27,1,25,Y6053215,,,,0,30.0,0,0
75,9,27,1,26,Y6053216,,,,0,30.0,0,0
75,9,27,1,27,Y6053217,,,,0,30.0,0,0
75,9,27,1,28,Y6053218,,,,0,30.0,0,0
75,9,27,1,29,Y6053219,,,,0,30.0,0,0
75,9,27,1,30,Y6053220,,,,0,30.0,0,0
75,9,27,2,10,Y6053221,,,,0,30.0,0,0
75,9,27,2,11,Y6053222,,,,0,30.0,0,0
75,9,27,2,12,Y6053223,,,,0,30.0,0,0
75,9,27,2,13,Y6053224,,,,0,30.0,0,0
75,9,27,2,14,Y6053225,,,,0,30.0,0,0
75,9,27,2,15,Y6053226,,,,0,30.0,0,0
75,9,27,2,16,Y6053227,,,,0,30.0,0,0
75,9,27,2,17,Y6053228,,,,0,30.0,0,0
75,9,27,2,18,Y6053229,,,,0,30.0,0,0
75,9,27,2,19,Y6053230,,,,0,30.0,0,0
75,9,27,2,20,Y6053231,,,,0,30.0,0,0
75,9,27,2,21,Y6053232,,,,0,30.0,0,0
75,9,27,2,22,Y6053233,,,,0,30.0,0,0
75,9,27,2,23,Y6053234,,,,0,30.0,0,0
75,9,27,2,24,Y6053235,,,,0,30.0,0,0
75,9,27,2,25,Y6053236,,,,0,30.0,0,0
75,9,27,2,26,Y6053237,,,,0,30.0,0,0
75,9,27,2,27,Y6053238,,,,0,30.0,0,0
75,9,27,2,28,Y6053239,,,,0,30.0,0,0
75,9,27,2,29,Y6053240,,,,0,30.0,0,0
75,9,27,2,30,Y6053241,,,,0,30.0,0,0
75,9,27,3,10,Y6053242,,,,0,30.0,0,0
75,9,27,3,11,Y6053243,,,,0,30.0,0,0
75,9,27,3,12,Y6053244,,,,0,30.0,0,0
75,9,27,3,13,Y6053245,,,,0,30.0,0,0
75,9,27,3,14,Y6053246,,,,0,30.0,0,0
75,9,27,3,15,Y6053247,,,,0,30.0,0,0
75,9,27,3,16,Y6053248,,,,0,30.0,0,0
75,9,27,3,17,Y6053249,,,,0,30.0,0,0
75,9,27,3,18,Y6053250,,,,0,30.0,0,0
75,9,27,3,19,Y6053251,,,,0,30.0,0,0
75,9,27,3,20,Y6053252,,,,0,30.0,0,0
75,9,27,3,21,Y6053253,,,,0,30.0,0,0
75,9,27,3,22,Y6053254,,,,0,30.0,0,0
75,9,27,3,23,Y6053255,,,,0,30.0,0,0
75,9,27,3,24,Y6053256,,,,0,30.0,0,0
75,9,27,3,25,Y6053257,,,,0,30.0,0,0
75,9,27,3,26,Y6053258,,,,0,30.0,0,0
75,9,27,3,27,Y6053259,,,,0,30.0,0,0
75,9,27,3,28,Y6053260,,,,0,30.0,0,0
75,9,27,3,29,Y6053261,,,,0,30.0,0,0
75,9,27,3,30,Y6053262,,,,0,30.0,0,0
75,9,27,4,10,Y6053263,,,,0,30.0,0,0
75,9,27,4,11,Y6053264,,,,0,30.0,0,0
75,9,27,4,12,Y6053265,,,,0,30.0,0,0
75,9,27,4,13,Y6053266,,,,0,30.0,0,0
75,9,27,4,14,Y6053267,,,,0,30.0,0,0
75,9,27,4,15,Y6053268,,,,0,30.0,0,0
75,9,27,4,16,Y6053269,,,,0,30.0,0,0
75,9,27,4,17,Y6053270,,,,0,30.0,0,0
75,9,27,4,18,Y6053271,,,,0,30.0,0,0
75,9,27,4,19,Y6053272,,,,0,30.0,0,0
75,9,27,4,20,Y6053273,,,,0,30.0,0,0
75,9,27,4,21,Y6053274,,,,0,30.0,0,0
75,9,27,4,22,Y6053275,,,,0,30.0,0,0
75,9,27,4,23,Y6053276,,,,0,30.0,0,0
75,9,27,4,24,Y6053277,,,,0,30.0,0,0
75,9,27,4,25,Y6053278,,,,0,30.0,0,0
75,9,27,4,26,Y6053279,,,,0,30.0,0,0
75,9,27,4,27,Y6053280,,,,0,30.0,0,0
75,9,27,4,28,Y6053281,,,,0,30.0,0,0
75,9,27,4,29,Y6053282,,,,0,30.0,0,0
75,9,27,4,30,Y6053283,,,,0,30.0,0,0
75,9,27,5,10,Y6053284,,,,0,30.0,0,0
75,9,27,5,11,Y6053285,,,,0,30.0,0,0
75,9,27,5,12,Y6053286,,,,0,30.0,0,0
75,9,27,5,13,Y6053287,,,,0,30.0,0,0
75,9,27,5,14,Y6053288,,,,0,30.0,0,0
75,9,27,5,15,Y6053289,,,,0,30.0,0,0
75,9,27,5,16,Y6053290,,,,0,30.0,0,0
75,9,27,5,17,Y6053291,,,,0,30.0,0,0
75,9,27,5,18,Y6053292,,,,0,30.0,0,0
75,9,27,5,19,Y6053293,,,,0,30.0,0,0
75,9,27,5,20,Y6053294,,,,0,30.0,0,0
75,9,27,5,21,Y6053295,,,,0,30.0,0,0
75,9,27,5,22,Y6053296,,,,0,30.0,0,0
75,9,27,5,23,Y6053297,,,,0,30.0,0,0
75,9,27,5,24,Y6053298,,,,0,30.0,0,0
75,9,27,5,25,Y6053299,,,,0,30.0,0,0
75,9,27,5,26,Y6053300,,,,0,30.0,0,0
75,9,27,5,27,Y6053301,,,,0,30.0,0,0
75,9,27,5,28,Y6053302,,,,0,30.0,0,0
75,9,27,5,29,Y6053303,,,,0,30.0,0,0
75,9,27,5,30,Y6053304,,,,0,30.0,0,0
75,9,27,6,10,Y6053305,,,,0,30.0,0,0
75,9,27,6,11,Y6053306,,,,0,30.0,0,0
75,9,27,6,12,Y6053307,,,,0,30.0,0,0
75,9,27,6,13,Y6053308,,,,0,30.0,0,0
75,9,27,6,14,Y6053309,,,,0,30.0,0,0
75,9,27,6,15,Y6053310,,,,0,30.0,0,0
75,9,27,6,16,Y6053311,,,,0,30.0,0,0
75,9,27,6,17,Y6053312,,,,0,30.0,0,0
75,9,27,6,18,Y6053313,,,,0,30.0,0,0
75,9,27,6,19,Y6053314,,,,0,30.0,0,0
75,9,27,6,20,Y6053315,,,,0,30.0,0,0
75,9,27,6,21,Y6053316,,,,0,30.0,0,0
75,9,27,6,22,Y6053317,,,,0,30.0,0,0
75,9,27,6,23,Y6053318,,,,0,30.0,0,0
75,9,27,6,24,Y6053319,,,,0,30.0,0,0
75,9,27,6,25,Y6053320,,,,0,30.0,0,0
75,9,27,6,26,Y6053321,,,,0,30.0,0,0
75,9,27,6,27,Y6053322,,,,0,30.0,0,0
75,9,27,6,28,Y6053323,,,,0,30.0,0,0
75,9,27,6,29,Y6053324,,,,0,30.0,0,0
75,9,27,6,30,Y6053325,,,,0,30.0,0,0
75,9,27,7,10,Y6053326,,,,0,30.0,0,0
75,9,27,7,11,Y6053327,,,,0,30.0,0,0
75,9,27,7,12,Y6053328,,,,0,30.0,0,0
75,9,27,7,13,Y6053329,,,,0,30.0,0,0
75,9,27,7,14,Y6053330,,,,0,30.0,0,0
75,9,27,7,15,Y6053331,,,,0,30.0,0,0
75,9,27,7,16,Y6053332,,,,0,30.0,0,0
75,9,27,7,17,Y6053333,,,,0,30.0,0,0
75,9,27,7,18,Y6053334,,,,0,30.0,0,0
75,9,27,7,19,Y6053335,,,,0,30.0,0,0
75,9,27,7,20,Y6053336,,,,0,30.0,0,0
75,9,27,7,21,Y6053337,,,,0,30.0,0,0
75,9,27,7,22,Y6053338,,,,0,30.0,0,0
75,9,27,7,23,Y6053339,,,,0,30.0,0,0
75,9,27,7,24,Y6053340,,,,0,30.0,0,0
75,9,27,7,25,Y6053341,,,,0,30.0,0,0
75,9,27,7,26,Y6053342,,,,0,30.0,0,0
75,9,27,7,27,Y6053343,,,,0,30.0,0,0
75,9,27,7,28,Y6053344,,,,0,30.0,0,0
75,9,27,7,29,Y6053345,,,,0,30.0,0,0
75,9,27,7,30,Y6053346,,,,0,30.0,0,0
75,9,27,8,10,Y6053347,,,,0,30.0,0,0
75,9,27,8,11,Y6053348,,,,0,30.0,0,0
75,9,27,8,12,Y6053349,,,,0,30.0,0,0
75,9,27,8,13,Y6053350,,,,0,30.0,0,0
75,9,27,8,14,Y6053351,,,,0,30.0,0,0
75,9,27,8,15,Y6053352,,,,0,30.0,0,0
75,9,27,8,16,Y6053353,,,,0,30.0,0,0
75,9,27,8,17,Y6053354,,,,0,30.0,0,0
75,9,27,8,18,Y6053355,,,,0,30.0,0,0
75,9,27,8,19,Y6053356,,,,0,30.0,0,0
75,9,27,8,20,Y6053357,,,,0,30.0,0,0
75,9,27,8,21,Y6053358,,,,0,30.0,0,0
75,9,27,8,22,Y6053359,,,,0,30.0,0,0
75,9,27,8,23,Y6053360,,,,0,30.0,0,0
75,9,27,8,24,Y6053361,,,,0,30.0,0,0
75,9,27,8,25,Y6053362,,,,0,30.0,0,0
75,9,27,8,26,Y6053363,,,,0,30.0,0,0
75,9,27,8,27,Y6053364,,,,0,30.0,0,0
75,9,27,8,28,Y6053365,,,,0,30.0,0,0
75,9,27,8,29,Y6053366,,,,0,30.0,0,0
75,9,27,8,30,Y6053367,,,,0,30.0,0,0
75,9,27,9,10,Y6053368,,,,0,30.0,0,0
75,9,27,9,11,Y6053369,,,,0,30.0,0,0
75,9,27,9,12,Y6053370,,,,0,30.0,0,0
75,9,27,9,13,Y6053371,,,,0,30.0,0,0
75,9,27,9,14,Y6053372,,,,0,30.0,0,0
75,9,27,9,15,Y6053373,,,,0,30.0,0,0
75,9,27,9,16,Y6053374,,,,0,30.0,0,0
75,9,27,9,17,Y6053375,,,,0,30.0,0,0
75,9,27,9,18,Y6053376,,,,0,30.0,0,0
75,9,27,9,19,Y6053377,,,,0,30.0,0,0
75,9,27,9,20,Y6053378,,,,0,30.0,0,0
75,9,27,9,21,Y6053379,,,,0,30.0,0,0
75,9,27,9,22,Y6053380,,,,0,30.0,0,0
75,9,27,9,23,Y6053381,,,,0,30.0,0,0
75,9,27,9,24,Y6053382,,,,0,30.0,0,0
75,9,27,9,25,Y6053383,,,,0,30.0,0,0
75,9,27,9,26,Y6053384,,,,0,30.0,0,0
75,9,27,9,27,Y6053385,,,,0,30.0,0,0
75,9,27,9,28,Y6053386,,,,0,30.0,0,0
75,9,27,9,29,Y6053387,,,,0,30.0,0,0
75,9,27,9,30,Y6053388,,,,0,30.0,0,0
75,9,27,10,10,Y6053389,,,,0,30.0,0,0
75,9,27,10,11,Y6053390,,,,0,30.0,0,0
75,9,27,10,12,Y6053391,,,,0,30.0,0,0
75,9,27,10,13,Y6053392,,,,0,30.0,0,0
75,9,27,10,14,Y6053393,,,,0,30.0,0,0
75,9,27,10,15,Y6053394,,,,0,30.0,0,0
75,9,27,10,16,Y6053395,,,,0,30.0,0,0
75,9,27,10,17,Y6053396,,,,0,30.0,0,0
75,9,27,10,18,Y6053397,,,,0,30.0,0,0
75,9,27,10,19,Y6053398,,,,0,30.0,0,0
75,9,27,10,20,Y6053399,,,,0,30.0,0,0
75,9,27,10,21,Y6053400,,,,0,30.0,0,0
75,9,27,10,22,Y6053401,,,,0,30.0,0,0
75,9,27,10,23,Y6053402,,,,0,30.0,0,0
75,9,27,10,24,Y6053403,,,,0,30.0,0,0
75,9,27,10,25,Y6053404,,,,0,30.0,0,0
75,9,27,10,26,Y6053405,,,,0,30.0,0,0
75,9,27,10,27,Y6053406,,,,0,30.0,0,0
75,9,27,10,28,Y6053407,,,,0,30.0,0,0
75,9,27,10,29,Y6053408,,,,0,30.0,0,0
75,9,27,10,30,Y6053409,,,,0,30.0,0,0
75,9,27,11,10,Y6053410,,,,0,30.0,0,0
75,9,27,11,11,Y6053411,,,,0,30.0,0,0
75,9,27,11,12,Y6053412,,,,0,30.0,0,0
75,9,27,11,13,Y6053413,,,,0,30.0,0,0
75,9,27,11,14,Y6053414,,,,0,30.0,0,0
75,9,27,11,15,Y6053415,,,,0,30.0,0,0
75,9,27,11,16,Y6053416,,,,0,30.0,0,0
75,9,27,11,17,Y6053417,,,,0,30.0,0,0
75,9,27,11,18,Y6053418,,,,0,30.0,0,0
75,9,27,11,19,Y6053419,,,,0,30.0,0,0
75,9,27,11,20,Y6053420,,,,0,30.0,0,0
75,9,27,11,21,Y6053421,,,,0,30.0,0,0
75,9,27,11,22,Y6053422,,,,0,30.0,0,0
75,9,27,11,23,Y6053423,,,,0,30.0,0,0
75,9,27,11,24,Y6053424,,,,0,30.0,0,0
75,9,27,11,25,Y6053425,,,,0,30.0,0,0
75,9,27,11,26,Y6053426,,,,0,30.0,0,0
75,9,27,11,27,Y6053427,,,,0,30.0,0,0
75,9,27,11,28,Y6053428,,,,0,30.0,0,0
75,9,27,11,29,Y6053429,,,,0,30.0,0,0
75,9,27,11,30,Y6053430,,,,0,30.0,0,0
75,9,27,12,10,Y6053431,,,,0,30.0,0,0
75,9,27,12,11,Y6053432,,,,0,30.0,0,0
75,9,27,12,12,Y6053433,,,,0,30.0,0,0
75,9,27,12,13,Y6053434,,,,0,30.0,0,0
75,9,27,12,14,Y6053435,,,,0,30.0,0,0
75,9,27,12,15,Y6053436,,,,0,30.0,0,0
75,9,27,12,16,Y6053437,,,,0,30.0,0,0
75,9,27,12,17,Y6053438,,,,0,30.0,0,0
75,9,27,12,18,Y6053439,,,,0,30.0,0,0
75,9,27,12,19,Y6053440,,,,0,30.0,0,0
75,9,27,12,20,Y6053441,,,,0,30.0,0,0
75,9,27,12,21,Y6053442,,,,0,30.0,0,0
75,9,27,12,22,Y6053443,,,,0,30.0,0,0
75,9,27,12,23,Y6053444,,,,0,30.0,0,0
75,9,27,12,24,Y6053445,,,,0,30.0,0,0
75,9,27,12,25,Y6053446,,,,0,30.0,0,0
75,9,27,12,26,Y6053447,,,,0,30.0,0,0
75,9,27,12,27,Y6053448,,,,0,30.0,0,0
75,9,27,12,28,Y6053449,,,,0,30.0,0,0
75,9,27,12,29,Y6053450,,,,0,30.0,0,0
75,9,27,12,30,Y6053451,,,,0,30.0,0,0
75,9,28,1,10,Y6053452,,,,0,30.0,0,0
75,9,28,1,11,Y6053453,,,,0,30.0,0,0
75,9,28,1,12,Y6053454,,,,0,30.0,0,0
75,9,28,1,13,Y6053455,,,,0,30.0,0,0
75,9,28,1,14,Y6053456,,,,0,30.0,0,0
75,9,28,1,15,Y6053457,,,,0,30.0,0,0
75,9,28,1,16,Y6053458,,,,0,30.0,0,0
75,9,28,1,17,Y6053459,,,,0,30.0,0,0
75,9,28,1,18,Y6053460,,,,0,30.0,0,0
75,9,28,1,19,Y6053461,,,,0,30.0,0,0
75,9,28,1,20,Y6053462,,,,0,30.0,0,0
75,9,28,1,21,Y6053463,,,,0,30.0,0,0
75,9,28,1,22,Y6053464,,,,0,30.0,0,0
75,9,28,1,23,Y6053465,,,,0,30.0,0,0
75,9,28,1,24,Y6053466,,,,0,30.0,0,0
75,9,28,1,25,Y6053467,,,,0,30.0,0,0
75,9,28,1,26,Y6053468,,,,0,30.0,0,0
75,9,28,1,27,Y6053469,,,,0,30.0,0,0
75,9,28,1,28,Y6053470,,,,0,30.0,0,0
75,9,28,1,29,Y6053471,,,,0,30.0,0,0
75,9,28,1,30,Y6053472,,,,0,30.0,0,0
75,9,28,2,10,Y6053473,,,,0,30.0,0,0
75,9,28,2,11,Y6053474,,,,0,30.0,0,0
75,9,28,2,12,Y6053475,,,,0,30.0,0,0
75,9,28,2,13,Y6053476,,,,0,30.0,0,0
75,9,28,2,14,Y6053477,,,,0,30.0,0,0
75,9,28,2,15,Y6053478,,,,0,30.0,0,0
75,9,28,2,16,Y6053479,,,,0,30.0,0,0
75,9,28,2,17,Y6053480,,,,0,30.0,0,0
75,9,28,2,18,Y6053481,,,,0,30.0,0,0
75,9,28,2,19,Y6053482,,,,0,30.0,0,0
75,9,28,2,20,Y6053483,,,,0,30.0,0,0
75,9,28,2,21,Y6053484,,,,0,30.0,0,0
75,9,28,2,22,Y6053485,,,,0,30.0,0,0
75,9,28,2,23,Y6053486,,,,0,30.0,0,0
75,9,28,2,24,Y6053487,,,,0,30.0,0,0
75,9,28,2,25,Y6053488,,,,0,30.0,0,0
75,9,28,2,26,Y6053489,,,,0,30.0,0,0
75,9,28,2,27,Y6053490,,,,0,30.0,0,0
75,9,28,2,28,Y6053491,,,,0,30.0,0,0
75,9,28,2,29,Y6053492,,,,0,30.0,0,0
75,9,28,2,30,Y6053493,,,,0,30.0,0,0
75,9,28,3,10,Y6053494,,,,0,30.0,0,0
75,9,28,3,11,Y6053495,,,,0,30.0,0,0
75,9,28,3,12,Y6053496,,,,0,30.0,0,0
75,9,28,3,13,Y6053497,,,,0,30.0,0,0
75,9,28,3,14,Y6053498,,,,0,30.0,0,0
75,9,28,3,15,Y6053499,,,,0,30.0,0,0
75,9,28,3,16,Y6053500,,,,0,30.0,0,0
75,9,28,3,17,Y6053501,,,,0,30.0,0,0
75,9,28,3,18,Y6053502,,,,0,30.0,0,0
75,9,28,3,19,Y6053503,,,,0,30.0,0,0
75,9,28,3,20,Y6053504,,,,0,30.0,0,0
75,9,28,3,21,Y6053505,,,,0,30.0,0,0
75,9,28,3,22,Y6053506,,,,0,30.0,0,0
75,9,28,3,23,Y6053507,,,,0,30.0,0,0
75,9,28,3,24,Y6053508,,,,0,30.0,0,0
75,9,28,3,25,Y6053509,,,,0,30.0,0,0
75,9,28,3,26,Y6053510,,,,0,30.0,0,0
75,9,28,3,27,Y6053511,,,,0,30.0,0,0
75,9,28,3,28,Y6053512,,,,0,30.0,0,0
75,9,28,3,29,Y6053513,,,,0,30.0,0,0
75,9,28,3,30,Y6053514,,,,0,30.0,0,0
75,9,28,4,10,Y6053515,,,,0,30.0,0,0
75,9,28,4,11,Y6053516,,,,0,30.0,0,0
75,9,28,4,12,Y6053517,,,,0,30.0,0,0
75,9,28,4,13,Y6053518,,,,0,30.0,0,0
75,9,28,4,14,Y6053519,,,,0,30.0,0,0
75,9,28,4,15,Y6053520,,,,0,30.0,0,0
75,9,28,4,16,Y6053521,,,,0,30.0,0,0
75,9,28,4,17,Y6053522,,,,0,30.0,0,0
75,9,28,4,18,Y6053523,,,,0,30.0,0,0
75,9,28,4,19,Y6053524,,,,0,30.0,0,0
75,9,28,4,20,Y6053525,,,,0,30.0,0,0
75,9,28,4,21,Y6053526,,,,0,30.0,0,0
75,9,28,4,22,Y6053527,,,,0,30.0,0,0
75,9,28,4,23,Y6053528,,,,0,30.0,0,0
75,9,28,4,24,Y6053529,,,,0,30.0,0,0
75,9,28,4,25,Y6053530,,,,0,30.0,0,0
75,9,28,4,26,Y6053531,,,,0,30.0,0,0
75,9,28,4,27,Y6053532,,,,0,30.0,0,0
75,9,28,4,28,Y6053533,,,,0,30.0,0,0
75,9,28,4,29,Y6053534,,,,0,30.0,0,0
75,9,28,4,30,Y6053535,,,,0,30.0,0,0
75,9,28,5,10,Y6053536,,,,0,30.0,0,0
75,9,28,5,11,Y6053537,,,,0,30.0,0,0
75,9,28,5,12,Y6053538,,,,0,30.0,0,0
75,9,28,5,13,Y6053539,,,,0,30.0,0,0
75,9,28,5,14,Y6053540,,,,0,30.0,0,0
75,9,28,5,15,Y6053541,,,,0,30.0,0,0
75,9,28,5,16,Y6053542,,,,0,30.0,0,0
75,9,28,5,17,Y6053543,,,,0,30.0,0,0
75,9,28,5,18,Y6053544,,,,0,30.0,0,0
75,9,28,5,19,Y6053545,,,,0,30.0,0,0
75,9,28,5,20,Y6053546,,,,0,30.0,0,0
75,9,28,5,21,Y6053547,,,,0,30.0,0,0
75,9,28,5,22,Y6053548,,,,0,30.0,0,0
75,9,28,5,23,Y6053549,,,,0,30.0,0,0
75,9,28,5,24,Y6053550,,,,0,30.0,0,0
75,9,28,5,25,Y6053551,,,,0,30.0,0,0
75,9,28,5,26,Y6053552,,,,0,30.0,0,0
75,9,28,5,27,Y6053553,,,,0,30.0,0,0
75,9,28,5,28,Y6053554,,,,0,30.0,0,0
75,9,28,5,29,Y6053555,,,,0,30.0,0,0
75,9,28,5,30,Y6053556,,,,0,30.0,0,0
75,9,28,6,10,Y6053557,,,,0,30.0,0,0
75,9,28,6,11,Y6053558,,,,0,30.0,0,0
75,9,28,6,12,Y6053559,,,,0,30.0,0,0
75,9,28,6,13,Y6053560,,,,0,30.0,0,0
75,9,28,6,14,Y6053561,,,,0,30.0,0,0
75,9,28,6,15,Y6053562,,,,0,30.0,0,0
75,9,28,6,16,Y6053563,,,,0,30.0,0,0
75,9,28,6,17,Y6053564,,,,0,30.0,0,0
75,9,28,6,18,Y6053565,,,,0,30.0,0,0
75,9,28,6,19,Y6053566,,,,0,30.0,0,0
75,9,28,6,20,Y6053567,,,,0,30.0,0,0
75,9,28,6,21,Y6053568,,,,0,30.0,0,0
75,9,28,6,22,Y6053569,,,,0,30.0,0,0
75,9,28,6,23,Y6053570,,,,0,30.0,0,0
75,9,28,6,24,Y6053571,,,,0,30.0,0,0
75,9,28,6,25,Y6053572,,,,0,30.0,0,0
75,9,28,6,26,Y6053573,,,,0,30.0,0,0
75,9,28,6,27,Y6053574,,,,0,30.0,0,0
75,9,28,6,28,Y6053575,,,,0,30.0,0,0
75,9,28,6,29,Y6053576,,,,0,30.0,0,0
75,9,28,6,30,Y6053577,,,,0,30.0,0,0
75,9,28,7,10,Y6053578,,,,0,30.0,0,0
75,9,28,7,11,Y6053579,,,,0,30.0,0,0
75,9,28,7,12,Y6053580,,,,0,30.0,0,0
75,9,28,7,13,Y6053581,,,,0,30.0,0,0
75,9,28,7,14,Y6053582,,,,0,30.0,0,0
75,9,28,7,15,Y6053583,,,,0,30.0,0,0
75,9,28,7,16,Y6053584,,,,0,30.0,0,0
75,9,28,7,17,Y6053585,,,,0,30.0,0,0
75,9,28,7,18,Y6053586,,,,0,30.0,0,0
75,9,28,7,19,Y6053587,,,,0,30.0,0,0
75,9,28,7,20,Y6053588,,,,0,30.0,0,0
75,9,28,7,21,Y6053589,,,,0,30.0,0,0
75,9,28,7,22,Y6053590,,,,0,30.0,0,0
75,9,28,7,23,Y6053591,,,,0,30.0,0,0
75,9,28,7,24,Y6053592,,,,0,30.0,0,0
75,9,28,7,25,Y6053593,,,,0,30.0,0,0
75,9,28,7,26,Y6053594,,,,0,30.0,0,0
75,9,28,7,27,Y6053595,,,,0,30.0,0,0
75,9,28,7,28,Y6053596,,,,0,30.0,0,0
75,9,28,7,29,Y6053597,,,,0,30.0,0,0
75,9,28,7,30,Y6053598,,,,0,30.0,0,0
75,9,28,8,10,Y6053599,,,,0,30.0,0,0
75,9,28,8,11,Y6053600,,,,0,30.0,0,0
75,9,28,8,12,Y6053601,,,,0,30.0,0,0
75,9,28,8,13,Y6053602,,,,0,30.0,0,0
75,9,28,8,14,Y6053603,,,,0,30.0,0,0
75,9,28,8,15,Y6053604,,,,0,30.0,0,0
75,9,28,8,16,Y6053605,,,,0,30.0,0,0
75,9,28,8,17,Y6053606,,,,0,30.0,0,0
75,9,28,8,18,Y6053607,,,,0,30.0,0,0
75,9,28,8,19,Y6053608,,,,0,30.0,0,0
75,9,28,8,20,Y6053609,,,,0,30.0,0,0
75,9,28,8,21,Y6053610,,,,0,30.0,0,0
75,9,28,8,22,Y6053611,,,,0,30.0,0,0
75,9,28,8,23,Y6053612,,,,0,30.0,0,0
75,9,28,8,24,Y6053613,,,,0,30.0,0,0
75,9,28,8,25,Y6053614,,,,0,30.0,0,0
75,9,28,8,26,Y6053615,,,,0,30.0,0,0
75,9,28,8,27,Y6053616,,,,0,30.0,0,0
75,9,28,8,28,Y6053617,,,,0,30.0,0,0
75,9,28,8,29,Y6053618,,,,0,30.0,0,0
75,9,28,8,30,Y6053619,,,,0,30.0,0,0
75,9,28,9,10,Y6053620,,,,0,30.0,0,0
75,9,28,9,11,Y6053621,,,,0,30.0,0,0
75,9,28,9,12,Y6053622,,,,0,30.0,0,0
75,9,28,9,13,Y6053623,,,,0,30.0,0,0
75,9,28,9,14,Y6053624,,,,0,30.0,0,0
75,9,28,9,15,Y6053625,,,,0,30.0,0,0
75,9,28,9,16,Y6053626,,,,0,30.0,0,0
75,9,28,9,17,Y6053627,,,,0,30.0,0,0
75,9,28,9,18,Y6053628,,,,0,30.0,0,0
75,9,28,9,19,Y6053629,,,,0,30.0,0,0
75,9,28,9,20,Y6053630,,,,0,30.0,0,0
75,9,28,9,21,Y6053631,,,,0,30.0,0,0
75,9,28,9,22,Y6053632,,,,0,30.0,0,0
75,9,28,9,23,Y6053633,,,,0,30.0,0,0
75,9,28,9,24,Y6053634,,,,0,30.0,0,0
75,9,28,9,25,Y6053635,,,,0,30.0,0,0
75,9,28,9,26,Y6053636,,,,0,30.0,0,0
75,9,28,9,27,Y6053637,,,,0,30.0,0,0
75,9,28,9,28,Y6053638,,,,0,30.0,0,0
75,9,28,9,29,Y6053639,,,,0,30.0,0,0
75,9,28,9,30,Y6053640,,,,0,30.0,0,0
75,9,28,10,10,Y6053641,,,,0,30.0,0,0
75,9,28,10,11,Y6053642,,,,0,30.0,0,0
75,9,28,10,12,Y6053643,,,,0,30.0,0,0
75,9,28,10,13,Y6053644,,,,0,30.0,0,0
75,9,28,10,14,Y6053645,,,,0,30.0,0,0
75,9,28,10,15,Y6053646,,,,0,30.0,0,0
75,9,28,10,16,Y6053647,,,,0,30.0,0,0
75,9,28,10,17,Y6053648,,,,0,30.0,0,0
75,9,28,10,18,Y6053649,,,,0,30.0,0,0
75,9,28,10,19,Y6053650,,,,0,30.0,0,0
75,9,28,10,20,Y6053651,,,,0,30.0,0,0
75,9,28,10,21,Y6053652,,,,0,30.0,0,0
75,9,28,10,22,Y6053653,,,,0,30.0,0,0
75,9,28,10,23,Y6053654,,,,0,30.0,0,0
75,9,28,10,24,Y6053655,,,,0,30.0,0,0
75,9,28,10,25,Y6053656,,,,0,30.0,0,0
75,9,28,10,26,Y6053657,,,,0,30.0,0,0
75,9,28,10,27,Y6053658,,,,0,30.0,0,0
75,9,28,10,28,Y6053659,,,,0,30.0,0,0
75,9,28,10,29,Y6053660,,,,0,30.0,0,0
75,9,28,10,30,Y6053661,,,,0,30.0,0,0
75,9,28,11,10,Y6053662,,,,0,30.0,0,0
75,9,28,11,11,Y6053663,,,,0,30.0,0,0
75,9,28,11,12,Y6053664,,,,0,30.0,0,0
75,9,28,11,13,Y6053665,,,,0,30.0,0,0
75,9,28,11,14,Y6053666,,,,0,30.0,0,0
75,9,28,11,15,Y6053667,,,,0,30.0,0,0
75,9,28,11,16,Y6053668,,,,0,30.0,0,0
75,9,28,11,17,Y6053669,,,,0,30.0,0,0
75,9,28,11,18,Y6053670,,,,0,30.0,0,0
75,9,28,11,19,Y6053671,,,,0,30.0,0,0
75,9,28,11,20,Y6053672,,,,0,30.0,0,0
75,9,28,11,21,Y6053673,,,,0,30.0,0,0
75,9,28,11,22,Y6053674,,,,0,30.0,0,0
75,9,28,11,23,Y6053675,,,,0,30.0,0,0
75,9,28,11,24,Y6053676,,,,0,30.0,0,0
75,9,28,11,25,Y6053677,,,,0,30.0,0,0
75,9,28,11,26,Y6053678,,,,0,30.0,0,0
75,9,28,11,27,Y6053679,,,,0,30.0,0,0
75,9,28,11,28,Y6053680,,,,0,30.0,0,0
75,9,28,11,29,Y6053681,,,,0,30.0,0,0
75,9,28,11,30,Y6053682,,,,0,30.0,0,0
75,9,28,12,10,Y6053683,,,,0,30.0,0,0
75,9,28,12,11,Y6053684,,,,0,30.0,0,0
75,9,28,12,12,Y6053685,,,,0,30.0,0,0
75,9,28,12,13,Y6053686,,,,0,30.0,0,0
75,9,28,12,14,Y6053687,,,,0,30.0,0,0
75,9,28,12,15,Y6053688,,,,0,30.0,0,0
75,9,28,12,16,Y6053689,,,,0,30.0,0,0
75,9,28,12,17,Y6053690,,,,0,30.0,0,0
75,9,28,12,18,Y6053691,,,,0,30.0,0,0
75,9,28,12,19,Y6053692,,,,0,30.0,0,0
75,9,28,12,20,Y6053693,,,,0,30.0,0,0
75,9,28,12,21,Y6053694,,,,0,30.0,0,0
75,9,28,12,22,Y6053695,,,,0,30.0,0,0
75,9,28,12,23,Y6053696,,,,0,30.0,0,0
75,9,28,12,24,Y6053697,,,,0,30.0,0,0
75,9,28,12,25,Y6053698,,,,0,30.0,0,0
75,9,28,12,26,Y6053699,,,,0,30.0,0,0
75,9,28,12,27,Y6053700,,,,0,30.0,0,0
75,9,28,12,28,Y6053701,,,,0,30.0,0,0
75,9,28,12,29,Y6053702,,,,0,30.0,0,0
75,9,28,12,30,Y6053703,,,,0,30.0,0,0
75,9,29,1,10,Y6053704,,,,0,30.0,0,0
75,9,29,1,11,Y6053705,,,,0,30.0,0,0
75,9,29,1,12,Y6053706,,,,0,30.0,0,0
75,9,29,1,13,Y6053707,,,,0,30.0,0,0
75,9,29,1,14,Y6053708,,,,0,30.0,0,0
75,9,29,1,15,Y6053709,,,,0,30.0,0,0
75,9,29,1,16,Y6053710,,,,0,30.0,0,0
75,9,29,1,17,Y6053711,,,,0,30.0,0,0
75,9,29,1,18,Y6053712,,,,0,30.0,0,0
75,9,29,1,19,Y6053713,,,,0,30.0,0,0
75,9,29,1,20,Y6053714,,,,0,30.0,0,0
75,9,29,1,21,Y6053715,,,,0,30.0,0,0
75,9,29,1,22,Y6053716,,,,0,30.0,0,0
75,9,29,1,23,Y6053717,,,,0,30.0,0,0
75,9,29,1,24,Y6053718,,,,0,30.0,0,0
75,9,29,1,25,Y6053719,,,,0,30.0,0,0
75,9,29,1,26,Y6053720,,,,0,30.0,0,0
75,9,29,1,27,Y6053721,,,,0,30.0,0,0
75,9,29,1,28,Y6053722,,,,0,30.0,0,0
75,9,29,1,29,Y6053723,,,,0,30.0,0,0
75,9,29,1,30,Y6053724,,,,0,30.0,0,0
75,9,29,2,10,Y6053725,,,,0,30.0,0,0
75,9,29,2,11,Y6053726,,,,0,30.0,0,0
75,9,29,2,12,Y6053727,,,,0,30.0,0,0
75,9,29,2,13,Y6053728,,,,0,30.0,0,0
75,9,29,2,14,Y6053729,,,,0,30.0,0,0
75,9,29,2,15,Y6053730,,,,0,30.0,0,0
75,9,29,2,16,Y6053731,,,,0,30.0,0,0
75,9,29,2,17,Y6053732,,,,0,30.0,0,0
75,9,29,2,18,Y6053733,,,,0,30.0,0,0
75,9,29,2,19,Y6053734,,,,0,30.0,0,0
75,9,29,2,20,Y6053735,,,,0,30.0,0,0
75,9,29,2,21,Y6053736,,,,0,30.0,0,0
75,9,29,2,22,Y6053737,,,,0,30.0,0,0
75,9,29,2,23,Y6053738,,,,0,30.0,0,0
75,9,29,2,24,Y6053739,,,,0,30.0,0,0
75,9,29,2,25,Y6053740,,,,0,30.0,0,0
75,9,29,2,26,Y6053741,,,,0,30.0,0,0
75,9,29,2,27,Y6053742,,,,0,30.0,0,0
75,9,29,2,28,Y6053743,,,,0,30.0,0,0
75,9,29,2,29,Y6053744,,,,0,30.0,0,0
75,9,29,2,30,Y6053745,,,,0,30.0,0,0
75,9,29,3,10,Y6053746,,,,0,30.0,0,0
75,9,29,3,11,Y6053747,,,,0,30.0,0,0
75,9,29,3,12,Y6053748,,,,0,30.0,0,0
75,9,29,3,13,Y6053749,,,,0,30.0,0,0
75,9,29,3,14,Y6053750,,,,0,30.0,0,0
75,9,29,3,15,Y6053751,,,,0,30.0,0,0
75,9,29,3,16,Y6053752,,,,0,30.0,0,0
75,9,29,3,17,Y6053753,,,,0,30.0,0,0
75,9,29,3,18,Y6053754,,,,0,30.0,0,0
75,9,29,3,19,Y6053755,,,,0,30.0,0,0
75,9,29,3,20,Y6053756,,,,0,30.0,0,0
75,9,29,3,21,Y6053757,,,,0,30.0,0,0
75,9,29,3,22,Y6053758,,,,0,30.0,0,0
75,9,29,3,23,Y6053759,,,,0,30.0,0,0
75,9,29,3,24,Y6053760,,,,0,30.0,0,0
75,9,29,3,25,Y6053761,,,,0,30.0,0,0
75,9,29,3,26,Y6053762,,,,0,30.0,0,0
75,9,29,3,27,Y6053763,,,,0,30.0,0,0
75,9,29,3,28,Y6053764,,,,0,30.0,0,0
75,9,29,3,29,Y6053765,,,,0,30.0,0,0
75,9,29,3,30,Y6053766,,,,0,30.0,0,0
75,9,29,4,10,Y6053767,,,,0,30.0,0,0
75,9,29,4,11,Y6053768,,,,0,30.0,0,0
75,9,29,4,12,Y6053769,,,,0,30.0,0,0
75,9,29,4,13,Y6053770,,,,0,30.0,0,0
75,9,29,4,14,Y6053771,,,,0,30.0,0,0
75,9,29,4,15,Y6053772,,,,0,30.0,0,0
75,9,29,4,16,Y6053773,,,,0,30.0,0,0
75,9,29,4,17,Y6053774,,,,0,30.0,0,0
75,9,29,4,18,Y6053775,,,,0,30.0,0,0
75,9,29,4,19,Y6053776,,,,0,30.0,0,0
75,9,29,4,20,Y6053777,,,,0,30.0,0,0
75,9,29,4,21,Y6053778,,,,0,30.0,0,0
75,9,29,4,22,Y6053779,,,,0,30.0,0,0
75,9,29,4,23,Y6053780,,,,0,30.0,0,0
75,9,29,4,24,Y6053781,,,,0,30.0,0,0
75,9,29,4,25,Y6053782,,,,0,30.0,0,0
75,9,29,4,26,Y6053783,,,,0,30.0,0,0
75,9,29,4,27,Y6053784,,,,0,30.0,0,0
75,9,29,4,28,Y6053785,,,,0,30.0,0,0
75,9,29,4,29,Y6053786,,,,0,30.0,0,0
75,9,29,4,30,Y6053787,,,,0,30.0,0,0
75,9,29,5,10,Y6053788,,,,0,30.0,0,0
75,9,29,5,11,Y6053789,,,,0,30.0,0,0
75,9,29,5,12,Y6053790,,,,0,30.0,0,0
75,9,29,5,13,Y6053791,,,,0,30.0,0,0
75,9,29,5,14,Y6053792,,,,0,30.0,0,0
75,9,29,5,15,Y6053793,,,,0,30.0,0,0
75,9,29,5,16,Y6053794,,,,0,30.0,0,0
75,9,29,5,17,Y6053795,,,,0,30.0,0,0
75,9,29,5,18,Y6053796,,,,0,30.0,0,0
75,9,29,5,19,Y6053797,,,,0,30.0,0,0
75,9,29,5,20,Y6053798,,,,0,30.0,0,0
75,9,29,5,21,Y6053799,,,,0,30.0,0,0
75,9,29,5,22,Y6053800,,,,0,30.0,0,0
75,9,29,5,23,Y6053801,,,,0,30.0,0,0
75,9,29,5,24,Y6053802,,,,0,30.0,0,0
75,9,29,5,25,Y6053803,,,,0,30.0,0,0
75,9,29,5,26,Y6053804,,,,0,30.0,0,0
75,9,29,5,27,Y6053805,,,,0,30.0,0,0
75,9,29,5,28,Y6053806,,,,0,30.0,0,0
75,9,29,5,29,Y6053807,,,,0,30.0,0,0
75,9,29,5,30,Y6053808,,,,0,30.0,0,0
75,9,29,6,10,Y6053809,,,,0,30.0,0,0
75,9,29,6,11,Y6053810,,,,0,30.0,0,0
75,9,29,6,12,Y6053811,,,,0,30.0,0,0
75,9,29,6,13,Y6053812,,,,0,30.0,0,0
75,9,29,6,14,Y6053813,,,,0,30.0,0,0
75,9,29,6,15,Y6053814,,,,0,30.0,0,0
75,9,29,6,16,Y6053815,,,,0,30.0,0,0
75,9,29,6,17,Y6053816,,,,0,30.0,0,0
75,9,29,6,18,Y6053817,,,,0,30.0,0,0
75,9,29,6,19,Y6053818,,,,0,30.0,0,0
75,9,29,6,20,Y6053819,,,,0,30.0,0,0
75,9,29,6,21,Y6053820,,,,0,30.0,0,0
75,9,29,6,22,Y6053821,,,,0,30.0,0,0
75,9,29,6,23,Y6053822,,,,0,30.0,0,0
75,9,29,6,24,Y6053823,,,,0,30.0,0,0
75,9,29,6,25,Y6053824,,,,0,30.0,0,0
75,9,29,6,26,Y6053825,,,,0,30.0,0,0
75,9,29,6,27,Y6053826,,,,0,30.0,0,0
75,9,29,6,28,Y6053827,,,,0,30.0,0,0
75,9,29,6,29,Y6053828,,,,0,30.0,0,0
75,9,29,6,30,Y6053829,,,,0,30.0,0,0
75,9,29,7,10,Y6053830,,,,0,30.0,0,0
75,9,29,7,11,Y6053831,,,,0,30.0,0,0
75,9,29,7,12,Y6053832,,,,0,30.0,0,0
75,9,29,7,13,Y6053833,,,,0,30.0,0,0
75,9,29,7,14,Y6053834,,,,0,30.0,0,0
75,9,29,7,15,Y6053835,,,,0,30.0,0,0
75,9,29,7,16,Y6053836,,,,0,30.0,0,0
75,9,29,7,17,Y6053837,,,,0,30.0,0,0
75,9,29,7,18,Y6053838,,,,0,30.0,0,0
75,9,29,7,19,Y6053839,,,,0,30.0,0,0
75,9,29,7,20,Y6053840,,,,0,30.0,0,0
75,9,29,7,21,Y6053841,,,,0,30.0,0,0
75,9,29,7,22,Y6053842,,,,0,30.0,0,0
75,9,29,7,23,Y6053843,,,,0,30.0,0,0
75,9,29,7,24,Y6053844,,,,0,30.0,0,0
75,9,29,7,25,Y6053845,,,,0,30.0,0,0
75,9,29,7,26,Y6053846,,,,0,30.0,0,0
75,9,29,7,27,Y6053847,,,,0,30.0,0,0
75,9,29,7,28,Y6053848,,,,0,30.0,0,0
75,9,29,7,29,Y6053849,,,,0,30.0,0,0
75,9,29,7,30,Y6053850,,,,0,30.0,0,0
75,9,29,8,10,Y6053851,,,,0,30.0,0,0
75,9,29,8,11,Y6053852,,,,0,30.0,0,0
75,9,29,8,12,Y6053853,,,,0,30.0,0,0
75,9,29,8,13,Y6053854,,,,0,30.0,0,0
75,9,29,8,14,Y6053855,,,,0,30.0,0,0
75,9,29,8,15,Y6053856,,,,0,30.0,0,0
75,9,29,8,16,Y6053857,,,,0,30.0,0,0
75,9,29,8,17,Y6053858,,,,0,30.0,0,0
75,9,29,8,18,Y6053859,,,,0,30.0,0,0
75,9,29,8,19,Y6053860,,,,0,30.0,0,0
75,9,29,8,20,Y6053861,,,,0,30.0,0,0
75,9,29,8,21,Y6053862,,,,0,30.0,0,0
75,9,29,8,22,Y6053863,,,,0,30.0,0,0
75,9,29,8,23,Y6053864,,,,0,30.0,0,0
75,9,29,8,24,Y6053865,,,,0,30.0,0,0
75,9,29,8,25,Y6053866,,,,0,30.0,0,0
75,9,29,8,26,Y6053867,,,,0,30.0,0,0
75,9,29,8,27,Y6053868,,,,0,30.0,0,0
75,9,29,8,28,Y6053869,,,,0,30.0,0,0
75,9,29,8,29,Y6053870,,,,0,30.0,0,0
75,9,29,8,30,Y6053871,,,,0,30.0,0,0
75,9,29,9,10,Y6053872,,,,0,30.0,0,0
75,9,29,9,11,Y6053873,,,,0,30.0,0,0
75,9,29,9,12,Y6053874,,,,0,30.0,0,0
75,9,29,9,13,Y6053875,,,,0,30.0,0,0
75,9,29,9,14,Y6053876,,,,0,30.0,0,0
75,9,29,9,15,Y6053877,,,,0,30.0,0,0
75,9,29,9,16,Y6053878,,,,0,30.0,0,0
75,9,29,9,17,Y6053879,,,,0,30.0,0,0
75,9,29,9,18,Y6053880,,,,0,30.0,0,0
75,9,29,9,19,Y6053881,,,,0,30.0,0,0
75,9,29,9,20,Y6053882,,,,0,30.0,0,0
75,9,29,9,21,Y6053883,,,,0,30.0,0,0
75,9,29,9,22,Y6053884,,,,0,30.0,0,0
75,9,29,9,23,Y6053885,,,,0,30.0,0,0
75,9,29,9,24,Y6053886,,,,0,30.0,0,0
75,9,29,9,25,Y6053887,,,,0,30.0,0,0
75,9,29,9,26,Y6053888,,,,0,30.0,0,0
75,9,29,9,27,Y6053889,,,,0,30.0,0,0
75,9,29,9,28,Y6053890,,,,0,30.0,0,0
75,9,29,9,29,Y6053891,,,,0,30.0,0,0
75,9,29,9,30,Y6053892,,,,0,30.0,0,0
75,9,29,10,10,Y6053893,,,,0,30.0,0,0
75,9,29,10,11,Y6053894,,,,0,30.0,0,0
75,9,29,10,12,Y6053895,,,,0,30.0,0,0
75,9,29,10,13,Y6053896,,,,0,30.0,0,0
75,9,29,10,14,Y6053897,,,,0,30.0,0,0
75,9,29,10,15,Y6053898,,,,0,30.0,0,0
75,9,29,10,16,Y6053899,,,,0,30.0,0,0
75,9,29,10,17,Y6053900,,,,0,30.0,0,0
75,9,29,10,18,Y6053901,,,,0,30.0,0,0
75,9,29,10,19,Y6053902,,,,0,30.0,0,0
75,9,29,10,20,Y6053903,,,,0,30.0,0,0
75,9,29,10,21,Y6053904,,,,0,30.0,0,0
75,9,29,10,22,Y6053905,,,,0,30.0,0,0
75,9,29,10,23,Y6053906,,,,0,30.0,0,0
75,9,29,10,24,Y6053907,,,,0,30.0,0,0
75,9,29,10,25,Y6053908,,,,0,30.0,0,0
75,9,29,10,26,Y6053909,,,,0,30.0,0,0
75,9,29,10,27,Y6053910,,,,0,30.0,0,0
75,9,29,10,28,Y6053911,,,,0,30.0,0,0
75,9,29,10,29,Y6053912,,,,0,30.0,0,0
75,9,29,10,30,Y6053913,,,,0,30.0,0,0
75,9,29,11,10,Y6053914,,,,0,30.0,0,0
75,9,29,11,11,Y6053915,,,,0,30.0,0,0
75,9,29,11,12,Y6053916,,,,0,30.0,0,0
75,9,29,11,13,Y6053917,,,,0,30.0,0,0
75,9,29,11,14,Y6053918,,,,0,30.0,0,0
75,9,29,11,15,Y6053919,,,,0,30.0,0,0
75,9,29,11,16,Y6053920,,,,0,30.0,0,0
75,9,29,11,17,Y6053921,,,,0,30.0,0,0
75,9,29,11,18,Y6053922,,,,0,30.0,0,0
75,9,29,11,19,Y6053923,,,,0,30.0,0,0
75,9,29,11,20,Y6053924,,,,0,30.0,0,0
75,9,29,11,21,Y6053925,,,,0,30.0,0,0
75,9,29,11,22,Y6053926,,,,0,30.0,0,0
75,9,29,11,23,Y6053927,,,,0,30.0,0,0
75,9,29,11,24,Y6053928,,,,0,30.0,0,0
75,9,29,11,25,Y6053929,,,,0,30.0,0,0
75,9,29,11,26,Y6053930,,,,0,30.0,0,0
75,9,29,11,27,Y6053931,,,,0,30.0,0,0
75,9,29,11,28,Y6053932,,,,0,30.0,0,0
75,9,29,11,29,Y6053933,,,,0,30.0,0,0
75,9,29,11,30,Y6053934,,,,0,30.0,0,0
75,9,29,12,10,Y6053935,,,,0,30.0,0,0
75,9,29,12,11,Y6053936,,,,0,30.0,0,0
75,9,29,12,12,Y6053937,,,,0,30.0,0,0
75,9,29,12,13,Y6053938,,,,0,30.0,0,0
75,9,29,12,14,Y6053939,,,,0,30.0,0,0
75,9,29,12,15,Y6053940,,,,0,30.0,0,0
75,9,29,12,16,Y6053941,,,,0,30.0,0,0
75,9,29,12,17,Y6053942,,,,0,30.0,0,0
75,9,29,12,18,Y6053943,,,,0,30.0,0,0
75,9,29,12,19,Y6053944,,,,0,30.0,0,0
75,9,29,12,20,Y6053945,,,,0,30.0,0,0
75,9,29,12,21,Y6053946,,,,0,30.0,0,0
75,9,29,12,22,Y6053947,,,,0,30.0,0,0
75,9,29,12,23,Y6053948,,,,0,30.0,0,0
75,9,29,12,24,Y6053949,,,,0,30.0,0,0
75,9,29,12,25,Y6053950,,,,0,30.0,0,0
75,9,29,12,26,Y6053951,,,,0,30.0,0,0
75,9,29,12,27,Y6053952,,,,0,30.0,0,0
75,9,29,12,28,Y6053953,,,,0,30.0,0,0
75,9,29,12,29,Y6053954,,,,0,30.0,0,0
75,9,29,12,30,Y6053955,,,,0,30.0,0,0
75,9,30,1,10,Y6053956,,,,0,30.0,0,0
75,9,30,1,11,Y6053957,,,,0,30.0,0,0
75,9,30,1,12,Y6053958,,,,0,30.0,0,0
75,9,30,1,13,Y6053959,,,,0,30.0,0,0
75,9,30,1,14,Y6053960,,,,0,30.0,0,0
75,9,30,1,15,Y6053961,,,,0,30.0,0,0
75,9,30,1,16,Y6053962,,,,0,30.0,0,0
75,9,30,1,17,Y6053963,,,,0,30.0,0,0
75,9,30,1,18,Y6053964,,,,0,30.0,0,0
75,9,30,1,19,Y6053965,,,,0,30.0,0,0
75,9,30,1,20,Y6053966,,,,0,30.0,0,0
75,9,30,1,21,Y6053967,,,,0,30.0,0,0
75,9,30,1,22,Y6053968,,,,0,30.0,0,0
75,9,30,1,23,Y6053969,,,,0,30.0,0,0
75,9,30,1,24,Y6053970,,,,0,30.0,0,0
75,9,30,1,25,Y6053971,,,,0,30.0,0,0
75,9,30,1,26,Y6053972,,,,0,30.0,0,0
75,9,30,1,27,Y6053973,,,,0,30.0,0,0
75,9,30,1,28,Y6053974,,,,0,30.0,0,0
75,9,30,1,29,Y6053975,,,,0,30.0,0,0
75,9,30,1,30,Y6053976,,,,0,30.0,0,0
75,9,30,2,10,Y6053977,,,,0,30.0,0,0
75,9,30,2,11,Y6053978,,,,0,30.0,0,0
75,9,30,2,12,Y6053979,,,,0,30.0,0,0
75,9,30,2,13,Y6053980,,,,0,30.0,0,0
75,9,30,2,14,Y6053981,,,,0,30.0,0,0
75,9,30,2,15,Y6053982,,,,0,30.0,0,0
75,9,30,2,16,Y6053983,,,,0,30.0,0,0
75,9,30,2,17,Y6053984,,,,0,30.0,0,0
75,9,30,2,18,Y6053985,,,,0,30.0,0,0
75,9,30,2,19,Y6053986,,,,0,30.0,0,0
75,9,30,2,20,Y6053987,,,,0,30.0,0,0
75,9,30,2,21,Y6053988,,,,0,30.0,0,0
75,9,30,2,22,Y6053989,,,,0,30.0,0,0
75,9,30,2,23,Y6053990,,,,0,30.0,0,0
75,9,30,2,24,Y6053991,,,,0,30.0,0,0
75,9,30,2,25,Y6053992,,,,0,30.0,0,0
75,9,30,2,26,Y6053993,,,,0,30.0,0,0
75,9,30,2,27,Y6053994,,,,0,30.0,0,0
75,9,30,2,28,Y6053995,,,,0,30.0,0,0
75,9,30,2,29,Y6053996,,,,0,30.0,0,0
75,9,30,2,30,Y6053997,,,,0,30.0,0,0
75,9,30,3,10,Y6053998,,,,0,30.0,0,0
75,9,30,3,11,Y6053999,,,,0,30.0,0,0
75,9,30,3,12,Y6054000,,,,0,30.0,0,0
75,9,30,3,13,Y6054001,,,,0,30.0,0,0
75,9,30,3,14,Y6054002,,,,0,30.0,0,0
75,9,30,3,15,Y6054003,,,,0,30.0,0,0
75,9,30,3,16,Y6054004,,,,0,30.0,0,0
75,9,30,3,17,Y6054005,,,,0,30.0,0,0
75,9,30,3,18,Y6054006,,,,0,30.0,0,0
75,9,30,3,19,Y6054007,,,,0,30.0,0,0
75,9,30,3,20,Y6054008,,,,0,30.0,0,0
75,9,30,3,21,Y6054009,,,,0,30.0,0,0
75,9,30,3,22,Y6054010,,,,0,30.0,0,0
75,9,30,3,23,Y6054011,,,,0,30.0,0,0
75,9,30,3,24,Y6054012,,,,0,30.0,0,0
75,9,30,3,25,Y6054013,,,,0,30.0,0,0
75,9,30,3,26,Y6054014,,,,0,30.0,0,0
75,9,30,3,27,Y6054015,,,,0,30.0,0,0
75,9,30,3,28,Y6054016,,,,0,30.0,0,0
75,9,30,3,29,Y6054017,,,,0,30.0,0,0
75,9,30,3,30,Y6054018,,,,0,30.0,0,0
75,9,30,4,10,Y6054019,,,,0,30.0,0,0
75,9,30,4,11,Y6054020,,,,0,30.0,0,0
75,9,30,4,12,Y6054021,,,,0,30.0,0,0
75,9,30,4,13,Y6054022,,,,0,30.0,0,0
75,9,30,4,14,Y6054023,,,,0,30.0,0,0
75,9,30,4,15,Y6054024,,,,0,30.0,0,0
75,9,30,4,16,Y6054025,,,,0,30.0,0,0
75,9,30,4,17,Y6054026,,,,0,30.0,0,0
75,9,30,4,18,Y6054027,,,,0,30.0,0,0
75,9,30,4,19,Y6054028,,,,0,30.0,0,0
75,9,30,4,20,Y6054029,,,,0,30.0,0,0
75,9,30,4,21,Y6054030,,,,0,30.0,0,0
75,9,30,4,22,Y6054031,,,,0,30.0,0,0
75,9,30,4,23,Y6054032,,,,0,30.0,0,0
75,9,30,4,24,Y6054033,,,,0,30.0,0,0
75,9,30,4,25,Y6054034,,,,0,30.0,0,0
75,9,30,4,26,Y6054035,,,,0,30.0,0,0
75,9,30,4,27,Y6054036,,,,0,30.0,0,0
75,9,30,4,28,Y6054037,,,,0,30.0,0,0
75,9,30,4,29,Y6054038,,,,0,30.0,0,0
75,9,30,4,30,Y6054039,,,,0,30.0,0,0
75,9,30,5,10,Y6054040,,,,0,30.0,0,0
75,9,30,5,11,Y6054041,,,,0,30.0,0,0
75,9,30,5,12,Y6054042,,,,0,30.0,0,0
75,9,30,5,13,Y6054043,,,,0,30.0,0,0
75,9,30,5,14,Y6054044,,,,0,30.0,0,0
75,9,30,5,15,Y6054045,,,,0,30.0,0,0
75,9,30,5,16,Y6054046,,,,0,30.0,0,0
75,9,30,5,17,Y6054047,,,,0,30.0,0,0
75,9,30,5,18,Y6054048,,,,0,30.0,0,0
75,9,30,5,19,Y6054049,,,,0,30.0,0,0
75,9,30,5,20,Y6054050,,,,0,30.0,0,0
75,9,30,5,21,Y6054051,,,,0,30.0,0,0
75,9,30,5,22,Y6054052,,,,0,30.0,0,0
75,9,30,5,23,Y6054053,,,,0,30.0,0,0
75,9,30,5,24,Y6054054,,,,0,30.0,0,0
75,9,30,5,25,Y6054055,,,,0,30.0,0,0
75,9,30,5,26,Y6054056,,,,0,30.0,0,0
75,9,30,5,27,Y6054057,,,,0,30.0,0,0
75,9,30,5,28,Y6054058,,,,0,30.0,0,0
75,9,30,5,29,Y6054059,,,,0,30.0,0,0
75,9,30,5,30,Y6054060,,,,0,30.0,0,0
75,9,30,6,10,Y6054061,,,,0,30.0,0,0
75,9,30,6,11,Y6054062,,,,0,30.0,0,0
75,9,30,6,12,Y6054063,,,,0,30.0,0,0
75,9,30,6,13,Y6054064,,,,0,30.0,0,0
75,9,30,6,14,Y6054065,,,,0,30.0,0,0
75,9,30,6,15,Y6054066,,,,0,30.0,0,0
75,9,30,6,16,Y6054067,,,,0,30.0,0,0
75,9,30,6,17,Y6054068,,,,0,30.0,0,0
75,9,30,6,18,Y6054069,,,,0,30.0,0,0
75,9,30,6,19,Y6054070,,,,0,30.0,0,0
75,9,30,6,20,Y6054071,,,,0,30.0,0,0
75,9,30,6,21,Y6054072,,,,0,30.0,0,0
75,9,30,6,22,Y6054073,,,,0,30.0,0,0
75,9,30,6,23,Y6054074,,,,0,30.0,0,0
75,9,30,6,24,Y6054075,,,,0,30.0,0,0
75,9,30,6,25,Y6054076,,,,0,30.0,0,0
75,9,30,6,26,Y6054077,,,,0,30.0,0,0
75,9,30,6,27,Y6054078,,,,0,30.0,0,0
75,9,30,6,28,Y6054079,,,,0,30.0,0,0
75,9,30,6,29,Y6054080,,,,0,30.0,0,0
75,9,30,6,30,Y6054081,,,,0,30.0,0,0
75,9,30,7,10,Y6054082,,,,0,30.0,0,0
75,9,30,7,11,Y6054083,,,,0,30.0,0,0
75,9,30,7,12,Y6054084,,,,0,30.0,0,0
75,9,30,7,13,Y6054085,,,,0,30.0,0,0
75,9,30,7,14,Y6054086,,,,0,30.0,0,0
75,9,30,7,15,Y6054087,,,,0,30.0,0,0
75,9,30,7,16,Y6054088,,,,0,30.0,0,0
75,9,30,7,17,Y6054089,,,,0,30.0,0,0
75,9,30,7,18,Y6054090,,,,0,30.0,0,0
75,9,30,7,19,Y6054091,,,,0,30.0,0,0
75,9,30,7,20,Y6054092,,,,0,30.0,0,0
75,9,30,7,21,Y6054093,,,,0,30.0,0,0
75,9,30,7,22,Y6054094,,,,0,30.0,0,0
75,9,30,7,23,Y6054095,,,,0,30.0,0,0
75,9,30,7,24,Y6054096,,,,0,30.0,0,0
75,9,30,7,25,Y6054097,,,,0,30.0,0,0
75,9,30,7,26,Y6054098,,,,0,30.0,0,0
75,9,30,7,27,Y6054099,,,,0,30.0,0,0
75,9,30,7,28,Y6054100,,,,0,30.0,0,0
75,9,30,7,29,Y6054101,,,,0,30.0,0,0
75,9,30,7,30,Y6054102,,,,0,30.0,0,0
75,9,30,8,10,Y6054103,,,,0,30.0,0,0
75,9,30,8,11,Y6054104,,,,0,30.0,0,0
75,9,30,8,12,Y6054105,,,,0,30.0,0,0
75,9,30,8,13,Y6054106,,,,0,30.0,0,0
75,9,30,8,14,Y6054107,,,,0,30.0,0,0
75,9,30,8,15,Y6054108,,,,0,30.0,0,0
75,9,30,8,16,Y6054109,,,,0,30.0,0,0
75,9,30,8,17,Y6054110,,,,0,30.0,0,0
75,9,30,8,18,Y6054111,,,,0,30.0,0,0
75,9,30,8,19,Y6054112,,,,0,30.0,0,0
75,9,30,8,20,Y6054113,,,,0,30.0,0,0
75,9,30,8,21,Y6054114,,,,0,30.0,0,0
75,9,30,8,22,Y6054115,,,,0,30.0,0,0
75,9,30,8,23,Y6054116,,,,0,30.0,0,0
75,9,30,8,24,Y6054117,,,,0,30.0,0,0
75,9,30,8,25,Y6054118,,,,0,30.0,0,0
75,9,30,8,26,Y6054119,,,,0,30.0,0,0
75,9,30,8,27,Y6054120,,,,0,30.0,0,0
75,9,30,8,28,Y6054121,,,,0,30.0,0,0
75,9,30,8,29,Y6054122,,,,0,30.0,0,0
75,9,30,8,30,Y6054123,,,,0,30.0,0,0
75,9,30,9,10,Y6054124,,,,0,30.0,0,0
75,9,30,9,11,Y6054125,,,,0,30.0,0,0
75,9,30,9,12,Y6054126,,,,0,30.0,0,0
75,9,30,9,13,Y6054127,,,,0,30.0,0,0
75,9,30,9,14,Y6054128,,,,0,30.0,0,0
75,9,30,9,15,Y6054129,,,,0,30.0,0,0
75,9,30,9,16,Y6054130,,,,0,30.0,0,0
75,9,30,9,17,Y6054131,,,,0,30.0,0,0
75,9,30,9,18,Y6054132,,,,0,30.0,0,0
75,9,30,9,19,Y6054133,,,,0,30.0,0,0
75,9,30,9,20,Y6054134,,,,0,30.0,0,0
75,9,30,9,21,Y6054135,,,,0,30.0,0,0
75,9,30,9,22,Y6054136,,,,0,30.0,0,0
75,9,30,9,23,Y6054137,,,,0,30.0,0,0
75,9,30,9,24,Y6054138,,,,0,30.0,0,0
75,9,30,9,25,Y6054139,,,,0,30.0,0,0
75,9,30,9,26,Y6054140,,,,0,30.0,0,0
75,9,30,9,27,Y6054141,,,,0,30.0,0,0
75,9,30,9,28,Y6054142,,,,0,30.0,0,0
75,9,30,9,29,Y6054143,,,,0,30.0,0,0
75,9,30,9,30,Y6054144,,,,0,30.0,0,0
75,9,30,10,10,Y6054145,,,,0,30.0,0,0
75,9,30,10,11,Y6054146,,,,0,30.0,0,0
75,9,30,10,12,Y6054147,,,,0,30.0,0,0
75,9,30,10,13,Y6054148,,,,0,30.0,0,0
75,9,30,10,14,Y6054149,,,,0,30.0,0,0
75,9,30,10,15,Y6054150,,,,0,30.0,0,0
75,9,30,10,16,Y6054151,,,,0,30.0,0,0
75,9,30,10,17,Y6054152,,,,0,30.0,0,0
75,9,30,10,18,Y6054153,,,,0,30.0,0,0
75,9,30,10,19,Y6054154,,,,0,30.0,0,0
75,9,30,10,20,Y6054155,,,,0,30.0,0,0
75,9,30,10,21,Y6054156,,,,0,30.0,0,0
75,9,30,10,22,Y6054157,,,,0,30.0,0,0
75,9,30,10,23,Y6054158,,,,0,30.0,0,0
75,9,30,10,24,Y6054159,,,,0,30.0,0,0
75,9,30,10,25,Y6054160,,,,0,30.0,0,0
75,9,30,10,26,Y6054161,,,,0,30.0,0,0
75,9,30,10,27,Y6054162,,,,0,30.0,0,0
75,9,30,10,28,Y6054163,,,,0,30.0,0,0
75,9,30,10,29,Y6054164,,,,0,30.0,0,0
75,9,30,10,30,Y6054165,,,,0,30.0,0,0
75,9,30,11,10,Y6054166,,,,0,30.0,0,0
75,9,30,11,11,Y6054167,,,,0,30.0,0,0
75,9,30,11,12,Y6054168,,,,0,30.0,0,0
75,9,30,11,13,Y6054169,,,,0,30.0,0,0
75,9,30,11,14,Y6054170,,,,0,30.0,0,0
75,9,30,11,15,Y6054171,,,,0,30.0,0,0
75,9,30,11,16,Y6054172,,,,0,30.0,0,0
75,9,30,11,17,Y6054173,,,,0,30.0,0,0
75,9,30,11,18,Y6054174,,,,0,30.0,0,0
75,9,30,11,19,Y6054175,,,,0,30.0,0,0
75,9,30,11,20,Y6054176,,,,0,30.0,0,0
75,9,30,11,21,Y6054177,,,,0,30.0,0,0
75,9,30,11,22,Y6054178,,,,0,30.0,0,0
75,9,30,11,23,Y6054179,,,,0,30.0,0,0
75,9,30,11,24,Y6054180,,,,0,30.0,0,0
75,9,30,11,25,Y6054181,,,,0,30.0,0,0
75,9,30,11,26,Y6054182,,,,0,30.0,0,0
75,9,30,11,27,Y6054183,,,,0,30.0,0,0
75,9,30,11,28,Y6054184,,,,0,30.0,0,0
75,9,30,11,29,Y6054185,,,,0,30.0,0,0
75,9,30,11,30,Y6054186,,,,0,30.0,0,0
75,9,30,12,10,Y6054187,,,,0,30.0,0,0
75,9,30,12,11,Y6054188,,,,0,30.0,0,0
75,9,30,12,12,Y6054189,,,,0,30.0,0,0
75,9,30,12,13,Y6054190,,,,0,30.0,0,0
75,9,30,12,14,Y6054191,,,,0,30.0,0,0
75,9,30,12,15,Y6054192,,,,0,30.0,0,0
75,9,30,12,16,Y6054193,,,,0,30.0,0,0
75,9,30,12,17,Y6054194,,,,0,30.0,0,0
75,9,30,12,18,Y6054195,,,,0,30.0,0,0
75,9,30,12,19,Y6054196,,,,0,30.0,0,0
75,9,30,12,20,Y6054197,,,,0,30.0,0,0
75,9,30,12,21,Y6054198,,,,0,30.0,0,0
75,9,30,12,22,Y6054199,,,,0,30.0,0,0
75,9,30,12,23,Y6054200,,,,0,30.0,0,0
75,9,30,12,24,Y6054201,,,,0,30.0,0,0
75,9,30,12,25,Y6054202,,,,0,30.0,0,0
75,9,30,12,26,Y6054203,,,,0,30.0,0,0
75,9,30,12,27,Y6054204,,,,0,30.0,0,0
75,9,30,12,28,Y6054205,,,,0,30.0,0,0
75,9,30,12,29,Y6054206,,,,0,30.0,0,0
75,9,30,12,30,Y6054207,,,,0,30.0,0,0
75,10,0,1,10,Y6054208,,,,0,30.0,0,0
75,10,0,1,11,Y6054209,,,,0,30.0,0,0
75,10,0,1,12,Y6054210,,,,0,30.0,0,0
75,10,0,1,13,Y6054211,,,,0,30.0,0,0
75,10,0,1,14,Y6054212,,,,0,30.0,0,0
75,10,0,1,15,Y6054213,,,,0,30.0,0,0
75,10,0,1,16,Y6054214,,,,0,30.0,0,0
75,10,0,1,17,Y6054215,,,,0,30.0,0,0
75,10,0,1,18,Y6054216,,,,3128,30.0,0,0
75,10,0,1,19,Y6054217,,,,0,30.0,0,0
75,10,0,1,20,Y6054218,,,,0,30.0,0,0
75,10,0,1,21,Y6054219,,,,0,30.0,0,0
75,10,0,1,22,Y6054220,,,,0,30.0,0,0
75,10,0,1,23,Y6054221,,,,0,30.0,0,0
75,10,0,1,24,Y6054222,,,,0,30.0,0,0
75,10,0,1,25,Y6054223,,,,0,30.0,0,0
75,10,0,1,26,Y6054224,,,,0,30.0,0,0
75,10,0,1,27,Y6054225,,,,0,30.0,0,0
75,10,0,1,28,Y6054226,,,,0,30.0,0,0
75,10,0,1,29,Y6054227,,,,0,30.0,0,0
75,10,0,1,30,Y6054228,,,,0,30.0,0,0
75,10,0,2,10,Y6054229,,,,0,30.0,0,0
75,10,0,2,11,Y6054230,,,,0,30.0,0,0
75,10,0,2,12,Y6054231,,,,0,30.0,0,0
75,10,0,2,13,Y6054232,,,,0,30.0,0,0
75,10,0,2,14,Y6054233,,,,0,30.0,0,0
75,10,0,2,15,Y6054234,,,,0,30.0,0,0
75,10,0,2,16,Y6054235,,,,0,30.0,0,0
75,10,0,2,17,Y6054236,,,,0,30.0,0,0
75,10,0,2,18,Y6054237,,,,3133,30.0,0,0
75,10,0,2,19,Y6054238,,,,0,30.0,0,0
75,10,0,2,20,Y6054239,,,,0,30.0,0,0
75,10,0,2,21,Y6054240,,,,0,30.0,0,0
75,10,0,2,22,Y6054241,,,,0,30.0,0,0
75,10,0,2,23,Y6054242,,,,0,30.0,0,0
75,10,0,2,24,Y6054243,,,,0,30.0,0,0
75,10,0,2,25,Y6054244,,,,0,30.0,0,0
75,10,0,2,26,Y6054245,,,,0,30.0,0,0
75,10,0,2,27,Y6054246,,,,0,30.0,0,0
75,10,0,2,28,Y6054247,,,,0,30.0,0,0
75,10,0,2,29,Y6054248,,,,0,30.0,0,0
75,10,0,2,30,Y6054249,,,,0,30.0,0,0
75,10,0,3,10,Y6054250,,,,0,30.0,0,0
75,10,0,3,11,Y6054251,,,,0,30.0,0,0
75,10,0,3,12,Y6054252,,,,0,30.0,0,0
75,10,0,3,13,Y6054253,,,,0,30.0,0,0
75,10,0,3,14,Y6054254,,,,0,30.0,0,0
75,10,0,3,15,Y6054255,,,,0,30.0,0,0
75,10,0,3,16,Y6054256,,,,0,30.0,0,0
75,10,0,3,17,Y6054257,,,,0,30.0,0,0
75,10,0,3,18,Y6054258,,,,3123,30.0,0,0
75,10,0,3,19,Y6054259,,,,0,30.0,0,0
75,10,0,3,20,Y6054260,,,,0,30.0,0,0
75,10,0,3,21,Y6054261,,,,0,30.0,0,0
75,10,0,3,22,Y6054262,,,,0,30.0,0,0
75,10,0,3,23,Y6054263,,,,0,30.0,0,0
75,10,0,3,24,Y6054264,,,,0,30.0,0,0
75,10,0,3,25,Y6054265,,,,0,30.0,0,0
75,10,0,3,26,Y6054266,,,,0,30.0,0,0
75,10,0,3,27,Y6054267,,,,0,30.0,0,0
75,10,0,3,28,Y6054268,,,,0,30.0,0,0
75,10,0,3,29,Y6054269,,,,0,30.0,0,0
75,10,0,3,30,Y6054270,,,,0,30.0,0,0
75,10,0,4,10,Y6054271,,,,0,30.0,0,0
75,10,0,4,11,Y6054272,,,,0,30.0,0,0
75,10,0,4,12,Y6054273,,,,0,30.0,0,0
75,10,0,4,13,Y6054274,,,,0,30.0,0,0
75,10,0,4,14,Y6054275,,,,0,30.0,0,0
75,10,0,4,15,Y6054276,,,,0,30.0,0,0
75,10,0,4,16,Y6054277,,,,0,30.0,0,0
75,10,0,4,17,Y6054278,,,,0,30.0,0,0
75,10,0,4,18,Y6054279,,,,3126,30.0,0,0
75,10,0,4,19,Y6054280,,,,0,30.0,0,0
75,10,0,4,20,Y6054281,,,,0,30.0,0,0
75,10,0,4,21,Y6054282,,,,0,30.0,0,0
75,10,0,4,22,Y6054283,,,,0,30.0,0,0
75,10,0,4,23,Y6054284,,,,0,30.0,0,0
75,10,0,4,24,Y6054285,,,,0,30.0,0,0
75,10,0,4,25,Y6054286,,,,0,30.0,0,0
75,10,0,4,26,Y6054287,,,,0,30.0,0,0
75,10,0,4,27,Y6054288,,,,0,30.0,0,0
75,10,0,4,28,Y6054289,,,,0,30.0,0,0
75,10,0,4,29,Y6054290,,,,0,30.0,0,0
75,10,0,4,30,Y6054291,,,,0,30.0,0,0
75,10,0,5,10,Y6054292,,,,0,30.0,0,0
75,10,0,5,11,Y6054293,,,,0,30.0,0,0
75,10,0,5,12,Y6054294,,,,0,30.0,0,0
75,10,0,5,13,Y6054295,,,,0,30.0,0,0
75,10,0,5,14,Y6054296,,,,0,30.0,0,0
75,10,0,5,15,Y6054297,,,,0,30.0,0,0
75,10,0,5,16,Y6054298,,,,0,30.0,0,0
75,10,0,5,17,Y6054299,,,,0,30.0,0,0
75,10,0,5,18,Y6054300,,,,3127,30.0,0,0
75,10,0,5,19,Y6054301,,,,0,30.0,0,0
75,10,0,5,20,Y6054302,,,,0,30.0,0,0
75,10,0,5,21,Y6054303,,,,0,30.0,0,0
75,10,0,5,22,Y6054304,,,,0,30.0,0,0
75,10,0,5,23,Y6054305,,,,0,30.0,0,0
75,10,0,5,24,Y6054306,,,,0,30.0,0,0
75,10,0,5,25,Y6054307,,,,0,30.0,0,0
75,10,0,5,26,Y6054308,,,,0,30.0,0,0
75,10,0,5,27,Y6054309,,,,0,30.0,0,0
75,10,0,5,28,Y6054310,,,,0,30.0,0,0
75,10,0,5,29,Y6054311,,,,0,30.0,0,0
75,10,0,5,30,Y6054312,,,,0,30.0,0,0
75,10,0,6,10,Y6054313,,,,0,30.0,0,0
75,10,0,6,11,Y6054314,,,,0,30.0,0,0
75,10,0,6,12,Y6054315,,,,0,30.0,0,0
75,10,0,6,13,Y6054316,,,,0,30.0,0,0
75,10,0,6,14,Y6054317,,,,0,30.0,0,0
75,10,0,6,15,Y6054318,,,,0,30.0,0,0
75,10,0,6,16,Y6054319,,,,0,30.0,0,0
75,10,0,6,17,Y6054320,,,,0,30.0,0,0
75,10,0,6,18,Y6054321,,,,3127,30.0,0,0
75,10,0,6,19,Y6054322,,,,0,30.0,0,0
75,10,0,6,20,Y6054323,,,,0,30.0,0,0
75,10,0,6,21,Y6054324,,,,0,30.0,0,0
75,10,0,6,22,Y6054325,,,,0,30.0,0,0
75,10,0,6,23,Y6054326,,,,0,30.0,0,0
75,10,0,6,24,Y6054327,,,,0,30.0,0,0
75,10,0,6,25,Y6054328,,,,0,30.0,0,0
75,10,0,6,26,Y6054329,,,,0,30.0,0,0
75,10,0,6,27,Y6054330,,,,0,30.0,0,0
75,10,0,6,28,Y6054331,,,,0,30.0,0,0
75,10,0,6,29,Y6054332,,,,0,30.0,0,0
75,10,0,6,30,Y6054333,,,,0,30.0,0,0
75,10,0,7,10,Y6054334,,,,0,30.0,0,0
75,10,0,7,11,Y6054335,,,,0,30.0,0,0
75,10,0,7,12,Y6054336,,,,0,30.0,0,0
75,10,0,7,13,Y6054337,,,,0,30.0,0,0
75,10,0,7,14,Y6054338,,,,0,30.0,0,0
75,10,0,7,15,Y6054339,,,,0,30.0,0,0
75,10,0,7,16,Y6054340,,,,0,30.0,0,0
75,10,0,7,17,Y6054341,,,,0,30.0,0,0
75,10,0,7,18,Y6054342,,,,3123,30.0,0,0
75,10,0,7,19,Y6054343,,,,0,30.0,0,0
75,10,0,7,20,Y6054344,,,,0,30.0,0,0
75,10,0,7,21,Y6054345,,,,0,30.0,0,0
75,10,0,7,22,Y6054346,,,,0,30.0,0,0
75,10,0,7,23,Y6054347,,,,0,30.0,0,0
75,10,0,7,24,Y6054348,,,,0,30.0,0,0
75,10,0,7,25,Y6054349,,,,0,30.0,0,0
75,10,0,7,26,Y6054350,,,,0,30.0,0,0
75,10,0,7,27,Y6054351,,,,0,30.0,0,0
75,10,0,7,28,Y6054352,,,,0,30.0,0,0
75,10,0,7,29,Y6054353,,,,0,30.0,0,0
75,10,0,7,30,Y6054354,,,,0,30.0,0,0
75,10,0,8,10,Y6054355,,,,0,30.0,0,0
75,10,0,8,11,Y6054356,,,,0,30.0,0,0
75,10,0,8,12,Y6054357,,,,0,30.0,0,0
75,10,0,8,13,Y6054358,,,,0,30.0,0,0
75,10,0,8,14,Y6054359,,,,0,30.0,0,0
75,10,0,8,15,Y6054360,,,,0,30.0,0,0
75,10,0,8,16,Y6054361,,,,0,30.0,0,0
75,10,0,8,17,Y6054362,,,,0,30.0,0,0
75,10,0,8,18,Y6054363,,,,3111,30.0,0,0
75,10,0,8,19,Y6054364,,,,0,30.0,0,0
75,10,0,8,20,Y6054365,,,,0,30.0,0,0
75,10,0,8,21,Y6054366,,,,0,30.0,0,0
75,10,0,8,22,Y6054367,,,,0,30.0,0,0
75,10,0,8,23,Y6054368,,,,0,30.0,0,0
75,10,0,8,24,Y6054369,,,,0,30.0,0,0
75,10,0,8,25,Y6054370,,,,0,30.0,0,0
75,10,0,8,26,Y6054371,,,,0,30.0,0,0
75,10,0,8,27,Y6054372,,,,0,30.0,0,0
75,10,0,8,28,Y6054373,,,,0,30.0,0,0
75,10,0,8,29,Y6054374,,,,0,30.0,0,0
75,10,0,8,30,Y6054375,,,,0,30.0,0,0
75,10,0,9,10,Y6054376,,,,0,30.0,0,0
75,10,0,9,11,Y6054377,,,,0,30.0,0,0
75,10,0,9,12,Y6054378,,,,0,30.0,0,0
75,10,0,9,13,Y6054379,,,,0,30.0,0,0
75,10,0,9,14,Y6054380,,,,0,30.0,0,0
75,10,0,9,15,Y6054381,,,,0,30.0,0,0
75,10,0,9,16,Y6054382,,,,0,30.0,0,0
75,10,0,9,17,Y6054383,,,,0,30.0,0,0
75,10,0,9,18,Y6054384,,,,3108,30.0,0,0
75,10,0,9,19,Y6054385,,,,0,30.0,0,0
75,10,0,9,20,Y6054386,,,,0,30.0,0,0
75,10,0,9,21,Y6054387,,,,0,30.0,0,0
75,10,0,9,22,Y6054388,,,,0,30.0,0,0
75,10,0,9,23,Y6054389,,,,0,30.0,0,0
75,10,0,9,24,Y6054390,,,,0,30.0,0,0
75,10,0,9,25,Y6054391,,,,0,30.0,0,0
75,10,0,9,26,Y6054392,,,,0,30.0,0,0
75,10,0,9,27,Y6054393,,,,0,30.0,0,0
75,10,0,9,28,Y6054394,,,,0,30.0,0,0
75,10,0,9,29,Y6054395,,,,0,30.0,0,0
75,10,0,9,30,Y6054396,,,,0,30.0,0,0
75,10,0,10,10,Y6054397,,,,0,30.0,0,0
75,10,0,10,11,Y6054398,,,,0,30.0,0,0
75,10,0,10,12,Y6054399,,,,0,30.0,0,0
75,10,0,10,13,Y6054400,,,,0,30.0,0,0
75,10,0,10,14,Y6054401,,,,0,30.0,0,0
75,10,0,10,15,Y6054402,,,,0,30.0,0,0
75,10,0,10,16,Y6054403,,,,0,30.0,0,0
75,10,0,10,17,Y6054404,,,,0,30.0,0,0
75,10,0,10,18,Y6054405,,,,3460,30.0,0,0
75,10,0,10,19,Y6054406,,,,0,30.0,0,0
75,10,0,10,20,Y6054407,,,,0,30.0,0,0
75,10,0,10,21,Y6054408,,,,0,30.0,0,0
75,10,0,10,22,Y6054409,,,,0,30.0,0,0
75,10,0,10,23,Y6054410,,,,0,30.0,0,0
75,10,0,10,24,Y6054411,,,,0,30.0,0,0
75,10,0,10,25,Y6054412,,,,0,30.0,0,0
75,10,0,10,26,Y6054413,,,,0,30.0,0,0
75,10,0,10,27,Y6054414,,,,0,30.0,0,0
75,10,0,10,28,Y6054415,,,,0,30.0,0,0
75,10,0,10,29,Y6054416,,,,0,30.0,0,0
75,10,0,10,30,Y6054417,,,,0,30.0,0,0
75,10,0,11,10,Y6054418,,,,3090,30.0,0,0
75,10,0,11,11,Y6054419,,,,3090,30.0,0,0
75,10,0,11,12,Y6054420,,,,3078,30.0,0,0
75,10,0,11,13,Y6054421,,,,3075,30.0,0,0
75,10,0,11,14,Y6054422,,,,3058,30.0,0,0
75,10,0,11,15,Y6054423,,,,3058,30.0,0,0
75,10,0,11,16,Y6054424,,,,3058,30.0,0,0
75,10,0,11,17,Y6054425,,,,3058,30.0,0,0
75,10,0,11,18,Y6054426,,,,4151,30.0,0,0
75,10,0,11,19,Y6054427,,,,3478,30.0,0,0
75,10,0,11,20,Y6054428,,,,3475,30.0,0,0
75,10,0,11,21,Y6054429,,,,0,30.0,0,0
75,10,0,11,22,Y6054430,,,,0,30.0,0,0
75,10,0,11,23,Y6054431,,,,0,30.0,0,0
75,10,0,11,24,Y6054432,,,,0,30.0,0,0
75,10,0,11,25,Y6054433,,,,0,30.0,0,0
75,10,0,11,26,Y6054434,,,,0,30.0,0,0
75,10,0,11,27,Y6054435,,,,0,30.0,0,0
75,10,0,11,28,Y6054436,,,,0,30.0,0,0
75,10,0,11,29,Y6054437,,,,0,30.0,0,0
75,10,0,11,30,Y6054438,,,,0,30.0,0,0
75,10,0,12,10,Y6054439,,,,3282,30.0,0,0
75,10,0,12,11,Y6054440,,,,3282,30.0,0,0
75,10,0,12,12,Y6054441,,,,3271,30.0,0,0
75,10,0,12,13,Y6054442,,,,3270,30.0,0,0
75,10,0,12,14,Y6054443,,,,3259,30.0,0,0
75,10,0,12,15,Y6054444,,,,3259,30.0,0,0
75,10,0,12,16,Y6054445,,,,3259,30.0,0,0
75,10,0,12,17,Y6054446,,,,3259,30.0,0,0
75,10,0,12,18,Y6054447,,,,4254,30.0,0,0
75,10,0,12,19,Y6054448,,,,3568,30.0,0,0
75,10,0,12,20,Y6054449,,,,3562,30.0,0,0
75,10,0,12,21,Y6054450,,,,0,30.0,0,0
75,10,0,12,22,Y6054451,,,,0,30.0,0,0
75,10,0,12,23,Y6054452,,,,0,30.0,0,0
75,10,0,12,24,Y6054453,,,,0,30.0,0,0
75,10,0,12,25,Y6054454,,,,0,30.0,0,0
75,10,0,12,26,Y6054455,,,,0,30.0,0,0
75,10,0,12,27,Y6054456,,,,0,30.0,0,0
75,10,0,12,28,Y6054457,,,,0,30.0,0,0
75,10,0,12,29,Y6054458,,,,0,30.0,0,0
75,10,0,12,30,Y6054459,,,,0,30.0,0,0
75,10,1,1,10,Y6054460,,,,0,30.0,0,0
75,10,1,1,11,Y6054461,,,,0,30.0,0,0
75,10,1,1,12,Y6054462,,,,0,30.0,0,0
75,10,1,1,13,Y6054463,,,,0,30.0,0,0
75,10,1,1,14,Y6054464,,,,0,30.0,0,0
75,10,1,1,15,Y6054465,,,,0,30.0,0,0
75,10,1,1,16,Y6054466,,,,0,30.0,0,0
75,10,1,1,17,Y6054467,,,,0,30.0,0,0
75,10,1,1,18,Y6054468,,,,3148,30.0,0,0
75,10,1,1,19,Y6054469,,,,0,30.0,0,0
75,10,1,1,20,Y6054470,,,,0,30.0,0,0
75,10,1,1,21,Y6054471,,,,0,30.0,0,0
75,10,1,1,22,Y6054472,,,,0,30.0,0,0
75,10,1,1,23,Y6054473,,,,0,30.0,0,0
75,10,1,1,24,Y6054474,,,,0,30.0,0,0
75,10,1,1,25,Y6054475,,,,0,30.0,0,0
75,10,1,1,26,Y6054476,,,,0,30.0,0,0
75,10,1,1,27,Y6054477,,,,0,30.0,0,0
75,10,1,1,28,Y6054478,,,,0,30.0,0,0
75,10,1,1,29,Y6054479,,,,0,30.0,0,0
75,10,1,1,30,Y6054480,,,,0,30.0,0,0
75,10,1,2,10,Y6054481,,,,0,30.0,0,0
75,10,1,2,11,Y6054482,,,,0,30.0,0,0
75,10,1,2,12,Y6054483,,,,0,30.0,0,0
75,10,1,2,13,Y6054484,,,,0,30.0,0,0
75,10,1,2,14,Y6054485,,,,0,30.0,0,0
75,10,1,2,15,Y6054486,,,,0,30.0,0,0
75,10,1,2,16,Y6054487,,,,0,30.0,0,0
75,10,1,2,17,Y6054488,,,,0,30.0,0,0
75,10,1,2,18,Y6054489,,,,3153,30.0,0,0
75,10,1,2,19,Y6054490,,,,0,30.0,0,0
75,10,1,2,20,Y6054491,,,,0,30.0,0,0
75,10,1,2,21,Y6054492,,,,0,30.0,0,0
75,10,1,2,22,Y6054493,,,,0,30.0,0,0
75,10,1,2,23,Y6054494,,,,0,30.0,0,0
75,10,1,2,24,Y6054495,,,,0,30.0,0,0
75,10,1,2,25,Y6054496,,,,0,30.0,0,0
75,10,1,2,26,Y6054497,,,,0,30.0,0,0
75,10,1,2,27,Y6054498,,,,0,30.0,0,0
75,10,1,2,28,Y6054499,,,,0,30.0,0,0
75,10,1,2,29,Y6054500,,,,0,30.0,0,0
75,10,1,2,30,Y6054501,,,,0,30.0,0,0
75,10,1,3,10,Y6054502,,,,0,30.0,0,0
75,10,1,3,11,Y6054503,,,,0,30.0,0,0
75,10,1,3,12,Y6054504,,,,0,30.0,0,0
75,10,1,3,13,Y6054505,,,,0,30.0,0,0
75,10,1,3,14,Y6054506,,,,0,30.0,0,0
75,10,1,3,15,Y6054507,,,,0,30.0,0,0
75,10,1,3,16,Y6054508,,,,0,30.0,0,0
75,10,1,3,17,Y6054509,,,,0,30.0,0,0
75,10,1,3,18,Y6054510,,,,3139,30.0,0,0
75,10,1,3,19,Y6054511,,,,0,30.0,0,0
75,10,1,3,20,Y6054512,,,,0,30.0,0,0
75,10,1,3,21,Y6054513,,,,0,30.0,0,0
75,10,1,3,22,Y6054514,,,,0,30.0,0,0
75,10,1,3,23,Y6054515,,,,0,30.0,0,0
75,10,1,3,24,Y6054516,,,,0,30.0,0,0
75,10,1,3,25,Y6054517,,,,0,30.0,0,0
75,10,1,3,26,Y6054518,,,,0,30.0,0,0
75,10,1,3,27,Y6054519,,,,0,30.0,0,0
75,10,1,3,28,Y6054520,,,,0,30.0,0,0
75,10,1,3,29,Y6054521,,,,0,30.0,0,0
75,10,1,3,30,Y6054522,,,,0,30.0,0,0
75,10,1,4,10,Y6054523,,,,0,30.0,0,0
75,10,1,4,11,Y6054524,,,,0,30.0,0,0
75,10,1,4,12,Y6054525,,,,0,30.0,0,0
75,10,1,4,13,Y6054526,,,,0,30.0,0,0
75,10,1,4,14,Y6054527,,,,0,30.0,0,0
75,10,1,4,15,Y6054528,,,,0,30.0,0,0
75,10,1,4,16,Y6054529,,,,0,30.0,0,0
75,10,1,4,17,Y6054530,,,,0,30.0,0,0
75,10,1,4,18,Y6054531,,,,3141,30.0,0,0
75,10,1,4,19,Y6054532,,,,0,30.0,0,0
75,10,1,4,20,Y6054533,,,,0,30.0,0,0
75,10,1,4,21,Y6054534,,,,0,30.0,0,0
75,10,1,4,22,Y6054535,,,,0,30.0,0,0
75,10,1,4,23,Y6054536,,,,0,30.0,0,0
75,10,1,4,24,Y6054537,,,,0,30.0,0,0
75,10,1,4,25,Y6054538,,,,0,30.0,0,0
75,10,1,4,26,Y6054539,,,,0,30.0,0,0
75,10,1,4,27,Y6054540,,,,0,30.0,0,0
75,10,1,4,28,Y6054541,,,,0,30.0,0,0
75,10,1,4,29,Y6054542,,,,0,30.0,0,0
75,10,1,4,30,Y6054543,,,,0,30.0,0,0
75,10,1,5,10,Y6054544,,,,0,30.0,0,0
75,10,1,5,11,Y6054545,,,,0,30.0,0,0
75,10,1,5,12,Y6054546,,,,0,30.0,0,0
75,10,1,5,13,Y6054547,,,,0,30.0,0,0
75,10,1,5,14,Y6054548,,,,0,30.0,0,0
75,10,1,5,15,Y6054549,,,,0,30.0,0,0
75,10,1,5,16,Y6054550,,,,0,30.0,0,0
75,10,1,5,17,Y6054551,,,,0,30.0,0,0
75,10,1,5,18,Y6054552,,,,3143,30.0,0,0
75,10,1,5,19,Y6054553,,,,0,30.0,0,0
75,10,1,5,20,Y6054554,,,,0,30.0,0,0
75,10,1,5,21,Y6054555,,,,0,30.0,0,0
75,10,1,5,22,Y6054556,,,,0,30.0,0,0
75,10,1,5,23,Y6054557,,,,0,30.0,0,0
75,10,1,5,24,Y6054558,,,,0,30.0,0,0
75,10,1,5,25,Y6054559,,,,0,30.0,0,0
75,10,1,5,26,Y6054560,,,,0,30.0,0,0
75,10,1,5,27,Y6054561,,,,0,30.0,0,0
75,10,1,5,28,Y6054562,,,,0,30.0,0,0
75,10,1,5,29,Y6054563,,,,0,30.0,0,0
75,10,1,5,30,Y6054564,,,,0,30.0,0,0
75,10,1,6,10,Y6054565,,,,0,30.0,0,0
75,10,1,6,11,Y6054566,,,,0,30.0,0,0
75,10,1,6,12,Y6054567,,,,0,30.0,0,0
75,10,1,6,13,Y6054568,,,,0,30.0,0,0
75,10,1,6,14,Y6054569,,,,0,30.0,0,0
75,10,1,6,15,Y6054570,,,,0,30.0,0,0
75,10,1,6,16,Y6054571,,,,0,30.0,0,0
75,10,1,6,17,Y6054572,,,,0,30.0,0,0
75,10,1,6,18,Y6054573,,,,3142,30.0,0,0
75,10,1,6,19,Y6054574,,,,0,30.0,0,0
75,10,1,6,20,Y6054575,,,,0,30.0,0,0
75,10,1,6,21,Y6054576,,,,0,30.0,0,0
75,10,1,6,22,Y6054577,,,,0,30.0,0,0
75,10,1,6,23,Y6054578,,,,0,30.0,0,0
75,10,1,6,24,Y6054579,,,,0,30.0,0,0
75,10,1,6,25,Y6054580,,,,0,30.0,0,0
75,10,1,6,26,Y6054581,,,,0,30.0,0,0
75,10,1,6,27,Y6054582,,,,0,30.0,0,0
75,10,1,6,28,Y6054583,,,,0,30.0,0,0
75,10,1,6,29,Y6054584,,,,0,30.0,0,0
75,10,1,6,30,Y6054585,,,,0,30.0,0,0
75,10,1,7,10,Y6054586,,,,0,30.0,0,0
75,10,1,7,11,Y6054587,,,,0,30.0,0,0
75,10,1,7,12,Y6054588,,,,0,30.0,0,0
75,10,1,7,13,Y6054589,,,,0,30.0,0,0
75,10,1,7,14,Y6054590,,,,0,30.0,0,0
75,10,1,7,15,Y6054591,,,,0,30.0,0,0
75,10,1,7,16,Y6054592,,,,0,30.0,0,0
75,10,1,7,17,Y6054593,,,,0,30.0,0,0
75,10,1,7,18,Y6054594,,,,3138,30.0,0,0
75,10,1,7,19,Y6054595,,,,0,30.0,0,0
75,10,1,7,20,Y6054596,,,,0,30.0,0,0
75,10,1,7,21,Y6054597,,,,0,30.0,0,0
75,10,1,7,22,Y6054598,,,,0,30.0,0,0
75,10,1,7,23,Y6054599,,,,0,30.0,0,0
75,10,1,7,24,Y6054600,,,,0,30.0,0,0
75,10,1,7,25,Y6054601,,,,0,30.0,0,0
75,10,1,7,26,Y6054602,,,,0,30.0,0,0
75,10,1,7,27,Y6054603,,,,0,30.0,0,0
75,10,1,7,28,Y6054604,,,,0,30.0,0,0
75,10,1,7,29,Y6054605,,,,0,30.0,0,0
75,10,1,7,30,Y6054606,,,,0,30.0,0,0
75,10,1,8,10,Y6054607,,,,0,30.0,0,0
75,10,1,8,11,Y6054608,,,,0,30.0,0,0
75,10,1,8,12,Y6054609,,,,0,30.0,0,0
75,10,1,8,13,Y6054610,,,,0,30.0,0,0
75,10,1,8,14,Y6054611,,,,0,30.0,0,0
75,10,1,8,15,Y6054612,,,,0,30.0,0,0
75,10,1,8,16,Y6054613,,,,0,30.0,0,0
75,10,1,8,17,Y6054614,,,,0,30.0,0,0
75,10,1,8,18,Y6054615,,,,3126,30.0,0,0
75,10,1,8,19,Y6054616,,,,0,30.0,0,0
75,10,1,8,20,Y6054617,,,,0,30.0,0,0
75,10,1,8,21,Y6054618,,,,0,30.0,0,0
75,10,1,8,22,Y6054619,,,,0,30.0,0,0
75,10,1,8,23,Y6054620,,,,0,30.0,0,0
75,10,1,8,24,Y6054621,,,,0,30.0,0,0
75,10,1,8,25,Y6054622,,,,0,30.0,0,0
75,10,1,8,26,Y6054623,,,,0,30.0,0,0
75,10,1,8,27,Y6054624,,,,0,30.0,0,0
75,10,1,8,28,Y6054625,,,,0,30.0,0,0
75,10,1,8,29,Y6054626,,,,0,30.0,0,0
75,10,1,8,30,Y6054627,,,,0,30.0,0,0
75,10,1,9,10,Y6054628,,,,0,30.0,0,0
75,10,1,9,11,Y6054629,,,,0,30.0,0,0
75,10,1,9,12,Y6054630,,,,0,30.0,0,0
75,10,1,9,13,Y6054631,,,,0,30.0,0,0
75,10,1,9,14,Y6054632,,,,0,30.0,0,0
75,10,1,9,15,Y6054633,,,,0,30.0,0,0
75,10,1,9,16,Y6054634,,,,0,30.0,0,0
75,10,1,9,17,Y6054635,,,,0,30.0,0,0
75,10,1,9,18,Y6054636,,,,3123,30.0,0,0
75,10,1,9,19,Y6054637,,,,0,30.0,0,0
75,10,1,9,20,Y6054638,,,,0,30.0,0,0
75,10,1,9,21,Y6054639,,,,0,30.0,0,0
75,10,1,9,22,Y6054640,,,,0,30.0,0,0
75,10,1,9,23,Y6054641,,,,0,30.0,0,0
75,10,1,9,24,Y6054642,,,,0,30.0,0,0
75,10,1,9,25,Y6054643,,,,0,30.0,0,0
75,10,1,9,26,Y6054644,,,,0,30.0,0,0
75,10,1,9,27,Y6054645,,,,0,30.0,0,0
75,10,1,9,28,Y6054646,,,,0,30.0,0,0
75,10,1,9,29,Y6054647,,,,0,30.0,0,0
75,10,1,9,30,Y6054648,,,,0,30.0,0,0
75,10,1,10,10,Y6054649,,,,0,30.0,0,0
75,10,1,10,11,Y6054650,,,,0,30.0,0,0
75,10,1,10,12,Y6054651,,,,0,30.0,0,0
75,10,1,10,13,Y6054652,,,,0,30.0,0,0
75,10,1,10,14,Y6054653,,,,0,30.0,0,0
75,10,1,10,15,Y6054654,,,,0,30.0,0,0
75,10,1,10,16,Y6054655,,,,0,30.0,0,0
75,10,1,10,17,Y6054656,,,,0,30.0,0,0
75,10,1,10,18,Y6054657,,,,3471,30.0,0,0
75,10,1,10,19,Y6054658,,,,0,30.0,0,0
75,10,1,10,20,Y6054659,,,,0,30.0,0,0
75,10,1,10,21,Y6054660,,,,0,30.0,0,0
75,10,1,10,22,Y6054661,,,,0,30.0,0,0
75,10,1,10,23,Y6054662,,,,0,30.0,0,0
75,10,1,10,24,Y6054663,,,,0,30.0,0,0
75,10,1,10,25,Y6054664,,,,0,30.0,0,0
75,10,1,10,26,Y6054665,,,,0,30.0,0,0
75,10,1,10,27,Y6054666,,,,0,30.0,0,0
75,10,1,10,28,Y6054667,,,,0,30.0,0,0
75,10,1,10,29,Y6054668,,,,0,30.0,0,0
75,10,1,10,30,Y6054669,,,,0,30.0,0,0
75,10,1,11,10,Y6054670,,,,3099,30.0,0,0
75,10,1,11,11,Y6054671,,,,3099,30.0,0,0
75,10,1,11,12,Y6054672,,,,3086,30.0,0,0
75,10,1,11,13,Y6054673,,,,3084,30.0,0,0
75,10,1,11,14,Y6054674,,,,3067,30.0,0,0
75,10,1,11,15,Y6054675,,,,3067,30.0,0,0
75,10,1,11,16,Y6054676,,,,3067,30.0,0,0
75,10,1,11,17,Y6054677,,,,3067,30.0,0,0
75,10,1,11,18,Y6054678,,,,4162,30.0,0,0
75,10,1,11,19,Y6054679,,,,3489,30.0,0,0
75,10,1,11,20,Y6054680,,,,3488,30.0,0,0
75,10,1,11,21,Y6054681,,,,0,30.0,0,0
75,10,1,11,22,Y6054682,,,,0,30.0,0,0
75,10,1,11,23,Y6054683,,,,0,30.0,0,0
75,10,1,11,24,Y6054684,,,,0,30.0,0,0
75,10,1,11,25,Y6054685,,,,0,30.0,0,0
75,10,1,11,26,Y6054686,,,,0,30.0,0,0
75,10,1,11,27,Y6054687,,,,0,30.0,0,0
75,10,1,11,28,Y6054688,,,,0,30.0,0,0
75,10,1,11,29,Y6054689,,,,0,30.0,0,0
75,10,1,11,30,Y6054690,,,,0,30.0,0,0
75,10,1,12,10,Y6054691,,,,3291,30.0,0,0
75,10,1,12,11,Y6054692,,,,3291,30.0,0,0
75,10,1,12,12,Y6054693,,,,3280,30.0,0,0
75,10,1,12,13,Y6054694,,,,3279,30.0,0,0
75,10,1,12,14,Y6054695,,,,3268,30.0,0,0
75,10,1,12,15,Y6054696,,,,3268,30.0,0,0
75,10,1,12,16,Y6054697,,,,3268,30.0,0,0
75,10,1,12,17,Y6054698,,,,3268,30.0,0,0
75,10,1,12,18,Y6054699,,,,4265,30.0,0,0
75,10,1,12,19,Y6054700,,,,3579,30.0,0,0
75,10,1,12,20,Y6054701,,,,3575,30.0,0,0
75,10,1,12,21,Y6054702,,,,0,30.0,0,0
75,10,1,12,22,Y6054703,,,,0,30.0,0,0
75,10,1,12,23,Y6054704,,,,0,30.0,0,0
75,10,1,12,24,Y6054705,,,,0,30.0,0,0
75,10,1,12,25,Y6054706,,,,0,30.0,0,0
75,10,1,12,26,Y6054707,,,,0,30.0,0,0
75,10,1,12,27,Y6054708,,,,0,30.0,0,0
75,10,1,12,28,Y6054709,,,,0,30.0,0,0
75,10,1,12,29,Y6054710,,,,0,30.0,0,0
75,10,1,12,30,Y6054711,,,,0,30.0,0,0
75,10,2,1,10,Y6054712,,,,0,30.0,0,0
75,10,2,1,11,Y6054713,,,,0,30.0,0,0
75,10,2,1,12,Y6054714,,,,0,30.0,0,0
75,10,2,1,13,Y6054715,,,,0,30.0,0,0
75,10,2,1,14,Y6054716,,,,0,30.0,0,0
75,10,2,1,15,Y6054717,,,,0,30.0,0,0
75,10,2,1,16,Y6054718,,,,0,30.0,0,0
75,10,2,1,17,Y6054719,,,,0,30.0,0,0
75,10,2,1,18,Y6054720,,,,0,30.0,0,0
75,10,2,1,19,Y6054721,,,,0,30.0,0,0
75,10,2,1,20,Y6054722,,,,0,30.0,0,0
75,10,2,1,21,Y6054723,,,,0,30.0,0,0
75,10,2,1,22,Y6054724,,,,0,30.0,0,0
75,10,2,1,23,Y6054725,,,,0,30.0,0,0
75,10,2,1,24,Y6054726,,,,0,30.0,0,0
75,10,2,1,25,Y6054727,,,,0,30.0,0,0
75,10,2,1,26,Y6054728,,,,0,30.0,0,0
75,10,2,1,27,Y6054729,,,,0,30.0,0,0
75,10,2,1,28,Y6054730,,,,0,30.0,0,0
75,10,2,1,29,Y6054731,,,,0,30.0,0,0
75,10,2,1,30,Y6054732,,,,0,30.0,0,0
75,10,2,2,10,Y6054733,,,,0,30.0,0,0
75,10,2,2,11,Y6054734,,,,0,30.0,0,0
75,10,2,2,12,Y6054735,,,,0,30.0,0,0
75,10,2,2,13,Y6054736,,,,0,30.0,0,0
75,10,2,2,14,Y6054737,,,,0,30.0,0,0
75,10,2,2,15,Y6054738,,,,0,30.0,0,0
75,10,2,2,16,Y6054739,,,,0,30.0,0,0
75,10,2,2,17,Y6054740,,,,0,30.0,0,0
75,10,2,2,18,Y6054741,,,,0,30.0,0,0
75,10,2,2,19,Y6054742,,,,0,30.0,0,0
75,10,2,2,20,Y6054743,,,,0,30.0,0,0
75,10,2,2,21,Y6054744,,,,0,30.0,0,0
75,10,2,2,22,Y6054745,,,,0,30.0,0,0
75,10,2,2,23,Y6054746,,,,0,30.0,0,0
75,10,2,2,24,Y6054747,,,,0,30.0,0,0
75,10,2,2,25,Y6054748,,,,0,30.0,0,0
75,10,2,2,26,Y6054749,,,,0,30.0,0,0
75,10,2,2,27,Y6054750,,,,0,30.0,0,0
75,10,2,2,28,Y6054751,,,,0,30.0,0,0
75,10,2,2,29,Y6054752,,,,0,30.0,0,0
75,10,2,2,30,Y6054753,,,,0,30.0,0,0
75,10,2,3,10,Y6054754,,,,0,30.0,0,0
75,10,2,3,11,Y6054755,,,,0,30.0,0,0
75,10,2,3,12,Y6054756,,,,0,30.0,0,0
75,10,2,3,13,Y6054757,,,,0,30.0,0,0
75,10,2,3,14,Y6054758,,,,0,30.0,0,0
75,10,2,3,15,Y6054759,,,,0,30.0,0,0
75,10,2,3,16,Y6054760,,,,0,30.0,0,0
75,10,2,3,17,Y6054761,,,,0,30.0,0,0
75,10,2,3,18,Y6054762,,,,0,30.0,0,0
75,10,2,3,19,Y6054763,,,,0,30.0,0,0
75,10,2,3,20,Y6054764,,,,0,30.0,0,0
75,10,2,3,21,Y6054765,,,,0,30.0,0,0
75,10,2,3,22,Y6054766,,,,0,30.0,0,0
75,10,2,3,23,Y6054767,,,,0,30.0,0,0
75,10,2,3,24,Y6054768,,,,0,30.0,0,0
75,10,2,3,25,Y6054769,,,,0,30.0,0,0
75,10,2,3,26,Y6054770,,,,0,30.0,0,0
75,10,2,3,27,Y6054771,,,,0,30.0,0,0
75,10,2,3,28,Y6054772,,,,0,30.0,0,0
75,10,2,3,29,Y6054773,,,,0,30.0,0,0
75,10,2,3,30,Y6054774,,,,0,30.0,0,0
75,10,2,4,10,Y6054775,,,,0,30.0,0,0
75,10,2,4,11,Y6054776,,,,0,30.0,0,0
75,10,2,4,12,Y6054777,,,,0,30.0,0,0
75,10,2,4,13,Y6054778,,,,0,30.0,0,0
75,10,2,4,14,Y6054779,,,,0,30.0,0,0
75,10,2,4,15,Y6054780,,,,0,30.0,0,0
75,10,2,4,16,Y6054781,,,,0,30.0,0,0
75,10,2,4,17,Y6054782,,,,0,30.0,0,0
75,10,2,4,18,Y6054783,,,,0,30.0,0,0
75,10,2,4,19,Y6054784,,,,0,30.0,0,0
75,10,2,4,20,Y6054785,,,,0,30.0,0,0
75,10,2,4,21,Y6054786,,,,0,30.0,0,0
75,10,2,4,22,Y6054787,,,,0,30.0,0,0
75,10,2,4,23,Y6054788,,,,0,30.0,0,0
75,10,2,4,24,Y6054789,,,,0,30.0,0,0
75,10,2,4,25,Y6054790,,,,0,30.0,0,0
75,10,2,4,26,Y6054791,,,,0,30.0,0,0
75,10,2,4,27,Y6054792,,,,0,30.0,0,0
75,10,2,4,28,Y6054793,,,,0,30.0,0,0
75,10,2,4,29,Y6054794,,,,0,30.0,0,0
75,10,2,4,30,Y6054795,,,,0,30.0,0,0
75,10,2,5,10,Y6054796,,,,0,30.0,0,0
75,10,2,5,11,Y6054797,,,,0,30.0,0,0
75,10,2,5,12,Y6054798,,,,0,30.0,0,0
75,10,2,5,13,Y6054799,,,,0,30.0,0,0
75,10,2,5,14,Y6054800,,,,0,30.0,0,0
75,10,2,5,15,Y6054801,,,,0,30.0,0,0
75,10,2,5,16,Y6054802,,,,0,30.0,0,0
75,10,2,5,17,Y6054803,,,,0,30.0,0,0
75,10,2,5,18,Y6054804,,,,0,30.0,0,0
75,10,2,5,19,Y6054805,,,,0,30.0,0,0
75,10,2,5,20,Y6054806,,,,0,30.0,0,0
75,10,2,5,21,Y6054807,,,,0,30.0,0,0
75,10,2,5,22,Y6054808,,,,0,30.0,0,0
75,10,2,5,23,Y6054809,,,,0,30.0,0,0
75,10,2,5,24,Y6054810,,,,0,30.0,0,0
75,10,2,5,25,Y6054811,,,,0,30.0,0,0
75,10,2,5,26,Y6054812,,,,0,30.0,0,0
75,10,2,5,27,Y6054813,,,,0,30.0,0,0
75,10,2,5,28,Y6054814,,,,0,30.0,0,0
75,10,2,5,29,Y6054815,,,,0,30.0,0,0
75,10,2,5,30,Y6054816,,,,0,30.0,0,0
75,10,2,6,10,Y6054817,,,,0,30.0,0,0
75,10,2,6,11,Y6054818,,,,0,30.0,0,0
75,10,2,6,12,Y6054819,,,,0,30.0,0,0
75,10,2,6,13,Y6054820,,,,0,30.0,0,0
75,10,2,6,14,Y6054821,,,,0,30.0,0,0
75,10,2,6,15,Y6054822,,,,0,30.0,0,0
75,10,2,6,16,Y6054823,,,,0,30.0,0,0
75,10,2,6,17,Y6054824,,,,0,30.0,0,0
75,10,2,6,18,Y6054825,,,,0,30.0,0,0
75,10,2,6,19,Y6054826,,,,0,30.0,0,0
75,10,2,6,20,Y6054827,,,,0,30.0,0,0
75,10,2,6,21,Y6054828,,,,0,30.0,0,0
75,10,2,6,22,Y6054829,,,,0,30.0,0,0
75,10,2,6,23,Y6054830,,,,0,30.0,0,0
75,10,2,6,24,Y6054831,,,,0,30.0,0,0
75,10,2,6,25,Y6054832,,,,0,30.0,0,0
75,10,2,6,26,Y6054833,,,,0,30.0,0,0
75,10,2,6,27,Y6054834,,,,0,30.0,0,0
75,10,2,6,28,Y6054835,,,,0,30.0,0,0
75,10,2,6,29,Y6054836,,,,0,30.0,0,0
75,10,2,6,30,Y6054837,,,,0,30.0,0,0
75,10,2,7,10,Y6054838,,,,0,30.0,0,0
75,10,2,7,11,Y6054839,,,,0,30.0,0,0
75,10,2,7,12,Y6054840,,,,0,30.0,0,0
75,10,2,7,13,Y6054841,,,,0,30.0,0,0
75,10,2,7,14,Y6054842,,,,0,30.0,0,0
75,10,2,7,15,Y6054843,,,,0,30.0,0,0
75,10,2,7,16,Y6054844,,,,0,30.0,0,0
75,10,2,7,17,Y6054845,,,,0,30.0,0,0
75,10,2,7,18,Y6054846,,,,0,30.0,0,0
75,10,2,7,19,Y6054847,,,,0,30.0,0,0
75,10,2,7,20,Y6054848,,,,0,30.0,0,0
75,10,2,7,21,Y6054849,,,,0,30.0,0,0
75,10,2,7,22,Y6054850,,,,0,30.0,0,0
75,10,2,7,23,Y6054851,,,,0,30.0,0,0
75,10,2,7,24,Y6054852,,,,0,30.0,0,0
75,10,2,7,25,Y6054853,,,,0,30.0,0,0
75,10,2,7,26,Y6054854,,,,0,30.0,0,0
75,10,2,7,27,Y6054855,,,,0,30.0,0,0
75,10,2,7,28,Y6054856,,,,0,30.0,0,0
75,10,2,7,29,Y6054857,,,,0,30.0,0,0
75,10,2,7,30,Y6054858,,,,0,30.0,0,0
75,10,2,8,10,Y6054859,,,,0,30.0,0,0
75,10,2,8,11,Y6054860,,,,0,30.0,0,0
75,10,2,8,12,Y6054861,,,,0,30.0,0,0
75,10,2,8,13,Y6054862,,,,0,30.0,0,0
75,10,2,8,14,Y6054863,,,,0,30.0,0,0
75,10,2,8,15,Y6054864,,,,0,30.0,0,0
75,10,2,8,16,Y6054865,,,,0,30.0,0,0
75,10,2,8,17,Y6054866,,,,0,30.0,0,0
75,10,2,8,18,Y6054867,,,,0,30.0,0,0
75,10,2,8,19,Y6054868,,,,0,30.0,0,0
75,10,2,8,20,Y6054869,,,,0,30.0,0,0
75,10,2,8,21,Y6054870,,,,0,30.0,0,0
75,10,2,8,22,Y6054871,,,,0,30.0,0,0
75,10,2,8,23,Y6054872,,,,0,30.0,0,0
75,10,2,8,24,Y6054873,,,,0,30.0,0,0
75,10,2,8,25,Y6054874,,,,0,30.0,0,0
75,10,2,8,26,Y6054875,,,,0,30.0,0,0
75,10,2,8,27,Y6054876,,,,0,30.0,0,0
75,10,2,8,28,Y6054877,,,,0,30.0,0,0
75,10,2,8,29,Y6054878,,,,0,30.0,0,0
75,10,2,8,30,Y6054879,,,,0,30.0,0,0
75,10,2,9,10,Y6054880,,,,0,30.0,0,0
75,10,2,9,11,Y6054881,,,,0,30.0,0,0
75,10,2,9,12,Y6054882,,,,0,30.0,0,0
75,10,2,9,13,Y6054883,,,,0,30.0,0,0
75,10,2,9,14,Y6054884,,,,0,30.0,0,0
75,10,2,9,15,Y6054885,,,,0,30.0,0,0
75,10,2,9,16,Y6054886,,,,0,30.0,0,0
75,10,2,9,17,Y6054887,,,,0,30.0,0,0
75,10,2,9,18,Y6054888,,,,0,30.0,0,0
75,10,2,9,19,Y6054889,,,,0,30.0,0,0
75,10,2,9,20,Y6054890,,,,0,30.0,0,0
75,10,2,9,21,Y6054891,,,,0,30.0,0,0
75,10,2,9,22,Y6054892,,,,0,30.0,0,0
75,10,2,9,23,Y6054893,,,,0,30.0,0,0
75,10,2,9,24,Y6054894,,,,0,30.0,0,0
75,10,2,9,25,Y6054895,,,,0,30.0,0,0
75,10,2,9,26,Y6054896,,,,0,30.0,0,0
75,10,2,9,27,Y6054897,,,,0,30.0,0,0
75,10,2,9,28,Y6054898,,,,0,30.0,0,0
75,10,2,9,29,Y6054899,,,,0,30.0,0,0
75,10,2,9,30,Y6054900,,,,0,30.0,0,0
75,10,2,10,10,Y6054901,,,,0,30.0,0,0
75,10,2,10,11,Y6054902,,,,0,30.0,0,0
75,10,2,10,12,Y6054903,,,,0,30.0,0,0
75,10,2,10,13,Y6054904,,,,0,30.0,0,0
75,10,2,10,14,Y6054905,,,,0,30.0,0,0
75,10,2,10,15,Y6054906,,,,0,30.0,0,0
75,10,2,10,16,Y6054907,,,,0,30.0,0,0
75,10,2,10,17,Y6054908,,,,0,30.0,0,0
75,10,2,10,18,Y6054909,,,,3103,30.0,0,0
75,10,2,10,19,Y6054910,,,,0,30.0,0,0
75,10,2,10,20,Y6054911,,,,0,30.0,0,0
75,10,2,10,21,Y6054912,,,,0,30.0,0,0
75,10,2,10,22,Y6054913,,,,0,30.0,0,0
75,10,2,10,23,Y6054914,,,,0,30.0,0,0
75,10,2,10,24,Y6054915,,,,0,30.0,0,0
75,10,2,10,25,Y6054916,,,,0,30.0,0,0
75,10,2,10,26,Y6054917,,,,0,30.0,0,0
75,10,2,10,27,Y6054918,,,,0,30.0,0,0
75,10,2,10,28,Y6054919,,,,0,30.0,0,0
75,10,2,10,29,Y6054920,,,,0,30.0,0,0
75,10,2,10,30,Y6054921,,,,0,30.0,0,0
75,10,2,11,10,Y6054922,,,,0,30.0,0,0
75,10,2,11,11,Y6054923,,,,0,30.0,0,0
75,10,2,11,12,Y6054924,,,,0,30.0,0,0
75,10,2,11,13,Y6054925,,,,0,30.0,0,0
75,10,2,11,14,Y6054926,,,,0,30.0,0,0
75,10,2,11,15,Y6054927,,,,0,30.0,0,0
75,10,2,11,16,Y6054928,,,,0,30.0,0,0
75,10,2,11,17,Y6054929,,,,0,30.0,0,0
75,10,2,11,18,Y6054930,,,,3794,30.0,0,0
75,10,2,11,19,Y6054931,,,,3120,30.0,0,0
75,10,2,11,20,Y6054932,,,,3127,30.0,0,0
75,10,2,11,21,Y6054933,,,,0,30.0,0,0
75,10,2,11,22,Y6054934,,,,0,30.0,0,0
75,10,2,11,23,Y6054935,,,,0,30.0,0,0
75,10,2,11,24,Y6054936,,,,0,30.0,0,0
75,10,2,11,25,Y6054937,,,,0,30.0,0,0
75,10,2,11,26,Y6054938,,,,0,30.0,0,0
75,10,2,11,27,Y6054939,,,,0,30.0,0,0
75,10,2,11,28,Y6054940,,,,0,30.0,0,0
75,10,2,11,29,Y6054941,,,,0,30.0,0,0
75,10,2,11,30,Y6054942,,,,0,30.0,0,0
75,10,2,12,10,Y6054943,,,,0,30.0,0,0
75,10,2,12,11,Y6054944,,,,0,30.0,0,0
75,10,2,12,12,Y6054945,,,,0,30.0,0,0
75,10,2,12,13,Y6054946,,,,0,30.0,0,0
75,10,2,12,14,Y6054947,,,,0,30.0,0,0
75,10,2,12,15,Y6054948,,,,0,30.0,0,0
75,10,2,12,16,Y6054949,,,,0,30.0,0,0
75,10,2,12,17,Y6054950,,,,0,30.0,0,0
75,10,2,12,18,Y6054951,,,,4014,30.0,0,0
75,10,2,12,19,Y6054952,,,,3343,30.0,0,0
75,10,2,12,20,Y6054953,,,,3336,30.0,0,0
75,10,2,12,21,Y6054954,,,,0,30.0,0,0
75,10,2,12,22,Y6054955,,,,0,30.0,0,0
75,10,2,12,23,Y6054956,,,,0,30.0,0,0
75,10,2,12,24,Y6054957,,,,0,30.0,0,0
75,10,2,12,25,Y6054958,,,,0,30.0,0,0
75,10,2,12,26,Y6054959,,,,0,30.0,0,0
75,10,2,12,27,Y6054960,,,,0,30.0,0,0
75,10,2,12,28,Y6054961,,,,0,30.0,0,0
75,10,2,12,29,Y6054962,,,,0,30.0,0,0
75,10,2,12,30,Y6054963,,,,0,30.0,0,0
75,10,3,1,10,Y6054964,,,,0,30.0,0,0
75,10,3,1,11,Y6054965,,,,0,30.0,0,0
75,10,3,1,12,Y6054966,,,,0,30.0,0,0
75,10,3,1,13,Y6054967,,,,0,30.0,0,0
75,10,3,1,14,Y6054968,,,,0,30.0,0,0
75,10,3,1,15,Y6054969,,,,0,30.0,0,0
75,10,3,1,16,Y6054970,,,,0,30.0,0,0
75,10,3,1,17,Y6054971,,,,0,30.0,0,0
75,10,3,1,18,Y6054972,,,,0,30.0,0,0
75,10,3,1,19,Y6054973,,,,0,30.0,0,0
75,10,3,1,20,Y6054974,,,,0,30.0,0,0
75,10,3,1,21,Y6054975,,,,0,30.0,0,0
75,10,3,1,22,Y6054976,,,,0,30.0,0,0
75,10,3,1,23,Y6054977,,,,0,30.0,0,0
75,10,3,1,24,Y6054978,,,,0,30.0,0,0
75,10,3,1,25,Y6054979,,,,0,30.0,0,0
75,10,3,1,26,Y6054980,,,,0,30.0,0,0
75,10,3,1,27,Y6054981,,,,0,30.0,0,0
75,10,3,1,28,Y6054982,,,,0,30.0,0,0
75,10,3,1,29,Y6054983,,,,0,30.0,0,0
75,10,3,1,30,Y6054984,,,,0,30.0,0,0
75,10,3,2,10,Y6054985,,,,0,30.0,0,0
75,10,3,2,11,Y6054986,,,,0,30.0,0,0
75,10,3,2,12,Y6054987,,,,0,30.0,0,0
75,10,3,2,13,Y6054988,,,,0,30.0,0,0
75,10,3,2,14,Y6054989,,,,0,30.0,0,0
75,10,3,2,15,Y6054990,,,,0,30.0,0,0
75,10,3,2,16,Y6054991,,,,0,30.0,0,0
75,10,3,2,17,Y6054992,,,,0,30.0,0,0
75,10,3,2,18,Y6054993,,,,0,30.0,0,0
75,10,3,2,19,Y6054994,,,,0,30.0,0,0
75,10,3,2,20,Y6054995,,,,0,30.0,0,0
75,10,3,2,21,Y6054996,,,,0,30.0,0,0
75,10,3,2,22,Y6054997,,,,0,30.0,0,0
75,10,3,2,23,Y6054998,,,,0,30.0,0,0
75,10,3,2,24,Y6054999,,,,0,30.0,0,0
75,10,3,2,25,Y6055000,,,,0,30.0,0,0
75,10,3,2,26,Y6055001,,,,0,30.0,0,0
75,10,3,2,27,Y6055002,,,,0,30.0,0,0
75,10,3,2,28,Y6055003,,,,0,30.0,0,0
75,10,3,2,29,Y6055004,,,,0,30.0,0,0
75,10,3,2,30,Y6055005,,,,0,30.0,0,0
75,10,3,3,10,Y6055006,,,,0,30.0,0,0
75,10,3,3,11,Y6055007,,,,0,30.0,0,0
75,10,3,3,12,Y6055008,,,,0,30.0,0,0
75,10,3,3,13,Y6055009,,,,0,30.0,0,0
75,10,3,3,14,Y6055010,,,,0,30.0,0,0
75,10,3,3,15,Y6055011,,,,0,30.0,0,0
75,10,3,3,16,Y6055012,,,,0,30.0,0,0
75,10,3,3,17,Y6055013,,,,0,30.0,0,0
75,10,3,3,18,Y6055014,,,,0,30.0,0,0
75,10,3,3,19,Y6055015,,,,0,30.0,0,0
75,10,3,3,20,Y6055016,,,,0,30.0,0,0
75,10,3,3,21,Y6055017,,,,0,30.0,0,0
75,10,3,3,22,Y6055018,,,,0,30.0,0,0
75,10,3,3,23,Y6055019,,,,0,30.0,0,0
75,10,3,3,24,Y6055020,,,,0,30.0,0,0
75,10,3,3,25,Y6055021,,,,0,30.0,0,0
75,10,3,3,26,Y6055022,,,,0,30.0,0,0
75,10,3,3,27,Y6055023,,,,0,30.0,0,0
75,10,3,3,28,Y6055024,,,,0,30.0,0,0
75,10,3,3,29,Y6055025,,,,0,30.0,0,0
75,10,3,3,30,Y6055026,,,,0,30.0,0,0
75,10,3,4,10,Y6055027,,,,0,30.0,0,0
75,10,3,4,11,Y6055028,,,,0,30.0,0,0
75,10,3,4,12,Y6055029,,,,0,30.0,0,0
75,10,3,4,13,Y6055030,,,,0,30.0,0,0
75,10,3,4,14,Y6055031,,,,0,30.0,0,0
75,10,3,4,15,Y6055032,,,,0,30.0,0,0
75,10,3,4,16,Y6055033,,,,0,30.0,0,0
75,10,3,4,17,Y6055034,,,,0,30.0,0,0
75,10,3,4,18,Y6055035,,,,0,30.0,0,0
75,10,3,4,19,Y6055036,,,,0,30.0,0,0
75,10,3,4,20,Y6055037,,,,0,30.0,0,0
75,10,3,4,21,Y6055038,,,,0,30.0,0,0
75,10,3,4,22,Y6055039,,,,0,30.0,0,0
75,10,3,4,23,Y6055040,,,,0,30.0,0,0
75,10,3,4,24,Y6055041,,,,0,30.0,0,0
75,10,3,4,25,Y6055042,,,,0,30.0,0,0
75,10,3,4,26,Y6055043,,,,0,30.0,0,0
75,10,3,4,27,Y6055044,,,,0,30.0,0,0
75,10,3,4,28,Y6055045,,,,0,30.0,0,0
75,10,3,4,29,Y6055046,,,,0,30.0,0,0
75,10,3,4,30,Y6055047,,,,0,30.0,0,0
75,10,3,5,10,Y6055048,,,,0,30.0,0,0
75,10,3,5,11,Y6055049,,,,0,30.0,0,0
75,10,3,5,12,Y6055050,,,,0,30.0,0,0
75,10,3,5,13,Y6055051,,,,0,30.0,0,0
75,10,3,5,14,Y6055052,,,,0,30.0,0,0
75,10,3,5,15,Y6055053,,,,0,30.0,0,0
75,10,3,5,16,Y6055054,,,,0,30.0,0,0
75,10,3,5,17,Y6055055,,,,0,30.0,0,0
75,10,3,5,18,Y6055056,,,,0,30.0,0,0
75,10,3,5,19,Y6055057,,,,0,30.0,0,0
75,10,3,5,20,Y6055058,,,,0,30.0,0,0
75,10,3,5,21,Y6055059,,,,0,30.0,0,0
75,10,3,5,22,Y6055060,,,,0,30.0,0,0
75,10,3,5,23,Y6055061,,,,0,30.0,0,0
75,10,3,5,24,Y6055062,,,,0,30.0,0,0
75,10,3,5,25,Y6055063,,,,0,30.0,0,0
75,10,3,5,26,Y6055064,,,,0,30.0,0,0
75,10,3,5,27,Y6055065,,,,0,30.0,0,0
75,10,3,5,28,Y6055066,,,,0,30.0,0,0
75,10,3,5,29,Y6055067,,,,0,30.0,0,0
75,10,3,5,30,Y6055068,,,,0,30.0,0,0
75,10,3,6,10,Y6055069,,,,0,30.0,0,0
75,10,3,6,11,Y6055070,,,,0,30.0,0,0
75,10,3,6,12,Y6055071,,,,0,30.0,0,0
75,10,3,6,13,Y6055072,,,,0,30.0,0,0
75,10,3,6,14,Y6055073,,,,0,30.0,0,0
75,10,3,6,15,Y6055074,,,,0,30.0,0,0
75,10,3,6,16,Y6055075,,,,0,30.0,0,0
75,10,3,6,17,Y6055076,,,,0,30.0,0,0
75,10,3,6,18,Y6055077,,,,0,30.0,0,0
75,10,3,6,19,Y6055078,,,,0,30.0,0,0
75,10,3,6,20,Y6055079,,,,0,30.0,0,0
75,10,3,6,21,Y6055080,,,,0,30.0,0,0
75,10,3,6,22,Y6055081,,,,0,30.0,0,0
75,10,3,6,23,Y6055082,,,,0,30.0,0,0
75,10,3,6,24,Y6055083,,,,0,30.0,0,0
75,10,3,6,25,Y6055084,,,,0,30.0,0,0
75,10,3,6,26,Y6055085,,,,0,30.0,0,0
75,10,3,6,27,Y6055086,,,,0,30.0,0,0
75,10,3,6,28,Y6055087,,,,0,30.0,0,0
75,10,3,6,29,Y6055088,,,,0,30.0,0,0
75,10,3,6,30,Y6055089,,,,0,30.0,0,0
75,10,3,7,10,Y6055090,,,,0,30.0,0,0
75,10,3,7,11,Y6055091,,,,0,30.0,0,0
75,10,3,7,12,Y6055092,,,,0,30.0,0,0
75,10,3,7,13,Y6055093,,,,0,30.0,0,0
75,10,3,7,14,Y6055094,,,,0,30.0,0,0
75,10,3,7,15,Y6055095,,,,0,30.0,0,0
75,10,3,7,16,Y6055096,,,,0,30.0,0,0
75,10,3,7,17,Y6055097,,,,0,30.0,0,0
75,10,3,7,18,Y6055098,,,,0,30.0,0,0
75,10,3,7,19,Y6055099,,,,0,30.0,0,0
75,10,3,7,20,Y6055100,,,,0,30.0,0,0
75,10,3,7,21,Y6055101,,,,0,30.0,0,0
75,10,3,7,22,Y6055102,,,,0,30.0,0,0
75,10,3,7,23,Y6055103,,,,0,30.0,0,0
75,10,3,7,24,Y6055104,,,,0,30.0,0,0
75,10,3,7,25,Y6055105,,,,0,30.0,0,0
75,10,3,7,26,Y6055106,,,,0,30.0,0,0
75,10,3,7,27,Y6055107,,,,0,30.0,0,0
75,10,3,7,28,Y6055108,,,,0,30.0,0,0
75,10,3,7,29,Y6055109,,,,0,30.0,0,0
75,10,3,7,30,Y6055110,,,,0,30.0,0,0
75,10,3,8,10,Y6055111,,,,0,30.0,0,0
75,10,3,8,11,Y6055112,,,,0,30.0,0,0
75,10,3,8,12,Y6055113,,,,0,30.0,0,0
75,10,3,8,13,Y6055114,,,,0,30.0,0,0
75,10,3,8,14,Y6055115,,,,0,30.0,0,0
75,10,3,8,15,Y6055116,,,,0,30.0,0,0
75,10,3,8,16,Y6055117,,,,0,30.0,0,0
75,10,3,8,17,Y6055118,,,,0,30.0,0,0
75,10,3,8,18,Y6055119,,,,0,30.0,0,0
75,10,3,8,19,Y6055120,,,,0,30.0,0,0
75,10,3,8,20,Y6055121,,,,0,30.0,0,0
75,10,3,8,21,Y6055122,,,,0,30.0,0,0
75,10,3,8,22,Y6055123,,,,0,30.0,0,0
75,10,3,8,23,Y6055124,,,,0,30.0,0,0
75,10,3,8,24,Y6055125,,,,0,30.0,0,0
75,10,3,8,25,Y6055126,,,,0,30.0,0,0
75,10,3,8,26,Y6055127,,,,0,30.0,0,0
75,10,3,8,27,Y6055128,,,,0,30.0,0,0
75,10,3,8,28,Y6055129,,,,0,30.0,0,0
75,10,3,8,29,Y6055130,,,,0,30.0,0,0
75,10,3,8,30,Y6055131,,,,0,30.0,0,0
75,10,3,9,10,Y6055132,,,,0,30.0,0,0
75,10,3,9,11,Y6055133,,,,0,30.0,0,0
75,10,3,9,12,Y6055134,,,,0,30.0,0,0
75,10,3,9,13,Y6055135,,,,0,30.0,0,0
75,10,3,9,14,Y6055136,,,,0,30.0,0,0
75,10,3,9,15,Y6055137,,,,0,30.0,0,0
75,10,3,9,16,Y6055138,,,,0,30.0,0,0
75,10,3,9,17,Y6055139,,,,0,30.0,0,0
75,10,3,9,18,Y6055140,,,,0,30.0,0,0
75,10,3,9,19,Y6055141,,,,0,30.0,0,0
75,10,3,9,20,Y6055142,,,,0,30.0,0,0
75,10,3,9,21,Y6055143,,,,0,30.0,0,0
75,10,3,9,22,Y6055144,,,,0,30.0,0,0
75,10,3,9,23,Y6055145,,,,0,30.0,0,0
75,10,3,9,24,Y6055146,,,,0,30.0,0,0
75,10,3,9,25,Y6055147,,,,0,30.0,0,0
75,10,3,9,26,Y6055148,,,,0,30.0,0,0
75,10,3,9,27,Y6055149,,,,0,30.0,0,0
75,10,3,9,28,Y6055150,,,,0,30.0,0,0
75,10,3,9,29,Y6055151,,,,0,30.0,0,0
75,10,3,9,30,Y6055152,,,,0,30.0,0,0
75,10,3,10,10,Y6055153,,,,0,30.0,0,0
75,10,3,10,11,Y6055154,,,,0,30.0,0,0
75,10,3,10,12,Y6055155,,,,0,30.0,0,0
75,10,3,10,13,Y6055156,,,,0,30.0,0,0
75,10,3,10,14,Y6055157,,,,0,30.0,0,0
75,10,3,10,15,Y6055158,,,,0,30.0,0,0
75,10,3,10,16,Y6055159,,,,0,30.0,0,0
75,10,3,10,17,Y6055160,,,,0,30.0,0,0
75,10,3,10,18,Y6055161,,,,3103,30.0,0,0
75,10,3,10,19,Y6055162,,,,0,30.0,0,0
75,10,3,10,20,Y6055163,,,,0,30.0,0,0
75,10,3,10,21,Y6055164,,,,0,30.0,0,0
75,10,3,10,22,Y6055165,,,,0,30.0,0,0
75,10,3,10,23,Y6055166,,,,0,30.0,0,0
75,10,3,10,24,Y6055167,,,,0,30.0,0,0
75,10,3,10,25,Y6055168,,,,0,30.0,0,0
75,10,3,10,26,Y6055169,,,,0,30.0,0,0
75,10,3,10,27,Y6055170,,,,0,30.0,0,0
75,10,3,10,28,Y6055171,,,,0,30.0,0,0
75,10,3,10,29,Y6055172,,,,0,30.0,0,0
75,10,3,10,30,Y6055173,,,,0,30.0,0,0
75,10,3,11,10,Y6055174,,,,0,30.0,0,0
75,10,3,11,11,Y6055175,,,,0,30.0,0,0
75,10,3,11,12,Y6055176,,,,0,30.0,0,0
75,10,3,11,13,Y6055177,,,,0,30.0,0,0
75,10,3,11,14,Y6055178,,,,0,30.0,0,0
75,10,3,11,15,Y6055179,,,,0,30.0,0,0
75,10,3,11,16,Y6055180,,,,0,30.0,0,0
75,10,3,11,17,Y6055181,,,,0,30.0,0,0
75,10,3,11,18,Y6055182,,,,3794,30.0,0,0
75,10,3,11,19,Y6055183,,,,3121,30.0,0,0
75,10,3,11,20,Y6055184,,,,3128,30.0,0,0
75,10,3,11,21,Y6055185,,,,0,30.0,0,0
75,10,3,11,22,Y6055186,,,,0,30.0,0,0
75,10,3,11,23,Y6055187,,,,0,30.0,0,0
75,10,3,11,24,Y6055188,,,,0,30.0,0,0
75,10,3,11,25,Y6055189,,,,0,30.0,0,0
75,10,3,11,26,Y6055190,,,,0,30.0,0,0
75,10,3,11,27,Y6055191,,,,0,30.0,0,0
75,10,3,11,28,Y6055192,,,,0,30.0,0,0
75,10,3,11,29,Y6055193,,,,0,30.0,0,0
75,10,3,11,30,Y6055194,,,,0,30.0,0,0
75,10,3,12,10,Y6055195,,,,0,30.0,0,0
75,10,3,12,11,Y6055196,,,,0,30.0,0,0
75,10,3,12,12,Y6055197,,,,0,30.0,0,0
75,10,3,12,13,Y6055198,,,,0,30.0,0,0
75,10,3,12,14,Y6055199,,,,0,30.0,0,0
75,10,3,12,15,Y6055200,,,,0,30.0,0,0
75,10,3,12,16,Y6055201,,,,0,30.0,0,0
75,10,3,12,17,Y6055202,,,,0,30.0,0,0
75,10,3,12,18,Y6055203,,,,4015,30.0,0,0
75,10,3,12,19,Y6055204,,,,3343,30.0,0,0
75,10,3,12,20,Y6055205,,,,3336,30.0,0,0
75,10,3,12,21,Y6055206,,,,0,30.0,0,0
75,10,3,12,22,Y6055207,,,,0,30.0,0,0
75,10,3,12,23,Y6055208,,,,0,30.0,0,0
75,10,3,12,24,Y6055209,,,,0,30.0,0,0
75,10,3,12,25,Y6055210,,,,0,30.0,0,0
75,10,3,12,26,Y6055211,,,,0,30.0,0,0
75,10,3,12,27,Y6055212,,,,0,30.0,0,0
75,10,3,12,28,Y6055213,,,,0,30.0,0,0
75,10,3,12,29,Y6055214,,,,0,30.0,0,0
75,10,3,12,30,Y6055215,,,,0,30.0,0,0
75,10,4,1,10,Y6055216,,,,0,30.0,0,0
75,10,4,1,11,Y6055217,,,,0,30.0,0,0
75,10,4,1,12,Y6055218,,,,0,30.0,0,0
75,10,4,1,13,Y6055219,,,,0,30.0,0,0
75,10,4,1,14,Y6055220,,,,0,30.0,0,0
75,10,4,1,15,Y6055221,,,,0,30.0,0,0
75,10,4,1,16,Y6055222,,,,0,30.0,0,0
75,10,4,1,17,Y6055223,,,,0,30.0,0,0
75,10,4,1,18,Y6055224,,,,0,30.0,0,0
75,10,4,1,19,Y6055225,,,,0,30.0,0,0
75,10,4,1,20,Y6055226,,,,0,30.0,0,0
75,10,4,1,21,Y6055227,,,,0,30.0,0,0
75,10,4,1,22,Y6055228,,,,0,30.0,0,0
75,10,4,1,23,Y6055229,,,,0,30.0,0,0
75,10,4,1,24,Y6055230,,,,0,30.0,0,0
75,10,4,1,25,Y6055231,,,,0,30.0,0,0
75,10,4,1,26,Y6055232,,,,0,30.0,0,0
75,10,4,1,27,Y6055233,,,,0,30.0,0,0
75,10,4,1,28,Y6055234,,,,0,30.0,0,0
75,10,4,1,29,Y6055235,,,,0,30.0,0,0
75,10,4,1,30,Y6055236,,,,0,30.0,0,0
75,10,4,2,10,Y6055237,,,,0,30.0,0,0
75,10,4,2,11,Y6055238,,,,0,30.0,0,0
75,10,4,2,12,Y6055239,,,,0,30.0,0,0
75,10,4,2,13,Y6055240,,,,0,30.0,0,0
75,10,4,2,14,Y6055241,,,,0,30.0,0,0
75,10,4,2,15,Y6055242,,,,0,30.0,0,0
75,10,4,2,16,Y6055243,,,,0,30.0,0,0
75,10,4,2,17,Y6055244,,,,0,30.0,0,0
75,10,4,2,18,Y6055245,,,,0,30.0,0,0
75,10,4,2,19,Y6055246,,,,0,30.0,0,0
75,10,4,2,20,Y6055247,,,,0,30.0,0,0
75,10,4,2,21,Y6055248,,,,0,30.0,0,0
75,10,4,2,22,Y6055249,,,,0,30.0,0,0
75,10,4,2,23,Y6055250,,,,0,30.0,0,0
75,10,4,2,24,Y6055251,,,,0,30.0,0,0
75,10,4,2,25,Y6055252,,,,0,30.0,0,0
75,10,4,2,26,Y6055253,,,,0,30.0,0,0
75,10,4,2,27,Y6055254,,,,0,30.0,0,0
75,10,4,2,28,Y6055255,,,,0,30.0,0,0
75,10,4,2,29,Y6055256,,,,0,30.0,0,0
75,10,4,2,30,Y6055257,,,,0,30.0,0,0
75,10,4,3,10,Y6055258,,,,0,30.0,0,0
75,10,4,3,11,Y6055259,,,,0,30.0,0,0
75,10,4,3,12,Y6055260,,,,0,30.0,0,0
75,10,4,3,13,Y6055261,,,,0,30.0,0,0
75,10,4,3,14,Y6055262,,,,0,30.0,0,0
75,10,4,3,15,Y6055263,,,,0,30.0,0,0
75,10,4,3,16,Y6055264,,,,0,30.0,0,0
75,10,4,3,17,Y6055265,,,,0,30.0,0,0
75,10,4,3,18,Y6055266,,,,0,30.0,0,0
75,10,4,3,19,Y6055267,,,,0,30.0,0,0
75,10,4,3,20,Y6055268,,,,0,30.0,0,0
75,10,4,3,21,Y6055269,,,,0,30.0,0,0
75,10,4,3,22,Y6055270,,,,0,30.0,0,0
75,10,4,3,23,Y6055271,,,,0,30.0,0,0
75,10,4,3,24,Y6055272,,,,0,30.0,0,0
75,10,4,3,25,Y6055273,,,,0,30.0,0,0
75,10,4,3,26,Y6055274,,,,0,30.0,0,0
75,10,4,3,27,Y6055275,,,,0,30.0,0,0
75,10,4,3,28,Y6055276,,,,0,30.0,0,0
75,10,4,3,29,Y6055277,,,,0,30.0,0,0
75,10,4,3,30,Y6055278,,,,0,30.0,0,0
75,10,4,4,10,Y6055279,,,,0,30.0,0,0
75,10,4,4,11,Y6055280,,,,0,30.0,0,0
75,10,4,4,12,Y6055281,,,,0,30.0,0,0
75,10,4,4,13,Y6055282,,,,0,30.0,0,0
75,10,4,4,14,Y6055283,,,,0,30.0,0,0
75,10,4,4,15,Y6055284,,,,0,30.0,0,0
75,10,4,4,16,Y6055285,,,,0,30.0,0,0
75,10,4,4,17,Y6055286,,,,0,30.0,0,0
75,10,4,4,18,Y6055287,,,,0,30.0,0,0
75,10,4,4,19,Y6055288,,,,0,30.0,0,0
75,10,4,4,20,Y6055289,,,,0,30.0,0,0
75,10,4,4,21,Y6055290,,,,0,30.0,0,0
75,10,4,4,22,Y6055291,,,,0,30.0,0,0
75,10,4,4,23,Y6055292,,,,0,30.0,0,0
75,10,4,4,24,Y6055293,,,,0,30.0,0,0
75,10,4,4,25,Y6055294,,,,0,30.0,0,0
75,10,4,4,26,Y6055295,,,,0,30.0,0,0
75,10,4,4,27,Y6055296,,,,0,30.0,0,0
75,10,4,4,28,Y6055297,,,,0,30.0,0,0
75,10,4,4,29,Y6055298,,,,0,30.0,0,0
75,10,4,4,30,Y6055299,,,,0,30.0,0,0
75,10,4,5,10,Y6055300,,,,0,30.0,0,0
75,10,4,5,11,Y6055301,,,,0,30.0,0,0
75,10,4,5,12,Y6055302,,,,0,30.0,0,0
75,10,4,5,13,Y6055303,,,,0,30.0,0,0
75,10,4,5,14,Y6055304,,,,0,30.0,0,0
75,10,4,5,15,Y6055305,,,,0,30.0,0,0
75,10,4,5,16,Y6055306,,,,0,30.0,0,0
75,10,4,5,17,Y6055307,,,,0,30.0,0,0
75,10,4,5,18,Y6055308,,,,0,30.0,0,0
75,10,4,5,19,Y6055309,,,,0,30.0,0,0
75,10,4,5,20,Y6055310,,,,0,30.0,0,0
75,10,4,5,21,Y6055311,,,,0,30.0,0,0
75,10,4,5,22,Y6055312,,,,0,30.0,0,0
75,10,4,5,23,Y6055313,,,,0,30.0,0,0
75,10,4,5,24,Y6055314,,,,0,30.0,0,0
75,10,4,5,25,Y6055315,,,,0,30.0,0,0
75,10,4,5,26,Y6055316,,,,0,30.0,0,0
75,10,4,5,27,Y6055317,,,,0,30.0,0,0
75,10,4,5,28,Y6055318,,,,0,30.0,0,0
75,10,4,5,29,Y6055319,,,,0,30.0,0,0
75,10,4,5,30,Y6055320,,,,0,30.0,0,0
75,10,4,6,10,Y6055321,,,,0,30.0,0,0
75,10,4,6,11,Y6055322,,,,0,30.0,0,0
75,10,4,6,12,Y6055323,,,,0,30.0,0,0
75,10,4,6,13,Y6055324,,,,0,30.0,0,0
75,10,4,6,14,Y6055325,,,,0,30.0,0,0
75,10,4,6,15,Y6055326,,,,0,30.0,0,0
75,10,4,6,16,Y6055327,,,,0,30.0,0,0
75,10,4,6,17,Y6055328,,,,0,30.0,0,0
75,10,4,6,18,Y6055329,,,,0,30.0,0,0
75,10,4,6,19,Y6055330,,,,0,30.0,0,0
75,10,4,6,20,Y6055331,,,,0,30.0,0,0
75,10,4,6,21,Y6055332,,,,0,30.0,0,0
75,10,4,6,22,Y6055333,,,,0,30.0,0,0
75,10,4,6,23,Y6055334,,,,0,30.0,0,0
75,10,4,6,24,Y6055335,,,,0,30.0,0,0
75,10,4,6,25,Y6055336,,,,0,30.0,0,0
75,10,4,6,26,Y6055337,,,,0,30.0,0,0
75,10,4,6,27,Y6055338,,,,0,30.0,0,0
75,10,4,6,28,Y6055339,,,,0,30.0,0,0
75,10,4,6,29,Y6055340,,,,0,30.0,0,0
75,10,4,6,30,Y6055341,,,,0,30.0,0,0
75,10,4,7,10,Y6055342,,,,0,30.0,0,0
75,10,4,7,11,Y6055343,,,,0,30.0,0,0
75,10,4,7,12,Y6055344,,,,0,30.0,0,0
75,10,4,7,13,Y6055345,,,,0,30.0,0,0
75,10,4,7,14,Y6055346,,,,0,30.0,0,0
75,10,4,7,15,Y6055347,,,,0,30.0,0,0
75,10,4,7,16,Y6055348,,,,0,30.0,0,0
75,10,4,7,17,Y6055349,,,,0,30.0,0,0
75,10,4,7,18,Y6055350,,,,0,30.0,0,0
75,10,4,7,19,Y6055351,,,,0,30.0,0,0
75,10,4,7,20,Y6055352,,,,0,30.0,0,0
75,10,4,7,21,Y6055353,,,,0,30.0,0,0
75,10,4,7,22,Y6055354,,,,0,30.0,0,0
75,10,4,7,23,Y6055355,,,,0,30.0,0,0
75,10,4,7,24,Y6055356,,,,0,30.0,0,0
75,10,4,7,25,Y6055357,,,,0,30.0,0,0
75,10,4,7,26,Y6055358,,,,0,30.0,0,0
75,10,4,7,27,Y6055359,,,,0,30.0,0,0
75,10,4,7,28,Y6055360,,,,0,30.0,0,0
75,10,4,7,29,Y6055361,,,,0,30.0,0,0
75,10,4,7,30,Y6055362,,,,0,30.0,0,0
75,10,4,8,10,Y6055363,,,,0,30.0,0,0
75,10,4,8,11,Y6055364,,,,0,30.0,0,0
75,10,4,8,12,Y6055365,,,,0,30.0,0,0
75,10,4,8,13,Y6055366,,,,0,30.0,0,0
75,10,4,8,14,Y6055367,,,,0,30.0,0,0
75,10,4,8,15,Y6055368,,,,0,30.0,0,0
75,10,4,8,16,Y6055369,,,,0,30.0,0,0
75,10,4,8,17,Y6055370,,,,0,30.0,0,0
75,10,4,8,18,Y6055371,,,,0,30.0,0,0
75,10,4,8,19,Y6055372,,,,0,30.0,0,0
75,10,4,8,20,Y6055373,,,,0,30.0,0,0
75,10,4,8,21,Y6055374,,,,0,30.0,0,0
75,10,4,8,22,Y6055375,,,,0,30.0,0,0
75,10,4,8,23,Y6055376,,,,0,30.0,0,0
75,10,4,8,24,Y6055377,,,,0,30.0,0,0
75,10,4,8,25,Y6055378,,,,0,30.0,0,0
75,10,4,8,26,Y6055379,,,,0,30.0,0,0
75,10,4,8,27,Y6055380,,,,0,30.0,0,0
75,10,4,8,28,Y6055381,,,,0,30.0,0,0
75,10,4,8,29,Y6055382,,,,0,30.0,0,0
75,10,4,8,30,Y6055383,,,,0,30.0,0,0
75,10,4,9,10,Y6055384,,,,0,30.0,0,0
75,10,4,9,11,Y6055385,,,,0,30.0,0,0
75,10,4,9,12,Y6055386,,,,0,30.0,0,0
75,10,4,9,13,Y6055387,,,,0,30.0,0,0
75,10,4,9,14,Y6055388,,,,0,30.0,0,0
75,10,4,9,15,Y6055389,,,,0,30.0,0,0
75,10,4,9,16,Y6055390,,,,0,30.0,0,0
75,10,4,9,17,Y6055391,,,,0,30.0,0,0
75,10,4,9,18,Y6055392,,,,0,30.0,0,0
75,10,4,9,19,Y6055393,,,,0,30.0,0,0
75,10,4,9,20,Y6055394,,,,0,30.0,0,0
75,10,4,9,21,Y6055395,,,,0,30.0,0,0
75,10,4,9,22,Y6055396,,,,0,30.0,0,0
75,10,4,9,23,Y6055397,,,,0,30.0,0,0
75,10,4,9,24,Y6055398,,,,0,30.0,0,0
75,10,4,9,25,Y6055399,,,,0,30.0,0,0
75,10,4,9,26,Y6055400,,,,0,30.0,0,0
75,10,4,9,27,Y6055401,,,,0,30.0,0,0
75,10,4,9,28,Y6055402,,,,0,30.0,0,0
75,10,4,9,29,Y6055403,,,,0,30.0,0,0
75,10,4,9,30,Y6055404,,,,0,30.0,0,0
75,10,4,10,10,Y6055405,,,,0,30.0,0,0
75,10,4,10,11,Y6055406,,,,0,30.0,0,0
75,10,4,10,12,Y6055407,,,,0,30.0,0,0
75,10,4,10,13,Y6055408,,,,0,30.0,0,0
75,10,4,10,14,Y6055409,,,,0,30.0,0,0
75,10,4,10,15,Y6055410,,,,0,30.0,0,0
75,10,4,10,16,Y6055411,,,,0,30.0,0,0
75,10,4,10,17,Y6055412,,,,0,30.0,0,2
75,10,4,10,18,Y6055413,,,,0,30.0,0,2
75,10,4,10,19,Y6055414,,,,0,30.0,0,2
75,10,4,10,20,Y6055415,,,,0,30.0,0,0
75,10,4,10,21,Y6055416,,,,0,30.0,0,0
75,10,4,10,22,Y6055417,,,,0,30.0,0,0
75,10,4,10,23,Y6055418,,,,0,30.0,0,0
75,10,4,10,24,Y6055419,,,,0,30.0,0,0
75,10,4,10,25,Y6055420,,,,0,30.0,0,0
75,10,4,10,26,Y6055421,,,,0,30.0,0,0
75,10,4,10,27,Y6055422,,,,0,30.0,0,0
75,10,4,10,28,Y6055423,,,,0,30.0,0,0
75,10,4,10,29,Y6055424,,,,0,30.0,0,0
75,10,4,10,30,Y6055425,,,,0,30.0,0,0
75,10,4,11,10,Y6055426,,,,0,30.0,0,0
75,10,4,11,11,Y6055427,,,,0,30.0,0,0
75,10,4,11,12,Y6055428,,,,0,30.0,0,0
75,10,4,11,13,Y6055429,,,,0,30.0,0,0
75,10,4,11,14,Y6055430,,,,0,30.0,0,0
75,10,4,11,15,Y6055431,,,,0,30.0,0,0
75,10,4,11,16,Y6055432,,,,0,30.0,0,0
75,10,4,11,17,Y6055433,,,,0,30.0,0,2
75,10,4,11,18,Y6055434,,,,0,30.0,0,2
75,10,4,11,19,Y6055435,,,,0,30.0,0,2
75,10,4,11,20,Y6055436,,,,0,30.0,0,0
75,10,4,11,21,Y6055437,,,,0,30.0,0,0
75,10,4,11,22,Y6055438,,,,0,30.0,0,0
75,10,4,11,23,Y6055439,,,,0,30.0,0,0
75,10,4,11,24,Y6055440,,,,0,30.0,0,0
75,10,4,11,25,Y6055441,,,,0,30.0,0,0
75,10,4,11,26,Y6055442,,,,0,30.0,0,0
75,10,4,11,27,Y6055443,,,,0,30.0,0,0
75,10,4,11,28,Y6055444,,,,0,30.0,0,0
75,10,4,11,29,Y6055445,,,,0,30.0,0,0
75,10,4,11,30,Y6055446,,,,0,30.0,0,0
75,10,4,12,10,Y6055447,,,,0,30.0,0,0
75,10,4,12,11,Y6055448,,,,0,30.0,0,0
75,10,4,12,12,Y6055449,,,,0,30.0,0,0
75,10,4,12,13,Y6055450,,,,0,30.0,0,0
75,10,4,12,14,Y6055451,,,,0,30.0,0,0
75,10,4,12,15,Y6055452,,,,0,30.0,0,0
75,10,4,12,16,Y6055453,,,,0,30.0,0,0
75,10,4,12,17,Y6055454,,,,0,30.0,0,2
75,10,4,12,18,Y6055455,,,,0,30.0,0,2
75,10,4,12,19,Y6055456,,,,0,30.0,0,2
75,10,4,12,20,Y6055457,,,,3090,30.0,0,0
75,10,4,12,21,Y6055458,,,,0,30.0,0,0
75,10,4,12,22,Y6055459,,,,0,30.0,0,0
75,10,4,12,23,Y6055460,,,,0,30.0,0,0
75,10,4,12,24,Y6055461,,,,0,30.0,0,0
75,10,4,12,25,Y6055462,,,,0,30.0,0,0
75,10,4,12,26,Y6055463,,,,0,30.0,0,0
75,10,4,12,27,Y6055464,,,,0,30.0,0,0
75,10,4,12,28,Y6055465,,,,0,30.0,0,0
75,10,4,12,29,Y6055466,,,,0,30.0,0,0
75,10,4,12,30,Y6055467,,,,0,30.0,0,0
75,10,5,1,10,Y6055468,,,,0,30.0,0,0
75,10,5,1,11,Y6055469,,,,0,30.0,0,0
75,10,5,1,12,Y6055470,,,,0,30.0,0,0
75,10,5,1,13,Y6055471,,,,0,30.0,0,0
75,10,5,1,14,Y6055472,,,,0,30.0,0,0
75,10,5,1,15,Y6055473,,,,0,30.0,0,0
75,10,5,1,16,Y6055474,,,,0,30.0,0,0
75,10,5,1,17,Y6055475,,,,0,30.0,0,0
75,10,5,1,18,Y6055476,,,,0,30.0,0,0
75,10,5,1,19,Y6055477,,,,0,30.0,0,0
75,10,5,1,20,Y6055478,,,,0,30.0,0,0
75,10,5,1,21,Y6055479,,,,0,30.0,0,0
75,10,5,1,22,Y6055480,,,,0,30.0,0,0
75,10,5,1,23,Y6055481,,,,0,30.0,0,0
75,10,5,1,24,Y6055482,,,,0,30.0,0,0
75,10,5,1,25,Y6055483,,,,0,30.0,0,0
75,10,5,1,26,Y6055484,,,,0,30.0,0,0
75,10,5,1,27,Y6055485,,,,0,30.0,0,0
75,10,5,1,28,Y6055486,,,,0,30.0,0,0
75,10,5,1,29,Y6055487,,,,0,30.0,0,0
75,10,5,1,30,Y6055488,,,,0,30.0,0,0
75,10,5,2,10,Y6055489,,,,0,30.0,0,0
75,10,5,2,11,Y6055490,,,,0,30.0,0,0
75,10,5,2,12,Y6055491,,,,0,30.0,0,0
75,10,5,2,13,Y6055492,,,,0,30.0,0,0
75,10,5,2,14,Y6055493,,,,0,30.0,0,0
75,10,5,2,15,Y6055494,,,,0,30.0,0,0
75,10,5,2,16,Y6055495,,,,0,30.0,0,0
75,10,5,2,17,Y6055496,,,,0,30.0,0,0
75,10,5,2,18,Y6055497,,,,0,30.0,0,0
75,10,5,2,19,Y6055498,,,,0,30.0,0,0
75,10,5,2,20,Y6055499,,,,0,30.0,0,0
75,10,5,2,21,Y6055500,,,,0,30.0,0,0
75,10,5,2,22,Y6055501,,,,0,30.0,0,0
75,10,5,2,23,Y6055502,,,,0,30.0,0,0
75,10,5,2,24,Y6055503,,,,0,30.0,0,0
75,10,5,2,25,Y6055504,,,,0,30.0,0,0
75,10,5,2,26,Y6055505,,,,0,30.0,0,0
75,10,5,2,27,Y6055506,,,,0,30.0,0,0
75,10,5,2,28,Y6055507,,,,0,30.0,0,0
75,10,5,2,29,Y6055508,,,,0,30.0,0,0
75,10,5,2,30,Y6055509,,,,0,30.0,0,0
75,10,5,3,10,Y6055510,,,,0,30.0,0,0
75,10,5,3,11,Y6055511,,,,0,30.0,0,0
75,10,5,3,12,Y6055512,,,,0,30.0,0,0
75,10,5,3,13,Y6055513,,,,0,30.0,0,0
75,10,5,3,14,Y6055514,,,,0,30.0,0,0
75,10,5,3,15,Y6055515,,,,0,30.0,0,0
75,10,5,3,16,Y6055516,,,,0,30.0,0,0
75,10,5,3,17,Y6055517,,,,0,30.0,0,0
75,10,5,3,18,Y6055518,,,,0,30.0,0,0
75,10,5,3,19,Y6055519,,,,0,30.0,0,0
75,10,5,3,20,Y6055520,,,,0,30.0,0,0
75,10,5,3,21,Y6055521,,,,0,30.0,0,0
75,10,5,3,22,Y6055522,,,,0,30.0,0,0
75,10,5,3,23,Y6055523,,,,0,30.0,0,0
75,10,5,3,24,Y6055524,,,,0,30.0,0,0
75,10,5,3,25,Y6055525,,,,0,30.0,0,0
75,10,5,3,26,Y6055526,,,,0,30.0,0,0
75,10,5,3,27,Y6055527,,,,0,30.0,0,0
75,10,5,3,28,Y6055528,,,,0,30.0,0,0
75,10,5,3,29,Y6055529,,,,0,30.0,0,0
75,10,5,3,30,Y6055530,,,,0,30.0,0,0
75,10,5,4,10,Y6055531,,,,0,30.0,0,0
75,10,5,4,11,Y6055532,,,,0,30.0,0,0
75,10,5,4,12,Y6055533,,,,0,30.0,0,0
75,10,5,4,13,Y6055534,,,,0,30.0,0,0
75,10,5,4,14,Y6055535,,,,0,30.0,0,0
75,10,5,4,15,Y6055536,,,,0,30.0,0,0
75,10,5,4,16,Y6055537,,,,0,30.0,0,0
75,10,5,4,17,Y6055538,,,,0,30.0,0,0
75,10,5,4,18,Y6055539,,,,0,30.0,0,0
75,10,5,4,19,Y6055540,,,,0,30.0,0,0
75,10,5,4,20,Y6055541,,,,0,30.0,0,0
75,10,5,4,21,Y6055542,,,,0,30.0,0,0
75,10,5,4,22,Y6055543,,,,0,30.0,0,0
75,10,5,4,23,Y6055544,,,,0,30.0,0,0
75,10,5,4,24,Y6055545,,,,0,30.0,0,0
75,10,5,4,25,Y6055546,,,,0,30.0,0,0
75,10,5,4,26,Y6055547,,,,0,30.0,0,0
75,10,5,4,27,Y6055548,,,,0,30.0,0,0
75,10,5,4,28,Y6055549,,,,0,30.0,0,0
75,10,5,4,29,Y6055550,,,,0,30.0,0,0
75,10,5,4,30,Y6055551,,,,0,30.0,0,0
75,10,5,5,10,Y6055552,,,,0,30.0,0,0
75,10,5,5,11,Y6055553,,,,0,30.0,0,0
75,10,5,5,12,Y6055554,,,,0,30.0,0,0
75,10,5,5,13,Y6055555,,,,0,30.0,0,0
75,10,5,5,14,Y6055556,,,,0,30.0,0,0
75,10,5,5,15,Y6055557,,,,0,30.0,0,0
75,10,5,5,16,Y6055558,,,,0,30.0,0,0
75,10,5,5,17,Y6055559,,,,0,30.0,0,0
75,10,5,5,18,Y6055560,,,,0,30.0,0,0
75,10,5,5,19,Y6055561,,,,0,30.0,0,0
75,10,5,5,20,Y6055562,,,,0,30.0,0,0
75,10,5,5,21,Y6055563,,,,0,30.0,0,0
75,10,5,5,22,Y6055564,,,,0,30.0,0,0
75,10,5,5,23,Y6055565,,,,0,30.0,0,0
75,10,5,5,24,Y6055566,,,,0,30.0,0,0
75,10,5,5,25,Y6055567,,,,0,30.0,0,0
75,10,5,5,26,Y6055568,,,,0,30.0,0,0
75,10,5,5,27,Y6055569,,,,0,30.0,0,0
75,10,5,5,28,Y6055570,,,,0,30.0,0,0
75,10,5,5,29,Y6055571,,,,0,30.0,0,0
75,10,5,5,30,Y6055572,,,,0,30.0,0,0
75,10,5,6,10,Y6055573,,,,0,30.0,0,0
75,10,5,6,11,Y6055574,,,,0,30.0,0,0
75,10,5,6,12,Y6055575,,,,0,30.0,0,0
75,10,5,6,13,Y6055576,,,,0,30.0,0,0
75,10,5,6,14,Y6055577,,,,0,30.0,0,0
75,10,5,6,15,Y6055578,,,,0,30.0,0,0
75,10,5,6,16,Y6055579,,,,0,30.0,0,0
75,10,5,6,17,Y6055580,,,,0,30.0,0,0
75,10,5,6,18,Y6055581,,,,0,30.0,0,0
75,10,5,6,19,Y6055582,,,,0,30.0,0,0
75,10,5,6,20,Y6055583,,,,0,30.0,0,0
75,10,5,6,21,Y6055584,,,,0,30.0,0,0
75,10,5,6,22,Y6055585,,,,0,30.0,0,0
75,10,5,6,23,Y6055586,,,,0,30.0,0,0
75,10,5,6,24,Y6055587,,,,0,30.0,0,0
75,10,5,6,25,Y6055588,,,,0,30.0,0,0
75,10,5,6,26,Y6055589,,,,0,30.0,0,0
75,10,5,6,27,Y6055590,,,,0,30.0,0,0
75,10,5,6,28,Y6055591,,,,0,30.0,0,0
75,10,5,6,29,Y6055592,,,,0,30.0,0,0
75,10,5,6,30,Y6055593,,,,0,30.0,0,0
75,10,5,7,10,Y6055594,,,,0,30.0,0,0
75,10,5,7,11,Y6055595,,,,0,30.0,0,0
75,10,5,7,12,Y6055596,,,,0,30.0,0,0
75,10,5,7,13,Y6055597,,,,0,30.0,0,0
75,10,5,7,14,Y6055598,,,,0,30.0,0,0
75,10,5,7,15,Y6055599,,,,0,30.0,0,0
75,10,5,7,16,Y6055600,,,,0,30.0,0,0
75,10,5,7,17,Y6055601,,,,0,30.0,0,0
75,10,5,7,18,Y6055602,,,,0,30.0,0,0
75,10,5,7,19,Y6055603,,,,0,30.0,0,0
75,10,5,7,20,Y6055604,,,,0,30.0,0,0
75,10,5,7,21,Y6055605,,,,0,30.0,0,0
75,10,5,7,22,Y6055606,,,,0,30.0,0,0
75,10,5,7,23,Y6055607,,,,0,30.0,0,0
75,10,5,7,24,Y6055608,,,,0,30.0,0,0
75,10,5,7,25,Y6055609,,,,0,30.0,0,0
75,10,5,7,26,Y6055610,,,,0,30.0,0,0
75,10,5,7,27,Y6055611,,,,0,30.0,0,0
75,10,5,7,28,Y6055612,,,,0,30.0,0,0
75,10,5,7,29,Y6055613,,,,0,30.0,0,0
75,10,5,7,30,Y6055614,,,,0,30.0,0,0
75,10,5,8,10,Y6055615,,,,0,30.0,0,0
75,10,5,8,11,Y6055616,,,,0,30.0,0,0
75,10,5,8,12,Y6055617,,,,0,30.0,0,0
75,10,5,8,13,Y6055618,,,,0,30.0,0,0
75,10,5,8,14,Y6055619,,,,0,30.0,0,0
75,10,5,8,15,Y6055620,,,,0,30.0,0,0
75,10,5,8,16,Y6055621,,,,0,30.0,0,0
75,10,5,8,17,Y6055622,,,,0,30.0,0,0
75,10,5,8,18,Y6055623,,,,0,30.0,0,0
75,10,5,8,19,Y6055624,,,,0,30.0,0,0
75,10,5,8,20,Y6055625,,,,0,30.0,0,0
75,10,5,8,21,Y6055626,,,,0,30.0,0,0
75,10,5,8,22,Y6055627,,,,0,30.0,0,0
75,10,5,8,23,Y6055628,,,,0,30.0,0,0
75,10,5,8,24,Y6055629,,,,0,30.0,0,0
75,10,5,8,25,Y6055630,,,,0,30.0,0,0
75,10,5,8,26,Y6055631,,,,0,30.0,0,0
75,10,5,8,27,Y6055632,,,,0,30.0,0,0
75,10,5,8,28,Y6055633,,,,0,30.0,0,0
75,10,5,8,29,Y6055634,,,,0,30.0,0,0
75,10,5,8,30,Y6055635,,,,0,30.0,0,0
75,10,5,9,10,Y6055636,,,,0,30.0,0,0
75,10,5,9,11,Y6055637,,,,0,30.0,0,0
75,10,5,9,12,Y6055638,,,,0,30.0,0,0
75,10,5,9,13,Y6055639,,,,0,30.0,0,0
75,10,5,9,14,Y6055640,,,,0,30.0,0,0
75,10,5,9,15,Y6055641,,,,0,30.0,0,0
75,10,5,9,16,Y6055642,,,,0,30.0,0,0
75,10,5,9,17,Y6055643,,,,0,30.0,0,2
75,10,5,9,18,Y6055644,,,,0,30.0,0,2
75,10,5,9,19,Y6055645,,,,0,30.0,0,2
75,10,5,9,20,Y6055646,,,,0,30.0,0,0
75,10,5,9,21,Y6055647,,,,0,30.0,0,0
75,10,5,9,22,Y6055648,,,,0,30.0,0,0
75,10,5,9,23,Y6055649,,,,0,30.0,0,0
75,10,5,9,24,Y6055650,,,,0,30.0,0,0
75,10,5,9,25,Y6055651,,,,0,30.0,0,0
75,10,5,9,26,Y6055652,,,,0,30.0,0,0
75,10,5,9,27,Y6055653,,,,0,30.0,0,0
75,10,5,9,28,Y6055654,,,,0,30.0,0,0
75,10,5,9,29,Y6055655,,,,0,30.0,0,0
75,10,5,9,30,Y6055656,,,,0,30.0,0,0
75,10,5,10,10,Y6055657,,,,0,30.0,0,0
75,10,5,10,11,Y6055658,,,,0,30.0,0,0
75,10,5,10,12,Y6055659,,,,0,30.0,0,0
75,10,5,10,13,Y6055660,,,,0,30.0,0,0
75,10,5,10,14,Y6055661,,,,0,30.0,0,0
75,10,5,10,15,Y6055662,,,,0,30.0,0,0
75,10,5,10,16,Y6055663,,,,0,30.0,0,2
75,10,5,10,17,Y6055664,,,,0,30.0,0,2
75,10,5,10,18,Y6055665,,,,0,30.0,0,2
75,10,5,10,19,Y6055666,,,,0,30.0,0,2
75,10,5,10,20,Y6055667,,,,0,30.0,0,2
75,10,5,10,21,Y6055668,,,,0,30.0,0,0
75,10,5,10,22,Y6055669,,,,0,30.0,0,0
75,10,5,10,23,Y6055670,,,,0,30.0,0,0
75,10,5,10,24,Y6055671,,,,0,30.0,0,0
75,10,5,10,25,Y6055672,,,,0,30.0,0,0
75,10,5,10,26,Y6055673,,,,0,30.0,0,0
75,10,5,10,27,Y6055674,,,,0,30.0,0,0
75,10,5,10,28,Y6055675,,,,0,30.0,0,0
75,10,5,10,29,Y6055676,,,,0,30.0,0,0
75,10,5,10,30,Y6055677,,,,0,30.0,0,0
75,10,5,11,10,Y6055678,,,,0,30.0,0,0
75,10,5,11,11,Y6055679,,,,0,30.0,0,0
75,10,5,11,12,Y6055680,,,,0,30.0,0,0
75,10,5,11,13,Y6055681,,,,0,30.0,0,0
75,10,5,11,14,Y6055682,,,,0,30.0,0,0
75,10,5,11,15,Y6055683,,,,0,30.0,0,0
75,10,5,11,16,Y6055684,,,,0,30.0,0,2
75,10,5,11,17,Y6055685,,,,0,30.0,0,2
75,10,5,11,18,Y6055686,,,,0,30.0,0,2
75,10,5,11,19,Y6055687,,,,0,30.0,0,2
75,10,5,11,20,Y6055688,,,,0,30.0,0,2
75,10,5,11,21,Y6055689,,,,0,30.0,0,0
75,10,5,11,22,Y6055690,,,,0,30.0,0,0
75,10,5,11,23,Y6055691,,,,0,30.0,0,0
75,10,5,11,24,Y6055692,,,,0,30.0,0,0
75,10,5,11,25,Y6055693,,,,0,30.0,0,0
75,10,5,11,26,Y6055694,,,,0,30.0,0,0
75,10,5,11,27,Y6055695,,,,0,30.0,0,0
75,10,5,11,28,Y6055696,,,,0,30.0,0,0
75,10,5,11,29,Y6055697,,,,0,30.0,0,0
75,10,5,11,30,Y6055698,,,,0,30.0,0,0
75,10,5,12,10,Y6055699,,,,0,30.0,0,0
75,10,5,12,11,Y6055700,,,,0,30.0,0,0
75,10,5,12,12,Y6055701,,,,0,30.0,0,0
75,10,5,12,13,Y6055702,,,,0,30.0,0,0
75,10,5,12,14,Y6055703,,,,0,30.0,0,0
75,10,5,12,15,Y6055704,,,,0,30.0,0,0
75,10,5,12,16,Y6055705,,,,0,30.0,0,2
75,10,5,12,17,Y6055706,,,,0,30.0,0,2
75,10,5,12,18,Y6055707,,,,0,30.0,0,2
75,10,5,12,19,Y6055708,,,,0,30.0,0,2
75,10,5,12,20,Y6055709,,,,0,30.0,0,2
75,10,5,12,21,Y6055710,,,,0,30.0,0,0
75,10,5,12,22,Y6055711,,,,0,30.0,0,0
75,10,5,12,23,Y6055712,,,,0,30.0,0,0
75,10,5,12,24,Y6055713,,,,0,30.0,0,0
75,10,5,12,25,Y6055714,,,,0,30.0,0,0
75,10,5,12,26,Y6055715,,,,0,30.0,0,0
75,10,5,12,27,Y6055716,,,,0,30.0,0,0
75,10,5,12,28,Y6055717,,,,0,30.0,0,0
75,10,5,12,29,Y6055718,,,,0,30.0,0,0
75,10,5,12,30,Y6055719,,,,0,30.0,0,0
75,10,6,1,10,Y6055720,,,,0,30.0,0,0
75,10,6,1,11,Y6055721,,,,0,30.0,0,0
75,10,6,1,12,Y6055722,,,,0,30.0,0,0
75,10,6,1,13,Y6055723,,,,0,30.0,0,0
75,10,6,1,14,Y6055724,,,,0,30.0,0,0
75,10,6,1,15,Y6055725,,,,0,30.0,0,0
75,10,6,1,16,Y6055726,,,,0,30.0,0,0
75,10,6,1,17,Y6055727,,,,0,30.0,0,0
75,10,6,1,18,Y6055728,,,,0,30.0,0,0
75,10,6,1,19,Y6055729,,,,0,30.0,0,0
75,10,6,1,20,Y6055730,,,,0,30.0,0,0
75,10,6,1,21,Y6055731,,,,0,30.0,0,0
75,10,6,1,22,Y6055732,,,,0,30.0,0,0
75,10,6,1,23,Y6055733,,,,0,30.0,0,0
75,10,6,1,24,Y6055734,,,,0,30.0,0,0
75,10,6,1,25,Y6055735,,,,0,30.0,0,0
75,10,6,1,26,Y6055736,,,,0,30.0,0,0
75,10,6,1,27,Y6055737,,,,0,30.0,0,0
75,10,6,1,28,Y6055738,,,,0,30.0,0,0
75,10,6,1,29,Y6055739,,,,0,30.0,0,0
75,10,6,1,30,Y6055740,,,,0,30.0,0,0
75,10,6,2,10,Y6055741,,,,0,30.0,0,0
75,10,6,2,11,Y6055742,,,,0,30.0,0,0
75,10,6,2,12,Y6055743,,,,0,30.0,0,0
75,10,6,2,13,Y6055744,,,,0,30.0,0,0
75,10,6,2,14,Y6055745,,,,0,30.0,0,0
75,10,6,2,15,Y6055746,,,,0,30.0,0,0
75,10,6,2,16,Y6055747,,,,0,30.0,0,0
75,10,6,2,17,Y6055748,,,,0,30.0,0,0
75,10,6,2,18,Y6055749,,,,0,30.0,0,0
75,10,6,2,19,Y6055750,,,,0,30.0,0,0
75,10,6,2,20,Y6055751,,,,0,30.0,0,0
75,10,6,2,21,Y6055752,,,,0,30.0,0,0
75,10,6,2,22,Y6055753,,,,0,30.0,0,0
75,10,6,2,23,Y6055754,,,,0,30.0,0,0
75,10,6,2,24,Y6055755,,,,0,30.0,0,0
75,10,6,2,25,Y6055756,,,,0,30.0,0,0
75,10,6,2,26,Y6055757,,,,0,30.0,0,0
75,10,6,2,27,Y6055758,,,,0,30.0,0,0
75,10,6,2,28,Y6055759,,,,0,30.0,0,0
75,10,6,2,29,Y6055760,,,,0,30.0,0,0
75,10,6,2,30,Y6055761,,,,0,30.0,0,0
75,10,6,3,10,Y6055762,,,,0,30.0,0,0
75,10,6,3,11,Y6055763,,,,0,30.0,0,0
75,10,6,3,12,Y6055764,,,,0,30.0,0,0
75,10,6,3,13,Y6055765,,,,0,30.0,0,0
75,10,6,3,14,Y6055766,,,,0,30.0,0,0
75,10,6,3,15,Y6055767,,,,0,30.0,0,0
75,10,6,3,16,Y6055768,,,,0,30.0,0,0
75,10,6,3,17,Y6055769,,,,0,30.0,0,0
75,10,6,3,18,Y6055770,,,,0,30.0,0,0
75,10,6,3,19,Y6055771,,,,0,30.0,0,0
75,10,6,3,20,Y6055772,,,,0,30.0,0,0
75,10,6,3,21,Y6055773,,,,0,30.0,0,0
75,10,6,3,22,Y6055774,,,,0,30.0,0,0
75,10,6,3,23,Y6055775,,,,0,30.0,0,0
75,10,6,3,24,Y6055776,,,,0,30.0,0,0
75,10,6,3,25,Y6055777,,,,0,30.0,0,0
75,10,6,3,26,Y6055778,,,,0,30.0,0,0
75,10,6,3,27,Y6055779,,,,0,30.0,0,0
75,10,6,3,28,Y6055780,,,,0,30.0,0,0
75,10,6,3,29,Y6055781,,,,0,30.0,0,0
75,10,6,3,30,Y6055782,,,,0,30.0,0,0
75,10,6,4,10,Y6055783,,,,0,30.0,0,0
75,10,6,4,11,Y6055784,,,,0,30.0,0,0
75,10,6,4,12,Y6055785,,,,0,30.0,0,0
75,10,6,4,13,Y6055786,,,,0,30.0,0,0
75,10,6,4,14,Y6055787,,,,0,30.0,0,0
75,10,6,4,15,Y6055788,,,,0,30.0,0,0
75,10,6,4,16,Y6055789,,,,0,30.0,0,0
75,10,6,4,17,Y6055790,,,,0,30.0,0,0
75,10,6,4,18,Y6055791,,,,0,30.0,0,0
75,10,6,4,19,Y6055792,,,,0,30.0,0,0
75,10,6,4,20,Y6055793,,,,0,30.0,0,0
75,10,6,4,21,Y6055794,,,,0,30.0,0,0
75,10,6,4,22,Y6055795,,,,0,30.0,0,0
75,10,6,4,23,Y6055796,,,,0,30.0,0,0
75,10,6,4,24,Y6055797,,,,0,30.0,0,0
75,10,6,4,25,Y6055798,,,,0,30.0,0,0
75,10,6,4,26,Y6055799,,,,0,30.0,0,0
75,10,6,4,27,Y6055800,,,,0,30.0,0,0
75,10,6,4,28,Y6055801,,,,0,30.0,0,0
75,10,6,4,29,Y6055802,,,,0,30.0,0,0
75,10,6,4,30,Y6055803,,,,0,30.0,0,0
75,10,6,5,10,Y6055804,,,,0,30.0,0,0
75,10,6,5,11,Y6055805,,,,0,30.0,0,0
75,10,6,5,12,Y6055806,,,,0,30.0,0,0
75,10,6,5,13,Y6055807,,,,0,30.0,0,0
75,10,6,5,14,Y6055808,,,,0,30.0,0,0
75,10,6,5,15,Y6055809,,,,0,30.0,0,0
75,10,6,5,16,Y6055810,,,,0,30.0,0,0
75,10,6,5,17,Y6055811,,,,0,30.0,0,0
75,10,6,5,18,Y6055812,,,,0,30.0,0,0
75,10,6,5,19,Y6055813,,,,0,30.0,0,0
75,10,6,5,20,Y6055814,,,,0,30.0,0,0
75,10,6,5,21,Y6055815,,,,0,30.0,0,0
75,10,6,5,22,Y6055816,,,,0,30.0,0,0
75,10,6,5,23,Y6055817,,,,0,30.0,0,0
75,10,6,5,24,Y6055818,,,,0,30.0,0,0
75,10,6,5,25,Y6055819,,,,0,30.0,0,0
75,10,6,5,26,Y6055820,,,,0,30.0,0,0
75,10,6,5,27,Y6055821,,,,0,30.0,0,0
75,10,6,5,28,Y6055822,,,,0,30.0,0,0
75,10,6,5,29,Y6055823,,,,0,30.0,0,0
75,10,6,5,30,Y6055824,,,,0,30.0,0,0
75,10,6,6,10,Y6055825,,,,0,30.0,0,0
75,10,6,6,11,Y6055826,,,,0,30.0,0,0
75,10,6,6,12,Y6055827,,,,0,30.0,0,0
75,10,6,6,13,Y6055828,,,,0,30.0,0,0
75,10,6,6,14,Y6055829,,,,0,30.0,0,0
75,10,6,6,15,Y6055830,,,,0,30.0,0,0
75,10,6,6,16,Y6055831,,,,0,30.0,0,0
75,10,6,6,17,Y6055832,,,,0,30.0,0,0
75,10,6,6,18,Y6055833,,,,0,30.0,0,0
75,10,6,6,19,Y6055834,,,,0,30.0,0,0
75,10,6,6,20,Y6055835,,,,0,30.0,0,0
75,10,6,6,21,Y6055836,,,,0,30.0,0,0
75,10,6,6,22,Y6055837,,,,0,30.0,0,0
75,10,6,6,23,Y6055838,,,,0,30.0,0,0
75,10,6,6,24,Y6055839,,,,0,30.0,0,0
75,10,6,6,25,Y6055840,,,,0,30.0,0,0
75,10,6,6,26,Y6055841,,,,0,30.0,0,0
75,10,6,6,27,Y6055842,,,,0,30.0,0,0
75,10,6,6,28,Y6055843,,,,0,30.0,0,0
75,10,6,6,29,Y6055844,,,,0,30.0,0,0
75,10,6,6,30,Y6055845,,,,0,30.0,0,0
75,10,6,7,10,Y6055846,,,,0,30.0,0,0
75,10,6,7,11,Y6055847,,,,0,30.0,0,0
75,10,6,7,12,Y6055848,,,,0,30.0,0,0
75,10,6,7,13,Y6055849,,,,0,30.0,0,0
75,10,6,7,14,Y6055850,,,,0,30.0,0,0
75,10,6,7,15,Y6055851,,,,0,30.0,0,0
75,10,6,7,16,Y6055852,,,,0,30.0,0,0
75,10,6,7,17,Y6055853,,,,0,30.0,0,0
75,10,6,7,18,Y6055854,,,,0,30.0,0,0
75,10,6,7,19,Y6055855,,,,0,30.0,0,0
75,10,6,7,20,Y6055856,,,,0,30.0,0,0
75,10,6,7,21,Y6055857,,,,0,30.0,0,0
75,10,6,7,22,Y6055858,,,,0,30.0,0,0
75,10,6,7,23,Y6055859,,,,0,30.0,0,0
75,10,6,7,24,Y6055860,,,,0,30.0,0,0
75,10,6,7,25,Y6055861,,,,0,30.0,0,0
75,10,6,7,26,Y6055862,,,,0,30.0,0,0
75,10,6,7,27,Y6055863,,,,0,30.0,0,0
75,10,6,7,28,Y6055864,,,,0,30.0,0,0
75,10,6,7,29,Y6055865,,,,0,30.0,0,0
75,10,6,7,30,Y6055866,,,,0,30.0,0,0
75,10,6,8,10,Y6055867,,,,0,30.0,0,0
75,10,6,8,11,Y6055868,,,,0,30.0,0,0
75,10,6,8,12,Y6055869,,,,0,30.0,0,0
75,10,6,8,13,Y6055870,,,,0,30.0,0,0
75,10,6,8,14,Y6055871,,,,0,30.0,0,0
75,10,6,8,15,Y6055872,,,,0,30.0,0,0
75,10,6,8,16,Y6055873,,,,0,30.0,0,0
75,10,6,8,17,Y6055874,,,,0,30.0,0,0
75,10,6,8,18,Y6055875,,,,0,30.0,0,0
75,10,6,8,19,Y6055876,,,,0,30.0,0,0
75,10,6,8,20,Y6055877,,,,0,30.0,0,0
75,10,6,8,21,Y6055878,,,,0,30.0,0,0
75,10,6,8,22,Y6055879,,,,0,30.0,0,0
75,10,6,8,23,Y6055880,,,,0,30.0,0,0
75,10,6,8,24,Y6055881,,,,0,30.0,0,0
75,10,6,8,25,Y6055882,,,,0,30.0,0,0
75,10,6,8,26,Y6055883,,,,0,30.0,0,0
75,10,6,8,27,Y6055884,,,,0,30.0,0,0
75,10,6,8,28,Y6055885,,,,0,30.0,0,0
75,10,6,8,29,Y6055886,,,,0,30.0,0,0
75,10,6,8,30,Y6055887,,,,0,30.0,0,0
75,10,6,9,10,Y6055888,,,,0,30.0,0,0
75,10,6,9,11,Y6055889,,,,0,30.0,0,0
75,10,6,9,12,Y6055890,,,,0,30.0,0,0
75,10,6,9,13,Y6055891,,,,0,30.0,0,0
75,10,6,9,14,Y6055892,,,,0,30.0,0,0
75,10,6,9,15,Y6055893,,,,0,30.0,0,0
75,10,6,9,16,Y6055894,,,,0,30.0,0,0
75,10,6,9,17,Y6055895,,,,0,30.0,0,2
75,10,6,9,18,Y6055896,,,,0,30.0,0,2
75,10,6,9,19,Y6055897,,,,0,30.0,0,2
75,10,6,9,20,Y6055898,,,,0,30.0,0,0
75,10,6,9,21,Y6055899,,,,0,30.0,0,0
75,10,6,9,22,Y6055900,,,,0,30.0,0,0
75,10,6,9,23,Y6055901,,,,0,30.0,0,0
75,10,6,9,24,Y6055902,,,,0,30.0,0,0
75,10,6,9,25,Y6055903,,,,0,30.0,0,0
75,10,6,9,26,Y6055904,,,,0,30.0,0,0
75,10,6,9,27,Y6055905,,,,0,30.0,0,0
75,10,6,9,28,Y6055906,,,,0,30.0,0,0
75,10,6,9,29,Y6055907,,,,0,30.0,0,0
75,10,6,9,30,Y6055908,,,,0,30.0,0,0
75,10,6,10,10,Y6055909,,,,0,30.0,0,0
75,10,6,10,11,Y6055910,,,,0,30.0,0,0
75,10,6,10,12,Y6055911,,,,0,30.0,0,0
75,10,6,10,13,Y6055912,,,,0,30.0,0,0
75,10,6,10,14,Y6055913,,,,0,30.0,0,0
75,10,6,10,15,Y6055914,,,,0,30.0,0,0
75,10,6,10,16,Y6055915,,,,0,30.0,0,2
75,10,6,10,17,Y6055916,,,,0,30.0,0,2
75,10,6,10,18,Y6055917,,,,0,30.0,0,2
75,10,6,10,19,Y6055918,,,,0,30.0,0,2
75,10,6,10,20,Y6055919,,,,0,30.0,0,2
75,10,6,10,21,Y6055920,,,,0,30.0,0,0
75,10,6,10,22,Y6055921,,,,0,30.0,0,0
75,10,6,10,23,Y6055922,,,,0,30.0,0,0
75,10,6,10,24,Y6055923,,,,0,30.0,0,0
75,10,6,10,25,Y6055924,,,,0,30.0,0,0
75,10,6,10,26,Y6055925,,,,0,30.0,0,0
75,10,6,10,27,Y6055926,,,,0,30.0,0,0
75,10,6,10,28,Y6055927,,,,0,30.0,0,0
75,10,6,10,29,Y6055928,,,,0,30.0,0,0
75,10,6,10,30,Y6055929,,,,0,30.0,0,0
75,10,6,11,10,Y6055930,,,,0,30.0,0,0
75,10,6,11,11,Y6055931,,,,0,30.0,0,0
75,10,6,11,12,Y6055932,,,,0,30.0,0,0
75,10,6,11,13,Y6055933,,,,0,30.0,0,0
75,10,6,11,14,Y6055934,,,,0,30.0,0,0
75,10,6,11,15,Y6055935,,,,0,30.0,0,0
75,10,6,11,16,Y6055936,,,,0,30.0,0,2
75,10,6,11,17,Y6055937,,,,0,30.0,0,2
75,10,6,11,18,Y6055938,,,,0,30.0,0,2
75,10,6,11,19,Y6055939,,,,0,30.0,0,2
75,10,6,11,20,Y6055940,,,,0,30.0,0,2
75,10,6,11,21,Y6055941,,,,0,30.0,0,0
75,10,6,11,22,Y6055942,,,,0,30.0,0,0
75,10,6,11,23,Y6055943,,,,0,30.0,0,0
75,10,6,11,24,Y6055944,,,,0,30.0,0,0
75,10,6,11,25,Y6055945,,,,0,30.0,0,0
75,10,6,11,26,Y6055946,,,,0,30.0,0,0
75,10,6,11,27,Y6055947,,,,0,30.0,0,0
75,10,6,11,28,Y6055948,,,,0,30.0,0,0
75,10,6,11,29,Y6055949,,,,0,30.0,0,0
75,10,6,11,30,Y6055950,,,,0,30.0,0,0
75,10,6,12,10,Y6055951,,,,0,30.0,0,0
75,10,6,12,11,Y6055952,,,,0,30.0,0,0
75,10,6,12,12,Y6055953,,,,0,30.0,0,0
75,10,6,12,13,Y6055954,,,,0,30.0,0,0
75,10,6,12,14,Y6055955,,,,0,30.0,0,0
75,10,6,12,15,Y6055956,,,,0,30.0,0,0
75,10,6,12,16,Y6055957,,,,0,30.0,0,2
75,10,6,12,17,Y6055958,,,,0,30.0,0,2
75,10,6,12,18,Y6055959,,,,0,30.0,0,2
75,10,6,12,19,Y6055960,,,,0,30.0,0,2
75,10,6,12,20,Y6055961,,,,0,30.0,0,2
75,10,6,12,21,Y6055962,,,,0,30.0,0,0
75,10,6,12,22,Y6055963,,,,0,30.0,0,0
75,10,6,12,23,Y6055964,,,,0,30.0,0,0
75,10,6,12,24,Y6055965,,,,0,30.0,0,0
75,10,6,12,25,Y6055966,,,,0,30.0,0,0
75,10,6,12,26,Y6055967,,,,0,30.0,0,0
75,10,6,12,27,Y6055968,,,,0,30.0,0,0
75,10,6,12,28,Y6055969,,,,0,30.0,0,0
75,10,6,12,29,Y6055970,,,,0,30.0,0,0
75,10,6,12,30,Y6055971,,,,0,30.0,0,0
75,10,7,1,10,Y6055972,,,,0,30.0,0,0
75,10,7,1,11,Y6055973,,,,0,30.0,0,0
75,10,7,1,12,Y6055974,,,,0,30.0,0,0
75,10,7,1,13,Y6055975,,,,0,30.0,0,0
75,10,7,1,14,Y6055976,,,,0,30.0,0,0
75,10,7,1,15,Y6055977,,,,0,30.0,0,0
75,10,7,1,16,Y6055978,,,,0,30.0,0,0
75,10,7,1,17,Y6055979,,,,0,30.0,0,0
75,10,7,1,18,Y6055980,,,,0,30.0,0,0
75,10,7,1,19,Y6055981,,,,0,30.0,0,0
75,10,7,1,20,Y6055982,,,,0,30.0,0,0
75,10,7,1,21,Y6055983,,,,0,30.0,0,0
75,10,7,1,22,Y6055984,,,,0,30.0,0,0
75,10,7,1,23,Y6055985,,,,0,30.0,0,0
75,10,7,1,24,Y6055986,,,,0,30.0,0,0
75,10,7,1,25,Y6055987,,,,0,30.0,0,0
75,10,7,1,26,Y6055988,,,,0,30.0,0,0
75,10,7,1,27,Y6055989,,,,0,30.0,0,0
75,10,7,1,28,Y6055990,,,,0,30.0,0,0
75,10,7,1,29,Y6055991,,,,0,30.0,0,0
75,10,7,1,30,Y6055992,,,,0,30.0,0,0
75,10,7,2,10,Y6055993,,,,0,30.0,0,0
75,10,7,2,11,Y6055994,,,,0,30.0,0,0
75,10,7,2,12,Y6055995,,,,0,30.0,0,0
75,10,7,2,13,Y6055996,,,,0,30.0,0,0
75,10,7,2,14,Y6055997,,,,0,30.0,0,0
75,10,7,2,15,Y6055998,,,,0,30.0,0,0
75,10,7,2,16,Y6055999,,,,0,30.0,0,0
75,10,7,2,17,Y6056000,,,,0,30.0,0,0
75,10,7,2,18,Y6056001,,,,0,30.0,0,0
75,10,7,2,19,Y6056002,,,,0,30.0,0,0
75,10,7,2,20,Y6056003,,,,0,30.0,0,0
75,10,7,2,21,Y6056004,,,,0,30.0,0,0
75,10,7,2,22,Y6056005,,,,0,30.0,0,0
75,10,7,2,23,Y6056006,,,,0,30.0,0,0
75,10,7,2,24,Y6056007,,,,0,30.0,0,0
75,10,7,2,25,Y6056008,,,,0,30.0,0,0
75,10,7,2,26,Y6056009,,,,0,30.0,0,0
75,10,7,2,27,Y6056010,,,,0,30.0,0,0
75,10,7,2,28,Y6056011,,,,0,30.0,0,0
75,10,7,2,29,Y6056012,,,,0,30.0,0,0
75,10,7,2,30,Y6056013,,,,0,30.0,0,0
75,10,7,3,10,Y6056014,,,,0,30.0,0,0
75,10,7,3,11,Y6056015,,,,0,30.0,0,0
75,10,7,3,12,Y6056016,,,,0,30.0,0,0
75,10,7,3,13,Y6056017,,,,0,30.0,0,0
75,10,7,3,14,Y6056018,,,,0,30.0,0,0
75,10,7,3,15,Y6056019,,,,0,30.0,0,0
75,10,7,3,16,Y6056020,,,,0,30.0,0,0
75,10,7,3,17,Y6056021,,,,0,30.0,0,0
75,10,7,3,18,Y6056022,,,,0,30.0,0,0
75,10,7,3,19,Y6056023,,,,0,30.0,0,0
75,10,7,3,20,Y6056024,,,,0,30.0,0,0
75,10,7,3,21,Y6056025,,,,0,30.0,0,0
75,10,7,3,22,Y6056026,,,,0,30.0,0,0
75,10,7,3,23,Y6056027,,,,0,30.0,0,0
75,10,7,3,24,Y6056028,,,,0,30.0,0,0
75,10,7,3,25,Y6056029,,,,0,30.0,0,0
75,10,7,3,26,Y6056030,,,,0,30.0,0,0
75,10,7,3,27,Y6056031,,,,0,30.0,0,0
75,10,7,3,28,Y6056032,,,,0,30.0,0,0
75,10,7,3,29,Y6056033,,,,0,30.0,0,0
75,10,7,3,30,Y6056034,,,,0,30.0,0,0
75,10,7,4,10,Y6056035,,,,0,30.0,0,0
75,10,7,4,11,Y6056036,,,,0,30.0,0,0
75,10,7,4,12,Y6056037,,,,0,30.0,0,0
75,10,7,4,13,Y6056038,,,,0,30.0,0,0
75,10,7,4,14,Y6056039,,,,0,30.0,0,0
75,10,7,4,15,Y6056040,,,,0,30.0,0,0
75,10,7,4,16,Y6056041,,,,0,30.0,0,0
75,10,7,4,17,Y6056042,,,,0,30.0,0,0
75,10,7,4,18,Y6056043,,,,0,30.0,0,0
75,10,7,4,19,Y6056044,,,,0,30.0,0,0
75,10,7,4,20,Y6056045,,,,0,30.0,0,0
75,10,7,4,21,Y6056046,,,,0,30.0,0,0
75,10,7,4,22,Y6056047,,,,0,30.0,0,0
75,10,7,4,23,Y6056048,,,,0,30.0,0,0
75,10,7,4,24,Y6056049,,,,0,30.0,0,0
75,10,7,4,25,Y6056050,,,,0,30.0,0,0
75,10,7,4,26,Y6056051,,,,0,30.0,0,0
75,10,7,4,27,Y6056052,,,,0,30.0,0,0
75,10,7,4,28,Y6056053,,,,0,30.0,0,0
75,10,7,4,29,Y6056054,,,,0,30.0,0,0
75,10,7,4,30,Y6056055,,,,0,30.0,0,0
75,10,7,5,10,Y6056056,,,,0,30.0,0,0
75,10,7,5,11,Y6056057,,,,0,30.0,0,0
75,10,7,5,12,Y6056058,,,,0,30.0,0,0
75,10,7,5,13,Y6056059,,,,0,30.0,0,0
75,10,7,5,14,Y6056060,,,,0,30.0,0,0
75,10,7,5,15,Y6056061,,,,0,30.0,0,0
75,10,7,5,16,Y6056062,,,,0,30.0,0,0
75,10,7,5,17,Y6056063,,,,0,30.0,0,0
75,10,7,5,18,Y6056064,,,,0,30.0,0,0
75,10,7,5,19,Y6056065,,,,0,30.0,0,0
75,10,7,5,20,Y6056066,,,,0,30.0,0,0
75,10,7,5,21,Y6056067,,,,0,30.0,0,0
75,10,7,5,22,Y6056068,,,,0,30.0,0,0
75,10,7,5,23,Y6056069,,,,0,30.0,0,0
75,10,7,5,24,Y6056070,,,,0,30.0,0,0
75,10,7,5,25,Y6056071,,,,0,30.0,0,0
75,10,7,5,26,Y6056072,,,,0,30.0,0,0
75,10,7,5,27,Y6056073,,,,0,30.0,0,0
75,10,7,5,28,Y6056074,,,,0,30.0,0,0
75,10,7,5,29,Y6056075,,,,0,30.0,0,0
75,10,7,5,30,Y6056076,,,,0,30.0,0,0
75,10,7,6,10,Y6056077,,,,0,30.0,0,0
75,10,7,6,11,Y6056078,,,,0,30.0,0,0
75,10,7,6,12,Y6056079,,,,0,30.0,0,0
75,10,7,6,13,Y6056080,,,,0,30.0,0,0
75,10,7,6,14,Y6056081,,,,0,30.0,0,0
75,10,7,6,15,Y6056082,,,,0,30.0,0,0
75,10,7,6,16,Y6056083,,,,0,30.0,0,0
75,10,7,6,17,Y6056084,,,,0,30.0,0,0
75,10,7,6,18,Y6056085,,,,0,30.0,0,0
75,10,7,6,19,Y6056086,,,,0,30.0,0,0
75,10,7,6,20,Y6056087,,,,0,30.0,0,0
75,10,7,6,21,Y6056088,,,,0,30.0,0,0
75,10,7,6,22,Y6056089,,,,0,30.0,0,0
75,10,7,6,23,Y6056090,,,,0,30.0,0,0
75,10,7,6,24,Y6056091,,,,0,30.0,0,0
75,10,7,6,25,Y6056092,,,,0,30.0,0,0
75,10,7,6,26,Y6056093,,,,0,30.0,0,0
75,10,7,6,27,Y6056094,,,,0,30.0,0,0
75,10,7,6,28,Y6056095,,,,0,30.0,0,0
75,10,7,6,29,Y6056096,,,,0,30.0,0,0
75,10,7,6,30,Y6056097,,,,0,30.0,0,0
75,10,7,7,10,Y6056098,,,,0,30.0,0,0
75,10,7,7,11,Y6056099,,,,0,30.0,0,0
75,10,7,7,12,Y6056100,,,,0,30.0,0,0
75,10,7,7,13,Y6056101,,,,0,30.0,0,0
75,10,7,7,14,Y6056102,,,,0,30.0,0,0
75,10,7,7,15,Y6056103,,,,0,30.0,0,0
75,10,7,7,16,Y6056104,,,,0,30.0,0,0
75,10,7,7,17,Y6056105,,,,0,30.0,0,0
75,10,7,7,18,Y6056106,,,,0,30.0,0,0
75,10,7,7,19,Y6056107,,,,0,30.0,0,0
75,10,7,7,20,Y6056108,,,,0,30.0,0,0
75,10,7,7,21,Y6056109,,,,0,30.0,0,0
75,10,7,7,22,Y6056110,,,,0,30.0,0,0
75,10,7,7,23,Y6056111,,,,0,30.0,0,0
75,10,7,7,24,Y6056112,,,,0,30.0,0,0
75,10,7,7,25,Y6056113,,,,0,30.0,0,0
75,10,7,7,26,Y6056114,,,,0,30.0,0,0
75,10,7,7,27,Y6056115,,,,0,30.0,0,0
75,10,7,7,28,Y6056116,,,,0,30.0,0,0
75,10,7,7,29,Y6056117,,,,0,30.0,0,0
75,10,7,7,30,Y6056118,,,,0,30.0,0,0
75,10,7,8,10,Y6056119,,,,0,30.0,0,0
75,10,7,8,11,Y6056120,,,,0,30.0,0,0
75,10,7,8,12,Y6056121,,,,0,30.0,0,0
75,10,7,8,13,Y6056122,,,,0,30.0,0,0
75,10,7,8,14,Y6056123,,,,0,30.0,0,0
75,10,7,8,15,Y6056124,,,,0,30.0,0,0
75,10,7,8,16,Y6056125,,,,0,30.0,0,0
75,10,7,8,17,Y6056126,,,,0,30.0,0,0
75,10,7,8,18,Y6056127,,,,0,30.0,0,0
75,10,7,8,19,Y6056128,,,,0,30.0,0,0
75,10,7,8,20,Y6056129,,,,0,30.0,0,0
75,10,7,8,21,Y6056130,,,,0,30.0,0,0
75,10,7,8,22,Y6056131,,,,0,30.0,0,0
75,10,7,8,23,Y6056132,,,,0,30.0,0,0
75,10,7,8,24,Y6056133,,,,0,30.0,0,0
75,10,7,8,25,Y6056134,,,,0,30.0,0,0
75,10,7,8,26,Y6056135,,,,0,30.0,0,0
75,10,7,8,27,Y6056136,,,,0,30.0,0,0
75,10,7,8,28,Y6056137,,,,0,30.0,0,0
75,10,7,8,29,Y6056138,,,,0,30.0,0,0
75,10,7,8,30,Y6056139,,,,0,30.0,0,0
75,10,7,9,10,Y6056140,,,,0,30.0,0,0
75,10,7,9,11,Y6056141,,,,0,30.0,0,0
75,10,7,9,12,Y6056142,,,,0,30.0,0,0
75,10,7,9,13,Y6056143,,,,0,30.0,0,0
75,10,7,9,14,Y6056144,,,,0,30.0,0,0
75,10,7,9,15,Y6056145,,,,0,30.0,0,0
75,10,7,9,16,Y6056146,,,,0,30.0,0,0
75,10,7,9,17,Y6056147,,,,0,30.0,0,2
75,10,7,9,18,Y6056148,,,,0,30.0,0,2
75,10,7,9,19,Y6056149,,,,0,30.0,0,2
75,10,7,9,20,Y6056150,,,,0,30.0,0,0
75,10,7,9,21,Y6056151,,,,0,30.0,0,0
75,10,7,9,22,Y6056152,,,,0,30.0,0,0
75,10,7,9,23,Y6056153,,,,0,30.0,0,0
75,10,7,9,24,Y6056154,,,,0,30.0,0,0
75,10,7,9,25,Y6056155,,,,0,30.0,0,0
75,10,7,9,26,Y6056156,,,,0,30.0,0,0
75,10,7,9,27,Y6056157,,,,0,30.0,0,0
75,10,7,9,28,Y6056158,,,,0,30.0,0,0
75,10,7,9,29,Y6056159,,,,0,30.0,0,0
75,10,7,9,30,Y6056160,,,,0,30.0,0,0
75,10,7,10,10,Y6056161,,,,0,30.0,0,0
75,10,7,10,11,Y6056162,,,,0,30.0,0,0
75,10,7,10,12,Y6056163,,,,0,30.0,0,0
75,10,7,10,13,Y6056164,,,,0,30.0,0,0
75,10,7,10,14,Y6056165,,,,0,30.0,0,0
75,10,7,10,15,Y6056166,,,,0,30.0,0,0
75,10,7,10,16,Y6056167,,,,0,30.0,0,2
75,10,7,10,17,Y6056168,,,,0,30.0,0,2
75,10,7,10,18,Y6056169,,,,0,30.0,0,2
75,10,7,10,19,Y6056170,,,,0,30.0,0,2
75,10,7,10,20,Y6056171,,,,0,30.0,0,2
75,10,7,10,21,Y6056172,,,,0,30.0,0,0
75,10,7,10,22,Y6056173,,,,0,30.0,0,0
75,10,7,10,23,Y6056174,,,,0,30.0,0,0
75,10,7,10,24,Y6056175,,,,0,30.0,0,0
75,10,7,10,25,Y6056176,,,,0,30.0,0,0
75,10,7,10,26,Y6056177,,,,0,30.0,0,0
75,10,7,10,27,Y6056178,,,,0,30.0,0,0
75,10,7,10,28,Y6056179,,,,0,30.0,0,0
75,10,7,10,29,Y6056180,,,,0,30.0,0,0
75,10,7,10,30,Y6056181,,,,0,30.0,0,0
75,10,7,11,10,Y6056182,,,,0,30.0,0,0
75,10,7,11,11,Y6056183,,,,0,30.0,0,0
75,10,7,11,12,Y6056184,,,,0,30.0,0,0
75,10,7,11,13,Y6056185,,,,0,30.0,0,0
75,10,7,11,14,Y6056186,,,,0,30.0,0,0
75,10,7,11,15,Y6056187,,,,0,30.0,0,0
75,10,7,11,16,Y6056188,,,,0,30.0,0,2
75,10,7,11,17,Y6056189,,,,0,30.0,0,2
75,10,7,11,18,Y6056190,,,,0,30.0,0,2
75,10,7,11,19,Y6056191,,,,0,30.0,0,2
75,10,7,11,20,Y6056192,,,,0,30.0,0,2
75,10,7,11,21,Y6056193,,,,0,30.0,0,0
75,10,7,11,22,Y6056194,,,,0,30.0,0,0
75,10,7,11,23,Y6056195,,,,0,30.0,0,0
75,10,7,11,24,Y6056196,,,,0,30.0,0,0
75,10,7,11,25,Y6056197,,,,0,30.0,0,0
75,10,7,11,26,Y6056198,,,,0,30.0,0,0
75,10,7,11,27,Y6056199,,,,0,30.0,0,0
75,10,7,11,28,Y6056200,,,,0,30.0,0,0
75,10,7,11,29,Y6056201,,,,0,30.0,0,0
75,10,7,11,30,Y6056202,,,,0,30.0,0,0
75,10,7,12,10,Y6056203,,,,0,30.0,0,0
75,10,7,12,11,Y6056204,,,,0,30.0,0,0
75,10,7,12,12,Y6056205,,,,0,30.0,0,0
75,10,7,12,13,Y6056206,,,,0,30.0,0,0
75,10,7,12,14,Y6056207,,,,0,30.0,0,0
75,10,7,12,15,Y6056208,,,,0,30.0,0,0
75,10,7,12,16,Y6056209,,,,0,30.0,0,2
75,10,7,12,17,Y6056210,,,,0,30.0,0,2
75,10,7,12,18,Y6056211,,,,0,30.0,0,2
75,10,7,12,19,Y6056212,,,,0,30.0,0,2
75,10,7,12,20,Y6056213,,,,0,30.0,0,2
75,10,7,12,21,Y6056214,,,,0,30.0,0,0
75,10,7,12,22,Y6056215,,,,0,30.0,0,0
75,10,7,12,23,Y6056216,,,,0,30.0,0,0
75,10,7,12,24,Y6056217,,,,0,30.0,0,0
75,10,7,12,25,Y6056218,,,,0,30.0,0,0
75,10,7,12,26,Y6056219,,,,0,30.0,0,0
75,10,7,12,27,Y6056220,,,,0,30.0,0,0
75,10,7,12,28,Y6056221,,,,0,30.0,0,0
75,10,7,12,29,Y6056222,,,,0,30.0,0,0
75,10,7,12,30,Y6056223,,,,0,30.0,0,0
75,10,8,1,10,Y6056224,,,,0,30.0,0,0
75,10,8,1,11,Y6056225,,,,0,30.0,0,0
75,10,8,1,12,Y6056226,,,,0,30.0,0,0
75,10,8,1,13,Y6056227,,,,0,30.0,0,0
75,10,8,1,14,Y6056228,,,,0,30.0,0,0
75,10,8,1,15,Y6056229,,,,0,30.0,0,0
75,10,8,1,16,Y6056230,,,,0,30.0,0,0
75,10,8,1,17,Y6056231,,,,0,30.0,0,0
75,10,8,1,18,Y6056232,,,,0,30.0,0,0
75,10,8,1,19,Y6056233,,,,0,30.0,0,0
75,10,8,1,20,Y6056234,,,,0,30.0,0,0
75,10,8,1,21,Y6056235,,,,0,30.0,0,0
75,10,8,1,22,Y6056236,,,,0,30.0,0,0
75,10,8,1,23,Y6056237,,,,0,30.0,0,0
75,10,8,1,24,Y6056238,,,,0,30.0,0,0
75,10,8,1,25,Y6056239,,,,0,30.0,0,0
75,10,8,1,26,Y6056240,,,,0,30.0,0,0
75,10,8,1,27,Y6056241,,,,0,30.0,0,0
75,10,8,1,28,Y6056242,,,,0,30.0,0,0
75,10,8,1,29,Y6056243,,,,0,30.0,0,0
75,10,8,1,30,Y6056244,,,,0,30.0,0,0
75,10,8,2,10,Y6056245,,,,0,30.0,0,0
75,10,8,2,11,Y6056246,,,,0,30.0,0,0
75,10,8,2,12,Y6056247,,,,0,30.0,0,0
75,10,8,2,13,Y6056248,,,,0,30.0,0,0
75,10,8,2,14,Y6056249,,,,0,30.0,0,0
75,10,8,2,15,Y6056250,,,,0,30.0,0,0
75,10,8,2,16,Y6056251,,,,0,30.0,0,0
75,10,8,2,17,Y6056252,,,,0,30.0,0,0
75,10,8,2,18,Y6056253,,,,0,30.0,0,0
75,10,8,2,19,Y6056254,,,,0,30.0,0,0
75,10,8,2,20,Y6056255,,,,0,30.0,0,0
75,10,8,2,21,Y6056256,,,,0,30.0,0,0
75,10,8,2,22,Y6056257,,,,0,30.0,0,0
75,10,8,2,23,Y6056258,,,,0,30.0,0,0
75,10,8,2,24,Y6056259,,,,0,30.0,0,0
75,10,8,2,25,Y6056260,,,,0,30.0,0,0
75,10,8,2,26,Y6056261,,,,0,30.0,0,0
75,10,8,2,27,Y6056262,,,,0,30.0,0,0
75,10,8,2,28,Y6056263,,,,0,30.0,0,0
75,10,8,2,29,Y6056264,,,,0,30.0,0,0
75,10,8,2,30,Y6056265,,,,0,30.0,0,0
75,10,8,3,10,Y6056266,,,,0,30.0,0,0
75,10,8,3,11,Y6056267,,,,0,30.0,0,0
75,10,8,3,12,Y6056268,,,,0,30.0,0,0
75,10,8,3,13,Y6056269,,,,0,30.0,0,0
75,10,8,3,14,Y6056270,,,,0,30.0,0,0
75,10,8,3,15,Y6056271,,,,0,30.0,0,0
75,10,8,3,16,Y6056272,,,,0,30.0,0,0
75,10,8,3,17,Y6056273,,,,0,30.0,0,0
75,10,8,3,18,Y6056274,,,,0,30.0,0,0
75,10,8,3,19,Y6056275,,,,0,30.0,0,0
75,10,8,3,20,Y6056276,,,,0,30.0,0,0
75,10,8,3,21,Y6056277,,,,0,30.0,0,0
75,10,8,3,22,Y6056278,,,,0,30.0,0,0
75,10,8,3,23,Y6056279,,,,0,30.0,0,0
75,10,8,3,24,Y6056280,,,,0,30.0,0,0
75,10,8,3,25,Y6056281,,,,0,30.0,0,0
75,10,8,3,26,Y6056282,,,,0,30.0,0,0
75,10,8,3,27,Y6056283,,,,0,30.0,0,0
75,10,8,3,28,Y6056284,,,,0,30.0,0,0
75,10,8,3,29,Y6056285,,,,0,30.0,0,0
75,10,8,3,30,Y6056286,,,,0,30.0,0,0
75,10,8,4,10,Y6056287,,,,0,30.0,0,0
75,10,8,4,11,Y6056288,,,,0,30.0,0,0
75,10,8,4,12,Y6056289,,,,0,30.0,0,0
75,10,8,4,13,Y6056290,,,,0,30.0,0,0
75,10,8,4,14,Y6056291,,,,0,30.0,0,0
75,10,8,4,15,Y6056292,,,,0,30.0,0,0
75,10,8,4,16,Y6056293,,,,0,30.0,0,0
75,10,8,4,17,Y6056294,,,,0,30.0,0,0
75,10,8,4,18,Y6056295,,,,0,30.0,0,0
75,10,8,4,19,Y6056296,,,,0,30.0,0,0
75,10,8,4,20,Y6056297,,,,0,30.0,0,0
75,10,8,4,21,Y6056298,,,,0,30.0,0,0
75,10,8,4,22,Y6056299,,,,0,30.0,0,0
75,10,8,4,23,Y6056300,,,,0,30.0,0,0
75,10,8,4,24,Y6056301,,,,0,30.0,0,0
75,10,8,4,25,Y6056302,,,,0,30.0,0,0
75,10,8,4,26,Y6056303,,,,0,30.0,0,0
75,10,8,4,27,Y6056304,,,,0,30.0,0,0
75,10,8,4,28,Y6056305,,,,0,30.0,0,0
75,10,8,4,29,Y6056306,,,,0,30.0,0,0
75,10,8,4,30,Y6056307,,,,0,30.0,0,0
75,10,8,5,10,Y6056308,,,,0,30.0,0,0
75,10,8,5,11,Y6056309,,,,0,30.0,0,0
75,10,8,5,12,Y6056310,,,,0,30.0,0,0
75,10,8,5,13,Y6056311,,,,0,30.0,0,0
75,10,8,5,14,Y6056312,,,,0,30.0,0,0
75,10,8,5,15,Y6056313,,,,0,30.0,0,0
75,10,8,5,16,Y6056314,,,,0,30.0,0,0
75,10,8,5,17,Y6056315,,,,0,30.0,0,0
75,10,8,5,18,Y6056316,,,,0,30.0,0,0
75,10,8,5,19,Y6056317,,,,0,30.0,0,0
75,10,8,5,20,Y6056318,,,,0,30.0,0,0
75,10,8,5,21,Y6056319,,,,0,30.0,0,0
75,10,8,5,22,Y6056320,,,,0,30.0,0,0
75,10,8,5,23,Y6056321,,,,0,30.0,0,0
75,10,8,5,24,Y6056322,,,,0,30.0,0,0
75,10,8,5,25,Y6056323,,,,0,30.0,0,0
75,10,8,5,26,Y6056324,,,,0,30.0,0,0
75,10,8,5,27,Y6056325,,,,0,30.0,0,0
75,10,8,5,28,Y6056326,,,,0,30.0,0,0
75,10,8,5,29,Y6056327,,,,0,30.0,0,0
75,10,8,5,30,Y6056328,,,,0,30.0,0,0
75,10,8,6,10,Y6056329,,,,0,30.0,0,0
75,10,8,6,11,Y6056330,,,,0,30.0,0,0
75,10,8,6,12,Y6056331,,,,0,30.0,0,0
75,10,8,6,13,Y6056332,,,,0,30.0,0,0
75,10,8,6,14,Y6056333,,,,0,30.0,0,0
75,10,8,6,15,Y6056334,,,,0,30.0,0,0
75,10,8,6,16,Y6056335,,,,0,30.0,0,0
75,10,8,6,17,Y6056336,,,,0,30.0,0,0
75,10,8,6,18,Y6056337,,,,0,30.0,0,0
75,10,8,6,19,Y6056338,,,,0,30.0,0,0
75,10,8,6,20,Y6056339,,,,0,30.0,0,0
75,10,8,6,21,Y6056340,,,,0,30.0,0,0
75,10,8,6,22,Y6056341,,,,0,30.0,0,0
75,10,8,6,23,Y6056342,,,,0,30.0,0,0
75,10,8,6,24,Y6056343,,,,0,30.0,0,0
75,10,8,6,25,Y6056344,,,,0,30.0,0,0
75,10,8,6,26,Y6056345,,,,0,30.0,0,0
75,10,8,6,27,Y6056346,,,,0,30.0,0,0
75,10,8,6,28,Y6056347,,,,0,30.0,0,0
75,10,8,6,29,Y6056348,,,,0,30.0,0,0
75,10,8,6,30,Y6056349,,,,0,30.0,0,0
75,10,8,7,10,Y6056350,,,,0,30.0,0,0
75,10,8,7,11,Y6056351,,,,0,30.0,0,0
75,10,8,7,12,Y6056352,,,,0,30.0,0,0
75,10,8,7,13,Y6056353,,,,0,30.0,0,0
75,10,8,7,14,Y6056354,,,,0,30.0,0,0
75,10,8,7,15,Y6056355,,,,0,30.0,0,0
75,10,8,7,16,Y6056356,,,,0,30.0,0,0
75,10,8,7,17,Y6056357,,,,0,30.0,0,0
75,10,8,7,18,Y6056358,,,,0,30.0,0,0
75,10,8,7,19,Y6056359,,,,0,30.0,0,0
75,10,8,7,20,Y6056360,,,,0,30.0,0,0
75,10,8,7,21,Y6056361,,,,0,30.0,0,0
75,10,8,7,22,Y6056362,,,,0,30.0,0,0
75,10,8,7,23,Y6056363,,,,0,30.0,0,0
75,10,8,7,24,Y6056364,,,,0,30.0,0,0
75,10,8,7,25,Y6056365,,,,0,30.0,0,0
75,10,8,7,26,Y6056366,,,,0,30.0,0,0
75,10,8,7,27,Y6056367,,,,0,30.0,0,0
75,10,8,7,28,Y6056368,,,,0,30.0,0,0
75,10,8,7,29,Y6056369,,,,0,30.0,0,0
75,10,8,7,30,Y6056370,,,,0,30.0,0,0
75,10,8,8,10,Y6056371,,,,0,30.0,0,0
75,10,8,8,11,Y6056372,,,,0,30.0,0,0
75,10,8,8,12,Y6056373,,,,0,30.0,0,0
75,10,8,8,13,Y6056374,,,,0,30.0,0,0
75,10,8,8,14,Y6056375,,,,0,30.0,0,0
75,10,8,8,15,Y6056376,,,,0,30.0,0,0
75,10,8,8,16,Y6056377,,,,0,30.0,0,0
75,10,8,8,17,Y6056378,,,,0,30.0,0,0
75,10,8,8,18,Y6056379,,,,0,30.0,0,0
75,10,8,8,19,Y6056380,,,,0,30.0,0,0
75,10,8,8,20,Y6056381,,,,0,30.0,0,0
75,10,8,8,21,Y6056382,,,,0,30.0,0,0
75,10,8,8,22,Y6056383,,,,0,30.0,0,0
75,10,8,8,23,Y6056384,,,,0,30.0,0,0
75,10,8,8,24,Y6056385,,,,0,30.0,0,0
75,10,8,8,25,Y6056386,,,,0,30.0,0,0
75,10,8,8,26,Y6056387,,,,0,30.0,0,0
75,10,8,8,27,Y6056388,,,,0,30.0,0,0
75,10,8,8,28,Y6056389,,,,0,30.0,0,0
75,10,8,8,29,Y6056390,,,,0,30.0,0,0
75,10,8,8,30,Y6056391,,,,0,30.0,0,0
75,10,8,9,10,Y6056392,,,,0,30.0,0,0
75,10,8,9,11,Y6056393,,,,0,30.0,0,0
75,10,8,9,12,Y6056394,,,,0,30.0,0,0
75,10,8,9,13,Y6056395,,,,0,30.0,0,0
75,10,8,9,14,Y6056396,,,,0,30.0,0,0
75,10,8,9,15,Y6056397,,,,0,30.0,0,0
75,10,8,9,16,Y6056398,,,,0,30.0,0,0
75,10,8,9,17,Y6056399,,,,0,30.0,0,0
75,10,8,9,18,Y6056400,,,,0,30.0,0,0
75,10,8,9,19,Y6056401,,,,0,30.0,0,0
75,10,8,9,20,Y6056402,,,,0,30.0,0,0
75,10,8,9,21,Y6056403,,,,0,30.0,0,0
75,10,8,9,22,Y6056404,,,,0,30.0,0,0
75,10,8,9,23,Y6056405,,,,0,30.0,0,0
75,10,8,9,24,Y6056406,,,,0,30.0,0,0
75,10,8,9,25,Y6056407,,,,0,30.0,0,0
75,10,8,9,26,Y6056408,,,,0,30.0,0,0
75,10,8,9,27,Y6056409,,,,0,30.0,0,0
75,10,8,9,28,Y6056410,,,,0,30.0,0,0
75,10,8,9,29,Y6056411,,,,0,30.0,0,0
75,10,8,9,30,Y6056412,,,,0,30.0,0,0
75,10,8,10,10,Y6056413,,,,0,30.0,0,0
75,10,8,10,11,Y6056414,,,,0,30.0,0,0
75,10,8,10,12,Y6056415,,,,0,30.0,0,0
75,10,8,10,13,Y6056416,,,,0,30.0,0,0
75,10,8,10,14,Y6056417,,,,0,30.0,0,0
75,10,8,10,15,Y6056418,,,,0,30.0,0,0
75,10,8,10,16,Y6056419,,,,0,30.0,0,0
75,10,8,10,17,Y6056420,,,,0,30.0,0,2
75,10,8,10,18,Y6056421,,,,0,30.0,0,2
75,10,8,10,19,Y6056422,,,,0,30.0,0,2
75,10,8,10,20,Y6056423,,,,0,30.0,0,0
75,10,8,10,21,Y6056424,,,,0,30.0,0,0
75,10,8,10,22,Y6056425,,,,0,30.0,0,0
75,10,8,10,23,Y6056426,,,,0,30.0,0,0
75,10,8,10,24,Y6056427,,,,0,30.0,0,0
75,10,8,10,25,Y6056428,,,,0,30.0,0,0
75,10,8,10,26,Y6056429,,,,0,30.0,0,0
75,10,8,10,27,Y6056430,,,,0,30.0,0,0
75,10,8,10,28,Y6056431,,,,0,30.0,0,0
75,10,8,10,29,Y6056432,,,,0,30.0,0,0
75,10,8,10,30,Y6056433,,,,0,30.0,0,0
75,10,8,11,10,Y6056434,,,,0,30.0,0,0
75,10,8,11,11,Y6056435,,,,0,30.0,0,0
75,10,8,11,12,Y6056436,,,,0,30.0,0,0
75,10,8,11,13,Y6056437,,,,0,30.0,0,0
75,10,8,11,14,Y6056438,,,,0,30.0,0,0
75,10,8,11,15,Y6056439,,,,0,30.0,0,0
75,10,8,11,16,Y6056440,,,,0,30.0,0,0
75,10,8,11,17,Y6056441,,,,0,30.0,0,2
75,10,8,11,18,Y6056442,,,,0,30.0,0,2
75,10,8,11,19,Y6056443,,,,0,30.0,0,2
75,10,8,11,20,Y6056444,,,,0,30.0,0,0
75,10,8,11,21,Y6056445,,,,0,30.0,0,0
75,10,8,11,22,Y6056446,,,,0,30.0,0,0
75,10,8,11,23,Y6056447,,,,0,30.0,0,0
75,10,8,11,24,Y6056448,,,,0,30.0,0,0
75,10,8,11,25,Y6056449,,,,0,30.0,0,0
75,10,8,11,26,Y6056450,,,,0,30.0,0,0
75,10,8,11,27,Y6056451,,,,0,30.0,0,0
75,10,8,11,28,Y6056452,,,,0,30.0,0,0
75,10,8,11,29,Y6056453,,,,0,30.0,0,0
75,10,8,11,30,Y6056454,,,,0,30.0,0,0
75,10,8,12,10,Y6056455,,,,0,30.0,0,0
75,10,8,12,11,Y6056456,,,,0,30.0,0,0
75,10,8,12,12,Y6056457,,,,0,30.0,0,0
75,10,8,12,13,Y6056458,,,,0,30.0,0,0
75,10,8,12,14,Y6056459,,,,0,30.0,0,0
75,10,8,12,15,Y6056460,,,,0,30.0,0,0
75,10,8,12,16,Y6056461,,,,0,30.0,0,0
75,10,8,12,17,Y6056462,,,,0,30.0,0,2
75,10,8,12,18,Y6056463,,,,0,30.0,0,2
75,10,8,12,19,Y6056464,,,,0,30.0,0,2
75,10,8,12,20,Y6056465,,,,0,30.0,0,0
75,10,8,12,21,Y6056466,,,,0,30.0,0,0
75,10,8,12,22,Y6056467,,,,0,30.0,0,0
75,10,8,12,23,Y6056468,,,,0,30.0,0,0
75,10,8,12,24,Y6056469,,,,0,30.0,0,0
75,10,8,12,25,Y6056470,,,,0,30.0,0,0
75,10,8,12,26,Y6056471,,,,0,30.0,0,0
75,10,8,12,27,Y6056472,,,,0,30.0,0,0
75,10,8,12,28,Y6056473,,,,0,30.0,0,0
75,10,8,12,29,Y6056474,,,,0,30.0,0,0
75,10,8,12,30,Y6056475,,,,0,30.0,0,0
75,10,9,1,10,Y6056476,,,,0,30.0,0,0
75,10,9,1,11,Y6056477,,,,0,30.0,0,0
75,10,9,1,12,Y6056478,,,,0,30.0,0,0
75,10,9,1,13,Y6056479,,,,0,30.0,0,0
75,10,9,1,14,Y6056480,,,,0,30.0,0,0
75,10,9,1,15,Y6056481,,,,0,30.0,0,0
75,10,9,1,16,Y6056482,,,,0,30.0,0,0
75,10,9,1,17,Y6056483,,,,0,30.0,0,0
75,10,9,1,18,Y6056484,,,,0,30.0,0,0
75,10,9,1,19,Y6056485,,,,0,30.0,0,0
75,10,9,1,20,Y6056486,,,,0,30.0,0,0
75,10,9,1,21,Y6056487,,,,0,30.0,0,0
75,10,9,1,22,Y6056488,,,,0,30.0,0,0
75,10,9,1,23,Y6056489,,,,0,30.0,0,0
75,10,9,1,24,Y6056490,,,,0,30.0,0,0
75,10,9,1,25,Y6056491,,,,0,30.0,0,0
75,10,9,1,26,Y6056492,,,,0,30.0,0,0
75,10,9,1,27,Y6056493,,,,0,30.0,0,0
75,10,9,1,28,Y6056494,,,,0,30.0,0,0
75,10,9,1,29,Y6056495,,,,0,30.0,0,0
75,10,9,1,30,Y6056496,,,,0,30.0,0,0
75,10,9,2,10,Y6056497,,,,0,30.0,0,0
75,10,9,2,11,Y6056498,,,,0,30.0,0,0
75,10,9,2,12,Y6056499,,,,0,30.0,0,0
75,10,9,2,13,Y6056500,,,,0,30.0,0,0
75,10,9,2,14,Y6056501,,,,0,30.0,0,0
75,10,9,2,15,Y6056502,,,,0,30.0,0,0
75,10,9,2,16,Y6056503,,,,0,30.0,0,0
75,10,9,2,17,Y6056504,,,,0,30.0,0,0
75,10,9,2,18,Y6056505,,,,0,30.0,0,0
75,10,9,2,19,Y6056506,,,,0,30.0,0,0
75,10,9,2,20,Y6056507,,,,0,30.0,0,0
75,10,9,2,21,Y6056508,,,,0,30.0,0,0
75,10,9,2,22,Y6056509,,,,0,30.0,0,0
75,10,9,2,23,Y6056510,,,,0,30.0,0,0
75,10,9,2,24,Y6056511,,,,0,30.0,0,0
75,10,9,2,25,Y6056512,,,,0,30.0,0,0
75,10,9,2,26,Y6056513,,,,0,30.0,0,0
75,10,9,2,27,Y6056514,,,,0,30.0,0,0
75,10,9,2,28,Y6056515,,,,0,30.0,0,0
75,10,9,2,29,Y6056516,,,,0,30.0,0,0
75,10,9,2,30,Y6056517,,,,0,30.0,0,0
75,10,9,3,10,Y6056518,,,,0,30.0,0,0
75,10,9,3,11,Y6056519,,,,0,30.0,0,0
75,10,9,3,12,Y6056520,,,,0,30.0,0,0
75,10,9,3,13,Y6056521,,,,0,30.0,0,0
75,10,9,3,14,Y6056522,,,,0,30.0,0,0
75,10,9,3,15,Y6056523,,,,0,30.0,0,0
75,10,9,3,16,Y6056524,,,,0,30.0,0,0
75,10,9,3,17,Y6056525,,,,0,30.0,0,0
75,10,9,3,18,Y6056526,,,,0,30.0,0,0
75,10,9,3,19,Y6056527,,,,0,30.0,0,0
75,10,9,3,20,Y6056528,,,,0,30.0,0,0
75,10,9,3,21,Y6056529,,,,0,30.0,0,0
75,10,9,3,22,Y6056530,,,,0,30.0,0,0
75,10,9,3,23,Y6056531,,,,0,30.0,0,0
75,10,9,3,24,Y6056532,,,,0,30.0,0,0
75,10,9,3,25,Y6056533,,,,0,30.0,0,0
75,10,9,3,26,Y6056534,,,,0,30.0,0,0
75,10,9,3,27,Y6056535,,,,0,30.0,0,0
75,10,9,3,28,Y6056536,,,,0,30.0,0,0
75,10,9,3,29,Y6056537,,,,0,30.0,0,0
75,10,9,3,30,Y6056538,,,,0,30.0,0,0
75,10,9,4,10,Y6056539,,,,0,30.0,0,0
75,10,9,4,11,Y6056540,,,,0,30.0,0,0
75,10,9,4,12,Y6056541,,,,0,30.0,0,0
75,10,9,4,13,Y6056542,,,,0,30.0,0,0
75,10,9,4,14,Y6056543,,,,0,30.0,0,0
75,10,9,4,15,Y6056544,,,,0,30.0,0,0
75,10,9,4,16,Y6056545,,,,0,30.0,0,0
75,10,9,4,17,Y6056546,,,,0,30.0,0,0
75,10,9,4,18,Y6056547,,,,0,30.0,0,0
75,10,9,4,19,Y6056548,,,,0,30.0,0,0
75,10,9,4,20,Y6056549,,,,0,30.0,0,0
75,10,9,4,21,Y6056550,,,,0,30.0,0,0
75,10,9,4,22,Y6056551,,,,0,30.0,0,0
75,10,9,4,23,Y6056552,,,,0,30.0,0,0
75,10,9,4,24,Y6056553,,,,0,30.0,0,0
75,10,9,4,25,Y6056554,,,,0,30.0,0,0
75,10,9,4,26,Y6056555,,,,0,30.0,0,0
75,10,9,4,27,Y6056556,,,,0,30.0,0,0
75,10,9,4,28,Y6056557,,,,0,30.0,0,0
75,10,9,4,29,Y6056558,,,,0,30.0,0,0
75,10,9,4,30,Y6056559,,,,0,30.0,0,0
75,10,9,5,10,Y6056560,,,,0,30.0,0,0
75,10,9,5,11,Y6056561,,,,0,30.0,0,0
75,10,9,5,12,Y6056562,,,,0,30.0,0,0
75,10,9,5,13,Y6056563,,,,0,30.0,0,0
75,10,9,5,14,Y6056564,,,,0,30.0,0,0
75,10,9,5,15,Y6056565,,,,0,30.0,0,0
75,10,9,5,16,Y6056566,,,,0,30.0,0,0
75,10,9,5,17,Y6056567,,,,0,30.0,0,0
75,10,9,5,18,Y6056568,,,,0,30.0,0,0
75,10,9,5,19,Y6056569,,,,0,30.0,0,0
75,10,9,5,20,Y6056570,,,,0,30.0,0,0
75,10,9,5,21,Y6056571,,,,0,30.0,0,0
75,10,9,5,22,Y6056572,,,,0,30.0,0,0
75,10,9,5,23,Y6056573,,,,0,30.0,0,0
75,10,9,5,24,Y6056574,,,,0,30.0,0,0
75,10,9,5,25,Y6056575,,,,0,30.0,0,0
75,10,9,5,26,Y6056576,,,,0,30.0,0,0
75,10,9,5,27,Y6056577,,,,0,30.0,0,0
75,10,9,5,28,Y6056578,,,,0,30.0,0,0
75,10,9,5,29,Y6056579,,,,0,30.0,0,0
75,10,9,5,30,Y6056580,,,,0,30.0,0,0
75,10,9,6,10,Y6056581,,,,0,30.0,0,0
75,10,9,6,11,Y6056582,,,,0,30.0,0,0
75,10,9,6,12,Y6056583,,,,0,30.0,0,0
75,10,9,6,13,Y6056584,,,,0,30.0,0,0
75,10,9,6,14,Y6056585,,,,0,30.0,0,0
75,10,9,6,15,Y6056586,,,,0,30.0,0,0
75,10,9,6,16,Y6056587,,,,0,30.0,0,0
75,10,9,6,17,Y6056588,,,,0,30.0,0,0
75,10,9,6,18,Y6056589,,,,0,30.0,0,0
75,10,9,6,19,Y6056590,,,,0,30.0,0,0
75,10,9,6,20,Y6056591,,,,0,30.0,0,0
75,10,9,6,21,Y6056592,,,,0,30.0,0,0
75,10,9,6,22,Y6056593,,,,0,30.0,0,0
75,10,9,6,23,Y6056594,,,,0,30.0,0,0
75,10,9,6,24,Y6056595,,,,0,30.0,0,0
75,10,9,6,25,Y6056596,,,,0,30.0,0,0
75,10,9,6,26,Y6056597,,,,0,30.0,0,0
75,10,9,6,27,Y6056598,,,,0,30.0,0,0
75,10,9,6,28,Y6056599,,,,0,30.0,0,0
75,10,9,6,29,Y6056600,,,,0,30.0,0,0
75,10,9,6,30,Y6056601,,,,0,30.0,0,0
75,10,9,7,10,Y6056602,,,,0,30.0,0,0
75,10,9,7,11,Y6056603,,,,0,30.0,0,0
75,10,9,7,12,Y6056604,,,,0,30.0,0,0
75,10,9,7,13,Y6056605,,,,0,30.0,0,0
75,10,9,7,14,Y6056606,,,,0,30.0,0,0
75,10,9,7,15,Y6056607,,,,0,30.0,0,0
75,10,9,7,16,Y6056608,,,,0,30.0,0,0
75,10,9,7,17,Y6056609,,,,0,30.0,0,0
75,10,9,7,18,Y6056610,,,,0,30.0,0,0
75,10,9,7,19,Y6056611,,,,0,30.0,0,0
75,10,9,7,20,Y6056612,,,,0,30.0,0,0
75,10,9,7,21,Y6056613,,,,0,30.0,0,0
75,10,9,7,22,Y6056614,,,,0,30.0,0,0
75,10,9,7,23,Y6056615,,,,0,30.0,0,0
75,10,9,7,24,Y6056616,,,,0,30.0,0,0
75,10,9,7,25,Y6056617,,,,0,30.0,0,0
75,10,9,7,26,Y6056618,,,,0,30.0,0,0
75,10,9,7,27,Y6056619,,,,0,30.0,0,0
75,10,9,7,28,Y6056620,,,,0,30.0,0,0
75,10,9,7,29,Y6056621,,,,0,30.0,0,0
75,10,9,7,30,Y6056622,,,,0,30.0,0,0
75,10,9,8,10,Y6056623,,,,0,30.0,0,0
75,10,9,8,11,Y6056624,,,,0,30.0,0,0
75,10,9,8,12,Y6056625,,,,0,30.0,0,0
75,10,9,8,13,Y6056626,,,,0,30.0,0,0
75,10,9,8,14,Y6056627,,,,0,30.0,0,0
75,10,9,8,15,Y6056628,,,,0,30.0,0,0
75,10,9,8,16,Y6056629,,,,0,30.0,0,0
75,10,9,8,17,Y6056630,,,,0,30.0,0,0
75,10,9,8,18,Y6056631,,,,0,30.0,0,0
75,10,9,8,19,Y6056632,,,,0,30.0,0,0
75,10,9,8,20,Y6056633,,,,0,30.0,0,0
75,10,9,8,21,Y6056634,,,,0,30.0,0,0
75,10,9,8,22,Y6056635,,,,0,30.0,0,0
75,10,9,8,23,Y6056636,,,,0,30.0,0,0
75,10,9,8,24,Y6056637,,,,0,30.0,0,0
75,10,9,8,25,Y6056638,,,,0,30.0,0,0
75,10,9,8,26,Y6056639,,,,0,30.0,0,0
75,10,9,8,27,Y6056640,,,,0,30.0,0,0
75,10,9,8,28,Y6056641,,,,0,30.0,0,0
75,10,9,8,29,Y6056642,,,,0,30.0,0,0
75,10,9,8,30,Y6056643,,,,0,30.0,0,0
75,10,9,9,10,Y6056644,,,,0,30.0,0,0
75,10,9,9,11,Y6056645,,,,0,30.0,0,0
75,10,9,9,12,Y6056646,,,,0,30.0,0,0
75,10,9,9,13,Y6056647,,,,0,30.0,0,0
75,10,9,9,14,Y6056648,,,,0,30.0,0,0
75,10,9,9,15,Y6056649,,,,0,30.0,0,0
75,10,9,9,16,Y6056650,,,,0,30.0,0,0
75,10,9,9,17,Y6056651,,,,0,30.0,0,0
75,10,9,9,18,Y6056652,,,,0,30.0,0,0
75,10,9,9,19,Y6056653,,,,0,30.0,0,0
75,10,9,9,20,Y6056654,,,,0,30.0,0,0
75,10,9,9,21,Y6056655,,,,0,30.0,0,0
75,10,9,9,22,Y6056656,,,,0,30.0,0,0
75,10,9,9,23,Y6056657,,,,0,30.0,0,0
75,10,9,9,24,Y6056658,,,,0,30.0,0,0
75,10,9,9,25,Y6056659,,,,0,30.0,0,0
75,10,9,9,26,Y6056660,,,,0,30.0,0,0
75,10,9,9,27,Y6056661,,,,0,30.0,0,0
75,10,9,9,28,Y6056662,,,,0,30.0,0,0
75,10,9,9,29,Y6056663,,,,0,30.0,0,0
75,10,9,9,30,Y6056664,,,,0,30.0,0,0
75,10,9,10,10,Y6056665,,,,0,30.0,0,0
75,10,9,10,11,Y6056666,,,,0,30.0,0,0
75,10,9,10,12,Y6056667,,,,0,30.0,0,0
75,10,9,10,13,Y6056668,,,,0,30.0,0,0
75,10,9,10,14,Y6056669,,,,0,30.0,0,0
75,10,9,10,15,Y6056670,,,,0,30.0,0,0
75,10,9,10,16,Y6056671,,,,0,30.0,0,0
75,10,9,10,17,Y6056672,,,,0,30.0,0,0
75,10,9,10,18,Y6056673,,,,0,30.0,0,0
75,10,9,10,19,Y6056674,,,,0,30.0,0,0
75,10,9,10,20,Y6056675,,,,0,30.0,0,0
75,10,9,10,21,Y6056676,,,,0,30.0,0,0
75,10,9,10,22,Y6056677,,,,0,30.0,0,0
75,10,9,10,23,Y6056678,,,,0,30.0,0,0
75,10,9,10,24,Y6056679,,,,0,30.0,0,0
75,10,9,10,25,Y6056680,,,,0,30.0,0,0
75,10,9,10,26,Y6056681,,,,0,30.0,0,0
75,10,9,10,27,Y6056682,,,,0,30.0,0,0
75,10,9,10,28,Y6056683,,,,0,30.0,0,0
75,10,9,10,29,Y6056684,,,,0,30.0,0,0
75,10,9,10,30,Y6056685,,,,0,30.0,0,0
75,10,9,11,10,Y6056686,,,,0,30.0,0,0
75,10,9,11,11,Y6056687,,,,0,30.0,0,0
75,10,9,11,12,Y6056688,,,,0,30.0,0,0
75,10,9,11,13,Y6056689,,,,0,30.0,0,0
75,10,9,11,14,Y6056690,,,,0,30.0,0,0
75,10,9,11,15,Y6056691,,,,0,30.0,0,0
75,10,9,11,16,Y6056692,,,,0,30.0,0,0
75,10,9,11,17,Y6056693,,,,0,30.0,0,0
75,10,9,11,18,Y6056694,,,,0,30.0,0,0
75,10,9,11,19,Y6056695,,,,0,30.0,0,0
75,10,9,11,20,Y6056696,,,,0,30.0,0,0
75,10,9,11,21,Y6056697,,,,0,30.0,0,0
75,10,9,11,22,Y6056698,,,,0,30.0,0,0
75,10,9,11,23,Y6056699,,,,0,30.0,0,0
75,10,9,11,24,Y6056700,,,,0,30.0,0,0
75,10,9,11,25,Y6056701,,,,0,30.0,0,0
75,10,9,11,26,Y6056702,,,,0,30.0,0,0
75,10,9,11,27,Y6056703,,,,0,30.0,0,0
75,10,9,11,28,Y6056704,,,,0,30.0,0,0
75,10,9,11,29,Y6056705,,,,0,30.0,0,0
75,10,9,11,30,Y6056706,,,,0,30.0,0,0
75,10,9,12,10,Y6056707,,,,0,30.0,0,0
75,10,9,12,11,Y6056708,,,,0,30.0,0,0
75,10,9,12,12,Y6056709,,,,0,30.0,0,0
75,10,9,12,13,Y6056710,,,,0,30.0,0,0
75,10,9,12,14,Y6056711,,,,0,30.0,0,0
75,10,9,12,15,Y6056712,,,,0,30.0,0,0
75,10,9,12,16,Y6056713,,,,0,30.0,0,0
75,10,9,12,17,Y6056714,,,,0,30.0,0,0
75,10,9,12,18,Y6056715,,,,3100,30.0,0,0
75,10,9,12,19,Y6056716,,,,0,30.0,0,0
75,10,9,12,20,Y6056717,,,,0,30.0,0,0
75,10,9,12,21,Y6056718,,,,0,30.0,0,0
75,10,9,12,22,Y6056719,,,,0,30.0,0,0
75,10,9,12,23,Y6056720,,,,0,30.0,0,0
75,10,9,12,24,Y6056721,,,,0,30.0,0,0
75,10,9,12,25,Y6056722,,,,0,30.0,0,0
75,10,9,12,26,Y6056723,,,,0,30.0,0,0
75,10,9,12,27,Y6056724,,,,0,30.0,0,0
75,10,9,12,28,Y6056725,,,,0,30.0,0,0
75,10,9,12,29,Y6056726,,,,0,30.0,0,0
75,10,9,12,30,Y6056727,,,,0,30.0,0,0
75,10,10,1,10,Y6056728,,,,0,30.0,0,0
75,10,10,1,11,Y6056729,,,,0,30.0,0,0
75,10,10,1,12,Y6056730,,,,0,30.0,0,0
75,10,10,1,13,Y6056731,,,,0,30.0,0,0
75,10,10,1,14,Y6056732,,,,0,30.0,0,0
75,10,10,1,15,Y6056733,,,,0,30.0,0,0
75,10,10,1,16,Y6056734,,,,0,30.0,0,0
75,10,10,1,17,Y6056735,,,,0,30.0,0,0
75,10,10,1,18,Y6056736,,,,0,30.0,0,0
75,10,10,1,19,Y6056737,,,,0,30.0,0,0
75,10,10,1,20,Y6056738,,,,0,30.0,0,0
75,10,10,1,21,Y6056739,,,,0,30.0,0,0
75,10,10,1,22,Y6056740,,,,0,30.0,0,0
75,10,10,1,23,Y6056741,,,,0,30.0,0,0
75,10,10,1,24,Y6056742,,,,0,30.0,0,0
75,10,10,1,25,Y6056743,,,,0,30.0,0,0
75,10,10,1,26,Y6056744,,,,0,30.0,0,0
75,10,10,1,27,Y6056745,,,,0,30.0,0,0
75,10,10,1,28,Y6056746,,,,0,30.0,0,0
75,10,10,1,29,Y6056747,,,,0,30.0,0,0
75,10,10,1,30,Y6056748,,,,0,30.0,0,0
75,10,10,2,10,Y6056749,,,,0,30.0,0,0
75,10,10,2,11,Y6056750,,,,0,30.0,0,0
75,10,10,2,12,Y6056751,,,,0,30.0,0,0
75,10,10,2,13,Y6056752,,,,0,30.0,0,0
75,10,10,2,14,Y6056753,,,,0,30.0,0,0
75,10,10,2,15,Y6056754,,,,0,30.0,0,0
75,10,10,2,16,Y6056755,,,,0,30.0,0,0
75,10,10,2,17,Y6056756,,,,0,30.0,0,0
75,10,10,2,18,Y6056757,,,,0,30.0,0,0
75,10,10,2,19,Y6056758,,,,0,30.0,0,0
75,10,10,2,20,Y6056759,,,,0,30.0,0,0
75,10,10,2,21,Y6056760,,,,0,30.0,0,0
75,10,10,2,22,Y6056761,,,,0,30.0,0,0
75,10,10,2,23,Y6056762,,,,0,30.0,0,0
75,10,10,2,24,Y6056763,,,,0,30.0,0,0
75,10,10,2,25,Y6056764,,,,0,30.0,0,0
75,10,10,2,26,Y6056765,,,,0,30.0,0,0
75,10,10,2,27,Y6056766,,,,0,30.0,0,0
75,10,10,2,28,Y6056767,,,,0,30.0,0,0
75,10,10,2,29,Y6056768,,,,0,30.0,0,0
75,10,10,2,30,Y6056769,,,,0,30.0,0,0
75,10,10,3,10,Y6056770,,,,0,30.0,0,0
75,10,10,3,11,Y6056771,,,,0,30.0,0,0
75,10,10,3,12,Y6056772,,,,0,30.0,0,0
75,10,10,3,13,Y6056773,,,,0,30.0,0,0
75,10,10,3,14,Y6056774,,,,0,30.0,0,0
75,10,10,3,15,Y6056775,,,,0,30.0,0,0
75,10,10,3,16,Y6056776,,,,0,30.0,0,0
75,10,10,3,17,Y6056777,,,,0,30.0,0,0
75,10,10,3,18,Y6056778,,,,0,30.0,0,0
75,10,10,3,19,Y6056779,,,,0,30.0,0,0
75,10,10,3,20,Y6056780,,,,0,30.0,0,0
75,10,10,3,21,Y6056781,,,,0,30.0,0,0
75,10,10,3,22,Y6056782,,,,0,30.0,0,0
75,10,10,3,23,Y6056783,,,,0,30.0,0,0
75,10,10,3,24,Y6056784,,,,0,30.0,0,0
75,10,10,3,25,Y6056785,,,,0,30.0,0,0
75,10,10,3,26,Y6056786,,,,0,30.0,0,0
75,10,10,3,27,Y6056787,,,,0,30.0,0,0
75,10,10,3,28,Y6056788,,,,0,30.0,0,0
75,10,10,3,29,Y6056789,,,,0,30.0,0,0
75,10,10,3,30,Y6056790,,,,0,30.0,0,0
75,10,10,4,10,Y6056791,,,,0,30.0,0,0
75,10,10,4,11,Y6056792,,,,0,30.0,0,0
75,10,10,4,12,Y6056793,,,,0,30.0,0,0
75,10,10,4,13,Y6056794,,,,0,30.0,0,0
75,10,10,4,14,Y6056795,,,,0,30.0,0,0
75,10,10,4,15,Y6056796,,,,0,30.0,0,0
75,10,10,4,16,Y6056797,,,,0,30.0,0,0
75,10,10,4,17,Y6056798,,,,0,30.0,0,0
75,10,10,4,18,Y6056799,,,,0,30.0,0,0
75,10,10,4,19,Y6056800,,,,0,30.0,0,0
75,10,10,4,20,Y6056801,,,,0,30.0,0,0
75,10,10,4,21,Y6056802,,,,0,30.0,0,0
75,10,10,4,22,Y6056803,,,,0,30.0,0,0
75,10,10,4,23,Y6056804,,,,0,30.0,0,0
75,10,10,4,24,Y6056805,,,,0,30.0,0,0
75,10,10,4,25,Y6056806,,,,0,30.0,0,0
75,10,10,4,26,Y6056807,,,,0,30.0,0,0
75,10,10,4,27,Y6056808,,,,0,30.0,0,0
75,10,10,4,28,Y6056809,,,,0,30.0,0,0
75,10,10,4,29,Y6056810,,,,0,30.0,0,0
75,10,10,4,30,Y6056811,,,,0,30.0,0,0
75,10,10,5,10,Y6056812,,,,0,30.0,0,0
75,10,10,5,11,Y6056813,,,,0,30.0,0,0
75,10,10,5,12,Y6056814,,,,0,30.0,0,0
75,10,10,5,13,Y6056815,,,,0,30.0,0,0
75,10,10,5,14,Y6056816,,,,0,30.0,0,0
75,10,10,5,15,Y6056817,,,,0,30.0,0,0
75,10,10,5,16,Y6056818,,,,0,30.0,0,0
75,10,10,5,17,Y6056819,,,,0,30.0,0,0
75,10,10,5,18,Y6056820,,,,0,30.0,0,0
75,10,10,5,19,Y6056821,,,,0,30.0,0,0
75,10,10,5,20,Y6056822,,,,0,30.0,0,0
75,10,10,5,21,Y6056823,,,,0,30.0,0,0
75,10,10,5,22,Y6056824,,,,0,30.0,0,0
75,10,10,5,23,Y6056825,,,,0,30.0,0,0
75,10,10,5,24,Y6056826,,,,0,30.0,0,0
75,10,10,5,25,Y6056827,,,,0,30.0,0,0
75,10,10,5,26,Y6056828,,,,0,30.0,0,0
75,10,10,5,27,Y6056829,,,,0,30.0,0,0
75,10,10,5,28,Y6056830,,,,0,30.0,0,0
75,10,10,5,29,Y6056831,,,,0,30.0,0,0
75,10,10,5,30,Y6056832,,,,0,30.0,0,0
75,10,10,6,10,Y6056833,,,,0,30.0,0,0
75,10,10,6,11,Y6056834,,,,0,30.0,0,0
75,10,10,6,12,Y6056835,,,,0,30.0,0,0
75,10,10,6,13,Y6056836,,,,0,30.0,0,0
75,10,10,6,14,Y6056837,,,,0,30.0,0,0
75,10,10,6,15,Y6056838,,,,0,30.0,0,0
75,10,10,6,16,Y6056839,,,,0,30.0,0,0
75,10,10,6,17,Y6056840,,,,0,30.0,0,0
75,10,10,6,18,Y6056841,,,,0,30.0,0,0
75,10,10,6,19,Y6056842,,,,0,30.0,0,0
75,10,10,6,20,Y6056843,,,,0,30.0,0,0
75,10,10,6,21,Y6056844,,,,0,30.0,0,0
75,10,10,6,22,Y6056845,,,,0,30.0,0,0
75,10,10,6,23,Y6056846,,,,0,30.0,0,0
75,10,10,6,24,Y6056847,,,,0,30.0,0,0
75,10,10,6,25,Y6056848,,,,0,30.0,0,0
75,10,10,6,26,Y6056849,,,,0,30.0,0,0
75,10,10,6,27,Y6056850,,,,0,30.0,0,0
75,10,10,6,28,Y6056851,,,,0,30.0,0,0
75,10,10,6,29,Y6056852,,,,0,30.0,0,0
75,10,10,6,30,Y6056853,,,,0,30.0,0,0
75,10,10,7,10,Y6056854,,,,0,30.0,0,0
75,10,10,7,11,Y6056855,,,,0,30.0,0,0
75,10,10,7,12,Y6056856,,,,0,30.0,0,0
75,10,10,7,13,Y6056857,,,,0,30.0,0,0
75,10,10,7,14,Y6056858,,,,0,30.0,0,0
75,10,10,7,15,Y6056859,,,,0,30.0,0,0
75,10,10,7,16,Y6056860,,,,0,30.0,0,0
75,10,10,7,17,Y6056861,,,,0,30.0,0,0
75,10,10,7,18,Y6056862,,,,0,30.0,0,0
75,10,10,7,19,Y6056863,,,,0,30.0,0,0
75,10,10,7,20,Y6056864,,,,0,30.0,0,0
75,10,10,7,21,Y6056865,,,,0,30.0,0,0
75,10,10,7,22,Y6056866,,,,0,30.0,0,0
75,10,10,7,23,Y6056867,,,,0,30.0,0,0
75,10,10,7,24,Y6056868,,,,0,30.0,0,0
75,10,10,7,25,Y6056869,,,,0,30.0,0,0
75,10,10,7,26,Y6056870,,,,0,30.0,0,0
75,10,10,7,27,Y6056871,,,,0,30.0,0,0
75,10,10,7,28,Y6056872,,,,0,30.0,0,0
75,10,10,7,29,Y6056873,,,,0,30.0,0,0
75,10,10,7,30,Y6056874,,,,0,30.0,0,0
75,10,10,8,10,Y6056875,,,,0,30.0,0,0
75,10,10,8,11,Y6056876,,,,0,30.0,0,0
75,10,10,8,12,Y6056877,,,,0,30.0,0,0
75,10,10,8,13,Y6056878,,,,0,30.0,0,0
75,10,10,8,14,Y6056879,,,,0,30.0,0,0
75,10,10,8,15,Y6056880,,,,0,30.0,0,0
75,10,10,8,16,Y6056881,,,,0,30.0,0,0
75,10,10,8,17,Y6056882,,,,0,30.0,0,0
75,10,10,8,18,Y6056883,,,,0,30.0,0,0
75,10,10,8,19,Y6056884,,,,0,30.0,0,0
75,10,10,8,20,Y6056885,,,,0,30.0,0,0
75,10,10,8,21,Y6056886,,,,0,30.0,0,0
75,10,10,8,22,Y6056887,,,,0,30.0,0,0
75,10,10,8,23,Y6056888,,,,0,30.0,0,0
75,10,10,8,24,Y6056889,,,,0,30.0,0,0
75,10,10,8,25,Y6056890,,,,0,30.0,0,0
75,10,10,8,26,Y6056891,,,,0,30.0,0,0
75,10,10,8,27,Y6056892,,,,0,30.0,0,0
75,10,10,8,28,Y6056893,,,,0,30.0,0,0
75,10,10,8,29,Y6056894,,,,0,30.0,0,0
75,10,10,8,30,Y6056895,,,,0,30.0,0,0
75,10,10,9,10,Y6056896,,,,0,30.0,0,0
75,10,10,9,11,Y6056897,,,,0,30.0,0,0
75,10,10,9,12,Y6056898,,,,0,30.0,0,0
75,10,10,9,13,Y6056899,,,,0,30.0,0,0
75,10,10,9,14,Y6056900,,,,0,30.0,0,0
75,10,10,9,15,Y6056901,,,,0,30.0,0,0
75,10,10,9,16,Y6056902,,,,0,30.0,0,0
75,10,10,9,17,Y6056903,,,,0,30.0,0,0
75,10,10,9,18,Y6056904,,,,0,30.0,0,0
75,10,10,9,19,Y6056905,,,,0,30.0,0,0
75,10,10,9,20,Y6056906,,,,0,30.0,0,0
75,10,10,9,21,Y6056907,,,,0,30.0,0,0
75,10,10,9,22,Y6056908,,,,0,30.0,0,0
75,10,10,9,23,Y6056909,,,,0,30.0,0,0
75,10,10,9,24,Y6056910,,,,0,30.0,0,0
75,10,10,9,25,Y6056911,,,,0,30.0,0,0
75,10,10,9,26,Y6056912,,,,0,30.0,0,0
75,10,10,9,27,Y6056913,,,,0,30.0,0,0
75,10,10,9,28,Y6056914,,,,0,30.0,0,0
75,10,10,9,29,Y6056915,,,,0,30.0,0,0
75,10,10,9,30,Y6056916,,,,0,30.0,0,0
75,10,10,10,10,Y6056917,,,,0,30.0,0,0
75,10,10,10,11,Y6056918,,,,0,30.0,0,0
75,10,10,10,12,Y6056919,,,,0,30.0,0,0
75,10,10,10,13,Y6056920,,,,0,30.0,0,0
75,10,10,10,14,Y6056921,,,,0,30.0,0,0
75,10,10,10,15,Y6056922,,,,0,30.0,0,0
75,10,10,10,16,Y6056923,,,,0,30.0,0,0
75,10,10,10,17,Y6056924,,,,0,30.0,0,0
75,10,10,10,18,Y6056925,,,,0,30.0,0,0
75,10,10,10,19,Y6056926,,,,0,30.0,0,0
75,10,10,10,20,Y6056927,,,,0,30.0,0,0
75,10,10,10,21,Y6056928,,,,0,30.0,0,0
75,10,10,10,22,Y6056929,,,,0,30.0,0,0
75,10,10,10,23,Y6056930,,,,0,30.0,0,0
75,10,10,10,24,Y6056931,,,,0,30.0,0,0
75,10,10,10,25,Y6056932,,,,0,30.0,0,0
75,10,10,10,26,Y6056933,,,,0,30.0,0,0
75,10,10,10,27,Y6056934,,,,0,30.0,0,0
75,10,10,10,28,Y6056935,,,,0,30.0,0,0
75,10,10,10,29,Y6056936,,,,0,30.0,0,0
75,10,10,10,30,Y6056937,,,,0,30.0,0,0
75,10,10,11,10,Y6056938,,,,0,30.0,0,0
75,10,10,11,11,Y6056939,,,,0,30.0,0,0
75,10,10,11,12,Y6056940,,,,0,30.0,0,0
75,10,10,11,13,Y6056941,,,,0,30.0,0,0
75,10,10,11,14,Y6056942,,,,0,30.0,0,0
75,10,10,11,15,Y6056943,,,,0,30.0,0,0
75,10,10,11,16,Y6056944,,,,0,30.0,0,0
75,10,10,11,17,Y6056945,,,,0,30.0,0,0
75,10,10,11,18,Y6056946,,,,0,30.0,0,0
75,10,10,11,19,Y6056947,,,,0,30.0,0,0
75,10,10,11,20,Y6056948,,,,0,30.0,0,0
75,10,10,11,21,Y6056949,,,,0,30.0,0,0
75,10,10,11,22,Y6056950,,,,0,30.0,0,0
75,10,10,11,23,Y6056951,,,,0,30.0,0,0
75,10,10,11,24,Y6056952,,,,0,30.0,0,0
75,10,10,11,25,Y6056953,,,,0,30.0,0,0
75,10,10,11,26,Y6056954,,,,0,30.0,0,0
75,10,10,11,27,Y6056955,,,,0,30.0,0,0
75,10,10,11,28,Y6056956,,,,0,30.0,0,0
75,10,10,11,29,Y6056957,,,,0,30.0,0,0
75,10,10,11,30,Y6056958,,,,0,30.0,0,0
75,10,10,12,10,Y6056959,,,,0,30.0,0,0
75,10,10,12,11,Y6056960,,,,0,30.0,0,0
75,10,10,12,12,Y6056961,,,,0,30.0,0,0
75,10,10,12,13,Y6056962,,,,0,30.0,0,0
75,10,10,12,14,Y6056963,,,,0,30.0,0,0
75,10,10,12,15,Y6056964,,,,0,30.0,0,0
75,10,10,12,16,Y6056965,,,,0,30.0,0,0
75,10,10,12,17,Y6056966,,,,0,30.0,0,0
75,10,10,12,18,Y6056967,,,,3036,30.0,0,0
75,10,10,12,19,Y6056968,,,,0,30.0,0,0
75,10,10,12,20,Y6056969,,,,0,30.0,0,0
75,10,10,12,21,Y6056970,,,,0,30.0,0,0
75,10,10,12,22,Y6056971,,,,0,30.0,0,0
75,10,10,12,23,Y6056972,,,,0,30.0,0,0
75,10,10,12,24,Y6056973,,,,0,30.0,0,0
75,10,10,12,25,Y6056974,,,,0,30.0,0,0
75,10,10,12,26,Y6056975,,,,0,30.0,0,0
75,10,10,12,27,Y6056976,,,,0,30.0,0,0
75,10,10,12,28,Y6056977,,,,0,30.0,0,0
75,10,10,12,29,Y6056978,,,,0,30.0,0,0
75,10,10,12,30,Y6056979,,,,0,30.0,0,0
75,10,11,1,10,Y6056980,,,,0,30.0,0,0
75,10,11,1,11,Y6056981,,,,0,30.0,0,0
75,10,11,1,12,Y6056982,,,,0,30.0,0,0
75,10,11,1,13,Y6056983,,,,0,30.0,0,0
75,10,11,1,14,Y6056984,,,,0,30.0,0,0
75,10,11,1,15,Y6056985,,,,0,30.0,0,0
75,10,11,1,16,Y6056986,,,,0,30.0,0,0
75,10,11,1,17,Y6056987,,,,0,30.0,0,0
75,10,11,1,18,Y6056988,,,,0,30.0,0,0
75,10,11,1,19,Y6056989,,,,0,30.0,0,0
75,10,11,1,20,Y6056990,,,,0,30.0,0,0
75,10,11,1,21,Y6056991,,,,0,30.0,0,0
75,10,11,1,22,Y6056992,,,,0,30.0,0,0
75,10,11,1,23,Y6056993,,,,0,30.0,0,0
75,10,11,1,24,Y6056994,,,,0,30.0,0,0
75,10,11,1,25,Y6056995,,,,0,30.0,0,0
75,10,11,1,26,Y6056996,,,,0,30.0,0,0
75,10,11,1,27,Y6056997,,,,0,30.0,0,0
75,10,11,1,28,Y6056998,,,,0,30.0,0,0
75,10,11,1,29,Y6056999,,,,0,30.0,0,0
75,10,11,1,30,Y6057000,,,,0,30.0,0,0
75,10,11,2,10,Y6057001,,,,0,30.0,0,0
75,10,11,2,11,Y6057002,,,,0,30.0,0,0
75,10,11,2,12,Y6057003,,,,0,30.0,0,0
75,10,11,2,13,Y6057004,,,,0,30.0,0,0
75,10,11,2,14,Y6057005,,,,0,30.0,0,0
75,10,11,2,15,Y6057006,,,,0,30.0,0,0
75,10,11,2,16,Y6057007,,,,0,30.0,0,0
75,10,11,2,17,Y6057008,,,,0,30.0,0,0
75,10,11,2,18,Y6057009,,,,0,30.0,0,0
75,10,11,2,19,Y6057010,,,,0,30.0,0,0
75,10,11,2,20,Y6057011,,,,0,30.0,0,0
75,10,11,2,21,Y6057012,,,,0,30.0,0,0
75,10,11,2,22,Y6057013,,,,0,30.0,0,0
75,10,11,2,23,Y6057014,,,,0,30.0,0,0
75,10,11,2,24,Y6057015,,,,0,30.0,0,0
75,10,11,2,25,Y6057016,,,,0,30.0,0,0
75,10,11,2,26,Y6057017,,,,0,30.0,0,0
75,10,11,2,27,Y6057018,,,,0,30.0,0,0
75,10,11,2,28,Y6057019,,,,0,30.0,0,0
75,10,11,2,29,Y6057020,,,,0,30.0,0,0
75,10,11,2,30,Y6057021,,,,0,30.0,0,0
75,10,11,3,10,Y6057022,,,,0,30.0,0,0
75,10,11,3,11,Y6057023,,,,0,30.0,0,0
75,10,11,3,12,Y6057024,,,,0,30.0,0,0
75,10,11,3,13,Y6057025,,,,0,30.0,0,0
75,10,11,3,14,Y6057026,,,,0,30.0,0,0
75,10,11,3,15,Y6057027,,,,0,30.0,0,0
75,10,11,3,16,Y6057028,,,,0,30.0,0,0
75,10,11,3,17,Y6057029,,,,0,30.0,0,0
75,10,11,3,18,Y6057030,,,,0,30.0,0,0
75,10,11,3,19,Y6057031,,,,0,30.0,0,0
75,10,11,3,20,Y6057032,,,,0,30.0,0,0
75,10,11,3,21,Y6057033,,,,0,30.0,0,0
75,10,11,3,22,Y6057034,,,,0,30.0,0,0
75,10,11,3,23,Y6057035,,,,0,30.0,0,0
75,10,11,3,24,Y6057036,,,,0,30.0,0,0
75,10,11,3,25,Y6057037,,,,0,30.0,0,0
75,10,11,3,26,Y6057038,,,,0,30.0,0,0
75,10,11,3,27,Y6057039,,,,0,30.0,0,0
75,10,11,3,28,Y6057040,,,,0,30.0,0,0
75,10,11,3,29,Y6057041,,,,0,30.0,0,0
75,10,11,3,30,Y6057042,,,,0,30.0,0,0
75,10,11,4,10,Y6057043,,,,0,30.0,0,0
75,10,11,4,11,Y6057044,,,,0,30.0,0,0
75,10,11,4,12,Y6057045,,,,0,30.0,0,0
75,10,11,4,13,Y6057046,,,,0,30.0,0,0
75,10,11,4,14,Y6057047,,,,0,30.0,0,0
75,10,11,4,15,Y6057048,,,,0,30.0,0,0
75,10,11,4,16,Y6057049,,,,0,30.0,0,0
75,10,11,4,17,Y6057050,,,,0,30.0,0,0
75,10,11,4,18,Y6057051,,,,0,30.0,0,0
75,10,11,4,19,Y6057052,,,,0,30.0,0,0
75,10,11,4,20,Y6057053,,,,0,30.0,0,0
75,10,11,4,21,Y6057054,,,,0,30.0,0,0
75,10,11,4,22,Y6057055,,,,0,30.0,0,0
75,10,11,4,23,Y6057056,,,,0,30.0,0,0
75,10,11,4,24,Y6057057,,,,0,30.0,0,0
75,10,11,4,25,Y6057058,,,,0,30.0,0,0
75,10,11,4,26,Y6057059,,,,0,30.0,0,0
75,10,11,4,27,Y6057060,,,,0,30.0,0,0
75,10,11,4,28,Y6057061,,,,0,30.0,0,0
75,10,11,4,29,Y6057062,,,,0,30.0,0,0
75,10,11,4,30,Y6057063,,,,0,30.0,0,0
75,10,11,5,10,Y6057064,,,,0,30.0,0,0
75,10,11,5,11,Y6057065,,,,0,30.0,0,0
75,10,11,5,12,Y6057066,,,,0,30.0,0,0
75,10,11,5,13,Y6057067,,,,0,30.0,0,0
75,10,11,5,14,Y6057068,,,,0,30.0,0,0
75,10,11,5,15,Y6057069,,,,0,30.0,0,0
75,10,11,5,16,Y6057070,,,,0,30.0,0,0
75,10,11,5,17,Y6057071,,,,0,30.0,0,0
75,10,11,5,18,Y6057072,,,,0,30.0,0,0
75,10,11,5,19,Y6057073,,,,0,30.0,0,0
75,10,11,5,20,Y6057074,,,,0,30.0,0,0
75,10,11,5,21,Y6057075,,,,0,30.0,0,0
75,10,11,5,22,Y6057076,,,,0,30.0,0,0
75,10,11,5,23,Y6057077,,,,0,30.0,0,0
75,10,11,5,24,Y6057078,,,,0,30.0,0,0
75,10,11,5,25,Y6057079,,,,0,30.0,0,0
75,10,11,5,26,Y6057080,,,,0,30.0,0,0
75,10,11,5,27,Y6057081,,,,0,30.0,0,0
75,10,11,5,28,Y6057082,,,,0,30.0,0,0
75,10,11,5,29,Y6057083,,,,0,30.0,0,0
75,10,11,5,30,Y6057084,,,,0,30.0,0,0
75,10,11,6,10,Y6057085,,,,0,30.0,0,0
75,10,11,6,11,Y6057086,,,,0,30.0,0,0
75,10,11,6,12,Y6057087,,,,0,30.0,0,0
75,10,11,6,13,Y6057088,,,,0,30.0,0,0
75,10,11,6,14,Y6057089,,,,0,30.0,0,0
75,10,11,6,15,Y6057090,,,,0,30.0,0,0
75,10,11,6,16,Y6057091,,,,0,30.0,0,0
75,10,11,6,17,Y6057092,,,,0,30.0,0,0
75,10,11,6,18,Y6057093,,,,0,30.0,0,0
75,10,11,6,19,Y6057094,,,,0,30.0,0,0
75,10,11,6,20,Y6057095,,,,0,30.0,0,0
75,10,11,6,21,Y6057096,,,,0,30.0,0,0
75,10,11,6,22,Y6057097,,,,0,30.0,0,0
75,10,11,6,23,Y6057098,,,,0,30.0,0,0
75,10,11,6,24,Y6057099,,,,0,30.0,0,0
75,10,11,6,25,Y6057100,,,,0,30.0,0,0
75,10,11,6,26,Y6057101,,,,0,30.0,0,0
75,10,11,6,27,Y6057102,,,,0,30.0,0,0
75,10,11,6,28,Y6057103,,,,0,30.0,0,0
75,10,11,6,29,Y6057104,,,,0,30.0,0,0
75,10,11,6,30,Y6057105,,,,0,30.0,0,0
75,10,11,7,10,Y6057106,,,,0,30.0,0,0
75,10,11,7,11,Y6057107,,,,0,30.0,0,0
75,10,11,7,12,Y6057108,,,,0,30.0,0,0
75,10,11,7,13,Y6057109,,,,0,30.0,0,0
75,10,11,7,14,Y6057110,,,,0,30.0,0,0
75,10,11,7,15,Y6057111,,,,0,30.0,0,0
75,10,11,7,16,Y6057112,,,,0,30.0,0,0
75,10,11,7,17,Y6057113,,,,0,30.0,0,0
75,10,11,7,18,Y6057114,,,,0,30.0,0,0
75,10,11,7,19,Y6057115,,,,0,30.0,0,0
75,10,11,7,20,Y6057116,,,,0,30.0,0,0
75,10,11,7,21,Y6057117,,,,0,30.0,0,0
75,10,11,7,22,Y6057118,,,,0,30.0,0,0
75,10,11,7,23,Y6057119,,,,0,30.0,0,0
75,10,11,7,24,Y6057120,,,,0,30.0,0,0
75,10,11,7,25,Y6057121,,,,0,30.0,0,0
75,10,11,7,26,Y6057122,,,,0,30.0,0,0
75,10,11,7,27,Y6057123,,,,0,30.0,0,0
75,10,11,7,28,Y6057124,,,,0,30.0,0,0
75,10,11,7,29,Y6057125,,,,0,30.0,0,0
75,10,11,7,30,Y6057126,,,,0,30.0,0,0
75,10,11,8,10,Y6057127,,,,0,30.0,0,0
75,10,11,8,11,Y6057128,,,,0,30.0,0,0
75,10,11,8,12,Y6057129,,,,0,30.0,0,0
75,10,11,8,13,Y6057130,,,,0,30.0,0,0
75,10,11,8,14,Y6057131,,,,0,30.0,0,0
75,10,11,8,15,Y6057132,,,,0,30.0,0,0
75,10,11,8,16,Y6057133,,,,0,30.0,0,0
75,10,11,8,17,Y6057134,,,,0,30.0,0,0
75,10,11,8,18,Y6057135,,,,0,30.0,0,0
75,10,11,8,19,Y6057136,,,,0,30.0,0,0
75,10,11,8,20,Y6057137,,,,0,30.0,0,0
75,10,11,8,21,Y6057138,,,,0,30.0,0,0
75,10,11,8,22,Y6057139,,,,0,30.0,0,0
75,10,11,8,23,Y6057140,,,,0,30.0,0,0
75,10,11,8,24,Y6057141,,,,0,30.0,0,0
75,10,11,8,25,Y6057142,,,,0,30.0,0,0
75,10,11,8,26,Y6057143,,,,0,30.0,0,0
75,10,11,8,27,Y6057144,,,,0,30.0,0,0
75,10,11,8,28,Y6057145,,,,0,30.0,0,0
75,10,11,8,29,Y6057146,,,,0,30.0,0,0
75,10,11,8,30,Y6057147,,,,0,30.0,0,0
75,10,11,9,10,Y6057148,,,,0,30.0,0,0
75,10,11,9,11,Y6057149,,,,0,30.0,0,0
75,10,11,9,12,Y6057150,,,,0,30.0,0,0
75,10,11,9,13,Y6057151,,,,0,30.0,0,0
75,10,11,9,14,Y6057152,,,,0,30.0,0,0
75,10,11,9,15,Y6057153,,,,0,30.0,0,0
75,10,11,9,16,Y6057154,,,,0,30.0,0,0
75,10,11,9,17,Y6057155,,,,0,30.0,0,0
75,10,11,9,18,Y6057156,,,,0,30.0,0,0
75,10,11,9,19,Y6057157,,,,0,30.0,0,0
75,10,11,9,20,Y6057158,,,,0,30.0,0,0
75,10,11,9,21,Y6057159,,,,0,30.0,0,0
75,10,11,9,22,Y6057160,,,,0,30.0,0,0
75,10,11,9,23,Y6057161,,,,0,30.0,0,0
75,10,11,9,24,Y6057162,,,,0,30.0,0,0
75,10,11,9,25,Y6057163,,,,0,30.0,0,0
75,10,11,9,26,Y6057164,,,,0,30.0,0,0
75,10,11,9,27,Y6057165,,,,0,30.0,0,0
75,10,11,9,28,Y6057166,,,,0,30.0,0,0
75,10,11,9,29,Y6057167,,,,0,30.0,0,0
75,10,11,9,30,Y6057168,,,,0,30.0,0,0
75,10,11,10,10,Y6057169,,,,0,30.0,0,0
75,10,11,10,11,Y6057170,,,,0,30.0,0,0
75,10,11,10,12,Y6057171,,,,0,30.0,0,0
75,10,11,10,13,Y6057172,,,,0,30.0,0,0
75,10,11,10,14,Y6057173,,,,0,30.0,0,0
75,10,11,10,15,Y6057174,,,,0,30.0,0,0
75,10,11,10,16,Y6057175,,,,0,30.0,0,0
75,10,11,10,17,Y6057176,,,,0,30.0,0,0
75,10,11,10,18,Y6057177,,,,0,30.0,0,0
75,10,11,10,19,Y6057178,,,,0,30.0,0,0
75,10,11,10,20,Y6057179,,,,0,30.0,0,0
75,10,11,10,21,Y6057180,,,,0,30.0,0,0
75,10,11,10,22,Y6057181,,,,0,30.0,0,0
75,10,11,10,23,Y6057182,,,,0,30.0,0,0
75,10,11,10,24,Y6057183,,,,0,30.0,0,0
75,10,11,10,25,Y6057184,,,,0,30.0,0,0
75,10,11,10,26,Y6057185,,,,0,30.0,0,0
75,10,11,10,27,Y6057186,,,,0,30.0,0,0
75,10,11,10,28,Y6057187,,,,0,30.0,0,0
75,10,11,10,29,Y6057188,,,,0,30.0,0,0
75,10,11,10,30,Y6057189,,,,0,30.0,0,0
75,10,11,11,10,Y6057190,,,,0,30.0,0,0
75,10,11,11,11,Y6057191,,,,0,30.0,0,0
75,10,11,11,12,Y6057192,,,,0,30.0,0,0
75,10,11,11,13,Y6057193,,,,0,30.0,0,0
75,10,11,11,14,Y6057194,,,,0,30.0,0,0
75,10,11,11,15,Y6057195,,,,0,30.0,0,0
75,10,11,11,16,Y6057196,,,,0,30.0,0,0
75,10,11,11,17,Y6057197,,,,0,30.0,0,0
75,10,11,11,18,Y6057198,,,,0,30.0,0,0
75,10,11,11,19,Y6057199,,,,0,30.0,0,0
75,10,11,11,20,Y6057200,,,,0,30.0,0,0
75,10,11,11,21,Y6057201,,,,0,30.0,0,0
75,10,11,11,22,Y6057202,,,,0,30.0,0,0
75,10,11,11,23,Y6057203,,,,0,30.0,0,0
75,10,11,11,24,Y6057204,,,,0,30.0,0,0
75,10,11,11,25,Y6057205,,,,0,30.0,0,0
75,10,11,11,26,Y6057206,,,,0,30.0,0,0
75,10,11,11,27,Y6057207,,,,0,30.0,0,0
75,10,11,11,28,Y6057208,,,,0,30.0,0,0
75,10,11,11,29,Y6057209,,,,0,30.0,0,0
75,10,11,11,30,Y6057210,,,,0,30.0,0,0
75,10,11,12,10,Y6057211,,,,0,30.0,0,0
75,10,11,12,11,Y6057212,,,,0,30.0,0,0
75,10,11,12,12,Y6057213,,,,0,30.0,0,0
75,10,11,12,13,Y6057214,,,,0,30.0,0,0
75,10,11,12,14,Y6057215,,,,0,30.0,0,0
75,10,11,12,15,Y6057216,,,,0,30.0,0,0
75,10,11,12,16,Y6057217,,,,0,30.0,0,0
75,10,11,12,17,Y6057218,,,,0,30.0,0,0
75,10,11,12,18,Y6057219,,,,3076,30.0,0,0
75,10,11,12,19,Y6057220,,,,0,30.0,0,0
75,10,11,12,20,Y6057221,,,,0,30.0,0,0
75,10,11,12,21,Y6057222,,,,0,30.0,0,0
75,10,11,12,22,Y6057223,,,,0,30.0,0,0
75,10,11,12,23,Y6057224,,,,0,30.0,0,0
75,10,11,12,24,Y6057225,,,,0,30.0,0,0
75,10,11,12,25,Y6057226,,,,0,30.0,0,0
75,10,11,12,26,Y6057227,,,,0,30.0,0,0
75,10,11,12,27,Y6057228,,,,0,30.0,0,0
75,10,11,12,28,Y6057229,,,,0,30.0,0,0
75,10,11,12,29,Y6057230,,,,0,30.0,0,0
75,10,11,12,30,Y6057231,,,,0,30.0,0,0
75,10,12,1,10,Y6057232,,,,0,30.0,0,0
75,10,12,1,11,Y6057233,,,,0,30.0,0,0
75,10,12,1,12,Y6057234,,,,0,30.0,0,0
75,10,12,1,13,Y6057235,,,,0,30.0,0,0
75,10,12,1,14,Y6057236,,,,0,30.0,0,0
75,10,12,1,15,Y6057237,,,,0,30.0,0,0
75,10,12,1,16,Y6057238,,,,0,30.0,0,0
75,10,12,1,17,Y6057239,,,,0,30.0,0,0
75,10,12,1,18,Y6057240,,,,0,30.0,0,0
75,10,12,1,19,Y6057241,,,,0,30.0,0,0
75,10,12,1,20,Y6057242,,,,0,30.0,0,0
75,10,12,1,21,Y6057243,,,,0,30.0,0,0
75,10,12,1,22,Y6057244,,,,0,30.0,0,0
75,10,12,1,23,Y6057245,,,,0,30.0,0,0
75,10,12,1,24,Y6057246,,,,0,30.0,0,0
75,10,12,1,25,Y6057247,,,,0,30.0,0,0
75,10,12,1,26,Y6057248,,,,0,30.0,0,0
75,10,12,1,27,Y6057249,,,,0,30.0,0,0
75,10,12,1,28,Y6057250,,,,0,30.0,0,0
75,10,12,1,29,Y6057251,,,,0,30.0,0,0
75,10,12,1,30,Y6057252,,,,0,30.0,0,0
75,10,12,2,10,Y6057253,,,,0,30.0,0,0
75,10,12,2,11,Y6057254,,,,0,30.0,0,0
75,10,12,2,12,Y6057255,,,,0,30.0,0,0
75,10,12,2,13,Y6057256,,,,0,30.0,0,0
75,10,12,2,14,Y6057257,,,,0,30.0,0,0
75,10,12,2,15,Y6057258,,,,0,30.0,0,0
75,10,12,2,16,Y6057259,,,,0,30.0,0,0
75,10,12,2,17,Y6057260,,,,0,30.0,0,0
75,10,12,2,18,Y6057261,,,,0,30.0,0,0
75,10,12,2,19,Y6057262,,,,0,30.0,0,0
75,10,12,2,20,Y6057263,,,,0,30.0,0,0
75,10,12,2,21,Y6057264,,,,0,30.0,0,0
75,10,12,2,22,Y6057265,,,,0,30.0,0,0
75,10,12,2,23,Y6057266,,,,0,30.0,0,0
75,10,12,2,24,Y6057267,,,,0,30.0,0,0
75,10,12,2,25,Y6057268,,,,0,30.0,0,0
75,10,12,2,26,Y6057269,,,,0,30.0,0,0
75,10,12,2,27,Y6057270,,,,0,30.0,0,0
75,10,12,2,28,Y6057271,,,,0,30.0,0,0
75,10,12,2,29,Y6057272,,,,0,30.0,0,0
75,10,12,2,30,Y6057273,,,,0,30.0,0,0
75,10,12,3,10,Y6057274,,,,0,30.0,0,0
75,10,12,3,11,Y6057275,,,,0,30.0,0,0
75,10,12,3,12,Y6057276,,,,0,30.0,0,0
75,10,12,3,13,Y6057277,,,,0,30.0,0,0
75,10,12,3,14,Y6057278,,,,0,30.0,0,0
75,10,12,3,15,Y6057279,,,,0,30.0,0,0
75,10,12,3,16,Y6057280,,,,0,30.0,0,0
75,10,12,3,17,Y6057281,,,,0,30.0,0,0
75,10,12,3,18,Y6057282,,,,0,30.0,0,0
75,10,12,3,19,Y6057283,,,,0,30.0,0,0
75,10,12,3,20,Y6057284,,,,0,30.0,0,0
75,10,12,3,21,Y6057285,,,,0,30.0,0,0
75,10,12,3,22,Y6057286,,,,0,30.0,0,0
75,10,12,3,23,Y6057287,,,,0,30.0,0,0
75,10,12,3,24,Y6057288,,,,0,30.0,0,0
75,10,12,3,25,Y6057289,,,,0,30.0,0,0
75,10,12,3,26,Y6057290,,,,0,30.0,0,0
75,10,12,3,27,Y6057291,,,,0,30.0,0,0
75,10,12,3,28,Y6057292,,,,0,30.0,0,0
75,10,12,3,29,Y6057293,,,,0,30.0,0,0
75,10,12,3,30,Y6057294,,,,0,30.0,0,0
75,10,12,4,10,Y6057295,,,,0,30.0,0,0
75,10,12,4,11,Y6057296,,,,0,30.0,0,0
75,10,12,4,12,Y6057297,,,,0,30.0,0,0
75,10,12,4,13,Y6057298,,,,0,30.0,0,0
75,10,12,4,14,Y6057299,,,,0,30.0,0,0
75,10,12,4,15,Y6057300,,,,0,30.0,0,0
75,10,12,4,16,Y6057301,,,,0,30.0,0,0
75,10,12,4,17,Y6057302,,,,0,30.0,0,0
75,10,12,4,18,Y6057303,,,,0,30.0,0,0
75,10,12,4,19,Y6057304,,,,0,30.0,0,0
75,10,12,4,20,Y6057305,,,,0,30.0,0,0
75,10,12,4,21,Y6057306,,,,0,30.0,0,0
75,10,12,4,22,Y6057307,,,,0,30.0,0,0
75,10,12,4,23,Y6057308,,,,0,30.0,0,0
75,10,12,4,24,Y6057309,,,,0,30.0,0,0
75,10,12,4,25,Y6057310,,,,0,30.0,0,0
75,10,12,4,26,Y6057311,,,,0,30.0,0,0
75,10,12,4,27,Y6057312,,,,0,30.0,0,0
75,10,12,4,28,Y6057313,,,,0,30.0,0,0
75,10,12,4,29,Y6057314,,,,0,30.0,0,0
75,10,12,4,30,Y6057315,,,,0,30.0,0,0
75,10,12,5,10,Y6057316,,,,0,30.0,0,0
75,10,12,5,11,Y6057317,,,,0,30.0,0,0
75,10,12,5,12,Y6057318,,,,0,30.0,0,0
75,10,12,5,13,Y6057319,,,,0,30.0,0,0
75,10,12,5,14,Y6057320,,,,0,30.0,0,0
75,10,12,5,15,Y6057321,,,,0,30.0,0,0
75,10,12,5,16,Y6057322,,,,0,30.0,0,0
75,10,12,5,17,Y6057323,,,,0,30.0,0,0
75,10,12,5,18,Y6057324,,,,0,30.0,0,0
75,10,12,5,19,Y6057325,,,,0,30.0,0,0
75,10,12,5,20,Y6057326,,,,0,30.0,0,0
75,10,12,5,21,Y6057327,,,,0,30.0,0,0
75,10,12,5,22,Y6057328,,,,0,30.0,0,0
75,10,12,5,23,Y6057329,,,,0,30.0,0,0
75,10,12,5,24,Y6057330,,,,0,30.0,0,0
75,10,12,5,25,Y6057331,,,,0,30.0,0,0
75,10,12,5,26,Y6057332,,,,0,30.0,0,0
75,10,12,5,27,Y6057333,,,,0,30.0,0,0
75,10,12,5,28,Y6057334,,,,0,30.0,0,0
75,10,12,5,29,Y6057335,,,,0,30.0,0,0
75,10,12,5,30,Y6057336,,,,0,30.0,0,0
75,10,12,6,10,Y6057337,,,,0,30.0,0,0
75,10,12,6,11,Y6057338,,,,0,30.0,0,0
75,10,12,6,12,Y6057339,,,,0,30.0,0,0
75,10,12,6,13,Y6057340,,,,0,30.0,0,0
75,10,12,6,14,Y6057341,,,,0,30.0,0,0
75,10,12,6,15,Y6057342,,,,0,30.0,0,0
75,10,12,6,16,Y6057343,,,,0,30.0,0,0
75,10,12,6,17,Y6057344,,,,0,30.0,0,0
75,10,12,6,18,Y6057345,,,,0,30.0,0,0
75,10,12,6,19,Y6057346,,,,0,30.0,0,0
75,10,12,6,20,Y6057347,,,,0,30.0,0,0
75,10,12,6,21,Y6057348,,,,0,30.0,0,0
75,10,12,6,22,Y6057349,,,,0,30.0,0,0
75,10,12,6,23,Y6057350,,,,0,30.0,0,0
75,10,12,6,24,Y6057351,,,,0,30.0,0,0
75,10,12,6,25,Y6057352,,,,0,30.0,0,0
75,10,12,6,26,Y6057353,,,,0,30.0,0,0
75,10,12,6,27,Y6057354,,,,0,30.0,0,0
75,10,12,6,28,Y6057355,,,,0,30.0,0,0
75,10,12,6,29,Y6057356,,,,0,30.0,0,0
75,10,12,6,30,Y6057357,,,,0,30.0,0,0
75,10,12,7,10,Y6057358,,,,0,30.0,0,0
75,10,12,7,11,Y6057359,,,,0,30.0,0,0
75,10,12,7,12,Y6057360,,,,0,30.0,0,0
75,10,12,7,13,Y6057361,,,,0,30.0,0,0
75,10,12,7,14,Y6057362,,,,0,30.0,0,0
75,10,12,7,15,Y6057363,,,,0,30.0,0,0
75,10,12,7,16,Y6057364,,,,0,30.0,0,0
75,10,12,7,17,Y6057365,,,,0,30.0,0,0
75,10,12,7,18,Y6057366,,,,0,30.0,0,0
75,10,12,7,19,Y6057367,,,,0,30.0,0,0
75,10,12,7,20,Y6057368,,,,0,30.0,0,0
75,10,12,7,21,Y6057369,,,,0,30.0,0,0
75,10,12,7,22,Y6057370,,,,0,30.0,0,0
75,10,12,7,23,Y6057371,,,,0,30.0,0,0
75,10,12,7,24,Y6057372,,,,0,30.0,0,0
75,10,12,7,25,Y6057373,,,,0,30.0,0,0
75,10,12,7,26,Y6057374,,,,0,30.0,0,0
75,10,12,7,27,Y6057375,,,,0,30.0,0,0
75,10,12,7,28,Y6057376,,,,0,30.0,0,0
75,10,12,7,29,Y6057377,,,,0,30.0,0,0
75,10,12,7,30,Y6057378,,,,0,30.0,0,0
75,10,12,8,10,Y6057379,,,,0,30.0,0,0
75,10,12,8,11,Y6057380,,,,0,30.0,0,0
75,10,12,8,12,Y6057381,,,,0,30.0,0,0
75,10,12,8,13,Y6057382,,,,0,30.0,0,0
75,10,12,8,14,Y6057383,,,,0,30.0,0,0
75,10,12,8,15,Y6057384,,,,0,30.0,0,0
75,10,12,8,16,Y6057385,,,,0,30.0,0,0
75,10,12,8,17,Y6057386,,,,0,30.0,0,0
75,10,12,8,18,Y6057387,,,,0,30.0,0,0
75,10,12,8,19,Y6057388,,,,0,30.0,0,0
75,10,12,8,20,Y6057389,,,,0,30.0,0,0
75,10,12,8,21,Y6057390,,,,0,30.0,0,0
75,10,12,8,22,Y6057391,,,,0,30.0,0,0
75,10,12,8,23,Y6057392,,,,0,30.0,0,0
75,10,12,8,24,Y6057393,,,,0,30.0,0,0
75,10,12,8,25,Y6057394,,,,0,30.0,0,0
75,10,12,8,26,Y6057395,,,,0,30.0,0,0
75,10,12,8,27,Y6057396,,,,0,30.0,0,0
75,10,12,8,28,Y6057397,,,,0,30.0,0,0
75,10,12,8,29,Y6057398,,,,0,30.0,0,0
75,10,12,8,30,Y6057399,,,,0,30.0,0,0
75,10,12,9,10,Y6057400,,,,0,30.0,0,0
75,10,12,9,11,Y6057401,,,,0,30.0,0,0
75,10,12,9,12,Y6057402,,,,0,30.0,0,0
75,10,12,9,13,Y6057403,,,,0,30.0,0,0
75,10,12,9,14,Y6057404,,,,0,30.0,0,0
75,10,12,9,15,Y6057405,,,,0,30.0,0,0
75,10,12,9,16,Y6057406,,,,0,30.0,0,0
75,10,12,9,17,Y6057407,,,,0,30.0,0,0
75,10,12,9,18,Y6057408,,,,0,30.0,0,0
75,10,12,9,19,Y6057409,,,,0,30.0,0,0
75,10,12,9,20,Y6057410,,,,0,30.0,0,0
75,10,12,9,21,Y6057411,,,,0,30.0,0,0
75,10,12,9,22,Y6057412,,,,0,30.0,0,0
75,10,12,9,23,Y6057413,,,,0,30.0,0,0
75,10,12,9,24,Y6057414,,,,0,30.0,0,0
75,10,12,9,25,Y6057415,,,,0,30.0,0,0
75,10,12,9,26,Y6057416,,,,0,30.0,0,0
75,10,12,9,27,Y6057417,,,,0,30.0,0,0
75,10,12,9,28,Y6057418,,,,0,30.0,0,0
75,10,12,9,29,Y6057419,,,,0,30.0,0,0
75,10,12,9,30,Y6057420,,,,0,30.0,0,0
75,10,12,10,10,Y6057421,,,,0,30.0,0,0
75,10,12,10,11,Y6057422,,,,0,30.0,0,0
75,10,12,10,12,Y6057423,,,,0,30.0,0,0
75,10,12,10,13,Y6057424,,,,0,30.0,0,0
75,10,12,10,14,Y6057425,,,,0,30.0,0,0
75,10,12,10,15,Y6057426,,,,0,30.0,0,0
75,10,12,10,16,Y6057427,,,,0,30.0,0,0
75,10,12,10,17,Y6057428,,,,0,30.0,0,0
75,10,12,10,18,Y6057429,,,,0,30.0,0,0
75,10,12,10,19,Y6057430,,,,0,30.0,0,0
75,10,12,10,20,Y6057431,,,,0,30.0,0,0
75,10,12,10,21,Y6057432,,,,0,30.0,0,0
75,10,12,10,22,Y6057433,,,,0,30.0,0,0
75,10,12,10,23,Y6057434,,,,0,30.0,0,0
75,10,12,10,24,Y6057435,,,,0,30.0,0,0
75,10,12,10,25,Y6057436,,,,0,30.0,0,0
75,10,12,10,26,Y6057437,,,,0,30.0,0,0
75,10,12,10,27,Y6057438,,,,0,30.0,0,0
75,10,12,10,28,Y6057439,,,,0,30.0,0,0
75,10,12,10,29,Y6057440,,,,0,30.0,0,0
75,10,12,10,30,Y6057441,,,,0,30.0,0,0
75,10,12,11,10,Y6057442,,,,0,30.0,0,0
75,10,12,11,11,Y6057443,,,,0,30.0,0,0
75,10,12,11,12,Y6057444,,,,0,30.0,0,0
75,10,12,11,13,Y6057445,,,,0,30.0,0,0
75,10,12,11,14,Y6057446,,,,0,30.0,0,0
75,10,12,11,15,Y6057447,,,,0,30.0,0,0
75,10,12,11,16,Y6057448,,,,0,30.0,0,0
75,10,12,11,17,Y6057449,,,,0,30.0,0,0
75,10,12,11,18,Y6057450,,,,0,30.0,0,0
75,10,12,11,19,Y6057451,,,,0,30.0,0,0
75,10,12,11,20,Y6057452,,,,0,30.0,0,0
75,10,12,11,21,Y6057453,,,,0,30.0,0,0
75,10,12,11,22,Y6057454,,,,0,30.0,0,0
75,10,12,11,23,Y6057455,,,,0,30.0,0,0
75,10,12,11,24,Y6057456,,,,0,30.0,0,0
75,10,12,11,25,Y6057457,,,,0,30.0,0,0
75,10,12,11,26,Y6057458,,,,0,30.0,0,0
75,10,12,11,27,Y6057459,,,,0,30.0,0,0
75,10,12,11,28,Y6057460,,,,0,30.0,0,0
75,10,12,11,29,Y6057461,,,,0,30.0,0,0
75,10,12,11,30,Y6057462,,,,0,30.0,0,0
75,10,12,12,10,Y6057463,,,,0,30.0,0,0
75,10,12,12,11,Y6057464,,,,0,30.0,0,0
75,10,12,12,12,Y6057465,,,,0,30.0,0,0
75,10,12,12,13,Y6057466,,,,0,30.0,0,0
75,10,12,12,14,Y6057467,,,,0,30.0,0,0
75,10,12,12,15,Y6057468,,,,0,30.0,0,0
75,10,12,12,16,Y6057469,,,,0,30.0,0,0
75,10,12,12,17,Y6057470,,,,0,30.0,0,0
75,10,12,12,18,Y6057471,,,,0,30.0,0,0
75,10,12,12,19,Y6057472,,,,0,30.0,0,0
75,10,12,12,20,Y6057473,,,,0,30.0,0,0
75,10,12,12,21,Y6057474,,,,0,30.0,0,0
75,10,12,12,22,Y6057475,,,,0,30.0,0,0
75,10,12,12,23,Y6057476,,,,0,30.0,0,0
75,10,12,12,24,Y6057477,,,,0,30.0,0,0
75,10,12,12,25,Y6057478,,,,0,30.0,0,0
75,10,12,12,26,Y6057479,,,,0,30.0,0,0
75,10,12,12,27,Y6057480,,,,0,30.0,0,0
75,10,12,12,28,Y6057481,,,,0,30.0,0,0
75,10,12,12,29,Y6057482,,,,0,30.0,0,0
75,10,12,12,30,Y6057483,,,,0,30.0,0,0
75,10,13,1,10,Y6057484,,,,0,30.0,0,0
75,10,13,1,11,Y6057485,,,,0,30.0,0,0
75,10,13,1,12,Y6057486,,,,0,30.0,0,0
75,10,13,1,13,Y6057487,,,,0,30.0,0,0
75,10,13,1,14,Y6057488,,,,0,30.0,0,0
75,10,13,1,15,Y6057489,,,,0,30.0,0,0
75,10,13,1,16,Y6057490,,,,0,30.0,0,0
75,10,13,1,17,Y6057491,,,,0,30.0,0,0
75,10,13,1,18,Y6057492,,,,0,30.0,0,0
75,10,13,1,19,Y6057493,,,,0,30.0,0,0
75,10,13,1,20,Y6057494,,,,0,30.0,0,0
75,10,13,1,21,Y6057495,,,,0,30.0,0,0
75,10,13,1,22,Y6057496,,,,0,30.0,0,0
75,10,13,1,23,Y6057497,,,,0,30.0,0,0
75,10,13,1,24,Y6057498,,,,0,30.0,0,0
75,10,13,1,25,Y6057499,,,,0,30.0,0,0
75,10,13,1,26,Y6057500,,,,0,30.0,0,0
75,10,13,1,27,Y6057501,,,,0,30.0,0,0
75,10,13,1,28,Y6057502,,,,0,30.0,0,0
75,10,13,1,29,Y6057503,,,,0,30.0,0,0
75,10,13,1,30,Y6057504,,,,0,30.0,0,0
75,10,13,2,10,Y6057505,,,,0,30.0,0,0
75,10,13,2,11,Y6057506,,,,0,30.0,0,0
75,10,13,2,12,Y6057507,,,,0,30.0,0,0
75,10,13,2,13,Y6057508,,,,0,30.0,0,0
75,10,13,2,14,Y6057509,,,,0,30.0,0,0
75,10,13,2,15,Y6057510,,,,0,30.0,0,0
75,10,13,2,16,Y6057511,,,,0,30.0,0,0
75,10,13,2,17,Y6057512,,,,0,30.0,0,0
75,10,13,2,18,Y6057513,,,,0,30.0,0,0
75,10,13,2,19,Y6057514,,,,0,30.0,0,0
75,10,13,2,20,Y6057515,,,,0,30.0,0,0
75,10,13,2,21,Y6057516,,,,0,30.0,0,0
75,10,13,2,22,Y6057517,,,,0,30.0,0,0
75,10,13,2,23,Y6057518,,,,0,30.0,0,0
75,10,13,2,24,Y6057519,,,,0,30.0,0,0
75,10,13,2,25,Y6057520,,,,0,30.0,0,0
75,10,13,2,26,Y6057521,,,,0,30.0,0,0
75,10,13,2,27,Y6057522,,,,0,30.0,0,0
75,10,13,2,28,Y6057523,,,,0,30.0,0,0
75,10,13,2,29,Y6057524,,,,0,30.0,0,0
75,10,13,2,30,Y6057525,,,,0,30.0,0,0
75,10,13,3,10,Y6057526,,,,0,30.0,0,0
75,10,13,3,11,Y6057527,,,,0,30.0,0,0
75,10,13,3,12,Y6057528,,,,0,30.0,0,0
75,10,13,3,13,Y6057529,,,,0,30.0,0,0
75,10,13,3,14,Y6057530,,,,0,30.0,0,0
75,10,13,3,15,Y6057531,,,,0,30.0,0,0
75,10,13,3,16,Y6057532,,,,0,30.0,0,0
75,10,13,3,17,Y6057533,,,,0,30.0,0,0
75,10,13,3,18,Y6057534,,,,0,30.0,0,0
75,10,13,3,19,Y6057535,,,,0,30.0,0,0
75,10,13,3,20,Y6057536,,,,0,30.0,0,0
75,10,13,3,21,Y6057537,,,,0,30.0,0,0
75,10,13,3,22,Y6057538,,,,0,30.0,0,0
75,10,13,3,23,Y6057539,,,,0,30.0,0,0
75,10,13,3,24,Y6057540,,,,0,30.0,0,0
75,10,13,3,25,Y6057541,,,,0,30.0,0,0
75,10,13,3,26,Y6057542,,,,0,30.0,0,0
75,10,13,3,27,Y6057543,,,,0,30.0,0,0
75,10,13,3,28,Y6057544,,,,0,30.0,0,0
75,10,13,3,29,Y6057545,,,,0,30.0,0,0
75,10,13,3,30,Y6057546,,,,0,30.0,0,0
75,10,13,4,10,Y6057547,,,,0,30.0,0,0
75,10,13,4,11,Y6057548,,,,0,30.0,0,0
75,10,13,4,12,Y6057549,,,,0,30.0,0,0
75,10,13,4,13,Y6057550,,,,0,30.0,0,0
75,10,13,4,14,Y6057551,,,,0,30.0,0,0
75,10,13,4,15,Y6057552,,,,0,30.0,0,0
75,10,13,4,16,Y6057553,,,,0,30.0,0,0
75,10,13,4,17,Y6057554,,,,0,30.0,0,0
75,10,13,4,18,Y6057555,,,,0,30.0,0,0
75,10,13,4,19,Y6057556,,,,0,30.0,0,0
75,10,13,4,20,Y6057557,,,,0,30.0,0,0
75,10,13,4,21,Y6057558,,,,0,30.0,0,0
75,10,13,4,22,Y6057559,,,,0,30.0,0,0
75,10,13,4,23,Y6057560,,,,0,30.0,0,0
75,10,13,4,24,Y6057561,,,,0,30.0,0,0
75,10,13,4,25,Y6057562,,,,0,30.0,0,0
75,10,13,4,26,Y6057563,,,,0,30.0,0,0
75,10,13,4,27,Y6057564,,,,0,30.0,0,0
75,10,13,4,28,Y6057565,,,,0,30.0,0,0
75,10,13,4,29,Y6057566,,,,0,30.0,0,0
75,10,13,4,30,Y6057567,,,,0,30.0,0,0
75,10,13,5,10,Y6057568,,,,0,30.0,0,0
75,10,13,5,11,Y6057569,,,,0,30.0,0,0
75,10,13,5,12,Y6057570,,,,0,30.0,0,0
75,10,13,5,13,Y6057571,,,,0,30.0,0,0
75,10,13,5,14,Y6057572,,,,0,30.0,0,0
75,10,13,5,15,Y6057573,,,,0,30.0,0,0
75,10,13,5,16,Y6057574,,,,0,30.0,0,0
75,10,13,5,17,Y6057575,,,,0,30.0,0,0
75,10,13,5,18,Y6057576,,,,0,30.0,0,0
75,10,13,5,19,Y6057577,,,,0,30.0,0,0
75,10,13,5,20,Y6057578,,,,0,30.0,0,0
75,10,13,5,21,Y6057579,,,,0,30.0,0,0
75,10,13,5,22,Y6057580,,,,0,30.0,0,0
75,10,13,5,23,Y6057581,,,,0,30.0,0,0
75,10,13,5,24,Y6057582,,,,0,30.0,0,0
75,10,13,5,25,Y6057583,,,,0,30.0,0,0
75,10,13,5,26,Y6057584,,,,0,30.0,0,0
75,10,13,5,27,Y6057585,,,,0,30.0,0,0
75,10,13,5,28,Y6057586,,,,0,30.0,0,0
75,10,13,5,29,Y6057587,,,,0,30.0,0,0
75,10,13,5,30,Y6057588,,,,0,30.0,0,0
75,10,13,6,10,Y6057589,,,,0,30.0,0,0
75,10,13,6,11,Y6057590,,,,0,30.0,0,0
75,10,13,6,12,Y6057591,,,,0,30.0,0,0
75,10,13,6,13,Y6057592,,,,0,30.0,0,0
75,10,13,6,14,Y6057593,,,,0,30.0,0,0
75,10,13,6,15,Y6057594,,,,0,30.0,0,0
75,10,13,6,16,Y6057595,,,,0,30.0,0,0
75,10,13,6,17,Y6057596,,,,0,30.0,0,0
75,10,13,6,18,Y6057597,,,,0,30.0,0,0
75,10,13,6,19,Y6057598,,,,0,30.0,0,0
75,10,13,6,20,Y6057599,,,,0,30.0,0,0
75,10,13,6,21,Y6057600,,,,0,30.0,0,0
75,10,13,6,22,Y6057601,,,,0,30.0,0,0
75,10,13,6,23,Y6057602,,,,0,30.0,0,0
75,10,13,6,24,Y6057603,,,,0,30.0,0,0
75,10,13,6,25,Y6057604,,,,0,30.0,0,0
75,10,13,6,26,Y6057605,,,,0,30.0,0,0
75,10,13,6,27,Y6057606,,,,0,30.0,0,0
75,10,13,6,28,Y6057607,,,,0,30.0,0,0
75,10,13,6,29,Y6057608,,,,0,30.0,0,0
75,10,13,6,30,Y6057609,,,,0,30.0,0,0
75,10,13,7,10,Y6057610,,,,0,30.0,0,0
75,10,13,7,11,Y6057611,,,,0,30.0,0,0
75,10,13,7,12,Y6057612,,,,0,30.0,0,0
75,10,13,7,13,Y6057613,,,,0,30.0,0,0
75,10,13,7,14,Y6057614,,,,0,30.0,0,0
75,10,13,7,15,Y6057615,,,,0,30.0,0,0
75,10,13,7,16,Y6057616,,,,0,30.0,0,0
75,10,13,7,17,Y6057617,,,,0,30.0,0,0
75,10,13,7,18,Y6057618,,,,0,30.0,0,0
75,10,13,7,19,Y6057619,,,,0,30.0,0,0
75,10,13,7,20,Y6057620,,,,0,30.0,0,0
75,10,13,7,21,Y6057621,,,,0,30.0,0,0
75,10,13,7,22,Y6057622,,,,0,30.0,0,0
75,10,13,7,23,Y6057623,,,,0,30.0,0,0
75,10,13,7,24,Y6057624,,,,0,30.0,0,0
75,10,13,7,25,Y6057625,,,,0,30.0,0,0
75,10,13,7,26,Y6057626,,,,0,30.0,0,0
75,10,13,7,27,Y6057627,,,,0,30.0,0,0
75,10,13,7,28,Y6057628,,,,0,30.0,0,0
75,10,13,7,29,Y6057629,,,,0,30.0,0,0
75,10,13,7,30,Y6057630,,,,0,30.0,0,0
75,10,13,8,10,Y6057631,,,,0,30.0,0,0
75,10,13,8,11,Y6057632,,,,0,30.0,0,0
75,10,13,8,12,Y6057633,,,,0,30.0,0,0
75,10,13,8,13,Y6057634,,,,0,30.0,0,0
75,10,13,8,14,Y6057635,,,,0,30.0,0,0
75,10,13,8,15,Y6057636,,,,0,30.0,0,0
75,10,13,8,16,Y6057637,,,,0,30.0,0,0
75,10,13,8,17,Y6057638,,,,0,30.0,0,0
75,10,13,8,18,Y6057639,,,,0,30.0,0,0
75,10,13,8,19,Y6057640,,,,0,30.0,0,0
75,10,13,8,20,Y6057641,,,,0,30.0,0,0
75,10,13,8,21,Y6057642,,,,0,30.0,0,0
75,10,13,8,22,Y6057643,,,,0,30.0,0,0
75,10,13,8,23,Y6057644,,,,0,30.0,0,0
75,10,13,8,24,Y6057645,,,,0,30.0,0,0
75,10,13,8,25,Y6057646,,,,0,30.0,0,0
75,10,13,8,26,Y6057647,,,,0,30.0,0,0
75,10,13,8,27,Y6057648,,,,0,30.0,0,0
75,10,13,8,28,Y6057649,,,,0,30.0,0,0
75,10,13,8,29,Y6057650,,,,0,30.0,0,0
75,10,13,8,30,Y6057651,,,,0,30.0,0,0
75,10,13,9,10,Y6057652,,,,0,30.0,0,0
75,10,13,9,11,Y6057653,,,,0,30.0,0,0
75,10,13,9,12,Y6057654,,,,0,30.0,0,0
75,10,13,9,13,Y6057655,,,,0,30.0,0,0
75,10,13,9,14,Y6057656,,,,0,30.0,0,0
75,10,13,9,15,Y6057657,,,,0,30.0,0,0
75,10,13,9,16,Y6057658,,,,0,30.0,0,0
75,10,13,9,17,Y6057659,,,,0,30.0,0,0
75,10,13,9,18,Y6057660,,,,0,30.0,0,0
75,10,13,9,19,Y6057661,,,,0,30.0,0,0
75,10,13,9,20,Y6057662,,,,0,30.0,0,0
75,10,13,9,21,Y6057663,,,,0,30.0,0,0
75,10,13,9,22,Y6057664,,,,0,30.0,0,0
75,10,13,9,23,Y6057665,,,,0,30.0,0,0
75,10,13,9,24,Y6057666,,,,0,30.0,0,0
75,10,13,9,25,Y6057667,,,,0,30.0,0,0
75,10,13,9,26,Y6057668,,,,0,30.0,0,0
75,10,13,9,27,Y6057669,,,,0,30.0,0,0
75,10,13,9,28,Y6057670,,,,0,30.0,0,0
75,10,13,9,29,Y6057671,,,,0,30.0,0,0
75,10,13,9,30,Y6057672,,,,0,30.0,0,0
75,10,13,10,10,Y6057673,,,,0,30.0,0,0
75,10,13,10,11,Y6057674,,,,0,30.0,0,0
75,10,13,10,12,Y6057675,,,,0,30.0,0,0
75,10,13,10,13,Y6057676,,,,0,30.0,0,0
75,10,13,10,14,Y6057677,,,,0,30.0,0,0
75,10,13,10,15,Y6057678,,,,0,30.0,0,0
75,10,13,10,16,Y6057679,,,,0,30.0,0,0
75,10,13,10,17,Y6057680,,,,0,30.0,0,0
75,10,13,10,18,Y6057681,,,,0,30.0,0,0
75,10,13,10,19,Y6057682,,,,0,30.0,0,0
75,10,13,10,20,Y6057683,,,,0,30.0,0,0
75,10,13,10,21,Y6057684,,,,0,30.0,0,0
75,10,13,10,22,Y6057685,,,,0,30.0,0,0
75,10,13,10,23,Y6057686,,,,0,30.0,0,0
75,10,13,10,24,Y6057687,,,,0,30.0,0,0
75,10,13,10,25,Y6057688,,,,0,30.0,0,0
75,10,13,10,26,Y6057689,,,,0,30.0,0,0
75,10,13,10,27,Y6057690,,,,0,30.0,0,0
75,10,13,10,28,Y6057691,,,,0,30.0,0,0
75,10,13,10,29,Y6057692,,,,0,30.0,0,0
75,10,13,10,30,Y6057693,,,,0,30.0,0,0
75,10,13,11,10,Y6057694,,,,0,30.0,0,0
75,10,13,11,11,Y6057695,,,,0,30.0,0,0
75,10,13,11,12,Y6057696,,,,0,30.0,0,0
75,10,13,11,13,Y6057697,,,,0,30.0,0,0
75,10,13,11,14,Y6057698,,,,0,30.0,0,0
75,10,13,11,15,Y6057699,,,,0,30.0,0,0
75,10,13,11,16,Y6057700,,,,0,30.0,0,0
75,10,13,11,17,Y6057701,,,,0,30.0,0,0
75,10,13,11,18,Y6057702,,,,0,30.0,0,0
75,10,13,11,19,Y6057703,,,,0,30.0,0,0
75,10,13,11,20,Y6057704,,,,0,30.0,0,0
75,10,13,11,21,Y6057705,,,,0,30.0,0,0
75,10,13,11,22,Y6057706,,,,0,30.0,0,0
75,10,13,11,23,Y6057707,,,,0,30.0,0,0
75,10,13,11,24,Y6057708,,,,0,30.0,0,0
75,10,13,11,25,Y6057709,,,,0,30.0,0,0
75,10,13,11,26,Y6057710,,,,0,30.0,0,0
75,10,13,11,27,Y6057711,,,,0,30.0,0,0
75,10,13,11,28,Y6057712,,,,0,30.0,0,0
75,10,13,11,29,Y6057713,,,,0,30.0,0,0
75,10,13,11,30,Y6057714,,,,0,30.0,0,0
75,10,13,12,10,Y6057715,,,,0,30.0,0,0
75,10,13,12,11,Y6057716,,,,0,30.0,0,0
75,10,13,12,12,Y6057717,,,,0,30.0,0,0
75,10,13,12,13,Y6057718,,,,0,30.0,0,0
75,10,13,12,14,Y6057719,,,,0,30.0,0,0
75,10,13,12,15,Y6057720,,,,0,30.0,0,0
75,10,13,12,16,Y6057721,,,,0,30.0,0,0
75,10,13,12,17,Y6057722,,,,0,30.0,0,0
75,10,13,12,18,Y6057723,,,,0,30.0,0,0
75,10,13,12,19,Y6057724,,,,0,30.0,0,0
75,10,13,12,20,Y6057725,,,,0,30.0,0,0
75,10,13,12,21,Y6057726,,,,0,30.0,0,0
75,10,13,12,22,Y6057727,,,,0,30.0,0,0
75,10,13,12,23,Y6057728,,,,0,30.0,0,0
75,10,13,12,24,Y6057729,,,,0,30.0,0,0
75,10,13,12,25,Y6057730,,,,0,30.0,0,0
75,10,13,12,26,Y6057731,,,,0,30.0,0,0
75,10,13,12,27,Y6057732,,,,0,30.0,0,0
75,10,13,12,28,Y6057733,,,,0,30.0,0,0
75,10,13,12,29,Y6057734,,,,0,30.0,0,0
75,10,13,12,30,Y6057735,,,,0,30.0,0,0
75,10,14,1,10,Y6057736,,,,0,30.0,0,0
75,10,14,1,11,Y6057737,,,,0,30.0,0,0
75,10,14,1,12,Y6057738,,,,0,30.0,0,0
75,10,14,1,13,Y6057739,,,,0,30.0,0,0
75,10,14,1,14,Y6057740,,,,0,30.0,0,0
75,10,14,1,15,Y6057741,,,,0,30.0,0,0
75,10,14,1,16,Y6057742,,,,0,30.0,0,0
75,10,14,1,17,Y6057743,,,,0,30.0,0,0
75,10,14,1,18,Y6057744,,,,0,30.0,0,0
75,10,14,1,19,Y6057745,,,,0,30.0,0,0
75,10,14,1,20,Y6057746,,,,0,30.0,0,0
75,10,14,1,21,Y6057747,,,,0,30.0,0,0
75,10,14,1,22,Y6057748,,,,0,30.0,0,0
75,10,14,1,23,Y6057749,,,,0,30.0,0,0
75,10,14,1,24,Y6057750,,,,0,30.0,0,0
75,10,14,1,25,Y6057751,,,,0,30.0,0,0
75,10,14,1,26,Y6057752,,,,0,30.0,0,0
75,10,14,1,27,Y6057753,,,,0,30.0,0,0
75,10,14,1,28,Y6057754,,,,0,30.0,0,0
75,10,14,1,29,Y6057755,,,,0,30.0,0,0
75,10,14,1,30,Y6057756,,,,0,30.0,0,0
75,10,14,2,10,Y6057757,,,,0,30.0,0,0
75,10,14,2,11,Y6057758,,,,0,30.0,0,0
75,10,14,2,12,Y6057759,,,,0,30.0,0,0
75,10,14,2,13,Y6057760,,,,0,30.0,0,0
75,10,14,2,14,Y6057761,,,,0,30.0,0,0
75,10,14,2,15,Y6057762,,,,0,30.0,0,0
75,10,14,2,16,Y6057763,,,,0,30.0,0,0
75,10,14,2,17,Y6057764,,,,0,30.0,0,0
75,10,14,2,18,Y6057765,,,,0,30.0,0,0
75,10,14,2,19,Y6057766,,,,0,30.0,0,0
75,10,14,2,20,Y6057767,,,,0,30.0,0,0
75,10,14,2,21,Y6057768,,,,0,30.0,0,0
75,10,14,2,22,Y6057769,,,,0,30.0,0,0
75,10,14,2,23,Y6057770,,,,0,30.0,0,0
75,10,14,2,24,Y6057771,,,,0,30.0,0,0
75,10,14,2,25,Y6057772,,,,0,30.0,0,0
75,10,14,2,26,Y6057773,,,,0,30.0,0,0
75,10,14,2,27,Y6057774,,,,0,30.0,0,0
75,10,14,2,28,Y6057775,,,,0,30.0,0,0
75,10,14,2,29,Y6057776,,,,0,30.0,0,0
75,10,14,2,30,Y6057777,,,,0,30.0,0,0
75,10,14,3,10,Y6057778,,,,0,30.0,0,0
75,10,14,3,11,Y6057779,,,,0,30.0,0,0
75,10,14,3,12,Y6057780,,,,0,30.0,0,0
75,10,14,3,13,Y6057781,,,,0,30.0,0,0
75,10,14,3,14,Y6057782,,,,0,30.0,0,0
75,10,14,3,15,Y6057783,,,,0,30.0,0,0
75,10,14,3,16,Y6057784,,,,0,30.0,0,0
75,10,14,3,17,Y6057785,,,,0,30.0,0,0
75,10,14,3,18,Y6057786,,,,0,30.0,0,0
75,10,14,3,19,Y6057787,,,,0,30.0,0,0
75,10,14,3,20,Y6057788,,,,0,30.0,0,0
75,10,14,3,21,Y6057789,,,,0,30.0,0,0
75,10,14,3,22,Y6057790,,,,0,30.0,0,0
75,10,14,3,23,Y6057791,,,,0,30.0,0,0
75,10,14,3,24,Y6057792,,,,0,30.0,0,0
75,10,14,3,25,Y6057793,,,,0,30.0,0,0
75,10,14,3,26,Y6057794,,,,0,30.0,0,0
75,10,14,3,27,Y6057795,,,,0,30.0,0,0
75,10,14,3,28,Y6057796,,,,0,30.0,0,0
75,10,14,3,29,Y6057797,,,,0,30.0,0,0
75,10,14,3,30,Y6057798,,,,0,30.0,0,0
75,10,14,4,10,Y6057799,,,,0,30.0,0,0
75,10,14,4,11,Y6057800,,,,0,30.0,0,0
75,10,14,4,12,Y6057801,,,,0,30.0,0,0
75,10,14,4,13,Y6057802,,,,0,30.0,0,0
75,10,14,4,14,Y6057803,,,,0,30.0,0,0
75,10,14,4,15,Y6057804,,,,0,30.0,0,0
75,10,14,4,16,Y6057805,,,,0,30.0,0,0
75,10,14,4,17,Y6057806,,,,0,30.0,0,0
75,10,14,4,18,Y6057807,,,,0,30.0,0,0
75,10,14,4,19,Y6057808,,,,0,30.0,0,0
75,10,14,4,20,Y6057809,,,,0,30.0,0,0
75,10,14,4,21,Y6057810,,,,0,30.0,0,0
75,10,14,4,22,Y6057811,,,,0,30.0,0,0
75,10,14,4,23,Y6057812,,,,0,30.0,0,0
75,10,14,4,24,Y6057813,,,,0,30.0,0,0
75,10,14,4,25,Y6057814,,,,0,30.0,0,0
75,10,14,4,26,Y6057815,,,,0,30.0,0,0
75,10,14,4,27,Y6057816,,,,0,30.0,0,0
75,10,14,4,28,Y6057817,,,,0,30.0,0,0
75,10,14,4,29,Y6057818,,,,0,30.0,0,0
75,10,14,4,30,Y6057819,,,,0,30.0,0,0
75,10,14,5,10,Y6057820,,,,0,30.0,0,0
75,10,14,5,11,Y6057821,,,,0,30.0,0,0
75,10,14,5,12,Y6057822,,,,0,30.0,0,0
75,10,14,5,13,Y6057823,,,,0,30.0,0,0
75,10,14,5,14,Y6057824,,,,0,30.0,0,0
75,10,14,5,15,Y6057825,,,,0,30.0,0,0
75,10,14,5,16,Y6057826,,,,0,30.0,0,0
75,10,14,5,17,Y6057827,,,,0,30.0,0,0
75,10,14,5,18,Y6057828,,,,0,30.0,0,0
75,10,14,5,19,Y6057829,,,,0,30.0,0,0
75,10,14,5,20,Y6057830,,,,0,30.0,0,0
75,10,14,5,21,Y6057831,,,,0,30.0,0,0
75,10,14,5,22,Y6057832,,,,0,30.0,0,0
75,10,14,5,23,Y6057833,,,,0,30.0,0,0
75,10,14,5,24,Y6057834,,,,0,30.0,0,0
75,10,14,5,25,Y6057835,,,,0,30.0,0,0
75,10,14,5,26,Y6057836,,,,0,30.0,0,0
75,10,14,5,27,Y6057837,,,,0,30.0,0,0
75,10,14,5,28,Y6057838,,,,0,30.0,0,0
75,10,14,5,29,Y6057839,,,,0,30.0,0,0
75,10,14,5,30,Y6057840,,,,0,30.0,0,0
75,10,14,6,10,Y6057841,,,,0,30.0,0,0
75,10,14,6,11,Y6057842,,,,0,30.0,0,0
75,10,14,6,12,Y6057843,,,,0,30.0,0,0
75,10,14,6,13,Y6057844,,,,0,30.0,0,0
75,10,14,6,14,Y6057845,,,,0,30.0,0,0
75,10,14,6,15,Y6057846,,,,0,30.0,0,0
75,10,14,6,16,Y6057847,,,,0,30.0,0,0
75,10,14,6,17,Y6057848,,,,0,30.0,0,0
75,10,14,6,18,Y6057849,,,,0,30.0,0,0
75,10,14,6,19,Y6057850,,,,0,30.0,0,0
75,10,14,6,20,Y6057851,,,,0,30.0,0,0
75,10,14,6,21,Y6057852,,,,0,30.0,0,0
75,10,14,6,22,Y6057853,,,,0,30.0,0,0
75,10,14,6,23,Y6057854,,,,0,30.0,0,0
75,10,14,6,24,Y6057855,,,,0,30.0,0,0
75,10,14,6,25,Y6057856,,,,0,30.0,0,0
75,10,14,6,26,Y6057857,,,,0,30.0,0,0
75,10,14,6,27,Y6057858,,,,0,30.0,0,0
75,10,14,6,28,Y6057859,,,,0,30.0,0,0
75,10,14,6,29,Y6057860,,,,0,30.0,0,0
75,10,14,6,30,Y6057861,,,,0,30.0,0,0
75,10,14,7,10,Y6057862,,,,0,30.0,0,0
75,10,14,7,11,Y6057863,,,,0,30.0,0,0
75,10,14,7,12,Y6057864,,,,0,30.0,0,0
75,10,14,7,13,Y6057865,,,,0,30.0,0,0
75,10,14,7,14,Y6057866,,,,0,30.0,0,0
75,10,14,7,15,Y6057867,,,,0,30.0,0,0
75,10,14,7,16,Y6057868,,,,0,30.0,0,0
75,10,14,7,17,Y6057869,,,,0,30.0,0,0
75,10,14,7,18,Y6057870,,,,0,30.0,0,0
75,10,14,7,19,Y6057871,,,,0,30.0,0,0
75,10,14,7,20,Y6057872,,,,0,30.0,0,0
75,10,14,7,21,Y6057873,,,,0,30.0,0,0
75,10,14,7,22,Y6057874,,,,0,30.0,0,0
75,10,14,7,23,Y6057875,,,,0,30.0,0,0
75,10,14,7,24,Y6057876,,,,0,30.0,0,0
75,10,14,7,25,Y6057877,,,,0,30.0,0,0
75,10,14,7,26,Y6057878,,,,0,30.0,0,0
75,10,14,7,27,Y6057879,,,,0,30.0,0,0
75,10,14,7,28,Y6057880,,,,0,30.0,0,0
75,10,14,7,29,Y6057881,,,,0,30.0,0,0
75,10,14,7,30,Y6057882,,,,0,30.0,0,0
75,10,14,8,10,Y6057883,,,,0,30.0,0,0
75,10,14,8,11,Y6057884,,,,0,30.0,0,0
75,10,14,8,12,Y6057885,,,,0,30.0,0,0
75,10,14,8,13,Y6057886,,,,0,30.0,0,0
75,10,14,8,14,Y6057887,,,,0,30.0,0,0
75,10,14,8,15,Y6057888,,,,0,30.0,0,0
75,10,14,8,16,Y6057889,,,,0,30.0,0,0
75,10,14,8,17,Y6057890,,,,0,30.0,0,0
75,10,14,8,18,Y6057891,,,,0,30.0,0,0
75,10,14,8,19,Y6057892,,,,0,30.0,0,0
75,10,14,8,20,Y6057893,,,,0,30.0,0,0
75,10,14,8,21,Y6057894,,,,0,30.0,0,0
75,10,14,8,22,Y6057895,,,,0,30.0,0,0
75,10,14,8,23,Y6057896,,,,0,30.0,0,0
75,10,14,8,24,Y6057897,,,,0,30.0,0,0
75,10,14,8,25,Y6057898,,,,0,30.0,0,0
75,10,14,8,26,Y6057899,,,,0,30.0,0,0
75,10,14,8,27,Y6057900,,,,0,30.0,0,0
75,10,14,8,28,Y6057901,,,,0,30.0,0,0
75,10,14,8,29,Y6057902,,,,0,30.0,0,0
75,10,14,8,30,Y6057903,,,,0,30.0,0,0
75,10,14,9,10,Y6057904,,,,0,30.0,0,0
75,10,14,9,11,Y6057905,,,,0,30.0,0,0
75,10,14,9,12,Y6057906,,,,0,30.0,0,0
75,10,14,9,13,Y6057907,,,,0,30.0,0,0
75,10,14,9,14,Y6057908,,,,0,30.0,0,0
75,10,14,9,15,Y6057909,,,,0,30.0,0,0
75,10,14,9,16,Y6057910,,,,0,30.0,0,0
75,10,14,9,17,Y6057911,,,,0,30.0,0,0
75,10,14,9,18,Y6057912,,,,0,30.0,0,0
75,10,14,9,19,Y6057913,,,,0,30.0,0,0
75,10,14,9,20,Y6057914,,,,0,30.0,0,0
75,10,14,9,21,Y6057915,,,,0,30.0,0,0
75,10,14,9,22,Y6057916,,,,0,30.0,0,0
75,10,14,9,23,Y6057917,,,,0,30.0,0,0
75,10,14,9,24,Y6057918,,,,0,30.0,0,0
75,10,14,9,25,Y6057919,,,,0,30.0,0,0
75,10,14,9,26,Y6057920,,,,0,30.0,0,0
75,10,14,9,27,Y6057921,,,,0,30.0,0,0
75,10,14,9,28,Y6057922,,,,0,30.0,0,0
75,10,14,9,29,Y6057923,,,,0,30.0,0,0
75,10,14,9,30,Y6057924,,,,0,30.0,0,0
75,10,14,10,10,Y6057925,,,,0,30.0,0,0
75,10,14,10,11,Y6057926,,,,0,30.0,0,0
75,10,14,10,12,Y6057927,,,,0,30.0,0,0
75,10,14,10,13,Y6057928,,,,0,30.0,0,0
75,10,14,10,14,Y6057929,,,,0,30.0,0,0
75,10,14,10,15,Y6057930,,,,0,30.0,0,0
75,10,14,10,16,Y6057931,,,,0,30.0,0,0
75,10,14,10,17,Y6057932,,,,0,30.0,0,0
75,10,14,10,18,Y6057933,,,,0,30.0,0,0
75,10,14,10,19,Y6057934,,,,0,30.0,0,0
75,10,14,10,20,Y6057935,,,,0,30.0,0,0
75,10,14,10,21,Y6057936,,,,0,30.0,0,0
75,10,14,10,22,Y6057937,,,,0,30.0,0,0
75,10,14,10,23,Y6057938,,,,0,30.0,0,0
75,10,14,10,24,Y6057939,,,,0,30.0,0,0
75,10,14,10,25,Y6057940,,,,0,30.0,0,0
75,10,14,10,26,Y6057941,,,,0,30.0,0,0
75,10,14,10,27,Y6057942,,,,0,30.0,0,0
75,10,14,10,28,Y6057943,,,,0,30.0,0,0
75,10,14,10,29,Y6057944,,,,0,30.0,0,0
75,10,14,10,30,Y6057945,,,,0,30.0,0,0
75,10,14,11,10,Y6057946,,,,0,30.0,0,0
75,10,14,11,11,Y6057947,,,,0,30.0,0,0
75,10,14,11,12,Y6057948,,,,0,30.0,0,0
75,10,14,11,13,Y6057949,,,,0,30.0,0,0
75,10,14,11,14,Y6057950,,,,0,30.0,0,0
75,10,14,11,15,Y6057951,,,,0,30.0,0,0
75,10,14,11,16,Y6057952,,,,0,30.0,0,0
75,10,14,11,17,Y6057953,,,,0,30.0,0,0
75,10,14,11,18,Y6057954,,,,0,30.0,0,0
75,10,14,11,19,Y6057955,,,,0,30.0,0,0
75,10,14,11,20,Y6057956,,,,0,30.0,0,0
75,10,14,11,21,Y6057957,,,,0,30.0,0,0
75,10,14,11,22,Y6057958,,,,0,30.0,0,0
75,10,14,11,23,Y6057959,,,,0,30.0,0,0
75,10,14,11,24,Y6057960,,,,0,30.0,0,0
75,10,14,11,25,Y6057961,,,,0,30.0,0,0
75,10,14,11,26,Y6057962,,,,0,30.0,0,0
75,10,14,11,27,Y6057963,,,,0,30.0,0,0
75,10,14,11,28,Y6057964,,,,0,30.0,0,0
75,10,14,11,29,Y6057965,,,,0,30.0,0,0
75,10,14,11,30,Y6057966,,,,0,30.0,0,0
75,10,14,12,10,Y6057967,,,,0,30.0,0,0
75,10,14,12,11,Y6057968,,,,0,30.0,0,0
75,10,14,12,12,Y6057969,,,,0,30.0,0,0
75,10,14,12,13,Y6057970,,,,0,30.0,0,0
75,10,14,12,14,Y6057971,,,,0,30.0,0,0
75,10,14,12,15,Y6057972,,,,0,30.0,0,0
75,10,14,12,16,Y6057973,,,,0,30.0,0,0
75,10,14,12,17,Y6057974,,,,0,30.0,0,0
75,10,14,12,18,Y6057975,,,,0,30.0,0,0
75,10,14,12,19,Y6057976,,,,0,30.0,0,0
75,10,14,12,20,Y6057977,,,,0,30.0,0,0
75,10,14,12,21,Y6057978,,,,0,30.0,0,0
75,10,14,12,22,Y6057979,,,,0,30.0,0,0
75,10,14,12,23,Y6057980,,,,0,30.0,0,0
75,10,14,12,24,Y6057981,,,,0,30.0,0,0
75,10,14,12,25,Y6057982,,,,0,30.0,0,0
75,10,14,12,26,Y6057983,,,,0,30.0,0,0
75,10,14,12,27,Y6057984,,,,0,30.0,0,0
75,10,14,12,28,Y6057985,,,,0,30.0,0,0
75,10,14,12,29,Y6057986,,,,0,30.0,0,0
75,10,14,12,30,Y6057987,,,,0,30.0,0,0
75,10,15,1,10,Y6057988,,,,0,30.0,0,0
75,10,15,1,11,Y6057989,,,,0,30.0,0,0
75,10,15,1,12,Y6057990,,,,0,30.0,0,0
75,10,15,1,13,Y6057991,,,,0,30.0,0,0
75,10,15,1,14,Y6057992,,,,0,30.0,0,0
75,10,15,1,15,Y6057993,,,,0,30.0,0,0
75,10,15,1,16,Y6057994,,,,0,30.0,0,0
75,10,15,1,17,Y6057995,,,,0,30.0,0,0
75,10,15,1,18,Y6057996,,,,0,30.0,0,0
75,10,15,1,19,Y6057997,,,,0,30.0,0,0
75,10,15,1,20,Y6057998,,,,0,30.0,0,0
75,10,15,1,21,Y6057999,,,,0,30.0,0,0
75,10,15,1,22,Y6058000,,,,0,30.0,0,0
75,10,15,1,23,Y6058001,,,,0,30.0,0,0
75,10,15,1,24,Y6058002,,,,0,30.0,0,0
75,10,15,1,25,Y6058003,,,,0,30.0,0,0
75,10,15,1,26,Y6058004,,,,0,30.0,0,0
75,10,15,1,27,Y6058005,,,,0,30.0,0,0
75,10,15,1,28,Y6058006,,,,0,30.0,0,0
75,10,15,1,29,Y6058007,,,,0,30.0,0,0
75,10,15,1,30,Y6058008,,,,0,30.0,0,0
75,10,15,2,10,Y6058009,,,,0,30.0,0,0
75,10,15,2,11,Y6058010,,,,0,30.0,0,0
75,10,15,2,12,Y6058011,,,,0,30.0,0,0
75,10,15,2,13,Y6058012,,,,0,30.0,0,0
75,10,15,2,14,Y6058013,,,,0,30.0,0,0
75,10,15,2,15,Y6058014,,,,0,30.0,0,0
75,10,15,2,16,Y6058015,,,,0,30.0,0,0
75,10,15,2,17,Y6058016,,,,0,30.0,0,0
75,10,15,2,18,Y6058017,,,,0,30.0,0,0
75,10,15,2,19,Y6058018,,,,0,30.0,0,0
75,10,15,2,20,Y6058019,,,,0,30.0,0,0
75,10,15,2,21,Y6058020,,,,0,30.0,0,0
75,10,15,2,22,Y6058021,,,,0,30.0,0,0
75,10,15,2,23,Y6058022,,,,0,30.0,0,0
75,10,15,2,24,Y6058023,,,,0,30.0,0,0
75,10,15,2,25,Y6058024,,,,0,30.0,0,0
75,10,15,2,26,Y6058025,,,,0,30.0,0,0
75,10,15,2,27,Y6058026,,,,0,30.0,0,0
75,10,15,2,28,Y6058027,,,,0,30.0,0,0
75,10,15,2,29,Y6058028,,,,0,30.0,0,0
75,10,15,2,30,Y6058029,,,,0,30.0,0,0
75,10,15,3,10,Y6058030,,,,0,30.0,0,0
75,10,15,3,11,Y6058031,,,,0,30.0,0,0
75,10,15,3,12,Y6058032,,,,0,30.0,0,0
75,10,15,3,13,Y6058033,,,,0,30.0,0,0
75,10,15,3,14,Y6058034,,,,0,30.0,0,0
75,10,15,3,15,Y6058035,,,,0,30.0,0,0
75,10,15,3,16,Y6058036,,,,0,30.0,0,0
75,10,15,3,17,Y6058037,,,,0,30.0,0,0
75,10,15,3,18,Y6058038,,,,0,30.0,0,0
75,10,15,3,19,Y6058039,,,,0,30.0,0,0
75,10,15,3,20,Y6058040,,,,0,30.0,0,0
75,10,15,3,21,Y6058041,,,,0,30.0,0,0
75,10,15,3,22,Y6058042,,,,0,30.0,0,0
75,10,15,3,23,Y6058043,,,,0,30.0,0,0
75,10,15,3,24,Y6058044,,,,0,30.0,0,0
75,10,15,3,25,Y6058045,,,,0,30.0,0,0
75,10,15,3,26,Y6058046,,,,0,30.0,0,0
75,10,15,3,27,Y6058047,,,,0,30.0,0,0
75,10,15,3,28,Y6058048,,,,0,30.0,0,0
75,10,15,3,29,Y6058049,,,,0,30.0,0,0
75,10,15,3,30,Y6058050,,,,0,30.0,0,0
75,10,15,4,10,Y6058051,,,,0,30.0,0,0
75,10,15,4,11,Y6058052,,,,0,30.0,0,0
75,10,15,4,12,Y6058053,,,,0,30.0,0,0
75,10,15,4,13,Y6058054,,,,0,30.0,0,0
75,10,15,4,14,Y6058055,,,,0,30.0,0,0
75,10,15,4,15,Y6058056,,,,0,30.0,0,0
75,10,15,4,16,Y6058057,,,,0,30.0,0,0
75,10,15,4,17,Y6058058,,,,0,30.0,0,0
75,10,15,4,18,Y6058059,,,,0,30.0,0,0
75,10,15,4,19,Y6058060,,,,0,30.0,0,0
75,10,15,4,20,Y6058061,,,,0,30.0,0,0
75,10,15,4,21,Y6058062,,,,0,30.0,0,0
75,10,15,4,22,Y6058063,,,,0,30.0,0,0
75,10,15,4,23,Y6058064,,,,0,30.0,0,0
75,10,15,4,24,Y6058065,,,,0,30.0,0,0
75,10,15,4,25,Y6058066,,,,0,30.0,0,0
75,10,15,4,26,Y6058067,,,,0,30.0,0,0
75,10,15,4,27,Y6058068,,,,0,30.0,0,0
75,10,15,4,28,Y6058069,,,,0,30.0,0,0
75,10,15,4,29,Y6058070,,,,0,30.0,0,0
75,10,15,4,30,Y6058071,,,,0,30.0,0,0
75,10,15,5,10,Y6058072,,,,0,30.0,0,0
75,10,15,5,11,Y6058073,,,,0,30.0,0,0
75,10,15,5,12,Y6058074,,,,0,30.0,0,0
75,10,15,5,13,Y6058075,,,,0,30.0,0,0
75,10,15,5,14,Y6058076,,,,0,30.0,0,0
75,10,15,5,15,Y6058077,,,,0,30.0,0,0
75,10,15,5,16,Y6058078,,,,0,30.0,0,0
75,10,15,5,17,Y6058079,,,,0,30.0,0,0
75,10,15,5,18,Y6058080,,,,0,30.0,0,0
75,10,15,5,19,Y6058081,,,,0,30.0,0,0
75,10,15,5,20,Y6058082,,,,0,30.0,0,0
75,10,15,5,21,Y6058083,,,,0,30.0,0,0
75,10,15,5,22,Y6058084,,,,0,30.0,0,0
75,10,15,5,23,Y6058085,,,,0,30.0,0,0
75,10,15,5,24,Y6058086,,,,0,30.0,0,0
75,10,15,5,25,Y6058087,,,,0,30.0,0,0
75,10,15,5,26,Y6058088,,,,0,30.0,0,0
75,10,15,5,27,Y6058089,,,,0,30.0,0,0
75,10,15,5,28,Y6058090,,,,0,30.0,0,0
75,10,15,5,29,Y6058091,,,,0,30.0,0,0
75,10,15,5,30,Y6058092,,,,0,30.0,0,0
75,10,15,6,10,Y6058093,,,,0,30.0,0,0
75,10,15,6,11,Y6058094,,,,0,30.0,0,0
75,10,15,6,12,Y6058095,,,,0,30.0,0,0
75,10,15,6,13,Y6058096,,,,0,30.0,0,0
75,10,15,6,14,Y6058097,,,,0,30.0,0,0
75,10,15,6,15,Y6058098,,,,0,30.0,0,0
75,10,15,6,16,Y6058099,,,,0,30.0,0,0
75,10,15,6,17,Y6058100,,,,0,30.0,0,0
75,10,15,6,18,Y6058101,,,,0,30.0,0,0
75,10,15,6,19,Y6058102,,,,0,30.0,0,0
75,10,15,6,20,Y6058103,,,,0,30.0,0,0
75,10,15,6,21,Y6058104,,,,0,30.0,0,0
75,10,15,6,22,Y6058105,,,,0,30.0,0,0
75,10,15,6,23,Y6058106,,,,0,30.0,0,0
75,10,15,6,24,Y6058107,,,,0,30.0,0,0
75,10,15,6,25,Y6058108,,,,0,30.0,0,0
75,10,15,6,26,Y6058109,,,,0,30.0,0,0
75,10,15,6,27,Y6058110,,,,0,30.0,0,0
75,10,15,6,28,Y6058111,,,,0,30.0,0,0
75,10,15,6,29,Y6058112,,,,0,30.0,0,0
75,10,15,6,30,Y6058113,,,,0,30.0,0,0
75,10,15,7,10,Y6058114,,,,0,30.0,0,0
75,10,15,7,11,Y6058115,,,,0,30.0,0,0
75,10,15,7,12,Y6058116,,,,0,30.0,0,0
75,10,15,7,13,Y6058117,,,,0,30.0,0,0
75,10,15,7,14,Y6058118,,,,0,30.0,0,0
75,10,15,7,15,Y6058119,,,,0,30.0,0,0
75,10,15,7,16,Y6058120,,,,0,30.0,0,0
75,10,15,7,17,Y6058121,,,,0,30.0,0,0
75,10,15,7,18,Y6058122,,,,0,30.0,0,0
75,10,15,7,19,Y6058123,,,,0,30.0,0,0
75,10,15,7,20,Y6058124,,,,0,30.0,0,0
75,10,15,7,21,Y6058125,,,,0,30.0,0,0
75,10,15,7,22,Y6058126,,,,0,30.0,0,0
75,10,15,7,23,Y6058127,,,,0,30.0,0,0
75,10,15,7,24,Y6058128,,,,0,30.0,0,0
75,10,15,7,25,Y6058129,,,,0,30.0,0,0
75,10,15,7,26,Y6058130,,,,0,30.0,0,0
75,10,15,7,27,Y6058131,,,,0,30.0,0,0
75,10,15,7,28,Y6058132,,,,0,30.0,0,0
75,10,15,7,29,Y6058133,,,,0,30.0,0,0
75,10,15,7,30,Y6058134,,,,0,30.0,0,0
75,10,15,8,10,Y6058135,,,,0,30.0,0,0
75,10,15,8,11,Y6058136,,,,0,30.0,0,0
75,10,15,8,12,Y6058137,,,,0,30.0,0,0
75,10,15,8,13,Y6058138,,,,0,30.0,0,0
75,10,15,8,14,Y6058139,,,,0,30.0,0,0
75,10,15,8,15,Y6058140,,,,0,30.0,0,0
75,10,15,8,16,Y6058141,,,,0,30.0,0,0
75,10,15,8,17,Y6058142,,,,0,30.0,0,0
75,10,15,8,18,Y6058143,,,,0,30.0,0,0
75,10,15,8,19,Y6058144,,,,0,30.0,0,0
75,10,15,8,20,Y6058145,,,,0,30.0,0,0
75,10,15,8,21,Y6058146,,,,0,30.0,0,0
75,10,15,8,22,Y6058147,,,,0,30.0,0,0
75,10,15,8,23,Y6058148,,,,0,30.0,0,0
75,10,15,8,24,Y6058149,,,,0,30.0,0,0
75,10,15,8,25,Y6058150,,,,0,30.0,0,0
75,10,15,8,26,Y6058151,,,,0,30.0,0,0
75,10,15,8,27,Y6058152,,,,0,30.0,0,0
75,10,15,8,28,Y6058153,,,,0,30.0,0,0
75,10,15,8,29,Y6058154,,,,0,30.0,0,0
75,10,15,8,30,Y6058155,,,,0,30.0,0,0
75,10,15,9,10,Y6058156,,,,0,30.0,0,0
75,10,15,9,11,Y6058157,,,,0,30.0,0,0
75,10,15,9,12,Y6058158,,,,0,30.0,0,0
75,10,15,9,13,Y6058159,,,,0,30.0,0,0
75,10,15,9,14,Y6058160,,,,0,30.0,0,0
75,10,15,9,15,Y6058161,,,,0,30.0,0,0
75,10,15,9,16,Y6058162,,,,0,30.0,0,0
75,10,15,9,17,Y6058163,,,,0,30.0,0,0
75,10,15,9,18,Y6058164,,,,0,30.0,0,0
75,10,15,9,19,Y6058165,,,,0,30.0,0,0
75,10,15,9,20,Y6058166,,,,0,30.0,0,0
75,10,15,9,21,Y6058167,,,,0,30.0,0,0
75,10,15,9,22,Y6058168,,,,0,30.0,0,0
75,10,15,9,23,Y6058169,,,,0,30.0,0,0
75,10,15,9,24,Y6058170,,,,0,30.0,0,0
75,10,15,9,25,Y6058171,,,,0,30.0,0,0
75,10,15,9,26,Y6058172,,,,0,30.0,0,0
75,10,15,9,27,Y6058173,,,,0,30.0,0,0
75,10,15,9,28,Y6058174,,,,0,30.0,0,0
75,10,15,9,29,Y6058175,,,,0,30.0,0,0
75,10,15,9,30,Y6058176,,,,0,30.0,0,0
75,10,15,10,10,Y6058177,,,,0,30.0,0,0
75,10,15,10,11,Y6058178,,,,0,30.0,0,0
75,10,15,10,12,Y6058179,,,,0,30.0,0,0
75,10,15,10,13,Y6058180,,,,0,30.0,0,0
75,10,15,10,14,Y6058181,,,,0,30.0,0,0
75,10,15,10,15,Y6058182,,,,0,30.0,0,0
75,10,15,10,16,Y6058183,,,,0,30.0,0,0
75,10,15,10,17,Y6058184,,,,0,30.0,0,0
75,10,15,10,18,Y6058185,,,,0,30.0,0,0
75,10,15,10,19,Y6058186,,,,0,30.0,0,0
75,10,15,10,20,Y6058187,,,,0,30.0,0,0
75,10,15,10,21,Y6058188,,,,0,30.0,0,0
75,10,15,10,22,Y6058189,,,,0,30.0,0,0
75,10,15,10,23,Y6058190,,,,0,30.0,0,0
75,10,15,10,24,Y6058191,,,,0,30.0,0,0
75,10,15,10,25,Y6058192,,,,0,30.0,0,0
75,10,15,10,26,Y6058193,,,,0,30.0,0,0
75,10,15,10,27,Y6058194,,,,0,30.0,0,0
75,10,15,10,28,Y6058195,,,,0,30.0,0,0
75,10,15,10,29,Y6058196,,,,0,30.0,0,0
75,10,15,10,30,Y6058197,,,,0,30.0,0,0
75,10,15,11,10,Y6058198,,,,0,30.0,0,0
75,10,15,11,11,Y6058199,,,,0,30.0,0,0
75,10,15,11,12,Y6058200,,,,0,30.0,0,0
75,10,15,11,13,Y6058201,,,,0,30.0,0,0
75,10,15,11,14,Y6058202,,,,0,30.0,0,0
75,10,15,11,15,Y6058203,,,,0,30.0,0,0
75,10,15,11,16,Y6058204,,,,0,30.0,0,0
75,10,15,11,17,Y6058205,,,,0,30.0,0,0
75,10,15,11,18,Y6058206,,,,0,30.0,0,0
75,10,15,11,19,Y6058207,,,,0,30.0,0,0
75,10,15,11,20,Y6058208,,,,0,30.0,0,0
75,10,15,11,21,Y6058209,,,,0,30.0,0,0
75,10,15,11,22,Y6058210,,,,0,30.0,0,0
75,10,15,11,23,Y6058211,,,,0,30.0,0,0
75,10,15,11,24,Y6058212,,,,0,30.0,0,0
75,10,15,11,25,Y6058213,,,,0,30.0,0,0
75,10,15,11,26,Y6058214,,,,0,30.0,0,0
75,10,15,11,27,Y6058215,,,,0,30.0,0,0
75,10,15,11,28,Y6058216,,,,0,30.0,0,0
75,10,15,11,29,Y6058217,,,,0,30.0,0,0
75,10,15,11,30,Y6058218,,,,0,30.0,0,0
75,10,15,12,10,Y6058219,,,,0,30.0,0,0
75,10,15,12,11,Y6058220,,,,0,30.0,0,0
75,10,15,12,12,Y6058221,,,,0,30.0,0,0
75,10,15,12,13,Y6058222,,,,0,30.0,0,0
75,10,15,12,14,Y6058223,,,,0,30.0,0,0
75,10,15,12,15,Y6058224,,,,0,30.0,0,0
75,10,15,12,16,Y6058225,,,,0,30.0,0,0
75,10,15,12,17,Y6058226,,,,0,30.0,0,0
75,10,15,12,18,Y6058227,,,,0,30.0,0,0
75,10,15,12,19,Y6058228,,,,0,30.0,0,0
75,10,15,12,20,Y6058229,,,,0,30.0,0,0
75,10,15,12,21,Y6058230,,,,0,30.0,0,0
75,10,15,12,22,Y6058231,,,,0,30.0,0,0
75,10,15,12,23,Y6058232,,,,0,30.0,0,0
75,10,15,12,24,Y6058233,,,,0,30.0,0,0
75,10,15,12,25,Y6058234,,,,0,30.0,0,0
75,10,15,12,26,Y6058235,,,,0,30.0,0,0
75,10,15,12,27,Y6058236,,,,0,30.0,0,0
75,10,15,12,28,Y6058237,,,,0,30.0,0,0
75,10,15,12,29,Y6058238,,,,0,30.0,0,0
75,10,15,12,30,Y6058239,,,,0,30.0,0,0
75,10,16,1,10,Y6058240,,,,0,30.0,0,0
75,10,16,1,11,Y6058241,,,,0,30.0,0,0
75,10,16,1,12,Y6058242,,,,0,30.0,0,0
75,10,16,1,13,Y6058243,,,,0,30.0,0,0
75,10,16,1,14,Y6058244,,,,0,30.0,0,0
75,10,16,1,15,Y6058245,,,,0,30.0,0,0
75,10,16,1,16,Y6058246,,,,0,30.0,0,0
75,10,16,1,17,Y6058247,,,,0,30.0,0,0
75,10,16,1,18,Y6058248,,,,0,30.0,0,0
75,10,16,1,19,Y6058249,,,,0,30.0,0,0
75,10,16,1,20,Y6058250,,,,0,30.0,0,0
75,10,16,1,21,Y6058251,,,,0,30.0,0,0
75,10,16,1,22,Y6058252,,,,0,30.0,0,0
75,10,16,1,23,Y6058253,,,,0,30.0,0,0
75,10,16,1,24,Y6058254,,,,0,30.0,0,0
75,10,16,1,25,Y6058255,,,,0,30.0,0,0
75,10,16,1,26,Y6058256,,,,0,30.0,0,0
75,10,16,1,27,Y6058257,,,,0,30.0,0,0
75,10,16,1,28,Y6058258,,,,0,30.0,0,0
75,10,16,1,29,Y6058259,,,,0,30.0,0,0
75,10,16,1,30,Y6058260,,,,0,30.0,0,0
75,10,16,2,10,Y6058261,,,,0,30.0,0,0
75,10,16,2,11,Y6058262,,,,0,30.0,0,0
75,10,16,2,12,Y6058263,,,,0,30.0,0,0
75,10,16,2,13,Y6058264,,,,0,30.0,0,0
75,10,16,2,14,Y6058265,,,,0,30.0,0,0
75,10,16,2,15,Y6058266,,,,0,30.0,0,0
75,10,16,2,16,Y6058267,,,,0,30.0,0,0
75,10,16,2,17,Y6058268,,,,0,30.0,0,0
75,10,16,2,18,Y6058269,,,,0,30.0,0,0
75,10,16,2,19,Y6058270,,,,0,30.0,0,0
75,10,16,2,20,Y6058271,,,,0,30.0,0,0
75,10,16,2,21,Y6058272,,,,0,30.0,0,0
75,10,16,2,22,Y6058273,,,,0,30.0,0,0
75,10,16,2,23,Y6058274,,,,0,30.0,0,0
75,10,16,2,24,Y6058275,,,,0,30.0,0,0
75,10,16,2,25,Y6058276,,,,0,30.0,0,0
75,10,16,2,26,Y6058277,,,,0,30.0,0,0
75,10,16,2,27,Y6058278,,,,0,30.0,0,0
75,10,16,2,28,Y6058279,,,,0,30.0,0,0
75,10,16,2,29,Y6058280,,,,0,30.0,0,0
75,10,16,2,30,Y6058281,,,,0,30.0,0,0
75,10,16,3,10,Y6058282,,,,0,30.0,0,0
75,10,16,3,11,Y6058283,,,,0,30.0,0,0
75,10,16,3,12,Y6058284,,,,0,30.0,0,0
75,10,16,3,13,Y6058285,,,,0,30.0,0,0
75,10,16,3,14,Y6058286,,,,0,30.0,0,0
75,10,16,3,15,Y6058287,,,,0,30.0,0,0
75,10,16,3,16,Y6058288,,,,0,30.0,0,0
75,10,16,3,17,Y6058289,,,,0,30.0,0,0
75,10,16,3,18,Y6058290,,,,0,30.0,0,0
75,10,16,3,19,Y6058291,,,,0,30.0,0,0
75,10,16,3,20,Y6058292,,,,0,30.0,0,0
75,10,16,3,21,Y6058293,,,,0,30.0,0,0
75,10,16,3,22,Y6058294,,,,0,30.0,0,0
75,10,16,3,23,Y6058295,,,,0,30.0,0,0
75,10,16,3,24,Y6058296,,,,0,30.0,0,0
75,10,16,3,25,Y6058297,,,,0,30.0,0,0
75,10,16,3,26,Y6058298,,,,0,30.0,0,0
75,10,16,3,27,Y6058299,,,,0,30.0,0,0
75,10,16,3,28,Y6058300,,,,0,30.0,0,0
75,10,16,3,29,Y6058301,,,,0,30.0,0,0
75,10,16,3,30,Y6058302,,,,0,30.0,0,0
75,10,16,4,10,Y6058303,,,,0,30.0,0,0
75,10,16,4,11,Y6058304,,,,0,30.0,0,0
75,10,16,4,12,Y6058305,,,,0,30.0,0,0
75,10,16,4,13,Y6058306,,,,0,30.0,0,0
75,10,16,4,14,Y6058307,,,,0,30.0,0,0
75,10,16,4,15,Y6058308,,,,0,30.0,0,0
75,10,16,4,16,Y6058309,,,,0,30.0,0,0
75,10,16,4,17,Y6058310,,,,0,30.0,0,0
75,10,16,4,18,Y6058311,,,,0,30.0,0,0
75,10,16,4,19,Y6058312,,,,0,30.0,0,0
75,10,16,4,20,Y6058313,,,,0,30.0,0,0
75,10,16,4,21,Y6058314,,,,0,30.0,0,0
75,10,16,4,22,Y6058315,,,,0,30.0,0,0
75,10,16,4,23,Y6058316,,,,0,30.0,0,0
75,10,16,4,24,Y6058317,,,,0,30.0,0,0
75,10,16,4,25,Y6058318,,,,0,30.0,0,0
75,10,16,4,26,Y6058319,,,,0,30.0,0,0
75,10,16,4,27,Y6058320,,,,0,30.0,0,0
75,10,16,4,28,Y6058321,,,,0,30.0,0,0
75,10,16,4,29,Y6058322,,,,0,30.0,0,0
75,10,16,4,30,Y6058323,,,,0,30.0,0,0
75,10,16,5,10,Y6058324,,,,0,30.0,0,0
75,10,16,5,11,Y6058325,,,,0,30.0,0,0
75,10,16,5,12,Y6058326,,,,0,30.0,0,0
75,10,16,5,13,Y6058327,,,,0,30.0,0,0
75,10,16,5,14,Y6058328,,,,0,30.0,0,0
75,10,16,5,15,Y6058329,,,,0,30.0,0,0
75,10,16,5,16,Y6058330,,,,0,30.0,0,0
75,10,16,5,17,Y6058331,,,,0,30.0,0,0
75,10,16,5,18,Y6058332,,,,0,30.0,0,0
75,10,16,5,19,Y6058333,,,,0,30.0,0,0
75,10,16,5,20,Y6058334,,,,0,30.0,0,0
75,10,16,5,21,Y6058335,,,,0,30.0,0,0
75,10,16,5,22,Y6058336,,,,0,30.0,0,0
75,10,16,5,23,Y6058337,,,,0,30.0,0,0
75,10,16,5,24,Y6058338,,,,0,30.0,0,0
75,10,16,5,25,Y6058339,,,,0,30.0,0,0
75,10,16,5,26,Y6058340,,,,0,30.0,0,0
75,10,16,5,27,Y6058341,,,,0,30.0,0,0
75,10,16,5,28,Y6058342,,,,0,30.0,0,0
75,10,16,5,29,Y6058343,,,,0,30.0,0,0
75,10,16,5,30,Y6058344,,,,0,30.0,0,0
75,10,16,6,10,Y6058345,,,,0,30.0,0,0
75,10,16,6,11,Y6058346,,,,0,30.0,0,0
75,10,16,6,12,Y6058347,,,,0,30.0,0,0
75,10,16,6,13,Y6058348,,,,0,30.0,0,0
75,10,16,6,14,Y6058349,,,,0,30.0,0,0
75,10,16,6,15,Y6058350,,,,0,30.0,0,0
75,10,16,6,16,Y6058351,,,,0,30.0,0,0
75,10,16,6,17,Y6058352,,,,0,30.0,0,0
75,10,16,6,18,Y6058353,,,,0,30.0,0,0
75,10,16,6,19,Y6058354,,,,0,30.0,0,0
75,10,16,6,20,Y6058355,,,,0,30.0,0,0
75,10,16,6,21,Y6058356,,,,0,30.0,0,0
75,10,16,6,22,Y6058357,,,,0,30.0,0,0
75,10,16,6,23,Y6058358,,,,0,30.0,0,0
75,10,16,6,24,Y6058359,,,,0,30.0,0,0
75,10,16,6,25,Y6058360,,,,0,30.0,0,0
75,10,16,6,26,Y6058361,,,,0,30.0,0,0
75,10,16,6,27,Y6058362,,,,0,30.0,0,0
75,10,16,6,28,Y6058363,,,,0,30.0,0,0
75,10,16,6,29,Y6058364,,,,0,30.0,0,0
75,10,16,6,30,Y6058365,,,,0,30.0,0,0
75,10,16,7,10,Y6058366,,,,0,30.0,0,0
75,10,16,7,11,Y6058367,,,,0,30.0,0,0
75,10,16,7,12,Y6058368,,,,0,30.0,0,0
75,10,16,7,13,Y6058369,,,,0,30.0,0,0
75,10,16,7,14,Y6058370,,,,0,30.0,0,0
75,10,16,7,15,Y6058371,,,,0,30.0,0,0
75,10,16,7,16,Y6058372,,,,0,30.0,0,0
75,10,16,7,17,Y6058373,,,,0,30.0,0,0
75,10,16,7,18,Y6058374,,,,0,30.0,0,0
75,10,16,7,19,Y6058375,,,,0,30.0,0,0
75,10,16,7,20,Y6058376,,,,0,30.0,0,0
75,10,16,7,21,Y6058377,,,,0,30.0,0,0
75,10,16,7,22,Y6058378,,,,0,30.0,0,0
75,10,16,7,23,Y6058379,,,,0,30.0,0,0
75,10,16,7,24,Y6058380,,,,0,30.0,0,0
75,10,16,7,25,Y6058381,,,,0,30.0,0,0
75,10,16,7,26,Y6058382,,,,0,30.0,0,0
75,10,16,7,27,Y6058383,,,,0,30.0,0,0
75,10,16,7,28,Y6058384,,,,0,30.0,0,0
75,10,16,7,29,Y6058385,,,,0,30.0,0,0
75,10,16,7,30,Y6058386,,,,0,30.0,0,0
75,10,16,8,10,Y6058387,,,,0,30.0,0,0
75,10,16,8,11,Y6058388,,,,0,30.0,0,0
75,10,16,8,12,Y6058389,,,,0,30.0,0,0
75,10,16,8,13,Y6058390,,,,0,30.0,0,0
75,10,16,8,14,Y6058391,,,,0,30.0,0,0
75,10,16,8,15,Y6058392,,,,0,30.0,0,0
75,10,16,8,16,Y6058393,,,,0,30.0,0,0
75,10,16,8,17,Y6058394,,,,0,30.0,0,0
75,10,16,8,18,Y6058395,,,,0,30.0,0,0
75,10,16,8,19,Y6058396,,,,0,30.0,0,0
75,10,16,8,20,Y6058397,,,,0,30.0,0,0
75,10,16,8,21,Y6058398,,,,0,30.0,0,0
75,10,16,8,22,Y6058399,,,,0,30.0,0,0
75,10,16,8,23,Y6058400,,,,0,30.0,0,0
75,10,16,8,24,Y6058401,,,,0,30.0,0,0
75,10,16,8,25,Y6058402,,,,0,30.0,0,0
75,10,16,8,26,Y6058403,,,,0,30.0,0,0
75,10,16,8,27,Y6058404,,,,0,30.0,0,0
75,10,16,8,28,Y6058405,,,,0,30.0,0,0
75,10,16,8,29,Y6058406,,,,0,30.0,0,0
75,10,16,8,30,Y6058407,,,,0,30.0,0,0
75,10,16,9,10,Y6058408,,,,0,30.0,0,0
75,10,16,9,11,Y6058409,,,,0,30.0,0,0
75,10,16,9,12,Y6058410,,,,0,30.0,0,0
75,10,16,9,13,Y6058411,,,,0,30.0,0,0
75,10,16,9,14,Y6058412,,,,0,30.0,0,0
75,10,16,9,15,Y6058413,,,,0,30.0,0,0
75,10,16,9,16,Y6058414,,,,0,30.0,0,0
75,10,16,9,17,Y6058415,,,,0,30.0,0,0
75,10,16,9,18,Y6058416,,,,0,30.0,0,0
75,10,16,9,19,Y6058417,,,,0,30.0,0,0
75,10,16,9,20,Y6058418,,,,0,30.0,0,0
75,10,16,9,21,Y6058419,,,,0,30.0,0,0
75,10,16,9,22,Y6058420,,,,0,30.0,0,0
75,10,16,9,23,Y6058421,,,,0,30.0,0,0
75,10,16,9,24,Y6058422,,,,0,30.0,0,0
75,10,16,9,25,Y6058423,,,,0,30.0,0,0
75,10,16,9,26,Y6058424,,,,0,30.0,0,0
75,10,16,9,27,Y6058425,,,,0,30.0,0,0
75,10,16,9,28,Y6058426,,,,0,30.0,0,0
75,10,16,9,29,Y6058427,,,,0,30.0,0,0
75,10,16,9,30,Y6058428,,,,0,30.0,0,0
75,10,16,10,10,Y6058429,,,,0,30.0,0,0
75,10,16,10,11,Y6058430,,,,0,30.0,0,0
75,10,16,10,12,Y6058431,,,,0,30.0,0,0
75,10,16,10,13,Y6058432,,,,0,30.0,0,0
75,10,16,10,14,Y6058433,,,,0,30.0,0,0
75,10,16,10,15,Y6058434,,,,0,30.0,0,0
75,10,16,10,16,Y6058435,,,,0,30.0,0,0
75,10,16,10,17,Y6058436,,,,0,30.0,0,0
75,10,16,10,18,Y6058437,,,,0,30.0,0,0
75,10,16,10,19,Y6058438,,,,0,30.0,0,0
75,10,16,10,20,Y6058439,,,,0,30.0,0,0
75,10,16,10,21,Y6058440,,,,0,30.0,0,0
75,10,16,10,22,Y6058441,,,,0,30.0,0,0
75,10,16,10,23,Y6058442,,,,0,30.0,0,0
75,10,16,10,24,Y6058443,,,,0,30.0,0,0
75,10,16,10,25,Y6058444,,,,0,30.0,0,0
75,10,16,10,26,Y6058445,,,,0,30.0,0,0
75,10,16,10,27,Y6058446,,,,0,30.0,0,0
75,10,16,10,28,Y6058447,,,,0,30.0,0,0
75,10,16,10,29,Y6058448,,,,0,30.0,0,0
75,10,16,10,30,Y6058449,,,,0,30.0,0,0
75,10,16,11,10,Y6058450,,,,0,30.0,0,0
75,10,16,11,11,Y6058451,,,,0,30.0,0,0
75,10,16,11,12,Y6058452,,,,0,30.0,0,0
75,10,16,11,13,Y6058453,,,,0,30.0,0,0
75,10,16,11,14,Y6058454,,,,0,30.0,0,0
75,10,16,11,15,Y6058455,,,,0,30.0,0,0
75,10,16,11,16,Y6058456,,,,0,30.0,0,0
75,10,16,11,17,Y6058457,,,,0,30.0,0,0
75,10,16,11,18,Y6058458,,,,0,30.0,0,0
75,10,16,11,19,Y6058459,,,,0,30.0,0,0
75,10,16,11,20,Y6058460,,,,0,30.0,0,0
75,10,16,11,21,Y6058461,,,,0,30.0,0,0
75,10,16,11,22,Y6058462,,,,0,30.0,0,0
75,10,16,11,23,Y6058463,,,,0,30.0,0,0
75,10,16,11,24,Y6058464,,,,0,30.0,0,0
75,10,16,11,25,Y6058465,,,,0,30.0,0,0
75,10,16,11,26,Y6058466,,,,0,30.0,0,0
75,10,16,11,27,Y6058467,,,,0,30.0,0,0
75,10,16,11,28,Y6058468,,,,0,30.0,0,0
75,10,16,11,29,Y6058469,,,,0,30.0,0,0
75,10,16,11,30,Y6058470,,,,0,30.0,0,0
75,10,16,12,10,Y6058471,,,,0,30.0,0,0
75,10,16,12,11,Y6058472,,,,0,30.0,0,0
75,10,16,12,12,Y6058473,,,,0,30.0,0,0
75,10,16,12,13,Y6058474,,,,0,30.0,0,0
75,10,16,12,14,Y6058475,,,,0,30.0,0,0
75,10,16,12,15,Y6058476,,,,0,30.0,0,0
75,10,16,12,16,Y6058477,,,,0,30.0,0,0
75,10,16,12,17,Y6058478,,,,0,30.0,0,0
75,10,16,12,18,Y6058479,,,,0,30.0,0,0
75,10,16,12,19,Y6058480,,,,0,30.0,0,0
75,10,16,12,20,Y6058481,,,,0,30.0,0,0
75,10,16,12,21,Y6058482,,,,0,30.0,0,0
75,10,16,12,22,Y6058483,,,,0,30.0,0,0
75,10,16,12,23,Y6058484,,,,0,30.0,0,0
75,10,16,12,24,Y6058485,,,,0,30.0,0,0
75,10,16,12,25,Y6058486,,,,0,30.0,0,0
75,10,16,12,26,Y6058487,,,,0,30.0,0,0
75,10,16,12,27,Y6058488,,,,0,30.0,0,0
75,10,16,12,28,Y6058489,,,,0,30.0,0,0
75,10,16,12,29,Y6058490,,,,0,30.0,0,0
75,10,16,12,30,Y6058491,,,,0,30.0,0,0
75,10,17,1,10,Y6058492,,,,0,30.0,0,0
75,10,17,1,11,Y6058493,,,,0,30.0,0,0
75,10,17,1,12,Y6058494,,,,0,30.0,0,0
75,10,17,1,13,Y6058495,,,,0,30.0,0,0
75,10,17,1,14,Y6058496,,,,0,30.0,0,0
75,10,17,1,15,Y6058497,,,,0,30.0,0,0
75,10,17,1,16,Y6058498,,,,0,30.0,0,0
75,10,17,1,17,Y6058499,,,,0,30.0,0,0
75,10,17,1,18,Y6058500,,,,0,30.0,0,0
75,10,17,1,19,Y6058501,,,,0,30.0,0,0
75,10,17,1,20,Y6058502,,,,0,30.0,0,0
75,10,17,1,21,Y6058503,,,,0,30.0,0,0
75,10,17,1,22,Y6058504,,,,0,30.0,0,0
75,10,17,1,23,Y6058505,,,,0,30.0,0,0
75,10,17,1,24,Y6058506,,,,0,30.0,0,0
75,10,17,1,25,Y6058507,,,,0,30.0,0,0
75,10,17,1,26,Y6058508,,,,0,30.0,0,0
75,10,17,1,27,Y6058509,,,,0,30.0,0,0
75,10,17,1,28,Y6058510,,,,0,30.0,0,0
75,10,17,1,29,Y6058511,,,,0,30.0,0,0
75,10,17,1,30,Y6058512,,,,0,30.0,0,0
75,10,17,2,10,Y6058513,,,,0,30.0,0,0
75,10,17,2,11,Y6058514,,,,0,30.0,0,0
75,10,17,2,12,Y6058515,,,,0,30.0,0,0
75,10,17,2,13,Y6058516,,,,0,30.0,0,0
75,10,17,2,14,Y6058517,,,,0,30.0,0,0
75,10,17,2,15,Y6058518,,,,0,30.0,0,0
75,10,17,2,16,Y6058519,,,,0,30.0,0,0
75,10,17,2,17,Y6058520,,,,0,30.0,0,0
75,10,17,2,18,Y6058521,,,,0,30.0,0,0
75,10,17,2,19,Y6058522,,,,0,30.0,0,0
75,10,17,2,20,Y6058523,,,,0,30.0,0,0
75,10,17,2,21,Y6058524,,,,0,30.0,0,0
75,10,17,2,22,Y6058525,,,,0,30.0,0,0
75,10,17,2,23,Y6058526,,,,0,30.0,0,0
75,10,17,2,24,Y6058527,,,,0,30.0,0,0
75,10,17,2,25,Y6058528,,,,0,30.0,0,0
75,10,17,2,26,Y6058529,,,,0,30.0,0,0
75,10,17,2,27,Y6058530,,,,0,30.0,0,0
75,10,17,2,28,Y6058531,,,,0,30.0,0,0
75,10,17,2,29,Y6058532,,,,0,30.0,0,0
75,10,17,2,30,Y6058533,,,,0,30.0,0,0
75,10,17,3,10,Y6058534,,,,0,30.0,0,0
75,10,17,3,11,Y6058535,,,,0,30.0,0,0
75,10,17,3,12,Y6058536,,,,0,30.0,0,0
75,10,17,3,13,Y6058537,,,,0,30.0,0,0
75,10,17,3,14,Y6058538,,,,0,30.0,0,0
75,10,17,3,15,Y6058539,,,,0,30.0,0,0
75,10,17,3,16,Y6058540,,,,0,30.0,0,0
75,10,17,3,17,Y6058541,,,,0,30.0,0,0
75,10,17,3,18,Y6058542,,,,0,30.0,0,0
75,10,17,3,19,Y6058543,,,,0,30.0,0,0
75,10,17,3,20,Y6058544,,,,0,30.0,0,0
75,10,17,3,21,Y6058545,,,,0,30.0,0,0
75,10,17,3,22,Y6058546,,,,0,30.0,0,0
75,10,17,3,23,Y6058547,,,,0,30.0,0,0
75,10,17,3,24,Y6058548,,,,0,30.0,0,0
75,10,17,3,25,Y6058549,,,,0,30.0,0,0
75,10,17,3,26,Y6058550,,,,0,30.0,0,0
75,10,17,3,27,Y6058551,,,,0,30.0,0,0
75,10,17,3,28,Y6058552,,,,0,30.0,0,0
75,10,17,3,29,Y6058553,,,,0,30.0,0,0
75,10,17,3,30,Y6058554,,,,0,30.0,0,0
75,10,17,4,10,Y6058555,,,,0,30.0,0,0
75,10,17,4,11,Y6058556,,,,0,30.0,0,0
75,10,17,4,12,Y6058557,,,,0,30.0,0,0
75,10,17,4,13,Y6058558,,,,0,30.0,0,0
75,10,17,4,14,Y6058559,,,,0,30.0,0,0
75,10,17,4,15,Y6058560,,,,0,30.0,0,0
75,10,17,4,16,Y6058561,,,,0,30.0,0,0
75,10,17,4,17,Y6058562,,,,0,30.0,0,0
75,10,17,4,18,Y6058563,,,,0,30.0,0,0
75,10,17,4,19,Y6058564,,,,0,30.0,0,0
75,10,17,4,20,Y6058565,,,,0,30.0,0,0
75,10,17,4,21,Y6058566,,,,0,30.0,0,0
75,10,17,4,22,Y6058567,,,,0,30.0,0,0
75,10,17,4,23,Y6058568,,,,0,30.0,0,0
75,10,17,4,24,Y6058569,,,,0,30.0,0,0
75,10,17,4,25,Y6058570,,,,0,30.0,0,0
75,10,17,4,26,Y6058571,,,,0,30.0,0,0
75,10,17,4,27,Y6058572,,,,0,30.0,0,0
75,10,17,4,28,Y6058573,,,,0,30.0,0,0
75,10,17,4,29,Y6058574,,,,0,30.0,0,0
75,10,17,4,30,Y6058575,,,,0,30.0,0,0
75,10,17,5,10,Y6058576,,,,0,30.0,0,0
75,10,17,5,11,Y6058577,,,,0,30.0,0,0
75,10,17,5,12,Y6058578,,,,0,30.0,0,0
75,10,17,5,13,Y6058579,,,,0,30.0,0,0
75,10,17,5,14,Y6058580,,,,0,30.0,0,0
75,10,17,5,15,Y6058581,,,,0,30.0,0,0
75,10,17,5,16,Y6058582,,,,0,30.0,0,0
75,10,17,5,17,Y6058583,,,,0,30.0,0,0
75,10,17,5,18,Y6058584,,,,0,30.0,0,0
75,10,17,5,19,Y6058585,,,,0,30.0,0,0
75,10,17,5,20,Y6058586,,,,0,30.0,0,0
75,10,17,5,21,Y6058587,,,,0,30.0,0,0
75,10,17,5,22,Y6058588,,,,0,30.0,0,0
75,10,17,5,23,Y6058589,,,,0,30.0,0,0
75,10,17,5,24,Y6058590,,,,0,30.0,0,0
75,10,17,5,25,Y6058591,,,,0,30.0,0,0
75,10,17,5,26,Y6058592,,,,0,30.0,0,0
75,10,17,5,27,Y6058593,,,,0,30.0,0,0
75,10,17,5,28,Y6058594,,,,0,30.0,0,0
75,10,17,5,29,Y6058595,,,,0,30.0,0,0
75,10,17,5,30,Y6058596,,,,0,30.0,0,0
75,10,17,6,10,Y6058597,,,,0,30.0,0,0
75,10,17,6,11,Y6058598,,,,0,30.0,0,0
75,10,17,6,12,Y6058599,,,,0,30.0,0,0
75,10,17,6,13,Y6058600,,,,0,30.0,0,0
75,10,17,6,14,Y6058601,,,,0,30.0,0,0
75,10,17,6,15,Y6058602,,,,0,30.0,0,0
75,10,17,6,16,Y6058603,,,,0,30.0,0,0
75,10,17,6,17,Y6058604,,,,0,30.0,0,0
75,10,17,6,18,Y6058605,,,,0,30.0,0,0
75,10,17,6,19,Y6058606,,,,0,30.0,0,0
75,10,17,6,20,Y6058607,,,,0,30.0,0,0
75,10,17,6,21,Y6058608,,,,0,30.0,0,0
75,10,17,6,22,Y6058609,,,,0,30.0,0,0
75,10,17,6,23,Y6058610,,,,0,30.0,0,0
75,10,17,6,24,Y6058611,,,,0,30.0,0,0
75,10,17,6,25,Y6058612,,,,0,30.0,0,0
75,10,17,6,26,Y6058613,,,,0,30.0,0,0
75,10,17,6,27,Y6058614,,,,0,30.0,0,0
75,10,17,6,28,Y6058615,,,,0,30.0,0,0
75,10,17,6,29,Y6058616,,,,0,30.0,0,0
75,10,17,6,30,Y6058617,,,,0,30.0,0,0
75,10,17,7,10,Y6058618,,,,0,30.0,0,0
75,10,17,7,11,Y6058619,,,,0,30.0,0,0
75,10,17,7,12,Y6058620,,,,0,30.0,0,0
75,10,17,7,13,Y6058621,,,,0,30.0,0,0
75,10,17,7,14,Y6058622,,,,0,30.0,0,0
75,10,17,7,15,Y6058623,,,,0,30.0,0,0
75,10,17,7,16,Y6058624,,,,0,30.0,0,0
75,10,17,7,17,Y6058625,,,,0,30.0,0,0
75,10,17,7,18,Y6058626,,,,0,30.0,0,0
75,10,17,7,19,Y6058627,,,,0,30.0,0,0
75,10,17,7,20,Y6058628,,,,0,30.0,0,0
75,10,17,7,21,Y6058629,,,,0,30.0,0,0
75,10,17,7,22,Y6058630,,,,0,30.0,0,0
75,10,17,7,23,Y6058631,,,,0,30.0,0,0
75,10,17,7,24,Y6058632,,,,0,30.0,0,0
75,10,17,7,25,Y6058633,,,,0,30.0,0,0
75,10,17,7,26,Y6058634,,,,0,30.0,0,0
75,10,17,7,27,Y6058635,,,,0,30.0,0,0
75,10,17,7,28,Y6058636,,,,0,30.0,0,0
75,10,17,7,29,Y6058637,,,,0,30.0,0,0
75,10,17,7,30,Y6058638,,,,0,30.0,0,0
75,10,17,8,10,Y6058639,,,,0,30.0,0,0
75,10,17,8,11,Y6058640,,,,0,30.0,0,0
75,10,17,8,12,Y6058641,,,,0,30.0,0,0
75,10,17,8,13,Y6058642,,,,0,30.0,0,0
75,10,17,8,14,Y6058643,,,,0,30.0,0,0
75,10,17,8,15,Y6058644,,,,0,30.0,0,0
75,10,17,8,16,Y6058645,,,,0,30.0,0,0
75,10,17,8,17,Y6058646,,,,0,30.0,0,0
75,10,17,8,18,Y6058647,,,,0,30.0,0,0
75,10,17,8,19,Y6058648,,,,0,30.0,0,0
75,10,17,8,20,Y6058649,,,,0,30.0,0,0
75,10,17,8,21,Y6058650,,,,0,30.0,0,0
75,10,17,8,22,Y6058651,,,,0,30.0,0,0
75,10,17,8,23,Y6058652,,,,0,30.0,0,0
75,10,17,8,24,Y6058653,,,,0,30.0,0,0
75,10,17,8,25,Y6058654,,,,0,30.0,0,0
75,10,17,8,26,Y6058655,,,,0,30.0,0,0
75,10,17,8,27,Y6058656,,,,0,30.0,0,0
75,10,17,8,28,Y6058657,,,,0,30.0,0,0
75,10,17,8,29,Y6058658,,,,0,30.0,0,0
75,10,17,8,30,Y6058659,,,,0,30.0,0,0
75,10,17,9,10,Y6058660,,,,0,30.0,0,0
75,10,17,9,11,Y6058661,,,,0,30.0,0,0
75,10,17,9,12,Y6058662,,,,0,30.0,0,0
75,10,17,9,13,Y6058663,,,,0,30.0,0,0
75,10,17,9,14,Y6058664,,,,0,30.0,0,0
75,10,17,9,15,Y6058665,,,,0,30.0,0,0
75,10,17,9,16,Y6058666,,,,0,30.0,0,0
75,10,17,9,17,Y6058667,,,,0,30.0,0,0
75,10,17,9,18,Y6058668,,,,0,30.0,0,0
75,10,17,9,19,Y6058669,,,,0,30.0,0,0
75,10,17,9,20,Y6058670,,,,0,30.0,0,0
75,10,17,9,21,Y6058671,,,,0,30.0,0,0
75,10,17,9,22,Y6058672,,,,0,30.0,0,0
75,10,17,9,23,Y6058673,,,,0,30.0,0,0
75,10,17,9,24,Y6058674,,,,0,30.0,0,0
75,10,17,9,25,Y6058675,,,,0,30.0,0,0
75,10,17,9,26,Y6058676,,,,0,30.0,0,0
75,10,17,9,27,Y6058677,,,,0,30.0,0,0
75,10,17,9,28,Y6058678,,,,0,30.0,0,0
75,10,17,9,29,Y6058679,,,,0,30.0,0,0
75,10,17,9,30,Y6058680,,,,0,30.0,0,0
75,10,17,10,10,Y6058681,,,,0,30.0,0,0
75,10,17,10,11,Y6058682,,,,0,30.0,0,0
75,10,17,10,12,Y6058683,,,,0,30.0,0,0
75,10,17,10,13,Y6058684,,,,0,30.0,0,0
75,10,17,10,14,Y6058685,,,,0,30.0,0,0
75,10,17,10,15,Y6058686,,,,0,30.0,0,0
75,10,17,10,16,Y6058687,,,,0,30.0,0,0
75,10,17,10,17,Y6058688,,,,0,30.0,0,0
75,10,17,10,18,Y6058689,,,,0,30.0,0,0
75,10,17,10,19,Y6058690,,,,0,30.0,0,0
75,10,17,10,20,Y6058691,,,,0,30.0,0,0
75,10,17,10,21,Y6058692,,,,0,30.0,0,0
75,10,17,10,22,Y6058693,,,,0,30.0,0,0
75,10,17,10,23,Y6058694,,,,0,30.0,0,0
75,10,17,10,24,Y6058695,,,,0,30.0,0,0
75,10,17,10,25,Y6058696,,,,0,30.0,0,0
75,10,17,10,26,Y6058697,,,,0,30.0,0,0
75,10,17,10,27,Y6058698,,,,0,30.0,0,0
75,10,17,10,28,Y6058699,,,,0,30.0,0,0
75,10,17,10,29,Y6058700,,,,0,30.0,0,0
75,10,17,10,30,Y6058701,,,,0,30.0,0,0
75,10,17,11,10,Y6058702,,,,0,30.0,0,0
75,10,17,11,11,Y6058703,,,,0,30.0,0,0
75,10,17,11,12,Y6058704,,,,0,30.0,0,0
75,10,17,11,13,Y6058705,,,,0,30.0,0,0
75,10,17,11,14,Y6058706,,,,0,30.0,0,0
75,10,17,11,15,Y6058707,,,,0,30.0,0,0
75,10,17,11,16,Y6058708,,,,0,30.0,0,0
75,10,17,11,17,Y6058709,,,,0,30.0,0,0
75,10,17,11,18,Y6058710,,,,0,30.0,0,0
75,10,17,11,19,Y6058711,,,,0,30.0,0,0
75,10,17,11,20,Y6058712,,,,0,30.0,0,0
75,10,17,11,21,Y6058713,,,,0,30.0,0,0
75,10,17,11,22,Y6058714,,,,0,30.0,0,0
75,10,17,11,23,Y6058715,,,,0,30.0,0,0
75,10,17,11,24,Y6058716,,,,0,30.0,0,0
75,10,17,11,25,Y6058717,,,,0,30.0,0,0
75,10,17,11,26,Y6058718,,,,0,30.0,0,0
75,10,17,11,27,Y6058719,,,,0,30.0,0,0
75,10,17,11,28,Y6058720,,,,0,30.0,0,0
75,10,17,11,29,Y6058721,,,,0,30.0,0,0
75,10,17,11,30,Y6058722,,,,0,30.0,0,0
75,10,17,12,10,Y6058723,,,,0,30.0,0,0
75,10,17,12,11,Y6058724,,,,0,30.0,0,0
75,10,17,12,12,Y6058725,,,,0,30.0,0,0
75,10,17,12,13,Y6058726,,,,0,30.0,0,0
75,10,17,12,14,Y6058727,,,,0,30.0,0,0
75,10,17,12,15,Y6058728,,,,0,30.0,0,0
75,10,17,12,16,Y6058729,,,,0,30.0,0,0
75,10,17,12,17,Y6058730,,,,0,30.0,0,0
75,10,17,12,18,Y6058731,,,,0,30.0,0,0
75,10,17,12,19,Y6058732,,,,0,30.0,0,0
75,10,17,12,20,Y6058733,,,,0,30.0,0,0
75,10,17,12,21,Y6058734,,,,0,30.0,0,0
75,10,17,12,22,Y6058735,,,,0,30.0,0,0
75,10,17,12,23,Y6058736,,,,0,30.0,0,0
75,10,17,12,24,Y6058737,,,,0,30.0,0,0
75,10,17,12,25,Y6058738,,,,0,30.0,0,0
75,10,17,12,26,Y6058739,,,,0,30.0,0,0
75,10,17,12,27,Y6058740,,,,0,30.0,0,0
75,10,17,12,28,Y6058741,,,,0,30.0,0,0
75,10,17,12,29,Y6058742,,,,0,30.0,0,0
75,10,17,12,30,Y6058743,,,,0,30.0,0,0
75,10,18,1,10,Y6058744,,,,0,30.0,0,0
75,10,18,1,11,Y6058745,,,,0,30.0,0,0
75,10,18,1,12,Y6058746,,,,0,30.0,0,0
75,10,18,1,13,Y6058747,,,,0,30.0,0,0
75,10,18,1,14,Y6058748,,,,0,30.0,0,0
75,10,18,1,15,Y6058749,,,,0,30.0,0,0
75,10,18,1,16,Y6058750,,,,0,30.0,0,0
75,10,18,1,17,Y6058751,,,,0,30.0,0,0
75,10,18,1,18,Y6058752,,,,0,30.0,0,0
75,10,18,1,19,Y6058753,,,,0,30.0,0,0
75,10,18,1,20,Y6058754,,,,0,30.0,0,0
75,10,18,1,21,Y6058755,,,,0,30.0,0,0
75,10,18,1,22,Y6058756,,,,0,30.0,0,0
75,10,18,1,23,Y6058757,,,,0,30.0,0,0
75,10,18,1,24,Y6058758,,,,0,30.0,0,0
75,10,18,1,25,Y6058759,,,,0,30.0,0,0
75,10,18,1,26,Y6058760,,,,0,30.0,0,0
75,10,18,1,27,Y6058761,,,,0,30.0,0,0
75,10,18,1,28,Y6058762,,,,0,30.0,0,0
75,10,18,1,29,Y6058763,,,,0,30.0,0,0
75,10,18,1,30,Y6058764,,,,0,30.0,0,0
75,10,18,2,10,Y6058765,,,,0,30.0,0,0
75,10,18,2,11,Y6058766,,,,0,30.0,0,0
75,10,18,2,12,Y6058767,,,,0,30.0,0,0
75,10,18,2,13,Y6058768,,,,0,30.0,0,0
75,10,18,2,14,Y6058769,,,,0,30.0,0,0
75,10,18,2,15,Y6058770,,,,0,30.0,0,0
75,10,18,2,16,Y6058771,,,,0,30.0,0,0
75,10,18,2,17,Y6058772,,,,0,30.0,0,0
75,10,18,2,18,Y6058773,,,,0,30.0,0,0
75,10,18,2,19,Y6058774,,,,0,30.0,0,0
75,10,18,2,20,Y6058775,,,,0,30.0,0,0
75,10,18,2,21,Y6058776,,,,0,30.0,0,0
75,10,18,2,22,Y6058777,,,,0,30.0,0,0
75,10,18,2,23,Y6058778,,,,0,30.0,0,0
75,10,18,2,24,Y6058779,,,,0,30.0,0,0
75,10,18,2,25,Y6058780,,,,0,30.0,0,0
75,10,18,2,26,Y6058781,,,,0,30.0,0,0
75,10,18,2,27,Y6058782,,,,0,30.0,0,0
75,10,18,2,28,Y6058783,,,,0,30.0,0,0
75,10,18,2,29,Y6058784,,,,0,30.0,0,0
75,10,18,2,30,Y6058785,,,,0,30.0,0,0
75,10,18,3,10,Y6058786,,,,0,30.0,0,0
75,10,18,3,11,Y6058787,,,,0,30.0,0,0
75,10,18,3,12,Y6058788,,,,0,30.0,0,0
75,10,18,3,13,Y6058789,,,,0,30.0,0,0
75,10,18,3,14,Y6058790,,,,0,30.0,0,0
75,10,18,3,15,Y6058791,,,,0,30.0,0,0
75,10,18,3,16,Y6058792,,,,0,30.0,0,0
75,10,18,3,17,Y6058793,,,,0,30.0,0,0
75,10,18,3,18,Y6058794,,,,0,30.0,0,0
75,10,18,3,19,Y6058795,,,,0,30.0,0,0
75,10,18,3,20,Y6058796,,,,0,30.0,0,0
75,10,18,3,21,Y6058797,,,,0,30.0,0,0
75,10,18,3,22,Y6058798,,,,0,30.0,0,0
75,10,18,3,23,Y6058799,,,,0,30.0,0,0
75,10,18,3,24,Y6058800,,,,0,30.0,0,0
75,10,18,3,25,Y6058801,,,,0,30.0,0,0
75,10,18,3,26,Y6058802,,,,0,30.0,0,0
75,10,18,3,27,Y6058803,,,,0,30.0,0,0
75,10,18,3,28,Y6058804,,,,0,30.0,0,0
75,10,18,3,29,Y6058805,,,,0,30.0,0,0
75,10,18,3,30,Y6058806,,,,0,30.0,0,0
75,10,18,4,10,Y6058807,,,,0,30.0,0,0
75,10,18,4,11,Y6058808,,,,0,30.0,0,0
75,10,18,4,12,Y6058809,,,,0,30.0,0,0
75,10,18,4,13,Y6058810,,,,0,30.0,0,0
75,10,18,4,14,Y6058811,,,,0,30.0,0,0
75,10,18,4,15,Y6058812,,,,0,30.0,0,0
75,10,18,4,16,Y6058813,,,,0,30.0,0,0
75,10,18,4,17,Y6058814,,,,0,30.0,0,0
75,10,18,4,18,Y6058815,,,,0,30.0,0,0
75,10,18,4,19,Y6058816,,,,0,30.0,0,0
75,10,18,4,20,Y6058817,,,,0,30.0,0,0
75,10,18,4,21,Y6058818,,,,0,30.0,0,0
75,10,18,4,22,Y6058819,,,,0,30.0,0,0
75,10,18,4,23,Y6058820,,,,0,30.0,0,0
75,10,18,4,24,Y6058821,,,,0,30.0,0,0
75,10,18,4,25,Y6058822,,,,0,30.0,0,0
75,10,18,4,26,Y6058823,,,,0,30.0,0,0
75,10,18,4,27,Y6058824,,,,0,30.0,0,0
75,10,18,4,28,Y6058825,,,,0,30.0,0,0
75,10,18,4,29,Y6058826,,,,0,30.0,0,0
75,10,18,4,30,Y6058827,,,,0,30.0,0,0
75,10,18,5,10,Y6058828,,,,0,30.0,0,0
75,10,18,5,11,Y6058829,,,,0,30.0,0,0
75,10,18,5,12,Y6058830,,,,0,30.0,0,0
75,10,18,5,13,Y6058831,,,,0,30.0,0,0
75,10,18,5,14,Y6058832,,,,0,30.0,0,0
75,10,18,5,15,Y6058833,,,,0,30.0,0,0
75,10,18,5,16,Y6058834,,,,0,30.0,0,0
75,10,18,5,17,Y6058835,,,,0,30.0,0,0
75,10,18,5,18,Y6058836,,,,0,30.0,0,0
75,10,18,5,19,Y6058837,,,,0,30.0,0,0
75,10,18,5,20,Y6058838,,,,0,30.0,0,0
75,10,18,5,21,Y6058839,,,,0,30.0,0,0
75,10,18,5,22,Y6058840,,,,0,30.0,0,0
75,10,18,5,23,Y6058841,,,,0,30.0,0,0
75,10,18,5,24,Y6058842,,,,0,30.0,0,0
75,10,18,5,25,Y6058843,,,,0,30.0,0,0
75,10,18,5,26,Y6058844,,,,0,30.0,0,0
75,10,18,5,27,Y6058845,,,,0,30.0,0,0
75,10,18,5,28,Y6058846,,,,0,30.0,0,0
75,10,18,5,29,Y6058847,,,,0,30.0,0,0
75,10,18,5,30,Y6058848,,,,0,30.0,0,0
75,10,18,6,10,Y6058849,,,,0,30.0,0,0
75,10,18,6,11,Y6058850,,,,0,30.0,0,0
75,10,18,6,12,Y6058851,,,,0,30.0,0,0
75,10,18,6,13,Y6058852,,,,0,30.0,0,0
75,10,18,6,14,Y6058853,,,,0,30.0,0,0
75,10,18,6,15,Y6058854,,,,0,30.0,0,0
75,10,18,6,16,Y6058855,,,,0,30.0,0,0
75,10,18,6,17,Y6058856,,,,0,30.0,0,0
75,10,18,6,18,Y6058857,,,,0,30.0,0,0
75,10,18,6,19,Y6058858,,,,0,30.0,0,0
75,10,18,6,20,Y6058859,,,,0,30.0,0,0
75,10,18,6,21,Y6058860,,,,0,30.0,0,0
75,10,18,6,22,Y6058861,,,,0,30.0,0,0
75,10,18,6,23,Y6058862,,,,0,30.0,0,0
75,10,18,6,24,Y6058863,,,,0,30.0,0,0
75,10,18,6,25,Y6058864,,,,0,30.0,0,0
75,10,18,6,26,Y6058865,,,,0,30.0,0,0
75,10,18,6,27,Y6058866,,,,0,30.0,0,0
75,10,18,6,28,Y6058867,,,,0,30.0,0,0
75,10,18,6,29,Y6058868,,,,0,30.0,0,0
75,10,18,6,30,Y6058869,,,,0,30.0,0,0
75,10,18,7,10,Y6058870,,,,0,30.0,0,0
75,10,18,7,11,Y6058871,,,,0,30.0,0,0
75,10,18,7,12,Y6058872,,,,0,30.0,0,0
75,10,18,7,13,Y6058873,,,,0,30.0,0,0
75,10,18,7,14,Y6058874,,,,0,30.0,0,0
75,10,18,7,15,Y6058875,,,,0,30.0,0,0
75,10,18,7,16,Y6058876,,,,0,30.0,0,0
75,10,18,7,17,Y6058877,,,,0,30.0,0,0
75,10,18,7,18,Y6058878,,,,0,30.0,0,0
75,10,18,7,19,Y6058879,,,,0,30.0,0,0
75,10,18,7,20,Y6058880,,,,0,30.0,0,0
75,10,18,7,21,Y6058881,,,,0,30.0,0,0
75,10,18,7,22,Y6058882,,,,0,30.0,0,0
75,10,18,7,23,Y6058883,,,,0,30.0,0,0
75,10,18,7,24,Y6058884,,,,0,30.0,0,0
75,10,18,7,25,Y6058885,,,,0,30.0,0,0
75,10,18,7,26,Y6058886,,,,0,30.0,0,0
75,10,18,7,27,Y6058887,,,,0,30.0,0,0
75,10,18,7,28,Y6058888,,,,0,30.0,0,0
75,10,18,7,29,Y6058889,,,,0,30.0,0,0
75,10,18,7,30,Y6058890,,,,0,30.0,0,0
75,10,18,8,10,Y6058891,,,,0,30.0,0,0
75,10,18,8,11,Y6058892,,,,0,30.0,0,0
75,10,18,8,12,Y6058893,,,,0,30.0,0,0
75,10,18,8,13,Y6058894,,,,0,30.0,0,0
75,10,18,8,14,Y6058895,,,,0,30.0,0,0
75,10,18,8,15,Y6058896,,,,0,30.0,0,0
75,10,18,8,16,Y6058897,,,,0,30.0,0,0
75,10,18,8,17,Y6058898,,,,0,30.0,0,0
75,10,18,8,18,Y6058899,,,,0,30.0,0,0
75,10,18,8,19,Y6058900,,,,0,30.0,0,0
75,10,18,8,20,Y6058901,,,,0,30.0,0,0
75,10,18,8,21,Y6058902,,,,0,30.0,0,0
75,10,18,8,22,Y6058903,,,,0,30.0,0,0
75,10,18,8,23,Y6058904,,,,0,30.0,0,0
75,10,18,8,24,Y6058905,,,,0,30.0,0,0
75,10,18,8,25,Y6058906,,,,0,30.0,0,0
75,10,18,8,26,Y6058907,,,,0,30.0,0,0
75,10,18,8,27,Y6058908,,,,0,30.0,0,0
75,10,18,8,28,Y6058909,,,,0,30.0,0,0
75,10,18,8,29,Y6058910,,,,0,30.0,0,0
75,10,18,8,30,Y6058911,,,,0,30.0,0,0
75,10,18,9,10,Y6058912,,,,0,30.0,0,0
75,10,18,9,11,Y6058913,,,,0,30.0,0,0
75,10,18,9,12,Y6058914,,,,0,30.0,0,0
75,10,18,9,13,Y6058915,,,,0,30.0,0,0
75,10,18,9,14,Y6058916,,,,0,30.0,0,0
75,10,18,9,15,Y6058917,,,,0,30.0,0,0
75,10,18,9,16,Y6058918,,,,0,30.0,0,0
75,10,18,9,17,Y6058919,,,,0,30.0,0,0
75,10,18,9,18,Y6058920,,,,0,30.0,0,0
75,10,18,9,19,Y6058921,,,,0,30.0,0,0
75,10,18,9,20,Y6058922,,,,0,30.0,0,0
75,10,18,9,21,Y6058923,,,,0,30.0,0,0
75,10,18,9,22,Y6058924,,,,0,30.0,0,0
75,10,18,9,23,Y6058925,,,,0,30.0,0,0
75,10,18,9,24,Y6058926,,,,0,30.0,0,0
75,10,18,9,25,Y6058927,,,,0,30.0,0,0
75,10,18,9,26,Y6058928,,,,0,30.0,0,0
75,10,18,9,27,Y6058929,,,,0,30.0,0,0
75,10,18,9,28,Y6058930,,,,0,30.0,0,0
75,10,18,9,29,Y6058931,,,,0,30.0,0,0
75,10,18,9,30,Y6058932,,,,0,30.0,0,0
75,10,18,10,10,Y6058933,,,,0,30.0,0,0
75,10,18,10,11,Y6058934,,,,0,30.0,0,0
75,10,18,10,12,Y6058935,,,,0,30.0,0,0
75,10,18,10,13,Y6058936,,,,0,30.0,0,0
75,10,18,10,14,Y6058937,,,,0,30.0,0,0
75,10,18,10,15,Y6058938,,,,0,30.0,0,0
75,10,18,10,16,Y6058939,,,,0,30.0,0,0
75,10,18,10,17,Y6058940,,,,0,30.0,0,0
75,10,18,10,18,Y6058941,,,,0,30.0,0,0
75,10,18,10,19,Y6058942,,,,0,30.0,0,0
75,10,18,10,20,Y6058943,,,,0,30.0,0,0
75,10,18,10,21,Y6058944,,,,0,30.0,0,0
75,10,18,10,22,Y6058945,,,,0,30.0,0,0
75,10,18,10,23,Y6058946,,,,0,30.0,0,0
75,10,18,10,24,Y6058947,,,,0,30.0,0,0
75,10,18,10,25,Y6058948,,,,0,30.0,0,0
75,10,18,10,26,Y6058949,,,,0,30.0,0,0
75,10,18,10,27,Y6058950,,,,0,30.0,0,0
75,10,18,10,28,Y6058951,,,,0,30.0,0,0
75,10,18,10,29,Y6058952,,,,0,30.0,0,0
75,10,18,10,30,Y6058953,,,,0,30.0,0,0
75,10,18,11,10,Y6058954,,,,0,30.0,0,0
75,10,18,11,11,Y6058955,,,,0,30.0,0,0
75,10,18,11,12,Y6058956,,,,0,30.0,0,0
75,10,18,11,13,Y6058957,,,,0,30.0,0,0
75,10,18,11,14,Y6058958,,,,0,30.0,0,0
75,10,18,11,15,Y6058959,,,,0,30.0,0,0
75,10,18,11,16,Y6058960,,,,0,30.0,0,0
75,10,18,11,17,Y6058961,,,,0,30.0,0,0
75,10,18,11,18,Y6058962,,,,0,30.0,0,0
75,10,18,11,19,Y6058963,,,,0,30.0,0,0
75,10,18,11,20,Y6058964,,,,0,30.0,0,0
75,10,18,11,21,Y6058965,,,,0,30.0,0,0
75,10,18,11,22,Y6058966,,,,0,30.0,0,0
75,10,18,11,23,Y6058967,,,,0,30.0,0,0
75,10,18,11,24,Y6058968,,,,0,30.0,0,0
75,10,18,11,25,Y6058969,,,,0,30.0,0,0
75,10,18,11,26,Y6058970,,,,0,30.0,0,0
75,10,18,11,27,Y6058971,,,,0,30.0,0,0
75,10,18,11,28,Y6058972,,,,0,30.0,0,0
75,10,18,11,29,Y6058973,,,,0,30.0,0,0
75,10,18,11,30,Y6058974,,,,0,30.0,0,0
75,10,18,12,10,Y6058975,,,,0,30.0,0,0
75,10,18,12,11,Y6058976,,,,0,30.0,0,0
75,10,18,12,12,Y6058977,,,,0,30.0,0,0
75,10,18,12,13,Y6058978,,,,0,30.0,0,0
75,10,18,12,14,Y6058979,,,,0,30.0,0,0
75,10,18,12,15,Y6058980,,,,0,30.0,0,0
75,10,18,12,16,Y6058981,,,,0,30.0,0,0
75,10,18,12,17,Y6058982,,,,0,30.0,0,0
75,10,18,12,18,Y6058983,,,,0,30.0,0,0
75,10,18,12,19,Y6058984,,,,0,30.0,0,0
75,10,18,12,20,Y6058985,,,,0,30.0,0,0
75,10,18,12,21,Y6058986,,,,0,30.0,0,0
75,10,18,12,22,Y6058987,,,,0,30.0,0,0
75,10,18,12,23,Y6058988,,,,0,30.0,0,0
75,10,18,12,24,Y6058989,,,,0,30.0,0,0
75,10,18,12,25,Y6058990,,,,0,30.0,0,0
75,10,18,12,26,Y6058991,,,,0,30.0,0,0
75,10,18,12,27,Y6058992,,,,0,30.0,0,0
75,10,18,12,28,Y6058993,,,,0,30.0,0,0
75,10,18,12,29,Y6058994,,,,0,30.0,0,0
75,10,18,12,30,Y6058995,,,,0,30.0,0,0
75,10,19,1,10,Y6058996,,,,0,30.0,0,0
75,10,19,1,11,Y6058997,,,,0,30.0,0,0
75,10,19,1,12,Y6058998,,,,0,30.0,0,0
75,10,19,1,13,Y6058999,,,,0,30.0,0,0
75,10,19,1,14,Y6059000,,,,0,30.0,0,0
75,10,19,1,15,Y6059001,,,,0,30.0,0,0
75,10,19,1,16,Y6059002,,,,0,30.0,0,0
75,10,19,1,17,Y6059003,,,,0,30.0,0,0
75,10,19,1,18,Y6059004,,,,0,30.0,0,0
75,10,19,1,19,Y6059005,,,,0,30.0,0,0
75,10,19,1,20,Y6059006,,,,0,30.0,0,0
75,10,19,1,21,Y6059007,,,,0,30.0,0,0
75,10,19,1,22,Y6059008,,,,0,30.0,0,0
75,10,19,1,23,Y6059009,,,,0,30.0,0,0
75,10,19,1,24,Y6059010,,,,0,30.0,0,0
75,10,19,1,25,Y6059011,,,,0,30.0,0,0
75,10,19,1,26,Y6059012,,,,0,30.0,0,0
75,10,19,1,27,Y6059013,,,,0,30.0,0,0
75,10,19,1,28,Y6059014,,,,0,30.0,0,0
75,10,19,1,29,Y6059015,,,,0,30.0,0,0
75,10,19,1,30,Y6059016,,,,0,30.0,0,0
75,10,19,2,10,Y6059017,,,,0,30.0,0,0
75,10,19,2,11,Y6059018,,,,0,30.0,0,0
75,10,19,2,12,Y6059019,,,,0,30.0,0,0
75,10,19,2,13,Y6059020,,,,0,30.0,0,0
75,10,19,2,14,Y6059021,,,,0,30.0,0,0
75,10,19,2,15,Y6059022,,,,0,30.0,0,0
75,10,19,2,16,Y6059023,,,,0,30.0,0,0
75,10,19,2,17,Y6059024,,,,0,30.0,0,0
75,10,19,2,18,Y6059025,,,,0,30.0,0,0
75,10,19,2,19,Y6059026,,,,0,30.0,0,0
75,10,19,2,20,Y6059027,,,,0,30.0,0,0
75,10,19,2,21,Y6059028,,,,0,30.0,0,0
75,10,19,2,22,Y6059029,,,,0,30.0,0,0
75,10,19,2,23,Y6059030,,,,0,30.0,0,0
75,10,19,2,24,Y6059031,,,,0,30.0,0,0
75,10,19,2,25,Y6059032,,,,0,30.0,0,0
75,10,19,2,26,Y6059033,,,,0,30.0,0,0
75,10,19,2,27,Y6059034,,,,0,30.0,0,0
75,10,19,2,28,Y6059035,,,,0,30.0,0,0
75,10,19,2,29,Y6059036,,,,0,30.0,0,0
75,10,19,2,30,Y6059037,,,,0,30.0,0,0
75,10,19,3,10,Y6059038,,,,0,30.0,0,0
75,10,19,3,11,Y6059039,,,,0,30.0,0,0
75,10,19,3,12,Y6059040,,,,0,30.0,0,0
75,10,19,3,13,Y6059041,,,,0,30.0,0,0
75,10,19,3,14,Y6059042,,,,0,30.0,0,0
75,10,19,3,15,Y6059043,,,,0,30.0,0,0
75,10,19,3,16,Y6059044,,,,0,30.0,0,0
75,10,19,3,17,Y6059045,,,,0,30.0,0,0
75,10,19,3,18,Y6059046,,,,0,30.0,0,0
75,10,19,3,19,Y6059047,,,,0,30.0,0,0
75,10,19,3,20,Y6059048,,,,0,30.0,0,0
75,10,19,3,21,Y6059049,,,,0,30.0,0,0
75,10,19,3,22,Y6059050,,,,0,30.0,0,0
75,10,19,3,23,Y6059051,,,,0,30.0,0,0
75,10,19,3,24,Y6059052,,,,0,30.0,0,0
75,10,19,3,25,Y6059053,,,,0,30.0,0,0
75,10,19,3,26,Y6059054,,,,0,30.0,0,0
75,10,19,3,27,Y6059055,,,,0,30.0,0,0
75,10,19,3,28,Y6059056,,,,0,30.0,0,0
75,10,19,3,29,Y6059057,,,,0,30.0,0,0
75,10,19,3,30,Y6059058,,,,0,30.0,0,0
75,10,19,4,10,Y6059059,,,,0,30.0,0,0
75,10,19,4,11,Y6059060,,,,0,30.0,0,0
75,10,19,4,12,Y6059061,,,,0,30.0,0,0
75,10,19,4,13,Y6059062,,,,0,30.0,0,0
75,10,19,4,14,Y6059063,,,,0,30.0,0,0
75,10,19,4,15,Y6059064,,,,0,30.0,0,0
75,10,19,4,16,Y6059065,,,,0,30.0,0,0
75,10,19,4,17,Y6059066,,,,0,30.0,0,0
75,10,19,4,18,Y6059067,,,,0,30.0,0,0
75,10,19,4,19,Y6059068,,,,0,30.0,0,0
75,10,19,4,20,Y6059069,,,,0,30.0,0,0
75,10,19,4,21,Y6059070,,,,0,30.0,0,0
75,10,19,4,22,Y6059071,,,,0,30.0,0,0
75,10,19,4,23,Y6059072,,,,0,30.0,0,0
75,10,19,4,24,Y6059073,,,,0,30.0,0,0
75,10,19,4,25,Y6059074,,,,0,30.0,0,0
75,10,19,4,26,Y6059075,,,,0,30.0,0,0
75,10,19,4,27,Y6059076,,,,0,30.0,0,0
75,10,19,4,28,Y6059077,,,,0,30.0,0,0
75,10,19,4,29,Y6059078,,,,0,30.0,0,0
75,10,19,4,30,Y6059079,,,,0,30.0,0,0
75,10,19,5,10,Y6059080,,,,0,30.0,0,0
75,10,19,5,11,Y6059081,,,,0,30.0,0,0
75,10,19,5,12,Y6059082,,,,0,30.0,0,0
75,10,19,5,13,Y6059083,,,,0,30.0,0,0
75,10,19,5,14,Y6059084,,,,0,30.0,0,0
75,10,19,5,15,Y6059085,,,,0,30.0,0,0
75,10,19,5,16,Y6059086,,,,0,30.0,0,0
75,10,19,5,17,Y6059087,,,,0,30.0,0,0
75,10,19,5,18,Y6059088,,,,0,30.0,0,0
75,10,19,5,19,Y6059089,,,,0,30.0,0,0
75,10,19,5,20,Y6059090,,,,0,30.0,0,0
75,10,19,5,21,Y6059091,,,,0,30.0,0,0
75,10,19,5,22,Y6059092,,,,0,30.0,0,0
75,10,19,5,23,Y6059093,,,,0,30.0,0,0
75,10,19,5,24,Y6059094,,,,0,30.0,0,0
75,10,19,5,25,Y6059095,,,,0,30.0,0,0
75,10,19,5,26,Y6059096,,,,0,30.0,0,0
75,10,19,5,27,Y6059097,,,,0,30.0,0,0
75,10,19,5,28,Y6059098,,,,0,30.0,0,0
75,10,19,5,29,Y6059099,,,,0,30.0,0,0
75,10,19,5,30,Y6059100,,,,0,30.0,0,0
75,10,19,6,10,Y6059101,,,,0,30.0,0,0
75,10,19,6,11,Y6059102,,,,0,30.0,0,0
75,10,19,6,12,Y6059103,,,,0,30.0,0,0
75,10,19,6,13,Y6059104,,,,0,30.0,0,0
75,10,19,6,14,Y6059105,,,,0,30.0,0,0
75,10,19,6,15,Y6059106,,,,0,30.0,0,0
75,10,19,6,16,Y6059107,,,,0,30.0,0,0
75,10,19,6,17,Y6059108,,,,0,30.0,0,0
75,10,19,6,18,Y6059109,,,,0,30.0,0,0
75,10,19,6,19,Y6059110,,,,0,30.0,0,0
75,10,19,6,20,Y6059111,,,,0,30.0,0,0
75,10,19,6,21,Y6059112,,,,0,30.0,0,0
75,10,19,6,22,Y6059113,,,,0,30.0,0,0
75,10,19,6,23,Y6059114,,,,0,30.0,0,0
75,10,19,6,24,Y6059115,,,,0,30.0,0,0
75,10,19,6,25,Y6059116,,,,0,30.0,0,0
75,10,19,6,26,Y6059117,,,,0,30.0,0,0
75,10,19,6,27,Y6059118,,,,0,30.0,0,0
75,10,19,6,28,Y6059119,,,,0,30.0,0,0
75,10,19,6,29,Y6059120,,,,0,30.0,0,0
75,10,19,6,30,Y6059121,,,,0,30.0,0,0
75,10,19,7,10,Y6059122,,,,0,30.0,0,0
75,10,19,7,11,Y6059123,,,,0,30.0,0,0
75,10,19,7,12,Y6059124,,,,0,30.0,0,0
75,10,19,7,13,Y6059125,,,,0,30.0,0,0
75,10,19,7,14,Y6059126,,,,0,30.0,0,0
75,10,19,7,15,Y6059127,,,,0,30.0,0,0
75,10,19,7,16,Y6059128,,,,0,30.0,0,0
75,10,19,7,17,Y6059129,,,,0,30.0,0,0
75,10,19,7,18,Y6059130,,,,0,30.0,0,0
75,10,19,7,19,Y6059131,,,,0,30.0,0,0
75,10,19,7,20,Y6059132,,,,0,30.0,0,0
75,10,19,7,21,Y6059133,,,,0,30.0,0,0
75,10,19,7,22,Y6059134,,,,0,30.0,0,0
75,10,19,7,23,Y6059135,,,,0,30.0,0,0
75,10,19,7,24,Y6059136,,,,0,30.0,0,0
75,10,19,7,25,Y6059137,,,,0,30.0,0,0
75,10,19,7,26,Y6059138,,,,0,30.0,0,0
75,10,19,7,27,Y6059139,,,,0,30.0,0,0
75,10,19,7,28,Y6059140,,,,0,30.0,0,0
75,10,19,7,29,Y6059141,,,,0,30.0,0,0
75,10,19,7,30,Y6059142,,,,0,30.0,0,0
75,10,19,8,10,Y6059143,,,,0,30.0,0,0
75,10,19,8,11,Y6059144,,,,0,30.0,0,0
75,10,19,8,12,Y6059145,,,,0,30.0,0,0
75,10,19,8,13,Y6059146,,,,0,30.0,0,0
75,10,19,8,14,Y6059147,,,,0,30.0,0,0
75,10,19,8,15,Y6059148,,,,0,30.0,0,0
75,10,19,8,16,Y6059149,,,,0,30.0,0,0
75,10,19,8,17,Y6059150,,,,0,30.0,0,0
75,10,19,8,18,Y6059151,,,,0,30.0,0,0
75,10,19,8,19,Y6059152,,,,0,30.0,0,0
75,10,19,8,20,Y6059153,,,,0,30.0,0,0
75,10,19,8,21,Y6059154,,,,0,30.0,0,0
75,10,19,8,22,Y6059155,,,,0,30.0,0,0
75,10,19,8,23,Y6059156,,,,0,30.0,0,0
75,10,19,8,24,Y6059157,,,,0,30.0,0,0
75,10,19,8,25,Y6059158,,,,0,30.0,0,0
75,10,19,8,26,Y6059159,,,,0,30.0,0,0
75,10,19,8,27,Y6059160,,,,0,30.0,0,0
75,10,19,8,28,Y6059161,,,,0,30.0,0,0
75,10,19,8,29,Y6059162,,,,0,30.0,0,0
75,10,19,8,30,Y6059163,,,,0,30.0,0,0
75,10,19,9,10,Y6059164,,,,0,30.0,0,0
75,10,19,9,11,Y6059165,,,,0,30.0,0,0
75,10,19,9,12,Y6059166,,,,0,30.0,0,0
75,10,19,9,13,Y6059167,,,,0,30.0,0,0
75,10,19,9,14,Y6059168,,,,0,30.0,0,0
75,10,19,9,15,Y6059169,,,,0,30.0,0,0
75,10,19,9,16,Y6059170,,,,0,30.0,0,0
75,10,19,9,17,Y6059171,,,,0,30.0,0,0
75,10,19,9,18,Y6059172,,,,0,30.0,0,0
75,10,19,9,19,Y6059173,,,,0,30.0,0,0
75,10,19,9,20,Y6059174,,,,0,30.0,0,0
75,10,19,9,21,Y6059175,,,,0,30.0,0,0
75,10,19,9,22,Y6059176,,,,0,30.0,0,0
75,10,19,9,23,Y6059177,,,,0,30.0,0,0
75,10,19,9,24,Y6059178,,,,0,30.0,0,0
75,10,19,9,25,Y6059179,,,,0,30.0,0,0
75,10,19,9,26,Y6059180,,,,0,30.0,0,0
75,10,19,9,27,Y6059181,,,,0,30.0,0,0
75,10,19,9,28,Y6059182,,,,0,30.0,0,0
75,10,19,9,29,Y6059183,,,,0,30.0,0,0
75,10,19,9,30,Y6059184,,,,0,30.0,0,0
75,10,19,10,10,Y6059185,,,,0,30.0,0,0
75,10,19,10,11,Y6059186,,,,0,30.0,0,0
75,10,19,10,12,Y6059187,,,,0,30.0,0,0
75,10,19,10,13,Y6059188,,,,0,30.0,0,0
75,10,19,10,14,Y6059189,,,,0,30.0,0,0
75,10,19,10,15,Y6059190,,,,0,30.0,0,0
75,10,19,10,16,Y6059191,,,,0,30.0,0,0
75,10,19,10,17,Y6059192,,,,0,30.0,0,0
75,10,19,10,18,Y6059193,,,,0,30.0,0,0
75,10,19,10,19,Y6059194,,,,0,30.0,0,0
75,10,19,10,20,Y6059195,,,,0,30.0,0,0
75,10,19,10,21,Y6059196,,,,0,30.0,0,0
75,10,19,10,22,Y6059197,,,,0,30.0,0,0
75,10,19,10,23,Y6059198,,,,0,30.0,0,0
75,10,19,10,24,Y6059199,,,,0,30.0,0,0
75,10,19,10,25,Y6059200,,,,0,30.0,0,0
75,10,19,10,26,Y6059201,,,,0,30.0,0,0
75,10,19,10,27,Y6059202,,,,0,30.0,0,0
75,10,19,10,28,Y6059203,,,,0,30.0,0,0
75,10,19,10,29,Y6059204,,,,0,30.0,0,0
75,10,19,10,30,Y6059205,,,,0,30.0,0,0
75,10,19,11,10,Y6059206,,,,0,30.0,0,0
75,10,19,11,11,Y6059207,,,,0,30.0,0,0
75,10,19,11,12,Y6059208,,,,0,30.0,0,0
75,10,19,11,13,Y6059209,,,,0,30.0,0,0
75,10,19,11,14,Y6059210,,,,0,30.0,0,0
75,10,19,11,15,Y6059211,,,,0,30.0,0,0
75,10,19,11,16,Y6059212,,,,0,30.0,0,0
75,10,19,11,17,Y6059213,,,,0,30.0,0,0
75,10,19,11,18,Y6059214,,,,0,30.0,0,0
75,10,19,11,19,Y6059215,,,,0,30.0,0,0
75,10,19,11,20,Y6059216,,,,0,30.0,0,0
75,10,19,11,21,Y6059217,,,,0,30.0,0,0
75,10,19,11,22,Y6059218,,,,0,30.0,0,0
75,10,19,11,23,Y6059219,,,,0,30.0,0,0
75,10,19,11,24,Y6059220,,,,0,30.0,0,0
75,10,19,11,25,Y6059221,,,,0,30.0,0,0
75,10,19,11,26,Y6059222,,,,0,30.0,0,0
75,10,19,11,27,Y6059223,,,,0,30.0,0,0
75,10,19,11,28,Y6059224,,,,0,30.0,0,0
75,10,19,11,29,Y6059225,,,,0,30.0,0,0
75,10,19,11,30,Y6059226,,,,0,30.0,0,0
75,10,19,12,10,Y6059227,,,,0,30.0,0,0
75,10,19,12,11,Y6059228,,,,0,30.0,0,0
75,10,19,12,12,Y6059229,,,,0,30.0,0,0
75,10,19,12,13,Y6059230,,,,0,30.0,0,0
75,10,19,12,14,Y6059231,,,,0,30.0,0,0
75,10,19,12,15,Y6059232,,,,0,30.0,0,0
75,10,19,12,16,Y6059233,,,,0,30.0,0,0
75,10,19,12,17,Y6059234,,,,0,30.0,0,0
75,10,19,12,18,Y6059235,,,,0,30.0,0,0
75,10,19,12,19,Y6059236,,,,0,30.0,0,0
75,10,19,12,20,Y6059237,,,,0,30.0,0,0
75,10,19,12,21,Y6059238,,,,0,30.0,0,0
75,10,19,12,22,Y6059239,,,,0,30.0,0,0
75,10,19,12,23,Y6059240,,,,0,30.0,0,0
75,10,19,12,24,Y6059241,,,,0,30.0,0,0
75,10,19,12,25,Y6059242,,,,0,30.0,0,0
75,10,19,12,26,Y6059243,,,,0,30.0,0,0
75,10,19,12,27,Y6059244,,,,0,30.0,0,0
75,10,19,12,28,Y6059245,,,,0,30.0,0,0
75,10,19,12,29,Y6059246,,,,0,30.0,0,0
75,10,19,12,30,Y6059247,,,,0,30.0,0,0
75,10,20,1,10,Y6059248,,,,0,30.0,0,0
75,10,20,1,11,Y6059249,,,,0,30.0,0,0
75,10,20,1,12,Y6059250,,,,0,30.0,0,0
75,10,20,1,13,Y6059251,,,,0,30.0,0,0
75,10,20,1,14,Y6059252,,,,0,30.0,0,0
75,10,20,1,15,Y6059253,,,,0,30.0,0,0
75,10,20,1,16,Y6059254,,,,0,30.0,0,0
75,10,20,1,17,Y6059255,,,,0,30.0,0,0
75,10,20,1,18,Y6059256,,,,0,30.0,0,0
75,10,20,1,19,Y6059257,,,,0,30.0,0,0
75,10,20,1,20,Y6059258,,,,0,30.0,0,0
75,10,20,1,21,Y6059259,,,,0,30.0,0,0
75,10,20,1,22,Y6059260,,,,0,30.0,0,0
75,10,20,1,23,Y6059261,,,,0,30.0,0,0
75,10,20,1,24,Y6059262,,,,0,30.0,0,0
75,10,20,1,25,Y6059263,,,,0,30.0,0,0
75,10,20,1,26,Y6059264,,,,0,30.0,0,0
75,10,20,1,27,Y6059265,,,,0,30.0,0,0
75,10,20,1,28,Y6059266,,,,0,30.0,0,0
75,10,20,1,29,Y6059267,,,,0,30.0,0,0
75,10,20,1,30,Y6059268,,,,0,30.0,0,0
75,10,20,2,10,Y6059269,,,,0,30.0,0,0
75,10,20,2,11,Y6059270,,,,0,30.0,0,0
75,10,20,2,12,Y6059271,,,,0,30.0,0,0
75,10,20,2,13,Y6059272,,,,0,30.0,0,0
75,10,20,2,14,Y6059273,,,,0,30.0,0,0
75,10,20,2,15,Y6059274,,,,0,30.0,0,0
75,10,20,2,16,Y6059275,,,,0,30.0,0,0
75,10,20,2,17,Y6059276,,,,0,30.0,0,0
75,10,20,2,18,Y6059277,,,,0,30.0,0,0
75,10,20,2,19,Y6059278,,,,0,30.0,0,0
75,10,20,2,20,Y6059279,,,,0,30.0,0,0
75,10,20,2,21,Y6059280,,,,0,30.0,0,0
75,10,20,2,22,Y6059281,,,,0,30.0,0,0
75,10,20,2,23,Y6059282,,,,0,30.0,0,0
75,10,20,2,24,Y6059283,,,,0,30.0,0,0
75,10,20,2,25,Y6059284,,,,0,30.0,0,0
75,10,20,2,26,Y6059285,,,,0,30.0,0,0
75,10,20,2,27,Y6059286,,,,0,30.0,0,0
75,10,20,2,28,Y6059287,,,,0,30.0,0,0
75,10,20,2,29,Y6059288,,,,0,30.0,0,0
75,10,20,2,30,Y6059289,,,,0,30.0,0,0
75,10,20,3,10,Y6059290,,,,0,30.0,0,0
75,10,20,3,11,Y6059291,,,,0,30.0,0,0
75,10,20,3,12,Y6059292,,,,0,30.0,0,0
75,10,20,3,13,Y6059293,,,,0,30.0,0,0
75,10,20,3,14,Y6059294,,,,0,30.0,0,0
75,10,20,3,15,Y6059295,,,,0,30.0,0,0
75,10,20,3,16,Y6059296,,,,0,30.0,0,0
75,10,20,3,17,Y6059297,,,,0,30.0,0,0
75,10,20,3,18,Y6059298,,,,0,30.0,0,0
75,10,20,3,19,Y6059299,,,,0,30.0,0,0
75,10,20,3,20,Y6059300,,,,0,30.0,0,0
75,10,20,3,21,Y6059301,,,,0,30.0,0,0
75,10,20,3,22,Y6059302,,,,0,30.0,0,0
75,10,20,3,23,Y6059303,,,,0,30.0,0,0
75,10,20,3,24,Y6059304,,,,0,30.0,0,0
75,10,20,3,25,Y6059305,,,,0,30.0,0,0
75,10,20,3,26,Y6059306,,,,0,30.0,0,0
75,10,20,3,27,Y6059307,,,,0,30.0,0,0
75,10,20,3,28,Y6059308,,,,0,30.0,0,0
75,10,20,3,29,Y6059309,,,,0,30.0,0,0
75,10,20,3,30,Y6059310,,,,0,30.0,0,0
75,10,20,4,10,Y6059311,,,,0,30.0,0,0
75,10,20,4,11,Y6059312,,,,0,30.0,0,0
75,10,20,4,12,Y6059313,,,,0,30.0,0,0
75,10,20,4,13,Y6059314,,,,0,30.0,0,0
75,10,20,4,14,Y6059315,,,,0,30.0,0,0
75,10,20,4,15,Y6059316,,,,0,30.0,0,0
75,10,20,4,16,Y6059317,,,,0,30.0,0,0
75,10,20,4,17,Y6059318,,,,0,30.0,0,0
75,10,20,4,18,Y6059319,,,,0,30.0,0,0
75,10,20,4,19,Y6059320,,,,0,30.0,0,0
75,10,20,4,20,Y6059321,,,,0,30.0,0,0
75,10,20,4,21,Y6059322,,,,0,30.0,0,0
75,10,20,4,22,Y6059323,,,,0,30.0,0,0
75,10,20,4,23,Y6059324,,,,0,30.0,0,0
75,10,20,4,24,Y6059325,,,,0,30.0,0,0
75,10,20,4,25,Y6059326,,,,0,30.0,0,0
75,10,20,4,26,Y6059327,,,,0,30.0,0,0
75,10,20,4,27,Y6059328,,,,0,30.0,0,0
75,10,20,4,28,Y6059329,,,,0,30.0,0,0
75,10,20,4,29,Y6059330,,,,0,30.0,0,0
75,10,20,4,30,Y6059331,,,,0,30.0,0,0
75,10,20,5,10,Y6059332,,,,0,30.0,0,0
75,10,20,5,11,Y6059333,,,,0,30.0,0,0
75,10,20,5,12,Y6059334,,,,0,30.0,0,0
75,10,20,5,13,Y6059335,,,,0,30.0,0,0
75,10,20,5,14,Y6059336,,,,0,30.0,0,0
75,10,20,5,15,Y6059337,,,,0,30.0,0,0
75,10,20,5,16,Y6059338,,,,0,30.0,0,0
75,10,20,5,17,Y6059339,,,,0,30.0,0,0
75,10,20,5,18,Y6059340,,,,0,30.0,0,0
75,10,20,5,19,Y6059341,,,,0,30.0,0,0
75,10,20,5,20,Y6059342,,,,0,30.0,0,0
75,10,20,5,21,Y6059343,,,,0,30.0,0,0
75,10,20,5,22,Y6059344,,,,0,30.0,0,0
75,10,20,5,23,Y6059345,,,,0,30.0,0,0
75,10,20,5,24,Y6059346,,,,0,30.0,0,0
75,10,20,5,25,Y6059347,,,,0,30.0,0,0
75,10,20,5,26,Y6059348,,,,0,30.0,0,0
75,10,20,5,27,Y6059349,,,,0,30.0,0,0
75,10,20,5,28,Y6059350,,,,0,30.0,0,0
75,10,20,5,29,Y6059351,,,,0,30.0,0,0
75,10,20,5,30,Y6059352,,,,0,30.0,0,0
75,10,20,6,10,Y6059353,,,,0,30.0,0,0
75,10,20,6,11,Y6059354,,,,0,30.0,0,0
75,10,20,6,12,Y6059355,,,,0,30.0,0,0
75,10,20,6,13,Y6059356,,,,0,30.0,0,0
75,10,20,6,14,Y6059357,,,,0,30.0,0,0
75,10,20,6,15,Y6059358,,,,0,30.0,0,0
75,10,20,6,16,Y6059359,,,,0,30.0,0,0
75,10,20,6,17,Y6059360,,,,0,30.0,0,0
75,10,20,6,18,Y6059361,,,,0,30.0,0,0
75,10,20,6,19,Y6059362,,,,0,30.0,0,0
75,10,20,6,20,Y6059363,,,,0,30.0,0,0
75,10,20,6,21,Y6059364,,,,0,30.0,0,0
75,10,20,6,22,Y6059365,,,,0,30.0,0,0
75,10,20,6,23,Y6059366,,,,0,30.0,0,0
75,10,20,6,24,Y6059367,,,,0,30.0,0,0
75,10,20,6,25,Y6059368,,,,0,30.0,0,0
75,10,20,6,26,Y6059369,,,,0,30.0,0,0
75,10,20,6,27,Y6059370,,,,0,30.0,0,0
75,10,20,6,28,Y6059371,,,,0,30.0,0,0
75,10,20,6,29,Y6059372,,,,0,30.0,0,0
75,10,20,6,30,Y6059373,,,,0,30.0,0,0
75,10,20,7,10,Y6059374,,,,0,30.0,0,0
75,10,20,7,11,Y6059375,,,,0,30.0,0,0
75,10,20,7,12,Y6059376,,,,0,30.0,0,0
75,10,20,7,13,Y6059377,,,,0,30.0,0,0
75,10,20,7,14,Y6059378,,,,0,30.0,0,0
75,10,20,7,15,Y6059379,,,,0,30.0,0,0
75,10,20,7,16,Y6059380,,,,0,30.0,0,0
75,10,20,7,17,Y6059381,,,,0,30.0,0,0
75,10,20,7,18,Y6059382,,,,0,30.0,0,0
75,10,20,7,19,Y6059383,,,,0,30.0,0,0
75,10,20,7,20,Y6059384,,,,0,30.0,0,0
75,10,20,7,21,Y6059385,,,,0,30.0,0,0
75,10,20,7,22,Y6059386,,,,0,30.0,0,0
75,10,20,7,23,Y6059387,,,,0,30.0,0,0
75,10,20,7,24,Y6059388,,,,0,30.0,0,0
75,10,20,7,25,Y6059389,,,,0,30.0,0,0
75,10,20,7,26,Y6059390,,,,0,30.0,0,0
75,10,20,7,27,Y6059391,,,,0,30.0,0,0
75,10,20,7,28,Y6059392,,,,0,30.0,0,0
75,10,20,7,29,Y6059393,,,,0,30.0,0,0
75,10,20,7,30,Y6059394,,,,0,30.0,0,0
75,10,20,8,10,Y6059395,,,,0,30.0,0,0
75,10,20,8,11,Y6059396,,,,0,30.0,0,0
75,10,20,8,12,Y6059397,,,,0,30.0,0,0
75,10,20,8,13,Y6059398,,,,0,30.0,0,0
75,10,20,8,14,Y6059399,,,,0,30.0,0,0
75,10,20,8,15,Y6059400,,,,0,30.0,0,0
75,10,20,8,16,Y6059401,,,,0,30.0,0,0
75,10,20,8,17,Y6059402,,,,0,30.0,0,0
75,10,20,8,18,Y6059403,,,,0,30.0,0,0
75,10,20,8,19,Y6059404,,,,0,30.0,0,0
75,10,20,8,20,Y6059405,,,,0,30.0,0,0
75,10,20,8,21,Y6059406,,,,0,30.0,0,0
75,10,20,8,22,Y6059407,,,,0,30.0,0,0
75,10,20,8,23,Y6059408,,,,0,30.0,0,0
75,10,20,8,24,Y6059409,,,,0,30.0,0,0
75,10,20,8,25,Y6059410,,,,0,30.0,0,0
75,10,20,8,26,Y6059411,,,,0,30.0,0,0
75,10,20,8,27,Y6059412,,,,0,30.0,0,0
75,10,20,8,28,Y6059413,,,,0,30.0,0,0
75,10,20,8,29,Y6059414,,,,0,30.0,0,0
75,10,20,8,30,Y6059415,,,,0,30.0,0,0
75,10,20,9,10,Y6059416,,,,0,30.0,0,0
75,10,20,9,11,Y6059417,,,,0,30.0,0,0
75,10,20,9,12,Y6059418,,,,0,30.0,0,0
75,10,20,9,13,Y6059419,,,,0,30.0,0,0
75,10,20,9,14,Y6059420,,,,0,30.0,0,0
75,10,20,9,15,Y6059421,,,,0,30.0,0,0
75,10,20,9,16,Y6059422,,,,0,30.0,0,0
75,10,20,9,17,Y6059423,,,,0,30.0,0,0
75,10,20,9,18,Y6059424,,,,0,30.0,0,0
75,10,20,9,19,Y6059425,,,,0,30.0,0,0
75,10,20,9,20,Y6059426,,,,0,30.0,0,0
75,10,20,9,21,Y6059427,,,,0,30.0,0,0
75,10,20,9,22,Y6059428,,,,0,30.0,0,0
75,10,20,9,23,Y6059429,,,,0,30.0,0,0
75,10,20,9,24,Y6059430,,,,0,30.0,0,0
75,10,20,9,25,Y6059431,,,,0,30.0,0,0
75,10,20,9,26,Y6059432,,,,0,30.0,0,0
75,10,20,9,27,Y6059433,,,,0,30.0,0,0
75,10,20,9,28,Y6059434,,,,0,30.0,0,0
75,10,20,9,29,Y6059435,,,,0,30.0,0,0
75,10,20,9,30,Y6059436,,,,0,30.0,0,0
75,10,20,10,10,Y6059437,,,,0,30.0,0,0
75,10,20,10,11,Y6059438,,,,0,30.0,0,0
75,10,20,10,12,Y6059439,,,,0,30.0,0,0
75,10,20,10,13,Y6059440,,,,0,30.0,0,0
75,10,20,10,14,Y6059441,,,,0,30.0,0,0
75,10,20,10,15,Y6059442,,,,0,30.0,0,0
75,10,20,10,16,Y6059443,,,,0,30.0,0,0
75,10,20,10,17,Y6059444,,,,0,30.0,0,0
75,10,20,10,18,Y6059445,,,,0,30.0,0,0
75,10,20,10,19,Y6059446,,,,0,30.0,0,0
75,10,20,10,20,Y6059447,,,,0,30.0,0,0
75,10,20,10,21,Y6059448,,,,0,30.0,0,0
75,10,20,10,22,Y6059449,,,,0,30.0,0,0
75,10,20,10,23,Y6059450,,,,0,30.0,0,0
75,10,20,10,24,Y6059451,,,,0,30.0,0,0
75,10,20,10,25,Y6059452,,,,0,30.0,0,0
75,10,20,10,26,Y6059453,,,,0,30.0,0,0
75,10,20,10,27,Y6059454,,,,0,30.0,0,0
75,10,20,10,28,Y6059455,,,,0,30.0,0,0
75,10,20,10,29,Y6059456,,,,0,30.0,0,0
75,10,20,10,30,Y6059457,,,,0,30.0,0,0
75,10,20,11,10,Y6059458,,,,0,30.0,0,0
75,10,20,11,11,Y6059459,,,,0,30.0,0,0
75,10,20,11,12,Y6059460,,,,0,30.0,0,0
75,10,20,11,13,Y6059461,,,,0,30.0,0,0
75,10,20,11,14,Y6059462,,,,0,30.0,0,0
75,10,20,11,15,Y6059463,,,,0,30.0,0,0
75,10,20,11,16,Y6059464,,,,0,30.0,0,0
75,10,20,11,17,Y6059465,,,,0,30.0,0,0
75,10,20,11,18,Y6059466,,,,0,30.0,0,0
75,10,20,11,19,Y6059467,,,,0,30.0,0,0
75,10,20,11,20,Y6059468,,,,0,30.0,0,0
75,10,20,11,21,Y6059469,,,,0,30.0,0,0
75,10,20,11,22,Y6059470,,,,0,30.0,0,0
75,10,20,11,23,Y6059471,,,,0,30.0,0,0
75,10,20,11,24,Y6059472,,,,0,30.0,0,0
75,10,20,11,25,Y6059473,,,,0,30.0,0,0
75,10,20,11,26,Y6059474,,,,0,30.0,0,0
75,10,20,11,27,Y6059475,,,,0,30.0,0,0
75,10,20,11,28,Y6059476,,,,0,30.0,0,0
75,10,20,11,29,Y6059477,,,,0,30.0,0,0
75,10,20,11,30,Y6059478,,,,0,30.0,0,0
75,10,20,12,10,Y6059479,,,,0,30.0,0,0
75,10,20,12,11,Y6059480,,,,0,30.0,0,0
75,10,20,12,12,Y6059481,,,,0,30.0,0,0
75,10,20,12,13,Y6059482,,,,0,30.0,0,0
75,10,20,12,14,Y6059483,,,,0,30.0,0,0
75,10,20,12,15,Y6059484,,,,0,30.0,0,0
75,10,20,12,16,Y6059485,,,,0,30.0,0,0
75,10,20,12,17,Y6059486,,,,0,30.0,0,0
75,10,20,12,18,Y6059487,,,,0,30.0,0,0
75,10,20,12,19,Y6059488,,,,0,30.0,0,0
75,10,20,12,20,Y6059489,,,,0,30.0,0,0
75,10,20,12,21,Y6059490,,,,0,30.0,0,0
75,10,20,12,22,Y6059491,,,,0,30.0,0,0
75,10,20,12,23,Y6059492,,,,0,30.0,0,0
75,10,20,12,24,Y6059493,,,,0,30.0,0,0
75,10,20,12,25,Y6059494,,,,0,30.0,0,0
75,10,20,12,26,Y6059495,,,,0,30.0,0,0
75,10,20,12,27,Y6059496,,,,0,30.0,0,0
75,10,20,12,28,Y6059497,,,,0,30.0,0,0
75,10,20,12,29,Y6059498,,,,0,30.0,0,0
75,10,20,12,30,Y6059499,,,,0,30.0,0,0
75,10,21,1,10,Y6059500,,,,0,30.0,0,0
75,10,21,1,11,Y6059501,,,,0,30.0,0,0
75,10,21,1,12,Y6059502,,,,0,30.0,0,0
75,10,21,1,13,Y6059503,,,,0,30.0,0,0
75,10,21,1,14,Y6059504,,,,0,30.0,0,0
75,10,21,1,15,Y6059505,,,,0,30.0,0,0
75,10,21,1,16,Y6059506,,,,0,30.0,0,0
75,10,21,1,17,Y6059507,,,,0,30.0,0,0
75,10,21,1,18,Y6059508,,,,0,30.0,0,0
75,10,21,1,19,Y6059509,,,,0,30.0,0,0
75,10,21,1,20,Y6059510,,,,0,30.0,0,0
75,10,21,1,21,Y6059511,,,,0,30.0,0,0
75,10,21,1,22,Y6059512,,,,0,30.0,0,0
75,10,21,1,23,Y6059513,,,,0,30.0,0,0
75,10,21,1,24,Y6059514,,,,0,30.0,0,0
75,10,21,1,25,Y6059515,,,,0,30.0,0,0
75,10,21,1,26,Y6059516,,,,0,30.0,0,0
75,10,21,1,27,Y6059517,,,,0,30.0,0,0
75,10,21,1,28,Y6059518,,,,0,30.0,0,0
75,10,21,1,29,Y6059519,,,,0,30.0,0,0
75,10,21,1,30,Y6059520,,,,0,30.0,0,0
75,10,21,2,10,Y6059521,,,,0,30.0,0,0
75,10,21,2,11,Y6059522,,,,0,30.0,0,0
75,10,21,2,12,Y6059523,,,,0,30.0,0,0
75,10,21,2,13,Y6059524,,,,0,30.0,0,0
75,10,21,2,14,Y6059525,,,,0,30.0,0,0
75,10,21,2,15,Y6059526,,,,0,30.0,0,0
75,10,21,2,16,Y6059527,,,,0,30.0,0,0
75,10,21,2,17,Y6059528,,,,0,30.0,0,0
75,10,21,2,18,Y6059529,,,,0,30.0,0,0
75,10,21,2,19,Y6059530,,,,0,30.0,0,0
75,10,21,2,20,Y6059531,,,,0,30.0,0,0
75,10,21,2,21,Y6059532,,,,0,30.0,0,0
75,10,21,2,22,Y6059533,,,,0,30.0,0,0
75,10,21,2,23,Y6059534,,,,0,30.0,0,0
75,10,21,2,24,Y6059535,,,,0,30.0,0,0
75,10,21,2,25,Y6059536,,,,0,30.0,0,0
75,10,21,2,26,Y6059537,,,,0,30.0,0,0
75,10,21,2,27,Y6059538,,,,0,30.0,0,0
75,10,21,2,28,Y6059539,,,,0,30.0,0,0
75,10,21,2,29,Y6059540,,,,0,30.0,0,0
75,10,21,2,30,Y6059541,,,,0,30.0,0,0
75,10,21,3,10,Y6059542,,,,0,30.0,0,0
75,10,21,3,11,Y6059543,,,,0,30.0,0,0
75,10,21,3,12,Y6059544,,,,0,30.0,0,0
75,10,21,3,13,Y6059545,,,,0,30.0,0,0
75,10,21,3,14,Y6059546,,,,0,30.0,0,0
75,10,21,3,15,Y6059547,,,,0,30.0,0,0
75,10,21,3,16,Y6059548,,,,0,30.0,0,0
75,10,21,3,17,Y6059549,,,,0,30.0,0,0
75,10,21,3,18,Y6059550,,,,0,30.0,0,0
75,10,21,3,19,Y6059551,,,,0,30.0,0,0
75,10,21,3,20,Y6059552,,,,0,30.0,0,0
75,10,21,3,21,Y6059553,,,,0,30.0,0,0
75,10,21,3,22,Y6059554,,,,0,30.0,0,0
75,10,21,3,23,Y6059555,,,,0,30.0,0,0
75,10,21,3,24,Y6059556,,,,0,30.0,0,0
75,10,21,3,25,Y6059557,,,,0,30.0,0,0
75,10,21,3,26,Y6059558,,,,0,30.0,0,0
75,10,21,3,27,Y6059559,,,,0,30.0,0,0
75,10,21,3,28,Y6059560,,,,0,30.0,0,0
75,10,21,3,29,Y6059561,,,,0,30.0,0,0
75,10,21,3,30,Y6059562,,,,0,30.0,0,0
75,10,21,4,10,Y6059563,,,,0,30.0,0,0
75,10,21,4,11,Y6059564,,,,0,30.0,0,0
75,10,21,4,12,Y6059565,,,,0,30.0,0,0
75,10,21,4,13,Y6059566,,,,0,30.0,0,0
75,10,21,4,14,Y6059567,,,,0,30.0,0,0
75,10,21,4,15,Y6059568,,,,0,30.0,0,0
75,10,21,4,16,Y6059569,,,,0,30.0,0,0
75,10,21,4,17,Y6059570,,,,0,30.0,0,0
75,10,21,4,18,Y6059571,,,,0,30.0,0,0
75,10,21,4,19,Y6059572,,,,0,30.0,0,0
75,10,21,4,20,Y6059573,,,,0,30.0,0,0
75,10,21,4,21,Y6059574,,,,0,30.0,0,0
75,10,21,4,22,Y6059575,,,,0,30.0,0,0
75,10,21,4,23,Y6059576,,,,0,30.0,0,0
75,10,21,4,24,Y6059577,,,,0,30.0,0,0
75,10,21,4,25,Y6059578,,,,0,30.0,0,0
75,10,21,4,26,Y6059579,,,,0,30.0,0,0
75,10,21,4,27,Y6059580,,,,0,30.0,0,0
75,10,21,4,28,Y6059581,,,,0,30.0,0,0
75,10,21,4,29,Y6059582,,,,0,30.0,0,0
75,10,21,4,30,Y6059583,,,,0,30.0,0,0
75,10,21,5,10,Y6059584,,,,0,30.0,0,0
75,10,21,5,11,Y6059585,,,,0,30.0,0,0
75,10,21,5,12,Y6059586,,,,0,30.0,0,0
75,10,21,5,13,Y6059587,,,,0,30.0,0,0
75,10,21,5,14,Y6059588,,,,0,30.0,0,0
75,10,21,5,15,Y6059589,,,,0,30.0,0,0
75,10,21,5,16,Y6059590,,,,0,30.0,0,0
75,10,21,5,17,Y6059591,,,,0,30.0,0,0
75,10,21,5,18,Y6059592,,,,0,30.0,0,0
75,10,21,5,19,Y6059593,,,,0,30.0,0,0
75,10,21,5,20,Y6059594,,,,0,30.0,0,0
75,10,21,5,21,Y6059595,,,,0,30.0,0,0
75,10,21,5,22,Y6059596,,,,0,30.0,0,0
75,10,21,5,23,Y6059597,,,,0,30.0,0,0
75,10,21,5,24,Y6059598,,,,0,30.0,0,0
75,10,21,5,25,Y6059599,,,,0,30.0,0,0
75,10,21,5,26,Y6059600,,,,0,30.0,0,0
75,10,21,5,27,Y6059601,,,,0,30.0,0,0
75,10,21,5,28,Y6059602,,,,0,30.0,0,0
75,10,21,5,29,Y6059603,,,,0,30.0,0,0
75,10,21,5,30,Y6059604,,,,0,30.0,0,0
75,10,21,6,10,Y6059605,,,,0,30.0,0,0
75,10,21,6,11,Y6059606,,,,0,30.0,0,0
75,10,21,6,12,Y6059607,,,,0,30.0,0,0
75,10,21,6,13,Y6059608,,,,0,30.0,0,0
75,10,21,6,14,Y6059609,,,,0,30.0,0,0
75,10,21,6,15,Y6059610,,,,0,30.0,0,0
75,10,21,6,16,Y6059611,,,,0,30.0,0,0
75,10,21,6,17,Y6059612,,,,0,30.0,0,0
75,10,21,6,18,Y6059613,,,,0,30.0,0,0
75,10,21,6,19,Y6059614,,,,0,30.0,0,0
75,10,21,6,20,Y6059615,,,,0,30.0,0,0
75,10,21,6,21,Y6059616,,,,0,30.0,0,0
75,10,21,6,22,Y6059617,,,,0,30.0,0,0
75,10,21,6,23,Y6059618,,,,0,30.0,0,0
75,10,21,6,24,Y6059619,,,,0,30.0,0,0
75,10,21,6,25,Y6059620,,,,0,30.0,0,0
75,10,21,6,26,Y6059621,,,,0,30.0,0,0
75,10,21,6,27,Y6059622,,,,0,30.0,0,0
75,10,21,6,28,Y6059623,,,,0,30.0,0,0
75,10,21,6,29,Y6059624,,,,0,30.0,0,0
75,10,21,6,30,Y6059625,,,,0,30.0,0,0
75,10,21,7,10,Y6059626,,,,0,30.0,0,0
75,10,21,7,11,Y6059627,,,,0,30.0,0,0
75,10,21,7,12,Y6059628,,,,0,30.0,0,0
75,10,21,7,13,Y6059629,,,,0,30.0,0,0
75,10,21,7,14,Y6059630,,,,0,30.0,0,0
75,10,21,7,15,Y6059631,,,,0,30.0,0,0
75,10,21,7,16,Y6059632,,,,0,30.0,0,0
75,10,21,7,17,Y6059633,,,,0,30.0,0,0
75,10,21,7,18,Y6059634,,,,0,30.0,0,0
75,10,21,7,19,Y6059635,,,,0,30.0,0,0
75,10,21,7,20,Y6059636,,,,0,30.0,0,0
75,10,21,7,21,Y6059637,,,,0,30.0,0,0
75,10,21,7,22,Y6059638,,,,0,30.0,0,0
75,10,21,7,23,Y6059639,,,,0,30.0,0,0
75,10,21,7,24,Y6059640,,,,0,30.0,0,0
75,10,21,7,25,Y6059641,,,,0,30.0,0,0
75,10,21,7,26,Y6059642,,,,0,30.0,0,0
75,10,21,7,27,Y6059643,,,,0,30.0,0,0
75,10,21,7,28,Y6059644,,,,0,30.0,0,0
75,10,21,7,29,Y6059645,,,,0,30.0,0,0
75,10,21,7,30,Y6059646,,,,0,30.0,0,0
75,10,21,8,10,Y6059647,,,,0,30.0,0,0
75,10,21,8,11,Y6059648,,,,0,30.0,0,0
75,10,21,8,12,Y6059649,,,,0,30.0,0,0
75,10,21,8,13,Y6059650,,,,0,30.0,0,0
75,10,21,8,14,Y6059651,,,,0,30.0,0,0
75,10,21,8,15,Y6059652,,,,0,30.0,0,0
75,10,21,8,16,Y6059653,,,,0,30.0,0,0
75,10,21,8,17,Y6059654,,,,0,30.0,0,0
75,10,21,8,18,Y6059655,,,,0,30.0,0,0
75,10,21,8,19,Y6059656,,,,0,30.0,0,0
75,10,21,8,20,Y6059657,,,,0,30.0,0,0
75,10,21,8,21,Y6059658,,,,0,30.0,0,0
75,10,21,8,22,Y6059659,,,,0,30.0,0,0
75,10,21,8,23,Y6059660,,,,0,30.0,0,0
75,10,21,8,24,Y6059661,,,,0,30.0,0,0
75,10,21,8,25,Y6059662,,,,0,30.0,0,0
75,10,21,8,26,Y6059663,,,,0,30.0,0,0
75,10,21,8,27,Y6059664,,,,0,30.0,0,0
75,10,21,8,28,Y6059665,,,,0,30.0,0,0
75,10,21,8,29,Y6059666,,,,0,30.0,0,0
75,10,21,8,30,Y6059667,,,,0,30.0,0,0
75,10,21,9,10,Y6059668,,,,0,30.0,0,0
75,10,21,9,11,Y6059669,,,,0,30.0,0,0
75,10,21,9,12,Y6059670,,,,0,30.0,0,0
75,10,21,9,13,Y6059671,,,,0,30.0,0,0
75,10,21,9,14,Y6059672,,,,0,30.0,0,0
75,10,21,9,15,Y6059673,,,,0,30.0,0,0
75,10,21,9,16,Y6059674,,,,0,30.0,0,0
75,10,21,9,17,Y6059675,,,,0,30.0,0,0
75,10,21,9,18,Y6059676,,,,0,30.0,0,0
75,10,21,9,19,Y6059677,,,,0,30.0,0,0
75,10,21,9,20,Y6059678,,,,0,30.0,0,0
75,10,21,9,21,Y6059679,,,,0,30.0,0,0
75,10,21,9,22,Y6059680,,,,0,30.0,0,0
75,10,21,9,23,Y6059681,,,,0,30.0,0,0
75,10,21,9,24,Y6059682,,,,0,30.0,0,0
75,10,21,9,25,Y6059683,,,,0,30.0,0,0
75,10,21,9,26,Y6059684,,,,0,30.0,0,0
75,10,21,9,27,Y6059685,,,,0,30.0,0,0
75,10,21,9,28,Y6059686,,,,0,30.0,0,0
75,10,21,9,29,Y6059687,,,,0,30.0,0,0
75,10,21,9,30,Y6059688,,,,0,30.0,0,0
75,10,21,10,10,Y6059689,,,,0,30.0,0,0
75,10,21,10,11,Y6059690,,,,0,30.0,0,0
75,10,21,10,12,Y6059691,,,,0,30.0,0,0
75,10,21,10,13,Y6059692,,,,0,30.0,0,0
75,10,21,10,14,Y6059693,,,,0,30.0,0,0
75,10,21,10,15,Y6059694,,,,0,30.0,0,0
75,10,21,10,16,Y6059695,,,,0,30.0,0,0
75,10,21,10,17,Y6059696,,,,0,30.0,0,0
75,10,21,10,18,Y6059697,,,,0,30.0,0,0
75,10,21,10,19,Y6059698,,,,0,30.0,0,0
75,10,21,10,20,Y6059699,,,,0,30.0,0,0
75,10,21,10,21,Y6059700,,,,0,30.0,0,0
75,10,21,10,22,Y6059701,,,,0,30.0,0,0
75,10,21,10,23,Y6059702,,,,0,30.0,0,0
75,10,21,10,24,Y6059703,,,,0,30.0,0,0
75,10,21,10,25,Y6059704,,,,0,30.0,0,0
75,10,21,10,26,Y6059705,,,,0,30.0,0,0
75,10,21,10,27,Y6059706,,,,0,30.0,0,0
75,10,21,10,28,Y6059707,,,,0,30.0,0,0
75,10,21,10,29,Y6059708,,,,0,30.0,0,0
75,10,21,10,30,Y6059709,,,,0,30.0,0,0
75,10,21,11,10,Y6059710,,,,0,30.0,0,0
75,10,21,11,11,Y6059711,,,,0,30.0,0,0
75,10,21,11,12,Y6059712,,,,0,30.0,0,0
75,10,21,11,13,Y6059713,,,,0,30.0,0,0
75,10,21,11,14,Y6059714,,,,0,30.0,0,0
75,10,21,11,15,Y6059715,,,,0,30.0,0,0
75,10,21,11,16,Y6059716,,,,0,30.0,0,0
75,10,21,11,17,Y6059717,,,,0,30.0,0,0
75,10,21,11,18,Y6059718,,,,0,30.0,0,0
75,10,21,11,19,Y6059719,,,,0,30.0,0,0
75,10,21,11,20,Y6059720,,,,0,30.0,0,0
75,10,21,11,21,Y6059721,,,,0,30.0,0,0
75,10,21,11,22,Y6059722,,,,0,30.0,0,0
75,10,21,11,23,Y6059723,,,,0,30.0,0,0
75,10,21,11,24,Y6059724,,,,0,30.0,0,0
75,10,21,11,25,Y6059725,,,,0,30.0,0,0
75,10,21,11,26,Y6059726,,,,0,30.0,0,0
75,10,21,11,27,Y6059727,,,,0,30.0,0,0
75,10,21,11,28,Y6059728,,,,0,30.0,0,0
75,10,21,11,29,Y6059729,,,,0,30.0,0,0
75,10,21,11,30,Y6059730,,,,0,30.0,0,0
75,10,21,12,10,Y6059731,,,,0,30.0,0,0
75,10,21,12,11,Y6059732,,,,0,30.0,0,0
75,10,21,12,12,Y6059733,,,,0,30.0,0,0
75,10,21,12,13,Y6059734,,,,0,30.0,0,0
75,10,21,12,14,Y6059735,,,,0,30.0,0,0
75,10,21,12,15,Y6059736,,,,0,30.0,0,0
75,10,21,12,16,Y6059737,,,,0,30.0,0,0
75,10,21,12,17,Y6059738,,,,0,30.0,0,0
75,10,21,12,18,Y6059739,,,,0,30.0,0,0
75,10,21,12,19,Y6059740,,,,0,30.0,0,0
75,10,21,12,20,Y6059741,,,,0,30.0,0,0
75,10,21,12,21,Y6059742,,,,0,30.0,0,0
75,10,21,12,22,Y6059743,,,,0,30.0,0,0
75,10,21,12,23,Y6059744,,,,0,30.0,0,0
75,10,21,12,24,Y6059745,,,,0,30.0,0,0
75,10,21,12,25,Y6059746,,,,0,30.0,0,0
75,10,21,12,26,Y6059747,,,,0,30.0,0,0
75,10,21,12,27,Y6059748,,,,0,30.0,0,0
75,10,21,12,28,Y6059749,,,,0,30.0,0,0
75,10,21,12,29,Y6059750,,,,0,30.0,0,0
75,10,21,12,30,Y6059751,,,,0,30.0,0,0
75,10,22,1,10,Y6059752,,,,0,30.0,0,0
75,10,22,1,11,Y6059753,,,,0,30.0,0,0
75,10,22,1,12,Y6059754,,,,0,30.0,0,0
75,10,22,1,13,Y6059755,,,,0,30.0,0,0
75,10,22,1,14,Y6059756,,,,0,30.0,0,0
75,10,22,1,15,Y6059757,,,,0,30.0,0,0
75,10,22,1,16,Y6059758,,,,0,30.0,0,0
75,10,22,1,17,Y6059759,,,,0,30.0,0,0
75,10,22,1,18,Y6059760,,,,0,30.0,0,0
75,10,22,1,19,Y6059761,,,,0,30.0,0,0
75,10,22,1,20,Y6059762,,,,0,30.0,0,0
75,10,22,1,21,Y6059763,,,,0,30.0,0,0
75,10,22,1,22,Y6059764,,,,0,30.0,0,0
75,10,22,1,23,Y6059765,,,,0,30.0,0,0
75,10,22,1,24,Y6059766,,,,0,30.0,0,0
75,10,22,1,25,Y6059767,,,,0,30.0,0,0
75,10,22,1,26,Y6059768,,,,0,30.0,0,0
75,10,22,1,27,Y6059769,,,,0,30.0,0,0
75,10,22,1,28,Y6059770,,,,0,30.0,0,0
75,10,22,1,29,Y6059771,,,,0,30.0,0,0
75,10,22,1,30,Y6059772,,,,0,30.0,0,0
75,10,22,2,10,Y6059773,,,,0,30.0,0,0
75,10,22,2,11,Y6059774,,,,0,30.0,0,0
75,10,22,2,12,Y6059775,,,,0,30.0,0,0
75,10,22,2,13,Y6059776,,,,0,30.0,0,0
75,10,22,2,14,Y6059777,,,,0,30.0,0,0
75,10,22,2,15,Y6059778,,,,0,30.0,0,0
75,10,22,2,16,Y6059779,,,,0,30.0,0,0
75,10,22,2,17,Y6059780,,,,0,30.0,0,0
75,10,22,2,18,Y6059781,,,,0,30.0,0,0
75,10,22,2,19,Y6059782,,,,0,30.0,0,0
75,10,22,2,20,Y6059783,,,,0,30.0,0,0
75,10,22,2,21,Y6059784,,,,0,30.0,0,0
75,10,22,2,22,Y6059785,,,,0,30.0,0,0
75,10,22,2,23,Y6059786,,,,0,30.0,0,0
75,10,22,2,24,Y6059787,,,,0,30.0,0,0
75,10,22,2,25,Y6059788,,,,0,30.0,0,0
75,10,22,2,26,Y6059789,,,,0,30.0,0,0
75,10,22,2,27,Y6059790,,,,0,30.0,0,0
75,10,22,2,28,Y6059791,,,,0,30.0,0,0
75,10,22,2,29,Y6059792,,,,0,30.0,0,0
75,10,22,2,30,Y6059793,,,,0,30.0,0,0
75,10,22,3,10,Y6059794,,,,0,30.0,0,0
75,10,22,3,11,Y6059795,,,,0,30.0,0,0
75,10,22,3,12,Y6059796,,,,0,30.0,0,0
75,10,22,3,13,Y6059797,,,,0,30.0,0,0
75,10,22,3,14,Y6059798,,,,0,30.0,0,0
75,10,22,3,15,Y6059799,,,,0,30.0,0,0
75,10,22,3,16,Y6059800,,,,0,30.0,0,0
75,10,22,3,17,Y6059801,,,,0,30.0,0,0
75,10,22,3,18,Y6059802,,,,0,30.0,0,0
75,10,22,3,19,Y6059803,,,,0,30.0,0,0
75,10,22,3,20,Y6059804,,,,0,30.0,0,0
75,10,22,3,21,Y6059805,,,,0,30.0,0,0
75,10,22,3,22,Y6059806,,,,0,30.0,0,0
75,10,22,3,23,Y6059807,,,,0,30.0,0,0
75,10,22,3,24,Y6059808,,,,0,30.0,0,0
75,10,22,3,25,Y6059809,,,,0,30.0,0,0
75,10,22,3,26,Y6059810,,,,0,30.0,0,0
75,10,22,3,27,Y6059811,,,,0,30.0,0,0
75,10,22,3,28,Y6059812,,,,0,30.0,0,0
75,10,22,3,29,Y6059813,,,,0,30.0,0,0
75,10,22,3,30,Y6059814,,,,0,30.0,0,0
75,10,22,4,10,Y6059815,,,,0,30.0,0,0
75,10,22,4,11,Y6059816,,,,0,30.0,0,0
75,10,22,4,12,Y6059817,,,,0,30.0,0,0
75,10,22,4,13,Y6059818,,,,0,30.0,0,0
75,10,22,4,14,Y6059819,,,,0,30.0,0,0
75,10,22,4,15,Y6059820,,,,0,30.0,0,0
75,10,22,4,16,Y6059821,,,,0,30.0,0,0
75,10,22,4,17,Y6059822,,,,0,30.0,0,0
75,10,22,4,18,Y6059823,,,,0,30.0,0,0
75,10,22,4,19,Y6059824,,,,0,30.0,0,0
75,10,22,4,20,Y6059825,,,,0,30.0,0,0
75,10,22,4,21,Y6059826,,,,0,30.0,0,0
75,10,22,4,22,Y6059827,,,,0,30.0,0,0
75,10,22,4,23,Y6059828,,,,0,30.0,0,0
75,10,22,4,24,Y6059829,,,,0,30.0,0,0
75,10,22,4,25,Y6059830,,,,0,30.0,0,0
75,10,22,4,26,Y6059831,,,,0,30.0,0,0
75,10,22,4,27,Y6059832,,,,0,30.0,0,0
75,10,22,4,28,Y6059833,,,,0,30.0,0,0
75,10,22,4,29,Y6059834,,,,0,30.0,0,0
75,10,22,4,30,Y6059835,,,,0,30.0,0,0
75,10,22,5,10,Y6059836,,,,0,30.0,0,0
75,10,22,5,11,Y6059837,,,,0,30.0,0,0
75,10,22,5,12,Y6059838,,,,0,30.0,0,0
75,10,22,5,13,Y6059839,,,,0,30.0,0,0
75,10,22,5,14,Y6059840,,,,0,30.0,0,0
75,10,22,5,15,Y6059841,,,,0,30.0,0,0
75,10,22,5,16,Y6059842,,,,0,30.0,0,0
75,10,22,5,17,Y6059843,,,,0,30.0,0,0
75,10,22,5,18,Y6059844,,,,0,30.0,0,0
75,10,22,5,19,Y6059845,,,,0,30.0,0,0
75,10,22,5,20,Y6059846,,,,0,30.0,0,0
75,10,22,5,21,Y6059847,,,,0,30.0,0,0
75,10,22,5,22,Y6059848,,,,0,30.0,0,0
75,10,22,5,23,Y6059849,,,,0,30.0,0,0
75,10,22,5,24,Y6059850,,,,0,30.0,0,0
75,10,22,5,25,Y6059851,,,,0,30.0,0,0
75,10,22,5,26,Y6059852,,,,0,30.0,0,0
75,10,22,5,27,Y6059853,,,,0,30.0,0,0
75,10,22,5,28,Y6059854,,,,0,30.0,0,0
75,10,22,5,29,Y6059855,,,,0,30.0,0,0
75,10,22,5,30,Y6059856,,,,0,30.0,0,0
75,10,22,6,10,Y6059857,,,,0,30.0,0,0
75,10,22,6,11,Y6059858,,,,0,30.0,0,0
75,10,22,6,12,Y6059859,,,,0,30.0,0,0
75,10,22,6,13,Y6059860,,,,0,30.0,0,0
75,10,22,6,14,Y6059861,,,,0,30.0,0,0
75,10,22,6,15,Y6059862,,,,0,30.0,0,0
75,10,22,6,16,Y6059863,,,,0,30.0,0,0
75,10,22,6,17,Y6059864,,,,0,30.0,0,0
75,10,22,6,18,Y6059865,,,,0,30.0,0,0
75,10,22,6,19,Y6059866,,,,0,30.0,0,0
75,10,22,6,20,Y6059867,,,,0,30.0,0,0
75,10,22,6,21,Y6059868,,,,0,30.0,0,0
75,10,22,6,22,Y6059869,,,,0,30.0,0,0
75,10,22,6,23,Y6059870,,,,0,30.0,0,0
75,10,22,6,24,Y6059871,,,,0,30.0,0,0
75,10,22,6,25,Y6059872,,,,0,30.0,0,0
75,10,22,6,26,Y6059873,,,,0,30.0,0,0
75,10,22,6,27,Y6059874,,,,0,30.0,0,0
75,10,22,6,28,Y6059875,,,,0,30.0,0,0
75,10,22,6,29,Y6059876,,,,0,30.0,0,0
75,10,22,6,30,Y6059877,,,,0,30.0,0,0
75,10,22,7,10,Y6059878,,,,0,30.0,0,0
75,10,22,7,11,Y6059879,,,,0,30.0,0,0
75,10,22,7,12,Y6059880,,,,0,30.0,0,0
75,10,22,7,13,Y6059881,,,,0,30.0,0,0
75,10,22,7,14,Y6059882,,,,0,30.0,0,0
75,10,22,7,15,Y6059883,,,,0,30.0,0,0
75,10,22,7,16,Y6059884,,,,0,30.0,0,0
75,10,22,7,17,Y6059885,,,,0,30.0,0,0
75,10,22,7,18,Y6059886,,,,0,30.0,0,0
75,10,22,7,19,Y6059887,,,,0,30.0,0,0
75,10,22,7,20,Y6059888,,,,0,30.0,0,0
75,10,22,7,21,Y6059889,,,,0,30.0,0,0
75,10,22,7,22,Y6059890,,,,0,30.0,0,0
75,10,22,7,23,Y6059891,,,,0,30.0,0,0
75,10,22,7,24,Y6059892,,,,0,30.0,0,0
75,10,22,7,25,Y6059893,,,,0,30.0,0,0
75,10,22,7,26,Y6059894,,,,0,30.0,0,0
75,10,22,7,27,Y6059895,,,,0,30.0,0,0
75,10,22,7,28,Y6059896,,,,0,30.0,0,0
75,10,22,7,29,Y6059897,,,,0,30.0,0,0
75,10,22,7,30,Y6059898,,,,0,30.0,0,0
75,10,22,8,10,Y6059899,,,,0,30.0,0,0
75,10,22,8,11,Y6059900,,,,0,30.0,0,0
75,10,22,8,12,Y6059901,,,,0,30.0,0,0
75,10,22,8,13,Y6059902,,,,0,30.0,0,0
75,10,22,8,14,Y6059903,,,,0,30.0,0,0
75,10,22,8,15,Y6059904,,,,0,30.0,0,0
75,10,22,8,16,Y6059905,,,,0,30.0,0,0
75,10,22,8,17,Y6059906,,,,0,30.0,0,0
75,10,22,8,18,Y6059907,,,,0,30.0,0,0
75,10,22,8,19,Y6059908,,,,0,30.0,0,0
75,10,22,8,20,Y6059909,,,,0,30.0,0,0
75,10,22,8,21,Y6059910,,,,0,30.0,0,0
75,10,22,8,22,Y6059911,,,,0,30.0,0,0
75,10,22,8,23,Y6059912,,,,0,30.0,0,0
75,10,22,8,24,Y6059913,,,,0,30.0,0,0
75,10,22,8,25,Y6059914,,,,0,30.0,0,0
75,10,22,8,26,Y6059915,,,,0,30.0,0,0
75,10,22,8,27,Y6059916,,,,0,30.0,0,0
75,10,22,8,28,Y6059917,,,,0,30.0,0,0
75,10,22,8,29,Y6059918,,,,0,30.0,0,0
75,10,22,8,30,Y6059919,,,,0,30.0,0,0
75,10,22,9,10,Y6059920,,,,0,30.0,0,0
75,10,22,9,11,Y6059921,,,,0,30.0,0,0
75,10,22,9,12,Y6059922,,,,0,30.0,0,0
75,10,22,9,13,Y6059923,,,,0,30.0,0,0
75,10,22,9,14,Y6059924,,,,0,30.0,0,0
75,10,22,9,15,Y6059925,,,,0,30.0,0,0
75,10,22,9,16,Y6059926,,,,0,30.0,0,0
75,10,22,9,17,Y6059927,,,,0,30.0,0,0
75,10,22,9,18,Y6059928,,,,0,30.0,0,0
75,10,22,9,19,Y6059929,,,,0,30.0,0,0
75,10,22,9,20,Y6059930,,,,0,30.0,0,0
75,10,22,9,21,Y6059931,,,,0,30.0,0,0
75,10,22,9,22,Y6059932,,,,0,30.0,0,0
75,10,22,9,23,Y6059933,,,,0,30.0,0,0
75,10,22,9,24,Y6059934,,,,0,30.0,0,0
75,10,22,9,25,Y6059935,,,,0,30.0,0,0
75,10,22,9,26,Y6059936,,,,0,30.0,0,0
75,10,22,9,27,Y6059937,,,,0,30.0,0,0
75,10,22,9,28,Y6059938,,,,0,30.0,0,0
75,10,22,9,29,Y6059939,,,,0,30.0,0,0
75,10,22,9,30,Y6059940,,,,0,30.0,0,0
75,10,22,10,10,Y6059941,,,,0,30.0,0,0
75,10,22,10,11,Y6059942,,,,0,30.0,0,0
75,10,22,10,12,Y6059943,,,,0,30.0,0,0
75,10,22,10,13,Y6059944,,,,0,30.0,0,0
75,10,22,10,14,Y6059945,,,,0,30.0,0,0
75,10,22,10,15,Y6059946,,,,0,30.0,0,0
75,10,22,10,16,Y6059947,,,,0,30.0,0,0
75,10,22,10,17,Y6059948,,,,0,30.0,0,0
75,10,22,10,18,Y6059949,,,,0,30.0,0,0
75,10,22,10,19,Y6059950,,,,0,30.0,0,0
75,10,22,10,20,Y6059951,,,,0,30.0,0,0
75,10,22,10,21,Y6059952,,,,0,30.0,0,0
75,10,22,10,22,Y6059953,,,,0,30.0,0,0
75,10,22,10,23,Y6059954,,,,0,30.0,0,0
75,10,22,10,24,Y6059955,,,,0,30.0,0,0
75,10,22,10,25,Y6059956,,,,0,30.0,0,0
75,10,22,10,26,Y6059957,,,,0,30.0,0,0
75,10,22,10,27,Y6059958,,,,0,30.0,0,0
75,10,22,10,28,Y6059959,,,,0,30.0,0,0
75,10,22,10,29,Y6059960,,,,0,30.0,0,0
75,10,22,10,30,Y6059961,,,,0,30.0,0,0
75,10,22,11,10,Y6059962,,,,0,30.0,0,0
75,10,22,11,11,Y6059963,,,,0,30.0,0,0
75,10,22,11,12,Y6059964,,,,0,30.0,0,0
75,10,22,11,13,Y6059965,,,,0,30.0,0,0
75,10,22,11,14,Y6059966,,,,0,30.0,0,0
75,10,22,11,15,Y6059967,,,,0,30.0,0,0
75,10,22,11,16,Y6059968,,,,0,30.0,0,0
75,10,22,11,17,Y6059969,,,,0,30.0,0,0
75,10,22,11,18,Y6059970,,,,0,30.0,0,0
75,10,22,11,19,Y6059971,,,,0,30.0,0,0
75,10,22,11,20,Y6059972,,,,0,30.0,0,0
75,10,22,11,21,Y6059973,,,,0,30.0,0,0
75,10,22,11,22,Y6059974,,,,0,30.0,0,0
75,10,22,11,23,Y6059975,,,,0,30.0,0,0
75,10,22,11,24,Y6059976,,,,0,30.0,0,0
75,10,22,11,25,Y6059977,,,,0,30.0,0,0
75,10,22,11,26,Y6059978,,,,0,30.0,0,0
75,10,22,11,27,Y6059979,,,,0,30.0,0,0
75,10,22,11,28,Y6059980,,,,0,30.0,0,0
75,10,22,11,29,Y6059981,,,,0,30.0,0,0
75,10,22,11,30,Y6059982,,,,0,30.0,0,0
75,10,22,12,10,Y6059983,,,,0,30.0,0,0
75,10,22,12,11,Y6059984,,,,0,30.0,0,0
75,10,22,12,12,Y6059985,,,,0,30.0,0,0
75,10,22,12,13,Y6059986,,,,0,30.0,0,0
75,10,22,12,14,Y6059987,,,,0,30.0,0,0
75,10,22,12,15,Y6059988,,,,0,30.0,0,0
75,10,22,12,16,Y6059989,,,,0,30.0,0,0
75,10,22,12,17,Y6059990,,,,0,30.0,0,0
75,10,22,12,18,Y6059991,,,,0,30.0,0,0
75,10,22,12,19,Y6059992,,,,0,30.0,0,0
75,10,22,12,20,Y6059993,,,,0,30.0,0,0
75,10,22,12,21,Y6059994,,,,0,30.0,0,0
75,10,22,12,22,Y6059995,,,,0,30.0,0,0
75,10,22,12,23,Y6059996,,,,0,30.0,0,0
75,10,22,12,24,Y6059997,,,,0,30.0,0,0
75,10,22,12,25,Y6059998,,,,0,30.0,0,0
75,10,22,12,26,Y6059999,,,,0,30.0,0,0
75,10,22,12,27,Y6060000,,,,0,30.0,0,0
75,10,22,12,28,Y6060001,,,,0,30.0,0,0
75,10,22,12,29,Y6060002,,,,0,30.0,0,0
75,10,22,12,30,Y6060003,,,,0,30.0,0,0
75,10,23,1,10,Y6060004,,,,0,30.0,0,0
75,10,23,1,11,Y6060005,,,,0,30.0,0,0
75,10,23,1,12,Y6060006,,,,0,30.0,0,0
75,10,23,1,13,Y6060007,,,,0,30.0,0,0
75,10,23,1,14,Y6060008,,,,0,30.0,0,0
75,10,23,1,15,Y6060009,,,,0,30.0,0,0
75,10,23,1,16,Y6060010,,,,0,30.0,0,0
75,10,23,1,17,Y6060011,,,,0,30.0,0,0
75,10,23,1,18,Y6060012,,,,0,30.0,0,0
75,10,23,1,19,Y6060013,,,,0,30.0,0,0
75,10,23,1,20,Y6060014,,,,0,30.0,0,0
75,10,23,1,21,Y6060015,,,,0,30.0,0,0
75,10,23,1,22,Y6060016,,,,0,30.0,0,0
75,10,23,1,23,Y6060017,,,,0,30.0,0,0
75,10,23,1,24,Y6060018,,,,0,30.0,0,0
75,10,23,1,25,Y6060019,,,,0,30.0,0,0
75,10,23,1,26,Y6060020,,,,0,30.0,0,0
75,10,23,1,27,Y6060021,,,,0,30.0,0,0
75,10,23,1,28,Y6060022,,,,0,30.0,0,0
75,10,23,1,29,Y6060023,,,,0,30.0,0,0
75,10,23,1,30,Y6060024,,,,0,30.0,0,0
75,10,23,2,10,Y6060025,,,,0,30.0,0,0
75,10,23,2,11,Y6060026,,,,0,30.0,0,0
75,10,23,2,12,Y6060027,,,,0,30.0,0,0
75,10,23,2,13,Y6060028,,,,0,30.0,0,0
75,10,23,2,14,Y6060029,,,,0,30.0,0,0
75,10,23,2,15,Y6060030,,,,0,30.0,0,0
75,10,23,2,16,Y6060031,,,,0,30.0,0,0
75,10,23,2,17,Y6060032,,,,0,30.0,0,0
75,10,23,2,18,Y6060033,,,,0,30.0,0,0
75,10,23,2,19,Y6060034,,,,0,30.0,0,0
75,10,23,2,20,Y6060035,,,,0,30.0,0,0
75,10,23,2,21,Y6060036,,,,0,30.0,0,0
75,10,23,2,22,Y6060037,,,,0,30.0,0,0
75,10,23,2,23,Y6060038,,,,0,30.0,0,0
75,10,23,2,24,Y6060039,,,,0,30.0,0,0
75,10,23,2,25,Y6060040,,,,0,30.0,0,0
75,10,23,2,26,Y6060041,,,,0,30.0,0,0
75,10,23,2,27,Y6060042,,,,0,30.0,0,0
75,10,23,2,28,Y6060043,,,,0,30.0,0,0
75,10,23,2,29,Y6060044,,,,0,30.0,0,0
75,10,23,2,30,Y6060045,,,,0,30.0,0,0
75,10,23,3,10,Y6060046,,,,0,30.0,0,0
75,10,23,3,11,Y6060047,,,,0,30.0,0,0
75,10,23,3,12,Y6060048,,,,0,30.0,0,0
75,10,23,3,13,Y6060049,,,,0,30.0,0,0
75,10,23,3,14,Y6060050,,,,0,30.0,0,0
75,10,23,3,15,Y6060051,,,,0,30.0,0,0
75,10,23,3,16,Y6060052,,,,0,30.0,0,0
75,10,23,3,17,Y6060053,,,,0,30.0,0,0
75,10,23,3,18,Y6060054,,,,0,30.0,0,0
75,10,23,3,19,Y6060055,,,,0,30.0,0,0
75,10,23,3,20,Y6060056,,,,0,30.0,0,0
75,10,23,3,21,Y6060057,,,,0,30.0,0,0
75,10,23,3,22,Y6060058,,,,0,30.0,0,0
75,10,23,3,23,Y6060059,,,,0,30.0,0,0
75,10,23,3,24,Y6060060,,,,0,30.0,0,0
75,10,23,3,25,Y6060061,,,,0,30.0,0,0
75,10,23,3,26,Y6060062,,,,0,30.0,0,0
75,10,23,3,27,Y6060063,,,,0,30.0,0,0
75,10,23,3,28,Y6060064,,,,0,30.0,0,0
75,10,23,3,29,Y6060065,,,,0,30.0,0,0
75,10,23,3,30,Y6060066,,,,0,30.0,0,0
75,10,23,4,10,Y6060067,,,,0,30.0,0,0
75,10,23,4,11,Y6060068,,,,0,30.0,0,0
75,10,23,4,12,Y6060069,,,,0,30.0,0,0
75,10,23,4,13,Y6060070,,,,0,30.0,0,0
75,10,23,4,14,Y6060071,,,,0,30.0,0,0
75,10,23,4,15,Y6060072,,,,0,30.0,0,0
75,10,23,4,16,Y6060073,,,,0,30.0,0,0
75,10,23,4,17,Y6060074,,,,0,30.0,0,0
75,10,23,4,18,Y6060075,,,,0,30.0,0,0
75,10,23,4,19,Y6060076,,,,0,30.0,0,0
75,10,23,4,20,Y6060077,,,,0,30.0,0,0
75,10,23,4,21,Y6060078,,,,0,30.0,0,0
75,10,23,4,22,Y6060079,,,,0,30.0,0,0
75,10,23,4,23,Y6060080,,,,0,30.0,0,0
75,10,23,4,24,Y6060081,,,,0,30.0,0,0
75,10,23,4,25,Y6060082,,,,0,30.0,0,0
75,10,23,4,26,Y6060083,,,,0,30.0,0,0
75,10,23,4,27,Y6060084,,,,0,30.0,0,0
75,10,23,4,28,Y6060085,,,,0,30.0,0,0
75,10,23,4,29,Y6060086,,,,0,30.0,0,0
75,10,23,4,30,Y6060087,,,,0,30.0,0,0
75,10,23,5,10,Y6060088,,,,0,30.0,0,0
75,10,23,5,11,Y6060089,,,,0,30.0,0,0
75,10,23,5,12,Y6060090,,,,0,30.0,0,0
75,10,23,5,13,Y6060091,,,,0,30.0,0,0
75,10,23,5,14,Y6060092,,,,0,30.0,0,0
75,10,23,5,15,Y6060093,,,,0,30.0,0,0
75,10,23,5,16,Y6060094,,,,0,30.0,0,0
75,10,23,5,17,Y6060095,,,,0,30.0,0,0
75,10,23,5,18,Y6060096,,,,0,30.0,0,0
75,10,23,5,19,Y6060097,,,,0,30.0,0,0
75,10,23,5,20,Y6060098,,,,0,30.0,0,0
75,10,23,5,21,Y6060099,,,,0,30.0,0,0
75,10,23,5,22,Y6060100,,,,0,30.0,0,0
75,10,23,5,23,Y6060101,,,,0,30.0,0,0
75,10,23,5,24,Y6060102,,,,0,30.0,0,0
75,10,23,5,25,Y6060103,,,,0,30.0,0,0
75,10,23,5,26,Y6060104,,,,0,30.0,0,0
75,10,23,5,27,Y6060105,,,,0,30.0,0,0
75,10,23,5,28,Y6060106,,,,0,30.0,0,0
75,10,23,5,29,Y6060107,,,,0,30.0,0,0
75,10,23,5,30,Y6060108,,,,0,30.0,0,0
75,10,23,6,10,Y6060109,,,,0,30.0,0,0
75,10,23,6,11,Y6060110,,,,0,30.0,0,0
75,10,23,6,12,Y6060111,,,,0,30.0,0,0
75,10,23,6,13,Y6060112,,,,0,30.0,0,0
75,10,23,6,14,Y6060113,,,,0,30.0,0,0
75,10,23,6,15,Y6060114,,,,0,30.0,0,0
75,10,23,6,16,Y6060115,,,,0,30.0,0,0
75,10,23,6,17,Y6060116,,,,0,30.0,0,0
75,10,23,6,18,Y6060117,,,,0,30.0,0,0
75,10,23,6,19,Y6060118,,,,0,30.0,0,0
75,10,23,6,20,Y6060119,,,,0,30.0,0,0
75,10,23,6,21,Y6060120,,,,0,30.0,0,0
75,10,23,6,22,Y6060121,,,,0,30.0,0,0
75,10,23,6,23,Y6060122,,,,0,30.0,0,0
75,10,23,6,24,Y6060123,,,,0,30.0,0,0
75,10,23,6,25,Y6060124,,,,0,30.0,0,0
75,10,23,6,26,Y6060125,,,,0,30.0,0,0
75,10,23,6,27,Y6060126,,,,0,30.0,0,0
75,10,23,6,28,Y6060127,,,,0,30.0,0,0
75,10,23,6,29,Y6060128,,,,0,30.0,0,0
75,10,23,6,30,Y6060129,,,,0,30.0,0,0
75,10,23,7,10,Y6060130,,,,0,30.0,0,0
75,10,23,7,11,Y6060131,,,,0,30.0,0,0
75,10,23,7,12,Y6060132,,,,0,30.0,0,0
75,10,23,7,13,Y6060133,,,,0,30.0,0,0
75,10,23,7,14,Y6060134,,,,0,30.0,0,0
75,10,23,7,15,Y6060135,,,,0,30.0,0,0
75,10,23,7,16,Y6060136,,,,0,30.0,0,0
75,10,23,7,17,Y6060137,,,,0,30.0,0,0
75,10,23,7,18,Y6060138,,,,0,30.0,0,0
75,10,23,7,19,Y6060139,,,,0,30.0,0,0
75,10,23,7,20,Y6060140,,,,0,30.0,0,0
75,10,23,7,21,Y6060141,,,,0,30.0,0,0
75,10,23,7,22,Y6060142,,,,0,30.0,0,0
75,10,23,7,23,Y6060143,,,,0,30.0,0,0
75,10,23,7,24,Y6060144,,,,0,30.0,0,0
75,10,23,7,25,Y6060145,,,,0,30.0,0,0
75,10,23,7,26,Y6060146,,,,0,30.0,0,0
75,10,23,7,27,Y6060147,,,,0,30.0,0,0
75,10,23,7,28,Y6060148,,,,0,30.0,0,0
75,10,23,7,29,Y6060149,,,,0,30.0,0,0
75,10,23,7,30,Y6060150,,,,0,30.0,0,0
75,10,23,8,10,Y6060151,,,,0,30.0,0,0
75,10,23,8,11,Y6060152,,,,0,30.0,0,0
75,10,23,8,12,Y6060153,,,,0,30.0,0,0
75,10,23,8,13,Y6060154,,,,0,30.0,0,0
75,10,23,8,14,Y6060155,,,,0,30.0,0,0
75,10,23,8,15,Y6060156,,,,0,30.0,0,0
75,10,23,8,16,Y6060157,,,,0,30.0,0,0
75,10,23,8,17,Y6060158,,,,0,30.0,0,0
75,10,23,8,18,Y6060159,,,,0,30.0,0,0
75,10,23,8,19,Y6060160,,,,0,30.0,0,0
75,10,23,8,20,Y6060161,,,,0,30.0,0,0
75,10,23,8,21,Y6060162,,,,0,30.0,0,0
75,10,23,8,22,Y6060163,,,,0,30.0,0,0
75,10,23,8,23,Y6060164,,,,0,30.0,0,0
75,10,23,8,24,Y6060165,,,,0,30.0,0,0
75,10,23,8,25,Y6060166,,,,0,30.0,0,0
75,10,23,8,26,Y6060167,,,,0,30.0,0,0
75,10,23,8,27,Y6060168,,,,0,30.0,0,0
75,10,23,8,28,Y6060169,,,,0,30.0,0,0
75,10,23,8,29,Y6060170,,,,0,30.0,0,0
75,10,23,8,30,Y6060171,,,,0,30.0,0,0
75,10,23,9,10,Y6060172,,,,0,30.0,0,0
75,10,23,9,11,Y6060173,,,,0,30.0,0,0
75,10,23,9,12,Y6060174,,,,0,30.0,0,0
75,10,23,9,13,Y6060175,,,,0,30.0,0,0
75,10,23,9,14,Y6060176,,,,0,30.0,0,0
75,10,23,9,15,Y6060177,,,,0,30.0,0,0
75,10,23,9,16,Y6060178,,,,0,30.0,0,0
75,10,23,9,17,Y6060179,,,,0,30.0,0,0
75,10,23,9,18,Y6060180,,,,0,30.0,0,0
75,10,23,9,19,Y6060181,,,,0,30.0,0,0
75,10,23,9,20,Y6060182,,,,0,30.0,0,0
75,10,23,9,21,Y6060183,,,,0,30.0,0,0
75,10,23,9,22,Y6060184,,,,0,30.0,0,0
75,10,23,9,23,Y6060185,,,,0,30.0,0,0
75,10,23,9,24,Y6060186,,,,0,30.0,0,0
75,10,23,9,25,Y6060187,,,,0,30.0,0,0
75,10,23,9,26,Y6060188,,,,0,30.0,0,0
75,10,23,9,27,Y6060189,,,,0,30.0,0,0
75,10,23,9,28,Y6060190,,,,0,30.0,0,0
75,10,23,9,29,Y6060191,,,,0,30.0,0,0
75,10,23,9,30,Y6060192,,,,0,30.0,0,0
75,10,23,10,10,Y6060193,,,,0,30.0,0,0
75,10,23,10,11,Y6060194,,,,0,30.0,0,0
75,10,23,10,12,Y6060195,,,,0,30.0,0,0
75,10,23,10,13,Y6060196,,,,0,30.0,0,0
75,10,23,10,14,Y6060197,,,,0,30.0,0,0
75,10,23,10,15,Y6060198,,,,0,30.0,0,0
75,10,23,10,16,Y6060199,,,,0,30.0,0,0
75,10,23,10,17,Y6060200,,,,0,30.0,0,0
75,10,23,10,18,Y6060201,,,,0,30.0,0,0
75,10,23,10,19,Y6060202,,,,0,30.0,0,0
75,10,23,10,20,Y6060203,,,,0,30.0,0,0
75,10,23,10,21,Y6060204,,,,0,30.0,0,0
75,10,23,10,22,Y6060205,,,,0,30.0,0,0
75,10,23,10,23,Y6060206,,,,0,30.0,0,0
75,10,23,10,24,Y6060207,,,,0,30.0,0,0
75,10,23,10,25,Y6060208,,,,0,30.0,0,0
75,10,23,10,26,Y6060209,,,,0,30.0,0,0
75,10,23,10,27,Y6060210,,,,0,30.0,0,0
75,10,23,10,28,Y6060211,,,,0,30.0,0,0
75,10,23,10,29,Y6060212,,,,0,30.0,0,0
75,10,23,10,30,Y6060213,,,,0,30.0,0,0
75,10,23,11,10,Y6060214,,,,0,30.0,0,0
75,10,23,11,11,Y6060215,,,,0,30.0,0,0
75,10,23,11,12,Y6060216,,,,0,30.0,0,0
75,10,23,11,13,Y6060217,,,,0,30.0,0,0
75,10,23,11,14,Y6060218,,,,0,30.0,0,0
75,10,23,11,15,Y6060219,,,,0,30.0,0,0
75,10,23,11,16,Y6060220,,,,0,30.0,0,0
75,10,23,11,17,Y6060221,,,,0,30.0,0,0
75,10,23,11,18,Y6060222,,,,0,30.0,0,0
75,10,23,11,19,Y6060223,,,,0,30.0,0,0
75,10,23,11,20,Y6060224,,,,0,30.0,0,0
75,10,23,11,21,Y6060225,,,,0,30.0,0,0
75,10,23,11,22,Y6060226,,,,0,30.0,0,0
75,10,23,11,23,Y6060227,,,,0,30.0,0,0
75,10,23,11,24,Y6060228,,,,0,30.0,0,0
75,10,23,11,25,Y6060229,,,,0,30.0,0,0
75,10,23,11,26,Y6060230,,,,0,30.0,0,0
75,10,23,11,27,Y6060231,,,,0,30.0,0,0
75,10,23,11,28,Y6060232,,,,0,30.0,0,0
75,10,23,11,29,Y6060233,,,,0,30.0,0,0
75,10,23,11,30,Y6060234,,,,0,30.0,0,0
75,10,23,12,10,Y6060235,,,,0,30.0,0,0
75,10,23,12,11,Y6060236,,,,0,30.0,0,0
75,10,23,12,12,Y6060237,,,,0,30.0,0,0
75,10,23,12,13,Y6060238,,,,0,30.0,0,0
75,10,23,12,14,Y6060239,,,,0,30.0,0,0
75,10,23,12,15,Y6060240,,,,0,30.0,0,0
75,10,23,12,16,Y6060241,,,,0,30.0,0,0
75,10,23,12,17,Y6060242,,,,0,30.0,0,0
75,10,23,12,18,Y6060243,,,,0,30.0,0,0
75,10,23,12,19,Y6060244,,,,0,30.0,0,0
75,10,23,12,20,Y6060245,,,,0,30.0,0,0
75,10,23,12,21,Y6060246,,,,0,30.0,0,0
75,10,23,12,22,Y6060247,,,,0,30.0,0,0
75,10,23,12,23,Y6060248,,,,0,30.0,0,0
75,10,23,12,24,Y6060249,,,,0,30.0,0,0
75,10,23,12,25,Y6060250,,,,0,30.0,0,0
75,10,23,12,26,Y6060251,,,,0,30.0,0,0
75,10,23,12,27,Y6060252,,,,0,30.0,0,0
75,10,23,12,28,Y6060253,,,,0,30.0,0,0
75,10,23,12,29,Y6060254,,,,0,30.0,0,0
75,10,23,12,30,Y6060255,,,,0,30.0,0,0
75,10,24,1,10,Y6060256,,,,0,30.0,0,0
75,10,24,1,11,Y6060257,,,,0,30.0,0,0
75,10,24,1,12,Y6060258,,,,0,30.0,0,0
75,10,24,1,13,Y6060259,,,,0,30.0,0,0
75,10,24,1,14,Y6060260,,,,0,30.0,0,0
75,10,24,1,15,Y6060261,,,,0,30.0,0,0
75,10,24,1,16,Y6060262,,,,0,30.0,0,0
75,10,24,1,17,Y6060263,,,,0,30.0,0,0
75,10,24,1,18,Y6060264,,,,0,30.0,0,0
75,10,24,1,19,Y6060265,,,,0,30.0,0,0
75,10,24,1,20,Y6060266,,,,0,30.0,0,0
75,10,24,1,21,Y6060267,,,,0,30.0,0,0
75,10,24,1,22,Y6060268,,,,0,30.0,0,0
75,10,24,1,23,Y6060269,,,,0,30.0,0,0
75,10,24,1,24,Y6060270,,,,0,30.0,0,0
75,10,24,1,25,Y6060271,,,,0,30.0,0,0
75,10,24,1,26,Y6060272,,,,0,30.0,0,0
75,10,24,1,27,Y6060273,,,,0,30.0,0,0
75,10,24,1,28,Y6060274,,,,0,30.0,0,0
75,10,24,1,29,Y6060275,,,,0,30.0,0,0
75,10,24,1,30,Y6060276,,,,0,30.0,0,0
75,10,24,2,10,Y6060277,,,,0,30.0,0,0
75,10,24,2,11,Y6060278,,,,0,30.0,0,0
75,10,24,2,12,Y6060279,,,,0,30.0,0,0
75,10,24,2,13,Y6060280,,,,0,30.0,0,0
75,10,24,2,14,Y6060281,,,,0,30.0,0,0
75,10,24,2,15,Y6060282,,,,0,30.0,0,0
75,10,24,2,16,Y6060283,,,,0,30.0,0,0
75,10,24,2,17,Y6060284,,,,0,30.0,0,0
75,10,24,2,18,Y6060285,,,,0,30.0,0,0
75,10,24,2,19,Y6060286,,,,0,30.0,0,0
75,10,24,2,20,Y6060287,,,,0,30.0,0,0
75,10,24,2,21,Y6060288,,,,0,30.0,0,0
75,10,24,2,22,Y6060289,,,,0,30.0,0,0
75,10,24,2,23,Y6060290,,,,0,30.0,0,0
75,10,24,2,24,Y6060291,,,,0,30.0,0,0
75,10,24,2,25,Y6060292,,,,0,30.0,0,0
75,10,24,2,26,Y6060293,,,,0,30.0,0,0
75,10,24,2,27,Y6060294,,,,0,30.0,0,0
75,10,24,2,28,Y6060295,,,,0,30.0,0,0
75,10,24,2,29,Y6060296,,,,0,30.0,0,0
75,10,24,2,30,Y6060297,,,,0,30.0,0,0
75,10,24,3,10,Y6060298,,,,0,30.0,0,0
75,10,24,3,11,Y6060299,,,,0,30.0,0,0
75,10,24,3,12,Y6060300,,,,0,30.0,0,0
75,10,24,3,13,Y6060301,,,,0,30.0,0,0
75,10,24,3,14,Y6060302,,,,0,30.0,0,0
75,10,24,3,15,Y6060303,,,,0,30.0,0,0
75,10,24,3,16,Y6060304,,,,0,30.0,0,0
75,10,24,3,17,Y6060305,,,,0,30.0,0,0
75,10,24,3,18,Y6060306,,,,0,30.0,0,0
75,10,24,3,19,Y6060307,,,,0,30.0,0,0
75,10,24,3,20,Y6060308,,,,0,30.0,0,0
75,10,24,3,21,Y6060309,,,,0,30.0,0,0
75,10,24,3,22,Y6060310,,,,0,30.0,0,0
75,10,24,3,23,Y6060311,,,,0,30.0,0,0
75,10,24,3,24,Y6060312,,,,0,30.0,0,0
75,10,24,3,25,Y6060313,,,,0,30.0,0,0
75,10,24,3,26,Y6060314,,,,0,30.0,0,0
75,10,24,3,27,Y6060315,,,,0,30.0,0,0
75,10,24,3,28,Y6060316,,,,0,30.0,0,0
75,10,24,3,29,Y6060317,,,,0,30.0,0,0
75,10,24,3,30,Y6060318,,,,0,30.0,0,0
75,10,24,4,10,Y6060319,,,,0,30.0,0,0
75,10,24,4,11,Y6060320,,,,0,30.0,0,0
75,10,24,4,12,Y6060321,,,,0,30.0,0,0
75,10,24,4,13,Y6060322,,,,0,30.0,0,0
75,10,24,4,14,Y6060323,,,,0,30.0,0,0
75,10,24,4,15,Y6060324,,,,0,30.0,0,0
75,10,24,4,16,Y6060325,,,,0,30.0,0,0
75,10,24,4,17,Y6060326,,,,0,30.0,0,0
75,10,24,4,18,Y6060327,,,,0,30.0,0,0
75,10,24,4,19,Y6060328,,,,0,30.0,0,0
75,10,24,4,20,Y6060329,,,,0,30.0,0,0
75,10,24,4,21,Y6060330,,,,0,30.0,0,0
75,10,24,4,22,Y6060331,,,,0,30.0,0,0
75,10,24,4,23,Y6060332,,,,0,30.0,0,0
75,10,24,4,24,Y6060333,,,,0,30.0,0,0
75,10,24,4,25,Y6060334,,,,0,30.0,0,0
75,10,24,4,26,Y6060335,,,,0,30.0,0,0
75,10,24,4,27,Y6060336,,,,0,30.0,0,0
75,10,24,4,28,Y6060337,,,,0,30.0,0,0
75,10,24,4,29,Y6060338,,,,0,30.0,0,0
75,10,24,4,30,Y6060339,,,,0,30.0,0,0
75,10,24,5,10,Y6060340,,,,0,30.0,0,0
75,10,24,5,11,Y6060341,,,,0,30.0,0,0
75,10,24,5,12,Y6060342,,,,0,30.0,0,0
75,10,24,5,13,Y6060343,,,,0,30.0,0,0
75,10,24,5,14,Y6060344,,,,0,30.0,0,0
75,10,24,5,15,Y6060345,,,,0,30.0,0,0
75,10,24,5,16,Y6060346,,,,0,30.0,0,0
75,10,24,5,17,Y6060347,,,,0,30.0,0,0
75,10,24,5,18,Y6060348,,,,0,30.0,0,0
75,10,24,5,19,Y6060349,,,,0,30.0,0,0
75,10,24,5,20,Y6060350,,,,0,30.0,0,0
75,10,24,5,21,Y6060351,,,,0,30.0,0,0
75,10,24,5,22,Y6060352,,,,0,30.0,0,0
75,10,24,5,23,Y6060353,,,,0,30.0,0,0
75,10,24,5,24,Y6060354,,,,0,30.0,0,0
75,10,24,5,25,Y6060355,,,,0,30.0,0,0
75,10,24,5,26,Y6060356,,,,0,30.0,0,0
75,10,24,5,27,Y6060357,,,,0,30.0,0,0
75,10,24,5,28,Y6060358,,,,0,30.0,0,0
75,10,24,5,29,Y6060359,,,,0,30.0,0,0
75,10,24,5,30,Y6060360,,,,0,30.0,0,0
75,10,24,6,10,Y6060361,,,,0,30.0,0,0
75,10,24,6,11,Y6060362,,,,0,30.0,0,0
75,10,24,6,12,Y6060363,,,,0,30.0,0,0
75,10,24,6,13,Y6060364,,,,0,30.0,0,0
75,10,24,6,14,Y6060365,,,,0,30.0,0,0
75,10,24,6,15,Y6060366,,,,0,30.0,0,0
75,10,24,6,16,Y6060367,,,,0,30.0,0,0
75,10,24,6,17,Y6060368,,,,0,30.0,0,0
75,10,24,6,18,Y6060369,,,,0,30.0,0,0
75,10,24,6,19,Y6060370,,,,0,30.0,0,0
75,10,24,6,20,Y6060371,,,,0,30.0,0,0
75,10,24,6,21,Y6060372,,,,0,30.0,0,0
75,10,24,6,22,Y6060373,,,,0,30.0,0,0
75,10,24,6,23,Y6060374,,,,0,30.0,0,0
75,10,24,6,24,Y6060375,,,,0,30.0,0,0
75,10,24,6,25,Y6060376,,,,0,30.0,0,0
75,10,24,6,26,Y6060377,,,,0,30.0,0,0
75,10,24,6,27,Y6060378,,,,0,30.0,0,0
75,10,24,6,28,Y6060379,,,,0,30.0,0,0
75,10,24,6,29,Y6060380,,,,0,30.0,0,0
75,10,24,6,30,Y6060381,,,,0,30.0,0,0
75,10,24,7,10,Y6060382,,,,0,30.0,0,0
75,10,24,7,11,Y6060383,,,,0,30.0,0,0
75,10,24,7,12,Y6060384,,,,0,30.0,0,0
75,10,24,7,13,Y6060385,,,,0,30.0,0,0
75,10,24,7,14,Y6060386,,,,0,30.0,0,0
75,10,24,7,15,Y6060387,,,,0,30.0,0,0
75,10,24,7,16,Y6060388,,,,0,30.0,0,0
75,10,24,7,17,Y6060389,,,,0,30.0,0,0
75,10,24,7,18,Y6060390,,,,0,30.0,0,0
75,10,24,7,19,Y6060391,,,,0,30.0,0,0
75,10,24,7,20,Y6060392,,,,0,30.0,0,0
75,10,24,7,21,Y6060393,,,,0,30.0,0,0
75,10,24,7,22,Y6060394,,,,0,30.0,0,0
75,10,24,7,23,Y6060395,,,,0,30.0,0,0
75,10,24,7,24,Y6060396,,,,0,30.0,0,0
75,10,24,7,25,Y6060397,,,,0,30.0,0,0
75,10,24,7,26,Y6060398,,,,0,30.0,0,0
75,10,24,7,27,Y6060399,,,,0,30.0,0,0
75,10,24,7,28,Y6060400,,,,0,30.0,0,0
75,10,24,7,29,Y6060401,,,,0,30.0,0,0
75,10,24,7,30,Y6060402,,,,0,30.0,0,0
75,10,24,8,10,Y6060403,,,,0,30.0,0,0
75,10,24,8,11,Y6060404,,,,0,30.0,0,0
75,10,24,8,12,Y6060405,,,,0,30.0,0,0
75,10,24,8,13,Y6060406,,,,0,30.0,0,0
75,10,24,8,14,Y6060407,,,,0,30.0,0,0
75,10,24,8,15,Y6060408,,,,0,30.0,0,0
75,10,24,8,16,Y6060409,,,,0,30.0,0,0
75,10,24,8,17,Y6060410,,,,0,30.0,0,0
75,10,24,8,18,Y6060411,,,,0,30.0,0,0
75,10,24,8,19,Y6060412,,,,0,30.0,0,0
75,10,24,8,20,Y6060413,,,,0,30.0,0,0
75,10,24,8,21,Y6060414,,,,0,30.0,0,0
75,10,24,8,22,Y6060415,,,,0,30.0,0,0
75,10,24,8,23,Y6060416,,,,0,30.0,0,0
75,10,24,8,24,Y6060417,,,,0,30.0,0,0
75,10,24,8,25,Y6060418,,,,0,30.0,0,0
75,10,24,8,26,Y6060419,,,,0,30.0,0,0
75,10,24,8,27,Y6060420,,,,0,30.0,0,0
75,10,24,8,28,Y6060421,,,,0,30.0,0,0
75,10,24,8,29,Y6060422,,,,0,30.0,0,0
75,10,24,8,30,Y6060423,,,,0,30.0,0,0
75,10,24,9,10,Y6060424,,,,0,30.0,0,0
75,10,24,9,11,Y6060425,,,,0,30.0,0,0
75,10,24,9,12,Y6060426,,,,0,30.0,0,0
75,10,24,9,13,Y6060427,,,,0,30.0,0,0
75,10,24,9,14,Y6060428,,,,0,30.0,0,0
75,10,24,9,15,Y6060429,,,,0,30.0,0,0
75,10,24,9,16,Y6060430,,,,0,30.0,0,0
75,10,24,9,17,Y6060431,,,,0,30.0,0,0
75,10,24,9,18,Y6060432,,,,0,30.0,0,0
75,10,24,9,19,Y6060433,,,,0,30.0,0,0
75,10,24,9,20,Y6060434,,,,0,30.0,0,0
75,10,24,9,21,Y6060435,,,,0,30.0,0,0
75,10,24,9,22,Y6060436,,,,0,30.0,0,0
75,10,24,9,23,Y6060437,,,,0,30.0,0,0
75,10,24,9,24,Y6060438,,,,0,30.0,0,0
75,10,24,9,25,Y6060439,,,,0,30.0,0,0
75,10,24,9,26,Y6060440,,,,0,30.0,0,0
75,10,24,9,27,Y6060441,,,,0,30.0,0,0
75,10,24,9,28,Y6060442,,,,0,30.0,0,0
75,10,24,9,29,Y6060443,,,,0,30.0,0,0
75,10,24,9,30,Y6060444,,,,0,30.0,0,0
75,10,24,10,10,Y6060445,,,,0,30.0,0,0
75,10,24,10,11,Y6060446,,,,0,30.0,0,0
75,10,24,10,12,Y6060447,,,,0,30.0,0,0
75,10,24,10,13,Y6060448,,,,0,30.0,0,0
75,10,24,10,14,Y6060449,,,,0,30.0,0,0
75,10,24,10,15,Y6060450,,,,0,30.0,0,0
75,10,24,10,16,Y6060451,,,,0,30.0,0,0
75,10,24,10,17,Y6060452,,,,0,30.0,0,0
75,10,24,10,18,Y6060453,,,,0,30.0,0,0
75,10,24,10,19,Y6060454,,,,0,30.0,0,0
75,10,24,10,20,Y6060455,,,,0,30.0,0,0
75,10,24,10,21,Y6060456,,,,0,30.0,0,0
75,10,24,10,22,Y6060457,,,,0,30.0,0,0
75,10,24,10,23,Y6060458,,,,0,30.0,0,0
75,10,24,10,24,Y6060459,,,,0,30.0,0,0
75,10,24,10,25,Y6060460,,,,0,30.0,0,0
75,10,24,10,26,Y6060461,,,,0,30.0,0,0
75,10,24,10,27,Y6060462,,,,0,30.0,0,0
75,10,24,10,28,Y6060463,,,,0,30.0,0,0
75,10,24,10,29,Y6060464,,,,0,30.0,0,0
75,10,24,10,30,Y6060465,,,,0,30.0,0,0
75,10,24,11,10,Y6060466,,,,0,30.0,0,0
75,10,24,11,11,Y6060467,,,,0,30.0,0,0
75,10,24,11,12,Y6060468,,,,0,30.0,0,0
75,10,24,11,13,Y6060469,,,,0,30.0,0,0
75,10,24,11,14,Y6060470,,,,0,30.0,0,0
75,10,24,11,15,Y6060471,,,,0,30.0,0,0
75,10,24,11,16,Y6060472,,,,0,30.0,0,0
75,10,24,11,17,Y6060473,,,,0,30.0,0,0
75,10,24,11,18,Y6060474,,,,0,30.0,0,0
75,10,24,11,19,Y6060475,,,,0,30.0,0,0
75,10,24,11,20,Y6060476,,,,0,30.0,0,0
75,10,24,11,21,Y6060477,,,,0,30.0,0,0
75,10,24,11,22,Y6060478,,,,0,30.0,0,0
75,10,24,11,23,Y6060479,,,,0,30.0,0,0
75,10,24,11,24,Y6060480,,,,0,30.0,0,0
75,10,24,11,25,Y6060481,,,,0,30.0,0,0
75,10,24,11,26,Y6060482,,,,0,30.0,0,0
75,10,24,11,27,Y6060483,,,,0,30.0,0,0
75,10,24,11,28,Y6060484,,,,0,30.0,0,0
75,10,24,11,29,Y6060485,,,,0,30.0,0,0
75,10,24,11,30,Y6060486,,,,0,30.0,0,0
75,10,24,12,10,Y6060487,,,,0,30.0,0,0
75,10,24,12,11,Y6060488,,,,0,30.0,0,0
75,10,24,12,12,Y6060489,,,,0,30.0,0,0
75,10,24,12,13,Y6060490,,,,0,30.0,0,0
75,10,24,12,14,Y6060491,,,,0,30.0,0,0
75,10,24,12,15,Y6060492,,,,0,30.0,0,0
75,10,24,12,16,Y6060493,,,,0,30.0,0,0
75,10,24,12,17,Y6060494,,,,0,30.0,0,0
75,10,24,12,18,Y6060495,,,,0,30.0,0,0
75,10,24,12,19,Y6060496,,,,0,30.0,0,0
75,10,24,12,20,Y6060497,,,,0,30.0,0,0
75,10,24,12,21,Y6060498,,,,0,30.0,0,0
75,10,24,12,22,Y6060499,,,,0,30.0,0,0
75,10,24,12,23,Y6060500,,,,0,30.0,0,0
75,10,24,12,24,Y6060501,,,,0,30.0,0,0
75,10,24,12,25,Y6060502,,,,0,30.0,0,0
75,10,24,12,26,Y6060503,,,,0,30.0,0,0
75,10,24,12,27,Y6060504,,,,0,30.0,0,0
75,10,24,12,28,Y6060505,,,,0,30.0,0,0
75,10,24,12,29,Y6060506,,,,0,30.0,0,0
75,10,24,12,30,Y6060507,,,,0,30.0,0,0
75,10,25,1,10,Y6060508,,,,0,30.0,0,0
75,10,25,1,11,Y6060509,,,,0,30.0,0,0
75,10,25,1,12,Y6060510,,,,0,30.0,0,0
75,10,25,1,13,Y6060511,,,,0,30.0,0,0
75,10,25,1,14,Y6060512,,,,0,30.0,0,0
75,10,25,1,15,Y6060513,,,,0,30.0,0,0
75,10,25,1,16,Y6060514,,,,0,30.0,0,0
75,10,25,1,17,Y6060515,,,,0,30.0,0,0
75,10,25,1,18,Y6060516,,,,0,30.0,0,0
75,10,25,1,19,Y6060517,,,,0,30.0,0,0
75,10,25,1,20,Y6060518,,,,0,30.0,0,0
75,10,25,1,21,Y6060519,,,,0,30.0,0,0
75,10,25,1,22,Y6060520,,,,0,30.0,0,0
75,10,25,1,23,Y6060521,,,,0,30.0,0,0
75,10,25,1,24,Y6060522,,,,0,30.0,0,0
75,10,25,1,25,Y6060523,,,,0,30.0,0,0
75,10,25,1,26,Y6060524,,,,0,30.0,0,0
75,10,25,1,27,Y6060525,,,,0,30.0,0,0
75,10,25,1,28,Y6060526,,,,0,30.0,0,0
75,10,25,1,29,Y6060527,,,,0,30.0,0,0
75,10,25,1,30,Y6060528,,,,0,30.0,0,0
75,10,25,2,10,Y6060529,,,,0,30.0,0,0
75,10,25,2,11,Y6060530,,,,0,30.0,0,0
75,10,25,2,12,Y6060531,,,,0,30.0,0,0
75,10,25,2,13,Y6060532,,,,0,30.0,0,0
75,10,25,2,14,Y6060533,,,,0,30.0,0,0
75,10,25,2,15,Y6060534,,,,0,30.0,0,0
75,10,25,2,16,Y6060535,,,,0,30.0,0,0
75,10,25,2,17,Y6060536,,,,0,30.0,0,0
75,10,25,2,18,Y6060537,,,,0,30.0,0,0
75,10,25,2,19,Y6060538,,,,0,30.0,0,0
75,10,25,2,20,Y6060539,,,,0,30.0,0,0
75,10,25,2,21,Y6060540,,,,0,30.0,0,0
75,10,25,2,22,Y6060541,,,,0,30.0,0,0
75,10,25,2,23,Y6060542,,,,0,30.0,0,0
75,10,25,2,24,Y6060543,,,,0,30.0,0,0
75,10,25,2,25,Y6060544,,,,0,30.0,0,0
75,10,25,2,26,Y6060545,,,,0,30.0,0,0
75,10,25,2,27,Y6060546,,,,0,30.0,0,0
75,10,25,2,28,Y6060547,,,,0,30.0,0,0
75,10,25,2,29,Y6060548,,,,0,30.0,0,0
75,10,25,2,30,Y6060549,,,,0,30.0,0,0
75,10,25,3,10,Y6060550,,,,0,30.0,0,0
75,10,25,3,11,Y6060551,,,,0,30.0,0,0
75,10,25,3,12,Y6060552,,,,0,30.0,0,0
75,10,25,3,13,Y6060553,,,,0,30.0,0,0
75,10,25,3,14,Y6060554,,,,0,30.0,0,0
75,10,25,3,15,Y6060555,,,,0,30.0,0,0
75,10,25,3,16,Y6060556,,,,0,30.0,0,0
75,10,25,3,17,Y6060557,,,,0,30.0,0,0
75,10,25,3,18,Y6060558,,,,0,30.0,0,0
75,10,25,3,19,Y6060559,,,,0,30.0,0,0
75,10,25,3,20,Y6060560,,,,0,30.0,0,0
75,10,25,3,21,Y6060561,,,,0,30.0,0,0
75,10,25,3,22,Y6060562,,,,0,30.0,0,0
75,10,25,3,23,Y6060563,,,,0,30.0,0,0
75,10,25,3,24,Y6060564,,,,0,30.0,0,0
75,10,25,3,25,Y6060565,,,,0,30.0,0,0
75,10,25,3,26,Y6060566,,,,0,30.0,0,0
75,10,25,3,27,Y6060567,,,,0,30.0,0,0
75,10,25,3,28,Y6060568,,,,0,30.0,0,0
75,10,25,3,29,Y6060569,,,,0,30.0,0,0
75,10,25,3,30,Y6060570,,,,0,30.0,0,0
75,10,25,4,10,Y6060571,,,,0,30.0,0,0
75,10,25,4,11,Y6060572,,,,0,30.0,0,0
75,10,25,4,12,Y6060573,,,,0,30.0,0,0
75,10,25,4,13,Y6060574,,,,0,30.0,0,0
75,10,25,4,14,Y6060575,,,,0,30.0,0,0
75,10,25,4,15,Y6060576,,,,0,30.0,0,0
75,10,25,4,16,Y6060577,,,,0,30.0,0,0
75,10,25,4,17,Y6060578,,,,0,30.0,0,0
75,10,25,4,18,Y6060579,,,,0,30.0,0,0
75,10,25,4,19,Y6060580,,,,0,30.0,0,0
75,10,25,4,20,Y6060581,,,,0,30.0,0,0
75,10,25,4,21,Y6060582,,,,0,30.0,0,0
75,10,25,4,22,Y6060583,,,,0,30.0,0,0
75,10,25,4,23,Y6060584,,,,0,30.0,0,0
75,10,25,4,24,Y6060585,,,,0,30.0,0,0
75,10,25,4,25,Y6060586,,,,0,30.0,0,0
75,10,25,4,26,Y6060587,,,,0,30.0,0,0
75,10,25,4,27,Y6060588,,,,0,30.0,0,0
75,10,25,4,28,Y6060589,,,,0,30.0,0,0
75,10,25,4,29,Y6060590,,,,0,30.0,0,0
75,10,25,4,30,Y6060591,,,,0,30.0,0,0
75,10,25,5,10,Y6060592,,,,0,30.0,0,0
75,10,25,5,11,Y6060593,,,,0,30.0,0,0
75,10,25,5,12,Y6060594,,,,0,30.0,0,0
75,10,25,5,13,Y6060595,,,,0,30.0,0,0
75,10,25,5,14,Y6060596,,,,0,30.0,0,0
75,10,25,5,15,Y6060597,,,,0,30.0,0,0
75,10,25,5,16,Y6060598,,,,0,30.0,0,0
75,10,25,5,17,Y6060599,,,,0,30.0,0,0
75,10,25,5,18,Y6060600,,,,0,30.0,0,0
75,10,25,5,19,Y6060601,,,,0,30.0,0,0
75,10,25,5,20,Y6060602,,,,0,30.0,0,0
75,10,25,5,21,Y6060603,,,,0,30.0,0,0
75,10,25,5,22,Y6060604,,,,0,30.0,0,0
75,10,25,5,23,Y6060605,,,,0,30.0,0,0
75,10,25,5,24,Y6060606,,,,0,30.0,0,0
75,10,25,5,25,Y6060607,,,,0,30.0,0,0
75,10,25,5,26,Y6060608,,,,0,30.0,0,0
75,10,25,5,27,Y6060609,,,,0,30.0,0,0
75,10,25,5,28,Y6060610,,,,0,30.0,0,0
75,10,25,5,29,Y6060611,,,,0,30.0,0,0
75,10,25,5,30,Y6060612,,,,0,30.0,0,0
75,10,25,6,10,Y6060613,,,,0,30.0,0,0
75,10,25,6,11,Y6060614,,,,0,30.0,0,0
75,10,25,6,12,Y6060615,,,,0,30.0,0,0
75,10,25,6,13,Y6060616,,,,0,30.0,0,0
75,10,25,6,14,Y6060617,,,,0,30.0,0,0
75,10,25,6,15,Y6060618,,,,0,30.0,0,0
75,10,25,6,16,Y6060619,,,,0,30.0,0,0
75,10,25,6,17,Y6060620,,,,0,30.0,0,0
75,10,25,6,18,Y6060621,,,,0,30.0,0,0
75,10,25,6,19,Y6060622,,,,0,30.0,0,0
75,10,25,6,20,Y6060623,,,,0,30.0,0,0
75,10,25,6,21,Y6060624,,,,0,30.0,0,0
75,10,25,6,22,Y6060625,,,,0,30.0,0,0
75,10,25,6,23,Y6060626,,,,0,30.0,0,0
75,10,25,6,24,Y6060627,,,,0,30.0,0,0
75,10,25,6,25,Y6060628,,,,0,30.0,0,0
75,10,25,6,26,Y6060629,,,,0,30.0,0,0
75,10,25,6,27,Y6060630,,,,0,30.0,0,0
75,10,25,6,28,Y6060631,,,,0,30.0,0,0
75,10,25,6,29,Y6060632,,,,0,30.0,0,0
75,10,25,6,30,Y6060633,,,,0,30.0,0,0
75,10,25,7,10,Y6060634,,,,0,30.0,0,0
75,10,25,7,11,Y6060635,,,,0,30.0,0,0
75,10,25,7,12,Y6060636,,,,0,30.0,0,0
75,10,25,7,13,Y6060637,,,,0,30.0,0,0
75,10,25,7,14,Y6060638,,,,0,30.0,0,0
75,10,25,7,15,Y6060639,,,,0,30.0,0,0
75,10,25,7,16,Y6060640,,,,0,30.0,0,0
75,10,25,7,17,Y6060641,,,,0,30.0,0,0
75,10,25,7,18,Y6060642,,,,0,30.0,0,0
75,10,25,7,19,Y6060643,,,,0,30.0,0,0
75,10,25,7,20,Y6060644,,,,0,30.0,0,0
75,10,25,7,21,Y6060645,,,,0,30.0,0,0
75,10,25,7,22,Y6060646,,,,0,30.0,0,0
75,10,25,7,23,Y6060647,,,,0,30.0,0,0
75,10,25,7,24,Y6060648,,,,0,30.0,0,0
75,10,25,7,25,Y6060649,,,,0,30.0,0,0
75,10,25,7,26,Y6060650,,,,0,30.0,0,0
75,10,25,7,27,Y6060651,,,,0,30.0,0,0
75,10,25,7,28,Y6060652,,,,0,30.0,0,0
75,10,25,7,29,Y6060653,,,,0,30.0,0,0
75,10,25,7,30,Y6060654,,,,0,30.0,0,0
75,10,25,8,10,Y6060655,,,,0,30.0,0,0
75,10,25,8,11,Y6060656,,,,0,30.0,0,0
75,10,25,8,12,Y6060657,,,,0,30.0,0,0
75,10,25,8,13,Y6060658,,,,0,30.0,0,0
75,10,25,8,14,Y6060659,,,,0,30.0,0,0
75,10,25,8,15,Y6060660,,,,0,30.0,0,0
75,10,25,8,16,Y6060661,,,,0,30.0,0,0
75,10,25,8,17,Y6060662,,,,0,30.0,0,0
75,10,25,8,18,Y6060663,,,,0,30.0,0,0
75,10,25,8,19,Y6060664,,,,0,30.0,0,0
75,10,25,8,20,Y6060665,,,,0,30.0,0,0
75,10,25,8,21,Y6060666,,,,0,30.0,0,0
75,10,25,8,22,Y6060667,,,,0,30.0,0,0
75,10,25,8,23,Y6060668,,,,0,30.0,0,0
75,10,25,8,24,Y6060669,,,,0,30.0,0,0
75,10,25,8,25,Y6060670,,,,0,30.0,0,0
75,10,25,8,26,Y6060671,,,,0,30.0,0,0
75,10,25,8,27,Y6060672,,,,0,30.0,0,0
75,10,25,8,28,Y6060673,,,,0,30.0,0,0
75,10,25,8,29,Y6060674,,,,0,30.0,0,0
75,10,25,8,30,Y6060675,,,,0,30.0,0,0
75,10,25,9,10,Y6060676,,,,0,30.0,0,0
75,10,25,9,11,Y6060677,,,,0,30.0,0,0
75,10,25,9,12,Y6060678,,,,0,30.0,0,0
75,10,25,9,13,Y6060679,,,,0,30.0,0,0
75,10,25,9,14,Y6060680,,,,0,30.0,0,0
75,10,25,9,15,Y6060681,,,,0,30.0,0,0
75,10,25,9,16,Y6060682,,,,0,30.0,0,0
75,10,25,9,17,Y6060683,,,,0,30.0,0,0
75,10,25,9,18,Y6060684,,,,0,30.0,0,0
75,10,25,9,19,Y6060685,,,,0,30.0,0,0
75,10,25,9,20,Y6060686,,,,0,30.0,0,0
75,10,25,9,21,Y6060687,,,,0,30.0,0,0
75,10,25,9,22,Y6060688,,,,0,30.0,0,0
75,10,25,9,23,Y6060689,,,,0,30.0,0,0
75,10,25,9,24,Y6060690,,,,0,30.0,0,0
75,10,25,9,25,Y6060691,,,,0,30.0,0,0
75,10,25,9,26,Y6060692,,,,0,30.0,0,0
75,10,25,9,27,Y6060693,,,,0,30.0,0,0
75,10,25,9,28,Y6060694,,,,0,30.0,0,0
75,10,25,9,29,Y6060695,,,,0,30.0,0,0
75,10,25,9,30,Y6060696,,,,0,30.0,0,0
75,10,25,10,10,Y6060697,,,,0,30.0,0,0
75,10,25,10,11,Y6060698,,,,0,30.0,0,0
75,10,25,10,12,Y6060699,,,,0,30.0,0,0
75,10,25,10,13,Y6060700,,,,0,30.0,0,0
75,10,25,10,14,Y6060701,,,,0,30.0,0,0
75,10,25,10,15,Y6060702,,,,0,30.0,0,0
75,10,25,10,16,Y6060703,,,,0,30.0,0,0
75,10,25,10,17,Y6060704,,,,0,30.0,0,0
75,10,25,10,18,Y6060705,,,,0,30.0,0,0
75,10,25,10,19,Y6060706,,,,0,30.0,0,0
75,10,25,10,20,Y6060707,,,,0,30.0,0,0
75,10,25,10,21,Y6060708,,,,0,30.0,0,0
75,10,25,10,22,Y6060709,,,,0,30.0,0,0
75,10,25,10,23,Y6060710,,,,0,30.0,0,0
75,10,25,10,24,Y6060711,,,,0,30.0,0,0
75,10,25,10,25,Y6060712,,,,0,30.0,0,0
75,10,25,10,26,Y6060713,,,,0,30.0,0,0
75,10,25,10,27,Y6060714,,,,0,30.0,0,0
75,10,25,10,28,Y6060715,,,,0,30.0,0,0
75,10,25,10,29,Y6060716,,,,0,30.0,0,0
75,10,25,10,30,Y6060717,,,,0,30.0,0,0
75,10,25,11,10,Y6060718,,,,0,30.0,0,0
75,10,25,11,11,Y6060719,,,,0,30.0,0,0
75,10,25,11,12,Y6060720,,,,0,30.0,0,0
75,10,25,11,13,Y6060721,,,,0,30.0,0,0
75,10,25,11,14,Y6060722,,,,0,30.0,0,0
75,10,25,11,15,Y6060723,,,,0,30.0,0,0
75,10,25,11,16,Y6060724,,,,0,30.0,0,0
75,10,25,11,17,Y6060725,,,,0,30.0,0,0
75,10,25,11,18,Y6060726,,,,0,30.0,0,0
75,10,25,11,19,Y6060727,,,,0,30.0,0,0
75,10,25,11,20,Y6060728,,,,0,30.0,0,0
75,10,25,11,21,Y6060729,,,,0,30.0,0,0
75,10,25,11,22,Y6060730,,,,0,30.0,0,0
75,10,25,11,23,Y6060731,,,,0,30.0,0,0
75,10,25,11,24,Y6060732,,,,0,30.0,0,0
75,10,25,11,25,Y6060733,,,,0,30.0,0,0
75,10,25,11,26,Y6060734,,,,0,30.0,0,0
75,10,25,11,27,Y6060735,,,,0,30.0,0,0
75,10,25,11,28,Y6060736,,,,0,30.0,0,0
75,10,25,11,29,Y6060737,,,,0,30.0,0,0
75,10,25,11,30,Y6060738,,,,0,30.0,0,0
75,10,25,12,10,Y6060739,,,,0,30.0,0,0
75,10,25,12,11,Y6060740,,,,0,30.0,0,0
75,10,25,12,12,Y6060741,,,,0,30.0,0,0
75,10,25,12,13,Y6060742,,,,0,30.0,0,0
75,10,25,12,14,Y6060743,,,,0,30.0,0,0
75,10,25,12,15,Y6060744,,,,0,30.0,0,0
75,10,25,12,16,Y6060745,,,,0,30.0,0,0
75,10,25,12,17,Y6060746,,,,0,30.0,0,0
75,10,25,12,18,Y6060747,,,,0,30.0,0,0
75,10,25,12,19,Y6060748,,,,0,30.0,0,0
75,10,25,12,20,Y6060749,,,,0,30.0,0,0
75,10,25,12,21,Y6060750,,,,0,30.0,0,0
75,10,25,12,22,Y6060751,,,,0,30.0,0,0
75,10,25,12,23,Y6060752,,,,0,30.0,0,0
75,10,25,12,24,Y6060753,,,,0,30.0,0,0
75,10,25,12,25,Y6060754,,,,0,30.0,0,0
75,10,25,12,26,Y6060755,,,,0,30.0,0,0
75,10,25,12,27,Y6060756,,,,0,30.0,0,0
75,10,25,12,28,Y6060757,,,,0,30.0,0,0
75,10,25,12,29,Y6060758,,,,0,30.0,0,0
75,10,25,12,30,Y6060759,,,,0,30.0,0,0
75,10,26,1,10,Y6060760,,,,0,30.0,0,0
75,10,26,1,11,Y6060761,,,,0,30.0,0,0
75,10,26,1,12,Y6060762,,,,0,30.0,0,0
75,10,26,1,13,Y6060763,,,,0,30.0,0,0
75,10,26,1,14,Y6060764,,,,0,30.0,0,0
75,10,26,1,15,Y6060765,,,,0,30.0,0,0
75,10,26,1,16,Y6060766,,,,0,30.0,0,0
75,10,26,1,17,Y6060767,,,,0,30.0,0,0
75,10,26,1,18,Y6060768,,,,0,30.0,0,0
75,10,26,1,19,Y6060769,,,,0,30.0,0,0
75,10,26,1,20,Y6060770,,,,0,30.0,0,0
75,10,26,1,21,Y6060771,,,,0,30.0,0,0
75,10,26,1,22,Y6060772,,,,0,30.0,0,0
75,10,26,1,23,Y6060773,,,,0,30.0,0,0
75,10,26,1,24,Y6060774,,,,0,30.0,0,0
75,10,26,1,25,Y6060775,,,,0,30.0,0,0
75,10,26,1,26,Y6060776,,,,0,30.0,0,0
75,10,26,1,27,Y6060777,,,,0,30.0,0,0
75,10,26,1,28,Y6060778,,,,0,30.0,0,0
75,10,26,1,29,Y6060779,,,,0,30.0,0,0
75,10,26,1,30,Y6060780,,,,0,30.0,0,0
75,10,26,2,10,Y6060781,,,,0,30.0,0,0
75,10,26,2,11,Y6060782,,,,0,30.0,0,0
75,10,26,2,12,Y6060783,,,,0,30.0,0,0
75,10,26,2,13,Y6060784,,,,0,30.0,0,0
75,10,26,2,14,Y6060785,,,,0,30.0,0,0
75,10,26,2,15,Y6060786,,,,0,30.0,0,0
75,10,26,2,16,Y6060787,,,,0,30.0,0,0
75,10,26,2,17,Y6060788,,,,0,30.0,0,0
75,10,26,2,18,Y6060789,,,,0,30.0,0,0
75,10,26,2,19,Y6060790,,,,0,30.0,0,0
75,10,26,2,20,Y6060791,,,,0,30.0,0,0
75,10,26,2,21,Y6060792,,,,0,30.0,0,0
75,10,26,2,22,Y6060793,,,,0,30.0,0,0
75,10,26,2,23,Y6060794,,,,0,30.0,0,0
75,10,26,2,24,Y6060795,,,,0,30.0,0,0
75,10,26,2,25,Y6060796,,,,0,30.0,0,0
75,10,26,2,26,Y6060797,,,,0,30.0,0,0
75,10,26,2,27,Y6060798,,,,0,30.0,0,0
75,10,26,2,28,Y6060799,,,,0,30.0,0,0
75,10,26,2,29,Y6060800,,,,0,30.0,0,0
75,10,26,2,30,Y6060801,,,,0,30.0,0,0
75,10,26,3,10,Y6060802,,,,0,30.0,0,0
75,10,26,3,11,Y6060803,,,,0,30.0,0,0
75,10,26,3,12,Y6060804,,,,0,30.0,0,0
75,10,26,3,13,Y6060805,,,,0,30.0,0,0
75,10,26,3,14,Y6060806,,,,0,30.0,0,0
75,10,26,3,15,Y6060807,,,,0,30.0,0,0
75,10,26,3,16,Y6060808,,,,0,30.0,0,0
75,10,26,3,17,Y6060809,,,,0,30.0,0,0
75,10,26,3,18,Y6060810,,,,0,30.0,0,0
75,10,26,3,19,Y6060811,,,,0,30.0,0,0
75,10,26,3,20,Y6060812,,,,0,30.0,0,0
75,10,26,3,21,Y6060813,,,,0,30.0,0,0
75,10,26,3,22,Y6060814,,,,0,30.0,0,0
75,10,26,3,23,Y6060815,,,,0,30.0,0,0
75,10,26,3,24,Y6060816,,,,0,30.0,0,0
75,10,26,3,25,Y6060817,,,,0,30.0,0,0
75,10,26,3,26,Y6060818,,,,0,30.0,0,0
75,10,26,3,27,Y6060819,,,,0,30.0,0,0
75,10,26,3,28,Y6060820,,,,0,30.0,0,0
75,10,26,3,29,Y6060821,,,,0,30.0,0,0
75,10,26,3,30,Y6060822,,,,0,30.0,0,0
75,10,26,4,10,Y6060823,,,,0,30.0,0,0
75,10,26,4,11,Y6060824,,,,0,30.0,0,0
75,10,26,4,12,Y6060825,,,,0,30.0,0,0
75,10,26,4,13,Y6060826,,,,0,30.0,0,0
75,10,26,4,14,Y6060827,,,,0,30.0,0,0
75,10,26,4,15,Y6060828,,,,0,30.0,0,0
75,10,26,4,16,Y6060829,,,,0,30.0,0,0
75,10,26,4,17,Y6060830,,,,0,30.0,0,0
75,10,26,4,18,Y6060831,,,,0,30.0,0,0
75,10,26,4,19,Y6060832,,,,0,30.0,0,0
75,10,26,4,20,Y6060833,,,,0,30.0,0,0
75,10,26,4,21,Y6060834,,,,0,30.0,0,0
75,10,26,4,22,Y6060835,,,,0,30.0,0,0
75,10,26,4,23,Y6060836,,,,0,30.0,0,0
75,10,26,4,24,Y6060837,,,,0,30.0,0,0
75,10,26,4,25,Y6060838,,,,0,30.0,0,0
75,10,26,4,26,Y6060839,,,,0,30.0,0,0
75,10,26,4,27,Y6060840,,,,0,30.0,0,0
75,10,26,4,28,Y6060841,,,,0,30.0,0,0
75,10,26,4,29,Y6060842,,,,0,30.0,0,0
75,10,26,4,30,Y6060843,,,,0,30.0,0,0
75,10,26,5,10,Y6060844,,,,0,30.0,0,0
75,10,26,5,11,Y6060845,,,,0,30.0,0,0
75,10,26,5,12,Y6060846,,,,0,30.0,0,0
75,10,26,5,13,Y6060847,,,,0,30.0,0,0
75,10,26,5,14,Y6060848,,,,0,30.0,0,0
75,10,26,5,15,Y6060849,,,,0,30.0,0,0
75,10,26,5,16,Y6060850,,,,0,30.0,0,0
75,10,26,5,17,Y6060851,,,,0,30.0,0,0
75,10,26,5,18,Y6060852,,,,0,30.0,0,0
75,10,26,5,19,Y6060853,,,,0,30.0,0,0
75,10,26,5,20,Y6060854,,,,0,30.0,0,0
75,10,26,5,21,Y6060855,,,,0,30.0,0,0
75,10,26,5,22,Y6060856,,,,0,30.0,0,0
75,10,26,5,23,Y6060857,,,,0,30.0,0,0
75,10,26,5,24,Y6060858,,,,0,30.0,0,0
75,10,26,5,25,Y6060859,,,,0,30.0,0,0
75,10,26,5,26,Y6060860,,,,0,30.0,0,0
75,10,26,5,27,Y6060861,,,,0,30.0,0,0
75,10,26,5,28,Y6060862,,,,0,30.0,0,0
75,10,26,5,29,Y6060863,,,,0,30.0,0,0
75,10,26,5,30,Y6060864,,,,0,30.0,0,0
75,10,26,6,10,Y6060865,,,,0,30.0,0,0
75,10,26,6,11,Y6060866,,,,0,30.0,0,0
75,10,26,6,12,Y6060867,,,,0,30.0,0,0
75,10,26,6,13,Y6060868,,,,0,30.0,0,0
75,10,26,6,14,Y6060869,,,,0,30.0,0,0
75,10,26,6,15,Y6060870,,,,0,30.0,0,0
75,10,26,6,16,Y6060871,,,,0,30.0,0,0
75,10,26,6,17,Y6060872,,,,0,30.0,0,0
75,10,26,6,18,Y6060873,,,,0,30.0,0,0
75,10,26,6,19,Y6060874,,,,0,30.0,0,0
75,10,26,6,20,Y6060875,,,,0,30.0,0,0
75,10,26,6,21,Y6060876,,,,0,30.0,0,0
75,10,26,6,22,Y6060877,,,,0,30.0,0,0
75,10,26,6,23,Y6060878,,,,0,30.0,0,0
75,10,26,6,24,Y6060879,,,,0,30.0,0,0
75,10,26,6,25,Y6060880,,,,0,30.0,0,0
75,10,26,6,26,Y6060881,,,,0,30.0,0,0
75,10,26,6,27,Y6060882,,,,0,30.0,0,0
75,10,26,6,28,Y6060883,,,,0,30.0,0,0
75,10,26,6,29,Y6060884,,,,0,30.0,0,0
75,10,26,6,30,Y6060885,,,,0,30.0,0,0
75,10,26,7,10,Y6060886,,,,0,30.0,0,0
75,10,26,7,11,Y6060887,,,,0,30.0,0,0
75,10,26,7,12,Y6060888,,,,0,30.0,0,0
75,10,26,7,13,Y6060889,,,,0,30.0,0,0
75,10,26,7,14,Y6060890,,,,0,30.0,0,0
75,10,26,7,15,Y6060891,,,,0,30.0,0,0
75,10,26,7,16,Y6060892,,,,0,30.0,0,0
75,10,26,7,17,Y6060893,,,,0,30.0,0,0
75,10,26,7,18,Y6060894,,,,0,30.0,0,0
75,10,26,7,19,Y6060895,,,,0,30.0,0,0
75,10,26,7,20,Y6060896,,,,0,30.0,0,0
75,10,26,7,21,Y6060897,,,,0,30.0,0,0
75,10,26,7,22,Y6060898,,,,0,30.0,0,0
75,10,26,7,23,Y6060899,,,,0,30.0,0,0
75,10,26,7,24,Y6060900,,,,0,30.0,0,0
75,10,26,7,25,Y6060901,,,,0,30.0,0,0
75,10,26,7,26,Y6060902,,,,0,30.0,0,0
75,10,26,7,27,Y6060903,,,,0,30.0,0,0
75,10,26,7,28,Y6060904,,,,0,30.0,0,0
75,10,26,7,29,Y6060905,,,,0,30.0,0,0
75,10,26,7,30,Y6060906,,,,0,30.0,0,0
75,10,26,8,10,Y6060907,,,,0,30.0,0,0
75,10,26,8,11,Y6060908,,,,0,30.0,0,0
75,10,26,8,12,Y6060909,,,,0,30.0,0,0
75,10,26,8,13,Y6060910,,,,0,30.0,0,0
75,10,26,8,14,Y6060911,,,,0,30.0,0,0
75,10,26,8,15,Y6060912,,,,0,30.0,0,0
75,10,26,8,16,Y6060913,,,,0,30.0,0,0
75,10,26,8,17,Y6060914,,,,0,30.0,0,0
75,10,26,8,18,Y6060915,,,,0,30.0,0,0
75,10,26,8,19,Y6060916,,,,0,30.0,0,0
75,10,26,8,20,Y6060917,,,,0,30.0,0,0
75,10,26,8,21,Y6060918,,,,0,30.0,0,0
75,10,26,8,22,Y6060919,,,,0,30.0,0,0
75,10,26,8,23,Y6060920,,,,0,30.0,0,0
75,10,26,8,24,Y6060921,,,,0,30.0,0,0
75,10,26,8,25,Y6060922,,,,0,30.0,0,0
75,10,26,8,26,Y6060923,,,,0,30.0,0,0
75,10,26,8,27,Y6060924,,,,0,30.0,0,0
75,10,26,8,28,Y6060925,,,,0,30.0,0,0
75,10,26,8,29,Y6060926,,,,0,30.0,0,0
75,10,26,8,30,Y6060927,,,,0,30.0,0,0
75,10,26,9,10,Y6060928,,,,0,30.0,0,0
75,10,26,9,11,Y6060929,,,,0,30.0,0,0
75,10,26,9,12,Y6060930,,,,0,30.0,0,0
75,10,26,9,13,Y6060931,,,,0,30.0,0,0
75,10,26,9,14,Y6060932,,,,0,30.0,0,0
75,10,26,9,15,Y6060933,,,,0,30.0,0,0
75,10,26,9,16,Y6060934,,,,0,30.0,0,0
75,10,26,9,17,Y6060935,,,,0,30.0,0,0
75,10,26,9,18,Y6060936,,,,0,30.0,0,0
75,10,26,9,19,Y6060937,,,,0,30.0,0,0
75,10,26,9,20,Y6060938,,,,0,30.0,0,0
75,10,26,9,21,Y6060939,,,,0,30.0,0,0
75,10,26,9,22,Y6060940,,,,0,30.0,0,0
75,10,26,9,23,Y6060941,,,,0,30.0,0,0
75,10,26,9,24,Y6060942,,,,0,30.0,0,0
75,10,26,9,25,Y6060943,,,,0,30.0,0,0
75,10,26,9,26,Y6060944,,,,0,30.0,0,0
75,10,26,9,27,Y6060945,,,,0,30.0,0,0
75,10,26,9,28,Y6060946,,,,0,30.0,0,0
75,10,26,9,29,Y6060947,,,,0,30.0,0,0
75,10,26,9,30,Y6060948,,,,0,30.0,0,0
75,10,26,10,10,Y6060949,,,,0,30.0,0,0
75,10,26,10,11,Y6060950,,,,0,30.0,0,0
75,10,26,10,12,Y6060951,,,,0,30.0,0,0
75,10,26,10,13,Y6060952,,,,0,30.0,0,0
75,10,26,10,14,Y6060953,,,,0,30.0,0,0
75,10,26,10,15,Y6060954,,,,0,30.0,0,0
75,10,26,10,16,Y6060955,,,,0,30.0,0,0
75,10,26,10,17,Y6060956,,,,0,30.0,0,0
75,10,26,10,18,Y6060957,,,,0,30.0,0,0
75,10,26,10,19,Y6060958,,,,0,30.0,0,0
75,10,26,10,20,Y6060959,,,,0,30.0,0,0
75,10,26,10,21,Y6060960,,,,0,30.0,0,0
75,10,26,10,22,Y6060961,,,,0,30.0,0,0
75,10,26,10,23,Y6060962,,,,0,30.0,0,0
75,10,26,10,24,Y6060963,,,,0,30.0,0,0
75,10,26,10,25,Y6060964,,,,0,30.0,0,0
75,10,26,10,26,Y6060965,,,,0,30.0,0,0
75,10,26,10,27,Y6060966,,,,0,30.0,0,0
75,10,26,10,28,Y6060967,,,,0,30.0,0,0
75,10,26,10,29,Y6060968,,,,0,30.0,0,0
75,10,26,10,30,Y6060969,,,,0,30.0,0,0
75,10,26,11,10,Y6060970,,,,0,30.0,0,0
75,10,26,11,11,Y6060971,,,,0,30.0,0,0
75,10,26,11,12,Y6060972,,,,0,30.0,0,0
75,10,26,11,13,Y6060973,,,,0,30.0,0,0
75,10,26,11,14,Y6060974,,,,0,30.0,0,0
75,10,26,11,15,Y6060975,,,,0,30.0,0,0
75,10,26,11,16,Y6060976,,,,0,30.0,0,0
75,10,26,11,17,Y6060977,,,,0,30.0,0,0
75,10,26,11,18,Y6060978,,,,0,30.0,0,0
75,10,26,11,19,Y6060979,,,,0,30.0,0,0
75,10,26,11,20,Y6060980,,,,0,30.0,0,0
75,10,26,11,21,Y6060981,,,,0,30.0,0,0
75,10,26,11,22,Y6060982,,,,0,30.0,0,0
75,10,26,11,23,Y6060983,,,,0,30.0,0,0
75,10,26,11,24,Y6060984,,,,0,30.0,0,0
75,10,26,11,25,Y6060985,,,,0,30.0,0,0
75,10,26,11,26,Y6060986,,,,0,30.0,0,0
75,10,26,11,27,Y6060987,,,,0,30.0,0,0
75,10,26,11,28,Y6060988,,,,0,30.0,0,0
75,10,26,11,29,Y6060989,,,,0,30.0,0,0
75,10,26,11,30,Y6060990,,,,0,30.0,0,0
75,10,26,12,10,Y6060991,,,,0,30.0,0,0
75,10,26,12,11,Y6060992,,,,0,30.0,0,0
75,10,26,12,12,Y6060993,,,,0,30.0,0,0
75,10,26,12,13,Y6060994,,,,0,30.0,0,0
75,10,26,12,14,Y6060995,,,,0,30.0,0,0
75,10,26,12,15,Y6060996,,,,0,30.0,0,0
75,10,26,12,16,Y6060997,,,,0,30.0,0,0
75,10,26,12,17,Y6060998,,,,0,30.0,0,0
75,10,26,12,18,Y6060999,,,,0,30.0,0,0
75,10,26,12,19,Y6061000,,,,0,30.0,0,0
75,10,26,12,20,Y6061001,,,,0,30.0,0,0
75,10,26,12,21,Y6061002,,,,0,30.0,0,0
75,10,26,12,22,Y6061003,,,,0,30.0,0,0
75,10,26,12,23,Y6061004,,,,0,30.0,0,0
75,10,26,12,24,Y6061005,,,,0,30.0,0,0
75,10,26,12,25,Y6061006,,,,0,30.0,0,0
75,10,26,12,26,Y6061007,,,,0,30.0,0,0
75,10,26,12,27,Y6061008,,,,0,30.0,0,0
75,10,26,12,28,Y6061009,,,,0,30.0,0,0
75,10,26,12,29,Y6061010,,,,0,30.0,0,0
75,10,26,12,30,Y6061011,,,,0,30.0,0,0
75,10,27,1,10,Y6061012,,,,0,30.0,0,0
75,10,27,1,11,Y6061013,,,,0,30.0,0,0
75,10,27,1,12,Y6061014,,,,0,30.0,0,0
75,10,27,1,13,Y6061015,,,,0,30.0,0,0
75,10,27,1,14,Y6061016,,,,0,30.0,0,0
75,10,27,1,15,Y6061017,,,,0,30.0,0,0
75,10,27,1,16,Y6061018,,,,0,30.0,0,0
75,10,27,1,17,Y6061019,,,,0,30.0,0,0
75,10,27,1,18,Y6061020,,,,0,30.0,0,0
75,10,27,1,19,Y6061021,,,,0,30.0,0,0
75,10,27,1,20,Y6061022,,,,0,30.0,0,0
75,10,27,1,21,Y6061023,,,,0,30.0,0,0
75,10,27,1,22,Y6061024,,,,0,30.0,0,0
75,10,27,1,23,Y6061025,,,,0,30.0,0,0
75,10,27,1,24,Y6061026,,,,0,30.0,0,0
75,10,27,1,25,Y6061027,,,,0,30.0,0,0
75,10,27,1,26,Y6061028,,,,0,30.0,0,0
75,10,27,1,27,Y6061029,,,,0,30.0,0,0
75,10,27,1,28,Y6061030,,,,0,30.0,0,0
75,10,27,1,29,Y6061031,,,,0,30.0,0,0
75,10,27,1,30,Y6061032,,,,0,30.0,0,0
75,10,27,2,10,Y6061033,,,,0,30.0,0,0
75,10,27,2,11,Y6061034,,,,0,30.0,0,0
75,10,27,2,12,Y6061035,,,,0,30.0,0,0
75,10,27,2,13,Y6061036,,,,0,30.0,0,0
75,10,27,2,14,Y6061037,,,,0,30.0,0,0
75,10,27,2,15,Y6061038,,,,0,30.0,0,0
75,10,27,2,16,Y6061039,,,,0,30.0,0,0
75,10,27,2,17,Y6061040,,,,0,30.0,0,0
75,10,27,2,18,Y6061041,,,,0,30.0,0,0
75,10,27,2,19,Y6061042,,,,0,30.0,0,0
75,10,27,2,20,Y6061043,,,,0,30.0,0,0
75,10,27,2,21,Y6061044,,,,0,30.0,0,0
75,10,27,2,22,Y6061045,,,,0,30.0,0,0
75,10,27,2,23,Y6061046,,,,0,30.0,0,0
75,10,27,2,24,Y6061047,,,,0,30.0,0,0
75,10,27,2,25,Y6061048,,,,0,30.0,0,0
75,10,27,2,26,Y6061049,,,,0,30.0,0,0
75,10,27,2,27,Y6061050,,,,0,30.0,0,0
75,10,27,2,28,Y6061051,,,,0,30.0,0,0
75,10,27,2,29,Y6061052,,,,0,30.0,0,0
75,10,27,2,30,Y6061053,,,,0,30.0,0,0
75,10,27,3,10,Y6061054,,,,0,30.0,0,0
75,10,27,3,11,Y6061055,,,,0,30.0,0,0
75,10,27,3,12,Y6061056,,,,0,30.0,0,0
75,10,27,3,13,Y6061057,,,,0,30.0,0,0
75,10,27,3,14,Y6061058,,,,0,30.0,0,0
75,10,27,3,15,Y6061059,,,,0,30.0,0,0
75,10,27,3,16,Y6061060,,,,0,30.0,0,0
75,10,27,3,17,Y6061061,,,,0,30.0,0,0
75,10,27,3,18,Y6061062,,,,0,30.0,0,0
75,10,27,3,19,Y6061063,,,,0,30.0,0,0
75,10,27,3,20,Y6061064,,,,0,30.0,0,0
75,10,27,3,21,Y6061065,,,,0,30.0,0,0
75,10,27,3,22,Y6061066,,,,0,30.0,0,0
75,10,27,3,23,Y6061067,,,,0,30.0,0,0
75,10,27,3,24,Y6061068,,,,0,30.0,0,0
75,10,27,3,25,Y6061069,,,,0,30.0,0,0
75,10,27,3,26,Y6061070,,,,0,30.0,0,0
75,10,27,3,27,Y6061071,,,,0,30.0,0,0
75,10,27,3,28,Y6061072,,,,0,30.0,0,0
75,10,27,3,29,Y6061073,,,,0,30.0,0,0
75,10,27,3,30,Y6061074,,,,0,30.0,0,0
75,10,27,4,10,Y6061075,,,,0,30.0,0,0
75,10,27,4,11,Y6061076,,,,0,30.0,0,0
75,10,27,4,12,Y6061077,,,,0,30.0,0,0
75,10,27,4,13,Y6061078,,,,0,30.0,0,0
75,10,27,4,14,Y6061079,,,,0,30.0,0,0
75,10,27,4,15,Y6061080,,,,0,30.0,0,0
75,10,27,4,16,Y6061081,,,,0,30.0,0,0
75,10,27,4,17,Y6061082,,,,0,30.0,0,0
75,10,27,4,18,Y6061083,,,,0,30.0,0,0
75,10,27,4,19,Y6061084,,,,0,30.0,0,0
75,10,27,4,20,Y6061085,,,,0,30.0,0,0
75,10,27,4,21,Y6061086,,,,0,30.0,0,0
75,10,27,4,22,Y6061087,,,,0,30.0,0,0
75,10,27,4,23,Y6061088,,,,0,30.0,0,0
75,10,27,4,24,Y6061089,,,,0,30.0,0,0
75,10,27,4,25,Y6061090,,,,0,30.0,0,0
75,10,27,4,26,Y6061091,,,,0,30.0,0,0
75,10,27,4,27,Y6061092,,,,0,30.0,0,0
75,10,27,4,28,Y6061093,,,,0,30.0,0,0
75,10,27,4,29,Y6061094,,,,0,30.0,0,0
75,10,27,4,30,Y6061095,,,,0,30.0,0,0
75,10,27,5,10,Y6061096,,,,0,30.0,0,0
75,10,27,5,11,Y6061097,,,,0,30.0,0,0
75,10,27,5,12,Y6061098,,,,0,30.0,0,0
75,10,27,5,13,Y6061099,,,,0,30.0,0,0
75,10,27,5,14,Y6061100,,,,0,30.0,0,0
75,10,27,5,15,Y6061101,,,,0,30.0,0,0
75,10,27,5,16,Y6061102,,,,0,30.0,0,0
75,10,27,5,17,Y6061103,,,,0,30.0,0,0
75,10,27,5,18,Y6061104,,,,0,30.0,0,0
75,10,27,5,19,Y6061105,,,,0,30.0,0,0
75,10,27,5,20,Y6061106,,,,0,30.0,0,0
75,10,27,5,21,Y6061107,,,,0,30.0,0,0
75,10,27,5,22,Y6061108,,,,0,30.0,0,0
75,10,27,5,23,Y6061109,,,,0,30.0,0,0
75,10,27,5,24,Y6061110,,,,0,30.0,0,0
75,10,27,5,25,Y6061111,,,,0,30.0,0,0
75,10,27,5,26,Y6061112,,,,0,30.0,0,0
75,10,27,5,27,Y6061113,,,,0,30.0,0,0
75,10,27,5,28,Y6061114,,,,0,30.0,0,0
75,10,27,5,29,Y6061115,,,,0,30.0,0,0
75,10,27,5,30,Y6061116,,,,0,30.0,0,0
75,10,27,6,10,Y6061117,,,,0,30.0,0,0
75,10,27,6,11,Y6061118,,,,0,30.0,0,0
75,10,27,6,12,Y6061119,,,,0,30.0,0,0
75,10,27,6,13,Y6061120,,,,0,30.0,0,0
75,10,27,6,14,Y6061121,,,,0,30.0,0,0
75,10,27,6,15,Y6061122,,,,0,30.0,0,0
75,10,27,6,16,Y6061123,,,,0,30.0,0,0
75,10,27,6,17,Y6061124,,,,0,30.0,0,0
75,10,27,6,18,Y6061125,,,,0,30.0,0,0
75,10,27,6,19,Y6061126,,,,0,30.0,0,0
75,10,27,6,20,Y6061127,,,,0,30.0,0,0
75,10,27,6,21,Y6061128,,,,0,30.0,0,0
75,10,27,6,22,Y6061129,,,,0,30.0,0,0
75,10,27,6,23,Y6061130,,,,0,30.0,0,0
75,10,27,6,24,Y6061131,,,,0,30.0,0,0
75,10,27,6,25,Y6061132,,,,0,30.0,0,0
75,10,27,6,26,Y6061133,,,,0,30.0,0,0
75,10,27,6,27,Y6061134,,,,0,30.0,0,0
75,10,27,6,28,Y6061135,,,,0,30.0,0,0
75,10,27,6,29,Y6061136,,,,0,30.0,0,0
75,10,27,6,30,Y6061137,,,,0,30.0,0,0
75,10,27,7,10,Y6061138,,,,0,30.0,0,0
75,10,27,7,11,Y6061139,,,,0,30.0,0,0
75,10,27,7,12,Y6061140,,,,0,30.0,0,0
75,10,27,7,13,Y6061141,,,,0,30.0,0,0
75,10,27,7,14,Y6061142,,,,0,30.0,0,0
75,10,27,7,15,Y6061143,,,,0,30.0,0,0
75,10,27,7,16,Y6061144,,,,0,30.0,0,0
75,10,27,7,17,Y6061145,,,,0,30.0,0,0
75,10,27,7,18,Y6061146,,,,0,30.0,0,0
75,10,27,7,19,Y6061147,,,,0,30.0,0,0
75,10,27,7,20,Y6061148,,,,0,30.0,0,0
75,10,27,7,21,Y6061149,,,,0,30.0,0,0
75,10,27,7,22,Y6061150,,,,0,30.0,0,0
75,10,27,7,23,Y6061151,,,,0,30.0,0,0
75,10,27,7,24,Y6061152,,,,0,30.0,0,0
75,10,27,7,25,Y6061153,,,,0,30.0,0,0
75,10,27,7,26,Y6061154,,,,0,30.0,0,0
75,10,27,7,27,Y6061155,,,,0,30.0,0,0
75,10,27,7,28,Y6061156,,,,0,30.0,0,0
75,10,27,7,29,Y6061157,,,,0,30.0,0,0
75,10,27,7,30,Y6061158,,,,0,30.0,0,0
75,10,27,8,10,Y6061159,,,,0,30.0,0,0
75,10,27,8,11,Y6061160,,,,0,30.0,0,0
75,10,27,8,12,Y6061161,,,,0,30.0,0,0
75,10,27,8,13,Y6061162,,,,0,30.0,0,0
75,10,27,8,14,Y6061163,,,,0,30.0,0,0
75,10,27,8,15,Y6061164,,,,0,30.0,0,0
75,10,27,8,16,Y6061165,,,,0,30.0,0,0
75,10,27,8,17,Y6061166,,,,0,30.0,0,0
75,10,27,8,18,Y6061167,,,,0,30.0,0,0
75,10,27,8,19,Y6061168,,,,0,30.0,0,0
75,10,27,8,20,Y6061169,,,,0,30.0,0,0
75,10,27,8,21,Y6061170,,,,0,30.0,0,0
75,10,27,8,22,Y6061171,,,,0,30.0,0,0
75,10,27,8,23,Y6061172,,,,0,30.0,0,0
75,10,27,8,24,Y6061173,,,,0,30.0,0,0
75,10,27,8,25,Y6061174,,,,0,30.0,0,0
75,10,27,8,26,Y6061175,,,,0,30.0,0,0
75,10,27,8,27,Y6061176,,,,0,30.0,0,0
75,10,27,8,28,Y6061177,,,,0,30.0,0,0
75,10,27,8,29,Y6061178,,,,0,30.0,0,0
75,10,27,8,30,Y6061179,,,,0,30.0,0,0
75,10,27,9,10,Y6061180,,,,0,30.0,0,0
75,10,27,9,11,Y6061181,,,,0,30.0,0,0
75,10,27,9,12,Y6061182,,,,0,30.0,0,0
75,10,27,9,13,Y6061183,,,,0,30.0,0,0
75,10,27,9,14,Y6061184,,,,0,30.0,0,0
75,10,27,9,15,Y6061185,,,,0,30.0,0,0
75,10,27,9,16,Y6061186,,,,0,30.0,0,0
75,10,27,9,17,Y6061187,,,,0,30.0,0,0
75,10,27,9,18,Y6061188,,,,0,30.0,0,0
75,10,27,9,19,Y6061189,,,,0,30.0,0,0
75,10,27,9,20,Y6061190,,,,0,30.0,0,0
75,10,27,9,21,Y6061191,,,,0,30.0,0,0
75,10,27,9,22,Y6061192,,,,0,30.0,0,0
75,10,27,9,23,Y6061193,,,,0,30.0,0,0
75,10,27,9,24,Y6061194,,,,0,30.0,0,0
75,10,27,9,25,Y6061195,,,,0,30.0,0,0
75,10,27,9,26,Y6061196,,,,0,30.0,0,0
75,10,27,9,27,Y6061197,,,,0,30.0,0,0
75,10,27,9,28,Y6061198,,,,0,30.0,0,0
75,10,27,9,29,Y6061199,,,,0,30.0,0,0
75,10,27,9,30,Y6061200,,,,0,30.0,0,0
75,10,27,10,10,Y6061201,,,,0,30.0,0,0
75,10,27,10,11,Y6061202,,,,0,30.0,0,0
75,10,27,10,12,Y6061203,,,,0,30.0,0,0
75,10,27,10,13,Y6061204,,,,0,30.0,0,0
75,10,27,10,14,Y6061205,,,,0,30.0,0,0
75,10,27,10,15,Y6061206,,,,0,30.0,0,0
75,10,27,10,16,Y6061207,,,,0,30.0,0,0
75,10,27,10,17,Y6061208,,,,0,30.0,0,0
75,10,27,10,18,Y6061209,,,,0,30.0,0,0
75,10,27,10,19,Y6061210,,,,0,30.0,0,0
75,10,27,10,20,Y6061211,,,,0,30.0,0,0
75,10,27,10,21,Y6061212,,,,0,30.0,0,0
75,10,27,10,22,Y6061213,,,,0,30.0,0,0
75,10,27,10,23,Y6061214,,,,0,30.0,0,0
75,10,27,10,24,Y6061215,,,,0,30.0,0,0
75,10,27,10,25,Y6061216,,,,0,30.0,0,0
75,10,27,10,26,Y6061217,,,,0,30.0,0,0
75,10,27,10,27,Y6061218,,,,0,30.0,0,0
75,10,27,10,28,Y6061219,,,,0,30.0,0,0
75,10,27,10,29,Y6061220,,,,0,30.0,0,0
75,10,27,10,30,Y6061221,,,,0,30.0,0,0
75,10,27,11,10,Y6061222,,,,0,30.0,0,0
75,10,27,11,11,Y6061223,,,,0,30.0,0,0
75,10,27,11,12,Y6061224,,,,0,30.0,0,0
75,10,27,11,13,Y6061225,,,,0,30.0,0,0
75,10,27,11,14,Y6061226,,,,0,30.0,0,0
75,10,27,11,15,Y6061227,,,,0,30.0,0,0
75,10,27,11,16,Y6061228,,,,0,30.0,0,0
75,10,27,11,17,Y6061229,,,,0,30.0,0,0
75,10,27,11,18,Y6061230,,,,0,30.0,0,0
75,10,27,11,19,Y6061231,,,,0,30.0,0,0
75,10,27,11,20,Y6061232,,,,0,30.0,0,0
75,10,27,11,21,Y6061233,,,,0,30.0,0,0
75,10,27,11,22,Y6061234,,,,0,30.0,0,0
75,10,27,11,23,Y6061235,,,,0,30.0,0,0
75,10,27,11,24,Y6061236,,,,0,30.0,0,0
75,10,27,11,25,Y6061237,,,,0,30.0,0,0
75,10,27,11,26,Y6061238,,,,0,30.0,0,0
75,10,27,11,27,Y6061239,,,,0,30.0,0,0
75,10,27,11,28,Y6061240,,,,0,30.0,0,0
75,10,27,11,29,Y6061241,,,,0,30.0,0,0
75,10,27,11,30,Y6061242,,,,0,30.0,0,0
75,10,27,12,10,Y6061243,,,,0,30.0,0,0
75,10,27,12,11,Y6061244,,,,0,30.0,0,0
75,10,27,12,12,Y6061245,,,,0,30.0,0,0
75,10,27,12,13,Y6061246,,,,0,30.0,0,0
75,10,27,12,14,Y6061247,,,,0,30.0,0,0
75,10,27,12,15,Y6061248,,,,0,30.0,0,0
75,10,27,12,16,Y6061249,,,,0,30.0,0,0
75,10,27,12,17,Y6061250,,,,0,30.0,0,0
75,10,27,12,18,Y6061251,,,,0,30.0,0,0
75,10,27,12,19,Y6061252,,,,0,30.0,0,0
75,10,27,12,20,Y6061253,,,,0,30.0,0,0
75,10,27,12,21,Y6061254,,,,0,30.0,0,0
75,10,27,12,22,Y6061255,,,,0,30.0,0,0
75,10,27,12,23,Y6061256,,,,0,30.0,0,0
75,10,27,12,24,Y6061257,,,,0,30.0,0,0
75,10,27,12,25,Y6061258,,,,0,30.0,0,0
75,10,27,12,26,Y6061259,,,,0,30.0,0,0
75,10,27,12,27,Y6061260,,,,0,30.0,0,0
75,10,27,12,28,Y6061261,,,,0,30.0,0,0
75,10,27,12,29,Y6061262,,,,0,30.0,0,0
75,10,27,12,30,Y6061263,,,,0,30.0,0,0
75,10,28,1,10,Y6061264,,,,0,30.0,0,0
75,10,28,1,11,Y6061265,,,,0,30.0,0,0
75,10,28,1,12,Y6061266,,,,0,30.0,0,0
75,10,28,1,13,Y6061267,,,,0,30.0,0,0
75,10,28,1,14,Y6061268,,,,0,30.0,0,0
75,10,28,1,15,Y6061269,,,,0,30.0,0,0
75,10,28,1,16,Y6061270,,,,0,30.0,0,0
75,10,28,1,17,Y6061271,,,,0,30.0,0,0
75,10,28,1,18,Y6061272,,,,0,30.0,0,0
75,10,28,1,19,Y6061273,,,,0,30.0,0,0
75,10,28,1,20,Y6061274,,,,0,30.0,0,0
75,10,28,1,21,Y6061275,,,,0,30.0,0,0
75,10,28,1,22,Y6061276,,,,0,30.0,0,0
75,10,28,1,23,Y6061277,,,,0,30.0,0,0
75,10,28,1,24,Y6061278,,,,0,30.0,0,0
75,10,28,1,25,Y6061279,,,,0,30.0,0,0
75,10,28,1,26,Y6061280,,,,0,30.0,0,0
75,10,28,1,27,Y6061281,,,,0,30.0,0,0
75,10,28,1,28,Y6061282,,,,0,30.0,0,0
75,10,28,1,29,Y6061283,,,,0,30.0,0,0
75,10,28,1,30,Y6061284,,,,0,30.0,0,0
75,10,28,2,10,Y6061285,,,,0,30.0,0,0
75,10,28,2,11,Y6061286,,,,0,30.0,0,0
75,10,28,2,12,Y6061287,,,,0,30.0,0,0
75,10,28,2,13,Y6061288,,,,0,30.0,0,0
75,10,28,2,14,Y6061289,,,,0,30.0,0,0
75,10,28,2,15,Y6061290,,,,0,30.0,0,0
75,10,28,2,16,Y6061291,,,,0,30.0,0,0
75,10,28,2,17,Y6061292,,,,0,30.0,0,0
75,10,28,2,18,Y6061293,,,,0,30.0,0,0
75,10,28,2,19,Y6061294,,,,0,30.0,0,0
75,10,28,2,20,Y6061295,,,,0,30.0,0,0
75,10,28,2,21,Y6061296,,,,0,30.0,0,0
75,10,28,2,22,Y6061297,,,,0,30.0,0,0
75,10,28,2,23,Y6061298,,,,0,30.0,0,0
75,10,28,2,24,Y6061299,,,,0,30.0,0,0
75,10,28,2,25,Y6061300,,,,0,30.0,0,0
75,10,28,2,26,Y6061301,,,,0,30.0,0,0
75,10,28,2,27,Y6061302,,,,0,30.0,0,0
75,10,28,2,28,Y6061303,,,,0,30.0,0,0
75,10,28,2,29,Y6061304,,,,0,30.0,0,0
75,10,28,2,30,Y6061305,,,,0,30.0,0,0
75,10,28,3,10,Y6061306,,,,0,30.0,0,0
75,10,28,3,11,Y6061307,,,,0,30.0,0,0
75,10,28,3,12,Y6061308,,,,0,30.0,0,0
75,10,28,3,13,Y6061309,,,,0,30.0,0,0
75,10,28,3,14,Y6061310,,,,0,30.0,0,0
75,10,28,3,15,Y6061311,,,,0,30.0,0,0
75,10,28,3,16,Y6061312,,,,0,30.0,0,0
75,10,28,3,17,Y6061313,,,,0,30.0,0,0
75,10,28,3,18,Y6061314,,,,0,30.0,0,0
75,10,28,3,19,Y6061315,,,,0,30.0,0,0
75,10,28,3,20,Y6061316,,,,0,30.0,0,0
75,10,28,3,21,Y6061317,,,,0,30.0,0,0
75,10,28,3,22,Y6061318,,,,0,30.0,0,0
75,10,28,3,23,Y6061319,,,,0,30.0,0,0
75,10,28,3,24,Y6061320,,,,0,30.0,0,0
75,10,28,3,25,Y6061321,,,,0,30.0,0,0
75,10,28,3,26,Y6061322,,,,0,30.0,0,0
75,10,28,3,27,Y6061323,,,,0,30.0,0,0
75,10,28,3,28,Y6061324,,,,0,30.0,0,0
75,10,28,3,29,Y6061325,,,,0,30.0,0,0
75,10,28,3,30,Y6061326,,,,0,30.0,0,0
75,10,28,4,10,Y6061327,,,,0,30.0,0,0
75,10,28,4,11,Y6061328,,,,0,30.0,0,0
75,10,28,4,12,Y6061329,,,,0,30.0,0,0
75,10,28,4,13,Y6061330,,,,0,30.0,0,0
75,10,28,4,14,Y6061331,,,,0,30.0,0,0
75,10,28,4,15,Y6061332,,,,0,30.0,0,0
75,10,28,4,16,Y6061333,,,,0,30.0,0,0
75,10,28,4,17,Y6061334,,,,0,30.0,0,0
75,10,28,4,18,Y6061335,,,,0,30.0,0,0
75,10,28,4,19,Y6061336,,,,0,30.0,0,0
75,10,28,4,20,Y6061337,,,,0,30.0,0,0
75,10,28,4,21,Y6061338,,,,0,30.0,0,0
75,10,28,4,22,Y6061339,,,,0,30.0,0,0
75,10,28,4,23,Y6061340,,,,0,30.0,0,0
75,10,28,4,24,Y6061341,,,,0,30.0,0,0
75,10,28,4,25,Y6061342,,,,0,30.0,0,0
75,10,28,4,26,Y6061343,,,,0,30.0,0,0
75,10,28,4,27,Y6061344,,,,0,30.0,0,0
75,10,28,4,28,Y6061345,,,,0,30.0,0,0
75,10,28,4,29,Y6061346,,,,0,30.0,0,0
75,10,28,4,30,Y6061347,,,,0,30.0,0,0
75,10,28,5,10,Y6061348,,,,0,30.0,0,0
75,10,28,5,11,Y6061349,,,,0,30.0,0,0
75,10,28,5,12,Y6061350,,,,0,30.0,0,0
75,10,28,5,13,Y6061351,,,,0,30.0,0,0
75,10,28,5,14,Y6061352,,,,0,30.0,0,0
75,10,28,5,15,Y6061353,,,,0,30.0,0,0
75,10,28,5,16,Y6061354,,,,0,30.0,0,0
75,10,28,5,17,Y6061355,,,,0,30.0,0,0
75,10,28,5,18,Y6061356,,,,0,30.0,0,0
75,10,28,5,19,Y6061357,,,,0,30.0,0,0
75,10,28,5,20,Y6061358,,,,0,30.0,0,0
75,10,28,5,21,Y6061359,,,,0,30.0,0,0
75,10,28,5,22,Y6061360,,,,0,30.0,0,0
75,10,28,5,23,Y6061361,,,,0,30.0,0,0
75,10,28,5,24,Y6061362,,,,0,30.0,0,0
75,10,28,5,25,Y6061363,,,,0,30.0,0,0
75,10,28,5,26,Y6061364,,,,0,30.0,0,0
75,10,28,5,27,Y6061365,,,,0,30.0,0,0
75,10,28,5,28,Y6061366,,,,0,30.0,0,0
75,10,28,5,29,Y6061367,,,,0,30.0,0,0
75,10,28,5,30,Y6061368,,,,0,30.0,0,0
75,10,28,6,10,Y6061369,,,,0,30.0,0,0
75,10,28,6,11,Y6061370,,,,0,30.0,0,0
75,10,28,6,12,Y6061371,,,,0,30.0,0,0
75,10,28,6,13,Y6061372,,,,0,30.0,0,0
75,10,28,6,14,Y6061373,,,,0,30.0,0,0
75,10,28,6,15,Y6061374,,,,0,30.0,0,0
75,10,28,6,16,Y6061375,,,,0,30.0,0,0
75,10,28,6,17,Y6061376,,,,0,30.0,0,0
75,10,28,6,18,Y6061377,,,,0,30.0,0,0
75,10,28,6,19,Y6061378,,,,0,30.0,0,0
75,10,28,6,20,Y6061379,,,,0,30.0,0,0
75,10,28,6,21,Y6061380,,,,0,30.0,0,0
75,10,28,6,22,Y6061381,,,,0,30.0,0,0
75,10,28,6,23,Y6061382,,,,0,30.0,0,0
75,10,28,6,24,Y6061383,,,,0,30.0,0,0
75,10,28,6,25,Y6061384,,,,0,30.0,0,0
75,10,28,6,26,Y6061385,,,,0,30.0,0,0
75,10,28,6,27,Y6061386,,,,0,30.0,0,0
75,10,28,6,28,Y6061387,,,,0,30.0,0,0
75,10,28,6,29,Y6061388,,,,0,30.0,0,0
75,10,28,6,30,Y6061389,,,,0,30.0,0,0
75,10,28,7,10,Y6061390,,,,0,30.0,0,0
75,10,28,7,11,Y6061391,,,,0,30.0,0,0
75,10,28,7,12,Y6061392,,,,0,30.0,0,0
75,10,28,7,13,Y6061393,,,,0,30.0,0,0
75,10,28,7,14,Y6061394,,,,0,30.0,0,0
75,10,28,7,15,Y6061395,,,,0,30.0,0,0
75,10,28,7,16,Y6061396,,,,0,30.0,0,0
75,10,28,7,17,Y6061397,,,,0,30.0,0,0
75,10,28,7,18,Y6061398,,,,0,30.0,0,0
75,10,28,7,19,Y6061399,,,,0,30.0,0,0
75,10,28,7,20,Y6061400,,,,0,30.0,0,0
75,10,28,7,21,Y6061401,,,,0,30.0,0,0
75,10,28,7,22,Y6061402,,,,0,30.0,0,0
75,10,28,7,23,Y6061403,,,,0,30.0,0,0
75,10,28,7,24,Y6061404,,,,0,30.0,0,0
75,10,28,7,25,Y6061405,,,,0,30.0,0,0
75,10,28,7,26,Y6061406,,,,0,30.0,0,0
75,10,28,7,27,Y6061407,,,,0,30.0,0,0
75,10,28,7,28,Y6061408,,,,0,30.0,0,0
75,10,28,7,29,Y6061409,,,,0,30.0,0,0
75,10,28,7,30,Y6061410,,,,0,30.0,0,0
75,10,28,8,10,Y6061411,,,,0,30.0,0,0
75,10,28,8,11,Y6061412,,,,0,30.0,0,0
75,10,28,8,12,Y6061413,,,,0,30.0,0,0
75,10,28,8,13,Y6061414,,,,0,30.0,0,0
75,10,28,8,14,Y6061415,,,,0,30.0,0,0
75,10,28,8,15,Y6061416,,,,0,30.0,0,0
75,10,28,8,16,Y6061417,,,,0,30.0,0,0
75,10,28,8,17,Y6061418,,,,0,30.0,0,0
75,10,28,8,18,Y6061419,,,,0,30.0,0,0
75,10,28,8,19,Y6061420,,,,0,30.0,0,0
75,10,28,8,20,Y6061421,,,,0,30.0,0,0
75,10,28,8,21,Y6061422,,,,0,30.0,0,0
75,10,28,8,22,Y6061423,,,,0,30.0,0,0
75,10,28,8,23,Y6061424,,,,0,30.0,0,0
75,10,28,8,24,Y6061425,,,,0,30.0,0,0
75,10,28,8,25,Y6061426,,,,0,30.0,0,0
75,10,28,8,26,Y6061427,,,,0,30.0,0,0
75,10,28,8,27,Y6061428,,,,0,30.0,0,0
75,10,28,8,28,Y6061429,,,,0,30.0,0,0
75,10,28,8,29,Y6061430,,,,0,30.0,0,0
75,10,28,8,30,Y6061431,,,,0,30.0,0,0
75,10,28,9,10,Y6061432,,,,0,30.0,0,0
75,10,28,9,11,Y6061433,,,,0,30.0,0,0
75,10,28,9,12,Y6061434,,,,0,30.0,0,0
75,10,28,9,13,Y6061435,,,,0,30.0,0,0
75,10,28,9,14,Y6061436,,,,0,30.0,0,0
75,10,28,9,15,Y6061437,,,,0,30.0,0,0
75,10,28,9,16,Y6061438,,,,0,30.0,0,0
75,10,28,9,17,Y6061439,,,,0,30.0,0,0
75,10,28,9,18,Y6061440,,,,0,30.0,0,0
75,10,28,9,19,Y6061441,,,,0,30.0,0,0
75,10,28,9,20,Y6061442,,,,0,30.0,0,0
75,10,28,9,21,Y6061443,,,,0,30.0,0,0
75,10,28,9,22,Y6061444,,,,0,30.0,0,0
75,10,28,9,23,Y6061445,,,,0,30.0,0,0
75,10,28,9,24,Y6061446,,,,0,30.0,0,0
75,10,28,9,25,Y6061447,,,,0,30.0,0,0
75,10,28,9,26,Y6061448,,,,0,30.0,0,0
75,10,28,9,27,Y6061449,,,,0,30.0,0,0
75,10,28,9,28,Y6061450,,,,0,30.0,0,0
75,10,28,9,29,Y6061451,,,,0,30.0,0,0
75,10,28,9,30,Y6061452,,,,0,30.0,0,0
75,10,28,10,10,Y6061453,,,,0,30.0,0,0
75,10,28,10,11,Y6061454,,,,0,30.0,0,0
75,10,28,10,12,Y6061455,,,,0,30.0,0,0
75,10,28,10,13,Y6061456,,,,0,30.0,0,0
75,10,28,10,14,Y6061457,,,,0,30.0,0,0
75,10,28,10,15,Y6061458,,,,0,30.0,0,0
75,10,28,10,16,Y6061459,,,,0,30.0,0,0
75,10,28,10,17,Y6061460,,,,0,30.0,0,0
75,10,28,10,18,Y6061461,,,,0,30.0,0,0
75,10,28,10,19,Y6061462,,,,0,30.0,0,0
75,10,28,10,20,Y6061463,,,,0,30.0,0,0
75,10,28,10,21,Y6061464,,,,0,30.0,0,0
75,10,28,10,22,Y6061465,,,,0,30.0,0,0
75,10,28,10,23,Y6061466,,,,0,30.0,0,0
75,10,28,10,24,Y6061467,,,,0,30.0,0,0
75,10,28,10,25,Y6061468,,,,0,30.0,0,0
75,10,28,10,26,Y6061469,,,,0,30.0,0,0
75,10,28,10,27,Y6061470,,,,0,30.0,0,0
75,10,28,10,28,Y6061471,,,,0,30.0,0,0
75,10,28,10,29,Y6061472,,,,0,30.0,0,0
75,10,28,10,30,Y6061473,,,,0,30.0,0,0
75,10,28,11,10,Y6061474,,,,0,30.0,0,0
75,10,28,11,11,Y6061475,,,,0,30.0,0,0
75,10,28,11,12,Y6061476,,,,0,30.0,0,0
75,10,28,11,13,Y6061477,,,,0,30.0,0,0
75,10,28,11,14,Y6061478,,,,0,30.0,0,0
75,10,28,11,15,Y6061479,,,,0,30.0,0,0
75,10,28,11,16,Y6061480,,,,0,30.0,0,0
75,10,28,11,17,Y6061481,,,,0,30.0,0,0
75,10,28,11,18,Y6061482,,,,0,30.0,0,0
75,10,28,11,19,Y6061483,,,,0,30.0,0,0
75,10,28,11,20,Y6061484,,,,0,30.0,0,0
75,10,28,11,21,Y6061485,,,,0,30.0,0,0
75,10,28,11,22,Y6061486,,,,0,30.0,0,0
75,10,28,11,23,Y6061487,,,,0,30.0,0,0
75,10,28,11,24,Y6061488,,,,0,30.0,0,0
75,10,28,11,25,Y6061489,,,,0,30.0,0,0
75,10,28,11,26,Y6061490,,,,0,30.0,0,0
75,10,28,11,27,Y6061491,,,,0,30.0,0,0
75,10,28,11,28,Y6061492,,,,0,30.0,0,0
75,10,28,11,29,Y6061493,,,,0,30.0,0,0
75,10,28,11,30,Y6061494,,,,0,30.0,0,0
75,10,28,12,10,Y6061495,,,,0,30.0,0,0
75,10,28,12,11,Y6061496,,,,0,30.0,0,0
75,10,28,12,12,Y6061497,,,,0,30.0,0,0
75,10,28,12,13,Y6061498,,,,0,30.0,0,0
75,10,28,12,14,Y6061499,,,,0,30.0,0,0
75,10,28,12,15,Y6061500,,,,0,30.0,0,0
75,10,28,12,16,Y6061501,,,,0,30.0,0,0
75,10,28,12,17,Y6061502,,,,0,30.0,0,0
75,10,28,12,18,Y6061503,,,,0,30.0,0,0
75,10,28,12,19,Y6061504,,,,0,30.0,0,0
75,10,28,12,20,Y6061505,,,,0,30.0,0,0
75,10,28,12,21,Y6061506,,,,0,30.0,0,0
75,10,28,12,22,Y6061507,,,,0,30.0,0,0
75,10,28,12,23,Y6061508,,,,0,30.0,0,0
75,10,28,12,24,Y6061509,,,,0,30.0,0,0
75,10,28,12,25,Y6061510,,,,0,30.0,0,0
75,10,28,12,26,Y6061511,,,,0,30.0,0,0
75,10,28,12,27,Y6061512,,,,0,30.0,0,0
75,10,28,12,28,Y6061513,,,,0,30.0,0,0
75,10,28,12,29,Y6061514,,,,0,30.0,0,0
75,10,28,12,30,Y6061515,,,,0,30.0,0,0
75,10,29,1,10,Y6061516,,,,0,30.0,0,0
75,10,29,1,11,Y6061517,,,,0,30.0,0,0
75,10,29,1,12,Y6061518,,,,0,30.0,0,0
75,10,29,1,13,Y6061519,,,,0,30.0,0,0
75,10,29,1,14,Y6061520,,,,0,30.0,0,0
75,10,29,1,15,Y6061521,,,,0,30.0,0,0
75,10,29,1,16,Y6061522,,,,0,30.0,0,0
75,10,29,1,17,Y6061523,,,,0,30.0,0,0
75,10,29,1,18,Y6061524,,,,0,30.0,0,0
75,10,29,1,19,Y6061525,,,,0,30.0,0,0
75,10,29,1,20,Y6061526,,,,0,30.0,0,0
75,10,29,1,21,Y6061527,,,,0,30.0,0,0
75,10,29,1,22,Y6061528,,,,0,30.0,0,0
75,10,29,1,23,Y6061529,,,,0,30.0,0,0
75,10,29,1,24,Y6061530,,,,0,30.0,0,0
75,10,29,1,25,Y6061531,,,,0,30.0,0,0
75,10,29,1,26,Y6061532,,,,0,30.0,0,0
75,10,29,1,27,Y6061533,,,,0,30.0,0,0
75,10,29,1,28,Y6061534,,,,0,30.0,0,0
75,10,29,1,29,Y6061535,,,,0,30.0,0,0
75,10,29,1,30,Y6061536,,,,0,30.0,0,0
75,10,29,2,10,Y6061537,,,,0,30.0,0,0
75,10,29,2,11,Y6061538,,,,0,30.0,0,0
75,10,29,2,12,Y6061539,,,,0,30.0,0,0
75,10,29,2,13,Y6061540,,,,0,30.0,0,0
75,10,29,2,14,Y6061541,,,,0,30.0,0,0
75,10,29,2,15,Y6061542,,,,0,30.0,0,0
75,10,29,2,16,Y6061543,,,,0,30.0,0,0
75,10,29,2,17,Y6061544,,,,0,30.0,0,0
75,10,29,2,18,Y6061545,,,,0,30.0,0,0
75,10,29,2,19,Y6061546,,,,0,30.0,0,0
75,10,29,2,20,Y6061547,,,,0,30.0,0,0
75,10,29,2,21,Y6061548,,,,0,30.0,0,0
75,10,29,2,22,Y6061549,,,,0,30.0,0,0
75,10,29,2,23,Y6061550,,,,0,30.0,0,0
75,10,29,2,24,Y6061551,,,,0,30.0,0,0
75,10,29,2,25,Y6061552,,,,0,30.0,0,0
75,10,29,2,26,Y6061553,,,,0,30.0,0,0
75,10,29,2,27,Y6061554,,,,0,30.0,0,0
75,10,29,2,28,Y6061555,,,,0,30.0,0,0
75,10,29,2,29,Y6061556,,,,0,30.0,0,0
75,10,29,2,30,Y6061557,,,,0,30.0,0,0
75,10,29,3,10,Y6061558,,,,0,30.0,0,0
75,10,29,3,11,Y6061559,,,,0,30.0,0,0
75,10,29,3,12,Y6061560,,,,0,30.0,0,0
75,10,29,3,13,Y6061561,,,,0,30.0,0,0
75,10,29,3,14,Y6061562,,,,0,30.0,0,0
75,10,29,3,15,Y6061563,,,,0,30.0,0,0
75,10,29,3,16,Y6061564,,,,0,30.0,0,0
75,10,29,3,17,Y6061565,,,,0,30.0,0,0
75,10,29,3,18,Y6061566,,,,0,30.0,0,0
75,10,29,3,19,Y6061567,,,,0,30.0,0,0
75,10,29,3,20,Y6061568,,,,0,30.0,0,0
75,10,29,3,21,Y6061569,,,,0,30.0,0,0
75,10,29,3,22,Y6061570,,,,0,30.0,0,0
75,10,29,3,23,Y6061571,,,,0,30.0,0,0
75,10,29,3,24,Y6061572,,,,0,30.0,0,0
75,10,29,3,25,Y6061573,,,,0,30.0,0,0
75,10,29,3,26,Y6061574,,,,0,30.0,0,0
75,10,29,3,27,Y6061575,,,,0,30.0,0,0
75,10,29,3,28,Y6061576,,,,0,30.0,0,0
75,10,29,3,29,Y6061577,,,,0,30.0,0,0
75,10,29,3,30,Y6061578,,,,0,30.0,0,0
75,10,29,4,10,Y6061579,,,,0,30.0,0,0
75,10,29,4,11,Y6061580,,,,0,30.0,0,0
75,10,29,4,12,Y6061581,,,,0,30.0,0,0
75,10,29,4,13,Y6061582,,,,0,30.0,0,0
75,10,29,4,14,Y6061583,,,,0,30.0,0,0
75,10,29,4,15,Y6061584,,,,0,30.0,0,0
75,10,29,4,16,Y6061585,,,,0,30.0,0,0
75,10,29,4,17,Y6061586,,,,0,30.0,0,0
75,10,29,4,18,Y6061587,,,,0,30.0,0,0
75,10,29,4,19,Y6061588,,,,0,30.0,0,0
75,10,29,4,20,Y6061589,,,,0,30.0,0,0
75,10,29,4,21,Y6061590,,,,0,30.0,0,0
75,10,29,4,22,Y6061591,,,,0,30.0,0,0
75,10,29,4,23,Y6061592,,,,0,30.0,0,0
75,10,29,4,24,Y6061593,,,,0,30.0,0,0
75,10,29,4,25,Y6061594,,,,0,30.0,0,0
75,10,29,4,26,Y6061595,,,,0,30.0,0,0
75,10,29,4,27,Y6061596,,,,0,30.0,0,0
75,10,29,4,28,Y6061597,,,,0,30.0,0,0
75,10,29,4,29,Y6061598,,,,0,30.0,0,0
75,10,29,4,30,Y6061599,,,,0,30.0,0,0
75,10,29,5,10,Y6061600,,,,0,30.0,0,0
75,10,29,5,11,Y6061601,,,,0,30.0,0,0
75,10,29,5,12,Y6061602,,,,0,30.0,0,0
75,10,29,5,13,Y6061603,,,,0,30.0,0,0
75,10,29,5,14,Y6061604,,,,0,30.0,0,0
75,10,29,5,15,Y6061605,,,,0,30.0,0,0
75,10,29,5,16,Y6061606,,,,0,30.0,0,0
75,10,29,5,17,Y6061607,,,,0,30.0,0,0
75,10,29,5,18,Y6061608,,,,0,30.0,0,0
75,10,29,5,19,Y6061609,,,,0,30.0,0,0
75,10,29,5,20,Y6061610,,,,0,30.0,0,0
75,10,29,5,21,Y6061611,,,,0,30.0,0,0
75,10,29,5,22,Y6061612,,,,0,30.0,0,0
75,10,29,5,23,Y6061613,,,,0,30.0,0,0
75,10,29,5,24,Y6061614,,,,0,30.0,0,0
75,10,29,5,25,Y6061615,,,,0,30.0,0,0
75,10,29,5,26,Y6061616,,,,0,30.0,0,0
75,10,29,5,27,Y6061617,,,,0,30.0,0,0
75,10,29,5,28,Y6061618,,,,0,30.0,0,0
75,10,29,5,29,Y6061619,,,,0,30.0,0,0
75,10,29,5,30,Y6061620,,,,0,30.0,0,0
75,10,29,6,10,Y6061621,,,,0,30.0,0,0
75,10,29,6,11,Y6061622,,,,0,30.0,0,0
75,10,29,6,12,Y6061623,,,,0,30.0,0,0
75,10,29,6,13,Y6061624,,,,0,30.0,0,0
75,10,29,6,14,Y6061625,,,,0,30.0,0,0
75,10,29,6,15,Y6061626,,,,0,30.0,0,0
75,10,29,6,16,Y6061627,,,,0,30.0,0,0
75,10,29,6,17,Y6061628,,,,0,30.0,0,0
75,10,29,6,18,Y6061629,,,,0,30.0,0,0
75,10,29,6,19,Y6061630,,,,0,30.0,0,0
75,10,29,6,20,Y6061631,,,,0,30.0,0,0
75,10,29,6,21,Y6061632,,,,0,30.0,0,0
75,10,29,6,22,Y6061633,,,,0,30.0,0,0
75,10,29,6,23,Y6061634,,,,0,30.0,0,0
75,10,29,6,24,Y6061635,,,,0,30.0,0,0
75,10,29,6,25,Y6061636,,,,0,30.0,0,0
75,10,29,6,26,Y6061637,,,,0,30.0,0,0
75,10,29,6,27,Y6061638,,,,0,30.0,0,0
75,10,29,6,28,Y6061639,,,,0,30.0,0,0
75,10,29,6,29,Y6061640,,,,0,30.0,0,0
75,10,29,6,30,Y6061641,,,,0,30.0,0,0
75,10,29,7,10,Y6061642,,,,0,30.0,0,0
75,10,29,7,11,Y6061643,,,,0,30.0,0,0
75,10,29,7,12,Y6061644,,,,0,30.0,0,0
75,10,29,7,13,Y6061645,,,,0,30.0,0,0
75,10,29,7,14,Y6061646,,,,0,30.0,0,0
75,10,29,7,15,Y6061647,,,,0,30.0,0,0
75,10,29,7,16,Y6061648,,,,0,30.0,0,0
75,10,29,7,17,Y6061649,,,,0,30.0,0,0
75,10,29,7,18,Y6061650,,,,0,30.0,0,0
75,10,29,7,19,Y6061651,,,,0,30.0,0,0
75,10,29,7,20,Y6061652,,,,0,30.0,0,0
75,10,29,7,21,Y6061653,,,,0,30.0,0,0
75,10,29,7,22,Y6061654,,,,0,30.0,0,0
75,10,29,7,23,Y6061655,,,,0,30.0,0,0
75,10,29,7,24,Y6061656,,,,0,30.0,0,0
75,10,29,7,25,Y6061657,,,,0,30.0,0,0
75,10,29,7,26,Y6061658,,,,0,30.0,0,0
75,10,29,7,27,Y6061659,,,,0,30.0,0,0
75,10,29,7,28,Y6061660,,,,0,30.0,0,0
75,10,29,7,29,Y6061661,,,,0,30.0,0,0
75,10,29,7,30,Y6061662,,,,0,30.0,0,0
75,10,29,8,10,Y6061663,,,,0,30.0,0,0
75,10,29,8,11,Y6061664,,,,0,30.0,0,0
75,10,29,8,12,Y6061665,,,,0,30.0,0,0
75,10,29,8,13,Y6061666,,,,0,30.0,0,0
75,10,29,8,14,Y6061667,,,,0,30.0,0,0
75,10,29,8,15,Y6061668,,,,0,30.0,0,0
75,10,29,8,16,Y6061669,,,,0,30.0,0,0
75,10,29,8,17,Y6061670,,,,0,30.0,0,0
75,10,29,8,18,Y6061671,,,,0,30.0,0,0
75,10,29,8,19,Y6061672,,,,0,30.0,0,0
75,10,29,8,20,Y6061673,,,,0,30.0,0,0
75,10,29,8,21,Y6061674,,,,0,30.0,0,0
75,10,29,8,22,Y6061675,,,,0,30.0,0,0
75,10,29,8,23,Y6061676,,,,0,30.0,0,0
75,10,29,8,24,Y6061677,,,,0,30.0,0,0
75,10,29,8,25,Y6061678,,,,0,30.0,0,0
75,10,29,8,26,Y6061679,,,,0,30.0,0,0
75,10,29,8,27,Y6061680,,,,0,30.0,0,0
75,10,29,8,28,Y6061681,,,,0,30.0,0,0
75,10,29,8,29,Y6061682,,,,0,30.0,0,0
75,10,29,8,30,Y6061683,,,,0,30.0,0,0
75,10,29,9,10,Y6061684,,,,0,30.0,0,0
75,10,29,9,11,Y6061685,,,,0,30.0,0,0
75,10,29,9,12,Y6061686,,,,0,30.0,0,0
75,10,29,9,13,Y6061687,,,,0,30.0,0,0
75,10,29,9,14,Y6061688,,,,0,30.0,0,0
75,10,29,9,15,Y6061689,,,,0,30.0,0,0
75,10,29,9,16,Y6061690,,,,0,30.0,0,0
75,10,29,9,17,Y6061691,,,,0,30.0,0,0
75,10,29,9,18,Y6061692,,,,0,30.0,0,0
75,10,29,9,19,Y6061693,,,,0,30.0,0,0
75,10,29,9,20,Y6061694,,,,0,30.0,0,0
75,10,29,9,21,Y6061695,,,,0,30.0,0,0
75,10,29,9,22,Y6061696,,,,0,30.0,0,0
75,10,29,9,23,Y6061697,,,,0,30.0,0,0
75,10,29,9,24,Y6061698,,,,0,30.0,0,0
75,10,29,9,25,Y6061699,,,,0,30.0,0,0
75,10,29,9,26,Y6061700,,,,0,30.0,0,0
75,10,29,9,27,Y6061701,,,,0,30.0,0,0
75,10,29,9,28,Y6061702,,,,0,30.0,0,0
75,10,29,9,29,Y6061703,,,,0,30.0,0,0
75,10,29,9,30,Y6061704,,,,0,30.0,0,0
75,10,29,10,10,Y6061705,,,,0,30.0,0,0
75,10,29,10,11,Y6061706,,,,0,30.0,0,0
75,10,29,10,12,Y6061707,,,,0,30.0,0,0
75,10,29,10,13,Y6061708,,,,0,30.0,0,0
75,10,29,10,14,Y6061709,,,,0,30.0,0,0
75,10,29,10,15,Y6061710,,,,0,30.0,0,0
75,10,29,10,16,Y6061711,,,,0,30.0,0,0
75,10,29,10,17,Y6061712,,,,0,30.0,0,0
75,10,29,10,18,Y6061713,,,,0,30.0,0,0
75,10,29,10,19,Y6061714,,,,0,30.0,0,0
75,10,29,10,20,Y6061715,,,,0,30.0,0,0
75,10,29,10,21,Y6061716,,,,0,30.0,0,0
75,10,29,10,22,Y6061717,,,,0,30.0,0,0
75,10,29,10,23,Y6061718,,,,0,30.0,0,0
75,10,29,10,24,Y6061719,,,,0,30.0,0,0
75,10,29,10,25,Y6061720,,,,0,30.0,0,0
75,10,29,10,26,Y6061721,,,,0,30.0,0,0
75,10,29,10,27,Y6061722,,,,0,30.0,0,0
75,10,29,10,28,Y6061723,,,,0,30.0,0,0
75,10,29,10,29,Y6061724,,,,0,30.0,0,0
75,10,29,10,30,Y6061725,,,,0,30.0,0,0
75,10,29,11,10,Y6061726,,,,0,30.0,0,0
75,10,29,11,11,Y6061727,,,,0,30.0,0,0
75,10,29,11,12,Y6061728,,,,0,30.0,0,0
75,10,29,11,13,Y6061729,,,,0,30.0,0,0
75,10,29,11,14,Y6061730,,,,0,30.0,0,0
75,10,29,11,15,Y6061731,,,,0,30.0,0,0
75,10,29,11,16,Y6061732,,,,0,30.0,0,0
75,10,29,11,17,Y6061733,,,,0,30.0,0,0
75,10,29,11,18,Y6061734,,,,0,30.0,0,0
75,10,29,11,19,Y6061735,,,,0,30.0,0,0
75,10,29,11,20,Y6061736,,,,0,30.0,0,0
75,10,29,11,21,Y6061737,,,,0,30.0,0,0
75,10,29,11,22,Y6061738,,,,0,30.0,0,0
75,10,29,11,23,Y6061739,,,,0,30.0,0,0
75,10,29,11,24,Y6061740,,,,0,30.0,0,0
75,10,29,11,25,Y6061741,,,,0,30.0,0,0
75,10,29,11,26,Y6061742,,,,0,30.0,0,0
75,10,29,11,27,Y6061743,,,,0,30.0,0,0
75,10,29,11,28,Y6061744,,,,0,30.0,0,0
75,10,29,11,29,Y6061745,,,,0,30.0,0,0
75,10,29,11,30,Y6061746,,,,0,30.0,0,0
75,10,29,12,10,Y6061747,,,,0,30.0,0,0
75,10,29,12,11,Y6061748,,,,0,30.0,0,0
75,10,29,12,12,Y6061749,,,,0,30.0,0,0
75,10,29,12,13,Y6061750,,,,0,30.0,0,0
75,10,29,12,14,Y6061751,,,,0,30.0,0,0
75,10,29,12,15,Y6061752,,,,0,30.0,0,0
75,10,29,12,16,Y6061753,,,,0,30.0,0,0
75,10,29,12,17,Y6061754,,,,0,30.0,0,0
75,10,29,12,18,Y6061755,,,,0,30.0,0,0
75,10,29,12,19,Y6061756,,,,0,30.0,0,0
75,10,29,12,20,Y6061757,,,,0,30.0,0,0
75,10,29,12,21,Y6061758,,,,0,30.0,0,0
75,10,29,12,22,Y6061759,,,,0,30.0,0,0
75,10,29,12,23,Y6061760,,,,0,30.0,0,0
75,10,29,12,24,Y6061761,,,,0,30.0,0,0
75,10,29,12,25,Y6061762,,,,0,30.0,0,0
75,10,29,12,26,Y6061763,,,,0,30.0,0,0
75,10,29,12,27,Y6061764,,,,0,30.0,0,0
75,10,29,12,28,Y6061765,,,,0,30.0,0,0
75,10,29,12,29,Y6061766,,,,0,30.0,0,0
75,10,29,12,30,Y6061767,,,,0,30.0,0,0
75,10,30,1,10,Y6061768,,,,0,30.0,0,0
75,10,30,1,11,Y6061769,,,,0,30.0,0,0
75,10,30,1,12,Y6061770,,,,0,30.0,0,0
75,10,30,1,13,Y6061771,,,,0,30.0,0,0
75,10,30,1,14,Y6061772,,,,0,30.0,0,0
75,10,30,1,15,Y6061773,,,,0,30.0,0,0
75,10,30,1,16,Y6061774,,,,0,30.0,0,0
75,10,30,1,17,Y6061775,,,,0,30.0,0,0
75,10,30,1,18,Y6061776,,,,0,30.0,0,0
75,10,30,1,19,Y6061777,,,,0,30.0,0,0
75,10,30,1,20,Y6061778,,,,0,30.0,0,0
75,10,30,1,21,Y6061779,,,,0,30.0,0,0
75,10,30,1,22,Y6061780,,,,0,30.0,0,0
75,10,30,1,23,Y6061781,,,,0,30.0,0,0
75,10,30,1,24,Y6061782,,,,0,30.0,0,0
75,10,30,1,25,Y6061783,,,,0,30.0,0,0
75,10,30,1,26,Y6061784,,,,0,30.0,0,0
75,10,30,1,27,Y6061785,,,,0,30.0,0,0
75,10,30,1,28,Y6061786,,,,0,30.0,0,0
75,10,30,1,29,Y6061787,,,,0,30.0,0,0
75,10,30,1,30,Y6061788,,,,0,30.0,0,0
75,10,30,2,10,Y6061789,,,,0,30.0,0,0
75,10,30,2,11,Y6061790,,,,0,30.0,0,0
75,10,30,2,12,Y6061791,,,,0,30.0,0,0
75,10,30,2,13,Y6061792,,,,0,30.0,0,0
75,10,30,2,14,Y6061793,,,,0,30.0,0,0
75,10,30,2,15,Y6061794,,,,0,30.0,0,0
75,10,30,2,16,Y6061795,,,,0,30.0,0,0
75,10,30,2,17,Y6061796,,,,0,30.0,0,0
75,10,30,2,18,Y6061797,,,,0,30.0,0,0
75,10,30,2,19,Y6061798,,,,0,30.0,0,0
75,10,30,2,20,Y6061799,,,,0,30.0,0,0
75,10,30,2,21,Y6061800,,,,0,30.0,0,0
75,10,30,2,22,Y6061801,,,,0,30.0,0,0
75,10,30,2,23,Y6061802,,,,0,30.0,0,0
75,10,30,2,24,Y6061803,,,,0,30.0,0,0
75,10,30,2,25,Y6061804,,,,0,30.0,0,0
75,10,30,2,26,Y6061805,,,,0,30.0,0,0
75,10,30,2,27,Y6061806,,,,0,30.0,0,0
75,10,30,2,28,Y6061807,,,,0,30.0,0,0
75,10,30,2,29,Y6061808,,,,0,30.0,0,0
75,10,30,2,30,Y6061809,,,,0,30.0,0,0
75,10,30,3,10,Y6061810,,,,0,30.0,0,0
75,10,30,3,11,Y6061811,,,,0,30.0,0,0
75,10,30,3,12,Y6061812,,,,0,30.0,0,0
75,10,30,3,13,Y6061813,,,,0,30.0,0,0
75,10,30,3,14,Y6061814,,,,0,30.0,0,0
75,10,30,3,15,Y6061815,,,,0,30.0,0,0
75,10,30,3,16,Y6061816,,,,0,30.0,0,0
75,10,30,3,17,Y6061817,,,,0,30.0,0,0
75,10,30,3,18,Y6061818,,,,0,30.0,0,0
75,10,30,3,19,Y6061819,,,,0,30.0,0,0
75,10,30,3,20,Y6061820,,,,0,30.0,0,0
75,10,30,3,21,Y6061821,,,,0,30.0,0,0
75,10,30,3,22,Y6061822,,,,0,30.0,0,0
75,10,30,3,23,Y6061823,,,,0,30.0,0,0
75,10,30,3,24,Y6061824,,,,0,30.0,0,0
75,10,30,3,25,Y6061825,,,,0,30.0,0,0
75,10,30,3,26,Y6061826,,,,0,30.0,0,0
75,10,30,3,27,Y6061827,,,,0,30.0,0,0
75,10,30,3,28,Y6061828,,,,0,30.0,0,0
75,10,30,3,29,Y6061829,,,,0,30.0,0,0
75,10,30,3,30,Y6061830,,,,0,30.0,0,0
75,10,30,4,10,Y6061831,,,,0,30.0,0,0
75,10,30,4,11,Y6061832,,,,0,30.0,0,0
75,10,30,4,12,Y6061833,,,,0,30.0,0,0
75,10,30,4,13,Y6061834,,,,0,30.0,0,0
75,10,30,4,14,Y6061835,,,,0,30.0,0,0
75,10,30,4,15,Y6061836,,,,0,30.0,0,0
75,10,30,4,16,Y6061837,,,,0,30.0,0,0
75,10,30,4,17,Y6061838,,,,0,30.0,0,0
75,10,30,4,18,Y6061839,,,,0,30.0,0,0
75,10,30,4,19,Y6061840,,,,0,30.0,0,0
75,10,30,4,20,Y6061841,,,,0,30.0,0,0
75,10,30,4,21,Y6061842,,,,0,30.0,0,0
75,10,30,4,22,Y6061843,,,,0,30.0,0,0
75,10,30,4,23,Y6061844,,,,0,30.0,0,0
75,10,30,4,24,Y6061845,,,,0,30.0,0,0
75,10,30,4,25,Y6061846,,,,0,30.0,0,0
75,10,30,4,26,Y6061847,,,,0,30.0,0,0
75,10,30,4,27,Y6061848,,,,0,30.0,0,0
75,10,30,4,28,Y6061849,,,,0,30.0,0,0
75,10,30,4,29,Y6061850,,,,0,30.0,0,0
75,10,30,4,30,Y6061851,,,,0,30.0,0,0
75,10,30,5,10,Y6061852,,,,0,30.0,0,0
75,10,30,5,11,Y6061853,,,,0,30.0,0,0
75,10,30,5,12,Y6061854,,,,0,30.0,0,0
75,10,30,5,13,Y6061855,,,,0,30.0,0,0
75,10,30,5,14,Y6061856,,,,0,30.0,0,0
75,10,30,5,15,Y6061857,,,,0,30.0,0,0
75,10,30,5,16,Y6061858,,,,0,30.0,0,0
75,10,30,5,17,Y6061859,,,,0,30.0,0,0
75,10,30,5,18,Y6061860,,,,0,30.0,0,0
75,10,30,5,19,Y6061861,,,,0,30.0,0,0
75,10,30,5,20,Y6061862,,,,0,30.0,0,0
75,10,30,5,21,Y6061863,,,,0,30.0,0,0
75,10,30,5,22,Y6061864,,,,0,30.0,0,0
75,10,30,5,23,Y6061865,,,,0,30.0,0,0
75,10,30,5,24,Y6061866,,,,0,30.0,0,0
75,10,30,5,25,Y6061867,,,,0,30.0,0,0
75,10,30,5,26,Y6061868,,,,0,30.0,0,0
75,10,30,5,27,Y6061869,,,,0,30.0,0,0
75,10,30,5,28,Y6061870,,,,0,30.0,0,0
75,10,30,5,29,Y6061871,,,,0,30.0,0,0
75,10,30,5,30,Y6061872,,,,0,30.0,0,0
75,10,30,6,10,Y6061873,,,,0,30.0,0,0
75,10,30,6,11,Y6061874,,,,0,30.0,0,0
75,10,30,6,12,Y6061875,,,,0,30.0,0,0
75,10,30,6,13,Y6061876,,,,0,30.0,0,0
75,10,30,6,14,Y6061877,,,,0,30.0,0,0
75,10,30,6,15,Y6061878,,,,0,30.0,0,0
75,10,30,6,16,Y6061879,,,,0,30.0,0,0
75,10,30,6,17,Y6061880,,,,0,30.0,0,0
75,10,30,6,18,Y6061881,,,,0,30.0,0,0
75,10,30,6,19,Y6061882,,,,0,30.0,0,0
75,10,30,6,20,Y6061883,,,,0,30.0,0,0
75,10,30,6,21,Y6061884,,,,0,30.0,0,0
75,10,30,6,22,Y6061885,,,,0,30.0,0,0
75,10,30,6,23,Y6061886,,,,0,30.0,0,0
75,10,30,6,24,Y6061887,,,,0,30.0,0,0
75,10,30,6,25,Y6061888,,,,0,30.0,0,0
75,10,30,6,26,Y6061889,,,,0,30.0,0,0
75,10,30,6,27,Y6061890,,,,0,30.0,0,0
75,10,30,6,28,Y6061891,,,,0,30.0,0,0
75,10,30,6,29,Y6061892,,,,0,30.0,0,0
75,10,30,6,30,Y6061893,,,,0,30.0,0,0
75,10,30,7,10,Y6061894,,,,0,30.0,0,0
75,10,30,7,11,Y6061895,,,,0,30.0,0,0
75,10,30,7,12,Y6061896,,,,0,30.0,0,0
75,10,30,7,13,Y6061897,,,,0,30.0,0,0
75,10,30,7,14,Y6061898,,,,0,30.0,0,0
75,10,30,7,15,Y6061899,,,,0,30.0,0,0
75,10,30,7,16,Y6061900,,,,0,30.0,0,0
75,10,30,7,17,Y6061901,,,,0,30.0,0,0
75,10,30,7,18,Y6061902,,,,0,30.0,0,0
75,10,30,7,19,Y6061903,,,,0,30.0,0,0
75,10,30,7,20,Y6061904,,,,0,30.0,0,0
75,10,30,7,21,Y6061905,,,,0,30.0,0,0
75,10,30,7,22,Y6061906,,,,0,30.0,0,0
75,10,30,7,23,Y6061907,,,,0,30.0,0,0
75,10,30,7,24,Y6061908,,,,0,30.0,0,0
75,10,30,7,25,Y6061909,,,,0,30.0,0,0
75,10,30,7,26,Y6061910,,,,0,30.0,0,0
75,10,30,7,27,Y6061911,,,,0,30.0,0,0
75,10,30,7,28,Y6061912,,,,0,30.0,0,0
75,10,30,7,29,Y6061913,,,,0,30.0,0,0
75,10,30,7,30,Y6061914,,,,0,30.0,0,0
75,10,30,8,10,Y6061915,,,,0,30.0,0,0
75,10,30,8,11,Y6061916,,,,0,30.0,0,0
75,10,30,8,12,Y6061917,,,,0,30.0,0,0
75,10,30,8,13,Y6061918,,,,0,30.0,0,0
75,10,30,8,14,Y6061919,,,,0,30.0,0,0
75,10,30,8,15,Y6061920,,,,0,30.0,0,0
75,10,30,8,16,Y6061921,,,,0,30.0,0,0
75,10,30,8,17,Y6061922,,,,0,30.0,0,0
75,10,30,8,18,Y6061923,,,,0,30.0,0,0
75,10,30,8,19,Y6061924,,,,0,30.0,0,0
75,10,30,8,20,Y6061925,,,,0,30.0,0,0
75,10,30,8,21,Y6061926,,,,0,30.0,0,0
75,10,30,8,22,Y6061927,,,,0,30.0,0,0
75,10,30,8,23,Y6061928,,,,0,30.0,0,0
75,10,30,8,24,Y6061929,,,,0,30.0,0,0
75,10,30,8,25,Y6061930,,,,0,30.0,0,0
75,10,30,8,26,Y6061931,,,,0,30.0,0,0
75,10,30,8,27,Y6061932,,,,0,30.0,0,0
75,10,30,8,28,Y6061933,,,,0,30.0,0,0
75,10,30,8,29,Y6061934,,,,0,30.0,0,0
75,10,30,8,30,Y6061935,,,,0,30.0,0,0
75,10,30,9,10,Y6061936,,,,0,30.0,0,0
75,10,30,9,11,Y6061937,,,,0,30.0,0,0
75,10,30,9,12,Y6061938,,,,0,30.0,0,0
75,10,30,9,13,Y6061939,,,,0,30.0,0,0
75,10,30,9,14,Y6061940,,,,0,30.0,0,0
75,10,30,9,15,Y6061941,,,,0,30.0,0,0
75,10,30,9,16,Y6061942,,,,0,30.0,0,0
75,10,30,9,17,Y6061943,,,,0,30.0,0,0
75,10,30,9,18,Y6061944,,,,0,30.0,0,0
75,10,30,9,19,Y6061945,,,,0,30.0,0,0
75,10,30,9,20,Y6061946,,,,0,30.0,0,0
75,10,30,9,21,Y6061947,,,,0,30.0,0,0
75,10,30,9,22,Y6061948,,,,0,30.0,0,0
75,10,30,9,23,Y6061949,,,,0,30.0,0,0
75,10,30,9,24,Y6061950,,,,0,30.0,0,0
75,10,30,9,25,Y6061951,,,,0,30.0,0,0
75,10,30,9,26,Y6061952,,,,0,30.0,0,0
75,10,30,9,27,Y6061953,,,,0,30.0,0,0
75,10,30,9,28,Y6061954,,,,0,30.0,0,0
75,10,30,9,29,Y6061955,,,,0,30.0,0,0
75,10,30,9,30,Y6061956,,,,0,30.0,0,0
75,10,30,10,10,Y6061957,,,,0,30.0,0,0
75,10,30,10,11,Y6061958,,,,0,30.0,0,0
75,10,30,10,12,Y6061959,,,,0,30.0,0,0
75,10,30,10,13,Y6061960,,,,0,30.0,0,0
75,10,30,10,14,Y6061961,,,,0,30.0,0,0
75,10,30,10,15,Y6061962,,,,0,30.0,0,0
75,10,30,10,16,Y6061963,,,,0,30.0,0,0
75,10,30,10,17,Y6061964,,,,0,30.0,0,0
75,10,30,10,18,Y6061965,,,,0,30.0,0,0
75,10,30,10,19,Y6061966,,,,0,30.0,0,0
75,10,30,10,20,Y6061967,,,,0,30.0,0,0
75,10,30,10,21,Y6061968,,,,0,30.0,0,0
75,10,30,10,22,Y6061969,,,,0,30.0,0,0
75,10,30,10,23,Y6061970,,,,0,30.0,0,0
75,10,30,10,24,Y6061971,,,,0,30.0,0,0
75,10,30,10,25,Y6061972,,,,0,30.0,0,0
75,10,30,10,26,Y6061973,,,,0,30.0,0,0
75,10,30,10,27,Y6061974,,,,0,30.0,0,0
75,10,30,10,28,Y6061975,,,,0,30.0,0,0
75,10,30,10,29,Y6061976,,,,0,30.0,0,0
75,10,30,10,30,Y6061977,,,,0,30.0,0,0
75,10,30,11,10,Y6061978,,,,0,30.0,0,0
75,10,30,11,11,Y6061979,,,,0,30.0,0,0
75,10,30,11,12,Y6061980,,,,0,30.0,0,0
75,10,30,11,13,Y6061981,,,,0,30.0,0,0
75,10,30,11,14,Y6061982,,,,0,30.0,0,0
75,10,30,11,15,Y6061983,,,,0,30.0,0,0
75,10,30,11,16,Y6061984,,,,0,30.0,0,0
75,10,30,11,17,Y6061985,,,,0,30.0,0,0
75,10,30,11,18,Y6061986,,,,0,30.0,0,0
75,10,30,11,19,Y6061987,,,,0,30.0,0,0
75,10,30,11,20,Y6061988,,,,0,30.0,0,0
75,10,30,11,21,Y6061989,,,,0,30.0,0,0
75,10,30,11,22,Y6061990,,,,0,30.0,0,0
75,10,30,11,23,Y6061991,,,,0,30.0,0,0
75,10,30,11,24,Y6061992,,,,0,30.0,0,0
75,10,30,11,25,Y6061993,,,,0,30.0,0,0
75,10,30,11,26,Y6061994,,,,0,30.0,0,0
75,10,30,11,27,Y6061995,,,,0,30.0,0,0
75,10,30,11,28,Y6061996,,,,0,30.0,0,0
75,10,30,11,29,Y6061997,,,,0,30.0,0,0
75,10,30,11,30,Y6061998,,,,0,30.0,0,0
75,10,30,12,10,Y6061999,,,,0,30.0,0,0
75,10,30,12,11,Y6062000,,,,0,30.0,0,0
75,10,30,12,12,Y6062001,,,,0,30.0,0,0
75,10,30,12,13,Y6062002,,,,0,30.0,0,0
75,10,30,12,14,Y6062003,,,,0,30.0,0,0
75,10,30,12,15,Y6062004,,,,0,30.0,0,0
75,10,30,12,16,Y6062005,,,,0,30.0,0,0
75,10,30,12,17,Y6062006,,,,0,30.0,0,0
75,10,30,12,18,Y6062007,,,,0,30.0,0,0
75,10,30,12,19,Y6062008,,,,0,30.0,0,0
75,10,30,12,20,Y6062009,,,,0,30.0,0,0
75,10,30,12,21,Y6062010,,,,0,30.0,0,0
75,10,30,12,22,Y6062011,,,,0,30.0,0,0
75,10,30,12,23,Y6062012,,,,0,30.0,0,0
75,10,30,12,24,Y6062013,,,,0,30.0,0,0
75,10,30,12,25,Y6062014,,,,0,30.0,0,0
75,10,30,12,26,Y6062015,,,,0,30.0,0,0
75,10,30,12,27,Y6062016,,,,0,30.0,0,0
75,10,30,12,28,Y6062017,,,,0,30.0,0,0
75,10,30,12,29,Y6062018,,,,0,30.0,0,0
75,10,30,12,30,Y6062019,,,,0,30.0,0,0
75,11,0,1,10,Y6062020,,,,0,30.0,0,0
75,11,0,1,11,Y6062021,,,,0,30.0,0,0
75,11,0,1,12,Y6062022,,,,0,30.0,0,0
75,11,0,1,13,Y6062023,,,,0,30.0,0,0
75,11,0,1,14,Y6062024,,,,0,30.0,0,0
75,11,0,1,15,Y6062025,,,,0,30.0,0,0
75,11,0,1,16,Y6062026,,,,0,30.0,0,0
75,11,0,1,17,Y6062027,,,,0,30.0,0,0
75,11,0,1,18,Y6062028,,,,0,30.0,0,0
75,11,0,1,19,Y6062029,,,,0,30.0,0,0
75,11,0,1,20,Y6062030,,,,0,30.0,0,0
75,11,0,1,21,Y6062031,,,,0,30.0,0,0
75,11,0,1,22,Y6062032,,,,0,30.0,0,0
75,11,0,1,23,Y6062033,,,,0,30.0,0,0
75,11,0,1,24,Y6062034,,,,0,30.0,0,0
75,11,0,1,25,Y6062035,,,,0,30.0,0,0
75,11,0,1,26,Y6062036,,,,0,30.0,0,0
75,11,0,1,27,Y6062037,,,,0,30.0,0,0
75,11,0,1,28,Y6062038,,,,0,30.0,0,0
75,11,0,1,29,Y6062039,,,,0,30.0,0,0
75,11,0,1,30,Y6062040,,,,0,30.0,0,0
75,11,0,2,10,Y6062041,,,,0,30.0,0,0
75,11,0,2,11,Y6062042,,,,0,30.0,0,0
75,11,0,2,12,Y6062043,,,,0,30.0,0,0
75,11,0,2,13,Y6062044,,,,0,30.0,0,0
75,11,0,2,14,Y6062045,,,,0,30.0,0,0
75,11,0,2,15,Y6062046,,,,0,30.0,0,0
75,11,0,2,16,Y6062047,,,,0,30.0,0,0
75,11,0,2,17,Y6062048,,,,0,30.0,0,0
75,11,0,2,18,Y6062049,,,,0,30.0,0,0
75,11,0,2,19,Y6062050,,,,0,30.0,0,0
75,11,0,2,20,Y6062051,,,,0,30.0,0,0
75,11,0,2,21,Y6062052,,,,0,30.0,0,0
75,11,0,2,22,Y6062053,,,,0,30.0,0,0
75,11,0,2,23,Y6062054,,,,0,30.0,0,0
75,11,0,2,24,Y6062055,,,,0,30.0,0,0
75,11,0,2,25,Y6062056,,,,0,30.0,0,0
75,11,0,2,26,Y6062057,,,,0,30.0,0,0
75,11,0,2,27,Y6062058,,,,0,30.0,0,0
75,11,0,2,28,Y6062059,,,,0,30.0,0,0
75,11,0,2,29,Y6062060,,,,0,30.0,0,0
75,11,0,2,30,Y6062061,,,,0,30.0,0,0
75,11,0,3,10,Y6062062,,,,0,30.0,0,0
75,11,0,3,11,Y6062063,,,,0,30.0,0,0
75,11,0,3,12,Y6062064,,,,0,30.0,0,0
75,11,0,3,13,Y6062065,,,,0,30.0,0,0
75,11,0,3,14,Y6062066,,,,0,30.0,0,0
75,11,0,3,15,Y6062067,,,,0,30.0,0,0
75,11,0,3,16,Y6062068,,,,0,30.0,0,0
75,11,0,3,17,Y6062069,,,,0,30.0,0,0
75,11,0,3,18,Y6062070,,,,0,30.0,0,0
75,11,0,3,19,Y6062071,,,,0,30.0,0,0
75,11,0,3,20,Y6062072,,,,0,30.0,0,0
75,11,0,3,21,Y6062073,,,,0,30.0,0,0
75,11,0,3,22,Y6062074,,,,0,30.0,0,0
75,11,0,3,23,Y6062075,,,,0,30.0,0,0
75,11,0,3,24,Y6062076,,,,0,30.0,0,0
75,11,0,3,25,Y6062077,,,,0,30.0,0,0
75,11,0,3,26,Y6062078,,,,0,30.0,0,0
75,11,0,3,27,Y6062079,,,,0,30.0,0,0
75,11,0,3,28,Y6062080,,,,0,30.0,0,0
75,11,0,3,29,Y6062081,,,,0,30.0,0,0
75,11,0,3,30,Y6062082,,,,0,30.0,0,0
75,11,0,4,10,Y6062083,,,,0,30.0,0,0
75,11,0,4,11,Y6062084,,,,0,30.0,0,0
75,11,0,4,12,Y6062085,,,,0,30.0,0,0
75,11,0,4,13,Y6062086,,,,0,30.0,0,0
75,11,0,4,14,Y6062087,,,,0,30.0,0,0
75,11,0,4,15,Y6062088,,,,0,30.0,0,0
75,11,0,4,16,Y6062089,,,,0,30.0,0,0
75,11,0,4,17,Y6062090,,,,0,30.0,0,0
75,11,0,4,18,Y6062091,,,,0,30.0,0,0
75,11,0,4,19,Y6062092,,,,0,30.0,0,0
75,11,0,4,20,Y6062093,,,,0,30.0,0,0
75,11,0,4,21,Y6062094,,,,0,30.0,0,0
75,11,0,4,22,Y6062095,,,,0,30.0,0,0
75,11,0,4,23,Y6062096,,,,0,30.0,0,0
75,11,0,4,24,Y6062097,,,,0,30.0,0,0
75,11,0,4,25,Y6062098,,,,0,30.0,0,0
75,11,0,4,26,Y6062099,,,,0,30.0,0,0
75,11,0,4,27,Y6062100,,,,0,30.0,0,0
75,11,0,4,28,Y6062101,,,,0,30.0,0,0
75,11,0,4,29,Y6062102,,,,0,30.0,0,0
75,11,0,4,30,Y6062103,,,,0,30.0,0,0
75,11,0,5,10,Y6062104,,,,0,30.0,0,0
75,11,0,5,11,Y6062105,,,,0,30.0,0,0
75,11,0,5,12,Y6062106,,,,0,30.0,0,0
75,11,0,5,13,Y6062107,,,,0,30.0,0,0
75,11,0,5,14,Y6062108,,,,0,30.0,0,0
75,11,0,5,15,Y6062109,,,,0,30.0,0,0
75,11,0,5,16,Y6062110,,,,0,30.0,0,0
75,11,0,5,17,Y6062111,,,,0,30.0,0,0
75,11,0,5,18,Y6062112,,,,0,30.0,0,0
75,11,0,5,19,Y6062113,,,,0,30.0,0,0
75,11,0,5,20,Y6062114,,,,0,30.0,0,0
75,11,0,5,21,Y6062115,,,,0,30.0,0,0
75,11,0,5,22,Y6062116,,,,0,30.0,0,0
75,11,0,5,23,Y6062117,,,,0,30.0,0,0
75,11,0,5,24,Y6062118,,,,0,30.0,0,0
75,11,0,5,25,Y6062119,,,,0,30.0,0,0
75,11,0,5,26,Y6062120,,,,0,30.0,0,0
75,11,0,5,27,Y6062121,,,,0,30.0,0,0
75,11,0,5,28,Y6062122,,,,0,30.0,0,0
75,11,0,5,29,Y6062123,,,,0,30.0,0,0
75,11,0,5,30,Y6062124,,,,0,30.0,0,0
75,11,0,6,10,Y6062125,,,,0,30.0,0,0
75,11,0,6,11,Y6062126,,,,0,30.0,0,0
75,11,0,6,12,Y6062127,,,,0,30.0,0,0
75,11,0,6,13,Y6062128,,,,0,30.0,0,0
75,11,0,6,14,Y6062129,,,,0,30.0,0,0
75,11,0,6,15,Y6062130,,,,0,30.0,0,0
75,11,0,6,16,Y6062131,,,,0,30.0,0,0
75,11,0,6,17,Y6062132,,,,0,30.0,0,0
75,11,0,6,18,Y6062133,,,,0,30.0,0,0
75,11,0,6,19,Y6062134,,,,0,30.0,0,0
75,11,0,6,20,Y6062135,,,,0,30.0,0,0
75,11,0,6,21,Y6062136,,,,0,30.0,0,0
75,11,0,6,22,Y6062137,,,,0,30.0,0,0
75,11,0,6,23,Y6062138,,,,0,30.0,0,0
75,11,0,6,24,Y6062139,,,,0,30.0,0,0
75,11,0,6,25,Y6062140,,,,0,30.0,0,0
75,11,0,6,26,Y6062141,,,,0,30.0,0,0
75,11,0,6,27,Y6062142,,,,0,30.0,0,0
75,11,0,6,28,Y6062143,,,,0,30.0,0,0
75,11,0,6,29,Y6062144,,,,0,30.0,0,0
75,11,0,6,30,Y6062145,,,,0,30.0,0,0
75,11,0,7,10,Y6062146,,,,0,30.0,0,0
75,11,0,7,11,Y6062147,,,,0,30.0,0,0
75,11,0,7,12,Y6062148,,,,0,30.0,0,0
75,11,0,7,13,Y6062149,,,,0,30.0,0,0
75,11,0,7,14,Y6062150,,,,0,30.0,0,0
75,11,0,7,15,Y6062151,,,,0,30.0,0,0
75,11,0,7,16,Y6062152,,,,0,30.0,0,0
75,11,0,7,17,Y6062153,,,,0,30.0,0,0
75,11,0,7,18,Y6062154,,,,0,30.0,0,0
75,11,0,7,19,Y6062155,,,,0,30.0,0,0
75,11,0,7,20,Y6062156,,,,0,30.0,0,0
75,11,0,7,21,Y6062157,,,,0,30.0,0,0
75,11,0,7,22,Y6062158,,,,0,30.0,0,0
75,11,0,7,23,Y6062159,,,,0,30.0,0,0
75,11,0,7,24,Y6062160,,,,0,30.0,0,0
75,11,0,7,25,Y6062161,,,,0,30.0,0,0
75,11,0,7,26,Y6062162,,,,0,30.0,0,0
75,11,0,7,27,Y6062163,,,,0,30.0,0,0
75,11,0,7,28,Y6062164,,,,0,30.0,0,0
75,11,0,7,29,Y6062165,,,,0,30.0,0,0
75,11,0,7,30,Y6062166,,,,0,30.0,0,0
75,11,0,8,10,Y6062167,,,,0,30.0,0,0
75,11,0,8,11,Y6062168,,,,0,30.0,0,0
75,11,0,8,12,Y6062169,,,,0,30.0,0,0
75,11,0,8,13,Y6062170,,,,0,30.0,0,0
75,11,0,8,14,Y6062171,,,,0,30.0,0,0
75,11,0,8,15,Y6062172,,,,0,30.0,0,0
75,11,0,8,16,Y6062173,,,,0,30.0,0,0
75,11,0,8,17,Y6062174,,,,0,30.0,0,0
75,11,0,8,18,Y6062175,,,,0,30.0,0,0
75,11,0,8,19,Y6062176,,,,0,30.0,0,0
75,11,0,8,20,Y6062177,,,,0,30.0,0,0
75,11,0,8,21,Y6062178,,,,0,30.0,0,0
75,11,0,8,22,Y6062179,,,,0,30.0,0,0
75,11,0,8,23,Y6062180,,,,0,30.0,0,0
75,11,0,8,24,Y6062181,,,,0,30.0,0,0
75,11,0,8,25,Y6062182,,,,0,30.0,0,0
75,11,0,8,26,Y6062183,,,,0,30.0,0,0
75,11,0,8,27,Y6062184,,,,0,30.0,0,0
75,11,0,8,28,Y6062185,,,,0,30.0,0,0
75,11,0,8,29,Y6062186,,,,0,30.0,0,0
75,11,0,8,30,Y6062187,,,,0,30.0,0,0
75,11,0,9,10,Y6062188,,,,0,30.0,0,0
75,11,0,9,11,Y6062189,,,,0,30.0,0,0
75,11,0,9,12,Y6062190,,,,0,30.0,0,0
75,11,0,9,13,Y6062191,,,,0,30.0,0,0
75,11,0,9,14,Y6062192,,,,0,30.0,0,0
75,11,0,9,15,Y6062193,,,,0,30.0,0,0
75,11,0,9,16,Y6062194,,,,0,30.0,0,0
75,11,0,9,17,Y6062195,,,,0,30.0,0,0
75,11,0,9,18,Y6062196,,,,0,30.0,0,0
75,11,0,9,19,Y6062197,,,,0,30.0,0,0
75,11,0,9,20,Y6062198,,,,0,30.0,0,0
75,11,0,9,21,Y6062199,,,,0,30.0,0,0
75,11,0,9,22,Y6062200,,,,0,30.0,0,0
75,11,0,9,23,Y6062201,,,,0,30.0,0,0
75,11,0,9,24,Y6062202,,,,0,30.0,0,0
75,11,0,9,25,Y6062203,,,,0,30.0,0,0
75,11,0,9,26,Y6062204,,,,0,30.0,0,0
75,11,0,9,27,Y6062205,,,,0,30.0,0,0
75,11,0,9,28,Y6062206,,,,0,30.0,0,0
75,11,0,9,29,Y6062207,,,,0,30.0,0,0
75,11,0,9,30,Y6062208,,,,0,30.0,0,0
75,11,0,10,10,Y6062209,,,,0,30.0,0,0
75,11,0,10,11,Y6062210,,,,0,30.0,0,0
75,11,0,10,12,Y6062211,,,,0,30.0,0,0
75,11,0,10,13,Y6062212,,,,0,30.0,0,0
75,11,0,10,14,Y6062213,,,,0,30.0,0,0
75,11,0,10,15,Y6062214,,,,0,30.0,0,0
75,11,0,10,16,Y6062215,,,,0,30.0,0,0
75,11,0,10,17,Y6062216,,,,0,30.0,0,0
75,11,0,10,18,Y6062217,,,,0,30.0,0,0
75,11,0,10,19,Y6062218,,,,0,30.0,0,0
75,11,0,10,20,Y6062219,,,,0,30.0,0,0
75,11,0,10,21,Y6062220,,,,0,30.0,0,0
75,11,0,10,22,Y6062221,,,,0,30.0,0,0
75,11,0,10,23,Y6062222,,,,0,30.0,0,0
75,11,0,10,24,Y6062223,,,,0,30.0,0,0
75,11,0,10,25,Y6062224,,,,0,30.0,0,0
75,11,0,10,26,Y6062225,,,,0,30.0,0,0
75,11,0,10,27,Y6062226,,,,0,30.0,0,0
75,11,0,10,28,Y6062227,,,,0,30.0,0,0
75,11,0,10,29,Y6062228,,,,0,30.0,0,0
75,11,0,10,30,Y6062229,,,,0,30.0,0,0
75,11,0,11,10,Y6062230,,,,0,30.0,0,0
75,11,0,11,11,Y6062231,,,,0,30.0,0,0
75,11,0,11,12,Y6062232,,,,0,30.0,0,0
75,11,0,11,13,Y6062233,,,,0,30.0,0,0
75,11,0,11,14,Y6062234,,,,0,30.0,0,0
75,11,0,11,15,Y6062235,,,,0,30.0,0,0
75,11,0,11,16,Y6062236,,,,0,30.0,0,0
75,11,0,11,17,Y6062237,,,,0,30.0,0,0
75,11,0,11,18,Y6062238,,,,3131,30.0,0,0
75,11,0,11,19,Y6062239,,,,0,30.0,0,0
75,11,0,11,20,Y6062240,,,,0,30.0,0,0
75,11,0,11,21,Y6062241,,,,0,30.0,0,0
75,11,0,11,22,Y6062242,,,,0,30.0,0,0
75,11,0,11,23,Y6062243,,,,0,30.0,0,0
75,11,0,11,24,Y6062244,,,,0,30.0,0,0
75,11,0,11,25,Y6062245,,,,0,30.0,0,0
75,11,0,11,26,Y6062246,,,,0,30.0,0,0
75,11,0,11,27,Y6062247,,,,0,30.0,0,0
75,11,0,11,28,Y6062248,,,,0,30.0,0,0
75,11,0,11,29,Y6062249,,,,0,30.0,0,0
75,11,0,11,30,Y6062250,,,,0,30.0,0,0
75,11,0,12,10,Y6062251,,,,0,30.0,0,0
75,11,0,12,11,Y6062252,,,,0,30.0,0,0
75,11,0,12,12,Y6062253,,,,0,30.0,0,0
75,11,0,12,13,Y6062254,,,,0,30.0,0,0
75,11,0,12,14,Y6062255,,,,0,30.0,0,0
75,11,0,12,15,Y6062256,,,,0,30.0,0,0
75,11,0,12,16,Y6062257,,,,0,30.0,0,0
75,11,0,12,17,Y6062258,,,,0,30.0,0,0
75,11,0,12,18,Y6062259,,,,3298,30.0,0,0
75,11,0,12,19,Y6062260,,,,0,30.0,0,0
75,11,0,12,20,Y6062261,,,,0,30.0,0,0
75,11,0,12,21,Y6062262,,,,0,30.0,0,0
75,11,0,12,22,Y6062263,,,,0,30.0,0,0
75,11,0,12,23,Y6062264,,,,0,30.0,0,0
75,11,0,12,24,Y6062265,,,,0,30.0,0,0
75,11,0,12,25,Y6062266,,,,0,30.0,0,0
75,11,0,12,26,Y6062267,,,,0,30.0,0,0
75,11,0,12,27,Y6062268,,,,0,30.0,0,0
75,11,0,12,28,Y6062269,,,,0,30.0,0,0
75,11,0,12,29,Y6062270,,,,0,30.0,0,0
75,11,0,12,30,Y6062271,,,,0,30.0,0,0
75,11,1,1,10,Y6062272,,,,0,30.0,0,0
75,11,1,1,11,Y6062273,,,,0,30.0,0,0
75,11,1,1,12,Y6062274,,,,0,30.0,0,0
75,11,1,1,13,Y6062275,,,,0,30.0,0,0
75,11,1,1,14,Y6062276,,,,0,30.0,0,0
75,11,1,1,15,Y6062277,,,,0,30.0,0,0
75,11,1,1,16,Y6062278,,,,0,30.0,0,0
75,11,1,1,17,Y6062279,,,,0,30.0,0,0
75,11,1,1,18,Y6062280,,,,0,30.0,0,0
75,11,1,1,19,Y6062281,,,,0,30.0,0,0
75,11,1,1,20,Y6062282,,,,0,30.0,0,0
75,11,1,1,21,Y6062283,,,,0,30.0,0,0
75,11,1,1,22,Y6062284,,,,0,30.0,0,0
75,11,1,1,23,Y6062285,,,,0,30.0,0,0
75,11,1,1,24,Y6062286,,,,0,30.0,0,0
75,11,1,1,25,Y6062287,,,,0,30.0,0,0
75,11,1,1,26,Y6062288,,,,0,30.0,0,0
75,11,1,1,27,Y6062289,,,,0,30.0,0,0
75,11,1,1,28,Y6062290,,,,0,30.0,0,0
75,11,1,1,29,Y6062291,,,,0,30.0,0,0
75,11,1,1,30,Y6062292,,,,0,30.0,0,0
75,11,1,2,10,Y6062293,,,,0,30.0,0,0
75,11,1,2,11,Y6062294,,,,0,30.0,0,0
75,11,1,2,12,Y6062295,,,,0,30.0,0,0
75,11,1,2,13,Y6062296,,,,0,30.0,0,0
75,11,1,2,14,Y6062297,,,,0,30.0,0,0
75,11,1,2,15,Y6062298,,,,0,30.0,0,0
75,11,1,2,16,Y6062299,,,,0,30.0,0,0
75,11,1,2,17,Y6062300,,,,0,30.0,0,0
75,11,1,2,18,Y6062301,,,,0,30.0,0,0
75,11,1,2,19,Y6062302,,,,0,30.0,0,0
75,11,1,2,20,Y6062303,,,,0,30.0,0,0
75,11,1,2,21,Y6062304,,,,0,30.0,0,0
75,11,1,2,22,Y6062305,,,,0,30.0,0,0
75,11,1,2,23,Y6062306,,,,0,30.0,0,0
75,11,1,2,24,Y6062307,,,,0,30.0,0,0
75,11,1,2,25,Y6062308,,,,0,30.0,0,0
75,11,1,2,26,Y6062309,,,,0,30.0,0,0
75,11,1,2,27,Y6062310,,,,0,30.0,0,0
75,11,1,2,28,Y6062311,,,,0,30.0,0,0
75,11,1,2,29,Y6062312,,,,0,30.0,0,0
75,11,1,2,30,Y6062313,,,,0,30.0,0,0
75,11,1,3,10,Y6062314,,,,0,30.0,0,0
75,11,1,3,11,Y6062315,,,,0,30.0,0,0
75,11,1,3,12,Y6062316,,,,0,30.0,0,0
75,11,1,3,13,Y6062317,,,,0,30.0,0,0
75,11,1,3,14,Y6062318,,,,0,30.0,0,0
75,11,1,3,15,Y6062319,,,,0,30.0,0,0
75,11,1,3,16,Y6062320,,,,0,30.0,0,0
75,11,1,3,17,Y6062321,,,,0,30.0,0,0
75,11,1,3,18,Y6062322,,,,0,30.0,0,0
75,11,1,3,19,Y6062323,,,,0,30.0,0,0
75,11,1,3,20,Y6062324,,,,0,30.0,0,0
75,11,1,3,21,Y6062325,,,,0,30.0,0,0
75,11,1,3,22,Y6062326,,,,0,30.0,0,0
75,11,1,3,23,Y6062327,,,,0,30.0,0,0
75,11,1,3,24,Y6062328,,,,0,30.0,0,0
75,11,1,3,25,Y6062329,,,,0,30.0,0,0
75,11,1,3,26,Y6062330,,,,0,30.0,0,0
75,11,1,3,27,Y6062331,,,,0,30.0,0,0
75,11,1,3,28,Y6062332,,,,0,30.0,0,0
75,11,1,3,29,Y6062333,,,,0,30.0,0,0
75,11,1,3,30,Y6062334,,,,0,30.0,0,0
75,11,1,4,10,Y6062335,,,,0,30.0,0,0
75,11,1,4,11,Y6062336,,,,0,30.0,0,0
75,11,1,4,12,Y6062337,,,,0,30.0,0,0
75,11,1,4,13,Y6062338,,,,0,30.0,0,0
75,11,1,4,14,Y6062339,,,,0,30.0,0,0
75,11,1,4,15,Y6062340,,,,0,30.0,0,0
75,11,1,4,16,Y6062341,,,,0,30.0,0,0
75,11,1,4,17,Y6062342,,,,0,30.0,0,0
75,11,1,4,18,Y6062343,,,,0,30.0,0,0
75,11,1,4,19,Y6062344,,,,0,30.0,0,0
75,11,1,4,20,Y6062345,,,,0,30.0,0,0
75,11,1,4,21,Y6062346,,,,0,30.0,0,0
75,11,1,4,22,Y6062347,,,,0,30.0,0,0
75,11,1,4,23,Y6062348,,,,0,30.0,0,0
75,11,1,4,24,Y6062349,,,,0,30.0,0,0
75,11,1,4,25,Y6062350,,,,0,30.0,0,0
75,11,1,4,26,Y6062351,,,,0,30.0,0,0
75,11,1,4,27,Y6062352,,,,0,30.0,0,0
75,11,1,4,28,Y6062353,,,,0,30.0,0,0
75,11,1,4,29,Y6062354,,,,0,30.0,0,0
75,11,1,4,30,Y6062355,,,,0,30.0,0,0
75,11,1,5,10,Y6062356,,,,0,30.0,0,0
75,11,1,5,11,Y6062357,,,,0,30.0,0,0
75,11,1,5,12,Y6062358,,,,0,30.0,0,0
75,11,1,5,13,Y6062359,,,,0,30.0,0,0
75,11,1,5,14,Y6062360,,,,0,30.0,0,0
75,11,1,5,15,Y6062361,,,,0,30.0,0,0
75,11,1,5,16,Y6062362,,,,0,30.0,0,0
75,11,1,5,17,Y6062363,,,,0,30.0,0,0
75,11,1,5,18,Y6062364,,,,0,30.0,0,0
75,11,1,5,19,Y6062365,,,,0,30.0,0,0
75,11,1,5,20,Y6062366,,,,0,30.0,0,0
75,11,1,5,21,Y6062367,,,,0,30.0,0,0
75,11,1,5,22,Y6062368,,,,0,30.0,0,0
75,11,1,5,23,Y6062369,,,,0,30.0,0,0
75,11,1,5,24,Y6062370,,,,0,30.0,0,0
75,11,1,5,25,Y6062371,,,,0,30.0,0,0
75,11,1,5,26,Y6062372,,,,0,30.0,0,0
75,11,1,5,27,Y6062373,,,,0,30.0,0,0
75,11,1,5,28,Y6062374,,,,0,30.0,0,0
75,11,1,5,29,Y6062375,,,,0,30.0,0,0
75,11,1,5,30,Y6062376,,,,0,30.0,0,0
75,11,1,6,10,Y6062377,,,,0,30.0,0,0
75,11,1,6,11,Y6062378,,,,0,30.0,0,0
75,11,1,6,12,Y6062379,,,,0,30.0,0,0
75,11,1,6,13,Y6062380,,,,0,30.0,0,0
75,11,1,6,14,Y6062381,,,,0,30.0,0,0
75,11,1,6,15,Y6062382,,,,0,30.0,0,0
75,11,1,6,16,Y6062383,,,,0,30.0,0,0
75,11,1,6,17,Y6062384,,,,0,30.0,0,0
75,11,1,6,18,Y6062385,,,,0,30.0,0,0
75,11,1,6,19,Y6062386,,,,0,30.0,0,0
75,11,1,6,20,Y6062387,,,,0,30.0,0,0
75,11,1,6,21,Y6062388,,,,0,30.0,0,0
75,11,1,6,22,Y6062389,,,,0,30.0,0,0
75,11,1,6,23,Y6062390,,,,0,30.0,0,0
75,11,1,6,24,Y6062391,,,,0,30.0,0,0
75,11,1,6,25,Y6062392,,,,0,30.0,0,0
75,11,1,6,26,Y6062393,,,,0,30.0,0,0
75,11,1,6,27,Y6062394,,,,0,30.0,0,0
75,11,1,6,28,Y6062395,,,,0,30.0,0,0
75,11,1,6,29,Y6062396,,,,0,30.0,0,0
75,11,1,6,30,Y6062397,,,,0,30.0,0,0
75,11,1,7,10,Y6062398,,,,0,30.0,0,0
75,11,1,7,11,Y6062399,,,,0,30.0,0,0
75,11,1,7,12,Y6062400,,,,0,30.0,0,0
75,11,1,7,13,Y6062401,,,,0,30.0,0,0
75,11,1,7,14,Y6062402,,,,0,30.0,0,0
75,11,1,7,15,Y6062403,,,,0,30.0,0,0
75,11,1,7,16,Y6062404,,,,0,30.0,0,0
75,11,1,7,17,Y6062405,,,,0,30.0,0,0
75,11,1,7,18,Y6062406,,,,0,30.0,0,0
75,11,1,7,19,Y6062407,,,,0,30.0,0,0
75,11,1,7,20,Y6062408,,,,0,30.0,0,0
75,11,1,7,21,Y6062409,,,,0,30.0,0,0
75,11,1,7,22,Y6062410,,,,0,30.0,0,0
75,11,1,7,23,Y6062411,,,,0,30.0,0,0
75,11,1,7,24,Y6062412,,,,0,30.0,0,0
75,11,1,7,25,Y6062413,,,,0,30.0,0,0
75,11,1,7,26,Y6062414,,,,0,30.0,0,0
75,11,1,7,27,Y6062415,,,,0,30.0,0,0
75,11,1,7,28,Y6062416,,,,0,30.0,0,0
75,11,1,7,29,Y6062417,,,,0,30.0,0,0
75,11,1,7,30,Y6062418,,,,0,30.0,0,0
75,11,1,8,10,Y6062419,,,,0,30.0,0,0
75,11,1,8,11,Y6062420,,,,0,30.0,0,0
75,11,1,8,12,Y6062421,,,,0,30.0,0,0
75,11,1,8,13,Y6062422,,,,0,30.0,0,0
75,11,1,8,14,Y6062423,,,,0,30.0,0,0
75,11,1,8,15,Y6062424,,,,0,30.0,0,0
75,11,1,8,16,Y6062425,,,,0,30.0,0,0
75,11,1,8,17,Y6062426,,,,0,30.0,0,0
75,11,1,8,18,Y6062427,,,,0,30.0,0,0
75,11,1,8,19,Y6062428,,,,0,30.0,0,0
75,11,1,8,20,Y6062429,,,,0,30.0,0,0
75,11,1,8,21,Y6062430,,,,0,30.0,0,0
75,11,1,8,22,Y6062431,,,,0,30.0,0,0
75,11,1,8,23,Y6062432,,,,0,30.0,0,0
75,11,1,8,24,Y6062433,,,,0,30.0,0,0
75,11,1,8,25,Y6062434,,,,0,30.0,0,0
75,11,1,8,26,Y6062435,,,,0,30.0,0,0
75,11,1,8,27,Y6062436,,,,0,30.0,0,0
75,11,1,8,28,Y6062437,,,,0,30.0,0,0
75,11,1,8,29,Y6062438,,,,0,30.0,0,0
75,11,1,8,30,Y6062439,,,,0,30.0,0,0
75,11,1,9,10,Y6062440,,,,0,30.0,0,0
75,11,1,9,11,Y6062441,,,,0,30.0,0,0
75,11,1,9,12,Y6062442,,,,0,30.0,0,0
75,11,1,9,13,Y6062443,,,,0,30.0,0,0
75,11,1,9,14,Y6062444,,,,0,30.0,0,0
75,11,1,9,15,Y6062445,,,,0,30.0,0,0
75,11,1,9,16,Y6062446,,,,0,30.0,0,0
75,11,1,9,17,Y6062447,,,,0,30.0,0,0
75,11,1,9,18,Y6062448,,,,0,30.0,0,0
75,11,1,9,19,Y6062449,,,,0,30.0,0,0
75,11,1,9,20,Y6062450,,,,0,30.0,0,0
75,11,1,9,21,Y6062451,,,,0,30.0,0,0
75,11,1,9,22,Y6062452,,,,0,30.0,0,0
75,11,1,9,23,Y6062453,,,,0,30.0,0,0
75,11,1,9,24,Y6062454,,,,0,30.0,0,0
75,11,1,9,25,Y6062455,,,,0,30.0,0,0
75,11,1,9,26,Y6062456,,,,0,30.0,0,0
75,11,1,9,27,Y6062457,,,,0,30.0,0,0
75,11,1,9,28,Y6062458,,,,0,30.0,0,0
75,11,1,9,29,Y6062459,,,,0,30.0,0,0
75,11,1,9,30,Y6062460,,,,0,30.0,0,0
75,11,1,10,10,Y6062461,,,,0,30.0,0,0
75,11,1,10,11,Y6062462,,,,0,30.0,0,0
75,11,1,10,12,Y6062463,,,,0,30.0,0,0
75,11,1,10,13,Y6062464,,,,0,30.0,0,0
75,11,1,10,14,Y6062465,,,,0,30.0,0,0
75,11,1,10,15,Y6062466,,,,0,30.0,0,0
75,11,1,10,16,Y6062467,,,,0,30.0,0,0
75,11,1,10,17,Y6062468,,,,0,30.0,0,0
75,11,1,10,18,Y6062469,,,,0,30.0,0,0
75,11,1,10,19,Y6062470,,,,0,30.0,0,0
75,11,1,10,20,Y6062471,,,,0,30.0,0,0
75,11,1,10,21,Y6062472,,,,0,30.0,0,0
75,11,1,10,22,Y6062473,,,,0,30.0,0,0
75,11,1,10,23,Y6062474,,,,0,30.0,0,0
75,11,1,10,24,Y6062475,,,,0,30.0,0,0
75,11,1,10,25,Y6062476,,,,0,30.0,0,0
75,11,1,10,26,Y6062477,,,,0,30.0,0,0
75,11,1,10,27,Y6062478,,,,0,30.0,0,0
75,11,1,10,28,Y6062479,,,,0,30.0,0,0
75,11,1,10,29,Y6062480,,,,0,30.0,0,0
75,11,1,10,30,Y6062481,,,,0,30.0,0,0
75,11,1,11,10,Y6062482,,,,0,30.0,0,0
75,11,1,11,11,Y6062483,,,,0,30.0,0,0
75,11,1,11,12,Y6062484,,,,0,30.0,0,0
75,11,1,11,13,Y6062485,,,,0,30.0,0,0
75,11,1,11,14,Y6062486,,,,0,30.0,0,0
75,11,1,11,15,Y6062487,,,,0,30.0,0,0
75,11,1,11,16,Y6062488,,,,0,30.0,0,0
75,11,1,11,17,Y6062489,,,,0,30.0,0,0
75,11,1,11,18,Y6062490,,,,3153,30.0,0,0
75,11,1,11,19,Y6062491,,,,0,30.0,0,0
75,11,1,11,20,Y6062492,,,,0,30.0,0,0
75,11,1,11,21,Y6062493,,,,0,30.0,0,0
75,11,1,11,22,Y6062494,,,,0,30.0,0,0
75,11,1,11,23,Y6062495,,,,0,30.0,0,0
75,11,1,11,24,Y6062496,,,,0,30.0,0,0
75,11,1,11,25,Y6062497,,,,0,30.0,0,0
75,11,1,11,26,Y6062498,,,,0,30.0,0,0
75,11,1,11,27,Y6062499,,,,0,30.0,0,0
75,11,1,11,28,Y6062500,,,,0,30.0,0,0
75,11,1,11,29,Y6062501,,,,0,30.0,0,0
75,11,1,11,30,Y6062502,,,,0,30.0,0,0
75,11,1,12,10,Y6062503,,,,0,30.0,0,0
75,11,1,12,11,Y6062504,,,,0,30.0,0,0
75,11,1,12,12,Y6062505,,,,0,30.0,0,0
75,11,1,12,13,Y6062506,,,,0,30.0,0,0
75,11,1,12,14,Y6062507,,,,0,30.0,0,0
75,11,1,12,15,Y6062508,,,,0,30.0,0,0
75,11,1,12,16,Y6062509,,,,0,30.0,0,0
75,11,1,12,17,Y6062510,,,,0,30.0,0,0
75,11,1,12,18,Y6062511,,,,3318,30.0,0,0
75,11,1,12,19,Y6062512,,,,0,30.0,0,0
75,11,1,12,20,Y6062513,,,,0,30.0,0,0
75,11,1,12,21,Y6062514,,,,0,30.0,0,0
75,11,1,12,22,Y6062515,,,,0,30.0,0,0
75,11,1,12,23,Y6062516,,,,0,30.0,0,0
75,11,1,12,24,Y6062517,,,,0,30.0,0,0
75,11,1,12,25,Y6062518,,,,0,30.0,0,0
75,11,1,12,26,Y6062519,,,,0,30.0,0,0
75,11,1,12,27,Y6062520,,,,0,30.0,0,0
75,11,1,12,28,Y6062521,,,,0,30.0,0,0
75,11,1,12,29,Y6062522,,,,0,30.0,0,0
75,11,1,12,30,Y6062523,,,,0,30.0,0,0
75,11,2,1,10,Y6062524,,,,0,30.0,0,0
75,11,2,1,11,Y6062525,,,,0,30.0,0,0
75,11,2,1,12,Y6062526,,,,0,30.0,0,0
75,11,2,1,13,Y6062527,,,,0,30.0,0,0
75,11,2,1,14,Y6062528,,,,0,30.0,0,0
75,11,2,1,15,Y6062529,,,,0,30.0,0,0
75,11,2,1,16,Y6062530,,,,0,30.0,0,0
75,11,2,1,17,Y6062531,,,,0,30.0,0,0
75,11,2,1,18,Y6062532,,,,0,30.0,0,0
75,11,2,1,19,Y6062533,,,,0,30.0,0,0
75,11,2,1,20,Y6062534,,,,0,30.0,0,0
75,11,2,1,21,Y6062535,,,,0,30.0,0,0
75,11,2,1,22,Y6062536,,,,0,30.0,0,0
75,11,2,1,23,Y6062537,,,,0,30.0,0,0
75,11,2,1,24,Y6062538,,,,0,30.0,0,0
75,11,2,1,25,Y6062539,,,,0,30.0,0,0
75,11,2,1,26,Y6062540,,,,0,30.0,0,0
75,11,2,1,27,Y6062541,,,,0,30.0,0,0
75,11,2,1,28,Y6062542,,,,0,30.0,0,0
75,11,2,1,29,Y6062543,,,,0,30.0,0,0
75,11,2,1,30,Y6062544,,,,0,30.0,0,0
75,11,2,2,10,Y6062545,,,,0,30.0,0,0
75,11,2,2,11,Y6062546,,,,0,30.0,0,0
75,11,2,2,12,Y6062547,,,,0,30.0,0,0
75,11,2,2,13,Y6062548,,,,0,30.0,0,0
75,11,2,2,14,Y6062549,,,,0,30.0,0,0
75,11,2,2,15,Y6062550,,,,0,30.0,0,0
75,11,2,2,16,Y6062551,,,,0,30.0,0,0
75,11,2,2,17,Y6062552,,,,0,30.0,0,0
75,11,2,2,18,Y6062553,,,,0,30.0,0,0
75,11,2,2,19,Y6062554,,,,0,30.0,0,0
75,11,2,2,20,Y6062555,,,,0,30.0,0,0
75,11,2,2,21,Y6062556,,,,0,30.0,0,0
75,11,2,2,22,Y6062557,,,,0,30.0,0,0
75,11,2,2,23,Y6062558,,,,0,30.0,0,0
75,11,2,2,24,Y6062559,,,,0,30.0,0,0
75,11,2,2,25,Y6062560,,,,0,30.0,0,0
75,11,2,2,26,Y6062561,,,,0,30.0,0,0
75,11,2,2,27,Y6062562,,,,0,30.0,0,0
75,11,2,2,28,Y6062563,,,,0,30.0,0,0
75,11,2,2,29,Y6062564,,,,0,30.0,0,0
75,11,2,2,30,Y6062565,,,,0,30.0,0,0
75,11,2,3,10,Y6062566,,,,0,30.0,0,0
75,11,2,3,11,Y6062567,,,,0,30.0,0,0
75,11,2,3,12,Y6062568,,,,0,30.0,0,0
75,11,2,3,13,Y6062569,,,,0,30.0,0,0
75,11,2,3,14,Y6062570,,,,0,30.0,0,0
75,11,2,3,15,Y6062571,,,,0,30.0,0,0
75,11,2,3,16,Y6062572,,,,0,30.0,0,0
75,11,2,3,17,Y6062573,,,,0,30.0,0,0
75,11,2,3,18,Y6062574,,,,0,30.0,0,0
75,11,2,3,19,Y6062575,,,,0,30.0,0,0
75,11,2,3,20,Y6062576,,,,0,30.0,0,0
75,11,2,3,21,Y6062577,,,,0,30.0,0,0
75,11,2,3,22,Y6062578,,,,0,30.0,0,0
75,11,2,3,23,Y6062579,,,,0,30.0,0,0
75,11,2,3,24,Y6062580,,,,0,30.0,0,0
75,11,2,3,25,Y6062581,,,,0,30.0,0,0
75,11,2,3,26,Y6062582,,,,0,30.0,0,0
75,11,2,3,27,Y6062583,,,,0,30.0,0,0
75,11,2,3,28,Y6062584,,,,0,30.0,0,0
75,11,2,3,29,Y6062585,,,,0,30.0,0,0
75,11,2,3,30,Y6062586,,,,0,30.0,0,0
75,11,2,4,10,Y6062587,,,,0,30.0,0,0
75,11,2,4,11,Y6062588,,,,0,30.0,0,0
75,11,2,4,12,Y6062589,,,,0,30.0,0,0
75,11,2,4,13,Y6062590,,,,0,30.0,0,0
75,11,2,4,14,Y6062591,,,,0,30.0,0,0
75,11,2,4,15,Y6062592,,,,0,30.0,0,0
75,11,2,4,16,Y6062593,,,,0,30.0,0,0
75,11,2,4,17,Y6062594,,,,0,30.0,0,0
75,11,2,4,18,Y6062595,,,,0,30.0,0,0
75,11,2,4,19,Y6062596,,,,0,30.0,0,0
75,11,2,4,20,Y6062597,,,,0,30.0,0,0
75,11,2,4,21,Y6062598,,,,0,30.0,0,0
75,11,2,4,22,Y6062599,,,,0,30.0,0,0
75,11,2,4,23,Y6062600,,,,0,30.0,0,0
75,11,2,4,24,Y6062601,,,,0,30.0,0,0
75,11,2,4,25,Y6062602,,,,0,30.0,0,0
75,11,2,4,26,Y6062603,,,,0,30.0,0,0
75,11,2,4,27,Y6062604,,,,0,30.0,0,0
75,11,2,4,28,Y6062605,,,,0,30.0,0,0
75,11,2,4,29,Y6062606,,,,0,30.0,0,0
75,11,2,4,30,Y6062607,,,,0,30.0,0,0
75,11,2,5,10,Y6062608,,,,0,30.0,0,0
75,11,2,5,11,Y6062609,,,,0,30.0,0,0
75,11,2,5,12,Y6062610,,,,0,30.0,0,0
75,11,2,5,13,Y6062611,,,,0,30.0,0,0
75,11,2,5,14,Y6062612,,,,0,30.0,0,0
75,11,2,5,15,Y6062613,,,,0,30.0,0,0
75,11,2,5,16,Y6062614,,,,0,30.0,0,0
75,11,2,5,17,Y6062615,,,,0,30.0,0,0
75,11,2,5,18,Y6062616,,,,0,30.0,0,0
75,11,2,5,19,Y6062617,,,,0,30.0,0,0
75,11,2,5,20,Y6062618,,,,0,30.0,0,0
75,11,2,5,21,Y6062619,,,,0,30.0,0,0
75,11,2,5,22,Y6062620,,,,0,30.0,0,0
75,11,2,5,23,Y6062621,,,,0,30.0,0,0
75,11,2,5,24,Y6062622,,,,0,30.0,0,0
75,11,2,5,25,Y6062623,,,,0,30.0,0,0
75,11,2,5,26,Y6062624,,,,0,30.0,0,0
75,11,2,5,27,Y6062625,,,,0,30.0,0,0
75,11,2,5,28,Y6062626,,,,0,30.0,0,0
75,11,2,5,29,Y6062627,,,,0,30.0,0,0
75,11,2,5,30,Y6062628,,,,0,30.0,0,0
75,11,2,6,10,Y6062629,,,,0,30.0,0,0
75,11,2,6,11,Y6062630,,,,0,30.0,0,0
75,11,2,6,12,Y6062631,,,,0,30.0,0,0
75,11,2,6,13,Y6062632,,,,0,30.0,0,0
75,11,2,6,14,Y6062633,,,,0,30.0,0,0
75,11,2,6,15,Y6062634,,,,0,30.0,0,0
75,11,2,6,16,Y6062635,,,,0,30.0,0,0
75,11,2,6,17,Y6062636,,,,0,30.0,0,0
75,11,2,6,18,Y6062637,,,,0,30.0,0,0
75,11,2,6,19,Y6062638,,,,0,30.0,0,0
75,11,2,6,20,Y6062639,,,,0,30.0,0,0
75,11,2,6,21,Y6062640,,,,0,30.0,0,0
75,11,2,6,22,Y6062641,,,,0,30.0,0,0
75,11,2,6,23,Y6062642,,,,0,30.0,0,0
75,11,2,6,24,Y6062643,,,,0,30.0,0,0
75,11,2,6,25,Y6062644,,,,0,30.0,0,0
75,11,2,6,26,Y6062645,,,,0,30.0,0,0
75,11,2,6,27,Y6062646,,,,0,30.0,0,0
75,11,2,6,28,Y6062647,,,,0,30.0,0,0
75,11,2,6,29,Y6062648,,,,0,30.0,0,0
75,11,2,6,30,Y6062649,,,,0,30.0,0,0
75,11,2,7,10,Y6062650,,,,0,30.0,0,0
75,11,2,7,11,Y6062651,,,,0,30.0,0,0
75,11,2,7,12,Y6062652,,,,0,30.0,0,0
75,11,2,7,13,Y6062653,,,,0,30.0,0,0
75,11,2,7,14,Y6062654,,,,0,30.0,0,0
75,11,2,7,15,Y6062655,,,,0,30.0,0,0
75,11,2,7,16,Y6062656,,,,0,30.0,0,0
75,11,2,7,17,Y6062657,,,,0,30.0,0,0
75,11,2,7,18,Y6062658,,,,0,30.0,0,0
75,11,2,7,19,Y6062659,,,,0,30.0,0,0
75,11,2,7,20,Y6062660,,,,0,30.0,0,0
75,11,2,7,21,Y6062661,,,,0,30.0,0,0
75,11,2,7,22,Y6062662,,,,0,30.0,0,0
75,11,2,7,23,Y6062663,,,,0,30.0,0,0
75,11,2,7,24,Y6062664,,,,0,30.0,0,0
75,11,2,7,25,Y6062665,,,,0,30.0,0,0
75,11,2,7,26,Y6062666,,,,0,30.0,0,0
75,11,2,7,27,Y6062667,,,,0,30.0,0,0
75,11,2,7,28,Y6062668,,,,0,30.0,0,0
75,11,2,7,29,Y6062669,,,,0,30.0,0,0
75,11,2,7,30,Y6062670,,,,0,30.0,0,0
75,11,2,8,10,Y6062671,,,,0,30.0,0,0
75,11,2,8,11,Y6062672,,,,0,30.0,0,0
75,11,2,8,12,Y6062673,,,,0,30.0,0,0
75,11,2,8,13,Y6062674,,,,0,30.0,0,0
75,11,2,8,14,Y6062675,,,,0,30.0,0,0
75,11,2,8,15,Y6062676,,,,0,30.0,0,0
75,11,2,8,16,Y6062677,,,,0,30.0,0,0
75,11,2,8,17,Y6062678,,,,0,30.0,0,0
75,11,2,8,18,Y6062679,,,,0,30.0,0,0
75,11,2,8,19,Y6062680,,,,0,30.0,0,0
75,11,2,8,20,Y6062681,,,,0,30.0,0,0
75,11,2,8,21,Y6062682,,,,0,30.0,0,0
75,11,2,8,22,Y6062683,,,,0,30.0,0,0
75,11,2,8,23,Y6062684,,,,0,30.0,0,0
75,11,2,8,24,Y6062685,,,,0,30.0,0,0
75,11,2,8,25,Y6062686,,,,0,30.0,0,0
75,11,2,8,26,Y6062687,,,,0,30.0,0,0
75,11,2,8,27,Y6062688,,,,0,30.0,0,0
75,11,2,8,28,Y6062689,,,,0,30.0,0,0
75,11,2,8,29,Y6062690,,,,0,30.0,0,0
75,11,2,8,30,Y6062691,,,,0,30.0,0,0
75,11,2,9,10,Y6062692,,,,0,30.0,0,0
75,11,2,9,11,Y6062693,,,,0,30.0,0,0
75,11,2,9,12,Y6062694,,,,0,30.0,0,0
75,11,2,9,13,Y6062695,,,,0,30.0,0,0
75,11,2,9,14,Y6062696,,,,0,30.0,0,0
75,11,2,9,15,Y6062697,,,,0,30.0,0,0
75,11,2,9,16,Y6062698,,,,0,30.0,0,0
75,11,2,9,17,Y6062699,,,,0,30.0,0,0
75,11,2,9,18,Y6062700,,,,0,30.0,0,0
75,11,2,9,19,Y6062701,,,,0,30.0,0,0
75,11,2,9,20,Y6062702,,,,0,30.0,0,0
75,11,2,9,21,Y6062703,,,,0,30.0,0,0
75,11,2,9,22,Y6062704,,,,0,30.0,0,0
75,11,2,9,23,Y6062705,,,,0,30.0,0,0
75,11,2,9,24,Y6062706,,,,0,30.0,0,0
75,11,2,9,25,Y6062707,,,,0,30.0,0,0
75,11,2,9,26,Y6062708,,,,0,30.0,0,0
75,11,2,9,27,Y6062709,,,,0,30.0,0,0
75,11,2,9,28,Y6062710,,,,0,30.0,0,0
75,11,2,9,29,Y6062711,,,,0,30.0,0,0
75,11,2,9,30,Y6062712,,,,0,30.0,0,0
75,11,2,10,10,Y6062713,,,,0,30.0,0,0
75,11,2,10,11,Y6062714,,,,0,30.0,0,0
75,11,2,10,12,Y6062715,,,,0,30.0,0,0
75,11,2,10,13,Y6062716,,,,0,30.0,0,0
75,11,2,10,14,Y6062717,,,,0,30.0,0,0
75,11,2,10,15,Y6062718,,,,0,30.0,0,0
75,11,2,10,16,Y6062719,,,,0,30.0,0,0
75,11,2,10,17,Y6062720,,,,0,30.0,0,0
75,11,2,10,18,Y6062721,,,,0,30.0,0,0
75,11,2,10,19,Y6062722,,,,0,30.0,0,0
75,11,2,10,20,Y6062723,,,,0,30.0,0,0
75,11,2,10,21,Y6062724,,,,0,30.0,0,0
75,11,2,10,22,Y6062725,,,,0,30.0,0,0
75,11,2,10,23,Y6062726,,,,0,30.0,0,0
75,11,2,10,24,Y6062727,,,,0,30.0,0,0
75,11,2,10,25,Y6062728,,,,0,30.0,0,0
75,11,2,10,26,Y6062729,,,,0,30.0,0,0
75,11,2,10,27,Y6062730,,,,0,30.0,0,0
75,11,2,10,28,Y6062731,,,,0,30.0,0,0
75,11,2,10,29,Y6062732,,,,0,30.0,0,0
75,11,2,10,30,Y6062733,,,,0,30.0,0,0
75,11,2,11,10,Y6062734,,,,0,30.0,0,0
75,11,2,11,11,Y6062735,,,,0,30.0,0,0
75,11,2,11,12,Y6062736,,,,0,30.0,0,0
75,11,2,11,13,Y6062737,,,,0,30.0,0,0
75,11,2,11,14,Y6062738,,,,0,30.0,0,0
75,11,2,11,15,Y6062739,,,,0,30.0,0,0
75,11,2,11,16,Y6062740,,,,0,30.0,0,0
75,11,2,11,17,Y6062741,,,,0,30.0,0,0
75,11,2,11,18,Y6062742,,,,0,30.0,0,0
75,11,2,11,19,Y6062743,,,,0,30.0,0,0
75,11,2,11,20,Y6062744,,,,0,30.0,0,0
75,11,2,11,21,Y6062745,,,,0,30.0,0,0
75,11,2,11,22,Y6062746,,,,0,30.0,0,0
75,11,2,11,23,Y6062747,,,,0,30.0,0,0
75,11,2,11,24,Y6062748,,,,0,30.0,0,0
75,11,2,11,25,Y6062749,,,,0,30.0,0,0
75,11,2,11,26,Y6062750,,,,0,30.0,0,0
75,11,2,11,27,Y6062751,,,,0,30.0,0,0
75,11,2,11,28,Y6062752,,,,0,30.0,0,0
75,11,2,11,29,Y6062753,,,,0,30.0,0,0
75,11,2,11,30,Y6062754,,,,0,30.0,0,0
75,11,2,12,10,Y6062755,,,,0,30.0,0,0
75,11,2,12,11,Y6062756,,,,0,30.0,0,0
75,11,2,12,12,Y6062757,,,,0,30.0,0,0
75,11,2,12,13,Y6062758,,,,0,30.0,0,0
75,11,2,12,14,Y6062759,,,,0,30.0,0,0
75,11,2,12,15,Y6062760,,,,0,30.0,0,0
75,11,2,12,16,Y6062761,,,,0,30.0,0,0
75,11,2,12,17,Y6062762,,,,0,30.0,0,0
75,11,2,12,18,Y6062763,,,,3044,30.0,0,0
75,11,2,12,19,Y6062764,,,,0,30.0,0,0
75,11,2,12,20,Y6062765,,,,0,30.0,0,0
75,11,2,12,21,Y6062766,,,,0,30.0,0,0
75,11,2,12,22,Y6062767,,,,0,30.0,0,0
75,11,2,12,23,Y6062768,,,,0,30.0,0,0
75,11,2,12,24,Y6062769,,,,0,30.0,0,0
75,11,2,12,25,Y6062770,,,,0,30.0,0,0
75,11,2,12,26,Y6062771,,,,0,30.0,0,0
75,11,2,12,27,Y6062772,,,,0,30.0,0,0
75,11,2,12,28,Y6062773,,,,0,30.0,0,0
75,11,2,12,29,Y6062774,,,,0,30.0,0,0
75,11,2,12,30,Y6062775,,,,0,30.0,0,0
75,11,3,1,10,Y6062776,,,,0,30.0,0,0
75,11,3,1,11,Y6062777,,,,0,30.0,0,0
75,11,3,1,12,Y6062778,,,,0,30.0,0,0
75,11,3,1,13,Y6062779,,,,0,30.0,0,0
75,11,3,1,14,Y6062780,,,,0,30.0,0,0
75,11,3,1,15,Y6062781,,,,0,30.0,0,0
75,11,3,1,16,Y6062782,,,,0,30.0,0,0
75,11,3,1,17,Y6062783,,,,0,30.0,0,0
75,11,3,1,18,Y6062784,,,,0,30.0,0,0
75,11,3,1,19,Y6062785,,,,0,30.0,0,0
75,11,3,1,20,Y6062786,,,,0,30.0,0,0
75,11,3,1,21,Y6062787,,,,0,30.0,0,0
75,11,3,1,22,Y6062788,,,,0,30.0,0,0
75,11,3,1,23,Y6062789,,,,0,30.0,0,0
75,11,3,1,24,Y6062790,,,,0,30.0,0,0
75,11,3,1,25,Y6062791,,,,0,30.0,0,0
75,11,3,1,26,Y6062792,,,,0,30.0,0,0
75,11,3,1,27,Y6062793,,,,0,30.0,0,0
75,11,3,1,28,Y6062794,,,,0,30.0,0,0
75,11,3,1,29,Y6062795,,,,0,30.0,0,0
75,11,3,1,30,Y6062796,,,,0,30.0,0,0
75,11,3,2,10,Y6062797,,,,0,30.0,0,0
75,11,3,2,11,Y6062798,,,,0,30.0,0,0
75,11,3,2,12,Y6062799,,,,0,30.0,0,0
75,11,3,2,13,Y6062800,,,,0,30.0,0,0
75,11,3,2,14,Y6062801,,,,0,30.0,0,0
75,11,3,2,15,Y6062802,,,,0,30.0,0,0
75,11,3,2,16,Y6062803,,,,0,30.0,0,0
75,11,3,2,17,Y6062804,,,,0,30.0,0,0
75,11,3,2,18,Y6062805,,,,0,30.0,0,0
75,11,3,2,19,Y6062806,,,,0,30.0,0,0
75,11,3,2,20,Y6062807,,,,0,30.0,0,0
75,11,3,2,21,Y6062808,,,,0,30.0,0,0
75,11,3,2,22,Y6062809,,,,0,30.0,0,0
75,11,3,2,23,Y6062810,,,,0,30.0,0,0
75,11,3,2,24,Y6062811,,,,0,30.0,0,0
75,11,3,2,25,Y6062812,,,,0,30.0,0,0
75,11,3,2,26,Y6062813,,,,0,30.0,0,0
75,11,3,2,27,Y6062814,,,,0,30.0,0,0
75,11,3,2,28,Y6062815,,,,0,30.0,0,0
75,11,3,2,29,Y6062816,,,,0,30.0,0,0
75,11,3,2,30,Y6062817,,,,0,30.0,0,0
75,11,3,3,10,Y6062818,,,,0,30.0,0,0
75,11,3,3,11,Y6062819,,,,0,30.0,0,0
75,11,3,3,12,Y6062820,,,,0,30.0,0,0
75,11,3,3,13,Y6062821,,,,0,30.0,0,0
75,11,3,3,14,Y6062822,,,,0,30.0,0,0
75,11,3,3,15,Y6062823,,,,0,30.0,0,0
75,11,3,3,16,Y6062824,,,,0,30.0,0,0
75,11,3,3,17,Y6062825,,,,0,30.0,0,0
75,11,3,3,18,Y6062826,,,,0,30.0,0,0
75,11,3,3,19,Y6062827,,,,0,30.0,0,0
75,11,3,3,20,Y6062828,,,,0,30.0,0,0
75,11,3,3,21,Y6062829,,,,0,30.0,0,0
75,11,3,3,22,Y6062830,,,,0,30.0,0,0
75,11,3,3,23,Y6062831,,,,0,30.0,0,0
75,11,3,3,24,Y6062832,,,,0,30.0,0,0
75,11,3,3,25,Y6062833,,,,0,30.0,0,0
75,11,3,3,26,Y6062834,,,,0,30.0,0,0
75,11,3,3,27,Y6062835,,,,0,30.0,0,0
75,11,3,3,28,Y6062836,,,,0,30.0,0,0
75,11,3,3,29,Y6062837,,,,0,30.0,0,0
75,11,3,3,30,Y6062838,,,,0,30.0,0,0
75,11,3,4,10,Y6062839,,,,0,30.0,0,0
75,11,3,4,11,Y6062840,,,,0,30.0,0,0
75,11,3,4,12,Y6062841,,,,0,30.0,0,0
75,11,3,4,13,Y6062842,,,,0,30.0,0,0
75,11,3,4,14,Y6062843,,,,0,30.0,0,0
75,11,3,4,15,Y6062844,,,,0,30.0,0,0
75,11,3,4,16,Y6062845,,,,0,30.0,0,0
75,11,3,4,17,Y6062846,,,,0,30.0,0,0
75,11,3,4,18,Y6062847,,,,0,30.0,0,0
75,11,3,4,19,Y6062848,,,,0,30.0,0,0
75,11,3,4,20,Y6062849,,,,0,30.0,0,0
75,11,3,4,21,Y6062850,,,,0,30.0,0,0
75,11,3,4,22,Y6062851,,,,0,30.0,0,0
75,11,3,4,23,Y6062852,,,,0,30.0,0,0
75,11,3,4,24,Y6062853,,,,0,30.0,0,0
75,11,3,4,25,Y6062854,,,,0,30.0,0,0
75,11,3,4,26,Y6062855,,,,0,30.0,0,0
75,11,3,4,27,Y6062856,,,,0,30.0,0,0
75,11,3,4,28,Y6062857,,,,0,30.0,0,0
75,11,3,4,29,Y6062858,,,,0,30.0,0,0
75,11,3,4,30,Y6062859,,,,0,30.0,0,0
75,11,3,5,10,Y6062860,,,,0,30.0,0,0
75,11,3,5,11,Y6062861,,,,0,30.0,0,0
75,11,3,5,12,Y6062862,,,,0,30.0,0,0
75,11,3,5,13,Y6062863,,,,0,30.0,0,0
75,11,3,5,14,Y6062864,,,,0,30.0,0,0
75,11,3,5,15,Y6062865,,,,0,30.0,0,0
75,11,3,5,16,Y6062866,,,,0,30.0,0,0
75,11,3,5,17,Y6062867,,,,0,30.0,0,0
75,11,3,5,18,Y6062868,,,,0,30.0,0,0
75,11,3,5,19,Y6062869,,,,0,30.0,0,0
75,11,3,5,20,Y6062870,,,,0,30.0,0,0
75,11,3,5,21,Y6062871,,,,0,30.0,0,0
75,11,3,5,22,Y6062872,,,,0,30.0,0,0
75,11,3,5,23,Y6062873,,,,0,30.0,0,0
75,11,3,5,24,Y6062874,,,,0,30.0,0,0
75,11,3,5,25,Y6062875,,,,0,30.0,0,0
75,11,3,5,26,Y6062876,,,,0,30.0,0,0
75,11,3,5,27,Y6062877,,,,0,30.0,0,0
75,11,3,5,28,Y6062878,,,,0,30.0,0,0
75,11,3,5,29,Y6062879,,,,0,30.0,0,0
75,11,3,5,30,Y6062880,,,,0,30.0,0,0
75,11,3,6,10,Y6062881,,,,0,30.0,0,0
75,11,3,6,11,Y6062882,,,,0,30.0,0,0
75,11,3,6,12,Y6062883,,,,0,30.0,0,0
75,11,3,6,13,Y6062884,,,,0,30.0,0,0
75,11,3,6,14,Y6062885,,,,0,30.0,0,0
75,11,3,6,15,Y6062886,,,,0,30.0,0,0
75,11,3,6,16,Y6062887,,,,0,30.0,0,0
75,11,3,6,17,Y6062888,,,,0,30.0,0,0
75,11,3,6,18,Y6062889,,,,0,30.0,0,0
75,11,3,6,19,Y6062890,,,,0,30.0,0,0
75,11,3,6,20,Y6062891,,,,0,30.0,0,0
75,11,3,6,21,Y6062892,,,,0,30.0,0,0
75,11,3,6,22,Y6062893,,,,0,30.0,0,0
75,11,3,6,23,Y6062894,,,,0,30.0,0,0
75,11,3,6,24,Y6062895,,,,0,30.0,0,0
75,11,3,6,25,Y6062896,,,,0,30.0,0,0
75,11,3,6,26,Y6062897,,,,0,30.0,0,0
75,11,3,6,27,Y6062898,,,,0,30.0,0,0
75,11,3,6,28,Y6062899,,,,0,30.0,0,0
75,11,3,6,29,Y6062900,,,,0,30.0,0,0
75,11,3,6,30,Y6062901,,,,0,30.0,0,0
75,11,3,7,10,Y6062902,,,,0,30.0,0,0
75,11,3,7,11,Y6062903,,,,0,30.0,0,0
75,11,3,7,12,Y6062904,,,,0,30.0,0,0
75,11,3,7,13,Y6062905,,,,0,30.0,0,0
75,11,3,7,14,Y6062906,,,,0,30.0,0,0
75,11,3,7,15,Y6062907,,,,0,30.0,0,0
75,11,3,7,16,Y6062908,,,,0,30.0,0,0
75,11,3,7,17,Y6062909,,,,0,30.0,0,0
75,11,3,7,18,Y6062910,,,,0,30.0,0,0
75,11,3,7,19,Y6062911,,,,0,30.0,0,0
75,11,3,7,20,Y6062912,,,,0,30.0,0,0
75,11,3,7,21,Y6062913,,,,0,30.0,0,0
75,11,3,7,22,Y6062914,,,,0,30.0,0,0
75,11,3,7,23,Y6062915,,,,0,30.0,0,0
75,11,3,7,24,Y6062916,,,,0,30.0,0,0
75,11,3,7,25,Y6062917,,,,0,30.0,0,0
75,11,3,7,26,Y6062918,,,,0,30.0,0,0
75,11,3,7,27,Y6062919,,,,0,30.0,0,0
75,11,3,7,28,Y6062920,,,,0,30.0,0,0
75,11,3,7,29,Y6062921,,,,0,30.0,0,0
75,11,3,7,30,Y6062922,,,,0,30.0,0,0
75,11,3,8,10,Y6062923,,,,0,30.0,0,0
75,11,3,8,11,Y6062924,,,,0,30.0,0,0
75,11,3,8,12,Y6062925,,,,0,30.0,0,0
75,11,3,8,13,Y6062926,,,,0,30.0,0,0
75,11,3,8,14,Y6062927,,,,0,30.0,0,0
75,11,3,8,15,Y6062928,,,,0,30.0,0,0
75,11,3,8,16,Y6062929,,,,0,30.0,0,0
75,11,3,8,17,Y6062930,,,,0,30.0,0,0
75,11,3,8,18,Y6062931,,,,0,30.0,0,0
75,11,3,8,19,Y6062932,,,,0,30.0,0,0
75,11,3,8,20,Y6062933,,,,0,30.0,0,0
75,11,3,8,21,Y6062934,,,,0,30.0,0,0
75,11,3,8,22,Y6062935,,,,0,30.0,0,0
75,11,3,8,23,Y6062936,,,,0,30.0,0,0
75,11,3,8,24,Y6062937,,,,0,30.0,0,0
75,11,3,8,25,Y6062938,,,,0,30.0,0,0
75,11,3,8,26,Y6062939,,,,0,30.0,0,0
75,11,3,8,27,Y6062940,,,,0,30.0,0,0
75,11,3,8,28,Y6062941,,,,0,30.0,0,0
75,11,3,8,29,Y6062942,,,,0,30.0,0,0
75,11,3,8,30,Y6062943,,,,0,30.0,0,0
75,11,3,9,10,Y6062944,,,,0,30.0,0,0
75,11,3,9,11,Y6062945,,,,0,30.0,0,0
75,11,3,9,12,Y6062946,,,,0,30.0,0,0
75,11,3,9,13,Y6062947,,,,0,30.0,0,0
75,11,3,9,14,Y6062948,,,,0,30.0,0,0
75,11,3,9,15,Y6062949,,,,0,30.0,0,0
75,11,3,9,16,Y6062950,,,,0,30.0,0,0
75,11,3,9,17,Y6062951,,,,0,30.0,0,0
75,11,3,9,18,Y6062952,,,,0,30.0,0,0
75,11,3,9,19,Y6062953,,,,0,30.0,0,0
75,11,3,9,20,Y6062954,,,,0,30.0,0,0
75,11,3,9,21,Y6062955,,,,0,30.0,0,0
75,11,3,9,22,Y6062956,,,,0,30.0,0,0
75,11,3,9,23,Y6062957,,,,0,30.0,0,0
75,11,3,9,24,Y6062958,,,,0,30.0,0,0
75,11,3,9,25,Y6062959,,,,0,30.0,0,0
75,11,3,9,26,Y6062960,,,,0,30.0,0,0
75,11,3,9,27,Y6062961,,,,0,30.0,0,0
75,11,3,9,28,Y6062962,,,,0,30.0,0,0
75,11,3,9,29,Y6062963,,,,0,30.0,0,0
75,11,3,9,30,Y6062964,,,,0,30.0,0,0
75,11,3,10,10,Y6062965,,,,0,30.0,0,0
75,11,3,10,11,Y6062966,,,,0,30.0,0,0
75,11,3,10,12,Y6062967,,,,0,30.0,0,0
75,11,3,10,13,Y6062968,,,,0,30.0,0,0
75,11,3,10,14,Y6062969,,,,0,30.0,0,0
75,11,3,10,15,Y6062970,,,,0,30.0,0,0
75,11,3,10,16,Y6062971,,,,0,30.0,0,0
75,11,3,10,17,Y6062972,,,,0,30.0,0,0
75,11,3,10,18,Y6062973,,,,0,30.0,0,0
75,11,3,10,19,Y6062974,,,,0,30.0,0,0
75,11,3,10,20,Y6062975,,,,0,30.0,0,0
75,11,3,10,21,Y6062976,,,,0,30.0,0,0
75,11,3,10,22,Y6062977,,,,0,30.0,0,0
75,11,3,10,23,Y6062978,,,,0,30.0,0,0
75,11,3,10,24,Y6062979,,,,0,30.0,0,0
75,11,3,10,25,Y6062980,,,,0,30.0,0,0
75,11,3,10,26,Y6062981,,,,0,30.0,0,0
75,11,3,10,27,Y6062982,,,,0,30.0,0,0
75,11,3,10,28,Y6062983,,,,0,30.0,0,0
75,11,3,10,29,Y6062984,,,,0,30.0,0,0
75,11,3,10,30,Y6062985,,,,0,30.0,0,0
75,11,3,11,10,Y6062986,,,,0,30.0,0,0
75,11,3,11,11,Y6062987,,,,0,30.0,0,0
75,11,3,11,12,Y6062988,,,,0,30.0,0,0
75,11,3,11,13,Y6062989,,,,0,30.0,0,0
75,11,3,11,14,Y6062990,,,,0,30.0,0,0
75,11,3,11,15,Y6062991,,,,0,30.0,0,0
75,11,3,11,16,Y6062992,,,,0,30.0,0,0
75,11,3,11,17,Y6062993,,,,0,30.0,0,0
75,11,3,11,18,Y6062994,,,,0,30.0,0,0
75,11,3,11,19,Y6062995,,,,0,30.0,0,0
75,11,3,11,20,Y6062996,,,,0,30.0,0,0
75,11,3,11,21,Y6062997,,,,0,30.0,0,0
75,11,3,11,22,Y6062998,,,,0,30.0,0,0
75,11,3,11,23,Y6062999,,,,0,30.0,0,0
75,11,3,11,24,Y6063000,,,,0,30.0,0,0
75,11,3,11,25,Y6063001,,,,0,30.0,0,0
75,11,3,11,26,Y6063002,,,,0,30.0,0,0
75,11,3,11,27,Y6063003,,,,0,30.0,0,0
75,11,3,11,28,Y6063004,,,,0,30.0,0,0
75,11,3,11,29,Y6063005,,,,0,30.0,0,0
75,11,3,11,30,Y6063006,,,,0,30.0,0,0
75,11,3,12,10,Y6063007,,,,0,30.0,0,0
75,11,3,12,11,Y6063008,,,,0,30.0,0,0
75,11,3,12,12,Y6063009,,,,0,30.0,0,0
75,11,3,12,13,Y6063010,,,,0,30.0,0,0
75,11,3,12,14,Y6063011,,,,0,30.0,0,0
75,11,3,12,15,Y6063012,,,,0,30.0,0,0
75,11,3,12,16,Y6063013,,,,0,30.0,0,0
75,11,3,12,17,Y6063014,,,,0,30.0,0,0
75,11,3,12,18,Y6063015,,,,3045,30.0,0,0
75,11,3,12,19,Y6063016,,,,0,30.0,0,0
75,11,3,12,20,Y6063017,,,,0,30.0,0,0
75,11,3,12,21,Y6063018,,,,0,30.0,0,0
75,11,3,12,22,Y6063019,,,,0,30.0,0,0
75,11,3,12,23,Y6063020,,,,0,30.0,0,0
75,11,3,12,24,Y6063021,,,,0,30.0,0,0
75,11,3,12,25,Y6063022,,,,0,30.0,0,0
75,11,3,12,26,Y6063023,,,,0,30.0,0,0
75,11,3,12,27,Y6063024,,,,0,30.0,0,0
75,11,3,12,28,Y6063025,,,,0,30.0,0,0
75,11,3,12,29,Y6063026,,,,0,30.0,0,0
75,11,3,12,30,Y6063027,,,,0,30.0,0,0
75,11,4,1,10,Y6063028,,,,0,30.0,0,0
75,11,4,1,11,Y6063029,,,,0,30.0,0,0
75,11,4,1,12,Y6063030,,,,0,30.0,0,0
75,11,4,1,13,Y6063031,,,,0,30.0,0,0
75,11,4,1,14,Y6063032,,,,0,30.0,0,0
75,11,4,1,15,Y6063033,,,,0,30.0,0,0
75,11,4,1,16,Y6063034,,,,0,30.0,0,0
75,11,4,1,17,Y6063035,,,,0,30.0,0,0
75,11,4,1,18,Y6063036,,,,0,30.0,0,0
75,11,4,1,19,Y6063037,,,,0,30.0,0,0
75,11,4,1,20,Y6063038,,,,0,30.0,0,0
75,11,4,1,21,Y6063039,,,,0,30.0,0,0
75,11,4,1,22,Y6063040,,,,0,30.0,0,0
75,11,4,1,23,Y6063041,,,,0,30.0,0,0
75,11,4,1,24,Y6063042,,,,0,30.0,0,0
75,11,4,1,25,Y6063043,,,,0,30.0,0,0
75,11,4,1,26,Y6063044,,,,0,30.0,0,0
75,11,4,1,27,Y6063045,,,,0,30.0,0,0
75,11,4,1,28,Y6063046,,,,0,30.0,0,0
75,11,4,1,29,Y6063047,,,,0,30.0,0,0
75,11,4,1,30,Y6063048,,,,0,30.0,0,0
75,11,4,2,10,Y6063049,,,,0,30.0,0,0
75,11,4,2,11,Y6063050,,,,0,30.0,0,0
75,11,4,2,12,Y6063051,,,,0,30.0,0,0
75,11,4,2,13,Y6063052,,,,0,30.0,0,0
75,11,4,2,14,Y6063053,,,,0,30.0,0,0
75,11,4,2,15,Y6063054,,,,0,30.0,0,0
75,11,4,2,16,Y6063055,,,,0,30.0,0,0
75,11,4,2,17,Y6063056,,,,0,30.0,0,0
75,11,4,2,18,Y6063057,,,,0,30.0,0,0
75,11,4,2,19,Y6063058,,,,0,30.0,0,0
75,11,4,2,20,Y6063059,,,,0,30.0,0,0
75,11,4,2,21,Y6063060,,,,0,30.0,0,0
75,11,4,2,22,Y6063061,,,,0,30.0,0,0
75,11,4,2,23,Y6063062,,,,0,30.0,0,0
75,11,4,2,24,Y6063063,,,,0,30.0,0,0
75,11,4,2,25,Y6063064,,,,0,30.0,0,0
75,11,4,2,26,Y6063065,,,,0,30.0,0,0
75,11,4,2,27,Y6063066,,,,0,30.0,0,0
75,11,4,2,28,Y6063067,,,,0,30.0,0,0
75,11,4,2,29,Y6063068,,,,0,30.0,0,0
75,11,4,2,30,Y6063069,,,,0,30.0,0,0
75,11,4,3,10,Y6063070,,,,0,30.0,0,0
75,11,4,3,11,Y6063071,,,,0,30.0,0,0
75,11,4,3,12,Y6063072,,,,0,30.0,0,0
75,11,4,3,13,Y6063073,,,,0,30.0,0,0
75,11,4,3,14,Y6063074,,,,0,30.0,0,0
75,11,4,3,15,Y6063075,,,,0,30.0,0,0
75,11,4,3,16,Y6063076,,,,0,30.0,0,0
75,11,4,3,17,Y6063077,,,,0,30.0,0,0
75,11,4,3,18,Y6063078,,,,0,30.0,0,0
75,11,4,3,19,Y6063079,,,,0,30.0,0,0
75,11,4,3,20,Y6063080,,,,0,30.0,0,0
75,11,4,3,21,Y6063081,,,,0,30.0,0,0
75,11,4,3,22,Y6063082,,,,0,30.0,0,0
75,11,4,3,23,Y6063083,,,,0,30.0,0,0
75,11,4,3,24,Y6063084,,,,0,30.0,0,0
75,11,4,3,25,Y6063085,,,,0,30.0,0,0
75,11,4,3,26,Y6063086,,,,0,30.0,0,0
75,11,4,3,27,Y6063087,,,,0,30.0,0,0
75,11,4,3,28,Y6063088,,,,0,30.0,0,0
75,11,4,3,29,Y6063089,,,,0,30.0,0,0
75,11,4,3,30,Y6063090,,,,0,30.0,0,0
75,11,4,4,10,Y6063091,,,,0,30.0,0,0
75,11,4,4,11,Y6063092,,,,0,30.0,0,0
75,11,4,4,12,Y6063093,,,,0,30.0,0,0
75,11,4,4,13,Y6063094,,,,0,30.0,0,0
75,11,4,4,14,Y6063095,,,,0,30.0,0,0
75,11,4,4,15,Y6063096,,,,0,30.0,0,0
75,11,4,4,16,Y6063097,,,,0,30.0,0,0
75,11,4,4,17,Y6063098,,,,0,30.0,0,0
75,11,4,4,18,Y6063099,,,,0,30.0,0,0
75,11,4,4,19,Y6063100,,,,0,30.0,0,0
75,11,4,4,20,Y6063101,,,,0,30.0,0,0
75,11,4,4,21,Y6063102,,,,0,30.0,0,0
75,11,4,4,22,Y6063103,,,,0,30.0,0,0
75,11,4,4,23,Y6063104,,,,0,30.0,0,0
75,11,4,4,24,Y6063105,,,,0,30.0,0,0
75,11,4,4,25,Y6063106,,,,0,30.0,0,0
75,11,4,4,26,Y6063107,,,,0,30.0,0,0
75,11,4,4,27,Y6063108,,,,0,30.0,0,0
75,11,4,4,28,Y6063109,,,,0,30.0,0,0
75,11,4,4,29,Y6063110,,,,0,30.0,0,0
75,11,4,4,30,Y6063111,,,,0,30.0,0,0
75,11,4,5,10,Y6063112,,,,0,30.0,0,0
75,11,4,5,11,Y6063113,,,,0,30.0,0,0
75,11,4,5,12,Y6063114,,,,0,30.0,0,0
75,11,4,5,13,Y6063115,,,,0,30.0,0,0
75,11,4,5,14,Y6063116,,,,0,30.0,0,0
75,11,4,5,15,Y6063117,,,,0,30.0,0,0
75,11,4,5,16,Y6063118,,,,0,30.0,0,0
75,11,4,5,17,Y6063119,,,,0,30.0,0,0
75,11,4,5,18,Y6063120,,,,0,30.0,0,0
75,11,4,5,19,Y6063121,,,,0,30.0,0,0
75,11,4,5,20,Y6063122,,,,0,30.0,0,0
75,11,4,5,21,Y6063123,,,,0,30.0,0,0
75,11,4,5,22,Y6063124,,,,0,30.0,0,0
75,11,4,5,23,Y6063125,,,,0,30.0,0,0
75,11,4,5,24,Y6063126,,,,0,30.0,0,0
75,11,4,5,25,Y6063127,,,,0,30.0,0,0
75,11,4,5,26,Y6063128,,,,0,30.0,0,0
75,11,4,5,27,Y6063129,,,,0,30.0,0,0
75,11,4,5,28,Y6063130,,,,0,30.0,0,0
75,11,4,5,29,Y6063131,,,,0,30.0,0,0
75,11,4,5,30,Y6063132,,,,0,30.0,0,0
75,11,4,6,10,Y6063133,,,,0,30.0,0,0
75,11,4,6,11,Y6063134,,,,0,30.0,0,0
75,11,4,6,12,Y6063135,,,,0,30.0,0,0
75,11,4,6,13,Y6063136,,,,0,30.0,0,0
75,11,4,6,14,Y6063137,,,,0,30.0,0,0
75,11,4,6,15,Y6063138,,,,0,30.0,0,0
75,11,4,6,16,Y6063139,,,,0,30.0,0,0
75,11,4,6,17,Y6063140,,,,0,30.0,0,0
75,11,4,6,18,Y6063141,,,,0,30.0,0,0
75,11,4,6,19,Y6063142,,,,0,30.0,0,0
75,11,4,6,20,Y6063143,,,,0,30.0,0,0
75,11,4,6,21,Y6063144,,,,0,30.0,0,0
75,11,4,6,22,Y6063145,,,,0,30.0,0,0
75,11,4,6,23,Y6063146,,,,0,30.0,0,0
75,11,4,6,24,Y6063147,,,,0,30.0,0,0
75,11,4,6,25,Y6063148,,,,0,30.0,0,0
75,11,4,6,26,Y6063149,,,,0,30.0,0,0
75,11,4,6,27,Y6063150,,,,0,30.0,0,0
75,11,4,6,28,Y6063151,,,,0,30.0,0,0
75,11,4,6,29,Y6063152,,,,0,30.0,0,0
75,11,4,6,30,Y6063153,,,,0,30.0,0,0
75,11,4,7,10,Y6063154,,,,0,30.0,0,0
75,11,4,7,11,Y6063155,,,,0,30.0,0,0
75,11,4,7,12,Y6063156,,,,0,30.0,0,0
75,11,4,7,13,Y6063157,,,,0,30.0,0,0
75,11,4,7,14,Y6063158,,,,0,30.0,0,0
75,11,4,7,15,Y6063159,,,,0,30.0,0,0
75,11,4,7,16,Y6063160,,,,0,30.0,0,0
75,11,4,7,17,Y6063161,,,,0,30.0,0,0
75,11,4,7,18,Y6063162,,,,0,30.0,0,0
75,11,4,7,19,Y6063163,,,,0,30.0,0,0
75,11,4,7,20,Y6063164,,,,0,30.0,0,0
75,11,4,7,21,Y6063165,,,,0,30.0,0,0
75,11,4,7,22,Y6063166,,,,0,30.0,0,0
75,11,4,7,23,Y6063167,,,,0,30.0,0,0
75,11,4,7,24,Y6063168,,,,0,30.0,0,0
75,11,4,7,25,Y6063169,,,,0,30.0,0,0
75,11,4,7,26,Y6063170,,,,0,30.0,0,0
75,11,4,7,27,Y6063171,,,,0,30.0,0,0
75,11,4,7,28,Y6063172,,,,0,30.0,0,0
75,11,4,7,29,Y6063173,,,,0,30.0,0,0
75,11,4,7,30,Y6063174,,,,0,30.0,0,0
75,11,4,8,10,Y6063175,,,,0,30.0,0,0
75,11,4,8,11,Y6063176,,,,0,30.0,0,0
75,11,4,8,12,Y6063177,,,,0,30.0,0,0
75,11,4,8,13,Y6063178,,,,0,30.0,0,0
75,11,4,8,14,Y6063179,,,,0,30.0,0,0
75,11,4,8,15,Y6063180,,,,0,30.0,0,0
75,11,4,8,16,Y6063181,,,,0,30.0,0,0
75,11,4,8,17,Y6063182,,,,0,30.0,0,0
75,11,4,8,18,Y6063183,,,,0,30.0,0,0
75,11,4,8,19,Y6063184,,,,0,30.0,0,0
75,11,4,8,20,Y6063185,,,,0,30.0,0,0
75,11,4,8,21,Y6063186,,,,0,30.0,0,0
75,11,4,8,22,Y6063187,,,,0,30.0,0,0
75,11,4,8,23,Y6063188,,,,0,30.0,0,0
75,11,4,8,24,Y6063189,,,,0,30.0,0,0
75,11,4,8,25,Y6063190,,,,0,30.0,0,0
75,11,4,8,26,Y6063191,,,,0,30.0,0,0
75,11,4,8,27,Y6063192,,,,0,30.0,0,0
75,11,4,8,28,Y6063193,,,,0,30.0,0,0
75,11,4,8,29,Y6063194,,,,0,30.0,0,0
75,11,4,8,30,Y6063195,,,,0,30.0,0,0
75,11,4,9,10,Y6063196,,,,0,30.0,0,0
75,11,4,9,11,Y6063197,,,,0,30.0,0,0
75,11,4,9,12,Y6063198,,,,0,30.0,0,0
75,11,4,9,13,Y6063199,,,,0,30.0,0,0
75,11,4,9,14,Y6063200,,,,0,30.0,0,0
75,11,4,9,15,Y6063201,,,,0,30.0,0,0
75,11,4,9,16,Y6063202,,,,0,30.0,0,0
75,11,4,9,17,Y6063203,,,,0,30.0,0,2
75,11,4,9,18,Y6063204,,,,0,30.0,0,2
75,11,4,9,19,Y6063205,,,,0,30.0,0,2
75,11,4,9,20,Y6063206,,,,0,30.0,0,0
75,11,4,9,21,Y6063207,,,,0,30.0,0,0
75,11,4,9,22,Y6063208,,,,0,30.0,0,0
75,11,4,9,23,Y6063209,,,,0,30.0,0,0
75,11,4,9,24,Y6063210,,,,0,30.0,0,0
75,11,4,9,25,Y6063211,,,,0,30.0,0,0
75,11,4,9,26,Y6063212,,,,0,30.0,0,0
75,11,4,9,27,Y6063213,,,,0,30.0,0,0
75,11,4,9,28,Y6063214,,,,0,30.0,0,0
75,11,4,9,29,Y6063215,,,,0,30.0,0,0
75,11,4,9,30,Y6063216,,,,0,30.0,0,0
75,11,4,10,10,Y6063217,,,,0,30.0,0,0
75,11,4,10,11,Y6063218,,,,0,30.0,0,0
75,11,4,10,12,Y6063219,,,,0,30.0,0,0
75,11,4,10,13,Y6063220,,,,0,30.0,0,0
75,11,4,10,14,Y6063221,,,,0,30.0,0,0
75,11,4,10,15,Y6063222,,,,0,30.0,0,0
75,11,4,10,16,Y6063223,,,,0,30.0,0,2
75,11,4,10,17,Y6063224,,,,0,30.0,0,2
75,11,4,10,18,Y6063225,,,,0,30.0,0,2
75,11,4,10,19,Y6063226,,,,0,30.0,0,2
75,11,4,10,20,Y6063227,,,,0,30.0,0,2
75,11,4,10,21,Y6063228,,,,0,30.0,0,0
75,11,4,10,22,Y6063229,,,,0,30.0,0,0
75,11,4,10,23,Y6063230,,,,0,30.0,0,0
75,11,4,10,24,Y6063231,,,,0,30.0,0,0
75,11,4,10,25,Y6063232,,,,0,30.0,0,0
75,11,4,10,26,Y6063233,,,,0,30.0,0,0
75,11,4,10,27,Y6063234,,,,0,30.0,0,0
75,11,4,10,28,Y6063235,,,,0,30.0,0,0
75,11,4,10,29,Y6063236,,,,0,30.0,0,0
75,11,4,10,30,Y6063237,,,,0,30.0,0,0
75,11,4,11,10,Y6063238,,,,0,30.0,0,0
75,11,4,11,11,Y6063239,,,,0,30.0,0,0
75,11,4,11,12,Y6063240,,,,0,30.0,0,0
75,11,4,11,13,Y6063241,,,,0,30.0,0,0
75,11,4,11,14,Y6063242,,,,0,30.0,0,0
75,11,4,11,15,Y6063243,,,,0,30.0,0,0
75,11,4,11,16,Y6063244,,,,0,30.0,0,2
75,11,4,11,17,Y6063245,,,,0,30.0,0,2
75,11,4,11,18,Y6063246,,,,0,30.0,0,2
75,11,4,11,19,Y6063247,,,,0,30.0,0,2
75,11,4,11,20,Y6063248,,,,0,30.0,0,2
75,11,4,11,21,Y6063249,,,,0,30.0,0,0
75,11,4,11,22,Y6063250,,,,0,30.0,0,0
75,11,4,11,23,Y6063251,,,,0,30.0,0,0
75,11,4,11,24,Y6063252,,,,0,30.0,0,0
75,11,4,11,25,Y6063253,,,,0,30.0,0,0
75,11,4,11,26,Y6063254,,,,0,30.0,0,0
75,11,4,11,27,Y6063255,,,,0,30.0,0,0
75,11,4,11,28,Y6063256,,,,0,30.0,0,0
75,11,4,11,29,Y6063257,,,,0,30.0,0,0
75,11,4,11,30,Y6063258,,,,0,30.0,0,0
75,11,4,12,10,Y6063259,,,,0,30.0,0,0
75,11,4,12,11,Y6063260,,,,0,30.0,0,0
75,11,4,12,12,Y6063261,,,,0,30.0,0,0
75,11,4,12,13,Y6063262,,,,0,30.0,0,0
75,11,4,12,14,Y6063263,,,,0,30.0,0,0
75,11,4,12,15,Y6063264,,,,0,30.0,0,0
75,11,4,12,16,Y6063265,,,,0,30.0,0,2
75,11,4,12,17,Y6063266,,,,0,30.0,0,2
75,11,4,12,18,Y6063267,,,,0,30.0,0,2
75,11,4,12,19,Y6063268,,,,0,30.0,0,2
75,11,4,12,20,Y6063269,,,,0,30.0,0,2
75,11,4,12,21,Y6063270,,,,0,30.0,0,0
75,11,4,12,22,Y6063271,,,,0,30.0,0,0
75,11,4,12,23,Y6063272,,,,0,30.0,0,0
75,11,4,12,24,Y6063273,,,,0,30.0,0,0
75,11,4,12,25,Y6063274,,,,0,30.0,0,0
75,11,4,12,26,Y6063275,,,,0,30.0,0,0
75,11,4,12,27,Y6063276,,,,0,30.0,0,0
75,11,4,12,28,Y6063277,,,,0,30.0,0,0
75,11,4,12,29,Y6063278,,,,0,30.0,0,0
75,11,4,12,30,Y6063279,,,,0,30.0,0,0
75,11,5,1,10,Y6063280,,,,0,30.0,0,0
75,11,5,1,11,Y6063281,,,,0,30.0,0,0
75,11,5,1,12,Y6063282,,,,0,30.0,0,0
75,11,5,1,13,Y6063283,,,,0,30.0,0,0
75,11,5,1,14,Y6063284,,,,0,30.0,0,0
75,11,5,1,15,Y6063285,,,,0,30.0,0,0
75,11,5,1,16,Y6063286,,,,0,30.0,0,0
75,11,5,1,17,Y6063287,,,,0,30.0,0,0
75,11,5,1,18,Y6063288,,,,0,30.0,0,0
75,11,5,1,19,Y6063289,,,,0,30.0,0,0
75,11,5,1,20,Y6063290,,,,0,30.0,0,0
75,11,5,1,21,Y6063291,,,,0,30.0,0,0
75,11,5,1,22,Y6063292,,,,0,30.0,0,0
75,11,5,1,23,Y6063293,,,,0,30.0,0,0
75,11,5,1,24,Y6063294,,,,0,30.0,0,0
75,11,5,1,25,Y6063295,,,,0,30.0,0,0
75,11,5,1,26,Y6063296,,,,0,30.0,0,0
75,11,5,1,27,Y6063297,,,,0,30.0,0,0
75,11,5,1,28,Y6063298,,,,0,30.0,0,0
75,11,5,1,29,Y6063299,,,,0,30.0,0,0
75,11,5,1,30,Y6063300,,,,0,30.0,0,0
75,11,5,2,10,Y6063301,,,,0,30.0,0,0
75,11,5,2,11,Y6063302,,,,0,30.0,0,0
75,11,5,2,12,Y6063303,,,,0,30.0,0,0
75,11,5,2,13,Y6063304,,,,0,30.0,0,0
75,11,5,2,14,Y6063305,,,,0,30.0,0,0
75,11,5,2,15,Y6063306,,,,0,30.0,0,0
75,11,5,2,16,Y6063307,,,,0,30.0,0,0
75,11,5,2,17,Y6063308,,,,0,30.0,0,0
75,11,5,2,18,Y6063309,,,,0,30.0,0,0
75,11,5,2,19,Y6063310,,,,0,30.0,0,0
75,11,5,2,20,Y6063311,,,,0,30.0,0,0
75,11,5,2,21,Y6063312,,,,0,30.0,0,0
75,11,5,2,22,Y6063313,,,,0,30.0,0,0
75,11,5,2,23,Y6063314,,,,0,30.0,0,0
75,11,5,2,24,Y6063315,,,,0,30.0,0,0
75,11,5,2,25,Y6063316,,,,0,30.0,0,0
75,11,5,2,26,Y6063317,,,,0,30.0,0,0
75,11,5,2,27,Y6063318,,,,0,30.0,0,0
75,11,5,2,28,Y6063319,,,,0,30.0,0,0
75,11,5,2,29,Y6063320,,,,0,30.0,0,0
75,11,5,2,30,Y6063321,,,,0,30.0,0,0
75,11,5,3,10,Y6063322,,,,0,30.0,0,0
75,11,5,3,11,Y6063323,,,,0,30.0,0,0
75,11,5,3,12,Y6063324,,,,0,30.0,0,0
75,11,5,3,13,Y6063325,,,,0,30.0,0,0
75,11,5,3,14,Y6063326,,,,0,30.0,0,0
75,11,5,3,15,Y6063327,,,,0,30.0,0,0
75,11,5,3,16,Y6063328,,,,0,30.0,0,0
75,11,5,3,17,Y6063329,,,,0,30.0,0,0
75,11,5,3,18,Y6063330,,,,0,30.0,0,0
75,11,5,3,19,Y6063331,,,,0,30.0,0,0
75,11,5,3,20,Y6063332,,,,0,30.0,0,0
75,11,5,3,21,Y6063333,,,,0,30.0,0,0
75,11,5,3,22,Y6063334,,,,0,30.0,0,0
75,11,5,3,23,Y6063335,,,,0,30.0,0,0
75,11,5,3,24,Y6063336,,,,0,30.0,0,0
75,11,5,3,25,Y6063337,,,,0,30.0,0,0
75,11,5,3,26,Y6063338,,,,0,30.0,0,0
75,11,5,3,27,Y6063339,,,,0,30.0,0,0
75,11,5,3,28,Y6063340,,,,0,30.0,0,0
75,11,5,3,29,Y6063341,,,,0,30.0,0,0
75,11,5,3,30,Y6063342,,,,0,30.0,0,0
75,11,5,4,10,Y6063343,,,,0,30.0,0,0
75,11,5,4,11,Y6063344,,,,0,30.0,0,0
75,11,5,4,12,Y6063345,,,,0,30.0,0,0
75,11,5,4,13,Y6063346,,,,0,30.0,0,0
75,11,5,4,14,Y6063347,,,,0,30.0,0,0
75,11,5,4,15,Y6063348,,,,0,30.0,0,0
75,11,5,4,16,Y6063349,,,,0,30.0,0,0
75,11,5,4,17,Y6063350,,,,0,30.0,0,0
75,11,5,4,18,Y6063351,,,,0,30.0,0,0
75,11,5,4,19,Y6063352,,,,0,30.0,0,0
75,11,5,4,20,Y6063353,,,,0,30.0,0,0
75,11,5,4,21,Y6063354,,,,0,30.0,0,0
75,11,5,4,22,Y6063355,,,,0,30.0,0,0
75,11,5,4,23,Y6063356,,,,0,30.0,0,0
75,11,5,4,24,Y6063357,,,,0,30.0,0,0
75,11,5,4,25,Y6063358,,,,0,30.0,0,0
75,11,5,4,26,Y6063359,,,,0,30.0,0,0
75,11,5,4,27,Y6063360,,,,0,30.0,0,0
75,11,5,4,28,Y6063361,,,,0,30.0,0,0
75,11,5,4,29,Y6063362,,,,0,30.0,0,0
75,11,5,4,30,Y6063363,,,,0,30.0,0,0
75,11,5,5,10,Y6063364,,,,0,30.0,0,0
75,11,5,5,11,Y6063365,,,,0,30.0,0,0
75,11,5,5,12,Y6063366,,,,0,30.0,0,0
75,11,5,5,13,Y6063367,,,,0,30.0,0,0
75,11,5,5,14,Y6063368,,,,0,30.0,0,0
75,11,5,5,15,Y6063369,,,,0,30.0,0,0
75,11,5,5,16,Y6063370,,,,0,30.0,0,0
75,11,5,5,17,Y6063371,,,,0,30.0,0,0
75,11,5,5,18,Y6063372,,,,0,30.0,0,0
75,11,5,5,19,Y6063373,,,,0,30.0,0,0
75,11,5,5,20,Y6063374,,,,0,30.0,0,0
75,11,5,5,21,Y6063375,,,,0,30.0,0,0
75,11,5,5,22,Y6063376,,,,0,30.0,0,0
75,11,5,5,23,Y6063377,,,,0,30.0,0,0
75,11,5,5,24,Y6063378,,,,0,30.0,0,0
75,11,5,5,25,Y6063379,,,,0,30.0,0,0
75,11,5,5,26,Y6063380,,,,0,30.0,0,0
75,11,5,5,27,Y6063381,,,,0,30.0,0,0
75,11,5,5,28,Y6063382,,,,0,30.0,0,0
75,11,5,5,29,Y6063383,,,,0,30.0,0,0
75,11,5,5,30,Y6063384,,,,0,30.0,0,0
75,11,5,6,10,Y6063385,,,,0,30.0,0,0
75,11,5,6,11,Y6063386,,,,0,30.0,0,0
75,11,5,6,12,Y6063387,,,,0,30.0,0,0
75,11,5,6,13,Y6063388,,,,0,30.0,0,0
75,11,5,6,14,Y6063389,,,,0,30.0,0,0
75,11,5,6,15,Y6063390,,,,0,30.0,0,0
75,11,5,6,16,Y6063391,,,,0,30.0,0,0
75,11,5,6,17,Y6063392,,,,0,30.0,0,0
75,11,5,6,18,Y6063393,,,,0,30.0,0,0
75,11,5,6,19,Y6063394,,,,0,30.0,0,0
75,11,5,6,20,Y6063395,,,,0,30.0,0,0
75,11,5,6,21,Y6063396,,,,0,30.0,0,0
75,11,5,6,22,Y6063397,,,,0,30.0,0,0
75,11,5,6,23,Y6063398,,,,0,30.0,0,0
75,11,5,6,24,Y6063399,,,,0,30.0,0,0
75,11,5,6,25,Y6063400,,,,0,30.0,0,0
75,11,5,6,26,Y6063401,,,,0,30.0,0,0
75,11,5,6,27,Y6063402,,,,0,30.0,0,0
75,11,5,6,28,Y6063403,,,,0,30.0,0,0
75,11,5,6,29,Y6063404,,,,0,30.0,0,0
75,11,5,6,30,Y6063405,,,,0,30.0,0,0
75,11,5,7,10,Y6063406,,,,0,30.0,0,0
75,11,5,7,11,Y6063407,,,,0,30.0,0,0
75,11,5,7,12,Y6063408,,,,0,30.0,0,0
75,11,5,7,13,Y6063409,,,,0,30.0,0,0
75,11,5,7,14,Y6063410,,,,0,30.0,0,0
75,11,5,7,15,Y6063411,,,,0,30.0,0,0
75,11,5,7,16,Y6063412,,,,0,30.0,0,0
75,11,5,7,17,Y6063413,,,,0,30.0,0,0
75,11,5,7,18,Y6063414,,,,0,30.0,0,0
75,11,5,7,19,Y6063415,,,,0,30.0,0,0
75,11,5,7,20,Y6063416,,,,0,30.0,0,0
75,11,5,7,21,Y6063417,,,,0,30.0,0,0
75,11,5,7,22,Y6063418,,,,0,30.0,0,0
75,11,5,7,23,Y6063419,,,,0,30.0,0,0
75,11,5,7,24,Y6063420,,,,0,30.0,0,0
75,11,5,7,25,Y6063421,,,,0,30.0,0,0
75,11,5,7,26,Y6063422,,,,0,30.0,0,0
75,11,5,7,27,Y6063423,,,,0,30.0,0,0
75,11,5,7,28,Y6063424,,,,0,30.0,0,0
75,11,5,7,29,Y6063425,,,,0,30.0,0,0
75,11,5,7,30,Y6063426,,,,0,30.0,0,0
75,11,5,8,10,Y6063427,,,,0,30.0,0,0
75,11,5,8,11,Y6063428,,,,0,30.0,0,0
75,11,5,8,12,Y6063429,,,,0,30.0,0,0
75,11,5,8,13,Y6063430,,,,0,30.0,0,0
75,11,5,8,14,Y6063431,,,,0,30.0,0,0
75,11,5,8,15,Y6063432,,,,0,30.0,0,0
75,11,5,8,16,Y6063433,,,,0,30.0,0,0
75,11,5,8,17,Y6063434,,,,0,30.0,0,0
75,11,5,8,18,Y6063435,,,,0,30.0,0,0
75,11,5,8,19,Y6063436,,,,0,30.0,0,0
75,11,5,8,20,Y6063437,,,,0,30.0,0,0
75,11,5,8,21,Y6063438,,,,0,30.0,0,0
75,11,5,8,22,Y6063439,,,,0,30.0,0,0
75,11,5,8,23,Y6063440,,,,0,30.0,0,0
75,11,5,8,24,Y6063441,,,,0,30.0,0,0
75,11,5,8,25,Y6063442,,,,0,30.0,0,0
75,11,5,8,26,Y6063443,,,,0,30.0,0,0
75,11,5,8,27,Y6063444,,,,0,30.0,0,0
75,11,5,8,28,Y6063445,,,,0,30.0,0,0
75,11,5,8,29,Y6063446,,,,0,30.0,0,0
75,11,5,8,30,Y6063447,,,,0,30.0,0,0
75,11,5,9,10,Y6063448,,,,0,30.0,0,0
75,11,5,9,11,Y6063449,,,,0,30.0,0,0
75,11,5,9,12,Y6063450,,,,0,30.0,0,0
75,11,5,9,13,Y6063451,,,,0,30.0,0,0
75,11,5,9,14,Y6063452,,,,0,30.0,0,0
75,11,5,9,15,Y6063453,,,,0,30.0,0,0
75,11,5,9,16,Y6063454,,,,0,30.0,0,2
75,11,5,9,17,Y6063455,,,,0,30.0,0,2
75,11,5,9,18,Y6063456,,,,0,30.0,0,2
75,11,5,9,19,Y6063457,,,,0,30.0,0,2
75,11,5,9,20,Y6063458,,,,0,30.0,0,2
75,11,5,9,21,Y6063459,,,,0,30.0,0,0
75,11,5,9,22,Y6063460,,,,0,30.0,0,0
75,11,5,9,23,Y6063461,,,,0,30.0,0,0
75,11,5,9,24,Y6063462,,,,0,30.0,0,0
75,11,5,9,25,Y6063463,,,,0,30.0,0,0
75,11,5,9,26,Y6063464,,,,0,30.0,0,0
75,11,5,9,27,Y6063465,,,,0,30.0,0,0
75,11,5,9,28,Y6063466,,,,0,30.0,0,0
75,11,5,9,29,Y6063467,,,,0,30.0,0,0
75,11,5,9,30,Y6063468,,,,0,30.0,0,0
75,11,5,10,10,Y6063469,,,,0,30.0,0,0
75,11,5,10,11,Y6063470,,,,0,30.0,0,0
75,11,5,10,12,Y6063471,,,,0,30.0,0,0
75,11,5,10,13,Y6063472,,,,0,30.0,0,0
75,11,5,10,14,Y6063473,,,,0,30.0,0,0
75,11,5,10,15,Y6063474,,,,0,30.0,0,0
75,11,5,10,16,Y6063475,,,,0,30.0,0,2
75,11,5,10,17,Y6063476,,,,0,30.0,0,1
75,11,5,10,18,Y6063477,,,,0,30.0,0,1
75,11,5,10,19,Y6063478,,,,0,30.0,0,1
75,11,5,10,20,Y6063479,,,,0,30.0,0,2
75,11,5,10,21,Y6063480,,,,0,30.0,0,0
75,11,5,10,22,Y6063481,,,,0,30.0,0,0
75,11,5,10,23,Y6063482,,,,0,30.0,0,0
75,11,5,10,24,Y6063483,,,,0,30.0,0,0
75,11,5,10,25,Y6063484,,,,0,30.0,0,0
75,11,5,10,26,Y6063485,,,,0,30.0,0,0
75,11,5,10,27,Y6063486,,,,0,30.0,0,0
75,11,5,10,28,Y6063487,,,,0,30.0,0,0
75,11,5,10,29,Y6063488,,,,0,30.0,0,0
75,11,5,10,30,Y6063489,,,,0,30.0,0,0
75,11,5,11,10,Y6063490,,,,0,30.0,0,0
75,11,5,11,11,Y6063491,,,,0,30.0,0,0
75,11,5,11,12,Y6063492,,,,0,30.0,0,0
75,11,5,11,13,Y6063493,,,,0,30.0,0,0
75,11,5,11,14,Y6063494,,,,0,30.0,0,0
75,11,5,11,15,Y6063495,,,,0,30.0,0,0
75,11,5,11,16,Y6063496,,,,0,30.0,0,2
75,11,5,11,17,Y6063497,,,,0,30.0,0,1
75,11,5,11,18,Y6063498,,,,0,30.0,0,1
75,11,5,11,19,Y6063499,,,,0,30.0,0,1
75,11,5,11,20,Y6063500,,,,0,30.0,0,2
75,11,5,11,21,Y6063501,,,,0,30.0,0,0
75,11,5,11,22,Y6063502,,,,0,30.0,0,0
75,11,5,11,23,Y6063503,,,,0,30.0,0,0
75,11,5,11,24,Y6063504,,,,0,30.0,0,0
75,11,5,11,25,Y6063505,,,,0,30.0,0,0
75,11,5,11,26,Y6063506,,,,0,30.0,0,0
75,11,5,11,27,Y6063507,,,,0,30.0,0,0
75,11,5,11,28,Y6063508,,,,0,30.0,0,0
75,11,5,11,29,Y6063509,,,,0,30.0,0,0
75,11,5,11,30,Y6063510,,,,0,30.0,0,0
75,11,5,12,10,Y6063511,,,,0,30.0,0,0
75,11,5,12,11,Y6063512,,,,0,30.0,0,0
75,11,5,12,12,Y6063513,,,,0,30.0,0,0
75,11,5,12,13,Y6063514,,,,0,30.0,0,0
75,11,5,12,14,Y6063515,,,,0,30.0,0,0
75,11,5,12,15,Y6063516,,,,0,30.0,0,0
75,11,5,12,16,Y6063517,,,,0,30.0,0,2
75,11,5,12,17,Y6063518,,,,0,30.0,0,1
75,11,5,12,18,Y6063519,,,,0,30.0,0,1
75,11,5,12,19,Y6063520,,,,0,30.0,0,1
75,11,5,12,20,Y6063521,,,,0,30.0,0,2
75,11,5,12,21,Y6063522,,,,0,30.0,0,0
75,11,5,12,22,Y6063523,,,,0,30.0,0,0
75,11,5,12,23,Y6063524,,,,0,30.0,0,0
75,11,5,12,24,Y6063525,,,,0,30.0,0,0
75,11,5,12,25,Y6063526,,,,0,30.0,0,0
75,11,5,12,26,Y6063527,,,,0,30.0,0,0
75,11,5,12,27,Y6063528,,,,0,30.0,0,0
75,11,5,12,28,Y6063529,,,,0,30.0,0,0
75,11,5,12,29,Y6063530,,,,0,30.0,0,0
75,11,5,12,30,Y6063531,,,,0,30.0,0,0
75,11,6,1,10,Y6063532,,,,0,30.0,0,0
75,11,6,1,11,Y6063533,,,,0,30.0,0,0
75,11,6,1,12,Y6063534,,,,0,30.0,0,0
75,11,6,1,13,Y6063535,,,,0,30.0,0,0
75,11,6,1,14,Y6063536,,,,0,30.0,0,0
75,11,6,1,15,Y6063537,,,,0,30.0,0,0
75,11,6,1,16,Y6063538,,,,0,30.0,0,0
75,11,6,1,17,Y6063539,,,,0,30.0,0,0
75,11,6,1,18,Y6063540,,,,0,30.0,0,0
75,11,6,1,19,Y6063541,,,,0,30.0,0,0
75,11,6,1,20,Y6063542,,,,0,30.0,0,0
75,11,6,1,21,Y6063543,,,,0,30.0,0,0
75,11,6,1,22,Y6063544,,,,0,30.0,0,0
75,11,6,1,23,Y6063545,,,,0,30.0,0,0
75,11,6,1,24,Y6063546,,,,0,30.0,0,0
75,11,6,1,25,Y6063547,,,,0,30.0,0,0
75,11,6,1,26,Y6063548,,,,0,30.0,0,0
75,11,6,1,27,Y6063549,,,,0,30.0,0,0
75,11,6,1,28,Y6063550,,,,0,30.0,0,0
75,11,6,1,29,Y6063551,,,,0,30.0,0,0
75,11,6,1,30,Y6063552,,,,0,30.0,0,0
75,11,6,2,10,Y6063553,,,,0,30.0,0,0
75,11,6,2,11,Y6063554,,,,0,30.0,0,0
75,11,6,2,12,Y6063555,,,,0,30.0,0,0
75,11,6,2,13,Y6063556,,,,0,30.0,0,0
75,11,6,2,14,Y6063557,,,,0,30.0,0,0
75,11,6,2,15,Y6063558,,,,0,30.0,0,0
75,11,6,2,16,Y6063559,,,,0,30.0,0,0
75,11,6,2,17,Y6063560,,,,0,30.0,0,0
75,11,6,2,18,Y6063561,,,,0,30.0,0,0
75,11,6,2,19,Y6063562,,,,0,30.0,0,0
75,11,6,2,20,Y6063563,,,,0,30.0,0,0
75,11,6,2,21,Y6063564,,,,0,30.0,0,0
75,11,6,2,22,Y6063565,,,,0,30.0,0,0
75,11,6,2,23,Y6063566,,,,0,30.0,0,0
75,11,6,2,24,Y6063567,,,,0,30.0,0,0
75,11,6,2,25,Y6063568,,,,0,30.0,0,0
75,11,6,2,26,Y6063569,,,,0,30.0,0,0
75,11,6,2,27,Y6063570,,,,0,30.0,0,0
75,11,6,2,28,Y6063571,,,,0,30.0,0,0
75,11,6,2,29,Y6063572,,,,0,30.0,0,0
75,11,6,2,30,Y6063573,,,,0,30.0,0,0
75,11,6,3,10,Y6063574,,,,0,30.0,0,0
75,11,6,3,11,Y6063575,,,,0,30.0,0,0
75,11,6,3,12,Y6063576,,,,0,30.0,0,0
75,11,6,3,13,Y6063577,,,,0,30.0,0,0
75,11,6,3,14,Y6063578,,,,0,30.0,0,0
75,11,6,3,15,Y6063579,,,,0,30.0,0,0
75,11,6,3,16,Y6063580,,,,0,30.0,0,0
75,11,6,3,17,Y6063581,,,,0,30.0,0,0
75,11,6,3,18,Y6063582,,,,0,30.0,0,0
75,11,6,3,19,Y6063583,,,,0,30.0,0,0
75,11,6,3,20,Y6063584,,,,0,30.0,0,0
75,11,6,3,21,Y6063585,,,,0,30.0,0,0
75,11,6,3,22,Y6063586,,,,0,30.0,0,0
75,11,6,3,23,Y6063587,,,,0,30.0,0,0
75,11,6,3,24,Y6063588,,,,0,30.0,0,0
75,11,6,3,25,Y6063589,,,,0,30.0,0,0
75,11,6,3,26,Y6063590,,,,0,30.0,0,0
75,11,6,3,27,Y6063591,,,,0,30.0,0,0
75,11,6,3,28,Y6063592,,,,0,30.0,0,0
75,11,6,3,29,Y6063593,,,,0,30.0,0,0
75,11,6,3,30,Y6063594,,,,0,30.0,0,0
75,11,6,4,10,Y6063595,,,,0,30.0,0,0
75,11,6,4,11,Y6063596,,,,0,30.0,0,0
75,11,6,4,12,Y6063597,,,,0,30.0,0,0
75,11,6,4,13,Y6063598,,,,0,30.0,0,0
75,11,6,4,14,Y6063599,,,,0,30.0,0,0
75,11,6,4,15,Y6063600,,,,0,30.0,0,0
75,11,6,4,16,Y6063601,,,,0,30.0,0,0
75,11,6,4,17,Y6063602,,,,0,30.0,0,0
75,11,6,4,18,Y6063603,,,,0,30.0,0,0
75,11,6,4,19,Y6063604,,,,0,30.0,0,0
75,11,6,4,20,Y6063605,,,,0,30.0,0,0
75,11,6,4,21,Y6063606,,,,0,30.0,0,0
75,11,6,4,22,Y6063607,,,,0,30.0,0,0
75,11,6,4,23,Y6063608,,,,0,30.0,0,0
75,11,6,4,24,Y6063609,,,,0,30.0,0,0
75,11,6,4,25,Y6063610,,,,0,30.0,0,0
75,11,6,4,26,Y6063611,,,,0,30.0,0,0
75,11,6,4,27,Y6063612,,,,0,30.0,0,0
75,11,6,4,28,Y6063613,,,,0,30.0,0,0
75,11,6,4,29,Y6063614,,,,0,30.0,0,0
75,11,6,4,30,Y6063615,,,,0,30.0,0,0
75,11,6,5,10,Y6063616,,,,0,30.0,0,0
75,11,6,5,11,Y6063617,,,,0,30.0,0,0
75,11,6,5,12,Y6063618,,,,0,30.0,0,0
75,11,6,5,13,Y6063619,,,,0,30.0,0,0
75,11,6,5,14,Y6063620,,,,0,30.0,0,0
75,11,6,5,15,Y6063621,,,,0,30.0,0,0
75,11,6,5,16,Y6063622,,,,0,30.0,0,0
75,11,6,5,17,Y6063623,,,,0,30.0,0,0
75,11,6,5,18,Y6063624,,,,0,30.0,0,0
75,11,6,5,19,Y6063625,,,,0,30.0,0,0
75,11,6,5,20,Y6063626,,,,0,30.0,0,0
75,11,6,5,21,Y6063627,,,,0,30.0,0,0
75,11,6,5,22,Y6063628,,,,0,30.0,0,0
75,11,6,5,23,Y6063629,,,,0,30.0,0,0
75,11,6,5,24,Y6063630,,,,0,30.0,0,0
75,11,6,5,25,Y6063631,,,,0,30.0,0,0
75,11,6,5,26,Y6063632,,,,0,30.0,0,0
75,11,6,5,27,Y6063633,,,,0,30.0,0,0
75,11,6,5,28,Y6063634,,,,0,30.0,0,0
75,11,6,5,29,Y6063635,,,,0,30.0,0,0
75,11,6,5,30,Y6063636,,,,0,30.0,0,0
75,11,6,6,10,Y6063637,,,,0,30.0,0,0
75,11,6,6,11,Y6063638,,,,0,30.0,0,0
75,11,6,6,12,Y6063639,,,,0,30.0,0,0
75,11,6,6,13,Y6063640,,,,0,30.0,0,0
75,11,6,6,14,Y6063641,,,,0,30.0,0,0
75,11,6,6,15,Y6063642,,,,0,30.0,0,0
75,11,6,6,16,Y6063643,,,,0,30.0,0,0
75,11,6,6,17,Y6063644,,,,0,30.0,0,0
75,11,6,6,18,Y6063645,,,,0,30.0,0,0
75,11,6,6,19,Y6063646,,,,0,30.0,0,0
75,11,6,6,20,Y6063647,,,,0,30.0,0,0
75,11,6,6,21,Y6063648,,,,0,30.0,0,0
75,11,6,6,22,Y6063649,,,,0,30.0,0,0
75,11,6,6,23,Y6063650,,,,0,30.0,0,0
75,11,6,6,24,Y6063651,,,,0,30.0,0,0
75,11,6,6,25,Y6063652,,,,0,30.0,0,0
75,11,6,6,26,Y6063653,,,,0,30.0,0,0
75,11,6,6,27,Y6063654,,,,0,30.0,0,0
75,11,6,6,28,Y6063655,,,,0,30.0,0,0
75,11,6,6,29,Y6063656,,,,0,30.0,0,0
75,11,6,6,30,Y6063657,,,,0,30.0,0,0
75,11,6,7,10,Y6063658,,,,0,30.0,0,0
75,11,6,7,11,Y6063659,,,,0,30.0,0,0
75,11,6,7,12,Y6063660,,,,0,30.0,0,0
75,11,6,7,13,Y6063661,,,,0,30.0,0,0
75,11,6,7,14,Y6063662,,,,0,30.0,0,0
75,11,6,7,15,Y6063663,,,,0,30.0,0,0
75,11,6,7,16,Y6063664,,,,0,30.0,0,0
75,11,6,7,17,Y6063665,,,,0,30.0,0,0
75,11,6,7,18,Y6063666,,,,0,30.0,0,0
75,11,6,7,19,Y6063667,,,,0,30.0,0,0
75,11,6,7,20,Y6063668,,,,0,30.0,0,0
75,11,6,7,21,Y6063669,,,,0,30.0,0,0
75,11,6,7,22,Y6063670,,,,0,30.0,0,0
75,11,6,7,23,Y6063671,,,,0,30.0,0,0
75,11,6,7,24,Y6063672,,,,0,30.0,0,0
75,11,6,7,25,Y6063673,,,,0,30.0,0,0
75,11,6,7,26,Y6063674,,,,0,30.0,0,0
75,11,6,7,27,Y6063675,,,,0,30.0,0,0
75,11,6,7,28,Y6063676,,,,0,30.0,0,0
75,11,6,7,29,Y6063677,,,,0,30.0,0,0
75,11,6,7,30,Y6063678,,,,0,30.0,0,0
75,11,6,8,10,Y6063679,,,,0,30.0,0,0
75,11,6,8,11,Y6063680,,,,0,30.0,0,0
75,11,6,8,12,Y6063681,,,,0,30.0,0,0
75,11,6,8,13,Y6063682,,,,0,30.0,0,0
75,11,6,8,14,Y6063683,,,,0,30.0,0,0
75,11,6,8,15,Y6063684,,,,0,30.0,0,0
75,11,6,8,16,Y6063685,,,,0,30.0,0,0
75,11,6,8,17,Y6063686,,,,0,30.0,0,0
75,11,6,8,18,Y6063687,,,,0,30.0,0,0
75,11,6,8,19,Y6063688,,,,0,30.0,0,0
75,11,6,8,20,Y6063689,,,,0,30.0,0,0
75,11,6,8,21,Y6063690,,,,0,30.0,0,0
75,11,6,8,22,Y6063691,,,,0,30.0,0,0
75,11,6,8,23,Y6063692,,,,0,30.0,0,0
75,11,6,8,24,Y6063693,,,,0,30.0,0,0
75,11,6,8,25,Y6063694,,,,0,30.0,0,0
75,11,6,8,26,Y6063695,,,,0,30.0,0,0
75,11,6,8,27,Y6063696,,,,0,30.0,0,0
75,11,6,8,28,Y6063697,,,,0,30.0,0,0
75,11,6,8,29,Y6063698,,,,0,30.0,0,0
75,11,6,8,30,Y6063699,,,,0,30.0,0,0
75,11,6,9,10,Y6063700,,,,0,30.0,0,0
75,11,6,9,11,Y6063701,,,,0,30.0,0,0
75,11,6,9,12,Y6063702,,,,0,30.0,0,0
75,11,6,9,13,Y6063703,,,,0,30.0,0,0
75,11,6,9,14,Y6063704,,,,0,30.0,0,0
75,11,6,9,15,Y6063705,,,,0,30.0,0,0
75,11,6,9,16,Y6063706,,,,0,30.0,0,2
75,11,6,9,17,Y6063707,,,,0,30.0,0,2
75,11,6,9,18,Y6063708,,,,0,30.0,0,2
75,11,6,9,19,Y6063709,,,,0,30.0,0,2
75,11,6,9,20,Y6063710,,,,0,30.0,0,2
75,11,6,9,21,Y6063711,,,,0,30.0,0,0
75,11,6,9,22,Y6063712,,,,0,30.0,0,0
75,11,6,9,23,Y6063713,,,,0,30.0,0,0
75,11,6,9,24,Y6063714,,,,0,30.0,0,0
75,11,6,9,25,Y6063715,,,,0,30.0,0,0
75,11,6,9,26,Y6063716,,,,0,30.0,0,0
75,11,6,9,27,Y6063717,,,,0,30.0,0,0
75,11,6,9,28,Y6063718,,,,0,30.0,0,0
75,11,6,9,29,Y6063719,,,,0,30.0,0,0
75,11,6,9,30,Y6063720,,,,0,30.0,0,0
75,11,6,10,10,Y6063721,,,,0,30.0,0,0
75,11,6,10,11,Y6063722,,,,0,30.0,0,0
75,11,6,10,12,Y6063723,,,,0,30.0,0,0
75,11,6,10,13,Y6063724,,,,0,30.0,0,0
75,11,6,10,14,Y6063725,,,,0,30.0,0,0
75,11,6,10,15,Y6063726,,,,0,30.0,0,0
75,11,6,10,16,Y6063727,,,,0,30.0,0,2
75,11,6,10,17,Y6063728,,,,0,30.0,0,1
75,11,6,10,18,Y6063729,,,,0,30.0,0,1
75,11,6,10,19,Y6063730,,,,0,30.0,0,1
75,11,6,10,20,Y6063731,,,,0,30.0,0,2
75,11,6,10,21,Y6063732,,,,0,30.0,0,0
75,11,6,10,22,Y6063733,,,,0,30.0,0,0
75,11,6,10,23,Y6063734,,,,0,30.0,0,0
75,11,6,10,24,Y6063735,,,,0,30.0,0,0
75,11,6,10,25,Y6063736,,,,0,30.0,0,0
75,11,6,10,26,Y6063737,,,,0,30.0,0,0
75,11,6,10,27,Y6063738,,,,0,30.0,0,0
75,11,6,10,28,Y6063739,,,,0,30.0,0,0
75,11,6,10,29,Y6063740,,,,0,30.0,0,0
75,11,6,10,30,Y6063741,,,,0,30.0,0,0
75,11,6,11,10,Y6063742,,,,0,30.0,0,0
75,11,6,11,11,Y6063743,,,,0,30.0,0,0
75,11,6,11,12,Y6063744,,,,0,30.0,0,0
75,11,6,11,13,Y6063745,,,,0,30.0,0,0
75,11,6,11,14,Y6063746,,,,0,30.0,0,0
75,11,6,11,15,Y6063747,,,,0,30.0,0,0
75,11,6,11,16,Y6063748,,,,0,30.0,0,2
75,11,6,11,17,Y6063749,,,,0,30.0,0,1
75,11,6,11,18,Y6063750,,,,0,30.0,0,1
75,11,6,11,19,Y6063751,,,,0,30.0,0,1
75,11,6,11,20,Y6063752,,,,0,30.0,0,2
75,11,6,11,21,Y6063753,,,,0,30.0,0,0
75,11,6,11,22,Y6063754,,,,0,30.0,0,0
75,11,6,11,23,Y6063755,,,,0,30.0,0,0
75,11,6,11,24,Y6063756,,,,0,30.0,0,0
75,11,6,11,25,Y6063757,,,,0,30.0,0,0
75,11,6,11,26,Y6063758,,,,0,30.0,0,0
75,11,6,11,27,Y6063759,,,,0,30.0,0,0
75,11,6,11,28,Y6063760,,,,0,30.0,0,0
75,11,6,11,29,Y6063761,,,,0,30.0,0,0
75,11,6,11,30,Y6063762,,,,0,30.0,0,0
75,11,6,12,10,Y6063763,,,,0,30.0,0,0
75,11,6,12,11,Y6063764,,,,0,30.0,0,0
75,11,6,12,12,Y6063765,,,,0,30.0,0,0
75,11,6,12,13,Y6063766,,,,0,30.0,0,0
75,11,6,12,14,Y6063767,,,,0,30.0,0,0
75,11,6,12,15,Y6063768,,,,0,30.0,0,0
75,11,6,12,16,Y6063769,,,,0,30.0,0,2
75,11,6,12,17,Y6063770,,,,0,30.0,0,1
75,11,6,12,18,Y6063771,,,,0,30.0,0,1
75,11,6,12,19,Y6063772,,,,0,30.0,0,1
75,11,6,12,20,Y6063773,,,,0,30.0,0,2
75,11,6,12,21,Y6063774,,,,0,30.0,0,0
75,11,6,12,22,Y6063775,,,,0,30.0,0,0
75,11,6,12,23,Y6063776,,,,0,30.0,0,0
75,11,6,12,24,Y6063777,,,,0,30.0,0,0
75,11,6,12,25,Y6063778,,,,0,30.0,0,0
75,11,6,12,26,Y6063779,,,,0,30.0,0,0
75,11,6,12,27,Y6063780,,,,0,30.0,0,0
75,11,6,12,28,Y6063781,,,,0,30.0,0,0
75,11,6,12,29,Y6063782,,,,0,30.0,0,0
75,11,6,12,30,Y6063783,,,,0,30.0,0,0
75,11,7,1,10,Y6063784,,,,0,30.0,0,0
75,11,7,1,11,Y6063785,,,,0,30.0,0,0
75,11,7,1,12,Y6063786,,,,0,30.0,0,0
75,11,7,1,13,Y6063787,,,,0,30.0,0,0
75,11,7,1,14,Y6063788,,,,0,30.0,0,0
75,11,7,1,15,Y6063789,,,,0,30.0,0,0
75,11,7,1,16,Y6063790,,,,0,30.0,0,0
75,11,7,1,17,Y6063791,,,,0,30.0,0,0
75,11,7,1,18,Y6063792,,,,0,30.0,0,0
75,11,7,1,19,Y6063793,,,,0,30.0,0,0
75,11,7,1,20,Y6063794,,,,0,30.0,0,0
75,11,7,1,21,Y6063795,,,,0,30.0,0,0
75,11,7,1,22,Y6063796,,,,0,30.0,0,0
75,11,7,1,23,Y6063797,,,,0,30.0,0,0
75,11,7,1,24,Y6063798,,,,0,30.0,0,0
75,11,7,1,25,Y6063799,,,,0,30.0,0,0
75,11,7,1,26,Y6063800,,,,0,30.0,0,0
75,11,7,1,27,Y6063801,,,,0,30.0,0,0
75,11,7,1,28,Y6063802,,,,0,30.0,0,0
75,11,7,1,29,Y6063803,,,,0,30.0,0,0
75,11,7,1,30,Y6063804,,,,0,30.0,0,0
75,11,7,2,10,Y6063805,,,,0,30.0,0,0
75,11,7,2,11,Y6063806,,,,0,30.0,0,0
75,11,7,2,12,Y6063807,,,,0,30.0,0,0
75,11,7,2,13,Y6063808,,,,0,30.0,0,0
75,11,7,2,14,Y6063809,,,,0,30.0,0,0
75,11,7,2,15,Y6063810,,,,0,30.0,0,0
75,11,7,2,16,Y6063811,,,,0,30.0,0,0
75,11,7,2,17,Y6063812,,,,0,30.0,0,0
75,11,7,2,18,Y6063813,,,,0,30.0,0,0
75,11,7,2,19,Y6063814,,,,0,30.0,0,0
75,11,7,2,20,Y6063815,,,,0,30.0,0,0
75,11,7,2,21,Y6063816,,,,0,30.0,0,0
75,11,7,2,22,Y6063817,,,,0,30.0,0,0
75,11,7,2,23,Y6063818,,,,0,30.0,0,0
75,11,7,2,24,Y6063819,,,,0,30.0,0,0
75,11,7,2,25,Y6063820,,,,0,30.0,0,0
75,11,7,2,26,Y6063821,,,,0,30.0,0,0
75,11,7,2,27,Y6063822,,,,0,30.0,0,0
75,11,7,2,28,Y6063823,,,,0,30.0,0,0
75,11,7,2,29,Y6063824,,,,0,30.0,0,0
75,11,7,2,30,Y6063825,,,,0,30.0,0,0
75,11,7,3,10,Y6063826,,,,0,30.0,0,0
75,11,7,3,11,Y6063827,,,,0,30.0,0,0
75,11,7,3,12,Y6063828,,,,0,30.0,0,0
75,11,7,3,13,Y6063829,,,,0,30.0,0,0
75,11,7,3,14,Y6063830,,,,0,30.0,0,0
75,11,7,3,15,Y6063831,,,,0,30.0,0,0
75,11,7,3,16,Y6063832,,,,0,30.0,0,0
75,11,7,3,17,Y6063833,,,,0,30.0,0,0
75,11,7,3,18,Y6063834,,,,0,30.0,0,0
75,11,7,3,19,Y6063835,,,,0,30.0,0,0
75,11,7,3,20,Y6063836,,,,0,30.0,0,0
75,11,7,3,21,Y6063837,,,,0,30.0,0,0
75,11,7,3,22,Y6063838,,,,0,30.0,0,0
75,11,7,3,23,Y6063839,,,,0,30.0,0,0
75,11,7,3,24,Y6063840,,,,0,30.0,0,0
75,11,7,3,25,Y6063841,,,,0,30.0,0,0
75,11,7,3,26,Y6063842,,,,0,30.0,0,0
75,11,7,3,27,Y6063843,,,,0,30.0,0,0
75,11,7,3,28,Y6063844,,,,0,30.0,0,0
75,11,7,3,29,Y6063845,,,,0,30.0,0,0
75,11,7,3,30,Y6063846,,,,0,30.0,0,0
75,11,7,4,10,Y6063847,,,,0,30.0,0,0
75,11,7,4,11,Y6063848,,,,0,30.0,0,0
75,11,7,4,12,Y6063849,,,,0,30.0,0,0
75,11,7,4,13,Y6063850,,,,0,30.0,0,0
75,11,7,4,14,Y6063851,,,,0,30.0,0,0
75,11,7,4,15,Y6063852,,,,0,30.0,0,0
75,11,7,4,16,Y6063853,,,,0,30.0,0,0
75,11,7,4,17,Y6063854,,,,0,30.0,0,0
75,11,7,4,18,Y6063855,,,,0,30.0,0,0
75,11,7,4,19,Y6063856,,,,0,30.0,0,0
75,11,7,4,20,Y6063857,,,,0,30.0,0,0
75,11,7,4,21,Y6063858,,,,0,30.0,0,0
75,11,7,4,22,Y6063859,,,,0,30.0,0,0
75,11,7,4,23,Y6063860,,,,0,30.0,0,0
75,11,7,4,24,Y6063861,,,,0,30.0,0,0
75,11,7,4,25,Y6063862,,,,0,30.0,0,0
75,11,7,4,26,Y6063863,,,,0,30.0,0,0
75,11,7,4,27,Y6063864,,,,0,30.0,0,0
75,11,7,4,28,Y6063865,,,,0,30.0,0,0
75,11,7,4,29,Y6063866,,,,0,30.0,0,0
75,11,7,4,30,Y6063867,,,,0,30.0,0,0
75,11,7,5,10,Y6063868,,,,0,30.0,0,0
75,11,7,5,11,Y6063869,,,,0,30.0,0,0
75,11,7,5,12,Y6063870,,,,0,30.0,0,0
75,11,7,5,13,Y6063871,,,,0,30.0,0,0
75,11,7,5,14,Y6063872,,,,0,30.0,0,0
75,11,7,5,15,Y6063873,,,,0,30.0,0,0
75,11,7,5,16,Y6063874,,,,0,30.0,0,0
75,11,7,5,17,Y6063875,,,,0,30.0,0,0
75,11,7,5,18,Y6063876,,,,0,30.0,0,0
75,11,7,5,19,Y6063877,,,,0,30.0,0,0
75,11,7,5,20,Y6063878,,,,0,30.0,0,0
75,11,7,5,21,Y6063879,,,,0,30.0,0,0
75,11,7,5,22,Y6063880,,,,0,30.0,0,0
75,11,7,5,23,Y6063881,,,,0,30.0,0,0
75,11,7,5,24,Y6063882,,,,0,30.0,0,0
75,11,7,5,25,Y6063883,,,,0,30.0,0,0
75,11,7,5,26,Y6063884,,,,0,30.0,0,0
75,11,7,5,27,Y6063885,,,,0,30.0,0,0
75,11,7,5,28,Y6063886,,,,0,30.0,0,0
75,11,7,5,29,Y6063887,,,,0,30.0,0,0
75,11,7,5,30,Y6063888,,,,0,30.0,0,0
75,11,7,6,10,Y6063889,,,,0,30.0,0,0
75,11,7,6,11,Y6063890,,,,0,30.0,0,0
75,11,7,6,12,Y6063891,,,,0,30.0,0,0
75,11,7,6,13,Y6063892,,,,0,30.0,0,0
75,11,7,6,14,Y6063893,,,,0,30.0,0,0
75,11,7,6,15,Y6063894,,,,0,30.0,0,0
75,11,7,6,16,Y6063895,,,,0,30.0,0,0
75,11,7,6,17,Y6063896,,,,0,30.0,0,0
75,11,7,6,18,Y6063897,,,,0,30.0,0,0
75,11,7,6,19,Y6063898,,,,0,30.0,0,0
75,11,7,6,20,Y6063899,,,,0,30.0,0,0
75,11,7,6,21,Y6063900,,,,0,30.0,0,0
75,11,7,6,22,Y6063901,,,,0,30.0,0,0
75,11,7,6,23,Y6063902,,,,0,30.0,0,0
75,11,7,6,24,Y6063903,,,,0,30.0,0,0
75,11,7,6,25,Y6063904,,,,0,30.0,0,0
75,11,7,6,26,Y6063905,,,,0,30.0,0,0
75,11,7,6,27,Y6063906,,,,0,30.0,0,0
75,11,7,6,28,Y6063907,,,,0,30.0,0,0
75,11,7,6,29,Y6063908,,,,0,30.0,0,0
75,11,7,6,30,Y6063909,,,,0,30.0,0,0
75,11,7,7,10,Y6063910,,,,0,30.0,0,0
75,11,7,7,11,Y6063911,,,,0,30.0,0,0
75,11,7,7,12,Y6063912,,,,0,30.0,0,0
75,11,7,7,13,Y6063913,,,,0,30.0,0,0
75,11,7,7,14,Y6063914,,,,0,30.0,0,0
75,11,7,7,15,Y6063915,,,,0,30.0,0,0
75,11,7,7,16,Y6063916,,,,0,30.0,0,0
75,11,7,7,17,Y6063917,,,,0,30.0,0,0
75,11,7,7,18,Y6063918,,,,0,30.0,0,0
75,11,7,7,19,Y6063919,,,,0,30.0,0,0
75,11,7,7,20,Y6063920,,,,0,30.0,0,0
75,11,7,7,21,Y6063921,,,,0,30.0,0,0
75,11,7,7,22,Y6063922,,,,0,30.0,0,0
75,11,7,7,23,Y6063923,,,,0,30.0,0,0
75,11,7,7,24,Y6063924,,,,0,30.0,0,0
75,11,7,7,25,Y6063925,,,,0,30.0,0,0
75,11,7,7,26,Y6063926,,,,0,30.0,0,0
75,11,7,7,27,Y6063927,,,,0,30.0,0,0
75,11,7,7,28,Y6063928,,,,0,30.0,0,0
75,11,7,7,29,Y6063929,,,,0,30.0,0,0
75,11,7,7,30,Y6063930,,,,0,30.0,0,0
75,11,7,8,10,Y6063931,,,,0,30.0,0,0
75,11,7,8,11,Y6063932,,,,0,30.0,0,0
75,11,7,8,12,Y6063933,,,,0,30.0,0,0
75,11,7,8,13,Y6063934,,,,0,30.0,0,0
75,11,7,8,14,Y6063935,,,,0,30.0,0,0
75,11,7,8,15,Y6063936,,,,0,30.0,0,0
75,11,7,8,16,Y6063937,,,,0,30.0,0,0
75,11,7,8,17,Y6063938,,,,0,30.0,0,0
75,11,7,8,18,Y6063939,,,,0,30.0,0,0
75,11,7,8,19,Y6063940,,,,0,30.0,0,0
75,11,7,8,20,Y6063941,,,,0,30.0,0,0
75,11,7,8,21,Y6063942,,,,0,30.0,0,0
75,11,7,8,22,Y6063943,,,,0,30.0,0,0
75,11,7,8,23,Y6063944,,,,0,30.0,0,0
75,11,7,8,24,Y6063945,,,,0,30.0,0,0
75,11,7,8,25,Y6063946,,,,0,30.0,0,0
75,11,7,8,26,Y6063947,,,,0,30.0,0,0
75,11,7,8,27,Y6063948,,,,0,30.0,0,0
75,11,7,8,28,Y6063949,,,,0,30.0,0,0
75,11,7,8,29,Y6063950,,,,0,30.0,0,0
75,11,7,8,30,Y6063951,,,,0,30.0,0,0
75,11,7,9,10,Y6063952,,,,0,30.0,0,0
75,11,7,9,11,Y6063953,,,,0,30.0,0,0
75,11,7,9,12,Y6063954,,,,0,30.0,0,0
75,11,7,9,13,Y6063955,,,,0,30.0,0,0
75,11,7,9,14,Y6063956,,,,0,30.0,0,0
75,11,7,9,15,Y6063957,,,,0,30.0,0,0
75,11,7,9,16,Y6063958,,,,0,30.0,0,2
75,11,7,9,17,Y6063959,,,,0,30.0,0,2
75,11,7,9,18,Y6063960,,,,0,30.0,0,2
75,11,7,9,19,Y6063961,,,,0,30.0,0,2
75,11,7,9,20,Y6063962,,,,0,30.0,0,2
75,11,7,9,21,Y6063963,,,,0,30.0,0,0
75,11,7,9,22,Y6063964,,,,0,30.0,0,0
75,11,7,9,23,Y6063965,,,,0,30.0,0,0
75,11,7,9,24,Y6063966,,,,0,30.0,0,0
75,11,7,9,25,Y6063967,,,,0,30.0,0,0
75,11,7,9,26,Y6063968,,,,0,30.0,0,0
75,11,7,9,27,Y6063969,,,,0,30.0,0,0
75,11,7,9,28,Y6063970,,,,0,30.0,0,0
75,11,7,9,29,Y6063971,,,,0,30.0,0,0
75,11,7,9,30,Y6063972,,,,0,30.0,0,0
75,11,7,10,10,Y6063973,,,,0,30.0,0,0
75,11,7,10,11,Y6063974,,,,0,30.0,0,0
75,11,7,10,12,Y6063975,,,,0,30.0,0,0
75,11,7,10,13,Y6063976,,,,0,30.0,0,0
75,11,7,10,14,Y6063977,,,,0,30.0,0,0
75,11,7,10,15,Y6063978,,,,0,30.0,0,0
75,11,7,10,16,Y6063979,,,,0,30.0,0,2
75,11,7,10,17,Y6063980,,,,0,30.0,0,1
75,11,7,10,18,Y6063981,,,,0,30.0,0,1
75,11,7,10,19,Y6063982,,,,0,30.0,0,1
75,11,7,10,20,Y6063983,,,,0,30.0,0,2
75,11,7,10,21,Y6063984,,,,0,30.0,0,0
75,11,7,10,22,Y6063985,,,,0,30.0,0,0
75,11,7,10,23,Y6063986,,,,0,30.0,0,0
75,11,7,10,24,Y6063987,,,,0,30.0,0,0
75,11,7,10,25,Y6063988,,,,0,30.0,0,0
75,11,7,10,26,Y6063989,,,,0,30.0,0,0
75,11,7,10,27,Y6063990,,,,0,30.0,0,0
75,11,7,10,28,Y6063991,,,,0,30.0,0,0
75,11,7,10,29,Y6063992,,,,0,30.0,0,0
75,11,7,10,30,Y6063993,,,,0,30.0,0,0
75,11,7,11,10,Y6063994,,,,0,30.0,0,0
75,11,7,11,11,Y6063995,,,,0,30.0,0,0
75,11,7,11,12,Y6063996,,,,0,30.0,0,0
75,11,7,11,13,Y6063997,,,,0,30.0,0,0
75,11,7,11,14,Y6063998,,,,0,30.0,0,0
75,11,7,11,15,Y6063999,,,,0,30.0,0,0
75,11,7,11,16,Y6064000,,,,0,30.0,0,2
75,11,7,11,17,Y6064001,,,,0,30.0,0,1
75,11,7,11,18,Y6064002,,,,0,30.0,0,1
75,11,7,11,19,Y6064003,,,,0,30.0,0,1
75,11,7,11,20,Y6064004,,,,0,30.0,0,2
75,11,7,11,21,Y6064005,,,,0,30.0,0,0
75,11,7,11,22,Y6064006,,,,0,30.0,0,0
75,11,7,11,23,Y6064007,,,,0,30.0,0,0
75,11,7,11,24,Y6064008,,,,0,30.0,0,0
75,11,7,11,25,Y6064009,,,,0,30.0,0,0
75,11,7,11,26,Y6064010,,,,0,30.0,0,0
75,11,7,11,27,Y6064011,,,,0,30.0,0,0
75,11,7,11,28,Y6064012,,,,0,30.0,0,0
75,11,7,11,29,Y6064013,,,,0,30.0,0,0
75,11,7,11,30,Y6064014,,,,0,30.0,0,0
75,11,7,12,10,Y6064015,,,,0,30.0,0,0
75,11,7,12,11,Y6064016,,,,0,30.0,0,0
75,11,7,12,12,Y6064017,,,,0,30.0,0,0
75,11,7,12,13,Y6064018,,,,0,30.0,0,0
75,11,7,12,14,Y6064019,,,,0,30.0,0,0
75,11,7,12,15,Y6064020,,,,0,30.0,0,0
75,11,7,12,16,Y6064021,,,,0,30.0,0,2
75,11,7,12,17,Y6064022,,,,0,30.0,0,1
75,11,7,12,18,Y6064023,,,,0,30.0,0,1
75,11,7,12,19,Y6064024,,,,0,30.0,0,1
75,11,7,12,20,Y6064025,,,,0,30.0,0,2
75,11,7,12,21,Y6064026,,,,0,30.0,0,0
75,11,7,12,22,Y6064027,,,,0,30.0,0,0
75,11,7,12,23,Y6064028,,,,0,30.0,0,0
75,11,7,12,24,Y6064029,,,,0,30.0,0,0
75,11,7,12,25,Y6064030,,,,0,30.0,0,0
75,11,7,12,26,Y6064031,,,,0,30.0,0,0
75,11,7,12,27,Y6064032,,,,0,30.0,0,0
75,11,7,12,28,Y6064033,,,,0,30.0,0,0
75,11,7,12,29,Y6064034,,,,0,30.0,0,0
75,11,7,12,30,Y6064035,,,,0,30.0,0,0
75,11,8,1,10,Y6064036,,,,0,30.0,0,0
75,11,8,1,11,Y6064037,,,,0,30.0,0,0
75,11,8,1,12,Y6064038,,,,0,30.0,0,0
75,11,8,1,13,Y6064039,,,,0,30.0,0,0
75,11,8,1,14,Y6064040,,,,0,30.0,0,0
75,11,8,1,15,Y6064041,,,,0,30.0,0,0
75,11,8,1,16,Y6064042,,,,0,30.0,0,0
75,11,8,1,17,Y6064043,,,,0,30.0,0,0
75,11,8,1,18,Y6064044,,,,0,30.0,0,0
75,11,8,1,19,Y6064045,,,,0,30.0,0,0
75,11,8,1,20,Y6064046,,,,0,30.0,0,0
75,11,8,1,21,Y6064047,,,,0,30.0,0,0
75,11,8,1,22,Y6064048,,,,0,30.0,0,0
75,11,8,1,23,Y6064049,,,,0,30.0,0,0
75,11,8,1,24,Y6064050,,,,0,30.0,0,0
75,11,8,1,25,Y6064051,,,,0,30.0,0,0
75,11,8,1,26,Y6064052,,,,0,30.0,0,0
75,11,8,1,27,Y6064053,,,,0,30.0,0,0
75,11,8,1,28,Y6064054,,,,0,30.0,0,0
75,11,8,1,29,Y6064055,,,,0,30.0,0,0
75,11,8,1,30,Y6064056,,,,0,30.0,0,0
75,11,8,2,10,Y6064057,,,,0,30.0,0,0
75,11,8,2,11,Y6064058,,,,0,30.0,0,0
75,11,8,2,12,Y6064059,,,,0,30.0,0,0
75,11,8,2,13,Y6064060,,,,0,30.0,0,0
75,11,8,2,14,Y6064061,,,,0,30.0,0,0
75,11,8,2,15,Y6064062,,,,0,30.0,0,0
75,11,8,2,16,Y6064063,,,,0,30.0,0,0
75,11,8,2,17,Y6064064,,,,0,30.0,0,0
75,11,8,2,18,Y6064065,,,,0,30.0,0,0
75,11,8,2,19,Y6064066,,,,0,30.0,0,0
75,11,8,2,20,Y6064067,,,,0,30.0,0,0
75,11,8,2,21,Y6064068,,,,0,30.0,0,0
75,11,8,2,22,Y6064069,,,,0,30.0,0,0
75,11,8,2,23,Y6064070,,,,0,30.0,0,0
75,11,8,2,24,Y6064071,,,,0,30.0,0,0
75,11,8,2,25,Y6064072,,,,0,30.0,0,0
75,11,8,2,26,Y6064073,,,,0,30.0,0,0
75,11,8,2,27,Y6064074,,,,0,30.0,0,0
75,11,8,2,28,Y6064075,,,,0,30.0,0,0
75,11,8,2,29,Y6064076,,,,0,30.0,0,0
75,11,8,2,30,Y6064077,,,,0,30.0,0,0
75,11,8,3,10,Y6064078,,,,0,30.0,0,0
75,11,8,3,11,Y6064079,,,,0,30.0,0,0
75,11,8,3,12,Y6064080,,,,0,30.0,0,0
75,11,8,3,13,Y6064081,,,,0,30.0,0,0
75,11,8,3,14,Y6064082,,,,0,30.0,0,0
75,11,8,3,15,Y6064083,,,,0,30.0,0,0
75,11,8,3,16,Y6064084,,,,0,30.0,0,0
75,11,8,3,17,Y6064085,,,,0,30.0,0,0
75,11,8,3,18,Y6064086,,,,0,30.0,0,0
75,11,8,3,19,Y6064087,,,,0,30.0,0,0
75,11,8,3,20,Y6064088,,,,0,30.0,0,0
75,11,8,3,21,Y6064089,,,,0,30.0,0,0
75,11,8,3,22,Y6064090,,,,0,30.0,0,0
75,11,8,3,23,Y6064091,,,,0,30.0,0,0
75,11,8,3,24,Y6064092,,,,0,30.0,0,0
75,11,8,3,25,Y6064093,,,,0,30.0,0,0
75,11,8,3,26,Y6064094,,,,0,30.0,0,0
75,11,8,3,27,Y6064095,,,,0,30.0,0,0
75,11,8,3,28,Y6064096,,,,0,30.0,0,0
75,11,8,3,29,Y6064097,,,,0,30.0,0,0
75,11,8,3,30,Y6064098,,,,0,30.0,0,0
75,11,8,4,10,Y6064099,,,,0,30.0,0,0
75,11,8,4,11,Y6064100,,,,0,30.0,0,0
75,11,8,4,12,Y6064101,,,,0,30.0,0,0
75,11,8,4,13,Y6064102,,,,0,30.0,0,0
75,11,8,4,14,Y6064103,,,,0,30.0,0,0
75,11,8,4,15,Y6064104,,,,0,30.0,0,0
75,11,8,4,16,Y6064105,,,,0,30.0,0,0
75,11,8,4,17,Y6064106,,,,0,30.0,0,0
75,11,8,4,18,Y6064107,,,,0,30.0,0,0
75,11,8,4,19,Y6064108,,,,0,30.0,0,0
75,11,8,4,20,Y6064109,,,,0,30.0,0,0
75,11,8,4,21,Y6064110,,,,0,30.0,0,0
75,11,8,4,22,Y6064111,,,,0,30.0,0,0
75,11,8,4,23,Y6064112,,,,0,30.0,0,0
75,11,8,4,24,Y6064113,,,,0,30.0,0,0
75,11,8,4,25,Y6064114,,,,0,30.0,0,0
75,11,8,4,26,Y6064115,,,,0,30.0,0,0
75,11,8,4,27,Y6064116,,,,0,30.0,0,0
75,11,8,4,28,Y6064117,,,,0,30.0,0,0
75,11,8,4,29,Y6064118,,,,0,30.0,0,0
75,11,8,4,30,Y6064119,,,,0,30.0,0,0
75,11,8,5,10,Y6064120,,,,0,30.0,0,0
75,11,8,5,11,Y6064121,,,,0,30.0,0,0
75,11,8,5,12,Y6064122,,,,0,30.0,0,0
75,11,8,5,13,Y6064123,,,,0,30.0,0,0
75,11,8,5,14,Y6064124,,,,0,30.0,0,0
75,11,8,5,15,Y6064125,,,,0,30.0,0,0
75,11,8,5,16,Y6064126,,,,0,30.0,0,0
75,11,8,5,17,Y6064127,,,,0,30.0,0,0
75,11,8,5,18,Y6064128,,,,0,30.0,0,0
75,11,8,5,19,Y6064129,,,,0,30.0,0,0
75,11,8,5,20,Y6064130,,,,0,30.0,0,0
75,11,8,5,21,Y6064131,,,,0,30.0,0,0
75,11,8,5,22,Y6064132,,,,0,30.0,0,0
75,11,8,5,23,Y6064133,,,,0,30.0,0,0
75,11,8,5,24,Y6064134,,,,0,30.0,0,0
75,11,8,5,25,Y6064135,,,,0,30.0,0,0
75,11,8,5,26,Y6064136,,,,0,30.0,0,0
75,11,8,5,27,Y6064137,,,,0,30.0,0,0
75,11,8,5,28,Y6064138,,,,0,30.0,0,0
75,11,8,5,29,Y6064139,,,,0,30.0,0,0
75,11,8,5,30,Y6064140,,,,0,30.0,0,0
75,11,8,6,10,Y6064141,,,,0,30.0,0,0
75,11,8,6,11,Y6064142,,,,0,30.0,0,0
75,11,8,6,12,Y6064143,,,,0,30.0,0,0
75,11,8,6,13,Y6064144,,,,0,30.0,0,0
75,11,8,6,14,Y6064145,,,,0,30.0,0,0
75,11,8,6,15,Y6064146,,,,0,30.0,0,0
75,11,8,6,16,Y6064147,,,,0,30.0,0,0
75,11,8,6,17,Y6064148,,,,0,30.0,0,0
75,11,8,6,18,Y6064149,,,,0,30.0,0,0
75,11,8,6,19,Y6064150,,,,0,30.0,0,0
75,11,8,6,20,Y6064151,,,,0,30.0,0,0
75,11,8,6,21,Y6064152,,,,0,30.0,0,0
75,11,8,6,22,Y6064153,,,,0,30.0,0,0
75,11,8,6,23,Y6064154,,,,0,30.0,0,0
75,11,8,6,24,Y6064155,,,,0,30.0,0,0
75,11,8,6,25,Y6064156,,,,0,30.0,0,0
75,11,8,6,26,Y6064157,,,,0,30.0,0,0
75,11,8,6,27,Y6064158,,,,0,30.0,0,0
75,11,8,6,28,Y6064159,,,,0,30.0,0,0
75,11,8,6,29,Y6064160,,,,0,30.0,0,0
75,11,8,6,30,Y6064161,,,,0,30.0,0,0
75,11,8,7,10,Y6064162,,,,0,30.0,0,0
75,11,8,7,11,Y6064163,,,,0,30.0,0,0
75,11,8,7,12,Y6064164,,,,0,30.0,0,0
75,11,8,7,13,Y6064165,,,,0,30.0,0,0
75,11,8,7,14,Y6064166,,,,0,30.0,0,0
75,11,8,7,15,Y6064167,,,,0,30.0,0,0
75,11,8,7,16,Y6064168,,,,0,30.0,0,0
75,11,8,7,17,Y6064169,,,,0,30.0,0,0
75,11,8,7,18,Y6064170,,,,0,30.0,0,0
75,11,8,7,19,Y6064171,,,,0,30.0,0,0
75,11,8,7,20,Y6064172,,,,0,30.0,0,0
75,11,8,7,21,Y6064173,,,,0,30.0,0,0
75,11,8,7,22,Y6064174,,,,0,30.0,0,0
75,11,8,7,23,Y6064175,,,,0,30.0,0,0
75,11,8,7,24,Y6064176,,,,0,30.0,0,0
75,11,8,7,25,Y6064177,,,,0,30.0,0,0
75,11,8,7,26,Y6064178,,,,0,30.0,0,0
75,11,8,7,27,Y6064179,,,,0,30.0,0,0
75,11,8,7,28,Y6064180,,,,0,30.0,0,0
75,11,8,7,29,Y6064181,,,,0,30.0,0,0
75,11,8,7,30,Y6064182,,,,0,30.0,0,0
75,11,8,8,10,Y6064183,,,,0,30.0,0,0
75,11,8,8,11,Y6064184,,,,0,30.0,0,0
75,11,8,8,12,Y6064185,,,,0,30.0,0,0
75,11,8,8,13,Y6064186,,,,0,30.0,0,0
75,11,8,8,14,Y6064187,,,,0,30.0,0,0
75,11,8,8,15,Y6064188,,,,0,30.0,0,0
75,11,8,8,16,Y6064189,,,,0,30.0,0,0
75,11,8,8,17,Y6064190,,,,0,30.0,0,0
75,11,8,8,18,Y6064191,,,,0,30.0,0,0
75,11,8,8,19,Y6064192,,,,0,30.0,0,0
75,11,8,8,20,Y6064193,,,,0,30.0,0,0
75,11,8,8,21,Y6064194,,,,0,30.0,0,0
75,11,8,8,22,Y6064195,,,,0,30.0,0,0
75,11,8,8,23,Y6064196,,,,0,30.0,0,0
75,11,8,8,24,Y6064197,,,,0,30.0,0,0
75,11,8,8,25,Y6064198,,,,0,30.0,0,0
75,11,8,8,26,Y6064199,,,,0,30.0,0,0
75,11,8,8,27,Y6064200,,,,0,30.0,0,0
75,11,8,8,28,Y6064201,,,,0,30.0,0,0
75,11,8,8,29,Y6064202,,,,0,30.0,0,0
75,11,8,8,30,Y6064203,,,,0,30.0,0,0
75,11,8,9,10,Y6064204,,,,0,30.0,0,0
75,11,8,9,11,Y6064205,,,,0,30.0,0,0
75,11,8,9,12,Y6064206,,,,0,30.0,0,0
75,11,8,9,13,Y6064207,,,,0,30.0,0,0
75,11,8,9,14,Y6064208,,,,0,30.0,0,0
75,11,8,9,15,Y6064209,,,,0,30.0,0,0
75,11,8,9,16,Y6064210,,,,0,30.0,0,0
75,11,8,9,17,Y6064211,,,,0,30.0,0,2
75,11,8,9,18,Y6064212,,,,0,30.0,0,2
75,11,8,9,19,Y6064213,,,,0,30.0,0,2
75,11,8,9,20,Y6064214,,,,0,30.0,0,0
75,11,8,9,21,Y6064215,,,,0,30.0,0,0
75,11,8,9,22,Y6064216,,,,0,30.0,0,0
75,11,8,9,23,Y6064217,,,,0,30.0,0,0
75,11,8,9,24,Y6064218,,,,0,30.0,0,0
75,11,8,9,25,Y6064219,,,,0,30.0,0,0
75,11,8,9,26,Y6064220,,,,0,30.0,0,0
75,11,8,9,27,Y6064221,,,,0,30.0,0,0
75,11,8,9,28,Y6064222,,,,0,30.0,0,0
75,11,8,9,29,Y6064223,,,,0,30.0,0,0
75,11,8,9,30,Y6064224,,,,0,30.0,0,0
75,11,8,10,10,Y6064225,,,,0,30.0,0,0
75,11,8,10,11,Y6064226,,,,0,30.0,0,0
75,11,8,10,12,Y6064227,,,,0,30.0,0,0
75,11,8,10,13,Y6064228,,,,0,30.0,0,0
75,11,8,10,14,Y6064229,,,,0,30.0,0,0
75,11,8,10,15,Y6064230,,,,0,30.0,0,0
75,11,8,10,16,Y6064231,,,,0,30.0,0,2
75,11,8,10,17,Y6064232,,,,0,30.0,0,2
75,11,8,10,18,Y6064233,,,,0,30.0,0,2
75,11,8,10,19,Y6064234,,,,0,30.0,0,2
75,11,8,10,20,Y6064235,,,,0,30.0,0,2
75,11,8,10,21,Y6064236,,,,0,30.0,0,0
75,11,8,10,22,Y6064237,,,,0,30.0,0,0
75,11,8,10,23,Y6064238,,,,0,30.0,0,0
75,11,8,10,24,Y6064239,,,,0,30.0,0,0
75,11,8,10,25,Y6064240,,,,0,30.0,0,0
75,11,8,10,26,Y6064241,,,,0,30.0,0,0
75,11,8,10,27,Y6064242,,,,0,30.0,0,0
75,11,8,10,28,Y6064243,,,,0,30.0,0,0
75,11,8,10,29,Y6064244,,,,0,30.0,0,0
75,11,8,10,30,Y6064245,,,,0,30.0,0,0
75,11,8,11,10,Y6064246,,,,0,30.0,0,0
75,11,8,11,11,Y6064247,,,,0,30.0,0,0
75,11,8,11,12,Y6064248,,,,0,30.0,0,0
75,11,8,11,13,Y6064249,,,,0,30.0,0,0
75,11,8,11,14,Y6064250,,,,0,30.0,0,0
75,11,8,11,15,Y6064251,,,,0,30.0,0,0
75,11,8,11,16,Y6064252,,,,0,30.0,0,2
75,11,8,11,17,Y6064253,,,,0,30.0,0,2
75,11,8,11,18,Y6064254,,,,0,30.0,0,2
75,11,8,11,19,Y6064255,,,,0,30.0,0,2
75,11,8,11,20,Y6064256,,,,0,30.0,0,2
75,11,8,11,21,Y6064257,,,,0,30.0,0,0
75,11,8,11,22,Y6064258,,,,0,30.0,0,0
75,11,8,11,23,Y6064259,,,,0,30.0,0,0
75,11,8,11,24,Y6064260,,,,0,30.0,0,0
75,11,8,11,25,Y6064261,,,,0,30.0,0,0
75,11,8,11,26,Y6064262,,,,0,30.0,0,0
75,11,8,11,27,Y6064263,,,,0,30.0,0,0
75,11,8,11,28,Y6064264,,,,0,30.0,0,0
75,11,8,11,29,Y6064265,,,,0,30.0,0,0
75,11,8,11,30,Y6064266,,,,0,30.0,0,0
75,11,8,12,10,Y6064267,,,,0,30.0,0,0
75,11,8,12,11,Y6064268,,,,0,30.0,0,0
75,11,8,12,12,Y6064269,,,,0,30.0,0,0
75,11,8,12,13,Y6064270,,,,0,30.0,0,0
75,11,8,12,14,Y6064271,,,,0,30.0,0,0
75,11,8,12,15,Y6064272,,,,0,30.0,0,0
75,11,8,12,16,Y6064273,,,,0,30.0,0,2
75,11,8,12,17,Y6064274,,,,0,30.0,0,2
75,11,8,12,18,Y6064275,,,,0,30.0,0,2
75,11,8,12,19,Y6064276,,,,0,30.0,0,2
75,11,8,12,20,Y6064277,,,,0,30.0,0,2
75,11,8,12,21,Y6064278,,,,0,30.0,0,0
75,11,8,12,22,Y6064279,,,,0,30.0,0,0
75,11,8,12,23,Y6064280,,,,0,30.0,0,0
75,11,8,12,24,Y6064281,,,,0,30.0,0,0
75,11,8,12,25,Y6064282,,,,0,30.0,0,0
75,11,8,12,26,Y6064283,,,,0,30.0,0,0
75,11,8,12,27,Y6064284,,,,0,30.0,0,0
75,11,8,12,28,Y6064285,,,,0,30.0,0,0
75,11,8,12,29,Y6064286,,,,0,30.0,0,0
75,11,8,12,30,Y6064287,,,,0,30.0,0,0
75,11,9,1,10,Y6064288,,,,0,30.0,0,0
75,11,9,1,11,Y6064289,,,,0,30.0,0,0
75,11,9,1,12,Y6064290,,,,0,30.0,0,0
75,11,9,1,13,Y6064291,,,,0,30.0,0,0
75,11,9,1,14,Y6064292,,,,0,30.0,0,0
75,11,9,1,15,Y6064293,,,,0,30.0,0,0
75,11,9,1,16,Y6064294,,,,0,30.0,0,0
75,11,9,1,17,Y6064295,,,,0,30.0,0,0
75,11,9,1,18,Y6064296,,,,0,30.0,0,0
75,11,9,1,19,Y6064297,,,,0,30.0,0,0
75,11,9,1,20,Y6064298,,,,0,30.0,0,0
75,11,9,1,21,Y6064299,,,,0,30.0,0,0
75,11,9,1,22,Y6064300,,,,0,30.0,0,0
75,11,9,1,23,Y6064301,,,,0,30.0,0,0
75,11,9,1,24,Y6064302,,,,0,30.0,0,0
75,11,9,1,25,Y6064303,,,,0,30.0,0,0
75,11,9,1,26,Y6064304,,,,0,30.0,0,0
75,11,9,1,27,Y6064305,,,,0,30.0,0,0
75,11,9,1,28,Y6064306,,,,0,30.0,0,0
75,11,9,1,29,Y6064307,,,,0,30.0,0,0
75,11,9,1,30,Y6064308,,,,0,30.0,0,0
75,11,9,2,10,Y6064309,,,,0,30.0,0,0
75,11,9,2,11,Y6064310,,,,0,30.0,0,0
75,11,9,2,12,Y6064311,,,,0,30.0,0,0
75,11,9,2,13,Y6064312,,,,0,30.0,0,0
75,11,9,2,14,Y6064313,,,,0,30.0,0,0
75,11,9,2,15,Y6064314,,,,0,30.0,0,0
75,11,9,2,16,Y6064315,,,,0,30.0,0,0
75,11,9,2,17,Y6064316,,,,0,30.0,0,0
75,11,9,2,18,Y6064317,,,,0,30.0,0,0
75,11,9,2,19,Y6064318,,,,0,30.0,0,0
75,11,9,2,20,Y6064319,,,,0,30.0,0,0
75,11,9,2,21,Y6064320,,,,0,30.0,0,0
75,11,9,2,22,Y6064321,,,,0,30.0,0,0
75,11,9,2,23,Y6064322,,,,0,30.0,0,0
75,11,9,2,24,Y6064323,,,,0,30.0,0,0
75,11,9,2,25,Y6064324,,,,0,30.0,0,0
75,11,9,2,26,Y6064325,,,,0,30.0,0,0
75,11,9,2,27,Y6064326,,,,0,30.0,0,0
75,11,9,2,28,Y6064327,,,,0,30.0,0,0
75,11,9,2,29,Y6064328,,,,0,30.0,0,0
75,11,9,2,30,Y6064329,,,,0,30.0,0,0
75,11,9,3,10,Y6064330,,,,0,30.0,0,0
75,11,9,3,11,Y6064331,,,,0,30.0,0,0
75,11,9,3,12,Y6064332,,,,0,30.0,0,0
75,11,9,3,13,Y6064333,,,,0,30.0,0,0
75,11,9,3,14,Y6064334,,,,0,30.0,0,0
75,11,9,3,15,Y6064335,,,,0,30.0,0,0
75,11,9,3,16,Y6064336,,,,0,30.0,0,0
75,11,9,3,17,Y6064337,,,,0,30.0,0,0
75,11,9,3,18,Y6064338,,,,0,30.0,0,0
75,11,9,3,19,Y6064339,,,,0,30.0,0,0
75,11,9,3,20,Y6064340,,,,0,30.0,0,0
75,11,9,3,21,Y6064341,,,,0,30.0,0,0
75,11,9,3,22,Y6064342,,,,0,30.0,0,0
75,11,9,3,23,Y6064343,,,,0,30.0,0,0
75,11,9,3,24,Y6064344,,,,0,30.0,0,0
75,11,9,3,25,Y6064345,,,,0,30.0,0,0
75,11,9,3,26,Y6064346,,,,0,30.0,0,0
75,11,9,3,27,Y6064347,,,,0,30.0,0,0
75,11,9,3,28,Y6064348,,,,0,30.0,0,0
75,11,9,3,29,Y6064349,,,,0,30.0,0,0
75,11,9,3,30,Y6064350,,,,0,30.0,0,0
75,11,9,4,10,Y6064351,,,,0,30.0,0,0
75,11,9,4,11,Y6064352,,,,0,30.0,0,0
75,11,9,4,12,Y6064353,,,,0,30.0,0,0
75,11,9,4,13,Y6064354,,,,0,30.0,0,0
75,11,9,4,14,Y6064355,,,,0,30.0,0,0
75,11,9,4,15,Y6064356,,,,0,30.0,0,0
75,11,9,4,16,Y6064357,,,,0,30.0,0,0
75,11,9,4,17,Y6064358,,,,0,30.0,0,0
75,11,9,4,18,Y6064359,,,,0,30.0,0,0
75,11,9,4,19,Y6064360,,,,0,30.0,0,0
75,11,9,4,20,Y6064361,,,,0,30.0,0,0
75,11,9,4,21,Y6064362,,,,0,30.0,0,0
75,11,9,4,22,Y6064363,,,,0,30.0,0,0
75,11,9,4,23,Y6064364,,,,0,30.0,0,0
75,11,9,4,24,Y6064365,,,,0,30.0,0,0
75,11,9,4,25,Y6064366,,,,0,30.0,0,0
75,11,9,4,26,Y6064367,,,,0,30.0,0,0
75,11,9,4,27,Y6064368,,,,0,30.0,0,0
75,11,9,4,28,Y6064369,,,,0,30.0,0,0
75,11,9,4,29,Y6064370,,,,0,30.0,0,0
75,11,9,4,30,Y6064371,,,,0,30.0,0,0
75,11,9,5,10,Y6064372,,,,0,30.0,0,0
75,11,9,5,11,Y6064373,,,,0,30.0,0,0
75,11,9,5,12,Y6064374,,,,0,30.0,0,0
75,11,9,5,13,Y6064375,,,,0,30.0,0,0
75,11,9,5,14,Y6064376,,,,0,30.0,0,0
75,11,9,5,15,Y6064377,,,,0,30.0,0,0
75,11,9,5,16,Y6064378,,,,0,30.0,0,0
75,11,9,5,17,Y6064379,,,,0,30.0,0,0
75,11,9,5,18,Y6064380,,,,0,30.0,0,0
75,11,9,5,19,Y6064381,,,,0,30.0,0,0
75,11,9,5,20,Y6064382,,,,0,30.0,0,0
75,11,9,5,21,Y6064383,,,,0,30.0,0,0
75,11,9,5,22,Y6064384,,,,0,30.0,0,0
75,11,9,5,23,Y6064385,,,,0,30.0,0,0
75,11,9,5,24,Y6064386,,,,0,30.0,0,0
75,11,9,5,25,Y6064387,,,,0,30.0,0,0
75,11,9,5,26,Y6064388,,,,0,30.0,0,0
75,11,9,5,27,Y6064389,,,,0,30.0,0,0
75,11,9,5,28,Y6064390,,,,0,30.0,0,0
75,11,9,5,29,Y6064391,,,,0,30.0,0,0
75,11,9,5,30,Y6064392,,,,0,30.0,0,0
75,11,9,6,10,Y6064393,,,,0,30.0,0,0
75,11,9,6,11,Y6064394,,,,0,30.0,0,0
75,11,9,6,12,Y6064395,,,,0,30.0,0,0
75,11,9,6,13,Y6064396,,,,0,30.0,0,0
75,11,9,6,14,Y6064397,,,,0,30.0,0,0
75,11,9,6,15,Y6064398,,,,0,30.0,0,0
75,11,9,6,16,Y6064399,,,,0,30.0,0,0
75,11,9,6,17,Y6064400,,,,0,30.0,0,0
75,11,9,6,18,Y6064401,,,,0,30.0,0,0
75,11,9,6,19,Y6064402,,,,0,30.0,0,0
75,11,9,6,20,Y6064403,,,,0,30.0,0,0
75,11,9,6,21,Y6064404,,,,0,30.0,0,0
75,11,9,6,22,Y6064405,,,,0,30.0,0,0
75,11,9,6,23,Y6064406,,,,0,30.0,0,0
75,11,9,6,24,Y6064407,,,,0,30.0,0,0
75,11,9,6,25,Y6064408,,,,0,30.0,0,0
75,11,9,6,26,Y6064409,,,,0,30.0,0,0
75,11,9,6,27,Y6064410,,,,0,30.0,0,0
75,11,9,6,28,Y6064411,,,,0,30.0,0,0
75,11,9,6,29,Y6064412,,,,0,30.0,0,0
75,11,9,6,30,Y6064413,,,,0,30.0,0,0
75,11,9,7,10,Y6064414,,,,0,30.0,0,0
75,11,9,7,11,Y6064415,,,,0,30.0,0,0
75,11,9,7,12,Y6064416,,,,0,30.0,0,0
75,11,9,7,13,Y6064417,,,,0,30.0,0,0
75,11,9,7,14,Y6064418,,,,0,30.0,0,0
75,11,9,7,15,Y6064419,,,,0,30.0,0,0
75,11,9,7,16,Y6064420,,,,0,30.0,0,0
75,11,9,7,17,Y6064421,,,,0,30.0,0,0
75,11,9,7,18,Y6064422,,,,0,30.0,0,0
75,11,9,7,19,Y6064423,,,,0,30.0,0,0
75,11,9,7,20,Y6064424,,,,0,30.0,0,0
75,11,9,7,21,Y6064425,,,,0,30.0,0,0
75,11,9,7,22,Y6064426,,,,0,30.0,0,0
75,11,9,7,23,Y6064427,,,,0,30.0,0,0
75,11,9,7,24,Y6064428,,,,0,30.0,0,0
75,11,9,7,25,Y6064429,,,,0,30.0,0,0
75,11,9,7,26,Y6064430,,,,0,30.0,0,0
75,11,9,7,27,Y6064431,,,,0,30.0,0,0
75,11,9,7,28,Y6064432,,,,0,30.0,0,0
75,11,9,7,29,Y6064433,,,,0,30.0,0,0
75,11,9,7,30,Y6064434,,,,0,30.0,0,0
75,11,9,8,10,Y6064435,,,,0,30.0,0,0
75,11,9,8,11,Y6064436,,,,0,30.0,0,0
75,11,9,8,12,Y6064437,,,,0,30.0,0,0
75,11,9,8,13,Y6064438,,,,0,30.0,0,0
75,11,9,8,14,Y6064439,,,,0,30.0,0,0
75,11,9,8,15,Y6064440,,,,0,30.0,0,0
75,11,9,8,16,Y6064441,,,,0,30.0,0,0
75,11,9,8,17,Y6064442,,,,0,30.0,0,0
75,11,9,8,18,Y6064443,,,,0,30.0,0,0
75,11,9,8,19,Y6064444,,,,0,30.0,0,0
75,11,9,8,20,Y6064445,,,,0,30.0,0,0
75,11,9,8,21,Y6064446,,,,0,30.0,0,0
75,11,9,8,22,Y6064447,,,,0,30.0,0,0
75,11,9,8,23,Y6064448,,,,0,30.0,0,0
75,11,9,8,24,Y6064449,,,,0,30.0,0,0
75,11,9,8,25,Y6064450,,,,0,30.0,0,0
75,11,9,8,26,Y6064451,,,,0,30.0,0,0
75,11,9,8,27,Y6064452,,,,0,30.0,0,0
75,11,9,8,28,Y6064453,,,,0,30.0,0,0
75,11,9,8,29,Y6064454,,,,0,30.0,0,0
75,11,9,8,30,Y6064455,,,,0,30.0,0,0
75,11,9,9,10,Y6064456,,,,0,30.0,0,0
75,11,9,9,11,Y6064457,,,,0,30.0,0,0
75,11,9,9,12,Y6064458,,,,0,30.0,0,0
75,11,9,9,13,Y6064459,,,,0,30.0,0,0
75,11,9,9,14,Y6064460,,,,0,30.0,0,0
75,11,9,9,15,Y6064461,,,,0,30.0,0,0
75,11,9,9,16,Y6064462,,,,0,30.0,0,0
75,11,9,9,17,Y6064463,,,,0,30.0,0,0
75,11,9,9,18,Y6064464,,,,0,30.0,0,0
75,11,9,9,19,Y6064465,,,,0,30.0,0,0
75,11,9,9,20,Y6064466,,,,0,30.0,0,0
75,11,9,9,21,Y6064467,,,,0,30.0,0,0
75,11,9,9,22,Y6064468,,,,0,30.0,0,0
75,11,9,9,23,Y6064469,,,,0,30.0,0,0
75,11,9,9,24,Y6064470,,,,0,30.0,0,0
75,11,9,9,25,Y6064471,,,,0,30.0,0,0
75,11,9,9,26,Y6064472,,,,0,30.0,0,0
75,11,9,9,27,Y6064473,,,,0,30.0,0,0
75,11,9,9,28,Y6064474,,,,0,30.0,0,0
75,11,9,9,29,Y6064475,,,,0,30.0,0,0
75,11,9,9,30,Y6064476,,,,0,30.0,0,0
75,11,9,10,10,Y6064477,,,,0,30.0,0,0
75,11,9,10,11,Y6064478,,,,0,30.0,0,0
75,11,9,10,12,Y6064479,,,,0,30.0,0,0
75,11,9,10,13,Y6064480,,,,0,30.0,0,0
75,11,9,10,14,Y6064481,,,,0,30.0,0,0
75,11,9,10,15,Y6064482,,,,0,30.0,0,0
75,11,9,10,16,Y6064483,,,,0,30.0,0,0
75,11,9,10,17,Y6064484,,,,0,30.0,0,0
75,11,9,10,18,Y6064485,,,,0,30.0,0,0
75,11,9,10,19,Y6064486,,,,0,30.0,0,0
75,11,9,10,20,Y6064487,,,,0,30.0,0,0
75,11,9,10,21,Y6064488,,,,0,30.0,0,0
75,11,9,10,22,Y6064489,,,,0,30.0,0,0
75,11,9,10,23,Y6064490,,,,0,30.0,0,0
75,11,9,10,24,Y6064491,,,,0,30.0,0,0
75,11,9,10,25,Y6064492,,,,0,30.0,0,0
75,11,9,10,26,Y6064493,,,,0,30.0,0,0
75,11,9,10,27,Y6064494,,,,0,30.0,0,0
75,11,9,10,28,Y6064495,,,,0,30.0,0,0
75,11,9,10,29,Y6064496,,,,0,30.0,0,0
75,11,9,10,30,Y6064497,,,,0,30.0,0,0
75,11,9,11,10,Y6064498,,,,0,30.0,0,0
75,11,9,11,11,Y6064499,,,,0,30.0,0,0
75,11,9,11,12,Y6064500,,,,0,30.0,0,0
75,11,9,11,13,Y6064501,,,,0,30.0,0,0
75,11,9,11,14,Y6064502,,,,0,30.0,0,0
75,11,9,11,15,Y6064503,,,,0,30.0,0,0
75,11,9,11,16,Y6064504,,,,0,30.0,0,0
75,11,9,11,17,Y6064505,,,,0,30.0,0,0
75,11,9,11,18,Y6064506,,,,0,30.0,0,0
75,11,9,11,19,Y6064507,,,,0,30.0,0,0
75,11,9,11,20,Y6064508,,,,0,30.0,0,0
75,11,9,11,21,Y6064509,,,,0,30.0,0,0
75,11,9,11,22,Y6064510,,,,0,30.0,0,0
75,11,9,11,23,Y6064511,,,,0,30.0,0,0
75,11,9,11,24,Y6064512,,,,0,30.0,0,0
75,11,9,11,25,Y6064513,,,,0,30.0,0,0
75,11,9,11,26,Y6064514,,,,0,30.0,0,0
75,11,9,11,27,Y6064515,,,,0,30.0,0,0
75,11,9,11,28,Y6064516,,,,0,30.0,0,0
75,11,9,11,29,Y6064517,,,,0,30.0,0,0
75,11,9,11,30,Y6064518,,,,0,30.0,0,0
75,11,9,12,10,Y6064519,,,,0,30.0,0,0
75,11,9,12,11,Y6064520,,,,0,30.0,0,0
75,11,9,12,12,Y6064521,,,,0,30.0,0,0
75,11,9,12,13,Y6064522,,,,0,30.0,0,0
75,11,9,12,14,Y6064523,,,,0,30.0,0,0
75,11,9,12,15,Y6064524,,,,0,30.0,0,0
75,11,9,12,16,Y6064525,,,,0,30.0,0,0
75,11,9,12,17,Y6064526,,,,0,30.0,0,0
75,11,9,12,18,Y6064527,,,,0,30.0,0,0
75,11,9,12,19,Y6064528,,,,0,30.0,0,0
75,11,9,12,20,Y6064529,,,,0,30.0,0,0
75,11,9,12,21,Y6064530,,,,0,30.0,0,0
75,11,9,12,22,Y6064531,,,,0,30.0,0,0
75,11,9,12,23,Y6064532,,,,0,30.0,0,0
75,11,9,12,24,Y6064533,,,,0,30.0,0,0
75,11,9,12,25,Y6064534,,,,0,30.0,0,0
75,11,9,12,26,Y6064535,,,,0,30.0,0,0
75,11,9,12,27,Y6064536,,,,0,30.0,0,0
75,11,9,12,28,Y6064537,,,,0,30.0,0,0
75,11,9,12,29,Y6064538,,,,0,30.0,0,0
75,11,9,12,30,Y6064539,,,,0,30.0,0,0
75,11,10,1,10,Y6064540,,,,0,30.0,0,0
75,11,10,1,11,Y6064541,,,,0,30.0,0,0
75,11,10,1,12,Y6064542,,,,0,30.0,0,0
75,11,10,1,13,Y6064543,,,,0,30.0,0,0
75,11,10,1,14,Y6064544,,,,0,30.0,0,0
75,11,10,1,15,Y6064545,,,,0,30.0,0,0
75,11,10,1,16,Y6064546,,,,0,30.0,0,0
75,11,10,1,17,Y6064547,,,,0,30.0,0,0
75,11,10,1,18,Y6064548,,,,0,30.0,0,0
75,11,10,1,19,Y6064549,,,,0,30.0,0,0
75,11,10,1,20,Y6064550,,,,0,30.0,0,0
75,11,10,1,21,Y6064551,,,,0,30.0,0,0
75,11,10,1,22,Y6064552,,,,0,30.0,0,0
75,11,10,1,23,Y6064553,,,,0,30.0,0,0
75,11,10,1,24,Y6064554,,,,0,30.0,0,0
75,11,10,1,25,Y6064555,,,,0,30.0,0,0
75,11,10,1,26,Y6064556,,,,0,30.0,0,0
75,11,10,1,27,Y6064557,,,,0,30.0,0,0
75,11,10,1,28,Y6064558,,,,0,30.0,0,0
75,11,10,1,29,Y6064559,,,,0,30.0,0,0
75,11,10,1,30,Y6064560,,,,0,30.0,0,0
75,11,10,2,10,Y6064561,,,,0,30.0,0,0
75,11,10,2,11,Y6064562,,,,0,30.0,0,0
75,11,10,2,12,Y6064563,,,,0,30.0,0,0
75,11,10,2,13,Y6064564,,,,0,30.0,0,0
75,11,10,2,14,Y6064565,,,,0,30.0,0,0
75,11,10,2,15,Y6064566,,,,0,30.0,0,0
75,11,10,2,16,Y6064567,,,,0,30.0,0,0
75,11,10,2,17,Y6064568,,,,0,30.0,0,0
75,11,10,2,18,Y6064569,,,,0,30.0,0,0
75,11,10,2,19,Y6064570,,,,0,30.0,0,0
75,11,10,2,20,Y6064571,,,,0,30.0,0,0
75,11,10,2,21,Y6064572,,,,0,30.0,0,0
75,11,10,2,22,Y6064573,,,,0,30.0,0,0
75,11,10,2,23,Y6064574,,,,0,30.0,0,0
75,11,10,2,24,Y6064575,,,,0,30.0,0,0
75,11,10,2,25,Y6064576,,,,0,30.0,0,0
75,11,10,2,26,Y6064577,,,,0,30.0,0,0
75,11,10,2,27,Y6064578,,,,0,30.0,0,0
75,11,10,2,28,Y6064579,,,,0,30.0,0,0
75,11,10,2,29,Y6064580,,,,0,30.0,0,0
75,11,10,2,30,Y6064581,,,,0,30.0,0,0
75,11,10,3,10,Y6064582,,,,0,30.0,0,0
75,11,10,3,11,Y6064583,,,,0,30.0,0,0
75,11,10,3,12,Y6064584,,,,0,30.0,0,0
75,11,10,3,13,Y6064585,,,,0,30.0,0,0
75,11,10,3,14,Y6064586,,,,0,30.0,0,0
75,11,10,3,15,Y6064587,,,,0,30.0,0,0
75,11,10,3,16,Y6064588,,,,0,30.0,0,0
75,11,10,3,17,Y6064589,,,,0,30.0,0,0
75,11,10,3,18,Y6064590,,,,0,30.0,0,0
75,11,10,3,19,Y6064591,,,,0,30.0,0,0
75,11,10,3,20,Y6064592,,,,0,30.0,0,0
75,11,10,3,21,Y6064593,,,,0,30.0,0,0
75,11,10,3,22,Y6064594,,,,0,30.0,0,0
75,11,10,3,23,Y6064595,,,,0,30.0,0,0
75,11,10,3,24,Y6064596,,,,0,30.0,0,0
75,11,10,3,25,Y6064597,,,,0,30.0,0,0
75,11,10,3,26,Y6064598,,,,0,30.0,0,0
75,11,10,3,27,Y6064599,,,,0,30.0,0,0
75,11,10,3,28,Y6064600,,,,0,30.0,0,0
75,11,10,3,29,Y6064601,,,,0,30.0,0,0
75,11,10,3,30,Y6064602,,,,0,30.0,0,0
75,11,10,4,10,Y6064603,,,,0,30.0,0,0
75,11,10,4,11,Y6064604,,,,0,30.0,0,0
75,11,10,4,12,Y6064605,,,,0,30.0,0,0
75,11,10,4,13,Y6064606,,,,0,30.0,0,0
75,11,10,4,14,Y6064607,,,,0,30.0,0,0
75,11,10,4,15,Y6064608,,,,0,30.0,0,0
75,11,10,4,16,Y6064609,,,,0,30.0,0,0
75,11,10,4,17,Y6064610,,,,0,30.0,0,0
75,11,10,4,18,Y6064611,,,,0,30.0,0,0
75,11,10,4,19,Y6064612,,,,0,30.0,0,0
75,11,10,4,20,Y6064613,,,,0,30.0,0,0
75,11,10,4,21,Y6064614,,,,0,30.0,0,0
75,11,10,4,22,Y6064615,,,,0,30.0,0,0
75,11,10,4,23,Y6064616,,,,0,30.0,0,0
75,11,10,4,24,Y6064617,,,,0,30.0,0,0
75,11,10,4,25,Y6064618,,,,0,30.0,0,0
75,11,10,4,26,Y6064619,,,,0,30.0,0,0
75,11,10,4,27,Y6064620,,,,0,30.0,0,0
75,11,10,4,28,Y6064621,,,,0,30.0,0,0
75,11,10,4,29,Y6064622,,,,0,30.0,0,0
75,11,10,4,30,Y6064623,,,,0,30.0,0,0
75,11,10,5,10,Y6064624,,,,0,30.0,0,0
75,11,10,5,11,Y6064625,,,,0,30.0,0,0
75,11,10,5,12,Y6064626,,,,0,30.0,0,0
75,11,10,5,13,Y6064627,,,,0,30.0,0,0
75,11,10,5,14,Y6064628,,,,0,30.0,0,0
75,11,10,5,15,Y6064629,,,,0,30.0,0,0
75,11,10,5,16,Y6064630,,,,0,30.0,0,0
75,11,10,5,17,Y6064631,,,,0,30.0,0,0
75,11,10,5,18,Y6064632,,,,0,30.0,0,0
75,11,10,5,19,Y6064633,,,,0,30.0,0,0
75,11,10,5,20,Y6064634,,,,0,30.0,0,0
75,11,10,5,21,Y6064635,,,,0,30.0,0,0
75,11,10,5,22,Y6064636,,,,0,30.0,0,0
75,11,10,5,23,Y6064637,,,,0,30.0,0,0
75,11,10,5,24,Y6064638,,,,0,30.0,0,0
75,11,10,5,25,Y6064639,,,,0,30.0,0,0
75,11,10,5,26,Y6064640,,,,0,30.0,0,0
75,11,10,5,27,Y6064641,,,,0,30.0,0,0
75,11,10,5,28,Y6064642,,,,0,30.0,0,0
75,11,10,5,29,Y6064643,,,,0,30.0,0,0
75,11,10,5,30,Y6064644,,,,0,30.0,0,0
75,11,10,6,10,Y6064645,,,,0,30.0,0,0
75,11,10,6,11,Y6064646,,,,0,30.0,0,0
75,11,10,6,12,Y6064647,,,,0,30.0,0,0
75,11,10,6,13,Y6064648,,,,0,30.0,0,0
75,11,10,6,14,Y6064649,,,,0,30.0,0,0
75,11,10,6,15,Y6064650,,,,0,30.0,0,0
75,11,10,6,16,Y6064651,,,,0,30.0,0,0
75,11,10,6,17,Y6064652,,,,0,30.0,0,0
75,11,10,6,18,Y6064653,,,,0,30.0,0,0
75,11,10,6,19,Y6064654,,,,0,30.0,0,0
75,11,10,6,20,Y6064655,,,,0,30.0,0,0
75,11,10,6,21,Y6064656,,,,0,30.0,0,0
75,11,10,6,22,Y6064657,,,,0,30.0,0,0
75,11,10,6,23,Y6064658,,,,0,30.0,0,0
75,11,10,6,24,Y6064659,,,,0,30.0,0,0
75,11,10,6,25,Y6064660,,,,0,30.0,0,0
75,11,10,6,26,Y6064661,,,,0,30.0,0,0
75,11,10,6,27,Y6064662,,,,0,30.0,0,0
75,11,10,6,28,Y6064663,,,,0,30.0,0,0
75,11,10,6,29,Y6064664,,,,0,30.0,0,0
75,11,10,6,30,Y6064665,,,,0,30.0,0,0
75,11,10,7,10,Y6064666,,,,0,30.0,0,0
75,11,10,7,11,Y6064667,,,,0,30.0,0,0
75,11,10,7,12,Y6064668,,,,0,30.0,0,0
75,11,10,7,13,Y6064669,,,,0,30.0,0,0
75,11,10,7,14,Y6064670,,,,0,30.0,0,0
75,11,10,7,15,Y6064671,,,,0,30.0,0,0
75,11,10,7,16,Y6064672,,,,0,30.0,0,0
75,11,10,7,17,Y6064673,,,,0,30.0,0,0
75,11,10,7,18,Y6064674,,,,0,30.0,0,0
75,11,10,7,19,Y6064675,,,,0,30.0,0,0
75,11,10,7,20,Y6064676,,,,0,30.0,0,0
75,11,10,7,21,Y6064677,,,,0,30.0,0,0
75,11,10,7,22,Y6064678,,,,0,30.0,0,0
75,11,10,7,23,Y6064679,,,,0,30.0,0,0
75,11,10,7,24,Y6064680,,,,0,30.0,0,0
75,11,10,7,25,Y6064681,,,,0,30.0,0,0
75,11,10,7,26,Y6064682,,,,0,30.0,0,0
75,11,10,7,27,Y6064683,,,,0,30.0,0,0
75,11,10,7,28,Y6064684,,,,0,30.0,0,0
75,11,10,7,29,Y6064685,,,,0,30.0,0,0
75,11,10,7,30,Y6064686,,,,0,30.0,0,0
75,11,10,8,10,Y6064687,,,,0,30.0,0,0
75,11,10,8,11,Y6064688,,,,0,30.0,0,0
75,11,10,8,12,Y6064689,,,,0,30.0,0,0
75,11,10,8,13,Y6064690,,,,0,30.0,0,0
75,11,10,8,14,Y6064691,,,,0,30.0,0,0
75,11,10,8,15,Y6064692,,,,0,30.0,0,0
75,11,10,8,16,Y6064693,,,,0,30.0,0,0
75,11,10,8,17,Y6064694,,,,0,30.0,0,0
75,11,10,8,18,Y6064695,,,,0,30.0,0,0
75,11,10,8,19,Y6064696,,,,0,30.0,0,0
75,11,10,8,20,Y6064697,,,,0,30.0,0,0
75,11,10,8,21,Y6064698,,,,0,30.0,0,0
75,11,10,8,22,Y6064699,,,,0,30.0,0,0
75,11,10,8,23,Y6064700,,,,0,30.0,0,0
75,11,10,8,24,Y6064701,,,,0,30.0,0,0
75,11,10,8,25,Y6064702,,,,0,30.0,0,0
75,11,10,8,26,Y6064703,,,,0,30.0,0,0
75,11,10,8,27,Y6064704,,,,0,30.0,0,0
75,11,10,8,28,Y6064705,,,,0,30.0,0,0
75,11,10,8,29,Y6064706,,,,0,30.0,0,0
75,11,10,8,30,Y6064707,,,,0,30.0,0,0
75,11,10,9,10,Y6064708,,,,0,30.0,0,0
75,11,10,9,11,Y6064709,,,,0,30.0,0,0
75,11,10,9,12,Y6064710,,,,0,30.0,0,0
75,11,10,9,13,Y6064711,,,,0,30.0,0,0
75,11,10,9,14,Y6064712,,,,0,30.0,0,0
75,11,10,9,15,Y6064713,,,,0,30.0,0,0
75,11,10,9,16,Y6064714,,,,0,30.0,0,0
75,11,10,9,17,Y6064715,,,,0,30.0,0,0
75,11,10,9,18,Y6064716,,,,0,30.0,0,0
75,11,10,9,19,Y6064717,,,,0,30.0,0,0
75,11,10,9,20,Y6064718,,,,0,30.0,0,0
75,11,10,9,21,Y6064719,,,,0,30.0,0,0
75,11,10,9,22,Y6064720,,,,0,30.0,0,0
75,11,10,9,23,Y6064721,,,,0,30.0,0,0
75,11,10,9,24,Y6064722,,,,0,30.0,0,0
75,11,10,9,25,Y6064723,,,,0,30.0,0,0
75,11,10,9,26,Y6064724,,,,0,30.0,0,0
75,11,10,9,27,Y6064725,,,,0,30.0,0,0
75,11,10,9,28,Y6064726,,,,0,30.0,0,0
75,11,10,9,29,Y6064727,,,,0,30.0,0,0
75,11,10,9,30,Y6064728,,,,0,30.0,0,0
75,11,10,10,10,Y6064729,,,,0,30.0,0,0
75,11,10,10,11,Y6064730,,,,0,30.0,0,0
75,11,10,10,12,Y6064731,,,,0,30.0,0,0
75,11,10,10,13,Y6064732,,,,0,30.0,0,0
75,11,10,10,14,Y6064733,,,,0,30.0,0,0
75,11,10,10,15,Y6064734,,,,0,30.0,0,0
75,11,10,10,16,Y6064735,,,,0,30.0,0,0
75,11,10,10,17,Y6064736,,,,0,30.0,0,0
75,11,10,10,18,Y6064737,,,,0,30.0,0,0
75,11,10,10,19,Y6064738,,,,0,30.0,0,0
75,11,10,10,20,Y6064739,,,,0,30.0,0,0
75,11,10,10,21,Y6064740,,,,0,30.0,0,0
75,11,10,10,22,Y6064741,,,,0,30.0,0,0
75,11,10,10,23,Y6064742,,,,0,30.0,0,0
75,11,10,10,24,Y6064743,,,,0,30.0,0,0
75,11,10,10,25,Y6064744,,,,0,30.0,0,0
75,11,10,10,26,Y6064745,,,,0,30.0,0,0
75,11,10,10,27,Y6064746,,,,0,30.0,0,0
75,11,10,10,28,Y6064747,,,,0,30.0,0,0
75,11,10,10,29,Y6064748,,,,0,30.0,0,0
75,11,10,10,30,Y6064749,,,,0,30.0,0,0
75,11,10,11,10,Y6064750,,,,0,30.0,0,0
75,11,10,11,11,Y6064751,,,,0,30.0,0,0
75,11,10,11,12,Y6064752,,,,0,30.0,0,0
75,11,10,11,13,Y6064753,,,,0,30.0,0,0
75,11,10,11,14,Y6064754,,,,0,30.0,0,0
75,11,10,11,15,Y6064755,,,,0,30.0,0,0
75,11,10,11,16,Y6064756,,,,0,30.0,0,0
75,11,10,11,17,Y6064757,,,,0,30.0,0,0
75,11,10,11,18,Y6064758,,,,0,30.0,0,0
75,11,10,11,19,Y6064759,,,,0,30.0,0,0
75,11,10,11,20,Y6064760,,,,0,30.0,0,0
75,11,10,11,21,Y6064761,,,,0,30.0,0,0
75,11,10,11,22,Y6064762,,,,0,30.0,0,0
75,11,10,11,23,Y6064763,,,,0,30.0,0,0
75,11,10,11,24,Y6064764,,,,0,30.0,0,0
75,11,10,11,25,Y6064765,,,,0,30.0,0,0
75,11,10,11,26,Y6064766,,,,0,30.0,0,0
75,11,10,11,27,Y6064767,,,,0,30.0,0,0
75,11,10,11,28,Y6064768,,,,0,30.0,0,0
75,11,10,11,29,Y6064769,,,,0,30.0,0,0
75,11,10,11,30,Y6064770,,,,0,30.0,0,0
75,11,10,12,10,Y6064771,,,,0,30.0,0,0
75,11,10,12,11,Y6064772,,,,0,30.0,0,0
75,11,10,12,12,Y6064773,,,,0,30.0,0,0
75,11,10,12,13,Y6064774,,,,0,30.0,0,0
75,11,10,12,14,Y6064775,,,,0,30.0,0,0
75,11,10,12,15,Y6064776,,,,0,30.0,0,0
75,11,10,12,16,Y6064777,,,,0,30.0,0,0
75,11,10,12,17,Y6064778,,,,0,30.0,0,0
75,11,10,12,18,Y6064779,,,,0,30.0,0,0
75,11,10,12,19,Y6064780,,,,0,30.0,0,0
75,11,10,12,20,Y6064781,,,,0,30.0,0,0
75,11,10,12,21,Y6064782,,,,0,30.0,0,0
75,11,10,12,22,Y6064783,,,,0,30.0,0,0
75,11,10,12,23,Y6064784,,,,0,30.0,0,0
75,11,10,12,24,Y6064785,,,,0,30.0,0,0
75,11,10,12,25,Y6064786,,,,0,30.0,0,0
75,11,10,12,26,Y6064787,,,,0,30.0,0,0
75,11,10,12,27,Y6064788,,,,0,30.0,0,0
75,11,10,12,28,Y6064789,,,,0,30.0,0,0
75,11,10,12,29,Y6064790,,,,0,30.0,0,0
75,11,10,12,30,Y6064791,,,,0,30.0,0,0
75,11,11,1,10,Y6064792,,,,0,30.0,0,0
75,11,11,1,11,Y6064793,,,,0,30.0,0,0
75,11,11,1,12,Y6064794,,,,0,30.0,0,0
75,11,11,1,13,Y6064795,,,,0,30.0,0,0
75,11,11,1,14,Y6064796,,,,0,30.0,0,0
75,11,11,1,15,Y6064797,,,,0,30.0,0,0
75,11,11,1,16,Y6064798,,,,0,30.0,0,0
75,11,11,1,17,Y6064799,,,,0,30.0,0,0
75,11,11,1,18,Y6064800,,,,0,30.0,0,0
75,11,11,1,19,Y6064801,,,,0,30.0,0,0
75,11,11,1,20,Y6064802,,,,0,30.0,0,0
75,11,11,1,21,Y6064803,,,,0,30.0,0,0
75,11,11,1,22,Y6064804,,,,0,30.0,0,0
75,11,11,1,23,Y6064805,,,,0,30.0,0,0
75,11,11,1,24,Y6064806,,,,0,30.0,0,0
75,11,11,1,25,Y6064807,,,,0,30.0,0,0
75,11,11,1,26,Y6064808,,,,0,30.0,0,0
75,11,11,1,27,Y6064809,,,,0,30.0,0,0
75,11,11,1,28,Y6064810,,,,0,30.0,0,0
75,11,11,1,29,Y6064811,,,,0,30.0,0,0
75,11,11,1,30,Y6064812,,,,0,30.0,0,0
75,11,11,2,10,Y6064813,,,,0,30.0,0,0
75,11,11,2,11,Y6064814,,,,0,30.0,0,0
75,11,11,2,12,Y6064815,,,,0,30.0,0,0
75,11,11,2,13,Y6064816,,,,0,30.0,0,0
75,11,11,2,14,Y6064817,,,,0,30.0,0,0
75,11,11,2,15,Y6064818,,,,0,30.0,0,0
75,11,11,2,16,Y6064819,,,,0,30.0,0,0
75,11,11,2,17,Y6064820,,,,0,30.0,0,0
75,11,11,2,18,Y6064821,,,,0,30.0,0,0
75,11,11,2,19,Y6064822,,,,0,30.0,0,0
75,11,11,2,20,Y6064823,,,,0,30.0,0,0
75,11,11,2,21,Y6064824,,,,0,30.0,0,0
75,11,11,2,22,Y6064825,,,,0,30.0,0,0
75,11,11,2,23,Y6064826,,,,0,30.0,0,0
75,11,11,2,24,Y6064827,,,,0,30.0,0,0
75,11,11,2,25,Y6064828,,,,0,30.0,0,0
75,11,11,2,26,Y6064829,,,,0,30.0,0,0
75,11,11,2,27,Y6064830,,,,0,30.0,0,0
75,11,11,2,28,Y6064831,,,,0,30.0,0,0
75,11,11,2,29,Y6064832,,,,0,30.0,0,0
75,11,11,2,30,Y6064833,,,,0,30.0,0,0
75,11,11,3,10,Y6064834,,,,0,30.0,0,0
75,11,11,3,11,Y6064835,,,,0,30.0,0,0
75,11,11,3,12,Y6064836,,,,0,30.0,0,0
75,11,11,3,13,Y6064837,,,,0,30.0,0,0
75,11,11,3,14,Y6064838,,,,0,30.0,0,0
75,11,11,3,15,Y6064839,,,,0,30.0,0,0
75,11,11,3,16,Y6064840,,,,0,30.0,0,0
75,11,11,3,17,Y6064841,,,,0,30.0,0,0
75,11,11,3,18,Y6064842,,,,0,30.0,0,0
75,11,11,3,19,Y6064843,,,,0,30.0,0,0
75,11,11,3,20,Y6064844,,,,0,30.0,0,0
75,11,11,3,21,Y6064845,,,,0,30.0,0,0
75,11,11,3,22,Y6064846,,,,0,30.0,0,0
75,11,11,3,23,Y6064847,,,,0,30.0,0,0
75,11,11,3,24,Y6064848,,,,0,30.0,0,0
75,11,11,3,25,Y6064849,,,,0,30.0,0,0
75,11,11,3,26,Y6064850,,,,0,30.0,0,0
75,11,11,3,27,Y6064851,,,,0,30.0,0,0
75,11,11,3,28,Y6064852,,,,0,30.0,0,0
75,11,11,3,29,Y6064853,,,,0,30.0,0,0
75,11,11,3,30,Y6064854,,,,0,30.0,0,0
75,11,11,4,10,Y6064855,,,,0,30.0,0,0
75,11,11,4,11,Y6064856,,,,0,30.0,0,0
75,11,11,4,12,Y6064857,,,,0,30.0,0,0
75,11,11,4,13,Y6064858,,,,0,30.0,0,0
75,11,11,4,14,Y6064859,,,,0,30.0,0,0
75,11,11,4,15,Y6064860,,,,0,30.0,0,0
75,11,11,4,16,Y6064861,,,,0,30.0,0,0
75,11,11,4,17,Y6064862,,,,0,30.0,0,0
75,11,11,4,18,Y6064863,,,,0,30.0,0,0
75,11,11,4,19,Y6064864,,,,0,30.0,0,0
75,11,11,4,20,Y6064865,,,,0,30.0,0,0
75,11,11,4,21,Y6064866,,,,0,30.0,0,0
75,11,11,4,22,Y6064867,,,,0,30.0,0,0
75,11,11,4,23,Y6064868,,,,0,30.0,0,0
75,11,11,4,24,Y6064869,,,,0,30.0,0,0
75,11,11,4,25,Y6064870,,,,0,30.0,0,0
75,11,11,4,26,Y6064871,,,,0,30.0,0,0
75,11,11,4,27,Y6064872,,,,0,30.0,0,0
75,11,11,4,28,Y6064873,,,,0,30.0,0,0
75,11,11,4,29,Y6064874,,,,0,30.0,0,0
75,11,11,4,30,Y6064875,,,,0,30.0,0,0
75,11,11,5,10,Y6064876,,,,0,30.0,0,0
75,11,11,5,11,Y6064877,,,,0,30.0,0,0
75,11,11,5,12,Y6064878,,,,0,30.0,0,0
75,11,11,5,13,Y6064879,,,,0,30.0,0,0
75,11,11,5,14,Y6064880,,,,0,30.0,0,0
75,11,11,5,15,Y6064881,,,,0,30.0,0,0
75,11,11,5,16,Y6064882,,,,0,30.0,0,0
75,11,11,5,17,Y6064883,,,,0,30.0,0,0
75,11,11,5,18,Y6064884,,,,0,30.0,0,0
75,11,11,5,19,Y6064885,,,,0,30.0,0,0
75,11,11,5,20,Y6064886,,,,0,30.0,0,0
75,11,11,5,21,Y6064887,,,,0,30.0,0,0
75,11,11,5,22,Y6064888,,,,0,30.0,0,0
75,11,11,5,23,Y6064889,,,,0,30.0,0,0
75,11,11,5,24,Y6064890,,,,0,30.0,0,0
75,11,11,5,25,Y6064891,,,,0,30.0,0,0
75,11,11,5,26,Y6064892,,,,0,30.0,0,0
75,11,11,5,27,Y6064893,,,,0,30.0,0,0
75,11,11,5,28,Y6064894,,,,0,30.0,0,0
75,11,11,5,29,Y6064895,,,,0,30.0,0,0
75,11,11,5,30,Y6064896,,,,0,30.0,0,0
75,11,11,6,10,Y6064897,,,,0,30.0,0,0
75,11,11,6,11,Y6064898,,,,0,30.0,0,0
75,11,11,6,12,Y6064899,,,,0,30.0,0,0
75,11,11,6,13,Y6064900,,,,0,30.0,0,0
75,11,11,6,14,Y6064901,,,,0,30.0,0,0
75,11,11,6,15,Y6064902,,,,0,30.0,0,0
75,11,11,6,16,Y6064903,,,,0,30.0,0,0
75,11,11,6,17,Y6064904,,,,0,30.0,0,0
75,11,11,6,18,Y6064905,,,,0,30.0,0,0
75,11,11,6,19,Y6064906,,,,0,30.0,0,0
75,11,11,6,20,Y6064907,,,,0,30.0,0,0
75,11,11,6,21,Y6064908,,,,0,30.0,0,0
75,11,11,6,22,Y6064909,,,,0,30.0,0,0
75,11,11,6,23,Y6064910,,,,0,30.0,0,0
75,11,11,6,24,Y6064911,,,,0,30.0,0,0
75,11,11,6,25,Y6064912,,,,0,30.0,0,0
75,11,11,6,26,Y6064913,,,,0,30.0,0,0
75,11,11,6,27,Y6064914,,,,0,30.0,0,0
75,11,11,6,28,Y6064915,,,,0,30.0,0,0
75,11,11,6,29,Y6064916,,,,0,30.0,0,0
75,11,11,6,30,Y6064917,,,,0,30.0,0,0
75,11,11,7,10,Y6064918,,,,0,30.0,0,0
75,11,11,7,11,Y6064919,,,,0,30.0,0,0
75,11,11,7,12,Y6064920,,,,0,30.0,0,0
75,11,11,7,13,Y6064921,,,,0,30.0,0,0
75,11,11,7,14,Y6064922,,,,0,30.0,0,0
75,11,11,7,15,Y6064923,,,,0,30.0,0,0
75,11,11,7,16,Y6064924,,,,0,30.0,0,0
75,11,11,7,17,Y6064925,,,,0,30.0,0,0
75,11,11,7,18,Y6064926,,,,0,30.0,0,0
75,11,11,7,19,Y6064927,,,,0,30.0,0,0
75,11,11,7,20,Y6064928,,,,0,30.0,0,0
75,11,11,7,21,Y6064929,,,,0,30.0,0,0
75,11,11,7,22,Y6064930,,,,0,30.0,0,0
75,11,11,7,23,Y6064931,,,,0,30.0,0,0
75,11,11,7,24,Y6064932,,,,0,30.0,0,0
75,11,11,7,25,Y6064933,,,,0,30.0,0,0
75,11,11,7,26,Y6064934,,,,0,30.0,0,0
75,11,11,7,27,Y6064935,,,,0,30.0,0,0
75,11,11,7,28,Y6064936,,,,0,30.0,0,0
75,11,11,7,29,Y6064937,,,,0,30.0,0,0
75,11,11,7,30,Y6064938,,,,0,30.0,0,0
75,11,11,8,10,Y6064939,,,,0,30.0,0,0
75,11,11,8,11,Y6064940,,,,0,30.0,0,0
75,11,11,8,12,Y6064941,,,,0,30.0,0,0
75,11,11,8,13,Y6064942,,,,0,30.0,0,0
75,11,11,8,14,Y6064943,,,,0,30.0,0,0
75,11,11,8,15,Y6064944,,,,0,30.0,0,0
75,11,11,8,16,Y6064945,,,,0,30.0,0,0
75,11,11,8,17,Y6064946,,,,0,30.0,0,0
75,11,11,8,18,Y6064947,,,,0,30.0,0,0
75,11,11,8,19,Y6064948,,,,0,30.0,0,0
75,11,11,8,20,Y6064949,,,,0,30.0,0,0
75,11,11,8,21,Y6064950,,,,0,30.0,0,0
75,11,11,8,22,Y6064951,,,,0,30.0,0,0
75,11,11,8,23,Y6064952,,,,0,30.0,0,0
75,11,11,8,24,Y6064953,,,,0,30.0,0,0
75,11,11,8,25,Y6064954,,,,0,30.0,0,0
75,11,11,8,26,Y6064955,,,,0,30.0,0,0
75,11,11,8,27,Y6064956,,,,0,30.0,0,0
75,11,11,8,28,Y6064957,,,,0,30.0,0,0
75,11,11,8,29,Y6064958,,,,0,30.0,0,0
75,11,11,8,30,Y6064959,,,,0,30.0,0,0
75,11,11,9,10,Y6064960,,,,0,30.0,0,0
75,11,11,9,11,Y6064961,,,,0,30.0,0,0
75,11,11,9,12,Y6064962,,,,0,30.0,0,0
75,11,11,9,13,Y6064963,,,,0,30.0,0,0
75,11,11,9,14,Y6064964,,,,0,30.0,0,0
75,11,11,9,15,Y6064965,,,,0,30.0,0,0
75,11,11,9,16,Y6064966,,,,0,30.0,0,0
75,11,11,9,17,Y6064967,,,,0,30.0,0,0
75,11,11,9,18,Y6064968,,,,0,30.0,0,0
75,11,11,9,19,Y6064969,,,,0,30.0,0,0
75,11,11,9,20,Y6064970,,,,0,30.0,0,0
75,11,11,9,21,Y6064971,,,,0,30.0,0,0
75,11,11,9,22,Y6064972,,,,0,30.0,0,0
75,11,11,9,23,Y6064973,,,,0,30.0,0,0
75,11,11,9,24,Y6064974,,,,0,30.0,0,0
75,11,11,9,25,Y6064975,,,,0,30.0,0,0
75,11,11,9,26,Y6064976,,,,0,30.0,0,0
75,11,11,9,27,Y6064977,,,,0,30.0,0,0
75,11,11,9,28,Y6064978,,,,0,30.0,0,0
75,11,11,9,29,Y6064979,,,,0,30.0,0,0
75,11,11,9,30,Y6064980,,,,0,30.0,0,0
75,11,11,10,10,Y6064981,,,,0,30.0,0,0
75,11,11,10,11,Y6064982,,,,0,30.0,0,0
75,11,11,10,12,Y6064983,,,,0,30.0,0,0
75,11,11,10,13,Y6064984,,,,0,30.0,0,0
75,11,11,10,14,Y6064985,,,,0,30.0,0,0
75,11,11,10,15,Y6064986,,,,0,30.0,0,0
75,11,11,10,16,Y6064987,,,,0,30.0,0,0
75,11,11,10,17,Y6064988,,,,0,30.0,0,0
75,11,11,10,18,Y6064989,,,,0,30.0,0,0
75,11,11,10,19,Y6064990,,,,0,30.0,0,0
75,11,11,10,20,Y6064991,,,,0,30.0,0,0
75,11,11,10,21,Y6064992,,,,0,30.0,0,0
75,11,11,10,22,Y6064993,,,,0,30.0,0,0
75,11,11,10,23,Y6064994,,,,0,30.0,0,0
75,11,11,10,24,Y6064995,,,,0,30.0,0,0
75,11,11,10,25,Y6064996,,,,0,30.0,0,0
75,11,11,10,26,Y6064997,,,,0,30.0,0,0
75,11,11,10,27,Y6064998,,,,0,30.0,0,0
75,11,11,10,28,Y6064999,,,,0,30.0,0,0
75,11,11,10,29,Y6065000,,,,0,30.0,0,0
75,11,11,10,30,Y6065001,,,,0,30.0,0,0
75,11,11,11,10,Y6065002,,,,0,30.0,0,0
75,11,11,11,11,Y6065003,,,,0,30.0,0,0
75,11,11,11,12,Y6065004,,,,0,30.0,0,0
75,11,11,11,13,Y6065005,,,,0,30.0,0,0
75,11,11,11,14,Y6065006,,,,0,30.0,0,0
75,11,11,11,15,Y6065007,,,,0,30.0,0,0
75,11,11,11,16,Y6065008,,,,0,30.0,0,0
75,11,11,11,17,Y6065009,,,,0,30.0,0,0
75,11,11,11,18,Y6065010,,,,0,30.0,0,0
75,11,11,11,19,Y6065011,,,,0,30.0,0,0
75,11,11,11,20,Y6065012,,,,0,30.0,0,0
75,11,11,11,21,Y6065013,,,,0,30.0,0,0
75,11,11,11,22,Y6065014,,,,0,30.0,0,0
75,11,11,11,23,Y6065015,,,,0,30.0,0,0
75,11,11,11,24,Y6065016,,,,0,30.0,0,0
75,11,11,11,25,Y6065017,,,,0,30.0,0,0
75,11,11,11,26,Y6065018,,,,0,30.0,0,0
75,11,11,11,27,Y6065019,,,,0,30.0,0,0
75,11,11,11,28,Y6065020,,,,0,30.0,0,0
75,11,11,11,29,Y6065021,,,,0,30.0,0,0
75,11,11,11,30,Y6065022,,,,0,30.0,0,0
75,11,11,12,10,Y6065023,,,,0,30.0,0,0
75,11,11,12,11,Y6065024,,,,0,30.0,0,0
75,11,11,12,12,Y6065025,,,,0,30.0,0,0
75,11,11,12,13,Y6065026,,,,0,30.0,0,0
75,11,11,12,14,Y6065027,,,,0,30.0,0,0
75,11,11,12,15,Y6065028,,,,0,30.0,0,0
75,11,11,12,16,Y6065029,,,,0,30.0,0,0
75,11,11,12,17,Y6065030,,,,0,30.0,0,0
75,11,11,12,18,Y6065031,,,,0,30.0,0,0
75,11,11,12,19,Y6065032,,,,0,30.0,0,0
75,11,11,12,20,Y6065033,,,,0,30.0,0,0
75,11,11,12,21,Y6065034,,,,0,30.0,0,0
75,11,11,12,22,Y6065035,,,,0,30.0,0,0
75,11,11,12,23,Y6065036,,,,0,30.0,0,0
75,11,11,12,24,Y6065037,,,,0,30.0,0,0
75,11,11,12,25,Y6065038,,,,0,30.0,0,0
75,11,11,12,26,Y6065039,,,,0,30.0,0,0
75,11,11,12,27,Y6065040,,,,0,30.0,0,0
75,11,11,12,28,Y6065041,,,,0,30.0,0,0
75,11,11,12,29,Y6065042,,,,0,30.0,0,0
75,11,11,12,30,Y6065043,,,,0,30.0,0,0
75,11,12,1,10,Y6065044,,,,0,30.0,0,0
75,11,12,1,11,Y6065045,,,,0,30.0,0,0
75,11,12,1,12,Y6065046,,,,0,30.0,0,0
75,11,12,1,13,Y6065047,,,,0,30.0,0,0
75,11,12,1,14,Y6065048,,,,0,30.0,0,0
75,11,12,1,15,Y6065049,,,,0,30.0,0,0
75,11,12,1,16,Y6065050,,,,0,30.0,0,0
75,11,12,1,17,Y6065051,,,,0,30.0,0,0
75,11,12,1,18,Y6065052,,,,0,30.0,0,0
75,11,12,1,19,Y6065053,,,,0,30.0,0,0
75,11,12,1,20,Y6065054,,,,0,30.0,0,0
75,11,12,1,21,Y6065055,,,,0,30.0,0,0
75,11,12,1,22,Y6065056,,,,0,30.0,0,0
75,11,12,1,23,Y6065057,,,,0,30.0,0,0
75,11,12,1,24,Y6065058,,,,0,30.0,0,0
75,11,12,1,25,Y6065059,,,,0,30.0,0,0
75,11,12,1,26,Y6065060,,,,0,30.0,0,0
75,11,12,1,27,Y6065061,,,,0,30.0,0,0
75,11,12,1,28,Y6065062,,,,0,30.0,0,0
75,11,12,1,29,Y6065063,,,,0,30.0,0,0
75,11,12,1,30,Y6065064,,,,0,30.0,0,0
75,11,12,2,10,Y6065065,,,,0,30.0,0,0
75,11,12,2,11,Y6065066,,,,0,30.0,0,0
75,11,12,2,12,Y6065067,,,,0,30.0,0,0
75,11,12,2,13,Y6065068,,,,0,30.0,0,0
75,11,12,2,14,Y6065069,,,,0,30.0,0,0
75,11,12,2,15,Y6065070,,,,0,30.0,0,0
75,11,12,2,16,Y6065071,,,,0,30.0,0,0
75,11,12,2,17,Y6065072,,,,0,30.0,0,0
75,11,12,2,18,Y6065073,,,,0,30.0,0,0
75,11,12,2,19,Y6065074,,,,0,30.0,0,0
75,11,12,2,20,Y6065075,,,,0,30.0,0,0
75,11,12,2,21,Y6065076,,,,0,30.0,0,0
75,11,12,2,22,Y6065077,,,,0,30.0,0,0
75,11,12,2,23,Y6065078,,,,0,30.0,0,0
75,11,12,2,24,Y6065079,,,,0,30.0,0,0
75,11,12,2,25,Y6065080,,,,0,30.0,0,0
75,11,12,2,26,Y6065081,,,,0,30.0,0,0
75,11,12,2,27,Y6065082,,,,0,30.0,0,0
75,11,12,2,28,Y6065083,,,,0,30.0,0,0
75,11,12,2,29,Y6065084,,,,0,30.0,0,0
75,11,12,2,30,Y6065085,,,,0,30.0,0,0
75,11,12,3,10,Y6065086,,,,0,30.0,0,0
75,11,12,3,11,Y6065087,,,,0,30.0,0,0
75,11,12,3,12,Y6065088,,,,0,30.0,0,0
75,11,12,3,13,Y6065089,,,,0,30.0,0,0
75,11,12,3,14,Y6065090,,,,0,30.0,0,0
75,11,12,3,15,Y6065091,,,,0,30.0,0,0
75,11,12,3,16,Y6065092,,,,0,30.0,0,0
75,11,12,3,17,Y6065093,,,,0,30.0,0,0
75,11,12,3,18,Y6065094,,,,0,30.0,0,0
75,11,12,3,19,Y6065095,,,,0,30.0,0,0
75,11,12,3,20,Y6065096,,,,0,30.0,0,0
75,11,12,3,21,Y6065097,,,,0,30.0,0,0
75,11,12,3,22,Y6065098,,,,0,30.0,0,0
75,11,12,3,23,Y6065099,,,,0,30.0,0,0
75,11,12,3,24,Y6065100,,,,0,30.0,0,0
75,11,12,3,25,Y6065101,,,,0,30.0,0,0
75,11,12,3,26,Y6065102,,,,0,30.0,0,0
75,11,12,3,27,Y6065103,,,,0,30.0,0,0
75,11,12,3,28,Y6065104,,,,0,30.0,0,0
75,11,12,3,29,Y6065105,,,,0,30.0,0,0
75,11,12,3,30,Y6065106,,,,0,30.0,0,0
75,11,12,4,10,Y6065107,,,,0,30.0,0,0
75,11,12,4,11,Y6065108,,,,0,30.0,0,0
75,11,12,4,12,Y6065109,,,,0,30.0,0,0
75,11,12,4,13,Y6065110,,,,0,30.0,0,0
75,11,12,4,14,Y6065111,,,,0,30.0,0,0
75,11,12,4,15,Y6065112,,,,0,30.0,0,0
75,11,12,4,16,Y6065113,,,,0,30.0,0,0
75,11,12,4,17,Y6065114,,,,0,30.0,0,0
75,11,12,4,18,Y6065115,,,,0,30.0,0,0
75,11,12,4,19,Y6065116,,,,0,30.0,0,0
75,11,12,4,20,Y6065117,,,,0,30.0,0,0
75,11,12,4,21,Y6065118,,,,0,30.0,0,0
75,11,12,4,22,Y6065119,,,,0,30.0,0,0
75,11,12,4,23,Y6065120,,,,0,30.0,0,0
75,11,12,4,24,Y6065121,,,,0,30.0,0,0
75,11,12,4,25,Y6065122,,,,0,30.0,0,0
75,11,12,4,26,Y6065123,,,,0,30.0,0,0
75,11,12,4,27,Y6065124,,,,0,30.0,0,0
75,11,12,4,28,Y6065125,,,,0,30.0,0,0
75,11,12,4,29,Y6065126,,,,0,30.0,0,0
75,11,12,4,30,Y6065127,,,,0,30.0,0,0
75,11,12,5,10,Y6065128,,,,0,30.0,0,0
75,11,12,5,11,Y6065129,,,,0,30.0,0,0
75,11,12,5,12,Y6065130,,,,0,30.0,0,0
75,11,12,5,13,Y6065131,,,,0,30.0,0,0
75,11,12,5,14,Y6065132,,,,0,30.0,0,0
75,11,12,5,15,Y6065133,,,,0,30.0,0,0
75,11,12,5,16,Y6065134,,,,0,30.0,0,0
75,11,12,5,17,Y6065135,,,,0,30.0,0,0
75,11,12,5,18,Y6065136,,,,0,30.0,0,0
75,11,12,5,19,Y6065137,,,,0,30.0,0,0
75,11,12,5,20,Y6065138,,,,0,30.0,0,0
75,11,12,5,21,Y6065139,,,,0,30.0,0,0
75,11,12,5,22,Y6065140,,,,0,30.0,0,0
75,11,12,5,23,Y6065141,,,,0,30.0,0,0
75,11,12,5,24,Y6065142,,,,0,30.0,0,0
75,11,12,5,25,Y6065143,,,,0,30.0,0,0
75,11,12,5,26,Y6065144,,,,0,30.0,0,0
75,11,12,5,27,Y6065145,,,,0,30.0,0,0
75,11,12,5,28,Y6065146,,,,0,30.0,0,0
75,11,12,5,29,Y6065147,,,,0,30.0,0,0
75,11,12,5,30,Y6065148,,,,0,30.0,0,0
75,11,12,6,10,Y6065149,,,,0,30.0,0,0
75,11,12,6,11,Y6065150,,,,0,30.0,0,0
75,11,12,6,12,Y6065151,,,,0,30.0,0,0
75,11,12,6,13,Y6065152,,,,0,30.0,0,0
75,11,12,6,14,Y6065153,,,,0,30.0,0,0
75,11,12,6,15,Y6065154,,,,0,30.0,0,0
75,11,12,6,16,Y6065155,,,,0,30.0,0,0
75,11,12,6,17,Y6065156,,,,0,30.0,0,0
75,11,12,6,18,Y6065157,,,,0,30.0,0,0
75,11,12,6,19,Y6065158,,,,0,30.0,0,0
75,11,12,6,20,Y6065159,,,,0,30.0,0,0
75,11,12,6,21,Y6065160,,,,0,30.0,0,0
75,11,12,6,22,Y6065161,,,,0,30.0,0,0
75,11,12,6,23,Y6065162,,,,0,30.0,0,0
75,11,12,6,24,Y6065163,,,,0,30.0,0,0
75,11,12,6,25,Y6065164,,,,0,30.0,0,0
75,11,12,6,26,Y6065165,,,,0,30.0,0,0
75,11,12,6,27,Y6065166,,,,0,30.0,0,0
75,11,12,6,28,Y6065167,,,,0,30.0,0,0
75,11,12,6,29,Y6065168,,,,0,30.0,0,0
75,11,12,6,30,Y6065169,,,,0,30.0,0,0
75,11,12,7,10,Y6065170,,,,0,30.0,0,0
75,11,12,7,11,Y6065171,,,,0,30.0,0,0
75,11,12,7,12,Y6065172,,,,0,30.0,0,0
75,11,12,7,13,Y6065173,,,,0,30.0,0,0
75,11,12,7,14,Y6065174,,,,0,30.0,0,0
75,11,12,7,15,Y6065175,,,,0,30.0,0,0
75,11,12,7,16,Y6065176,,,,0,30.0,0,0
75,11,12,7,17,Y6065177,,,,0,30.0,0,0
75,11,12,7,18,Y6065178,,,,0,30.0,0,0
75,11,12,7,19,Y6065179,,,,0,30.0,0,0
75,11,12,7,20,Y6065180,,,,0,30.0,0,0
75,11,12,7,21,Y6065181,,,,0,30.0,0,0
75,11,12,7,22,Y6065182,,,,0,30.0,0,0
75,11,12,7,23,Y6065183,,,,0,30.0,0,0
75,11,12,7,24,Y6065184,,,,0,30.0,0,0
75,11,12,7,25,Y6065185,,,,0,30.0,0,0
75,11,12,7,26,Y6065186,,,,0,30.0,0,0
75,11,12,7,27,Y6065187,,,,0,30.0,0,0
75,11,12,7,28,Y6065188,,,,0,30.0,0,0
75,11,12,7,29,Y6065189,,,,0,30.0,0,0
75,11,12,7,30,Y6065190,,,,0,30.0,0,0
75,11,12,8,10,Y6065191,,,,0,30.0,0,0
75,11,12,8,11,Y6065192,,,,0,30.0,0,0
75,11,12,8,12,Y6065193,,,,0,30.0,0,0
75,11,12,8,13,Y6065194,,,,0,30.0,0,0
75,11,12,8,14,Y6065195,,,,0,30.0,0,0
75,11,12,8,15,Y6065196,,,,0,30.0,0,0
75,11,12,8,16,Y6065197,,,,0,30.0,0,0
75,11,12,8,17,Y6065198,,,,0,30.0,0,0
75,11,12,8,18,Y6065199,,,,0,30.0,0,0
75,11,12,8,19,Y6065200,,,,0,30.0,0,0
75,11,12,8,20,Y6065201,,,,0,30.0,0,0
75,11,12,8,21,Y6065202,,,,0,30.0,0,0
75,11,12,8,22,Y6065203,,,,0,30.0,0,0
75,11,12,8,23,Y6065204,,,,0,30.0,0,0
75,11,12,8,24,Y6065205,,,,0,30.0,0,0
75,11,12,8,25,Y6065206,,,,0,30.0,0,0
75,11,12,8,26,Y6065207,,,,0,30.0,0,0
75,11,12,8,27,Y6065208,,,,0,30.0,0,0
75,11,12,8,28,Y6065209,,,,0,30.0,0,0
75,11,12,8,29,Y6065210,,,,0,30.0,0,0
75,11,12,8,30,Y6065211,,,,0,30.0,0,0
75,11,12,9,10,Y6065212,,,,0,30.0,0,0
75,11,12,9,11,Y6065213,,,,0,30.0,0,0
75,11,12,9,12,Y6065214,,,,0,30.0,0,0
75,11,12,9,13,Y6065215,,,,0,30.0,0,0
75,11,12,9,14,Y6065216,,,,0,30.0,0,0
75,11,12,9,15,Y6065217,,,,0,30.0,0,0
75,11,12,9,16,Y6065218,,,,0,30.0,0,0
75,11,12,9,17,Y6065219,,,,0,30.0,0,0
75,11,12,9,18,Y6065220,,,,0,30.0,0,0
75,11,12,9,19,Y6065221,,,,0,30.0,0,0
75,11,12,9,20,Y6065222,,,,0,30.0,0,0
75,11,12,9,21,Y6065223,,,,0,30.0,0,0
75,11,12,9,22,Y6065224,,,,0,30.0,0,0
75,11,12,9,23,Y6065225,,,,0,30.0,0,0
75,11,12,9,24,Y6065226,,,,0,30.0,0,0
75,11,12,9,25,Y6065227,,,,0,30.0,0,0
75,11,12,9,26,Y6065228,,,,0,30.0,0,0
75,11,12,9,27,Y6065229,,,,0,30.0,0,0
75,11,12,9,28,Y6065230,,,,0,30.0,0,0
75,11,12,9,29,Y6065231,,,,0,30.0,0,0
75,11,12,9,30,Y6065232,,,,0,30.0,0,0
75,11,12,10,10,Y6065233,,,,0,30.0,0,0
75,11,12,10,11,Y6065234,,,,0,30.0,0,0
75,11,12,10,12,Y6065235,,,,0,30.0,0,0
75,11,12,10,13,Y6065236,,,,0,30.0,0,0
75,11,12,10,14,Y6065237,,,,0,30.0,0,0
75,11,12,10,15,Y6065238,,,,0,30.0,0,0
75,11,12,10,16,Y6065239,,,,0,30.0,0,0
75,11,12,10,17,Y6065240,,,,0,30.0,0,0
75,11,12,10,18,Y6065241,,,,0,30.0,0,0
75,11,12,10,19,Y6065242,,,,0,30.0,0,0
75,11,12,10,20,Y6065243,,,,0,30.0,0,0
75,11,12,10,21,Y6065244,,,,0,30.0,0,0
75,11,12,10,22,Y6065245,,,,0,30.0,0,0
75,11,12,10,23,Y6065246,,,,0,30.0,0,0
75,11,12,10,24,Y6065247,,,,0,30.0,0,0
75,11,12,10,25,Y6065248,,,,0,30.0,0,0
75,11,12,10,26,Y6065249,,,,0,30.0,0,0
75,11,12,10,27,Y6065250,,,,0,30.0,0,0
75,11,12,10,28,Y6065251,,,,0,30.0,0,0
75,11,12,10,29,Y6065252,,,,0,30.0,0,0
75,11,12,10,30,Y6065253,,,,0,30.0,0,0
75,11,12,11,10,Y6065254,,,,0,30.0,0,0
75,11,12,11,11,Y6065255,,,,0,30.0,0,0
75,11,12,11,12,Y6065256,,,,0,30.0,0,0
75,11,12,11,13,Y6065257,,,,0,30.0,0,0
75,11,12,11,14,Y6065258,,,,0,30.0,0,0
75,11,12,11,15,Y6065259,,,,0,30.0,0,0
75,11,12,11,16,Y6065260,,,,0,30.0,0,0
75,11,12,11,17,Y6065261,,,,0,30.0,0,0
75,11,12,11,18,Y6065262,,,,0,30.0,0,0
75,11,12,11,19,Y6065263,,,,0,30.0,0,0
75,11,12,11,20,Y6065264,,,,0,30.0,0,0
75,11,12,11,21,Y6065265,,,,0,30.0,0,0
75,11,12,11,22,Y6065266,,,,0,30.0,0,0
75,11,12,11,23,Y6065267,,,,0,30.0,0,0
75,11,12,11,24,Y6065268,,,,0,30.0,0,0
75,11,12,11,25,Y6065269,,,,0,30.0,0,0
75,11,12,11,26,Y6065270,,,,0,30.0,0,0
75,11,12,11,27,Y6065271,,,,0,30.0,0,0
75,11,12,11,28,Y6065272,,,,0,30.0,0,0
75,11,12,11,29,Y6065273,,,,0,30.0,0,0
75,11,12,11,30,Y6065274,,,,0,30.0,0,0
75,11,12,12,10,Y6065275,,,,0,30.0,0,0
75,11,12,12,11,Y6065276,,,,0,30.0,0,0
75,11,12,12,12,Y6065277,,,,0,30.0,0,0
75,11,12,12,13,Y6065278,,,,0,30.0,0,0
75,11,12,12,14,Y6065279,,,,0,30.0,0,0
75,11,12,12,15,Y6065280,,,,0,30.0,0,0
75,11,12,12,16,Y6065281,,,,0,30.0,0,0
75,11,12,12,17,Y6065282,,,,0,30.0,0,0
75,11,12,12,18,Y6065283,,,,0,30.0,0,0
75,11,12,12,19,Y6065284,,,,0,30.0,0,0
75,11,12,12,20,Y6065285,,,,0,30.0,0,0
75,11,12,12,21,Y6065286,,,,0,30.0,0,0
75,11,12,12,22,Y6065287,,,,0,30.0,0,0
75,11,12,12,23,Y6065288,,,,0,30.0,0,0
75,11,12,12,24,Y6065289,,,,0,30.0,0,0
75,11,12,12,25,Y6065290,,,,0,30.0,0,0
75,11,12,12,26,Y6065291,,,,0,30.0,0,0
75,11,12,12,27,Y6065292,,,,0,30.0,0,0
75,11,12,12,28,Y6065293,,,,0,30.0,0,0
75,11,12,12,29,Y6065294,,,,0,30.0,0,0
75,11,12,12,30,Y6065295,,,,0,30.0,0,0
75,11,13,1,10,Y6065296,,,,0,30.0,0,0
75,11,13,1,11,Y6065297,,,,0,30.0,0,0
75,11,13,1,12,Y6065298,,,,0,30.0,0,0
75,11,13,1,13,Y6065299,,,,0,30.0,0,0
75,11,13,1,14,Y6065300,,,,0,30.0,0,0
75,11,13,1,15,Y6065301,,,,0,30.0,0,0
75,11,13,1,16,Y6065302,,,,0,30.0,0,0
75,11,13,1,17,Y6065303,,,,0,30.0,0,0
75,11,13,1,18,Y6065304,,,,0,30.0,0,0
75,11,13,1,19,Y6065305,,,,0,30.0,0,0
75,11,13,1,20,Y6065306,,,,0,30.0,0,0
75,11,13,1,21,Y6065307,,,,0,30.0,0,0
75,11,13,1,22,Y6065308,,,,0,30.0,0,0
75,11,13,1,23,Y6065309,,,,0,30.0,0,0
75,11,13,1,24,Y6065310,,,,0,30.0,0,0
75,11,13,1,25,Y6065311,,,,0,30.0,0,0
75,11,13,1,26,Y6065312,,,,0,30.0,0,0
75,11,13,1,27,Y6065313,,,,0,30.0,0,0
75,11,13,1,28,Y6065314,,,,0,30.0,0,0
75,11,13,1,29,Y6065315,,,,0,30.0,0,0
75,11,13,1,30,Y6065316,,,,0,30.0,0,0
75,11,13,2,10,Y6065317,,,,0,30.0,0,0
75,11,13,2,11,Y6065318,,,,0,30.0,0,0
75,11,13,2,12,Y6065319,,,,0,30.0,0,0
75,11,13,2,13,Y6065320,,,,0,30.0,0,0
75,11,13,2,14,Y6065321,,,,0,30.0,0,0
75,11,13,2,15,Y6065322,,,,0,30.0,0,0
75,11,13,2,16,Y6065323,,,,0,30.0,0,0
75,11,13,2,17,Y6065324,,,,0,30.0,0,0
75,11,13,2,18,Y6065325,,,,0,30.0,0,0
75,11,13,2,19,Y6065326,,,,0,30.0,0,0
75,11,13,2,20,Y6065327,,,,0,30.0,0,0
75,11,13,2,21,Y6065328,,,,0,30.0,0,0
75,11,13,2,22,Y6065329,,,,0,30.0,0,0
75,11,13,2,23,Y6065330,,,,0,30.0,0,0
75,11,13,2,24,Y6065331,,,,0,30.0,0,0
75,11,13,2,25,Y6065332,,,,0,30.0,0,0
75,11,13,2,26,Y6065333,,,,0,30.0,0,0
75,11,13,2,27,Y6065334,,,,0,30.0,0,0
75,11,13,2,28,Y6065335,,,,0,30.0,0,0
75,11,13,2,29,Y6065336,,,,0,30.0,0,0
75,11,13,2,30,Y6065337,,,,0,30.0,0,0
75,11,13,3,10,Y6065338,,,,0,30.0,0,0
75,11,13,3,11,Y6065339,,,,0,30.0,0,0
75,11,13,3,12,Y6065340,,,,0,30.0,0,0
75,11,13,3,13,Y6065341,,,,0,30.0,0,0
75,11,13,3,14,Y6065342,,,,0,30.0,0,0
75,11,13,3,15,Y6065343,,,,0,30.0,0,0
75,11,13,3,16,Y6065344,,,,0,30.0,0,0
75,11,13,3,17,Y6065345,,,,0,30.0,0,0
75,11,13,3,18,Y6065346,,,,0,30.0,0,0
75,11,13,3,19,Y6065347,,,,0,30.0,0,0
75,11,13,3,20,Y6065348,,,,0,30.0,0,0
75,11,13,3,21,Y6065349,,,,0,30.0,0,0
75,11,13,3,22,Y6065350,,,,0,30.0,0,0
75,11,13,3,23,Y6065351,,,,0,30.0,0,0
75,11,13,3,24,Y6065352,,,,0,30.0,0,0
75,11,13,3,25,Y6065353,,,,0,30.0,0,0
75,11,13,3,26,Y6065354,,,,0,30.0,0,0
75,11,13,3,27,Y6065355,,,,0,30.0,0,0
75,11,13,3,28,Y6065356,,,,0,30.0,0,0
75,11,13,3,29,Y6065357,,,,0,30.0,0,0
75,11,13,3,30,Y6065358,,,,0,30.0,0,0
75,11,13,4,10,Y6065359,,,,0,30.0,0,0
75,11,13,4,11,Y6065360,,,,0,30.0,0,0
75,11,13,4,12,Y6065361,,,,0,30.0,0,0
75,11,13,4,13,Y6065362,,,,0,30.0,0,0
75,11,13,4,14,Y6065363,,,,0,30.0,0,0
75,11,13,4,15,Y6065364,,,,0,30.0,0,0
75,11,13,4,16,Y6065365,,,,0,30.0,0,0
75,11,13,4,17,Y6065366,,,,0,30.0,0,0
75,11,13,4,18,Y6065367,,,,0,30.0,0,0
75,11,13,4,19,Y6065368,,,,0,30.0,0,0
75,11,13,4,20,Y6065369,,,,0,30.0,0,0
75,11,13,4,21,Y6065370,,,,0,30.0,0,0
75,11,13,4,22,Y6065371,,,,0,30.0,0,0
75,11,13,4,23,Y6065372,,,,0,30.0,0,0
75,11,13,4,24,Y6065373,,,,0,30.0,0,0
75,11,13,4,25,Y6065374,,,,0,30.0,0,0
75,11,13,4,26,Y6065375,,,,0,30.0,0,0
75,11,13,4,27,Y6065376,,,,0,30.0,0,0
75,11,13,4,28,Y6065377,,,,0,30.0,0,0
75,11,13,4,29,Y6065378,,,,0,30.0,0,0
75,11,13,4,30,Y6065379,,,,0,30.0,0,0
75,11,13,5,10,Y6065380,,,,0,30.0,0,0
75,11,13,5,11,Y6065381,,,,0,30.0,0,0
75,11,13,5,12,Y6065382,,,,0,30.0,0,0
75,11,13,5,13,Y6065383,,,,0,30.0,0,0
75,11,13,5,14,Y6065384,,,,0,30.0,0,0
75,11,13,5,15,Y6065385,,,,0,30.0,0,0
75,11,13,5,16,Y6065386,,,,0,30.0,0,0
75,11,13,5,17,Y6065387,,,,0,30.0,0,0
75,11,13,5,18,Y6065388,,,,0,30.0,0,0
75,11,13,5,19,Y6065389,,,,0,30.0,0,0
75,11,13,5,20,Y6065390,,,,0,30.0,0,0
75,11,13,5,21,Y6065391,,,,0,30.0,0,0
75,11,13,5,22,Y6065392,,,,0,30.0,0,0
75,11,13,5,23,Y6065393,,,,0,30.0,0,0
75,11,13,5,24,Y6065394,,,,0,30.0,0,0
75,11,13,5,25,Y6065395,,,,0,30.0,0,0
75,11,13,5,26,Y6065396,,,,0,30.0,0,0
75,11,13,5,27,Y6065397,,,,0,30.0,0,0
75,11,13,5,28,Y6065398,,,,0,30.0,0,0
75,11,13,5,29,Y6065399,,,,0,30.0,0,0
75,11,13,5,30,Y6065400,,,,0,30.0,0,0
75,11,13,6,10,Y6065401,,,,0,30.0,0,0
75,11,13,6,11,Y6065402,,,,0,30.0,0,0
75,11,13,6,12,Y6065403,,,,0,30.0,0,0
75,11,13,6,13,Y6065404,,,,0,30.0,0,0
75,11,13,6,14,Y6065405,,,,0,30.0,0,0
75,11,13,6,15,Y6065406,,,,0,30.0,0,0
75,11,13,6,16,Y6065407,,,,0,30.0,0,0
75,11,13,6,17,Y6065408,,,,0,30.0,0,0
75,11,13,6,18,Y6065409,,,,0,30.0,0,0
75,11,13,6,19,Y6065410,,,,0,30.0,0,0
75,11,13,6,20,Y6065411,,,,0,30.0,0,0
75,11,13,6,21,Y6065412,,,,0,30.0,0,0
75,11,13,6,22,Y6065413,,,,0,30.0,0,0
75,11,13,6,23,Y6065414,,,,0,30.0,0,0
75,11,13,6,24,Y6065415,,,,0,30.0,0,0
75,11,13,6,25,Y6065416,,,,0,30.0,0,0
75,11,13,6,26,Y6065417,,,,0,30.0,0,0
75,11,13,6,27,Y6065418,,,,0,30.0,0,0
75,11,13,6,28,Y6065419,,,,0,30.0,0,0
75,11,13,6,29,Y6065420,,,,0,30.0,0,0
75,11,13,6,30,Y6065421,,,,0,30.0,0,0
75,11,13,7,10,Y6065422,,,,0,30.0,0,0
75,11,13,7,11,Y6065423,,,,0,30.0,0,0
75,11,13,7,12,Y6065424,,,,0,30.0,0,0
75,11,13,7,13,Y6065425,,,,0,30.0,0,0
75,11,13,7,14,Y6065426,,,,0,30.0,0,0
75,11,13,7,15,Y6065427,,,,0,30.0,0,0
75,11,13,7,16,Y6065428,,,,0,30.0,0,0
75,11,13,7,17,Y6065429,,,,0,30.0,0,0
75,11,13,7,18,Y6065430,,,,0,30.0,0,0
75,11,13,7,19,Y6065431,,,,0,30.0,0,0
75,11,13,7,20,Y6065432,,,,0,30.0,0,0
75,11,13,7,21,Y6065433,,,,0,30.0,0,0
75,11,13,7,22,Y6065434,,,,0,30.0,0,0
75,11,13,7,23,Y6065435,,,,0,30.0,0,0
75,11,13,7,24,Y6065436,,,,0,30.0,0,0
75,11,13,7,25,Y6065437,,,,0,30.0,0,0
75,11,13,7,26,Y6065438,,,,0,30.0,0,0
75,11,13,7,27,Y6065439,,,,0,30.0,0,0
75,11,13,7,28,Y6065440,,,,0,30.0,0,0
75,11,13,7,29,Y6065441,,,,0,30.0,0,0
75,11,13,7,30,Y6065442,,,,0,30.0,0,0
75,11,13,8,10,Y6065443,,,,0,30.0,0,0
75,11,13,8,11,Y6065444,,,,0,30.0,0,0
75,11,13,8,12,Y6065445,,,,0,30.0,0,0
75,11,13,8,13,Y6065446,,,,0,30.0,0,0
75,11,13,8,14,Y6065447,,,,0,30.0,0,0
75,11,13,8,15,Y6065448,,,,0,30.0,0,0
75,11,13,8,16,Y6065449,,,,0,30.0,0,0
75,11,13,8,17,Y6065450,,,,0,30.0,0,0
75,11,13,8,18,Y6065451,,,,0,30.0,0,0
75,11,13,8,19,Y6065452,,,,0,30.0,0,0
75,11,13,8,20,Y6065453,,,,0,30.0,0,0
75,11,13,8,21,Y6065454,,,,0,30.0,0,0
75,11,13,8,22,Y6065455,,,,0,30.0,0,0
75,11,13,8,23,Y6065456,,,,0,30.0,0,0
75,11,13,8,24,Y6065457,,,,0,30.0,0,0
75,11,13,8,25,Y6065458,,,,0,30.0,0,0
75,11,13,8,26,Y6065459,,,,0,30.0,0,0
75,11,13,8,27,Y6065460,,,,0,30.0,0,0
75,11,13,8,28,Y6065461,,,,0,30.0,0,0
75,11,13,8,29,Y6065462,,,,0,30.0,0,0
75,11,13,8,30,Y6065463,,,,0,30.0,0,0
75,11,13,9,10,Y6065464,,,,0,30.0,0,0
75,11,13,9,11,Y6065465,,,,0,30.0,0,0
75,11,13,9,12,Y6065466,,,,0,30.0,0,0
75,11,13,9,13,Y6065467,,,,0,30.0,0,0
75,11,13,9,14,Y6065468,,,,0,30.0,0,0
75,11,13,9,15,Y6065469,,,,0,30.0,0,0
75,11,13,9,16,Y6065470,,,,0,30.0,0,0
75,11,13,9,17,Y6065471,,,,0,30.0,0,0
75,11,13,9,18,Y6065472,,,,0,30.0,0,0
75,11,13,9,19,Y6065473,,,,0,30.0,0,0
75,11,13,9,20,Y6065474,,,,0,30.0,0,0
75,11,13,9,21,Y6065475,,,,0,30.0,0,0
75,11,13,9,22,Y6065476,,,,0,30.0,0,0
75,11,13,9,23,Y6065477,,,,0,30.0,0,0
75,11,13,9,24,Y6065478,,,,0,30.0,0,0
75,11,13,9,25,Y6065479,,,,0,30.0,0,0
75,11,13,9,26,Y6065480,,,,0,30.0,0,0
75,11,13,9,27,Y6065481,,,,0,30.0,0,0
75,11,13,9,28,Y6065482,,,,0,30.0,0,0
75,11,13,9,29,Y6065483,,,,0,30.0,0,0
75,11,13,9,30,Y6065484,,,,0,30.0,0,0
75,11,13,10,10,Y6065485,,,,0,30.0,0,0
75,11,13,10,11,Y6065486,,,,0,30.0,0,0
75,11,13,10,12,Y6065487,,,,0,30.0,0,0
75,11,13,10,13,Y6065488,,,,0,30.0,0,0
75,11,13,10,14,Y6065489,,,,0,30.0,0,0
75,11,13,10,15,Y6065490,,,,0,30.0,0,0
75,11,13,10,16,Y6065491,,,,0,30.0,0,0
75,11,13,10,17,Y6065492,,,,0,30.0,0,0
75,11,13,10,18,Y6065493,,,,0,30.0,0,0
75,11,13,10,19,Y6065494,,,,0,30.0,0,0
75,11,13,10,20,Y6065495,,,,0,30.0,0,0
75,11,13,10,21,Y6065496,,,,0,30.0,0,0
75,11,13,10,22,Y6065497,,,,0,30.0,0,0
75,11,13,10,23,Y6065498,,,,0,30.0,0,0
75,11,13,10,24,Y6065499,,,,0,30.0,0,0
75,11,13,10,25,Y6065500,,,,0,30.0,0,0
75,11,13,10,26,Y6065501,,,,0,30.0,0,0
75,11,13,10,27,Y6065502,,,,0,30.0,0,0
75,11,13,10,28,Y6065503,,,,0,30.0,0,0
75,11,13,10,29,Y6065504,,,,0,30.0,0,0
75,11,13,10,30,Y6065505,,,,0,30.0,0,0
75,11,13,11,10,Y6065506,,,,0,30.0,0,0
75,11,13,11,11,Y6065507,,,,0,30.0,0,0
75,11,13,11,12,Y6065508,,,,0,30.0,0,0
75,11,13,11,13,Y6065509,,,,0,30.0,0,0
75,11,13,11,14,Y6065510,,,,0,30.0,0,0
75,11,13,11,15,Y6065511,,,,0,30.0,0,0
75,11,13,11,16,Y6065512,,,,0,30.0,0,0
75,11,13,11,17,Y6065513,,,,0,30.0,0,0
75,11,13,11,18,Y6065514,,,,0,30.0,0,0
75,11,13,11,19,Y6065515,,,,0,30.0,0,0
75,11,13,11,20,Y6065516,,,,0,30.0,0,0
75,11,13,11,21,Y6065517,,,,0,30.0,0,0
75,11,13,11,22,Y6065518,,,,0,30.0,0,0
75,11,13,11,23,Y6065519,,,,0,30.0,0,0
75,11,13,11,24,Y6065520,,,,0,30.0,0,0
75,11,13,11,25,Y6065521,,,,0,30.0,0,0
75,11,13,11,26,Y6065522,,,,0,30.0,0,0
75,11,13,11,27,Y6065523,,,,0,30.0,0,0
75,11,13,11,28,Y6065524,,,,0,30.0,0,0
75,11,13,11,29,Y6065525,,,,0,30.0,0,0
75,11,13,11,30,Y6065526,,,,0,30.0,0,0
75,11,13,12,10,Y6065527,,,,0,30.0,0,0
75,11,13,12,11,Y6065528,,,,0,30.0,0,0
75,11,13,12,12,Y6065529,,,,0,30.0,0,0
75,11,13,12,13,Y6065530,,,,0,30.0,0,0
75,11,13,12,14,Y6065531,,,,0,30.0,0,0
75,11,13,12,15,Y6065532,,,,0,30.0,0,0
75,11,13,12,16,Y6065533,,,,0,30.0,0,0
75,11,13,12,17,Y6065534,,,,0,30.0,0,0
75,11,13,12,18,Y6065535,,,,0,30.0,0,0
75,11,13,12,19,Y6065536,,,,0,30.0,0,0
75,11,13,12,20,Y6065537,,,,0,30.0,0,0
75,11,13,12,21,Y6065538,,,,0,30.0,0,0
75,11,13,12,22,Y6065539,,,,0,30.0,0,0
75,11,13,12,23,Y6065540,,,,0,30.0,0,0
75,11,13,12,24,Y6065541,,,,0,30.0,0,0
75,11,13,12,25,Y6065542,,,,0,30.0,0,0
75,11,13,12,26,Y6065543,,,,0,30.0,0,0
75,11,13,12,27,Y6065544,,,,0,30.0,0,0
75,11,13,12,28,Y6065545,,,,0,30.0,0,0
75,11,13,12,29,Y6065546,,,,0,30.0,0,0
75,11,13,12,30,Y6065547,,,,0,30.0,0,0
75,11,14,1,10,Y6065548,,,,0,30.0,0,0
75,11,14,1,11,Y6065549,,,,0,30.0,0,0
75,11,14,1,12,Y6065550,,,,0,30.0,0,0
75,11,14,1,13,Y6065551,,,,0,30.0,0,0
75,11,14,1,14,Y6065552,,,,0,30.0,0,0
75,11,14,1,15,Y6065553,,,,0,30.0,0,0
75,11,14,1,16,Y6065554,,,,0,30.0,0,0
75,11,14,1,17,Y6065555,,,,0,30.0,0,0
75,11,14,1,18,Y6065556,,,,0,30.0,0,0
75,11,14,1,19,Y6065557,,,,0,30.0,0,0
75,11,14,1,20,Y6065558,,,,0,30.0,0,0
75,11,14,1,21,Y6065559,,,,0,30.0,0,0
75,11,14,1,22,Y6065560,,,,0,30.0,0,0
75,11,14,1,23,Y6065561,,,,0,30.0,0,0
75,11,14,1,24,Y6065562,,,,0,30.0,0,0
75,11,14,1,25,Y6065563,,,,0,30.0,0,0
75,11,14,1,26,Y6065564,,,,0,30.0,0,0
75,11,14,1,27,Y6065565,,,,0,30.0,0,0
75,11,14,1,28,Y6065566,,,,0,30.0,0,0
75,11,14,1,29,Y6065567,,,,0,30.0,0,0
75,11,14,1,30,Y6065568,,,,0,30.0,0,0
75,11,14,2,10,Y6065569,,,,0,30.0,0,0
75,11,14,2,11,Y6065570,,,,0,30.0,0,0
75,11,14,2,12,Y6065571,,,,0,30.0,0,0
75,11,14,2,13,Y6065572,,,,0,30.0,0,0
75,11,14,2,14,Y6065573,,,,0,30.0,0,0
75,11,14,2,15,Y6065574,,,,0,30.0,0,0
75,11,14,2,16,Y6065575,,,,0,30.0,0,0
75,11,14,2,17,Y6065576,,,,0,30.0,0,0
75,11,14,2,18,Y6065577,,,,0,30.0,0,0
75,11,14,2,19,Y6065578,,,,0,30.0,0,0
75,11,14,2,20,Y6065579,,,,0,30.0,0,0
75,11,14,2,21,Y6065580,,,,0,30.0,0,0
75,11,14,2,22,Y6065581,,,,0,30.0,0,0
75,11,14,2,23,Y6065582,,,,0,30.0,0,0
75,11,14,2,24,Y6065583,,,,0,30.0,0,0
75,11,14,2,25,Y6065584,,,,0,30.0,0,0
75,11,14,2,26,Y6065585,,,,0,30.0,0,0
75,11,14,2,27,Y6065586,,,,0,30.0,0,0
75,11,14,2,28,Y6065587,,,,0,30.0,0,0
75,11,14,2,29,Y6065588,,,,0,30.0,0,0
75,11,14,2,30,Y6065589,,,,0,30.0,0,0
75,11,14,3,10,Y6065590,,,,0,30.0,0,0
75,11,14,3,11,Y6065591,,,,0,30.0,0,0
75,11,14,3,12,Y6065592,,,,0,30.0,0,0
75,11,14,3,13,Y6065593,,,,0,30.0,0,0
75,11,14,3,14,Y6065594,,,,0,30.0,0,0
75,11,14,3,15,Y6065595,,,,0,30.0,0,0
75,11,14,3,16,Y6065596,,,,0,30.0,0,0
75,11,14,3,17,Y6065597,,,,0,30.0,0,0
75,11,14,3,18,Y6065598,,,,0,30.0,0,0
75,11,14,3,19,Y6065599,,,,0,30.0,0,0
75,11,14,3,20,Y6065600,,,,0,30.0,0,0
75,11,14,3,21,Y6065601,,,,0,30.0,0,0
75,11,14,3,22,Y6065602,,,,0,30.0,0,0
75,11,14,3,23,Y6065603,,,,0,30.0,0,0
75,11,14,3,24,Y6065604,,,,0,30.0,0,0
75,11,14,3,25,Y6065605,,,,0,30.0,0,0
75,11,14,3,26,Y6065606,,,,0,30.0,0,0
75,11,14,3,27,Y6065607,,,,0,30.0,0,0
75,11,14,3,28,Y6065608,,,,0,30.0,0,0
75,11,14,3,29,Y6065609,,,,0,30.0,0,0
75,11,14,3,30,Y6065610,,,,0,30.0,0,0
75,11,14,4,10,Y6065611,,,,0,30.0,0,0
75,11,14,4,11,Y6065612,,,,0,30.0,0,0
75,11,14,4,12,Y6065613,,,,0,30.0,0,0
75,11,14,4,13,Y6065614,,,,0,30.0,0,0
75,11,14,4,14,Y6065615,,,,0,30.0,0,0
75,11,14,4,15,Y6065616,,,,0,30.0,0,0
75,11,14,4,16,Y6065617,,,,0,30.0,0,0
75,11,14,4,17,Y6065618,,,,0,30.0,0,0
75,11,14,4,18,Y6065619,,,,0,30.0,0,0
75,11,14,4,19,Y6065620,,,,0,30.0,0,0
75,11,14,4,20,Y6065621,,,,0,30.0,0,0
75,11,14,4,21,Y6065622,,,,0,30.0,0,0
75,11,14,4,22,Y6065623,,,,0,30.0,0,0
75,11,14,4,23,Y6065624,,,,0,30.0,0,0
75,11,14,4,24,Y6065625,,,,0,30.0,0,0
75,11,14,4,25,Y6065626,,,,0,30.0,0,0
75,11,14,4,26,Y6065627,,,,0,30.0,0,0
75,11,14,4,27,Y6065628,,,,0,30.0,0,0
75,11,14,4,28,Y6065629,,,,0,30.0,0,0
75,11,14,4,29,Y6065630,,,,0,30.0,0,0
75,11,14,4,30,Y6065631,,,,0,30.0,0,0
75,11,14,5,10,Y6065632,,,,0,30.0,0,0
75,11,14,5,11,Y6065633,,,,0,30.0,0,0
75,11,14,5,12,Y6065634,,,,0,30.0,0,0
75,11,14,5,13,Y6065635,,,,0,30.0,0,0
75,11,14,5,14,Y6065636,,,,0,30.0,0,0
75,11,14,5,15,Y6065637,,,,0,30.0,0,0
75,11,14,5,16,Y6065638,,,,0,30.0,0,0
75,11,14,5,17,Y6065639,,,,0,30.0,0,0
75,11,14,5,18,Y6065640,,,,0,30.0,0,0
75,11,14,5,19,Y6065641,,,,0,30.0,0,0
75,11,14,5,20,Y6065642,,,,0,30.0,0,0
75,11,14,5,21,Y6065643,,,,0,30.0,0,0
75,11,14,5,22,Y6065644,,,,0,30.0,0,0
75,11,14,5,23,Y6065645,,,,0,30.0,0,0
75,11,14,5,24,Y6065646,,,,0,30.0,0,0
75,11,14,5,25,Y6065647,,,,0,30.0,0,0
75,11,14,5,26,Y6065648,,,,0,30.0,0,0
75,11,14,5,27,Y6065649,,,,0,30.0,0,0
75,11,14,5,28,Y6065650,,,,0,30.0,0,0
75,11,14,5,29,Y6065651,,,,0,30.0,0,0
75,11,14,5,30,Y6065652,,,,0,30.0,0,0
75,11,14,6,10,Y6065653,,,,0,30.0,0,0
75,11,14,6,11,Y6065654,,,,0,30.0,0,0
75,11,14,6,12,Y6065655,,,,0,30.0,0,0
75,11,14,6,13,Y6065656,,,,0,30.0,0,0
75,11,14,6,14,Y6065657,,,,0,30.0,0,0
75,11,14,6,15,Y6065658,,,,0,30.0,0,0
75,11,14,6,16,Y6065659,,,,0,30.0,0,0
75,11,14,6,17,Y6065660,,,,0,30.0,0,0
75,11,14,6,18,Y6065661,,,,0,30.0,0,0
75,11,14,6,19,Y6065662,,,,0,30.0,0,0
75,11,14,6,20,Y6065663,,,,0,30.0,0,0
75,11,14,6,21,Y6065664,,,,0,30.0,0,0
75,11,14,6,22,Y6065665,,,,0,30.0,0,0
75,11,14,6,23,Y6065666,,,,0,30.0,0,0
75,11,14,6,24,Y6065667,,,,0,30.0,0,0
75,11,14,6,25,Y6065668,,,,0,30.0,0,0
75,11,14,6,26,Y6065669,,,,0,30.0,0,0
75,11,14,6,27,Y6065670,,,,0,30.0,0,0
75,11,14,6,28,Y6065671,,,,0,30.0,0,0
75,11,14,6,29,Y6065672,,,,0,30.0,0,0
75,11,14,6,30,Y6065673,,,,0,30.0,0,0
75,11,14,7,10,Y6065674,,,,0,30.0,0,0
75,11,14,7,11,Y6065675,,,,0,30.0,0,0
75,11,14,7,12,Y6065676,,,,0,30.0,0,0
75,11,14,7,13,Y6065677,,,,0,30.0,0,0
75,11,14,7,14,Y6065678,,,,0,30.0,0,0
75,11,14,7,15,Y6065679,,,,0,30.0,0,0
75,11,14,7,16,Y6065680,,,,0,30.0,0,0
75,11,14,7,17,Y6065681,,,,0,30.0,0,0
75,11,14,7,18,Y6065682,,,,0,30.0,0,0
75,11,14,7,19,Y6065683,,,,0,30.0,0,0
75,11,14,7,20,Y6065684,,,,0,30.0,0,0
75,11,14,7,21,Y6065685,,,,0,30.0,0,0
75,11,14,7,22,Y6065686,,,,0,30.0,0,0
75,11,14,7,23,Y6065687,,,,0,30.0,0,0
75,11,14,7,24,Y6065688,,,,0,30.0,0,0
75,11,14,7,25,Y6065689,,,,0,30.0,0,0
75,11,14,7,26,Y6065690,,,,0,30.0,0,0
75,11,14,7,27,Y6065691,,,,0,30.0,0,0
75,11,14,7,28,Y6065692,,,,0,30.0,0,0
75,11,14,7,29,Y6065693,,,,0,30.0,0,0
75,11,14,7,30,Y6065694,,,,0,30.0,0,0
75,11,14,8,10,Y6065695,,,,0,30.0,0,0
75,11,14,8,11,Y6065696,,,,0,30.0,0,0
75,11,14,8,12,Y6065697,,,,0,30.0,0,0
75,11,14,8,13,Y6065698,,,,0,30.0,0,0
75,11,14,8,14,Y6065699,,,,0,30.0,0,0
75,11,14,8,15,Y6065700,,,,0,30.0,0,0
75,11,14,8,16,Y6065701,,,,0,30.0,0,0
75,11,14,8,17,Y6065702,,,,0,30.0,0,0
75,11,14,8,18,Y6065703,,,,0,30.0,0,0
75,11,14,8,19,Y6065704,,,,0,30.0,0,0
75,11,14,8,20,Y6065705,,,,0,30.0,0,0
75,11,14,8,21,Y6065706,,,,0,30.0,0,0
75,11,14,8,22,Y6065707,,,,0,30.0,0,0
75,11,14,8,23,Y6065708,,,,0,30.0,0,0
75,11,14,8,24,Y6065709,,,,0,30.0,0,0
75,11,14,8,25,Y6065710,,,,0,30.0,0,0
75,11,14,8,26,Y6065711,,,,0,30.0,0,0
75,11,14,8,27,Y6065712,,,,0,30.0,0,0
75,11,14,8,28,Y6065713,,,,0,30.0,0,0
75,11,14,8,29,Y6065714,,,,0,30.0,0,0
75,11,14,8,30,Y6065715,,,,0,30.0,0,0
75,11,14,9,10,Y6065716,,,,0,30.0,0,0
75,11,14,9,11,Y6065717,,,,0,30.0,0,0
75,11,14,9,12,Y6065718,,,,0,30.0,0,0
75,11,14,9,13,Y6065719,,,,0,30.0,0,0
75,11,14,9,14,Y6065720,,,,0,30.0,0,0
75,11,14,9,15,Y6065721,,,,0,30.0,0,0
75,11,14,9,16,Y6065722,,,,0,30.0,0,0
75,11,14,9,17,Y6065723,,,,0,30.0,0,0
75,11,14,9,18,Y6065724,,,,0,30.0,0,0
75,11,14,9,19,Y6065725,,,,0,30.0,0,0
75,11,14,9,20,Y6065726,,,,0,30.0,0,0
75,11,14,9,21,Y6065727,,,,0,30.0,0,0
75,11,14,9,22,Y6065728,,,,0,30.0,0,0
75,11,14,9,23,Y6065729,,,,0,30.0,0,0
75,11,14,9,24,Y6065730,,,,0,30.0,0,0
75,11,14,9,25,Y6065731,,,,0,30.0,0,0
75,11,14,9,26,Y6065732,,,,0,30.0,0,0
75,11,14,9,27,Y6065733,,,,0,30.0,0,0
75,11,14,9,28,Y6065734,,,,0,30.0,0,0
75,11,14,9,29,Y6065735,,,,0,30.0,0,0
75,11,14,9,30,Y6065736,,,,0,30.0,0,0
75,11,14,10,10,Y6065737,,,,0,30.0,0,0
75,11,14,10,11,Y6065738,,,,0,30.0,0,0
75,11,14,10,12,Y6065739,,,,0,30.0,0,0
75,11,14,10,13,Y6065740,,,,0,30.0,0,0
75,11,14,10,14,Y6065741,,,,0,30.0,0,0
75,11,14,10,15,Y6065742,,,,0,30.0,0,0
75,11,14,10,16,Y6065743,,,,0,30.0,0,0
75,11,14,10,17,Y6065744,,,,0,30.0,0,0
75,11,14,10,18,Y6065745,,,,0,30.0,0,0
75,11,14,10,19,Y6065746,,,,0,30.0,0,0
75,11,14,10,20,Y6065747,,,,0,30.0,0,0
75,11,14,10,21,Y6065748,,,,0,30.0,0,0
75,11,14,10,22,Y6065749,,,,0,30.0,0,0
75,11,14,10,23,Y6065750,,,,0,30.0,0,0
75,11,14,10,24,Y6065751,,,,0,30.0,0,0
75,11,14,10,25,Y6065752,,,,0,30.0,0,0
75,11,14,10,26,Y6065753,,,,0,30.0,0,0
75,11,14,10,27,Y6065754,,,,0,30.0,0,0
75,11,14,10,28,Y6065755,,,,0,30.0,0,0
75,11,14,10,29,Y6065756,,,,0,30.0,0,0
75,11,14,10,30,Y6065757,,,,0,30.0,0,0
75,11,14,11,10,Y6065758,,,,0,30.0,0,0
75,11,14,11,11,Y6065759,,,,0,30.0,0,0
75,11,14,11,12,Y6065760,,,,0,30.0,0,0
75,11,14,11,13,Y6065761,,,,0,30.0,0,0
75,11,14,11,14,Y6065762,,,,0,30.0,0,0
75,11,14,11,15,Y6065763,,,,0,30.0,0,0
75,11,14,11,16,Y6065764,,,,0,30.0,0,0
75,11,14,11,17,Y6065765,,,,0,30.0,0,0
75,11,14,11,18,Y6065766,,,,0,30.0,0,0
75,11,14,11,19,Y6065767,,,,0,30.0,0,0
75,11,14,11,20,Y6065768,,,,0,30.0,0,0
75,11,14,11,21,Y6065769,,,,0,30.0,0,0
75,11,14,11,22,Y6065770,,,,0,30.0,0,0
75,11,14,11,23,Y6065771,,,,0,30.0,0,0
75,11,14,11,24,Y6065772,,,,0,30.0,0,0
75,11,14,11,25,Y6065773,,,,0,30.0,0,0
75,11,14,11,26,Y6065774,,,,0,30.0,0,0
75,11,14,11,27,Y6065775,,,,0,30.0,0,0
75,11,14,11,28,Y6065776,,,,0,30.0,0,0
75,11,14,11,29,Y6065777,,,,0,30.0,0,0
75,11,14,11,30,Y6065778,,,,0,30.0,0,0
75,11,14,12,10,Y6065779,,,,0,30.0,0,0
75,11,14,12,11,Y6065780,,,,0,30.0,0,0
75,11,14,12,12,Y6065781,,,,0,30.0,0,0
75,11,14,12,13,Y6065782,,,,0,30.0,0,0
75,11,14,12,14,Y6065783,,,,0,30.0,0,0
75,11,14,12,15,Y6065784,,,,0,30.0,0,0
75,11,14,12,16,Y6065785,,,,0,30.0,0,0
75,11,14,12,17,Y6065786,,,,0,30.0,0,0
75,11,14,12,18,Y6065787,,,,0,30.0,0,0
75,11,14,12,19,Y6065788,,,,0,30.0,0,0
75,11,14,12,20,Y6065789,,,,0,30.0,0,0
75,11,14,12,21,Y6065790,,,,0,30.0,0,0
75,11,14,12,22,Y6065791,,,,0,30.0,0,0
75,11,14,12,23,Y6065792,,,,0,30.0,0,0
75,11,14,12,24,Y6065793,,,,0,30.0,0,0
75,11,14,12,25,Y6065794,,,,0,30.0,0,0
75,11,14,12,26,Y6065795,,,,0,30.0,0,0
75,11,14,12,27,Y6065796,,,,0,30.0,0,0
75,11,14,12,28,Y6065797,,,,0,30.0,0,0
75,11,14,12,29,Y6065798,,,,0,30.0,0,0
75,11,14,12,30,Y6065799,,,,0,30.0,0,0
75,11,15,1,10,Y6065800,,,,0,30.0,0,0
75,11,15,1,11,Y6065801,,,,0,30.0,0,0
75,11,15,1,12,Y6065802,,,,0,30.0,0,0
75,11,15,1,13,Y6065803,,,,0,30.0,0,0
75,11,15,1,14,Y6065804,,,,0,30.0,0,0
75,11,15,1,15,Y6065805,,,,0,30.0,0,0
75,11,15,1,16,Y6065806,,,,0,30.0,0,0
75,11,15,1,17,Y6065807,,,,0,30.0,0,0
75,11,15,1,18,Y6065808,,,,0,30.0,0,0
75,11,15,1,19,Y6065809,,,,0,30.0,0,0
75,11,15,1,20,Y6065810,,,,0,30.0,0,0
75,11,15,1,21,Y6065811,,,,0,30.0,0,0
75,11,15,1,22,Y6065812,,,,0,30.0,0,0
75,11,15,1,23,Y6065813,,,,0,30.0,0,0
75,11,15,1,24,Y6065814,,,,0,30.0,0,0
75,11,15,1,25,Y6065815,,,,0,30.0,0,0
75,11,15,1,26,Y6065816,,,,0,30.0,0,0
75,11,15,1,27,Y6065817,,,,0,30.0,0,0
75,11,15,1,28,Y6065818,,,,0,30.0,0,0
75,11,15,1,29,Y6065819,,,,0,30.0,0,0
75,11,15,1,30,Y6065820,,,,0,30.0,0,0
75,11,15,2,10,Y6065821,,,,0,30.0,0,0
75,11,15,2,11,Y6065822,,,,0,30.0,0,0
75,11,15,2,12,Y6065823,,,,0,30.0,0,0
75,11,15,2,13,Y6065824,,,,0,30.0,0,0
75,11,15,2,14,Y6065825,,,,0,30.0,0,0
75,11,15,2,15,Y6065826,,,,0,30.0,0,0
75,11,15,2,16,Y6065827,,,,0,30.0,0,0
75,11,15,2,17,Y6065828,,,,0,30.0,0,0
75,11,15,2,18,Y6065829,,,,0,30.0,0,0
75,11,15,2,19,Y6065830,,,,0,30.0,0,0
75,11,15,2,20,Y6065831,,,,0,30.0,0,0
75,11,15,2,21,Y6065832,,,,0,30.0,0,0
75,11,15,2,22,Y6065833,,,,0,30.0,0,0
75,11,15,2,23,Y6065834,,,,0,30.0,0,0
75,11,15,2,24,Y6065835,,,,0,30.0,0,0
75,11,15,2,25,Y6065836,,,,0,30.0,0,0
75,11,15,2,26,Y6065837,,,,0,30.0,0,0
75,11,15,2,27,Y6065838,,,,0,30.0,0,0
75,11,15,2,28,Y6065839,,,,0,30.0,0,0
75,11,15,2,29,Y6065840,,,,0,30.0,0,0
75,11,15,2,30,Y6065841,,,,0,30.0,0,0
75,11,15,3,10,Y6065842,,,,0,30.0,0,0
75,11,15,3,11,Y6065843,,,,0,30.0,0,0
75,11,15,3,12,Y6065844,,,,0,30.0,0,0
75,11,15,3,13,Y6065845,,,,0,30.0,0,0
75,11,15,3,14,Y6065846,,,,0,30.0,0,0
75,11,15,3,15,Y6065847,,,,0,30.0,0,0
75,11,15,3,16,Y6065848,,,,0,30.0,0,0
75,11,15,3,17,Y6065849,,,,0,30.0,0,0
75,11,15,3,18,Y6065850,,,,0,30.0,0,0
75,11,15,3,19,Y6065851,,,,0,30.0,0,0
75,11,15,3,20,Y6065852,,,,0,30.0,0,0
75,11,15,3,21,Y6065853,,,,0,30.0,0,0
75,11,15,3,22,Y6065854,,,,0,30.0,0,0
75,11,15,3,23,Y6065855,,,,0,30.0,0,0
75,11,15,3,24,Y6065856,,,,0,30.0,0,0
75,11,15,3,25,Y6065857,,,,0,30.0,0,0
75,11,15,3,26,Y6065858,,,,0,30.0,0,0
75,11,15,3,27,Y6065859,,,,0,30.0,0,0
75,11,15,3,28,Y6065860,,,,0,30.0,0,0
75,11,15,3,29,Y6065861,,,,0,30.0,0,0
75,11,15,3,30,Y6065862,,,,0,30.0,0,0
75,11,15,4,10,Y6065863,,,,0,30.0,0,0
75,11,15,4,11,Y6065864,,,,0,30.0,0,0
75,11,15,4,12,Y6065865,,,,0,30.0,0,0
75,11,15,4,13,Y6065866,,,,0,30.0,0,0
75,11,15,4,14,Y6065867,,,,0,30.0,0,0
75,11,15,4,15,Y6065868,,,,0,30.0,0,0
75,11,15,4,16,Y6065869,,,,0,30.0,0,0
75,11,15,4,17,Y6065870,,,,0,30.0,0,0
75,11,15,4,18,Y6065871,,,,0,30.0,0,0
75,11,15,4,19,Y6065872,,,,0,30.0,0,0
75,11,15,4,20,Y6065873,,,,0,30.0,0,0
75,11,15,4,21,Y6065874,,,,0,30.0,0,0
75,11,15,4,22,Y6065875,,,,0,30.0,0,0
75,11,15,4,23,Y6065876,,,,0,30.0,0,0
75,11,15,4,24,Y6065877,,,,0,30.0,0,0
75,11,15,4,25,Y6065878,,,,0,30.0,0,0
75,11,15,4,26,Y6065879,,,,0,30.0,0,0
75,11,15,4,27,Y6065880,,,,0,30.0,0,0
75,11,15,4,28,Y6065881,,,,0,30.0,0,0
75,11,15,4,29,Y6065882,,,,0,30.0,0,0
75,11,15,4,30,Y6065883,,,,0,30.0,0,0
75,11,15,5,10,Y6065884,,,,0,30.0,0,0
75,11,15,5,11,Y6065885,,,,0,30.0,0,0
75,11,15,5,12,Y6065886,,,,0,30.0,0,0
75,11,15,5,13,Y6065887,,,,0,30.0,0,0
75,11,15,5,14,Y6065888,,,,0,30.0,0,0
75,11,15,5,15,Y6065889,,,,0,30.0,0,0
75,11,15,5,16,Y6065890,,,,0,30.0,0,0
75,11,15,5,17,Y6065891,,,,0,30.0,0,0
75,11,15,5,18,Y6065892,,,,0,30.0,0,0
75,11,15,5,19,Y6065893,,,,0,30.0,0,0
75,11,15,5,20,Y6065894,,,,0,30.0,0,0
75,11,15,5,21,Y6065895,,,,0,30.0,0,0
75,11,15,5,22,Y6065896,,,,0,30.0,0,0
75,11,15,5,23,Y6065897,,,,0,30.0,0,0
75,11,15,5,24,Y6065898,,,,0,30.0,0,0
75,11,15,5,25,Y6065899,,,,0,30.0,0,0
75,11,15,5,26,Y6065900,,,,0,30.0,0,0
75,11,15,5,27,Y6065901,,,,0,30.0,0,0
75,11,15,5,28,Y6065902,,,,0,30.0,0,0
75,11,15,5,29,Y6065903,,,,0,30.0,0,0
75,11,15,5,30,Y6065904,,,,0,30.0,0,0
75,11,15,6,10,Y6065905,,,,0,30.0,0,0
75,11,15,6,11,Y6065906,,,,0,30.0,0,0
75,11,15,6,12,Y6065907,,,,0,30.0,0,0
75,11,15,6,13,Y6065908,,,,0,30.0,0,0
75,11,15,6,14,Y6065909,,,,0,30.0,0,0
75,11,15,6,15,Y6065910,,,,0,30.0,0,0
75,11,15,6,16,Y6065911,,,,0,30.0,0,0
75,11,15,6,17,Y6065912,,,,0,30.0,0,0
75,11,15,6,18,Y6065913,,,,0,30.0,0,0
75,11,15,6,19,Y6065914,,,,0,30.0,0,0
75,11,15,6,20,Y6065915,,,,0,30.0,0,0
75,11,15,6,21,Y6065916,,,,0,30.0,0,0
75,11,15,6,22,Y6065917,,,,0,30.0,0,0
75,11,15,6,23,Y6065918,,,,0,30.0,0,0
75,11,15,6,24,Y6065919,,,,0,30.0,0,0
75,11,15,6,25,Y6065920,,,,0,30.0,0,0
75,11,15,6,26,Y6065921,,,,0,30.0,0,0
75,11,15,6,27,Y6065922,,,,0,30.0,0,0
75,11,15,6,28,Y6065923,,,,0,30.0,0,0
75,11,15,6,29,Y6065924,,,,0,30.0,0,0
75,11,15,6,30,Y6065925,,,,0,30.0,0,0
75,11,15,7,10,Y6065926,,,,0,30.0,0,0
75,11,15,7,11,Y6065927,,,,0,30.0,0,0
75,11,15,7,12,Y6065928,,,,0,30.0,0,0
75,11,15,7,13,Y6065929,,,,0,30.0,0,0
75,11,15,7,14,Y6065930,,,,0,30.0,0,0
75,11,15,7,15,Y6065931,,,,0,30.0,0,0
75,11,15,7,16,Y6065932,,,,0,30.0,0,0
75,11,15,7,17,Y6065933,,,,0,30.0,0,0
75,11,15,7,18,Y6065934,,,,0,30.0,0,0
75,11,15,7,19,Y6065935,,,,0,30.0,0,0
75,11,15,7,20,Y6065936,,,,0,30.0,0,0
75,11,15,7,21,Y6065937,,,,0,30.0,0,0
75,11,15,7,22,Y6065938,,,,0,30.0,0,0
75,11,15,7,23,Y6065939,,,,0,30.0,0,0
75,11,15,7,24,Y6065940,,,,0,30.0,0,0
75,11,15,7,25,Y6065941,,,,0,30.0,0,0
75,11,15,7,26,Y6065942,,,,0,30.0,0,0
75,11,15,7,27,Y6065943,,,,0,30.0,0,0
75,11,15,7,28,Y6065944,,,,0,30.0,0,0
75,11,15,7,29,Y6065945,,,,0,30.0,0,0
75,11,15,7,30,Y6065946,,,,0,30.0,0,0
75,11,15,8,10,Y6065947,,,,0,30.0,0,0
75,11,15,8,11,Y6065948,,,,0,30.0,0,0
75,11,15,8,12,Y6065949,,,,0,30.0,0,0
75,11,15,8,13,Y6065950,,,,0,30.0,0,0
75,11,15,8,14,Y6065951,,,,0,30.0,0,0
75,11,15,8,15,Y6065952,,,,0,30.0,0,0
75,11,15,8,16,Y6065953,,,,0,30.0,0,0
75,11,15,8,17,Y6065954,,,,0,30.0,0,0
75,11,15,8,18,Y6065955,,,,0,30.0,0,0
75,11,15,8,19,Y6065956,,,,0,30.0,0,0
75,11,15,8,20,Y6065957,,,,0,30.0,0,0
75,11,15,8,21,Y6065958,,,,0,30.0,0,0
75,11,15,8,22,Y6065959,,,,0,30.0,0,0
75,11,15,8,23,Y6065960,,,,0,30.0,0,0
75,11,15,8,24,Y6065961,,,,0,30.0,0,0
75,11,15,8,25,Y6065962,,,,0,30.0,0,0
75,11,15,8,26,Y6065963,,,,0,30.0,0,0
75,11,15,8,27,Y6065964,,,,0,30.0,0,0
75,11,15,8,28,Y6065965,,,,0,30.0,0,0
75,11,15,8,29,Y6065966,,,,0,30.0,0,0
75,11,15,8,30,Y6065967,,,,0,30.0,0,0
75,11,15,9,10,Y6065968,,,,0,30.0,0,0
75,11,15,9,11,Y6065969,,,,0,30.0,0,0
75,11,15,9,12,Y6065970,,,,0,30.0,0,0
75,11,15,9,13,Y6065971,,,,0,30.0,0,0
75,11,15,9,14,Y6065972,,,,0,30.0,0,0
75,11,15,9,15,Y6065973,,,,0,30.0,0,0
75,11,15,9,16,Y6065974,,,,0,30.0,0,0
75,11,15,9,17,Y6065975,,,,0,30.0,0,0
75,11,15,9,18,Y6065976,,,,0,30.0,0,0
75,11,15,9,19,Y6065977,,,,0,30.0,0,0
75,11,15,9,20,Y6065978,,,,0,30.0,0,0
75,11,15,9,21,Y6065979,,,,0,30.0,0,0
75,11,15,9,22,Y6065980,,,,0,30.0,0,0
75,11,15,9,23,Y6065981,,,,0,30.0,0,0
75,11,15,9,24,Y6065982,,,,0,30.0,0,0
75,11,15,9,25,Y6065983,,,,0,30.0,0,0
75,11,15,9,26,Y6065984,,,,0,30.0,0,0
75,11,15,9,27,Y6065985,,,,0,30.0,0,0
75,11,15,9,28,Y6065986,,,,0,30.0,0,0
75,11,15,9,29,Y6065987,,,,0,30.0,0,0
75,11,15,9,30,Y6065988,,,,0,30.0,0,0
75,11,15,10,10,Y6065989,,,,0,30.0,0,0
75,11,15,10,11,Y6065990,,,,0,30.0,0,0
75,11,15,10,12,Y6065991,,,,0,30.0,0,0
75,11,15,10,13,Y6065992,,,,0,30.0,0,0
75,11,15,10,14,Y6065993,,,,0,30.0,0,0
75,11,15,10,15,Y6065994,,,,0,30.0,0,0
75,11,15,10,16,Y6065995,,,,0,30.0,0,0
75,11,15,10,17,Y6065996,,,,0,30.0,0,0
75,11,15,10,18,Y6065997,,,,0,30.0,0,0
75,11,15,10,19,Y6065998,,,,0,30.0,0,0
75,11,15,10,20,Y6065999,,,,0,30.0,0,0
75,11,15,10,21,Y6066000,,,,0,30.0,0,0
75,11,15,10,22,Y6066001,,,,0,30.0,0,0
75,11,15,10,23,Y6066002,,,,0,30.0,0,0
75,11,15,10,24,Y6066003,,,,0,30.0,0,0
75,11,15,10,25,Y6066004,,,,0,30.0,0,0
75,11,15,10,26,Y6066005,,,,0,30.0,0,0
75,11,15,10,27,Y6066006,,,,0,30.0,0,0
75,11,15,10,28,Y6066007,,,,0,30.0,0,0
75,11,15,10,29,Y6066008,,,,0,30.0,0,0
75,11,15,10,30,Y6066009,,,,0,30.0,0,0
75,11,15,11,10,Y6066010,,,,0,30.0,0,0
75,11,15,11,11,Y6066011,,,,0,30.0,0,0
75,11,15,11,12,Y6066012,,,,0,30.0,0,0
75,11,15,11,13,Y6066013,,,,0,30.0,0,0
75,11,15,11,14,Y6066014,,,,0,30.0,0,0
75,11,15,11,15,Y6066015,,,,0,30.0,0,0
75,11,15,11,16,Y6066016,,,,0,30.0,0,0
75,11,15,11,17,Y6066017,,,,0,30.0,0,0
75,11,15,11,18,Y6066018,,,,0,30.0,0,0
75,11,15,11,19,Y6066019,,,,0,30.0,0,0
75,11,15,11,20,Y6066020,,,,0,30.0,0,0
75,11,15,11,21,Y6066021,,,,0,30.0,0,0
75,11,15,11,22,Y6066022,,,,0,30.0,0,0
75,11,15,11,23,Y6066023,,,,0,30.0,0,0
75,11,15,11,24,Y6066024,,,,0,30.0,0,0
75,11,15,11,25,Y6066025,,,,0,30.0,0,0
75,11,15,11,26,Y6066026,,,,0,30.0,0,0
75,11,15,11,27,Y6066027,,,,0,30.0,0,0
75,11,15,11,28,Y6066028,,,,0,30.0,0,0
75,11,15,11,29,Y6066029,,,,0,30.0,0,0
75,11,15,11,30,Y6066030,,,,0,30.0,0,0
75,11,15,12,10,Y6066031,,,,0,30.0,0,0
75,11,15,12,11,Y6066032,,,,0,30.0,0,0
75,11,15,12,12,Y6066033,,,,0,30.0,0,0
75,11,15,12,13,Y6066034,,,,0,30.0,0,0
75,11,15,12,14,Y6066035,,,,0,30.0,0,0
75,11,15,12,15,Y6066036,,,,0,30.0,0,0
75,11,15,12,16,Y6066037,,,,0,30.0,0,0
75,11,15,12,17,Y6066038,,,,0,30.0,0,0
75,11,15,12,18,Y6066039,,,,0,30.0,0,0
75,11,15,12,19,Y6066040,,,,0,30.0,0,0
75,11,15,12,20,Y6066041,,,,0,30.0,0,0
75,11,15,12,21,Y6066042,,,,0,30.0,0,0
75,11,15,12,22,Y6066043,,,,0,30.0,0,0
75,11,15,12,23,Y6066044,,,,0,30.0,0,0
75,11,15,12,24,Y6066045,,,,0,30.0,0,0
75,11,15,12,25,Y6066046,,,,0,30.0,0,0
75,11,15,12,26,Y6066047,,,,0,30.0,0,0
75,11,15,12,27,Y6066048,,,,0,30.0,0,0
75,11,15,12,28,Y6066049,,,,0,30.0,0,0
75,11,15,12,29,Y6066050,,,,0,30.0,0,0
75,11,15,12,30,Y6066051,,,,0,30.0,0,0
75,11,16,1,10,Y6066052,,,,0,30.0,0,0
75,11,16,1,11,Y6066053,,,,0,30.0,0,0
75,11,16,1,12,Y6066054,,,,0,30.0,0,0
75,11,16,1,13,Y6066055,,,,0,30.0,0,0
75,11,16,1,14,Y6066056,,,,0,30.0,0,0
75,11,16,1,15,Y6066057,,,,0,30.0,0,0
75,11,16,1,16,Y6066058,,,,0,30.0,0,0
75,11,16,1,17,Y6066059,,,,0,30.0,0,0
75,11,16,1,18,Y6066060,,,,0,30.0,0,0
75,11,16,1,19,Y6066061,,,,0,30.0,0,0
75,11,16,1,20,Y6066062,,,,0,30.0,0,0
75,11,16,1,21,Y6066063,,,,0,30.0,0,0
75,11,16,1,22,Y6066064,,,,0,30.0,0,0
75,11,16,1,23,Y6066065,,,,0,30.0,0,0
75,11,16,1,24,Y6066066,,,,0,30.0,0,0
75,11,16,1,25,Y6066067,,,,0,30.0,0,0
75,11,16,1,26,Y6066068,,,,0,30.0,0,0
75,11,16,1,27,Y6066069,,,,0,30.0,0,0
75,11,16,1,28,Y6066070,,,,0,30.0,0,0
75,11,16,1,29,Y6066071,,,,0,30.0,0,0
75,11,16,1,30,Y6066072,,,,0,30.0,0,0
75,11,16,2,10,Y6066073,,,,0,30.0,0,0
75,11,16,2,11,Y6066074,,,,0,30.0,0,0
75,11,16,2,12,Y6066075,,,,0,30.0,0,0
75,11,16,2,13,Y6066076,,,,0,30.0,0,0
75,11,16,2,14,Y6066077,,,,0,30.0,0,0
75,11,16,2,15,Y6066078,,,,0,30.0,0,0
75,11,16,2,16,Y6066079,,,,0,30.0,0,0
75,11,16,2,17,Y6066080,,,,0,30.0,0,0
75,11,16,2,18,Y6066081,,,,0,30.0,0,0
75,11,16,2,19,Y6066082,,,,0,30.0,0,0
75,11,16,2,20,Y6066083,,,,0,30.0,0,0
75,11,16,2,21,Y6066084,,,,0,30.0,0,0
75,11,16,2,22,Y6066085,,,,0,30.0,0,0
75,11,16,2,23,Y6066086,,,,0,30.0,0,0
75,11,16,2,24,Y6066087,,,,0,30.0,0,0
75,11,16,2,25,Y6066088,,,,0,30.0,0,0
75,11,16,2,26,Y6066089,,,,0,30.0,0,0
75,11,16,2,27,Y6066090,,,,0,30.0,0,0
75,11,16,2,28,Y6066091,,,,0,30.0,0,0
75,11,16,2,29,Y6066092,,,,0,30.0,0,0
75,11,16,2,30,Y6066093,,,,0,30.0,0,0
75,11,16,3,10,Y6066094,,,,0,30.0,0,0
75,11,16,3,11,Y6066095,,,,0,30.0,0,0
75,11,16,3,12,Y6066096,,,,0,30.0,0,0
75,11,16,3,13,Y6066097,,,,0,30.0,0,0
75,11,16,3,14,Y6066098,,,,0,30.0,0,0
75,11,16,3,15,Y6066099,,,,0,30.0,0,0
75,11,16,3,16,Y6066100,,,,0,30.0,0,0
75,11,16,3,17,Y6066101,,,,0,30.0,0,0
75,11,16,3,18,Y6066102,,,,0,30.0,0,0
75,11,16,3,19,Y6066103,,,,0,30.0,0,0
75,11,16,3,20,Y6066104,,,,0,30.0,0,0
75,11,16,3,21,Y6066105,,,,0,30.0,0,0
75,11,16,3,22,Y6066106,,,,0,30.0,0,0
75,11,16,3,23,Y6066107,,,,0,30.0,0,0
75,11,16,3,24,Y6066108,,,,0,30.0,0,0
75,11,16,3,25,Y6066109,,,,0,30.0,0,0
75,11,16,3,26,Y6066110,,,,0,30.0,0,0
75,11,16,3,27,Y6066111,,,,0,30.0,0,0
75,11,16,3,28,Y6066112,,,,0,30.0,0,0
75,11,16,3,29,Y6066113,,,,0,30.0,0,0
75,11,16,3,30,Y6066114,,,,0,30.0,0,0
75,11,16,4,10,Y6066115,,,,0,30.0,0,0
75,11,16,4,11,Y6066116,,,,0,30.0,0,0
75,11,16,4,12,Y6066117,,,,0,30.0,0,0
75,11,16,4,13,Y6066118,,,,0,30.0,0,0
75,11,16,4,14,Y6066119,,,,0,30.0,0,0
75,11,16,4,15,Y6066120,,,,0,30.0,0,0
75,11,16,4,16,Y6066121,,,,0,30.0,0,0
75,11,16,4,17,Y6066122,,,,0,30.0,0,0
75,11,16,4,18,Y6066123,,,,0,30.0,0,0
75,11,16,4,19,Y6066124,,,,0,30.0,0,0
75,11,16,4,20,Y6066125,,,,0,30.0,0,0
75,11,16,4,21,Y6066126,,,,0,30.0,0,0
75,11,16,4,22,Y6066127,,,,0,30.0,0,0
75,11,16,4,23,Y6066128,,,,0,30.0,0,0
75,11,16,4,24,Y6066129,,,,0,30.0,0,0
75,11,16,4,25,Y6066130,,,,0,30.0,0,0
75,11,16,4,26,Y6066131,,,,0,30.0,0,0
75,11,16,4,27,Y6066132,,,,0,30.0,0,0
75,11,16,4,28,Y6066133,,,,0,30.0,0,0
75,11,16,4,29,Y6066134,,,,0,30.0,0,0
75,11,16,4,30,Y6066135,,,,0,30.0,0,0
75,11,16,5,10,Y6066136,,,,0,30.0,0,0
75,11,16,5,11,Y6066137,,,,0,30.0,0,0
75,11,16,5,12,Y6066138,,,,0,30.0,0,0
75,11,16,5,13,Y6066139,,,,0,30.0,0,0
75,11,16,5,14,Y6066140,,,,0,30.0,0,0
75,11,16,5,15,Y6066141,,,,0,30.0,0,0
75,11,16,5,16,Y6066142,,,,0,30.0,0,0
75,11,16,5,17,Y6066143,,,,0,30.0,0,0
75,11,16,5,18,Y6066144,,,,0,30.0,0,0
75,11,16,5,19,Y6066145,,,,0,30.0,0,0
75,11,16,5,20,Y6066146,,,,0,30.0,0,0
75,11,16,5,21,Y6066147,,,,0,30.0,0,0
75,11,16,5,22,Y6066148,,,,0,30.0,0,0
75,11,16,5,23,Y6066149,,,,0,30.0,0,0
75,11,16,5,24,Y6066150,,,,0,30.0,0,0
75,11,16,5,25,Y6066151,,,,0,30.0,0,0
75,11,16,5,26,Y6066152,,,,0,30.0,0,0
75,11,16,5,27,Y6066153,,,,0,30.0,0,0
75,11,16,5,28,Y6066154,,,,0,30.0,0,0
75,11,16,5,29,Y6066155,,,,0,30.0,0,0
75,11,16,5,30,Y6066156,,,,0,30.0,0,0
75,11,16,6,10,Y6066157,,,,0,30.0,0,0
75,11,16,6,11,Y6066158,,,,0,30.0,0,0
75,11,16,6,12,Y6066159,,,,0,30.0,0,0
75,11,16,6,13,Y6066160,,,,0,30.0,0,0
75,11,16,6,14,Y6066161,,,,0,30.0,0,0
75,11,16,6,15,Y6066162,,,,0,30.0,0,0
75,11,16,6,16,Y6066163,,,,0,30.0,0,0
75,11,16,6,17,Y6066164,,,,0,30.0,0,0
75,11,16,6,18,Y6066165,,,,0,30.0,0,0
75,11,16,6,19,Y6066166,,,,0,30.0,0,0
75,11,16,6,20,Y6066167,,,,0,30.0,0,0
75,11,16,6,21,Y6066168,,,,0,30.0,0,0
75,11,16,6,22,Y6066169,,,,0,30.0,0,0
75,11,16,6,23,Y6066170,,,,0,30.0,0,0
75,11,16,6,24,Y6066171,,,,0,30.0,0,0
75,11,16,6,25,Y6066172,,,,0,30.0,0,0
75,11,16,6,26,Y6066173,,,,0,30.0,0,0
75,11,16,6,27,Y6066174,,,,0,30.0,0,0
75,11,16,6,28,Y6066175,,,,0,30.0,0,0
75,11,16,6,29,Y6066176,,,,0,30.0,0,0
75,11,16,6,30,Y6066177,,,,0,30.0,0,0
75,11,16,7,10,Y6066178,,,,0,30.0,0,0
75,11,16,7,11,Y6066179,,,,0,30.0,0,0
75,11,16,7,12,Y6066180,,,,0,30.0,0,0
75,11,16,7,13,Y6066181,,,,0,30.0,0,0
75,11,16,7,14,Y6066182,,,,0,30.0,0,0
75,11,16,7,15,Y6066183,,,,0,30.0,0,0
75,11,16,7,16,Y6066184,,,,0,30.0,0,0
75,11,16,7,17,Y6066185,,,,0,30.0,0,0
75,11,16,7,18,Y6066186,,,,0,30.0,0,0
75,11,16,7,19,Y6066187,,,,0,30.0,0,0
75,11,16,7,20,Y6066188,,,,0,30.0,0,0
75,11,16,7,21,Y6066189,,,,0,30.0,0,0
75,11,16,7,22,Y6066190,,,,0,30.0,0,0
75,11,16,7,23,Y6066191,,,,0,30.0,0,0
75,11,16,7,24,Y6066192,,,,0,30.0,0,0
75,11,16,7,25,Y6066193,,,,0,30.0,0,0
75,11,16,7,26,Y6066194,,,,0,30.0,0,0
75,11,16,7,27,Y6066195,,,,0,30.0,0,0
75,11,16,7,28,Y6066196,,,,0,30.0,0,0
75,11,16,7,29,Y6066197,,,,0,30.0,0,0
75,11,16,7,30,Y6066198,,,,0,30.0,0,0
75,11,16,8,10,Y6066199,,,,0,30.0,0,0
75,11,16,8,11,Y6066200,,,,0,30.0,0,0
75,11,16,8,12,Y6066201,,,,0,30.0,0,0
75,11,16,8,13,Y6066202,,,,0,30.0,0,0
75,11,16,8,14,Y6066203,,,,0,30.0,0,0
75,11,16,8,15,Y6066204,,,,0,30.0,0,0
75,11,16,8,16,Y6066205,,,,0,30.0,0,0
75,11,16,8,17,Y6066206,,,,0,30.0,0,0
75,11,16,8,18,Y6066207,,,,0,30.0,0,0
75,11,16,8,19,Y6066208,,,,0,30.0,0,0
75,11,16,8,20,Y6066209,,,,0,30.0,0,0
75,11,16,8,21,Y6066210,,,,0,30.0,0,0
75,11,16,8,22,Y6066211,,,,0,30.0,0,0
75,11,16,8,23,Y6066212,,,,0,30.0,0,0
75,11,16,8,24,Y6066213,,,,0,30.0,0,0
75,11,16,8,25,Y6066214,,,,0,30.0,0,0
75,11,16,8,26,Y6066215,,,,0,30.0,0,0
75,11,16,8,27,Y6066216,,,,0,30.0,0,0
75,11,16,8,28,Y6066217,,,,0,30.0,0,0
75,11,16,8,29,Y6066218,,,,0,30.0,0,0
75,11,16,8,30,Y6066219,,,,0,30.0,0,0
75,11,16,9,10,Y6066220,,,,0,30.0,0,0
75,11,16,9,11,Y6066221,,,,0,30.0,0,0
75,11,16,9,12,Y6066222,,,,0,30.0,0,0
75,11,16,9,13,Y6066223,,,,0,30.0,0,0
75,11,16,9,14,Y6066224,,,,0,30.0,0,0
75,11,16,9,15,Y6066225,,,,0,30.0,0,0
75,11,16,9,16,Y6066226,,,,0,30.0,0,0
75,11,16,9,17,Y6066227,,,,0,30.0,0,0
75,11,16,9,18,Y6066228,,,,0,30.0,0,0
75,11,16,9,19,Y6066229,,,,0,30.0,0,0
75,11,16,9,20,Y6066230,,,,0,30.0,0,0
75,11,16,9,21,Y6066231,,,,0,30.0,0,0
75,11,16,9,22,Y6066232,,,,0,30.0,0,0
75,11,16,9,23,Y6066233,,,,0,30.0,0,0
75,11,16,9,24,Y6066234,,,,0,30.0,0,0
75,11,16,9,25,Y6066235,,,,0,30.0,0,0
75,11,16,9,26,Y6066236,,,,0,30.0,0,0
75,11,16,9,27,Y6066237,,,,0,30.0,0,0
75,11,16,9,28,Y6066238,,,,0,30.0,0,0
75,11,16,9,29,Y6066239,,,,0,30.0,0,0
75,11,16,9,30,Y6066240,,,,0,30.0,0,0
75,11,16,10,10,Y6066241,,,,0,30.0,0,0
75,11,16,10,11,Y6066242,,,,0,30.0,0,0
75,11,16,10,12,Y6066243,,,,0,30.0,0,0
75,11,16,10,13,Y6066244,,,,0,30.0,0,0
75,11,16,10,14,Y6066245,,,,0,30.0,0,0
75,11,16,10,15,Y6066246,,,,0,30.0,0,0
75,11,16,10,16,Y6066247,,,,0,30.0,0,0
75,11,16,10,17,Y6066248,,,,0,30.0,0,0
75,11,16,10,18,Y6066249,,,,0,30.0,0,0
75,11,16,10,19,Y6066250,,,,0,30.0,0,0
75,11,16,10,20,Y6066251,,,,0,30.0,0,0
75,11,16,10,21,Y6066252,,,,0,30.0,0,0
75,11,16,10,22,Y6066253,,,,0,30.0,0,0
75,11,16,10,23,Y6066254,,,,0,30.0,0,0
75,11,16,10,24,Y6066255,,,,0,30.0,0,0
75,11,16,10,25,Y6066256,,,,0,30.0,0,0
75,11,16,10,26,Y6066257,,,,0,30.0,0,0
75,11,16,10,27,Y6066258,,,,0,30.0,0,0
75,11,16,10,28,Y6066259,,,,0,30.0,0,0
75,11,16,10,29,Y6066260,,,,0,30.0,0,0
75,11,16,10,30,Y6066261,,,,0,30.0,0,0
75,11,16,11,10,Y6066262,,,,0,30.0,0,0
75,11,16,11,11,Y6066263,,,,0,30.0,0,0
75,11,16,11,12,Y6066264,,,,0,30.0,0,0
75,11,16,11,13,Y6066265,,,,0,30.0,0,0
75,11,16,11,14,Y6066266,,,,0,30.0,0,0
75,11,16,11,15,Y6066267,,,,0,30.0,0,0
75,11,16,11,16,Y6066268,,,,0,30.0,0,0
75,11,16,11,17,Y6066269,,,,0,30.0,0,0
75,11,16,11,18,Y6066270,,,,0,30.0,0,0
75,11,16,11,19,Y6066271,,,,0,30.0,0,0
75,11,16,11,20,Y6066272,,,,0,30.0,0,0
75,11,16,11,21,Y6066273,,,,0,30.0,0,0
75,11,16,11,22,Y6066274,,,,0,30.0,0,0
75,11,16,11,23,Y6066275,,,,0,30.0,0,0
75,11,16,11,24,Y6066276,,,,0,30.0,0,0
75,11,16,11,25,Y6066277,,,,0,30.0,0,0
75,11,16,11,26,Y6066278,,,,0,30.0,0,0
75,11,16,11,27,Y6066279,,,,0,30.0,0,0
75,11,16,11,28,Y6066280,,,,0,30.0,0,0
75,11,16,11,29,Y6066281,,,,0,30.0,0,0
75,11,16,11,30,Y6066282,,,,0,30.0,0,0
75,11,16,12,10,Y6066283,,,,0,30.0,0,0
75,11,16,12,11,Y6066284,,,,0,30.0,0,0
75,11,16,12,12,Y6066285,,,,0,30.0,0,0
75,11,16,12,13,Y6066286,,,,0,30.0,0,0
75,11,16,12,14,Y6066287,,,,0,30.0,0,0
75,11,16,12,15,Y6066288,,,,0,30.0,0,0
75,11,16,12,16,Y6066289,,,,0,30.0,0,0
75,11,16,12,17,Y6066290,,,,0,30.0,0,0
75,11,16,12,18,Y6066291,,,,0,30.0,0,0
75,11,16,12,19,Y6066292,,,,0,30.0,0,0
75,11,16,12,20,Y6066293,,,,0,30.0,0,0
75,11,16,12,21,Y6066294,,,,0,30.0,0,0
75,11,16,12,22,Y6066295,,,,0,30.0,0,0
75,11,16,12,23,Y6066296,,,,0,30.0,0,0
75,11,16,12,24,Y6066297,,,,0,30.0,0,0
75,11,16,12,25,Y6066298,,,,0,30.0,0,0
75,11,16,12,26,Y6066299,,,,0,30.0,0,0
75,11,16,12,27,Y6066300,,,,0,30.0,0,0
75,11,16,12,28,Y6066301,,,,0,30.0,0,0
75,11,16,12,29,Y6066302,,,,0,30.0,0,0
75,11,16,12,30,Y6066303,,,,0,30.0,0,0
75,11,17,1,10,Y6066304,,,,0,30.0,0,0
75,11,17,1,11,Y6066305,,,,0,30.0,0,0
75,11,17,1,12,Y6066306,,,,0,30.0,0,0
75,11,17,1,13,Y6066307,,,,0,30.0,0,0
75,11,17,1,14,Y6066308,,,,0,30.0,0,0
75,11,17,1,15,Y6066309,,,,0,30.0,0,0
75,11,17,1,16,Y6066310,,,,0,30.0,0,0
75,11,17,1,17,Y6066311,,,,0,30.0,0,0
75,11,17,1,18,Y6066312,,,,0,30.0,0,0
75,11,17,1,19,Y6066313,,,,0,30.0,0,0
75,11,17,1,20,Y6066314,,,,0,30.0,0,0
75,11,17,1,21,Y6066315,,,,0,30.0,0,0
75,11,17,1,22,Y6066316,,,,0,30.0,0,0
75,11,17,1,23,Y6066317,,,,0,30.0,0,0
75,11,17,1,24,Y6066318,,,,0,30.0,0,0
75,11,17,1,25,Y6066319,,,,0,30.0,0,0
75,11,17,1,26,Y6066320,,,,0,30.0,0,0
75,11,17,1,27,Y6066321,,,,0,30.0,0,0
75,11,17,1,28,Y6066322,,,,0,30.0,0,0
75,11,17,1,29,Y6066323,,,,0,30.0,0,0
75,11,17,1,30,Y6066324,,,,0,30.0,0,0
75,11,17,2,10,Y6066325,,,,0,30.0,0,0
75,11,17,2,11,Y6066326,,,,0,30.0,0,0
75,11,17,2,12,Y6066327,,,,0,30.0,0,0
75,11,17,2,13,Y6066328,,,,0,30.0,0,0
75,11,17,2,14,Y6066329,,,,0,30.0,0,0
75,11,17,2,15,Y6066330,,,,0,30.0,0,0
75,11,17,2,16,Y6066331,,,,0,30.0,0,0
75,11,17,2,17,Y6066332,,,,0,30.0,0,0
75,11,17,2,18,Y6066333,,,,0,30.0,0,0
75,11,17,2,19,Y6066334,,,,0,30.0,0,0
75,11,17,2,20,Y6066335,,,,0,30.0,0,0
75,11,17,2,21,Y6066336,,,,0,30.0,0,0
75,11,17,2,22,Y6066337,,,,0,30.0,0,0
75,11,17,2,23,Y6066338,,,,0,30.0,0,0
75,11,17,2,24,Y6066339,,,,0,30.0,0,0
75,11,17,2,25,Y6066340,,,,0,30.0,0,0
75,11,17,2,26,Y6066341,,,,0,30.0,0,0
75,11,17,2,27,Y6066342,,,,0,30.0,0,0
75,11,17,2,28,Y6066343,,,,0,30.0,0,0
75,11,17,2,29,Y6066344,,,,0,30.0,0,0
75,11,17,2,30,Y6066345,,,,0,30.0,0,0
75,11,17,3,10,Y6066346,,,,0,30.0,0,0
75,11,17,3,11,Y6066347,,,,0,30.0,0,0
75,11,17,3,12,Y6066348,,,,0,30.0,0,0
75,11,17,3,13,Y6066349,,,,0,30.0,0,0
75,11,17,3,14,Y6066350,,,,0,30.0,0,0
75,11,17,3,15,Y6066351,,,,0,30.0,0,0
75,11,17,3,16,Y6066352,,,,0,30.0,0,0
75,11,17,3,17,Y6066353,,,,0,30.0,0,0
75,11,17,3,18,Y6066354,,,,0,30.0,0,0
75,11,17,3,19,Y6066355,,,,0,30.0,0,0
75,11,17,3,20,Y6066356,,,,0,30.0,0,0
75,11,17,3,21,Y6066357,,,,0,30.0,0,0
75,11,17,3,22,Y6066358,,,,0,30.0,0,0
75,11,17,3,23,Y6066359,,,,0,30.0,0,0
75,11,17,3,24,Y6066360,,,,0,30.0,0,0
75,11,17,3,25,Y6066361,,,,0,30.0,0,0
75,11,17,3,26,Y6066362,,,,0,30.0,0,0
75,11,17,3,27,Y6066363,,,,0,30.0,0,0
75,11,17,3,28,Y6066364,,,,0,30.0,0,0
75,11,17,3,29,Y6066365,,,,0,30.0,0,0
75,11,17,3,30,Y6066366,,,,0,30.0,0,0
75,11,17,4,10,Y6066367,,,,0,30.0,0,0
75,11,17,4,11,Y6066368,,,,0,30.0,0,0
75,11,17,4,12,Y6066369,,,,0,30.0,0,0
75,11,17,4,13,Y6066370,,,,0,30.0,0,0
75,11,17,4,14,Y6066371,,,,0,30.0,0,0
75,11,17,4,15,Y6066372,,,,0,30.0,0,0
75,11,17,4,16,Y6066373,,,,0,30.0,0,0
75,11,17,4,17,Y6066374,,,,0,30.0,0,0
75,11,17,4,18,Y6066375,,,,0,30.0,0,0
75,11,17,4,19,Y6066376,,,,0,30.0,0,0
75,11,17,4,20,Y6066377,,,,0,30.0,0,0
75,11,17,4,21,Y6066378,,,,0,30.0,0,0
75,11,17,4,22,Y6066379,,,,0,30.0,0,0
75,11,17,4,23,Y6066380,,,,0,30.0,0,0
75,11,17,4,24,Y6066381,,,,0,30.0,0,0
75,11,17,4,25,Y6066382,,,,0,30.0,0,0
75,11,17,4,26,Y6066383,,,,0,30.0,0,0
75,11,17,4,27,Y6066384,,,,0,30.0,0,0
75,11,17,4,28,Y6066385,,,,0,30.0,0,0
75,11,17,4,29,Y6066386,,,,0,30.0,0,0
75,11,17,4,30,Y6066387,,,,0,30.0,0,0
75,11,17,5,10,Y6066388,,,,0,30.0,0,0
75,11,17,5,11,Y6066389,,,,0,30.0,0,0
75,11,17,5,12,Y6066390,,,,0,30.0,0,0
75,11,17,5,13,Y6066391,,,,0,30.0,0,0
75,11,17,5,14,Y6066392,,,,0,30.0,0,0
75,11,17,5,15,Y6066393,,,,0,30.0,0,0
75,11,17,5,16,Y6066394,,,,0,30.0,0,0
75,11,17,5,17,Y6066395,,,,0,30.0,0,0
75,11,17,5,18,Y6066396,,,,0,30.0,0,0
75,11,17,5,19,Y6066397,,,,0,30.0,0,0
75,11,17,5,20,Y6066398,,,,0,30.0,0,0
75,11,17,5,21,Y6066399,,,,0,30.0,0,0
75,11,17,5,22,Y6066400,,,,0,30.0,0,0
75,11,17,5,23,Y6066401,,,,0,30.0,0,0
75,11,17,5,24,Y6066402,,,,0,30.0,0,0
75,11,17,5,25,Y6066403,,,,0,30.0,0,0
75,11,17,5,26,Y6066404,,,,0,30.0,0,0
75,11,17,5,27,Y6066405,,,,0,30.0,0,0
75,11,17,5,28,Y6066406,,,,0,30.0,0,0
75,11,17,5,29,Y6066407,,,,0,30.0,0,0
75,11,17,5,30,Y6066408,,,,0,30.0,0,0
75,11,17,6,10,Y6066409,,,,0,30.0,0,0
75,11,17,6,11,Y6066410,,,,0,30.0,0,0
75,11,17,6,12,Y6066411,,,,0,30.0,0,0
75,11,17,6,13,Y6066412,,,,0,30.0,0,0
75,11,17,6,14,Y6066413,,,,0,30.0,0,0
75,11,17,6,15,Y6066414,,,,0,30.0,0,0
75,11,17,6,16,Y6066415,,,,0,30.0,0,0
75,11,17,6,17,Y6066416,,,,0,30.0,0,0
75,11,17,6,18,Y6066417,,,,0,30.0,0,0
75,11,17,6,19,Y6066418,,,,0,30.0,0,0
75,11,17,6,20,Y6066419,,,,0,30.0,0,0
75,11,17,6,21,Y6066420,,,,0,30.0,0,0
75,11,17,6,22,Y6066421,,,,0,30.0,0,0
75,11,17,6,23,Y6066422,,,,0,30.0,0,0
75,11,17,6,24,Y6066423,,,,0,30.0,0,0
75,11,17,6,25,Y6066424,,,,0,30.0,0,0
75,11,17,6,26,Y6066425,,,,0,30.0,0,0
75,11,17,6,27,Y6066426,,,,0,30.0,0,0
75,11,17,6,28,Y6066427,,,,0,30.0,0,0
75,11,17,6,29,Y6066428,,,,0,30.0,0,0
75,11,17,6,30,Y6066429,,,,0,30.0,0,0
75,11,17,7,10,Y6066430,,,,0,30.0,0,0
75,11,17,7,11,Y6066431,,,,0,30.0,0,0
75,11,17,7,12,Y6066432,,,,0,30.0,0,0
75,11,17,7,13,Y6066433,,,,0,30.0,0,0
75,11,17,7,14,Y6066434,,,,0,30.0,0,0
75,11,17,7,15,Y6066435,,,,0,30.0,0,0
75,11,17,7,16,Y6066436,,,,0,30.0,0,0
75,11,17,7,17,Y6066437,,,,0,30.0,0,0
75,11,17,7,18,Y6066438,,,,0,30.0,0,0
75,11,17,7,19,Y6066439,,,,0,30.0,0,0
75,11,17,7,20,Y6066440,,,,0,30.0,0,0
75,11,17,7,21,Y6066441,,,,0,30.0,0,0
75,11,17,7,22,Y6066442,,,,0,30.0,0,0
75,11,17,7,23,Y6066443,,,,0,30.0,0,0
75,11,17,7,24,Y6066444,,,,0,30.0,0,0
75,11,17,7,25,Y6066445,,,,0,30.0,0,0
75,11,17,7,26,Y6066446,,,,0,30.0,0,0
75,11,17,7,27,Y6066447,,,,0,30.0,0,0
75,11,17,7,28,Y6066448,,,,0,30.0,0,0
75,11,17,7,29,Y6066449,,,,0,30.0,0,0
75,11,17,7,30,Y6066450,,,,0,30.0,0,0
75,11,17,8,10,Y6066451,,,,0,30.0,0,0
75,11,17,8,11,Y6066452,,,,0,30.0,0,0
75,11,17,8,12,Y6066453,,,,0,30.0,0,0
75,11,17,8,13,Y6066454,,,,0,30.0,0,0
75,11,17,8,14,Y6066455,,,,0,30.0,0,0
75,11,17,8,15,Y6066456,,,,0,30.0,0,0
75,11,17,8,16,Y6066457,,,,0,30.0,0,0
75,11,17,8,17,Y6066458,,,,0,30.0,0,0
75,11,17,8,18,Y6066459,,,,0,30.0,0,0
75,11,17,8,19,Y6066460,,,,0,30.0,0,0
75,11,17,8,20,Y6066461,,,,0,30.0,0,0
75,11,17,8,21,Y6066462,,,,0,30.0,0,0
75,11,17,8,22,Y6066463,,,,0,30.0,0,0
75,11,17,8,23,Y6066464,,,,0,30.0,0,0
75,11,17,8,24,Y6066465,,,,0,30.0,0,0
75,11,17,8,25,Y6066466,,,,0,30.0,0,0
75,11,17,8,26,Y6066467,,,,0,30.0,0,0
75,11,17,8,27,Y6066468,,,,0,30.0,0,0
75,11,17,8,28,Y6066469,,,,0,30.0,0,0
75,11,17,8,29,Y6066470,,,,0,30.0,0,0
75,11,17,8,30,Y6066471,,,,0,30.0,0,0
75,11,17,9,10,Y6066472,,,,0,30.0,0,0
75,11,17,9,11,Y6066473,,,,0,30.0,0,0
75,11,17,9,12,Y6066474,,,,0,30.0,0,0
75,11,17,9,13,Y6066475,,,,0,30.0,0,0
75,11,17,9,14,Y6066476,,,,0,30.0,0,0
75,11,17,9,15,Y6066477,,,,0,30.0,0,0
75,11,17,9,16,Y6066478,,,,0,30.0,0,0
75,11,17,9,17,Y6066479,,,,0,30.0,0,0
75,11,17,9,18,Y6066480,,,,0,30.0,0,0
75,11,17,9,19,Y6066481,,,,0,30.0,0,0
75,11,17,9,20,Y6066482,,,,0,30.0,0,0
75,11,17,9,21,Y6066483,,,,0,30.0,0,0
75,11,17,9,22,Y6066484,,,,0,30.0,0,0
75,11,17,9,23,Y6066485,,,,0,30.0,0,0
75,11,17,9,24,Y6066486,,,,0,30.0,0,0
75,11,17,9,25,Y6066487,,,,0,30.0,0,0
75,11,17,9,26,Y6066488,,,,0,30.0,0,0
75,11,17,9,27,Y6066489,,,,0,30.0,0,0
75,11,17,9,28,Y6066490,,,,0,30.0,0,0
75,11,17,9,29,Y6066491,,,,0,30.0,0,0
75,11,17,9,30,Y6066492,,,,0,30.0,0,0
75,11,17,10,10,Y6066493,,,,0,30.0,0,0
75,11,17,10,11,Y6066494,,,,0,30.0,0,0
75,11,17,10,12,Y6066495,,,,0,30.0,0,0
75,11,17,10,13,Y6066496,,,,0,30.0,0,0
75,11,17,10,14,Y6066497,,,,0,30.0,0,0
75,11,17,10,15,Y6066498,,,,0,30.0,0,0
75,11,17,10,16,Y6066499,,,,0,30.0,0,0
75,11,17,10,17,Y6066500,,,,0,30.0,0,0
75,11,17,10,18,Y6066501,,,,0,30.0,0,0
75,11,17,10,19,Y6066502,,,,0,30.0,0,0
75,11,17,10,20,Y6066503,,,,0,30.0,0,0
75,11,17,10,21,Y6066504,,,,0,30.0,0,0
75,11,17,10,22,Y6066505,,,,0,30.0,0,0
75,11,17,10,23,Y6066506,,,,0,30.0,0,0
75,11,17,10,24,Y6066507,,,,0,30.0,0,0
75,11,17,10,25,Y6066508,,,,0,30.0,0,0
75,11,17,10,26,Y6066509,,,,0,30.0,0,0
75,11,17,10,27,Y6066510,,,,0,30.0,0,0
75,11,17,10,28,Y6066511,,,,0,30.0,0,0
75,11,17,10,29,Y6066512,,,,0,30.0,0,0
75,11,17,10,30,Y6066513,,,,0,30.0,0,0
75,11,17,11,10,Y6066514,,,,0,30.0,0,0
75,11,17,11,11,Y6066515,,,,0,30.0,0,0
75,11,17,11,12,Y6066516,,,,0,30.0,0,0
75,11,17,11,13,Y6066517,,,,0,30.0,0,0
75,11,17,11,14,Y6066518,,,,0,30.0,0,0
75,11,17,11,15,Y6066519,,,,0,30.0,0,0
75,11,17,11,16,Y6066520,,,,0,30.0,0,0
75,11,17,11,17,Y6066521,,,,0,30.0,0,0
75,11,17,11,18,Y6066522,,,,0,30.0,0,0
75,11,17,11,19,Y6066523,,,,0,30.0,0,0
75,11,17,11,20,Y6066524,,,,0,30.0,0,0
75,11,17,11,21,Y6066525,,,,0,30.0,0,0
75,11,17,11,22,Y6066526,,,,0,30.0,0,0
75,11,17,11,23,Y6066527,,,,0,30.0,0,0
75,11,17,11,24,Y6066528,,,,0,30.0,0,0
75,11,17,11,25,Y6066529,,,,0,30.0,0,0
75,11,17,11,26,Y6066530,,,,0,30.0,0,0
75,11,17,11,27,Y6066531,,,,0,30.0,0,0
75,11,17,11,28,Y6066532,,,,0,30.0,0,0
75,11,17,11,29,Y6066533,,,,0,30.0,0,0
75,11,17,11,30,Y6066534,,,,0,30.0,0,0
75,11,17,12,10,Y6066535,,,,0,30.0,0,0
75,11,17,12,11,Y6066536,,,,0,30.0,0,0
75,11,17,12,12,Y6066537,,,,0,30.0,0,0
75,11,17,12,13,Y6066538,,,,0,30.0,0,0
75,11,17,12,14,Y6066539,,,,0,30.0,0,0
75,11,17,12,15,Y6066540,,,,0,30.0,0,0
75,11,17,12,16,Y6066541,,,,0,30.0,0,0
75,11,17,12,17,Y6066542,,,,0,30.0,0,0
75,11,17,12,18,Y6066543,,,,0,30.0,0,0
75,11,17,12,19,Y6066544,,,,0,30.0,0,0
75,11,17,12,20,Y6066545,,,,0,30.0,0,0
75,11,17,12,21,Y6066546,,,,0,30.0,0,0
75,11,17,12,22,Y6066547,,,,0,30.0,0,0
75,11,17,12,23,Y6066548,,,,0,30.0,0,0
75,11,17,12,24,Y6066549,,,,0,30.0,0,0
75,11,17,12,25,Y6066550,,,,0,30.0,0,0
75,11,17,12,26,Y6066551,,,,0,30.0,0,0
75,11,17,12,27,Y6066552,,,,0,30.0,0,0
75,11,17,12,28,Y6066553,,,,0,30.0,0,0
75,11,17,12,29,Y6066554,,,,0,30.0,0,0
75,11,17,12,30,Y6066555,,,,0,30.0,0,0
75,11,18,1,10,Y6066556,,,,0,30.0,0,0
75,11,18,1,11,Y6066557,,,,0,30.0,0,0
75,11,18,1,12,Y6066558,,,,0,30.0,0,0
75,11,18,1,13,Y6066559,,,,0,30.0,0,0
75,11,18,1,14,Y6066560,,,,0,30.0,0,0
75,11,18,1,15,Y6066561,,,,0,30.0,0,0
75,11,18,1,16,Y6066562,,,,0,30.0,0,0
75,11,18,1,17,Y6066563,,,,0,30.0,0,0
75,11,18,1,18,Y6066564,,,,0,30.0,0,0
75,11,18,1,19,Y6066565,,,,0,30.0,0,0
75,11,18,1,20,Y6066566,,,,0,30.0,0,0
75,11,18,1,21,Y6066567,,,,0,30.0,0,0
75,11,18,1,22,Y6066568,,,,0,30.0,0,0
75,11,18,1,23,Y6066569,,,,0,30.0,0,0
75,11,18,1,24,Y6066570,,,,0,30.0,0,0
75,11,18,1,25,Y6066571,,,,0,30.0,0,0
75,11,18,1,26,Y6066572,,,,0,30.0,0,0
75,11,18,1,27,Y6066573,,,,0,30.0,0,0
75,11,18,1,28,Y6066574,,,,0,30.0,0,0
75,11,18,1,29,Y6066575,,,,0,30.0,0,0
75,11,18,1,30,Y6066576,,,,0,30.0,0,0
75,11,18,2,10,Y6066577,,,,0,30.0,0,0
75,11,18,2,11,Y6066578,,,,0,30.0,0,0
75,11,18,2,12,Y6066579,,,,0,30.0,0,0
75,11,18,2,13,Y6066580,,,,0,30.0,0,0
75,11,18,2,14,Y6066581,,,,0,30.0,0,0
75,11,18,2,15,Y6066582,,,,0,30.0,0,0
75,11,18,2,16,Y6066583,,,,0,30.0,0,0
75,11,18,2,17,Y6066584,,,,0,30.0,0,0
75,11,18,2,18,Y6066585,,,,0,30.0,0,0
75,11,18,2,19,Y6066586,,,,0,30.0,0,0
75,11,18,2,20,Y6066587,,,,0,30.0,0,0
75,11,18,2,21,Y6066588,,,,0,30.0,0,0
75,11,18,2,22,Y6066589,,,,0,30.0,0,0
75,11,18,2,23,Y6066590,,,,0,30.0,0,0
75,11,18,2,24,Y6066591,,,,0,30.0,0,0
75,11,18,2,25,Y6066592,,,,0,30.0,0,0
75,11,18,2,26,Y6066593,,,,0,30.0,0,0
75,11,18,2,27,Y6066594,,,,0,30.0,0,0
75,11,18,2,28,Y6066595,,,,0,30.0,0,0
75,11,18,2,29,Y6066596,,,,0,30.0,0,0
75,11,18,2,30,Y6066597,,,,0,30.0,0,0
75,11,18,3,10,Y6066598,,,,0,30.0,0,0
75,11,18,3,11,Y6066599,,,,0,30.0,0,0
75,11,18,3,12,Y6066600,,,,0,30.0,0,0
75,11,18,3,13,Y6066601,,,,0,30.0,0,0
75,11,18,3,14,Y6066602,,,,0,30.0,0,0
75,11,18,3,15,Y6066603,,,,0,30.0,0,0
75,11,18,3,16,Y6066604,,,,0,30.0,0,0
75,11,18,3,17,Y6066605,,,,0,30.0,0,0
75,11,18,3,18,Y6066606,,,,0,30.0,0,0
75,11,18,3,19,Y6066607,,,,0,30.0,0,0
75,11,18,3,20,Y6066608,,,,0,30.0,0,0
75,11,18,3,21,Y6066609,,,,0,30.0,0,0
75,11,18,3,22,Y6066610,,,,0,30.0,0,0
75,11,18,3,23,Y6066611,,,,0,30.0,0,0
75,11,18,3,24,Y6066612,,,,0,30.0,0,0
75,11,18,3,25,Y6066613,,,,0,30.0,0,0
75,11,18,3,26,Y6066614,,,,0,30.0,0,0
75,11,18,3,27,Y6066615,,,,0,30.0,0,0
75,11,18,3,28,Y6066616,,,,0,30.0,0,0
75,11,18,3,29,Y6066617,,,,0,30.0,0,0
75,11,18,3,30,Y6066618,,,,0,30.0,0,0
75,11,18,4,10,Y6066619,,,,0,30.0,0,0
75,11,18,4,11,Y6066620,,,,0,30.0,0,0
75,11,18,4,12,Y6066621,,,,0,30.0,0,0
75,11,18,4,13,Y6066622,,,,0,30.0,0,0
75,11,18,4,14,Y6066623,,,,0,30.0,0,0
75,11,18,4,15,Y6066624,,,,0,30.0,0,0
75,11,18,4,16,Y6066625,,,,0,30.0,0,0
75,11,18,4,17,Y6066626,,,,0,30.0,0,0
75,11,18,4,18,Y6066627,,,,0,30.0,0,0
75,11,18,4,19,Y6066628,,,,0,30.0,0,0
75,11,18,4,20,Y6066629,,,,0,30.0,0,0
75,11,18,4,21,Y6066630,,,,0,30.0,0,0
75,11,18,4,22,Y6066631,,,,0,30.0,0,0
75,11,18,4,23,Y6066632,,,,0,30.0,0,0
75,11,18,4,24,Y6066633,,,,0,30.0,0,0
75,11,18,4,25,Y6066634,,,,0,30.0,0,0
75,11,18,4,26,Y6066635,,,,0,30.0,0,0
75,11,18,4,27,Y6066636,,,,0,30.0,0,0
75,11,18,4,28,Y6066637,,,,0,30.0,0,0
75,11,18,4,29,Y6066638,,,,0,30.0,0,0
75,11,18,4,30,Y6066639,,,,0,30.0,0,0
75,11,18,5,10,Y6066640,,,,0,30.0,0,0
75,11,18,5,11,Y6066641,,,,0,30.0,0,0
75,11,18,5,12,Y6066642,,,,0,30.0,0,0
75,11,18,5,13,Y6066643,,,,0,30.0,0,0
75,11,18,5,14,Y6066644,,,,0,30.0,0,0
75,11,18,5,15,Y6066645,,,,0,30.0,0,0
75,11,18,5,16,Y6066646,,,,0,30.0,0,0
75,11,18,5,17,Y6066647,,,,0,30.0,0,0
75,11,18,5,18,Y6066648,,,,0,30.0,0,0
75,11,18,5,19,Y6066649,,,,0,30.0,0,0
75,11,18,5,20,Y6066650,,,,0,30.0,0,0
75,11,18,5,21,Y6066651,,,,0,30.0,0,0
75,11,18,5,22,Y6066652,,,,0,30.0,0,0
75,11,18,5,23,Y6066653,,,,0,30.0,0,0
75,11,18,5,24,Y6066654,,,,0,30.0,0,0
75,11,18,5,25,Y6066655,,,,0,30.0,0,0
75,11,18,5,26,Y6066656,,,,0,30.0,0,0
75,11,18,5,27,Y6066657,,,,0,30.0,0,0
75,11,18,5,28,Y6066658,,,,0,30.0,0,0
75,11,18,5,29,Y6066659,,,,0,30.0,0,0
75,11,18,5,30,Y6066660,,,,0,30.0,0,0
75,11,18,6,10,Y6066661,,,,0,30.0,0,0
75,11,18,6,11,Y6066662,,,,0,30.0,0,0
75,11,18,6,12,Y6066663,,,,0,30.0,0,0
75,11,18,6,13,Y6066664,,,,0,30.0,0,0
75,11,18,6,14,Y6066665,,,,0,30.0,0,0
75,11,18,6,15,Y6066666,,,,0,30.0,0,0
75,11,18,6,16,Y6066667,,,,0,30.0,0,0
75,11,18,6,17,Y6066668,,,,0,30.0,0,0
75,11,18,6,18,Y6066669,,,,0,30.0,0,0
75,11,18,6,19,Y6066670,,,,0,30.0,0,0
75,11,18,6,20,Y6066671,,,,0,30.0,0,0
75,11,18,6,21,Y6066672,,,,0,30.0,0,0
75,11,18,6,22,Y6066673,,,,0,30.0,0,0
75,11,18,6,23,Y6066674,,,,0,30.0,0,0
75,11,18,6,24,Y6066675,,,,0,30.0,0,0
75,11,18,6,25,Y6066676,,,,0,30.0,0,0
75,11,18,6,26,Y6066677,,,,0,30.0,0,0
75,11,18,6,27,Y6066678,,,,0,30.0,0,0
75,11,18,6,28,Y6066679,,,,0,30.0,0,0
75,11,18,6,29,Y6066680,,,,0,30.0,0,0
75,11,18,6,30,Y6066681,,,,0,30.0,0,0
75,11,18,7,10,Y6066682,,,,0,30.0,0,0
75,11,18,7,11,Y6066683,,,,0,30.0,0,0
75,11,18,7,12,Y6066684,,,,0,30.0,0,0
75,11,18,7,13,Y6066685,,,,0,30.0,0,0
75,11,18,7,14,Y6066686,,,,0,30.0,0,0
75,11,18,7,15,Y6066687,,,,0,30.0,0,0
75,11,18,7,16,Y6066688,,,,0,30.0,0,0
75,11,18,7,17,Y6066689,,,,0,30.0,0,0
75,11,18,7,18,Y6066690,,,,0,30.0,0,0
75,11,18,7,19,Y6066691,,,,0,30.0,0,0
75,11,18,7,20,Y6066692,,,,0,30.0,0,0
75,11,18,7,21,Y6066693,,,,0,30.0,0,0
75,11,18,7,22,Y6066694,,,,0,30.0,0,0
75,11,18,7,23,Y6066695,,,,0,30.0,0,0
75,11,18,7,24,Y6066696,,,,0,30.0,0,0
75,11,18,7,25,Y6066697,,,,0,30.0,0,0
75,11,18,7,26,Y6066698,,,,0,30.0,0,0
75,11,18,7,27,Y6066699,,,,0,30.0,0,0
75,11,18,7,28,Y6066700,,,,0,30.0,0,0
75,11,18,7,29,Y6066701,,,,0,30.0,0,0
75,11,18,7,30,Y6066702,,,,0,30.0,0,0
75,11,18,8,10,Y6066703,,,,0,30.0,0,0
75,11,18,8,11,Y6066704,,,,0,30.0,0,0
75,11,18,8,12,Y6066705,,,,0,30.0,0,0
75,11,18,8,13,Y6066706,,,,0,30.0,0,0
75,11,18,8,14,Y6066707,,,,0,30.0,0,0
75,11,18,8,15,Y6066708,,,,0,30.0,0,0
75,11,18,8,16,Y6066709,,,,0,30.0,0,0
75,11,18,8,17,Y6066710,,,,0,30.0,0,0
75,11,18,8,18,Y6066711,,,,0,30.0,0,0
75,11,18,8,19,Y6066712,,,,0,30.0,0,0
75,11,18,8,20,Y6066713,,,,0,30.0,0,0
75,11,18,8,21,Y6066714,,,,0,30.0,0,0
75,11,18,8,22,Y6066715,,,,0,30.0,0,0
75,11,18,8,23,Y6066716,,,,0,30.0,0,0
75,11,18,8,24,Y6066717,,,,0,30.0,0,0
75,11,18,8,25,Y6066718,,,,0,30.0,0,0
75,11,18,8,26,Y6066719,,,,0,30.0,0,0
75,11,18,8,27,Y6066720,,,,0,30.0,0,0
75,11,18,8,28,Y6066721,,,,0,30.0,0,0
75,11,18,8,29,Y6066722,,,,0,30.0,0,0
75,11,18,8,30,Y6066723,,,,0,30.0,0,0
75,11,18,9,10,Y6066724,,,,0,30.0,0,0
75,11,18,9,11,Y6066725,,,,0,30.0,0,0
75,11,18,9,12,Y6066726,,,,0,30.0,0,0
75,11,18,9,13,Y6066727,,,,0,30.0,0,0
75,11,18,9,14,Y6066728,,,,0,30.0,0,0
75,11,18,9,15,Y6066729,,,,0,30.0,0,0
75,11,18,9,16,Y6066730,,,,0,30.0,0,0
75,11,18,9,17,Y6066731,,,,0,30.0,0,0
75,11,18,9,18,Y6066732,,,,0,30.0,0,0
75,11,18,9,19,Y6066733,,,,0,30.0,0,0
75,11,18,9,20,Y6066734,,,,0,30.0,0,0
75,11,18,9,21,Y6066735,,,,0,30.0,0,0
75,11,18,9,22,Y6066736,,,,0,30.0,0,0
75,11,18,9,23,Y6066737,,,,0,30.0,0,0
75,11,18,9,24,Y6066738,,,,0,30.0,0,0
75,11,18,9,25,Y6066739,,,,0,30.0,0,0
75,11,18,9,26,Y6066740,,,,0,30.0,0,0
75,11,18,9,27,Y6066741,,,,0,30.0,0,0
75,11,18,9,28,Y6066742,,,,0,30.0,0,0
75,11,18,9,29,Y6066743,,,,0,30.0,0,0
75,11,18,9,30,Y6066744,,,,0,30.0,0,0
75,11,18,10,10,Y6066745,,,,0,30.0,0,0
75,11,18,10,11,Y6066746,,,,0,30.0,0,0
75,11,18,10,12,Y6066747,,,,0,30.0,0,0
75,11,18,10,13,Y6066748,,,,0,30.0,0,0
75,11,18,10,14,Y6066749,,,,0,30.0,0,0
75,11,18,10,15,Y6066750,,,,0,30.0,0,0
75,11,18,10,16,Y6066751,,,,0,30.0,0,0
75,11,18,10,17,Y6066752,,,,0,30.0,0,0
75,11,18,10,18,Y6066753,,,,0,30.0,0,0
75,11,18,10,19,Y6066754,,,,0,30.0,0,0
75,11,18,10,20,Y6066755,,,,0,30.0,0,0
75,11,18,10,21,Y6066756,,,,0,30.0,0,0
75,11,18,10,22,Y6066757,,,,0,30.0,0,0
75,11,18,10,23,Y6066758,,,,0,30.0,0,0
75,11,18,10,24,Y6066759,,,,0,30.0,0,0
75,11,18,10,25,Y6066760,,,,0,30.0,0,0
75,11,18,10,26,Y6066761,,,,0,30.0,0,0
75,11,18,10,27,Y6066762,,,,0,30.0,0,0
75,11,18,10,28,Y6066763,,,,0,30.0,0,0
75,11,18,10,29,Y6066764,,,,0,30.0,0,0
75,11,18,10,30,Y6066765,,,,0,30.0,0,0
75,11,18,11,10,Y6066766,,,,0,30.0,0,0
75,11,18,11,11,Y6066767,,,,0,30.0,0,0
75,11,18,11,12,Y6066768,,,,0,30.0,0,0
75,11,18,11,13,Y6066769,,,,0,30.0,0,0
75,11,18,11,14,Y6066770,,,,0,30.0,0,0
75,11,18,11,15,Y6066771,,,,0,30.0,0,0
75,11,18,11,16,Y6066772,,,,0,30.0,0,0
75,11,18,11,17,Y6066773,,,,0,30.0,0,0
75,11,18,11,18,Y6066774,,,,0,30.0,0,0
75,11,18,11,19,Y6066775,,,,0,30.0,0,0
75,11,18,11,20,Y6066776,,,,0,30.0,0,0
75,11,18,11,21,Y6066777,,,,0,30.0,0,0
75,11,18,11,22,Y6066778,,,,0,30.0,0,0
75,11,18,11,23,Y6066779,,,,0,30.0,0,0
75,11,18,11,24,Y6066780,,,,0,30.0,0,0
75,11,18,11,25,Y6066781,,,,0,30.0,0,0
75,11,18,11,26,Y6066782,,,,0,30.0,0,0
75,11,18,11,27,Y6066783,,,,0,30.0,0,0
75,11,18,11,28,Y6066784,,,,0,30.0,0,0
75,11,18,11,29,Y6066785,,,,0,30.0,0,0
75,11,18,11,30,Y6066786,,,,0,30.0,0,0
75,11,18,12,10,Y6066787,,,,0,30.0,0,0
75,11,18,12,11,Y6066788,,,,0,30.0,0,0
75,11,18,12,12,Y6066789,,,,0,30.0,0,0
75,11,18,12,13,Y6066790,,,,0,30.0,0,0
75,11,18,12,14,Y6066791,,,,0,30.0,0,0
75,11,18,12,15,Y6066792,,,,0,30.0,0,0
75,11,18,12,16,Y6066793,,,,0,30.0,0,0
75,11,18,12,17,Y6066794,,,,0,30.0,0,0
75,11,18,12,18,Y6066795,,,,0,30.0,0,0
75,11,18,12,19,Y6066796,,,,0,30.0,0,0
75,11,18,12,20,Y6066797,,,,0,30.0,0,0
75,11,18,12,21,Y6066798,,,,0,30.0,0,0
75,11,18,12,22,Y6066799,,,,0,30.0,0,0
75,11,18,12,23,Y6066800,,,,0,30.0,0,0
75,11,18,12,24,Y6066801,,,,0,30.0,0,0
75,11,18,12,25,Y6066802,,,,0,30.0,0,0
75,11,18,12,26,Y6066803,,,,0,30.0,0,0
75,11,18,12,27,Y6066804,,,,0,30.0,0,0
75,11,18,12,28,Y6066805,,,,0,30.0,0,0
75,11,18,12,29,Y6066806,,,,0,30.0,0,0
75,11,18,12,30,Y6066807,,,,0,30.0,0,0
75,11,19,1,10,Y6066808,,,,0,30.0,0,0
75,11,19,1,11,Y6066809,,,,0,30.0,0,0
75,11,19,1,12,Y6066810,,,,0,30.0,0,0
75,11,19,1,13,Y6066811,,,,0,30.0,0,0
75,11,19,1,14,Y6066812,,,,0,30.0,0,0
75,11,19,1,15,Y6066813,,,,0,30.0,0,0
75,11,19,1,16,Y6066814,,,,0,30.0,0,0
75,11,19,1,17,Y6066815,,,,0,30.0,0,0
75,11,19,1,18,Y6066816,,,,0,30.0,0,0
75,11,19,1,19,Y6066817,,,,0,30.0,0,0
75,11,19,1,20,Y6066818,,,,0,30.0,0,0
75,11,19,1,21,Y6066819,,,,0,30.0,0,0
75,11,19,1,22,Y6066820,,,,0,30.0,0,0
75,11,19,1,23,Y6066821,,,,0,30.0,0,0
75,11,19,1,24,Y6066822,,,,0,30.0,0,0
75,11,19,1,25,Y6066823,,,,0,30.0,0,0
75,11,19,1,26,Y6066824,,,,0,30.0,0,0
75,11,19,1,27,Y6066825,,,,0,30.0,0,0
75,11,19,1,28,Y6066826,,,,0,30.0,0,0
75,11,19,1,29,Y6066827,,,,0,30.0,0,0
75,11,19,1,30,Y6066828,,,,0,30.0,0,0
75,11,19,2,10,Y6066829,,,,0,30.0,0,0
75,11,19,2,11,Y6066830,,,,0,30.0,0,0
75,11,19,2,12,Y6066831,,,,0,30.0,0,0
75,11,19,2,13,Y6066832,,,,0,30.0,0,0
75,11,19,2,14,Y6066833,,,,0,30.0,0,0
75,11,19,2,15,Y6066834,,,,0,30.0,0,0
75,11,19,2,16,Y6066835,,,,0,30.0,0,0
75,11,19,2,17,Y6066836,,,,0,30.0,0,0
75,11,19,2,18,Y6066837,,,,0,30.0,0,0
75,11,19,2,19,Y6066838,,,,0,30.0,0,0
75,11,19,2,20,Y6066839,,,,0,30.0,0,0
75,11,19,2,21,Y6066840,,,,0,30.0,0,0
75,11,19,2,22,Y6066841,,,,0,30.0,0,0
75,11,19,2,23,Y6066842,,,,0,30.0,0,0
75,11,19,2,24,Y6066843,,,,0,30.0,0,0
75,11,19,2,25,Y6066844,,,,0,30.0,0,0
75,11,19,2,26,Y6066845,,,,0,30.0,0,0
75,11,19,2,27,Y6066846,,,,0,30.0,0,0
75,11,19,2,28,Y6066847,,,,0,30.0,0,0
75,11,19,2,29,Y6066848,,,,0,30.0,0,0
75,11,19,2,30,Y6066849,,,,0,30.0,0,0
75,11,19,3,10,Y6066850,,,,0,30.0,0,0
75,11,19,3,11,Y6066851,,,,0,30.0,0,0
75,11,19,3,12,Y6066852,,,,0,30.0,0,0
75,11,19,3,13,Y6066853,,,,0,30.0,0,0
75,11,19,3,14,Y6066854,,,,0,30.0,0,0
75,11,19,3,15,Y6066855,,,,0,30.0,0,0
75,11,19,3,16,Y6066856,,,,0,30.0,0,0
75,11,19,3,17,Y6066857,,,,0,30.0,0,0
75,11,19,3,18,Y6066858,,,,0,30.0,0,0
75,11,19,3,19,Y6066859,,,,0,30.0,0,0
75,11,19,3,20,Y6066860,,,,0,30.0,0,0
75,11,19,3,21,Y6066861,,,,0,30.0,0,0
75,11,19,3,22,Y6066862,,,,0,30.0,0,0
75,11,19,3,23,Y6066863,,,,0,30.0,0,0
75,11,19,3,24,Y6066864,,,,0,30.0,0,0
75,11,19,3,25,Y6066865,,,,0,30.0,0,0
75,11,19,3,26,Y6066866,,,,0,30.0,0,0
75,11,19,3,27,Y6066867,,,,0,30.0,0,0
75,11,19,3,28,Y6066868,,,,0,30.0,0,0
75,11,19,3,29,Y6066869,,,,0,30.0,0,0
75,11,19,3,30,Y6066870,,,,0,30.0,0,0
75,11,19,4,10,Y6066871,,,,0,30.0,0,0
75,11,19,4,11,Y6066872,,,,0,30.0,0,0
75,11,19,4,12,Y6066873,,,,0,30.0,0,0
75,11,19,4,13,Y6066874,,,,0,30.0,0,0
75,11,19,4,14,Y6066875,,,,0,30.0,0,0
75,11,19,4,15,Y6066876,,,,0,30.0,0,0
75,11,19,4,16,Y6066877,,,,0,30.0,0,0
75,11,19,4,17,Y6066878,,,,0,30.0,0,0
75,11,19,4,18,Y6066879,,,,0,30.0,0,0
75,11,19,4,19,Y6066880,,,,0,30.0,0,0
75,11,19,4,20,Y6066881,,,,0,30.0,0,0
75,11,19,4,21,Y6066882,,,,0,30.0,0,0
75,11,19,4,22,Y6066883,,,,0,30.0,0,0
75,11,19,4,23,Y6066884,,,,0,30.0,0,0
75,11,19,4,24,Y6066885,,,,0,30.0,0,0
75,11,19,4,25,Y6066886,,,,0,30.0,0,0
75,11,19,4,26,Y6066887,,,,0,30.0,0,0
75,11,19,4,27,Y6066888,,,,0,30.0,0,0
75,11,19,4,28,Y6066889,,,,0,30.0,0,0
75,11,19,4,29,Y6066890,,,,0,30.0,0,0
75,11,19,4,30,Y6066891,,,,0,30.0,0,0
75,11,19,5,10,Y6066892,,,,0,30.0,0,0
75,11,19,5,11,Y6066893,,,,0,30.0,0,0
75,11,19,5,12,Y6066894,,,,0,30.0,0,0
75,11,19,5,13,Y6066895,,,,0,30.0,0,0
75,11,19,5,14,Y6066896,,,,0,30.0,0,0
75,11,19,5,15,Y6066897,,,,0,30.0,0,0
75,11,19,5,16,Y6066898,,,,0,30.0,0,0
75,11,19,5,17,Y6066899,,,,0,30.0,0,0
75,11,19,5,18,Y6066900,,,,0,30.0,0,0
75,11,19,5,19,Y6066901,,,,0,30.0,0,0
75,11,19,5,20,Y6066902,,,,0,30.0,0,0
75,11,19,5,21,Y6066903,,,,0,30.0,0,0
75,11,19,5,22,Y6066904,,,,0,30.0,0,0
75,11,19,5,23,Y6066905,,,,0,30.0,0,0
75,11,19,5,24,Y6066906,,,,0,30.0,0,0
75,11,19,5,25,Y6066907,,,,0,30.0,0,0
75,11,19,5,26,Y6066908,,,,0,30.0,0,0
75,11,19,5,27,Y6066909,,,,0,30.0,0,0
75,11,19,5,28,Y6066910,,,,0,30.0,0,0
75,11,19,5,29,Y6066911,,,,0,30.0,0,0
75,11,19,5,30,Y6066912,,,,0,30.0,0,0
75,11,19,6,10,Y6066913,,,,0,30.0,0,0
75,11,19,6,11,Y6066914,,,,0,30.0,0,0
75,11,19,6,12,Y6066915,,,,0,30.0,0,0
75,11,19,6,13,Y6066916,,,,0,30.0,0,0
75,11,19,6,14,Y6066917,,,,0,30.0,0,0
75,11,19,6,15,Y6066918,,,,0,30.0,0,0
75,11,19,6,16,Y6066919,,,,0,30.0,0,0
75,11,19,6,17,Y6066920,,,,0,30.0,0,0
75,11,19,6,18,Y6066921,,,,0,30.0,0,0
75,11,19,6,19,Y6066922,,,,0,30.0,0,0
75,11,19,6,20,Y6066923,,,,0,30.0,0,0
75,11,19,6,21,Y6066924,,,,0,30.0,0,0
75,11,19,6,22,Y6066925,,,,0,30.0,0,0
75,11,19,6,23,Y6066926,,,,0,30.0,0,0
75,11,19,6,24,Y6066927,,,,0,30.0,0,0
75,11,19,6,25,Y6066928,,,,0,30.0,0,0
75,11,19,6,26,Y6066929,,,,0,30.0,0,0
75,11,19,6,27,Y6066930,,,,0,30.0,0,0
75,11,19,6,28,Y6066931,,,,0,30.0,0,0
75,11,19,6,29,Y6066932,,,,0,30.0,0,0
75,11,19,6,30,Y6066933,,,,0,30.0,0,0
75,11,19,7,10,Y6066934,,,,0,30.0,0,0
75,11,19,7,11,Y6066935,,,,0,30.0,0,0
75,11,19,7,12,Y6066936,,,,0,30.0,0,0
75,11,19,7,13,Y6066937,,,,0,30.0,0,0
75,11,19,7,14,Y6066938,,,,0,30.0,0,0
75,11,19,7,15,Y6066939,,,,0,30.0,0,0
75,11,19,7,16,Y6066940,,,,0,30.0,0,0
75,11,19,7,17,Y6066941,,,,0,30.0,0,0
75,11,19,7,18,Y6066942,,,,0,30.0,0,0
75,11,19,7,19,Y6066943,,,,0,30.0,0,0
75,11,19,7,20,Y6066944,,,,0,30.0,0,0
75,11,19,7,21,Y6066945,,,,0,30.0,0,0
75,11,19,7,22,Y6066946,,,,0,30.0,0,0
75,11,19,7,23,Y6066947,,,,0,30.0,0,0
75,11,19,7,24,Y6066948,,,,0,30.0,0,0
75,11,19,7,25,Y6066949,,,,0,30.0,0,0
75,11,19,7,26,Y6066950,,,,0,30.0,0,0
75,11,19,7,27,Y6066951,,,,0,30.0,0,0
75,11,19,7,28,Y6066952,,,,0,30.0,0,0
75,11,19,7,29,Y6066953,,,,0,30.0,0,0
75,11,19,7,30,Y6066954,,,,0,30.0,0,0
75,11,19,8,10,Y6066955,,,,0,30.0,0,0
75,11,19,8,11,Y6066956,,,,0,30.0,0,0
75,11,19,8,12,Y6066957,,,,0,30.0,0,0
75,11,19,8,13,Y6066958,,,,0,30.0,0,0
75,11,19,8,14,Y6066959,,,,0,30.0,0,0
75,11,19,8,15,Y6066960,,,,0,30.0,0,0
75,11,19,8,16,Y6066961,,,,0,30.0,0,0
75,11,19,8,17,Y6066962,,,,0,30.0,0,0
75,11,19,8,18,Y6066963,,,,0,30.0,0,0
75,11,19,8,19,Y6066964,,,,0,30.0,0,0
75,11,19,8,20,Y6066965,,,,0,30.0,0,0
75,11,19,8,21,Y6066966,,,,0,30.0,0,0
75,11,19,8,22,Y6066967,,,,0,30.0,0,0
75,11,19,8,23,Y6066968,,,,0,30.0,0,0
75,11,19,8,24,Y6066969,,,,0,30.0,0,0
75,11,19,8,25,Y6066970,,,,0,30.0,0,0
75,11,19,8,26,Y6066971,,,,0,30.0,0,0
75,11,19,8,27,Y6066972,,,,0,30.0,0,0
75,11,19,8,28,Y6066973,,,,0,30.0,0,0
75,11,19,8,29,Y6066974,,,,0,30.0,0,0
75,11,19,8,30,Y6066975,,,,0,30.0,0,0
75,11,19,9,10,Y6066976,,,,0,30.0,0,0
75,11,19,9,11,Y6066977,,,,0,30.0,0,0
75,11,19,9,12,Y6066978,,,,0,30.0,0,0
75,11,19,9,13,Y6066979,,,,0,30.0,0,0
75,11,19,9,14,Y6066980,,,,0,30.0,0,0
75,11,19,9,15,Y6066981,,,,0,30.0,0,0
75,11,19,9,16,Y6066982,,,,0,30.0,0,0
75,11,19,9,17,Y6066983,,,,0,30.0,0,0
75,11,19,9,18,Y6066984,,,,0,30.0,0,0
75,11,19,9,19,Y6066985,,,,0,30.0,0,0
75,11,19,9,20,Y6066986,,,,0,30.0,0,0
75,11,19,9,21,Y6066987,,,,0,30.0,0,0
75,11,19,9,22,Y6066988,,,,0,30.0,0,0
75,11,19,9,23,Y6066989,,,,0,30.0,0,0
75,11,19,9,24,Y6066990,,,,0,30.0,0,0
75,11,19,9,25,Y6066991,,,,0,30.0,0,0
75,11,19,9,26,Y6066992,,,,0,30.0,0,0
75,11,19,9,27,Y6066993,,,,0,30.0,0,0
75,11,19,9,28,Y6066994,,,,0,30.0,0,0
75,11,19,9,29,Y6066995,,,,0,30.0,0,0
75,11,19,9,30,Y6066996,,,,0,30.0,0,0
75,11,19,10,10,Y6066997,,,,0,30.0,0,0
75,11,19,10,11,Y6066998,,,,0,30.0,0,0
75,11,19,10,12,Y6066999,,,,0,30.0,0,0
75,11,19,10,13,Y6067000,,,,0,30.0,0,0
75,11,19,10,14,Y6067001,,,,0,30.0,0,0
75,11,19,10,15,Y6067002,,,,0,30.0,0,0
75,11,19,10,16,Y6067003,,,,0,30.0,0,0
75,11,19,10,17,Y6067004,,,,0,30.0,0,0
75,11,19,10,18,Y6067005,,,,0,30.0,0,0
75,11,19,10,19,Y6067006,,,,0,30.0,0,0
75,11,19,10,20,Y6067007,,,,0,30.0,0,0
75,11,19,10,21,Y6067008,,,,0,30.0,0,0
75,11,19,10,22,Y6067009,,,,0,30.0,0,0
75,11,19,10,23,Y6067010,,,,0,30.0,0,0
75,11,19,10,24,Y6067011,,,,0,30.0,0,0
75,11,19,10,25,Y6067012,,,,0,30.0,0,0
75,11,19,10,26,Y6067013,,,,0,30.0,0,0
75,11,19,10,27,Y6067014,,,,0,30.0,0,0
75,11,19,10,28,Y6067015,,,,0,30.0,0,0
75,11,19,10,29,Y6067016,,,,0,30.0,0,0
75,11,19,10,30,Y6067017,,,,0,30.0,0,0
75,11,19,11,10,Y6067018,,,,0,30.0,0,0
75,11,19,11,11,Y6067019,,,,0,30.0,0,0
75,11,19,11,12,Y6067020,,,,0,30.0,0,0
75,11,19,11,13,Y6067021,,,,0,30.0,0,0
75,11,19,11,14,Y6067022,,,,0,30.0,0,0
75,11,19,11,15,Y6067023,,,,0,30.0,0,0
75,11,19,11,16,Y6067024,,,,0,30.0,0,0
75,11,19,11,17,Y6067025,,,,0,30.0,0,0
75,11,19,11,18,Y6067026,,,,0,30.0,0,0
75,11,19,11,19,Y6067027,,,,0,30.0,0,0
75,11,19,11,20,Y6067028,,,,0,30.0,0,0
75,11,19,11,21,Y6067029,,,,0,30.0,0,0
75,11,19,11,22,Y6067030,,,,0,30.0,0,0
75,11,19,11,23,Y6067031,,,,0,30.0,0,0
75,11,19,11,24,Y6067032,,,,0,30.0,0,0
75,11,19,11,25,Y6067033,,,,0,30.0,0,0
75,11,19,11,26,Y6067034,,,,0,30.0,0,0
75,11,19,11,27,Y6067035,,,,0,30.0,0,0
75,11,19,11,28,Y6067036,,,,0,30.0,0,0
75,11,19,11,29,Y6067037,,,,0,30.0,0,0
75,11,19,11,30,Y6067038,,,,0,30.0,0,0
75,11,19,12,10,Y6067039,,,,0,30.0,0,0
75,11,19,12,11,Y6067040,,,,0,30.0,0,0
75,11,19,12,12,Y6067041,,,,0,30.0,0,0
75,11,19,12,13,Y6067042,,,,0,30.0,0,0
75,11,19,12,14,Y6067043,,,,0,30.0,0,0
75,11,19,12,15,Y6067044,,,,0,30.0,0,0
75,11,19,12,16,Y6067045,,,,0,30.0,0,0
75,11,19,12,17,Y6067046,,,,0,30.0,0,0
75,11,19,12,18,Y6067047,,,,0,30.0,0,0
75,11,19,12,19,Y6067048,,,,0,30.0,0,0
75,11,19,12,20,Y6067049,,,,0,30.0,0,0
75,11,19,12,21,Y6067050,,,,0,30.0,0,0
75,11,19,12,22,Y6067051,,,,0,30.0,0,0
75,11,19,12,23,Y6067052,,,,0,30.0,0,0
75,11,19,12,24,Y6067053,,,,0,30.0,0,0
75,11,19,12,25,Y6067054,,,,0,30.0,0,0
75,11,19,12,26,Y6067055,,,,0,30.0,0,0
75,11,19,12,27,Y6067056,,,,0,30.0,0,0
75,11,19,12,28,Y6067057,,,,0,30.0,0,0
75,11,19,12,29,Y6067058,,,,0,30.0,0,0
75,11,19,12,30,Y6067059,,,,0,30.0,0,0
75,11,20,1,10,Y6067060,,,,0,30.0,0,0
75,11,20,1,11,Y6067061,,,,0,30.0,0,0
75,11,20,1,12,Y6067062,,,,0,30.0,0,0
75,11,20,1,13,Y6067063,,,,0,30.0,0,0
75,11,20,1,14,Y6067064,,,,0,30.0,0,0
75,11,20,1,15,Y6067065,,,,0,30.0,0,0
75,11,20,1,16,Y6067066,,,,0,30.0,0,0
75,11,20,1,17,Y6067067,,,,0,30.0,0,0
75,11,20,1,18,Y6067068,,,,0,30.0,0,0
75,11,20,1,19,Y6067069,,,,0,30.0,0,0
75,11,20,1,20,Y6067070,,,,0,30.0,0,0
75,11,20,1,21,Y6067071,,,,0,30.0,0,0
75,11,20,1,22,Y6067072,,,,0,30.0,0,0
75,11,20,1,23,Y6067073,,,,0,30.0,0,0
75,11,20,1,24,Y6067074,,,,0,30.0,0,0
75,11,20,1,25,Y6067075,,,,0,30.0,0,0
75,11,20,1,26,Y6067076,,,,0,30.0,0,0
75,11,20,1,27,Y6067077,,,,0,30.0,0,0
75,11,20,1,28,Y6067078,,,,0,30.0,0,0
75,11,20,1,29,Y6067079,,,,0,30.0,0,0
75,11,20,1,30,Y6067080,,,,0,30.0,0,0
75,11,20,2,10,Y6067081,,,,0,30.0,0,0
75,11,20,2,11,Y6067082,,,,0,30.0,0,0
75,11,20,2,12,Y6067083,,,,0,30.0,0,0
75,11,20,2,13,Y6067084,,,,0,30.0,0,0
75,11,20,2,14,Y6067085,,,,0,30.0,0,0
75,11,20,2,15,Y6067086,,,,0,30.0,0,0
75,11,20,2,16,Y6067087,,,,0,30.0,0,0
75,11,20,2,17,Y6067088,,,,0,30.0,0,0
75,11,20,2,18,Y6067089,,,,0,30.0,0,0
75,11,20,2,19,Y6067090,,,,0,30.0,0,0
75,11,20,2,20,Y6067091,,,,0,30.0,0,0
75,11,20,2,21,Y6067092,,,,0,30.0,0,0
75,11,20,2,22,Y6067093,,,,0,30.0,0,0
75,11,20,2,23,Y6067094,,,,0,30.0,0,0
75,11,20,2,24,Y6067095,,,,0,30.0,0,0
75,11,20,2,25,Y6067096,,,,0,30.0,0,0
75,11,20,2,26,Y6067097,,,,0,30.0,0,0
75,11,20,2,27,Y6067098,,,,0,30.0,0,0
75,11,20,2,28,Y6067099,,,,0,30.0,0,0
75,11,20,2,29,Y6067100,,,,0,30.0,0,0
75,11,20,2,30,Y6067101,,,,0,30.0,0,0
75,11,20,3,10,Y6067102,,,,0,30.0,0,0
75,11,20,3,11,Y6067103,,,,0,30.0,0,0
75,11,20,3,12,Y6067104,,,,0,30.0,0,0
75,11,20,3,13,Y6067105,,,,0,30.0,0,0
75,11,20,3,14,Y6067106,,,,0,30.0,0,0
75,11,20,3,15,Y6067107,,,,0,30.0,0,0
75,11,20,3,16,Y6067108,,,,0,30.0,0,0
75,11,20,3,17,Y6067109,,,,0,30.0,0,0
75,11,20,3,18,Y6067110,,,,0,30.0,0,0
75,11,20,3,19,Y6067111,,,,0,30.0,0,0
75,11,20,3,20,Y6067112,,,,0,30.0,0,0
75,11,20,3,21,Y6067113,,,,0,30.0,0,0
75,11,20,3,22,Y6067114,,,,0,30.0,0,0
75,11,20,3,23,Y6067115,,,,0,30.0,0,0
75,11,20,3,24,Y6067116,,,,0,30.0,0,0
75,11,20,3,25,Y6067117,,,,0,30.0,0,0
75,11,20,3,26,Y6067118,,,,0,30.0,0,0
75,11,20,3,27,Y6067119,,,,0,30.0,0,0
75,11,20,3,28,Y6067120,,,,0,30.0,0,0
75,11,20,3,29,Y6067121,,,,0,30.0,0,0
75,11,20,3,30,Y6067122,,,,0,30.0,0,0
75,11,20,4,10,Y6067123,,,,0,30.0,0,0
75,11,20,4,11,Y6067124,,,,0,30.0,0,0
75,11,20,4,12,Y6067125,,,,0,30.0,0,0
75,11,20,4,13,Y6067126,,,,0,30.0,0,0
75,11,20,4,14,Y6067127,,,,0,30.0,0,0
75,11,20,4,15,Y6067128,,,,0,30.0,0,0
75,11,20,4,16,Y6067129,,,,0,30.0,0,0
75,11,20,4,17,Y6067130,,,,0,30.0,0,0
75,11,20,4,18,Y6067131,,,,0,30.0,0,0
75,11,20,4,19,Y6067132,,,,0,30.0,0,0
75,11,20,4,20,Y6067133,,,,0,30.0,0,0
75,11,20,4,21,Y6067134,,,,0,30.0,0,0
75,11,20,4,22,Y6067135,,,,0,30.0,0,0
75,11,20,4,23,Y6067136,,,,0,30.0,0,0
75,11,20,4,24,Y6067137,,,,0,30.0,0,0
75,11,20,4,25,Y6067138,,,,0,30.0,0,0
75,11,20,4,26,Y6067139,,,,0,30.0,0,0
75,11,20,4,27,Y6067140,,,,0,30.0,0,0
75,11,20,4,28,Y6067141,,,,0,30.0,0,0
75,11,20,4,29,Y6067142,,,,0,30.0,0,0
75,11,20,4,30,Y6067143,,,,0,30.0,0,0
75,11,20,5,10,Y6067144,,,,0,30.0,0,0
75,11,20,5,11,Y6067145,,,,0,30.0,0,0
75,11,20,5,12,Y6067146,,,,0,30.0,0,0
75,11,20,5,13,Y6067147,,,,0,30.0,0,0
75,11,20,5,14,Y6067148,,,,0,30.0,0,0
75,11,20,5,15,Y6067149,,,,0,30.0,0,0
75,11,20,5,16,Y6067150,,,,0,30.0,0,0
75,11,20,5,17,Y6067151,,,,0,30.0,0,0
75,11,20,5,18,Y6067152,,,,0,30.0,0,0
75,11,20,5,19,Y6067153,,,,0,30.0,0,0
75,11,20,5,20,Y6067154,,,,0,30.0,0,0
75,11,20,5,21,Y6067155,,,,0,30.0,0,0
75,11,20,5,22,Y6067156,,,,0,30.0,0,0
75,11,20,5,23,Y6067157,,,,0,30.0,0,0
75,11,20,5,24,Y6067158,,,,0,30.0,0,0
75,11,20,5,25,Y6067159,,,,0,30.0,0,0
75,11,20,5,26,Y6067160,,,,0,30.0,0,0
75,11,20,5,27,Y6067161,,,,0,30.0,0,0
75,11,20,5,28,Y6067162,,,,0,30.0,0,0
75,11,20,5,29,Y6067163,,,,0,30.0,0,0
75,11,20,5,30,Y6067164,,,,0,30.0,0,0
75,11,20,6,10,Y6067165,,,,0,30.0,0,0
75,11,20,6,11,Y6067166,,,,0,30.0,0,0
75,11,20,6,12,Y6067167,,,,0,30.0,0,0
75,11,20,6,13,Y6067168,,,,0,30.0,0,0
75,11,20,6,14,Y6067169,,,,0,30.0,0,0
75,11,20,6,15,Y6067170,,,,0,30.0,0,0
75,11,20,6,16,Y6067171,,,,0,30.0,0,0
75,11,20,6,17,Y6067172,,,,0,30.0,0,0
75,11,20,6,18,Y6067173,,,,0,30.0,0,0
75,11,20,6,19,Y6067174,,,,0,30.0,0,0
75,11,20,6,20,Y6067175,,,,0,30.0,0,0
75,11,20,6,21,Y6067176,,,,0,30.0,0,0
75,11,20,6,22,Y6067177,,,,0,30.0,0,0
75,11,20,6,23,Y6067178,,,,0,30.0,0,0
75,11,20,6,24,Y6067179,,,,0,30.0,0,0
75,11,20,6,25,Y6067180,,,,0,30.0,0,0
75,11,20,6,26,Y6067181,,,,0,30.0,0,0
75,11,20,6,27,Y6067182,,,,0,30.0,0,0
75,11,20,6,28,Y6067183,,,,0,30.0,0,0
75,11,20,6,29,Y6067184,,,,0,30.0,0,0
75,11,20,6,30,Y6067185,,,,0,30.0,0,0
75,11,20,7,10,Y6067186,,,,0,30.0,0,0
75,11,20,7,11,Y6067187,,,,0,30.0,0,0
75,11,20,7,12,Y6067188,,,,0,30.0,0,0
75,11,20,7,13,Y6067189,,,,0,30.0,0,0
75,11,20,7,14,Y6067190,,,,0,30.0,0,0
75,11,20,7,15,Y6067191,,,,0,30.0,0,0
75,11,20,7,16,Y6067192,,,,0,30.0,0,0
75,11,20,7,17,Y6067193,,,,0,30.0,0,0
75,11,20,7,18,Y6067194,,,,0,30.0,0,0
75,11,20,7,19,Y6067195,,,,0,30.0,0,0
75,11,20,7,20,Y6067196,,,,0,30.0,0,0
75,11,20,7,21,Y6067197,,,,0,30.0,0,0
75,11,20,7,22,Y6067198,,,,0,30.0,0,0
75,11,20,7,23,Y6067199,,,,0,30.0,0,0
75,11,20,7,24,Y6067200,,,,0,30.0,0,0
75,11,20,7,25,Y6067201,,,,0,30.0,0,0
75,11,20,7,26,Y6067202,,,,0,30.0,0,0
75,11,20,7,27,Y6067203,,,,0,30.0,0,0
75,11,20,7,28,Y6067204,,,,0,30.0,0,0
75,11,20,7,29,Y6067205,,,,0,30.0,0,0
75,11,20,7,30,Y6067206,,,,0,30.0,0,0
75,11,20,8,10,Y6067207,,,,0,30.0,0,0
75,11,20,8,11,Y6067208,,,,0,30.0,0,0
75,11,20,8,12,Y6067209,,,,0,30.0,0,0
75,11,20,8,13,Y6067210,,,,0,30.0,0,0
75,11,20,8,14,Y6067211,,,,0,30.0,0,0
75,11,20,8,15,Y6067212,,,,0,30.0,0,0
75,11,20,8,16,Y6067213,,,,0,30.0,0,0
75,11,20,8,17,Y6067214,,,,0,30.0,0,0
75,11,20,8,18,Y6067215,,,,0,30.0,0,0
75,11,20,8,19,Y6067216,,,,0,30.0,0,0
75,11,20,8,20,Y6067217,,,,0,30.0,0,0
75,11,20,8,21,Y6067218,,,,0,30.0,0,0
75,11,20,8,22,Y6067219,,,,0,30.0,0,0
75,11,20,8,23,Y6067220,,,,0,30.0,0,0
75,11,20,8,24,Y6067221,,,,0,30.0,0,0
75,11,20,8,25,Y6067222,,,,0,30.0,0,0
75,11,20,8,26,Y6067223,,,,0,30.0,0,0
75,11,20,8,27,Y6067224,,,,0,30.0,0,0
75,11,20,8,28,Y6067225,,,,0,30.0,0,0
75,11,20,8,29,Y6067226,,,,0,30.0,0,0
75,11,20,8,30,Y6067227,,,,0,30.0,0,0
75,11,20,9,10,Y6067228,,,,0,30.0,0,0
75,11,20,9,11,Y6067229,,,,0,30.0,0,0
75,11,20,9,12,Y6067230,,,,0,30.0,0,0
75,11,20,9,13,Y6067231,,,,0,30.0,0,0
75,11,20,9,14,Y6067232,,,,0,30.0,0,0
75,11,20,9,15,Y6067233,,,,0,30.0,0,0
75,11,20,9,16,Y6067234,,,,0,30.0,0,0
75,11,20,9,17,Y6067235,,,,0,30.0,0,0
75,11,20,9,18,Y6067236,,,,0,30.0,0,0
75,11,20,9,19,Y6067237,,,,0,30.0,0,0
75,11,20,9,20,Y6067238,,,,0,30.0,0,0
75,11,20,9,21,Y6067239,,,,0,30.0,0,0
75,11,20,9,22,Y6067240,,,,0,30.0,0,0
75,11,20,9,23,Y6067241,,,,0,30.0,0,0
75,11,20,9,24,Y6067242,,,,0,30.0,0,0
75,11,20,9,25,Y6067243,,,,0,30.0,0,0
75,11,20,9,26,Y6067244,,,,0,30.0,0,0
75,11,20,9,27,Y6067245,,,,0,30.0,0,0
75,11,20,9,28,Y6067246,,,,0,30.0,0,0
75,11,20,9,29,Y6067247,,,,0,30.0,0,0
75,11,20,9,30,Y6067248,,,,0,30.0,0,0
75,11,20,10,10,Y6067249,,,,0,30.0,0,0
75,11,20,10,11,Y6067250,,,,0,30.0,0,0
75,11,20,10,12,Y6067251,,,,0,30.0,0,0
75,11,20,10,13,Y6067252,,,,0,30.0,0,0
75,11,20,10,14,Y6067253,,,,0,30.0,0,0
75,11,20,10,15,Y6067254,,,,0,30.0,0,0
75,11,20,10,16,Y6067255,,,,0,30.0,0,0
75,11,20,10,17,Y6067256,,,,0,30.0,0,0
75,11,20,10,18,Y6067257,,,,0,30.0,0,0
75,11,20,10,19,Y6067258,,,,0,30.0,0,0
75,11,20,10,20,Y6067259,,,,0,30.0,0,0
75,11,20,10,21,Y6067260,,,,0,30.0,0,0
75,11,20,10,22,Y6067261,,,,0,30.0,0,0
75,11,20,10,23,Y6067262,,,,0,30.0,0,0
75,11,20,10,24,Y6067263,,,,0,30.0,0,0
75,11,20,10,25,Y6067264,,,,0,30.0,0,0
75,11,20,10,26,Y6067265,,,,0,30.0,0,0
75,11,20,10,27,Y6067266,,,,0,30.0,0,0
75,11,20,10,28,Y6067267,,,,0,30.0,0,0
75,11,20,10,29,Y6067268,,,,0,30.0,0,0
75,11,20,10,30,Y6067269,,,,0,30.0,0,0
75,11,20,11,10,Y6067270,,,,0,30.0,0,0
75,11,20,11,11,Y6067271,,,,0,30.0,0,0
75,11,20,11,12,Y6067272,,,,0,30.0,0,0
75,11,20,11,13,Y6067273,,,,0,30.0,0,0
75,11,20,11,14,Y6067274,,,,0,30.0,0,0
75,11,20,11,15,Y6067275,,,,0,30.0,0,0
75,11,20,11,16,Y6067276,,,,0,30.0,0,0
75,11,20,11,17,Y6067277,,,,0,30.0,0,0
75,11,20,11,18,Y6067278,,,,0,30.0,0,0
75,11,20,11,19,Y6067279,,,,0,30.0,0,0
75,11,20,11,20,Y6067280,,,,0,30.0,0,0
75,11,20,11,21,Y6067281,,,,0,30.0,0,0
75,11,20,11,22,Y6067282,,,,0,30.0,0,0
75,11,20,11,23,Y6067283,,,,0,30.0,0,0
75,11,20,11,24,Y6067284,,,,0,30.0,0,0
75,11,20,11,25,Y6067285,,,,0,30.0,0,0
75,11,20,11,26,Y6067286,,,,0,30.0,0,0
75,11,20,11,27,Y6067287,,,,0,30.0,0,0
75,11,20,11,28,Y6067288,,,,0,30.0,0,0
75,11,20,11,29,Y6067289,,,,0,30.0,0,0
75,11,20,11,30,Y6067290,,,,0,30.0,0,0
75,11,20,12,10,Y6067291,,,,0,30.0,0,0
75,11,20,12,11,Y6067292,,,,0,30.0,0,0
75,11,20,12,12,Y6067293,,,,0,30.0,0,0
75,11,20,12,13,Y6067294,,,,0,30.0,0,0
75,11,20,12,14,Y6067295,,,,0,30.0,0,0
75,11,20,12,15,Y6067296,,,,0,30.0,0,0
75,11,20,12,16,Y6067297,,,,0,30.0,0,0
75,11,20,12,17,Y6067298,,,,0,30.0,0,0
75,11,20,12,18,Y6067299,,,,0,30.0,0,0
75,11,20,12,19,Y6067300,,,,0,30.0,0,0
75,11,20,12,20,Y6067301,,,,0,30.0,0,0
75,11,20,12,21,Y6067302,,,,0,30.0,0,0
75,11,20,12,22,Y6067303,,,,0,30.0,0,0
75,11,20,12,23,Y6067304,,,,0,30.0,0,0
75,11,20,12,24,Y6067305,,,,0,30.0,0,0
75,11,20,12,25,Y6067306,,,,0,30.0,0,0
75,11,20,12,26,Y6067307,,,,0,30.0,0,0
75,11,20,12,27,Y6067308,,,,0,30.0,0,0
75,11,20,12,28,Y6067309,,,,0,30.0,0,0
75,11,20,12,29,Y6067310,,,,0,30.0,0,0
75,11,20,12,30,Y6067311,,,,0,30.0,0,0
75,11,21,1,10,Y6067312,,,,0,30.0,0,0
75,11,21,1,11,Y6067313,,,,0,30.0,0,0
75,11,21,1,12,Y6067314,,,,0,30.0,0,0
75,11,21,1,13,Y6067315,,,,0,30.0,0,0
75,11,21,1,14,Y6067316,,,,0,30.0,0,0
75,11,21,1,15,Y6067317,,,,0,30.0,0,0
75,11,21,1,16,Y6067318,,,,0,30.0,0,0
75,11,21,1,17,Y6067319,,,,0,30.0,0,0
75,11,21,1,18,Y6067320,,,,0,30.0,0,0
75,11,21,1,19,Y6067321,,,,0,30.0,0,0
75,11,21,1,20,Y6067322,,,,0,30.0,0,0
75,11,21,1,21,Y6067323,,,,0,30.0,0,0
75,11,21,1,22,Y6067324,,,,0,30.0,0,0
75,11,21,1,23,Y6067325,,,,0,30.0,0,0
75,11,21,1,24,Y6067326,,,,0,30.0,0,0
75,11,21,1,25,Y6067327,,,,0,30.0,0,0
75,11,21,1,26,Y6067328,,,,0,30.0,0,0
75,11,21,1,27,Y6067329,,,,0,30.0,0,0
75,11,21,1,28,Y6067330,,,,0,30.0,0,0
75,11,21,1,29,Y6067331,,,,0,30.0,0,0
75,11,21,1,30,Y6067332,,,,0,30.0,0,0
75,11,21,2,10,Y6067333,,,,0,30.0,0,0
75,11,21,2,11,Y6067334,,,,0,30.0,0,0
75,11,21,2,12,Y6067335,,,,0,30.0,0,0
75,11,21,2,13,Y6067336,,,,0,30.0,0,0
75,11,21,2,14,Y6067337,,,,0,30.0,0,0
75,11,21,2,15,Y6067338,,,,0,30.0,0,0
75,11,21,2,16,Y6067339,,,,0,30.0,0,0
75,11,21,2,17,Y6067340,,,,0,30.0,0,0
75,11,21,2,18,Y6067341,,,,0,30.0,0,0
75,11,21,2,19,Y6067342,,,,0,30.0,0,0
75,11,21,2,20,Y6067343,,,,0,30.0,0,0
75,11,21,2,21,Y6067344,,,,0,30.0,0,0
75,11,21,2,22,Y6067345,,,,0,30.0,0,0
75,11,21,2,23,Y6067346,,,,0,30.0,0,0
75,11,21,2,24,Y6067347,,,,0,30.0,0,0
75,11,21,2,25,Y6067348,,,,0,30.0,0,0
75,11,21,2,26,Y6067349,,,,0,30.0,0,0
75,11,21,2,27,Y6067350,,,,0,30.0,0,0
75,11,21,2,28,Y6067351,,,,0,30.0,0,0
75,11,21,2,29,Y6067352,,,,0,30.0,0,0
75,11,21,2,30,Y6067353,,,,0,30.0,0,0
75,11,21,3,10,Y6067354,,,,0,30.0,0,0
75,11,21,3,11,Y6067355,,,,0,30.0,0,0
75,11,21,3,12,Y6067356,,,,0,30.0,0,0
75,11,21,3,13,Y6067357,,,,0,30.0,0,0
75,11,21,3,14,Y6067358,,,,0,30.0,0,0
75,11,21,3,15,Y6067359,,,,0,30.0,0,0
75,11,21,3,16,Y6067360,,,,0,30.0,0,0
75,11,21,3,17,Y6067361,,,,0,30.0,0,0
75,11,21,3,18,Y6067362,,,,0,30.0,0,0
75,11,21,3,19,Y6067363,,,,0,30.0,0,0
75,11,21,3,20,Y6067364,,,,0,30.0,0,0
75,11,21,3,21,Y6067365,,,,0,30.0,0,0
75,11,21,3,22,Y6067366,,,,0,30.0,0,0
75,11,21,3,23,Y6067367,,,,0,30.0,0,0
75,11,21,3,24,Y6067368,,,,0,30.0,0,0
75,11,21,3,25,Y6067369,,,,0,30.0,0,0
75,11,21,3,26,Y6067370,,,,0,30.0,0,0
75,11,21,3,27,Y6067371,,,,0,30.0,0,0
75,11,21,3,28,Y6067372,,,,0,30.0,0,0
75,11,21,3,29,Y6067373,,,,0,30.0,0,0
75,11,21,3,30,Y6067374,,,,0,30.0,0,0
75,11,21,4,10,Y6067375,,,,0,30.0,0,0
75,11,21,4,11,Y6067376,,,,0,30.0,0,0
75,11,21,4,12,Y6067377,,,,0,30.0,0,0
75,11,21,4,13,Y6067378,,,,0,30.0,0,0
75,11,21,4,14,Y6067379,,,,0,30.0,0,0
75,11,21,4,15,Y6067380,,,,0,30.0,0,0
75,11,21,4,16,Y6067381,,,,0,30.0,0,0
75,11,21,4,17,Y6067382,,,,0,30.0,0,0
75,11,21,4,18,Y6067383,,,,0,30.0,0,0
75,11,21,4,19,Y6067384,,,,0,30.0,0,0
75,11,21,4,20,Y6067385,,,,0,30.0,0,0
75,11,21,4,21,Y6067386,,,,0,30.0,0,0
75,11,21,4,22,Y6067387,,,,0,30.0,0,0
75,11,21,4,23,Y6067388,,,,0,30.0,0,0
75,11,21,4,24,Y6067389,,,,0,30.0,0,0
75,11,21,4,25,Y6067390,,,,0,30.0,0,0
75,11,21,4,26,Y6067391,,,,0,30.0,0,0
75,11,21,4,27,Y6067392,,,,0,30.0,0,0
75,11,21,4,28,Y6067393,,,,0,30.0,0,0
75,11,21,4,29,Y6067394,,,,0,30.0,0,0
75,11,21,4,30,Y6067395,,,,0,30.0,0,0
75,11,21,5,10,Y6067396,,,,0,30.0,0,0
75,11,21,5,11,Y6067397,,,,0,30.0,0,0
75,11,21,5,12,Y6067398,,,,0,30.0,0,0
75,11,21,5,13,Y6067399,,,,0,30.0,0,0
75,11,21,5,14,Y6067400,,,,0,30.0,0,0
75,11,21,5,15,Y6067401,,,,0,30.0,0,0
75,11,21,5,16,Y6067402,,,,0,30.0,0,0
75,11,21,5,17,Y6067403,,,,0,30.0,0,0
75,11,21,5,18,Y6067404,,,,0,30.0,0,0
75,11,21,5,19,Y6067405,,,,0,30.0,0,0
75,11,21,5,20,Y6067406,,,,0,30.0,0,0
75,11,21,5,21,Y6067407,,,,0,30.0,0,0
75,11,21,5,22,Y6067408,,,,0,30.0,0,0
75,11,21,5,23,Y6067409,,,,0,30.0,0,0
75,11,21,5,24,Y6067410,,,,0,30.0,0,0
75,11,21,5,25,Y6067411,,,,0,30.0,0,0
75,11,21,5,26,Y6067412,,,,0,30.0,0,0
75,11,21,5,27,Y6067413,,,,0,30.0,0,0
75,11,21,5,28,Y6067414,,,,0,30.0,0,0
75,11,21,5,29,Y6067415,,,,0,30.0,0,0
75,11,21,5,30,Y6067416,,,,0,30.0,0,0
75,11,21,6,10,Y6067417,,,,0,30.0,0,0
75,11,21,6,11,Y6067418,,,,0,30.0,0,0
75,11,21,6,12,Y6067419,,,,0,30.0,0,0
75,11,21,6,13,Y6067420,,,,0,30.0,0,0
75,11,21,6,14,Y6067421,,,,0,30.0,0,0
75,11,21,6,15,Y6067422,,,,0,30.0,0,0
75,11,21,6,16,Y6067423,,,,0,30.0,0,0
75,11,21,6,17,Y6067424,,,,0,30.0,0,0
75,11,21,6,18,Y6067425,,,,0,30.0,0,0
75,11,21,6,19,Y6067426,,,,0,30.0,0,0
75,11,21,6,20,Y6067427,,,,0,30.0,0,0
75,11,21,6,21,Y6067428,,,,0,30.0,0,0
75,11,21,6,22,Y6067429,,,,0,30.0,0,0
75,11,21,6,23,Y6067430,,,,0,30.0,0,0
75,11,21,6,24,Y6067431,,,,0,30.0,0,0
75,11,21,6,25,Y6067432,,,,0,30.0,0,0
75,11,21,6,26,Y6067433,,,,0,30.0,0,0
75,11,21,6,27,Y6067434,,,,0,30.0,0,0
75,11,21,6,28,Y6067435,,,,0,30.0,0,0
75,11,21,6,29,Y6067436,,,,0,30.0,0,0
75,11,21,6,30,Y6067437,,,,0,30.0,0,0
75,11,21,7,10,Y6067438,,,,0,30.0,0,0
75,11,21,7,11,Y6067439,,,,0,30.0,0,0
75,11,21,7,12,Y6067440,,,,0,30.0,0,0
75,11,21,7,13,Y6067441,,,,0,30.0,0,0
75,11,21,7,14,Y6067442,,,,0,30.0,0,0
75,11,21,7,15,Y6067443,,,,0,30.0,0,0
75,11,21,7,16,Y6067444,,,,0,30.0,0,0
75,11,21,7,17,Y6067445,,,,0,30.0,0,0
75,11,21,7,18,Y6067446,,,,0,30.0,0,0
75,11,21,7,19,Y6067447,,,,0,30.0,0,0
75,11,21,7,20,Y6067448,,,,0,30.0,0,0
75,11,21,7,21,Y6067449,,,,0,30.0,0,0
75,11,21,7,22,Y6067450,,,,0,30.0,0,0
75,11,21,7,23,Y6067451,,,,0,30.0,0,0
75,11,21,7,24,Y6067452,,,,0,30.0,0,0
75,11,21,7,25,Y6067453,,,,0,30.0,0,0
75,11,21,7,26,Y6067454,,,,0,30.0,0,0
75,11,21,7,27,Y6067455,,,,0,30.0,0,0
75,11,21,7,28,Y6067456,,,,0,30.0,0,0
75,11,21,7,29,Y6067457,,,,0,30.0,0,0
75,11,21,7,30,Y6067458,,,,0,30.0,0,0
75,11,21,8,10,Y6067459,,,,0,30.0,0,0
75,11,21,8,11,Y6067460,,,,0,30.0,0,0
75,11,21,8,12,Y6067461,,,,0,30.0,0,0
75,11,21,8,13,Y6067462,,,,0,30.0,0,0
75,11,21,8,14,Y6067463,,,,0,30.0,0,0
75,11,21,8,15,Y6067464,,,,0,30.0,0,0
75,11,21,8,16,Y6067465,,,,0,30.0,0,0
75,11,21,8,17,Y6067466,,,,0,30.0,0,0
75,11,21,8,18,Y6067467,,,,0,30.0,0,0
75,11,21,8,19,Y6067468,,,,0,30.0,0,0
75,11,21,8,20,Y6067469,,,,0,30.0,0,0
75,11,21,8,21,Y6067470,,,,0,30.0,0,0
75,11,21,8,22,Y6067471,,,,0,30.0,0,0
75,11,21,8,23,Y6067472,,,,0,30.0,0,0
75,11,21,8,24,Y6067473,,,,0,30.0,0,0
75,11,21,8,25,Y6067474,,,,0,30.0,0,0
75,11,21,8,26,Y6067475,,,,0,30.0,0,0
75,11,21,8,27,Y6067476,,,,0,30.0,0,0
75,11,21,8,28,Y6067477,,,,0,30.0,0,0
75,11,21,8,29,Y6067478,,,,0,30.0,0,0
75,11,21,8,30,Y6067479,,,,0,30.0,0,0
75,11,21,9,10,Y6067480,,,,0,30.0,0,0
75,11,21,9,11,Y6067481,,,,0,30.0,0,0
75,11,21,9,12,Y6067482,,,,0,30.0,0,0
75,11,21,9,13,Y6067483,,,,0,30.0,0,0
75,11,21,9,14,Y6067484,,,,0,30.0,0,0
75,11,21,9,15,Y6067485,,,,0,30.0,0,0
75,11,21,9,16,Y6067486,,,,0,30.0,0,0
75,11,21,9,17,Y6067487,,,,0,30.0,0,0
75,11,21,9,18,Y6067488,,,,0,30.0,0,0
75,11,21,9,19,Y6067489,,,,0,30.0,0,0
75,11,21,9,20,Y6067490,,,,0,30.0,0,0
75,11,21,9,21,Y6067491,,,,0,30.0,0,0
75,11,21,9,22,Y6067492,,,,0,30.0,0,0
75,11,21,9,23,Y6067493,,,,0,30.0,0,0
75,11,21,9,24,Y6067494,,,,0,30.0,0,0
75,11,21,9,25,Y6067495,,,,0,30.0,0,0
75,11,21,9,26,Y6067496,,,,0,30.0,0,0
75,11,21,9,27,Y6067497,,,,0,30.0,0,0
75,11,21,9,28,Y6067498,,,,0,30.0,0,0
75,11,21,9,29,Y6067499,,,,0,30.0,0,0
75,11,21,9,30,Y6067500,,,,0,30.0,0,0
75,11,21,10,10,Y6067501,,,,0,30.0,0,0
75,11,21,10,11,Y6067502,,,,0,30.0,0,0
75,11,21,10,12,Y6067503,,,,0,30.0,0,0
75,11,21,10,13,Y6067504,,,,0,30.0,0,0
75,11,21,10,14,Y6067505,,,,0,30.0,0,0
75,11,21,10,15,Y6067506,,,,0,30.0,0,0
75,11,21,10,16,Y6067507,,,,0,30.0,0,0
75,11,21,10,17,Y6067508,,,,0,30.0,0,0
75,11,21,10,18,Y6067509,,,,0,30.0,0,0
75,11,21,10,19,Y6067510,,,,0,30.0,0,0
75,11,21,10,20,Y6067511,,,,0,30.0,0,0
75,11,21,10,21,Y6067512,,,,0,30.0,0,0
75,11,21,10,22,Y6067513,,,,0,30.0,0,0
75,11,21,10,23,Y6067514,,,,0,30.0,0,0
75,11,21,10,24,Y6067515,,,,0,30.0,0,0
75,11,21,10,25,Y6067516,,,,0,30.0,0,0
75,11,21,10,26,Y6067517,,,,0,30.0,0,0
75,11,21,10,27,Y6067518,,,,0,30.0,0,0
75,11,21,10,28,Y6067519,,,,0,30.0,0,0
75,11,21,10,29,Y6067520,,,,0,30.0,0,0
75,11,21,10,30,Y6067521,,,,0,30.0,0,0
75,11,21,11,10,Y6067522,,,,0,30.0,0,0
75,11,21,11,11,Y6067523,,,,0,30.0,0,0
75,11,21,11,12,Y6067524,,,,0,30.0,0,0
75,11,21,11,13,Y6067525,,,,0,30.0,0,0
75,11,21,11,14,Y6067526,,,,0,30.0,0,0
75,11,21,11,15,Y6067527,,,,0,30.0,0,0
75,11,21,11,16,Y6067528,,,,0,30.0,0,0
75,11,21,11,17,Y6067529,,,,0,30.0,0,0
75,11,21,11,18,Y6067530,,,,0,30.0,0,0
75,11,21,11,19,Y6067531,,,,0,30.0,0,0
75,11,21,11,20,Y6067532,,,,0,30.0,0,0
75,11,21,11,21,Y6067533,,,,0,30.0,0,0
75,11,21,11,22,Y6067534,,,,0,30.0,0,0
75,11,21,11,23,Y6067535,,,,0,30.0,0,0
75,11,21,11,24,Y6067536,,,,0,30.0,0,0
75,11,21,11,25,Y6067537,,,,0,30.0,0,0
75,11,21,11,26,Y6067538,,,,0,30.0,0,0
75,11,21,11,27,Y6067539,,,,0,30.0,0,0
75,11,21,11,28,Y6067540,,,,0,30.0,0,0
75,11,21,11,29,Y6067541,,,,0,30.0,0,0
75,11,21,11,30,Y6067542,,,,0,30.0,0,0
75,11,21,12,10,Y6067543,,,,0,30.0,0,0
75,11,21,12,11,Y6067544,,,,0,30.0,0,0
75,11,21,12,12,Y6067545,,,,0,30.0,0,0
75,11,21,12,13,Y6067546,,,,0,30.0,0,0
75,11,21,12,14,Y6067547,,,,0,30.0,0,0
75,11,21,12,15,Y6067548,,,,0,30.0,0,0
75,11,21,12,16,Y6067549,,,,0,30.0,0,0
75,11,21,12,17,Y6067550,,,,0,30.0,0,0
75,11,21,12,18,Y6067551,,,,0,30.0,0,0
75,11,21,12,19,Y6067552,,,,0,30.0,0,0
75,11,21,12,20,Y6067553,,,,0,30.0,0,0
75,11,21,12,21,Y6067554,,,,0,30.0,0,0
75,11,21,12,22,Y6067555,,,,0,30.0,0,0
75,11,21,12,23,Y6067556,,,,0,30.0,0,0
75,11,21,12,24,Y6067557,,,,0,30.0,0,0
75,11,21,12,25,Y6067558,,,,0,30.0,0,0
75,11,21,12,26,Y6067559,,,,0,30.0,0,0
75,11,21,12,27,Y6067560,,,,0,30.0,0,0
75,11,21,12,28,Y6067561,,,,0,30.0,0,0
75,11,21,12,29,Y6067562,,,,0,30.0,0,0
75,11,21,12,30,Y6067563,,,,0,30.0,0,0
75,11,22,1,10,Y6067564,,,,0,30.0,0,0
75,11,22,1,11,Y6067565,,,,0,30.0,0,0
75,11,22,1,12,Y6067566,,,,0,30.0,0,0
75,11,22,1,13,Y6067567,,,,0,30.0,0,0
75,11,22,1,14,Y6067568,,,,0,30.0,0,0
75,11,22,1,15,Y6067569,,,,0,30.0,0,0
75,11,22,1,16,Y6067570,,,,0,30.0,0,0
75,11,22,1,17,Y6067571,,,,0,30.0,0,0
75,11,22,1,18,Y6067572,,,,0,30.0,0,0
75,11,22,1,19,Y6067573,,,,0,30.0,0,0
75,11,22,1,20,Y6067574,,,,0,30.0,0,0
75,11,22,1,21,Y6067575,,,,0,30.0,0,0
75,11,22,1,22,Y6067576,,,,0,30.0,0,0
75,11,22,1,23,Y6067577,,,,0,30.0,0,0
75,11,22,1,24,Y6067578,,,,0,30.0,0,0
75,11,22,1,25,Y6067579,,,,0,30.0,0,0
75,11,22,1,26,Y6067580,,,,0,30.0,0,0
75,11,22,1,27,Y6067581,,,,0,30.0,0,0
75,11,22,1,28,Y6067582,,,,0,30.0,0,0
75,11,22,1,29,Y6067583,,,,0,30.0,0,0
75,11,22,1,30,Y6067584,,,,0,30.0,0,0
75,11,22,2,10,Y6067585,,,,0,30.0,0,0
75,11,22,2,11,Y6067586,,,,0,30.0,0,0
75,11,22,2,12,Y6067587,,,,0,30.0,0,0
75,11,22,2,13,Y6067588,,,,0,30.0,0,0
75,11,22,2,14,Y6067589,,,,0,30.0,0,0
75,11,22,2,15,Y6067590,,,,0,30.0,0,0
75,11,22,2,16,Y6067591,,,,0,30.0,0,0
75,11,22,2,17,Y6067592,,,,0,30.0,0,0
75,11,22,2,18,Y6067593,,,,0,30.0,0,0
75,11,22,2,19,Y6067594,,,,0,30.0,0,0
75,11,22,2,20,Y6067595,,,,0,30.0,0,0
75,11,22,2,21,Y6067596,,,,0,30.0,0,0
75,11,22,2,22,Y6067597,,,,0,30.0,0,0
75,11,22,2,23,Y6067598,,,,0,30.0,0,0
75,11,22,2,24,Y6067599,,,,0,30.0,0,0
75,11,22,2,25,Y6067600,,,,0,30.0,0,0
75,11,22,2,26,Y6067601,,,,0,30.0,0,0
75,11,22,2,27,Y6067602,,,,0,30.0,0,0
75,11,22,2,28,Y6067603,,,,0,30.0,0,0
75,11,22,2,29,Y6067604,,,,0,30.0,0,0
75,11,22,2,30,Y6067605,,,,0,30.0,0,0
75,11,22,3,10,Y6067606,,,,0,30.0,0,0
75,11,22,3,11,Y6067607,,,,0,30.0,0,0
75,11,22,3,12,Y6067608,,,,0,30.0,0,0
75,11,22,3,13,Y6067609,,,,0,30.0,0,0
75,11,22,3,14,Y6067610,,,,0,30.0,0,0
75,11,22,3,15,Y6067611,,,,0,30.0,0,0
75,11,22,3,16,Y6067612,,,,0,30.0,0,0
75,11,22,3,17,Y6067613,,,,0,30.0,0,0
75,11,22,3,18,Y6067614,,,,0,30.0,0,0
75,11,22,3,19,Y6067615,,,,0,30.0,0,0
75,11,22,3,20,Y6067616,,,,0,30.0,0,0
75,11,22,3,21,Y6067617,,,,0,30.0,0,0
75,11,22,3,22,Y6067618,,,,0,30.0,0,0
75,11,22,3,23,Y6067619,,,,0,30.0,0,0
75,11,22,3,24,Y6067620,,,,0,30.0,0,0
75,11,22,3,25,Y6067621,,,,0,30.0,0,0
75,11,22,3,26,Y6067622,,,,0,30.0,0,0
75,11,22,3,27,Y6067623,,,,0,30.0,0,0
75,11,22,3,28,Y6067624,,,,0,30.0,0,0
75,11,22,3,29,Y6067625,,,,0,30.0,0,0
75,11,22,3,30,Y6067626,,,,0,30.0,0,0
75,11,22,4,10,Y6067627,,,,0,30.0,0,0
75,11,22,4,11,Y6067628,,,,0,30.0,0,0
75,11,22,4,12,Y6067629,,,,0,30.0,0,0
75,11,22,4,13,Y6067630,,,,0,30.0,0,0
75,11,22,4,14,Y6067631,,,,0,30.0,0,0
75,11,22,4,15,Y6067632,,,,0,30.0,0,0
75,11,22,4,16,Y6067633,,,,0,30.0,0,0
75,11,22,4,17,Y6067634,,,,0,30.0,0,0
75,11,22,4,18,Y6067635,,,,0,30.0,0,0
75,11,22,4,19,Y6067636,,,,0,30.0,0,0
75,11,22,4,20,Y6067637,,,,0,30.0,0,0
75,11,22,4,21,Y6067638,,,,0,30.0,0,0
75,11,22,4,22,Y6067639,,,,0,30.0,0,0
75,11,22,4,23,Y6067640,,,,0,30.0,0,0
75,11,22,4,24,Y6067641,,,,0,30.0,0,0
75,11,22,4,25,Y6067642,,,,0,30.0,0,0
75,11,22,4,26,Y6067643,,,,0,30.0,0,0
75,11,22,4,27,Y6067644,,,,0,30.0,0,0
75,11,22,4,28,Y6067645,,,,0,30.0,0,0
75,11,22,4,29,Y6067646,,,,0,30.0,0,0
75,11,22,4,30,Y6067647,,,,0,30.0,0,0
75,11,22,5,10,Y6067648,,,,0,30.0,0,0
75,11,22,5,11,Y6067649,,,,0,30.0,0,0
75,11,22,5,12,Y6067650,,,,0,30.0,0,0
75,11,22,5,13,Y6067651,,,,0,30.0,0,0
75,11,22,5,14,Y6067652,,,,0,30.0,0,0
75,11,22,5,15,Y6067653,,,,0,30.0,0,0
75,11,22,5,16,Y6067654,,,,0,30.0,0,0
75,11,22,5,17,Y6067655,,,,0,30.0,0,0
75,11,22,5,18,Y6067656,,,,0,30.0,0,0
75,11,22,5,19,Y6067657,,,,0,30.0,0,0
75,11,22,5,20,Y6067658,,,,0,30.0,0,0
75,11,22,5,21,Y6067659,,,,0,30.0,0,0
75,11,22,5,22,Y6067660,,,,0,30.0,0,0
75,11,22,5,23,Y6067661,,,,0,30.0,0,0
75,11,22,5,24,Y6067662,,,,0,30.0,0,0
75,11,22,5,25,Y6067663,,,,0,30.0,0,0
75,11,22,5,26,Y6067664,,,,0,30.0,0,0
75,11,22,5,27,Y6067665,,,,0,30.0,0,0
75,11,22,5,28,Y6067666,,,,0,30.0,0,0
75,11,22,5,29,Y6067667,,,,0,30.0,0,0
75,11,22,5,30,Y6067668,,,,0,30.0,0,0
75,11,22,6,10,Y6067669,,,,0,30.0,0,0
75,11,22,6,11,Y6067670,,,,0,30.0,0,0
75,11,22,6,12,Y6067671,,,,0,30.0,0,0
75,11,22,6,13,Y6067672,,,,0,30.0,0,0
75,11,22,6,14,Y6067673,,,,0,30.0,0,0
75,11,22,6,15,Y6067674,,,,0,30.0,0,0
75,11,22,6,16,Y6067675,,,,0,30.0,0,0
75,11,22,6,17,Y6067676,,,,0,30.0,0,0
75,11,22,6,18,Y6067677,,,,0,30.0,0,0
75,11,22,6,19,Y6067678,,,,0,30.0,0,0
75,11,22,6,20,Y6067679,,,,0,30.0,0,0
75,11,22,6,21,Y6067680,,,,0,30.0,0,0
75,11,22,6,22,Y6067681,,,,0,30.0,0,0
75,11,22,6,23,Y6067682,,,,0,30.0,0,0
75,11,22,6,24,Y6067683,,,,0,30.0,0,0
75,11,22,6,25,Y6067684,,,,0,30.0,0,0
75,11,22,6,26,Y6067685,,,,0,30.0,0,0
75,11,22,6,27,Y6067686,,,,0,30.0,0,0
75,11,22,6,28,Y6067687,,,,0,30.0,0,0
75,11,22,6,29,Y6067688,,,,0,30.0,0,0
75,11,22,6,30,Y6067689,,,,0,30.0,0,0
75,11,22,7,10,Y6067690,,,,0,30.0,0,0
75,11,22,7,11,Y6067691,,,,0,30.0,0,0
75,11,22,7,12,Y6067692,,,,0,30.0,0,0
75,11,22,7,13,Y6067693,,,,0,30.0,0,0
75,11,22,7,14,Y6067694,,,,0,30.0,0,0
75,11,22,7,15,Y6067695,,,,0,30.0,0,0
75,11,22,7,16,Y6067696,,,,0,30.0,0,0
75,11,22,7,17,Y6067697,,,,0,30.0,0,0
75,11,22,7,18,Y6067698,,,,0,30.0,0,0
75,11,22,7,19,Y6067699,,,,0,30.0,0,0
75,11,22,7,20,Y6067700,,,,0,30.0,0,0
75,11,22,7,21,Y6067701,,,,0,30.0,0,0
75,11,22,7,22,Y6067702,,,,0,30.0,0,0
75,11,22,7,23,Y6067703,,,,0,30.0,0,0
75,11,22,7,24,Y6067704,,,,0,30.0,0,0
75,11,22,7,25,Y6067705,,,,0,30.0,0,0
75,11,22,7,26,Y6067706,,,,0,30.0,0,0
75,11,22,7,27,Y6067707,,,,0,30.0,0,0
75,11,22,7,28,Y6067708,,,,0,30.0,0,0
75,11,22,7,29,Y6067709,,,,0,30.0,0,0
75,11,22,7,30,Y6067710,,,,0,30.0,0,0
75,11,22,8,10,Y6067711,,,,0,30.0,0,0
75,11,22,8,11,Y6067712,,,,0,30.0,0,0
75,11,22,8,12,Y6067713,,,,0,30.0,0,0
75,11,22,8,13,Y6067714,,,,0,30.0,0,0
75,11,22,8,14,Y6067715,,,,0,30.0,0,0
75,11,22,8,15,Y6067716,,,,0,30.0,0,0
75,11,22,8,16,Y6067717,,,,0,30.0,0,0
75,11,22,8,17,Y6067718,,,,0,30.0,0,0
75,11,22,8,18,Y6067719,,,,0,30.0,0,0
75,11,22,8,19,Y6067720,,,,0,30.0,0,0
75,11,22,8,20,Y6067721,,,,0,30.0,0,0
75,11,22,8,21,Y6067722,,,,0,30.0,0,0
75,11,22,8,22,Y6067723,,,,0,30.0,0,0
75,11,22,8,23,Y6067724,,,,0,30.0,0,0
75,11,22,8,24,Y6067725,,,,0,30.0,0,0
75,11,22,8,25,Y6067726,,,,0,30.0,0,0
75,11,22,8,26,Y6067727,,,,0,30.0,0,0
75,11,22,8,27,Y6067728,,,,0,30.0,0,0
75,11,22,8,28,Y6067729,,,,0,30.0,0,0
75,11,22,8,29,Y6067730,,,,0,30.0,0,0
75,11,22,8,30,Y6067731,,,,0,30.0,0,0
75,11,22,9,10,Y6067732,,,,0,30.0,0,0
75,11,22,9,11,Y6067733,,,,0,30.0,0,0
75,11,22,9,12,Y6067734,,,,0,30.0,0,0
75,11,22,9,13,Y6067735,,,,0,30.0,0,0
75,11,22,9,14,Y6067736,,,,0,30.0,0,0
75,11,22,9,15,Y6067737,,,,0,30.0,0,0
75,11,22,9,16,Y6067738,,,,0,30.0,0,0
75,11,22,9,17,Y6067739,,,,0,30.0,0,0
75,11,22,9,18,Y6067740,,,,0,30.0,0,0
75,11,22,9,19,Y6067741,,,,0,30.0,0,0
75,11,22,9,20,Y6067742,,,,0,30.0,0,0
75,11,22,9,21,Y6067743,,,,0,30.0,0,0
75,11,22,9,22,Y6067744,,,,0,30.0,0,0
75,11,22,9,23,Y6067745,,,,0,30.0,0,0
75,11,22,9,24,Y6067746,,,,0,30.0,0,0
75,11,22,9,25,Y6067747,,,,0,30.0,0,0
75,11,22,9,26,Y6067748,,,,0,30.0,0,0
75,11,22,9,27,Y6067749,,,,0,30.0,0,0
75,11,22,9,28,Y6067750,,,,0,30.0,0,0
75,11,22,9,29,Y6067751,,,,0,30.0,0,0
75,11,22,9,30,Y6067752,,,,0,30.0,0,0
75,11,22,10,10,Y6067753,,,,0,30.0,0,0
75,11,22,10,11,Y6067754,,,,0,30.0,0,0
75,11,22,10,12,Y6067755,,,,0,30.0,0,0
75,11,22,10,13,Y6067756,,,,0,30.0,0,0
75,11,22,10,14,Y6067757,,,,0,30.0,0,0
75,11,22,10,15,Y6067758,,,,0,30.0,0,0
75,11,22,10,16,Y6067759,,,,0,30.0,0,0
75,11,22,10,17,Y6067760,,,,0,30.0,0,0
75,11,22,10,18,Y6067761,,,,0,30.0,0,0
75,11,22,10,19,Y6067762,,,,0,30.0,0,0
75,11,22,10,20,Y6067763,,,,0,30.0,0,0
75,11,22,10,21,Y6067764,,,,0,30.0,0,0
75,11,22,10,22,Y6067765,,,,0,30.0,0,0
75,11,22,10,23,Y6067766,,,,0,30.0,0,0
75,11,22,10,24,Y6067767,,,,0,30.0,0,0
75,11,22,10,25,Y6067768,,,,0,30.0,0,0
75,11,22,10,26,Y6067769,,,,0,30.0,0,0
75,11,22,10,27,Y6067770,,,,0,30.0,0,0
75,11,22,10,28,Y6067771,,,,0,30.0,0,0
75,11,22,10,29,Y6067772,,,,0,30.0,0,0
75,11,22,10,30,Y6067773,,,,0,30.0,0,0
75,11,22,11,10,Y6067774,,,,0,30.0,0,0
75,11,22,11,11,Y6067775,,,,0,30.0,0,0
75,11,22,11,12,Y6067776,,,,0,30.0,0,0
75,11,22,11,13,Y6067777,,,,0,30.0,0,0
75,11,22,11,14,Y6067778,,,,0,30.0,0,0
75,11,22,11,15,Y6067779,,,,0,30.0,0,0
75,11,22,11,16,Y6067780,,,,0,30.0,0,0
75,11,22,11,17,Y6067781,,,,0,30.0,0,0
75,11,22,11,18,Y6067782,,,,0,30.0,0,0
75,11,22,11,19,Y6067783,,,,0,30.0,0,0
75,11,22,11,20,Y6067784,,,,0,30.0,0,0
75,11,22,11,21,Y6067785,,,,0,30.0,0,0
75,11,22,11,22,Y6067786,,,,0,30.0,0,0
75,11,22,11,23,Y6067787,,,,0,30.0,0,0
75,11,22,11,24,Y6067788,,,,0,30.0,0,0
75,11,22,11,25,Y6067789,,,,0,30.0,0,0
75,11,22,11,26,Y6067790,,,,0,30.0,0,0
75,11,22,11,27,Y6067791,,,,0,30.0,0,0
75,11,22,11,28,Y6067792,,,,0,30.0,0,0
75,11,22,11,29,Y6067793,,,,0,30.0,0,0
75,11,22,11,30,Y6067794,,,,0,30.0,0,0
75,11,22,12,10,Y6067795,,,,0,30.0,0,0
75,11,22,12,11,Y6067796,,,,0,30.0,0,0
75,11,22,12,12,Y6067797,,,,0,30.0,0,0
75,11,22,12,13,Y6067798,,,,0,30.0,0,0
75,11,22,12,14,Y6067799,,,,0,30.0,0,0
75,11,22,12,15,Y6067800,,,,0,30.0,0,0
75,11,22,12,16,Y6067801,,,,0,30.0,0,0
75,11,22,12,17,Y6067802,,,,0,30.0,0,0
75,11,22,12,18,Y6067803,,,,0,30.0,0,0
75,11,22,12,19,Y6067804,,,,0,30.0,0,0
75,11,22,12,20,Y6067805,,,,0,30.0,0,0
75,11,22,12,21,Y6067806,,,,0,30.0,0,0
75,11,22,12,22,Y6067807,,,,0,30.0,0,0
75,11,22,12,23,Y6067808,,,,0,30.0,0,0
75,11,22,12,24,Y6067809,,,,0,30.0,0,0
75,11,22,12,25,Y6067810,,,,0,30.0,0,0
75,11,22,12,26,Y6067811,,,,0,30.0,0,0
75,11,22,12,27,Y6067812,,,,0,30.0,0,0
75,11,22,12,28,Y6067813,,,,0,30.0,0,0
75,11,22,12,29,Y6067814,,,,0,30.0,0,0
75,11,22,12,30,Y6067815,,,,0,30.0,0,0
75,11,23,1,10,Y6067816,,,,0,30.0,0,0
75,11,23,1,11,Y6067817,,,,0,30.0,0,0
75,11,23,1,12,Y6067818,,,,0,30.0,0,0
75,11,23,1,13,Y6067819,,,,0,30.0,0,0
75,11,23,1,14,Y6067820,,,,0,30.0,0,0
75,11,23,1,15,Y6067821,,,,0,30.0,0,0
75,11,23,1,16,Y6067822,,,,0,30.0,0,0
75,11,23,1,17,Y6067823,,,,0,30.0,0,0
75,11,23,1,18,Y6067824,,,,0,30.0,0,0
75,11,23,1,19,Y6067825,,,,0,30.0,0,0
75,11,23,1,20,Y6067826,,,,0,30.0,0,0
75,11,23,1,21,Y6067827,,,,0,30.0,0,0
75,11,23,1,22,Y6067828,,,,0,30.0,0,0
75,11,23,1,23,Y6067829,,,,0,30.0,0,0
75,11,23,1,24,Y6067830,,,,0,30.0,0,0
75,11,23,1,25,Y6067831,,,,0,30.0,0,0
75,11,23,1,26,Y6067832,,,,0,30.0,0,0
75,11,23,1,27,Y6067833,,,,0,30.0,0,0
75,11,23,1,28,Y6067834,,,,0,30.0,0,0
75,11,23,1,29,Y6067835,,,,0,30.0,0,0
75,11,23,1,30,Y6067836,,,,0,30.0,0,0
75,11,23,2,10,Y6067837,,,,0,30.0,0,0
75,11,23,2,11,Y6067838,,,,0,30.0,0,0
75,11,23,2,12,Y6067839,,,,0,30.0,0,0
75,11,23,2,13,Y6067840,,,,0,30.0,0,0
75,11,23,2,14,Y6067841,,,,0,30.0,0,0
75,11,23,2,15,Y6067842,,,,0,30.0,0,0
75,11,23,2,16,Y6067843,,,,0,30.0,0,0
75,11,23,2,17,Y6067844,,,,0,30.0,0,0
75,11,23,2,18,Y6067845,,,,0,30.0,0,0
75,11,23,2,19,Y6067846,,,,0,30.0,0,0
75,11,23,2,20,Y6067847,,,,0,30.0,0,0
75,11,23,2,21,Y6067848,,,,0,30.0,0,0
75,11,23,2,22,Y6067849,,,,0,30.0,0,0
75,11,23,2,23,Y6067850,,,,0,30.0,0,0
75,11,23,2,24,Y6067851,,,,0,30.0,0,0
75,11,23,2,25,Y6067852,,,,0,30.0,0,0
75,11,23,2,26,Y6067853,,,,0,30.0,0,0
75,11,23,2,27,Y6067854,,,,0,30.0,0,0
75,11,23,2,28,Y6067855,,,,0,30.0,0,0
75,11,23,2,29,Y6067856,,,,0,30.0,0,0
75,11,23,2,30,Y6067857,,,,0,30.0,0,0
75,11,23,3,10,Y6067858,,,,0,30.0,0,0
75,11,23,3,11,Y6067859,,,,0,30.0,0,0
75,11,23,3,12,Y6067860,,,,0,30.0,0,0
75,11,23,3,13,Y6067861,,,,0,30.0,0,0
75,11,23,3,14,Y6067862,,,,0,30.0,0,0
75,11,23,3,15,Y6067863,,,,0,30.0,0,0
75,11,23,3,16,Y6067864,,,,0,30.0,0,0
75,11,23,3,17,Y6067865,,,,0,30.0,0,0
75,11,23,3,18,Y6067866,,,,0,30.0,0,0
75,11,23,3,19,Y6067867,,,,0,30.0,0,0
75,11,23,3,20,Y6067868,,,,0,30.0,0,0
75,11,23,3,21,Y6067869,,,,0,30.0,0,0
75,11,23,3,22,Y6067870,,,,0,30.0,0,0
75,11,23,3,23,Y6067871,,,,0,30.0,0,0
75,11,23,3,24,Y6067872,,,,0,30.0,0,0
75,11,23,3,25,Y6067873,,,,0,30.0,0,0
75,11,23,3,26,Y6067874,,,,0,30.0,0,0
75,11,23,3,27,Y6067875,,,,0,30.0,0,0
75,11,23,3,28,Y6067876,,,,0,30.0,0,0
75,11,23,3,29,Y6067877,,,,0,30.0,0,0
75,11,23,3,30,Y6067878,,,,0,30.0,0,0
75,11,23,4,10,Y6067879,,,,0,30.0,0,0
75,11,23,4,11,Y6067880,,,,0,30.0,0,0
75,11,23,4,12,Y6067881,,,,0,30.0,0,0
75,11,23,4,13,Y6067882,,,,0,30.0,0,0
75,11,23,4,14,Y6067883,,,,0,30.0,0,0
75,11,23,4,15,Y6067884,,,,0,30.0,0,0
75,11,23,4,16,Y6067885,,,,0,30.0,0,0
75,11,23,4,17,Y6067886,,,,0,30.0,0,0
75,11,23,4,18,Y6067887,,,,0,30.0,0,0
75,11,23,4,19,Y6067888,,,,0,30.0,0,0
75,11,23,4,20,Y6067889,,,,0,30.0,0,0
75,11,23,4,21,Y6067890,,,,0,30.0,0,0
75,11,23,4,22,Y6067891,,,,0,30.0,0,0
75,11,23,4,23,Y6067892,,,,0,30.0,0,0
75,11,23,4,24,Y6067893,,,,0,30.0,0,0
75,11,23,4,25,Y6067894,,,,0,30.0,0,0
75,11,23,4,26,Y6067895,,,,0,30.0,0,0
75,11,23,4,27,Y6067896,,,,0,30.0,0,0
75,11,23,4,28,Y6067897,,,,0,30.0,0,0
75,11,23,4,29,Y6067898,,,,0,30.0,0,0
75,11,23,4,30,Y6067899,,,,0,30.0,0,0
75,11,23,5,10,Y6067900,,,,0,30.0,0,0
75,11,23,5,11,Y6067901,,,,0,30.0,0,0
75,11,23,5,12,Y6067902,,,,0,30.0,0,0
75,11,23,5,13,Y6067903,,,,0,30.0,0,0
75,11,23,5,14,Y6067904,,,,0,30.0,0,0
75,11,23,5,15,Y6067905,,,,0,30.0,0,0
75,11,23,5,16,Y6067906,,,,0,30.0,0,0
75,11,23,5,17,Y6067907,,,,0,30.0,0,0
75,11,23,5,18,Y6067908,,,,0,30.0,0,0
75,11,23,5,19,Y6067909,,,,0,30.0,0,0
75,11,23,5,20,Y6067910,,,,0,30.0,0,0
75,11,23,5,21,Y6067911,,,,0,30.0,0,0
75,11,23,5,22,Y6067912,,,,0,30.0,0,0
75,11,23,5,23,Y6067913,,,,0,30.0,0,0
75,11,23,5,24,Y6067914,,,,0,30.0,0,0
75,11,23,5,25,Y6067915,,,,0,30.0,0,0
75,11,23,5,26,Y6067916,,,,0,30.0,0,0
75,11,23,5,27,Y6067917,,,,0,30.0,0,0
75,11,23,5,28,Y6067918,,,,0,30.0,0,0
75,11,23,5,29,Y6067919,,,,0,30.0,0,0
75,11,23,5,30,Y6067920,,,,0,30.0,0,0
75,11,23,6,10,Y6067921,,,,0,30.0,0,0
75,11,23,6,11,Y6067922,,,,0,30.0,0,0
75,11,23,6,12,Y6067923,,,,0,30.0,0,0
75,11,23,6,13,Y6067924,,,,0,30.0,0,0
75,11,23,6,14,Y6067925,,,,0,30.0,0,0
75,11,23,6,15,Y6067926,,,,0,30.0,0,0
75,11,23,6,16,Y6067927,,,,0,30.0,0,0
75,11,23,6,17,Y6067928,,,,0,30.0,0,0
75,11,23,6,18,Y6067929,,,,0,30.0,0,0
75,11,23,6,19,Y6067930,,,,0,30.0,0,0
75,11,23,6,20,Y6067931,,,,0,30.0,0,0
75,11,23,6,21,Y6067932,,,,0,30.0,0,0
75,11,23,6,22,Y6067933,,,,0,30.0,0,0
75,11,23,6,23,Y6067934,,,,0,30.0,0,0
75,11,23,6,24,Y6067935,,,,0,30.0,0,0
75,11,23,6,25,Y6067936,,,,0,30.0,0,0
75,11,23,6,26,Y6067937,,,,0,30.0,0,0
75,11,23,6,27,Y6067938,,,,0,30.0,0,0
75,11,23,6,28,Y6067939,,,,0,30.0,0,0
75,11,23,6,29,Y6067940,,,,0,30.0,0,0
75,11,23,6,30,Y6067941,,,,0,30.0,0,0
75,11,23,7,10,Y6067942,,,,0,30.0,0,0
75,11,23,7,11,Y6067943,,,,0,30.0,0,0
75,11,23,7,12,Y6067944,,,,0,30.0,0,0
75,11,23,7,13,Y6067945,,,,0,30.0,0,0
75,11,23,7,14,Y6067946,,,,0,30.0,0,0
75,11,23,7,15,Y6067947,,,,0,30.0,0,0
75,11,23,7,16,Y6067948,,,,0,30.0,0,0
75,11,23,7,17,Y6067949,,,,0,30.0,0,0
75,11,23,7,18,Y6067950,,,,0,30.0,0,0
75,11,23,7,19,Y6067951,,,,0,30.0,0,0
75,11,23,7,20,Y6067952,,,,0,30.0,0,0
75,11,23,7,21,Y6067953,,,,0,30.0,0,0
75,11,23,7,22,Y6067954,,,,0,30.0,0,0
75,11,23,7,23,Y6067955,,,,0,30.0,0,0
75,11,23,7,24,Y6067956,,,,0,30.0,0,0
75,11,23,7,25,Y6067957,,,,0,30.0,0,0
75,11,23,7,26,Y6067958,,,,0,30.0,0,0
75,11,23,7,27,Y6067959,,,,0,30.0,0,0
75,11,23,7,28,Y6067960,,,,0,30.0,0,0
75,11,23,7,29,Y6067961,,,,0,30.0,0,0
75,11,23,7,30,Y6067962,,,,0,30.0,0,0
75,11,23,8,10,Y6067963,,,,0,30.0,0,0
75,11,23,8,11,Y6067964,,,,0,30.0,0,0
75,11,23,8,12,Y6067965,,,,0,30.0,0,0
75,11,23,8,13,Y6067966,,,,0,30.0,0,0
75,11,23,8,14,Y6067967,,,,0,30.0,0,0
75,11,23,8,15,Y6067968,,,,0,30.0,0,0
75,11,23,8,16,Y6067969,,,,0,30.0,0,0
75,11,23,8,17,Y6067970,,,,0,30.0,0,0
75,11,23,8,18,Y6067971,,,,0,30.0,0,0
75,11,23,8,19,Y6067972,,,,0,30.0,0,0
75,11,23,8,20,Y6067973,,,,0,30.0,0,0
75,11,23,8,21,Y6067974,,,,0,30.0,0,0
75,11,23,8,22,Y6067975,,,,0,30.0,0,0
75,11,23,8,23,Y6067976,,,,0,30.0,0,0
75,11,23,8,24,Y6067977,,,,0,30.0,0,0
75,11,23,8,25,Y6067978,,,,0,30.0,0,0
75,11,23,8,26,Y6067979,,,,0,30.0,0,0
75,11,23,8,27,Y6067980,,,,0,30.0,0,0
75,11,23,8,28,Y6067981,,,,0,30.0,0,0
75,11,23,8,29,Y6067982,,,,0,30.0,0,0
75,11,23,8,30,Y6067983,,,,0,30.0,0,0
75,11,23,9,10,Y6067984,,,,0,30.0,0,0
75,11,23,9,11,Y6067985,,,,0,30.0,0,0
75,11,23,9,12,Y6067986,,,,0,30.0,0,0
75,11,23,9,13,Y6067987,,,,0,30.0,0,0
75,11,23,9,14,Y6067988,,,,0,30.0,0,0
75,11,23,9,15,Y6067989,,,,0,30.0,0,0
75,11,23,9,16,Y6067990,,,,0,30.0,0,0
75,11,23,9,17,Y6067991,,,,0,30.0,0,0
75,11,23,9,18,Y6067992,,,,0,30.0,0,0
75,11,23,9,19,Y6067993,,,,0,30.0,0,0
75,11,23,9,20,Y6067994,,,,0,30.0,0,0
75,11,23,9,21,Y6067995,,,,0,30.0,0,0
75,11,23,9,22,Y6067996,,,,0,30.0,0,0
75,11,23,9,23,Y6067997,,,,0,30.0,0,0
75,11,23,9,24,Y6067998,,,,0,30.0,0,0
75,11,23,9,25,Y6067999,,,,0,30.0,0,0
75,11,23,9,26,Y6068000,,,,0,30.0,0,0
75,11,23,9,27,Y6068001,,,,0,30.0,0,0
75,11,23,9,28,Y6068002,,,,0,30.0,0,0
75,11,23,9,29,Y6068003,,,,0,30.0,0,0
75,11,23,9,30,Y6068004,,,,0,30.0,0,0
75,11,23,10,10,Y6068005,,,,0,30.0,0,0
75,11,23,10,11,Y6068006,,,,0,30.0,0,0
75,11,23,10,12,Y6068007,,,,0,30.0,0,0
75,11,23,10,13,Y6068008,,,,0,30.0,0,0
75,11,23,10,14,Y6068009,,,,0,30.0,0,0
75,11,23,10,15,Y6068010,,,,0,30.0,0,0
75,11,23,10,16,Y6068011,,,,0,30.0,0,0
75,11,23,10,17,Y6068012,,,,0,30.0,0,0
75,11,23,10,18,Y6068013,,,,0,30.0,0,0
75,11,23,10,19,Y6068014,,,,0,30.0,0,0
75,11,23,10,20,Y6068015,,,,0,30.0,0,0
75,11,23,10,21,Y6068016,,,,0,30.0,0,0
75,11,23,10,22,Y6068017,,,,0,30.0,0,0
75,11,23,10,23,Y6068018,,,,0,30.0,0,0
75,11,23,10,24,Y6068019,,,,0,30.0,0,0
75,11,23,10,25,Y6068020,,,,0,30.0,0,0
75,11,23,10,26,Y6068021,,,,0,30.0,0,0
75,11,23,10,27,Y6068022,,,,0,30.0,0,0
75,11,23,10,28,Y6068023,,,,0,30.0,0,0
75,11,23,10,29,Y6068024,,,,0,30.0,0,0
75,11,23,10,30,Y6068025,,,,0,30.0,0,0
75,11,23,11,10,Y6068026,,,,0,30.0,0,0
75,11,23,11,11,Y6068027,,,,0,30.0,0,0
75,11,23,11,12,Y6068028,,,,0,30.0,0,0
75,11,23,11,13,Y6068029,,,,0,30.0,0,0
75,11,23,11,14,Y6068030,,,,0,30.0,0,0
75,11,23,11,15,Y6068031,,,,0,30.0,0,0
75,11,23,11,16,Y6068032,,,,0,30.0,0,0
75,11,23,11,17,Y6068033,,,,0,30.0,0,0
75,11,23,11,18,Y6068034,,,,0,30.0,0,0
75,11,23,11,19,Y6068035,,,,0,30.0,0,0
75,11,23,11,20,Y6068036,,,,0,30.0,0,0
75,11,23,11,21,Y6068037,,,,0,30.0,0,0
75,11,23,11,22,Y6068038,,,,0,30.0,0,0
75,11,23,11,23,Y6068039,,,,0,30.0,0,0
75,11,23,11,24,Y6068040,,,,0,30.0,0,0
75,11,23,11,25,Y6068041,,,,0,30.0,0,0
75,11,23,11,26,Y6068042,,,,0,30.0,0,0
75,11,23,11,27,Y6068043,,,,0,30.0,0,0
75,11,23,11,28,Y6068044,,,,0,30.0,0,0
75,11,23,11,29,Y6068045,,,,0,30.0,0,0
75,11,23,11,30,Y6068046,,,,0,30.0,0,0
75,11,23,12,10,Y6068047,,,,0,30.0,0,0
75,11,23,12,11,Y6068048,,,,0,30.0,0,0
75,11,23,12,12,Y6068049,,,,0,30.0,0,0
75,11,23,12,13,Y6068050,,,,0,30.0,0,0
75,11,23,12,14,Y6068051,,,,0,30.0,0,0
75,11,23,12,15,Y6068052,,,,0,30.0,0,0
75,11,23,12,16,Y6068053,,,,0,30.0,0,0
75,11,23,12,17,Y6068054,,,,0,30.0,0,0
75,11,23,12,18,Y6068055,,,,0,30.0,0,0
75,11,23,12,19,Y6068056,,,,0,30.0,0,0
75,11,23,12,20,Y6068057,,,,0,30.0,0,0
75,11,23,12,21,Y6068058,,,,0,30.0,0,0
75,11,23,12,22,Y6068059,,,,0,30.0,0,0
75,11,23,12,23,Y6068060,,,,0,30.0,0,0
75,11,23,12,24,Y6068061,,,,0,30.0,0,0
75,11,23,12,25,Y6068062,,,,0,30.0,0,0
75,11,23,12,26,Y6068063,,,,0,30.0,0,0
75,11,23,12,27,Y6068064,,,,0,30.0,0,0
75,11,23,12,28,Y6068065,,,,0,30.0,0,0
75,11,23,12,29,Y6068066,,,,0,30.0,0,0
75,11,23,12,30,Y6068067,,,,0,30.0,0,0
75,11,24,1,10,Y6068068,,,,0,30.0,0,0
75,11,24,1,11,Y6068069,,,,0,30.0,0,0
75,11,24,1,12,Y6068070,,,,0,30.0,0,0
75,11,24,1,13,Y6068071,,,,0,30.0,0,0
75,11,24,1,14,Y6068072,,,,0,30.0,0,0
75,11,24,1,15,Y6068073,,,,0,30.0,0,0
75,11,24,1,16,Y6068074,,,,0,30.0,0,0
75,11,24,1,17,Y6068075,,,,0,30.0,0,0
75,11,24,1,18,Y6068076,,,,0,30.0,0,0
75,11,24,1,19,Y6068077,,,,0,30.0,0,0
75,11,24,1,20,Y6068078,,,,0,30.0,0,0
75,11,24,1,21,Y6068079,,,,0,30.0,0,0
75,11,24,1,22,Y6068080,,,,0,30.0,0,0
75,11,24,1,23,Y6068081,,,,0,30.0,0,0
75,11,24,1,24,Y6068082,,,,0,30.0,0,0
75,11,24,1,25,Y6068083,,,,0,30.0,0,0
75,11,24,1,26,Y6068084,,,,0,30.0,0,0
75,11,24,1,27,Y6068085,,,,0,30.0,0,0
75,11,24,1,28,Y6068086,,,,0,30.0,0,0
75,11,24,1,29,Y6068087,,,,0,30.0,0,0
75,11,24,1,30,Y6068088,,,,0,30.0,0,0
75,11,24,2,10,Y6068089,,,,0,30.0,0,0
75,11,24,2,11,Y6068090,,,,0,30.0,0,0
75,11,24,2,12,Y6068091,,,,0,30.0,0,0
75,11,24,2,13,Y6068092,,,,0,30.0,0,0
75,11,24,2,14,Y6068093,,,,0,30.0,0,0
75,11,24,2,15,Y6068094,,,,0,30.0,0,0
75,11,24,2,16,Y6068095,,,,0,30.0,0,0
75,11,24,2,17,Y6068096,,,,0,30.0,0,0
75,11,24,2,18,Y6068097,,,,0,30.0,0,0
75,11,24,2,19,Y6068098,,,,0,30.0,0,0
75,11,24,2,20,Y6068099,,,,0,30.0,0,0
75,11,24,2,21,Y6068100,,,,0,30.0,0,0
75,11,24,2,22,Y6068101,,,,0,30.0,0,0
75,11,24,2,23,Y6068102,,,,0,30.0,0,0
75,11,24,2,24,Y6068103,,,,0,30.0,0,0
75,11,24,2,25,Y6068104,,,,0,30.0,0,0
75,11,24,2,26,Y6068105,,,,0,30.0,0,0
75,11,24,2,27,Y6068106,,,,0,30.0,0,0
75,11,24,2,28,Y6068107,,,,0,30.0,0,0
75,11,24,2,29,Y6068108,,,,0,30.0,0,0
75,11,24,2,30,Y6068109,,,,0,30.0,0,0
75,11,24,3,10,Y6068110,,,,0,30.0,0,0
75,11,24,3,11,Y6068111,,,,0,30.0,0,0
75,11,24,3,12,Y6068112,,,,0,30.0,0,0
75,11,24,3,13,Y6068113,,,,0,30.0,0,0
75,11,24,3,14,Y6068114,,,,0,30.0,0,0
75,11,24,3,15,Y6068115,,,,0,30.0,0,0
75,11,24,3,16,Y6068116,,,,0,30.0,0,0
75,11,24,3,17,Y6068117,,,,0,30.0,0,0
75,11,24,3,18,Y6068118,,,,0,30.0,0,0
75,11,24,3,19,Y6068119,,,,0,30.0,0,0
75,11,24,3,20,Y6068120,,,,0,30.0,0,0
75,11,24,3,21,Y6068121,,,,0,30.0,0,0
75,11,24,3,22,Y6068122,,,,0,30.0,0,0
75,11,24,3,23,Y6068123,,,,0,30.0,0,0
75,11,24,3,24,Y6068124,,,,0,30.0,0,0
75,11,24,3,25,Y6068125,,,,0,30.0,0,0
75,11,24,3,26,Y6068126,,,,0,30.0,0,0
75,11,24,3,27,Y6068127,,,,0,30.0,0,0
75,11,24,3,28,Y6068128,,,,0,30.0,0,0
75,11,24,3,29,Y6068129,,,,0,30.0,0,0
75,11,24,3,30,Y6068130,,,,0,30.0,0,0
75,11,24,4,10,Y6068131,,,,0,30.0,0,0
75,11,24,4,11,Y6068132,,,,0,30.0,0,0
75,11,24,4,12,Y6068133,,,,0,30.0,0,0
75,11,24,4,13,Y6068134,,,,0,30.0,0,0
75,11,24,4,14,Y6068135,,,,0,30.0,0,0
75,11,24,4,15,Y6068136,,,,0,30.0,0,0
75,11,24,4,16,Y6068137,,,,0,30.0,0,0
75,11,24,4,17,Y6068138,,,,0,30.0,0,0
75,11,24,4,18,Y6068139,,,,0,30.0,0,0
75,11,24,4,19,Y6068140,,,,0,30.0,0,0
75,11,24,4,20,Y6068141,,,,0,30.0,0,0
75,11,24,4,21,Y6068142,,,,0,30.0,0,0
75,11,24,4,22,Y6068143,,,,0,30.0,0,0
75,11,24,4,23,Y6068144,,,,0,30.0,0,0
75,11,24,4,24,Y6068145,,,,0,30.0,0,0
75,11,24,4,25,Y6068146,,,,0,30.0,0,0
75,11,24,4,26,Y6068147,,,,0,30.0,0,0
75,11,24,4,27,Y6068148,,,,0,30.0,0,0
75,11,24,4,28,Y6068149,,,,0,30.0,0,0
75,11,24,4,29,Y6068150,,,,0,30.0,0,0
75,11,24,4,30,Y6068151,,,,0,30.0,0,0
75,11,24,5,10,Y6068152,,,,0,30.0,0,0
75,11,24,5,11,Y6068153,,,,0,30.0,0,0
75,11,24,5,12,Y6068154,,,,0,30.0,0,0
75,11,24,5,13,Y6068155,,,,0,30.0,0,0
75,11,24,5,14,Y6068156,,,,0,30.0,0,0
75,11,24,5,15,Y6068157,,,,0,30.0,0,0
75,11,24,5,16,Y6068158,,,,0,30.0,0,0
75,11,24,5,17,Y6068159,,,,0,30.0,0,0
75,11,24,5,18,Y6068160,,,,0,30.0,0,0
75,11,24,5,19,Y6068161,,,,0,30.0,0,0
75,11,24,5,20,Y6068162,,,,0,30.0,0,0
75,11,24,5,21,Y6068163,,,,0,30.0,0,0
75,11,24,5,22,Y6068164,,,,0,30.0,0,0
75,11,24,5,23,Y6068165,,,,0,30.0,0,0
75,11,24,5,24,Y6068166,,,,0,30.0,0,0
75,11,24,5,25,Y6068167,,,,0,30.0,0,0
75,11,24,5,26,Y6068168,,,,0,30.0,0,0
75,11,24,5,27,Y6068169,,,,0,30.0,0,0
75,11,24,5,28,Y6068170,,,,0,30.0,0,0
75,11,24,5,29,Y6068171,,,,0,30.0,0,0
75,11,24,5,30,Y6068172,,,,0,30.0,0,0
75,11,24,6,10,Y6068173,,,,0,30.0,0,0
75,11,24,6,11,Y6068174,,,,0,30.0,0,0
75,11,24,6,12,Y6068175,,,,0,30.0,0,0
75,11,24,6,13,Y6068176,,,,0,30.0,0,0
75,11,24,6,14,Y6068177,,,,0,30.0,0,0
75,11,24,6,15,Y6068178,,,,0,30.0,0,0
75,11,24,6,16,Y6068179,,,,0,30.0,0,0
75,11,24,6,17,Y6068180,,,,0,30.0,0,0
75,11,24,6,18,Y6068181,,,,0,30.0,0,0
75,11,24,6,19,Y6068182,,,,0,30.0,0,0
75,11,24,6,20,Y6068183,,,,0,30.0,0,0
75,11,24,6,21,Y6068184,,,,0,30.0,0,0
75,11,24,6,22,Y6068185,,,,0,30.0,0,0
75,11,24,6,23,Y6068186,,,,0,30.0,0,0
75,11,24,6,24,Y6068187,,,,0,30.0,0,0
75,11,24,6,25,Y6068188,,,,0,30.0,0,0
75,11,24,6,26,Y6068189,,,,0,30.0,0,0
75,11,24,6,27,Y6068190,,,,0,30.0,0,0
75,11,24,6,28,Y6068191,,,,0,30.0,0,0
75,11,24,6,29,Y6068192,,,,0,30.0,0,0
75,11,24,6,30,Y6068193,,,,0,30.0,0,0
75,11,24,7,10,Y6068194,,,,0,30.0,0,0
75,11,24,7,11,Y6068195,,,,0,30.0,0,0
75,11,24,7,12,Y6068196,,,,0,30.0,0,0
75,11,24,7,13,Y6068197,,,,0,30.0,0,0
75,11,24,7,14,Y6068198,,,,0,30.0,0,0
75,11,24,7,15,Y6068199,,,,0,30.0,0,0
75,11,24,7,16,Y6068200,,,,0,30.0,0,0
75,11,24,7,17,Y6068201,,,,0,30.0,0,0
75,11,24,7,18,Y6068202,,,,0,30.0,0,0
75,11,24,7,19,Y6068203,,,,0,30.0,0,0
75,11,24,7,20,Y6068204,,,,0,30.0,0,0
75,11,24,7,21,Y6068205,,,,0,30.0,0,0
75,11,24,7,22,Y6068206,,,,0,30.0,0,0
75,11,24,7,23,Y6068207,,,,0,30.0,0,0
75,11,24,7,24,Y6068208,,,,0,30.0,0,0
75,11,24,7,25,Y6068209,,,,0,30.0,0,0
75,11,24,7,26,Y6068210,,,,0,30.0,0,0
75,11,24,7,27,Y6068211,,,,0,30.0,0,0
75,11,24,7,28,Y6068212,,,,0,30.0,0,0
75,11,24,7,29,Y6068213,,,,0,30.0,0,0
75,11,24,7,30,Y6068214,,,,0,30.0,0,0
75,11,24,8,10,Y6068215,,,,0,30.0,0,0
75,11,24,8,11,Y6068216,,,,0,30.0,0,0
75,11,24,8,12,Y6068217,,,,0,30.0,0,0
75,11,24,8,13,Y6068218,,,,0,30.0,0,0
75,11,24,8,14,Y6068219,,,,0,30.0,0,0
75,11,24,8,15,Y6068220,,,,0,30.0,0,0
75,11,24,8,16,Y6068221,,,,0,30.0,0,0
75,11,24,8,17,Y6068222,,,,0,30.0,0,0
75,11,24,8,18,Y6068223,,,,0,30.0,0,0
75,11,24,8,19,Y6068224,,,,0,30.0,0,0
75,11,24,8,20,Y6068225,,,,0,30.0,0,0
75,11,24,8,21,Y6068226,,,,0,30.0,0,0
75,11,24,8,22,Y6068227,,,,0,30.0,0,0
75,11,24,8,23,Y6068228,,,,0,30.0,0,0
75,11,24,8,24,Y6068229,,,,0,30.0,0,0
75,11,24,8,25,Y6068230,,,,0,30.0,0,0
75,11,24,8,26,Y6068231,,,,0,30.0,0,0
75,11,24,8,27,Y6068232,,,,0,30.0,0,0
75,11,24,8,28,Y6068233,,,,0,30.0,0,0
75,11,24,8,29,Y6068234,,,,0,30.0,0,0
75,11,24,8,30,Y6068235,,,,0,30.0,0,0
75,11,24,9,10,Y6068236,,,,0,30.0,0,0
75,11,24,9,11,Y6068237,,,,0,30.0,0,0
75,11,24,9,12,Y6068238,,,,0,30.0,0,0
75,11,24,9,13,Y6068239,,,,0,30.0,0,0
75,11,24,9,14,Y6068240,,,,0,30.0,0,0
75,11,24,9,15,Y6068241,,,,0,30.0,0,0
75,11,24,9,16,Y6068242,,,,0,30.0,0,0
75,11,24,9,17,Y6068243,,,,0,30.0,0,0
75,11,24,9,18,Y6068244,,,,0,30.0,0,0
75,11,24,9,19,Y6068245,,,,0,30.0,0,0
75,11,24,9,20,Y6068246,,,,0,30.0,0,0
75,11,24,9,21,Y6068247,,,,0,30.0,0,0
75,11,24,9,22,Y6068248,,,,0,30.0,0,0
75,11,24,9,23,Y6068249,,,,0,30.0,0,0
75,11,24,9,24,Y6068250,,,,0,30.0,0,0
75,11,24,9,25,Y6068251,,,,0,30.0,0,0
75,11,24,9,26,Y6068252,,,,0,30.0,0,0
75,11,24,9,27,Y6068253,,,,0,30.0,0,0
75,11,24,9,28,Y6068254,,,,0,30.0,0,0
75,11,24,9,29,Y6068255,,,,0,30.0,0,0
75,11,24,9,30,Y6068256,,,,0,30.0,0,0
75,11,24,10,10,Y6068257,,,,0,30.0,0,0
75,11,24,10,11,Y6068258,,,,0,30.0,0,0
75,11,24,10,12,Y6068259,,,,0,30.0,0,0
75,11,24,10,13,Y6068260,,,,0,30.0,0,0
75,11,24,10,14,Y6068261,,,,0,30.0,0,0
75,11,24,10,15,Y6068262,,,,0,30.0,0,0
75,11,24,10,16,Y6068263,,,,0,30.0,0,0
75,11,24,10,17,Y6068264,,,,0,30.0,0,0
75,11,24,10,18,Y6068265,,,,0,30.0,0,0
75,11,24,10,19,Y6068266,,,,0,30.0,0,0
75,11,24,10,20,Y6068267,,,,0,30.0,0,0
75,11,24,10,21,Y6068268,,,,0,30.0,0,0
75,11,24,10,22,Y6068269,,,,0,30.0,0,0
75,11,24,10,23,Y6068270,,,,0,30.0,0,0
75,11,24,10,24,Y6068271,,,,0,30.0,0,0
75,11,24,10,25,Y6068272,,,,0,30.0,0,0
75,11,24,10,26,Y6068273,,,,0,30.0,0,0
75,11,24,10,27,Y6068274,,,,0,30.0,0,0
75,11,24,10,28,Y6068275,,,,0,30.0,0,0
75,11,24,10,29,Y6068276,,,,0,30.0,0,0
75,11,24,10,30,Y6068277,,,,0,30.0,0,0
75,11,24,11,10,Y6068278,,,,0,30.0,0,0
75,11,24,11,11,Y6068279,,,,0,30.0,0,0
75,11,24,11,12,Y6068280,,,,0,30.0,0,0
75,11,24,11,13,Y6068281,,,,0,30.0,0,0
75,11,24,11,14,Y6068282,,,,0,30.0,0,0
75,11,24,11,15,Y6068283,,,,0,30.0,0,0
75,11,24,11,16,Y6068284,,,,0,30.0,0,0
75,11,24,11,17,Y6068285,,,,0,30.0,0,0
75,11,24,11,18,Y6068286,,,,0,30.0,0,0
75,11,24,11,19,Y6068287,,,,0,30.0,0,0
75,11,24,11,20,Y6068288,,,,0,30.0,0,0
75,11,24,11,21,Y6068289,,,,0,30.0,0,0
75,11,24,11,22,Y6068290,,,,0,30.0,0,0
75,11,24,11,23,Y6068291,,,,0,30.0,0,0
75,11,24,11,24,Y6068292,,,,0,30.0,0,0
75,11,24,11,25,Y6068293,,,,0,30.0,0,0
75,11,24,11,26,Y6068294,,,,0,30.0,0,0
75,11,24,11,27,Y6068295,,,,0,30.0,0,0
75,11,24,11,28,Y6068296,,,,0,30.0,0,0
75,11,24,11,29,Y6068297,,,,0,30.0,0,0
75,11,24,11,30,Y6068298,,,,0,30.0,0,0
75,11,24,12,10,Y6068299,,,,0,30.0,0,0
75,11,24,12,11,Y6068300,,,,0,30.0,0,0
75,11,24,12,12,Y6068301,,,,0,30.0,0,0
75,11,24,12,13,Y6068302,,,,0,30.0,0,0
75,11,24,12,14,Y6068303,,,,0,30.0,0,0
75,11,24,12,15,Y6068304,,,,0,30.0,0,0
75,11,24,12,16,Y6068305,,,,0,30.0,0,0
75,11,24,12,17,Y6068306,,,,0,30.0,0,0
75,11,24,12,18,Y6068307,,,,0,30.0,0,0
75,11,24,12,19,Y6068308,,,,0,30.0,0,0
75,11,24,12,20,Y6068309,,,,0,30.0,0,0
75,11,24,12,21,Y6068310,,,,0,30.0,0,0
75,11,24,12,22,Y6068311,,,,0,30.0,0,0
75,11,24,12,23,Y6068312,,,,0,30.0,0,0
75,11,24,12,24,Y6068313,,,,0,30.0,0,0
75,11,24,12,25,Y6068314,,,,0,30.0,0,0
75,11,24,12,26,Y6068315,,,,0,30.0,0,0
75,11,24,12,27,Y6068316,,,,0,30.0,0,0
75,11,24,12,28,Y6068317,,,,0,30.0,0,0
75,11,24,12,29,Y6068318,,,,0,30.0,0,0
75,11,24,12,30,Y6068319,,,,0,30.0,0,0
75,11,25,1,10,Y6068320,,,,0,30.0,0,0
75,11,25,1,11,Y6068321,,,,0,30.0,0,0
75,11,25,1,12,Y6068322,,,,0,30.0,0,0
75,11,25,1,13,Y6068323,,,,0,30.0,0,0
75,11,25,1,14,Y6068324,,,,0,30.0,0,0
75,11,25,1,15,Y6068325,,,,0,30.0,0,0
75,11,25,1,16,Y6068326,,,,0,30.0,0,0
75,11,25,1,17,Y6068327,,,,0,30.0,0,0
75,11,25,1,18,Y6068328,,,,0,30.0,0,0
75,11,25,1,19,Y6068329,,,,0,30.0,0,0
75,11,25,1,20,Y6068330,,,,0,30.0,0,0
75,11,25,1,21,Y6068331,,,,0,30.0,0,0
75,11,25,1,22,Y6068332,,,,0,30.0,0,0
75,11,25,1,23,Y6068333,,,,0,30.0,0,0
75,11,25,1,24,Y6068334,,,,0,30.0,0,0
75,11,25,1,25,Y6068335,,,,0,30.0,0,0
75,11,25,1,26,Y6068336,,,,0,30.0,0,0
75,11,25,1,27,Y6068337,,,,0,30.0,0,0
75,11,25,1,28,Y6068338,,,,0,30.0,0,0
75,11,25,1,29,Y6068339,,,,0,30.0,0,0
75,11,25,1,30,Y6068340,,,,0,30.0,0,0
75,11,25,2,10,Y6068341,,,,0,30.0,0,0
75,11,25,2,11,Y6068342,,,,0,30.0,0,0
75,11,25,2,12,Y6068343,,,,0,30.0,0,0
75,11,25,2,13,Y6068344,,,,0,30.0,0,0
75,11,25,2,14,Y6068345,,,,0,30.0,0,0
75,11,25,2,15,Y6068346,,,,0,30.0,0,0
75,11,25,2,16,Y6068347,,,,0,30.0,0,0
75,11,25,2,17,Y6068348,,,,0,30.0,0,0
75,11,25,2,18,Y6068349,,,,0,30.0,0,0
75,11,25,2,19,Y6068350,,,,0,30.0,0,0
75,11,25,2,20,Y6068351,,,,0,30.0,0,0
75,11,25,2,21,Y6068352,,,,0,30.0,0,0
75,11,25,2,22,Y6068353,,,,0,30.0,0,0
75,11,25,2,23,Y6068354,,,,0,30.0,0,0
75,11,25,2,24,Y6068355,,,,0,30.0,0,0
75,11,25,2,25,Y6068356,,,,0,30.0,0,0
75,11,25,2,26,Y6068357,,,,0,30.0,0,0
75,11,25,2,27,Y6068358,,,,0,30.0,0,0
75,11,25,2,28,Y6068359,,,,0,30.0,0,0
75,11,25,2,29,Y6068360,,,,0,30.0,0,0
75,11,25,2,30,Y6068361,,,,0,30.0,0,0
75,11,25,3,10,Y6068362,,,,0,30.0,0,0
75,11,25,3,11,Y6068363,,,,0,30.0,0,0
75,11,25,3,12,Y6068364,,,,0,30.0,0,0
75,11,25,3,13,Y6068365,,,,0,30.0,0,0
75,11,25,3,14,Y6068366,,,,0,30.0,0,0
75,11,25,3,15,Y6068367,,,,0,30.0,0,0
75,11,25,3,16,Y6068368,,,,0,30.0,0,0
75,11,25,3,17,Y6068369,,,,0,30.0,0,0
75,11,25,3,18,Y6068370,,,,0,30.0,0,0
75,11,25,3,19,Y6068371,,,,0,30.0,0,0
75,11,25,3,20,Y6068372,,,,0,30.0,0,0
75,11,25,3,21,Y6068373,,,,0,30.0,0,0
75,11,25,3,22,Y6068374,,,,0,30.0,0,0
75,11,25,3,23,Y6068375,,,,0,30.0,0,0
75,11,25,3,24,Y6068376,,,,0,30.0,0,0
75,11,25,3,25,Y6068377,,,,0,30.0,0,0
75,11,25,3,26,Y6068378,,,,0,30.0,0,0
75,11,25,3,27,Y6068379,,,,0,30.0,0,0
75,11,25,3,28,Y6068380,,,,0,30.0,0,0
75,11,25,3,29,Y6068381,,,,0,30.0,0,0
75,11,25,3,30,Y6068382,,,,0,30.0,0,0
75,11,25,4,10,Y6068383,,,,0,30.0,0,0
75,11,25,4,11,Y6068384,,,,0,30.0,0,0
75,11,25,4,12,Y6068385,,,,0,30.0,0,0
75,11,25,4,13,Y6068386,,,,0,30.0,0,0
75,11,25,4,14,Y6068387,,,,0,30.0,0,0
75,11,25,4,15,Y6068388,,,,0,30.0,0,0
75,11,25,4,16,Y6068389,,,,0,30.0,0,0
75,11,25,4,17,Y6068390,,,,0,30.0,0,0
75,11,25,4,18,Y6068391,,,,0,30.0,0,0
75,11,25,4,19,Y6068392,,,,0,30.0,0,0
75,11,25,4,20,Y6068393,,,,0,30.0,0,0
75,11,25,4,21,Y6068394,,,,0,30.0,0,0
75,11,25,4,22,Y6068395,,,,0,30.0,0,0
75,11,25,4,23,Y6068396,,,,0,30.0,0,0
75,11,25,4,24,Y6068397,,,,0,30.0,0,0
75,11,25,4,25,Y6068398,,,,0,30.0,0,0
75,11,25,4,26,Y6068399,,,,0,30.0,0,0
75,11,25,4,27,Y6068400,,,,0,30.0,0,0
75,11,25,4,28,Y6068401,,,,0,30.0,0,0
75,11,25,4,29,Y6068402,,,,0,30.0,0,0
75,11,25,4,30,Y6068403,,,,0,30.0,0,0
75,11,25,5,10,Y6068404,,,,0,30.0,0,0
75,11,25,5,11,Y6068405,,,,0,30.0,0,0
75,11,25,5,12,Y6068406,,,,0,30.0,0,0
75,11,25,5,13,Y6068407,,,,0,30.0,0,0
75,11,25,5,14,Y6068408,,,,0,30.0,0,0
75,11,25,5,15,Y6068409,,,,0,30.0,0,0
75,11,25,5,16,Y6068410,,,,0,30.0,0,0
75,11,25,5,17,Y6068411,,,,0,30.0,0,0
75,11,25,5,18,Y6068412,,,,0,30.0,0,0
75,11,25,5,19,Y6068413,,,,0,30.0,0,0
75,11,25,5,20,Y6068414,,,,0,30.0,0,0
75,11,25,5,21,Y6068415,,,,0,30.0,0,0
75,11,25,5,22,Y6068416,,,,0,30.0,0,0
75,11,25,5,23,Y6068417,,,,0,30.0,0,0
75,11,25,5,24,Y6068418,,,,0,30.0,0,0
75,11,25,5,25,Y6068419,,,,0,30.0,0,0
75,11,25,5,26,Y6068420,,,,0,30.0,0,0
75,11,25,5,27,Y6068421,,,,0,30.0,0,0
75,11,25,5,28,Y6068422,,,,0,30.0,0,0
75,11,25,5,29,Y6068423,,,,0,30.0,0,0
75,11,25,5,30,Y6068424,,,,0,30.0,0,0
75,11,25,6,10,Y6068425,,,,0,30.0,0,0
75,11,25,6,11,Y6068426,,,,0,30.0,0,0
75,11,25,6,12,Y6068427,,,,0,30.0,0,0
75,11,25,6,13,Y6068428,,,,0,30.0,0,0
75,11,25,6,14,Y6068429,,,,0,30.0,0,0
75,11,25,6,15,Y6068430,,,,0,30.0,0,0
75,11,25,6,16,Y6068431,,,,0,30.0,0,0
75,11,25,6,17,Y6068432,,,,0,30.0,0,0
75,11,25,6,18,Y6068433,,,,0,30.0,0,0
75,11,25,6,19,Y6068434,,,,0,30.0,0,0
75,11,25,6,20,Y6068435,,,,0,30.0,0,0
75,11,25,6,21,Y6068436,,,,0,30.0,0,0
75,11,25,6,22,Y6068437,,,,0,30.0,0,0
75,11,25,6,23,Y6068438,,,,0,30.0,0,0
75,11,25,6,24,Y6068439,,,,0,30.0,0,0
75,11,25,6,25,Y6068440,,,,0,30.0,0,0
75,11,25,6,26,Y6068441,,,,0,30.0,0,0
75,11,25,6,27,Y6068442,,,,0,30.0,0,0
75,11,25,6,28,Y6068443,,,,0,30.0,0,0
75,11,25,6,29,Y6068444,,,,0,30.0,0,0
75,11,25,6,30,Y6068445,,,,0,30.0,0,0
75,11,25,7,10,Y6068446,,,,0,30.0,0,0
75,11,25,7,11,Y6068447,,,,0,30.0,0,0
75,11,25,7,12,Y6068448,,,,0,30.0,0,0
75,11,25,7,13,Y6068449,,,,0,30.0,0,0
75,11,25,7,14,Y6068450,,,,0,30.0,0,0
75,11,25,7,15,Y6068451,,,,0,30.0,0,0
75,11,25,7,16,Y6068452,,,,0,30.0,0,0
75,11,25,7,17,Y6068453,,,,0,30.0,0,0
75,11,25,7,18,Y6068454,,,,0,30.0,0,0
75,11,25,7,19,Y6068455,,,,0,30.0,0,0
75,11,25,7,20,Y6068456,,,,0,30.0,0,0
75,11,25,7,21,Y6068457,,,,0,30.0,0,0
75,11,25,7,22,Y6068458,,,,0,30.0,0,0
75,11,25,7,23,Y6068459,,,,0,30.0,0,0
75,11,25,7,24,Y6068460,,,,0,30.0,0,0
75,11,25,7,25,Y6068461,,,,0,30.0,0,0
75,11,25,7,26,Y6068462,,,,0,30.0,0,0
75,11,25,7,27,Y6068463,,,,0,30.0,0,0
75,11,25,7,28,Y6068464,,,,0,30.0,0,0
75,11,25,7,29,Y6068465,,,,0,30.0,0,0
75,11,25,7,30,Y6068466,,,,0,30.0,0,0
75,11,25,8,10,Y6068467,,,,0,30.0,0,0
75,11,25,8,11,Y6068468,,,,0,30.0,0,0
75,11,25,8,12,Y6068469,,,,0,30.0,0,0
75,11,25,8,13,Y6068470,,,,0,30.0,0,0
75,11,25,8,14,Y6068471,,,,0,30.0,0,0
75,11,25,8,15,Y6068472,,,,0,30.0,0,0
75,11,25,8,16,Y6068473,,,,0,30.0,0,0
75,11,25,8,17,Y6068474,,,,0,30.0,0,0
75,11,25,8,18,Y6068475,,,,0,30.0,0,0
75,11,25,8,19,Y6068476,,,,0,30.0,0,0
75,11,25,8,20,Y6068477,,,,0,30.0,0,0
75,11,25,8,21,Y6068478,,,,0,30.0,0,0
75,11,25,8,22,Y6068479,,,,0,30.0,0,0
75,11,25,8,23,Y6068480,,,,0,30.0,0,0
75,11,25,8,24,Y6068481,,,,0,30.0,0,0
75,11,25,8,25,Y6068482,,,,0,30.0,0,0
75,11,25,8,26,Y6068483,,,,0,30.0,0,0
75,11,25,8,27,Y6068484,,,,0,30.0,0,0
75,11,25,8,28,Y6068485,,,,0,30.0,0,0
75,11,25,8,29,Y6068486,,,,0,30.0,0,0
75,11,25,8,30,Y6068487,,,,0,30.0,0,0
75,11,25,9,10,Y6068488,,,,0,30.0,0,0
75,11,25,9,11,Y6068489,,,,0,30.0,0,0
75,11,25,9,12,Y6068490,,,,0,30.0,0,0
75,11,25,9,13,Y6068491,,,,0,30.0,0,0
75,11,25,9,14,Y6068492,,,,0,30.0,0,0
75,11,25,9,15,Y6068493,,,,0,30.0,0,0
75,11,25,9,16,Y6068494,,,,0,30.0,0,0
75,11,25,9,17,Y6068495,,,,0,30.0,0,0
75,11,25,9,18,Y6068496,,,,0,30.0,0,0
75,11,25,9,19,Y6068497,,,,0,30.0,0,0
75,11,25,9,20,Y6068498,,,,0,30.0,0,0
75,11,25,9,21,Y6068499,,,,0,30.0,0,0
75,11,25,9,22,Y6068500,,,,0,30.0,0,0
75,11,25,9,23,Y6068501,,,,0,30.0,0,0
75,11,25,9,24,Y6068502,,,,0,30.0,0,0
75,11,25,9,25,Y6068503,,,,0,30.0,0,0
75,11,25,9,26,Y6068504,,,,0,30.0,0,0
75,11,25,9,27,Y6068505,,,,0,30.0,0,0
75,11,25,9,28,Y6068506,,,,0,30.0,0,0
75,11,25,9,29,Y6068507,,,,0,30.0,0,0
75,11,25,9,30,Y6068508,,,,0,30.0,0,0
75,11,25,10,10,Y6068509,,,,0,30.0,0,0
75,11,25,10,11,Y6068510,,,,0,30.0,0,0
75,11,25,10,12,Y6068511,,,,0,30.0,0,0
75,11,25,10,13,Y6068512,,,,0,30.0,0,0
75,11,25,10,14,Y6068513,,,,0,30.0,0,0
75,11,25,10,15,Y6068514,,,,0,30.0,0,0
75,11,25,10,16,Y6068515,,,,0,30.0,0,0
75,11,25,10,17,Y6068516,,,,0,30.0,0,0
75,11,25,10,18,Y6068517,,,,0,30.0,0,0
75,11,25,10,19,Y6068518,,,,0,30.0,0,0
75,11,25,10,20,Y6068519,,,,0,30.0,0,0
75,11,25,10,21,Y6068520,,,,0,30.0,0,0
75,11,25,10,22,Y6068521,,,,0,30.0,0,0
75,11,25,10,23,Y6068522,,,,0,30.0,0,0
75,11,25,10,24,Y6068523,,,,0,30.0,0,0
75,11,25,10,25,Y6068524,,,,0,30.0,0,0
75,11,25,10,26,Y6068525,,,,0,30.0,0,0
75,11,25,10,27,Y6068526,,,,0,30.0,0,0
75,11,25,10,28,Y6068527,,,,0,30.0,0,0
75,11,25,10,29,Y6068528,,,,0,30.0,0,0
75,11,25,10,30,Y6068529,,,,0,30.0,0,0
75,11,25,11,10,Y6068530,,,,0,30.0,0,0
75,11,25,11,11,Y6068531,,,,0,30.0,0,0
75,11,25,11,12,Y6068532,,,,0,30.0,0,0
75,11,25,11,13,Y6068533,,,,0,30.0,0,0
75,11,25,11,14,Y6068534,,,,0,30.0,0,0
75,11,25,11,15,Y6068535,,,,0,30.0,0,0
75,11,25,11,16,Y6068536,,,,0,30.0,0,0
75,11,25,11,17,Y6068537,,,,0,30.0,0,0
75,11,25,11,18,Y6068538,,,,0,30.0,0,0
75,11,25,11,19,Y6068539,,,,0,30.0,0,0
75,11,25,11,20,Y6068540,,,,0,30.0,0,0
75,11,25,11,21,Y6068541,,,,0,30.0,0,0
75,11,25,11,22,Y6068542,,,,0,30.0,0,0
75,11,25,11,23,Y6068543,,,,0,30.0,0,0
75,11,25,11,24,Y6068544,,,,0,30.0,0,0
75,11,25,11,25,Y6068545,,,,0,30.0,0,0
75,11,25,11,26,Y6068546,,,,0,30.0,0,0
75,11,25,11,27,Y6068547,,,,0,30.0,0,0
75,11,25,11,28,Y6068548,,,,0,30.0,0,0
75,11,25,11,29,Y6068549,,,,0,30.0,0,0
75,11,25,11,30,Y6068550,,,,0,30.0,0,0
75,11,25,12,10,Y6068551,,,,0,30.0,0,0
75,11,25,12,11,Y6068552,,,,0,30.0,0,0
75,11,25,12,12,Y6068553,,,,0,30.0,0,0
75,11,25,12,13,Y6068554,,,,0,30.0,0,0
75,11,25,12,14,Y6068555,,,,0,30.0,0,0
75,11,25,12,15,Y6068556,,,,0,30.0,0,0
75,11,25,12,16,Y6068557,,,,0,30.0,0,0
75,11,25,12,17,Y6068558,,,,0,30.0,0,0
75,11,25,12,18,Y6068559,,,,0,30.0,0,0
75,11,25,12,19,Y6068560,,,,0,30.0,0,0
75,11,25,12,20,Y6068561,,,,0,30.0,0,0
75,11,25,12,21,Y6068562,,,,0,30.0,0,0
75,11,25,12,22,Y6068563,,,,0,30.0,0,0
75,11,25,12,23,Y6068564,,,,0,30.0,0,0
75,11,25,12,24,Y6068565,,,,0,30.0,0,0
75,11,25,12,25,Y6068566,,,,0,30.0,0,0
75,11,25,12,26,Y6068567,,,,0,30.0,0,0
75,11,25,12,27,Y6068568,,,,0,30.0,0,0
75,11,25,12,28,Y6068569,,,,0,30.0,0,0
75,11,25,12,29,Y6068570,,,,0,30.0,0,0
75,11,25,12,30,Y6068571,,,,0,30.0,0,0
75,11,26,1,10,Y6068572,,,,0,30.0,0,0
75,11,26,1,11,Y6068573,,,,0,30.0,0,0
75,11,26,1,12,Y6068574,,,,0,30.0,0,0
75,11,26,1,13,Y6068575,,,,0,30.0,0,0
75,11,26,1,14,Y6068576,,,,0,30.0,0,0
75,11,26,1,15,Y6068577,,,,0,30.0,0,0
75,11,26,1,16,Y6068578,,,,0,30.0,0,0
75,11,26,1,17,Y6068579,,,,0,30.0,0,0
75,11,26,1,18,Y6068580,,,,0,30.0,0,0
75,11,26,1,19,Y6068581,,,,0,30.0,0,0
75,11,26,1,20,Y6068582,,,,0,30.0,0,0
75,11,26,1,21,Y6068583,,,,0,30.0,0,0
75,11,26,1,22,Y6068584,,,,0,30.0,0,0
75,11,26,1,23,Y6068585,,,,0,30.0,0,0
75,11,26,1,24,Y6068586,,,,0,30.0,0,0
75,11,26,1,25,Y6068587,,,,0,30.0,0,0
75,11,26,1,26,Y6068588,,,,0,30.0,0,0
75,11,26,1,27,Y6068589,,,,0,30.0,0,0
75,11,26,1,28,Y6068590,,,,0,30.0,0,0
75,11,26,1,29,Y6068591,,,,0,30.0,0,0
75,11,26,1,30,Y6068592,,,,0,30.0,0,0
75,11,26,2,10,Y6068593,,,,0,30.0,0,0
75,11,26,2,11,Y6068594,,,,0,30.0,0,0
75,11,26,2,12,Y6068595,,,,0,30.0,0,0
75,11,26,2,13,Y6068596,,,,0,30.0,0,0
75,11,26,2,14,Y6068597,,,,0,30.0,0,0
75,11,26,2,15,Y6068598,,,,0,30.0,0,0
75,11,26,2,16,Y6068599,,,,0,30.0,0,0
75,11,26,2,17,Y6068600,,,,0,30.0,0,0
75,11,26,2,18,Y6068601,,,,0,30.0,0,0
75,11,26,2,19,Y6068602,,,,0,30.0,0,0
75,11,26,2,20,Y6068603,,,,0,30.0,0,0
75,11,26,2,21,Y6068604,,,,0,30.0,0,0
75,11,26,2,22,Y6068605,,,,0,30.0,0,0
75,11,26,2,23,Y6068606,,,,0,30.0,0,0
75,11,26,2,24,Y6068607,,,,0,30.0,0,0
75,11,26,2,25,Y6068608,,,,0,30.0,0,0
75,11,26,2,26,Y6068609,,,,0,30.0,0,0
75,11,26,2,27,Y6068610,,,,0,30.0,0,0
75,11,26,2,28,Y6068611,,,,0,30.0,0,0
75,11,26,2,29,Y6068612,,,,0,30.0,0,0
75,11,26,2,30,Y6068613,,,,0,30.0,0,0
75,11,26,3,10,Y6068614,,,,0,30.0,0,0
75,11,26,3,11,Y6068615,,,,0,30.0,0,0
75,11,26,3,12,Y6068616,,,,0,30.0,0,0
75,11,26,3,13,Y6068617,,,,0,30.0,0,0
75,11,26,3,14,Y6068618,,,,0,30.0,0,0
75,11,26,3,15,Y6068619,,,,0,30.0,0,0
75,11,26,3,16,Y6068620,,,,0,30.0,0,0
75,11,26,3,17,Y6068621,,,,0,30.0,0,0
75,11,26,3,18,Y6068622,,,,0,30.0,0,0
75,11,26,3,19,Y6068623,,,,0,30.0,0,0
75,11,26,3,20,Y6068624,,,,0,30.0,0,0
75,11,26,3,21,Y6068625,,,,0,30.0,0,0
75,11,26,3,22,Y6068626,,,,0,30.0,0,0
75,11,26,3,23,Y6068627,,,,0,30.0,0,0
75,11,26,3,24,Y6068628,,,,0,30.0,0,0
75,11,26,3,25,Y6068629,,,,0,30.0,0,0
75,11,26,3,26,Y6068630,,,,0,30.0,0,0
75,11,26,3,27,Y6068631,,,,0,30.0,0,0
75,11,26,3,28,Y6068632,,,,0,30.0,0,0
75,11,26,3,29,Y6068633,,,,0,30.0,0,0
75,11,26,3,30,Y6068634,,,,0,30.0,0,0
75,11,26,4,10,Y6068635,,,,0,30.0,0,0
75,11,26,4,11,Y6068636,,,,0,30.0,0,0
75,11,26,4,12,Y6068637,,,,0,30.0,0,0
75,11,26,4,13,Y6068638,,,,0,30.0,0,0
75,11,26,4,14,Y6068639,,,,0,30.0,0,0
75,11,26,4,15,Y6068640,,,,0,30.0,0,0
75,11,26,4,16,Y6068641,,,,0,30.0,0,0
75,11,26,4,17,Y6068642,,,,0,30.0,0,0
75,11,26,4,18,Y6068643,,,,0,30.0,0,0
75,11,26,4,19,Y6068644,,,,0,30.0,0,0
75,11,26,4,20,Y6068645,,,,0,30.0,0,0
75,11,26,4,21,Y6068646,,,,0,30.0,0,0
75,11,26,4,22,Y6068647,,,,0,30.0,0,0
75,11,26,4,23,Y6068648,,,,0,30.0,0,0
75,11,26,4,24,Y6068649,,,,0,30.0,0,0
75,11,26,4,25,Y6068650,,,,0,30.0,0,0
75,11,26,4,26,Y6068651,,,,0,30.0,0,0
75,11,26,4,27,Y6068652,,,,0,30.0,0,0
75,11,26,4,28,Y6068653,,,,0,30.0,0,0
75,11,26,4,29,Y6068654,,,,0,30.0,0,0
75,11,26,4,30,Y6068655,,,,0,30.0,0,0
75,11,26,5,10,Y6068656,,,,0,30.0,0,0
75,11,26,5,11,Y6068657,,,,0,30.0,0,0
75,11,26,5,12,Y6068658,,,,0,30.0,0,0
75,11,26,5,13,Y6068659,,,,0,30.0,0,0
75,11,26,5,14,Y6068660,,,,0,30.0,0,0
75,11,26,5,15,Y6068661,,,,0,30.0,0,0
75,11,26,5,16,Y6068662,,,,0,30.0,0,0
75,11,26,5,17,Y6068663,,,,0,30.0,0,0
75,11,26,5,18,Y6068664,,,,0,30.0,0,0
75,11,26,5,19,Y6068665,,,,0,30.0,0,0
75,11,26,5,20,Y6068666,,,,0,30.0,0,0
75,11,26,5,21,Y6068667,,,,0,30.0,0,0
75,11,26,5,22,Y6068668,,,,0,30.0,0,0
75,11,26,5,23,Y6068669,,,,0,30.0,0,0
75,11,26,5,24,Y6068670,,,,0,30.0,0,0
75,11,26,5,25,Y6068671,,,,0,30.0,0,0
75,11,26,5,26,Y6068672,,,,0,30.0,0,0
75,11,26,5,27,Y6068673,,,,0,30.0,0,0
75,11,26,5,28,Y6068674,,,,0,30.0,0,0
75,11,26,5,29,Y6068675,,,,0,30.0,0,0
75,11,26,5,30,Y6068676,,,,0,30.0,0,0
75,11,26,6,10,Y6068677,,,,0,30.0,0,0
75,11,26,6,11,Y6068678,,,,0,30.0,0,0
75,11,26,6,12,Y6068679,,,,0,30.0,0,0
75,11,26,6,13,Y6068680,,,,0,30.0,0,0
75,11,26,6,14,Y6068681,,,,0,30.0,0,0
75,11,26,6,15,Y6068682,,,,0,30.0,0,0
75,11,26,6,16,Y6068683,,,,0,30.0,0,0
75,11,26,6,17,Y6068684,,,,0,30.0,0,0
75,11,26,6,18,Y6068685,,,,0,30.0,0,0
75,11,26,6,19,Y6068686,,,,0,30.0,0,0
75,11,26,6,20,Y6068687,,,,0,30.0,0,0
75,11,26,6,21,Y6068688,,,,0,30.0,0,0
75,11,26,6,22,Y6068689,,,,0,30.0,0,0
75,11,26,6,23,Y6068690,,,,0,30.0,0,0
75,11,26,6,24,Y6068691,,,,0,30.0,0,0
75,11,26,6,25,Y6068692,,,,0,30.0,0,0
75,11,26,6,26,Y6068693,,,,0,30.0,0,0
75,11,26,6,27,Y6068694,,,,0,30.0,0,0
75,11,26,6,28,Y6068695,,,,0,30.0,0,0
75,11,26,6,29,Y6068696,,,,0,30.0,0,0
75,11,26,6,30,Y6068697,,,,0,30.0,0,0
75,11,26,7,10,Y6068698,,,,0,30.0,0,0
75,11,26,7,11,Y6068699,,,,0,30.0,0,0
75,11,26,7,12,Y6068700,,,,0,30.0,0,0
75,11,26,7,13,Y6068701,,,,0,30.0,0,0
75,11,26,7,14,Y6068702,,,,0,30.0,0,0
75,11,26,7,15,Y6068703,,,,0,30.0,0,0
75,11,26,7,16,Y6068704,,,,0,30.0,0,0
75,11,26,7,17,Y6068705,,,,0,30.0,0,0
75,11,26,7,18,Y6068706,,,,0,30.0,0,0
75,11,26,7,19,Y6068707,,,,0,30.0,0,0
75,11,26,7,20,Y6068708,,,,0,30.0,0,0
75,11,26,7,21,Y6068709,,,,0,30.0,0,0
75,11,26,7,22,Y6068710,,,,0,30.0,0,0
75,11,26,7,23,Y6068711,,,,0,30.0,0,0
75,11,26,7,24,Y6068712,,,,0,30.0,0,0
75,11,26,7,25,Y6068713,,,,0,30.0,0,0
75,11,26,7,26,Y6068714,,,,0,30.0,0,0
75,11,26,7,27,Y6068715,,,,0,30.0,0,0
75,11,26,7,28,Y6068716,,,,0,30.0,0,0
75,11,26,7,29,Y6068717,,,,0,30.0,0,0
75,11,26,7,30,Y6068718,,,,0,30.0,0,0
75,11,26,8,10,Y6068719,,,,0,30.0,0,0
75,11,26,8,11,Y6068720,,,,0,30.0,0,0
75,11,26,8,12,Y6068721,,,,0,30.0,0,0
75,11,26,8,13,Y6068722,,,,0,30.0,0,0
75,11,26,8,14,Y6068723,,,,0,30.0,0,0
75,11,26,8,15,Y6068724,,,,0,30.0,0,0
75,11,26,8,16,Y6068725,,,,0,30.0,0,0
75,11,26,8,17,Y6068726,,,,0,30.0,0,0
75,11,26,8,18,Y6068727,,,,0,30.0,0,0
75,11,26,8,19,Y6068728,,,,0,30.0,0,0
75,11,26,8,20,Y6068729,,,,0,30.0,0,0
75,11,26,8,21,Y6068730,,,,0,30.0,0,0
75,11,26,8,22,Y6068731,,,,0,30.0,0,0
75,11,26,8,23,Y6068732,,,,0,30.0,0,0
75,11,26,8,24,Y6068733,,,,0,30.0,0,0
75,11,26,8,25,Y6068734,,,,0,30.0,0,0
75,11,26,8,26,Y6068735,,,,0,30.0,0,0
75,11,26,8,27,Y6068736,,,,0,30.0,0,0
75,11,26,8,28,Y6068737,,,,0,30.0,0,0
75,11,26,8,29,Y6068738,,,,0,30.0,0,0
75,11,26,8,30,Y6068739,,,,0,30.0,0,0
75,11,26,9,10,Y6068740,,,,0,30.0,0,0
75,11,26,9,11,Y6068741,,,,0,30.0,0,0
75,11,26,9,12,Y6068742,,,,0,30.0,0,0
75,11,26,9,13,Y6068743,,,,0,30.0,0,0
75,11,26,9,14,Y6068744,,,,0,30.0,0,0
75,11,26,9,15,Y6068745,,,,0,30.0,0,0
75,11,26,9,16,Y6068746,,,,0,30.0,0,0
75,11,26,9,17,Y6068747,,,,0,30.0,0,0
75,11,26,9,18,Y6068748,,,,0,30.0,0,0
75,11,26,9,19,Y6068749,,,,0,30.0,0,0
75,11,26,9,20,Y6068750,,,,0,30.0,0,0
75,11,26,9,21,Y6068751,,,,0,30.0,0,0
75,11,26,9,22,Y6068752,,,,0,30.0,0,0
75,11,26,9,23,Y6068753,,,,0,30.0,0,0
75,11,26,9,24,Y6068754,,,,0,30.0,0,0
75,11,26,9,25,Y6068755,,,,0,30.0,0,0
75,11,26,9,26,Y6068756,,,,0,30.0,0,0
75,11,26,9,27,Y6068757,,,,0,30.0,0,0
75,11,26,9,28,Y6068758,,,,0,30.0,0,0
75,11,26,9,29,Y6068759,,,,0,30.0,0,0
75,11,26,9,30,Y6068760,,,,0,30.0,0,0
75,11,26,10,10,Y6068761,,,,0,30.0,0,0
75,11,26,10,11,Y6068762,,,,0,30.0,0,0
75,11,26,10,12,Y6068763,,,,0,30.0,0,0
75,11,26,10,13,Y6068764,,,,0,30.0,0,0
75,11,26,10,14,Y6068765,,,,0,30.0,0,0
75,11,26,10,15,Y6068766,,,,0,30.0,0,0
75,11,26,10,16,Y6068767,,,,0,30.0,0,0
75,11,26,10,17,Y6068768,,,,0,30.0,0,0
75,11,26,10,18,Y6068769,,,,0,30.0,0,0
75,11,26,10,19,Y6068770,,,,0,30.0,0,0
75,11,26,10,20,Y6068771,,,,0,30.0,0,0
75,11,26,10,21,Y6068772,,,,0,30.0,0,0
75,11,26,10,22,Y6068773,,,,0,30.0,0,0
75,11,26,10,23,Y6068774,,,,0,30.0,0,0
75,11,26,10,24,Y6068775,,,,0,30.0,0,0
75,11,26,10,25,Y6068776,,,,0,30.0,0,0
75,11,26,10,26,Y6068777,,,,0,30.0,0,0
75,11,26,10,27,Y6068778,,,,0,30.0,0,0
75,11,26,10,28,Y6068779,,,,0,30.0,0,0
75,11,26,10,29,Y6068780,,,,0,30.0,0,0
75,11,26,10,30,Y6068781,,,,0,30.0,0,0
75,11,26,11,10,Y6068782,,,,0,30.0,0,0
75,11,26,11,11,Y6068783,,,,0,30.0,0,0
75,11,26,11,12,Y6068784,,,,0,30.0,0,0
75,11,26,11,13,Y6068785,,,,0,30.0,0,0
75,11,26,11,14,Y6068786,,,,0,30.0,0,0
75,11,26,11,15,Y6068787,,,,0,30.0,0,0
75,11,26,11,16,Y6068788,,,,0,30.0,0,0
75,11,26,11,17,Y6068789,,,,0,30.0,0,0
75,11,26,11,18,Y6068790,,,,0,30.0,0,0
75,11,26,11,19,Y6068791,,,,0,30.0,0,0
75,11,26,11,20,Y6068792,,,,0,30.0,0,0
75,11,26,11,21,Y6068793,,,,0,30.0,0,0
75,11,26,11,22,Y6068794,,,,0,30.0,0,0
75,11,26,11,23,Y6068795,,,,0,30.0,0,0
75,11,26,11,24,Y6068796,,,,0,30.0,0,0
75,11,26,11,25,Y6068797,,,,0,30.0,0,0
75,11,26,11,26,Y6068798,,,,0,30.0,0,0
75,11,26,11,27,Y6068799,,,,0,30.0,0,0
75,11,26,11,28,Y6068800,,,,0,30.0,0,0
75,11,26,11,29,Y6068801,,,,0,30.0,0,0
75,11,26,11,30,Y6068802,,,,0,30.0,0,0
75,11,26,12,10,Y6068803,,,,0,30.0,0,0
75,11,26,12,11,Y6068804,,,,0,30.0,0,0
75,11,26,12,12,Y6068805,,,,0,30.0,0,0
75,11,26,12,13,Y6068806,,,,0,30.0,0,0
75,11,26,12,14,Y6068807,,,,0,30.0,0,0
75,11,26,12,15,Y6068808,,,,0,30.0,0,0
75,11,26,12,16,Y6068809,,,,0,30.0,0,0
75,11,26,12,17,Y6068810,,,,0,30.0,0,0
75,11,26,12,18,Y6068811,,,,0,30.0,0,0
75,11,26,12,19,Y6068812,,,,0,30.0,0,0
75,11,26,12,20,Y6068813,,,,0,30.0,0,0
75,11,26,12,21,Y6068814,,,,0,30.0,0,0
75,11,26,12,22,Y6068815,,,,0,30.0,0,0
75,11,26,12,23,Y6068816,,,,0,30.0,0,0
75,11,26,12,24,Y6068817,,,,0,30.0,0,0
75,11,26,12,25,Y6068818,,,,0,30.0,0,0
75,11,26,12,26,Y6068819,,,,0,30.0,0,0
75,11,26,12,27,Y6068820,,,,0,30.0,0,0
75,11,26,12,28,Y6068821,,,,0,30.0,0,0
75,11,26,12,29,Y6068822,,,,0,30.0,0,0
75,11,26,12,30,Y6068823,,,,0,30.0,0,0
75,11,27,1,10,Y6068824,,,,0,30.0,0,0
75,11,27,1,11,Y6068825,,,,0,30.0,0,0
75,11,27,1,12,Y6068826,,,,0,30.0,0,0
75,11,27,1,13,Y6068827,,,,0,30.0,0,0
75,11,27,1,14,Y6068828,,,,0,30.0,0,0
75,11,27,1,15,Y6068829,,,,0,30.0,0,0
75,11,27,1,16,Y6068830,,,,0,30.0,0,0
75,11,27,1,17,Y6068831,,,,0,30.0,0,0
75,11,27,1,18,Y6068832,,,,0,30.0,0,0
75,11,27,1,19,Y6068833,,,,0,30.0,0,0
75,11,27,1,20,Y6068834,,,,0,30.0,0,0
75,11,27,1,21,Y6068835,,,,0,30.0,0,0
75,11,27,1,22,Y6068836,,,,0,30.0,0,0
75,11,27,1,23,Y6068837,,,,0,30.0,0,0
75,11,27,1,24,Y6068838,,,,0,30.0,0,0
75,11,27,1,25,Y6068839,,,,0,30.0,0,0
75,11,27,1,26,Y6068840,,,,0,30.0,0,0
75,11,27,1,27,Y6068841,,,,0,30.0,0,0
75,11,27,1,28,Y6068842,,,,0,30.0,0,0
75,11,27,1,29,Y6068843,,,,0,30.0,0,0
75,11,27,1,30,Y6068844,,,,0,30.0,0,0
75,11,27,2,10,Y6068845,,,,0,30.0,0,0
75,11,27,2,11,Y6068846,,,,0,30.0,0,0
75,11,27,2,12,Y6068847,,,,0,30.0,0,0
75,11,27,2,13,Y6068848,,,,0,30.0,0,0
75,11,27,2,14,Y6068849,,,,0,30.0,0,0
75,11,27,2,15,Y6068850,,,,0,30.0,0,0
75,11,27,2,16,Y6068851,,,,0,30.0,0,0
75,11,27,2,17,Y6068852,,,,0,30.0,0,0
75,11,27,2,18,Y6068853,,,,0,30.0,0,0
75,11,27,2,19,Y6068854,,,,0,30.0,0,0
75,11,27,2,20,Y6068855,,,,0,30.0,0,0
75,11,27,2,21,Y6068856,,,,0,30.0,0,0
75,11,27,2,22,Y6068857,,,,0,30.0,0,0
75,11,27,2,23,Y6068858,,,,0,30.0,0,0
75,11,27,2,24,Y6068859,,,,0,30.0,0,0
75,11,27,2,25,Y6068860,,,,0,30.0,0,0
75,11,27,2,26,Y6068861,,,,0,30.0,0,0
75,11,27,2,27,Y6068862,,,,0,30.0,0,0
75,11,27,2,28,Y6068863,,,,0,30.0,0,0
75,11,27,2,29,Y6068864,,,,0,30.0,0,0
75,11,27,2,30,Y6068865,,,,0,30.0,0,0
75,11,27,3,10,Y6068866,,,,0,30.0,0,0
75,11,27,3,11,Y6068867,,,,0,30.0,0,0
75,11,27,3,12,Y6068868,,,,0,30.0,0,0
75,11,27,3,13,Y6068869,,,,0,30.0,0,0
75,11,27,3,14,Y6068870,,,,0,30.0,0,0
75,11,27,3,15,Y6068871,,,,0,30.0,0,0
75,11,27,3,16,Y6068872,,,,0,30.0,0,0
75,11,27,3,17,Y6068873,,,,0,30.0,0,0
75,11,27,3,18,Y6068874,,,,0,30.0,0,0
75,11,27,3,19,Y6068875,,,,0,30.0,0,0
75,11,27,3,20,Y6068876,,,,0,30.0,0,0
75,11,27,3,21,Y6068877,,,,0,30.0,0,0
75,11,27,3,22,Y6068878,,,,0,30.0,0,0
75,11,27,3,23,Y6068879,,,,0,30.0,0,0
75,11,27,3,24,Y6068880,,,,0,30.0,0,0
75,11,27,3,25,Y6068881,,,,0,30.0,0,0
75,11,27,3,26,Y6068882,,,,0,30.0,0,0
75,11,27,3,27,Y6068883,,,,0,30.0,0,0
75,11,27,3,28,Y6068884,,,,0,30.0,0,0
75,11,27,3,29,Y6068885,,,,0,30.0,0,0
75,11,27,3,30,Y6068886,,,,0,30.0,0,0
75,11,27,4,10,Y6068887,,,,0,30.0,0,0
75,11,27,4,11,Y6068888,,,,0,30.0,0,0
75,11,27,4,12,Y6068889,,,,0,30.0,0,0
75,11,27,4,13,Y6068890,,,,0,30.0,0,0
75,11,27,4,14,Y6068891,,,,0,30.0,0,0
75,11,27,4,15,Y6068892,,,,0,30.0,0,0
75,11,27,4,16,Y6068893,,,,0,30.0,0,0
75,11,27,4,17,Y6068894,,,,0,30.0,0,0
75,11,27,4,18,Y6068895,,,,0,30.0,0,0
75,11,27,4,19,Y6068896,,,,0,30.0,0,0
75,11,27,4,20,Y6068897,,,,0,30.0,0,0
75,11,27,4,21,Y6068898,,,,0,30.0,0,0
75,11,27,4,22,Y6068899,,,,0,30.0,0,0
75,11,27,4,23,Y6068900,,,,0,30.0,0,0
75,11,27,4,24,Y6068901,,,,0,30.0,0,0
75,11,27,4,25,Y6068902,,,,0,30.0,0,0
75,11,27,4,26,Y6068903,,,,0,30.0,0,0
75,11,27,4,27,Y6068904,,,,0,30.0,0,0
75,11,27,4,28,Y6068905,,,,0,30.0,0,0
75,11,27,4,29,Y6068906,,,,0,30.0,0,0
75,11,27,4,30,Y6068907,,,,0,30.0,0,0
75,11,27,5,10,Y6068908,,,,0,30.0,0,0
75,11,27,5,11,Y6068909,,,,0,30.0,0,0
75,11,27,5,12,Y6068910,,,,0,30.0,0,0
75,11,27,5,13,Y6068911,,,,0,30.0,0,0
75,11,27,5,14,Y6068912,,,,0,30.0,0,0
75,11,27,5,15,Y6068913,,,,0,30.0,0,0
75,11,27,5,16,Y6068914,,,,0,30.0,0,0
75,11,27,5,17,Y6068915,,,,0,30.0,0,0
75,11,27,5,18,Y6068916,,,,0,30.0,0,0
75,11,27,5,19,Y6068917,,,,0,30.0,0,0
75,11,27,5,20,Y6068918,,,,0,30.0,0,0
75,11,27,5,21,Y6068919,,,,0,30.0,0,0
75,11,27,5,22,Y6068920,,,,0,30.0,0,0
75,11,27,5,23,Y6068921,,,,0,30.0,0,0
75,11,27,5,24,Y6068922,,,,0,30.0,0,0
75,11,27,5,25,Y6068923,,,,0,30.0,0,0
75,11,27,5,26,Y6068924,,,,0,30.0,0,0
75,11,27,5,27,Y6068925,,,,0,30.0,0,0
75,11,27,5,28,Y6068926,,,,0,30.0,0,0
75,11,27,5,29,Y6068927,,,,0,30.0,0,0
75,11,27,5,30,Y6068928,,,,0,30.0,0,0
75,11,27,6,10,Y6068929,,,,0,30.0,0,0
75,11,27,6,11,Y6068930,,,,0,30.0,0,0
75,11,27,6,12,Y6068931,,,,0,30.0,0,0
75,11,27,6,13,Y6068932,,,,0,30.0,0,0
75,11,27,6,14,Y6068933,,,,0,30.0,0,0
75,11,27,6,15,Y6068934,,,,0,30.0,0,0
75,11,27,6,16,Y6068935,,,,0,30.0,0,0
75,11,27,6,17,Y6068936,,,,0,30.0,0,0
75,11,27,6,18,Y6068937,,,,0,30.0,0,0
75,11,27,6,19,Y6068938,,,,0,30.0,0,0
75,11,27,6,20,Y6068939,,,,0,30.0,0,0
75,11,27,6,21,Y6068940,,,,0,30.0,0,0
75,11,27,6,22,Y6068941,,,,0,30.0,0,0
75,11,27,6,23,Y6068942,,,,0,30.0,0,0
75,11,27,6,24,Y6068943,,,,0,30.0,0,0
75,11,27,6,25,Y6068944,,,,0,30.0,0,0
75,11,27,6,26,Y6068945,,,,0,30.0,0,0
75,11,27,6,27,Y6068946,,,,0,30.0,0,0
75,11,27,6,28,Y6068947,,,,0,30.0,0,0
75,11,27,6,29,Y6068948,,,,0,30.0,0,0
75,11,27,6,30,Y6068949,,,,0,30.0,0,0
75,11,27,7,10,Y6068950,,,,0,30.0,0,0
75,11,27,7,11,Y6068951,,,,0,30.0,0,0
75,11,27,7,12,Y6068952,,,,0,30.0,0,0
75,11,27,7,13,Y6068953,,,,0,30.0,0,0
75,11,27,7,14,Y6068954,,,,0,30.0,0,0
75,11,27,7,15,Y6068955,,,,0,30.0,0,0
75,11,27,7,16,Y6068956,,,,0,30.0,0,0
75,11,27,7,17,Y6068957,,,,0,30.0,0,0
75,11,27,7,18,Y6068958,,,,0,30.0,0,0
75,11,27,7,19,Y6068959,,,,0,30.0,0,0
75,11,27,7,20,Y6068960,,,,0,30.0,0,0
75,11,27,7,21,Y6068961,,,,0,30.0,0,0
75,11,27,7,22,Y6068962,,,,0,30.0,0,0
75,11,27,7,23,Y6068963,,,,0,30.0,0,0
75,11,27,7,24,Y6068964,,,,0,30.0,0,0
75,11,27,7,25,Y6068965,,,,0,30.0,0,0
75,11,27,7,26,Y6068966,,,,0,30.0,0,0
75,11,27,7,27,Y6068967,,,,0,30.0,0,0
75,11,27,7,28,Y6068968,,,,0,30.0,0,0
75,11,27,7,29,Y6068969,,,,0,30.0,0,0
75,11,27,7,30,Y6068970,,,,0,30.0,0,0
75,11,27,8,10,Y6068971,,,,0,30.0,0,0
75,11,27,8,11,Y6068972,,,,0,30.0,0,0
75,11,27,8,12,Y6068973,,,,0,30.0,0,0
75,11,27,8,13,Y6068974,,,,0,30.0,0,0
75,11,27,8,14,Y6068975,,,,0,30.0,0,0
75,11,27,8,15,Y6068976,,,,0,30.0,0,0
75,11,27,8,16,Y6068977,,,,0,30.0,0,0
75,11,27,8,17,Y6068978,,,,0,30.0,0,0
75,11,27,8,18,Y6068979,,,,0,30.0,0,0
75,11,27,8,19,Y6068980,,,,0,30.0,0,0
75,11,27,8,20,Y6068981,,,,0,30.0,0,0
75,11,27,8,21,Y6068982,,,,0,30.0,0,0
75,11,27,8,22,Y6068983,,,,0,30.0,0,0
75,11,27,8,23,Y6068984,,,,0,30.0,0,0
75,11,27,8,24,Y6068985,,,,0,30.0,0,0
75,11,27,8,25,Y6068986,,,,0,30.0,0,0
75,11,27,8,26,Y6068987,,,,0,30.0,0,0
75,11,27,8,27,Y6068988,,,,0,30.0,0,0
75,11,27,8,28,Y6068989,,,,0,30.0,0,0
75,11,27,8,29,Y6068990,,,,0,30.0,0,0
75,11,27,8,30,Y6068991,,,,0,30.0,0,0
75,11,27,9,10,Y6068992,,,,0,30.0,0,0
75,11,27,9,11,Y6068993,,,,0,30.0,0,0
75,11,27,9,12,Y6068994,,,,0,30.0,0,0
75,11,27,9,13,Y6068995,,,,0,30.0,0,0
75,11,27,9,14,Y6068996,,,,0,30.0,0,0
75,11,27,9,15,Y6068997,,,,0,30.0,0,0
75,11,27,9,16,Y6068998,,,,0,30.0,0,0
75,11,27,9,17,Y6068999,,,,0,30.0,0,0
75,11,27,9,18,Y6069000,,,,0,30.0,0,0
75,11,27,9,19,Y6069001,,,,0,30.0,0,0
75,11,27,9,20,Y6069002,,,,0,30.0,0,0
75,11,27,9,21,Y6069003,,,,0,30.0,0,0
75,11,27,9,22,Y6069004,,,,0,30.0,0,0
75,11,27,9,23,Y6069005,,,,0,30.0,0,0
75,11,27,9,24,Y6069006,,,,0,30.0,0,0
75,11,27,9,25,Y6069007,,,,0,30.0,0,0
75,11,27,9,26,Y6069008,,,,0,30.0,0,0
75,11,27,9,27,Y6069009,,,,0,30.0,0,0
75,11,27,9,28,Y6069010,,,,0,30.0,0,0
75,11,27,9,29,Y6069011,,,,0,30.0,0,0
75,11,27,9,30,Y6069012,,,,0,30.0,0,0
75,11,27,10,10,Y6069013,,,,0,30.0,0,0
75,11,27,10,11,Y6069014,,,,0,30.0,0,0
75,11,27,10,12,Y6069015,,,,0,30.0,0,0
75,11,27,10,13,Y6069016,,,,0,30.0,0,0
75,11,27,10,14,Y6069017,,,,0,30.0,0,0
75,11,27,10,15,Y6069018,,,,0,30.0,0,0
75,11,27,10,16,Y6069019,,,,0,30.0,0,0
75,11,27,10,17,Y6069020,,,,0,30.0,0,0
75,11,27,10,18,Y6069021,,,,0,30.0,0,0
75,11,27,10,19,Y6069022,,,,0,30.0,0,0
75,11,27,10,20,Y6069023,,,,0,30.0,0,0
75,11,27,10,21,Y6069024,,,,0,30.0,0,0
75,11,27,10,22,Y6069025,,,,0,30.0,0,0
75,11,27,10,23,Y6069026,,,,0,30.0,0,0
75,11,27,10,24,Y6069027,,,,0,30.0,0,0
75,11,27,10,25,Y6069028,,,,0,30.0,0,0
75,11,27,10,26,Y6069029,,,,0,30.0,0,0
75,11,27,10,27,Y6069030,,,,0,30.0,0,0
75,11,27,10,28,Y6069031,,,,0,30.0,0,0
75,11,27,10,29,Y6069032,,,,0,30.0,0,0
75,11,27,10,30,Y6069033,,,,0,30.0,0,0
75,11,27,11,10,Y6069034,,,,0,30.0,0,0
75,11,27,11,11,Y6069035,,,,0,30.0,0,0
75,11,27,11,12,Y6069036,,,,0,30.0,0,0
75,11,27,11,13,Y6069037,,,,0,30.0,0,0
75,11,27,11,14,Y6069038,,,,0,30.0,0,0
75,11,27,11,15,Y6069039,,,,0,30.0,0,0
75,11,27,11,16,Y6069040,,,,0,30.0,0,0
75,11,27,11,17,Y6069041,,,,0,30.0,0,0
75,11,27,11,18,Y6069042,,,,0,30.0,0,0
75,11,27,11,19,Y6069043,,,,0,30.0,0,0
75,11,27,11,20,Y6069044,,,,0,30.0,0,0
75,11,27,11,21,Y6069045,,,,0,30.0,0,0
75,11,27,11,22,Y6069046,,,,0,30.0,0,0
75,11,27,11,23,Y6069047,,,,0,30.0,0,0
75,11,27,11,24,Y6069048,,,,0,30.0,0,0
75,11,27,11,25,Y6069049,,,,0,30.0,0,0
75,11,27,11,26,Y6069050,,,,0,30.0,0,0
75,11,27,11,27,Y6069051,,,,0,30.0,0,0
75,11,27,11,28,Y6069052,,,,0,30.0,0,0
75,11,27,11,29,Y6069053,,,,0,30.0,0,0
75,11,27,11,30,Y6069054,,,,0,30.0,0,0
75,11,27,12,10,Y6069055,,,,0,30.0,0,0
75,11,27,12,11,Y6069056,,,,0,30.0,0,0
75,11,27,12,12,Y6069057,,,,0,30.0,0,0
75,11,27,12,13,Y6069058,,,,0,30.0,0,0
75,11,27,12,14,Y6069059,,,,0,30.0,0,0
75,11,27,12,15,Y6069060,,,,0,30.0,0,0
75,11,27,12,16,Y6069061,,,,0,30.0,0,0
75,11,27,12,17,Y6069062,,,,0,30.0,0,0
75,11,27,12,18,Y6069063,,,,0,30.0,0,0
75,11,27,12,19,Y6069064,,,,0,30.0,0,0
75,11,27,12,20,Y6069065,,,,0,30.0,0,0
75,11,27,12,21,Y6069066,,,,0,30.0,0,0
75,11,27,12,22,Y6069067,,,,0,30.0,0,0
75,11,27,12,23,Y6069068,,,,0,30.0,0,0
75,11,27,12,24,Y6069069,,,,0,30.0,0,0
75,11,27,12,25,Y6069070,,,,0,30.0,0,0
75,11,27,12,26,Y6069071,,,,0,30.0,0,0
75,11,27,12,27,Y6069072,,,,0,30.0,0,0
75,11,27,12,28,Y6069073,,,,0,30.0,0,0
75,11,27,12,29,Y6069074,,,,0,30.0,0,0
75,11,27,12,30,Y6069075,,,,0,30.0,0,0
75,11,28,1,10,Y6069076,,,,0,30.0,0,0
75,11,28,1,11,Y6069077,,,,0,30.0,0,0
75,11,28,1,12,Y6069078,,,,0,30.0,0,0
75,11,28,1,13,Y6069079,,,,0,30.0,0,0
75,11,28,1,14,Y6069080,,,,0,30.0,0,0
75,11,28,1,15,Y6069081,,,,0,30.0,0,0
75,11,28,1,16,Y6069082,,,,0,30.0,0,0
75,11,28,1,17,Y6069083,,,,0,30.0,0,0
75,11,28,1,18,Y6069084,,,,0,30.0,0,0
75,11,28,1,19,Y6069085,,,,0,30.0,0,0
75,11,28,1,20,Y6069086,,,,0,30.0,0,0
75,11,28,1,21,Y6069087,,,,0,30.0,0,0
75,11,28,1,22,Y6069088,,,,0,30.0,0,0
75,11,28,1,23,Y6069089,,,,0,30.0,0,0
75,11,28,1,24,Y6069090,,,,0,30.0,0,0
75,11,28,1,25,Y6069091,,,,0,30.0,0,0
75,11,28,1,26,Y6069092,,,,0,30.0,0,0
75,11,28,1,27,Y6069093,,,,0,30.0,0,0
75,11,28,1,28,Y6069094,,,,0,30.0,0,0
75,11,28,1,29,Y6069095,,,,0,30.0,0,0
75,11,28,1,30,Y6069096,,,,0,30.0,0,0
75,11,28,2,10,Y6069097,,,,0,30.0,0,0
75,11,28,2,11,Y6069098,,,,0,30.0,0,0
75,11,28,2,12,Y6069099,,,,0,30.0,0,0
75,11,28,2,13,Y6069100,,,,0,30.0,0,0
75,11,28,2,14,Y6069101,,,,0,30.0,0,0
75,11,28,2,15,Y6069102,,,,0,30.0,0,0
75,11,28,2,16,Y6069103,,,,0,30.0,0,0
75,11,28,2,17,Y6069104,,,,0,30.0,0,0
75,11,28,2,18,Y6069105,,,,0,30.0,0,0
75,11,28,2,19,Y6069106,,,,0,30.0,0,0
75,11,28,2,20,Y6069107,,,,0,30.0,0,0
75,11,28,2,21,Y6069108,,,,0,30.0,0,0
75,11,28,2,22,Y6069109,,,,0,30.0,0,0
75,11,28,2,23,Y6069110,,,,0,30.0,0,0
75,11,28,2,24,Y6069111,,,,0,30.0,0,0
75,11,28,2,25,Y6069112,,,,0,30.0,0,0
75,11,28,2,26,Y6069113,,,,0,30.0,0,0
75,11,28,2,27,Y6069114,,,,0,30.0,0,0
75,11,28,2,28,Y6069115,,,,0,30.0,0,0
75,11,28,2,29,Y6069116,,,,0,30.0,0,0
75,11,28,2,30,Y6069117,,,,0,30.0,0,0
75,11,28,3,10,Y6069118,,,,0,30.0,0,0
75,11,28,3,11,Y6069119,,,,0,30.0,0,0
75,11,28,3,12,Y6069120,,,,0,30.0,0,0
75,11,28,3,13,Y6069121,,,,0,30.0,0,0
75,11,28,3,14,Y6069122,,,,0,30.0,0,0
75,11,28,3,15,Y6069123,,,,0,30.0,0,0
75,11,28,3,16,Y6069124,,,,0,30.0,0,0
75,11,28,3,17,Y6069125,,,,0,30.0,0,0
75,11,28,3,18,Y6069126,,,,0,30.0,0,0
75,11,28,3,19,Y6069127,,,,0,30.0,0,0
75,11,28,3,20,Y6069128,,,,0,30.0,0,0
75,11,28,3,21,Y6069129,,,,0,30.0,0,0
75,11,28,3,22,Y6069130,,,,0,30.0,0,0
75,11,28,3,23,Y6069131,,,,0,30.0,0,0
75,11,28,3,24,Y6069132,,,,0,30.0,0,0
75,11,28,3,25,Y6069133,,,,0,30.0,0,0
75,11,28,3,26,Y6069134,,,,0,30.0,0,0
75,11,28,3,27,Y6069135,,,,0,30.0,0,0
75,11,28,3,28,Y6069136,,,,0,30.0,0,0
75,11,28,3,29,Y6069137,,,,0,30.0,0,0
75,11,28,3,30,Y6069138,,,,0,30.0,0,0
75,11,28,4,10,Y6069139,,,,0,30.0,0,0
75,11,28,4,11,Y6069140,,,,0,30.0,0,0
75,11,28,4,12,Y6069141,,,,0,30.0,0,0
75,11,28,4,13,Y6069142,,,,0,30.0,0,0
75,11,28,4,14,Y6069143,,,,0,30.0,0,0
75,11,28,4,15,Y6069144,,,,0,30.0,0,0
75,11,28,4,16,Y6069145,,,,0,30.0,0,0
75,11,28,4,17,Y6069146,,,,0,30.0,0,0
75,11,28,4,18,Y6069147,,,,0,30.0,0,0
75,11,28,4,19,Y6069148,,,,0,30.0,0,0
75,11,28,4,20,Y6069149,,,,0,30.0,0,0
75,11,28,4,21,Y6069150,,,,0,30.0,0,0
75,11,28,4,22,Y6069151,,,,0,30.0,0,0
75,11,28,4,23,Y6069152,,,,0,30.0,0,0
75,11,28,4,24,Y6069153,,,,0,30.0,0,0
75,11,28,4,25,Y6069154,,,,0,30.0,0,0
75,11,28,4,26,Y6069155,,,,0,30.0,0,0
75,11,28,4,27,Y6069156,,,,0,30.0,0,0
75,11,28,4,28,Y6069157,,,,0,30.0,0,0
75,11,28,4,29,Y6069158,,,,0,30.0,0,0
75,11,28,4,30,Y6069159,,,,0,30.0,0,0
75,11,28,5,10,Y6069160,,,,0,30.0,0,0
75,11,28,5,11,Y6069161,,,,0,30.0,0,0
75,11,28,5,12,Y6069162,,,,0,30.0,0,0
75,11,28,5,13,Y6069163,,,,0,30.0,0,0
75,11,28,5,14,Y6069164,,,,0,30.0,0,0
75,11,28,5,15,Y6069165,,,,0,30.0,0,0
75,11,28,5,16,Y6069166,,,,0,30.0,0,0
75,11,28,5,17,Y6069167,,,,0,30.0,0,0
75,11,28,5,18,Y6069168,,,,0,30.0,0,0
75,11,28,5,19,Y6069169,,,,0,30.0,0,0
75,11,28,5,20,Y6069170,,,,0,30.0,0,0
75,11,28,5,21,Y6069171,,,,0,30.0,0,0
75,11,28,5,22,Y6069172,,,,0,30.0,0,0
75,11,28,5,23,Y6069173,,,,0,30.0,0,0
75,11,28,5,24,Y6069174,,,,0,30.0,0,0
75,11,28,5,25,Y6069175,,,,0,30.0,0,0
75,11,28,5,26,Y6069176,,,,0,30.0,0,0
75,11,28,5,27,Y6069177,,,,0,30.0,0,0
75,11,28,5,28,Y6069178,,,,0,30.0,0,0
75,11,28,5,29,Y6069179,,,,0,30.0,0,0
75,11,28,5,30,Y6069180,,,,0,30.0,0,0
75,11,28,6,10,Y6069181,,,,0,30.0,0,0
75,11,28,6,11,Y6069182,,,,0,30.0,0,0
75,11,28,6,12,Y6069183,,,,0,30.0,0,0
75,11,28,6,13,Y6069184,,,,0,30.0,0,0
75,11,28,6,14,Y6069185,,,,0,30.0,0,0
75,11,28,6,15,Y6069186,,,,0,30.0,0,0
75,11,28,6,16,Y6069187,,,,0,30.0,0,0
75,11,28,6,17,Y6069188,,,,0,30.0,0,0
75,11,28,6,18,Y6069189,,,,0,30.0,0,0
75,11,28,6,19,Y6069190,,,,0,30.0,0,0
75,11,28,6,20,Y6069191,,,,0,30.0,0,0
75,11,28,6,21,Y6069192,,,,0,30.0,0,0
75,11,28,6,22,Y6069193,,,,0,30.0,0,0
75,11,28,6,23,Y6069194,,,,0,30.0,0,0
75,11,28,6,24,Y6069195,,,,0,30.0,0,0
75,11,28,6,25,Y6069196,,,,0,30.0,0,0
75,11,28,6,26,Y6069197,,,,0,30.0,0,0
75,11,28,6,27,Y6069198,,,,0,30.0,0,0
75,11,28,6,28,Y6069199,,,,0,30.0,0,0
75,11,28,6,29,Y6069200,,,,0,30.0,0,0
75,11,28,6,30,Y6069201,,,,0,30.0,0,0
75,11,28,7,10,Y6069202,,,,0,30.0,0,0
75,11,28,7,11,Y6069203,,,,0,30.0,0,0
75,11,28,7,12,Y6069204,,,,0,30.0,0,0
75,11,28,7,13,Y6069205,,,,0,30.0,0,0
75,11,28,7,14,Y6069206,,,,0,30.0,0,0
75,11,28,7,15,Y6069207,,,,0,30.0,0,0
75,11,28,7,16,Y6069208,,,,0,30.0,0,0
75,11,28,7,17,Y6069209,,,,0,30.0,0,0
75,11,28,7,18,Y6069210,,,,0,30.0,0,0
75,11,28,7,19,Y6069211,,,,0,30.0,0,0
75,11,28,7,20,Y6069212,,,,0,30.0,0,0
75,11,28,7,21,Y6069213,,,,0,30.0,0,0
75,11,28,7,22,Y6069214,,,,0,30.0,0,0
75,11,28,7,23,Y6069215,,,,0,30.0,0,0
75,11,28,7,24,Y6069216,,,,0,30.0,0,0
75,11,28,7,25,Y6069217,,,,0,30.0,0,0
75,11,28,7,26,Y6069218,,,,0,30.0,0,0
75,11,28,7,27,Y6069219,,,,0,30.0,0,0
75,11,28,7,28,Y6069220,,,,0,30.0,0,0
75,11,28,7,29,Y6069221,,,,0,30.0,0,0
75,11,28,7,30,Y6069222,,,,0,30.0,0,0
75,11,28,8,10,Y6069223,,,,0,30.0,0,0
75,11,28,8,11,Y6069224,,,,0,30.0,0,0
75,11,28,8,12,Y6069225,,,,0,30.0,0,0
75,11,28,8,13,Y6069226,,,,0,30.0,0,0
75,11,28,8,14,Y6069227,,,,0,30.0,0,0
75,11,28,8,15,Y6069228,,,,0,30.0,0,0
75,11,28,8,16,Y6069229,,,,0,30.0,0,0
75,11,28,8,17,Y6069230,,,,0,30.0,0,0
75,11,28,8,18,Y6069231,,,,0,30.0,0,0
75,11,28,8,19,Y6069232,,,,0,30.0,0,0
75,11,28,8,20,Y6069233,,,,0,30.0,0,0
75,11,28,8,21,Y6069234,,,,0,30.0,0,0
75,11,28,8,22,Y6069235,,,,0,30.0,0,0
75,11,28,8,23,Y6069236,,,,0,30.0,0,0
75,11,28,8,24,Y6069237,,,,0,30.0,0,0
75,11,28,8,25,Y6069238,,,,0,30.0,0,0
75,11,28,8,26,Y6069239,,,,0,30.0,0,0
75,11,28,8,27,Y6069240,,,,0,30.0,0,0
75,11,28,8,28,Y6069241,,,,0,30.0,0,0
75,11,28,8,29,Y6069242,,,,0,30.0,0,0
75,11,28,8,30,Y6069243,,,,0,30.0,0,0
75,11,28,9,10,Y6069244,,,,0,30.0,0,0
75,11,28,9,11,Y6069245,,,,0,30.0,0,0
75,11,28,9,12,Y6069246,,,,0,30.0,0,0
75,11,28,9,13,Y6069247,,,,0,30.0,0,0
75,11,28,9,14,Y6069248,,,,0,30.0,0,0
75,11,28,9,15,Y6069249,,,,0,30.0,0,0
75,11,28,9,16,Y6069250,,,,0,30.0,0,0
75,11,28,9,17,Y6069251,,,,0,30.0,0,0
75,11,28,9,18,Y6069252,,,,0,30.0,0,0
75,11,28,9,19,Y6069253,,,,0,30.0,0,0
75,11,28,9,20,Y6069254,,,,0,30.0,0,0
75,11,28,9,21,Y6069255,,,,0,30.0,0,0
75,11,28,9,22,Y6069256,,,,0,30.0,0,0
75,11,28,9,23,Y6069257,,,,0,30.0,0,0
75,11,28,9,24,Y6069258,,,,0,30.0,0,0
75,11,28,9,25,Y6069259,,,,0,30.0,0,0
75,11,28,9,26,Y6069260,,,,0,30.0,0,0
75,11,28,9,27,Y6069261,,,,0,30.0,0,0
75,11,28,9,28,Y6069262,,,,0,30.0,0,0
75,11,28,9,29,Y6069263,,,,0,30.0,0,0
75,11,28,9,30,Y6069264,,,,0,30.0,0,0
75,11,28,10,10,Y6069265,,,,0,30.0,0,0
75,11,28,10,11,Y6069266,,,,0,30.0,0,0
75,11,28,10,12,Y6069267,,,,0,30.0,0,0
75,11,28,10,13,Y6069268,,,,0,30.0,0,0
75,11,28,10,14,Y6069269,,,,0,30.0,0,0
75,11,28,10,15,Y6069270,,,,0,30.0,0,0
75,11,28,10,16,Y6069271,,,,0,30.0,0,0
75,11,28,10,17,Y6069272,,,,0,30.0,0,0
75,11,28,10,18,Y6069273,,,,0,30.0,0,0
75,11,28,10,19,Y6069274,,,,0,30.0,0,0
75,11,28,10,20,Y6069275,,,,0,30.0,0,0
75,11,28,10,21,Y6069276,,,,0,30.0,0,0
75,11,28,10,22,Y6069277,,,,0,30.0,0,0
75,11,28,10,23,Y6069278,,,,0,30.0,0,0
75,11,28,10,24,Y6069279,,,,0,30.0,0,0
75,11,28,10,25,Y6069280,,,,0,30.0,0,0
75,11,28,10,26,Y6069281,,,,0,30.0,0,0
75,11,28,10,27,Y6069282,,,,0,30.0,0,0
75,11,28,10,28,Y6069283,,,,0,30.0,0,0
75,11,28,10,29,Y6069284,,,,0,30.0,0,0
75,11,28,10,30,Y6069285,,,,0,30.0,0,0
75,11,28,11,10,Y6069286,,,,0,30.0,0,0
75,11,28,11,11,Y6069287,,,,0,30.0,0,0
75,11,28,11,12,Y6069288,,,,0,30.0,0,0
75,11,28,11,13,Y6069289,,,,0,30.0,0,0
75,11,28,11,14,Y6069290,,,,0,30.0,0,0
75,11,28,11,15,Y6069291,,,,0,30.0,0,0
75,11,28,11,16,Y6069292,,,,0,30.0,0,0
75,11,28,11,17,Y6069293,,,,0,30.0,0,0
75,11,28,11,18,Y6069294,,,,0,30.0,0,0
75,11,28,11,19,Y6069295,,,,0,30.0,0,0
75,11,28,11,20,Y6069296,,,,0,30.0,0,0
75,11,28,11,21,Y6069297,,,,0,30.0,0,0
75,11,28,11,22,Y6069298,,,,0,30.0,0,0
75,11,28,11,23,Y6069299,,,,0,30.0,0,0
75,11,28,11,24,Y6069300,,,,0,30.0,0,0
75,11,28,11,25,Y6069301,,,,0,30.0,0,0
75,11,28,11,26,Y6069302,,,,0,30.0,0,0
75,11,28,11,27,Y6069303,,,,0,30.0,0,0
75,11,28,11,28,Y6069304,,,,0,30.0,0,0
75,11,28,11,29,Y6069305,,,,0,30.0,0,0
75,11,28,11,30,Y6069306,,,,0,30.0,0,0
75,11,28,12,10,Y6069307,,,,0,30.0,0,0
75,11,28,12,11,Y6069308,,,,0,30.0,0,0
75,11,28,12,12,Y6069309,,,,0,30.0,0,0
75,11,28,12,13,Y6069310,,,,0,30.0,0,0
75,11,28,12,14,Y6069311,,,,0,30.0,0,0
75,11,28,12,15,Y6069312,,,,0,30.0,0,0
75,11,28,12,16,Y6069313,,,,0,30.0,0,0
75,11,28,12,17,Y6069314,,,,0,30.0,0,0
75,11,28,12,18,Y6069315,,,,0,30.0,0,0
75,11,28,12,19,Y6069316,,,,0,30.0,0,0
75,11,28,12,20,Y6069317,,,,0,30.0,0,0
75,11,28,12,21,Y6069318,,,,0,30.0,0,0
75,11,28,12,22,Y6069319,,,,0,30.0,0,0
75,11,28,12,23,Y6069320,,,,0,30.0,0,0
75,11,28,12,24,Y6069321,,,,0,30.0,0,0
75,11,28,12,25,Y6069322,,,,0,30.0,0,0
75,11,28,12,26,Y6069323,,,,0,30.0,0,0
75,11,28,12,27,Y6069324,,,,0,30.0,0,0
75,11,28,12,28,Y6069325,,,,0,30.0,0,0
75,11,28,12,29,Y6069326,,,,0,30.0,0,0
75,11,28,12,30,Y6069327,,,,0,30.0,0,0
75,11,29,1,10,Y6069328,,,,0,30.0,0,0
75,11,29,1,11,Y6069329,,,,0,30.0,0,0
75,11,29,1,12,Y6069330,,,,0,30.0,0,0
75,11,29,1,13,Y6069331,,,,0,30.0,0,0
75,11,29,1,14,Y6069332,,,,0,30.0,0,0
75,11,29,1,15,Y6069333,,,,0,30.0,0,0
75,11,29,1,16,Y6069334,,,,0,30.0,0,0
75,11,29,1,17,Y6069335,,,,0,30.0,0,0
75,11,29,1,18,Y6069336,,,,0,30.0,0,0
75,11,29,1,19,Y6069337,,,,0,30.0,0,0
75,11,29,1,20,Y6069338,,,,0,30.0,0,0
75,11,29,1,21,Y6069339,,,,0,30.0,0,0
75,11,29,1,22,Y6069340,,,,0,30.0,0,0
75,11,29,1,23,Y6069341,,,,0,30.0,0,0
75,11,29,1,24,Y6069342,,,,0,30.0,0,0
75,11,29,1,25,Y6069343,,,,0,30.0,0,0
75,11,29,1,26,Y6069344,,,,0,30.0,0,0
75,11,29,1,27,Y6069345,,,,0,30.0,0,0
75,11,29,1,28,Y6069346,,,,0,30.0,0,0
75,11,29,1,29,Y6069347,,,,0,30.0,0,0
75,11,29,1,30,Y6069348,,,,0,30.0,0,0
75,11,29,2,10,Y6069349,,,,0,30.0,0,0
75,11,29,2,11,Y6069350,,,,0,30.0,0,0
75,11,29,2,12,Y6069351,,,,0,30.0,0,0
75,11,29,2,13,Y6069352,,,,0,30.0,0,0
75,11,29,2,14,Y6069353,,,,0,30.0,0,0
75,11,29,2,15,Y6069354,,,,0,30.0,0,0
75,11,29,2,16,Y6069355,,,,0,30.0,0,0
75,11,29,2,17,Y6069356,,,,0,30.0,0,0
75,11,29,2,18,Y6069357,,,,0,30.0,0,0
75,11,29,2,19,Y6069358,,,,0,30.0,0,0
75,11,29,2,20,Y6069359,,,,0,30.0,0,0
75,11,29,2,21,Y6069360,,,,0,30.0,0,0
75,11,29,2,22,Y6069361,,,,0,30.0,0,0
75,11,29,2,23,Y6069362,,,,0,30.0,0,0
75,11,29,2,24,Y6069363,,,,0,30.0,0,0
75,11,29,2,25,Y6069364,,,,0,30.0,0,0
75,11,29,2,26,Y6069365,,,,0,30.0,0,0
75,11,29,2,27,Y6069366,,,,0,30.0,0,0
75,11,29,2,28,Y6069367,,,,0,30.0,0,0
75,11,29,2,29,Y6069368,,,,0,30.0,0,0
75,11,29,2,30,Y6069369,,,,0,30.0,0,0
75,11,29,3,10,Y6069370,,,,0,30.0,0,0
75,11,29,3,11,Y6069371,,,,0,30.0,0,0
75,11,29,3,12,Y6069372,,,,0,30.0,0,0
75,11,29,3,13,Y6069373,,,,0,30.0,0,0
75,11,29,3,14,Y6069374,,,,0,30.0,0,0
75,11,29,3,15,Y6069375,,,,0,30.0,0,0
75,11,29,3,16,Y6069376,,,,0,30.0,0,0
75,11,29,3,17,Y6069377,,,,0,30.0,0,0
75,11,29,3,18,Y6069378,,,,0,30.0,0,0
75,11,29,3,19,Y6069379,,,,0,30.0,0,0
75,11,29,3,20,Y6069380,,,,0,30.0,0,0
75,11,29,3,21,Y6069381,,,,0,30.0,0,0
75,11,29,3,22,Y6069382,,,,0,30.0,0,0
75,11,29,3,23,Y6069383,,,,0,30.0,0,0
75,11,29,3,24,Y6069384,,,,0,30.0,0,0
75,11,29,3,25,Y6069385,,,,0,30.0,0,0
75,11,29,3,26,Y6069386,,,,0,30.0,0,0
75,11,29,3,27,Y6069387,,,,0,30.0,0,0
75,11,29,3,28,Y6069388,,,,0,30.0,0,0
75,11,29,3,29,Y6069389,,,,0,30.0,0,0
75,11,29,3,30,Y6069390,,,,0,30.0,0,0
75,11,29,4,10,Y6069391,,,,0,30.0,0,0
75,11,29,4,11,Y6069392,,,,0,30.0,0,0
75,11,29,4,12,Y6069393,,,,0,30.0,0,0
75,11,29,4,13,Y6069394,,,,0,30.0,0,0
75,11,29,4,14,Y6069395,,,,0,30.0,0,0
75,11,29,4,15,Y6069396,,,,0,30.0,0,0
75,11,29,4,16,Y6069397,,,,0,30.0,0,0
75,11,29,4,17,Y6069398,,,,0,30.0,0,0
75,11,29,4,18,Y6069399,,,,0,30.0,0,0
75,11,29,4,19,Y6069400,,,,0,30.0,0,0
75,11,29,4,20,Y6069401,,,,0,30.0,0,0
75,11,29,4,21,Y6069402,,,,0,30.0,0,0
75,11,29,4,22,Y6069403,,,,0,30.0,0,0
75,11,29,4,23,Y6069404,,,,0,30.0,0,0
75,11,29,4,24,Y6069405,,,,0,30.0,0,0
75,11,29,4,25,Y6069406,,,,0,30.0,0,0
75,11,29,4,26,Y6069407,,,,0,30.0,0,0
75,11,29,4,27,Y6069408,,,,0,30.0,0,0
75,11,29,4,28,Y6069409,,,,0,30.0,0,0
75,11,29,4,29,Y6069410,,,,0,30.0,0,0
75,11,29,4,30,Y6069411,,,,0,30.0,0,0
75,11,29,5,10,Y6069412,,,,0,30.0,0,0
75,11,29,5,11,Y6069413,,,,0,30.0,0,0
75,11,29,5,12,Y6069414,,,,0,30.0,0,0
75,11,29,5,13,Y6069415,,,,0,30.0,0,0
75,11,29,5,14,Y6069416,,,,0,30.0,0,0
75,11,29,5,15,Y6069417,,,,0,30.0,0,0
75,11,29,5,16,Y6069418,,,,0,30.0,0,0
75,11,29,5,17,Y6069419,,,,0,30.0,0,0
75,11,29,5,18,Y6069420,,,,0,30.0,0,0
75,11,29,5,19,Y6069421,,,,0,30.0,0,0
75,11,29,5,20,Y6069422,,,,0,30.0,0,0
75,11,29,5,21,Y6069423,,,,0,30.0,0,0
75,11,29,5,22,Y6069424,,,,0,30.0,0,0
75,11,29,5,23,Y6069425,,,,0,30.0,0,0
75,11,29,5,24,Y6069426,,,,0,30.0,0,0
75,11,29,5,25,Y6069427,,,,0,30.0,0,0
75,11,29,5,26,Y6069428,,,,0,30.0,0,0
75,11,29,5,27,Y6069429,,,,0,30.0,0,0
75,11,29,5,28,Y6069430,,,,0,30.0,0,0
75,11,29,5,29,Y6069431,,,,0,30.0,0,0
75,11,29,5,30,Y6069432,,,,0,30.0,0,0
75,11,29,6,10,Y6069433,,,,0,30.0,0,0
75,11,29,6,11,Y6069434,,,,0,30.0,0,0
75,11,29,6,12,Y6069435,,,,0,30.0,0,0
75,11,29,6,13,Y6069436,,,,0,30.0,0,0
75,11,29,6,14,Y6069437,,,,0,30.0,0,0
75,11,29,6,15,Y6069438,,,,0,30.0,0,0
75,11,29,6,16,Y6069439,,,,0,30.0,0,0
75,11,29,6,17,Y6069440,,,,0,30.0,0,0
75,11,29,6,18,Y6069441,,,,0,30.0,0,0
75,11,29,6,19,Y6069442,,,,0,30.0,0,0
75,11,29,6,20,Y6069443,,,,0,30.0,0,0
75,11,29,6,21,Y6069444,,,,0,30.0,0,0
75,11,29,6,22,Y6069445,,,,0,30.0,0,0
75,11,29,6,23,Y6069446,,,,0,30.0,0,0
75,11,29,6,24,Y6069447,,,,0,30.0,0,0
75,11,29,6,25,Y6069448,,,,0,30.0,0,0
75,11,29,6,26,Y6069449,,,,0,30.0,0,0
75,11,29,6,27,Y6069450,,,,0,30.0,0,0
75,11,29,6,28,Y6069451,,,,0,30.0,0,0
75,11,29,6,29,Y6069452,,,,0,30.0,0,0
75,11,29,6,30,Y6069453,,,,0,30.0,0,0
75,11,29,7,10,Y6069454,,,,0,30.0,0,0
75,11,29,7,11,Y6069455,,,,0,30.0,0,0
75,11,29,7,12,Y6069456,,,,0,30.0,0,0
75,11,29,7,13,Y6069457,,,,0,30.0,0,0
75,11,29,7,14,Y6069458,,,,0,30.0,0,0
75,11,29,7,15,Y6069459,,,,0,30.0,0,0
75,11,29,7,16,Y6069460,,,,0,30.0,0,0
75,11,29,7,17,Y6069461,,,,0,30.0,0,0
75,11,29,7,18,Y6069462,,,,0,30.0,0,0
75,11,29,7,19,Y6069463,,,,0,30.0,0,0
75,11,29,7,20,Y6069464,,,,0,30.0,0,0
75,11,29,7,21,Y6069465,,,,0,30.0,0,0
75,11,29,7,22,Y6069466,,,,0,30.0,0,0
75,11,29,7,23,Y6069467,,,,0,30.0,0,0
75,11,29,7,24,Y6069468,,,,0,30.0,0,0
75,11,29,7,25,Y6069469,,,,0,30.0,0,0
75,11,29,7,26,Y6069470,,,,0,30.0,0,0
75,11,29,7,27,Y6069471,,,,0,30.0,0,0
75,11,29,7,28,Y6069472,,,,0,30.0,0,0
75,11,29,7,29,Y6069473,,,,0,30.0,0,0
75,11,29,7,30,Y6069474,,,,0,30.0,0,0
75,11,29,8,10,Y6069475,,,,0,30.0,0,0
75,11,29,8,11,Y6069476,,,,0,30.0,0,0
75,11,29,8,12,Y6069477,,,,0,30.0,0,0
75,11,29,8,13,Y6069478,,,,0,30.0,0,0
75,11,29,8,14,Y6069479,,,,0,30.0,0,0
75,11,29,8,15,Y6069480,,,,0,30.0,0,0
75,11,29,8,16,Y6069481,,,,0,30.0,0,0
75,11,29,8,17,Y6069482,,,,0,30.0,0,0
75,11,29,8,18,Y6069483,,,,0,30.0,0,0
75,11,29,8,19,Y6069484,,,,0,30.0,0,0
75,11,29,8,20,Y6069485,,,,0,30.0,0,0
75,11,29,8,21,Y6069486,,,,0,30.0,0,0
75,11,29,8,22,Y6069487,,,,0,30.0,0,0
75,11,29,8,23,Y6069488,,,,0,30.0,0,0
75,11,29,8,24,Y6069489,,,,0,30.0,0,0
75,11,29,8,25,Y6069490,,,,0,30.0,0,0
75,11,29,8,26,Y6069491,,,,0,30.0,0,0
75,11,29,8,27,Y6069492,,,,0,30.0,0,0
75,11,29,8,28,Y6069493,,,,0,30.0,0,0
75,11,29,8,29,Y6069494,,,,0,30.0,0,0
75,11,29,8,30,Y6069495,,,,0,30.0,0,0
75,11,29,9,10,Y6069496,,,,0,30.0,0,0
75,11,29,9,11,Y6069497,,,,0,30.0,0,0
75,11,29,9,12,Y6069498,,,,0,30.0,0,0
75,11,29,9,13,Y6069499,,,,0,30.0,0,0
75,11,29,9,14,Y6069500,,,,0,30.0,0,0
75,11,29,9,15,Y6069501,,,,0,30.0,0,0
75,11,29,9,16,Y6069502,,,,0,30.0,0,0
75,11,29,9,17,Y6069503,,,,0,30.0,0,0
75,11,29,9,18,Y6069504,,,,0,30.0,0,0
75,11,29,9,19,Y6069505,,,,0,30.0,0,0
75,11,29,9,20,Y6069506,,,,0,30.0,0,0
75,11,29,9,21,Y6069507,,,,0,30.0,0,0
75,11,29,9,22,Y6069508,,,,0,30.0,0,0
75,11,29,9,23,Y6069509,,,,0,30.0,0,0
75,11,29,9,24,Y6069510,,,,0,30.0,0,0
75,11,29,9,25,Y6069511,,,,0,30.0,0,0
75,11,29,9,26,Y6069512,,,,0,30.0,0,0
75,11,29,9,27,Y6069513,,,,0,30.0,0,0
75,11,29,9,28,Y6069514,,,,0,30.0,0,0
75,11,29,9,29,Y6069515,,,,0,30.0,0,0
75,11,29,9,30,Y6069516,,,,0,30.0,0,0
75,11,29,10,10,Y6069517,,,,0,30.0,0,0
75,11,29,10,11,Y6069518,,,,0,30.0,0,0
75,11,29,10,12,Y6069519,,,,0,30.0,0,0
75,11,29,10,13,Y6069520,,,,0,30.0,0,0
75,11,29,10,14,Y6069521,,,,0,30.0,0,0
75,11,29,10,15,Y6069522,,,,0,30.0,0,0
75,11,29,10,16,Y6069523,,,,0,30.0,0,0
75,11,29,10,17,Y6069524,,,,0,30.0,0,0
75,11,29,10,18,Y6069525,,,,0,30.0,0,0
75,11,29,10,19,Y6069526,,,,0,30.0,0,0
75,11,29,10,20,Y6069527,,,,0,30.0,0,0
75,11,29,10,21,Y6069528,,,,0,30.0,0,0
75,11,29,10,22,Y6069529,,,,0,30.0,0,0
75,11,29,10,23,Y6069530,,,,0,30.0,0,0
75,11,29,10,24,Y6069531,,,,0,30.0,0,0
75,11,29,10,25,Y6069532,,,,0,30.0,0,0
75,11,29,10,26,Y6069533,,,,0,30.0,0,0
75,11,29,10,27,Y6069534,,,,0,30.0,0,0
75,11,29,10,28,Y6069535,,,,0,30.0,0,0
75,11,29,10,29,Y6069536,,,,0,30.0,0,0
75,11,29,10,30,Y6069537,,,,0,30.0,0,0
75,11,29,11,10,Y6069538,,,,0,30.0,0,0
75,11,29,11,11,Y6069539,,,,0,30.0,0,0
75,11,29,11,12,Y6069540,,,,0,30.0,0,0
75,11,29,11,13,Y6069541,,,,0,30.0,0,0
75,11,29,11,14,Y6069542,,,,0,30.0,0,0
75,11,29,11,15,Y6069543,,,,0,30.0,0,0
75,11,29,11,16,Y6069544,,,,0,30.0,0,0
75,11,29,11,17,Y6069545,,,,0,30.0,0,0
75,11,29,11,18,Y6069546,,,,0,30.0,0,0
75,11,29,11,19,Y6069547,,,,0,30.0,0,0
75,11,29,11,20,Y6069548,,,,0,30.0,0,0
75,11,29,11,21,Y6069549,,,,0,30.0,0,0
75,11,29,11,22,Y6069550,,,,0,30.0,0,0
75,11,29,11,23,Y6069551,,,,0,30.0,0,0
75,11,29,11,24,Y6069552,,,,0,30.0,0,0
75,11,29,11,25,Y6069553,,,,0,30.0,0,0
75,11,29,11,26,Y6069554,,,,0,30.0,0,0
75,11,29,11,27,Y6069555,,,,0,30.0,0,0
75,11,29,11,28,Y6069556,,,,0,30.0,0,0
75,11,29,11,29,Y6069557,,,,0,30.0,0,0
75,11,29,11,30,Y6069558,,,,0,30.0,0,0
75,11,29,12,10,Y6069559,,,,0,30.0,0,0
75,11,29,12,11,Y6069560,,,,0,30.0,0,0
75,11,29,12,12,Y6069561,,,,0,30.0,0,0
75,11,29,12,13,Y6069562,,,,0,30.0,0,0
75,11,29,12,14,Y6069563,,,,0,30.0,0,0
75,11,29,12,15,Y6069564,,,,0,30.0,0,0
75,11,29,12,16,Y6069565,,,,0,30.0,0,0
75,11,29,12,17,Y6069566,,,,0,30.0,0,0
75,11,29,12,18,Y6069567,,,,0,30.0,0,0
75,11,29,12,19,Y6069568,,,,0,30.0,0,0
75,11,29,12,20,Y6069569,,,,0,30.0,0,0
75,11,29,12,21,Y6069570,,,,0,30.0,0,0
75,11,29,12,22,Y6069571,,,,0,30.0,0,0
75,11,29,12,23,Y6069572,,,,0,30.0,0,0
75,11,29,12,24,Y6069573,,,,0,30.0,0,0
75,11,29,12,25,Y6069574,,,,0,30.0,0,0
75,11,29,12,26,Y6069575,,,,0,30.0,0,0
75,11,29,12,27,Y6069576,,,,0,30.0,0,0
75,11,29,12,28,Y6069577,,,,0,30.0,0,0
75,11,29,12,29,Y6069578,,,,0,30.0,0,0
75,11,29,12,30,Y6069579,,,,0,30.0,0,0
75,11,30,1,10,Y6069580,,,,0,30.0,0,0
75,11,30,1,11,Y6069581,,,,0,30.0,0,0
75,11,30,1,12,Y6069582,,,,0,30.0,0,0
75,11,30,1,13,Y6069583,,,,0,30.0,0,0
75,11,30,1,14,Y6069584,,,,0,30.0,0,0
75,11,30,1,15,Y6069585,,,,0,30.0,0,0
75,11,30,1,16,Y6069586,,,,0,30.0,0,0
75,11,30,1,17,Y6069587,,,,0,30.0,0,0
75,11,30,1,18,Y6069588,,,,0,30.0,0,0
75,11,30,1,19,Y6069589,,,,0,30.0,0,0
75,11,30,1,20,Y6069590,,,,0,30.0,0,0
75,11,30,1,21,Y6069591,,,,0,30.0,0,0
75,11,30,1,22,Y6069592,,,,0,30.0,0,0
75,11,30,1,23,Y6069593,,,,0,30.0,0,0
75,11,30,1,24,Y6069594,,,,0,30.0,0,0
75,11,30,1,25,Y6069595,,,,0,30.0,0,0
75,11,30,1,26,Y6069596,,,,0,30.0,0,0
75,11,30,1,27,Y6069597,,,,0,30.0,0,0
75,11,30,1,28,Y6069598,,,,0,30.0,0,0
75,11,30,1,29,Y6069599,,,,0,30.0,0,0
75,11,30,1,30,Y6069600,,,,0,30.0,0,0
75,11,30,2,10,Y6069601,,,,0,30.0,0,0
75,11,30,2,11,Y6069602,,,,0,30.0,0,0
75,11,30,2,12,Y6069603,,,,0,30.0,0,0
75,11,30,2,13,Y6069604,,,,0,30.0,0,0
75,11,30,2,14,Y6069605,,,,0,30.0,0,0
75,11,30,2,15,Y6069606,,,,0,30.0,0,0
75,11,30,2,16,Y6069607,,,,0,30.0,0,0
75,11,30,2,17,Y6069608,,,,0,30.0,0,0
75,11,30,2,18,Y6069609,,,,0,30.0,0,0
75,11,30,2,19,Y6069610,,,,0,30.0,0,0
75,11,30,2,20,Y6069611,,,,0,30.0,0,0
75,11,30,2,21,Y6069612,,,,0,30.0,0,0
75,11,30,2,22,Y6069613,,,,0,30.0,0,0
75,11,30,2,23,Y6069614,,,,0,30.0,0,0
75,11,30,2,24,Y6069615,,,,0,30.0,0,0
75,11,30,2,25,Y6069616,,,,0,30.0,0,0
75,11,30,2,26,Y6069617,,,,0,30.0,0,0
75,11,30,2,27,Y6069618,,,,0,30.0,0,0
75,11,30,2,28,Y6069619,,,,0,30.0,0,0
75,11,30,2,29,Y6069620,,,,0,30.0,0,0
75,11,30,2,30,Y6069621,,,,0,30.0,0,0
75,11,30,3,10,Y6069622,,,,0,30.0,0,0
75,11,30,3,11,Y6069623,,,,0,30.0,0,0
75,11,30,3,12,Y6069624,,,,0,30.0,0,0
75,11,30,3,13,Y6069625,,,,0,30.0,0,0
75,11,30,3,14,Y6069626,,,,0,30.0,0,0
75,11,30,3,15,Y6069627,,,,0,30.0,0,0
75,11,30,3,16,Y6069628,,,,0,30.0,0,0
75,11,30,3,17,Y6069629,,,,0,30.0,0,0
75,11,30,3,18,Y6069630,,,,0,30.0,0,0
75,11,30,3,19,Y6069631,,,,0,30.0,0,0
75,11,30,3,20,Y6069632,,,,0,30.0,0,0
75,11,30,3,21,Y6069633,,,,0,30.0,0,0
75,11,30,3,22,Y6069634,,,,0,30.0,0,0
75,11,30,3,23,Y6069635,,,,0,30.0,0,0
75,11,30,3,24,Y6069636,,,,0,30.0,0,0
75,11,30,3,25,Y6069637,,,,0,30.0,0,0
75,11,30,3,26,Y6069638,,,,0,30.0,0,0
75,11,30,3,27,Y6069639,,,,0,30.0,0,0
75,11,30,3,28,Y6069640,,,,0,30.0,0,0
75,11,30,3,29,Y6069641,,,,0,30.0,0,0
75,11,30,3,30,Y6069642,,,,0,30.0,0,0
75,11,30,4,10,Y6069643,,,,0,30.0,0,0
75,11,30,4,11,Y6069644,,,,0,30.0,0,0
75,11,30,4,12,Y6069645,,,,0,30.0,0,0
75,11,30,4,13,Y6069646,,,,0,30.0,0,0
75,11,30,4,14,Y6069647,,,,0,30.0,0,0
75,11,30,4,15,Y6069648,,,,0,30.0,0,0
75,11,30,4,16,Y6069649,,,,0,30.0,0,0
75,11,30,4,17,Y6069650,,,,0,30.0,0,0
75,11,30,4,18,Y6069651,,,,0,30.0,0,0
75,11,30,4,19,Y6069652,,,,0,30.0,0,0
75,11,30,4,20,Y6069653,,,,0,30.0,0,0
75,11,30,4,21,Y6069654,,,,0,30.0,0,0
75,11,30,4,22,Y6069655,,,,0,30.0,0,0
75,11,30,4,23,Y6069656,,,,0,30.0,0,0
75,11,30,4,24,Y6069657,,,,0,30.0,0,0
75,11,30,4,25,Y6069658,,,,0,30.0,0,0
75,11,30,4,26,Y6069659,,,,0,30.0,0,0
75,11,30,4,27,Y6069660,,,,0,30.0,0,0
75,11,30,4,28,Y6069661,,,,0,30.0,0,0
75,11,30,4,29,Y6069662,,,,0,30.0,0,0
75,11,30,4,30,Y6069663,,,,0,30.0,0,0
75,11,30,5,10,Y6069664,,,,0,30.0,0,0
75,11,30,5,11,Y6069665,,,,0,30.0,0,0
75,11,30,5,12,Y6069666,,,,0,30.0,0,0
75,11,30,5,13,Y6069667,,,,0,30.0,0,0
75,11,30,5,14,Y6069668,,,,0,30.0,0,0
75,11,30,5,15,Y6069669,,,,0,30.0,0,0
75,11,30,5,16,Y6069670,,,,0,30.0,0,0
75,11,30,5,17,Y6069671,,,,0,30.0,0,0
75,11,30,5,18,Y6069672,,,,0,30.0,0,0
75,11,30,5,19,Y6069673,,,,0,30.0,0,0
75,11,30,5,20,Y6069674,,,,0,30.0,0,0
75,11,30,5,21,Y6069675,,,,0,30.0,0,0
75,11,30,5,22,Y6069676,,,,0,30.0,0,0
75,11,30,5,23,Y6069677,,,,0,30.0,0,0
75,11,30,5,24,Y6069678,,,,0,30.0,0,0
75,11,30,5,25,Y6069679,,,,0,30.0,0,0
75,11,30,5,26,Y6069680,,,,0,30.0,0,0
75,11,30,5,27,Y6069681,,,,0,30.0,0,0
75,11,30,5,28,Y6069682,,,,0,30.0,0,0
75,11,30,5,29,Y6069683,,,,0,30.0,0,0
75,11,30,5,30,Y6069684,,,,0,30.0,0,0
75,11,30,6,10,Y6069685,,,,0,30.0,0,0
75,11,30,6,11,Y6069686,,,,0,30.0,0,0
75,11,30,6,12,Y6069687,,,,0,30.0,0,0
75,11,30,6,13,Y6069688,,,,0,30.0,0,0
75,11,30,6,14,Y6069689,,,,0,30.0,0,0
75,11,30,6,15,Y6069690,,,,0,30.0,0,0
75,11,30,6,16,Y6069691,,,,0,30.0,0,0
75,11,30,6,17,Y6069692,,,,0,30.0,0,0
75,11,30,6,18,Y6069693,,,,0,30.0,0,0
75,11,30,6,19,Y6069694,,,,0,30.0,0,0
75,11,30,6,20,Y6069695,,,,0,30.0,0,0
75,11,30,6,21,Y6069696,,,,0,30.0,0,0
75,11,30,6,22,Y6069697,,,,0,30.0,0,0
75,11,30,6,23,Y6069698,,,,0,30.0,0,0
75,11,30,6,24,Y6069699,,,,0,30.0,0,0
75,11,30,6,25,Y6069700,,,,0,30.0,0,0
75,11,30,6,26,Y6069701,,,,0,30.0,0,0
75,11,30,6,27,Y6069702,,,,0,30.0,0,0
75,11,30,6,28,Y6069703,,,,0,30.0,0,0
75,11,30,6,29,Y6069704,,,,0,30.0,0,0
75,11,30,6,30,Y6069705,,,,0,30.0,0,0
75,11,30,7,10,Y6069706,,,,0,30.0,0,0
75,11,30,7,11,Y6069707,,,,0,30.0,0,0
75,11,30,7,12,Y6069708,,,,0,30.0,0,0
75,11,30,7,13,Y6069709,,,,0,30.0,0,0
75,11,30,7,14,Y6069710,,,,0,30.0,0,0
75,11,30,7,15,Y6069711,,,,0,30.0,0,0
75,11,30,7,16,Y6069712,,,,0,30.0,0,0
75,11,30,7,17,Y6069713,,,,0,30.0,0,0
75,11,30,7,18,Y6069714,,,,0,30.0,0,0
75,11,30,7,19,Y6069715,,,,0,30.0,0,0
75,11,30,7,20,Y6069716,,,,0,30.0,0,0
75,11,30,7,21,Y6069717,,,,0,30.0,0,0
75,11,30,7,22,Y6069718,,,,0,30.0,0,0
75,11,30,7,23,Y6069719,,,,0,30.0,0,0
75,11,30,7,24,Y6069720,,,,0,30.0,0,0
75,11,30,7,25,Y6069721,,,,0,30.0,0,0
75,11,30,7,26,Y6069722,,,,0,30.0,0,0
75,11,30,7,27,Y6069723,,,,0,30.0,0,0
75,11,30,7,28,Y6069724,,,,0,30.0,0,0
75,11,30,7,29,Y6069725,,,,0,30.0,0,0
75,11,30,7,30,Y6069726,,,,0,30.0,0,0
75,11,30,8,10,Y6069727,,,,0,30.0,0,0
75,11,30,8,11,Y6069728,,,,0,30.0,0,0
75,11,30,8,12,Y6069729,,,,0,30.0,0,0
75,11,30,8,13,Y6069730,,,,0,30.0,0,0
75,11,30,8,14,Y6069731,,,,0,30.0,0,0
75,11,30,8,15,Y6069732,,,,0,30.0,0,0
75,11,30,8,16,Y6069733,,,,0,30.0,0,0
75,11,30,8,17,Y6069734,,,,0,30.0,0,0
75,11,30,8,18,Y6069735,,,,0,30.0,0,0
75,11,30,8,19,Y6069736,,,,0,30.0,0,0
75,11,30,8,20,Y6069737,,,,0,30.0,0,0
75,11,30,8,21,Y6069738,,,,0,30.0,0,0
75,11,30,8,22,Y6069739,,,,0,30.0,0,0
75,11,30,8,23,Y6069740,,,,0,30.0,0,0
75,11,30,8,24,Y6069741,,,,0,30.0,0,0
75,11,30,8,25,Y6069742,,,,0,30.0,0,0
75,11,30,8,26,Y6069743,,,,0,30.0,0,0
75,11,30,8,27,Y6069744,,,,0,30.0,0,0
75,11,30,8,28,Y6069745,,,,0,30.0,0,0
75,11,30,8,29,Y6069746,,,,0,30.0,0,0
75,11,30,8,30,Y6069747,,,,0,30.0,0,0
75,11,30,9,10,Y6069748,,,,0,30.0,0,0
75,11,30,9,11,Y6069749,,,,0,30.0,0,0
75,11,30,9,12,Y6069750,,,,0,30.0,0,0
75,11,30,9,13,Y6069751,,,,0,30.0,0,0
75,11,30,9,14,Y6069752,,,,0,30.0,0,0
75,11,30,9,15,Y6069753,,,,0,30.0,0,0
75,11,30,9,16,Y6069754,,,,0,30.0,0,0
75,11,30,9,17,Y6069755,,,,0,30.0,0,0
75,11,30,9,18,Y6069756,,,,0,30.0,0,0
75,11,30,9,19,Y6069757,,,,0,30.0,0,0
75,11,30,9,20,Y6069758,,,,0,30.0,0,0
75,11,30,9,21,Y6069759,,,,0,30.0,0,0
75,11,30,9,22,Y6069760,,,,0,30.0,0,0
75,11,30,9,23,Y6069761,,,,0,30.0,0,0
75,11,30,9,24,Y6069762,,,,0,30.0,0,0
75,11,30,9,25,Y6069763,,,,0,30.0,0,0
75,11,30,9,26,Y6069764,,,,0,30.0,0,0
75,11,30,9,27,Y6069765,,,,0,30.0,0,0
75,11,30,9,28,Y6069766,,,,0,30.0,0,0
75,11,30,9,29,Y6069767,,,,0,30.0,0,0
75,11,30,9,30,Y6069768,,,,0,30.0,0,0
75,11,30,10,10,Y6069769,,,,0,30.0,0,0
75,11,30,10,11,Y6069770,,,,0,30.0,0,0
75,11,30,10,12,Y6069771,,,,0,30.0,0,0
75,11,30,10,13,Y6069772,,,,0,30.0,0,0
75,11,30,10,14,Y6069773,,,,0,30.0,0,0
75,11,30,10,15,Y6069774,,,,0,30.0,0,0
75,11,30,10,16,Y6069775,,,,0,30.0,0,0
75,11,30,10,17,Y6069776,,,,0,30.0,0,0
75,11,30,10,18,Y6069777,,,,0,30.0,0,0
75,11,30,10,19,Y6069778,,,,0,30.0,0,0
75,11,30,10,20,Y6069779,,,,0,30.0,0,0
75,11,30,10,21,Y6069780,,,,0,30.0,0,0
75,11,30,10,22,Y6069781,,,,0,30.0,0,0
75,11,30,10,23,Y6069782,,,,0,30.0,0,0
75,11,30,10,24,Y6069783,,,,0,30.0,0,0
75,11,30,10,25,Y6069784,,,,0,30.0,0,0
75,11,30,10,26,Y6069785,,,,0,30.0,0,0
75,11,30,10,27,Y6069786,,,,0,30.0,0,0
75,11,30,10,28,Y6069787,,,,0,30.0,0,0
75,11,30,10,29,Y6069788,,,,0,30.0,0,0
75,11,30,10,30,Y6069789,,,,0,30.0,0,0
75,11,30,11,10,Y6069790,,,,0,30.0,0,0
75,11,30,11,11,Y6069791,,,,0,30.0,0,0
75,11,30,11,12,Y6069792,,,,0,30.0,0,0
75,11,30,11,13,Y6069793,,,,0,30.0,0,0
75,11,30,11,14,Y6069794,,,,0,30.0,0,0
75,11,30,11,15,Y6069795,,,,0,30.0,0,0
75,11,30,11,16,Y6069796,,,,0,30.0,0,0
75,11,30,11,17,Y6069797,,,,0,30.0,0,0
75,11,30,11,18,Y6069798,,,,0,30.0,0,0
75,11,30,11,19,Y6069799,,,,0,30.0,0,0
75,11,30,11,20,Y6069800,,,,0,30.0,0,0
75,11,30,11,21,Y6069801,,,,0,30.0,0,0
75,11,30,11,22,Y6069802,,,,0,30.0,0,0
75,11,30,11,23,Y6069803,,,,0,30.0,0,0
75,11,30,11,24,Y6069804,,,,0,30.0,0,0
75,11,30,11,25,Y6069805,,,,0,30.0,0,0
75,11,30,11,26,Y6069806,,,,0,30.0,0,0
75,11,30,11,27,Y6069807,,,,0,30.0,0,0
75,11,30,11,28,Y6069808,,,,0,30.0,0,0
75,11,30,11,29,Y6069809,,,,0,30.0,0,0
75,11,30,11,30,Y6069810,,,,0,30.0,0,0
75,11,30,12,10,Y6069811,,,,0,30.0,0,0
75,11,30,12,11,Y6069812,,,,0,30.0,0,0
75,11,30,12,12,Y6069813,,,,0,30.0,0,0
75,11,30,12,13,Y6069814,,,,0,30.0,0,0
75,11,30,12,14,Y6069815,,,,0,30.0,0,0
75,11,30,12,15,Y6069816,,,,0,30.0,0,0
75,11,30,12,16,Y6069817,,,,0,30.0,0,0
75,11,30,12,17,Y6069818,,,,0,30.0,0,0
75,11,30,12,18,Y6069819,,,,0,30.0,0,0
75,11,30,12,19,Y6069820,,,,0,30.0,0,0
75,11,30,12,20,Y6069821,,,,0,30.0,0,0
75,11,30,12,21,Y6069822,,,,0,30.0,0,0
75,11,30,12,22,Y6069823,,,,0,30.0,0,0
75,11,30,12,23,Y6069824,,,,0,30.0,0,0
75,11,30,12,24,Y6069825,,,,0,30.0,0,0
75,11,30,12,25,Y6069826,,,,0,30.0,0,0
75,11,30,12,26,Y6069827,,,,0,30.0,0,0
75,11,30,12,27,Y6069828,,,,0,30.0,0,0
75,11,30,12,28,Y6069829,,,,0,30.0,0,0
75,11,30,12,29,Y6069830,,,,0,30.0,0,0
75,11,30,12,30,Y6069831,,,,0,30.0,0,0
75,12,0,1,10,Y6069832,,,,0,30.0,0,0
75,12,0,1,11,Y6069833,,,,0,30.0,0,0
75,12,0,1,12,Y6069834,,,,0,30.0,0,0
75,12,0,1,13,Y6069835,,,,0,30.0,0,0
75,12,0,1,14,Y6069836,,,,0,30.0,0,0
75,12,0,1,15,Y6069837,,,,0,30.0,0,0
75,12,0,1,16,Y6069838,,,,0,30.0,0,0
75,12,0,1,17,Y6069839,,,,0,30.0,0,0
75,12,0,1,18,Y6069840,,,,0,30.0,0,0
75,12,0,1,19,Y6069841,,,,0,30.0,0,0
75,12,0,1,20,Y6069842,,,,0,30.0,0,0
75,12,0,1,21,Y6069843,,,,0,30.0,0,0
75,12,0,1,22,Y6069844,,,,0,30.0,0,0
75,12,0,1,23,Y6069845,,,,0,30.0,0,0
75,12,0,1,24,Y6069846,,,,0,30.0,0,0
75,12,0,1,25,Y6069847,,,,0,30.0,0,0
75,12,0,1,26,Y6069848,,,,0,30.0,0,0
75,12,0,1,27,Y6069849,,,,0,30.0,0,0
75,12,0,1,28,Y6069850,,,,0,30.0,0,0
75,12,0,1,29,Y6069851,,,,0,30.0,0,0
75,12,0,1,30,Y6069852,,,,0,30.0,0,0
75,12,0,2,10,Y6069853,,,,0,30.0,0,0
75,12,0,2,11,Y6069854,,,,0,30.0,0,0
75,12,0,2,12,Y6069855,,,,0,30.0,0,0
75,12,0,2,13,Y6069856,,,,0,30.0,0,0
75,12,0,2,14,Y6069857,,,,0,30.0,0,0
75,12,0,2,15,Y6069858,,,,0,30.0,0,0
75,12,0,2,16,Y6069859,,,,0,30.0,0,0
75,12,0,2,17,Y6069860,,,,0,30.0,0,0
75,12,0,2,18,Y6069861,,,,0,30.0,0,0
75,12,0,2,19,Y6069862,,,,0,30.0,0,0
75,12,0,2,20,Y6069863,,,,0,30.0,0,0
75,12,0,2,21,Y6069864,,,,0,30.0,0,0
75,12,0,2,22,Y6069865,,,,0,30.0,0,0
75,12,0,2,23,Y6069866,,,,0,30.0,0,0
75,12,0,2,24,Y6069867,,,,0,30.0,0,0
75,12,0,2,25,Y6069868,,,,0,30.0,0,0
75,12,0,2,26,Y6069869,,,,0,30.0,0,0
75,12,0,2,27,Y6069870,,,,0,30.0,0,0
75,12,0,2,28,Y6069871,,,,0,30.0,0,0
75,12,0,2,29,Y6069872,,,,0,30.0,0,0
75,12,0,2,30,Y6069873,,,,0,30.0,0,0
75,12,0,3,10,Y6069874,,,,0,30.0,0,0
75,12,0,3,11,Y6069875,,,,0,30.0,0,0
75,12,0,3,12,Y6069876,,,,0,30.0,0,0
75,12,0,3,13,Y6069877,,,,0,30.0,0,0
75,12,0,3,14,Y6069878,,,,0,30.0,0,0
75,12,0,3,15,Y6069879,,,,0,30.0,0,0
75,12,0,3,16,Y6069880,,,,0,30.0,0,0
75,12,0,3,17,Y6069881,,,,0,30.0,0,0
75,12,0,3,18,Y6069882,,,,0,30.0,0,0
75,12,0,3,19,Y6069883,,,,0,30.0,0,0
75,12,0,3,20,Y6069884,,,,0,30.0,0,0
75,12,0,3,21,Y6069885,,,,0,30.0,0,0
75,12,0,3,22,Y6069886,,,,0,30.0,0,0
75,12,0,3,23,Y6069887,,,,0,30.0,0,0
75,12,0,3,24,Y6069888,,,,0,30.0,0,0
75,12,0,3,25,Y6069889,,,,0,30.0,0,0
75,12,0,3,26,Y6069890,,,,0,30.0,0,0
75,12,0,3,27,Y6069891,,,,0,30.0,0,0
75,12,0,3,28,Y6069892,,,,0,30.0,0,0
75,12,0,3,29,Y6069893,,,,0,30.0,0,0
75,12,0,3,30,Y6069894,,,,0,30.0,0,0
75,12,0,4,10,Y6069895,,,,0,30.0,0,0
75,12,0,4,11,Y6069896,,,,0,30.0,0,0
75,12,0,4,12,Y6069897,,,,0,30.0,0,0
75,12,0,4,13,Y6069898,,,,0,30.0,0,0
75,12,0,4,14,Y6069899,,,,0,30.0,0,0
75,12,0,4,15,Y6069900,,,,0,30.0,0,0
75,12,0,4,16,Y6069901,,,,0,30.0,0,0
75,12,0,4,17,Y6069902,,,,0,30.0,0,0
75,12,0,4,18,Y6069903,,,,0,30.0,0,0
75,12,0,4,19,Y6069904,,,,0,30.0,0,0
75,12,0,4,20,Y6069905,,,,0,30.0,0,0
75,12,0,4,21,Y6069906,,,,0,30.0,0,0
75,12,0,4,22,Y6069907,,,,0,30.0,0,0
75,12,0,4,23,Y6069908,,,,0,30.0,0,0
75,12,0,4,24,Y6069909,,,,0,30.0,0,0
75,12,0,4,25,Y6069910,,,,0,30.0,0,0
75,12,0,4,26,Y6069911,,,,0,30.0,0,0
75,12,0,4,27,Y6069912,,,,0,30.0,0,0
75,12,0,4,28,Y6069913,,,,0,30.0,0,0
75,12,0,4,29,Y6069914,,,,0,30.0,0,0
75,12,0,4,30,Y6069915,,,,0,30.0,0,0
75,12,0,5,10,Y6069916,,,,0,30.0,0,0
75,12,0,5,11,Y6069917,,,,0,30.0,0,0
75,12,0,5,12,Y6069918,,,,0,30.0,0,0
75,12,0,5,13,Y6069919,,,,0,30.0,0,0
75,12,0,5,14,Y6069920,,,,0,30.0,0,0
75,12,0,5,15,Y6069921,,,,0,30.0,0,0
75,12,0,5,16,Y6069922,,,,0,30.0,0,0
75,12,0,5,17,Y6069923,,,,0,30.0,0,0
75,12,0,5,18,Y6069924,,,,0,30.0,0,0
75,12,0,5,19,Y6069925,,,,0,30.0,0,0
75,12,0,5,20,Y6069926,,,,0,30.0,0,0
75,12,0,5,21,Y6069927,,,,0,30.0,0,0
75,12,0,5,22,Y6069928,,,,0,30.0,0,0
75,12,0,5,23,Y6069929,,,,0,30.0,0,0
75,12,0,5,24,Y6069930,,,,0,30.0,0,0
75,12,0,5,25,Y6069931,,,,0,30.0,0,0
75,12,0,5,26,Y6069932,,,,0,30.0,0,0
75,12,0,5,27,Y6069933,,,,0,30.0,0,0
75,12,0,5,28,Y6069934,,,,0,30.0,0,0
75,12,0,5,29,Y6069935,,,,0,30.0,0,0
75,12,0,5,30,Y6069936,,,,0,30.0,0,0
75,12,0,6,10,Y6069937,,,,0,30.0,0,0
75,12,0,6,11,Y6069938,,,,0,30.0,0,0
75,12,0,6,12,Y6069939,,,,0,30.0,0,0
75,12,0,6,13,Y6069940,,,,0,30.0,0,0
75,12,0,6,14,Y6069941,,,,0,30.0,0,0
75,12,0,6,15,Y6069942,,,,0,30.0,0,0
75,12,0,6,16,Y6069943,,,,0,30.0,0,0
75,12,0,6,17,Y6069944,,,,0,30.0,0,0
75,12,0,6,18,Y6069945,,,,0,30.0,0,0
75,12,0,6,19,Y6069946,,,,0,30.0,0,0
75,12,0,6,20,Y6069947,,,,0,30.0,0,0
75,12,0,6,21,Y6069948,,,,0,30.0,0,0
75,12,0,6,22,Y6069949,,,,0,30.0,0,0
75,12,0,6,23,Y6069950,,,,0,30.0,0,0
75,12,0,6,24,Y6069951,,,,0,30.0,0,0
75,12,0,6,25,Y6069952,,,,0,30.0,0,0
75,12,0,6,26,Y6069953,,,,0,30.0,0,0
75,12,0,6,27,Y6069954,,,,0,30.0,0,0
75,12,0,6,28,Y6069955,,,,0,30.0,0,0
75,12,0,6,29,Y6069956,,,,0,30.0,0,0
75,12,0,6,30,Y6069957,,,,0,30.0,0,0
75,12,0,7,10,Y6069958,,,,0,30.0,0,0
75,12,0,7,11,Y6069959,,,,0,30.0,0,0
75,12,0,7,12,Y6069960,,,,0,30.0,0,0
75,12,0,7,13,Y6069961,,,,0,30.0,0,0
75,12,0,7,14,Y6069962,,,,0,30.0,0,0
75,12,0,7,15,Y6069963,,,,0,30.0,0,0
75,12,0,7,16,Y6069964,,,,0,30.0,0,0
75,12,0,7,17,Y6069965,,,,0,30.0,0,0
75,12,0,7,18,Y6069966,,,,0,30.0,0,0
75,12,0,7,19,Y6069967,,,,0,30.0,0,0
75,12,0,7,20,Y6069968,,,,0,30.0,0,0
75,12,0,7,21,Y6069969,,,,0,30.0,0,0
75,12,0,7,22,Y6069970,,,,0,30.0,0,0
75,12,0,7,23,Y6069971,,,,0,30.0,0,0
75,12,0,7,24,Y6069972,,,,0,30.0,0,0
75,12,0,7,25,Y6069973,,,,0,30.0,0,0
75,12,0,7,26,Y6069974,,,,0,30.0,0,0
75,12,0,7,27,Y6069975,,,,0,30.0,0,0
75,12,0,7,28,Y6069976,,,,0,30.0,0,0
75,12,0,7,29,Y6069977,,,,0,30.0,0,0
75,12,0,7,30,Y6069978,,,,0,30.0,0,0
75,12,0,8,10,Y6069979,,,,0,30.0,0,0
75,12,0,8,11,Y6069980,,,,0,30.0,0,0
75,12,0,8,12,Y6069981,,,,0,30.0,0,0
75,12,0,8,13,Y6069982,,,,0,30.0,0,0
75,12,0,8,14,Y6069983,,,,0,30.0,0,0
75,12,0,8,15,Y6069984,,,,0,30.0,0,0
75,12,0,8,16,Y6069985,,,,0,30.0,0,0
75,12,0,8,17,Y6069986,,,,0,30.0,0,0
75,12,0,8,18,Y6069987,,,,0,30.0,0,0
75,12,0,8,19,Y6069988,,,,0,30.0,0,0
75,12,0,8,20,Y6069989,,,,0,30.0,0,0
75,12,0,8,21,Y6069990,,,,0,30.0,0,0
75,12,0,8,22,Y6069991,,,,0,30.0,0,0
75,12,0,8,23,Y6069992,,,,0,30.0,0,0
75,12,0,8,24,Y6069993,,,,0,30.0,0,0
75,12,0,8,25,Y6069994,,,,0,30.0,0,0
75,12,0,8,26,Y6069995,,,,0,30.0,0,0
75,12,0,8,27,Y6069996,,,,0,30.0,0,0
75,12,0,8,28,Y6069997,,,,0,30.0,0,0
75,12,0,8,29,Y6069998,,,,0,30.0,0,0
75,12,0,8,30,Y6069999,,,,0,30.0,0,0
75,12,0,9,10,Y6070000,,,,0,30.0,0,0
75,12,0,9,11,Y6070001,,,,0,30.0,0,0
75,12,0,9,12,Y6070002,,,,0,30.0,0,0
75,12,0,9,13,Y6070003,,,,0,30.0,0,0
75,12,0,9,14,Y6070004,,,,0,30.0,0,0
75,12,0,9,15,Y6070005,,,,0,30.0,0,0
75,12,0,9,16,Y6070006,,,,0,30.0,0,0
75,12,0,9,17,Y6070007,,,,0,30.0,0,0
75,12,0,9,18,Y6070008,,,,0,30.0,0,0
75,12,0,9,19,Y6070009,,,,0,30.0,0,0
75,12,0,9,20,Y6070010,,,,0,30.0,0,0
75,12,0,9,21,Y6070011,,,,0,30.0,0,0
75,12,0,9,22,Y6070012,,,,0,30.0,0,0
75,12,0,9,23,Y6070013,,,,0,30.0,0,0
75,12,0,9,24,Y6070014,,,,0,30.0,0,0
75,12,0,9,25,Y6070015,,,,0,30.0,0,0
75,12,0,9,26,Y6070016,,,,0,30.0,0,0
75,12,0,9,27,Y6070017,,,,0,30.0,0,0
75,12,0,9,28,Y6070018,,,,0,30.0,0,0
75,12,0,9,29,Y6070019,,,,0,30.0,0,0
75,12,0,9,30,Y6070020,,,,0,30.0,0,0
75,12,0,10,10,Y6070021,,,,0,30.0,0,0
75,12,0,10,11,Y6070022,,,,0,30.0,0,0
75,12,0,10,12,Y6070023,,,,0,30.0,0,0
75,12,0,10,13,Y6070024,,,,0,30.0,0,0
75,12,0,10,14,Y6070025,,,,0,30.0,0,0
75,12,0,10,15,Y6070026,,,,0,30.0,0,0
75,12,0,10,16,Y6070027,,,,0,30.0,0,0
75,12,0,10,17,Y6070028,,,,0,30.0,0,0
75,12,0,10,18,Y6070029,,,,0,30.0,0,0
75,12,0,10,19,Y6070030,,,,0,30.0,0,0
75,12,0,10,20,Y6070031,,,,0,30.0,0,0
75,12,0,10,21,Y6070032,,,,0,30.0,0,0
75,12,0,10,22,Y6070033,,,,0,30.0,0,0
75,12,0,10,23,Y6070034,,,,0,30.0,0,0
75,12,0,10,24,Y6070035,,,,0,30.0,0,0
75,12,0,10,25,Y6070036,,,,0,30.0,0,0
75,12,0,10,26,Y6070037,,,,0,30.0,0,0
75,12,0,10,27,Y6070038,,,,0,30.0,0,0
75,12,0,10,28,Y6070039,,,,0,30.0,0,0
75,12,0,10,29,Y6070040,,,,0,30.0,0,0
75,12,0,10,30,Y6070041,,,,0,30.0,0,0
75,12,0,11,10,Y6070042,,,,0,30.0,0,0
75,12,0,11,11,Y6070043,,,,0,30.0,0,0
75,12,0,11,12,Y6070044,,,,0,30.0,0,0
75,12,0,11,13,Y6070045,,,,0,30.0,0,0
75,12,0,11,14,Y6070046,,,,0,30.0,0,0
75,12,0,11,15,Y6070047,,,,0,30.0,0,0
75,12,0,11,16,Y6070048,,,,0,30.0,0,0
75,12,0,11,17,Y6070049,,,,0,30.0,0,0
75,12,0,11,18,Y6070050,,,,0,30.0,0,0
75,12,0,11,19,Y6070051,,,,0,30.0,0,0
75,12,0,11,20,Y6070052,,,,0,30.0,0,0
75,12,0,11,21,Y6070053,,,,0,30.0,0,0
75,12,0,11,22,Y6070054,,,,0,30.0,0,0
75,12,0,11,23,Y6070055,,,,0,30.0,0,0
75,12,0,11,24,Y6070056,,,,0,30.0,0,0
75,12,0,11,25,Y6070057,,,,0,30.0,0,0
75,12,0,11,26,Y6070058,,,,0,30.0,0,0
75,12,0,11,27,Y6070059,,,,0,30.0,0,0
75,12,0,11,28,Y6070060,,,,0,30.0,0,0
75,12,0,11,29,Y6070061,,,,0,30.0,0,0
75,12,0,11,30,Y6070062,,,,0,30.0,0,0
75,12,0,12,10,Y6070063,,,,0,30.0,0,0
75,12,0,12,11,Y6070064,,,,0,30.0,0,0
75,12,0,12,12,Y6070065,,,,0,30.0,0,0
75,12,0,12,13,Y6070066,,,,0,30.0,0,0
75,12,0,12,14,Y6070067,,,,0,30.0,0,0
75,12,0,12,15,Y6070068,,,,0,30.0,0,0
75,12,0,12,16,Y6070069,,,,0,30.0,0,0
75,12,0,12,17,Y6070070,,,,0,30.0,0,0
75,12,0,12,18,Y6070071,,,,0,30.0,0,0
75,12,0,12,19,Y6070072,,,,0,30.0,0,0
75,12,0,12,20,Y6070073,,,,0,30.0,0,0
75,12,0,12,21,Y6070074,,,,0,30.0,0,0
75,12,0,12,22,Y6070075,,,,0,30.0,0,0
75,12,0,12,23,Y6070076,,,,0,30.0,0,0
75,12,0,12,24,Y6070077,,,,0,30.0,0,0
75,12,0,12,25,Y6070078,,,,0,30.0,0,0
75,12,0,12,26,Y6070079,,,,0,30.0,0,0
75,12,0,12,27,Y6070080,,,,0,30.0,0,0
75,12,0,12,28,Y6070081,,,,0,30.0,0,0
75,12,0,12,29,Y6070082,,,,0,30.0,0,0
75,12,0,12,30,Y6070083,,,,0,30.0,0,0
75,12,1,1,10,Y6070084,,,,0,30.0,0,0
75,12,1,1,11,Y6070085,,,,0,30.0,0,0
75,12,1,1,12,Y6070086,,,,0,30.0,0,0
75,12,1,1,13,Y6070087,,,,0,30.0,0,0
75,12,1,1,14,Y6070088,,,,0,30.0,0,0
75,12,1,1,15,Y6070089,,,,0,30.0,0,0
75,12,1,1,16,Y6070090,,,,0,30.0,0,0
75,12,1,1,17,Y6070091,,,,0,30.0,0,0
75,12,1,1,18,Y6070092,,,,0,30.0,0,0
75,12,1,1,19,Y6070093,,,,0,30.0,0,0
75,12,1,1,20,Y6070094,,,,0,30.0,0,0
75,12,1,1,21,Y6070095,,,,0,30.0,0,0
75,12,1,1,22,Y6070096,,,,0,30.0,0,0
75,12,1,1,23,Y6070097,,,,0,30.0,0,0
75,12,1,1,24,Y6070098,,,,0,30.0,0,0
75,12,1,1,25,Y6070099,,,,0,30.0,0,0
75,12,1,1,26,Y6070100,,,,0,30.0,0,0
75,12,1,1,27,Y6070101,,,,0,30.0,0,0
75,12,1,1,28,Y6070102,,,,0,30.0,0,0
75,12,1,1,29,Y6070103,,,,0,30.0,0,0
75,12,1,1,30,Y6070104,,,,0,30.0,0,0
75,12,1,2,10,Y6070105,,,,0,30.0,0,0
75,12,1,2,11,Y6070106,,,,0,30.0,0,0
75,12,1,2,12,Y6070107,,,,0,30.0,0,0
75,12,1,2,13,Y6070108,,,,0,30.0,0,0
75,12,1,2,14,Y6070109,,,,0,30.0,0,0
75,12,1,2,15,Y6070110,,,,0,30.0,0,0
75,12,1,2,16,Y6070111,,,,0,30.0,0,0
75,12,1,2,17,Y6070112,,,,0,30.0,0,0
75,12,1,2,18,Y6070113,,,,0,30.0,0,0
75,12,1,2,19,Y6070114,,,,0,30.0,0,0
75,12,1,2,20,Y6070115,,,,0,30.0,0,0
75,12,1,2,21,Y6070116,,,,0,30.0,0,0
75,12,1,2,22,Y6070117,,,,0,30.0,0,0
75,12,1,2,23,Y6070118,,,,0,30.0,0,0
75,12,1,2,24,Y6070119,,,,0,30.0,0,0
75,12,1,2,25,Y6070120,,,,0,30.0,0,0
75,12,1,2,26,Y6070121,,,,0,30.0,0,0
75,12,1,2,27,Y6070122,,,,0,30.0,0,0
75,12,1,2,28,Y6070123,,,,0,30.0,0,0
75,12,1,2,29,Y6070124,,,,0,30.0,0,0
75,12,1,2,30,Y6070125,,,,0,30.0,0,0
75,12,1,3,10,Y6070126,,,,0,30.0,0,0
75,12,1,3,11,Y6070127,,,,0,30.0,0,0
75,12,1,3,12,Y6070128,,,,0,30.0,0,0
75,12,1,3,13,Y6070129,,,,0,30.0,0,0
75,12,1,3,14,Y6070130,,,,0,30.0,0,0
75,12,1,3,15,Y6070131,,,,0,30.0,0,0
75,12,1,3,16,Y6070132,,,,0,30.0,0,0
75,12,1,3,17,Y6070133,,,,0,30.0,0,0
75,12,1,3,18,Y6070134,,,,0,30.0,0,0
75,12,1,3,19,Y6070135,,,,0,30.0,0,0
75,12,1,3,20,Y6070136,,,,0,30.0,0,0
75,12,1,3,21,Y6070137,,,,0,30.0,0,0
75,12,1,3,22,Y6070138,,,,0,30.0,0,0
75,12,1,3,23,Y6070139,,,,0,30.0,0,0
75,12,1,3,24,Y6070140,,,,0,30.0,0,0
75,12,1,3,25,Y6070141,,,,0,30.0,0,0
75,12,1,3,26,Y6070142,,,,0,30.0,0,0
75,12,1,3,27,Y6070143,,,,0,30.0,0,0
75,12,1,3,28,Y6070144,,,,0,30.0,0,0
75,12,1,3,29,Y6070145,,,,0,30.0,0,0
75,12,1,3,30,Y6070146,,,,0,30.0,0,0
75,12,1,4,10,Y6070147,,,,0,30.0,0,0
75,12,1,4,11,Y6070148,,,,0,30.0,0,0
75,12,1,4,12,Y6070149,,,,0,30.0,0,0
75,12,1,4,13,Y6070150,,,,0,30.0,0,0
75,12,1,4,14,Y6070151,,,,0,30.0,0,0
75,12,1,4,15,Y6070152,,,,0,30.0,0,0
75,12,1,4,16,Y6070153,,,,0,30.0,0,0
75,12,1,4,17,Y6070154,,,,0,30.0,0,0
75,12,1,4,18,Y6070155,,,,0,30.0,0,0
75,12,1,4,19,Y6070156,,,,0,30.0,0,0
75,12,1,4,20,Y6070157,,,,0,30.0,0,0
75,12,1,4,21,Y6070158,,,,0,30.0,0,0
75,12,1,4,22,Y6070159,,,,0,30.0,0,0
75,12,1,4,23,Y6070160,,,,0,30.0,0,0
75,12,1,4,24,Y6070161,,,,0,30.0,0,0
75,12,1,4,25,Y6070162,,,,0,30.0,0,0
75,12,1,4,26,Y6070163,,,,0,30.0,0,0
75,12,1,4,27,Y6070164,,,,0,30.0,0,0
75,12,1,4,28,Y6070165,,,,0,30.0,0,0
75,12,1,4,29,Y6070166,,,,0,30.0,0,0
75,12,1,4,30,Y6070167,,,,0,30.0,0,0
75,12,1,5,10,Y6070168,,,,0,30.0,0,0
75,12,1,5,11,Y6070169,,,,0,30.0,0,0
75,12,1,5,12,Y6070170,,,,0,30.0,0,0
75,12,1,5,13,Y6070171,,,,0,30.0,0,0
75,12,1,5,14,Y6070172,,,,0,30.0,0,0
75,12,1,5,15,Y6070173,,,,0,30.0,0,0
75,12,1,5,16,Y6070174,,,,0,30.0,0,0
75,12,1,5,17,Y6070175,,,,0,30.0,0,0
75,12,1,5,18,Y6070176,,,,0,30.0,0,0
75,12,1,5,19,Y6070177,,,,0,30.0,0,0
75,12,1,5,20,Y6070178,,,,0,30.0,0,0
75,12,1,5,21,Y6070179,,,,0,30.0,0,0
75,12,1,5,22,Y6070180,,,,0,30.0,0,0
75,12,1,5,23,Y6070181,,,,0,30.0,0,0
75,12,1,5,24,Y6070182,,,,0,30.0,0,0
75,12,1,5,25,Y6070183,,,,0,30.0,0,0
75,12,1,5,26,Y6070184,,,,0,30.0,0,0
75,12,1,5,27,Y6070185,,,,0,30.0,0,0
75,12,1,5,28,Y6070186,,,,0,30.0,0,0
75,12,1,5,29,Y6070187,,,,0,30.0,0,0
75,12,1,5,30,Y6070188,,,,0,30.0,0,0
75,12,1,6,10,Y6070189,,,,0,30.0,0,0
75,12,1,6,11,Y6070190,,,,0,30.0,0,0
75,12,1,6,12,Y6070191,,,,0,30.0,0,0
75,12,1,6,13,Y6070192,,,,0,30.0,0,0
75,12,1,6,14,Y6070193,,,,0,30.0,0,0
75,12,1,6,15,Y6070194,,,,0,30.0,0,0
75,12,1,6,16,Y6070195,,,,0,30.0,0,0
75,12,1,6,17,Y6070196,,,,0,30.0,0,0
75,12,1,6,18,Y6070197,,,,0,30.0,0,0
75,12,1,6,19,Y6070198,,,,0,30.0,0,0
75,12,1,6,20,Y6070199,,,,0,30.0,0,0
75,12,1,6,21,Y6070200,,,,0,30.0,0,0
75,12,1,6,22,Y6070201,,,,0,30.0,0,0
75,12,1,6,23,Y6070202,,,,0,30.0,0,0
75,12,1,6,24,Y6070203,,,,0,30.0,0,0
75,12,1,6,25,Y6070204,,,,0,30.0,0,0
75,12,1,6,26,Y6070205,,,,0,30.0,0,0
75,12,1,6,27,Y6070206,,,,0,30.0,0,0
75,12,1,6,28,Y6070207,,,,0,30.0,0,0
75,12,1,6,29,Y6070208,,,,0,30.0,0,0
75,12,1,6,30,Y6070209,,,,0,30.0,0,0
75,12,1,7,10,Y6070210,,,,0,30.0,0,0
75,12,1,7,11,Y6070211,,,,0,30.0,0,0
75,12,1,7,12,Y6070212,,,,0,30.0,0,0
75,12,1,7,13,Y6070213,,,,0,30.0,0,0
75,12,1,7,14,Y6070214,,,,0,30.0,0,0
75,12,1,7,15,Y6070215,,,,0,30.0,0,0
75,12,1,7,16,Y6070216,,,,0,30.0,0,0
75,12,1,7,17,Y6070217,,,,0,30.0,0,0
75,12,1,7,18,Y6070218,,,,0,30.0,0,0
75,12,1,7,19,Y6070219,,,,0,30.0,0,0
75,12,1,7,20,Y6070220,,,,0,30.0,0,0
75,12,1,7,21,Y6070221,,,,0,30.0,0,0
75,12,1,7,22,Y6070222,,,,0,30.0,0,0
75,12,1,7,23,Y6070223,,,,0,30.0,0,0
75,12,1,7,24,Y6070224,,,,0,30.0,0,0
75,12,1,7,25,Y6070225,,,,0,30.0,0,0
75,12,1,7,26,Y6070226,,,,0,30.0,0,0
75,12,1,7,27,Y6070227,,,,0,30.0,0,0
75,12,1,7,28,Y6070228,,,,0,30.0,0,0
75,12,1,7,29,Y6070229,,,,0,30.0,0,0
75,12,1,7,30,Y6070230,,,,0,30.0,0,0
75,12,1,8,10,Y6070231,,,,0,30.0,0,0
75,12,1,8,11,Y6070232,,,,0,30.0,0,0
75,12,1,8,12,Y6070233,,,,0,30.0,0,0
75,12,1,8,13,Y6070234,,,,0,30.0,0,0
75,12,1,8,14,Y6070235,,,,0,30.0,0,0
75,12,1,8,15,Y6070236,,,,0,30.0,0,0
75,12,1,8,16,Y6070237,,,,0,30.0,0,0
75,12,1,8,17,Y6070238,,,,0,30.0,0,0
75,12,1,8,18,Y6070239,,,,0,30.0,0,0
75,12,1,8,19,Y6070240,,,,0,30.0,0,0
75,12,1,8,20,Y6070241,,,,0,30.0,0,0
75,12,1,8,21,Y6070242,,,,0,30.0,0,0
75,12,1,8,22,Y6070243,,,,0,30.0,0,0
75,12,1,8,23,Y6070244,,,,0,30.0,0,0
75,12,1,8,24,Y6070245,,,,0,30.0,0,0
75,12,1,8,25,Y6070246,,,,0,30.0,0,0
75,12,1,8,26,Y6070247,,,,0,30.0,0,0
75,12,1,8,27,Y6070248,,,,0,30.0,0,0
75,12,1,8,28,Y6070249,,,,0,30.0,0,0
75,12,1,8,29,Y6070250,,,,0,30.0,0,0
75,12,1,8,30,Y6070251,,,,0,30.0,0,0
75,12,1,9,10,Y6070252,,,,0,30.0,0,0
75,12,1,9,11,Y6070253,,,,0,30.0,0,0
75,12,1,9,12,Y6070254,,,,0,30.0,0,0
75,12,1,9,13,Y6070255,,,,0,30.0,0,0
75,12,1,9,14,Y6070256,,,,0,30.0,0,0
75,12,1,9,15,Y6070257,,,,0,30.0,0,0
75,12,1,9,16,Y6070258,,,,0,30.0,0,0
75,12,1,9,17,Y6070259,,,,0,30.0,0,0
75,12,1,9,18,Y6070260,,,,0,30.0,0,0
75,12,1,9,19,Y6070261,,,,0,30.0,0,0
75,12,1,9,20,Y6070262,,,,0,30.0,0,0
75,12,1,9,21,Y6070263,,,,0,30.0,0,0
75,12,1,9,22,Y6070264,,,,0,30.0,0,0
75,12,1,9,23,Y6070265,,,,0,30.0,0,0
75,12,1,9,24,Y6070266,,,,0,30.0,0,0
75,12,1,9,25,Y6070267,,,,0,30.0,0,0
75,12,1,9,26,Y6070268,,,,0,30.0,0,0
75,12,1,9,27,Y6070269,,,,0,30.0,0,0
75,12,1,9,28,Y6070270,,,,0,30.0,0,0
75,12,1,9,29,Y6070271,,,,0,30.0,0,0
75,12,1,9,30,Y6070272,,,,0,30.0,0,0
75,12,1,10,10,Y6070273,,,,0,30.0,0,0
75,12,1,10,11,Y6070274,,,,0,30.0,0,0
75,12,1,10,12,Y6070275,,,,0,30.0,0,0
75,12,1,10,13,Y6070276,,,,0,30.0,0,0
75,12,1,10,14,Y6070277,,,,0,30.0,0,0
75,12,1,10,15,Y6070278,,,,0,30.0,0,0
75,12,1,10,16,Y6070279,,,,0,30.0,0,0
75,12,1,10,17,Y6070280,,,,0,30.0,0,0
75,12,1,10,18,Y6070281,,,,0,30.0,0,0
75,12,1,10,19,Y6070282,,,,0,30.0,0,0
75,12,1,10,20,Y6070283,,,,0,30.0,0,0
75,12,1,10,21,Y6070284,,,,0,30.0,0,0
75,12,1,10,22,Y6070285,,,,0,30.0,0,0
75,12,1,10,23,Y6070286,,,,0,30.0,0,0
75,12,1,10,24,Y6070287,,,,0,30.0,0,0
75,12,1,10,25,Y6070288,,,,0,30.0,0,0
75,12,1,10,26,Y6070289,,,,0,30.0,0,0
75,12,1,10,27,Y6070290,,,,0,30.0,0,0
75,12,1,10,28,Y6070291,,,,0,30.0,0,0
75,12,1,10,29,Y6070292,,,,0,30.0,0,0
75,12,1,10,30,Y6070293,,,,0,30.0,0,0
75,12,1,11,10,Y6070294,,,,0,30.0,0,0
75,12,1,11,11,Y6070295,,,,0,30.0,0,0
75,12,1,11,12,Y6070296,,,,0,30.0,0,0
75,12,1,11,13,Y6070297,,,,0,30.0,0,0
75,12,1,11,14,Y6070298,,,,0,30.0,0,0
75,12,1,11,15,Y6070299,,,,0,30.0,0,0
75,12,1,11,16,Y6070300,,,,0,30.0,0,0
75,12,1,11,17,Y6070301,,,,0,30.0,0,0
75,12,1,11,18,Y6070302,,,,0,30.0,0,0
75,12,1,11,19,Y6070303,,,,0,30.0,0,0
75,12,1,11,20,Y6070304,,,,0,30.0,0,0
75,12,1,11,21,Y6070305,,,,0,30.0,0,0
75,12,1,11,22,Y6070306,,,,0,30.0,0,0
75,12,1,11,23,Y6070307,,,,0,30.0,0,0
75,12,1,11,24,Y6070308,,,,0,30.0,0,0
75,12,1,11,25,Y6070309,,,,0,30.0,0,0
75,12,1,11,26,Y6070310,,,,0,30.0,0,0
75,12,1,11,27,Y6070311,,,,0,30.0,0,0
75,12,1,11,28,Y6070312,,,,0,30.0,0,0
75,12,1,11,29,Y6070313,,,,0,30.0,0,0
75,12,1,11,30,Y6070314,,,,0,30.0,0,0
75,12,1,12,10,Y6070315,,,,0,30.0,0,0
75,12,1,12,11,Y6070316,,,,0,30.0,0,0
75,12,1,12,12,Y6070317,,,,0,30.0,0,0
75,12,1,12,13,Y6070318,,,,0,30.0,0,0
75,12,1,12,14,Y6070319,,,,0,30.0,0,0
75,12,1,12,15,Y6070320,,,,0,30.0,0,0
75,12,1,12,16,Y6070321,,,,0,30.0,0,0
75,12,1,12,17,Y6070322,,,,0,30.0,0,0
75,12,1,12,18,Y6070323,,,,0,30.0,0,0
75,12,1,12,19,Y6070324,,,,0,30.0,0,0
75,12,1,12,20,Y6070325,,,,0,30.0,0,0
75,12,1,12,21,Y6070326,,,,0,30.0,0,0
75,12,1,12,22,Y6070327,,,,0,30.0,0,0
75,12,1,12,23,Y6070328,,,,0,30.0,0,0
75,12,1,12,24,Y6070329,,,,0,30.0,0,0
75,12,1,12,25,Y6070330,,,,0,30.0,0,0
75,12,1,12,26,Y6070331,,,,0,30.0,0,0
75,12,1,12,27,Y6070332,,,,0,30.0,0,0
75,12,1,12,28,Y6070333,,,,0,30.0,0,0
75,12,1,12,29,Y6070334,,,,0,30.0,0,0
75,12,1,12,30,Y6070335,,,,0,30.0,0,0
75,12,2,1,10,Y6070336,,,,0,30.0,0,0
75,12,2,1,11,Y6070337,,,,0,30.0,0,0
75,12,2,1,12,Y6070338,,,,0,30.0,0,0
75,12,2,1,13,Y6070339,,,,0,30.0,0,0
75,12,2,1,14,Y6070340,,,,0,30.0,0,0
75,12,2,1,15,Y6070341,,,,0,30.0,0,0
75,12,2,1,16,Y6070342,,,,0,30.0,0,0
75,12,2,1,17,Y6070343,,,,0,30.0,0,0
75,12,2,1,18,Y6070344,,,,0,30.0,0,0
75,12,2,1,19,Y6070345,,,,0,30.0,0,0
75,12,2,1,20,Y6070346,,,,0,30.0,0,0
75,12,2,1,21,Y6070347,,,,0,30.0,0,0
75,12,2,1,22,Y6070348,,,,0,30.0,0,0
75,12,2,1,23,Y6070349,,,,0,30.0,0,0
75,12,2,1,24,Y6070350,,,,0,30.0,0,0
75,12,2,1,25,Y6070351,,,,0,30.0,0,0
75,12,2,1,26,Y6070352,,,,0,30.0,0,0
75,12,2,1,27,Y6070353,,,,0,30.0,0,0
75,12,2,1,28,Y6070354,,,,0,30.0,0,0
75,12,2,1,29,Y6070355,,,,0,30.0,0,0
75,12,2,1,30,Y6070356,,,,0,30.0,0,0
75,12,2,2,10,Y6070357,,,,0,30.0,0,0
75,12,2,2,11,Y6070358,,,,0,30.0,0,0
75,12,2,2,12,Y6070359,,,,0,30.0,0,0
75,12,2,2,13,Y6070360,,,,0,30.0,0,0
75,12,2,2,14,Y6070361,,,,0,30.0,0,0
75,12,2,2,15,Y6070362,,,,0,30.0,0,0
75,12,2,2,16,Y6070363,,,,0,30.0,0,0
75,12,2,2,17,Y6070364,,,,0,30.0,0,0
75,12,2,2,18,Y6070365,,,,0,30.0,0,0
75,12,2,2,19,Y6070366,,,,0,30.0,0,0
75,12,2,2,20,Y6070367,,,,0,30.0,0,0
75,12,2,2,21,Y6070368,,,,0,30.0,0,0
75,12,2,2,22,Y6070369,,,,0,30.0,0,0
75,12,2,2,23,Y6070370,,,,0,30.0,0,0
75,12,2,2,24,Y6070371,,,,0,30.0,0,0
75,12,2,2,25,Y6070372,,,,0,30.0,0,0
75,12,2,2,26,Y6070373,,,,0,30.0,0,0
75,12,2,2,27,Y6070374,,,,0,30.0,0,0
75,12,2,2,28,Y6070375,,,,0,30.0,0,0
75,12,2,2,29,Y6070376,,,,0,30.0,0,0
75,12,2,2,30,Y6070377,,,,0,30.0,0,0
75,12,2,3,10,Y6070378,,,,0,30.0,0,0
75,12,2,3,11,Y6070379,,,,0,30.0,0,0
75,12,2,3,12,Y6070380,,,,0,30.0,0,0
75,12,2,3,13,Y6070381,,,,0,30.0,0,0
75,12,2,3,14,Y6070382,,,,0,30.0,0,0
75,12,2,3,15,Y6070383,,,,0,30.0,0,0
75,12,2,3,16,Y6070384,,,,0,30.0,0,0
75,12,2,3,17,Y6070385,,,,0,30.0,0,0
75,12,2,3,18,Y6070386,,,,0,30.0,0,0
75,12,2,3,19,Y6070387,,,,0,30.0,0,0
75,12,2,3,20,Y6070388,,,,0,30.0,0,0
75,12,2,3,21,Y6070389,,,,0,30.0,0,0
75,12,2,3,22,Y6070390,,,,0,30.0,0,0
75,12,2,3,23,Y6070391,,,,0,30.0,0,0
75,12,2,3,24,Y6070392,,,,0,30.0,0,0
75,12,2,3,25,Y6070393,,,,0,30.0,0,0
75,12,2,3,26,Y6070394,,,,0,30.0,0,0
75,12,2,3,27,Y6070395,,,,0,30.0,0,0
75,12,2,3,28,Y6070396,,,,0,30.0,0,0
75,12,2,3,29,Y6070397,,,,0,30.0,0,0
75,12,2,3,30,Y6070398,,,,0,30.0,0,0
75,12,2,4,10,Y6070399,,,,0,30.0,0,0
75,12,2,4,11,Y6070400,,,,0,30.0,0,0
75,12,2,4,12,Y6070401,,,,0,30.0,0,0
75,12,2,4,13,Y6070402,,,,0,30.0,0,0
75,12,2,4,14,Y6070403,,,,0,30.0,0,0
75,12,2,4,15,Y6070404,,,,0,30.0,0,0
75,12,2,4,16,Y6070405,,,,0,30.0,0,0
75,12,2,4,17,Y6070406,,,,0,30.0,0,0
75,12,2,4,18,Y6070407,,,,0,30.0,0,0
75,12,2,4,19,Y6070408,,,,0,30.0,0,0
75,12,2,4,20,Y6070409,,,,0,30.0,0,0
75,12,2,4,21,Y6070410,,,,0,30.0,0,0
75,12,2,4,22,Y6070411,,,,0,30.0,0,0
75,12,2,4,23,Y6070412,,,,0,30.0,0,0
75,12,2,4,24,Y6070413,,,,0,30.0,0,0
75,12,2,4,25,Y6070414,,,,0,30.0,0,0
75,12,2,4,26,Y6070415,,,,0,30.0,0,0
75,12,2,4,27,Y6070416,,,,0,30.0,0,0
75,12,2,4,28,Y6070417,,,,0,30.0,0,0
75,12,2,4,29,Y6070418,,,,0,30.0,0,0
75,12,2,4,30,Y6070419,,,,0,30.0,0,0
75,12,2,5,10,Y6070420,,,,0,30.0,0,0
75,12,2,5,11,Y6070421,,,,0,30.0,0,0
75,12,2,5,12,Y6070422,,,,0,30.0,0,0
75,12,2,5,13,Y6070423,,,,0,30.0,0,0
75,12,2,5,14,Y6070424,,,,0,30.0,0,0
75,12,2,5,15,Y6070425,,,,0,30.0,0,0
75,12,2,5,16,Y6070426,,,,0,30.0,0,0
75,12,2,5,17,Y6070427,,,,0,30.0,0,0
75,12,2,5,18,Y6070428,,,,0,30.0,0,0
75,12,2,5,19,Y6070429,,,,0,30.0,0,0
75,12,2,5,20,Y6070430,,,,0,30.0,0,0
75,12,2,5,21,Y6070431,,,,0,30.0,0,0
75,12,2,5,22,Y6070432,,,,0,30.0,0,0
75,12,2,5,23,Y6070433,,,,0,30.0,0,0
75,12,2,5,24,Y6070434,,,,0,30.0,0,0
75,12,2,5,25,Y6070435,,,,0,30.0,0,0
75,12,2,5,26,Y6070436,,,,0,30.0,0,0
75,12,2,5,27,Y6070437,,,,0,30.0,0,0
75,12,2,5,28,Y6070438,,,,0,30.0,0,0
75,12,2,5,29,Y6070439,,,,0,30.0,0,0
75,12,2,5,30,Y6070440,,,,0,30.0,0,0
75,12,2,6,10,Y6070441,,,,0,30.0,0,0
75,12,2,6,11,Y6070442,,,,0,30.0,0,0
75,12,2,6,12,Y6070443,,,,0,30.0,0,0
75,12,2,6,13,Y6070444,,,,0,30.0,0,0
75,12,2,6,14,Y6070445,,,,0,30.0,0,0
75,12,2,6,15,Y6070446,,,,0,30.0,0,0
75,12,2,6,16,Y6070447,,,,0,30.0,0,0
75,12,2,6,17,Y6070448,,,,0,30.0,0,0
75,12,2,6,18,Y6070449,,,,0,30.0,0,0
75,12,2,6,19,Y6070450,,,,0,30.0,0,0
75,12,2,6,20,Y6070451,,,,0,30.0,0,0
75,12,2,6,21,Y6070452,,,,0,30.0,0,0
75,12,2,6,22,Y6070453,,,,0,30.0,0,0
75,12,2,6,23,Y6070454,,,,0,30.0,0,0
75,12,2,6,24,Y6070455,,,,0,30.0,0,0
75,12,2,6,25,Y6070456,,,,0,30.0,0,0
75,12,2,6,26,Y6070457,,,,0,30.0,0,0
75,12,2,6,27,Y6070458,,,,0,30.0,0,0
75,12,2,6,28,Y6070459,,,,0,30.0,0,0
75,12,2,6,29,Y6070460,,,,0,30.0,0,0
75,12,2,6,30,Y6070461,,,,0,30.0,0,0
75,12,2,7,10,Y6070462,,,,0,30.0,0,0
75,12,2,7,11,Y6070463,,,,0,30.0,0,0
75,12,2,7,12,Y6070464,,,,0,30.0,0,0
75,12,2,7,13,Y6070465,,,,0,30.0,0,0
75,12,2,7,14,Y6070466,,,,0,30.0,0,0
75,12,2,7,15,Y6070467,,,,0,30.0,0,0
75,12,2,7,16,Y6070468,,,,0,30.0,0,0
75,12,2,7,17,Y6070469,,,,0,30.0,0,0
75,12,2,7,18,Y6070470,,,,0,30.0,0,0
75,12,2,7,19,Y6070471,,,,0,30.0,0,0
75,12,2,7,20,Y6070472,,,,0,30.0,0,0
75,12,2,7,21,Y6070473,,,,0,30.0,0,0
75,12,2,7,22,Y6070474,,,,0,30.0,0,0
75,12,2,7,23,Y6070475,,,,0,30.0,0,0
75,12,2,7,24,Y6070476,,,,0,30.0,0,0
75,12,2,7,25,Y6070477,,,,0,30.0,0,0
75,12,2,7,26,Y6070478,,,,0,30.0,0,0
75,12,2,7,27,Y6070479,,,,0,30.0,0,0
75,12,2,7,28,Y6070480,,,,0,30.0,0,0
75,12,2,7,29,Y6070481,,,,0,30.0,0,0
75,12,2,7,30,Y6070482,,,,0,30.0,0,0
75,12,2,8,10,Y6070483,,,,0,30.0,0,0
75,12,2,8,11,Y6070484,,,,0,30.0,0,0
75,12,2,8,12,Y6070485,,,,0,30.0,0,0
75,12,2,8,13,Y6070486,,,,0,30.0,0,0
75,12,2,8,14,Y6070487,,,,0,30.0,0,0
75,12,2,8,15,Y6070488,,,,0,30.0,0,0
75,12,2,8,16,Y6070489,,,,0,30.0,0,0
75,12,2,8,17,Y6070490,,,,0,30.0,0,0
75,12,2,8,18,Y6070491,,,,0,30.0,0,0
75,12,2,8,19,Y6070492,,,,0,30.0,0,0
75,12,2,8,20,Y6070493,,,,0,30.0,0,0
75,12,2,8,21,Y6070494,,,,0,30.0,0,0
75,12,2,8,22,Y6070495,,,,0,30.0,0,0
75,12,2,8,23,Y6070496,,,,0,30.0,0,0
75,12,2,8,24,Y6070497,,,,0,30.0,0,0
75,12,2,8,25,Y6070498,,,,0,30.0,0,0
75,12,2,8,26,Y6070499,,,,0,30.0,0,0
75,12,2,8,27,Y6070500,,,,0,30.0,0,0
75,12,2,8,28,Y6070501,,,,0,30.0,0,0
75,12,2,8,29,Y6070502,,,,0,30.0,0,0
75,12,2,8,30,Y6070503,,,,0,30.0,0,0
75,12,2,9,10,Y6070504,,,,0,30.0,0,0
75,12,2,9,11,Y6070505,,,,0,30.0,0,0
75,12,2,9,12,Y6070506,,,,0,30.0,0,0
75,12,2,9,13,Y6070507,,,,0,30.0,0,0
75,12,2,9,14,Y6070508,,,,0,30.0,0,0
75,12,2,9,15,Y6070509,,,,0,30.0,0,0
75,12,2,9,16,Y6070510,,,,0,30.0,0,0
75,12,2,9,17,Y6070511,,,,0,30.0,0,0
75,12,2,9,18,Y6070512,,,,0,30.0,0,0
75,12,2,9,19,Y6070513,,,,0,30.0,0,0
75,12,2,9,20,Y6070514,,,,0,30.0,0,0
75,12,2,9,21,Y6070515,,,,0,30.0,0,0
75,12,2,9,22,Y6070516,,,,0,30.0,0,0
75,12,2,9,23,Y6070517,,,,0,30.0,0,0
75,12,2,9,24,Y6070518,,,,0,30.0,0,0
75,12,2,9,25,Y6070519,,,,0,30.0,0,0
75,12,2,9,26,Y6070520,,,,0,30.0,0,0
75,12,2,9,27,Y6070521,,,,0,30.0,0,0
75,12,2,9,28,Y6070522,,,,0,30.0,0,0
75,12,2,9,29,Y6070523,,,,0,30.0,0,0
75,12,2,9,30,Y6070524,,,,0,30.0,0,0
75,12,2,10,10,Y6070525,,,,0,30.0,0,0
75,12,2,10,11,Y6070526,,,,0,30.0,0,0
75,12,2,10,12,Y6070527,,,,0,30.0,0,0
75,12,2,10,13,Y6070528,,,,0,30.0,0,0
75,12,2,10,14,Y6070529,,,,0,30.0,0,0
75,12,2,10,15,Y6070530,,,,0,30.0,0,0
75,12,2,10,16,Y6070531,,,,0,30.0,0,0
75,12,2,10,17,Y6070532,,,,0,30.0,0,0
75,12,2,10,18,Y6070533,,,,0,30.0,0,0
75,12,2,10,19,Y6070534,,,,0,30.0,0,0
75,12,2,10,20,Y6070535,,,,0,30.0,0,0
75,12,2,10,21,Y6070536,,,,0,30.0,0,0
75,12,2,10,22,Y6070537,,,,0,30.0,0,0
75,12,2,10,23,Y6070538,,,,0,30.0,0,0
75,12,2,10,24,Y6070539,,,,0,30.0,0,0
75,12,2,10,25,Y6070540,,,,0,30.0,0,0
75,12,2,10,26,Y6070541,,,,0,30.0,0,0
75,12,2,10,27,Y6070542,,,,0,30.0,0,0
75,12,2,10,28,Y6070543,,,,0,30.0,0,0
75,12,2,10,29,Y6070544,,,,0,30.0,0,0
75,12,2,10,30,Y6070545,,,,0,30.0,0,0
75,12,2,11,10,Y6070546,,,,0,30.0,0,0
75,12,2,11,11,Y6070547,,,,0,30.0,0,0
75,12,2,11,12,Y6070548,,,,0,30.0,0,0
75,12,2,11,13,Y6070549,,,,0,30.0,0,0
75,12,2,11,14,Y6070550,,,,0,30.0,0,0
75,12,2,11,15,Y6070551,,,,0,30.0,0,0
75,12,2,11,16,Y6070552,,,,0,30.0,0,0
75,12,2,11,17,Y6070553,,,,0,30.0,0,0
75,12,2,11,18,Y6070554,,,,0,30.0,0,0
75,12,2,11,19,Y6070555,,,,0,30.0,0,0
75,12,2,11,20,Y6070556,,,,0,30.0,0,0
75,12,2,11,21,Y6070557,,,,0,30.0,0,0
75,12,2,11,22,Y6070558,,,,0,30.0,0,0
75,12,2,11,23,Y6070559,,,,0,30.0,0,0
75,12,2,11,24,Y6070560,,,,0,30.0,0,0
75,12,2,11,25,Y6070561,,,,0,30.0,0,0
75,12,2,11,26,Y6070562,,,,0,30.0,0,0
75,12,2,11,27,Y6070563,,,,0,30.0,0,0
75,12,2,11,28,Y6070564,,,,0,30.0,0,0
75,12,2,11,29,Y6070565,,,,0,30.0,0,0
75,12,2,11,30,Y6070566,,,,0,30.0,0,0
75,12,2,12,10,Y6070567,,,,0,30.0,0,0
75,12,2,12,11,Y6070568,,,,0,30.0,0,0
75,12,2,12,12,Y6070569,,,,0,30.0,0,0
75,12,2,12,13,Y6070570,,,,0,30.0,0,0
75,12,2,12,14,Y6070571,,,,0,30.0,0,0
75,12,2,12,15,Y6070572,,,,0,30.0,0,0
75,12,2,12,16,Y6070573,,,,0,30.0,0,0
75,12,2,12,17,Y6070574,,,,0,30.0,0,0
75,12,2,12,18,Y6070575,,,,0,30.0,0,0
75,12,2,12,19,Y6070576,,,,0,30.0,0,0
75,12,2,12,20,Y6070577,,,,0,30.0,0,0
75,12,2,12,21,Y6070578,,,,0,30.0,0,0
75,12,2,12,22,Y6070579,,,,0,30.0,0,0
75,12,2,12,23,Y6070580,,,,0,30.0,0,0
75,12,2,12,24,Y6070581,,,,0,30.0,0,0
75,12,2,12,25,Y6070582,,,,0,30.0,0,0
75,12,2,12,26,Y6070583,,,,0,30.0,0,0
75,12,2,12,27,Y6070584,,,,0,30.0,0,0
75,12,2,12,28,Y6070585,,,,0,30.0,0,0
75,12,2,12,29,Y6070586,,,,0,30.0,0,0
75,12,2,12,30,Y6070587,,,,0,30.0,0,0
75,12,3,1,10,Y6070588,,,,0,30.0,0,0
75,12,3,1,11,Y6070589,,,,0,30.0,0,0
75,12,3,1,12,Y6070590,,,,0,30.0,0,0
75,12,3,1,13,Y6070591,,,,0,30.0,0,0
75,12,3,1,14,Y6070592,,,,0,30.0,0,0
75,12,3,1,15,Y6070593,,,,0,30.0,0,0
75,12,3,1,16,Y6070594,,,,0,30.0,0,0
75,12,3,1,17,Y6070595,,,,0,30.0,0,0
75,12,3,1,18,Y6070596,,,,0,30.0,0,0
75,12,3,1,19,Y6070597,,,,0,30.0,0,0
75,12,3,1,20,Y6070598,,,,0,30.0,0,0
75,12,3,1,21,Y6070599,,,,0,30.0,0,0
75,12,3,1,22,Y6070600,,,,0,30.0,0,0
75,12,3,1,23,Y6070601,,,,0,30.0,0,0
75,12,3,1,24,Y6070602,,,,0,30.0,0,0
75,12,3,1,25,Y6070603,,,,0,30.0,0,0
75,12,3,1,26,Y6070604,,,,0,30.0,0,0
75,12,3,1,27,Y6070605,,,,0,30.0,0,0
75,12,3,1,28,Y6070606,,,,0,30.0,0,0
75,12,3,1,29,Y6070607,,,,0,30.0,0,0
75,12,3,1,30,Y6070608,,,,0,30.0,0,0
75,12,3,2,10,Y6070609,,,,0,30.0,0,0
75,12,3,2,11,Y6070610,,,,0,30.0,0,0
75,12,3,2,12,Y6070611,,,,0,30.0,0,0
75,12,3,2,13,Y6070612,,,,0,30.0,0,0
75,12,3,2,14,Y6070613,,,,0,30.0,0,0
75,12,3,2,15,Y6070614,,,,0,30.0,0,0
75,12,3,2,16,Y6070615,,,,0,30.0,0,0
75,12,3,2,17,Y6070616,,,,0,30.0,0,0
75,12,3,2,18,Y6070617,,,,0,30.0,0,0
75,12,3,2,19,Y6070618,,,,0,30.0,0,0
75,12,3,2,20,Y6070619,,,,0,30.0,0,0
75,12,3,2,21,Y6070620,,,,0,30.0,0,0
75,12,3,2,22,Y6070621,,,,0,30.0,0,0
75,12,3,2,23,Y6070622,,,,0,30.0,0,0
75,12,3,2,24,Y6070623,,,,0,30.0,0,0
75,12,3,2,25,Y6070624,,,,0,30.0,0,0
75,12,3,2,26,Y6070625,,,,0,30.0,0,0
75,12,3,2,27,Y6070626,,,,0,30.0,0,0
75,12,3,2,28,Y6070627,,,,0,30.0,0,0
75,12,3,2,29,Y6070628,,,,0,30.0,0,0
75,12,3,2,30,Y6070629,,,,0,30.0,0,0
75,12,3,3,10,Y6070630,,,,0,30.0,0,0
75,12,3,3,11,Y6070631,,,,0,30.0,0,0
75,12,3,3,12,Y6070632,,,,0,30.0,0,0
75,12,3,3,13,Y6070633,,,,0,30.0,0,0
75,12,3,3,14,Y6070634,,,,0,30.0,0,0
75,12,3,3,15,Y6070635,,,,0,30.0,0,0
75,12,3,3,16,Y6070636,,,,0,30.0,0,0
75,12,3,3,17,Y6070637,,,,0,30.0,0,0
75,12,3,3,18,Y6070638,,,,0,30.0,0,0
75,12,3,3,19,Y6070639,,,,0,30.0,0,0
75,12,3,3,20,Y6070640,,,,0,30.0,0,0
75,12,3,3,21,Y6070641,,,,0,30.0,0,0
75,12,3,3,22,Y6070642,,,,0,30.0,0,0
75,12,3,3,23,Y6070643,,,,0,30.0,0,0
75,12,3,3,24,Y6070644,,,,0,30.0,0,0
75,12,3,3,25,Y6070645,,,,0,30.0,0,0
75,12,3,3,26,Y6070646,,,,0,30.0,0,0
75,12,3,3,27,Y6070647,,,,0,30.0,0,0
75,12,3,3,28,Y6070648,,,,0,30.0,0,0
75,12,3,3,29,Y6070649,,,,0,30.0,0,0
75,12,3,3,30,Y6070650,,,,0,30.0,0,0
75,12,3,4,10,Y6070651,,,,0,30.0,0,0
75,12,3,4,11,Y6070652,,,,0,30.0,0,0
75,12,3,4,12,Y6070653,,,,0,30.0,0,0
75,12,3,4,13,Y6070654,,,,0,30.0,0,0
75,12,3,4,14,Y6070655,,,,0,30.0,0,0
75,12,3,4,15,Y6070656,,,,0,30.0,0,0
75,12,3,4,16,Y6070657,,,,0,30.0,0,0
75,12,3,4,17,Y6070658,,,,0,30.0,0,0
75,12,3,4,18,Y6070659,,,,0,30.0,0,0
75,12,3,4,19,Y6070660,,,,0,30.0,0,0
75,12,3,4,20,Y6070661,,,,0,30.0,0,0
75,12,3,4,21,Y6070662,,,,0,30.0,0,0
75,12,3,4,22,Y6070663,,,,0,30.0,0,0
75,12,3,4,23,Y6070664,,,,0,30.0,0,0
75,12,3,4,24,Y6070665,,,,0,30.0,0,0
75,12,3,4,25,Y6070666,,,,0,30.0,0,0
75,12,3,4,26,Y6070667,,,,0,30.0,0,0
75,12,3,4,27,Y6070668,,,,0,30.0,0,0
75,12,3,4,28,Y6070669,,,,0,30.0,0,0
75,12,3,4,29,Y6070670,,,,0,30.0,0,0
75,12,3,4,30,Y6070671,,,,0,30.0,0,0
75,12,3,5,10,Y6070672,,,,0,30.0,0,0
75,12,3,5,11,Y6070673,,,,0,30.0,0,0
75,12,3,5,12,Y6070674,,,,0,30.0,0,0
75,12,3,5,13,Y6070675,,,,0,30.0,0,0
75,12,3,5,14,Y6070676,,,,0,30.0,0,0
75,12,3,5,15,Y6070677,,,,0,30.0,0,0
75,12,3,5,16,Y6070678,,,,0,30.0,0,0
75,12,3,5,17,Y6070679,,,,0,30.0,0,0
75,12,3,5,18,Y6070680,,,,0,30.0,0,0
75,12,3,5,19,Y6070681,,,,0,30.0,0,0
75,12,3,5,20,Y6070682,,,,0,30.0,0,0
75,12,3,5,21,Y6070683,,,,0,30.0,0,0
75,12,3,5,22,Y6070684,,,,0,30.0,0,0
75,12,3,5,23,Y6070685,,,,0,30.0,0,0
75,12,3,5,24,Y6070686,,,,0,30.0,0,0
75,12,3,5,25,Y6070687,,,,0,30.0,0,0
75,12,3,5,26,Y6070688,,,,0,30.0,0,0
75,12,3,5,27,Y6070689,,,,0,30.0,0,0
75,12,3,5,28,Y6070690,,,,0,30.0,0,0
75,12,3,5,29,Y6070691,,,,0,30.0,0,0
75,12,3,5,30,Y6070692,,,,0,30.0,0,0
75,12,3,6,10,Y6070693,,,,0,30.0,0,0
75,12,3,6,11,Y6070694,,,,0,30.0,0,0
75,12,3,6,12,Y6070695,,,,0,30.0,0,0
75,12,3,6,13,Y6070696,,,,0,30.0,0,0
75,12,3,6,14,Y6070697,,,,0,30.0,0,0
75,12,3,6,15,Y6070698,,,,0,30.0,0,0
75,12,3,6,16,Y6070699,,,,0,30.0,0,0
75,12,3,6,17,Y6070700,,,,0,30.0,0,0
75,12,3,6,18,Y6070701,,,,0,30.0,0,0
75,12,3,6,19,Y6070702,,,,0,30.0,0,0
75,12,3,6,20,Y6070703,,,,0,30.0,0,0
75,12,3,6,21,Y6070704,,,,0,30.0,0,0
75,12,3,6,22,Y6070705,,,,0,30.0,0,0
75,12,3,6,23,Y6070706,,,,0,30.0,0,0
75,12,3,6,24,Y6070707,,,,0,30.0,0,0
75,12,3,6,25,Y6070708,,,,0,30.0,0,0
75,12,3,6,26,Y6070709,,,,0,30.0,0,0
75,12,3,6,27,Y6070710,,,,0,30.0,0,0
75,12,3,6,28,Y6070711,,,,0,30.0,0,0
75,12,3,6,29,Y6070712,,,,0,30.0,0,0
75,12,3,6,30,Y6070713,,,,0,30.0,0,0
75,12,3,7,10,Y6070714,,,,0,30.0,0,0
75,12,3,7,11,Y6070715,,,,0,30.0,0,0
75,12,3,7,12,Y6070716,,,,0,30.0,0,0
75,12,3,7,13,Y6070717,,,,0,30.0,0,0
75,12,3,7,14,Y6070718,,,,0,30.0,0,0
75,12,3,7,15,Y6070719,,,,0,30.0,0,0
75,12,3,7,16,Y6070720,,,,0,30.0,0,0
75,12,3,7,17,Y6070721,,,,0,30.0,0,0
75,12,3,7,18,Y6070722,,,,0,30.0,0,0
75,12,3,7,19,Y6070723,,,,0,30.0,0,0
75,12,3,7,20,Y6070724,,,,0,30.0,0,0
75,12,3,7,21,Y6070725,,,,0,30.0,0,0
75,12,3,7,22,Y6070726,,,,0,30.0,0,0
75,12,3,7,23,Y6070727,,,,0,30.0,0,0
75,12,3,7,24,Y6070728,,,,0,30.0,0,0
75,12,3,7,25,Y6070729,,,,0,30.0,0,0
75,12,3,7,26,Y6070730,,,,0,30.0,0,0
75,12,3,7,27,Y6070731,,,,0,30.0,0,0
75,12,3,7,28,Y6070732,,,,0,30.0,0,0
75,12,3,7,29,Y6070733,,,,0,30.0,0,0
75,12,3,7,30,Y6070734,,,,0,30.0,0,0
75,12,3,8,10,Y6070735,,,,0,30.0,0,0
75,12,3,8,11,Y6070736,,,,0,30.0,0,0
75,12,3,8,12,Y6070737,,,,0,30.0,0,0
75,12,3,8,13,Y6070738,,,,0,30.0,0,0
75,12,3,8,14,Y6070739,,,,0,30.0,0,0
75,12,3,8,15,Y6070740,,,,0,30.0,0,0
75,12,3,8,16,Y6070741,,,,0,30.0,0,0
75,12,3,8,17,Y6070742,,,,0,30.0,0,0
75,12,3,8,18,Y6070743,,,,0,30.0,0,0
75,12,3,8,19,Y6070744,,,,0,30.0,0,0
75,12,3,8,20,Y6070745,,,,0,30.0,0,0
75,12,3,8,21,Y6070746,,,,0,30.0,0,0
75,12,3,8,22,Y6070747,,,,0,30.0,0,0
75,12,3,8,23,Y6070748,,,,0,30.0,0,0
75,12,3,8,24,Y6070749,,,,0,30.0,0,0
75,12,3,8,25,Y6070750,,,,0,30.0,0,0
75,12,3,8,26,Y6070751,,,,0,30.0,0,0
75,12,3,8,27,Y6070752,,,,0,30.0,0,0
75,12,3,8,28,Y6070753,,,,0,30.0,0,0
75,12,3,8,29,Y6070754,,,,0,30.0,0,0
75,12,3,8,30,Y6070755,,,,0,30.0,0,0
75,12,3,9,10,Y6070756,,,,0,30.0,0,0
75,12,3,9,11,Y6070757,,,,0,30.0,0,0
75,12,3,9,12,Y6070758,,,,0,30.0,0,0
75,12,3,9,13,Y6070759,,,,0,30.0,0,0
75,12,3,9,14,Y6070760,,,,0,30.0,0,0
75,12,3,9,15,Y6070761,,,,0,30.0,0,0
75,12,3,9,16,Y6070762,,,,0,30.0,0,0
75,12,3,9,17,Y6070763,,,,0,30.0,0,0
75,12,3,9,18,Y6070764,,,,0,30.0,0,0
75,12,3,9,19,Y6070765,,,,0,30.0,0,0
75,12,3,9,20,Y6070766,,,,0,30.0,0,0
75,12,3,9,21,Y6070767,,,,0,30.0,0,0
75,12,3,9,22,Y6070768,,,,0,30.0,0,0
75,12,3,9,23,Y6070769,,,,0,30.0,0,0
75,12,3,9,24,Y6070770,,,,0,30.0,0,0
75,12,3,9,25,Y6070771,,,,0,30.0,0,0
75,12,3,9,26,Y6070772,,,,0,30.0,0,0
75,12,3,9,27,Y6070773,,,,0,30.0,0,0
75,12,3,9,28,Y6070774,,,,0,30.0,0,0
75,12,3,9,29,Y6070775,,,,0,30.0,0,0
75,12,3,9,30,Y6070776,,,,0,30.0,0,0
75,12,3,10,10,Y6070777,,,,0,30.0,0,0
75,12,3,10,11,Y6070778,,,,0,30.0,0,0
75,12,3,10,12,Y6070779,,,,0,30.0,0,0
75,12,3,10,13,Y6070780,,,,0,30.0,0,0
75,12,3,10,14,Y6070781,,,,0,30.0,0,0
75,12,3,10,15,Y6070782,,,,0,30.0,0,0
75,12,3,10,16,Y6070783,,,,0,30.0,0,0
75,12,3,10,17,Y6070784,,,,0,30.0,0,0
75,12,3,10,18,Y6070785,,,,0,30.0,0,0
75,12,3,10,19,Y6070786,,,,0,30.0,0,0
75,12,3,10,20,Y6070787,,,,0,30.0,0,0
75,12,3,10,21,Y6070788,,,,0,30.0,0,0
75,12,3,10,22,Y6070789,,,,0,30.0,0,0
75,12,3,10,23,Y6070790,,,,0,30.0,0,0
75,12,3,10,24,Y6070791,,,,0,30.0,0,0
75,12,3,10,25,Y6070792,,,,0,30.0,0,0
75,12,3,10,26,Y6070793,,,,0,30.0,0,0
75,12,3,10,27,Y6070794,,,,0,30.0,0,0
75,12,3,10,28,Y6070795,,,,0,30.0,0,0
75,12,3,10,29,Y6070796,,,,0,30.0,0,0
75,12,3,10,30,Y6070797,,,,0,30.0,0,0
75,12,3,11,10,Y6070798,,,,0,30.0,0,0
75,12,3,11,11,Y6070799,,,,0,30.0,0,0
75,12,3,11,12,Y6070800,,,,0,30.0,0,0
75,12,3,11,13,Y6070801,,,,0,30.0,0,0
75,12,3,11,14,Y6070802,,,,0,30.0,0,0
75,12,3,11,15,Y6070803,,,,0,30.0,0,0
75,12,3,11,16,Y6070804,,,,0,30.0,0,0
75,12,3,11,17,Y6070805,,,,0,30.0,0,0
75,12,3,11,18,Y6070806,,,,0,30.0,0,0
75,12,3,11,19,Y6070807,,,,0,30.0,0,0
75,12,3,11,20,Y6070808,,,,0,30.0,0,0
75,12,3,11,21,Y6070809,,,,0,30.0,0,0
75,12,3,11,22,Y6070810,,,,0,30.0,0,0
75,12,3,11,23,Y6070811,,,,0,30.0,0,0
75,12,3,11,24,Y6070812,,,,0,30.0,0,0
75,12,3,11,25,Y6070813,,,,0,30.0,0,0
75,12,3,11,26,Y6070814,,,,0,30.0,0,0
75,12,3,11,27,Y6070815,,,,0,30.0,0,0
75,12,3,11,28,Y6070816,,,,0,30.0,0,0
75,12,3,11,29,Y6070817,,,,0,30.0,0,0
75,12,3,11,30,Y6070818,,,,0,30.0,0,0
75,12,3,12,10,Y6070819,,,,0,30.0,0,0
75,12,3,12,11,Y6070820,,,,0,30.0,0,0
75,12,3,12,12,Y6070821,,,,0,30.0,0,0
75,12,3,12,13,Y6070822,,,,0,30.0,0,0
75,12,3,12,14,Y6070823,,,,0,30.0,0,0
75,12,3,12,15,Y6070824,,,,0,30.0,0,0
75,12,3,12,16,Y6070825,,,,0,30.0,0,0
75,12,3,12,17,Y6070826,,,,0,30.0,0,0
75,12,3,12,18,Y6070827,,,,0,30.0,0,0
75,12,3,12,19,Y6070828,,,,0,30.0,0,0
75,12,3,12,20,Y6070829,,,,0,30.0,0,0
75,12,3,12,21,Y6070830,,,,0,30.0,0,0
75,12,3,12,22,Y6070831,,,,0,30.0,0,0
75,12,3,12,23,Y6070832,,,,0,30.0,0,0
75,12,3,12,24,Y6070833,,,,0,30.0,0,0
75,12,3,12,25,Y6070834,,,,0,30.0,0,0
75,12,3,12,26,Y6070835,,,,0,30.0,0,0
75,12,3,12,27,Y6070836,,,,0,30.0,0,0
75,12,3,12,28,Y6070837,,,,0,30.0,0,0
75,12,3,12,29,Y6070838,,,,0,30.0,0,0
75,12,3,12,30,Y6070839,,,,0,30.0,0,0
75,12,4,1,10,Y6070840,,,,0,30.0,0,0
75,12,4,1,11,Y6070841,,,,0,30.0,0,0
75,12,4,1,12,Y6070842,,,,0,30.0,0,0
75,12,4,1,13,Y6070843,,,,0,30.0,0,0
75,12,4,1,14,Y6070844,,,,0,30.0,0,0
75,12,4,1,15,Y6070845,,,,0,30.0,0,0
75,12,4,1,16,Y6070846,,,,0,30.0,0,0
75,12,4,1,17,Y6070847,,,,0,30.0,0,0
75,12,4,1,18,Y6070848,,,,0,30.0,0,0
75,12,4,1,19,Y6070849,,,,0,30.0,0,0
75,12,4,1,20,Y6070850,,,,0,30.0,0,0
75,12,4,1,21,Y6070851,,,,0,30.0,0,0
75,12,4,1,22,Y6070852,,,,0,30.0,0,0
75,12,4,1,23,Y6070853,,,,0,30.0,0,0
75,12,4,1,24,Y6070854,,,,0,30.0,0,0
75,12,4,1,25,Y6070855,,,,0,30.0,0,0
75,12,4,1,26,Y6070856,,,,0,30.0,0,0
75,12,4,1,27,Y6070857,,,,0,30.0,0,0
75,12,4,1,28,Y6070858,,,,0,30.0,0,0
75,12,4,1,29,Y6070859,,,,0,30.0,0,0
75,12,4,1,30,Y6070860,,,,0,30.0,0,0
75,12,4,2,10,Y6070861,,,,0,30.0,0,0
75,12,4,2,11,Y6070862,,,,0,30.0,0,0
75,12,4,2,12,Y6070863,,,,0,30.0,0,0
75,12,4,2,13,Y6070864,,,,0,30.0,0,0
75,12,4,2,14,Y6070865,,,,0,30.0,0,0
75,12,4,2,15,Y6070866,,,,0,30.0,0,0
75,12,4,2,16,Y6070867,,,,0,30.0,0,0
75,12,4,2,17,Y6070868,,,,0,30.0,0,0
75,12,4,2,18,Y6070869,,,,0,30.0,0,0
75,12,4,2,19,Y6070870,,,,0,30.0,0,0
75,12,4,2,20,Y6070871,,,,0,30.0,0,0
75,12,4,2,21,Y6070872,,,,0,30.0,0,0
75,12,4,2,22,Y6070873,,,,0,30.0,0,0
75,12,4,2,23,Y6070874,,,,0,30.0,0,0
75,12,4,2,24,Y6070875,,,,0,30.0,0,0
75,12,4,2,25,Y6070876,,,,0,30.0,0,0
75,12,4,2,26,Y6070877,,,,0,30.0,0,0
75,12,4,2,27,Y6070878,,,,0,30.0,0,0
75,12,4,2,28,Y6070879,,,,0,30.0,0,0
75,12,4,2,29,Y6070880,,,,0,30.0,0,0
75,12,4,2,30,Y6070881,,,,0,30.0,0,0
75,12,4,3,10,Y6070882,,,,0,30.0,0,0
75,12,4,3,11,Y6070883,,,,0,30.0,0,0
75,12,4,3,12,Y6070884,,,,0,30.0,0,0
75,12,4,3,13,Y6070885,,,,0,30.0,0,0
75,12,4,3,14,Y6070886,,,,0,30.0,0,0
75,12,4,3,15,Y6070887,,,,0,30.0,0,0
75,12,4,3,16,Y6070888,,,,0,30.0,0,0
75,12,4,3,17,Y6070889,,,,0,30.0,0,0
75,12,4,3,18,Y6070890,,,,0,30.0,0,0
75,12,4,3,19,Y6070891,,,,0,30.0,0,0
75,12,4,3,20,Y6070892,,,,0,30.0,0,0
75,12,4,3,21,Y6070893,,,,0,30.0,0,0
75,12,4,3,22,Y6070894,,,,0,30.0,0,0
75,12,4,3,23,Y6070895,,,,0,30.0,0,0
75,12,4,3,24,Y6070896,,,,0,30.0,0,0
75,12,4,3,25,Y6070897,,,,0,30.0,0,0
75,12,4,3,26,Y6070898,,,,0,30.0,0,0
75,12,4,3,27,Y6070899,,,,0,30.0,0,0
75,12,4,3,28,Y6070900,,,,0,30.0,0,0
75,12,4,3,29,Y6070901,,,,0,30.0,0,0
75,12,4,3,30,Y6070902,,,,0,30.0,0,0
75,12,4,4,10,Y6070903,,,,0,30.0,0,0
75,12,4,4,11,Y6070904,,,,0,30.0,0,0
75,12,4,4,12,Y6070905,,,,0,30.0,0,0
75,12,4,4,13,Y6070906,,,,0,30.0,0,0
75,12,4,4,14,Y6070907,,,,0,30.0,0,0
75,12,4,4,15,Y6070908,,,,0,30.0,0,0
75,12,4,4,16,Y6070909,,,,0,30.0,0,0
75,12,4,4,17,Y6070910,,,,0,30.0,0,0
75,12,4,4,18,Y6070911,,,,0,30.0,0,0
75,12,4,4,19,Y6070912,,,,0,30.0,0,0
75,12,4,4,20,Y6070913,,,,0,30.0,0,0
75,12,4,4,21,Y6070914,,,,0,30.0,0,0
75,12,4,4,22,Y6070915,,,,0,30.0,0,0
75,12,4,4,23,Y6070916,,,,0,30.0,0,0
75,12,4,4,24,Y6070917,,,,0,30.0,0,0
75,12,4,4,25,Y6070918,,,,0,30.0,0,0
75,12,4,4,26,Y6070919,,,,0,30.0,0,0
75,12,4,4,27,Y6070920,,,,0,30.0,0,0
75,12,4,4,28,Y6070921,,,,0,30.0,0,0
75,12,4,4,29,Y6070922,,,,0,30.0,0,0
75,12,4,4,30,Y6070923,,,,0,30.0,0,0
75,12,4,5,10,Y6070924,,,,0,30.0,0,0
75,12,4,5,11,Y6070925,,,,0,30.0,0,0
75,12,4,5,12,Y6070926,,,,0,30.0,0,0
75,12,4,5,13,Y6070927,,,,0,30.0,0,0
75,12,4,5,14,Y6070928,,,,0,30.0,0,0
75,12,4,5,15,Y6070929,,,,0,30.0,0,0
75,12,4,5,16,Y6070930,,,,0,30.0,0,0
75,12,4,5,17,Y6070931,,,,0,30.0,0,0
75,12,4,5,18,Y6070932,,,,0,30.0,0,0
75,12,4,5,19,Y6070933,,,,0,30.0,0,0
75,12,4,5,20,Y6070934,,,,0,30.0,0,0
75,12,4,5,21,Y6070935,,,,0,30.0,0,0
75,12,4,5,22,Y6070936,,,,0,30.0,0,0
75,12,4,5,23,Y6070937,,,,0,30.0,0,0
75,12,4,5,24,Y6070938,,,,0,30.0,0,0
75,12,4,5,25,Y6070939,,,,0,30.0,0,0
75,12,4,5,26,Y6070940,,,,0,30.0,0,0
75,12,4,5,27,Y6070941,,,,0,30.0,0,0
75,12,4,5,28,Y6070942,,,,0,30.0,0,0
75,12,4,5,29,Y6070943,,,,0,30.0,0,0
75,12,4,5,30,Y6070944,,,,0,30.0,0,0
75,12,4,6,10,Y6070945,,,,0,30.0,0,0
75,12,4,6,11,Y6070946,,,,0,30.0,0,0
75,12,4,6,12,Y6070947,,,,0,30.0,0,0
75,12,4,6,13,Y6070948,,,,0,30.0,0,0
75,12,4,6,14,Y6070949,,,,0,30.0,0,0
75,12,4,6,15,Y6070950,,,,0,30.0,0,0
75,12,4,6,16,Y6070951,,,,0,30.0,0,0
75,12,4,6,17,Y6070952,,,,0,30.0,0,0
75,12,4,6,18,Y6070953,,,,0,30.0,0,0
75,12,4,6,19,Y6070954,,,,0,30.0,0,0
75,12,4,6,20,Y6070955,,,,0,30.0,0,0
75,12,4,6,21,Y6070956,,,,0,30.0,0,0
75,12,4,6,22,Y6070957,,,,0,30.0,0,0
75,12,4,6,23,Y6070958,,,,0,30.0,0,0
75,12,4,6,24,Y6070959,,,,0,30.0,0,0
75,12,4,6,25,Y6070960,,,,0,30.0,0,0
75,12,4,6,26,Y6070961,,,,0,30.0,0,0
75,12,4,6,27,Y6070962,,,,0,30.0,0,0
75,12,4,6,28,Y6070963,,,,0,30.0,0,0
75,12,4,6,29,Y6070964,,,,0,30.0,0,0
75,12,4,6,30,Y6070965,,,,0,30.0,0,0
75,12,4,7,10,Y6070966,,,,0,30.0,0,0
75,12,4,7,11,Y6070967,,,,0,30.0,0,0
75,12,4,7,12,Y6070968,,,,0,30.0,0,0
75,12,4,7,13,Y6070969,,,,0,30.0,0,0
75,12,4,7,14,Y6070970,,,,0,30.0,0,0
75,12,4,7,15,Y6070971,,,,0,30.0,0,0
75,12,4,7,16,Y6070972,,,,0,30.0,0,0
75,12,4,7,17,Y6070973,,,,0,30.0,0,0
75,12,4,7,18,Y6070974,,,,0,30.0,0,0
75,12,4,7,19,Y6070975,,,,0,30.0,0,0
75,12,4,7,20,Y6070976,,,,0,30.0,0,0
75,12,4,7,21,Y6070977,,,,0,30.0,0,0
75,12,4,7,22,Y6070978,,,,0,30.0,0,0
75,12,4,7,23,Y6070979,,,,0,30.0,0,0
75,12,4,7,24,Y6070980,,,,0,30.0,0,0
75,12,4,7,25,Y6070981,,,,0,30.0,0,0
75,12,4,7,26,Y6070982,,,,0,30.0,0,0
75,12,4,7,27,Y6070983,,,,0,30.0,0,0
75,12,4,7,28,Y6070984,,,,0,30.0,0,0
75,12,4,7,29,Y6070985,,,,0,30.0,0,0
75,12,4,7,30,Y6070986,,,,0,30.0,0,0
75,12,4,8,10,Y6070987,,,,0,30.0,0,0
75,12,4,8,11,Y6070988,,,,0,30.0,0,0
75,12,4,8,12,Y6070989,,,,0,30.0,0,0
75,12,4,8,13,Y6070990,,,,0,30.0,0,0
75,12,4,8,14,Y6070991,,,,0,30.0,0,0
75,12,4,8,15,Y6070992,,,,0,30.0,0,0
75,12,4,8,16,Y6070993,,,,0,30.0,0,0
75,12,4,8,17,Y6070994,,,,0,30.0,0,0
75,12,4,8,18,Y6070995,,,,0,30.0,0,0
75,12,4,8,19,Y6070996,,,,0,30.0,0,0
75,12,4,8,20,Y6070997,,,,0,30.0,0,0
75,12,4,8,21,Y6070998,,,,0,30.0,0,0
75,12,4,8,22,Y6070999,,,,0,30.0,0,0
75,12,4,8,23,Y6071000,,,,0,30.0,0,0
75,12,4,8,24,Y6071001,,,,0,30.0,0,0
75,12,4,8,25,Y6071002,,,,0,30.0,0,0
75,12,4,8,26,Y6071003,,,,0,30.0,0,0
75,12,4,8,27,Y6071004,,,,0,30.0,0,0
75,12,4,8,28,Y6071005,,,,0,30.0,0,0
75,12,4,8,29,Y6071006,,,,0,30.0,0,0
75,12,4,8,30,Y6071007,,,,0,30.0,0,0
75,12,4,9,10,Y6071008,,,,0,30.0,0,0
75,12,4,9,11,Y6071009,,,,0,30.0,0,0
75,12,4,9,12,Y6071010,,,,0,30.0,0,0
75,12,4,9,13,Y6071011,,,,0,30.0,0,0
75,12,4,9,14,Y6071012,,,,0,30.0,0,0
75,12,4,9,15,Y6071013,,,,0,30.0,0,0
75,12,4,9,16,Y6071014,,,,0,30.0,0,0
75,12,4,9,17,Y6071015,,,,0,30.0,0,2
75,12,4,9,18,Y6071016,,,,0,30.0,0,2
75,12,4,9,19,Y6071017,,,,0,30.0,0,2
75,12,4,9,20,Y6071018,,,,0,30.0,0,0
75,12,4,9,21,Y6071019,,,,0,30.0,0,0
75,12,4,9,22,Y6071020,,,,0,30.0,0,0
75,12,4,9,23,Y6071021,,,,0,30.0,0,0
75,12,4,9,24,Y6071022,,,,0,30.0,0,0
75,12,4,9,25,Y6071023,,,,0,30.0,0,0
75,12,4,9,26,Y6071024,,,,0,30.0,0,0
75,12,4,9,27,Y6071025,,,,0,30.0,0,0
75,12,4,9,28,Y6071026,,,,0,30.0,0,0
75,12,4,9,29,Y6071027,,,,0,30.0,0,0
75,12,4,9,30,Y6071028,,,,0,30.0,0,0
75,12,4,10,10,Y6071029,,,,0,30.0,0,0
75,12,4,10,11,Y6071030,,,,0,30.0,0,0
75,12,4,10,12,Y6071031,,,,0,30.0,0,0
75,12,4,10,13,Y6071032,,,,0,30.0,0,0
75,12,4,10,14,Y6071033,,,,0,30.0,0,0
75,12,4,10,15,Y6071034,,,,0,30.0,0,0
75,12,4,10,16,Y6071035,,,,0,30.0,0,2
75,12,4,10,17,Y6071036,,,,0,30.0,0,2
75,12,4,10,18,Y6071037,,,,0,30.0,0,2
75,12,4,10,19,Y6071038,,,,0,30.0,0,2
75,12,4,10,20,Y6071039,,,,0,30.0,0,2
75,12,4,10,21,Y6071040,,,,0,30.0,0,0
75,12,4,10,22,Y6071041,,,,0,30.0,0,0
75,12,4,10,23,Y6071042,,,,0,30.0,0,0
75,12,4,10,24,Y6071043,,,,0,30.0,0,0
75,12,4,10,25,Y6071044,,,,0,30.0,0,0
75,12,4,10,26,Y6071045,,,,0,30.0,0,0
75,12,4,10,27,Y6071046,,,,0,30.0,0,0
75,12,4,10,28,Y6071047,,,,0,30.0,0,0
75,12,4,10,29,Y6071048,,,,0,30.0,0,0
75,12,4,10,30,Y6071049,,,,0,30.0,0,0
75,12,4,11,10,Y6071050,,,,0,30.0,0,0
75,12,4,11,11,Y6071051,,,,0,30.0,0,0
75,12,4,11,12,Y6071052,,,,0,30.0,0,0
75,12,4,11,13,Y6071053,,,,0,30.0,0,0
75,12,4,11,14,Y6071054,,,,0,30.0,0,0
75,12,4,11,15,Y6071055,,,,0,30.0,0,0
75,12,4,11,16,Y6071056,,,,0,30.0,0,2
75,12,4,11,17,Y6071057,,,,0,30.0,0,2
75,12,4,11,18,Y6071058,,,,0,30.0,0,2
75,12,4,11,19,Y6071059,,,,0,30.0,0,2
75,12,4,11,20,Y6071060,,,,0,30.0,0,2
75,12,4,11,21,Y6071061,,,,0,30.0,0,0
75,12,4,11,22,Y6071062,,,,0,30.0,0,0
75,12,4,11,23,Y6071063,,,,0,30.0,0,0
75,12,4,11,24,Y6071064,,,,0,30.0,0,0
75,12,4,11,25,Y6071065,,,,0,30.0,0,0
75,12,4,11,26,Y6071066,,,,0,30.0,0,0
75,12,4,11,27,Y6071067,,,,0,30.0,0,0
75,12,4,11,28,Y6071068,,,,0,30.0,0,0
75,12,4,11,29,Y6071069,,,,0,30.0,0,0
75,12,4,11,30,Y6071070,,,,0,30.0,0,0
75,12,4,12,10,Y6071071,,,,0,30.0,0,0
75,12,4,12,11,Y6071072,,,,0,30.0,0,0
75,12,4,12,12,Y6071073,,,,0,30.0,0,0
75,12,4,12,13,Y6071074,,,,0,30.0,0,0
75,12,4,12,14,Y6071075,,,,0,30.0,0,0
75,12,4,12,15,Y6071076,,,,0,30.0,0,0
75,12,4,12,16,Y6071077,,,,0,30.0,0,2
75,12,4,12,17,Y6071078,,,,0,30.0,0,2
75,12,4,12,18,Y6071079,,,,0,30.0,0,2
75,12,4,12,19,Y6071080,,,,0,30.0,0,2
75,12,4,12,20,Y6071081,,,,0,30.0,0,2
75,12,4,12,21,Y6071082,,,,0,30.0,0,0
75,12,4,12,22,Y6071083,,,,0,30.0,0,0
75,12,4,12,23,Y6071084,,,,0,30.0,0,0
75,12,4,12,24,Y6071085,,,,0,30.0,0,0
75,12,4,12,25,Y6071086,,,,0,30.0,0,0
75,12,4,12,26,Y6071087,,,,0,30.0,0,0
75,12,4,12,27,Y6071088,,,,0,30.0,0,0
75,12,4,12,28,Y6071089,,,,0,30.0,0,0
75,12,4,12,29,Y6071090,,,,0,30.0,0,0
75,12,4,12,30,Y6071091,,,,0,30.0,0,0
75,12,5,1,10,Y6071092,,,,0,30.0,0,0
75,12,5,1,11,Y6071093,,,,0,30.0,0,0
75,12,5,1,12,Y6071094,,,,0,30.0,0,0
75,12,5,1,13,Y6071095,,,,0,30.0,0,0
75,12,5,1,14,Y6071096,,,,0,30.0,0,0
75,12,5,1,15,Y6071097,,,,0,30.0,0,0
75,12,5,1,16,Y6071098,,,,0,30.0,0,0
75,12,5,1,17,Y6071099,,,,0,30.0,0,0
75,12,5,1,18,Y6071100,,,,0,30.0,0,0
75,12,5,1,19,Y6071101,,,,0,30.0,0,0
75,12,5,1,20,Y6071102,,,,0,30.0,0,0
75,12,5,1,21,Y6071103,,,,0,30.0,0,0
75,12,5,1,22,Y6071104,,,,0,30.0,0,0
75,12,5,1,23,Y6071105,,,,0,30.0,0,0
75,12,5,1,24,Y6071106,,,,0,30.0,0,0
75,12,5,1,25,Y6071107,,,,0,30.0,0,0
75,12,5,1,26,Y6071108,,,,0,30.0,0,0
75,12,5,1,27,Y6071109,,,,0,30.0,0,0
75,12,5,1,28,Y6071110,,,,0,30.0,0,0
75,12,5,1,29,Y6071111,,,,0,30.0,0,0
75,12,5,1,30,Y6071112,,,,0,30.0,0,0
75,12,5,2,10,Y6071113,,,,0,30.0,0,0
75,12,5,2,11,Y6071114,,,,0,30.0,0,0
75,12,5,2,12,Y6071115,,,,0,30.0,0,0
75,12,5,2,13,Y6071116,,,,0,30.0,0,0
75,12,5,2,14,Y6071117,,,,0,30.0,0,0
75,12,5,2,15,Y6071118,,,,0,30.0,0,0
75,12,5,2,16,Y6071119,,,,0,30.0,0,0
75,12,5,2,17,Y6071120,,,,0,30.0,0,0
75,12,5,2,18,Y6071121,,,,0,30.0,0,0
75,12,5,2,19,Y6071122,,,,0,30.0,0,0
75,12,5,2,20,Y6071123,,,,0,30.0,0,0
75,12,5,2,21,Y6071124,,,,0,30.0,0,0
75,12,5,2,22,Y6071125,,,,0,30.0,0,0
75,12,5,2,23,Y6071126,,,,0,30.0,0,0
75,12,5,2,24,Y6071127,,,,0,30.0,0,0
75,12,5,2,25,Y6071128,,,,0,30.0,0,0
75,12,5,2,26,Y6071129,,,,0,30.0,0,0
75,12,5,2,27,Y6071130,,,,0,30.0,0,0
75,12,5,2,28,Y6071131,,,,0,30.0,0,0
75,12,5,2,29,Y6071132,,,,0,30.0,0,0
75,12,5,2,30,Y6071133,,,,0,30.0,0,0
75,12,5,3,10,Y6071134,,,,0,30.0,0,0
75,12,5,3,11,Y6071135,,,,0,30.0,0,0
75,12,5,3,12,Y6071136,,,,0,30.0,0,0
75,12,5,3,13,Y6071137,,,,0,30.0,0,0
75,12,5,3,14,Y6071138,,,,0,30.0,0,0
75,12,5,3,15,Y6071139,,,,0,30.0,0,0
75,12,5,3,16,Y6071140,,,,0,30.0,0,0
75,12,5,3,17,Y6071141,,,,0,30.0,0,0
75,12,5,3,18,Y6071142,,,,0,30.0,0,0
75,12,5,3,19,Y6071143,,,,0,30.0,0,0
75,12,5,3,20,Y6071144,,,,0,30.0,0,0
75,12,5,3,21,Y6071145,,,,0,30.0,0,0
75,12,5,3,22,Y6071146,,,,0,30.0,0,0
75,12,5,3,23,Y6071147,,,,0,30.0,0,0
75,12,5,3,24,Y6071148,,,,0,30.0,0,0
75,12,5,3,25,Y6071149,,,,0,30.0,0,0
75,12,5,3,26,Y6071150,,,,0,30.0,0,0
75,12,5,3,27,Y6071151,,,,0,30.0,0,0
75,12,5,3,28,Y6071152,,,,0,30.0,0,0
75,12,5,3,29,Y6071153,,,,0,30.0,0,0
75,12,5,3,30,Y6071154,,,,0,30.0,0,0
75,12,5,4,10,Y6071155,,,,0,30.0,0,0
75,12,5,4,11,Y6071156,,,,0,30.0,0,0
75,12,5,4,12,Y6071157,,,,0,30.0,0,0
75,12,5,4,13,Y6071158,,,,0,30.0,0,0
75,12,5,4,14,Y6071159,,,,0,30.0,0,0
75,12,5,4,15,Y6071160,,,,0,30.0,0,0
75,12,5,4,16,Y6071161,,,,0,30.0,0,0
75,12,5,4,17,Y6071162,,,,0,30.0,0,0
75,12,5,4,18,Y6071163,,,,0,30.0,0,0
75,12,5,4,19,Y6071164,,,,0,30.0,0,0
75,12,5,4,20,Y6071165,,,,0,30.0,0,0
75,12,5,4,21,Y6071166,,,,0,30.0,0,0
75,12,5,4,22,Y6071167,,,,0,30.0,0,0
75,12,5,4,23,Y6071168,,,,0,30.0,0,0
75,12,5,4,24,Y6071169,,,,0,30.0,0,0
75,12,5,4,25,Y6071170,,,,0,30.0,0,0
75,12,5,4,26,Y6071171,,,,0,30.0,0,0
75,12,5,4,27,Y6071172,,,,0,30.0,0,0
75,12,5,4,28,Y6071173,,,,0,30.0,0,0
75,12,5,4,29,Y6071174,,,,0,30.0,0,0
75,12,5,4,30,Y6071175,,,,0,30.0,0,0
75,12,5,5,10,Y6071176,,,,0,30.0,0,0
75,12,5,5,11,Y6071177,,,,0,30.0,0,0
75,12,5,5,12,Y6071178,,,,0,30.0,0,0
75,12,5,5,13,Y6071179,,,,0,30.0,0,0
75,12,5,5,14,Y6071180,,,,0,30.0,0,0
75,12,5,5,15,Y6071181,,,,0,30.0,0,0
75,12,5,5,16,Y6071182,,,,0,30.0,0,0
75,12,5,5,17,Y6071183,,,,0,30.0,0,0
75,12,5,5,18,Y6071184,,,,0,30.0,0,0
75,12,5,5,19,Y6071185,,,,0,30.0,0,0
75,12,5,5,20,Y6071186,,,,0,30.0,0,0
75,12,5,5,21,Y6071187,,,,0,30.0,0,0
75,12,5,5,22,Y6071188,,,,0,30.0,0,0
75,12,5,5,23,Y6071189,,,,0,30.0,0,0
75,12,5,5,24,Y6071190,,,,0,30.0,0,0
75,12,5,5,25,Y6071191,,,,0,30.0,0,0
75,12,5,5,26,Y6071192,,,,0,30.0,0,0
75,12,5,5,27,Y6071193,,,,0,30.0,0,0
75,12,5,5,28,Y6071194,,,,0,30.0,0,0
75,12,5,5,29,Y6071195,,,,0,30.0,0,0
75,12,5,5,30,Y6071196,,,,0,30.0,0,0
75,12,5,6,10,Y6071197,,,,0,30.0,0,0
75,12,5,6,11,Y6071198,,,,0,30.0,0,0
75,12,5,6,12,Y6071199,,,,0,30.0,0,0
75,12,5,6,13,Y6071200,,,,0,30.0,0,0
75,12,5,6,14,Y6071201,,,,0,30.0,0,0
75,12,5,6,15,Y6071202,,,,0,30.0,0,0
75,12,5,6,16,Y6071203,,,,0,30.0,0,0
75,12,5,6,17,Y6071204,,,,0,30.0,0,0
75,12,5,6,18,Y6071205,,,,0,30.0,0,0
75,12,5,6,19,Y6071206,,,,0,30.0,0,0
75,12,5,6,20,Y6071207,,,,0,30.0,0,0
75,12,5,6,21,Y6071208,,,,0,30.0,0,0
75,12,5,6,22,Y6071209,,,,0,30.0,0,0
75,12,5,6,23,Y6071210,,,,0,30.0,0,0
75,12,5,6,24,Y6071211,,,,0,30.0,0,0
75,12,5,6,25,Y6071212,,,,0,30.0,0,0
75,12,5,6,26,Y6071213,,,,0,30.0,0,0
75,12,5,6,27,Y6071214,,,,0,30.0,0,0
75,12,5,6,28,Y6071215,,,,0,30.0,0,0
75,12,5,6,29,Y6071216,,,,0,30.0,0,0
75,12,5,6,30,Y6071217,,,,0,30.0,0,0
75,12,5,7,10,Y6071218,,,,0,30.0,0,0
75,12,5,7,11,Y6071219,,,,0,30.0,0,0
75,12,5,7,12,Y6071220,,,,0,30.0,0,0
75,12,5,7,13,Y6071221,,,,0,30.0,0,0
75,12,5,7,14,Y6071222,,,,0,30.0,0,0
75,12,5,7,15,Y6071223,,,,0,30.0,0,0
75,12,5,7,16,Y6071224,,,,0,30.0,0,0
75,12,5,7,17,Y6071225,,,,0,30.0,0,0
75,12,5,7,18,Y6071226,,,,0,30.0,0,0
75,12,5,7,19,Y6071227,,,,0,30.0,0,0
75,12,5,7,20,Y6071228,,,,0,30.0,0,0
75,12,5,7,21,Y6071229,,,,0,30.0,0,0
75,12,5,7,22,Y6071230,,,,0,30.0,0,0
75,12,5,7,23,Y6071231,,,,0,30.0,0,0
75,12,5,7,24,Y6071232,,,,0,30.0,0,0
75,12,5,7,25,Y6071233,,,,0,30.0,0,0
75,12,5,7,26,Y6071234,,,,0,30.0,0,0
75,12,5,7,27,Y6071235,,,,0,30.0,0,0
75,12,5,7,28,Y6071236,,,,0,30.0,0,0
75,12,5,7,29,Y6071237,,,,0,30.0,0,0
75,12,5,7,30,Y6071238,,,,0,30.0,0,0
75,12,5,8,10,Y6071239,,,,0,30.0,0,0
75,12,5,8,11,Y6071240,,,,0,30.0,0,0
75,12,5,8,12,Y6071241,,,,0,30.0,0,0
75,12,5,8,13,Y6071242,,,,0,30.0,0,0
75,12,5,8,14,Y6071243,,,,0,30.0,0,0
75,12,5,8,15,Y6071244,,,,0,30.0,0,0
75,12,5,8,16,Y6071245,,,,0,30.0,0,0
75,12,5,8,17,Y6071246,,,,0,30.0,0,0
75,12,5,8,18,Y6071247,,,,0,30.0,0,0
75,12,5,8,19,Y6071248,,,,0,30.0,0,0
75,12,5,8,20,Y6071249,,,,0,30.0,0,0
75,12,5,8,21,Y6071250,,,,0,30.0,0,0
75,12,5,8,22,Y6071251,,,,0,30.0,0,0
75,12,5,8,23,Y6071252,,,,0,30.0,0,0
75,12,5,8,24,Y6071253,,,,0,30.0,0,0
75,12,5,8,25,Y6071254,,,,0,30.0,0,0
75,12,5,8,26,Y6071255,,,,0,30.0,0,0
75,12,5,8,27,Y6071256,,,,0,30.0,0,0
75,12,5,8,28,Y6071257,,,,0,30.0,0,0
75,12,5,8,29,Y6071258,,,,0,30.0,0,0
75,12,5,8,30,Y6071259,,,,0,30.0,0,0
75,12,5,9,10,Y6071260,,,,0,30.0,0,0
75,12,5,9,11,Y6071261,,,,0,30.0,0,0
75,12,5,9,12,Y6071262,,,,0,30.0,0,0
75,12,5,9,13,Y6071263,,,,0,30.0,0,0
75,12,5,9,14,Y6071264,,,,0,30.0,0,0
75,12,5,9,15,Y6071265,,,,0,30.0,0,0
75,12,5,9,16,Y6071266,,,,0,30.0,0,2
75,12,5,9,17,Y6071267,,,,0,30.0,0,2
75,12,5,9,18,Y6071268,,,,0,30.0,0,2
75,12,5,9,19,Y6071269,,,,0,30.0,0,2
75,12,5,9,20,Y6071270,,,,0,30.0,0,2
75,12,5,9,21,Y6071271,,,,0,30.0,0,0
75,12,5,9,22,Y6071272,,,,0,30.0,0,0
75,12,5,9,23,Y6071273,,,,0,30.0,0,0
75,12,5,9,24,Y6071274,,,,0,30.0,0,0
75,12,5,9,25,Y6071275,,,,0,30.0,0,0
75,12,5,9,26,Y6071276,,,,0,30.0,0,0
75,12,5,9,27,Y6071277,,,,0,30.0,0,0
75,12,5,9,28,Y6071278,,,,0,30.0,0,0
75,12,5,9,29,Y6071279,,,,0,30.0,0,0
75,12,5,9,30,Y6071280,,,,0,30.0,0,0
75,12,5,10,10,Y6071281,,,,0,30.0,0,0
75,12,5,10,11,Y6071282,,,,0,30.0,0,0
75,12,5,10,12,Y6071283,,,,0,30.0,0,0
75,12,5,10,13,Y6071284,,,,0,30.0,0,0
75,12,5,10,14,Y6071285,,,,0,30.0,0,0
75,12,5,10,15,Y6071286,,,,0,30.0,0,0
75,12,5,10,16,Y6071287,,,,0,30.0,0,2
75,12,5,10,17,Y6071288,,,,0,30.0,0,1
75,12,5,10,18,Y6071289,,,,0,30.0,0,1
75,12,5,10,19,Y6071290,,,,0,30.0,0,1
75,12,5,10,20,Y6071291,,,,0,30.0,0,2
75,12,5,10,21,Y6071292,,,,0,30.0,0,0
75,12,5,10,22,Y6071293,,,,0,30.0,0,0
75,12,5,10,23,Y6071294,,,,0,30.0,0,0
75,12,5,10,24,Y6071295,,,,0,30.0,0,0
75,12,5,10,25,Y6071296,,,,0,30.0,0,0
75,12,5,10,26,Y6071297,,,,0,30.0,0,0
75,12,5,10,27,Y6071298,,,,0,30.0,0,0
75,12,5,10,28,Y6071299,,,,0,30.0,0,0
75,12,5,10,29,Y6071300,,,,0,30.0,0,0
75,12,5,10,30,Y6071301,,,,0,30.0,0,0
75,12,5,11,10,Y6071302,,,,0,30.0,0,0
75,12,5,11,11,Y6071303,,,,0,30.0,0,0
75,12,5,11,12,Y6071304,,,,0,30.0,0,0
75,12,5,11,13,Y6071305,,,,0,30.0,0,0
75,12,5,11,14,Y6071306,,,,0,30.0,0,0
75,12,5,11,15,Y6071307,,,,0,30.0,0,0
75,12,5,11,16,Y6071308,,,,0,30.0,0,2
75,12,5,11,17,Y6071309,,,,0,30.0,0,1
75,12,5,11,18,Y6071310,,,,0,30.0,0,1
75,12,5,11,19,Y6071311,,,,0,30.0,0,1
75,12,5,11,20,Y6071312,,,,0,30.0,0,2
75,12,5,11,21,Y6071313,,,,0,30.0,0,0
75,12,5,11,22,Y6071314,,,,0,30.0,0,0
75,12,5,11,23,Y6071315,,,,0,30.0,0,0
75,12,5,11,24,Y6071316,,,,0,30.0,0,0
75,12,5,11,25,Y6071317,,,,0,30.0,0,0
75,12,5,11,26,Y6071318,,,,0,30.0,0,0
75,12,5,11,27,Y6071319,,,,0,30.0,0,0
75,12,5,11,28,Y6071320,,,,0,30.0,0,0
75,12,5,11,29,Y6071321,,,,0,30.0,0,0
75,12,5,11,30,Y6071322,,,,0,30.0,0,0
75,12,5,12,10,Y6071323,,,,0,30.0,0,0
75,12,5,12,11,Y6071324,,,,0,30.0,0,0
75,12,5,12,12,Y6071325,,,,0,30.0,0,0
75,12,5,12,13,Y6071326,,,,0,30.0,0,0
75,12,5,12,14,Y6071327,,,,0,30.0,0,0
75,12,5,12,15,Y6071328,,,,0,30.0,0,0
75,12,5,12,16,Y6071329,,,,0,30.0,0,2
75,12,5,12,17,Y6071330,,,,0,30.0,0,1
75,12,5,12,18,Y6071331,,,,0,30.0,0,1
75,12,5,12,19,Y6071332,,,,0,30.0,0,1
75,12,5,12,20,Y6071333,,,,0,30.0,0,2
75,12,5,12,21,Y6071334,,,,0,30.0,0,0
75,12,5,12,22,Y6071335,,,,0,30.0,0,0
75,12,5,12,23,Y6071336,,,,0,30.0,0,0
75,12,5,12,24,Y6071337,,,,0,30.0,0,0
75,12,5,12,25,Y6071338,,,,0,30.0,0,0
75,12,5,12,26,Y6071339,,,,0,30.0,0,0
75,12,5,12,27,Y6071340,,,,0,30.0,0,0
75,12,5,12,28,Y6071341,,,,0,30.0,0,0
75,12,5,12,29,Y6071342,,,,0,30.0,0,0
75,12,5,12,30,Y6071343,,,,0,30.0,0,0
75,12,6,1,10,Y6071344,,,,0,30.0,0,0
75,12,6,1,11,Y6071345,,,,0,30.0,0,0
75,12,6,1,12,Y6071346,,,,0,30.0,0,0
75,12,6,1,13,Y6071347,,,,0,30.0,0,0
75,12,6,1,14,Y6071348,,,,0,30.0,0,0
75,12,6,1,15,Y6071349,,,,0,30.0,0,0
75,12,6,1,16,Y6071350,,,,0,30.0,0,0
75,12,6,1,17,Y6071351,,,,0,30.0,0,0
75,12,6,1,18,Y6071352,,,,0,30.0,0,0
75,12,6,1,19,Y6071353,,,,0,30.0,0,0
75,12,6,1,20,Y6071354,,,,0,30.0,0,0
75,12,6,1,21,Y6071355,,,,0,30.0,0,0
75,12,6,1,22,Y6071356,,,,0,30.0,0,0
75,12,6,1,23,Y6071357,,,,0,30.0,0,0
75,12,6,1,24,Y6071358,,,,0,30.0,0,0
75,12,6,1,25,Y6071359,,,,0,30.0,0,0
75,12,6,1,26,Y6071360,,,,0,30.0,0,0
75,12,6,1,27,Y6071361,,,,0,30.0,0,0
75,12,6,1,28,Y6071362,,,,0,30.0,0,0
75,12,6,1,29,Y6071363,,,,0,30.0,0,0
75,12,6,1,30,Y6071364,,,,0,30.0,0,0
75,12,6,2,10,Y6071365,,,,0,30.0,0,0
75,12,6,2,11,Y6071366,,,,0,30.0,0,0
75,12,6,2,12,Y6071367,,,,0,30.0,0,0
75,12,6,2,13,Y6071368,,,,0,30.0,0,0
75,12,6,2,14,Y6071369,,,,0,30.0,0,0
75,12,6,2,15,Y6071370,,,,0,30.0,0,0
75,12,6,2,16,Y6071371,,,,0,30.0,0,0
75,12,6,2,17,Y6071372,,,,0,30.0,0,0
75,12,6,2,18,Y6071373,,,,0,30.0,0,0
75,12,6,2,19,Y6071374,,,,0,30.0,0,0
75,12,6,2,20,Y6071375,,,,0,30.0,0,0
75,12,6,2,21,Y6071376,,,,0,30.0,0,0
75,12,6,2,22,Y6071377,,,,0,30.0,0,0
75,12,6,2,23,Y6071378,,,,0,30.0,0,0
75,12,6,2,24,Y6071379,,,,0,30.0,0,0
75,12,6,2,25,Y6071380,,,,0,30.0,0,0
75,12,6,2,26,Y6071381,,,,0,30.0,0,0
75,12,6,2,27,Y6071382,,,,0,30.0,0,0
75,12,6,2,28,Y6071383,,,,0,30.0,0,0
75,12,6,2,29,Y6071384,,,,0,30.0,0,0
75,12,6,2,30,Y6071385,,,,0,30.0,0,0
75,12,6,3,10,Y6071386,,,,0,30.0,0,0
75,12,6,3,11,Y6071387,,,,0,30.0,0,0
75,12,6,3,12,Y6071388,,,,0,30.0,0,0
75,12,6,3,13,Y6071389,,,,0,30.0,0,0
75,12,6,3,14,Y6071390,,,,0,30.0,0,0
75,12,6,3,15,Y6071391,,,,0,30.0,0,0
75,12,6,3,16,Y6071392,,,,0,30.0,0,0
75,12,6,3,17,Y6071393,,,,0,30.0,0,0
75,12,6,3,18,Y6071394,,,,0,30.0,0,0
75,12,6,3,19,Y6071395,,,,0,30.0,0,0
75,12,6,3,20,Y6071396,,,,0,30.0,0,0
75,12,6,3,21,Y6071397,,,,0,30.0,0,0
75,12,6,3,22,Y6071398,,,,0,30.0,0,0
75,12,6,3,23,Y6071399,,,,0,30.0,0,0
75,12,6,3,24,Y6071400,,,,0,30.0,0,0
75,12,6,3,25,Y6071401,,,,0,30.0,0,0
75,12,6,3,26,Y6071402,,,,0,30.0,0,0
75,12,6,3,27,Y6071403,,,,0,30.0,0,0
75,12,6,3,28,Y6071404,,,,0,30.0,0,0
75,12,6,3,29,Y6071405,,,,0,30.0,0,0
75,12,6,3,30,Y6071406,,,,0,30.0,0,0
75,12,6,4,10,Y6071407,,,,0,30.0,0,0
75,12,6,4,11,Y6071408,,,,0,30.0,0,0
75,12,6,4,12,Y6071409,,,,0,30.0,0,0
75,12,6,4,13,Y6071410,,,,0,30.0,0,0
75,12,6,4,14,Y6071411,,,,0,30.0,0,0
75,12,6,4,15,Y6071412,,,,0,30.0,0,0
75,12,6,4,16,Y6071413,,,,0,30.0,0,0
75,12,6,4,17,Y6071414,,,,0,30.0,0,0
75,12,6,4,18,Y6071415,,,,0,30.0,0,0
75,12,6,4,19,Y6071416,,,,0,30.0,0,0
75,12,6,4,20,Y6071417,,,,0,30.0,0,0
75,12,6,4,21,Y6071418,,,,0,30.0,0,0
75,12,6,4,22,Y6071419,,,,0,30.0,0,0
75,12,6,4,23,Y6071420,,,,0,30.0,0,0
75,12,6,4,24,Y6071421,,,,0,30.0,0,0
75,12,6,4,25,Y6071422,,,,0,30.0,0,0
75,12,6,4,26,Y6071423,,,,0,30.0,0,0
75,12,6,4,27,Y6071424,,,,0,30.0,0,0
75,12,6,4,28,Y6071425,,,,0,30.0,0,0
75,12,6,4,29,Y6071426,,,,0,30.0,0,0
75,12,6,4,30,Y6071427,,,,0,30.0,0,0
75,12,6,5,10,Y6071428,,,,0,30.0,0,0
75,12,6,5,11,Y6071429,,,,0,30.0,0,0
75,12,6,5,12,Y6071430,,,,0,30.0,0,0
75,12,6,5,13,Y6071431,,,,0,30.0,0,0
75,12,6,5,14,Y6071432,,,,0,30.0,0,0
75,12,6,5,15,Y6071433,,,,0,30.0,0,0
75,12,6,5,16,Y6071434,,,,0,30.0,0,0
75,12,6,5,17,Y6071435,,,,0,30.0,0,0
75,12,6,5,18,Y6071436,,,,0,30.0,0,0
75,12,6,5,19,Y6071437,,,,0,30.0,0,0
75,12,6,5,20,Y6071438,,,,0,30.0,0,0
75,12,6,5,21,Y6071439,,,,0,30.0,0,0
75,12,6,5,22,Y6071440,,,,0,30.0,0,0
75,12,6,5,23,Y6071441,,,,0,30.0,0,0
75,12,6,5,24,Y6071442,,,,0,30.0,0,0
75,12,6,5,25,Y6071443,,,,0,30.0,0,0
75,12,6,5,26,Y6071444,,,,0,30.0,0,0
75,12,6,5,27,Y6071445,,,,0,30.0,0,0
75,12,6,5,28,Y6071446,,,,0,30.0,0,0
75,12,6,5,29,Y6071447,,,,0,30.0,0,0
75,12,6,5,30,Y6071448,,,,0,30.0,0,0
75,12,6,6,10,Y6071449,,,,0,30.0,0,0
75,12,6,6,11,Y6071450,,,,0,30.0,0,0
75,12,6,6,12,Y6071451,,,,0,30.0,0,0
75,12,6,6,13,Y6071452,,,,0,30.0,0,0
75,12,6,6,14,Y6071453,,,,0,30.0,0,0
75,12,6,6,15,Y6071454,,,,0,30.0,0,0
75,12,6,6,16,Y6071455,,,,0,30.0,0,0
75,12,6,6,17,Y6071456,,,,0,30.0,0,0
75,12,6,6,18,Y6071457,,,,0,30.0,0,0
75,12,6,6,19,Y6071458,,,,0,30.0,0,0
75,12,6,6,20,Y6071459,,,,0,30.0,0,0
75,12,6,6,21,Y6071460,,,,0,30.0,0,0
75,12,6,6,22,Y6071461,,,,0,30.0,0,0
75,12,6,6,23,Y6071462,,,,0,30.0,0,0
75,12,6,6,24,Y6071463,,,,0,30.0,0,0
75,12,6,6,25,Y6071464,,,,0,30.0,0,0
75,12,6,6,26,Y6071465,,,,0,30.0,0,0
75,12,6,6,27,Y6071466,,,,0,30.0,0,0
75,12,6,6,28,Y6071467,,,,0,30.0,0,0
75,12,6,6,29,Y6071468,,,,0,30.0,0,0
75,12,6,6,30,Y6071469,,,,0,30.0,0,0
75,12,6,7,10,Y6071470,,,,0,30.0,0,0
75,12,6,7,11,Y6071471,,,,0,30.0,0,0
75,12,6,7,12,Y6071472,,,,0,30.0,0,0
75,12,6,7,13,Y6071473,,,,0,30.0,0,0
75,12,6,7,14,Y6071474,,,,0,30.0,0,0
75,12,6,7,15,Y6071475,,,,0,30.0,0,0
75,12,6,7,16,Y6071476,,,,0,30.0,0,0
75,12,6,7,17,Y6071477,,,,0,30.0,0,0
75,12,6,7,18,Y6071478,,,,0,30.0,0,0
75,12,6,7,19,Y6071479,,,,0,30.0,0,0
75,12,6,7,20,Y6071480,,,,0,30.0,0,0
75,12,6,7,21,Y6071481,,,,0,30.0,0,0
75,12,6,7,22,Y6071482,,,,0,30.0,0,0
75,12,6,7,23,Y6071483,,,,0,30.0,0,0
75,12,6,7,24,Y6071484,,,,0,30.0,0,0
75,12,6,7,25,Y6071485,,,,0,30.0,0,0
75,12,6,7,26,Y6071486,,,,0,30.0,0,0
75,12,6,7,27,Y6071487,,,,0,30.0,0,0
75,12,6,7,28,Y6071488,,,,0,30.0,0,0
75,12,6,7,29,Y6071489,,,,0,30.0,0,0
75,12,6,7,30,Y6071490,,,,0,30.0,0,0
75,12,6,8,10,Y6071491,,,,0,30.0,0,0
75,12,6,8,11,Y6071492,,,,0,30.0,0,0
75,12,6,8,12,Y6071493,,,,0,30.0,0,0
75,12,6,8,13,Y6071494,,,,0,30.0,0,0
75,12,6,8,14,Y6071495,,,,0,30.0,0,0
75,12,6,8,15,Y6071496,,,,0,30.0,0,0
75,12,6,8,16,Y6071497,,,,0,30.0,0,0
75,12,6,8,17,Y6071498,,,,0,30.0,0,0
75,12,6,8,18,Y6071499,,,,0,30.0,0,0
75,12,6,8,19,Y6071500,,,,0,30.0,0,0
75,12,6,8,20,Y6071501,,,,0,30.0,0,0
75,12,6,8,21,Y6071502,,,,0,30.0,0,0
75,12,6,8,22,Y6071503,,,,0,30.0,0,0
75,12,6,8,23,Y6071504,,,,0,30.0,0,0
75,12,6,8,24,Y6071505,,,,0,30.0,0,0
75,12,6,8,25,Y6071506,,,,0,30.0,0,0
75,12,6,8,26,Y6071507,,,,0,30.0,0,0
75,12,6,8,27,Y6071508,,,,0,30.0,0,0
75,12,6,8,28,Y6071509,,,,0,30.0,0,0
75,12,6,8,29,Y6071510,,,,0,30.0,0,0
75,12,6,8,30,Y6071511,,,,0,30.0,0,0
75,12,6,9,10,Y6071512,,,,0,30.0,0,0
75,12,6,9,11,Y6071513,,,,0,30.0,0,0
75,12,6,9,12,Y6071514,,,,0,30.0,0,0
75,12,6,9,13,Y6071515,,,,0,30.0,0,0
75,12,6,9,14,Y6071516,,,,0,30.0,0,0
75,12,6,9,15,Y6071517,,,,0,30.0,0,0
75,12,6,9,16,Y6071518,,,,0,30.0,0,2
75,12,6,9,17,Y6071519,,,,0,30.0,0,2
75,12,6,9,18,Y6071520,,,,0,30.0,0,2
75,12,6,9,19,Y6071521,,,,0,30.0,0,2
75,12,6,9,20,Y6071522,,,,0,30.0,0,2
75,12,6,9,21,Y6071523,,,,0,30.0,0,0
75,12,6,9,22,Y6071524,,,,0,30.0,0,0
75,12,6,9,23,Y6071525,,,,0,30.0,0,0
75,12,6,9,24,Y6071526,,,,0,30.0,0,0
75,12,6,9,25,Y6071527,,,,0,30.0,0,0
75,12,6,9,26,Y6071528,,,,0,30.0,0,0
75,12,6,9,27,Y6071529,,,,0,30.0,0,0
75,12,6,9,28,Y6071530,,,,0,30.0,0,0
75,12,6,9,29,Y6071531,,,,0,30.0,0,0
75,12,6,9,30,Y6071532,,,,0,30.0,0,0
75,12,6,10,10,Y6071533,,,,0,30.0,0,0
75,12,6,10,11,Y6071534,,,,0,30.0,0,0
75,12,6,10,12,Y6071535,,,,0,30.0,0,0
75,12,6,10,13,Y6071536,,,,0,30.0,0,0
75,12,6,10,14,Y6071537,,,,0,30.0,0,0
75,12,6,10,15,Y6071538,,,,0,30.0,0,0
75,12,6,10,16,Y6071539,,,,0,30.0,0,2
75,12,6,10,17,Y6071540,,,,0,30.0,0,1
75,12,6,10,18,Y6071541,,,,0,30.0,0,1
75,12,6,10,19,Y6071542,,,,0,30.0,0,1
75,12,6,10,20,Y6071543,,,,0,30.0,0,2
75,12,6,10,21,Y6071544,,,,0,30.0,0,0
75,12,6,10,22,Y6071545,,,,0,30.0,0,0
75,12,6,10,23,Y6071546,,,,0,30.0,0,0
75,12,6,10,24,Y6071547,,,,0,30.0,0,0
75,12,6,10,25,Y6071548,,,,0,30.0,0,0
75,12,6,10,26,Y6071549,,,,0,30.0,0,0
75,12,6,10,27,Y6071550,,,,0,30.0,0,0
75,12,6,10,28,Y6071551,,,,0,30.0,0,0
75,12,6,10,29,Y6071552,,,,0,30.0,0,0
75,12,6,10,30,Y6071553,,,,0,30.0,0,0
75,12,6,11,10,Y6071554,,,,0,30.0,0,0
75,12,6,11,11,Y6071555,,,,0,30.0,0,0
75,12,6,11,12,Y6071556,,,,0,30.0,0,0
75,12,6,11,13,Y6071557,,,,0,30.0,0,0
75,12,6,11,14,Y6071558,,,,0,30.0,0,0
75,12,6,11,15,Y6071559,,,,0,30.0,0,0
75,12,6,11,16,Y6071560,,,,0,30.0,0,2
75,12,6,11,17,Y6071561,,,,0,30.0,0,1
75,12,6,11,18,Q094,0.0,30.0,0.0,0,30.0,0,0
75,12,6,11,19,Y6071562,,,,0,30.0,0,1
75,12,6,11,20,Y6071563,,,,0,30.0,0,2
75,12,6,11,21,Y6071564,,,,0,30.0,0,0
75,12,6,11,22,Y6071565,,,,0,30.0,0,0
75,12,6,11,23,Y6071566,,,,0,30.0,0,0
75,12,6,11,24,Y6071567,,,,0,30.0,0,0
75,12,6,11,25,Y6071568,,,,0,30.0,0,0
75,12,6,11,26,Y6071569,,,,0,30.0,0,0
75,12,6,11,27,Y6071570,,,,0,30.0,0,0
75,12,6,11,28,Y6071571,,,,0,30.0,0,0
75,12,6,11,29,Y6071572,,,,0,30.0,0,0
75,12,6,11,30,Y6071573,,,,0,30.0,0,0
75,12,6,12,10,Y6071574,,,,0,30.0,0,0
75,12,6,12,11,Y6071575,,,,0,30.0,0,0
75,12,6,12,12,Y6071576,,,,0,30.0,0,0
75,12,6,12,13,Y6071577,,,,0,30.0,0,0
75,12,6,12,14,Y6071578,,,,0,30.0,0,0
75,12,6,12,15,Y6071579,,,,0,30.0,0,0
75,12,6,12,16,Y6071580,,,,0,30.0,0,2
75,12,6,12,17,Y6071581,,,,0,30.0,0,1
75,12,6,12,18,Y6071582,,,,0,30.0,0,1
75,12,6,12,19,Y6071583,,,,0,30.0,0,1
75,12,6,12,20,Y6071584,,,,0,30.0,0,2
75,12,6,12,21,Y6071585,,,,0,30.0,0,0
75,12,6,12,22,Y6071586,,,,0,30.0,0,0
75,12,6,12,23,Y6071587,,,,0,30.0,0,0
75,12,6,12,24,Y6071588,,,,0,30.0,0,0
75,12,6,12,25,Y6071589,,,,0,30.0,0,0
75,12,6,12,26,Y6071590,,,,0,30.0,0,0
75,12,6,12,27,Y6071591,,,,0,30.0,0,0
75,12,6,12,28,Y6071592,,,,0,30.0,0,0
75,12,6,12,29,Y6071593,,,,0,30.0,0,0
75,12,6,12,30,Y6071594,,,,0,30.0,0,0
75,12,7,1,10,Y6071595,,,,0,30.0,0,0
75,12,7,1,11,Y6071596,,,,0,30.0,0,0
75,12,7,1,12,Y6071597,,,,0,30.0,0,0
75,12,7,1,13,Y6071598,,,,0,30.0,0,0
75,12,7,1,14,Y6071599,,,,0,30.0,0,0
75,12,7,1,15,Y6071600,,,,0,30.0,0,0
75,12,7,1,16,Y6071601,,,,0,30.0,0,0
75,12,7,1,17,Y6071602,,,,0,30.0,0,0
75,12,7,1,18,Y6071603,,,,0,30.0,0,0
75,12,7,1,19,Y6071604,,,,0,30.0,0,0
75,12,7,1,20,Y6071605,,,,0,30.0,0,0
75,12,7,1,21,Y6071606,,,,0,30.0,0,0
75,12,7,1,22,Y6071607,,,,0,30.0,0,0
75,12,7,1,23,Y6071608,,,,0,30.0,0,0
75,12,7,1,24,Y6071609,,,,0,30.0,0,0
75,12,7,1,25,Y6071610,,,,0,30.0,0,0
75,12,7,1,26,Y6071611,,,,0,30.0,0,0
75,12,7,1,27,Y6071612,,,,0,30.0,0,0
75,12,7,1,28,Y6071613,,,,0,30.0,0,0
75,12,7,1,29,Y6071614,,,,0,30.0,0,0
75,12,7,1,30,Y6071615,,,,0,30.0,0,0
75,12,7,2,10,Y6071616,,,,0,30.0,0,0
75,12,7,2,11,Y6071617,,,,0,30.0,0,0
75,12,7,2,12,Y6071618,,,,0,30.0,0,0
75,12,7,2,13,Y6071619,,,,0,30.0,0,0
75,12,7,2,14,Y6071620,,,,0,30.0,0,0
75,12,7,2,15,Y6071621,,,,0,30.0,0,0
75,12,7,2,16,Y6071622,,,,0,30.0,0,0
75,12,7,2,17,Y6071623,,,,0,30.0,0,0
75,12,7,2,18,Y6071624,,,,0,30.0,0,0
75,12,7,2,19,Y6071625,,,,0,30.0,0,0
75,12,7,2,20,Y6071626,,,,0,30.0,0,0
75,12,7,2,21,Y6071627,,,,0,30.0,0,0
75,12,7,2,22,Y6071628,,,,0,30.0,0,0
75,12,7,2,23,Y6071629,,,,0,30.0,0,0
75,12,7,2,24,Y6071630,,,,0,30.0,0,0
75,12,7,2,25,Y6071631,,,,0,30.0,0,0
75,12,7,2,26,Y6071632,,,,0,30.0,0,0
75,12,7,2,27,Y6071633,,,,0,30.0,0,0
75,12,7,2,28,Y6071634,,,,0,30.0,0,0
75,12,7,2,29,Y6071635,,,,0,30.0,0,0
75,12,7,2,30,Y6071636,,,,0,30.0,0,0
75,12,7,3,10,Y6071637,,,,0,30.0,0,0
75,12,7,3,11,Y6071638,,,,0,30.0,0,0
75,12,7,3,12,Y6071639,,,,0,30.0,0,0
75,12,7,3,13,Y6071640,,,,0,30.0,0,0
75,12,7,3,14,Y6071641,,,,0,30.0,0,0
75,12,7,3,15,Y6071642,,,,0,30.0,0,0
75,12,7,3,16,Y6071643,,,,0,30.0,0,0
75,12,7,3,17,Y6071644,,,,0,30.0,0,0
75,12,7,3,18,Y6071645,,,,0,30.0,0,0
75,12,7,3,19,Y6071646,,,,0,30.0,0,0
75,12,7,3,20,Y6071647,,,,0,30.0,0,0
75,12,7,3,21,Y6071648,,,,0,30.0,0,0
75,12,7,3,22,Y6071649,,,,0,30.0,0,0
75,12,7,3,23,Y6071650,,,,0,30.0,0,0
75,12,7,3,24,Y6071651,,,,0,30.0,0,0
75,12,7,3,25,Y6071652,,,,0,30.0,0,0
75,12,7,3,26,Y6071653,,,,0,30.0,0,0
75,12,7,3,27,Y6071654,,,,0,30.0,0,0
75,12,7,3,28,Y6071655,,,,0,30.0,0,0
75,12,7,3,29,Y6071656,,,,0,30.0,0,0
75,12,7,3,30,Y6071657,,,,0,30.0,0,0
75,12,7,4,10,Y6071658,,,,0,30.0,0,0
75,12,7,4,11,Y6071659,,,,0,30.0,0,0
75,12,7,4,12,Y6071660,,,,0,30.0,0,0
75,12,7,4,13,Y6071661,,,,0,30.0,0,0
75,12,7,4,14,Y6071662,,,,0,30.0,0,0
75,12,7,4,15,Y6071663,,,,0,30.0,0,0
75,12,7,4,16,Y6071664,,,,0,30.0,0,0
75,12,7,4,17,Y6071665,,,,0,30.0,0,0
75,12,7,4,18,Y6071666,,,,0,30.0,0,0
75,12,7,4,19,Y6071667,,,,0,30.0,0,0
75,12,7,4,20,Y6071668,,,,0,30.0,0,0
75,12,7,4,21,Y6071669,,,,0,30.0,0,0
75,12,7,4,22,Y6071670,,,,0,30.0,0,0
75,12,7,4,23,Y6071671,,,,0,30.0,0,0
75,12,7,4,24,Y6071672,,,,0,30.0,0,0
75,12,7,4,25,Y6071673,,,,0,30.0,0,0
75,12,7,4,26,Y6071674,,,,0,30.0,0,0
75,12,7,4,27,Y6071675,,,,0,30.0,0,0
75,12,7,4,28,Y6071676,,,,0,30.0,0,0
75,12,7,4,29,Y6071677,,,,0,30.0,0,0
75,12,7,4,30,Y6071678,,,,0,30.0,0,0
75,12,7,5,10,Y6071679,,,,0,30.0,0,0
75,12,7,5,11,Y6071680,,,,0,30.0,0,0
75,12,7,5,12,Y6071681,,,,0,30.0,0,0
75,12,7,5,13,Y6071682,,,,0,30.0,0,0
75,12,7,5,14,Y6071683,,,,0,30.0,0,0
75,12,7,5,15,Y6071684,,,,0,30.0,0,0
75,12,7,5,16,Y6071685,,,,0,30.0,0,0
75,12,7,5,17,Y6071686,,,,0,30.0,0,0
75,12,7,5,18,Y6071687,,,,0,30.0,0,0
75,12,7,5,19,Y6071688,,,,0,30.0,0,0
75,12,7,5,20,Y6071689,,,,0,30.0,0,0
75,12,7,5,21,Y6071690,,,,0,30.0,0,0
75,12,7,5,22,Y6071691,,,,0,30.0,0,0
75,12,7,5,23,Y6071692,,,,0,30.0,0,0
75,12,7,5,24,Y6071693,,,,0,30.0,0,0
75,12,7,5,25,Y6071694,,,,0,30.0,0,0
75,12,7,5,26,Y6071695,,,,0,30.0,0,0
75,12,7,5,27,Y6071696,,,,0,30.0,0,0
75,12,7,5,28,Y6071697,,,,0,30.0,0,0
75,12,7,5,29,Y6071698,,,,0,30.0,0,0
75,12,7,5,30,Y6071699,,,,0,30.0,0,0
75,12,7,6,10,Y6071700,,,,0,30.0,0,0
75,12,7,6,11,Y6071701,,,,0,30.0,0,0
75,12,7,6,12,Y6071702,,,,0,30.0,0,0
75,12,7,6,13,Y6071703,,,,0,30.0,0,0
75,12,7,6,14,Y6071704,,,,0,30.0,0,0
75,12,7,6,15,Y6071705,,,,0,30.0,0,0
75,12,7,6,16,Y6071706,,,,0,30.0,0,0
75,12,7,6,17,Y6071707,,,,0,30.0,0,0
75,12,7,6,18,Y6071708,,,,0,30.0,0,0
75,12,7,6,19,Y6071709,,,,0,30.0,0,0
75,12,7,6,20,Y6071710,,,,0,30.0,0,0
75,12,7,6,21,Y6071711,,,,0,30.0,0,0
75,12,7,6,22,Y6071712,,,,0,30.0,0,0
75,12,7,6,23,Y6071713,,,,0,30.0,0,0
75,12,7,6,24,Y6071714,,,,0,30.0,0,0
75,12,7,6,25,Y6071715,,,,0,30.0,0,0
75,12,7,6,26,Y6071716,,,,0,30.0,0,0
75,12,7,6,27,Y6071717,,,,0,30.0,0,0
75,12,7,6,28,Y6071718,,,,0,30.0,0,0
75,12,7,6,29,Y6071719,,,,0,30.0,0,0
75,12,7,6,30,Y6071720,,,,0,30.0,0,0
75,12,7,7,10,Y6071721,,,,0,30.0,0,0
75,12,7,7,11,Y6071722,,,,0,30.0,0,0
75,12,7,7,12,Y6071723,,,,0,30.0,0,0
75,12,7,7,13,Y6071724,,,,0,30.0,0,0
75,12,7,7,14,Y6071725,,,,0,30.0,0,0
75,12,7,7,15,Y6071726,,,,0,30.0,0,0
75,12,7,7,16,Y6071727,,,,0,30.0,0,0
75,12,7,7,17,Y6071728,,,,0,30.0,0,0
75,12,7,7,18,Y6071729,,,,0,30.0,0,0
75,12,7,7,19,Y6071730,,,,0,30.0,0,0
75,12,7,7,20,Y6071731,,,,0,30.0,0,0
75,12,7,7,21,Y6071732,,,,0,30.0,0,0
75,12,7,7,22,Y6071733,,,,0,30.0,0,0
75,12,7,7,23,Y6071734,,,,0,30.0,0,0
75,12,7,7,24,Y6071735,,,,0,30.0,0,0
75,12,7,7,25,Y6071736,,,,0,30.0,0,0
75,12,7,7,26,Y6071737,,,,0,30.0,0,0
75,12,7,7,27,Y6071738,,,,0,30.0,0,0
75,12,7,7,28,Y6071739,,,,0,30.0,0,0
75,12,7,7,29,Y6071740,,,,0,30.0,0,0
75,12,7,7,30,Y6071741,,,,0,30.0,0,0
75,12,7,8,10,Y6071742,,,,0,30.0,0,0
75,12,7,8,11,Y6071743,,,,0,30.0,0,0
75,12,7,8,12,Y6071744,,,,0,30.0,0,0
75,12,7,8,13,Y6071745,,,,0,30.0,0,0
75,12,7,8,14,Y6071746,,,,0,30.0,0,0
75,12,7,8,15,Y6071747,,,,0,30.0,0,0
75,12,7,8,16,Y6071748,,,,0,30.0,0,0
75,12,7,8,17,Y6071749,,,,0,30.0,0,0
75,12,7,8,18,Y6071750,,,,0,30.0,0,0
75,12,7,8,19,Y6071751,,,,0,30.0,0,0
75,12,7,8,20,Y6071752,,,,0,30.0,0,0
75,12,7,8,21,Y6071753,,,,0,30.0,0,0
75,12,7,8,22,Y6071754,,,,0,30.0,0,0
75,12,7,8,23,Y6071755,,,,0,30.0,0,0
75,12,7,8,24,Y6071756,,,,0,30.0,0,0
75,12,7,8,25,Y6071757,,,,0,30.0,0,0
75,12,7,8,26,Y6071758,,,,0,30.0,0,0
75,12,7,8,27,Y6071759,,,,0,30.0,0,0
75,12,7,8,28,Y6071760,,,,0,30.0,0,0
75,12,7,8,29,Y6071761,,,,0,30.0,0,0
75,12,7,8,30,Y6071762,,,,0,30.0,0,0
75,12,7,9,10,Y6071763,,,,0,30.0,0,0
75,12,7,9,11,Y6071764,,,,0,30.0,0,0
75,12,7,9,12,Y6071765,,,,0,30.0,0,0
75,12,7,9,13,Y6071766,,,,0,30.0,0,0
75,12,7,9,14,Y6071767,,,,0,30.0,0,0
75,12,7,9,15,Y6071768,,,,0,30.0,0,0
75,12,7,9,16,Y6071769,,,,0,30.0,0,2
75,12,7,9,17,Y6071770,,,,0,30.0,0,2
75,12,7,9,18,Y6071771,,,,0,30.0,0,2
75,12,7,9,19,Y6071772,,,,0,30.0,0,2
75,12,7,9,20,Y6071773,,,,0,30.0,0,2
75,12,7,9,21,Y6071774,,,,0,30.0,0,0
75,12,7,9,22,Y6071775,,,,0,30.0,0,0
75,12,7,9,23,Y6071776,,,,0,30.0,0,0
75,12,7,9,24,Y6071777,,,,0,30.0,0,0
75,12,7,9,25,Y6071778,,,,0,30.0,0,0
75,12,7,9,26,Y6071779,,,,0,30.0,0,0
75,12,7,9,27,Y6071780,,,,0,30.0,0,0
75,12,7,9,28,Y6071781,,,,0,30.0,0,0
75,12,7,9,29,Y6071782,,,,0,30.0,0,0
75,12,7,9,30,Y6071783,,,,0,30.0,0,0
75,12,7,10,10,Y6071784,,,,0,30.0,0,0
75,12,7,10,11,Y6071785,,,,0,30.0,0,0
75,12,7,10,12,Y6071786,,,,0,30.0,0,0
75,12,7,10,13,Y6071787,,,,0,30.0,0,0
75,12,7,10,14,Y6071788,,,,0,30.0,0,0
75,12,7,10,15,Y6071789,,,,0,30.0,0,0
75,12,7,10,16,Y6071790,,,,0,30.0,0,2
75,12,7,10,17,Y6071791,,,,0,30.0,0,1
75,12,7,10,18,Y6071792,,,,0,30.0,0,1
75,12,7,10,19,Y6071793,,,,0,30.0,0,1
75,12,7,10,20,Y6071794,,,,0,30.0,0,2
75,12,7,10,21,Y6071795,,,,0,30.0,0,0
75,12,7,10,22,Y6071796,,,,0,30.0,0,0
75,12,7,10,23,Y6071797,,,,0,30.0,0,0
75,12,7,10,24,Y6071798,,,,0,30.0,0,0
75,12,7,10,25,Y6071799,,,,0,30.0,0,0
75,12,7,10,26,Y6071800,,,,0,30.0,0,0
75,12,7,10,27,Y6071801,,,,0,30.0,0,0
75,12,7,10,28,Y6071802,,,,0,30.0,0,0
75,12,7,10,29,Y6071803,,,,0,30.0,0,0
75,12,7,10,30,Y6071804,,,,0,30.0,0,0
75,12,7,11,10,Y6071805,,,,0,30.0,0,0
75,12,7,11,11,Y6071806,,,,0,30.0,0,0
75,12,7,11,12,Y6071807,,,,0,30.0,0,0
75,12,7,11,13,Y6071808,,,,0,30.0,0,0
75,12,7,11,14,Y6071809,,,,0,30.0,0,0
75,12,7,11,15,Y6071810,,,,0,30.0,0,0
75,12,7,11,16,Y6071811,,,,0,30.0,0,2
75,12,7,11,17,Y6071812,,,,0,30.0,0,1
75,12,7,11,18,Y6071813,,,,0,30.0,0,1
75,12,7,11,19,Y6071814,,,,0,30.0,0,1
75,12,7,11,20,Y6071815,,,,0,30.0,0,2
75,12,7,11,21,Y6071816,,,,0,30.0,0,0
75,12,7,11,22,Y6071817,,,,0,30.0,0,0
75,12,7,11,23,Y6071818,,,,0,30.0,0,0
75,12,7,11,24,Y6071819,,,,0,30.0,0,0
75,12,7,11,25,Y6071820,,,,0,30.0,0,0
75,12,7,11,26,Y6071821,,,,0,30.0,0,0
75,12,7,11,27,Y6071822,,,,0,30.0,0,0
75,12,7,11,28,Y6071823,,,,0,30.0,0,0
75,12,7,11,29,Y6071824,,,,0,30.0,0,0
75,12,7,11,30,Y6071825,,,,0,30.0,0,0
75,12,7,12,10,Y6071826,,,,0,30.0,0,0
75,12,7,12,11,Y6071827,,,,0,30.0,0,0
75,12,7,12,12,Y6071828,,,,0,30.0,0,0
75,12,7,12,13,Y6071829,,,,0,30.0,0,0
75,12,7,12,14,Y6071830,,,,0,30.0,0,0
75,12,7,12,15,Y6071831,,,,0,30.0,0,0
75,12,7,12,16,Y6071832,,,,0,30.0,0,2
75,12,7,12,17,Y6071833,,,,0,30.0,0,1
75,12,7,12,18,Y6071834,,,,0,30.0,0,1
75,12,7,12,19,Y6071835,,,,0,30.0,0,1
75,12,7,12,20,Y6071836,,,,0,30.0,0,2
75,12,7,12,21,Y6071837,,,,0,30.0,0,0
75,12,7,12,22,Y6071838,,,,0,30.0,0,0
75,12,7,12,23,Y6071839,,,,0,30.0,0,0
75,12,7,12,24,Y6071840,,,,0,30.0,0,0
75,12,7,12,25,Y6071841,,,,0,30.0,0,0
75,12,7,12,26,Y6071842,,,,0,30.0,0,0
75,12,7,12,27,Y6071843,,,,0,30.0,0,0
75,12,7,12,28,Y6071844,,,,0,30.0,0,0
75,12,7,12,29,Y6071845,,,,0,30.0,0,0
75,12,7,12,30,Y6071846,,,,0,30.0,0,0
75,12,8,1,10,Y6071847,,,,0,30.0,0,0
75,12,8,1,11,Y6071848,,,,0,30.0,0,0
75,12,8,1,12,Y6071849,,,,0,30.0,0,0
75,12,8,1,13,Y6071850,,,,0,30.0,0,0
75,12,8,1,14,Y6071851,,,,0,30.0,0,0
75,12,8,1,15,Y6071852,,,,0,30.0,0,0
75,12,8,1,16,Y6071853,,,,0,30.0,0,0
75,12,8,1,17,Y6071854,,,,0,30.0,0,0
75,12,8,1,18,Y6071855,,,,0,30.0,0,0
75,12,8,1,19,Y6071856,,,,0,30.0,0,0
75,12,8,1,20,Y6071857,,,,0,30.0,0,0
75,12,8,1,21,Y6071858,,,,0,30.0,0,0
75,12,8,1,22,Y6071859,,,,0,30.0,0,0
75,12,8,1,23,Y6071860,,,,0,30.0,0,0
75,12,8,1,24,Y6071861,,,,0,30.0,0,0
75,12,8,1,25,Y6071862,,,,0,30.0,0,0
75,12,8,1,26,Y6071863,,,,0,30.0,0,0
75,12,8,1,27,Y6071864,,,,0,30.0,0,0
75,12,8,1,28,Y6071865,,,,0,30.0,0,0
75,12,8,1,29,Y6071866,,,,0,30.0,0,0
75,12,8,1,30,Y6071867,,,,0,30.0,0,0
75,12,8,2,10,Y6071868,,,,0,30.0,0,0
75,12,8,2,11,Y6071869,,,,0,30.0,0,0
75,12,8,2,12,Y6071870,,,,0,30.0,0,0
75,12,8,2,13,Y6071871,,,,0,30.0,0,0
75,12,8,2,14,Y6071872,,,,0,30.0,0,0
75,12,8,2,15,Y6071873,,,,0,30.0,0,0
75,12,8,2,16,Y6071874,,,,0,30.0,0,0
75,12,8,2,17,Y6071875,,,,0,30.0,0,0
75,12,8,2,18,Y6071876,,,,0,30.0,0,0
75,12,8,2,19,Y6071877,,,,0,30.0,0,0
75,12,8,2,20,Y6071878,,,,0,30.0,0,0
75,12,8,2,21,Y6071879,,,,0,30.0,0,0
75,12,8,2,22,Y6071880,,,,0,30.0,0,0
75,12,8,2,23,Y6071881,,,,0,30.0,0,0
75,12,8,2,24,Y6071882,,,,0,30.0,0,0
75,12,8,2,25,Y6071883,,,,0,30.0,0,0
75,12,8,2,26,Y6071884,,,,0,30.0,0,0
75,12,8,2,27,Y6071885,,,,0,30.0,0,0
75,12,8,2,28,Y6071886,,,,0,30.0,0,0
75,12,8,2,29,Y6071887,,,,0,30.0,0,0
75,12,8,2,30,Y6071888,,,,0,30.0,0,0
75,12,8,3,10,Y6071889,,,,0,30.0,0,0
75,12,8,3,11,Y6071890,,,,0,30.0,0,0
75,12,8,3,12,Y6071891,,,,0,30.0,0,0
75,12,8,3,13,Y6071892,,,,0,30.0,0,0
75,12,8,3,14,Y6071893,,,,0,30.0,0,0
75,12,8,3,15,Y6071894,,,,0,30.0,0,0
75,12,8,3,16,Y6071895,,,,0,30.0,0,0
75,12,8,3,17,Y6071896,,,,0,30.0,0,0
75,12,8,3,18,Y6071897,,,,0,30.0,0,0
75,12,8,3,19,Y6071898,,,,0,30.0,0,0
75,12,8,3,20,Y6071899,,,,0,30.0,0,0
75,12,8,3,21,Y6071900,,,,0,30.0,0,0
75,12,8,3,22,Y6071901,,,,0,30.0,0,0
75,12,8,3,23,Y6071902,,,,0,30.0,0,0
75,12,8,3,24,Y6071903,,,,0,30.0,0,0
75,12,8,3,25,Y6071904,,,,0,30.0,0,0
75,12,8,3,26,Y6071905,,,,0,30.0,0,0
75,12,8,3,27,Y6071906,,,,0,30.0,0,0
75,12,8,3,28,Y6071907,,,,0,30.0,0,0
75,12,8,3,29,Y6071908,,,,0,30.0,0,0
75,12,8,3,30,Y6071909,,,,0,30.0,0,0
75,12,8,4,10,Y6071910,,,,0,30.0,0,0
75,12,8,4,11,Y6071911,,,,0,30.0,0,0
75,12,8,4,12,Y6071912,,,,0,30.0,0,0
75,12,8,4,13,Y6071913,,,,0,30.0,0,0
75,12,8,4,14,Y6071914,,,,0,30.0,0,0
75,12,8,4,15,Y6071915,,,,0,30.0,0,0
75,12,8,4,16,Y6071916,,,,0,30.0,0,0
75,12,8,4,17,Y6071917,,,,0,30.0,0,0
75,12,8,4,18,Y6071918,,,,0,30.0,0,0
75,12,8,4,19,Y6071919,,,,0,30.0,0,0
75,12,8,4,20,Y6071920,,,,0,30.0,0,0
75,12,8,4,21,Y6071921,,,,0,30.0,0,0
75,12,8,4,22,Y6071922,,,,0,30.0,0,0
75,12,8,4,23,Y6071923,,,,0,30.0,0,0
75,12,8,4,24,Y6071924,,,,0,30.0,0,0
75,12,8,4,25,Y6071925,,,,0,30.0,0,0
75,12,8,4,26,Y6071926,,,,0,30.0,0,0
75,12,8,4,27,Y6071927,,,,0,30.0,0,0
75,12,8,4,28,Y6071928,,,,0,30.0,0,0
75,12,8,4,29,Y6071929,,,,0,30.0,0,0
75,12,8,4,30,Y6071930,,,,0,30.0,0,0
75,12,8,5,10,Y6071931,,,,0,30.0,0,0
75,12,8,5,11,Y6071932,,,,0,30.0,0,0
75,12,8,5,12,Y6071933,,,,0,30.0,0,0
75,12,8,5,13,Y6071934,,,,0,30.0,0,0
75,12,8,5,14,Y6071935,,,,0,30.0,0,0
75,12,8,5,15,Y6071936,,,,0,30.0,0,0
75,12,8,5,16,Y6071937,,,,0,30.0,0,0
75,12,8,5,17,Y6071938,,,,0,30.0,0,0
75,12,8,5,18,Y6071939,,,,0,30.0,0,0
75,12,8,5,19,Y6071940,,,,0,30.0,0,0
75,12,8,5,20,Y6071941,,,,0,30.0,0,0
75,12,8,5,21,Y6071942,,,,0,30.0,0,0
75,12,8,5,22,Y6071943,,,,0,30.0,0,0
75,12,8,5,23,Y6071944,,,,0,30.0,0,0
75,12,8,5,24,Y6071945,,,,0,30.0,0,0
75,12,8,5,25,Y6071946,,,,0,30.0,0,0
75,12,8,5,26,Y6071947,,,,0,30.0,0,0
75,12,8,5,27,Y6071948,,,,0,30.0,0,0
75,12,8,5,28,Y6071949,,,,0,30.0,0,0
75,12,8,5,29,Y6071950,,,,0,30.0,0,0
75,12,8,5,30,Y6071951,,,,0,30.0,0,0
75,12,8,6,10,Y6071952,,,,0,30.0,0,0
75,12,8,6,11,Y6071953,,,,0,30.0,0,0
75,12,8,6,12,Y6071954,,,,0,30.0,0,0
75,12,8,6,13,Y6071955,,,,0,30.0,0,0
75,12,8,6,14,Y6071956,,,,0,30.0,0,0
75,12,8,6,15,Y6071957,,,,0,30.0,0,0
75,12,8,6,16,Y6071958,,,,0,30.0,0,0
75,12,8,6,17,Y6071959,,,,0,30.0,0,0
75,12,8,6,18,Y6071960,,,,0,30.0,0,0
75,12,8,6,19,Y6071961,,,,0,30.0,0,0
75,12,8,6,20,Y6071962,,,,0,30.0,0,0
75,12,8,6,21,Y6071963,,,,0,30.0,0,0
75,12,8,6,22,Y6071964,,,,0,30.0,0,0
75,12,8,6,23,Y6071965,,,,0,30.0,0,0
75,12,8,6,24,Y6071966,,,,0,30.0,0,0
75,12,8,6,25,Y6071967,,,,0,30.0,0,0
75,12,8,6,26,Y6071968,,,,0,30.0,0,0
75,12,8,6,27,Y6071969,,,,0,30.0,0,0
75,12,8,6,28,Y6071970,,,,0,30.0,0,0
75,12,8,6,29,Y6071971,,,,0,30.0,0,0
75,12,8,6,30,Y6071972,,,,0,30.0,0,0
75,12,8,7,10,Y6071973,,,,0,30.0,0,0
75,12,8,7,11,Y6071974,,,,0,30.0,0,0
75,12,8,7,12,Y6071975,,,,0,30.0,0,0
75,12,8,7,13,Y6071976,,,,0,30.0,0,0
75,12,8,7,14,Y6071977,,,,0,30.0,0,0
75,12,8,7,15,Y6071978,,,,0,30.0,0,0
75,12,8,7,16,Y6071979,,,,0,30.0,0,0
75,12,8,7,17,Y6071980,,,,0,30.0,0,0
75,12,8,7,18,Y6071981,,,,0,30.0,0,0
75,12,8,7,19,Y6071982,,,,0,30.0,0,0
75,12,8,7,20,Y6071983,,,,0,30.0,0,0
75,12,8,7,21,Y6071984,,,,0,30.0,0,0
75,12,8,7,22,Y6071985,,,,0,30.0,0,0
75,12,8,7,23,Y6071986,,,,0,30.0,0,0
75,12,8,7,24,Y6071987,,,,0,30.0,0,0
75,12,8,7,25,Y6071988,,,,0,30.0,0,0
75,12,8,7,26,Y6071989,,,,0,30.0,0,0
75,12,8,7,27,Y6071990,,,,0,30.0,0,0
75,12,8,7,28,Y6071991,,,,0,30.0,0,0
75,12,8,7,29,Y6071992,,,,0,30.0,0,0
75,12,8,7,30,Y6071993,,,,0,30.0,0,0
75,12,8,8,10,Y6071994,,,,0,30.0,0,0
75,12,8,8,11,Y6071995,,,,0,30.0,0,0
75,12,8,8,12,Y6071996,,,,0,30.0,0,0
75,12,8,8,13,Y6071997,,,,0,30.0,0,0
75,12,8,8,14,Y6071998,,,,0,30.0,0,0
75,12,8,8,15,Y6071999,,,,0,30.0,0,0
75,12,8,8,16,Y6072000,,,,0,30.0,0,0
75,12,8,8,17,Y6072001,,,,0,30.0,0,0
75,12,8,8,18,Y6072002,,,,0,30.0,0,0
75,12,8,8,19,Y6072003,,,,0,30.0,0,0
75,12,8,8,20,Y6072004,,,,0,30.0,0,0
75,12,8,8,21,Y6072005,,,,0,30.0,0,0
75,12,8,8,22,Y6072006,,,,0,30.0,0,0
75,12,8,8,23,Y6072007,,,,0,30.0,0,0
75,12,8,8,24,Y6072008,,,,0,30.0,0,0
75,12,8,8,25,Y6072009,,,,0,30.0,0,0
75,12,8,8,26,Y6072010,,,,0,30.0,0,0
75,12,8,8,27,Y6072011,,,,0,30.0,0,0
75,12,8,8,28,Y6072012,,,,0,30.0,0,0
75,12,8,8,29,Y6072013,,,,0,30.0,0,0
75,12,8,8,30,Y6072014,,,,0,30.0,0,0
75,12,8,9,10,Y6072015,,,,0,30.0,0,0
75,12,8,9,11,Y6072016,,,,0,30.0,0,0
75,12,8,9,12,Y6072017,,,,0,30.0,0,0
75,12,8,9,13,Y6072018,,,,0,30.0,0,0
75,12,8,9,14,Y6072019,,,,0,30.0,0,0
75,12,8,9,15,Y6072020,,,,0,30.0,0,0
75,12,8,9,16,Y6072021,,,,0,30.0,0,0
75,12,8,9,17,Y6072022,,,,0,30.0,0,2
75,12,8,9,18,Y6072023,,,,0,30.0,0,2
75,12,8,9,19,Y6072024,,,,0,30.0,0,2
75,12,8,9,20,Y6072025,,,,0,30.0,0,0
75,12,8,9,21,Y6072026,,,,0,30.0,0,0
75,12,8,9,22,Y6072027,,,,0,30.0,0,0
75,12,8,9,23,Y6072028,,,,0,30.0,0,0
75,12,8,9,24,Y6072029,,,,0,30.0,0,0
75,12,8,9,25,Y6072030,,,,0,30.0,0,0
75,12,8,9,26,Y6072031,,,,0,30.0,0,0
75,12,8,9,27,Y6072032,,,,0,30.0,0,0
75,12,8,9,28,Y6072033,,,,0,30.0,0,0
75,12,8,9,29,Y6072034,,,,0,30.0,0,0
75,12,8,9,30,Y6072035,,,,0,30.0,0,0
75,12,8,10,10,Y6072036,,,,0,30.0,0,0
75,12,8,10,11,Y6072037,,,,0,30.0,0,0
75,12,8,10,12,Y6072038,,,,0,30.0,0,0
75,12,8,10,13,Y6072039,,,,0,30.0,0,0
75,12,8,10,14,Y6072040,,,,0,30.0,0,0
75,12,8,10,15,Y6072041,,,,0,30.0,0,0
75,12,8,10,16,Y6072042,,,,0,30.0,0,2
75,12,8,10,17,Y6072043,,,,0,30.0,0,2
75,12,8,10,18,Y6072044,,,,0,30.0,0,2
75,12,8,10,19,Y6072045,,,,0,30.0,0,2
75,12,8,10,20,Y6072046,,,,0,30.0,0,2
75,12,8,10,21,Y6072047,,,,0,30.0,0,0
75,12,8,10,22,Y6072048,,,,0,30.0,0,0
75,12,8,10,23,Y6072049,,,,0,30.0,0,0
75,12,8,10,24,Y6072050,,,,0,30.0,0,0
75,12,8,10,25,Y6072051,,,,0,30.0,0,0
75,12,8,10,26,Y6072052,,,,0,30.0,0,0
75,12,8,10,27,Y6072053,,,,0,30.0,0,0
75,12,8,10,28,Y6072054,,,,0,30.0,0,0
75,12,8,10,29,Y6072055,,,,0,30.0,0,0
75,12,8,10,30,Y6072056,,,,0,30.0,0,0
75,12,8,11,10,Y6072057,,,,0,30.0,0,0
75,12,8,11,11,Y6072058,,,,0,30.0,0,0
75,12,8,11,12,Y6072059,,,,0,30.0,0,0
75,12,8,11,13,Y6072060,,,,0,30.0,0,0
75,12,8,11,14,Y6072061,,,,0,30.0,0,0
75,12,8,11,15,Y6072062,,,,0,30.0,0,0
75,12,8,11,16,Y6072063,,,,0,30.0,0,2
75,12,8,11,17,Y6072064,,,,0,30.0,0,2
75,12,8,11,18,Y6072065,,,,0,30.0,0,2
75,12,8,11,19,Y6072066,,,,0,30.0,0,2
75,12,8,11,20,Y6072067,,,,0,30.0,0,2
75,12,8,11,21,Y6072068,,,,0,30.0,0,0
75,12,8,11,22,Y6072069,,,,0,30.0,0,0
75,12,8,11,23,Y6072070,,,,0,30.0,0,0
75,12,8,11,24,Y6072071,,,,0,30.0,0,0
75,12,8,11,25,Y6072072,,,,0,30.0,0,0
75,12,8,11,26,Y6072073,,,,0,30.0,0,0
75,12,8,11,27,Y6072074,,,,0,30.0,0,0
75,12,8,11,28,Y6072075,,,,0,30.0,0,0
75,12,8,11,29,Y6072076,,,,0,30.0,0,0
75,12,8,11,30,Y6072077,,,,0,30.0,0,0
75,12,8,12,10,Y6072078,,,,0,30.0,0,0
75,12,8,12,11,Y6072079,,,,0,30.0,0,0
75,12,8,12,12,Y6072080,,,,0,30.0,0,0
75,12,8,12,13,Y6072081,,,,0,30.0,0,0
75,12,8,12,14,Y6072082,,,,0,30.0,0,0
75,12,8,12,15,Y6072083,,,,0,30.0,0,0
75,12,8,12,16,Y6072084,,,,0,30.0,0,2
75,12,8,12,17,Y6072085,,,,0,30.0,0,2
75,12,8,12,18,Y6072086,,,,0,30.0,0,2
75,12,8,12,19,Y6072087,,,,0,30.0,0,2
75,12,8,12,20,Y6072088,,,,0,30.0,0,2
75,12,8,12,21,Y6072089,,,,0,30.0,0,0
75,12,8,12,22,Y6072090,,,,0,30.0,0,0
75,12,8,12,23,Y6072091,,,,0,30.0,0,0
75,12,8,12,24,Y6072092,,,,0,30.0,0,0
75,12,8,12,25,Y6072093,,,,0,30.0,0,0
75,12,8,12,26,Y6072094,,,,0,30.0,0,0
75,12,8,12,27,Y6072095,,,,0,30.0,0,0
75,12,8,12,28,Y6072096,,,,0,30.0,0,0
75,12,8,12,29,Y6072097,,,,0,30.0,0,0
75,12,8,12,30,Y6072098,,,,0,30.0,0,0
75,12,9,1,10,Y6072099,,,,0,30.0,0,0
75,12,9,1,11,Y6072100,,,,0,30.0,0,0
75,12,9,1,12,Y6072101,,,,0,30.0,0,0
75,12,9,1,13,Y6072102,,,,0,30.0,0,0
75,12,9,1,14,Y6072103,,,,0,30.0,0,0
75,12,9,1,15,Y6072104,,,,0,30.0,0,0
75,12,9,1,16,Y6072105,,,,0,30.0,0,0
75,12,9,1,17,Y6072106,,,,0,30.0,0,0
75,12,9,1,18,Y6072107,,,,0,30.0,0,0
75,12,9,1,19,Y6072108,,,,0,30.0,0,0
75,12,9,1,20,Y6072109,,,,0,30.0,0,0
75,12,9,1,21,Y6072110,,,,0,30.0,0,0
75,12,9,1,22,Y6072111,,,,0,30.0,0,0
75,12,9,1,23,Y6072112,,,,0,30.0,0,0
75,12,9,1,24,Y6072113,,,,0,30.0,0,0
75,12,9,1,25,Y6072114,,,,0,30.0,0,0
75,12,9,1,26,Y6072115,,,,0,30.0,0,0
75,12,9,1,27,Y6072116,,,,0,30.0,0,0
75,12,9,1,28,Y6072117,,,,0,30.0,0,0
75,12,9,1,29,Y6072118,,,,0,30.0,0,0
75,12,9,1,30,Y6072119,,,,0,30.0,0,0
75,12,9,2,10,Y6072120,,,,0,30.0,0,0
75,12,9,2,11,Y6072121,,,,0,30.0,0,0
75,12,9,2,12,Y6072122,,,,0,30.0,0,0
75,12,9,2,13,Y6072123,,,,0,30.0,0,0
75,12,9,2,14,Y6072124,,,,0,30.0,0,0
75,12,9,2,15,Y6072125,,,,0,30.0,0,0
75,12,9,2,16,Y6072126,,,,0,30.0,0,0
75,12,9,2,17,Y6072127,,,,0,30.0,0,0
75,12,9,2,18,Y6072128,,,,0,30.0,0,0
75,12,9,2,19,Y6072129,,,,0,30.0,0,0
75,12,9,2,20,Y6072130,,,,0,30.0,0,0
75,12,9,2,21,Y6072131,,,,0,30.0,0,0
75,12,9,2,22,Y6072132,,,,0,30.0,0,0
75,12,9,2,23,Y6072133,,,,0,30.0,0,0
75,12,9,2,24,Y6072134,,,,0,30.0,0,0
75,12,9,2,25,Y6072135,,,,0,30.0,0,0
75,12,9,2,26,Y6072136,,,,0,30.0,0,0
75,12,9,2,27,Y6072137,,,,0,30.0,0,0
75,12,9,2,28,Y6072138,,,,0,30.0,0,0
75,12,9,2,29,Y6072139,,,,0,30.0,0,0
75,12,9,2,30,Y6072140,,,,0,30.0,0,0
75,12,9,3,10,Y6072141,,,,0,30.0,0,0
75,12,9,3,11,Y6072142,,,,0,30.0,0,0
75,12,9,3,12,Y6072143,,,,0,30.0,0,0
75,12,9,3,13,Y6072144,,,,0,30.0,0,0
75,12,9,3,14,Y6072145,,,,0,30.0,0,0
75,12,9,3,15,Y6072146,,,,0,30.0,0,0
75,12,9,3,16,Y6072147,,,,0,30.0,0,0
75,12,9,3,17,Y6072148,,,,0,30.0,0,0
75,12,9,3,18,Y6072149,,,,0,30.0,0,0
75,12,9,3,19,Y6072150,,,,0,30.0,0,0
75,12,9,3,20,Y6072151,,,,0,30.0,0,0
75,12,9,3,21,Y6072152,,,,0,30.0,0,0
75,12,9,3,22,Y6072153,,,,0,30.0,0,0
75,12,9,3,23,Y6072154,,,,0,30.0,0,0
75,12,9,3,24,Y6072155,,,,0,30.0,0,0
75,12,9,3,25,Y6072156,,,,0,30.0,0,0
75,12,9,3,26,Y6072157,,,,0,30.0,0,0
75,12,9,3,27,Y6072158,,,,0,30.0,0,0
75,12,9,3,28,Y6072159,,,,0,30.0,0,0
75,12,9,3,29,Y6072160,,,,0,30.0,0,0
75,12,9,3,30,Y6072161,,,,0,30.0,0,0
75,12,9,4,10,Y6072162,,,,0,30.0,0,0
75,12,9,4,11,Y6072163,,,,0,30.0,0,0
75,12,9,4,12,Y6072164,,,,0,30.0,0,0
75,12,9,4,13,Y6072165,,,,0,30.0,0,0
75,12,9,4,14,Y6072166,,,,0,30.0,0,0
75,12,9,4,15,Y6072167,,,,0,30.0,0,0
75,12,9,4,16,Y6072168,,,,0,30.0,0,0
75,12,9,4,17,Y6072169,,,,0,30.0,0,0
75,12,9,4,18,Y6072170,,,,0,30.0,0,0
75,12,9,4,19,Y6072171,,,,0,30.0,0,0
75,12,9,4,20,Y6072172,,,,0,30.0,0,0
75,12,9,4,21,Y6072173,,,,0,30.0,0,0
75,12,9,4,22,Y6072174,,,,0,30.0,0,0
75,12,9,4,23,Y6072175,,,,0,30.0,0,0
75,12,9,4,24,Y6072176,,,,0,30.0,0,0
75,12,9,4,25,Y6072177,,,,0,30.0,0,0
75,12,9,4,26,Y6072178,,,,0,30.0,0,0
75,12,9,4,27,Y6072179,,,,0,30.0,0,0
75,12,9,4,28,Y6072180,,,,0,30.0,0,0
75,12,9,4,29,Y6072181,,,,0,30.0,0,0
75,12,9,4,30,Y6072182,,,,0,30.0,0,0
75,12,9,5,10,Y6072183,,,,0,30.0,0,0
75,12,9,5,11,Y6072184,,,,0,30.0,0,0
75,12,9,5,12,Y6072185,,,,0,30.0,0,0
75,12,9,5,13,Y6072186,,,,0,30.0,0,0
75,12,9,5,14,Y6072187,,,,0,30.0,0,0
75,12,9,5,15,Y6072188,,,,0,30.0,0,0
75,12,9,5,16,Y6072189,,,,0,30.0,0,0
75,12,9,5,17,Y6072190,,,,0,30.0,0,0
75,12,9,5,18,Y6072191,,,,0,30.0,0,0
75,12,9,5,19,Y6072192,,,,0,30.0,0,0
75,12,9,5,20,Y6072193,,,,0,30.0,0,0
75,12,9,5,21,Y6072194,,,,0,30.0,0,0
75,12,9,5,22,Y6072195,,,,0,30.0,0,0
75,12,9,5,23,Y6072196,,,,0,30.0,0,0
75,12,9,5,24,Y6072197,,,,0,30.0,0,0
75,12,9,5,25,Y6072198,,,,0,30.0,0,0
75,12,9,5,26,Y6072199,,,,0,30.0,0,0
75,12,9,5,27,Y6072200,,,,0,30.0,0,0
75,12,9,5,28,Y6072201,,,,0,30.0,0,0
75,12,9,5,29,Y6072202,,,,0,30.0,0,0
75,12,9,5,30,Y6072203,,,,0,30.0,0,0
75,12,9,6,10,Y6072204,,,,0,30.0,0,0
75,12,9,6,11,Y6072205,,,,0,30.0,0,0
75,12,9,6,12,Y6072206,,,,0,30.0,0,0
75,12,9,6,13,Y6072207,,,,0,30.0,0,0
75,12,9,6,14,Y6072208,,,,0,30.0,0,0
75,12,9,6,15,Y6072209,,,,0,30.0,0,0
75,12,9,6,16,Y6072210,,,,0,30.0,0,0
75,12,9,6,17,Y6072211,,,,0,30.0,0,0
75,12,9,6,18,Y6072212,,,,0,30.0,0,0
75,12,9,6,19,Y6072213,,,,0,30.0,0,0
75,12,9,6,20,Y6072214,,,,0,30.0,0,0
75,12,9,6,21,Y6072215,,,,0,30.0,0,0
75,12,9,6,22,Y6072216,,,,0,30.0,0,0
75,12,9,6,23,Y6072217,,,,0,30.0,0,0
75,12,9,6,24,Y6072218,,,,0,30.0,0,0
75,12,9,6,25,Y6072219,,,,0,30.0,0,0
75,12,9,6,26,Y6072220,,,,0,30.0,0,0
75,12,9,6,27,Y6072221,,,,0,30.0,0,0
75,12,9,6,28,Y6072222,,,,0,30.0,0,0
75,12,9,6,29,Y6072223,,,,0,30.0,0,0
75,12,9,6,30,Y6072224,,,,0,30.0,0,0
75,12,9,7,10,Y6072225,,,,0,30.0,0,0
75,12,9,7,11,Y6072226,,,,0,30.0,0,0
75,12,9,7,12,Y6072227,,,,0,30.0,0,0
75,12,9,7,13,Y6072228,,,,0,30.0,0,0
75,12,9,7,14,Y6072229,,,,0,30.0,0,0
75,12,9,7,15,Y6072230,,,,0,30.0,0,0
75,12,9,7,16,Y6072231,,,,0,30.0,0,0
75,12,9,7,17,Y6072232,,,,0,30.0,0,0
75,12,9,7,18,Y6072233,,,,0,30.0,0,0
75,12,9,7,19,Y6072234,,,,0,30.0,0,0
75,12,9,7,20,Y6072235,,,,0,30.0,0,0
75,12,9,7,21,Y6072236,,,,0,30.0,0,0
75,12,9,7,22,Y6072237,,,,0,30.0,0,0
75,12,9,7,23,Y6072238,,,,0,30.0,0,0
75,12,9,7,24,Y6072239,,,,0,30.0,0,0
75,12,9,7,25,Y6072240,,,,0,30.0,0,0
75,12,9,7,26,Y6072241,,,,0,30.0,0,0
75,12,9,7,27,Y6072242,,,,0,30.0,0,0
75,12,9,7,28,Y6072243,,,,0,30.0,0,0
75,12,9,7,29,Y6072244,,,,0,30.0,0,0
75,12,9,7,30,Y6072245,,,,0,30.0,0,0
75,12,9,8,10,Y6072246,,,,0,30.0,0,0
75,12,9,8,11,Y6072247,,,,0,30.0,0,0
75,12,9,8,12,Y6072248,,,,0,30.0,0,0
75,12,9,8,13,Y6072249,,,,0,30.0,0,0
75,12,9,8,14,Y6072250,,,,0,30.0,0,0
75,12,9,8,15,Y6072251,,,,0,30.0,0,0
75,12,9,8,16,Y6072252,,,,0,30.0,0,0
75,12,9,8,17,Y6072253,,,,0,30.0,0,0
75,12,9,8,18,Y6072254,,,,0,30.0,0,0
75,12,9,8,19,Y6072255,,,,0,30.0,0,0
75,12,9,8,20,Y6072256,,,,0,30.0,0,0
75,12,9,8,21,Y6072257,,,,0,30.0,0,0
75,12,9,8,22,Y6072258,,,,0,30.0,0,0
75,12,9,8,23,Y6072259,,,,0,30.0,0,0
75,12,9,8,24,Y6072260,,,,0,30.0,0,0
75,12,9,8,25,Y6072261,,,,0,30.0,0,0
75,12,9,8,26,Y6072262,,,,0,30.0,0,0
75,12,9,8,27,Y6072263,,,,0,30.0,0,0
75,12,9,8,28,Y6072264,,,,0,30.0,0,0
75,12,9,8,29,Y6072265,,,,0,30.0,0,0
75,12,9,8,30,Y6072266,,,,0,30.0,0,0
75,12,9,9,10,Y6072267,,,,0,30.0,0,0
75,12,9,9,11,Y6072268,,,,0,30.0,0,0
75,12,9,9,12,Y6072269,,,,0,30.0,0,0
75,12,9,9,13,Y6072270,,,,0,30.0,0,0
75,12,9,9,14,Y6072271,,,,0,30.0,0,0
75,12,9,9,15,Y6072272,,,,0,30.0,0,0
75,12,9,9,16,Y6072273,,,,0,30.0,0,0
75,12,9,9,17,Y6072274,,,,0,30.0,0,0
75,12,9,9,18,Y6072275,,,,0,30.0,0,0
75,12,9,9,19,Y6072276,,,,0,30.0,0,0
75,12,9,9,20,Y6072277,,,,0,30.0,0,0
75,12,9,9,21,Y6072278,,,,0,30.0,0,0
75,12,9,9,22,Y6072279,,,,0,30.0,0,0
75,12,9,9,23,Y6072280,,,,0,30.0,0,0
75,12,9,9,24,Y6072281,,,,0,30.0,0,0
75,12,9,9,25,Y6072282,,,,0,30.0,0,0
75,12,9,9,26,Y6072283,,,,0,30.0,0,0
75,12,9,9,27,Y6072284,,,,0,30.0,0,0
75,12,9,9,28,Y6072285,,,,0,30.0,0,0
75,12,9,9,29,Y6072286,,,,0,30.0,0,0
75,12,9,9,30,Y6072287,,,,0,30.0,0,0
75,12,9,10,10,Y6072288,,,,0,30.0,0,0
75,12,9,10,11,Y6072289,,,,0,30.0,0,0
75,12,9,10,12,Y6072290,,,,0,30.0,0,0
75,12,9,10,13,Y6072291,,,,0,30.0,0,0
75,12,9,10,14,Y6072292,,,,0,30.0,0,0
75,12,9,10,15,Y6072293,,,,0,30.0,0,0
75,12,9,10,16,Y6072294,,,,0,30.0,0,0
75,12,9,10,17,Y6072295,,,,0,30.0,0,0
75,12,9,10,18,Y6072296,,,,0,30.0,0,0
75,12,9,10,19,Y6072297,,,,0,30.0,0,0
75,12,9,10,20,Y6072298,,,,0,30.0,0,0
75,12,9,10,21,Y6072299,,,,0,30.0,0,0
75,12,9,10,22,Y6072300,,,,0,30.0,0,0
75,12,9,10,23,Y6072301,,,,0,30.0,0,0
75,12,9,10,24,Y6072302,,,,0,30.0,0,0
75,12,9,10,25,Y6072303,,,,0,30.0,0,0
75,12,9,10,26,Y6072304,,,,0,30.0,0,0
75,12,9,10,27,Y6072305,,,,0,30.0,0,0
75,12,9,10,28,Y6072306,,,,0,30.0,0,0
75,12,9,10,29,Y6072307,,,,0,30.0,0,0
75,12,9,10,30,Y6072308,,,,0,30.0,0,0
75,12,9,11,10,Y6072309,,,,0,30.0,0,0
75,12,9,11,11,Y6072310,,,,0,30.0,0,0
75,12,9,11,12,Y6072311,,,,0,30.0,0,0
75,12,9,11,13,Y6072312,,,,0,30.0,0,0
75,12,9,11,14,Y6072313,,,,0,30.0,0,0
75,12,9,11,15,Y6072314,,,,0,30.0,0,0
75,12,9,11,16,Y6072315,,,,0,30.0,0,0
75,12,9,11,17,Y6072316,,,,0,30.0,0,0
75,12,9,11,18,Y6072317,,,,0,30.0,0,0
75,12,9,11,19,Y6072318,,,,0,30.0,0,0
75,12,9,11,20,Y6072319,,,,0,30.0,0,0
75,12,9,11,21,Y6072320,,,,0,30.0,0,0
75,12,9,11,22,Y6072321,,,,0,30.0,0,0
75,12,9,11,23,Y6072322,,,,0,30.0,0,0
75,12,9,11,24,Y6072323,,,,0,30.0,0,0
75,12,9,11,25,Y6072324,,,,0,30.0,0,0
75,12,9,11,26,Y6072325,,,,0,30.0,0,0
75,12,9,11,27,Y6072326,,,,0,30.0,0,0
75,12,9,11,28,Y6072327,,,,0,30.0,0,0
75,12,9,11,29,Y6072328,,,,0,30.0,0,0
75,12,9,11,30,Y6072329,,,,0,30.0,0,0
75,12,9,12,10,Y6072330,,,,0,30.0,0,0
75,12,9,12,11,Y6072331,,,,0,30.0,0,0
75,12,9,12,12,Y6072332,,,,0,30.0,0,0
75,12,9,12,13,Y6072333,,,,0,30.0,0,0
75,12,9,12,14,Y6072334,,,,0,30.0,0,0
75,12,9,12,15,Y6072335,,,,0,30.0,0,0
75,12,9,12,16,Y6072336,,,,0,30.0,0,0
75,12,9,12,17,Y6072337,,,,0,30.0,0,0
75,12,9,12,18,Y6072338,,,,0,30.0,0,0
75,12,9,12,19,Y6072339,,,,0,30.0,0,0
75,12,9,12,20,Y6072340,,,,0,30.0,0,0
75,12,9,12,21,Y6072341,,,,0,30.0,0,0
75,12,9,12,22,Y6072342,,,,0,30.0,0,0
75,12,9,12,23,Y6072343,,,,0,30.0,0,0
75,12,9,12,24,Y6072344,,,,0,30.0,0,0
75,12,9,12,25,Y6072345,,,,0,30.0,0,0
75,12,9,12,26,Y6072346,,,,0,30.0,0,0
75,12,9,12,27,Y6072347,,,,0,30.0,0,0
75,12,9,12,28,Y6072348,,,,0,30.0,0,0
75,12,9,12,29,Y6072349,,,,0,30.0,0,0
75,12,9,12,30,Y6072350,,,,0,30.0,0,0
75,12,10,1,10,Y6072351,,,,0,30.0,0,0
75,12,10,1,11,Y6072352,,,,0,30.0,0,0
75,12,10,1,12,Y6072353,,,,0,30.0,0,0
75,12,10,1,13,Y6072354,,,,0,30.0,0,0
75,12,10,1,14,Y6072355,,,,0,30.0,0,0
75,12,10,1,15,Y6072356,,,,0,30.0,0,0
75,12,10,1,16,Y6072357,,,,0,30.0,0,0
75,12,10,1,17,Y6072358,,,,0,30.0,0,0
75,12,10,1,18,Y6072359,,,,0,30.0,0,0
75,12,10,1,19,Y6072360,,,,0,30.0,0,0
75,12,10,1,20,Y6072361,,,,0,30.0,0,0
75,12,10,1,21,Y6072362,,,,0,30.0,0,0
75,12,10,1,22,Y6072363,,,,0,30.0,0,0
75,12,10,1,23,Y6072364,,,,0,30.0,0,0
75,12,10,1,24,Y6072365,,,,0,30.0,0,0
75,12,10,1,25,Y6072366,,,,0,30.0,0,0
75,12,10,1,26,Y6072367,,,,0,30.0,0,0
75,12,10,1,27,Y6072368,,,,0,30.0,0,0
75,12,10,1,28,Y6072369,,,,0,30.0,0,0
75,12,10,1,29,Y6072370,,,,0,30.0,0,0
75,12,10,1,30,Y6072371,,,,0,30.0,0,0
75,12,10,2,10,Y6072372,,,,0,30.0,0,0
75,12,10,2,11,Y6072373,,,,0,30.0,0,0
75,12,10,2,12,Y6072374,,,,0,30.0,0,0
75,12,10,2,13,Y6072375,,,,0,30.0,0,0
75,12,10,2,14,Y6072376,,,,0,30.0,0,0
75,12,10,2,15,Y6072377,,,,0,30.0,0,0
75,12,10,2,16,Y6072378,,,,0,30.0,0,0
75,12,10,2,17,Y6072379,,,,0,30.0,0,0
75,12,10,2,18,Y6072380,,,,0,30.0,0,0
75,12,10,2,19,Y6072381,,,,0,30.0,0,0
75,12,10,2,20,Y6072382,,,,0,30.0,0,0
75,12,10,2,21,Y6072383,,,,0,30.0,0,0
75,12,10,2,22,Y6072384,,,,0,30.0,0,0
75,12,10,2,23,Y6072385,,,,0,30.0,0,0
75,12,10,2,24,Y6072386,,,,0,30.0,0,0
75,12,10,2,25,Y6072387,,,,0,30.0,0,0
75,12,10,2,26,Y6072388,,,,0,30.0,0,0
75,12,10,2,27,Y6072389,,,,0,30.0,0,0
75,12,10,2,28,Y6072390,,,,0,30.0,0,0
75,12,10,2,29,Y6072391,,,,0,30.0,0,0
75,12,10,2,30,Y6072392,,,,0,30.0,0,0
75,12,10,3,10,Y6072393,,,,0,30.0,0,0
75,12,10,3,11,Y6072394,,,,0,30.0,0,0
75,12,10,3,12,Y6072395,,,,0,30.0,0,0
75,12,10,3,13,Y6072396,,,,0,30.0,0,0
75,12,10,3,14,Y6072397,,,,0,30.0,0,0
75,12,10,3,15,Y6072398,,,,0,30.0,0,0
75,12,10,3,16,Y6072399,,,,0,30.0,0,0
75,12,10,3,17,Y6072400,,,,0,30.0,0,0
75,12,10,3,18,Y6072401,,,,0,30.0,0,0
75,12,10,3,19,Y6072402,,,,0,30.0,0,0
75,12,10,3,20,Y6072403,,,,0,30.0,0,0
75,12,10,3,21,Y6072404,,,,0,30.0,0,0
75,12,10,3,22,Y6072405,,,,0,30.0,0,0
75,12,10,3,23,Y6072406,,,,0,30.0,0,0
75,12,10,3,24,Y6072407,,,,0,30.0,0,0
75,12,10,3,25,Y6072408,,,,0,30.0,0,0
75,12,10,3,26,Y6072409,,,,0,30.0,0,0
75,12,10,3,27,Y6072410,,,,0,30.0,0,0
75,12,10,3,28,Y6072411,,,,0,30.0,0,0
75,12,10,3,29,Y6072412,,,,0,30.0,0,0
75,12,10,3,30,Y6072413,,,,0,30.0,0,0
75,12,10,4,10,Y6072414,,,,0,30.0,0,0
75,12,10,4,11,Y6072415,,,,0,30.0,0,0
75,12,10,4,12,Y6072416,,,,0,30.0,0,0
75,12,10,4,13,Y6072417,,,,0,30.0,0,0
75,12,10,4,14,Y6072418,,,,0,30.0,0,0
75,12,10,4,15,Y6072419,,,,0,30.0,0,0
75,12,10,4,16,Y6072420,,,,0,30.0,0,0
75,12,10,4,17,Y6072421,,,,0,30.0,0,0
75,12,10,4,18,Y6072422,,,,0,30.0,0,0
75,12,10,4,19,Y6072423,,,,0,30.0,0,0
75,12,10,4,20,Y6072424,,,,0,30.0,0,0
75,12,10,4,21,Y6072425,,,,0,30.0,0,0
75,12,10,4,22,Y6072426,,,,0,30.0,0,0
75,12,10,4,23,Y6072427,,,,0,30.0,0,0
75,12,10,4,24,Y6072428,,,,0,30.0,0,0
75,12,10,4,25,Y6072429,,,,0,30.0,0,0
75,12,10,4,26,Y6072430,,,,0,30.0,0,0
75,12,10,4,27,Y6072431,,,,0,30.0,0,0
75,12,10,4,28,Y6072432,,,,0,30.0,0,0
75,12,10,4,29,Y6072433,,,,0,30.0,0,0
75,12,10,4,30,Y6072434,,,,0,30.0,0,0
75,12,10,5,10,Y6072435,,,,0,30.0,0,0
75,12,10,5,11,Y6072436,,,,0,30.0,0,0
75,12,10,5,12,Y6072437,,,,0,30.0,0,0
75,12,10,5,13,Y6072438,,,,0,30.0,0,0
75,12,10,5,14,Y6072439,,,,0,30.0,0,0
75,12,10,5,15,Y6072440,,,,0,30.0,0,0
75,12,10,5,16,Y6072441,,,,0,30.0,0,0
75,12,10,5,17,Y6072442,,,,0,30.0,0,0
75,12,10,5,18,Y6072443,,,,0,30.0,0,0
75,12,10,5,19,Y6072444,,,,0,30.0,0,0
75,12,10,5,20,Y6072445,,,,0,30.0,0,0
75,12,10,5,21,Y6072446,,,,0,30.0,0,0
75,12,10,5,22,Y6072447,,,,0,30.0,0,0
75,12,10,5,23,Y6072448,,,,0,30.0,0,0
75,12,10,5,24,Y6072449,,,,0,30.0,0,0
75,12,10,5,25,Y6072450,,,,0,30.0,0,0
75,12,10,5,26,Y6072451,,,,0,30.0,0,0
75,12,10,5,27,Y6072452,,,,0,30.0,0,0
75,12,10,5,28,Y6072453,,,,0,30.0,0,0
75,12,10,5,29,Y6072454,,,,0,30.0,0,0
75,12,10,5,30,Y6072455,,,,0,30.0,0,0
75,12,10,6,10,Y6072456,,,,0,30.0,0,0
75,12,10,6,11,Y6072457,,,,0,30.0,0,0
75,12,10,6,12,Y6072458,,,,0,30.0,0,0
75,12,10,6,13,Y6072459,,,,0,30.0,0,0
75,12,10,6,14,Y6072460,,,,0,30.0,0,0
75,12,10,6,15,Y6072461,,,,0,30.0,0,0
75,12,10,6,16,Y6072462,,,,0,30.0,0,0
75,12,10,6,17,Y6072463,,,,0,30.0,0,0
75,12,10,6,18,Y6072464,,,,0,30.0,0,0
75,12,10,6,19,Y6072465,,,,0,30.0,0,0
75,12,10,6,20,Y6072466,,,,0,30.0,0,0
75,12,10,6,21,Y6072467,,,,0,30.0,0,0
75,12,10,6,22,Y6072468,,,,0,30.0,0,0
75,12,10,6,23,Y6072469,,,,0,30.0,0,0
75,12,10,6,24,Y6072470,,,,0,30.0,0,0
75,12,10,6,25,Y6072471,,,,0,30.0,0,0
75,12,10,6,26,Y6072472,,,,0,30.0,0,0
75,12,10,6,27,Y6072473,,,,0,30.0,0,0
75,12,10,6,28,Y6072474,,,,0,30.0,0,0
75,12,10,6,29,Y6072475,,,,0,30.0,0,0
75,12,10,6,30,Y6072476,,,,0,30.0,0,0
75,12,10,7,10,Y6072477,,,,0,30.0,0,0
75,12,10,7,11,Y6072478,,,,0,30.0,0,0
75,12,10,7,12,Y6072479,,,,0,30.0,0,0
75,12,10,7,13,Y6072480,,,,0,30.0,0,0
75,12,10,7,14,Y6072481,,,,0,30.0,0,0
75,12,10,7,15,Y6072482,,,,0,30.0,0,0
75,12,10,7,16,Y6072483,,,,0,30.0,0,0
75,12,10,7,17,Y6072484,,,,0,30.0,0,0
75,12,10,7,18,Y6072485,,,,0,30.0,0,0
75,12,10,7,19,Y6072486,,,,0,30.0,0,0
75,12,10,7,20,Y6072487,,,,0,30.0,0,0
75,12,10,7,21,Y6072488,,,,0,30.0,0,0
75,12,10,7,22,Y6072489,,,,0,30.0,0,0
75,12,10,7,23,Y6072490,,,,0,30.0,0,0
75,12,10,7,24,Y6072491,,,,0,30.0,0,0
75,12,10,7,25,Y6072492,,,,0,30.0,0,0
75,12,10,7,26,Y6072493,,,,0,30.0,0,0
75,12,10,7,27,Y6072494,,,,0,30.0,0,0
75,12,10,7,28,Y6072495,,,,0,30.0,0,0
75,12,10,7,29,Y6072496,,,,0,30.0,0,0
75,12,10,7,30,Y6072497,,,,0,30.0,0,0
75,12,10,8,10,Y6072498,,,,0,30.0,0,0
75,12,10,8,11,Y6072499,,,,0,30.0,0,0
75,12,10,8,12,Y6072500,,,,0,30.0,0,0
75,12,10,8,13,Y6072501,,,,0,30.0,0,0
75,12,10,8,14,Y6072502,,,,0,30.0,0,0
75,12,10,8,15,Y6072503,,,,0,30.0,0,0
75,12,10,8,16,Y6072504,,,,0,30.0,0,0
75,12,10,8,17,Y6072505,,,,0,30.0,0,0
75,12,10,8,18,Y6072506,,,,0,30.0,0,0
75,12,10,8,19,Y6072507,,,,0,30.0,0,0
75,12,10,8,20,Y6072508,,,,0,30.0,0,0
75,12,10,8,21,Y6072509,,,,0,30.0,0,0
75,12,10,8,22,Y6072510,,,,0,30.0,0,0
75,12,10,8,23,Y6072511,,,,0,30.0,0,0
75,12,10,8,24,Y6072512,,,,0,30.0,0,0
75,12,10,8,25,Y6072513,,,,0,30.0,0,0
75,12,10,8,26,Y6072514,,,,0,30.0,0,0
75,12,10,8,27,Y6072515,,,,0,30.0,0,0
75,12,10,8,28,Y6072516,,,,0,30.0,0,0
75,12,10,8,29,Y6072517,,,,0,30.0,0,0
75,12,10,8,30,Y6072518,,,,0,30.0,0,0
75,12,10,9,10,Y6072519,,,,0,30.0,0,0
75,12,10,9,11,Y6072520,,,,0,30.0,0,0
75,12,10,9,12,Y6072521,,,,0,30.0,0,0
75,12,10,9,13,Y6072522,,,,0,30.0,0,0
75,12,10,9,14,Y6072523,,,,0,30.0,0,0
75,12,10,9,15,Y6072524,,,,0,30.0,0,0
75,12,10,9,16,Y6072525,,,,0,30.0,0,0
75,12,10,9,17,Y6072526,,,,0,30.0,0,0
75,12,10,9,18,Y6072527,,,,0,30.0,0,0
75,12,10,9,19,Y6072528,,,,0,30.0,0,0
75,12,10,9,20,Y6072529,,,,0,30.0,0,0
75,12,10,9,21,Y6072530,,,,0,30.0,0,0
75,12,10,9,22,Y6072531,,,,0,30.0,0,0
75,12,10,9,23,Y6072532,,,,0,30.0,0,0
75,12,10,9,24,Y6072533,,,,0,30.0,0,0
75,12,10,9,25,Y6072534,,,,0,30.0,0,0
75,12,10,9,26,Y6072535,,,,0,30.0,0,0
75,12,10,9,27,Y6072536,,,,0,30.0,0,0
75,12,10,9,28,Y6072537,,,,0,30.0,0,0
75,12,10,9,29,Y6072538,,,,0,30.0,0,0
75,12,10,9,30,Y6072539,,,,0,30.0,0,0
75,12,10,10,10,Y6072540,,,,0,30.0,0,0
75,12,10,10,11,Y6072541,,,,0,30.0,0,0
75,12,10,10,12,Y6072542,,,,0,30.0,0,0
75,12,10,10,13,Y6072543,,,,0,30.0,0,0
75,12,10,10,14,Y6072544,,,,0,30.0,0,0
75,12,10,10,15,Y6072545,,,,0,30.0,0,0
75,12,10,10,16,Y6072546,,,,0,30.0,0,0
75,12,10,10,17,Y6072547,,,,0,30.0,0,0
75,12,10,10,18,Y6072548,,,,0,30.0,0,0
75,12,10,10,19,Y6072549,,,,0,30.0,0,0
75,12,10,10,20,Y6072550,,,,0,30.0,0,0
75,12,10,10,21,Y6072551,,,,0,30.0,0,0
75,12,10,10,22,Y6072552,,,,0,30.0,0,0
75,12,10,10,23,Y6072553,,,,0,30.0,0,0
75,12,10,10,24,Y6072554,,,,0,30.0,0,0
75,12,10,10,25,Y6072555,,,,0,30.0,0,0
75,12,10,10,26,Y6072556,,,,0,30.0,0,0
75,12,10,10,27,Y6072557,,,,0,30.0,0,0
75,12,10,10,28,Y6072558,,,,0,30.0,0,0
75,12,10,10,29,Y6072559,,,,0,30.0,0,0
75,12,10,10,30,Y6072560,,,,0,30.0,0,0
75,12,10,11,10,Y6072561,,,,0,30.0,0,0
75,12,10,11,11,Y6072562,,,,0,30.0,0,0
75,12,10,11,12,Y6072563,,,,0,30.0,0,0
75,12,10,11,13,Y6072564,,,,0,30.0,0,0
75,12,10,11,14,Y6072565,,,,0,30.0,0,0
75,12,10,11,15,Y6072566,,,,0,30.0,0,0
75,12,10,11,16,Y6072567,,,,0,30.0,0,0
75,12,10,11,17,Y6072568,,,,0,30.0,0,0
75,12,10,11,18,Y6072569,,,,0,30.0,0,0
75,12,10,11,19,Y6072570,,,,0,30.0,0,0
75,12,10,11,20,Y6072571,,,,0,30.0,0,0
75,12,10,11,21,Y6072572,,,,0,30.0,0,0
75,12,10,11,22,Y6072573,,,,0,30.0,0,0
75,12,10,11,23,Y6072574,,,,0,30.0,0,0
75,12,10,11,24,Y6072575,,,,0,30.0,0,0
75,12,10,11,25,Y6072576,,,,0,30.0,0,0
75,12,10,11,26,Y6072577,,,,0,30.0,0,0
75,12,10,11,27,Y6072578,,,,0,30.0,0,0
75,12,10,11,28,Y6072579,,,,0,30.0,0,0
75,12,10,11,29,Y6072580,,,,0,30.0,0,0
75,12,10,11,30,Y6072581,,,,0,30.0,0,0
75,12,10,12,10,Y6072582,,,,0,30.0,0,0
75,12,10,12,11,Y6072583,,,,0,30.0,0,0
75,12,10,12,12,Y6072584,,,,0,30.0,0,0
75,12,10,12,13,Y6072585,,,,0,30.0,0,0
75,12,10,12,14,Y6072586,,,,0,30.0,0,0
75,12,10,12,15,Y6072587,,,,0,30.0,0,0
75,12,10,12,16,Y6072588,,,,0,30.0,0,0
75,12,10,12,17,Y6072589,,,,0,30.0,0,0
75,12,10,12,18,Y6072590,,,,0,30.0,0,0
75,12,10,12,19,Y6072591,,,,0,30.0,0,0
75,12,10,12,20,Y6072592,,,,0,30.0,0,0
75,12,10,12,21,Y6072593,,,,0,30.0,0,0
75,12,10,12,22,Y6072594,,,,0,30.0,0,0
75,12,10,12,23,Y6072595,,,,0,30.0,0,0
75,12,10,12,24,Y6072596,,,,0,30.0,0,0
75,12,10,12,25,Y6072597,,,,0,30.0,0,0
75,12,10,12,26,Y6072598,,,,0,30.0,0,0
75,12,10,12,27,Y6072599,,,,0,30.0,0,0
75,12,10,12,28,Y6072600,,,,0,30.0,0,0
75,12,10,12,29,Y6072601,,,,0,30.0,0,0
75,12,10,12,30,Y6072602,,,,0,30.0,0,0
75,12,11,1,10,Y6072603,,,,0,30.0,0,0
75,12,11,1,11,Y6072604,,,,0,30.0,0,0
75,12,11,1,12,Y6072605,,,,0,30.0,0,0
75,12,11,1,13,Y6072606,,,,0,30.0,0,0
75,12,11,1,14,Y6072607,,,,0,30.0,0,0
75,12,11,1,15,Y6072608,,,,0,30.0,0,0
75,12,11,1,16,Y6072609,,,,0,30.0,0,0
75,12,11,1,17,Y6072610,,,,0,30.0,0,0
75,12,11,1,18,Y6072611,,,,0,30.0,0,0
75,12,11,1,19,Y6072612,,,,0,30.0,0,0
75,12,11,1,20,Y6072613,,,,0,30.0,0,0
75,12,11,1,21,Y6072614,,,,0,30.0,0,0
75,12,11,1,22,Y6072615,,,,0,30.0,0,0
75,12,11,1,23,Y6072616,,,,0,30.0,0,0
75,12,11,1,24,Y6072617,,,,0,30.0,0,0
75,12,11,1,25,Y6072618,,,,0,30.0,0,0
75,12,11,1,26,Y6072619,,,,0,30.0,0,0
75,12,11,1,27,Y6072620,,,,0,30.0,0,0
75,12,11,1,28,Y6072621,,,,0,30.0,0,0
75,12,11,1,29,Y6072622,,,,0,30.0,0,0
75,12,11,1,30,Y6072623,,,,0,30.0,0,0
75,12,11,2,10,Y6072624,,,,0,30.0,0,0
75,12,11,2,11,Y6072625,,,,0,30.0,0,0
75,12,11,2,12,Y6072626,,,,0,30.0,0,0
75,12,11,2,13,Y6072627,,,,0,30.0,0,0
75,12,11,2,14,Y6072628,,,,0,30.0,0,0
75,12,11,2,15,Y6072629,,,,0,30.0,0,0
75,12,11,2,16,Y6072630,,,,0,30.0,0,0
75,12,11,2,17,Y6072631,,,,0,30.0,0,0
75,12,11,2,18,Y6072632,,,,0,30.0,0,0
75,12,11,2,19,Y6072633,,,,0,30.0,0,0
75,12,11,2,20,Y6072634,,,,0,30.0,0,0
75,12,11,2,21,Y6072635,,,,0,30.0,0,0
75,12,11,2,22,Y6072636,,,,0,30.0,0,0
75,12,11,2,23,Y6072637,,,,0,30.0,0,0
75,12,11,2,24,Y6072638,,,,0,30.0,0,0
75,12,11,2,25,Y6072639,,,,0,30.0,0,0
75,12,11,2,26,Y6072640,,,,0,30.0,0,0
75,12,11,2,27,Y6072641,,,,0,30.0,0,0
75,12,11,2,28,Y6072642,,,,0,30.0,0,0
75,12,11,2,29,Y6072643,,,,0,30.0,0,0
75,12,11,2,30,Y6072644,,,,0,30.0,0,0
75,12,11,3,10,Y6072645,,,,0,30.0,0,0
75,12,11,3,11,Y6072646,,,,0,30.0,0,0
75,12,11,3,12,Y6072647,,,,0,30.0,0,0
75,12,11,3,13,Y6072648,,,,0,30.0,0,0
75,12,11,3,14,Y6072649,,,,0,30.0,0,0
75,12,11,3,15,Y6072650,,,,0,30.0,0,0
75,12,11,3,16,Y6072651,,,,0,30.0,0,0
75,12,11,3,17,Y6072652,,,,0,30.0,0,0
75,12,11,3,18,Y6072653,,,,0,30.0,0,0
75,12,11,3,19,Y6072654,,,,0,30.0,0,0
75,12,11,3,20,Y6072655,,,,0,30.0,0,0
75,12,11,3,21,Y6072656,,,,0,30.0,0,0
75,12,11,3,22,Y6072657,,,,0,30.0,0,0
75,12,11,3,23,Y6072658,,,,0,30.0,0,0
75,12,11,3,24,Y6072659,,,,0,30.0,0,0
75,12,11,3,25,Y6072660,,,,0,30.0,0,0
75,12,11,3,26,Y6072661,,,,0,30.0,0,0
75,12,11,3,27,Y6072662,,,,0,30.0,0,0
75,12,11,3,28,Y6072663,,,,0,30.0,0,0
75,12,11,3,29,Y6072664,,,,0,30.0,0,0
75,12,11,3,30,Y6072665,,,,0,30.0,0,0
75,12,11,4,10,Y6072666,,,,0,30.0,0,0
75,12,11,4,11,Y6072667,,,,0,30.0,0,0
75,12,11,4,12,Y6072668,,,,0,30.0,0,0
75,12,11,4,13,Y6072669,,,,0,30.0,0,0
75,12,11,4,14,Y6072670,,,,0,30.0,0,0
75,12,11,4,15,Y6072671,,,,0,30.0,0,0
75,12,11,4,16,Y6072672,,,,0,30.0,0,0
75,12,11,4,17,Y6072673,,,,0,30.0,0,0
75,12,11,4,18,Y6072674,,,,0,30.0,0,0
75,12,11,4,19,Y6072675,,,,0,30.0,0,0
75,12,11,4,20,Y6072676,,,,0,30.0,0,0
75,12,11,4,21,Y6072677,,,,0,30.0,0,0
75,12,11,4,22,Y6072678,,,,0,30.0,0,0
75,12,11,4,23,Y6072679,,,,0,30.0,0,0
75,12,11,4,24,Y6072680,,,,0,30.0,0,0
75,12,11,4,25,Y6072681,,,,0,30.0,0,0
75,12,11,4,26,Y6072682,,,,0,30.0,0,0
75,12,11,4,27,Y6072683,,,,0,30.0,0,0
75,12,11,4,28,Y6072684,,,,0,30.0,0,0
75,12,11,4,29,Y6072685,,,,0,30.0,0,0
75,12,11,4,30,Y6072686,,,,0,30.0,0,0
75,12,11,5,10,Y6072687,,,,0,30.0,0,0
75,12,11,5,11,Y6072688,,,,0,30.0,0,0
75,12,11,5,12,Y6072689,,,,0,30.0,0,0
75,12,11,5,13,Y6072690,,,,0,30.0,0,0
75,12,11,5,14,Y6072691,,,,0,30.0,0,0
75,12,11,5,15,Y6072692,,,,0,30.0,0,0
75,12,11,5,16,Y6072693,,,,0,30.0,0,0
75,12,11,5,17,Y6072694,,,,0,30.0,0,0
75,12,11,5,18,Y6072695,,,,0,30.0,0,0
75,12,11,5,19,Y6072696,,,,0,30.0,0,0
75,12,11,5,20,Y6072697,,,,0,30.0,0,0
75,12,11,5,21,Y6072698,,,,0,30.0,0,0
75,12,11,5,22,Y6072699,,,,0,30.0,0,0
75,12,11,5,23,Y6072700,,,,0,30.0,0,0
75,12,11,5,24,Y6072701,,,,0,30.0,0,0
75,12,11,5,25,Y6072702,,,,0,30.0,0,0
75,12,11,5,26,Y6072703,,,,0,30.0,0,0
75,12,11,5,27,Y6072704,,,,0,30.0,0,0
75,12,11,5,28,Y6072705,,,,0,30.0,0,0
75,12,11,5,29,Y6072706,,,,0,30.0,0,0
75,12,11,5,30,Y6072707,,,,0,30.0,0,0
75,12,11,6,10,Y6072708,,,,0,30.0,0,0
75,12,11,6,11,Y6072709,,,,0,30.0,0,0
75,12,11,6,12,Y6072710,,,,0,30.0,0,0
75,12,11,6,13,Y6072711,,,,0,30.0,0,0
75,12,11,6,14,Y6072712,,,,0,30.0,0,0
75,12,11,6,15,Y6072713,,,,0,30.0,0,0
75,12,11,6,16,Y6072714,,,,0,30.0,0,0
75,12,11,6,17,Y6072715,,,,0,30.0,0,0
75,12,11,6,18,Y6072716,,,,0,30.0,0,0
75,12,11,6,19,Y6072717,,,,0,30.0,0,0
75,12,11,6,20,Y6072718,,,,0,30.0,0,0
75,12,11,6,21,Y6072719,,,,0,30.0,0,0
75,12,11,6,22,Y6072720,,,,0,30.0,0,0
75,12,11,6,23,Y6072721,,,,0,30.0,0,0
75,12,11,6,24,Y6072722,,,,0,30.0,0,0
75,12,11,6,25,Y6072723,,,,0,30.0,0,0
75,12,11,6,26,Y6072724,,,,0,30.0,0,0
75,12,11,6,27,Y6072725,,,,0,30.0,0,0
75,12,11,6,28,Y6072726,,,,0,30.0,0,0
75,12,11,6,29,Y6072727,,,,0,30.0,0,0
75,12,11,6,30,Y6072728,,,,0,30.0,0,0
75,12,11,7,10,Y6072729,,,,0,30.0,0,0
75,12,11,7,11,Y6072730,,,,0,30.0,0,0
75,12,11,7,12,Y6072731,,,,0,30.0,0,0
75,12,11,7,13,Y6072732,,,,0,30.0,0,0
75,12,11,7,14,Y6072733,,,,0,30.0,0,0
75,12,11,7,15,Y6072734,,,,0,30.0,0,0
75,12,11,7,16,Y6072735,,,,0,30.0,0,0
75,12,11,7,17,Y6072736,,,,0,30.0,0,0
75,12,11,7,18,Y6072737,,,,0,30.0,0,0
75,12,11,7,19,Y6072738,,,,0,30.0,0,0
75,12,11,7,20,Y6072739,,,,0,30.0,0,0
75,12,11,7,21,Y6072740,,,,0,30.0,0,0
75,12,11,7,22,Y6072741,,,,0,30.0,0,0
75,12,11,7,23,Y6072742,,,,0,30.0,0,0
75,12,11,7,24,Y6072743,,,,0,30.0,0,0
75,12,11,7,25,Y6072744,,,,0,30.0,0,0
75,12,11,7,26,Y6072745,,,,0,30.0,0,0
75,12,11,7,27,Y6072746,,,,0,30.0,0,0
75,12,11,7,28,Y6072747,,,,0,30.0,0,0
75,12,11,7,29,Y6072748,,,,0,30.0,0,0
75,12,11,7,30,Y6072749,,,,0,30.0,0,0
75,12,11,8,10,Y6072750,,,,0,30.0,0,0
75,12,11,8,11,Y6072751,,,,0,30.0,0,0
75,12,11,8,12,Y6072752,,,,0,30.0,0,0
75,12,11,8,13,Y6072753,,,,0,30.0,0,0
75,12,11,8,14,Y6072754,,,,0,30.0,0,0
75,12,11,8,15,Y6072755,,,,0,30.0,0,0
75,12,11,8,16,Y6072756,,,,0,30.0,0,0
75,12,11,8,17,Y6072757,,,,0,30.0,0,0
75,12,11,8,18,Y6072758,,,,0,30.0,0,0
75,12,11,8,19,Y6072759,,,,0,30.0,0,0
75,12,11,8,20,Y6072760,,,,0,30.0,0,0
75,12,11,8,21,Y6072761,,,,0,30.0,0,0
75,12,11,8,22,Y6072762,,,,0,30.0,0,0
75,12,11,8,23,Y6072763,,,,0,30.0,0,0
75,12,11,8,24,Y6072764,,,,0,30.0,0,0
75,12,11,8,25,Y6072765,,,,0,30.0,0,0
75,12,11,8,26,Y6072766,,,,0,30.0,0,0
75,12,11,8,27,Y6072767,,,,0,30.0,0,0
75,12,11,8,28,Y6072768,,,,0,30.0,0,0
75,12,11,8,29,Y6072769,,,,0,30.0,0,0
75,12,11,8,30,Y6072770,,,,0,30.0,0,0
75,12,11,9,10,Y6072771,,,,0,30.0,0,0
75,12,11,9,11,Y6072772,,,,0,30.0,0,0
75,12,11,9,12,Y6072773,,,,0,30.0,0,0
75,12,11,9,13,Y6072774,,,,0,30.0,0,0
75,12,11,9,14,Y6072775,,,,0,30.0,0,0
75,12,11,9,15,Y6072776,,,,0,30.0,0,0
75,12,11,9,16,Y6072777,,,,0,30.0,0,0
75,12,11,9,17,Y6072778,,,,0,30.0,0,0
75,12,11,9,18,Y6072779,,,,0,30.0,0,0
75,12,11,9,19,Y6072780,,,,0,30.0,0,0
75,12,11,9,20,Y6072781,,,,0,30.0,0,0
75,12,11,9,21,Y6072782,,,,0,30.0,0,0
75,12,11,9,22,Y6072783,,,,0,30.0,0,0
75,12,11,9,23,Y6072784,,,,0,30.0,0,0
75,12,11,9,24,Y6072785,,,,0,30.0,0,0
75,12,11,9,25,Y6072786,,,,0,30.0,0,0
75,12,11,9,26,Y6072787,,,,0,30.0,0,0
75,12,11,9,27,Y6072788,,,,0,30.0,0,0
75,12,11,9,28,Y6072789,,,,0,30.0,0,0
75,12,11,9,29,Y6072790,,,,0,30.0,0,0
75,12,11,9,30,Y6072791,,,,0,30.0,0,0
75,12,11,10,10,Y6072792,,,,0,30.0,0,0
75,12,11,10,11,Y6072793,,,,0,30.0,0,0
75,12,11,10,12,Y6072794,,,,0,30.0,0,0
75,12,11,10,13,Y6072795,,,,0,30.0,0,0
75,12,11,10,14,Y6072796,,,,0,30.0,0,0
75,12,11,10,15,Y6072797,,,,0,30.0,0,0
75,12,11,10,16,Y6072798,,,,0,30.0,0,0
75,12,11,10,17,Y6072799,,,,0,30.0,0,0
75,12,11,10,18,Y6072800,,,,0,30.0,0,0
75,12,11,10,19,Y6072801,,,,0,30.0,0,0
75,12,11,10,20,Y6072802,,,,0,30.0,0,0
75,12,11,10,21,Y6072803,,,,0,30.0,0,0
75,12,11,10,22,Y6072804,,,,0,30.0,0,0
75,12,11,10,23,Y6072805,,,,0,30.0,0,0
75,12,11,10,24,Y6072806,,,,0,30.0,0,0
75,12,11,10,25,Y6072807,,,,0,30.0,0,0
75,12,11,10,26,Y6072808,,,,0,30.0,0,0
75,12,11,10,27,Y6072809,,,,0,30.0,0,0
75,12,11,10,28,Y6072810,,,,0,30.0,0,0
75,12,11,10,29,Y6072811,,,,0,30.0,0,0
75,12,11,10,30,Y6072812,,,,0,30.0,0,0
75,12,11,11,10,Y6072813,,,,0,30.0,0,0
75,12,11,11,11,Y6072814,,,,0,30.0,0,0
75,12,11,11,12,Y6072815,,,,0,30.0,0,0
75,12,11,11,13,Y6072816,,,,0,30.0,0,0
75,12,11,11,14,Y6072817,,,,0,30.0,0,0
75,12,11,11,15,Y6072818,,,,0,30.0,0,0
75,12,11,11,16,Y6072819,,,,0,30.0,0,0
75,12,11,11,17,Y6072820,,,,0,30.0,0,0
75,12,11,11,18,Y6072821,,,,0,30.0,0,0
75,12,11,11,19,Y6072822,,,,0,30.0,0,0
75,12,11,11,20,Y6072823,,,,0,30.0,0,0
75,12,11,11,21,Y6072824,,,,0,30.0,0,0
75,12,11,11,22,Y6072825,,,,0,30.0,0,0
75,12,11,11,23,Y6072826,,,,0,30.0,0,0
75,12,11,11,24,Y6072827,,,,0,30.0,0,0
75,12,11,11,25,Y6072828,,,,0,30.0,0,0
75,12,11,11,26,Y6072829,,,,0,30.0,0,0
75,12,11,11,27,Y6072830,,,,0,30.0,0,0
75,12,11,11,28,Y6072831,,,,0,30.0,0,0
75,12,11,11,29,Y6072832,,,,0,30.0,0,0
75,12,11,11,30,Y6072833,,,,0,30.0,0,0
75,12,11,12,10,Y6072834,,,,0,30.0,0,0
75,12,11,12,11,Y6072835,,,,0,30.0,0,0
75,12,11,12,12,Y6072836,,,,0,30.0,0,0
75,12,11,12,13,Y6072837,,,,0,30.0,0,0
75,12,11,12,14,Y6072838,,,,0,30.0,0,0
75,12,11,12,15,Y6072839,,,,0,30.0,0,0
75,12,11,12,16,Y6072840,,,,0,30.0,0,0
75,12,11,12,17,Y6072841,,,,0,30.0,0,0
75,12,11,12,18,Y6072842,,,,0,30.0,0,0
75,12,11,12,19,Y6072843,,,,0,30.0,0,0
75,12,11,12,20,Y6072844,,,,0,30.0,0,0
75,12,11,12,21,Y6072845,,,,0,30.0,0,0
75,12,11,12,22,Y6072846,,,,0,30.0,0,0
75,12,11,12,23,Y6072847,,,,0,30.0,0,0
75,12,11,12,24,Y6072848,,,,0,30.0,0,0
75,12,11,12,25,Y6072849,,,,0,30.0,0,0
75,12,11,12,26,Y6072850,,,,0,30.0,0,0
75,12,11,12,27,Y6072851,,,,0,30.0,0,0
75,12,11,12,28,Y6072852,,,,0,30.0,0,0
75,12,11,12,29,Y6072853,,,,0,30.0,0,0
75,12,11,12,30,Y6072854,,,,0,30.0,0,0
75,12,12,1,10,Y6072855,,,,0,30.0,0,0
75,12,12,1,11,Y6072856,,,,0,30.0,0,0
75,12,12,1,12,Y6072857,,,,0,30.0,0,0
75,12,12,1,13,Y6072858,,,,0,30.0,0,0
75,12,12,1,14,Y6072859,,,,0,30.0,0,0
75,12,12,1,15,Y6072860,,,,0,30.0,0,0
75,12,12,1,16,Y6072861,,,,0,30.0,0,0
75,12,12,1,17,Y6072862,,,,0,30.0,0,0
75,12,12,1,18,Y6072863,,,,0,30.0,0,0
75,12,12,1,19,Y6072864,,,,0,30.0,0,0
75,12,12,1,20,Y6072865,,,,0,30.0,0,0
75,12,12,1,21,Y6072866,,,,0,30.0,0,0
75,12,12,1,22,Y6072867,,,,0,30.0,0,0
75,12,12,1,23,Y6072868,,,,0,30.0,0,0
75,12,12,1,24,Y6072869,,,,0,30.0,0,0
75,12,12,1,25,Y6072870,,,,0,30.0,0,0
75,12,12,1,26,Y6072871,,,,0,30.0,0,0
75,12,12,1,27,Y6072872,,,,0,30.0,0,0
75,12,12,1,28,Y6072873,,,,0,30.0,0,0
75,12,12,1,29,Y6072874,,,,0,30.0,0,0
75,12,12,1,30,Y6072875,,,,0,30.0,0,0
75,12,12,2,10,Y6072876,,,,0,30.0,0,0
75,12,12,2,11,Y6072877,,,,0,30.0,0,0
75,12,12,2,12,Y6072878,,,,0,30.0,0,0
75,12,12,2,13,Y6072879,,,,0,30.0,0,0
75,12,12,2,14,Y6072880,,,,0,30.0,0,0
75,12,12,2,15,Y6072881,,,,0,30.0,0,0
75,12,12,2,16,Y6072882,,,,0,30.0,0,0
75,12,12,2,17,Y6072883,,,,0,30.0,0,0
75,12,12,2,18,Y6072884,,,,0,30.0,0,0
75,12,12,2,19,Y6072885,,,,0,30.0,0,0
75,12,12,2,20,Y6072886,,,,0,30.0,0,0
75,12,12,2,21,Y6072887,,,,0,30.0,0,0
75,12,12,2,22,Y6072888,,,,0,30.0,0,0
75,12,12,2,23,Y6072889,,,,0,30.0,0,0
75,12,12,2,24,Y6072890,,,,0,30.0,0,0
75,12,12,2,25,Y6072891,,,,0,30.0,0,0
75,12,12,2,26,Y6072892,,,,0,30.0,0,0
75,12,12,2,27,Y6072893,,,,0,30.0,0,0
75,12,12,2,28,Y6072894,,,,0,30.0,0,0
75,12,12,2,29,Y6072895,,,,0,30.0,0,0
75,12,12,2,30,Y6072896,,,,0,30.0,0,0
75,12,12,3,10,Y6072897,,,,0,30.0,0,0
75,12,12,3,11,Y6072898,,,,0,30.0,0,0
75,12,12,3,12,Y6072899,,,,0,30.0,0,0
75,12,12,3,13,Y6072900,,,,0,30.0,0,0
75,12,12,3,14,Y6072901,,,,0,30.0,0,0
75,12,12,3,15,Y6072902,,,,0,30.0,0,0
75,12,12,3,16,Y6072903,,,,0,30.0,0,0
75,12,12,3,17,Y6072904,,,,0,30.0,0,0
75,12,12,3,18,Y6072905,,,,0,30.0,0,0
75,12,12,3,19,Y6072906,,,,0,30.0,0,0
75,12,12,3,20,Y6072907,,,,0,30.0,0,0
75,12,12,3,21,Y6072908,,,,0,30.0,0,0
75,12,12,3,22,Y6072909,,,,0,30.0,0,0
75,12,12,3,23,Y6072910,,,,0,30.0,0,0
75,12,12,3,24,Y6072911,,,,0,30.0,0,0
75,12,12,3,25,Y6072912,,,,0,30.0,0,0
75,12,12,3,26,Y6072913,,,,0,30.0,0,0
75,12,12,3,27,Y6072914,,,,0,30.0,0,0
75,12,12,3,28,Y6072915,,,,0,30.0,0,0
75,12,12,3,29,Y6072916,,,,0,30.0,0,0
75,12,12,3,30,Y6072917,,,,0,30.0,0,0
75,12,12,4,10,Y6072918,,,,0,30.0,0,0
75,12,12,4,11,Y6072919,,,,0,30.0,0,0
75,12,12,4,12,Y6072920,,,,0,30.0,0,0
75,12,12,4,13,Y6072921,,,,0,30.0,0,0
75,12,12,4,14,Y6072922,,,,0,30.0,0,0
75,12,12,4,15,Y6072923,,,,0,30.0,0,0
75,12,12,4,16,Y6072924,,,,0,30.0,0,0
75,12,12,4,17,Y6072925,,,,0,30.0,0,0
75,12,12,4,18,Y6072926,,,,0,30.0,0,0
75,12,12,4,19,Y6072927,,,,0,30.0,0,0
75,12,12,4,20,Y6072928,,,,0,30.0,0,0
75,12,12,4,21,Y6072929,,,,0,30.0,0,0
75,12,12,4,22,Y6072930,,,,0,30.0,0,0
75,12,12,4,23,Y6072931,,,,0,30.0,0,0
75,12,12,4,24,Y6072932,,,,0,30.0,0,0
75,12,12,4,25,Y6072933,,,,0,30.0,0,0
75,12,12,4,26,Y6072934,,,,0,30.0,0,0
75,12,12,4,27,Y6072935,,,,0,30.0,0,0
75,12,12,4,28,Y6072936,,,,0,30.0,0,0
75,12,12,4,29,Y6072937,,,,0,30.0,0,0
75,12,12,4,30,Y6072938,,,,0,30.0,0,0
75,12,12,5,10,Y6072939,,,,0,30.0,0,0
75,12,12,5,11,Y6072940,,,,0,30.0,0,0
75,12,12,5,12,Y6072941,,,,0,30.0,0,0
75,12,12,5,13,Y6072942,,,,0,30.0,0,0
75,12,12,5,14,Y6072943,,,,0,30.0,0,0
75,12,12,5,15,Y6072944,,,,0,30.0,0,0
75,12,12,5,16,Y6072945,,,,0,30.0,0,0
75,12,12,5,17,Y6072946,,,,0,30.0,0,0
75,12,12,5,18,Y6072947,,,,0,30.0,0,0
75,12,12,5,19,Y6072948,,,,0,30.0,0,0
75,12,12,5,20,Y6072949,,,,0,30.0,0,0
75,12,12,5,21,Y6072950,,,,0,30.0,0,0
75,12,12,5,22,Y6072951,,,,0,30.0,0,0
75,12,12,5,23,Y6072952,,,,0,30.0,0,0
75,12,12,5,24,Y6072953,,,,0,30.0,0,0
75,12,12,5,25,Y6072954,,,,0,30.0,0,0
75,12,12,5,26,Y6072955,,,,0,30.0,0,0
75,12,12,5,27,Y6072956,,,,0,30.0,0,0
75,12,12,5,28,Y6072957,,,,0,30.0,0,0
75,12,12,5,29,Y6072958,,,,0,30.0,0,0
75,12,12,5,30,Y6072959,,,,0,30.0,0,0
75,12,12,6,10,Y6072960,,,,0,30.0,0,0
75,12,12,6,11,Y6072961,,,,0,30.0,0,0
75,12,12,6,12,Y6072962,,,,0,30.0,0,0
75,12,12,6,13,Y6072963,,,,0,30.0,0,0
75,12,12,6,14,Y6072964,,,,0,30.0,0,0
75,12,12,6,15,Y6072965,,,,0,30.0,0,0
75,12,12,6,16,Y6072966,,,,0,30.0,0,0
75,12,12,6,17,Y6072967,,,,0,30.0,0,0
75,12,12,6,18,Y6072968,,,,0,30.0,0,0
75,12,12,6,19,Y6072969,,,,0,30.0,0,0
75,12,12,6,20,Y6072970,,,,0,30.0,0,0
75,12,12,6,21,Y6072971,,,,0,30.0,0,0
75,12,12,6,22,Y6072972,,,,0,30.0,0,0
75,12,12,6,23,Y6072973,,,,0,30.0,0,0
75,12,12,6,24,Y6072974,,,,0,30.0,0,0
75,12,12,6,25,Y6072975,,,,0,30.0,0,0
75,12,12,6,26,Y6072976,,,,0,30.0,0,0
75,12,12,6,27,Y6072977,,,,0,30.0,0,0
75,12,12,6,28,Y6072978,,,,0,30.0,0,0
75,12,12,6,29,Y6072979,,,,0,30.0,0,0
75,12,12,6,30,Y6072980,,,,0,30.0,0,0
75,12,12,7,10,Y6072981,,,,0,30.0,0,0
75,12,12,7,11,Y6072982,,,,0,30.0,0,0
75,12,12,7,12,Y6072983,,,,0,30.0,0,0
75,12,12,7,13,Y6072984,,,,0,30.0,0,0
75,12,12,7,14,Y6072985,,,,0,30.0,0,0
75,12,12,7,15,Y6072986,,,,0,30.0,0,0
75,12,12,7,16,Y6072987,,,,0,30.0,0,0
75,12,12,7,17,Y6072988,,,,0,30.0,0,0
75,12,12,7,18,Y6072989,,,,0,30.0,0,0
75,12,12,7,19,Y6072990,,,,0,30.0,0,0
75,12,12,7,20,Y6072991,,,,0,30.0,0,0
75,12,12,7,21,Y6072992,,,,0,30.0,0,0
75,12,12,7,22,Y6072993,,,,0,30.0,0,0
75,12,12,7,23,Y6072994,,,,0,30.0,0,0
75,12,12,7,24,Y6072995,,,,0,30.0,0,0
75,12,12,7,25,Y6072996,,,,0,30.0,0,0
75,12,12,7,26,Y6072997,,,,0,30.0,0,0
75,12,12,7,27,Y6072998,,,,0,30.0,0,0
75,12,12,7,28,Y6072999,,,,0,30.0,0,0
75,12,12,7,29,Y6073000,,,,0,30.0,0,0
75,12,12,7,30,Y6073001,,,,0,30.0,0,0
75,12,12,8,10,Y6073002,,,,0,30.0,0,0
75,12,12,8,11,Y6073003,,,,0,30.0,0,0
75,12,12,8,12,Y6073004,,,,0,30.0,0,0
75,12,12,8,13,Y6073005,,,,0,30.0,0,0
75,12,12,8,14,Y6073006,,,,0,30.0,0,0
75,12,12,8,15,Y6073007,,,,0,30.0,0,0
75,12,12,8,16,Y6073008,,,,0,30.0,0,0
75,12,12,8,17,Y6073009,,,,0,30.0,0,0
75,12,12,8,18,Y6073010,,,,0,30.0,0,0
75,12,12,8,19,Y6073011,,,,0,30.0,0,0
75,12,12,8,20,Y6073012,,,,0,30.0,0,0
75,12,12,8,21,Y6073013,,,,0,30.0,0,0
75,12,12,8,22,Y6073014,,,,0,30.0,0,0
75,12,12,8,23,Y6073015,,,,0,30.0,0,0
75,12,12,8,24,Y6073016,,,,0,30.0,0,0
75,12,12,8,25,Y6073017,,,,0,30.0,0,0
75,12,12,8,26,Y6073018,,,,0,30.0,0,0
75,12,12,8,27,Y6073019,,,,0,30.0,0,0
75,12,12,8,28,Y6073020,,,,0,30.0,0,0
75,12,12,8,29,Y6073021,,,,0,30.0,0,0
75,12,12,8,30,Y6073022,,,,0,30.0,0,0
75,12,12,9,10,Y6073023,,,,0,30.0,0,0
75,12,12,9,11,Y6073024,,,,0,30.0,0,0
75,12,12,9,12,Y6073025,,,,0,30.0,0,0
75,12,12,9,13,Y6073026,,,,0,30.0,0,0
75,12,12,9,14,Y6073027,,,,0,30.0,0,0
75,12,12,9,15,Y6073028,,,,0,30.0,0,0
75,12,12,9,16,Y6073029,,,,0,30.0,0,0
75,12,12,9,17,Y6073030,,,,0,30.0,0,0
75,12,12,9,18,Y6073031,,,,0,30.0,0,0
75,12,12,9,19,Y6073032,,,,0,30.0,0,0
75,12,12,9,20,Y6073033,,,,0,30.0,0,0
75,12,12,9,21,Y6073034,,,,0,30.0,0,0
75,12,12,9,22,Y6073035,,,,0,30.0,0,0
75,12,12,9,23,Y6073036,,,,0,30.0,0,0
75,12,12,9,24,Y6073037,,,,0,30.0,0,0
75,12,12,9,25,Y6073038,,,,0,30.0,0,0
75,12,12,9,26,Y6073039,,,,0,30.0,0,0
75,12,12,9,27,Y6073040,,,,0,30.0,0,0
75,12,12,9,28,Y6073041,,,,0,30.0,0,0
75,12,12,9,29,Y6073042,,,,0,30.0,0,0
75,12,12,9,30,Y6073043,,,,0,30.0,0,0
75,12,12,10,10,Y6073044,,,,0,30.0,0,0
75,12,12,10,11,Y6073045,,,,0,30.0,0,0
75,12,12,10,12,Y6073046,,,,0,30.0,0,0
75,12,12,10,13,Y6073047,,,,0,30.0,0,0
75,12,12,10,14,Y6073048,,,,0,30.0,0,0
75,12,12,10,15,Y6073049,,,,0,30.0,0,0
75,12,12,10,16,Y6073050,,,,0,30.0,0,0
75,12,12,10,17,Y6073051,,,,0,30.0,0,0
75,12,12,10,18,Y6073052,,,,0,30.0,0,0
75,12,12,10,19,Y6073053,,,,0,30.0,0,0
75,12,12,10,20,Y6073054,,,,0,30.0,0,0
75,12,12,10,21,Y6073055,,,,0,30.0,0,0
75,12,12,10,22,Y6073056,,,,0,30.0,0,0
75,12,12,10,23,Y6073057,,,,0,30.0,0,0
75,12,12,10,24,Y6073058,,,,0,30.0,0,0
75,12,12,10,25,Y6073059,,,,0,30.0,0,0
75,12,12,10,26,Y6073060,,,,0,30.0,0,0
75,12,12,10,27,Y6073061,,,,0,30.0,0,0
75,12,12,10,28,Y6073062,,,,0,30.0,0,0
75,12,12,10,29,Y6073063,,,,0,30.0,0,0
75,12,12,10,30,Y6073064,,,,0,30.0,0,0
75,12,12,11,10,Y6073065,,,,0,30.0,0,0
75,12,12,11,11,Y6073066,,,,0,30.0,0,0
75,12,12,11,12,Y6073067,,,,0,30.0,0,0
75,12,12,11,13,Y6073068,,,,0,30.0,0,0
75,12,12,11,14,Y6073069,,,,0,30.0,0,0
75,12,12,11,15,Y6073070,,,,0,30.0,0,0
75,12,12,11,16,Y6073071,,,,0,30.0,0,0
75,12,12,11,17,Y6073072,,,,0,30.0,0,0
75,12,12,11,18,Y6073073,,,,0,30.0,0,0
75,12,12,11,19,Y6073074,,,,0,30.0,0,0
75,12,12,11,20,Y6073075,,,,0,30.0,0,0
75,12,12,11,21,Y6073076,,,,0,30.0,0,0
75,12,12,11,22,Y6073077,,,,0,30.0,0,0
75,12,12,11,23,Y6073078,,,,0,30.0,0,0
75,12,12,11,24,Y6073079,,,,0,30.0,0,0
75,12,12,11,25,Y6073080,,,,0,30.0,0,0
75,12,12,11,26,Y6073081,,,,0,30.0,0,0
75,12,12,11,27,Y6073082,,,,0,30.0,0,0
75,12,12,11,28,Y6073083,,,,0,30.0,0,0
75,12,12,11,29,Y6073084,,,,0,30.0,0,0
75,12,12,11,30,Y6073085,,,,0,30.0,0,0
75,12,12,12,10,Y6073086,,,,0,30.0,0,0
75,12,12,12,11,Y6073087,,,,0,30.0,0,0
75,12,12,12,12,Y6073088,,,,0,30.0,0,0
75,12,12,12,13,Y6073089,,,,0,30.0,0,0
75,12,12,12,14,Y6073090,,,,0,30.0,0,0
75,12,12,12,15,Y6073091,,,,0,30.0,0,0
75,12,12,12,16,Y6073092,,,,0,30.0,0,0
75,12,12,12,17,Y6073093,,,,0,30.0,0,0
75,12,12,12,18,Y6073094,,,,0,30.0,0,0
75,12,12,12,19,Y6073095,,,,0,30.0,0,0
75,12,12,12,20,Y6073096,,,,0,30.0,0,0
75,12,12,12,21,Y6073097,,,,0,30.0,0,0
75,12,12,12,22,Y6073098,,,,0,30.0,0,0
75,12,12,12,23,Y6073099,,,,0,30.0,0,0
75,12,12,12,24,Y6073100,,,,0,30.0,0,0
75,12,12,12,25,Y6073101,,,,0,30.0,0,0
75,12,12,12,26,Y6073102,,,,0,30.0,0,0
75,12,12,12,27,Y6073103,,,,0,30.0,0,0
75,12,12,12,28,Y6073104,,,,0,30.0,0,0
75,12,12,12,29,Y6073105,,,,0,30.0,0,0
75,12,12,12,30,Y6073106,,,,0,30.0,0,0
75,12,13,1,10,Y6073107,,,,0,30.0,0,0
75,12,13,1,11,Y6073108,,,,0,30.0,0,0
75,12,13,1,12,Y6073109,,,,0,30.0,0,0
75,12,13,1,13,Y6073110,,,,0,30.0,0,0
75,12,13,1,14,Y6073111,,,,0,30.0,0,0
75,12,13,1,15,Y6073112,,,,0,30.0,0,0
75,12,13,1,16,Y6073113,,,,0,30.0,0,0
75,12,13,1,17,Y6073114,,,,0,30.0,0,0
75,12,13,1,18,Y6073115,,,,0,30.0,0,0
75,12,13,1,19,Y6073116,,,,0,30.0,0,0
75,12,13,1,20,Y6073117,,,,0,30.0,0,0
75,12,13,1,21,Y6073118,,,,0,30.0,0,0
75,12,13,1,22,Y6073119,,,,0,30.0,0,0
75,12,13,1,23,Y6073120,,,,0,30.0,0,0
75,12,13,1,24,Y6073121,,,,0,30.0,0,0
75,12,13,1,25,Y6073122,,,,0,30.0,0,0
75,12,13,1,26,Y6073123,,,,0,30.0,0,0
75,12,13,1,27,Y6073124,,,,0,30.0,0,0
75,12,13,1,28,Y6073125,,,,0,30.0,0,0
75,12,13,1,29,Y6073126,,,,0,30.0,0,0
75,12,13,1,30,Y6073127,,,,0,30.0,0,0
75,12,13,2,10,Y6073128,,,,0,30.0,0,0
75,12,13,2,11,Y6073129,,,,0,30.0,0,0
75,12,13,2,12,Y6073130,,,,0,30.0,0,0
75,12,13,2,13,Y6073131,,,,0,30.0,0,0
75,12,13,2,14,Y6073132,,,,0,30.0,0,0
75,12,13,2,15,Y6073133,,,,0,30.0,0,0
75,12,13,2,16,Y6073134,,,,0,30.0,0,0
75,12,13,2,17,Y6073135,,,,0,30.0,0,0
75,12,13,2,18,Y6073136,,,,0,30.0,0,0
75,12,13,2,19,Y6073137,,,,0,30.0,0,0
75,12,13,2,20,Y6073138,,,,0,30.0,0,0
75,12,13,2,21,Y6073139,,,,0,30.0,0,0
75,12,13,2,22,Y6073140,,,,0,30.0,0,0
75,12,13,2,23,Y6073141,,,,0,30.0,0,0
75,12,13,2,24,Y6073142,,,,0,30.0,0,0
75,12,13,2,25,Y6073143,,,,0,30.0,0,0
75,12,13,2,26,Y6073144,,,,0,30.0,0,0
75,12,13,2,27,Y6073145,,,,0,30.0,0,0
75,12,13,2,28,Y6073146,,,,0,30.0,0,0
75,12,13,2,29,Y6073147,,,,0,30.0,0,0
75,12,13,2,30,Y6073148,,,,0,30.0,0,0
75,12,13,3,10,Y6073149,,,,0,30.0,0,0
75,12,13,3,11,Y6073150,,,,0,30.0,0,0
75,12,13,3,12,Y6073151,,,,0,30.0,0,0
75,12,13,3,13,Y6073152,,,,0,30.0,0,0
75,12,13,3,14,Y6073153,,,,0,30.0,0,0
75,12,13,3,15,Y6073154,,,,0,30.0,0,0
75,12,13,3,16,Y6073155,,,,0,30.0,0,0
75,12,13,3,17,Y6073156,,,,0,30.0,0,0
75,12,13,3,18,Y6073157,,,,0,30.0,0,0
75,12,13,3,19,Y6073158,,,,0,30.0,0,0
75,12,13,3,20,Y6073159,,,,0,30.0,0,0
75,12,13,3,21,Y6073160,,,,0,30.0,0,0
75,12,13,3,22,Y6073161,,,,0,30.0,0,0
75,12,13,3,23,Y6073162,,,,0,30.0,0,0
75,12,13,3,24,Y6073163,,,,0,30.0,0,0
75,12,13,3,25,Y6073164,,,,0,30.0,0,0
75,12,13,3,26,Y6073165,,,,0,30.0,0,0
75,12,13,3,27,Y6073166,,,,0,30.0,0,0
75,12,13,3,28,Y6073167,,,,0,30.0,0,0
75,12,13,3,29,Y6073168,,,,0,30.0,0,0
75,12,13,3,30,Y6073169,,,,0,30.0,0,0
75,12,13,4,10,Y6073170,,,,0,30.0,0,0
75,12,13,4,11,Y6073171,,,,0,30.0,0,0
75,12,13,4,12,Y6073172,,,,0,30.0,0,0
75,12,13,4,13,Y6073173,,,,0,30.0,0,0
75,12,13,4,14,Y6073174,,,,0,30.0,0,0
75,12,13,4,15,Y6073175,,,,0,30.0,0,0
75,12,13,4,16,Y6073176,,,,0,30.0,0,0
75,12,13,4,17,Y6073177,,,,0,30.0,0,0
75,12,13,4,18,Y6073178,,,,0,30.0,0,0
75,12,13,4,19,Y6073179,,,,0,30.0,0,0
75,12,13,4,20,Y6073180,,,,0,30.0,0,0
75,12,13,4,21,Y6073181,,,,0,30.0,0,0
75,12,13,4,22,Y6073182,,,,0,30.0,0,0
75,12,13,4,23,Y6073183,,,,0,30.0,0,0
75,12,13,4,24,Y6073184,,,,0,30.0,0,0
75,12,13,4,25,Y6073185,,,,0,30.0,0,0
75,12,13,4,26,Y6073186,,,,0,30.0,0,0
75,12,13,4,27,Y6073187,,,,0,30.0,0,0
75,12,13,4,28,Y6073188,,,,0,30.0,0,0
75,12,13,4,29,Y6073189,,,,0,30.0,0,0
75,12,13,4,30,Y6073190,,,,0,30.0,0,0
75,12,13,5,10,Y6073191,,,,0,30.0,0,0
75,12,13,5,11,Y6073192,,,,0,30.0,0,0
75,12,13,5,12,Y6073193,,,,0,30.0,0,0
75,12,13,5,13,Y6073194,,,,0,30.0,0,0
75,12,13,5,14,Y6073195,,,,0,30.0,0,0
75,12,13,5,15,Y6073196,,,,0,30.0,0,0
75,12,13,5,16,Y6073197,,,,0,30.0,0,0
75,12,13,5,17,Y6073198,,,,0,30.0,0,0
75,12,13,5,18,Y6073199,,,,0,30.0,0,0
75,12,13,5,19,Y6073200,,,,0,30.0,0,0
75,12,13,5,20,Y6073201,,,,0,30.0,0,0
75,12,13,5,21,Y6073202,,,,0,30.0,0,0
75,12,13,5,22,Y6073203,,,,0,30.0,0,0
75,12,13,5,23,Y6073204,,,,0,30.0,0,0
75,12,13,5,24,Y6073205,,,,0,30.0,0,0
75,12,13,5,25,Y6073206,,,,0,30.0,0,0
75,12,13,5,26,Y6073207,,,,0,30.0,0,0
75,12,13,5,27,Y6073208,,,,0,30.0,0,0
75,12,13,5,28,Y6073209,,,,0,30.0,0,0
75,12,13,5,29,Y6073210,,,,0,30.0,0,0
75,12,13,5,30,Y6073211,,,,0,30.0,0,0
75,12,13,6,10,Y6073212,,,,0,30.0,0,0
75,12,13,6,11,Y6073213,,,,0,30.0,0,0
75,12,13,6,12,Y6073214,,,,0,30.0,0,0
75,12,13,6,13,Y6073215,,,,0,30.0,0,0
75,12,13,6,14,Y6073216,,,,0,30.0,0,0
75,12,13,6,15,Y6073217,,,,0,30.0,0,0
75,12,13,6,16,Y6073218,,,,0,30.0,0,0
75,12,13,6,17,Y6073219,,,,0,30.0,0,0
75,12,13,6,18,Y6073220,,,,0,30.0,0,0
75,12,13,6,19,Y6073221,,,,0,30.0,0,0
75,12,13,6,20,Y6073222,,,,0,30.0,0,0
75,12,13,6,21,Y6073223,,,,0,30.0,0,0
75,12,13,6,22,Y6073224,,,,0,30.0,0,0
75,12,13,6,23,Y6073225,,,,0,30.0,0,0
75,12,13,6,24,Y6073226,,,,0,30.0,0,0
75,12,13,6,25,Y6073227,,,,0,30.0,0,0
75,12,13,6,26,Y6073228,,,,0,30.0,0,0
75,12,13,6,27,Y6073229,,,,0,30.0,0,0
75,12,13,6,28,Y6073230,,,,0,30.0,0,0
75,12,13,6,29,Y6073231,,,,0,30.0,0,0
75,12,13,6,30,Y6073232,,,,0,30.0,0,0
75,12,13,7,10,Y6073233,,,,0,30.0,0,0
75,12,13,7,11,Y6073234,,,,0,30.0,0,0
75,12,13,7,12,Y6073235,,,,0,30.0,0,0
75,12,13,7,13,Y6073236,,,,0,30.0,0,0
75,12,13,7,14,Y6073237,,,,0,30.0,0,0
75,12,13,7,15,Y6073238,,,,0,30.0,0,0
75,12,13,7,16,Y6073239,,,,0,30.0,0,0
75,12,13,7,17,Y6073240,,,,0,30.0,0,0
75,12,13,7,18,Y6073241,,,,0,30.0,0,0
75,12,13,7,19,Y6073242,,,,0,30.0,0,0
75,12,13,7,20,Y6073243,,,,0,30.0,0,0
75,12,13,7,21,Y6073244,,,,0,30.0,0,0
75,12,13,7,22,Y6073245,,,,0,30.0,0,0
75,12,13,7,23,Y6073246,,,,0,30.0,0,0
75,12,13,7,24,Y6073247,,,,0,30.0,0,0
75,12,13,7,25,Y6073248,,,,0,30.0,0,0
75,12,13,7,26,Y6073249,,,,0,30.0,0,0
75,12,13,7,27,Y6073250,,,,0,30.0,0,0
75,12,13,7,28,Y6073251,,,,0,30.0,0,0
75,12,13,7,29,Y6073252,,,,0,30.0,0,0
75,12,13,7,30,Y6073253,,,,0,30.0,0,0
75,12,13,8,10,Y6073254,,,,0,30.0,0,0
75,12,13,8,11,Y6073255,,,,0,30.0,0,0
75,12,13,8,12,Y6073256,,,,0,30.0,0,0
75,12,13,8,13,Y6073257,,,,0,30.0,0,0
75,12,13,8,14,Y6073258,,,,0,30.0,0,0
75,12,13,8,15,Y6073259,,,,0,30.0,0,0
75,12,13,8,16,Y6073260,,,,0,30.0,0,0
75,12,13,8,17,Y6073261,,,,0,30.0,0,0
75,12,13,8,18,Y6073262,,,,0,30.0,0,0
75,12,13,8,19,Y6073263,,,,0,30.0,0,0
75,12,13,8,20,Y6073264,,,,0,30.0,0,0
75,12,13,8,21,Y6073265,,,,0,30.0,0,0
75,12,13,8,22,Y6073266,,,,0,30.0,0,0
75,12,13,8,23,Y6073267,,,,0,30.0,0,0
75,12,13,8,24,Y6073268,,,,0,30.0,0,0
75,12,13,8,25,Y6073269,,,,0,30.0,0,0
75,12,13,8,26,Y6073270,,,,0,30.0,0,0
75,12,13,8,27,Y6073271,,,,0,30.0,0,0
75,12,13,8,28,Y6073272,,,,0,30.0,0,0
75,12,13,8,29,Y6073273,,,,0,30.0,0,0
75,12,13,8,30,Y6073274,,,,0,30.0,0,0
75,12,13,9,10,Y6073275,,,,0,30.0,0,0
75,12,13,9,11,Y6073276,,,,0,30.0,0,0
75,12,13,9,12,Y6073277,,,,0,30.0,0,0
75,12,13,9,13,Y6073278,,,,0,30.0,0,0
75,12,13,9,14,Y6073279,,,,0,30.0,0,0
75,12,13,9,15,Y6073280,,,,0,30.0,0,0
75,12,13,9,16,Y6073281,,,,0,30.0,0,0
75,12,13,9,17,Y6073282,,,,0,30.0,0,0
75,12,13,9,18,Y6073283,,,,0,30.0,0,0
75,12,13,9,19,Y6073284,,,,0,30.0,0,0
75,12,13,9,20,Y6073285,,,,0,30.0,0,0
75,12,13,9,21,Y6073286,,,,0,30.0,0,0
75,12,13,9,22,Y6073287,,,,0,30.0,0,0
75,12,13,9,23,Y6073288,,,,0,30.0,0,0
75,12,13,9,24,Y6073289,,,,0,30.0,0,0
75,12,13,9,25,Y6073290,,,,0,30.0,0,0
75,12,13,9,26,Y6073291,,,,0,30.0,0,0
75,12,13,9,27,Y6073292,,,,0,30.0,0,0
75,12,13,9,28,Y6073293,,,,0,30.0,0,0
75,12,13,9,29,Y6073294,,,,0,30.0,0,0
75,12,13,9,30,Y6073295,,,,0,30.0,0,0
75,12,13,10,10,Y6073296,,,,0,30.0,0,0
75,12,13,10,11,Y6073297,,,,0,30.0,0,0
75,12,13,10,12,Y6073298,,,,0,30.0,0,0
75,12,13,10,13,Y6073299,,,,0,30.0,0,0
75,12,13,10,14,Y6073300,,,,0,30.0,0,0
75,12,13,10,15,Y6073301,,,,0,30.0,0,0
75,12,13,10,16,Y6073302,,,,0,30.0,0,0
75,12,13,10,17,Y6073303,,,,0,30.0,0,0
75,12,13,10,18,Y6073304,,,,0,30.0,0,0
75,12,13,10,19,Y6073305,,,,0,30.0,0,0
75,12,13,10,20,Y6073306,,,,0,30.0,0,0
75,12,13,10,21,Y6073307,,,,0,30.0,0,0
75,12,13,10,22,Y6073308,,,,0,30.0,0,0
75,12,13,10,23,Y6073309,,,,0,30.0,0,0
75,12,13,10,24,Y6073310,,,,0,30.0,0,0
75,12,13,10,25,Y6073311,,,,0,30.0,0,0
75,12,13,10,26,Y6073312,,,,0,30.0,0,0
75,12,13,10,27,Y6073313,,,,0,30.0,0,0
75,12,13,10,28,Y6073314,,,,0,30.0,0,0
75,12,13,10,29,Y6073315,,,,0,30.0,0,0
75,12,13,10,30,Y6073316,,,,0,30.0,0,0
75,12,13,11,10,Y6073317,,,,0,30.0,0,0
75,12,13,11,11,Y6073318,,,,0,30.0,0,0
75,12,13,11,12,Y6073319,,,,0,30.0,0,0
75,12,13,11,13,Y6073320,,,,0,30.0,0,0
75,12,13,11,14,Y6073321,,,,0,30.0,0,0
75,12,13,11,15,Y6073322,,,,0,30.0,0,0
75,12,13,11,16,Y6073323,,,,0,30.0,0,0
75,12,13,11,17,Y6073324,,,,0,30.0,0,0
75,12,13,11,18,Y6073325,,,,0,30.0,0,0
75,12,13,11,19,Y6073326,,,,0,30.0,0,0
75,12,13,11,20,Y6073327,,,,0,30.0,0,0
75,12,13,11,21,Y6073328,,,,0,30.0,0,0
75,12,13,11,22,Y6073329,,,,0,30.0,0,0
75,12,13,11,23,Y6073330,,,,0,30.0,0,0
75,12,13,11,24,Y6073331,,,,0,30.0,0,0
75,12,13,11,25,Y6073332,,,,0,30.0,0,0
75,12,13,11,26,Y6073333,,,,0,30.0,0,0
75,12,13,11,27,Y6073334,,,,0,30.0,0,0
75,12,13,11,28,Y6073335,,,,0,30.0,0,0
75,12,13,11,29,Y6073336,,,,0,30.0,0,0
75,12,13,11,30,Y6073337,,,,0,30.0,0,0
75,12,13,12,10,Y6073338,,,,0,30.0,0,0
75,12,13,12,11,Y6073339,,,,0,30.0,0,0
75,12,13,12,12,Y6073340,,,,0,30.0,0,0
75,12,13,12,13,Y6073341,,,,0,30.0,0,0
75,12,13,12,14,Y6073342,,,,0,30.0,0,0
75,12,13,12,15,Y6073343,,,,0,30.0,0,0
75,12,13,12,16,Y6073344,,,,0,30.0,0,0
75,12,13,12,17,Y6073345,,,,0,30.0,0,0
75,12,13,12,18,Y6073346,,,,0,30.0,0,0
75,12,13,12,19,Y6073347,,,,0,30.0,0,0
75,12,13,12,20,Y6073348,,,,0,30.0,0,0
75,12,13,12,21,Y6073349,,,,0,30.0,0,0
75,12,13,12,22,Y6073350,,,,0,30.0,0,0
75,12,13,12,23,Y6073351,,,,0,30.0,0,0
75,12,13,12,24,Y6073352,,,,0,30.0,0,0
75,12,13,12,25,Y6073353,,,,0,30.0,0,0
75,12,13,12,26,Y6073354,,,,0,30.0,0,0
75,12,13,12,27,Y6073355,,,,0,30.0,0,0
75,12,13,12,28,Y6073356,,,,0,30.0,0,0
75,12,13,12,29,Y6073357,,,,0,30.0,0,0
75,12,13,12,30,Y6073358,,,,0,30.0,0,0
75,12,14,1,10,Y6073359,,,,0,30.0,0,0
75,12,14,1,11,Y6073360,,,,0,30.0,0,0
75,12,14,1,12,Y6073361,,,,0,30.0,0,0
75,12,14,1,13,Y6073362,,,,0,30.0,0,0
75,12,14,1,14,Y6073363,,,,0,30.0,0,0
75,12,14,1,15,Y6073364,,,,0,30.0,0,0
75,12,14,1,16,Y6073365,,,,0,30.0,0,0
75,12,14,1,17,Y6073366,,,,0,30.0,0,0
75,12,14,1,18,Y6073367,,,,0,30.0,0,0
75,12,14,1,19,Y6073368,,,,0,30.0,0,0
75,12,14,1,20,Y6073369,,,,0,30.0,0,0
75,12,14,1,21,Y6073370,,,,0,30.0,0,0
75,12,14,1,22,Y6073371,,,,0,30.0,0,0
75,12,14,1,23,Y6073372,,,,0,30.0,0,0
75,12,14,1,24,Y6073373,,,,0,30.0,0,0
75,12,14,1,25,Y6073374,,,,0,30.0,0,0
75,12,14,1,26,Y6073375,,,,0,30.0,0,0
75,12,14,1,27,Y6073376,,,,0,30.0,0,0
75,12,14,1,28,Y6073377,,,,0,30.0,0,0
75,12,14,1,29,Y6073378,,,,0,30.0,0,0
75,12,14,1,30,Y6073379,,,,0,30.0,0,0
75,12,14,2,10,Y6073380,,,,0,30.0,0,0
75,12,14,2,11,Y6073381,,,,0,30.0,0,0
75,12,14,2,12,Y6073382,,,,0,30.0,0,0
75,12,14,2,13,Y6073383,,,,0,30.0,0,0
75,12,14,2,14,Y6073384,,,,0,30.0,0,0
75,12,14,2,15,Y6073385,,,,0,30.0,0,0
75,12,14,2,16,Y6073386,,,,0,30.0,0,0
75,12,14,2,17,Y6073387,,,,0,30.0,0,0
75,12,14,2,18,Y6073388,,,,0,30.0,0,0
75,12,14,2,19,Y6073389,,,,0,30.0,0,0
75,12,14,2,20,Y6073390,,,,0,30.0,0,0
75,12,14,2,21,Y6073391,,,,0,30.0,0,0
75,12,14,2,22,Y6073392,,,,0,30.0,0,0
75,12,14,2,23,Y6073393,,,,0,30.0,0,0
75,12,14,2,24,Y6073394,,,,0,30.0,0,0
75,12,14,2,25,Y6073395,,,,0,30.0,0,0
75,12,14,2,26,Y6073396,,,,0,30.0,0,0
75,12,14,2,27,Y6073397,,,,0,30.0,0,0
75,12,14,2,28,Y6073398,,,,0,30.0,0,0
75,12,14,2,29,Y6073399,,,,0,30.0,0,0
75,12,14,2,30,Y6073400,,,,0,30.0,0,0
75,12,14,3,10,Y6073401,,,,0,30.0,0,0
75,12,14,3,11,Y6073402,,,,0,30.0,0,0
75,12,14,3,12,Y6073403,,,,0,30.0,0,0
75,12,14,3,13,Y6073404,,,,0,30.0,0,0
75,12,14,3,14,Y6073405,,,,0,30.0,0,0
75,12,14,3,15,Y6073406,,,,0,30.0,0,0
75,12,14,3,16,Y6073407,,,,0,30.0,0,0
75,12,14,3,17,Y6073408,,,,0,30.0,0,0
75,12,14,3,18,Y6073409,,,,0,30.0,0,0
75,12,14,3,19,Y6073410,,,,0,30.0,0,0
75,12,14,3,20,Y6073411,,,,0,30.0,0,0
75,12,14,3,21,Y6073412,,,,0,30.0,0,0
75,12,14,3,22,Y6073413,,,,0,30.0,0,0
75,12,14,3,23,Y6073414,,,,0,30.0,0,0
75,12,14,3,24,Y6073415,,,,0,30.0,0,0
75,12,14,3,25,Y6073416,,,,0,30.0,0,0
75,12,14,3,26,Y6073417,,,,0,30.0,0,0
75,12,14,3,27,Y6073418,,,,0,30.0,0,0
75,12,14,3,28,Y6073419,,,,0,30.0,0,0
75,12,14,3,29,Y6073420,,,,0,30.0,0,0
75,12,14,3,30,Y6073421,,,,0,30.0,0,0
75,12,14,4,10,Y6073422,,,,0,30.0,0,0
75,12,14,4,11,Y6073423,,,,0,30.0,0,0
75,12,14,4,12,Y6073424,,,,0,30.0,0,0
75,12,14,4,13,Y6073425,,,,0,30.0,0,0
75,12,14,4,14,Y6073426,,,,0,30.0,0,0
75,12,14,4,15,Y6073427,,,,0,30.0,0,0
75,12,14,4,16,Y6073428,,,,0,30.0,0,0
75,12,14,4,17,Y6073429,,,,0,30.0,0,0
75,12,14,4,18,Y6073430,,,,0,30.0,0,0
75,12,14,4,19,Y6073431,,,,0,30.0,0,0
75,12,14,4,20,Y6073432,,,,0,30.0,0,0
75,12,14,4,21,Y6073433,,,,0,30.0,0,0
75,12,14,4,22,Y6073434,,,,0,30.0,0,0
75,12,14,4,23,Y6073435,,,,0,30.0,0,0
75,12,14,4,24,Y6073436,,,,0,30.0,0,0
75,12,14,4,25,Y6073437,,,,0,30.0,0,0
75,12,14,4,26,Y6073438,,,,0,30.0,0,0
75,12,14,4,27,Y6073439,,,,0,30.0,0,0
75,12,14,4,28,Y6073440,,,,0,30.0,0,0
75,12,14,4,29,Y6073441,,,,0,30.0,0,0
75,12,14,4,30,Y6073442,,,,0,30.0,0,0
75,12,14,5,10,Y6073443,,,,0,30.0,0,0
75,12,14,5,11,Y6073444,,,,0,30.0,0,0
75,12,14,5,12,Y6073445,,,,0,30.0,0,0
75,12,14,5,13,Y6073446,,,,0,30.0,0,0
75,12,14,5,14,Y6073447,,,,0,30.0,0,0
75,12,14,5,15,Y6073448,,,,0,30.0,0,0
75,12,14,5,16,Y6073449,,,,0,30.0,0,0
75,12,14,5,17,Y6073450,,,,0,30.0,0,0
75,12,14,5,18,Y6073451,,,,0,30.0,0,0
75,12,14,5,19,Y6073452,,,,0,30.0,0,0
75,12,14,5,20,Y6073453,,,,0,30.0,0,0
75,12,14,5,21,Y6073454,,,,0,30.0,0,0
75,12,14,5,22,Y6073455,,,,0,30.0,0,0
75,12,14,5,23,Y6073456,,,,0,30.0,0,0
75,12,14,5,24,Y6073457,,,,0,30.0,0,0
75,12,14,5,25,Y6073458,,,,0,30.0,0,0
75,12,14,5,26,Y6073459,,,,0,30.0,0,0
75,12,14,5,27,Y6073460,,,,0,30.0,0,0
75,12,14,5,28,Y6073461,,,,0,30.0,0,0
75,12,14,5,29,Y6073462,,,,0,30.0,0,0
75,12,14,5,30,Y6073463,,,,0,30.0,0,0
75,12,14,6,10,Y6073464,,,,0,30.0,0,0
75,12,14,6,11,Y6073465,,,,0,30.0,0,0
75,12,14,6,12,Y6073466,,,,0,30.0,0,0
75,12,14,6,13,Y6073467,,,,0,30.0,0,0
75,12,14,6,14,Y6073468,,,,0,30.0,0,0
75,12,14,6,15,Y6073469,,,,0,30.0,0,0
75,12,14,6,16,Y6073470,,,,0,30.0,0,0
75,12,14,6,17,Y6073471,,,,0,30.0,0,0
75,12,14,6,18,Y6073472,,,,0,30.0,0,0
75,12,14,6,19,Y6073473,,,,0,30.0,0,0
75,12,14,6,20,Y6073474,,,,0,30.0,0,0
75,12,14,6,21,Y6073475,,,,0,30.0,0,0
75,12,14,6,22,Y6073476,,,,0,30.0,0,0
75,12,14,6,23,Y6073477,,,,0,30.0,0,0
75,12,14,6,24,Y6073478,,,,0,30.0,0,0
75,12,14,6,25,Y6073479,,,,0,30.0,0,0
75,12,14,6,26,Y6073480,,,,0,30.0,0,0
75,12,14,6,27,Y6073481,,,,0,30.0,0,0
75,12,14,6,28,Y6073482,,,,0,30.0,0,0
75,12,14,6,29,Y6073483,,,,0,30.0,0,0
75,12,14,6,30,Y6073484,,,,0,30.0,0,0
75,12,14,7,10,Y6073485,,,,0,30.0,0,0
75,12,14,7,11,Y6073486,,,,0,30.0,0,0
75,12,14,7,12,Y6073487,,,,0,30.0,0,0
75,12,14,7,13,Y6073488,,,,0,30.0,0,0
75,12,14,7,14,Y6073489,,,,0,30.0,0,0
75,12,14,7,15,Y6073490,,,,0,30.0,0,0
75,12,14,7,16,Y6073491,,,,0,30.0,0,0
75,12,14,7,17,Y6073492,,,,0,30.0,0,0
75,12,14,7,18,Y6073493,,,,0,30.0,0,0
75,12,14,7,19,Y6073494,,,,0,30.0,0,0
75,12,14,7,20,Y6073495,,,,0,30.0,0,0
75,12,14,7,21,Y6073496,,,,0,30.0,0,0
75,12,14,7,22,Y6073497,,,,0,30.0,0,0
75,12,14,7,23,Y6073498,,,,0,30.0,0,0
75,12,14,7,24,Y6073499,,,,0,30.0,0,0
75,12,14,7,25,Y6073500,,,,0,30.0,0,0
75,12,14,7,26,Y6073501,,,,0,30.0,0,0
75,12,14,7,27,Y6073502,,,,0,30.0,0,0
75,12,14,7,28,Y6073503,,,,0,30.0,0,0
75,12,14,7,29,Y6073504,,,,0,30.0,0,0
75,12,14,7,30,Y6073505,,,,0,30.0,0,0
75,12,14,8,10,Y6073506,,,,0,30.0,0,0
75,12,14,8,11,Y6073507,,,,0,30.0,0,0
75,12,14,8,12,Y6073508,,,,0,30.0,0,0
75,12,14,8,13,Y6073509,,,,0,30.0,0,0
75,12,14,8,14,Y6073510,,,,0,30.0,0,0
75,12,14,8,15,Y6073511,,,,0,30.0,0,0
75,12,14,8,16,Y6073512,,,,0,30.0,0,0
75,12,14,8,17,Y6073513,,,,0,30.0,0,0
75,12,14,8,18,Y6073514,,,,0,30.0,0,0
75,12,14,8,19,Y6073515,,,,0,30.0,0,0
75,12,14,8,20,Y6073516,,,,0,30.0,0,0
75,12,14,8,21,Y6073517,,,,0,30.0,0,0
75,12,14,8,22,Y6073518,,,,0,30.0,0,0
75,12,14,8,23,Y6073519,,,,0,30.0,0,0
75,12,14,8,24,Y6073520,,,,0,30.0,0,0
75,12,14,8,25,Y6073521,,,,0,30.0,0,0
75,12,14,8,26,Y6073522,,,,0,30.0,0,0
75,12,14,8,27,Y6073523,,,,0,30.0,0,0
75,12,14,8,28,Y6073524,,,,0,30.0,0,0
75,12,14,8,29,Y6073525,,,,0,30.0,0,0
75,12,14,8,30,Y6073526,,,,0,30.0,0,0
75,12,14,9,10,Y6073527,,,,0,30.0,0,0
75,12,14,9,11,Y6073528,,,,0,30.0,0,0
75,12,14,9,12,Y6073529,,,,0,30.0,0,0
75,12,14,9,13,Y6073530,,,,0,30.0,0,0
75,12,14,9,14,Y6073531,,,,0,30.0,0,0
75,12,14,9,15,Y6073532,,,,0,30.0,0,0
75,12,14,9,16,Y6073533,,,,0,30.0,0,0
75,12,14,9,17,Y6073534,,,,0,30.0,0,0
75,12,14,9,18,Y6073535,,,,0,30.0,0,0
75,12,14,9,19,Y6073536,,,,0,30.0,0,0
75,12,14,9,20,Y6073537,,,,0,30.0,0,0
75,12,14,9,21,Y6073538,,,,0,30.0,0,0
75,12,14,9,22,Y6073539,,,,0,30.0,0,0
75,12,14,9,23,Y6073540,,,,0,30.0,0,0
75,12,14,9,24,Y6073541,,,,0,30.0,0,0
75,12,14,9,25,Y6073542,,,,0,30.0,0,0
75,12,14,9,26,Y6073543,,,,0,30.0,0,0
75,12,14,9,27,Y6073544,,,,0,30.0,0,0
75,12,14,9,28,Y6073545,,,,0,30.0,0,0
75,12,14,9,29,Y6073546,,,,0,30.0,0,0
75,12,14,9,30,Y6073547,,,,0,30.0,0,0
75,12,14,10,10,Y6073548,,,,0,30.0,0,0
75,12,14,10,11,Y6073549,,,,0,30.0,0,0
75,12,14,10,12,Y6073550,,,,0,30.0,0,0
75,12,14,10,13,Y6073551,,,,0,30.0,0,0
75,12,14,10,14,Y6073552,,,,0,30.0,0,0
75,12,14,10,15,Y6073553,,,,0,30.0,0,0
75,12,14,10,16,Y6073554,,,,0,30.0,0,0
75,12,14,10,17,Y6073555,,,,0,30.0,0,0
75,12,14,10,18,Y6073556,,,,0,30.0,0,0
75,12,14,10,19,Y6073557,,,,0,30.0,0,0
75,12,14,10,20,Y6073558,,,,0,30.0,0,0
75,12,14,10,21,Y6073559,,,,0,30.0,0,0
75,12,14,10,22,Y6073560,,,,0,30.0,0,0
75,12,14,10,23,Y6073561,,,,0,30.0,0,0
75,12,14,10,24,Y6073562,,,,0,30.0,0,0
75,12,14,10,25,Y6073563,,,,0,30.0,0,0
75,12,14,10,26,Y6073564,,,,0,30.0,0,0
75,12,14,10,27,Y6073565,,,,0,30.0,0,0
75,12,14,10,28,Y6073566,,,,0,30.0,0,0
75,12,14,10,29,Y6073567,,,,0,30.0,0,0
75,12,14,10,30,Y6073568,,,,0,30.0,0,0
75,12,14,11,10,Y6073569,,,,0,30.0,0,0
75,12,14,11,11,Y6073570,,,,0,30.0,0,0
75,12,14,11,12,Y6073571,,,,0,30.0,0,0
75,12,14,11,13,Y6073572,,,,0,30.0,0,0
75,12,14,11,14,Y6073573,,,,0,30.0,0,0
75,12,14,11,15,Y6073574,,,,0,30.0,0,0
75,12,14,11,16,Y6073575,,,,0,30.0,0,0
75,12,14,11,17,Y6073576,,,,0,30.0,0,0
75,12,14,11,18,Y6073577,,,,0,30.0,0,0
75,12,14,11,19,Y6073578,,,,0,30.0,0,0
75,12,14,11,20,Y6073579,,,,0,30.0,0,0
75,12,14,11,21,Y6073580,,,,0,30.0,0,0
75,12,14,11,22,Y6073581,,,,0,30.0,0,0
75,12,14,11,23,Y6073582,,,,0,30.0,0,0
75,12,14,11,24,Y6073583,,,,0,30.0,0,0
75,12,14,11,25,Y6073584,,,,0,30.0,0,0
75,12,14,11,26,Y6073585,,,,0,30.0,0,0
75,12,14,11,27,Y6073586,,,,0,30.0,0,0
75,12,14,11,28,Y6073587,,,,0,30.0,0,0
75,12,14,11,29,Y6073588,,,,0,30.0,0,0
75,12,14,11,30,Y6073589,,,,0,30.0,0,0
75,12,14,12,10,Y6073590,,,,0,30.0,0,0
75,12,14,12,11,Y6073591,,,,0,30.0,0,0
75,12,14,12,12,Y6073592,,,,0,30.0,0,0
75,12,14,12,13,Y6073593,,,,0,30.0,0,0
75,12,14,12,14,Y6073594,,,,0,30.0,0,0
75,12,14,12,15,Y6073595,,,,0,30.0,0,0
75,12,14,12,16,Y6073596,,,,0,30.0,0,0
75,12,14,12,17,Y6073597,,,,0,30.0,0,0
75,12,14,12,18,Y6073598,,,,0,30.0,0,0
75,12,14,12,19,Y6073599,,,,0,30.0,0,0
75,12,14,12,20,Y6073600,,,,0,30.0,0,0
75,12,14,12,21,Y6073601,,,,0,30.0,0,0
75,12,14,12,22,Y6073602,,,,0,30.0,0,0
75,12,14,12,23,Y6073603,,,,0,30.0,0,0
75,12,14,12,24,Y6073604,,,,0,30.0,0,0
75,12,14,12,25,Y6073605,,,,0,30.0,0,0
75,12,14,12,26,Y6073606,,,,0,30.0,0,0
75,12,14,12,27,Y6073607,,,,0,30.0,0,0
75,12,14,12,28,Y6073608,,,,0,30.0,0,0
75,12,14,12,29,Y6073609,,,,0,30.0,0,0
75,12,14,12,30,Y6073610,,,,0,30.0,0,0
75,12,15,1,10,Y6073611,,,,0,30.0,0,0
75,12,15,1,11,Y6073612,,,,0,30.0,0,0
75,12,15,1,12,Y6073613,,,,0,30.0,0,0
75,12,15,1,13,Y6073614,,,,0,30.0,0,0
75,12,15,1,14,Y6073615,,,,0,30.0,0,0
75,12,15,1,15,Y6073616,,,,0,30.0,0,0
75,12,15,1,16,Y6073617,,,,0,30.0,0,0
75,12,15,1,17,Y6073618,,,,0,30.0,0,0
75,12,15,1,18,Y6073619,,,,0,30.0,0,0
75,12,15,1,19,Y6073620,,,,0,30.0,0,0
75,12,15,1,20,Y6073621,,,,0,30.0,0,0
75,12,15,1,21,Y6073622,,,,0,30.0,0,0
75,12,15,1,22,Y6073623,,,,0,30.0,0,0
75,12,15,1,23,Y6073624,,,,0,30.0,0,0
75,12,15,1,24,Y6073625,,,,0,30.0,0,0
75,12,15,1,25,Y6073626,,,,0,30.0,0,0
75,12,15,1,26,Y6073627,,,,0,30.0,0,0
75,12,15,1,27,Y6073628,,,,0,30.0,0,0
75,12,15,1,28,Y6073629,,,,0,30.0,0,0
75,12,15,1,29,Y6073630,,,,0,30.0,0,0
75,12,15,1,30,Y6073631,,,,0,30.0,0,0
75,12,15,2,10,Y6073632,,,,0,30.0,0,0
75,12,15,2,11,Y6073633,,,,0,30.0,0,0
75,12,15,2,12,Y6073634,,,,0,30.0,0,0
75,12,15,2,13,Y6073635,,,,0,30.0,0,0
75,12,15,2,14,Y6073636,,,,0,30.0,0,0
75,12,15,2,15,Y6073637,,,,0,30.0,0,0
75,12,15,2,16,Y6073638,,,,0,30.0,0,0
75,12,15,2,17,Y6073639,,,,0,30.0,0,0
75,12,15,2,18,Y6073640,,,,0,30.0,0,0
75,12,15,2,19,Y6073641,,,,0,30.0,0,0
75,12,15,2,20,Y6073642,,,,0,30.0,0,0
75,12,15,2,21,Y6073643,,,,0,30.0,0,0
75,12,15,2,22,Y6073644,,,,0,30.0,0,0
75,12,15,2,23,Y6073645,,,,0,30.0,0,0
75,12,15,2,24,Y6073646,,,,0,30.0,0,0
75,12,15,2,25,Y6073647,,,,0,30.0,0,0
75,12,15,2,26,Y6073648,,,,0,30.0,0,0
75,12,15,2,27,Y6073649,,,,0,30.0,0,0
75,12,15,2,28,Y6073650,,,,0,30.0,0,0
75,12,15,2,29,Y6073651,,,,0,30.0,0,0
75,12,15,2,30,Y6073652,,,,0,30.0,0,0
75,12,15,3,10,Y6073653,,,,0,30.0,0,0
75,12,15,3,11,Y6073654,,,,0,30.0,0,0
75,12,15,3,12,Y6073655,,,,0,30.0,0,0
75,12,15,3,13,Y6073656,,,,0,30.0,0,0
75,12,15,3,14,Y6073657,,,,0,30.0,0,0
75,12,15,3,15,Y6073658,,,,0,30.0,0,0
75,12,15,3,16,Y6073659,,,,0,30.0,0,0
75,12,15,3,17,Y6073660,,,,0,30.0,0,0
75,12,15,3,18,Y6073661,,,,0,30.0,0,0
75,12,15,3,19,Y6073662,,,,0,30.0,0,0
75,12,15,3,20,Y6073663,,,,0,30.0,0,0
75,12,15,3,21,Y6073664,,,,0,30.0,0,0
75,12,15,3,22,Y6073665,,,,0,30.0,0,0
75,12,15,3,23,Y6073666,,,,0,30.0,0,0
75,12,15,3,24,Y6073667,,,,0,30.0,0,0
75,12,15,3,25,Y6073668,,,,0,30.0,0,0
75,12,15,3,26,Y6073669,,,,0,30.0,0,0
75,12,15,3,27,Y6073670,,,,0,30.0,0,0
75,12,15,3,28,Y6073671,,,,0,30.0,0,0
75,12,15,3,29,Y6073672,,,,0,30.0,0,0
75,12,15,3,30,Y6073673,,,,0,30.0,0,0
75,12,15,4,10,Y6073674,,,,0,30.0,0,0
75,12,15,4,11,Y6073675,,,,0,30.0,0,0
75,12,15,4,12,Y6073676,,,,0,30.0,0,0
75,12,15,4,13,Y6073677,,,,0,30.0,0,0
75,12,15,4,14,Y6073678,,,,0,30.0,0,0
75,12,15,4,15,Y6073679,,,,0,30.0,0,0
75,12,15,4,16,Y6073680,,,,0,30.0,0,0
75,12,15,4,17,Y6073681,,,,0,30.0,0,0
75,12,15,4,18,Y6073682,,,,0,30.0,0,0
75,12,15,4,19,Y6073683,,,,0,30.0,0,0
75,12,15,4,20,Y6073684,,,,0,30.0,0,0
75,12,15,4,21,Y6073685,,,,0,30.0,0,0
75,12,15,4,22,Y6073686,,,,0,30.0,0,0
75,12,15,4,23,Y6073687,,,,0,30.0,0,0
75,12,15,4,24,Y6073688,,,,0,30.0,0,0
75,12,15,4,25,Y6073689,,,,0,30.0,0,0
75,12,15,4,26,Y6073690,,,,0,30.0,0,0
75,12,15,4,27,Y6073691,,,,0,30.0,0,0
75,12,15,4,28,Y6073692,,,,0,30.0,0,0
75,12,15,4,29,Y6073693,,,,0,30.0,0,0
75,12,15,4,30,Y6073694,,,,0,30.0,0,0
75,12,15,5,10,Y6073695,,,,0,30.0,0,0
75,12,15,5,11,Y6073696,,,,0,30.0,0,0
75,12,15,5,12,Y6073697,,,,0,30.0,0,0
75,12,15,5,13,Y6073698,,,,0,30.0,0,0
75,12,15,5,14,Y6073699,,,,0,30.0,0,0
75,12,15,5,15,Y6073700,,,,0,30.0,0,0
75,12,15,5,16,Y6073701,,,,0,30.0,0,0
75,12,15,5,17,Y6073702,,,,0,30.0,0,0
75,12,15,5,18,Y6073703,,,,0,30.0,0,0
75,12,15,5,19,Y6073704,,,,0,30.0,0,0
75,12,15,5,20,Y6073705,,,,0,30.0,0,0
75,12,15,5,21,Y6073706,,,,0,30.0,0,0
75,12,15,5,22,Y6073707,,,,0,30.0,0,0
75,12,15,5,23,Y6073708,,,,0,30.0,0,0
75,12,15,5,24,Y6073709,,,,0,30.0,0,0
75,12,15,5,25,Y6073710,,,,0,30.0,0,0
75,12,15,5,26,Y6073711,,,,0,30.0,0,0
75,12,15,5,27,Y6073712,,,,0,30.0,0,0
75,12,15,5,28,Y6073713,,,,0,30.0,0,0
75,12,15,5,29,Y6073714,,,,0,30.0,0,0
75,12,15,5,30,Y6073715,,,,0,30.0,0,0
75,12,15,6,10,Y6073716,,,,0,30.0,0,0
75,12,15,6,11,Y6073717,,,,0,30.0,0,0
75,12,15,6,12,Y6073718,,,,0,30.0,0,0
75,12,15,6,13,Y6073719,,,,0,30.0,0,0
75,12,15,6,14,Y6073720,,,,0,30.0,0,0
75,12,15,6,15,Y6073721,,,,0,30.0,0,0
75,12,15,6,16,Y6073722,,,,0,30.0,0,0
75,12,15,6,17,Y6073723,,,,0,30.0,0,0
75,12,15,6,18,Y6073724,,,,0,30.0,0,0
75,12,15,6,19,Y6073725,,,,0,30.0,0,0
75,12,15,6,20,Y6073726,,,,0,30.0,0,0
75,12,15,6,21,Y6073727,,,,0,30.0,0,0
75,12,15,6,22,Y6073728,,,,0,30.0,0,0
75,12,15,6,23,Y6073729,,,,0,30.0,0,0
75,12,15,6,24,Y6073730,,,,0,30.0,0,0
75,12,15,6,25,Y6073731,,,,0,30.0,0,0
75,12,15,6,26,Y6073732,,,,0,30.0,0,0
75,12,15,6,27,Y6073733,,,,0,30.0,0,0
75,12,15,6,28,Y6073734,,,,0,30.0,0,0
75,12,15,6,29,Y6073735,,,,0,30.0,0,0
75,12,15,6,30,Y6073736,,,,0,30.0,0,0
75,12,15,7,10,Y6073737,,,,0,30.0,0,0
75,12,15,7,11,Y6073738,,,,0,30.0,0,0
75,12,15,7,12,Y6073739,,,,0,30.0,0,0
75,12,15,7,13,Y6073740,,,,0,30.0,0,0
75,12,15,7,14,Y6073741,,,,0,30.0,0,0
75,12,15,7,15,Y6073742,,,,0,30.0,0,0
75,12,15,7,16,Y6073743,,,,0,30.0,0,0
75,12,15,7,17,Y6073744,,,,0,30.0,0,0
75,12,15,7,18,Y6073745,,,,0,30.0,0,0
75,12,15,7,19,Y6073746,,,,0,30.0,0,0
75,12,15,7,20,Y6073747,,,,0,30.0,0,0
75,12,15,7,21,Y6073748,,,,0,30.0,0,0
75,12,15,7,22,Y6073749,,,,0,30.0,0,0
75,12,15,7,23,Y6073750,,,,0,30.0,0,0
75,12,15,7,24,Y6073751,,,,0,30.0,0,0
75,12,15,7,25,Y6073752,,,,0,30.0,0,0
75,12,15,7,26,Y6073753,,,,0,30.0,0,0
75,12,15,7,27,Y6073754,,,,0,30.0,0,0
75,12,15,7,28,Y6073755,,,,0,30.0,0,0
75,12,15,7,29,Y6073756,,,,0,30.0,0,0
75,12,15,7,30,Y6073757,,,,0,30.0,0,0
75,12,15,8,10,Y6073758,,,,0,30.0,0,0
75,12,15,8,11,Y6073759,,,,0,30.0,0,0
75,12,15,8,12,Y6073760,,,,0,30.0,0,0
75,12,15,8,13,Y6073761,,,,0,30.0,0,0
75,12,15,8,14,Y6073762,,,,0,30.0,0,0
75,12,15,8,15,Y6073763,,,,0,30.0,0,0
75,12,15,8,16,Y6073764,,,,0,30.0,0,0
75,12,15,8,17,Y6073765,,,,0,30.0,0,0
75,12,15,8,18,Y6073766,,,,0,30.0,0,0
75,12,15,8,19,Y6073767,,,,0,30.0,0,0
75,12,15,8,20,Y6073768,,,,0,30.0,0,0
75,12,15,8,21,Y6073769,,,,0,30.0,0,0
75,12,15,8,22,Y6073770,,,,0,30.0,0,0
75,12,15,8,23,Y6073771,,,,0,30.0,0,0
75,12,15,8,24,Y6073772,,,,0,30.0,0,0
75,12,15,8,25,Y6073773,,,,0,30.0,0,0
75,12,15,8,26,Y6073774,,,,0,30.0,0,0
75,12,15,8,27,Y6073775,,,,0,30.0,0,0
75,12,15,8,28,Y6073776,,,,0,30.0,0,0
75,12,15,8,29,Y6073777,,,,0,30.0,0,0
75,12,15,8,30,Y6073778,,,,0,30.0,0,0
75,12,15,9,10,Y6073779,,,,0,30.0,0,0
75,12,15,9,11,Y6073780,,,,0,30.0,0,0
75,12,15,9,12,Y6073781,,,,0,30.0,0,0
75,12,15,9,13,Y6073782,,,,0,30.0,0,0
75,12,15,9,14,Y6073783,,,,0,30.0,0,0
75,12,15,9,15,Y6073784,,,,0,30.0,0,0
75,12,15,9,16,Y6073785,,,,0,30.0,0,0
75,12,15,9,17,Y6073786,,,,0,30.0,0,0
75,12,15,9,18,Y6073787,,,,0,30.0,0,0
75,12,15,9,19,Y6073788,,,,0,30.0,0,0
75,12,15,9,20,Y6073789,,,,0,30.0,0,0
75,12,15,9,21,Y6073790,,,,0,30.0,0,0
75,12,15,9,22,Y6073791,,,,0,30.0,0,0
75,12,15,9,23,Y6073792,,,,0,30.0,0,0
75,12,15,9,24,Y6073793,,,,0,30.0,0,0
75,12,15,9,25,Y6073794,,,,0,30.0,0,0
75,12,15,9,26,Y6073795,,,,0,30.0,0,0
75,12,15,9,27,Y6073796,,,,0,30.0,0,0
75,12,15,9,28,Y6073797,,,,0,30.0,0,0
75,12,15,9,29,Y6073798,,,,0,30.0,0,0
75,12,15,9,30,Y6073799,,,,0,30.0,0,0
75,12,15,10,10,Y6073800,,,,0,30.0,0,0
75,12,15,10,11,Y6073801,,,,0,30.0,0,0
75,12,15,10,12,Y6073802,,,,0,30.0,0,0
75,12,15,10,13,Y6073803,,,,0,30.0,0,0
75,12,15,10,14,Y6073804,,,,0,30.0,0,0
75,12,15,10,15,Y6073805,,,,0,30.0,0,0
75,12,15,10,16,Y6073806,,,,0,30.0,0,0
75,12,15,10,17,Y6073807,,,,0,30.0,0,0
75,12,15,10,18,Y6073808,,,,0,30.0,0,0
75,12,15,10,19,Y6073809,,,,0,30.0,0,0
75,12,15,10,20,Y6073810,,,,0,30.0,0,0
75,12,15,10,21,Y6073811,,,,0,30.0,0,0
75,12,15,10,22,Y6073812,,,,0,30.0,0,0
75,12,15,10,23,Y6073813,,,,0,30.0,0,0
75,12,15,10,24,Y6073814,,,,0,30.0,0,0
75,12,15,10,25,Y6073815,,,,0,30.0,0,0
75,12,15,10,26,Y6073816,,,,0,30.0,0,0
75,12,15,10,27,Y6073817,,,,0,30.0,0,0
75,12,15,10,28,Y6073818,,,,0,30.0,0,0
75,12,15,10,29,Y6073819,,,,0,30.0,0,0
75,12,15,10,30,Y6073820,,,,0,30.0,0,0
75,12,15,11,10,Y6073821,,,,0,30.0,0,0
75,12,15,11,11,Y6073822,,,,0,30.0,0,0
75,12,15,11,12,Y6073823,,,,0,30.0,0,0
75,12,15,11,13,Y6073824,,,,0,30.0,0,0
75,12,15,11,14,Y6073825,,,,0,30.0,0,0
75,12,15,11,15,Y6073826,,,,0,30.0,0,0
75,12,15,11,16,Y6073827,,,,0,30.0,0,0
75,12,15,11,17,Y6073828,,,,0,30.0,0,0
75,12,15,11,18,Y6073829,,,,0,30.0,0,0
75,12,15,11,19,Y6073830,,,,0,30.0,0,0
75,12,15,11,20,Y6073831,,,,0,30.0,0,0
75,12,15,11,21,Y6073832,,,,0,30.0,0,0
75,12,15,11,22,Y6073833,,,,0,30.0,0,0
75,12,15,11,23,Y6073834,,,,0,30.0,0,0
75,12,15,11,24,Y6073835,,,,0,30.0,0,0
75,12,15,11,25,Y6073836,,,,0,30.0,0,0
75,12,15,11,26,Y6073837,,,,0,30.0,0,0
75,12,15,11,27,Y6073838,,,,0,30.0,0,0
75,12,15,11,28,Y6073839,,,,0,30.0,0,0
75,12,15,11,29,Y6073840,,,,0,30.0,0,0
75,12,15,11,30,Y6073841,,,,0,30.0,0,0
75,12,15,12,10,Y6073842,,,,0,30.0,0,0
75,12,15,12,11,Y6073843,,,,0,30.0,0,0
75,12,15,12,12,Y6073844,,,,0,30.0,0,0
75,12,15,12,13,Y6073845,,,,0,30.0,0,0
75,12,15,12,14,Y6073846,,,,0,30.0,0,0
75,12,15,12,15,Y6073847,,,,0,30.0,0,0
75,12,15,12,16,Y6073848,,,,0,30.0,0,0
75,12,15,12,17,Y6073849,,,,0,30.0,0,0
75,12,15,12,18,Y6073850,,,,0,30.0,0,0
75,12,15,12,19,Y6073851,,,,0,30.0,0,0
75,12,15,12,20,Y6073852,,,,0,30.0,0,0
75,12,15,12,21,Y6073853,,,,0,30.0,0,0
75,12,15,12,22,Y6073854,,,,0,30.0,0,0
75,12,15,12,23,Y6073855,,,,0,30.0,0,0
75,12,15,12,24,Y6073856,,,,0,30.0,0,0
75,12,15,12,25,Y6073857,,,,0,30.0,0,0
75,12,15,12,26,Y6073858,,,,0,30.0,0,0
75,12,15,12,27,Y6073859,,,,0,30.0,0,0
75,12,15,12,28,Y6073860,,,,0,30.0,0,0
75,12,15,12,29,Y6073861,,,,0,30.0,0,0
75,12,15,12,30,Y6073862,,,,0,30.0,0,0
75,12,16,1,10,Y6073863,,,,0,30.0,0,0
75,12,16,1,11,Y6073864,,,,0,30.0,0,0
75,12,16,1,12,Y6073865,,,,0,30.0,0,0
75,12,16,1,13,Y6073866,,,,0,30.0,0,0
75,12,16,1,14,Y6073867,,,,0,30.0,0,0
75,12,16,1,15,Y6073868,,,,0,30.0,0,0
75,12,16,1,16,Y6073869,,,,0,30.0,0,0
75,12,16,1,17,Y6073870,,,,0,30.0,0,0
75,12,16,1,18,Y6073871,,,,0,30.0,0,0
75,12,16,1,19,Y6073872,,,,0,30.0,0,0
75,12,16,1,20,Y6073873,,,,0,30.0,0,0
75,12,16,1,21,Y6073874,,,,0,30.0,0,0
75,12,16,1,22,Y6073875,,,,0,30.0,0,0
75,12,16,1,23,Y6073876,,,,0,30.0,0,0
75,12,16,1,24,Y6073877,,,,0,30.0,0,0
75,12,16,1,25,Y6073878,,,,0,30.0,0,0
75,12,16,1,26,Y6073879,,,,0,30.0,0,0
75,12,16,1,27,Y6073880,,,,0,30.0,0,0
75,12,16,1,28,Y6073881,,,,0,30.0,0,0
75,12,16,1,29,Y6073882,,,,0,30.0,0,0
75,12,16,1,30,Y6073883,,,,0,30.0,0,0
75,12,16,2,10,Y6073884,,,,0,30.0,0,0
75,12,16,2,11,Y6073885,,,,0,30.0,0,0
75,12,16,2,12,Y6073886,,,,0,30.0,0,0
75,12,16,2,13,Y6073887,,,,0,30.0,0,0
75,12,16,2,14,Y6073888,,,,0,30.0,0,0
75,12,16,2,15,Y6073889,,,,0,30.0,0,0
75,12,16,2,16,Y6073890,,,,0,30.0,0,0
75,12,16,2,17,Y6073891,,,,0,30.0,0,0
75,12,16,2,18,Y6073892,,,,0,30.0,0,0
75,12,16,2,19,Y6073893,,,,0,30.0,0,0
75,12,16,2,20,Y6073894,,,,0,30.0,0,0
75,12,16,2,21,Y6073895,,,,0,30.0,0,0
75,12,16,2,22,Y6073896,,,,0,30.0,0,0
75,12,16,2,23,Y6073897,,,,0,30.0,0,0
75,12,16,2,24,Y6073898,,,,0,30.0,0,0
75,12,16,2,25,Y6073899,,,,0,30.0,0,0
75,12,16,2,26,Y6073900,,,,0,30.0,0,0
75,12,16,2,27,Y6073901,,,,0,30.0,0,0
75,12,16,2,28,Y6073902,,,,0,30.0,0,0
75,12,16,2,29,Y6073903,,,,0,30.0,0,0
75,12,16,2,30,Y6073904,,,,0,30.0,0,0
75,12,16,3,10,Y6073905,,,,0,30.0,0,0
75,12,16,3,11,Y6073906,,,,0,30.0,0,0
75,12,16,3,12,Y6073907,,,,0,30.0,0,0
75,12,16,3,13,Y6073908,,,,0,30.0,0,0
75,12,16,3,14,Y6073909,,,,0,30.0,0,0
75,12,16,3,15,Y6073910,,,,0,30.0,0,0
75,12,16,3,16,Y6073911,,,,0,30.0,0,0
75,12,16,3,17,Y6073912,,,,0,30.0,0,0
75,12,16,3,18,Y6073913,,,,0,30.0,0,0
75,12,16,3,19,Y6073914,,,,0,30.0,0,0
75,12,16,3,20,Y6073915,,,,0,30.0,0,0
75,12,16,3,21,Y6073916,,,,0,30.0,0,0
75,12,16,3,22,Y6073917,,,,0,30.0,0,0
75,12,16,3,23,Y6073918,,,,0,30.0,0,0
75,12,16,3,24,Y6073919,,,,0,30.0,0,0
75,12,16,3,25,Y6073920,,,,0,30.0,0,0
75,12,16,3,26,Y6073921,,,,0,30.0,0,0
75,12,16,3,27,Y6073922,,,,0,30.0,0,0
75,12,16,3,28,Y6073923,,,,0,30.0,0,0
75,12,16,3,29,Y6073924,,,,0,30.0,0,0
75,12,16,3,30,Y6073925,,,,0,30.0,0,0
75,12,16,4,10,Y6073926,,,,0,30.0,0,0
75,12,16,4,11,Y6073927,,,,0,30.0,0,0
75,12,16,4,12,Y6073928,,,,0,30.0,0,0
75,12,16,4,13,Y6073929,,,,0,30.0,0,0
75,12,16,4,14,Y6073930,,,,0,30.0,0,0
75,12,16,4,15,Y6073931,,,,0,30.0,0,0
75,12,16,4,16,Y6073932,,,,0,30.0,0,0
75,12,16,4,17,Y6073933,,,,0,30.0,0,0
75,12,16,4,18,Y6073934,,,,0,30.0,0,0
75,12,16,4,19,Y6073935,,,,0,30.0,0,0
75,12,16,4,20,Y6073936,,,,0,30.0,0,0
75,12,16,4,21,Y6073937,,,,0,30.0,0,0
75,12,16,4,22,Y6073938,,,,0,30.0,0,0
75,12,16,4,23,Y6073939,,,,0,30.0,0,0
75,12,16,4,24,Y6073940,,,,0,30.0,0,0
75,12,16,4,25,Y6073941,,,,0,30.0,0,0
75,12,16,4,26,Y6073942,,,,0,30.0,0,0
75,12,16,4,27,Y6073943,,,,0,30.0,0,0
75,12,16,4,28,Y6073944,,,,0,30.0,0,0
75,12,16,4,29,Y6073945,,,,0,30.0,0,0
75,12,16,4,30,Y6073946,,,,0,30.0,0,0
75,12,16,5,10,Y6073947,,,,0,30.0,0,0
75,12,16,5,11,Y6073948,,,,0,30.0,0,0
75,12,16,5,12,Y6073949,,,,0,30.0,0,0
75,12,16,5,13,Y6073950,,,,0,30.0,0,0
75,12,16,5,14,Y6073951,,,,0,30.0,0,0
75,12,16,5,15,Y6073952,,,,0,30.0,0,0
75,12,16,5,16,Y6073953,,,,0,30.0,0,0
75,12,16,5,17,Y6073954,,,,0,30.0,0,0
75,12,16,5,18,Y6073955,,,,0,30.0,0,0
75,12,16,5,19,Y6073956,,,,0,30.0,0,0
75,12,16,5,20,Y6073957,,,,0,30.0,0,0
75,12,16,5,21,Y6073958,,,,0,30.0,0,0
75,12,16,5,22,Y6073959,,,,0,30.0,0,0
75,12,16,5,23,Y6073960,,,,0,30.0,0,0
75,12,16,5,24,Y6073961,,,,0,30.0,0,0
75,12,16,5,25,Y6073962,,,,0,30.0,0,0
75,12,16,5,26,Y6073963,,,,0,30.0,0,0
75,12,16,5,27,Y6073964,,,,0,30.0,0,0
75,12,16,5,28,Y6073965,,,,0,30.0,0,0
75,12,16,5,29,Y6073966,,,,0,30.0,0,0
75,12,16,5,30,Y6073967,,,,0,30.0,0,0
75,12,16,6,10,Y6073968,,,,0,30.0,0,0
75,12,16,6,11,Y6073969,,,,0,30.0,0,0
75,12,16,6,12,Y6073970,,,,0,30.0,0,0
75,12,16,6,13,Y6073971,,,,0,30.0,0,0
75,12,16,6,14,Y6073972,,,,0,30.0,0,0
75,12,16,6,15,Y6073973,,,,0,30.0,0,0
75,12,16,6,16,Y6073974,,,,0,30.0,0,0
75,12,16,6,17,Y6073975,,,,0,30.0,0,0
75,12,16,6,18,Y6073976,,,,0,30.0,0,0
75,12,16,6,19,Y6073977,,,,0,30.0,0,0
75,12,16,6,20,Y6073978,,,,0,30.0,0,0
75,12,16,6,21,Y6073979,,,,0,30.0,0,0
75,12,16,6,22,Y6073980,,,,0,30.0,0,0
75,12,16,6,23,Y6073981,,,,0,30.0,0,0
75,12,16,6,24,Y6073982,,,,0,30.0,0,0
75,12,16,6,25,Y6073983,,,,0,30.0,0,0
75,12,16,6,26,Y6073984,,,,0,30.0,0,0
75,12,16,6,27,Y6073985,,,,0,30.0,0,0
75,12,16,6,28,Y6073986,,,,0,30.0,0,0
75,12,16,6,29,Y6073987,,,,0,30.0,0,0
75,12,16,6,30,Y6073988,,,,0,30.0,0,0
75,12,16,7,10,Y6073989,,,,0,30.0,0,0
75,12,16,7,11,Y6073990,,,,0,30.0,0,0
75,12,16,7,12,Y6073991,,,,0,30.0,0,0
75,12,16,7,13,Y6073992,,,,0,30.0,0,0
75,12,16,7,14,Y6073993,,,,0,30.0,0,0
75,12,16,7,15,Y6073994,,,,0,30.0,0,0
75,12,16,7,16,Y6073995,,,,0,30.0,0,0
75,12,16,7,17,Y6073996,,,,0,30.0,0,0
75,12,16,7,18,Y6073997,,,,0,30.0,0,0
75,12,16,7,19,Y6073998,,,,0,30.0,0,0
75,12,16,7,20,Y6073999,,,,0,30.0,0,0
75,12,16,7,21,Y6074000,,,,0,30.0,0,0
75,12,16,7,22,Y6074001,,,,0,30.0,0,0
75,12,16,7,23,Y6074002,,,,0,30.0,0,0
75,12,16,7,24,Y6074003,,,,0,30.0,0,0
75,12,16,7,25,Y6074004,,,,0,30.0,0,0
75,12,16,7,26,Y6074005,,,,0,30.0,0,0
75,12,16,7,27,Y6074006,,,,0,30.0,0,0
75,12,16,7,28,Y6074007,,,,0,30.0,0,0
75,12,16,7,29,Y6074008,,,,0,30.0,0,0
75,12,16,7,30,Y6074009,,,,0,30.0,0,0
75,12,16,8,10,Y6074010,,,,0,30.0,0,0
75,12,16,8,11,Y6074011,,,,0,30.0,0,0
75,12,16,8,12,Y6074012,,,,0,30.0,0,0
75,12,16,8,13,Y6074013,,,,0,30.0,0,0
75,12,16,8,14,Y6074014,,,,0,30.0,0,0
75,12,16,8,15,Y6074015,,,,0,30.0,0,0
75,12,16,8,16,Y6074016,,,,0,30.0,0,0
75,12,16,8,17,Y6074017,,,,0,30.0,0,0
75,12,16,8,18,Y6074018,,,,0,30.0,0,0
75,12,16,8,19,Y6074019,,,,0,30.0,0,0
75,12,16,8,20,Y6074020,,,,0,30.0,0,0
75,12,16,8,21,Y6074021,,,,0,30.0,0,0
75,12,16,8,22,Y6074022,,,,0,30.0,0,0
75,12,16,8,23,Y6074023,,,,0,30.0,0,0
75,12,16,8,24,Y6074024,,,,0,30.0,0,0
75,12,16,8,25,Y6074025,,,,0,30.0,0,0
75,12,16,8,26,Y6074026,,,,0,30.0,0,0
75,12,16,8,27,Y6074027,,,,0,30.0,0,0
75,12,16,8,28,Y6074028,,,,0,30.0,0,0
75,12,16,8,29,Y6074029,,,,0,30.0,0,0
75,12,16,8,30,Y6074030,,,,0,30.0,0,0
75,12,16,9,10,Y6074031,,,,0,30.0,0,0
75,12,16,9,11,Y6074032,,,,0,30.0,0,0
75,12,16,9,12,Y6074033,,,,0,30.0,0,0
75,12,16,9,13,Y6074034,,,,0,30.0,0,0
75,12,16,9,14,Y6074035,,,,0,30.0,0,0
75,12,16,9,15,Y6074036,,,,0,30.0,0,0
75,12,16,9,16,Y6074037,,,,0,30.0,0,0
75,12,16,9,17,Y6074038,,,,0,30.0,0,0
75,12,16,9,18,Y6074039,,,,0,30.0,0,0
75,12,16,9,19,Y6074040,,,,0,30.0,0,0
75,12,16,9,20,Y6074041,,,,0,30.0,0,0
75,12,16,9,21,Y6074042,,,,0,30.0,0,0
75,12,16,9,22,Y6074043,,,,0,30.0,0,0
75,12,16,9,23,Y6074044,,,,0,30.0,0,0
75,12,16,9,24,Y6074045,,,,0,30.0,0,0
75,12,16,9,25,Y6074046,,,,0,30.0,0,0
75,12,16,9,26,Y6074047,,,,0,30.0,0,0
75,12,16,9,27,Y6074048,,,,0,30.0,0,0
75,12,16,9,28,Y6074049,,,,0,30.0,0,0
75,12,16,9,29,Y6074050,,,,0,30.0,0,0
75,12,16,9,30,Y6074051,,,,0,30.0,0,0
75,12,16,10,10,Y6074052,,,,0,30.0,0,0
75,12,16,10,11,Y6074053,,,,0,30.0,0,0
75,12,16,10,12,Y6074054,,,,0,30.0,0,0
75,12,16,10,13,Y6074055,,,,0,30.0,0,0
75,12,16,10,14,Y6074056,,,,0,30.0,0,0
75,12,16,10,15,Y6074057,,,,0,30.0,0,0
75,12,16,10,16,Y6074058,,,,0,30.0,0,0
75,12,16,10,17,Y6074059,,,,0,30.0,0,0
75,12,16,10,18,Y6074060,,,,0,30.0,0,0
75,12,16,10,19,Y6074061,,,,0,30.0,0,0
75,12,16,10,20,Y6074062,,,,0,30.0,0,0
75,12,16,10,21,Y6074063,,,,0,30.0,0,0
75,12,16,10,22,Y6074064,,,,0,30.0,0,0
75,12,16,10,23,Y6074065,,,,0,30.0,0,0
75,12,16,10,24,Y6074066,,,,0,30.0,0,0
75,12,16,10,25,Y6074067,,,,0,30.0,0,0
75,12,16,10,26,Y6074068,,,,0,30.0,0,0
75,12,16,10,27,Y6074069,,,,0,30.0,0,0
75,12,16,10,28,Y6074070,,,,0,30.0,0,0
75,12,16,10,29,Y6074071,,,,0,30.0,0,0
75,12,16,10,30,Y6074072,,,,0,30.0,0,0
75,12,16,11,10,Y6074073,,,,0,30.0,0,0
75,12,16,11,11,Y6074074,,,,0,30.0,0,0
75,12,16,11,12,Y6074075,,,,0,30.0,0,0
75,12,16,11,13,Y6074076,,,,0,30.0,0,0
75,12,16,11,14,Y6074077,,,,0,30.0,0,0
75,12,16,11,15,Y6074078,,,,0,30.0,0,0
75,12,16,11,16,Y6074079,,,,0,30.0,0,0
75,12,16,11,17,Y6074080,,,,0,30.0,0,0
75,12,16,11,18,Y6074081,,,,0,30.0,0,0
75,12,16,11,19,Y6074082,,,,0,30.0,0,0
75,12,16,11,20,Y6074083,,,,0,30.0,0,0
75,12,16,11,21,Y6074084,,,,0,30.0,0,0
75,12,16,11,22,Y6074085,,,,0,30.0,0,0
75,12,16,11,23,Y6074086,,,,0,30.0,0,0
75,12,16,11,24,Y6074087,,,,0,30.0,0,0
75,12,16,11,25,Y6074088,,,,0,30.0,0,0
75,12,16,11,26,Y6074089,,,,0,30.0,0,0
75,12,16,11,27,Y6074090,,,,0,30.0,0,0
75,12,16,11,28,Y6074091,,,,0,30.0,0,0
75,12,16,11,29,Y6074092,,,,0,30.0,0,0
75,12,16,11,30,Y6074093,,,,0,30.0,0,0
75,12,16,12,10,Y6074094,,,,0,30.0,0,0
75,12,16,12,11,Y6074095,,,,0,30.0,0,0
75,12,16,12,12,Y6074096,,,,0,30.0,0,0
75,12,16,12,13,Y6074097,,,,0,30.0,0,0
75,12,16,12,14,Y6074098,,,,0,30.0,0,0
75,12,16,12,15,Y6074099,,,,0,30.0,0,0
75,12,16,12,16,Y6074100,,,,0,30.0,0,0
75,12,16,12,17,Y6074101,,,,0,30.0,0,0
75,12,16,12,18,Y6074102,,,,0,30.0,0,0
75,12,16,12,19,Y6074103,,,,0,30.0,0,0
75,12,16,12,20,Y6074104,,,,0,30.0,0,0
75,12,16,12,21,Y6074105,,,,0,30.0,0,0
75,12,16,12,22,Y6074106,,,,0,30.0,0,0
75,12,16,12,23,Y6074107,,,,0,30.0,0,0
75,12,16,12,24,Y6074108,,,,0,30.0,0,0
75,12,16,12,25,Y6074109,,,,0,30.0,0,0
75,12,16,12,26,Y6074110,,,,0,30.0,0,0
75,12,16,12,27,Y6074111,,,,0,30.0,0,0
75,12,16,12,28,Y6074112,,,,0,30.0,0,0
75,12,16,12,29,Y6074113,,,,0,30.0,0,0
75,12,16,12,30,Y6074114,,,,0,30.0,0,0
75,12,17,1,10,Y6074115,,,,0,30.0,0,0
75,12,17,1,11,Y6074116,,,,0,30.0,0,0
75,12,17,1,12,Y6074117,,,,0,30.0,0,0
75,12,17,1,13,Y6074118,,,,0,30.0,0,0
75,12,17,1,14,Y6074119,,,,0,30.0,0,0
75,12,17,1,15,Y6074120,,,,0,30.0,0,0
75,12,17,1,16,Y6074121,,,,0,30.0,0,0
75,12,17,1,17,Y6074122,,,,0,30.0,0,0
75,12,17,1,18,Y6074123,,,,0,30.0,0,0
75,12,17,1,19,Y6074124,,,,0,30.0,0,0
75,12,17,1,20,Y6074125,,,,0,30.0,0,0
75,12,17,1,21,Y6074126,,,,0,30.0,0,0
75,12,17,1,22,Y6074127,,,,0,30.0,0,0
75,12,17,1,23,Y6074128,,,,0,30.0,0,0
75,12,17,1,24,Y6074129,,,,0,30.0,0,0
75,12,17,1,25,Y6074130,,,,0,30.0,0,0
75,12,17,1,26,Y6074131,,,,0,30.0,0,0
75,12,17,1,27,Y6074132,,,,0,30.0,0,0
75,12,17,1,28,Y6074133,,,,0,30.0,0,0
75,12,17,1,29,Y6074134,,,,0,30.0,0,0
75,12,17,1,30,Y6074135,,,,0,30.0,0,0
75,12,17,2,10,Y6074136,,,,0,30.0,0,0
75,12,17,2,11,Y6074137,,,,0,30.0,0,0
75,12,17,2,12,Y6074138,,,,0,30.0,0,0
75,12,17,2,13,Y6074139,,,,0,30.0,0,0
75,12,17,2,14,Y6074140,,,,0,30.0,0,0
75,12,17,2,15,Y6074141,,,,0,30.0,0,0
75,12,17,2,16,Y6074142,,,,0,30.0,0,0
75,12,17,2,17,Y6074143,,,,0,30.0,0,0
75,12,17,2,18,Y6074144,,,,0,30.0,0,0
75,12,17,2,19,Y6074145,,,,0,30.0,0,0
75,12,17,2,20,Y6074146,,,,0,30.0,0,0
75,12,17,2,21,Y6074147,,,,0,30.0,0,0
75,12,17,2,22,Y6074148,,,,0,30.0,0,0
75,12,17,2,23,Y6074149,,,,0,30.0,0,0
75,12,17,2,24,Y6074150,,,,0,30.0,0,0
75,12,17,2,25,Y6074151,,,,0,30.0,0,0
75,12,17,2,26,Y6074152,,,,0,30.0,0,0
75,12,17,2,27,Y6074153,,,,0,30.0,0,0
75,12,17,2,28,Y6074154,,,,0,30.0,0,0
75,12,17,2,29,Y6074155,,,,0,30.0,0,0
75,12,17,2,30,Y6074156,,,,0,30.0,0,0
75,12,17,3,10,Y6074157,,,,0,30.0,0,0
75,12,17,3,11,Y6074158,,,,0,30.0,0,0
75,12,17,3,12,Y6074159,,,,0,30.0,0,0
75,12,17,3,13,Y6074160,,,,0,30.0,0,0
75,12,17,3,14,Y6074161,,,,0,30.0,0,0
75,12,17,3,15,Y6074162,,,,0,30.0,0,0
75,12,17,3,16,Y6074163,,,,0,30.0,0,0
75,12,17,3,17,Y6074164,,,,0,30.0,0,0
75,12,17,3,18,Y6074165,,,,0,30.0,0,0
75,12,17,3,19,Y6074166,,,,0,30.0,0,0
75,12,17,3,20,Y6074167,,,,0,30.0,0,0
75,12,17,3,21,Y6074168,,,,0,30.0,0,0
75,12,17,3,22,Y6074169,,,,0,30.0,0,0
75,12,17,3,23,Y6074170,,,,0,30.0,0,0
75,12,17,3,24,Y6074171,,,,0,30.0,0,0
75,12,17,3,25,Y6074172,,,,0,30.0,0,0
75,12,17,3,26,Y6074173,,,,0,30.0,0,0
75,12,17,3,27,Y6074174,,,,0,30.0,0,0
75,12,17,3,28,Y6074175,,,,0,30.0,0,0
75,12,17,3,29,Y6074176,,,,0,30.0,0,0
75,12,17,3,30,Y6074177,,,,0,30.0,0,0
75,12,17,4,10,Y6074178,,,,0,30.0,0,0
75,12,17,4,11,Y6074179,,,,0,30.0,0,0
75,12,17,4,12,Y6074180,,,,0,30.0,0,0
75,12,17,4,13,Y6074181,,,,0,30.0,0,0
75,12,17,4,14,Y6074182,,,,0,30.0,0,0
75,12,17,4,15,Y6074183,,,,0,30.0,0,0
75,12,17,4,16,Y6074184,,,,0,30.0,0,0
75,12,17,4,17,Y6074185,,,,0,30.0,0,0
75,12,17,4,18,Y6074186,,,,0,30.0,0,0
75,12,17,4,19,Y6074187,,,,0,30.0,0,0
75,12,17,4,20,Y6074188,,,,0,30.0,0,0
75,12,17,4,21,Y6074189,,,,0,30.0,0,0
75,12,17,4,22,Y6074190,,,,0,30.0,0,0
75,12,17,4,23,Y6074191,,,,0,30.0,0,0
75,12,17,4,24,Y6074192,,,,0,30.0,0,0
75,12,17,4,25,Y6074193,,,,0,30.0,0,0
75,12,17,4,26,Y6074194,,,,0,30.0,0,0
75,12,17,4,27,Y6074195,,,,0,30.0,0,0
75,12,17,4,28,Y6074196,,,,0,30.0,0,0
75,12,17,4,29,Y6074197,,,,0,30.0,0,0
75,12,17,4,30,Y6074198,,,,0,30.0,0,0
75,12,17,5,10,Y6074199,,,,0,30.0,0,0
75,12,17,5,11,Y6074200,,,,0,30.0,0,0
75,12,17,5,12,Y6074201,,,,0,30.0,0,0
75,12,17,5,13,Y6074202,,,,0,30.0,0,0
75,12,17,5,14,Y6074203,,,,0,30.0,0,0
75,12,17,5,15,Y6074204,,,,0,30.0,0,0
75,12,17,5,16,Y6074205,,,,0,30.0,0,0
75,12,17,5,17,Y6074206,,,,0,30.0,0,0
75,12,17,5,18,Y6074207,,,,0,30.0,0,0
75,12,17,5,19,Y6074208,,,,0,30.0,0,0
75,12,17,5,20,Y6074209,,,,0,30.0,0,0
75,12,17,5,21,Y6074210,,,,0,30.0,0,0
75,12,17,5,22,Y6074211,,,,0,30.0,0,0
75,12,17,5,23,Y6074212,,,,0,30.0,0,0
75,12,17,5,24,Y6074213,,,,0,30.0,0,0
75,12,17,5,25,Y6074214,,,,0,30.0,0,0
75,12,17,5,26,Y6074215,,,,0,30.0,0,0
75,12,17,5,27,Y6074216,,,,0,30.0,0,0
75,12,17,5,28,Y6074217,,,,0,30.0,0,0
75,12,17,5,29,Y6074218,,,,0,30.0,0,0
75,12,17,5,30,Y6074219,,,,0,30.0,0,0
75,12,17,6,10,Y6074220,,,,0,30.0,0,0
75,12,17,6,11,Y6074221,,,,0,30.0,0,0
75,12,17,6,12,Y6074222,,,,0,30.0,0,0
75,12,17,6,13,Y6074223,,,,0,30.0,0,0
75,12,17,6,14,Y6074224,,,,0,30.0,0,0
75,12,17,6,15,Y6074225,,,,0,30.0,0,0
75,12,17,6,16,Y6074226,,,,0,30.0,0,0
75,12,17,6,17,Y6074227,,,,0,30.0,0,0
75,12,17,6,18,Y6074228,,,,0,30.0,0,0
75,12,17,6,19,Y6074229,,,,0,30.0,0,0
75,12,17,6,20,Y6074230,,,,0,30.0,0,0
75,12,17,6,21,Y6074231,,,,0,30.0,0,0
75,12,17,6,22,Y6074232,,,,0,30.0,0,0
75,12,17,6,23,Y6074233,,,,0,30.0,0,0
75,12,17,6,24,Y6074234,,,,0,30.0,0,0
75,12,17,6,25,Y6074235,,,,0,30.0,0,0
75,12,17,6,26,Y6074236,,,,0,30.0,0,0
75,12,17,6,27,Y6074237,,,,0,30.0,0,0
75,12,17,6,28,Y6074238,,,,0,30.0,0,0
75,12,17,6,29,Y6074239,,,,0,30.0,0,0
75,12,17,6,30,Y6074240,,,,0,30.0,0,0
75,12,17,7,10,Y6074241,,,,0,30.0,0,0
75,12,17,7,11,Y6074242,,,,0,30.0,0,0
75,12,17,7,12,Y6074243,,,,0,30.0,0,0
75,12,17,7,13,Y6074244,,,,0,30.0,0,0
75,12,17,7,14,Y6074245,,,,0,30.0,0,0
75,12,17,7,15,Y6074246,,,,0,30.0,0,0
75,12,17,7,16,Y6074247,,,,0,30.0,0,0
75,12,17,7,17,Y6074248,,,,0,30.0,0,0
75,12,17,7,18,Y6074249,,,,0,30.0,0,0
75,12,17,7,19,Y6074250,,,,0,30.0,0,0
75,12,17,7,20,Y6074251,,,,0,30.0,0,0
75,12,17,7,21,Y6074252,,,,0,30.0,0,0
75,12,17,7,22,Y6074253,,,,0,30.0,0,0
75,12,17,7,23,Y6074254,,,,0,30.0,0,0
75,12,17,7,24,Y6074255,,,,0,30.0,0,0
75,12,17,7,25,Y6074256,,,,0,30.0,0,0
75,12,17,7,26,Y6074257,,,,0,30.0,0,0
75,12,17,7,27,Y6074258,,,,0,30.0,0,0
75,12,17,7,28,Y6074259,,,,0,30.0,0,0
75,12,17,7,29,Y6074260,,,,0,30.0,0,0
75,12,17,7,30,Y6074261,,,,0,30.0,0,0
75,12,17,8,10,Y6074262,,,,0,30.0,0,0
75,12,17,8,11,Y6074263,,,,0,30.0,0,0
75,12,17,8,12,Y6074264,,,,0,30.0,0,0
75,12,17,8,13,Y6074265,,,,0,30.0,0,0
75,12,17,8,14,Y6074266,,,,0,30.0,0,0
75,12,17,8,15,Y6074267,,,,0,30.0,0,0
75,12,17,8,16,Y6074268,,,,0,30.0,0,0
75,12,17,8,17,Y6074269,,,,0,30.0,0,0
75,12,17,8,18,Y6074270,,,,0,30.0,0,0
75,12,17,8,19,Y6074271,,,,0,30.0,0,0
75,12,17,8,20,Y6074272,,,,0,30.0,0,0
75,12,17,8,21,Y6074273,,,,0,30.0,0,0
75,12,17,8,22,Y6074274,,,,0,30.0,0,0
75,12,17,8,23,Y6074275,,,,0,30.0,0,0
75,12,17,8,24,Y6074276,,,,0,30.0,0,0
75,12,17,8,25,Y6074277,,,,0,30.0,0,0
75,12,17,8,26,Y6074278,,,,0,30.0,0,0
75,12,17,8,27,Y6074279,,,,0,30.0,0,0
75,12,17,8,28,Y6074280,,,,0,30.0,0,0
75,12,17,8,29,Y6074281,,,,0,30.0,0,0
75,12,17,8,30,Y6074282,,,,0,30.0,0,0
75,12,17,9,10,Y6074283,,,,0,30.0,0,0
75,12,17,9,11,Y6074284,,,,0,30.0,0,0
75,12,17,9,12,Y6074285,,,,0,30.0,0,0
75,12,17,9,13,Y6074286,,,,0,30.0,0,0
75,12,17,9,14,Y6074287,,,,0,30.0,0,0
75,12,17,9,15,Y6074288,,,,0,30.0,0,0
75,12,17,9,16,Y6074289,,,,0,30.0,0,0
75,12,17,9,17,Y6074290,,,,0,30.0,0,0
75,12,17,9,18,Y6074291,,,,0,30.0,0,0
75,12,17,9,19,Y6074292,,,,0,30.0,0,0
75,12,17,9,20,Y6074293,,,,0,30.0,0,0
75,12,17,9,21,Y6074294,,,,0,30.0,0,0
75,12,17,9,22,Y6074295,,,,0,30.0,0,0
75,12,17,9,23,Y6074296,,,,0,30.0,0,0
75,12,17,9,24,Y6074297,,,,0,30.0,0,0
75,12,17,9,25,Y6074298,,,,0,30.0,0,0
75,12,17,9,26,Y6074299,,,,0,30.0,0,0
75,12,17,9,27,Y6074300,,,,0,30.0,0,0
75,12,17,9,28,Y6074301,,,,0,30.0,0,0
75,12,17,9,29,Y6074302,,,,0,30.0,0,0
75,12,17,9,30,Y6074303,,,,0,30.0,0,0
75,12,17,10,10,Y6074304,,,,0,30.0,0,0
75,12,17,10,11,Y6074305,,,,0,30.0,0,0
75,12,17,10,12,Y6074306,,,,0,30.0,0,0
75,12,17,10,13,Y6074307,,,,0,30.0,0,0
75,12,17,10,14,Y6074308,,,,0,30.0,0,0
75,12,17,10,15,Y6074309,,,,0,30.0,0,0
75,12,17,10,16,Y6074310,,,,0,30.0,0,0
75,12,17,10,17,Y6074311,,,,0,30.0,0,0
75,12,17,10,18,Y6074312,,,,0,30.0,0,0
75,12,17,10,19,Y6074313,,,,0,30.0,0,0
75,12,17,10,20,Y6074314,,,,0,30.0,0,0
75,12,17,10,21,Y6074315,,,,0,30.0,0,0
75,12,17,10,22,Y6074316,,,,0,30.0,0,0
75,12,17,10,23,Y6074317,,,,0,30.0,0,0
75,12,17,10,24,Y6074318,,,,0,30.0,0,0
75,12,17,10,25,Y6074319,,,,0,30.0,0,0
75,12,17,10,26,Y6074320,,,,0,30.0,0,0
75,12,17,10,27,Y6074321,,,,0,30.0,0,0
75,12,17,10,28,Y6074322,,,,0,30.0,0,0
75,12,17,10,29,Y6074323,,,,0,30.0,0,0
75,12,17,10,30,Y6074324,,,,0,30.0,0,0
75,12,17,11,10,Y6074325,,,,0,30.0,0,0
75,12,17,11,11,Y6074326,,,,0,30.0,0,0
75,12,17,11,12,Y6074327,,,,0,30.0,0,0
75,12,17,11,13,Y6074328,,,,0,30.0,0,0
75,12,17,11,14,Y6074329,,,,0,30.0,0,0
75,12,17,11,15,Y6074330,,,,0,30.0,0,0
75,12,17,11,16,Y6074331,,,,0,30.0,0,0
75,12,17,11,17,Y6074332,,,,0,30.0,0,0
75,12,17,11,18,Y6074333,,,,0,30.0,0,0
75,12,17,11,19,Y6074334,,,,0,30.0,0,0
75,12,17,11,20,Y6074335,,,,0,30.0,0,0
75,12,17,11,21,Y6074336,,,,0,30.0,0,0
75,12,17,11,22,Y6074337,,,,0,30.0,0,0
75,12,17,11,23,Y6074338,,,,0,30.0,0,0
75,12,17,11,24,Y6074339,,,,0,30.0,0,0
75,12,17,11,25,Y6074340,,,,0,30.0,0,0
75,12,17,11,26,Y6074341,,,,0,30.0,0,0
75,12,17,11,27,Y6074342,,,,0,30.0,0,0
75,12,17,11,28,Y6074343,,,,0,30.0,0,0
75,12,17,11,29,Y6074344,,,,0,30.0,0,0
75,12,17,11,30,Y6074345,,,,0,30.0,0,0
75,12,17,12,10,Y6074346,,,,0,30.0,0,0
75,12,17,12,11,Y6074347,,,,0,30.0,0,0
75,12,17,12,12,Y6074348,,,,0,30.0,0,0
75,12,17,12,13,Y6074349,,,,0,30.0,0,0
75,12,17,12,14,Y6074350,,,,0,30.0,0,0
75,12,17,12,15,Y6074351,,,,0,30.0,0,0
75,12,17,12,16,Y6074352,,,,0,30.0,0,0
75,12,17,12,17,Y6074353,,,,0,30.0,0,0
75,12,17,12,18,Y6074354,,,,0,30.0,0,0
75,12,17,12,19,Y6074355,,,,0,30.0,0,0
75,12,17,12,20,Y6074356,,,,0,30.0,0,0
75,12,17,12,21,Y6074357,,,,0,30.0,0,0
75,12,17,12,22,Y6074358,,,,0,30.0,0,0
75,12,17,12,23,Y6074359,,,,0,30.0,0,0
75,12,17,12,24,Y6074360,,,,0,30.0,0,0
75,12,17,12,25,Y6074361,,,,0,30.0,0,0
75,12,17,12,26,Y6074362,,,,0,30.0,0,0
75,12,17,12,27,Y6074363,,,,0,30.0,0,0
75,12,17,12,28,Y6074364,,,,0,30.0,0,0
75,12,17,12,29,Y6074365,,,,0,30.0,0,0
75,12,17,12,30,Y6074366,,,,0,30.0,0,0
75,12,18,1,10,Y6074367,,,,0,30.0,0,0
75,12,18,1,11,Y6074368,,,,0,30.0,0,0
75,12,18,1,12,Y6074369,,,,0,30.0,0,0
75,12,18,1,13,Y6074370,,,,0,30.0,0,0
75,12,18,1,14,Y6074371,,,,0,30.0,0,0
75,12,18,1,15,Y6074372,,,,0,30.0,0,0
75,12,18,1,16,Y6074373,,,,0,30.0,0,0
75,12,18,1,17,Y6074374,,,,0,30.0,0,0
75,12,18,1,18,Y6074375,,,,0,30.0,0,0
75,12,18,1,19,Y6074376,,,,0,30.0,0,0
75,12,18,1,20,Y6074377,,,,0,30.0,0,0
75,12,18,1,21,Y6074378,,,,0,30.0,0,0
75,12,18,1,22,Y6074379,,,,0,30.0,0,0
75,12,18,1,23,Y6074380,,,,0,30.0,0,0
75,12,18,1,24,Y6074381,,,,0,30.0,0,0
75,12,18,1,25,Y6074382,,,,0,30.0,0,0
75,12,18,1,26,Y6074383,,,,0,30.0,0,0
75,12,18,1,27,Y6074384,,,,0,30.0,0,0
75,12,18,1,28,Y6074385,,,,0,30.0,0,0
75,12,18,1,29,Y6074386,,,,0,30.0,0,0
75,12,18,1,30,Y6074387,,,,0,30.0,0,0
75,12,18,2,10,Y6074388,,,,0,30.0,0,0
75,12,18,2,11,Y6074389,,,,0,30.0,0,0
75,12,18,2,12,Y6074390,,,,0,30.0,0,0
75,12,18,2,13,Y6074391,,,,0,30.0,0,0
75,12,18,2,14,Y6074392,,,,0,30.0,0,0
75,12,18,2,15,Y6074393,,,,0,30.0,0,0
75,12,18,2,16,Y6074394,,,,0,30.0,0,0
75,12,18,2,17,Y6074395,,,,0,30.0,0,0
75,12,18,2,18,Y6074396,,,,0,30.0,0,0
75,12,18,2,19,Y6074397,,,,0,30.0,0,0
75,12,18,2,20,Y6074398,,,,0,30.0,0,0
75,12,18,2,21,Y6074399,,,,0,30.0,0,0
75,12,18,2,22,Y6074400,,,,0,30.0,0,0
75,12,18,2,23,Y6074401,,,,0,30.0,0,0
75,12,18,2,24,Y6074402,,,,0,30.0,0,0
75,12,18,2,25,Y6074403,,,,0,30.0,0,0
75,12,18,2,26,Y6074404,,,,0,30.0,0,0
75,12,18,2,27,Y6074405,,,,0,30.0,0,0
75,12,18,2,28,Y6074406,,,,0,30.0,0,0
75,12,18,2,29,Y6074407,,,,0,30.0,0,0
75,12,18,2,30,Y6074408,,,,0,30.0,0,0
75,12,18,3,10,Y6074409,,,,0,30.0,0,0
75,12,18,3,11,Y6074410,,,,0,30.0,0,0
75,12,18,3,12,Y6074411,,,,0,30.0,0,0
75,12,18,3,13,Y6074412,,,,0,30.0,0,0
75,12,18,3,14,Y6074413,,,,0,30.0,0,0
75,12,18,3,15,Y6074414,,,,0,30.0,0,0
75,12,18,3,16,Y6074415,,,,0,30.0,0,0
75,12,18,3,17,Y6074416,,,,0,30.0,0,0
75,12,18,3,18,Y6074417,,,,0,30.0,0,0
75,12,18,3,19,Y6074418,,,,0,30.0,0,0
75,12,18,3,20,Y6074419,,,,0,30.0,0,0
75,12,18,3,21,Y6074420,,,,0,30.0,0,0
75,12,18,3,22,Y6074421,,,,0,30.0,0,0
75,12,18,3,23,Y6074422,,,,0,30.0,0,0
75,12,18,3,24,Y6074423,,,,0,30.0,0,0
75,12,18,3,25,Y6074424,,,,0,30.0,0,0
75,12,18,3,26,Y6074425,,,,0,30.0,0,0
75,12,18,3,27,Y6074426,,,,0,30.0,0,0
75,12,18,3,28,Y6074427,,,,0,30.0,0,0
75,12,18,3,29,Y6074428,,,,0,30.0,0,0
75,12,18,3,30,Y6074429,,,,0,30.0,0,0
75,12,18,4,10,Y6074430,,,,0,30.0,0,0
75,12,18,4,11,Y6074431,,,,0,30.0,0,0
75,12,18,4,12,Y6074432,,,,0,30.0,0,0
75,12,18,4,13,Y6074433,,,,0,30.0,0,0
75,12,18,4,14,Y6074434,,,,0,30.0,0,0
75,12,18,4,15,Y6074435,,,,0,30.0,0,0
75,12,18,4,16,Y6074436,,,,0,30.0,0,0
75,12,18,4,17,Y6074437,,,,0,30.0,0,0
75,12,18,4,18,Y6074438,,,,0,30.0,0,0
75,12,18,4,19,Y6074439,,,,0,30.0,0,0
75,12,18,4,20,Y6074440,,,,0,30.0,0,0
75,12,18,4,21,Y6074441,,,,0,30.0,0,0
75,12,18,4,22,Y6074442,,,,0,30.0,0,0
75,12,18,4,23,Y6074443,,,,0,30.0,0,0
75,12,18,4,24,Y6074444,,,,0,30.0,0,0
75,12,18,4,25,Y6074445,,,,0,30.0,0,0
75,12,18,4,26,Y6074446,,,,0,30.0,0,0
75,12,18,4,27,Y6074447,,,,0,30.0,0,0
75,12,18,4,28,Y6074448,,,,0,30.0,0,0
75,12,18,4,29,Y6074449,,,,0,30.0,0,0
75,12,18,4,30,Y6074450,,,,0,30.0,0,0
75,12,18,5,10,Y6074451,,,,0,30.0,0,0
75,12,18,5,11,Y6074452,,,,0,30.0,0,0
75,12,18,5,12,Y6074453,,,,0,30.0,0,0
75,12,18,5,13,Y6074454,,,,0,30.0,0,0
75,12,18,5,14,Y6074455,,,,0,30.0,0,0
75,12,18,5,15,Y6074456,,,,0,30.0,0,0
75,12,18,5,16,Y6074457,,,,0,30.0,0,0
75,12,18,5,17,Y6074458,,,,0,30.0,0,0
75,12,18,5,18,Y6074459,,,,0,30.0,0,0
75,12,18,5,19,Y6074460,,,,0,30.0,0,0
75,12,18,5,20,Y6074461,,,,0,30.0,0,0
75,12,18,5,21,Y6074462,,,,0,30.0,0,0
75,12,18,5,22,Y6074463,,,,0,30.0,0,0
75,12,18,5,23,Y6074464,,,,0,30.0,0,0
75,12,18,5,24,Y6074465,,,,0,30.0,0,0
75,12,18,5,25,Y6074466,,,,0,30.0,0,0
75,12,18,5,26,Y6074467,,,,0,30.0,0,0
75,12,18,5,27,Y6074468,,,,0,30.0,0,0
75,12,18,5,28,Y6074469,,,,0,30.0,0,0
75,12,18,5,29,Y6074470,,,,0,30.0,0,0
75,12,18,5,30,Y6074471,,,,0,30.0,0,0
75,12,18,6,10,Y6074472,,,,0,30.0,0,0
75,12,18,6,11,Y6074473,,,,0,30.0,0,0
75,12,18,6,12,Y6074474,,,,0,30.0,0,0
75,12,18,6,13,Y6074475,,,,0,30.0,0,0
75,12,18,6,14,Y6074476,,,,0,30.0,0,0
75,12,18,6,15,Y6074477,,,,0,30.0,0,0
75,12,18,6,16,Y6074478,,,,0,30.0,0,0
75,12,18,6,17,Y6074479,,,,0,30.0,0,0
75,12,18,6,18,Y6074480,,,,0,30.0,0,0
75,12,18,6,19,Y6074481,,,,0,30.0,0,0
75,12,18,6,20,Y6074482,,,,0,30.0,0,0
75,12,18,6,21,Y6074483,,,,0,30.0,0,0
75,12,18,6,22,Y6074484,,,,0,30.0,0,0
75,12,18,6,23,Y6074485,,,,0,30.0,0,0
75,12,18,6,24,Y6074486,,,,0,30.0,0,0
75,12,18,6,25,Y6074487,,,,0,30.0,0,0
75,12,18,6,26,Y6074488,,,,0,30.0,0,0
75,12,18,6,27,Y6074489,,,,0,30.0,0,0
75,12,18,6,28,Y6074490,,,,0,30.0,0,0
75,12,18,6,29,Y6074491,,,,0,30.0,0,0
75,12,18,6,30,Y6074492,,,,0,30.0,0,0
75,12,18,7,10,Y6074493,,,,0,30.0,0,0
75,12,18,7,11,Y6074494,,,,0,30.0,0,0
75,12,18,7,12,Y6074495,,,,0,30.0,0,0
75,12,18,7,13,Y6074496,,,,0,30.0,0,0
75,12,18,7,14,Y6074497,,,,0,30.0,0,0
75,12,18,7,15,Y6074498,,,,0,30.0,0,0
75,12,18,7,16,Y6074499,,,,0,30.0,0,0
75,12,18,7,17,Y6074500,,,,0,30.0,0,0
75,12,18,7,18,Y6074501,,,,0,30.0,0,0
75,12,18,7,19,Y6074502,,,,0,30.0,0,0
75,12,18,7,20,Y6074503,,,,0,30.0,0,0
75,12,18,7,21,Y6074504,,,,0,30.0,0,0
75,12,18,7,22,Y6074505,,,,0,30.0,0,0
75,12,18,7,23,Y6074506,,,,0,30.0,0,0
75,12,18,7,24,Y6074507,,,,0,30.0,0,0
75,12,18,7,25,Y6074508,,,,0,30.0,0,0
75,12,18,7,26,Y6074509,,,,0,30.0,0,0
75,12,18,7,27,Y6074510,,,,0,30.0,0,0
75,12,18,7,28,Y6074511,,,,0,30.0,0,0
75,12,18,7,29,Y6074512,,,,0,30.0,0,0
75,12,18,7,30,Y6074513,,,,0,30.0,0,0
75,12,18,8,10,Y6074514,,,,0,30.0,0,0
75,12,18,8,11,Y6074515,,,,0,30.0,0,0
75,12,18,8,12,Y6074516,,,,0,30.0,0,0
75,12,18,8,13,Y6074517,,,,0,30.0,0,0
75,12,18,8,14,Y6074518,,,,0,30.0,0,0
75,12,18,8,15,Y6074519,,,,0,30.0,0,0
75,12,18,8,16,Y6074520,,,,0,30.0,0,0
75,12,18,8,17,Y6074521,,,,0,30.0,0,0
75,12,18,8,18,Y6074522,,,,0,30.0,0,0
75,12,18,8,19,Y6074523,,,,0,30.0,0,0
75,12,18,8,20,Y6074524,,,,0,30.0,0,0
75,12,18,8,21,Y6074525,,,,0,30.0,0,0
75,12,18,8,22,Y6074526,,,,0,30.0,0,0
75,12,18,8,23,Y6074527,,,,0,30.0,0,0
75,12,18,8,24,Y6074528,,,,0,30.0,0,0
75,12,18,8,25,Y6074529,,,,0,30.0,0,0
75,12,18,8,26,Y6074530,,,,0,30.0,0,0
75,12,18,8,27,Y6074531,,,,0,30.0,0,0
75,12,18,8,28,Y6074532,,,,0,30.0,0,0
75,12,18,8,29,Y6074533,,,,0,30.0,0,0
75,12,18,8,30,Y6074534,,,,0,30.0,0,0
75,12,18,9,10,Y6074535,,,,0,30.0,0,0
75,12,18,9,11,Y6074536,,,,0,30.0,0,0
75,12,18,9,12,Y6074537,,,,0,30.0,0,0
75,12,18,9,13,Y6074538,,,,0,30.0,0,0
75,12,18,9,14,Y6074539,,,,0,30.0,0,0
75,12,18,9,15,Y6074540,,,,0,30.0,0,0
75,12,18,9,16,Y6074541,,,,0,30.0,0,0
75,12,18,9,17,Y6074542,,,,0,30.0,0,0
75,12,18,9,18,Y6074543,,,,0,30.0,0,0
75,12,18,9,19,Y6074544,,,,0,30.0,0,0
75,12,18,9,20,Y6074545,,,,0,30.0,0,0
75,12,18,9,21,Y6074546,,,,0,30.0,0,0
75,12,18,9,22,Y6074547,,,,0,30.0,0,0
75,12,18,9,23,Y6074548,,,,0,30.0,0,0
75,12,18,9,24,Y6074549,,,,0,30.0,0,0
75,12,18,9,25,Y6074550,,,,0,30.0,0,0
75,12,18,9,26,Y6074551,,,,0,30.0,0,0
75,12,18,9,27,Y6074552,,,,0,30.0,0,0
75,12,18,9,28,Y6074553,,,,0,30.0,0,0
75,12,18,9,29,Y6074554,,,,0,30.0,0,0
75,12,18,9,30,Y6074555,,,,0,30.0,0,0
75,12,18,10,10,Y6074556,,,,0,30.0,0,0
75,12,18,10,11,Y6074557,,,,0,30.0,0,0
75,12,18,10,12,Y6074558,,,,0,30.0,0,0
75,12,18,10,13,Y6074559,,,,0,30.0,0,0
75,12,18,10,14,Y6074560,,,,0,30.0,0,0
75,12,18,10,15,Y6074561,,,,0,30.0,0,0
75,12,18,10,16,Y6074562,,,,0,30.0,0,0
75,12,18,10,17,Y6074563,,,,0,30.0,0,0
75,12,18,10,18,Y6074564,,,,0,30.0,0,0
75,12,18,10,19,Y6074565,,,,0,30.0,0,0
75,12,18,10,20,Y6074566,,,,0,30.0,0,0
75,12,18,10,21,Y6074567,,,,0,30.0,0,0
75,12,18,10,22,Y6074568,,,,0,30.0,0,0
75,12,18,10,23,Y6074569,,,,0,30.0,0,0
75,12,18,10,24,Y6074570,,,,0,30.0,0,0
75,12,18,10,25,Y6074571,,,,0,30.0,0,0
75,12,18,10,26,Y6074572,,,,0,30.0,0,0
75,12,18,10,27,Y6074573,,,,0,30.0,0,0
75,12,18,10,28,Y6074574,,,,0,30.0,0,0
75,12,18,10,29,Y6074575,,,,0,30.0,0,0
75,12,18,10,30,Y6074576,,,,0,30.0,0,0
75,12,18,11,10,Y6074577,,,,0,30.0,0,0
75,12,18,11,11,Y6074578,,,,0,30.0,0,0
75,12,18,11,12,Y6074579,,,,0,30.0,0,0
75,12,18,11,13,Y6074580,,,,0,30.0,0,0
75,12,18,11,14,Y6074581,,,,0,30.0,0,0
75,12,18,11,15,Y6074582,,,,0,30.0,0,0
75,12,18,11,16,Y6074583,,,,0,30.0,0,0
75,12,18,11,17,Y6074584,,,,0,30.0,0,0
75,12,18,11,18,Y6074585,,,,0,30.0,0,0
75,12,18,11,19,Y6074586,,,,0,30.0,0,0
75,12,18,11,20,Y6074587,,,,0,30.0,0,0
75,12,18,11,21,Y6074588,,,,0,30.0,0,0
75,12,18,11,22,Y6074589,,,,0,30.0,0,0
75,12,18,11,23,Y6074590,,,,0,30.0,0,0
75,12,18,11,24,Y6074591,,,,0,30.0,0,0
75,12,18,11,25,Y6074592,,,,0,30.0,0,0
75,12,18,11,26,Y6074593,,,,0,30.0,0,0
75,12,18,11,27,Y6074594,,,,0,30.0,0,0
75,12,18,11,28,Y6074595,,,,0,30.0,0,0
75,12,18,11,29,Y6074596,,,,0,30.0,0,0
75,12,18,11,30,Y6074597,,,,0,30.0,0,0
75,12,18,12,10,Y6074598,,,,0,30.0,0,0
75,12,18,12,11,Y6074599,,,,0,30.0,0,0
75,12,18,12,12,Y6074600,,,,0,30.0,0,0
75,12,18,12,13,Y6074601,,,,0,30.0,0,0
75,12,18,12,14,Y6074602,,,,0,30.0,0,0
75,12,18,12,15,Y6074603,,,,0,30.0,0,0
75,12,18,12,16,Y6074604,,,,0,30.0,0,0
75,12,18,12,17,Y6074605,,,,0,30.0,0,0
75,12,18,12,18,Y6074606,,,,0,30.0,0,0
75,12,18,12,19,Y6074607,,,,0,30.0,0,0
75,12,18,12,20,Y6074608,,,,0,30.0,0,0
75,12,18,12,21,Y6074609,,,,0,30.0,0,0
75,12,18,12,22,Y6074610,,,,0,30.0,0,0
75,12,18,12,23,Y6074611,,,,0,30.0,0,0
75,12,18,12,24,Y6074612,,,,0,30.0,0,0
75,12,18,12,25,Y6074613,,,,0,30.0,0,0
75,12,18,12,26,Y6074614,,,,0,30.0,0,0
75,12,18,12,27,Y6074615,,,,0,30.0,0,0
75,12,18,12,28,Y6074616,,,,0,30.0,0,0
75,12,18,12,29,Y6074617,,,,0,30.0,0,0
75,12,18,12,30,Y6074618,,,,0,30.0,0,0
75,12,19,1,10,Y6074619,,,,0,30.0,0,0
75,12,19,1,11,Y6074620,,,,0,30.0,0,0
75,12,19,1,12,Y6074621,,,,0,30.0,0,0
75,12,19,1,13,Y6074622,,,,0,30.0,0,0
75,12,19,1,14,Y6074623,,,,0,30.0,0,0
75,12,19,1,15,Y6074624,,,,0,30.0,0,0
75,12,19,1,16,Y6074625,,,,0,30.0,0,0
75,12,19,1,17,Y6074626,,,,0,30.0,0,0
75,12,19,1,18,Y6074627,,,,0,30.0,0,0
75,12,19,1,19,Y6074628,,,,0,30.0,0,0
75,12,19,1,20,Y6074629,,,,0,30.0,0,0
75,12,19,1,21,Y6074630,,,,0,30.0,0,0
75,12,19,1,22,Y6074631,,,,0,30.0,0,0
75,12,19,1,23,Y6074632,,,,0,30.0,0,0
75,12,19,1,24,Y6074633,,,,0,30.0,0,0
75,12,19,1,25,Y6074634,,,,0,30.0,0,0
75,12,19,1,26,Y6074635,,,,0,30.0,0,0
75,12,19,1,27,Y6074636,,,,0,30.0,0,0
75,12,19,1,28,Y6074637,,,,0,30.0,0,0
75,12,19,1,29,Y6074638,,,,0,30.0,0,0
75,12,19,1,30,Y6074639,,,,0,30.0,0,0
75,12,19,2,10,Y6074640,,,,0,30.0,0,0
75,12,19,2,11,Y6074641,,,,0,30.0,0,0
75,12,19,2,12,Y6074642,,,,0,30.0,0,0
75,12,19,2,13,Y6074643,,,,0,30.0,0,0
75,12,19,2,14,Y6074644,,,,0,30.0,0,0
75,12,19,2,15,Y6074645,,,,0,30.0,0,0
75,12,19,2,16,Y6074646,,,,0,30.0,0,0
75,12,19,2,17,Y6074647,,,,0,30.0,0,0
75,12,19,2,18,Y6074648,,,,0,30.0,0,0
75,12,19,2,19,Y6074649,,,,0,30.0,0,0
75,12,19,2,20,Y6074650,,,,0,30.0,0,0
75,12,19,2,21,Y6074651,,,,0,30.0,0,0
75,12,19,2,22,Y6074652,,,,0,30.0,0,0
75,12,19,2,23,Y6074653,,,,0,30.0,0,0
75,12,19,2,24,Y6074654,,,,0,30.0,0,0
75,12,19,2,25,Y6074655,,,,0,30.0,0,0
75,12,19,2,26,Y6074656,,,,0,30.0,0,0
75,12,19,2,27,Y6074657,,,,0,30.0,0,0
75,12,19,2,28,Y6074658,,,,0,30.0,0,0
75,12,19,2,29,Y6074659,,,,0,30.0,0,0
75,12,19,2,30,Y6074660,,,,0,30.0,0,0
75,12,19,3,10,Y6074661,,,,0,30.0,0,0
75,12,19,3,11,Y6074662,,,,0,30.0,0,0
75,12,19,3,12,Y6074663,,,,0,30.0,0,0
75,12,19,3,13,Y6074664,,,,0,30.0,0,0
75,12,19,3,14,Y6074665,,,,0,30.0,0,0
75,12,19,3,15,Y6074666,,,,0,30.0,0,0
75,12,19,3,16,Y6074667,,,,0,30.0,0,0
75,12,19,3,17,Y6074668,,,,0,30.0,0,0
75,12,19,3,18,Y6074669,,,,0,30.0,0,0
75,12,19,3,19,Y6074670,,,,0,30.0,0,0
75,12,19,3,20,Y6074671,,,,0,30.0,0,0
75,12,19,3,21,Y6074672,,,,0,30.0,0,0
75,12,19,3,22,Y6074673,,,,0,30.0,0,0
75,12,19,3,23,Y6074674,,,,0,30.0,0,0
75,12,19,3,24,Y6074675,,,,0,30.0,0,0
75,12,19,3,25,Y6074676,,,,0,30.0,0,0
75,12,19,3,26,Y6074677,,,,0,30.0,0,0
75,12,19,3,27,Y6074678,,,,0,30.0,0,0
75,12,19,3,28,Y6074679,,,,0,30.0,0,0
75,12,19,3,29,Y6074680,,,,0,30.0,0,0
75,12,19,3,30,Y6074681,,,,0,30.0,0,0
75,12,19,4,10,Y6074682,,,,0,30.0,0,0
75,12,19,4,11,Y6074683,,,,0,30.0,0,0
75,12,19,4,12,Y6074684,,,,0,30.0,0,0
75,12,19,4,13,Y6074685,,,,0,30.0,0,0
75,12,19,4,14,Y6074686,,,,0,30.0,0,0
75,12,19,4,15,Y6074687,,,,0,30.0,0,0
75,12,19,4,16,Y6074688,,,,0,30.0,0,0
75,12,19,4,17,Y6074689,,,,0,30.0,0,0
75,12,19,4,18,Y6074690,,,,0,30.0,0,0
75,12,19,4,19,Y6074691,,,,0,30.0,0,0
75,12,19,4,20,Y6074692,,,,0,30.0,0,0
75,12,19,4,21,Y6074693,,,,0,30.0,0,0
75,12,19,4,22,Y6074694,,,,0,30.0,0,0
75,12,19,4,23,Y6074695,,,,0,30.0,0,0
75,12,19,4,24,Y6074696,,,,0,30.0,0,0
75,12,19,4,25,Y6074697,,,,0,30.0,0,0
75,12,19,4,26,Y6074698,,,,0,30.0,0,0
75,12,19,4,27,Y6074699,,,,0,30.0,0,0
75,12,19,4,28,Y6074700,,,,0,30.0,0,0
75,12,19,4,29,Y6074701,,,,0,30.0,0,0
75,12,19,4,30,Y6074702,,,,0,30.0,0,0
75,12,19,5,10,Y6074703,,,,0,30.0,0,0
75,12,19,5,11,Y6074704,,,,0,30.0,0,0
75,12,19,5,12,Y6074705,,,,0,30.0,0,0
75,12,19,5,13,Y6074706,,,,0,30.0,0,0
75,12,19,5,14,Y6074707,,,,0,30.0,0,0
75,12,19,5,15,Y6074708,,,,0,30.0,0,0
75,12,19,5,16,Y6074709,,,,0,30.0,0,0
75,12,19,5,17,Y6074710,,,,0,30.0,0,0
75,12,19,5,18,Y6074711,,,,0,30.0,0,0
75,12,19,5,19,Y6074712,,,,0,30.0,0,0
75,12,19,5,20,Y6074713,,,,0,30.0,0,0
75,12,19,5,21,Y6074714,,,,0,30.0,0,0
75,12,19,5,22,Y6074715,,,,0,30.0,0,0
75,12,19,5,23,Y6074716,,,,0,30.0,0,0
75,12,19,5,24,Y6074717,,,,0,30.0,0,0
75,12,19,5,25,Y6074718,,,,0,30.0,0,0
75,12,19,5,26,Y6074719,,,,0,30.0,0,0
75,12,19,5,27,Y6074720,,,,0,30.0,0,0
75,12,19,5,28,Y6074721,,,,0,30.0,0,0
75,12,19,5,29,Y6074722,,,,0,30.0,0,0
75,12,19,5,30,Y6074723,,,,0,30.0,0,0
75,12,19,6,10,Y6074724,,,,0,30.0,0,0
75,12,19,6,11,Y6074725,,,,0,30.0,0,0
75,12,19,6,12,Y6074726,,,,0,30.0,0,0
75,12,19,6,13,Y6074727,,,,0,30.0,0,0
75,12,19,6,14,Y6074728,,,,0,30.0,0,0
75,12,19,6,15,Y6074729,,,,0,30.0,0,0
75,12,19,6,16,Y6074730,,,,0,30.0,0,0
75,12,19,6,17,Y6074731,,,,0,30.0,0,0
75,12,19,6,18,Y6074732,,,,0,30.0,0,0
75,12,19,6,19,Y6074733,,,,0,30.0,0,0
75,12,19,6,20,Y6074734,,,,0,30.0,0,0
75,12,19,6,21,Y6074735,,,,0,30.0,0,0
75,12,19,6,22,Y6074736,,,,0,30.0,0,0
75,12,19,6,23,Y6074737,,,,0,30.0,0,0
75,12,19,6,24,Y6074738,,,,0,30.0,0,0
75,12,19,6,25,Y6074739,,,,0,30.0,0,0
75,12,19,6,26,Y6074740,,,,0,30.0,0,0
75,12,19,6,27,Y6074741,,,,0,30.0,0,0
75,12,19,6,28,Y6074742,,,,0,30.0,0,0
75,12,19,6,29,Y6074743,,,,0,30.0,0,0
75,12,19,6,30,Y6074744,,,,0,30.0,0,0
75,12,19,7,10,Y6074745,,,,0,30.0,0,0
75,12,19,7,11,Y6074746,,,,0,30.0,0,0
75,12,19,7,12,Y6074747,,,,0,30.0,0,0
75,12,19,7,13,Y6074748,,,,0,30.0,0,0
75,12,19,7,14,Y6074749,,,,0,30.0,0,0
75,12,19,7,15,Y6074750,,,,0,30.0,0,0
75,12,19,7,16,Y6074751,,,,0,30.0,0,0
75,12,19,7,17,Y6074752,,,,0,30.0,0,0
75,12,19,7,18,Y6074753,,,,0,30.0,0,0
75,12,19,7,19,Y6074754,,,,0,30.0,0,0
75,12,19,7,20,Y6074755,,,,0,30.0,0,0
75,12,19,7,21,Y6074756,,,,0,30.0,0,0
75,12,19,7,22,Y6074757,,,,0,30.0,0,0
75,12,19,7,23,Y6074758,,,,0,30.0,0,0
75,12,19,7,24,Y6074759,,,,0,30.0,0,0
75,12,19,7,25,Y6074760,,,,0,30.0,0,0
75,12,19,7,26,Y6074761,,,,0,30.0,0,0
75,12,19,7,27,Y6074762,,,,0,30.0,0,0
75,12,19,7,28,Y6074763,,,,0,30.0,0,0
75,12,19,7,29,Y6074764,,,,0,30.0,0,0
75,12,19,7,30,Y6074765,,,,0,30.0,0,0
75,12,19,8,10,Y6074766,,,,0,30.0,0,0
75,12,19,8,11,Y6074767,,,,0,30.0,0,0
75,12,19,8,12,Y6074768,,,,0,30.0,0,0
75,12,19,8,13,Y6074769,,,,0,30.0,0,0
75,12,19,8,14,Y6074770,,,,0,30.0,0,0
75,12,19,8,15,Y6074771,,,,0,30.0,0,0
75,12,19,8,16,Y6074772,,,,0,30.0,0,0
75,12,19,8,17,Y6074773,,,,0,30.0,0,0
75,12,19,8,18,Y6074774,,,,0,30.0,0,0
75,12,19,8,19,Y6074775,,,,0,30.0,0,0
75,12,19,8,20,Y6074776,,,,0,30.0,0,0
75,12,19,8,21,Y6074777,,,,0,30.0,0,0
75,12,19,8,22,Y6074778,,,,0,30.0,0,0
75,12,19,8,23,Y6074779,,,,0,30.0,0,0
75,12,19,8,24,Y6074780,,,,0,30.0,0,0
75,12,19,8,25,Y6074781,,,,0,30.0,0,0
75,12,19,8,26,Y6074782,,,,0,30.0,0,0
75,12,19,8,27,Y6074783,,,,0,30.0,0,0
75,12,19,8,28,Y6074784,,,,0,30.0,0,0
75,12,19,8,29,Y6074785,,,,0,30.0,0,0
75,12,19,8,30,Y6074786,,,,0,30.0,0,0
75,12,19,9,10,Y6074787,,,,0,30.0,0,0
75,12,19,9,11,Y6074788,,,,0,30.0,0,0
75,12,19,9,12,Y6074789,,,,0,30.0,0,0
75,12,19,9,13,Y6074790,,,,0,30.0,0,0
75,12,19,9,14,Y6074791,,,,0,30.0,0,0
75,12,19,9,15,Y6074792,,,,0,30.0,0,0
75,12,19,9,16,Y6074793,,,,0,30.0,0,0
75,12,19,9,17,Y6074794,,,,0,30.0,0,0
75,12,19,9,18,Y6074795,,,,0,30.0,0,0
75,12,19,9,19,Y6074796,,,,0,30.0,0,0
75,12,19,9,20,Y6074797,,,,0,30.0,0,0
75,12,19,9,21,Y6074798,,,,0,30.0,0,0
75,12,19,9,22,Y6074799,,,,0,30.0,0,0
75,12,19,9,23,Y6074800,,,,0,30.0,0,0
75,12,19,9,24,Y6074801,,,,0,30.0,0,0
75,12,19,9,25,Y6074802,,,,0,30.0,0,0
75,12,19,9,26,Y6074803,,,,0,30.0,0,0
75,12,19,9,27,Y6074804,,,,0,30.0,0,0
75,12,19,9,28,Y6074805,,,,0,30.0,0,0
75,12,19,9,29,Y6074806,,,,0,30.0,0,0
75,12,19,9,30,Y6074807,,,,0,30.0,0,0
75,12,19,10,10,Y6074808,,,,0,30.0,0,0
75,12,19,10,11,Y6074809,,,,0,30.0,0,0
75,12,19,10,12,Y6074810,,,,0,30.0,0,0
75,12,19,10,13,Y6074811,,,,0,30.0,0,0
75,12,19,10,14,Y6074812,,,,0,30.0,0,0
75,12,19,10,15,Y6074813,,,,0,30.0,0,0
75,12,19,10,16,Y6074814,,,,0,30.0,0,0
75,12,19,10,17,Y6074815,,,,0,30.0,0,0
75,12,19,10,18,Y6074816,,,,0,30.0,0,0
75,12,19,10,19,Y6074817,,,,0,30.0,0,0
75,12,19,10,20,Y6074818,,,,0,30.0,0,0
75,12,19,10,21,Y6074819,,,,0,30.0,0,0
75,12,19,10,22,Y6074820,,,,0,30.0,0,0
75,12,19,10,23,Y6074821,,,,0,30.0,0,0
75,12,19,10,24,Y6074822,,,,0,30.0,0,0
75,12,19,10,25,Y6074823,,,,0,30.0,0,0
75,12,19,10,26,Y6074824,,,,0,30.0,0,0
75,12,19,10,27,Y6074825,,,,0,30.0,0,0
75,12,19,10,28,Y6074826,,,,0,30.0,0,0
75,12,19,10,29,Y6074827,,,,0,30.0,0,0
75,12,19,10,30,Y6074828,,,,0,30.0,0,0
75,12,19,11,10,Y6074829,,,,0,30.0,0,0
75,12,19,11,11,Y6074830,,,,0,30.0,0,0
75,12,19,11,12,Y6074831,,,,0,30.0,0,0
75,12,19,11,13,Y6074832,,,,0,30.0,0,0
75,12,19,11,14,Y6074833,,,,0,30.0,0,0
75,12,19,11,15,Y6074834,,,,0,30.0,0,0
75,12,19,11,16,Y6074835,,,,0,30.0,0,0
75,12,19,11,17,Y6074836,,,,0,30.0,0,0
75,12,19,11,18,Y6074837,,,,0,30.0,0,0
75,12,19,11,19,Y6074838,,,,0,30.0,0,0
75,12,19,11,20,Y6074839,,,,0,30.0,0,0
75,12,19,11,21,Y6074840,,,,0,30.0,0,0
75,12,19,11,22,Y6074841,,,,0,30.0,0,0
75,12,19,11,23,Y6074842,,,,0,30.0,0,0
75,12,19,11,24,Y6074843,,,,0,30.0,0,0
75,12,19,11,25,Y6074844,,,,0,30.0,0,0
75,12,19,11,26,Y6074845,,,,0,30.0,0,0
75,12,19,11,27,Y6074846,,,,0,30.0,0,0
75,12,19,11,28,Y6074847,,,,0,30.0,0,0
75,12,19,11,29,Y6074848,,,,0,30.0,0,0
75,12,19,11,30,Y6074849,,,,0,30.0,0,0
75,12,19,12,10,Y6074850,,,,0,30.0,0,0
75,12,19,12,11,Y6074851,,,,0,30.0,0,0
75,12,19,12,12,Y6074852,,,,0,30.0,0,0
75,12,19,12,13,Y6074853,,,,0,30.0,0,0
75,12,19,12,14,Y6074854,,,,0,30.0,0,0
75,12,19,12,15,Y6074855,,,,0,30.0,0,0
75,12,19,12,16,Y6074856,,,,0,30.0,0,0
75,12,19,12,17,Y6074857,,,,0,30.0,0,0
75,12,19,12,18,Y6074858,,,,0,30.0,0,0
75,12,19,12,19,Y6074859,,,,0,30.0,0,0
75,12,19,12,20,Y6074860,,,,0,30.0,0,0
75,12,19,12,21,Y6074861,,,,0,30.0,0,0
75,12,19,12,22,Y6074862,,,,0,30.0,0,0
75,12,19,12,23,Y6074863,,,,0,30.0,0,0
75,12,19,12,24,Y6074864,,,,0,30.0,0,0
75,12,19,12,25,Y6074865,,,,0,30.0,0,0
75,12,19,12,26,Y6074866,,,,0,30.0,0,0
75,12,19,12,27,Y6074867,,,,0,30.0,0,0
75,12,19,12,28,Y6074868,,,,0,30.0,0,0
75,12,19,12,29,Y6074869,,,,0,30.0,0,0
75,12,19,12,30,Y6074870,,,,0,30.0,0,0
75,12,20,1,10,Y6074871,,,,0,30.0,0,0
75,12,20,1,11,Y6074872,,,,0,30.0,0,0
75,12,20,1,12,Y6074873,,,,0,30.0,0,0
75,12,20,1,13,Y6074874,,,,0,30.0,0,0
75,12,20,1,14,Y6074875,,,,0,30.0,0,0
75,12,20,1,15,Y6074876,,,,0,30.0,0,0
75,12,20,1,16,Y6074877,,,,0,30.0,0,0
75,12,20,1,17,Y6074878,,,,0,30.0,0,0
75,12,20,1,18,Y6074879,,,,0,30.0,0,0
75,12,20,1,19,Y6074880,,,,0,30.0,0,0
75,12,20,1,20,Y6074881,,,,0,30.0,0,0
75,12,20,1,21,Y6074882,,,,0,30.0,0,0
75,12,20,1,22,Y6074883,,,,0,30.0,0,0
75,12,20,1,23,Y6074884,,,,0,30.0,0,0
75,12,20,1,24,Y6074885,,,,0,30.0,0,0
75,12,20,1,25,Y6074886,,,,0,30.0,0,0
75,12,20,1,26,Y6074887,,,,0,30.0,0,0
75,12,20,1,27,Y6074888,,,,0,30.0,0,0
75,12,20,1,28,Y6074889,,,,0,30.0,0,0
75,12,20,1,29,Y6074890,,,,0,30.0,0,0
75,12,20,1,30,Y6074891,,,,0,30.0,0,0
75,12,20,2,10,Y6074892,,,,0,30.0,0,0
75,12,20,2,11,Y6074893,,,,0,30.0,0,0
75,12,20,2,12,Y6074894,,,,0,30.0,0,0
75,12,20,2,13,Y6074895,,,,0,30.0,0,0
75,12,20,2,14,Y6074896,,,,0,30.0,0,0
75,12,20,2,15,Y6074897,,,,0,30.0,0,0
75,12,20,2,16,Y6074898,,,,0,30.0,0,0
75,12,20,2,17,Y6074899,,,,0,30.0,0,0
75,12,20,2,18,Y6074900,,,,0,30.0,0,0
75,12,20,2,19,Y6074901,,,,0,30.0,0,0
75,12,20,2,20,Y6074902,,,,0,30.0,0,0
75,12,20,2,21,Y6074903,,,,0,30.0,0,0
75,12,20,2,22,Y6074904,,,,0,30.0,0,0
75,12,20,2,23,Y6074905,,,,0,30.0,0,0
75,12,20,2,24,Y6074906,,,,0,30.0,0,0
75,12,20,2,25,Y6074907,,,,0,30.0,0,0
75,12,20,2,26,Y6074908,,,,0,30.0,0,0
75,12,20,2,27,Y6074909,,,,0,30.0,0,0
75,12,20,2,28,Y6074910,,,,0,30.0,0,0
75,12,20,2,29,Y6074911,,,,0,30.0,0,0
75,12,20,2,30,Y6074912,,,,0,30.0,0,0
75,12,20,3,10,Y6074913,,,,0,30.0,0,0
75,12,20,3,11,Y6074914,,,,0,30.0,0,0
75,12,20,3,12,Y6074915,,,,0,30.0,0,0
75,12,20,3,13,Y6074916,,,,0,30.0,0,0
75,12,20,3,14,Y6074917,,,,0,30.0,0,0
75,12,20,3,15,Y6074918,,,,0,30.0,0,0
75,12,20,3,16,Y6074919,,,,0,30.0,0,0
75,12,20,3,17,Y6074920,,,,0,30.0,0,0
75,12,20,3,18,Y6074921,,,,0,30.0,0,0
75,12,20,3,19,Y6074922,,,,0,30.0,0,0
75,12,20,3,20,Y6074923,,,,0,30.0,0,0
75,12,20,3,21,Y6074924,,,,0,30.0,0,0
75,12,20,3,22,Y6074925,,,,0,30.0,0,0
75,12,20,3,23,Y6074926,,,,0,30.0,0,0
75,12,20,3,24,Y6074927,,,,0,30.0,0,0
75,12,20,3,25,Y6074928,,,,0,30.0,0,0
75,12,20,3,26,Y6074929,,,,0,30.0,0,0
75,12,20,3,27,Y6074930,,,,0,30.0,0,0
75,12,20,3,28,Y6074931,,,,0,30.0,0,0
75,12,20,3,29,Y6074932,,,,0,30.0,0,0
75,12,20,3,30,Y6074933,,,,0,30.0,0,0
75,12,20,4,10,Y6074934,,,,0,30.0,0,0
75,12,20,4,11,Y6074935,,,,0,30.0,0,0
75,12,20,4,12,Y6074936,,,,0,30.0,0,0
75,12,20,4,13,Y6074937,,,,0,30.0,0,0
75,12,20,4,14,Y6074938,,,,0,30.0,0,0
75,12,20,4,15,Y6074939,,,,0,30.0,0,0
75,12,20,4,16,Y6074940,,,,0,30.0,0,0
75,12,20,4,17,Y6074941,,,,0,30.0,0,0
75,12,20,4,18,Y6074942,,,,0,30.0,0,0
75,12,20,4,19,Y6074943,,,,0,30.0,0,0
75,12,20,4,20,Y6074944,,,,0,30.0,0,0
75,12,20,4,21,Y6074945,,,,0,30.0,0,0
75,12,20,4,22,Y6074946,,,,0,30.0,0,0
75,12,20,4,23,Y6074947,,,,0,30.0,0,0
75,12,20,4,24,Y6074948,,,,0,30.0,0,0
75,12,20,4,25,Y6074949,,,,0,30.0,0,0
75,12,20,4,26,Y6074950,,,,0,30.0,0,0
75,12,20,4,27,Y6074951,,,,0,30.0,0,0
75,12,20,4,28,Y6074952,,,,0,30.0,0,0
75,12,20,4,29,Y6074953,,,,0,30.0,0,0
75,12,20,4,30,Y6074954,,,,0,30.0,0,0
75,12,20,5,10,Y6074955,,,,0,30.0,0,0
75,12,20,5,11,Y6074956,,,,0,30.0,0,0
75,12,20,5,12,Y6074957,,,,0,30.0,0,0
75,12,20,5,13,Y6074958,,,,0,30.0,0,0
75,12,20,5,14,Y6074959,,,,0,30.0,0,0
75,12,20,5,15,Y6074960,,,,0,30.0,0,0
75,12,20,5,16,Y6074961,,,,0,30.0,0,0
75,12,20,5,17,Y6074962,,,,0,30.0,0,0
75,12,20,5,18,Y6074963,,,,0,30.0,0,0
75,12,20,5,19,Y6074964,,,,0,30.0,0,0
75,12,20,5,20,Y6074965,,,,0,30.0,0,0
75,12,20,5,21,Y6074966,,,,0,30.0,0,0
75,12,20,5,22,Y6074967,,,,0,30.0,0,0
75,12,20,5,23,Y6074968,,,,0,30.0,0,0
75,12,20,5,24,Y6074969,,,,0,30.0,0,0
75,12,20,5,25,Y6074970,,,,0,30.0,0,0
75,12,20,5,26,Y6074971,,,,0,30.0,0,0
75,12,20,5,27,Y6074972,,,,0,30.0,0,0
75,12,20,5,28,Y6074973,,,,0,30.0,0,0
75,12,20,5,29,Y6074974,,,,0,30.0,0,0
75,12,20,5,30,Y6074975,,,,0,30.0,0,0
75,12,20,6,10,Y6074976,,,,0,30.0,0,0
75,12,20,6,11,Y6074977,,,,0,30.0,0,0
75,12,20,6,12,Y6074978,,,,0,30.0,0,0
75,12,20,6,13,Y6074979,,,,0,30.0,0,0
75,12,20,6,14,Y6074980,,,,0,30.0,0,0
75,12,20,6,15,Y6074981,,,,0,30.0,0,0
75,12,20,6,16,Y6074982,,,,0,30.0,0,0
75,12,20,6,17,Y6074983,,,,0,30.0,0,0
75,12,20,6,18,Y6074984,,,,0,30.0,0,0
75,12,20,6,19,Y6074985,,,,0,30.0,0,0
75,12,20,6,20,Y6074986,,,,0,30.0,0,0
75,12,20,6,21,Y6074987,,,,0,30.0,0,0
75,12,20,6,22,Y6074988,,,,0,30.0,0,0
75,12,20,6,23,Y6074989,,,,0,30.0,0,0
75,12,20,6,24,Y6074990,,,,0,30.0,0,0
75,12,20,6,25,Y6074991,,,,0,30.0,0,0
75,12,20,6,26,Y6074992,,,,0,30.0,0,0
75,12,20,6,27,Y6074993,,,,0,30.0,0,0
75,12,20,6,28,Y6074994,,,,0,30.0,0,0
75,12,20,6,29,Y6074995,,,,0,30.0,0,0
75,12,20,6,30,Y6074996,,,,0,30.0,0,0
75,12,20,7,10,Y6074997,,,,0,30.0,0,0
75,12,20,7,11,Y6074998,,,,0,30.0,0,0
75,12,20,7,12,Y6074999,,,,0,30.0,0,0
75,12,20,7,13,Y6075000,,,,0,30.0,0,0
75,12,20,7,14,Y6075001,,,,0,30.0,0,0
75,12,20,7,15,Y6075002,,,,0,30.0,0,0
75,12,20,7,16,Y6075003,,,,0,30.0,0,0
75,12,20,7,17,Y6075004,,,,0,30.0,0,0
75,12,20,7,18,Y6075005,,,,0,30.0,0,0
75,12,20,7,19,Y6075006,,,,0,30.0,0,0
75,12,20,7,20,Y6075007,,,,0,30.0,0,0
75,12,20,7,21,Y6075008,,,,0,30.0,0,0
75,12,20,7,22,Y6075009,,,,0,30.0,0,0
75,12,20,7,23,Y6075010,,,,0,30.0,0,0
75,12,20,7,24,Y6075011,,,,0,30.0,0,0
75,12,20,7,25,Y6075012,,,,0,30.0,0,0
75,12,20,7,26,Y6075013,,,,0,30.0,0,0
75,12,20,7,27,Y6075014,,,,0,30.0,0,0
75,12,20,7,28,Y6075015,,,,0,30.0,0,0
75,12,20,7,29,Y6075016,,,,0,30.0,0,0
75,12,20,7,30,Y6075017,,,,0,30.0,0,0
75,12,20,8,10,Y6075018,,,,0,30.0,0,0
75,12,20,8,11,Y6075019,,,,0,30.0,0,0
75,12,20,8,12,Y6075020,,,,0,30.0,0,0
75,12,20,8,13,Y6075021,,,,0,30.0,0,0
75,12,20,8,14,Y6075022,,,,0,30.0,0,0
75,12,20,8,15,Y6075023,,,,0,30.0,0,0
75,12,20,8,16,Y6075024,,,,0,30.0,0,0
75,12,20,8,17,Y6075025,,,,0,30.0,0,0
75,12,20,8,18,Y6075026,,,,0,30.0,0,0
75,12,20,8,19,Y6075027,,,,0,30.0,0,0
75,12,20,8,20,Y6075028,,,,0,30.0,0,0
75,12,20,8,21,Y6075029,,,,0,30.0,0,0
75,12,20,8,22,Y6075030,,,,0,30.0,0,0
75,12,20,8,23,Y6075031,,,,0,30.0,0,0
75,12,20,8,24,Y6075032,,,,0,30.0,0,0
75,12,20,8,25,Y6075033,,,,0,30.0,0,0
75,12,20,8,26,Y6075034,,,,0,30.0,0,0
75,12,20,8,27,Y6075035,,,,0,30.0,0,0
75,12,20,8,28,Y6075036,,,,0,30.0,0,0
75,12,20,8,29,Y6075037,,,,0,30.0,0,0
75,12,20,8,30,Y6075038,,,,0,30.0,0,0
75,12,20,9,10,Y6075039,,,,0,30.0,0,0
75,12,20,9,11,Y6075040,,,,0,30.0,0,0
75,12,20,9,12,Y6075041,,,,0,30.0,0,0
75,12,20,9,13,Y6075042,,,,0,30.0,0,0
75,12,20,9,14,Y6075043,,,,0,30.0,0,0
75,12,20,9,15,Y6075044,,,,0,30.0,0,0
75,12,20,9,16,Y6075045,,,,0,30.0,0,0
75,12,20,9,17,Y6075046,,,,0,30.0,0,0
75,12,20,9,18,Y6075047,,,,0,30.0,0,0
75,12,20,9,19,Y6075048,,,,0,30.0,0,0
75,12,20,9,20,Y6075049,,,,0,30.0,0,0
75,12,20,9,21,Y6075050,,,,0,30.0,0,0
75,12,20,9,22,Y6075051,,,,0,30.0,0,0
75,12,20,9,23,Y6075052,,,,0,30.0,0,0
75,12,20,9,24,Y6075053,,,,0,30.0,0,0
75,12,20,9,25,Y6075054,,,,0,30.0,0,0
75,12,20,9,26,Y6075055,,,,0,30.0,0,0
75,12,20,9,27,Y6075056,,,,0,30.0,0,0
75,12,20,9,28,Y6075057,,,,0,30.0,0,0
75,12,20,9,29,Y6075058,,,,0,30.0,0,0
75,12,20,9,30,Y6075059,,,,0,30.0,0,0
75,12,20,10,10,Y6075060,,,,0,30.0,0,0
75,12,20,10,11,Y6075061,,,,0,30.0,0,0
75,12,20,10,12,Y6075062,,,,0,30.0,0,0
75,12,20,10,13,Y6075063,,,,0,30.0,0,0
75,12,20,10,14,Y6075064,,,,0,30.0,0,0
75,12,20,10,15,Y6075065,,,,0,30.0,0,0
75,12,20,10,16,Y6075066,,,,0,30.0,0,0
75,12,20,10,17,Y6075067,,,,0,30.0,0,0
75,12,20,10,18,Y6075068,,,,0,30.0,0,0
75,12,20,10,19,Y6075069,,,,0,30.0,0,0
75,12,20,10,20,Y6075070,,,,0,30.0,0,0
75,12,20,10,21,Y6075071,,,,0,30.0,0,0
75,12,20,10,22,Y6075072,,,,0,30.0,0,0
75,12,20,10,23,Y6075073,,,,0,30.0,0,0
75,12,20,10,24,Y6075074,,,,0,30.0,0,0
75,12,20,10,25,Y6075075,,,,0,30.0,0,0
75,12,20,10,26,Y6075076,,,,0,30.0,0,0
75,12,20,10,27,Y6075077,,,,0,30.0,0,0
75,12,20,10,28,Y6075078,,,,0,30.0,0,0
75,12,20,10,29,Y6075079,,,,0,30.0,0,0
75,12,20,10,30,Y6075080,,,,0,30.0,0,0
75,12,20,11,10,Y6075081,,,,0,30.0,0,0
75,12,20,11,11,Y6075082,,,,0,30.0,0,0
75,12,20,11,12,Y6075083,,,,0,30.0,0,0
75,12,20,11,13,Y6075084,,,,0,30.0,0,0
75,12,20,11,14,Y6075085,,,,0,30.0,0,0
75,12,20,11,15,Y6075086,,,,0,30.0,0,0
75,12,20,11,16,Y6075087,,,,0,30.0,0,0
75,12,20,11,17,Y6075088,,,,0,30.0,0,0
75,12,20,11,18,Y6075089,,,,0,30.0,0,0
75,12,20,11,19,Y6075090,,,,0,30.0,0,0
75,12,20,11,20,Y6075091,,,,0,30.0,0,0
75,12,20,11,21,Y6075092,,,,0,30.0,0,0
75,12,20,11,22,Y6075093,,,,0,30.0,0,0
75,12,20,11,23,Y6075094,,,,0,30.0,0,0
75,12,20,11,24,Y6075095,,,,0,30.0,0,0
75,12,20,11,25,Y6075096,,,,0,30.0,0,0
75,12,20,11,26,Y6075097,,,,0,30.0,0,0
75,12,20,11,27,Y6075098,,,,0,30.0,0,0
75,12,20,11,28,Y6075099,,,,0,30.0,0,0
75,12,20,11,29,Y6075100,,,,0,30.0,0,0
75,12,20,11,30,Y6075101,,,,0,30.0,0,0
75,12,20,12,10,Y6075102,,,,0,30.0,0,0
75,12,20,12,11,Y6075103,,,,0,30.0,0,0
75,12,20,12,12,Y6075104,,,,0,30.0,0,0
75,12,20,12,13,Y6075105,,,,0,30.0,0,0
75,12,20,12,14,Y6075106,,,,0,30.0,0,0
75,12,20,12,15,Y6075107,,,,0,30.0,0,0
75,12,20,12,16,Y6075108,,,,0,30.0,0,0
75,12,20,12,17,Y6075109,,,,0,30.0,0,0
75,12,20,12,18,Y6075110,,,,0,30.0,0,0
75,12,20,12,19,Y6075111,,,,0,30.0,0,0
75,12,20,12,20,Y6075112,,,,0,30.0,0,0
75,12,20,12,21,Y6075113,,,,0,30.0,0,0
75,12,20,12,22,Y6075114,,,,0,30.0,0,0
75,12,20,12,23,Y6075115,,,,0,30.0,0,0
75,12,20,12,24,Y6075116,,,,0,30.0,0,0
75,12,20,12,25,Y6075117,,,,0,30.0,0,0
75,12,20,12,26,Y6075118,,,,0,30.0,0,0
75,12,20,12,27,Y6075119,,,,0,30.0,0,0
75,12,20,12,28,Y6075120,,,,0,30.0,0,0
75,12,20,12,29,Y6075121,,,,0,30.0,0,0
75,12,20,12,30,Y6075122,,,,0,30.0,0,0
75,12,21,1,10,Y6075123,,,,0,30.0,0,0
75,12,21,1,11,Y6075124,,,,0,30.0,0,0
75,12,21,1,12,Y6075125,,,,0,30.0,0,0
75,12,21,1,13,Y6075126,,,,0,30.0,0,0
75,12,21,1,14,Y6075127,,,,0,30.0,0,0
75,12,21,1,15,Y6075128,,,,0,30.0,0,0
75,12,21,1,16,Y6075129,,,,0,30.0,0,0
75,12,21,1,17,Y6075130,,,,0,30.0,0,0
75,12,21,1,18,Y6075131,,,,0,30.0,0,0
75,12,21,1,19,Y6075132,,,,0,30.0,0,0
75,12,21,1,20,Y6075133,,,,0,30.0,0,0
75,12,21,1,21,Y6075134,,,,0,30.0,0,0
75,12,21,1,22,Y6075135,,,,0,30.0,0,0
75,12,21,1,23,Y6075136,,,,0,30.0,0,0
75,12,21,1,24,Y6075137,,,,0,30.0,0,0
75,12,21,1,25,Y6075138,,,,0,30.0,0,0
75,12,21,1,26,Y6075139,,,,0,30.0,0,0
75,12,21,1,27,Y6075140,,,,0,30.0,0,0
75,12,21,1,28,Y6075141,,,,0,30.0,0,0
75,12,21,1,29,Y6075142,,,,0,30.0,0,0
75,12,21,1,30,Y6075143,,,,0,30.0,0,0
75,12,21,2,10,Y6075144,,,,0,30.0,0,0
75,12,21,2,11,Y6075145,,,,0,30.0,0,0
75,12,21,2,12,Y6075146,,,,0,30.0,0,0
75,12,21,2,13,Y6075147,,,,0,30.0,0,0
75,12,21,2,14,Y6075148,,,,0,30.0,0,0
75,12,21,2,15,Y6075149,,,,0,30.0,0,0
75,12,21,2,16,Y6075150,,,,0,30.0,0,0
75,12,21,2,17,Y6075151,,,,0,30.0,0,0
75,12,21,2,18,Y6075152,,,,0,30.0,0,0
75,12,21,2,19,Y6075153,,,,0,30.0,0,0
75,12,21,2,20,Y6075154,,,,0,30.0,0,0
75,12,21,2,21,Y6075155,,,,0,30.0,0,0
75,12,21,2,22,Y6075156,,,,0,30.0,0,0
75,12,21,2,23,Y6075157,,,,0,30.0,0,0
75,12,21,2,24,Y6075158,,,,0,30.0,0,0
75,12,21,2,25,Y6075159,,,,0,30.0,0,0
75,12,21,2,26,Y6075160,,,,0,30.0,0,0
75,12,21,2,27,Y6075161,,,,0,30.0,0,0
75,12,21,2,28,Y6075162,,,,0,30.0,0,0
75,12,21,2,29,Y6075163,,,,0,30.0,0,0
75,12,21,2,30,Y6075164,,,,0,30.0,0,0
75,12,21,3,10,Y6075165,,,,0,30.0,0,0
75,12,21,3,11,Y6075166,,,,0,30.0,0,0
75,12,21,3,12,Y6075167,,,,0,30.0,0,0
75,12,21,3,13,Y6075168,,,,0,30.0,0,0
75,12,21,3,14,Y6075169,,,,0,30.0,0,0
75,12,21,3,15,Y6075170,,,,0,30.0,0,0
75,12,21,3,16,Y6075171,,,,0,30.0,0,0
75,12,21,3,17,Y6075172,,,,0,30.0,0,0
75,12,21,3,18,Y6075173,,,,0,30.0,0,0
75,12,21,3,19,Y6075174,,,,0,30.0,0,0
75,12,21,3,20,Y6075175,,,,0,30.0,0,0
75,12,21,3,21,Y6075176,,,,0,30.0,0,0
75,12,21,3,22,Y6075177,,,,0,30.0,0,0
75,12,21,3,23,Y6075178,,,,0,30.0,0,0
75,12,21,3,24,Y6075179,,,,0,30.0,0,0
75,12,21,3,25,Y6075180,,,,0,30.0,0,0
75,12,21,3,26,Y6075181,,,,0,30.0,0,0
75,12,21,3,27,Y6075182,,,,0,30.0,0,0
75,12,21,3,28,Y6075183,,,,0,30.0,0,0
75,12,21,3,29,Y6075184,,,,0,30.0,0,0
75,12,21,3,30,Y6075185,,,,0,30.0,0,0
75,12,21,4,10,Y6075186,,,,0,30.0,0,0
75,12,21,4,11,Y6075187,,,,0,30.0,0,0
75,12,21,4,12,Y6075188,,,,0,30.0,0,0
75,12,21,4,13,Y6075189,,,,0,30.0,0,0
75,12,21,4,14,Y6075190,,,,0,30.0,0,0
75,12,21,4,15,Y6075191,,,,0,30.0,0,0
75,12,21,4,16,Y6075192,,,,0,30.0,0,0
75,12,21,4,17,Y6075193,,,,0,30.0,0,0
75,12,21,4,18,Y6075194,,,,0,30.0,0,0
75,12,21,4,19,Y6075195,,,,0,30.0,0,0
75,12,21,4,20,Y6075196,,,,0,30.0,0,0
75,12,21,4,21,Y6075197,,,,0,30.0,0,0
75,12,21,4,22,Y6075198,,,,0,30.0,0,0
75,12,21,4,23,Y6075199,,,,0,30.0,0,0
75,12,21,4,24,Y6075200,,,,0,30.0,0,0
75,12,21,4,25,Y6075201,,,,0,30.0,0,0
75,12,21,4,26,Y6075202,,,,0,30.0,0,0
75,12,21,4,27,Y6075203,,,,0,30.0,0,0
75,12,21,4,28,Y6075204,,,,0,30.0,0,0
75,12,21,4,29,Y6075205,,,,0,30.0,0,0
75,12,21,4,30,Y6075206,,,,0,30.0,0,0
75,12,21,5,10,Y6075207,,,,0,30.0,0,0
75,12,21,5,11,Y6075208,,,,0,30.0,0,0
75,12,21,5,12,Y6075209,,,,0,30.0,0,0
75,12,21,5,13,Y6075210,,,,0,30.0,0,0
75,12,21,5,14,Y6075211,,,,0,30.0,0,0
75,12,21,5,15,Y6075212,,,,0,30.0,0,0
75,12,21,5,16,Y6075213,,,,0,30.0,0,0
75,12,21,5,17,Y6075214,,,,0,30.0,0,0
75,12,21,5,18,Y6075215,,,,0,30.0,0,0
75,12,21,5,19,Y6075216,,,,0,30.0,0,0
75,12,21,5,20,Y6075217,,,,0,30.0,0,0
75,12,21,5,21,Y6075218,,,,0,30.0,0,0
75,12,21,5,22,Y6075219,,,,0,30.0,0,0
75,12,21,5,23,Y6075220,,,,0,30.0,0,0
75,12,21,5,24,Y6075221,,,,0,30.0,0,0
75,12,21,5,25,Y6075222,,,,0,30.0,0,0
75,12,21,5,26,Y6075223,,,,0,30.0,0,0
75,12,21,5,27,Y6075224,,,,0,30.0,0,0
75,12,21,5,28,Y6075225,,,,0,30.0,0,0
75,12,21,5,29,Y6075226,,,,0,30.0,0,0
75,12,21,5,30,Y6075227,,,,0,30.0,0,0
75,12,21,6,10,Y6075228,,,,0,30.0,0,0
75,12,21,6,11,Y6075229,,,,0,30.0,0,0
75,12,21,6,12,Y6075230,,,,0,30.0,0,0
75,12,21,6,13,Y6075231,,,,0,30.0,0,0
75,12,21,6,14,Y6075232,,,,0,30.0,0,0
75,12,21,6,15,Y6075233,,,,0,30.0,0,0
75,12,21,6,16,Y6075234,,,,0,30.0,0,0
75,12,21,6,17,Y6075235,,,,0,30.0,0,0
75,12,21,6,18,Y6075236,,,,0,30.0,0,0
75,12,21,6,19,Y6075237,,,,0,30.0,0,0
75,12,21,6,20,Y6075238,,,,0,30.0,0,0
75,12,21,6,21,Y6075239,,,,0,30.0,0,0
75,12,21,6,22,Y6075240,,,,0,30.0,0,0
75,12,21,6,23,Y6075241,,,,0,30.0,0,0
75,12,21,6,24,Y6075242,,,,0,30.0,0,0
75,12,21,6,25,Y6075243,,,,0,30.0,0,0
75,12,21,6,26,Y6075244,,,,0,30.0,0,0
75,12,21,6,27,Y6075245,,,,0,30.0,0,0
75,12,21,6,28,Y6075246,,,,0,30.0,0,0
75,12,21,6,29,Y6075247,,,,0,30.0,0,0
75,12,21,6,30,Y6075248,,,,0,30.0,0,0
75,12,21,7,10,Y6075249,,,,0,30.0,0,0
75,12,21,7,11,Y6075250,,,,0,30.0,0,0
75,12,21,7,12,Y6075251,,,,0,30.0,0,0
75,12,21,7,13,Y6075252,,,,0,30.0,0,0
75,12,21,7,14,Y6075253,,,,0,30.0,0,0
75,12,21,7,15,Y6075254,,,,0,30.0,0,0
75,12,21,7,16,Y6075255,,,,0,30.0,0,0
75,12,21,7,17,Y6075256,,,,0,30.0,0,0
75,12,21,7,18,Y6075257,,,,0,30.0,0,0
75,12,21,7,19,Y6075258,,,,0,30.0,0,0
75,12,21,7,20,Y6075259,,,,0,30.0,0,0
75,12,21,7,21,Y6075260,,,,0,30.0,0,0
75,12,21,7,22,Y6075261,,,,0,30.0,0,0
75,12,21,7,23,Y6075262,,,,0,30.0,0,0
75,12,21,7,24,Y6075263,,,,0,30.0,0,0
75,12,21,7,25,Y6075264,,,,0,30.0,0,0
75,12,21,7,26,Y6075265,,,,0,30.0,0,0
75,12,21,7,27,Y6075266,,,,0,30.0,0,0
75,12,21,7,28,Y6075267,,,,0,30.0,0,0
75,12,21,7,29,Y6075268,,,,0,30.0,0,0
75,12,21,7,30,Y6075269,,,,0,30.0,0,0
75,12,21,8,10,Y6075270,,,,0,30.0,0,0
75,12,21,8,11,Y6075271,,,,0,30.0,0,0
75,12,21,8,12,Y6075272,,,,0,30.0,0,0
75,12,21,8,13,Y6075273,,,,0,30.0,0,0
75,12,21,8,14,Y6075274,,,,0,30.0,0,0
75,12,21,8,15,Y6075275,,,,0,30.0,0,0
75,12,21,8,16,Y6075276,,,,0,30.0,0,0
75,12,21,8,17,Y6075277,,,,0,30.0,0,0
75,12,21,8,18,Y6075278,,,,0,30.0,0,0
75,12,21,8,19,Y6075279,,,,0,30.0,0,0
75,12,21,8,20,Y6075280,,,,0,30.0,0,0
75,12,21,8,21,Y6075281,,,,0,30.0,0,0
75,12,21,8,22,Y6075282,,,,0,30.0,0,0
75,12,21,8,23,Y6075283,,,,0,30.0,0,0
75,12,21,8,24,Y6075284,,,,0,30.0,0,0
75,12,21,8,25,Y6075285,,,,0,30.0,0,0
75,12,21,8,26,Y6075286,,,,0,30.0,0,0
75,12,21,8,27,Y6075287,,,,0,30.0,0,0
75,12,21,8,28,Y6075288,,,,0,30.0,0,0
75,12,21,8,29,Y6075289,,,,0,30.0,0,0
75,12,21,8,30,Y6075290,,,,0,30.0,0,0
75,12,21,9,10,Y6075291,,,,0,30.0,0,0
75,12,21,9,11,Y6075292,,,,0,30.0,0,0
75,12,21,9,12,Y6075293,,,,0,30.0,0,0
75,12,21,9,13,Y6075294,,,,0,30.0,0,0
75,12,21,9,14,Y6075295,,,,0,30.0,0,0
75,12,21,9,15,Y6075296,,,,0,30.0,0,0
75,12,21,9,16,Y6075297,,,,0,30.0,0,0
75,12,21,9,17,Y6075298,,,,0,30.0,0,0
75,12,21,9,18,Y6075299,,,,0,30.0,0,0
75,12,21,9,19,Y6075300,,,,0,30.0,0,0
75,12,21,9,20,Y6075301,,,,0,30.0,0,0
75,12,21,9,21,Y6075302,,,,0,30.0,0,0
75,12,21,9,22,Y6075303,,,,0,30.0,0,0
75,12,21,9,23,Y6075304,,,,0,30.0,0,0
75,12,21,9,24,Y6075305,,,,0,30.0,0,0
75,12,21,9,25,Y6075306,,,,0,30.0,0,0
75,12,21,9,26,Y6075307,,,,0,30.0,0,0
75,12,21,9,27,Y6075308,,,,0,30.0,0,0
75,12,21,9,28,Y6075309,,,,0,30.0,0,0
75,12,21,9,29,Y6075310,,,,0,30.0,0,0
75,12,21,9,30,Y6075311,,,,0,30.0,0,0
75,12,21,10,10,Y6075312,,,,0,30.0,0,0
75,12,21,10,11,Y6075313,,,,0,30.0,0,0
75,12,21,10,12,Y6075314,,,,0,30.0,0,0
75,12,21,10,13,Y6075315,,,,0,30.0,0,0
75,12,21,10,14,Y6075316,,,,0,30.0,0,0
75,12,21,10,15,Y6075317,,,,0,30.0,0,0
75,12,21,10,16,Y6075318,,,,0,30.0,0,0
75,12,21,10,17,Y6075319,,,,0,30.0,0,0
75,12,21,10,18,Y6075320,,,,0,30.0,0,0
75,12,21,10,19,Y6075321,,,,0,30.0,0,0
75,12,21,10,20,Y6075322,,,,0,30.0,0,0
75,12,21,10,21,Y6075323,,,,0,30.0,0,0
75,12,21,10,22,Y6075324,,,,0,30.0,0,0
75,12,21,10,23,Y6075325,,,,0,30.0,0,0
75,12,21,10,24,Y6075326,,,,0,30.0,0,0
75,12,21,10,25,Y6075327,,,,0,30.0,0,0
75,12,21,10,26,Y6075328,,,,0,30.0,0,0
75,12,21,10,27,Y6075329,,,,0,30.0,0,0
75,12,21,10,28,Y6075330,,,,0,30.0,0,0
75,12,21,10,29,Y6075331,,,,0,30.0,0,0
75,12,21,10,30,Y6075332,,,,0,30.0,0,0
75,12,21,11,10,Y6075333,,,,0,30.0,0,0
75,12,21,11,11,Y6075334,,,,0,30.0,0,0
75,12,21,11,12,Y6075335,,,,0,30.0,0,0
75,12,21,11,13,Y6075336,,,,0,30.0,0,0
75,12,21,11,14,Y6075337,,,,0,30.0,0,0
75,12,21,11,15,Y6075338,,,,0,30.0,0,0
75,12,21,11,16,Y6075339,,,,0,30.0,0,0
75,12,21,11,17,Y6075340,,,,0,30.0,0,0
75,12,21,11,18,Y6075341,,,,0,30.0,0,0
75,12,21,11,19,Y6075342,,,,0,30.0,0,0
75,12,21,11,20,Y6075343,,,,0,30.0,0,0
75,12,21,11,21,Y6075344,,,,0,30.0,0,0
75,12,21,11,22,Y6075345,,,,0,30.0,0,0
75,12,21,11,23,Y6075346,,,,0,30.0,0,0
75,12,21,11,24,Y6075347,,,,0,30.0,0,0
75,12,21,11,25,Y6075348,,,,0,30.0,0,0
75,12,21,11,26,Y6075349,,,,0,30.0,0,0
75,12,21,11,27,Y6075350,,,,0,30.0,0,0
75,12,21,11,28,Y6075351,,,,0,30.0,0,0
75,12,21,11,29,Y6075352,,,,0,30.0,0,0
75,12,21,11,30,Y6075353,,,,0,30.0,0,0
75,12,21,12,10,Y6075354,,,,0,30.0,0,0
75,12,21,12,11,Y6075355,,,,0,30.0,0,0
75,12,21,12,12,Y6075356,,,,0,30.0,0,0
75,12,21,12,13,Y6075357,,,,0,30.0,0,0
75,12,21,12,14,Y6075358,,,,0,30.0,0,0
75,12,21,12,15,Y6075359,,,,0,30.0,0,0
75,12,21,12,16,Y6075360,,,,0,30.0,0,0
75,12,21,12,17,Y6075361,,,,0,30.0,0,0
75,12,21,12,18,Y6075362,,,,0,30.0,0,0
75,12,21,12,19,Y6075363,,,,0,30.0,0,0
75,12,21,12,20,Y6075364,,,,0,30.0,0,0
75,12,21,12,21,Y6075365,,,,0,30.0,0,0
75,12,21,12,22,Y6075366,,,,0,30.0,0,0
75,12,21,12,23,Y6075367,,,,0,30.0,0,0
75,12,21,12,24,Y6075368,,,,0,30.0,0,0
75,12,21,12,25,Y6075369,,,,0,30.0,0,0
75,12,21,12,26,Y6075370,,,,0,30.0,0,0
75,12,21,12,27,Y6075371,,,,0,30.0,0,0
75,12,21,12,28,Y6075372,,,,0,30.0,0,0
75,12,21,12,29,Y6075373,,,,0,30.0,0,0
75,12,21,12,30,Y6075374,,,,0,30.0,0,0
75,12,22,1,10,Y6075375,,,,0,30.0,0,0
75,12,22,1,11,Y6075376,,,,0,30.0,0,0
75,12,22,1,12,Y6075377,,,,0,30.0,0,0
75,12,22,1,13,Y6075378,,,,0,30.0,0,0
75,12,22,1,14,Y6075379,,,,0,30.0,0,0
75,12,22,1,15,Y6075380,,,,0,30.0,0,0
75,12,22,1,16,Y6075381,,,,0,30.0,0,0
75,12,22,1,17,Y6075382,,,,0,30.0,0,0
75,12,22,1,18,Y6075383,,,,0,30.0,0,0
75,12,22,1,19,Y6075384,,,,0,30.0,0,0
75,12,22,1,20,Y6075385,,,,0,30.0,0,0
75,12,22,1,21,Y6075386,,,,0,30.0,0,0
75,12,22,1,22,Y6075387,,,,0,30.0,0,0
75,12,22,1,23,Y6075388,,,,0,30.0,0,0
75,12,22,1,24,Y6075389,,,,0,30.0,0,0
75,12,22,1,25,Y6075390,,,,0,30.0,0,0
75,12,22,1,26,Y6075391,,,,0,30.0,0,0
75,12,22,1,27,Y6075392,,,,0,30.0,0,0
75,12,22,1,28,Y6075393,,,,0,30.0,0,0
75,12,22,1,29,Y6075394,,,,0,30.0,0,0
75,12,22,1,30,Y6075395,,,,0,30.0,0,0
75,12,22,2,10,Y6075396,,,,0,30.0,0,0
75,12,22,2,11,Y6075397,,,,0,30.0,0,0
75,12,22,2,12,Y6075398,,,,0,30.0,0,0
75,12,22,2,13,Y6075399,,,,0,30.0,0,0
75,12,22,2,14,Y6075400,,,,0,30.0,0,0
75,12,22,2,15,Y6075401,,,,0,30.0,0,0
75,12,22,2,16,Y6075402,,,,0,30.0,0,0
75,12,22,2,17,Y6075403,,,,0,30.0,0,0
75,12,22,2,18,Y6075404,,,,0,30.0,0,0
75,12,22,2,19,Y6075405,,,,0,30.0,0,0
75,12,22,2,20,Y6075406,,,,0,30.0,0,0
75,12,22,2,21,Y6075407,,,,0,30.0,0,0
75,12,22,2,22,Y6075408,,,,0,30.0,0,0
75,12,22,2,23,Y6075409,,,,0,30.0,0,0
75,12,22,2,24,Y6075410,,,,0,30.0,0,0
75,12,22,2,25,Y6075411,,,,0,30.0,0,0
75,12,22,2,26,Y6075412,,,,0,30.0,0,0
75,12,22,2,27,Y6075413,,,,0,30.0,0,0
75,12,22,2,28,Y6075414,,,,0,30.0,0,0
75,12,22,2,29,Y6075415,,,,0,30.0,0,0
75,12,22,2,30,Y6075416,,,,0,30.0,0,0
75,12,22,3,10,Y6075417,,,,0,30.0,0,0
75,12,22,3,11,Y6075418,,,,0,30.0,0,0
75,12,22,3,12,Y6075419,,,,0,30.0,0,0
75,12,22,3,13,Y6075420,,,,0,30.0,0,0
75,12,22,3,14,Y6075421,,,,0,30.0,0,0
75,12,22,3,15,Y6075422,,,,0,30.0,0,0
75,12,22,3,16,Y6075423,,,,0,30.0,0,0
75,12,22,3,17,Y6075424,,,,0,30.0,0,0
75,12,22,3,18,Y6075425,,,,0,30.0,0,0
75,12,22,3,19,Y6075426,,,,0,30.0,0,0
75,12,22,3,20,Y6075427,,,,0,30.0,0,0
75,12,22,3,21,Y6075428,,,,0,30.0,0,0
75,12,22,3,22,Y6075429,,,,0,30.0,0,0
75,12,22,3,23,Y6075430,,,,0,30.0,0,0
75,12,22,3,24,Y6075431,,,,0,30.0,0,0
75,12,22,3,25,Y6075432,,,,0,30.0,0,0
75,12,22,3,26,Y6075433,,,,0,30.0,0,0
75,12,22,3,27,Y6075434,,,,0,30.0,0,0
75,12,22,3,28,Y6075435,,,,0,30.0,0,0
75,12,22,3,29,Y6075436,,,,0,30.0,0,0
75,12,22,3,30,Y6075437,,,,0,30.0,0,0
75,12,22,4,10,Y6075438,,,,0,30.0,0,0
75,12,22,4,11,Y6075439,,,,0,30.0,0,0
75,12,22,4,12,Y6075440,,,,0,30.0,0,0
75,12,22,4,13,Y6075441,,,,0,30.0,0,0
75,12,22,4,14,Y6075442,,,,0,30.0,0,0
75,12,22,4,15,Y6075443,,,,0,30.0,0,0
75,12,22,4,16,Y6075444,,,,0,30.0,0,0
75,12,22,4,17,Y6075445,,,,0,30.0,0,0
75,12,22,4,18,Y6075446,,,,0,30.0,0,0
75,12,22,4,19,Y6075447,,,,0,30.0,0,0
75,12,22,4,20,Y6075448,,,,0,30.0,0,0
75,12,22,4,21,Y6075449,,,,0,30.0,0,0
75,12,22,4,22,Y6075450,,,,0,30.0,0,0
75,12,22,4,23,Y6075451,,,,0,30.0,0,0
75,12,22,4,24,Y6075452,,,,0,30.0,0,0
75,12,22,4,25,Y6075453,,,,0,30.0,0,0
75,12,22,4,26,Y6075454,,,,0,30.0,0,0
75,12,22,4,27,Y6075455,,,,0,30.0,0,0
75,12,22,4,28,Y6075456,,,,0,30.0,0,0
75,12,22,4,29,Y6075457,,,,0,30.0,0,0
75,12,22,4,30,Y6075458,,,,0,30.0,0,0
75,12,22,5,10,Y6075459,,,,0,30.0,0,0
75,12,22,5,11,Y6075460,,,,0,30.0,0,0
75,12,22,5,12,Y6075461,,,,0,30.0,0,0
75,12,22,5,13,Y6075462,,,,0,30.0,0,0
75,12,22,5,14,Y6075463,,,,0,30.0,0,0
75,12,22,5,15,Y6075464,,,,0,30.0,0,0
75,12,22,5,16,Y6075465,,,,0,30.0,0,0
75,12,22,5,17,Y6075466,,,,0,30.0,0,0
75,12,22,5,18,Y6075467,,,,0,30.0,0,0
75,12,22,5,19,Y6075468,,,,0,30.0,0,0
75,12,22,5,20,Y6075469,,,,0,30.0,0,0
75,12,22,5,21,Y6075470,,,,0,30.0,0,0
75,12,22,5,22,Y6075471,,,,0,30.0,0,0
75,12,22,5,23,Y6075472,,,,0,30.0,0,0
75,12,22,5,24,Y6075473,,,,0,30.0,0,0
75,12,22,5,25,Y6075474,,,,0,30.0,0,0
75,12,22,5,26,Y6075475,,,,0,30.0,0,0
75,12,22,5,27,Y6075476,,,,0,30.0,0,0
75,12,22,5,28,Y6075477,,,,0,30.0,0,0
75,12,22,5,29,Y6075478,,,,0,30.0,0,0
75,12,22,5,30,Y6075479,,,,0,30.0,0,0
75,12,22,6,10,Y6075480,,,,0,30.0,0,0
75,12,22,6,11,Y6075481,,,,0,30.0,0,0
75,12,22,6,12,Y6075482,,,,0,30.0,0,0
75,12,22,6,13,Y6075483,,,,0,30.0,0,0
75,12,22,6,14,Y6075484,,,,0,30.0,0,0
75,12,22,6,15,Y6075485,,,,0,30.0,0,0
75,12,22,6,16,Y6075486,,,,0,30.0,0,0
75,12,22,6,17,Y6075487,,,,0,30.0,0,0
75,12,22,6,18,Y6075488,,,,0,30.0,0,0
75,12,22,6,19,Y6075489,,,,0,30.0,0,0
75,12,22,6,20,Y6075490,,,,0,30.0,0,0
75,12,22,6,21,Y6075491,,,,0,30.0,0,0
75,12,22,6,22,Y6075492,,,,0,30.0,0,0
75,12,22,6,23,Y6075493,,,,0,30.0,0,0
75,12,22,6,24,Y6075494,,,,0,30.0,0,0
75,12,22,6,25,Y6075495,,,,0,30.0,0,0
75,12,22,6,26,Y6075496,,,,0,30.0,0,0
75,12,22,6,27,Y6075497,,,,0,30.0,0,0
75,12,22,6,28,Y6075498,,,,0,30.0,0,0
75,12,22,6,29,Y6075499,,,,0,30.0,0,0
75,12,22,6,30,Y6075500,,,,0,30.0,0,0
75,12,22,7,10,Y6075501,,,,0,30.0,0,0
75,12,22,7,11,Y6075502,,,,0,30.0,0,0
75,12,22,7,12,Y6075503,,,,0,30.0,0,0
75,12,22,7,13,Y6075504,,,,0,30.0,0,0
75,12,22,7,14,Y6075505,,,,0,30.0,0,0
75,12,22,7,15,Y6075506,,,,0,30.0,0,0
75,12,22,7,16,Y6075507,,,,0,30.0,0,0
75,12,22,7,17,Y6075508,,,,0,30.0,0,0
75,12,22,7,18,Y6075509,,,,0,30.0,0,0
75,12,22,7,19,Y6075510,,,,0,30.0,0,0
75,12,22,7,20,Y6075511,,,,0,30.0,0,0
75,12,22,7,21,Y6075512,,,,0,30.0,0,0
75,12,22,7,22,Y6075513,,,,0,30.0,0,0
75,12,22,7,23,Y6075514,,,,0,30.0,0,0
75,12,22,7,24,Y6075515,,,,0,30.0,0,0
75,12,22,7,25,Y6075516,,,,0,30.0,0,0
75,12,22,7,26,Y6075517,,,,0,30.0,0,0
75,12,22,7,27,Y6075518,,,,0,30.0,0,0
75,12,22,7,28,Y6075519,,,,0,30.0,0,0
75,12,22,7,29,Y6075520,,,,0,30.0,0,0
75,12,22,7,30,Y6075521,,,,0,30.0,0,0
75,12,22,8,10,Y6075522,,,,0,30.0,0,0
75,12,22,8,11,Y6075523,,,,0,30.0,0,0
75,12,22,8,12,Y6075524,,,,0,30.0,0,0
75,12,22,8,13,Y6075525,,,,0,30.0,0,0
75,12,22,8,14,Y6075526,,,,0,30.0,0,0
75,12,22,8,15,Y6075527,,,,0,30.0,0,0
75,12,22,8,16,Y6075528,,,,0,30.0,0,0
75,12,22,8,17,Y6075529,,,,0,30.0,0,0
75,12,22,8,18,Y6075530,,,,0,30.0,0,0
75,12,22,8,19,Y6075531,,,,0,30.0,0,0
75,12,22,8,20,Y6075532,,,,0,30.0,0,0
75,12,22,8,21,Y6075533,,,,0,30.0,0,0
75,12,22,8,22,Y6075534,,,,0,30.0,0,0
75,12,22,8,23,Y6075535,,,,0,30.0,0,0
75,12,22,8,24,Y6075536,,,,0,30.0,0,0
75,12,22,8,25,Y6075537,,,,0,30.0,0,0
75,12,22,8,26,Y6075538,,,,0,30.0,0,0
75,12,22,8,27,Y6075539,,,,0,30.0,0,0
75,12,22,8,28,Y6075540,,,,0,30.0,0,0
75,12,22,8,29,Y6075541,,,,0,30.0,0,0
75,12,22,8,30,Y6075542,,,,0,30.0,0,0
75,12,22,9,10,Y6075543,,,,0,30.0,0,0
75,12,22,9,11,Y6075544,,,,0,30.0,0,0
75,12,22,9,12,Y6075545,,,,0,30.0,0,0
75,12,22,9,13,Y6075546,,,,0,30.0,0,0
75,12,22,9,14,Y6075547,,,,0,30.0,0,0
75,12,22,9,15,Y6075548,,,,0,30.0,0,0
75,12,22,9,16,Y6075549,,,,0,30.0,0,0
75,12,22,9,17,Y6075550,,,,0,30.0,0,0
75,12,22,9,18,Y6075551,,,,0,30.0,0,0
75,12,22,9,19,Y6075552,,,,0,30.0,0,0
75,12,22,9,20,Y6075553,,,,0,30.0,0,0
75,12,22,9,21,Y6075554,,,,0,30.0,0,0
75,12,22,9,22,Y6075555,,,,0,30.0,0,0
75,12,22,9,23,Y6075556,,,,0,30.0,0,0
75,12,22,9,24,Y6075557,,,,0,30.0,0,0
75,12,22,9,25,Y6075558,,,,0,30.0,0,0
75,12,22,9,26,Y6075559,,,,0,30.0,0,0
75,12,22,9,27,Y6075560,,,,0,30.0,0,0
75,12,22,9,28,Y6075561,,,,0,30.0,0,0
75,12,22,9,29,Y6075562,,,,0,30.0,0,0
75,12,22,9,30,Y6075563,,,,0,30.0,0,0
75,12,22,10,10,Y6075564,,,,0,30.0,0,0
75,12,22,10,11,Y6075565,,,,0,30.0,0,0
75,12,22,10,12,Y6075566,,,,0,30.0,0,0
75,12,22,10,13,Y6075567,,,,0,30.0,0,0
75,12,22,10,14,Y6075568,,,,0,30.0,0,0
75,12,22,10,15,Y6075569,,,,0,30.0,0,0
75,12,22,10,16,Y6075570,,,,0,30.0,0,0
75,12,22,10,17,Y6075571,,,,0,30.0,0,0
75,12,22,10,18,Y6075572,,,,0,30.0,0,0
75,12,22,10,19,Y6075573,,,,0,30.0,0,0
75,12,22,10,20,Y6075574,,,,0,30.0,0,0
75,12,22,10,21,Y6075575,,,,0,30.0,0,0
75,12,22,10,22,Y6075576,,,,0,30.0,0,0
75,12,22,10,23,Y6075577,,,,0,30.0,0,0
75,12,22,10,24,Y6075578,,,,0,30.0,0,0
75,12,22,10,25,Y6075579,,,,0,30.0,0,0
75,12,22,10,26,Y6075580,,,,0,30.0,0,0
75,12,22,10,27,Y6075581,,,,0,30.0,0,0
75,12,22,10,28,Y6075582,,,,0,30.0,0,0
75,12,22,10,29,Y6075583,,,,0,30.0,0,0
75,12,22,10,30,Y6075584,,,,0,30.0,0,0
75,12,22,11,10,Y6075585,,,,0,30.0,0,0
75,12,22,11,11,Y6075586,,,,0,30.0,0,0
75,12,22,11,12,Y6075587,,,,0,30.0,0,0
75,12,22,11,13,Y6075588,,,,0,30.0,0,0
75,12,22,11,14,Y6075589,,,,0,30.0,0,0
75,12,22,11,15,Y6075590,,,,0,30.0,0,0
75,12,22,11,16,Y6075591,,,,0,30.0,0,0
75,12,22,11,17,Y6075592,,,,0,30.0,0,0
75,12,22,11,18,Y6075593,,,,0,30.0,0,0
75,12,22,11,19,Y6075594,,,,0,30.0,0,0
75,12,22,11,20,Y6075595,,,,0,30.0,0,0
75,12,22,11,21,Y6075596,,,,0,30.0,0,0
75,12,22,11,22,Y6075597,,,,0,30.0,0,0
75,12,22,11,23,Y6075598,,,,0,30.0,0,0
75,12,22,11,24,Y6075599,,,,0,30.0,0,0
75,12,22,11,25,Y6075600,,,,0,30.0,0,0
75,12,22,11,26,Y6075601,,,,0,30.0,0,0
75,12,22,11,27,Y6075602,,,,0,30.0,0,0
75,12,22,11,28,Y6075603,,,,0,30.0,0,0
75,12,22,11,29,Y6075604,,,,0,30.0,0,0
75,12,22,11,30,Y6075605,,,,0,30.0,0,0
75,12,22,12,10,Y6075606,,,,0,30.0,0,0
75,12,22,12,11,Y6075607,,,,0,30.0,0,0
75,12,22,12,12,Y6075608,,,,0,30.0,0,0
75,12,22,12,13,Y6075609,,,,0,30.0,0,0
75,12,22,12,14,Y6075610,,,,0,30.0,0,0
75,12,22,12,15,Y6075611,,,,0,30.0,0,0
75,12,22,12,16,Y6075612,,,,0,30.0,0,0
75,12,22,12,17,Y6075613,,,,0,30.0,0,0
75,12,22,12,18,Y6075614,,,,0,30.0,0,0
75,12,22,12,19,Y6075615,,,,0,30.0,0,0
75,12,22,12,20,Y6075616,,,,0,30.0,0,0
75,12,22,12,21,Y6075617,,,,0,30.0,0,0
75,12,22,12,22,Y6075618,,,,0,30.0,0,0
75,12,22,12,23,Y6075619,,,,0,30.0,0,0
75,12,22,12,24,Y6075620,,,,0,30.0,0,0
75,12,22,12,25,Y6075621,,,,0,30.0,0,0
75,12,22,12,26,Y6075622,,,,0,30.0,0,0
75,12,22,12,27,Y6075623,,,,0,30.0,0,0
75,12,22,12,28,Y6075624,,,,0,30.0,0,0
75,12,22,12,29,Y6075625,,,,0,30.0,0,0
75,12,22,12,30,Y6075626,,,,0,30.0,0,0
75,12,23,1,10,Y6075627,,,,0,30.0,0,0
75,12,23,1,11,Y6075628,,,,0,30.0,0,0
75,12,23,1,12,Y6075629,,,,0,30.0,0,0
75,12,23,1,13,Y6075630,,,,0,30.0,0,0
75,12,23,1,14,Y6075631,,,,0,30.0,0,0
75,12,23,1,15,Y6075632,,,,0,30.0,0,0
75,12,23,1,16,Y6075633,,,,0,30.0,0,0
75,12,23,1,17,Y6075634,,,,0,30.0,0,0
75,12,23,1,18,Y6075635,,,,0,30.0,0,0
75,12,23,1,19,Y6075636,,,,0,30.0,0,0
75,12,23,1,20,Y6075637,,,,0,30.0,0,0
75,12,23,1,21,Y6075638,,,,0,30.0,0,0
75,12,23,1,22,Y6075639,,,,0,30.0,0,0
75,12,23,1,23,Y6075640,,,,0,30.0,0,0
75,12,23,1,24,Y6075641,,,,0,30.0,0,0
75,12,23,1,25,Y6075642,,,,0,30.0,0,0
75,12,23,1,26,Y6075643,,,,0,30.0,0,0
75,12,23,1,27,Y6075644,,,,0,30.0,0,0
75,12,23,1,28,Y6075645,,,,0,30.0,0,0
75,12,23,1,29,Y6075646,,,,0,30.0,0,0
75,12,23,1,30,Y6075647,,,,0,30.0,0,0
75,12,23,2,10,Y6075648,,,,0,30.0,0,0
75,12,23,2,11,Y6075649,,,,0,30.0,0,0
75,12,23,2,12,Y6075650,,,,0,30.0,0,0
75,12,23,2,13,Y6075651,,,,0,30.0,0,0
75,12,23,2,14,Y6075652,,,,0,30.0,0,0
75,12,23,2,15,Y6075653,,,,0,30.0,0,0
75,12,23,2,16,Y6075654,,,,0,30.0,0,0
75,12,23,2,17,Y6075655,,,,0,30.0,0,0
75,12,23,2,18,Y6075656,,,,0,30.0,0,0
75,12,23,2,19,Y6075657,,,,0,30.0,0,0
75,12,23,2,20,Y6075658,,,,0,30.0,0,0
75,12,23,2,21,Y6075659,,,,0,30.0,0,0
75,12,23,2,22,Y6075660,,,,0,30.0,0,0
75,12,23,2,23,Y6075661,,,,0,30.0,0,0
75,12,23,2,24,Y6075662,,,,0,30.0,0,0
75,12,23,2,25,Y6075663,,,,0,30.0,0,0
75,12,23,2,26,Y6075664,,,,0,30.0,0,0
75,12,23,2,27,Y6075665,,,,0,30.0,0,0
75,12,23,2,28,Y6075666,,,,0,30.0,0,0
75,12,23,2,29,Y6075667,,,,0,30.0,0,0
75,12,23,2,30,Y6075668,,,,0,30.0,0,0
75,12,23,3,10,Y6075669,,,,0,30.0,0,0
75,12,23,3,11,Y6075670,,,,0,30.0,0,0
75,12,23,3,12,Y6075671,,,,0,30.0,0,0
75,12,23,3,13,Y6075672,,,,0,30.0,0,0
75,12,23,3,14,Y6075673,,,,0,30.0,0,0
75,12,23,3,15,Y6075674,,,,0,30.0,0,0
75,12,23,3,16,Y6075675,,,,0,30.0,0,0
75,12,23,3,17,Y6075676,,,,0,30.0,0,0
75,12,23,3,18,Y6075677,,,,0,30.0,0,0
75,12,23,3,19,Y6075678,,,,0,30.0,0,0
75,12,23,3,20,Y6075679,,,,0,30.0,0,0
75,12,23,3,21,Y6075680,,,,0,30.0,0,0
75,12,23,3,22,Y6075681,,,,0,30.0,0,0
75,12,23,3,23,Y6075682,,,,0,30.0,0,0
75,12,23,3,24,Y6075683,,,,0,30.0,0,0
75,12,23,3,25,Y6075684,,,,0,30.0,0,0
75,12,23,3,26,Y6075685,,,,0,30.0,0,0
75,12,23,3,27,Y6075686,,,,0,30.0,0,0
75,12,23,3,28,Y6075687,,,,0,30.0,0,0
75,12,23,3,29,Y6075688,,,,0,30.0,0,0
75,12,23,3,30,Y6075689,,,,0,30.0,0,0
75,12,23,4,10,Y6075690,,,,0,30.0,0,0
75,12,23,4,11,Y6075691,,,,0,30.0,0,0
75,12,23,4,12,Y6075692,,,,0,30.0,0,0
75,12,23,4,13,Y6075693,,,,0,30.0,0,0
75,12,23,4,14,Y6075694,,,,0,30.0,0,0
75,12,23,4,15,Y6075695,,,,0,30.0,0,0
75,12,23,4,16,Y6075696,,,,0,30.0,0,0
75,12,23,4,17,Y6075697,,,,0,30.0,0,0
75,12,23,4,18,Y6075698,,,,0,30.0,0,0
75,12,23,4,19,Y6075699,,,,0,30.0,0,0
75,12,23,4,20,Y6075700,,,,0,30.0,0,0
75,12,23,4,21,Y6075701,,,,0,30.0,0,0
75,12,23,4,22,Y6075702,,,,0,30.0,0,0
75,12,23,4,23,Y6075703,,,,0,30.0,0,0
75,12,23,4,24,Y6075704,,,,0,30.0,0,0
75,12,23,4,25,Y6075705,,,,0,30.0,0,0
75,12,23,4,26,Y6075706,,,,0,30.0,0,0
75,12,23,4,27,Y6075707,,,,0,30.0,0,0
75,12,23,4,28,Y6075708,,,,0,30.0,0,0
75,12,23,4,29,Y6075709,,,,0,30.0,0,0
75,12,23,4,30,Y6075710,,,,0,30.0,0,0
75,12,23,5,10,Y6075711,,,,0,30.0,0,0
75,12,23,5,11,Y6075712,,,,0,30.0,0,0
75,12,23,5,12,Y6075713,,,,0,30.0,0,0
75,12,23,5,13,Y6075714,,,,0,30.0,0,0
75,12,23,5,14,Y6075715,,,,0,30.0,0,0
75,12,23,5,15,Y6075716,,,,0,30.0,0,0
75,12,23,5,16,Y6075717,,,,0,30.0,0,0
75,12,23,5,17,Y6075718,,,,0,30.0,0,0
75,12,23,5,18,Y6075719,,,,0,30.0,0,0
75,12,23,5,19,Y6075720,,,,0,30.0,0,0
75,12,23,5,20,Y6075721,,,,0,30.0,0,0
75,12,23,5,21,Y6075722,,,,0,30.0,0,0
75,12,23,5,22,Y6075723,,,,0,30.0,0,0
75,12,23,5,23,Y6075724,,,,0,30.0,0,0
75,12,23,5,24,Y6075725,,,,0,30.0,0,0
75,12,23,5,25,Y6075726,,,,0,30.0,0,0
75,12,23,5,26,Y6075727,,,,0,30.0,0,0
75,12,23,5,27,Y6075728,,,,0,30.0,0,0
75,12,23,5,28,Y6075729,,,,0,30.0,0,0
75,12,23,5,29,Y6075730,,,,0,30.0,0,0
75,12,23,5,30,Y6075731,,,,0,30.0,0,0
75,12,23,6,10,Y6075732,,,,0,30.0,0,0
75,12,23,6,11,Y6075733,,,,0,30.0,0,0
75,12,23,6,12,Y6075734,,,,0,30.0,0,0
75,12,23,6,13,Y6075735,,,,0,30.0,0,0
75,12,23,6,14,Y6075736,,,,0,30.0,0,0
75,12,23,6,15,Y6075737,,,,0,30.0,0,0
75,12,23,6,16,Y6075738,,,,0,30.0,0,0
75,12,23,6,17,Y6075739,,,,0,30.0,0,0
75,12,23,6,18,Y6075740,,,,0,30.0,0,0
75,12,23,6,19,Y6075741,,,,0,30.0,0,0
75,12,23,6,20,Y6075742,,,,0,30.0,0,0
75,12,23,6,21,Y6075743,,,,0,30.0,0,0
75,12,23,6,22,Y6075744,,,,0,30.0,0,0
75,12,23,6,23,Y6075745,,,,0,30.0,0,0
75,12,23,6,24,Y6075746,,,,0,30.0,0,0
75,12,23,6,25,Y6075747,,,,0,30.0,0,0
75,12,23,6,26,Y6075748,,,,0,30.0,0,0
75,12,23,6,27,Y6075749,,,,0,30.0,0,0
75,12,23,6,28,Y6075750,,,,0,30.0,0,0
75,12,23,6,29,Y6075751,,,,0,30.0,0,0
75,12,23,6,30,Y6075752,,,,0,30.0,0,0
75,12,23,7,10,Y6075753,,,,0,30.0,0,0
75,12,23,7,11,Y6075754,,,,0,30.0,0,0
75,12,23,7,12,Y6075755,,,,0,30.0,0,0
75,12,23,7,13,Y6075756,,,,0,30.0,0,0
75,12,23,7,14,Y6075757,,,,0,30.0,0,0
75,12,23,7,15,Y6075758,,,,0,30.0,0,0
75,12,23,7,16,Y6075759,,,,0,30.0,0,0
75,12,23,7,17,Y6075760,,,,0,30.0,0,0
75,12,23,7,18,Y6075761,,,,0,30.0,0,0
75,12,23,7,19,Y6075762,,,,0,30.0,0,0
75,12,23,7,20,Y6075763,,,,0,30.0,0,0
75,12,23,7,21,Y6075764,,,,0,30.0,0,0
75,12,23,7,22,Y6075765,,,,0,30.0,0,0
75,12,23,7,23,Y6075766,,,,0,30.0,0,0
75,12,23,7,24,Y6075767,,,,0,30.0,0,0
75,12,23,7,25,Y6075768,,,,0,30.0,0,0
75,12,23,7,26,Y6075769,,,,0,30.0,0,0
75,12,23,7,27,Y6075770,,,,0,30.0,0,0
75,12,23,7,28,Y6075771,,,,0,30.0,0,0
75,12,23,7,29,Y6075772,,,,0,30.0,0,0
75,12,23,7,30,Y6075773,,,,0,30.0,0,0
75,12,23,8,10,Y6075774,,,,0,30.0,0,0
75,12,23,8,11,Y6075775,,,,0,30.0,0,0
75,12,23,8,12,Y6075776,,,,0,30.0,0,0
75,12,23,8,13,Y6075777,,,,0,30.0,0,0
75,12,23,8,14,Y6075778,,,,0,30.0,0,0
75,12,23,8,15,Y6075779,,,,0,30.0,0,0
75,12,23,8,16,Y6075780,,,,0,30.0,0,0
75,12,23,8,17,Y6075781,,,,0,30.0,0,0
75,12,23,8,18,Y6075782,,,,0,30.0,0,0
75,12,23,8,19,Y6075783,,,,0,30.0,0,0
75,12,23,8,20,Y6075784,,,,0,30.0,0,0
75,12,23,8,21,Y6075785,,,,0,30.0,0,0
75,12,23,8,22,Y6075786,,,,0,30.0,0,0
75,12,23,8,23,Y6075787,,,,0,30.0,0,0
75,12,23,8,24,Y6075788,,,,0,30.0,0,0
75,12,23,8,25,Y6075789,,,,0,30.0,0,0
75,12,23,8,26,Y6075790,,,,0,30.0,0,0
75,12,23,8,27,Y6075791,,,,0,30.0,0,0
75,12,23,8,28,Y6075792,,,,0,30.0,0,0
75,12,23,8,29,Y6075793,,,,0,30.0,0,0
75,12,23,8,30,Y6075794,,,,0,30.0,0,0
75,12,23,9,10,Y6075795,,,,0,30.0,0,0
75,12,23,9,11,Y6075796,,,,0,30.0,0,0
75,12,23,9,12,Y6075797,,,,0,30.0,0,0
75,12,23,9,13,Y6075798,,,,0,30.0,0,0
75,12,23,9,14,Y6075799,,,,0,30.0,0,0
75,12,23,9,15,Y6075800,,,,0,30.0,0,0
75,12,23,9,16,Y6075801,,,,0,30.0,0,0
75,12,23,9,17,Y6075802,,,,0,30.0,0,0
75,12,23,9,18,Y6075803,,,,0,30.0,0,0
75,12,23,9,19,Y6075804,,,,0,30.0,0,0
75,12,23,9,20,Y6075805,,,,0,30.0,0,0
75,12,23,9,21,Y6075806,,,,0,30.0,0,0
75,12,23,9,22,Y6075807,,,,0,30.0,0,0
75,12,23,9,23,Y6075808,,,,0,30.0,0,0
75,12,23,9,24,Y6075809,,,,0,30.0,0,0
75,12,23,9,25,Y6075810,,,,0,30.0,0,0
75,12,23,9,26,Y6075811,,,,0,30.0,0,0
75,12,23,9,27,Y6075812,,,,0,30.0,0,0
75,12,23,9,28,Y6075813,,,,0,30.0,0,0
75,12,23,9,29,Y6075814,,,,0,30.0,0,0
75,12,23,9,30,Y6075815,,,,0,30.0,0,0
75,12,23,10,10,Y6075816,,,,0,30.0,0,0
75,12,23,10,11,Y6075817,,,,0,30.0,0,0
75,12,23,10,12,Y6075818,,,,0,30.0,0,0
75,12,23,10,13,Y6075819,,,,0,30.0,0,0
75,12,23,10,14,Y6075820,,,,0,30.0,0,0
75,12,23,10,15,Y6075821,,,,0,30.0,0,0
75,12,23,10,16,Y6075822,,,,0,30.0,0,0
75,12,23,10,17,Y6075823,,,,0,30.0,0,0
75,12,23,10,18,Y6075824,,,,0,30.0,0,0
75,12,23,10,19,Y6075825,,,,0,30.0,0,0
75,12,23,10,20,Y6075826,,,,0,30.0,0,0
75,12,23,10,21,Y6075827,,,,0,30.0,0,0
75,12,23,10,22,Y6075828,,,,0,30.0,0,0
75,12,23,10,23,Y6075829,,,,0,30.0,0,0
75,12,23,10,24,Y6075830,,,,0,30.0,0,0
75,12,23,10,25,Y6075831,,,,0,30.0,0,0
75,12,23,10,26,Y6075832,,,,0,30.0,0,0
75,12,23,10,27,Y6075833,,,,0,30.0,0,0
75,12,23,10,28,Y6075834,,,,0,30.0,0,0
75,12,23,10,29,Y6075835,,,,0,30.0,0,0
75,12,23,10,30,Y6075836,,,,0,30.0,0,0
75,12,23,11,10,Y6075837,,,,0,30.0,0,0
75,12,23,11,11,Y6075838,,,,0,30.0,0,0
75,12,23,11,12,Y6075839,,,,0,30.0,0,0
75,12,23,11,13,Y6075840,,,,0,30.0,0,0
75,12,23,11,14,Y6075841,,,,0,30.0,0,0
75,12,23,11,15,Y6075842,,,,0,30.0,0,0
75,12,23,11,16,Y6075843,,,,0,30.0,0,0
75,12,23,11,17,Y6075844,,,,0,30.0,0,0
75,12,23,11,18,Y6075845,,,,0,30.0,0,0
75,12,23,11,19,Y6075846,,,,0,30.0,0,0
75,12,23,11,20,Y6075847,,,,0,30.0,0,0
75,12,23,11,21,Y6075848,,,,0,30.0,0,0
75,12,23,11,22,Y6075849,,,,0,30.0,0,0
75,12,23,11,23,Y6075850,,,,0,30.0,0,0
75,12,23,11,24,Y6075851,,,,0,30.0,0,0
75,12,23,11,25,Y6075852,,,,0,30.0,0,0
75,12,23,11,26,Y6075853,,,,0,30.0,0,0
75,12,23,11,27,Y6075854,,,,0,30.0,0,0
75,12,23,11,28,Y6075855,,,,0,30.0,0,0
75,12,23,11,29,Y6075856,,,,0,30.0,0,0
75,12,23,11,30,Y6075857,,,,0,30.0,0,0
75,12,23,12,10,Y6075858,,,,0,30.0,0,0
75,12,23,12,11,Y6075859,,,,0,30.0,0,0
75,12,23,12,12,Y6075860,,,,0,30.0,0,0
75,12,23,12,13,Y6075861,,,,0,30.0,0,0
75,12,23,12,14,Y6075862,,,,0,30.0,0,0
75,12,23,12,15,Y6075863,,,,0,30.0,0,0
75,12,23,12,16,Y6075864,,,,0,30.0,0,0
75,12,23,12,17,Y6075865,,,,0,30.0,0,0
75,12,23,12,18,Y6075866,,,,0,30.0,0,0
75,12,23,12,19,Y6075867,,,,0,30.0,0,0
75,12,23,12,20,Y6075868,,,,0,30.0,0,0
75,12,23,12,21,Y6075869,,,,0,30.0,0,0
75,12,23,12,22,Y6075870,,,,0,30.0,0,0
75,12,23,12,23,Y6075871,,,,0,30.0,0,0
75,12,23,12,24,Y6075872,,,,0,30.0,0,0
75,12,23,12,25,Y6075873,,,,0,30.0,0,0
75,12,23,12,26,Y6075874,,,,0,30.0,0,0
75,12,23,12,27,Y6075875,,,,0,30.0,0,0
75,12,23,12,28,Y6075876,,,,0,30.0,0,0
75,12,23,12,29,Y6075877,,,,0,30.0,0,0
75,12,23,12,30,Y6075878,,,,0,30.0,0,0
75,12,24,1,10,Y6075879,,,,0,30.0,0,0
75,12,24,1,11,Y6075880,,,,0,30.0,0,0
75,12,24,1,12,Y6075881,,,,0,30.0,0,0
75,12,24,1,13,Y6075882,,,,0,30.0,0,0
75,12,24,1,14,Y6075883,,,,0,30.0,0,0
75,12,24,1,15,Y6075884,,,,0,30.0,0,0
75,12,24,1,16,Y6075885,,,,0,30.0,0,0
75,12,24,1,17,Y6075886,,,,0,30.0,0,0
75,12,24,1,18,Y6075887,,,,0,30.0,0,0
75,12,24,1,19,Y6075888,,,,0,30.0,0,0
75,12,24,1,20,Y6075889,,,,0,30.0,0,0
75,12,24,1,21,Y6075890,,,,0,30.0,0,0
75,12,24,1,22,Y6075891,,,,0,30.0,0,0
75,12,24,1,23,Y6075892,,,,0,30.0,0,0
75,12,24,1,24,Y6075893,,,,0,30.0,0,0
75,12,24,1,25,Y6075894,,,,0,30.0,0,0
75,12,24,1,26,Y6075895,,,,0,30.0,0,0
75,12,24,1,27,Y6075896,,,,0,30.0,0,0
75,12,24,1,28,Y6075897,,,,0,30.0,0,0
75,12,24,1,29,Y6075898,,,,0,30.0,0,0
75,12,24,1,30,Y6075899,,,,0,30.0,0,0
75,12,24,2,10,Y6075900,,,,0,30.0,0,0
75,12,24,2,11,Y6075901,,,,0,30.0,0,0
75,12,24,2,12,Y6075902,,,,0,30.0,0,0
75,12,24,2,13,Y6075903,,,,0,30.0,0,0
75,12,24,2,14,Y6075904,,,,0,30.0,0,0
75,12,24,2,15,Y6075905,,,,0,30.0,0,0
75,12,24,2,16,Y6075906,,,,0,30.0,0,0
75,12,24,2,17,Y6075907,,,,0,30.0,0,0
75,12,24,2,18,Y6075908,,,,0,30.0,0,0
75,12,24,2,19,Y6075909,,,,0,30.0,0,0
75,12,24,2,20,Y6075910,,,,0,30.0,0,0
75,12,24,2,21,Y6075911,,,,0,30.0,0,0
75,12,24,2,22,Y6075912,,,,0,30.0,0,0
75,12,24,2,23,Y6075913,,,,0,30.0,0,0
75,12,24,2,24,Y6075914,,,,0,30.0,0,0
75,12,24,2,25,Y6075915,,,,0,30.0,0,0
75,12,24,2,26,Y6075916,,,,0,30.0,0,0
75,12,24,2,27,Y6075917,,,,0,30.0,0,0
75,12,24,2,28,Y6075918,,,,0,30.0,0,0
75,12,24,2,29,Y6075919,,,,0,30.0,0,0
75,12,24,2,30,Y6075920,,,,0,30.0,0,0
75,12,24,3,10,Y6075921,,,,0,30.0,0,0
75,12,24,3,11,Y6075922,,,,0,30.0,0,0
75,12,24,3,12,Y6075923,,,,0,30.0,0,0
75,12,24,3,13,Y6075924,,,,0,30.0,0,0
75,12,24,3,14,Y6075925,,,,0,30.0,0,0
75,12,24,3,15,Y6075926,,,,0,30.0,0,0
75,12,24,3,16,Y6075927,,,,0,30.0,0,0
75,12,24,3,17,Y6075928,,,,0,30.0,0,0
75,12,24,3,18,Y6075929,,,,0,30.0,0,0
75,12,24,3,19,Y6075930,,,,0,30.0,0,0
75,12,24,3,20,Y6075931,,,,0,30.0,0,0
75,12,24,3,21,Y6075932,,,,0,30.0,0,0
75,12,24,3,22,Y6075933,,,,0,30.0,0,0
75,12,24,3,23,Y6075934,,,,0,30.0,0,0
75,12,24,3,24,Y6075935,,,,0,30.0,0,0
75,12,24,3,25,Y6075936,,,,0,30.0,0,0
75,12,24,3,26,Y6075937,,,,0,30.0,0,0
75,12,24,3,27,Y6075938,,,,0,30.0,0,0
75,12,24,3,28,Y6075939,,,,0,30.0,0,0
75,12,24,3,29,Y6075940,,,,0,30.0,0,0
75,12,24,3,30,Y6075941,,,,0,30.0,0,0
75,12,24,4,10,Y6075942,,,,0,30.0,0,0
75,12,24,4,11,Y6075943,,,,0,30.0,0,0
75,12,24,4,12,Y6075944,,,,0,30.0,0,0
75,12,24,4,13,Y6075945,,,,0,30.0,0,0
75,12,24,4,14,Y6075946,,,,0,30.0,0,0
75,12,24,4,15,Y6075947,,,,0,30.0,0,0
75,12,24,4,16,Y6075948,,,,0,30.0,0,0
75,12,24,4,17,Y6075949,,,,0,30.0,0,0
75,12,24,4,18,Y6075950,,,,0,30.0,0,0
75,12,24,4,19,Y6075951,,,,0,30.0,0,0
75,12,24,4,20,Y6075952,,,,0,30.0,0,0
75,12,24,4,21,Y6075953,,,,0,30.0,0,0
75,12,24,4,22,Y6075954,,,,0,30.0,0,0
75,12,24,4,23,Y6075955,,,,0,30.0,0,0
75,12,24,4,24,Y6075956,,,,0,30.0,0,0
75,12,24,4,25,Y6075957,,,,0,30.0,0,0
75,12,24,4,26,Y6075958,,,,0,30.0,0,0
75,12,24,4,27,Y6075959,,,,0,30.0,0,0
75,12,24,4,28,Y6075960,,,,0,30.0,0,0
75,12,24,4,29,Y6075961,,,,0,30.0,0,0
75,12,24,4,30,Y6075962,,,,0,30.0,0,0
75,12,24,5,10,Y6075963,,,,0,30.0,0,0
75,12,24,5,11,Y6075964,,,,0,30.0,0,0
75,12,24,5,12,Y6075965,,,,0,30.0,0,0
75,12,24,5,13,Y6075966,,,,0,30.0,0,0
75,12,24,5,14,Y6075967,,,,0,30.0,0,0
75,12,24,5,15,Y6075968,,,,0,30.0,0,0
75,12,24,5,16,Y6075969,,,,0,30.0,0,0
75,12,24,5,17,Y6075970,,,,0,30.0,0,0
75,12,24,5,18,Y6075971,,,,0,30.0,0,0
75,12,24,5,19,Y6075972,,,,0,30.0,0,0
75,12,24,5,20,Y6075973,,,,0,30.0,0,0
75,12,24,5,21,Y6075974,,,,0,30.0,0,0
75,12,24,5,22,Y6075975,,,,0,30.0,0,0
75,12,24,5,23,Y6075976,,,,0,30.0,0,0
75,12,24,5,24,Y6075977,,,,0,30.0,0,0
75,12,24,5,25,Y6075978,,,,0,30.0,0,0
75,12,24,5,26,Y6075979,,,,0,30.0,0,0
75,12,24,5,27,Y6075980,,,,0,30.0,0,0
75,12,24,5,28,Y6075981,,,,0,30.0,0,0
75,12,24,5,29,Y6075982,,,,0,30.0,0,0
75,12,24,5,30,Y6075983,,,,0,30.0,0,0
75,12,24,6,10,Y6075984,,,,0,30.0,0,0
75,12,24,6,11,Y6075985,,,,0,30.0,0,0
75,12,24,6,12,Y6075986,,,,0,30.0,0,0
75,12,24,6,13,Y6075987,,,,0,30.0,0,0
75,12,24,6,14,Y6075988,,,,0,30.0,0,0
75,12,24,6,15,Y6075989,,,,0,30.0,0,0
75,12,24,6,16,Y6075990,,,,0,30.0,0,0
75,12,24,6,17,Y6075991,,,,0,30.0,0,0
75,12,24,6,18,Y6075992,,,,0,30.0,0,0
75,12,24,6,19,Y6075993,,,,0,30.0,0,0
75,12,24,6,20,Y6075994,,,,0,30.0,0,0
75,12,24,6,21,Y6075995,,,,0,30.0,0,0
75,12,24,6,22,Y6075996,,,,0,30.0,0,0
75,12,24,6,23,Y6075997,,,,0,30.0,0,0
75,12,24,6,24,Y6075998,,,,0,30.0,0,0
75,12,24,6,25,Y6075999,,,,0,30.0,0,0
75,12,24,6,26,Y6076000,,,,0,30.0,0,0
75,12,24,6,27,Y6076001,,,,0,30.0,0,0
75,12,24,6,28,Y6076002,,,,0,30.0,0,0
75,12,24,6,29,Y6076003,,,,0,30.0,0,0
75,12,24,6,30,Y6076004,,,,0,30.0,0,0
75,12,24,7,10,Y6076005,,,,0,30.0,0,0
75,12,24,7,11,Y6076006,,,,0,30.0,0,0
75,12,24,7,12,Y6076007,,,,0,30.0,0,0
75,12,24,7,13,Y6076008,,,,0,30.0,0,0
75,12,24,7,14,Y6076009,,,,0,30.0,0,0
75,12,24,7,15,Y6076010,,,,0,30.0,0,0
75,12,24,7,16,Y6076011,,,,0,30.0,0,0
75,12,24,7,17,Y6076012,,,,0,30.0,0,0
75,12,24,7,18,Y6076013,,,,0,30.0,0,0
75,12,24,7,19,Y6076014,,,,0,30.0,0,0
75,12,24,7,20,Y6076015,,,,0,30.0,0,0
75,12,24,7,21,Y6076016,,,,0,30.0,0,0
75,12,24,7,22,Y6076017,,,,0,30.0,0,0
75,12,24,7,23,Y6076018,,,,0,30.0,0,0
75,12,24,7,24,Y6076019,,,,0,30.0,0,0
75,12,24,7,25,Y6076020,,,,0,30.0,0,0
75,12,24,7,26,Y6076021,,,,0,30.0,0,0
75,12,24,7,27,Y6076022,,,,0,30.0,0,0
75,12,24,7,28,Y6076023,,,,0,30.0,0,0
75,12,24,7,29,Y6076024,,,,0,30.0,0,0
75,12,24,7,30,Y6076025,,,,0,30.0,0,0
75,12,24,8,10,Y6076026,,,,0,30.0,0,0
75,12,24,8,11,Y6076027,,,,0,30.0,0,0
75,12,24,8,12,Y6076028,,,,0,30.0,0,0
75,12,24,8,13,Y6076029,,,,0,30.0,0,0
75,12,24,8,14,Y6076030,,,,0,30.0,0,0
75,12,24,8,15,Y6076031,,,,0,30.0,0,0
75,12,24,8,16,Y6076032,,,,0,30.0,0,0
75,12,24,8,17,Y6076033,,,,0,30.0,0,0
75,12,24,8,18,Y6076034,,,,0,30.0,0,0
75,12,24,8,19,Y6076035,,,,0,30.0,0,0
75,12,24,8,20,Y6076036,,,,0,30.0,0,0
75,12,24,8,21,Y6076037,,,,0,30.0,0,0
75,12,24,8,22,Y6076038,,,,0,30.0,0,0
75,12,24,8,23,Y6076039,,,,0,30.0,0,0
75,12,24,8,24,Y6076040,,,,0,30.0,0,0
75,12,24,8,25,Y6076041,,,,0,30.0,0,0
75,12,24,8,26,Y6076042,,,,0,30.0,0,0
75,12,24,8,27,Y6076043,,,,0,30.0,0,0
75,12,24,8,28,Y6076044,,,,0,30.0,0,0
75,12,24,8,29,Y6076045,,,,0,30.0,0,0
75,12,24,8,30,Y6076046,,,,0,30.0,0,0
75,12,24,9,10,Y6076047,,,,0,30.0,0,0
75,12,24,9,11,Y6076048,,,,0,30.0,0,0
75,12,24,9,12,Y6076049,,,,0,30.0,0,0
75,12,24,9,13,Y6076050,,,,0,30.0,0,0
75,12,24,9,14,Y6076051,,,,0,30.0,0,0
75,12,24,9,15,Y6076052,,,,0,30.0,0,0
75,12,24,9,16,Y6076053,,,,0,30.0,0,0
75,12,24,9,17,Y6076054,,,,0,30.0,0,0
75,12,24,9,18,Y6076055,,,,0,30.0,0,0
75,12,24,9,19,Y6076056,,,,0,30.0,0,0
75,12,24,9,20,Y6076057,,,,0,30.0,0,0
75,12,24,9,21,Y6076058,,,,0,30.0,0,0
75,12,24,9,22,Y6076059,,,,0,30.0,0,0
75,12,24,9,23,Y6076060,,,,0,30.0,0,0
75,12,24,9,24,Y6076061,,,,0,30.0,0,0
75,12,24,9,25,Y6076062,,,,0,30.0,0,0
75,12,24,9,26,Y6076063,,,,0,30.0,0,0
75,12,24,9,27,Y6076064,,,,0,30.0,0,0
75,12,24,9,28,Y6076065,,,,0,30.0,0,0
75,12,24,9,29,Y6076066,,,,0,30.0,0,0
75,12,24,9,30,Y6076067,,,,0,30.0,0,0
75,12,24,10,10,Y6076068,,,,0,30.0,0,0
75,12,24,10,11,Y6076069,,,,0,30.0,0,0
75,12,24,10,12,Y6076070,,,,0,30.0,0,0
75,12,24,10,13,Y6076071,,,,0,30.0,0,0
75,12,24,10,14,Y6076072,,,,0,30.0,0,0
75,12,24,10,15,Y6076073,,,,0,30.0,0,0
75,12,24,10,16,Y6076074,,,,0,30.0,0,0
75,12,24,10,17,Y6076075,,,,0,30.0,0,0
75,12,24,10,18,Y6076076,,,,0,30.0,0,0
75,12,24,10,19,Y6076077,,,,0,30.0,0,0
75,12,24,10,20,Y6076078,,,,0,30.0,0,0
75,12,24,10,21,Y6076079,,,,0,30.0,0,0
75,12,24,10,22,Y6076080,,,,0,30.0,0,0
75,12,24,10,23,Y6076081,,,,0,30.0,0,0
75,12,24,10,24,Y6076082,,,,0,30.0,0,0
75,12,24,10,25,Y6076083,,,,0,30.0,0,0
75,12,24,10,26,Y6076084,,,,0,30.0,0,0
75,12,24,10,27,Y6076085,,,,0,30.0,0,0
75,12,24,10,28,Y6076086,,,,0,30.0,0,0
75,12,24,10,29,Y6076087,,,,0,30.0,0,0
75,12,24,10,30,Y6076088,,,,0,30.0,0,0
75,12,24,11,10,Y6076089,,,,0,30.0,0,0
75,12,24,11,11,Y6076090,,,,0,30.0,0,0
75,12,24,11,12,Y6076091,,,,0,30.0,0,0
75,12,24,11,13,Y6076092,,,,0,30.0,0,0
75,12,24,11,14,Y6076093,,,,0,30.0,0,0
75,12,24,11,15,Y6076094,,,,0,30.0,0,0
75,12,24,11,16,Y6076095,,,,0,30.0,0,0
75,12,24,11,17,Y6076096,,,,0,30.0,0,0
75,12,24,11,18,Y6076097,,,,0,30.0,0,0
75,12,24,11,19,Y6076098,,,,0,30.0,0,0
75,12,24,11,20,Y6076099,,,,0,30.0,0,0
75,12,24,11,21,Y6076100,,,,0,30.0,0,0
75,12,24,11,22,Y6076101,,,,0,30.0,0,0
75,12,24,11,23,Y6076102,,,,0,30.0,0,0
75,12,24,11,24,Y6076103,,,,0,30.0,0,0
75,12,24,11,25,Y6076104,,,,0,30.0,0,0
75,12,24,11,26,Y6076105,,,,0,30.0,0,0
75,12,24,11,27,Y6076106,,,,0,30.0,0,0
75,12,24,11,28,Y6076107,,,,0,30.0,0,0
75,12,24,11,29,Y6076108,,,,0,30.0,0,0
75,12,24,11,30,Y6076109,,,,0,30.0,0,0
75,12,24,12,10,Y6076110,,,,0,30.0,0,0
75,12,24,12,11,Y6076111,,,,0,30.0,0,0
75,12,24,12,12,Y6076112,,,,0,30.0,0,0
75,12,24,12,13,Y6076113,,,,0,30.0,0,0
75,12,24,12,14,Y6076114,,,,0,30.0,0,0
75,12,24,12,15,Y6076115,,,,0,30.0,0,0
75,12,24,12,16,Y6076116,,,,0,30.0,0,0
75,12,24,12,17,Y6076117,,,,0,30.0,0,0
75,12,24,12,18,Y6076118,,,,0,30.0,0,0
75,12,24,12,19,Y6076119,,,,0,30.0,0,0
75,12,24,12,20,Y6076120,,,,0,30.0,0,0
75,12,24,12,21,Y6076121,,,,0,30.0,0,0
75,12,24,12,22,Y6076122,,,,0,30.0,0,0
75,12,24,12,23,Y6076123,,,,0,30.0,0,0
75,12,24,12,24,Y6076124,,,,0,30.0,0,0
75,12,24,12,25,Y6076125,,,,0,30.0,0,0
75,12,24,12,26,Y6076126,,,,0,30.0,0,0
75,12,24,12,27,Y6076127,,,,0,30.0,0,0
75,12,24,12,28,Y6076128,,,,0,30.0,0,0
75,12,24,12,29,Y6076129,,,,0,30.0,0,0
75,12,24,12,30,Y6076130,,,,0,30.0,0,0
75,12,25,1,10,Y6076131,,,,0,30.0,0,0
75,12,25,1,11,Y6076132,,,,0,30.0,0,0
75,12,25,1,12,Y6076133,,,,0,30.0,0,0
75,12,25,1,13,Y6076134,,,,0,30.0,0,0
75,12,25,1,14,Y6076135,,,,0,30.0,0,0
75,12,25,1,15,Y6076136,,,,0,30.0,0,0
75,12,25,1,16,Y6076137,,,,0,30.0,0,0
75,12,25,1,17,Y6076138,,,,0,30.0,0,0
75,12,25,1,18,Y6076139,,,,0,30.0,0,0
75,12,25,1,19,Y6076140,,,,0,30.0,0,0
75,12,25,1,20,Y6076141,,,,0,30.0,0,0
75,12,25,1,21,Y6076142,,,,0,30.0,0,0
75,12,25,1,22,Y6076143,,,,0,30.0,0,0
75,12,25,1,23,Y6076144,,,,0,30.0,0,0
75,12,25,1,24,Y6076145,,,,0,30.0,0,0
75,12,25,1,25,Y6076146,,,,0,30.0,0,0
75,12,25,1,26,Y6076147,,,,0,30.0,0,0
75,12,25,1,27,Y6076148,,,,0,30.0,0,0
75,12,25,1,28,Y6076149,,,,0,30.0,0,0
75,12,25,1,29,Y6076150,,,,0,30.0,0,0
75,12,25,1,30,Y6076151,,,,0,30.0,0,0
75,12,25,2,10,Y6076152,,,,0,30.0,0,0
75,12,25,2,11,Y6076153,,,,0,30.0,0,0
75,12,25,2,12,Y6076154,,,,0,30.0,0,0
75,12,25,2,13,Y6076155,,,,0,30.0,0,0
75,12,25,2,14,Y6076156,,,,0,30.0,0,0
75,12,25,2,15,Y6076157,,,,0,30.0,0,0
75,12,25,2,16,Y6076158,,,,0,30.0,0,0
75,12,25,2,17,Y6076159,,,,0,30.0,0,0
75,12,25,2,18,Y6076160,,,,0,30.0,0,0
75,12,25,2,19,Y6076161,,,,0,30.0,0,0
75,12,25,2,20,Y6076162,,,,0,30.0,0,0
75,12,25,2,21,Y6076163,,,,0,30.0,0,0
75,12,25,2,22,Y6076164,,,,0,30.0,0,0
75,12,25,2,23,Y6076165,,,,0,30.0,0,0
75,12,25,2,24,Y6076166,,,,0,30.0,0,0
75,12,25,2,25,Y6076167,,,,0,30.0,0,0
75,12,25,2,26,Y6076168,,,,0,30.0,0,0
75,12,25,2,27,Y6076169,,,,0,30.0,0,0
75,12,25,2,28,Y6076170,,,,0,30.0,0,0
75,12,25,2,29,Y6076171,,,,0,30.0,0,0
75,12,25,2,30,Y6076172,,,,0,30.0,0,0
75,12,25,3,10,Y6076173,,,,0,30.0,0,0
75,12,25,3,11,Y6076174,,,,0,30.0,0,0
75,12,25,3,12,Y6076175,,,,0,30.0,0,0
75,12,25,3,13,Y6076176,,,,0,30.0,0,0
75,12,25,3,14,Y6076177,,,,0,30.0,0,0
75,12,25,3,15,Y6076178,,,,0,30.0,0,0
75,12,25,3,16,Y6076179,,,,0,30.0,0,0
75,12,25,3,17,Y6076180,,,,0,30.0,0,0
75,12,25,3,18,Y6076181,,,,0,30.0,0,0
75,12,25,3,19,Y6076182,,,,0,30.0,0,0
75,12,25,3,20,Y6076183,,,,0,30.0,0,0
75,12,25,3,21,Y6076184,,,,0,30.0,0,0
75,12,25,3,22,Y6076185,,,,0,30.0,0,0
75,12,25,3,23,Y6076186,,,,0,30.0,0,0
75,12,25,3,24,Y6076187,,,,0,30.0,0,0
75,12,25,3,25,Y6076188,,,,0,30.0,0,0
75,12,25,3,26,Y6076189,,,,0,30.0,0,0
75,12,25,3,27,Y6076190,,,,0,30.0,0,0
75,12,25,3,28,Y6076191,,,,0,30.0,0,0
75,12,25,3,29,Y6076192,,,,0,30.0,0,0
75,12,25,3,30,Y6076193,,,,0,30.0,0,0
75,12,25,4,10,Y6076194,,,,0,30.0,0,0
75,12,25,4,11,Y6076195,,,,0,30.0,0,0
75,12,25,4,12,Y6076196,,,,0,30.0,0,0
75,12,25,4,13,Y6076197,,,,0,30.0,0,0
75,12,25,4,14,Y6076198,,,,0,30.0,0,0
75,12,25,4,15,Y6076199,,,,0,30.0,0,0
75,12,25,4,16,Y6076200,,,,0,30.0,0,0
75,12,25,4,17,Y6076201,,,,0,30.0,0,0
75,12,25,4,18,Y6076202,,,,0,30.0,0,0
75,12,25,4,19,Y6076203,,,,0,30.0,0,0
75,12,25,4,20,Y6076204,,,,0,30.0,0,0
75,12,25,4,21,Y6076205,,,,0,30.0,0,0
75,12,25,4,22,Y6076206,,,,0,30.0,0,0
75,12,25,4,23,Y6076207,,,,0,30.0,0,0
75,12,25,4,24,Y6076208,,,,0,30.0,0,0
75,12,25,4,25,Y6076209,,,,0,30.0,0,0
75,12,25,4,26,Y6076210,,,,0,30.0,0,0
75,12,25,4,27,Y6076211,,,,0,30.0,0,0
75,12,25,4,28,Y6076212,,,,0,30.0,0,0
75,12,25,4,29,Y6076213,,,,0,30.0,0,0
75,12,25,4,30,Y6076214,,,,0,30.0,0,0
75,12,25,5,10,Y6076215,,,,0,30.0,0,0
75,12,25,5,11,Y6076216,,,,0,30.0,0,0
75,12,25,5,12,Y6076217,,,,0,30.0,0,0
75,12,25,5,13,Y6076218,,,,0,30.0,0,0
75,12,25,5,14,Y6076219,,,,0,30.0,0,0
75,12,25,5,15,Y6076220,,,,0,30.0,0,0
75,12,25,5,16,Y6076221,,,,0,30.0,0,0
75,12,25,5,17,Y6076222,,,,0,30.0,0,0
75,12,25,5,18,Y6076223,,,,0,30.0,0,0
75,12,25,5,19,Y6076224,,,,0,30.0,0,0
75,12,25,5,20,Y6076225,,,,0,30.0,0,0
75,12,25,5,21,Y6076226,,,,0,30.0,0,0
75,12,25,5,22,Y6076227,,,,0,30.0,0,0
75,12,25,5,23,Y6076228,,,,0,30.0,0,0
75,12,25,5,24,Y6076229,,,,0,30.0,0,0
75,12,25,5,25,Y6076230,,,,0,30.0,0,0
75,12,25,5,26,Y6076231,,,,0,30.0,0,0
75,12,25,5,27,Y6076232,,,,0,30.0,0,0
75,12,25,5,28,Y6076233,,,,0,30.0,0,0
75,12,25,5,29,Y6076234,,,,0,30.0,0,0
75,12,25,5,30,Y6076235,,,,0,30.0,0,0
75,12,25,6,10,Y6076236,,,,0,30.0,0,0
75,12,25,6,11,Y6076237,,,,0,30.0,0,0
75,12,25,6,12,Y6076238,,,,0,30.0,0,0
75,12,25,6,13,Y6076239,,,,0,30.0,0,0
75,12,25,6,14,Y6076240,,,,0,30.0,0,0
75,12,25,6,15,Y6076241,,,,0,30.0,0,0
75,12,25,6,16,Y6076242,,,,0,30.0,0,0
75,12,25,6,17,Y6076243,,,,0,30.0,0,0
75,12,25,6,18,Y6076244,,,,0,30.0,0,0
75,12,25,6,19,Y6076245,,,,0,30.0,0,0
75,12,25,6,20,Y6076246,,,,0,30.0,0,0
75,12,25,6,21,Y6076247,,,,0,30.0,0,0
75,12,25,6,22,Y6076248,,,,0,30.0,0,0
75,12,25,6,23,Y6076249,,,,0,30.0,0,0
75,12,25,6,24,Y6076250,,,,0,30.0,0,0
75,12,25,6,25,Y6076251,,,,0,30.0,0,0
75,12,25,6,26,Y6076252,,,,0,30.0,0,0
75,12,25,6,27,Y6076253,,,,0,30.0,0,0
75,12,25,6,28,Y6076254,,,,0,30.0,0,0
75,12,25,6,29,Y6076255,,,,0,30.0,0,0
75,12,25,6,30,Y6076256,,,,0,30.0,0,0
75,12,25,7,10,Y6076257,,,,0,30.0,0,0
75,12,25,7,11,Y6076258,,,,0,30.0,0,0
75,12,25,7,12,Y6076259,,,,0,30.0,0,0
75,12,25,7,13,Y6076260,,,,0,30.0,0,0
75,12,25,7,14,Y6076261,,,,0,30.0,0,0
75,12,25,7,15,Y6076262,,,,0,30.0,0,0
75,12,25,7,16,Y6076263,,,,0,30.0,0,0
75,12,25,7,17,Y6076264,,,,0,30.0,0,0
75,12,25,7,18,Y6076265,,,,0,30.0,0,0
75,12,25,7,19,Y6076266,,,,0,30.0,0,0
75,12,25,7,20,Y6076267,,,,0,30.0,0,0
75,12,25,7,21,Y6076268,,,,0,30.0,0,0
75,12,25,7,22,Y6076269,,,,0,30.0,0,0
75,12,25,7,23,Y6076270,,,,0,30.0,0,0
75,12,25,7,24,Y6076271,,,,0,30.0,0,0
75,12,25,7,25,Y6076272,,,,0,30.0,0,0
75,12,25,7,26,Y6076273,,,,0,30.0,0,0
75,12,25,7,27,Y6076274,,,,0,30.0,0,0
75,12,25,7,28,Y6076275,,,,0,30.0,0,0
75,12,25,7,29,Y6076276,,,,0,30.0,0,0
75,12,25,7,30,Y6076277,,,,0,30.0,0,0
75,12,25,8,10,Y6076278,,,,0,30.0,0,0
75,12,25,8,11,Y6076279,,,,0,30.0,0,0
75,12,25,8,12,Y6076280,,,,0,30.0,0,0
75,12,25,8,13,Y6076281,,,,0,30.0,0,0
75,12,25,8,14,Y6076282,,,,0,30.0,0,0
75,12,25,8,15,Y6076283,,,,0,30.0,0,0
75,12,25,8,16,Y6076284,,,,0,30.0,0,0
75,12,25,8,17,Y6076285,,,,0,30.0,0,0
75,12,25,8,18,Y6076286,,,,0,30.0,0,0
75,12,25,8,19,Y6076287,,,,0,30.0,0,0
75,12,25,8,20,Y6076288,,,,0,30.0,0,0
75,12,25,8,21,Y6076289,,,,0,30.0,0,0
75,12,25,8,22,Y6076290,,,,0,30.0,0,0
75,12,25,8,23,Y6076291,,,,0,30.0,0,0
75,12,25,8,24,Y6076292,,,,0,30.0,0,0
75,12,25,8,25,Y6076293,,,,0,30.0,0,0
75,12,25,8,26,Y6076294,,,,0,30.0,0,0
75,12,25,8,27,Y6076295,,,,0,30.0,0,0
75,12,25,8,28,Y6076296,,,,0,30.0,0,0
75,12,25,8,29,Y6076297,,,,0,30.0,0,0
75,12,25,8,30,Y6076298,,,,0,30.0,0,0
75,12,25,9,10,Y6076299,,,,0,30.0,0,0
75,12,25,9,11,Y6076300,,,,0,30.0,0,0
75,12,25,9,12,Y6076301,,,,0,30.0,0,0
75,12,25,9,13,Y6076302,,,,0,30.0,0,0
75,12,25,9,14,Y6076303,,,,0,30.0,0,0
75,12,25,9,15,Y6076304,,,,0,30.0,0,0
75,12,25,9,16,Y6076305,,,,0,30.0,0,0
75,12,25,9,17,Y6076306,,,,0,30.0,0,0
75,12,25,9,18,Y6076307,,,,0,30.0,0,0
75,12,25,9,19,Y6076308,,,,0,30.0,0,0
75,12,25,9,20,Y6076309,,,,0,30.0,0,0
75,12,25,9,21,Y6076310,,,,0,30.0,0,0
75,12,25,9,22,Y6076311,,,,0,30.0,0,0
75,12,25,9,23,Y6076312,,,,0,30.0,0,0
75,12,25,9,24,Y6076313,,,,0,30.0,0,0
75,12,25,9,25,Y6076314,,,,0,30.0,0,0
75,12,25,9,26,Y6076315,,,,0,30.0,0,0
75,12,25,9,27,Y6076316,,,,0,30.0,0,0
75,12,25,9,28,Y6076317,,,,0,30.0,0,0
75,12,25,9,29,Y6076318,,,,0,30.0,0,0
75,12,25,9,30,Y6076319,,,,0,30.0,0,0
75,12,25,10,10,Y6076320,,,,0,30.0,0,0
75,12,25,10,11,Y6076321,,,,0,30.0,0,0
75,12,25,10,12,Y6076322,,,,0,30.0,0,0
75,12,25,10,13,Y6076323,,,,0,30.0,0,0
75,12,25,10,14,Y6076324,,,,0,30.0,0,0
75,12,25,10,15,Y6076325,,,,0,30.0,0,0
75,12,25,10,16,Y6076326,,,,0,30.0,0,0
75,12,25,10,17,Y6076327,,,,0,30.0,0,0
75,12,25,10,18,Y6076328,,,,0,30.0,0,0
75,12,25,10,19,Y6076329,,,,0,30.0,0,0
75,12,25,10,20,Y6076330,,,,0,30.0,0,0
75,12,25,10,21,Y6076331,,,,0,30.0,0,0
75,12,25,10,22,Y6076332,,,,0,30.0,0,0
75,12,25,10,23,Y6076333,,,,0,30.0,0,0
75,12,25,10,24,Y6076334,,,,0,30.0,0,0
75,12,25,10,25,Y6076335,,,,0,30.0,0,0
75,12,25,10,26,Y6076336,,,,0,30.0,0,0
75,12,25,10,27,Y6076337,,,,0,30.0,0,0
75,12,25,10,28,Y6076338,,,,0,30.0,0,0
75,12,25,10,29,Y6076339,,,,0,30.0,0,0
75,12,25,10,30,Y6076340,,,,0,30.0,0,0
75,12,25,11,10,Y6076341,,,,0,30.0,0,0
75,12,25,11,11,Y6076342,,,,0,30.0,0,0
75,12,25,11,12,Y6076343,,,,0,30.0,0,0
75,12,25,11,13,Y6076344,,,,0,30.0,0,0
75,12,25,11,14,Y6076345,,,,0,30.0,0,0
75,12,25,11,15,Y6076346,,,,0,30.0,0,0
75,12,25,11,16,Y6076347,,,,0,30.0,0,0
75,12,25,11,17,Y6076348,,,,0,30.0,0,0
75,12,25,11,18,Y6076349,,,,0,30.0,0,0
75,12,25,11,19,Y6076350,,,,0,30.0,0,0
75,12,25,11,20,Y6076351,,,,0,30.0,0,0
75,12,25,11,21,Y6076352,,,,0,30.0,0,0
75,12,25,11,22,Y6076353,,,,0,30.0,0,0
75,12,25,11,23,Y6076354,,,,0,30.0,0,0
75,12,25,11,24,Y6076355,,,,0,30.0,0,0
75,12,25,11,25,Y6076356,,,,0,30.0,0,0
75,12,25,11,26,Y6076357,,,,0,30.0,0,0
75,12,25,11,27,Y6076358,,,,0,30.0,0,0
75,12,25,11,28,Y6076359,,,,0,30.0,0,0
75,12,25,11,29,Y6076360,,,,0,30.0,0,0
75,12,25,11,30,Y6076361,,,,0,30.0,0,0
75,12,25,12,10,Y6076362,,,,0,30.0,0,0
75,12,25,12,11,Y6076363,,,,0,30.0,0,0
75,12,25,12,12,Y6076364,,,,0,30.0,0,0
75,12,25,12,13,Y6076365,,,,0,30.0,0,0
75,12,25,12,14,Y6076366,,,,0,30.0,0,0
75,12,25,12,15,Y6076367,,,,0,30.0,0,0
75,12,25,12,16,Y6076368,,,,0,30.0,0,0
75,12,25,12,17,Y6076369,,,,0,30.0,0,0
75,12,25,12,18,Y6076370,,,,0,30.0,0,0
75,12,25,12,19,Y6076371,,,,0,30.0,0,0
75,12,25,12,20,Y6076372,,,,0,30.0,0,0
75,12,25,12,21,Y6076373,,,,0,30.0,0,0
75,12,25,12,22,Y6076374,,,,0,30.0,0,0
75,12,25,12,23,Y6076375,,,,0,30.0,0,0
75,12,25,12,24,Y6076376,,,,0,30.0,0,0
75,12,25,12,25,Y6076377,,,,0,30.0,0,0
75,12,25,12,26,Y6076378,,,,0,30.0,0,0
75,12,25,12,27,Y6076379,,,,0,30.0,0,0
75,12,25,12,28,Y6076380,,,,0,30.0,0,0
75,12,25,12,29,Y6076381,,,,0,30.0,0,0
75,12,25,12,30,Y6076382,,,,0,30.0,0,0
75,12,26,1,10,Y6076383,,,,0,30.0,0,0
75,12,26,1,11,Y6076384,,,,0,30.0,0,0
75,12,26,1,12,Y6076385,,,,0,30.0,0,0
75,12,26,1,13,Y6076386,,,,0,30.0,0,0
75,12,26,1,14,Y6076387,,,,0,30.0,0,0
75,12,26,1,15,Y6076388,,,,0,30.0,0,0
75,12,26,1,16,Y6076389,,,,0,30.0,0,0
75,12,26,1,17,Y6076390,,,,0,30.0,0,0
75,12,26,1,18,Y6076391,,,,0,30.0,0,0
75,12,26,1,19,Y6076392,,,,0,30.0,0,0
75,12,26,1,20,Y6076393,,,,0,30.0,0,0
75,12,26,1,21,Y6076394,,,,0,30.0,0,0
75,12,26,1,22,Y6076395,,,,0,30.0,0,0
75,12,26,1,23,Y6076396,,,,0,30.0,0,0
75,12,26,1,24,Y6076397,,,,0,30.0,0,0
75,12,26,1,25,Y6076398,,,,0,30.0,0,0
75,12,26,1,26,Y6076399,,,,0,30.0,0,0
75,12,26,1,27,Y6076400,,,,0,30.0,0,0
75,12,26,1,28,Y6076401,,,,0,30.0,0,0
75,12,26,1,29,Y6076402,,,,0,30.0,0,0
75,12,26,1,30,Y6076403,,,,0,30.0,0,0
75,12,26,2,10,Y6076404,,,,0,30.0,0,0
75,12,26,2,11,Y6076405,,,,0,30.0,0,0
75,12,26,2,12,Y6076406,,,,0,30.0,0,0
75,12,26,2,13,Y6076407,,,,0,30.0,0,0
75,12,26,2,14,Y6076408,,,,0,30.0,0,0
75,12,26,2,15,Y6076409,,,,0,30.0,0,0
75,12,26,2,16,Y6076410,,,,0,30.0,0,0
75,12,26,2,17,Y6076411,,,,0,30.0,0,0
75,12,26,2,18,Y6076412,,,,0,30.0,0,0
75,12,26,2,19,Y6076413,,,,0,30.0,0,0
75,12,26,2,20,Y6076414,,,,0,30.0,0,0
75,12,26,2,21,Y6076415,,,,0,30.0,0,0
75,12,26,2,22,Y6076416,,,,0,30.0,0,0
75,12,26,2,23,Y6076417,,,,0,30.0,0,0
75,12,26,2,24,Y6076418,,,,0,30.0,0,0
75,12,26,2,25,Y6076419,,,,0,30.0,0,0
75,12,26,2,26,Y6076420,,,,0,30.0,0,0
75,12,26,2,27,Y6076421,,,,0,30.0,0,0
75,12,26,2,28,Y6076422,,,,0,30.0,0,0
75,12,26,2,29,Y6076423,,,,0,30.0,0,0
75,12,26,2,30,Y6076424,,,,0,30.0,0,0
75,12,26,3,10,Y6076425,,,,0,30.0,0,0
75,12,26,3,11,Y6076426,,,,0,30.0,0,0
75,12,26,3,12,Y6076427,,,,0,30.0,0,0
75,12,26,3,13,Y6076428,,,,0,30.0,0,0
75,12,26,3,14,Y6076429,,,,0,30.0,0,0
75,12,26,3,15,Y6076430,,,,0,30.0,0,0
75,12,26,3,16,Y6076431,,,,0,30.0,0,0
75,12,26,3,17,Y6076432,,,,0,30.0,0,0
75,12,26,3,18,Y6076433,,,,0,30.0,0,0
75,12,26,3,19,Y6076434,,,,0,30.0,0,0
75,12,26,3,20,Y6076435,,,,0,30.0,0,0
75,12,26,3,21,Y6076436,,,,0,30.0,0,0
75,12,26,3,22,Y6076437,,,,0,30.0,0,0
75,12,26,3,23,Y6076438,,,,0,30.0,0,0
75,12,26,3,24,Y6076439,,,,0,30.0,0,0
75,12,26,3,25,Y6076440,,,,0,30.0,0,0
75,12,26,3,26,Y6076441,,,,0,30.0,0,0
75,12,26,3,27,Y6076442,,,,0,30.0,0,0
75,12,26,3,28,Y6076443,,,,0,30.0,0,0
75,12,26,3,29,Y6076444,,,,0,30.0,0,0
75,12,26,3,30,Y6076445,,,,0,30.0,0,0
75,12,26,4,10,Y6076446,,,,0,30.0,0,0
75,12,26,4,11,Y6076447,,,,0,30.0,0,0
75,12,26,4,12,Y6076448,,,,0,30.0,0,0
75,12,26,4,13,Y6076449,,,,0,30.0,0,0
75,12,26,4,14,Y6076450,,,,0,30.0,0,0
75,12,26,4,15,Y6076451,,,,0,30.0,0,0
75,12,26,4,16,Y6076452,,,,0,30.0,0,0
75,12,26,4,17,Y6076453,,,,0,30.0,0,0
75,12,26,4,18,Y6076454,,,,0,30.0,0,0
75,12,26,4,19,Y6076455,,,,0,30.0,0,0
75,12,26,4,20,Y6076456,,,,0,30.0,0,0
75,12,26,4,21,Y6076457,,,,0,30.0,0,0
75,12,26,4,22,Y6076458,,,,0,30.0,0,0
75,12,26,4,23,Y6076459,,,,0,30.0,0,0
75,12,26,4,24,Y6076460,,,,0,30.0,0,0
75,12,26,4,25,Y6076461,,,,0,30.0,0,0
75,12,26,4,26,Y6076462,,,,0,30.0,0,0
75,12,26,4,27,Y6076463,,,,0,30.0,0,0
75,12,26,4,28,Y6076464,,,,0,30.0,0,0
75,12,26,4,29,Y6076465,,,,0,30.0,0,0
75,12,26,4,30,Y6076466,,,,0,30.0,0,0
75,12,26,5,10,Y6076467,,,,0,30.0,0,0
75,12,26,5,11,Y6076468,,,,0,30.0,0,0
75,12,26,5,12,Y6076469,,,,0,30.0,0,0
75,12,26,5,13,Y6076470,,,,0,30.0,0,0
75,12,26,5,14,Y6076471,,,,0,30.0,0,0
75,12,26,5,15,Y6076472,,,,0,30.0,0,0
75,12,26,5,16,Y6076473,,,,0,30.0,0,0
75,12,26,5,17,Y6076474,,,,0,30.0,0,0
75,12,26,5,18,Y6076475,,,,0,30.0,0,0
75,12,26,5,19,Y6076476,,,,0,30.0,0,0
75,12,26,5,20,Y6076477,,,,0,30.0,0,0
75,12,26,5,21,Y6076478,,,,0,30.0,0,0
75,12,26,5,22,Y6076479,,,,0,30.0,0,0
75,12,26,5,23,Y6076480,,,,0,30.0,0,0
75,12,26,5,24,Y6076481,,,,0,30.0,0,0
75,12,26,5,25,Y6076482,,,,0,30.0,0,0
75,12,26,5,26,Y6076483,,,,0,30.0,0,0
75,12,26,5,27,Y6076484,,,,0,30.0,0,0
75,12,26,5,28,Y6076485,,,,0,30.0,0,0
75,12,26,5,29,Y6076486,,,,0,30.0,0,0
75,12,26,5,30,Y6076487,,,,0,30.0,0,0
75,12,26,6,10,Y6076488,,,,0,30.0,0,0
75,12,26,6,11,Y6076489,,,,0,30.0,0,0
75,12,26,6,12,Y6076490,,,,0,30.0,0,0
75,12,26,6,13,Y6076491,,,,0,30.0,0,0
75,12,26,6,14,Y6076492,,,,0,30.0,0,0
75,12,26,6,15,Y6076493,,,,0,30.0,0,0
75,12,26,6,16,Y6076494,,,,0,30.0,0,0
75,12,26,6,17,Y6076495,,,,0,30.0,0,0
75,12,26,6,18,Y6076496,,,,0,30.0,0,0
75,12,26,6,19,Y6076497,,,,0,30.0,0,0
75,12,26,6,20,Y6076498,,,,0,30.0,0,0
75,12,26,6,21,Y6076499,,,,0,30.0,0,0
75,12,26,6,22,Y6076500,,,,0,30.0,0,0
75,12,26,6,23,Y6076501,,,,0,30.0,0,0
75,12,26,6,24,Y6076502,,,,0,30.0,0,0
75,12,26,6,25,Y6076503,,,,0,30.0,0,0
75,12,26,6,26,Y6076504,,,,0,30.0,0,0
75,12,26,6,27,Y6076505,,,,0,30.0,0,0
75,12,26,6,28,Y6076506,,,,0,30.0,0,0
75,12,26,6,29,Y6076507,,,,0,30.0,0,0
75,12,26,6,30,Y6076508,,,,0,30.0,0,0
75,12,26,7,10,Y6076509,,,,0,30.0,0,0
75,12,26,7,11,Y6076510,,,,0,30.0,0,0
75,12,26,7,12,Y6076511,,,,0,30.0,0,0
75,12,26,7,13,Y6076512,,,,0,30.0,0,0
75,12,26,7,14,Y6076513,,,,0,30.0,0,0
75,12,26,7,15,Y6076514,,,,0,30.0,0,0
75,12,26,7,16,Y6076515,,,,0,30.0,0,0
75,12,26,7,17,Y6076516,,,,0,30.0,0,0
75,12,26,7,18,Y6076517,,,,0,30.0,0,0
75,12,26,7,19,Y6076518,,,,0,30.0,0,0
75,12,26,7,20,Y6076519,,,,0,30.0,0,0
75,12,26,7,21,Y6076520,,,,0,30.0,0,0
75,12,26,7,22,Y6076521,,,,0,30.0,0,0
75,12,26,7,23,Y6076522,,,,0,30.0,0,0
75,12,26,7,24,Y6076523,,,,0,30.0,0,0
75,12,26,7,25,Y6076524,,,,0,30.0,0,0
75,12,26,7,26,Y6076525,,,,0,30.0,0,0
75,12,26,7,27,Y6076526,,,,0,30.0,0,0
75,12,26,7,28,Y6076527,,,,0,30.0,0,0
75,12,26,7,29,Y6076528,,,,0,30.0,0,0
75,12,26,7,30,Y6076529,,,,0,30.0,0,0
75,12,26,8,10,Y6076530,,,,0,30.0,0,0
75,12,26,8,11,Y6076531,,,,0,30.0,0,0
75,12,26,8,12,Y6076532,,,,0,30.0,0,0
75,12,26,8,13,Y6076533,,,,0,30.0,0,0
75,12,26,8,14,Y6076534,,,,0,30.0,0,0
75,12,26,8,15,Y6076535,,,,0,30.0,0,0
75,12,26,8,16,Y6076536,,,,0,30.0,0,0
75,12,26,8,17,Y6076537,,,,0,30.0,0,0
75,12,26,8,18,Y6076538,,,,0,30.0,0,0
75,12,26,8,19,Y6076539,,,,0,30.0,0,0
75,12,26,8,20,Y6076540,,,,0,30.0,0,0
75,12,26,8,21,Y6076541,,,,0,30.0,0,0
75,12,26,8,22,Y6076542,,,,0,30.0,0,0
75,12,26,8,23,Y6076543,,,,0,30.0,0,0
75,12,26,8,24,Y6076544,,,,0,30.0,0,0
75,12,26,8,25,Y6076545,,,,0,30.0,0,0
75,12,26,8,26,Y6076546,,,,0,30.0,0,0
75,12,26,8,27,Y6076547,,,,0,30.0,0,0
75,12,26,8,28,Y6076548,,,,0,30.0,0,0
75,12,26,8,29,Y6076549,,,,0,30.0,0,0
75,12,26,8,30,Y6076550,,,,0,30.0,0,0
75,12,26,9,10,Y6076551,,,,0,30.0,0,0
75,12,26,9,11,Y6076552,,,,0,30.0,0,0
75,12,26,9,12,Y6076553,,,,0,30.0,0,0
75,12,26,9,13,Y6076554,,,,0,30.0,0,0
75,12,26,9,14,Y6076555,,,,0,30.0,0,0
75,12,26,9,15,Y6076556,,,,0,30.0,0,0
75,12,26,9,16,Y6076557,,,,0,30.0,0,0
75,12,26,9,17,Y6076558,,,,0,30.0,0,0
75,12,26,9,18,Y6076559,,,,0,30.0,0,0
75,12,26,9,19,Y6076560,,,,0,30.0,0,0
75,12,26,9,20,Y6076561,,,,0,30.0,0,0
75,12,26,9,21,Y6076562,,,,0,30.0,0,0
75,12,26,9,22,Y6076563,,,,0,30.0,0,0
75,12,26,9,23,Y6076564,,,,0,30.0,0,0
75,12,26,9,24,Y6076565,,,,0,30.0,0,0
75,12,26,9,25,Y6076566,,,,0,30.0,0,0
75,12,26,9,26,Y6076567,,,,0,30.0,0,0
75,12,26,9,27,Y6076568,,,,0,30.0,0,0
75,12,26,9,28,Y6076569,,,,0,30.0,0,0
75,12,26,9,29,Y6076570,,,,0,30.0,0,0
75,12,26,9,30,Y6076571,,,,0,30.0,0,0
75,12,26,10,10,Y6076572,,,,0,30.0,0,0
75,12,26,10,11,Y6076573,,,,0,30.0,0,0
75,12,26,10,12,Y6076574,,,,0,30.0,0,0
75,12,26,10,13,Y6076575,,,,0,30.0,0,0
75,12,26,10,14,Y6076576,,,,0,30.0,0,0
75,12,26,10,15,Y6076577,,,,0,30.0,0,0
75,12,26,10,16,Y6076578,,,,0,30.0,0,0
75,12,26,10,17,Y6076579,,,,0,30.0,0,0
75,12,26,10,18,Y6076580,,,,0,30.0,0,0
75,12,26,10,19,Y6076581,,,,0,30.0,0,0
75,12,26,10,20,Y6076582,,,,0,30.0,0,0
75,12,26,10,21,Y6076583,,,,0,30.0,0,0
75,12,26,10,22,Y6076584,,,,0,30.0,0,0
75,12,26,10,23,Y6076585,,,,0,30.0,0,0
75,12,26,10,24,Y6076586,,,,0,30.0,0,0
75,12,26,10,25,Y6076587,,,,0,30.0,0,0
75,12,26,10,26,Y6076588,,,,0,30.0,0,0
75,12,26,10,27,Y6076589,,,,0,30.0,0,0
75,12,26,10,28,Y6076590,,,,0,30.0,0,0
75,12,26,10,29,Y6076591,,,,0,30.0,0,0
75,12,26,10,30,Y6076592,,,,0,30.0,0,0
75,12,26,11,10,Y6076593,,,,0,30.0,0,0
75,12,26,11,11,Y6076594,,,,0,30.0,0,0
75,12,26,11,12,Y6076595,,,,0,30.0,0,0
75,12,26,11,13,Y6076596,,,,0,30.0,0,0
75,12,26,11,14,Y6076597,,,,0,30.0,0,0
75,12,26,11,15,Y6076598,,,,0,30.0,0,0
75,12,26,11,16,Y6076599,,,,0,30.0,0,0
75,12,26,11,17,Y6076600,,,,0,30.0,0,0
75,12,26,11,18,Y6076601,,,,0,30.0,0,0
75,12,26,11,19,Y6076602,,,,0,30.0,0,0
75,12,26,11,20,Y6076603,,,,0,30.0,0,0
75,12,26,11,21,Y6076604,,,,0,30.0,0,0
75,12,26,11,22,Y6076605,,,,0,30.0,0,0
75,12,26,11,23,Y6076606,,,,0,30.0,0,0
75,12,26,11,24,Y6076607,,,,0,30.0,0,0
75,12,26,11,25,Y6076608,,,,0,30.0,0,0
75,12,26,11,26,Y6076609,,,,0,30.0,0,0
75,12,26,11,27,Y6076610,,,,0,30.0,0,0
75,12,26,11,28,Y6076611,,,,0,30.0,0,0
75,12,26,11,29,Y6076612,,,,0,30.0,0,0
75,12,26,11,30,Y6076613,,,,0,30.0,0,0
75,12,26,12,10,Y6076614,,,,0,30.0,0,0
75,12,26,12,11,Y6076615,,,,0,30.0,0,0
75,12,26,12,12,Y6076616,,,,0,30.0,0,0
75,12,26,12,13,Y6076617,,,,0,30.0,0,0
75,12,26,12,14,Y6076618,,,,0,30.0,0,0
75,12,26,12,15,Y6076619,,,,0,30.0,0,0
75,12,26,12,16,Y6076620,,,,0,30.0,0,0
75,12,26,12,17,Y6076621,,,,0,30.0,0,0
75,12,26,12,18,Y6076622,,,,0,30.0,0,0
75,12,26,12,19,Y6076623,,,,0,30.0,0,0
75,12,26,12,20,Y6076624,,,,0,30.0,0,0
75,12,26,12,21,Y6076625,,,,0,30.0,0,0
75,12,26,12,22,Y6076626,,,,0,30.0,0,0
75,12,26,12,23,Y6076627,,,,0,30.0,0,0
75,12,26,12,24,Y6076628,,,,0,30.0,0,0
75,12,26,12,25,Y6076629,,,,0,30.0,0,0
75,12,26,12,26,Y6076630,,,,0,30.0,0,0
75,12,26,12,27,Y6076631,,,,0,30.0,0,0
75,12,26,12,28,Y6076632,,,,0,30.0,0,0
75,12,26,12,29,Y6076633,,,,0,30.0,0,0
75,12,26,12,30,Y6076634,,,,0,30.0,0,0
75,12,27,1,10,Y6076635,,,,0,30.0,0,0
75,12,27,1,11,Y6076636,,,,0,30.0,0,0
75,12,27,1,12,Y6076637,,,,0,30.0,0,0
75,12,27,1,13,Y6076638,,,,0,30.0,0,0
75,12,27,1,14,Y6076639,,,,0,30.0,0,0
75,12,27,1,15,Y6076640,,,,0,30.0,0,0
75,12,27,1,16,Y6076641,,,,0,30.0,0,0
75,12,27,1,17,Y6076642,,,,0,30.0,0,0
75,12,27,1,18,Y6076643,,,,0,30.0,0,0
75,12,27,1,19,Y6076644,,,,0,30.0,0,0
75,12,27,1,20,Y6076645,,,,0,30.0,0,0
75,12,27,1,21,Y6076646,,,,0,30.0,0,0
75,12,27,1,22,Y6076647,,,,0,30.0,0,0
75,12,27,1,23,Y6076648,,,,0,30.0,0,0
75,12,27,1,24,Y6076649,,,,0,30.0,0,0
75,12,27,1,25,Y6076650,,,,0,30.0,0,0
75,12,27,1,26,Y6076651,,,,0,30.0,0,0
75,12,27,1,27,Y6076652,,,,0,30.0,0,0
75,12,27,1,28,Y6076653,,,,0,30.0,0,0
75,12,27,1,29,Y6076654,,,,0,30.0,0,0
75,12,27,1,30,Y6076655,,,,0,30.0,0,0
75,12,27,2,10,Y6076656,,,,0,30.0,0,0
75,12,27,2,11,Y6076657,,,,0,30.0,0,0
75,12,27,2,12,Y6076658,,,,0,30.0,0,0
75,12,27,2,13,Y6076659,,,,0,30.0,0,0
75,12,27,2,14,Y6076660,,,,0,30.0,0,0
75,12,27,2,15,Y6076661,,,,0,30.0,0,0
75,12,27,2,16,Y6076662,,,,0,30.0,0,0
75,12,27,2,17,Y6076663,,,,0,30.0,0,0
75,12,27,2,18,Y6076664,,,,0,30.0,0,0
75,12,27,2,19,Y6076665,,,,0,30.0,0,0
75,12,27,2,20,Y6076666,,,,0,30.0,0,0
75,12,27,2,21,Y6076667,,,,0,30.0,0,0
75,12,27,2,22,Y6076668,,,,0,30.0,0,0
75,12,27,2,23,Y6076669,,,,0,30.0,0,0
75,12,27,2,24,Y6076670,,,,0,30.0,0,0
75,12,27,2,25,Y6076671,,,,0,30.0,0,0
75,12,27,2,26,Y6076672,,,,0,30.0,0,0
75,12,27,2,27,Y6076673,,,,0,30.0,0,0
75,12,27,2,28,Y6076674,,,,0,30.0,0,0
75,12,27,2,29,Y6076675,,,,0,30.0,0,0
75,12,27,2,30,Y6076676,,,,0,30.0,0,0
75,12,27,3,10,Y6076677,,,,0,30.0,0,0
75,12,27,3,11,Y6076678,,,,0,30.0,0,0
75,12,27,3,12,Y6076679,,,,0,30.0,0,0
75,12,27,3,13,Y6076680,,,,0,30.0,0,0
75,12,27,3,14,Y6076681,,,,0,30.0,0,0
75,12,27,3,15,Y6076682,,,,0,30.0,0,0
75,12,27,3,16,Y6076683,,,,0,30.0,0,0
75,12,27,3,17,Y6076684,,,,0,30.0,0,0
75,12,27,3,18,Y6076685,,,,0,30.0,0,0
75,12,27,3,19,Y6076686,,,,0,30.0,0,0
75,12,27,3,20,Y6076687,,,,0,30.0,0,0
75,12,27,3,21,Y6076688,,,,0,30.0,0,0
75,12,27,3,22,Y6076689,,,,0,30.0,0,0
75,12,27,3,23,Y6076690,,,,0,30.0,0,0
75,12,27,3,24,Y6076691,,,,0,30.0,0,0
75,12,27,3,25,Y6076692,,,,0,30.0,0,0
75,12,27,3,26,Y6076693,,,,0,30.0,0,0
75,12,27,3,27,Y6076694,,,,0,30.0,0,0
75,12,27,3,28,Y6076695,,,,0,30.0,0,0
75,12,27,3,29,Y6076696,,,,0,30.0,0,0
75,12,27,3,30,Y6076697,,,,0,30.0,0,0
75,12,27,4,10,Y6076698,,,,0,30.0,0,0
75,12,27,4,11,Y6076699,,,,0,30.0,0,0
75,12,27,4,12,Y6076700,,,,0,30.0,0,0
75,12,27,4,13,Y6076701,,,,0,30.0,0,0
75,12,27,4,14,Y6076702,,,,0,30.0,0,0
75,12,27,4,15,Y6076703,,,,0,30.0,0,0
75,12,27,4,16,Y6076704,,,,0,30.0,0,0
75,12,27,4,17,Y6076705,,,,0,30.0,0,0
75,12,27,4,18,Y6076706,,,,0,30.0,0,0
75,12,27,4,19,Y6076707,,,,0,30.0,0,0
75,12,27,4,20,Y6076708,,,,0,30.0,0,0
75,12,27,4,21,Y6076709,,,,0,30.0,0,0
75,12,27,4,22,Y6076710,,,,0,30.0,0,0
75,12,27,4,23,Y6076711,,,,0,30.0,0,0
75,12,27,4,24,Y6076712,,,,0,30.0,0,0
75,12,27,4,25,Y6076713,,,,0,30.0,0,0
75,12,27,4,26,Y6076714,,,,0,30.0,0,0
75,12,27,4,27,Y6076715,,,,0,30.0,0,0
75,12,27,4,28,Y6076716,,,,0,30.0,0,0
75,12,27,4,29,Y6076717,,,,0,30.0,0,0
75,12,27,4,30,Y6076718,,,,0,30.0,0,0
75,12,27,5,10,Y6076719,,,,0,30.0,0,0
75,12,27,5,11,Y6076720,,,,0,30.0,0,0
75,12,27,5,12,Y6076721,,,,0,30.0,0,0
75,12,27,5,13,Y6076722,,,,0,30.0,0,0
75,12,27,5,14,Y6076723,,,,0,30.0,0,0
75,12,27,5,15,Y6076724,,,,0,30.0,0,0
75,12,27,5,16,Y6076725,,,,0,30.0,0,0
75,12,27,5,17,Y6076726,,,,0,30.0,0,0
75,12,27,5,18,Y6076727,,,,0,30.0,0,0
75,12,27,5,19,Y6076728,,,,0,30.0,0,0
75,12,27,5,20,Y6076729,,,,0,30.0,0,0
75,12,27,5,21,Y6076730,,,,0,30.0,0,0
75,12,27,5,22,Y6076731,,,,0,30.0,0,0
75,12,27,5,23,Y6076732,,,,0,30.0,0,0
75,12,27,5,24,Y6076733,,,,0,30.0,0,0
75,12,27,5,25,Y6076734,,,,0,30.0,0,0
75,12,27,5,26,Y6076735,,,,0,30.0,0,0
75,12,27,5,27,Y6076736,,,,0,30.0,0,0
75,12,27,5,28,Y6076737,,,,0,30.0,0,0
75,12,27,5,29,Y6076738,,,,0,30.0,0,0
75,12,27,5,30,Y6076739,,,,0,30.0,0,0
75,12,27,6,10,Y6076740,,,,0,30.0,0,0
75,12,27,6,11,Y6076741,,,,0,30.0,0,0
75,12,27,6,12,Y6076742,,,,0,30.0,0,0
75,12,27,6,13,Y6076743,,,,0,30.0,0,0
75,12,27,6,14,Y6076744,,,,0,30.0,0,0
75,12,27,6,15,Y6076745,,,,0,30.0,0,0
75,12,27,6,16,Y6076746,,,,0,30.0,0,0
75,12,27,6,17,Y6076747,,,,0,30.0,0,0
75,12,27,6,18,Y6076748,,,,0,30.0,0,0
75,12,27,6,19,Y6076749,,,,0,30.0,0,0
75,12,27,6,20,Y6076750,,,,0,30.0,0,0
75,12,27,6,21,Y6076751,,,,0,30.0,0,0
75,12,27,6,22,Y6076752,,,,0,30.0,0,0
75,12,27,6,23,Y6076753,,,,0,30.0,0,0
75,12,27,6,24,Y6076754,,,,0,30.0,0,0
75,12,27,6,25,Y6076755,,,,0,30.0,0,0
75,12,27,6,26,Y6076756,,,,0,30.0,0,0
75,12,27,6,27,Y6076757,,,,0,30.0,0,0
75,12,27,6,28,Y6076758,,,,0,30.0,0,0
75,12,27,6,29,Y6076759,,,,0,30.0,0,0
75,12,27,6,30,Y6076760,,,,0,30.0,0,0
75,12,27,7,10,Y6076761,,,,0,30.0,0,0
75,12,27,7,11,Y6076762,,,,0,30.0,0,0
75,12,27,7,12,Y6076763,,,,0,30.0,0,0
75,12,27,7,13,Y6076764,,,,0,30.0,0,0
75,12,27,7,14,Y6076765,,,,0,30.0,0,0
75,12,27,7,15,Y6076766,,,,0,30.0,0,0
75,12,27,7,16,Y6076767,,,,0,30.0,0,0
75,12,27,7,17,Y6076768,,,,0,30.0,0,0
75,12,27,7,18,Y6076769,,,,0,30.0,0,0
75,12,27,7,19,Y6076770,,,,0,30.0,0,0
75,12,27,7,20,Y6076771,,,,0,30.0,0,0
75,12,27,7,21,Y6076772,,,,0,30.0,0,0
75,12,27,7,22,Y6076773,,,,0,30.0,0,0
75,12,27,7,23,Y6076774,,,,0,30.0,0,0
75,12,27,7,24,Y6076775,,,,0,30.0,0,0
75,12,27,7,25,Y6076776,,,,0,30.0,0,0
75,12,27,7,26,Y6076777,,,,0,30.0,0,0
75,12,27,7,27,Y6076778,,,,0,30.0,0,0
75,12,27,7,28,Y6076779,,,,0,30.0,0,0
75,12,27,7,29,Y6076780,,,,0,30.0,0,0
75,12,27,7,30,Y6076781,,,,0,30.0,0,0
75,12,27,8,10,Y6076782,,,,0,30.0,0,0
75,12,27,8,11,Y6076783,,,,0,30.0,0,0
75,12,27,8,12,Y6076784,,,,0,30.0,0,0
75,12,27,8,13,Y6076785,,,,0,30.0,0,0
75,12,27,8,14,Y6076786,,,,0,30.0,0,0
75,12,27,8,15,Y6076787,,,,0,30.0,0,0
75,12,27,8,16,Y6076788,,,,0,30.0,0,0
75,12,27,8,17,Y6076789,,,,0,30.0,0,0
75,12,27,8,18,Y6076790,,,,0,30.0,0,0
75,12,27,8,19,Y6076791,,,,0,30.0,0,0
75,12,27,8,20,Y6076792,,,,0,30.0,0,0
75,12,27,8,21,Y6076793,,,,0,30.0,0,0
75,12,27,8,22,Y6076794,,,,0,30.0,0,0
75,12,27,8,23,Y6076795,,,,0,30.0,0,0
75,12,27,8,24,Y6076796,,,,0,30.0,0,0
75,12,27,8,25,Y6076797,,,,0,30.0,0,0
75,12,27,8,26,Y6076798,,,,0,30.0,0,0
75,12,27,8,27,Y6076799,,,,0,30.0,0,0
75,12,27,8,28,Y6076800,,,,0,30.0,0,0
75,12,27,8,29,Y6076801,,,,0,30.0,0,0
75,12,27,8,30,Y6076802,,,,0,30.0,0,0
75,12,27,9,10,Y6076803,,,,0,30.0,0,0
75,12,27,9,11,Y6076804,,,,0,30.0,0,0
75,12,27,9,12,Y6076805,,,,0,30.0,0,0
75,12,27,9,13,Y6076806,,,,0,30.0,0,0
75,12,27,9,14,Y6076807,,,,0,30.0,0,0
75,12,27,9,15,Y6076808,,,,0,30.0,0,0
75,12,27,9,16,Y6076809,,,,0,30.0,0,0
75,12,27,9,17,Y6076810,,,,0,30.0,0,0
75,12,27,9,18,Y6076811,,,,0,30.0,0,0
75,12,27,9,19,Y6076812,,,,0,30.0,0,0
75,12,27,9,20,Y6076813,,,,0,30.0,0,0
75,12,27,9,21,Y6076814,,,,0,30.0,0,0
75,12,27,9,22,Y6076815,,,,0,30.0,0,0
75,12,27,9,23,Y6076816,,,,0,30.0,0,0
75,12,27,9,24,Y6076817,,,,0,30.0,0,0
75,12,27,9,25,Y6076818,,,,0,30.0,0,0
75,12,27,9,26,Y6076819,,,,0,30.0,0,0
75,12,27,9,27,Y6076820,,,,0,30.0,0,0
75,12,27,9,28,Y6076821,,,,0,30.0,0,0
75,12,27,9,29,Y6076822,,,,0,30.0,0,0
75,12,27,9,30,Y6076823,,,,0,30.0,0,0
75,12,27,10,10,Y6076824,,,,0,30.0,0,0
75,12,27,10,11,Y6076825,,,,0,30.0,0,0
75,12,27,10,12,Y6076826,,,,0,30.0,0,0
75,12,27,10,13,Y6076827,,,,0,30.0,0,0
75,12,27,10,14,Y6076828,,,,0,30.0,0,0
75,12,27,10,15,Y6076829,,,,0,30.0,0,0
75,12,27,10,16,Y6076830,,,,0,30.0,0,0
75,12,27,10,17,Y6076831,,,,0,30.0,0,0
75,12,27,10,18,Y6076832,,,,0,30.0,0,0
75,12,27,10,19,Y6076833,,,,0,30.0,0,0
75,12,27,10,20,Y6076834,,,,0,30.0,0,0
75,12,27,10,21,Y6076835,,,,0,30.0,0,0
75,12,27,10,22,Y6076836,,,,0,30.0,0,0
75,12,27,10,23,Y6076837,,,,0,30.0,0,0
75,12,27,10,24,Y6076838,,,,0,30.0,0,0
75,12,27,10,25,Y6076839,,,,0,30.0,0,0
75,12,27,10,26,Y6076840,,,,0,30.0,0,0
75,12,27,10,27,Y6076841,,,,0,30.0,0,0
75,12,27,10,28,Y6076842,,,,0,30.0,0,0
75,12,27,10,29,Y6076843,,,,0,30.0,0,0
75,12,27,10,30,Y6076844,,,,0,30.0,0,0
75,12,27,11,10,Y6076845,,,,0,30.0,0,0
75,12,27,11,11,Y6076846,,,,0,30.0,0,0
75,12,27,11,12,Y6076847,,,,0,30.0,0,0
75,12,27,11,13,Y6076848,,,,0,30.0,0,0
75,12,27,11,14,Y6076849,,,,0,30.0,0,0
75,12,27,11,15,Y6076850,,,,0,30.0,0,0
75,12,27,11,16,Y6076851,,,,0,30.0,0,0
75,12,27,11,17,Y6076852,,,,0,30.0,0,0
75,12,27,11,18,Y6076853,,,,0,30.0,0,0
75,12,27,11,19,Y6076854,,,,0,30.0,0,0
75,12,27,11,20,Y6076855,,,,0,30.0,0,0
75,12,27,11,21,Y6076856,,,,0,30.0,0,0
75,12,27,11,22,Y6076857,,,,0,30.0,0,0
75,12,27,11,23,Y6076858,,,,0,30.0,0,0
75,12,27,11,24,Y6076859,,,,0,30.0,0,0
75,12,27,11,25,Y6076860,,,,0,30.0,0,0
75,12,27,11,26,Y6076861,,,,0,30.0,0,0
75,12,27,11,27,Y6076862,,,,0,30.0,0,0
75,12,27,11,28,Y6076863,,,,0,30.0,0,0
75,12,27,11,29,Y6076864,,,,0,30.0,0,0
75,12,27,11,30,Y6076865,,,,0,30.0,0,0
75,12,27,12,10,Y6076866,,,,0,30.0,0,0
75,12,27,12,11,Y6076867,,,,0,30.0,0,0
75,12,27,12,12,Y6076868,,,,0,30.0,0,0
75,12,27,12,13,Y6076869,,,,0,30.0,0,0
75,12,27,12,14,Y6076870,,,,0,30.0,0,0
75,12,27,12,15,Y6076871,,,,0,30.0,0,0
75,12,27,12,16,Y6076872,,,,0,30.0,0,0
75,12,27,12,17,Y6076873,,,,0,30.0,0,0
75,12,27,12,18,Y6076874,,,,0,30.0,0,0
75,12,27,12,19,Y6076875,,,,0,30.0,0,0
75,12,27,12,20,Y6076876,,,,0,30.0,0,0
75,12,27,12,21,Y6076877,,,,0,30.0,0,0
75,12,27,12,22,Y6076878,,,,0,30.0,0,0
75,12,27,12,23,Y6076879,,,,0,30.0,0,0
75,12,27,12,24,Y6076880,,,,0,30.0,0,0
75,12,27,12,25,Y6076881,,,,0,30.0,0,0
75,12,27,12,26,Y6076882,,,,0,30.0,0,0
75,12,27,12,27,Y6076883,,,,0,30.0,0,0
75,12,27,12,28,Y6076884,,,,0,30.0,0,0
75,12,27,12,29,Y6076885,,,,0,30.0,0,0
75,12,27,12,30,Y6076886,,,,0,30.0,0,0
75,12,28,1,10,Y6076887,,,,0,30.0,0,0
75,12,28,1,11,Y6076888,,,,0,30.0,0,0
75,12,28,1,12,Y6076889,,,,0,30.0,0,0
75,12,28,1,13,Y6076890,,,,0,30.0,0,0
75,12,28,1,14,Y6076891,,,,0,30.0,0,0
75,12,28,1,15,Y6076892,,,,0,30.0,0,0
75,12,28,1,16,Y6076893,,,,0,30.0,0,0
75,12,28,1,17,Y6076894,,,,0,30.0,0,0
75,12,28,1,18,Y6076895,,,,0,30.0,0,0
75,12,28,1,19,Y6076896,,,,0,30.0,0,0
75,12,28,1,20,Y6076897,,,,0,30.0,0,0
75,12,28,1,21,Y6076898,,,,0,30.0,0,0
75,12,28,1,22,Y6076899,,,,0,30.0,0,0
75,12,28,1,23,Y6076900,,,,0,30.0,0,0
75,12,28,1,24,Y6076901,,,,0,30.0,0,0
75,12,28,1,25,Y6076902,,,,0,30.0,0,0
75,12,28,1,26,Y6076903,,,,0,30.0,0,0
75,12,28,1,27,Y6076904,,,,0,30.0,0,0
75,12,28,1,28,Y6076905,,,,0,30.0,0,0
75,12,28,1,29,Y6076906,,,,0,30.0,0,0
75,12,28,1,30,Y6076907,,,,0,30.0,0,0
75,12,28,2,10,Y6076908,,,,0,30.0,0,0
75,12,28,2,11,Y6076909,,,,0,30.0,0,0
75,12,28,2,12,Y6076910,,,,0,30.0,0,0
75,12,28,2,13,Y6076911,,,,0,30.0,0,0
75,12,28,2,14,Y6076912,,,,0,30.0,0,0
75,12,28,2,15,Y6076913,,,,0,30.0,0,0
75,12,28,2,16,Y6076914,,,,0,30.0,0,0
75,12,28,2,17,Y6076915,,,,0,30.0,0,0
75,12,28,2,18,Y6076916,,,,0,30.0,0,0
75,12,28,2,19,Y6076917,,,,0,30.0,0,0
75,12,28,2,20,Y6076918,,,,0,30.0,0,0
75,12,28,2,21,Y6076919,,,,0,30.0,0,0
75,12,28,2,22,Y6076920,,,,0,30.0,0,0
75,12,28,2,23,Y6076921,,,,0,30.0,0,0
75,12,28,2,24,Y6076922,,,,0,30.0,0,0
75,12,28,2,25,Y6076923,,,,0,30.0,0,0
75,12,28,2,26,Y6076924,,,,0,30.0,0,0
75,12,28,2,27,Y6076925,,,,0,30.0,0,0
75,12,28,2,28,Y6076926,,,,0,30.0,0,0
75,12,28,2,29,Y6076927,,,,0,30.0,0,0
75,12,28,2,30,Y6076928,,,,0,30.0,0,0
75,12,28,3,10,Y6076929,,,,0,30.0,0,0
75,12,28,3,11,Y6076930,,,,0,30.0,0,0
75,12,28,3,12,Y6076931,,,,0,30.0,0,0
75,12,28,3,13,Y6076932,,,,0,30.0,0,0
75,12,28,3,14,Y6076933,,,,0,30.0,0,0
75,12,28,3,15,Y6076934,,,,0,30.0,0,0
75,12,28,3,16,Y6076935,,,,0,30.0,0,0
75,12,28,3,17,Y6076936,,,,0,30.0,0,0
75,12,28,3,18,Y6076937,,,,0,30.0,0,0
75,12,28,3,19,Y6076938,,,,0,30.0,0,0
75,12,28,3,20,Y6076939,,,,0,30.0,0,0
75,12,28,3,21,Y6076940,,,,0,30.0,0,0
75,12,28,3,22,Y6076941,,,,0,30.0,0,0
75,12,28,3,23,Y6076942,,,,0,30.0,0,0
75,12,28,3,24,Y6076943,,,,0,30.0,0,0
75,12,28,3,25,Y6076944,,,,0,30.0,0,0
75,12,28,3,26,Y6076945,,,,0,30.0,0,0
75,12,28,3,27,Y6076946,,,,0,30.0,0,0
75,12,28,3,28,Y6076947,,,,0,30.0,0,0
75,12,28,3,29,Y6076948,,,,0,30.0,0,0
75,12,28,3,30,Y6076949,,,,0,30.0,0,0
75,12,28,4,10,Y6076950,,,,0,30.0,0,0
75,12,28,4,11,Y6076951,,,,0,30.0,0,0
75,12,28,4,12,Y6076952,,,,0,30.0,0,0
75,12,28,4,13,Y6076953,,,,0,30.0,0,0
75,12,28,4,14,Y6076954,,,,0,30.0,0,0
75,12,28,4,15,Y6076955,,,,0,30.0,0,0
75,12,28,4,16,Y6076956,,,,0,30.0,0,0
75,12,28,4,17,Y6076957,,,,0,30.0,0,0
75,12,28,4,18,Y6076958,,,,0,30.0,0,0
75,12,28,4,19,Y6076959,,,,0,30.0,0,0
75,12,28,4,20,Y6076960,,,,0,30.0,0,0
75,12,28,4,21,Y6076961,,,,0,30.0,0,0
75,12,28,4,22,Y6076962,,,,0,30.0,0,0
75,12,28,4,23,Y6076963,,,,0,30.0,0,0
75,12,28,4,24,Y6076964,,,,0,30.0,0,0
75,12,28,4,25,Y6076965,,,,0,30.0,0,0
75,12,28,4,26,Y6076966,,,,0,30.0,0,0
75,12,28,4,27,Y6076967,,,,0,30.0,0,0
75,12,28,4,28,Y6076968,,,,0,30.0,0,0
75,12,28,4,29,Y6076969,,,,0,30.0,0,0
75,12,28,4,30,Y6076970,,,,0,30.0,0,0
75,12,28,5,10,Y6076971,,,,0,30.0,0,0
75,12,28,5,11,Y6076972,,,,0,30.0,0,0
75,12,28,5,12,Y6076973,,,,0,30.0,0,0
75,12,28,5,13,Y6076974,,,,0,30.0,0,0
75,12,28,5,14,Y6076975,,,,0,30.0,0,0
75,12,28,5,15,Y6076976,,,,0,30.0,0,0
75,12,28,5,16,Y6076977,,,,0,30.0,0,0
75,12,28,5,17,Y6076978,,,,0,30.0,0,0
75,12,28,5,18,Y6076979,,,,0,30.0,0,0
75,12,28,5,19,Y6076980,,,,0,30.0,0,0
75,12,28,5,20,Y6076981,,,,0,30.0,0,0
75,12,28,5,21,Y6076982,,,,0,30.0,0,0
75,12,28,5,22,Y6076983,,,,0,30.0,0,0
75,12,28,5,23,Y6076984,,,,0,30.0,0,0
75,12,28,5,24,Y6076985,,,,0,30.0,0,0
75,12,28,5,25,Y6076986,,,,0,30.0,0,0
75,12,28,5,26,Y6076987,,,,0,30.0,0,0
75,12,28,5,27,Y6076988,,,,0,30.0,0,0
75,12,28,5,28,Y6076989,,,,0,30.0,0,0
75,12,28,5,29,Y6076990,,,,0,30.0,0,0
75,12,28,5,30,Y6076991,,,,0,30.0,0,0
75,12,28,6,10,Y6076992,,,,0,30.0,0,0
75,12,28,6,11,Y6076993,,,,0,30.0,0,0
75,12,28,6,12,Y6076994,,,,0,30.0,0,0
75,12,28,6,13,Y6076995,,,,0,30.0,0,0
75,12,28,6,14,Y6076996,,,,0,30.0,0,0
75,12,28,6,15,Y6076997,,,,0,30.0,0,0
75,12,28,6,16,Y6076998,,,,0,30.0,0,0
75,12,28,6,17,Y6076999,,,,0,30.0,0,0
75,12,28,6,18,Y6077000,,,,0,30.0,0,0
75,12,28,6,19,Y6077001,,,,0,30.0,0,0
75,12,28,6,20,Y6077002,,,,0,30.0,0,0
75,12,28,6,21,Y6077003,,,,0,30.0,0,0
75,12,28,6,22,Y6077004,,,,0,30.0,0,0
75,12,28,6,23,Y6077005,,,,0,30.0,0,0
75,12,28,6,24,Y6077006,,,,0,30.0,0,0
75,12,28,6,25,Y6077007,,,,0,30.0,0,0
75,12,28,6,26,Y6077008,,,,0,30.0,0,0
75,12,28,6,27,Y6077009,,,,0,30.0,0,0
75,12,28,6,28,Y6077010,,,,0,30.0,0,0
75,12,28,6,29,Y6077011,,,,0,30.0,0,0
75,12,28,6,30,Y6077012,,,,0,30.0,0,0
75,12,28,7,10,Y6077013,,,,0,30.0,0,0
75,12,28,7,11,Y6077014,,,,0,30.0,0,0
75,12,28,7,12,Y6077015,,,,0,30.0,0,0
75,12,28,7,13,Y6077016,,,,0,30.0,0,0
75,12,28,7,14,Y6077017,,,,0,30.0,0,0
75,12,28,7,15,Y6077018,,,,0,30.0,0,0
75,12,28,7,16,Y6077019,,,,0,30.0,0,0
75,12,28,7,17,Y6077020,,,,0,30.0,0,0
75,12,28,7,18,Y6077021,,,,0,30.0,0,0
75,12,28,7,19,Y6077022,,,,0,30.0,0,0
75,12,28,7,20,Y6077023,,,,0,30.0,0,0
75,12,28,7,21,Y6077024,,,,0,30.0,0,0
75,12,28,7,22,Y6077025,,,,0,30.0,0,0
75,12,28,7,23,Y6077026,,,,0,30.0,0,0
75,12,28,7,24,Y6077027,,,,0,30.0,0,0
75,12,28,7,25,Y6077028,,,,0,30.0,0,0
75,12,28,7,26,Y6077029,,,,0,30.0,0,0
75,12,28,7,27,Y6077030,,,,0,30.0,0,0
75,12,28,7,28,Y6077031,,,,0,30.0,0,0
75,12,28,7,29,Y6077032,,,,0,30.0,0,0
75,12,28,7,30,Y6077033,,,,0,30.0,0,0
75,12,28,8,10,Y6077034,,,,0,30.0,0,0
75,12,28,8,11,Y6077035,,,,0,30.0,0,0
75,12,28,8,12,Y6077036,,,,0,30.0,0,0
75,12,28,8,13,Y6077037,,,,0,30.0,0,0
75,12,28,8,14,Y6077038,,,,0,30.0,0,0
75,12,28,8,15,Y6077039,,,,0,30.0,0,0
75,12,28,8,16,Y6077040,,,,0,30.0,0,0
75,12,28,8,17,Y6077041,,,,0,30.0,0,0
75,12,28,8,18,Y6077042,,,,0,30.0,0,0
75,12,28,8,19,Y6077043,,,,0,30.0,0,0
75,12,28,8,20,Y6077044,,,,0,30.0,0,0
75,12,28,8,21,Y6077045,,,,0,30.0,0,0
75,12,28,8,22,Y6077046,,,,0,30.0,0,0
75,12,28,8,23,Y6077047,,,,0,30.0,0,0
75,12,28,8,24,Y6077048,,,,0,30.0,0,0
75,12,28,8,25,Y6077049,,,,0,30.0,0,0
75,12,28,8,26,Y6077050,,,,0,30.0,0,0
75,12,28,8,27,Y6077051,,,,0,30.0,0,0
75,12,28,8,28,Y6077052,,,,0,30.0,0,0
75,12,28,8,29,Y6077053,,,,0,30.0,0,0
75,12,28,8,30,Y6077054,,,,0,30.0,0,0
75,12,28,9,10,Y6077055,,,,0,30.0,0,0
75,12,28,9,11,Y6077056,,,,0,30.0,0,0
75,12,28,9,12,Y6077057,,,,0,30.0,0,0
75,12,28,9,13,Y6077058,,,,0,30.0,0,0
75,12,28,9,14,Y6077059,,,,0,30.0,0,0
75,12,28,9,15,Y6077060,,,,0,30.0,0,0
75,12,28,9,16,Y6077061,,,,0,30.0,0,0
75,12,28,9,17,Y6077062,,,,0,30.0,0,0
75,12,28,9,18,Y6077063,,,,0,30.0,0,0
75,12,28,9,19,Y6077064,,,,0,30.0,0,0
75,12,28,9,20,Y6077065,,,,0,30.0,0,0
75,12,28,9,21,Y6077066,,,,0,30.0,0,0
75,12,28,9,22,Y6077067,,,,0,30.0,0,0
75,12,28,9,23,Y6077068,,,,0,30.0,0,0
75,12,28,9,24,Y6077069,,,,0,30.0,0,0
75,12,28,9,25,Y6077070,,,,0,30.0,0,0
75,12,28,9,26,Y6077071,,,,0,30.0,0,0
75,12,28,9,27,Y6077072,,,,0,30.0,0,0
75,12,28,9,28,Y6077073,,,,0,30.0,0,0
75,12,28,9,29,Y6077074,,,,0,30.0,0,0
75,12,28,9,30,Y6077075,,,,0,30.0,0,0
75,12,28,10,10,Y6077076,,,,0,30.0,0,0
75,12,28,10,11,Y6077077,,,,0,30.0,0,0
75,12,28,10,12,Y6077078,,,,0,30.0,0,0
75,12,28,10,13,Y6077079,,,,0,30.0,0,0
75,12,28,10,14,Y6077080,,,,0,30.0,0,0
75,12,28,10,15,Y6077081,,,,0,30.0,0,0
75,12,28,10,16,Y6077082,,,,0,30.0,0,0
75,12,28,10,17,Y6077083,,,,0,30.0,0,0
75,12,28,10,18,Y6077084,,,,0,30.0,0,0
75,12,28,10,19,Y6077085,,,,0,30.0,0,0
75,12,28,10,20,Y6077086,,,,0,30.0,0,0
75,12,28,10,21,Y6077087,,,,0,30.0,0,0
75,12,28,10,22,Y6077088,,,,0,30.0,0,0
75,12,28,10,23,Y6077089,,,,0,30.0,0,0
75,12,28,10,24,Y6077090,,,,0,30.0,0,0
75,12,28,10,25,Y6077091,,,,0,30.0,0,0
75,12,28,10,26,Y6077092,,,,0,30.0,0,0
75,12,28,10,27,Y6077093,,,,0,30.0,0,0
75,12,28,10,28,Y6077094,,,,0,30.0,0,0
75,12,28,10,29,Y6077095,,,,0,30.0,0,0
75,12,28,10,30,Y6077096,,,,0,30.0,0,0
75,12,28,11,10,Y6077097,,,,0,30.0,0,0
75,12,28,11,11,Y6077098,,,,0,30.0,0,0
75,12,28,11,12,Y6077099,,,,0,30.0,0,0
75,12,28,11,13,Y6077100,,,,0,30.0,0,0
75,12,28,11,14,Y6077101,,,,0,30.0,0,0
75,12,28,11,15,Y6077102,,,,0,30.0,0,0
75,12,28,11,16,Y6077103,,,,0,30.0,0,0
75,12,28,11,17,Y6077104,,,,0,30.0,0,0
75,12,28,11,18,Y6077105,,,,0,30.0,0,0
75,12,28,11,19,Y6077106,,,,0,30.0,0,0
75,12,28,11,20,Y6077107,,,,0,30.0,0,0
75,12,28,11,21,Y6077108,,,,0,30.0,0,0
75,12,28,11,22,Y6077109,,,,0,30.0,0,0
75,12,28,11,23,Y6077110,,,,0,30.0,0,0
75,12,28,11,24,Y6077111,,,,0,30.0,0,0
75,12,28,11,25,Y6077112,,,,0,30.0,0,0
75,12,28,11,26,Y6077113,,,,0,30.0,0,0
75,12,28,11,27,Y6077114,,,,0,30.0,0,0
75,12,28,11,28,Y6077115,,,,0,30.0,0,0
75,12,28,11,29,Y6077116,,,,0,30.0,0,0
75,12,28,11,30,Y6077117,,,,0,30.0,0,0
75,12,28,12,10,Y6077118,,,,0,30.0,0,0
75,12,28,12,11,Y6077119,,,,0,30.0,0,0
75,12,28,12,12,Y6077120,,,,0,30.0,0,0
75,12,28,12,13,Y6077121,,,,0,30.0,0,0
75,12,28,12,14,Y6077122,,,,0,30.0,0,0
75,12,28,12,15,Y6077123,,,,0,30.0,0,0
75,12,28,12,16,Y6077124,,,,0,30.0,0,0
75,12,28,12,17,Y6077125,,,,0,30.0,0,0
75,12,28,12,18,Y6077126,,,,0,30.0,0,0
75,12,28,12,19,Y6077127,,,,0,30.0,0,0
75,12,28,12,20,Y6077128,,,,0,30.0,0,0
75,12,28,12,21,Y6077129,,,,0,30.0,0,0
75,12,28,12,22,Y6077130,,,,0,30.0,0,0
75,12,28,12,23,Y6077131,,,,0,30.0,0,0
75,12,28,12,24,Y6077132,,,,0,30.0,0,0
75,12,28,12,25,Y6077133,,,,0,30.0,0,0
75,12,28,12,26,Y6077134,,,,0,30.0,0,0
75,12,28,12,27,Y6077135,,,,0,30.0,0,0
75,12,28,12,28,Y6077136,,,,0,30.0,0,0
75,12,28,12,29,Y6077137,,,,0,30.0,0,0
75,12,28,12,30,Y6077138,,,,0,30.0,0,0
75,12,29,1,10,Y6077139,,,,0,30.0,0,0
75,12,29,1,11,Y6077140,,,,0,30.0,0,0
75,12,29,1,12,Y6077141,,,,0,30.0,0,0
75,12,29,1,13,Y6077142,,,,0,30.0,0,0
75,12,29,1,14,Y6077143,,,,0,30.0,0,0
75,12,29,1,15,Y6077144,,,,0,30.0,0,0
75,12,29,1,16,Y6077145,,,,0,30.0,0,0
75,12,29,1,17,Y6077146,,,,0,30.0,0,0
75,12,29,1,18,Y6077147,,,,0,30.0,0,0
75,12,29,1,19,Y6077148,,,,0,30.0,0,0
75,12,29,1,20,Y6077149,,,,0,30.0,0,0
75,12,29,1,21,Y6077150,,,,0,30.0,0,0
75,12,29,1,22,Y6077151,,,,0,30.0,0,0
75,12,29,1,23,Y6077152,,,,0,30.0,0,0
75,12,29,1,24,Y6077153,,,,0,30.0,0,0
75,12,29,1,25,Y6077154,,,,0,30.0,0,0
75,12,29,1,26,Y6077155,,,,0,30.0,0,0
75,12,29,1,27,Y6077156,,,,0,30.0,0,0
75,12,29,1,28,Y6077157,,,,0,30.0,0,0
75,12,29,1,29,Y6077158,,,,0,30.0,0,0
75,12,29,1,30,Y6077159,,,,0,30.0,0,0
75,12,29,2,10,Y6077160,,,,0,30.0,0,0
75,12,29,2,11,Y6077161,,,,0,30.0,0,0
75,12,29,2,12,Y6077162,,,,0,30.0,0,0
75,12,29,2,13,Y6077163,,,,0,30.0,0,0
75,12,29,2,14,Y6077164,,,,0,30.0,0,0
75,12,29,2,15,Y6077165,,,,0,30.0,0,0
75,12,29,2,16,Y6077166,,,,0,30.0,0,0
75,12,29,2,17,Y6077167,,,,0,30.0,0,0
75,12,29,2,18,Y6077168,,,,0,30.0,0,0
75,12,29,2,19,Y6077169,,,,0,30.0,0,0
75,12,29,2,20,Y6077170,,,,0,30.0,0,0
75,12,29,2,21,Y6077171,,,,0,30.0,0,0
75,12,29,2,22,Y6077172,,,,0,30.0,0,0
75,12,29,2,23,Y6077173,,,,0,30.0,0,0
75,12,29,2,24,Y6077174,,,,0,30.0,0,0
75,12,29,2,25,Y6077175,,,,0,30.0,0,0
75,12,29,2,26,Y6077176,,,,0,30.0,0,0
75,12,29,2,27,Y6077177,,,,0,30.0,0,0
75,12,29,2,28,Y6077178,,,,0,30.0,0,0
75,12,29,2,29,Y6077179,,,,0,30.0,0,0
75,12,29,2,30,Y6077180,,,,0,30.0,0,0
75,12,29,3,10,Y6077181,,,,0,30.0,0,0
75,12,29,3,11,Y6077182,,,,0,30.0,0,0
75,12,29,3,12,Y6077183,,,,0,30.0,0,0
75,12,29,3,13,Y6077184,,,,0,30.0,0,0
75,12,29,3,14,Y6077185,,,,0,30.0,0,0
75,12,29,3,15,Y6077186,,,,0,30.0,0,0
75,12,29,3,16,Y6077187,,,,0,30.0,0,0
75,12,29,3,17,Y6077188,,,,0,30.0,0,0
75,12,29,3,18,Y6077189,,,,0,30.0,0,0
75,12,29,3,19,Y6077190,,,,0,30.0,0,0
75,12,29,3,20,Y6077191,,,,0,30.0,0,0
75,12,29,3,21,Y6077192,,,,0,30.0,0,0
75,12,29,3,22,Y6077193,,,,0,30.0,0,0
75,12,29,3,23,Y6077194,,,,0,30.0,0,0
75,12,29,3,24,Y6077195,,,,0,30.0,0,0
75,12,29,3,25,Y6077196,,,,0,30.0,0,0
75,12,29,3,26,Y6077197,,,,0,30.0,0,0
75,12,29,3,27,Y6077198,,,,0,30.0,0,0
75,12,29,3,28,Y6077199,,,,0,30.0,0,0
75,12,29,3,29,Y6077200,,,,0,30.0,0,0
75,12,29,3,30,Y6077201,,,,0,30.0,0,0
75,12,29,4,10,Y6077202,,,,0,30.0,0,0
75,12,29,4,11,Y6077203,,,,0,30.0,0,0
75,12,29,4,12,Y6077204,,,,0,30.0,0,0
75,12,29,4,13,Y6077205,,,,0,30.0,0,0
75,12,29,4,14,Y6077206,,,,0,30.0,0,0
75,12,29,4,15,Y6077207,,,,0,30.0,0,0
75,12,29,4,16,Y6077208,,,,0,30.0,0,0
75,12,29,4,17,Y6077209,,,,0,30.0,0,0
75,12,29,4,18,Y6077210,,,,0,30.0,0,0
75,12,29,4,19,Y6077211,,,,0,30.0,0,0
75,12,29,4,20,Y6077212,,,,0,30.0,0,0
75,12,29,4,21,Y6077213,,,,0,30.0,0,0
75,12,29,4,22,Y6077214,,,,0,30.0,0,0
75,12,29,4,23,Y6077215,,,,0,30.0,0,0
75,12,29,4,24,Y6077216,,,,0,30.0,0,0
75,12,29,4,25,Y6077217,,,,0,30.0,0,0
75,12,29,4,26,Y6077218,,,,0,30.0,0,0
75,12,29,4,27,Y6077219,,,,0,30.0,0,0
75,12,29,4,28,Y6077220,,,,0,30.0,0,0
75,12,29,4,29,Y6077221,,,,0,30.0,0,0
75,12,29,4,30,Y6077222,,,,0,30.0,0,0
75,12,29,5,10,Y6077223,,,,0,30.0,0,0
75,12,29,5,11,Y6077224,,,,0,30.0,0,0
75,12,29,5,12,Y6077225,,,,0,30.0,0,0
75,12,29,5,13,Y6077226,,,,0,30.0,0,0
75,12,29,5,14,Y6077227,,,,0,30.0,0,0
75,12,29,5,15,Y6077228,,,,0,30.0,0,0
75,12,29,5,16,Y6077229,,,,0,30.0,0,0
75,12,29,5,17,Y6077230,,,,0,30.0,0,0
75,12,29,5,18,Y6077231,,,,0,30.0,0,0
75,12,29,5,19,Y6077232,,,,0,30.0,0,0
75,12,29,5,20,Y6077233,,,,0,30.0,0,0
75,12,29,5,21,Y6077234,,,,0,30.0,0,0
75,12,29,5,22,Y6077235,,,,0,30.0,0,0
75,12,29,5,23,Y6077236,,,,0,30.0,0,0
75,12,29,5,24,Y6077237,,,,0,30.0,0,0
75,12,29,5,25,Y6077238,,,,0,30.0,0,0
75,12,29,5,26,Y6077239,,,,0,30.0,0,0
75,12,29,5,27,Y6077240,,,,0,30.0,0,0
75,12,29,5,28,Y6077241,,,,0,30.0,0,0
75,12,29,5,29,Y6077242,,,,0,30.0,0,0
75,12,29,5,30,Y6077243,,,,0,30.0,0,0
75,12,29,6,10,Y6077244,,,,0,30.0,0,0
75,12,29,6,11,Y6077245,,,,0,30.0,0,0
75,12,29,6,12,Y6077246,,,,0,30.0,0,0
75,12,29,6,13,Y6077247,,,,0,30.0,0,0
75,12,29,6,14,Y6077248,,,,0,30.0,0,0
75,12,29,6,15,Y6077249,,,,0,30.0,0,0
75,12,29,6,16,Y6077250,,,,0,30.0,0,0
75,12,29,6,17,Y6077251,,,,0,30.0,0,0
75,12,29,6,18,Y6077252,,,,0,30.0,0,0
75,12,29,6,19,Y6077253,,,,0,30.0,0,0
75,12,29,6,20,Y6077254,,,,0,30.0,0,0
75,12,29,6,21,Y6077255,,,,0,30.0,0,0
75,12,29,6,22,Y6077256,,,,0,30.0,0,0
75,12,29,6,23,Y6077257,,,,0,30.0,0,0
75,12,29,6,24,Y6077258,,,,0,30.0,0,0
75,12,29,6,25,Y6077259,,,,0,30.0,0,0
75,12,29,6,26,Y6077260,,,,0,30.0,0,0
75,12,29,6,27,Y6077261,,,,0,30.0,0,0
75,12,29,6,28,Y6077262,,,,0,30.0,0,0
75,12,29,6,29,Y6077263,,,,0,30.0,0,0
75,12,29,6,30,Y6077264,,,,0,30.0,0,0
75,12,29,7,10,Y6077265,,,,0,30.0,0,0
75,12,29,7,11,Y6077266,,,,0,30.0,0,0
75,12,29,7,12,Y6077267,,,,0,30.0,0,0
75,12,29,7,13,Y6077268,,,,0,30.0,0,0
75,12,29,7,14,Y6077269,,,,0,30.0,0,0
75,12,29,7,15,Y6077270,,,,0,30.0,0,0
75,12,29,7,16,Y6077271,,,,0,30.0,0,0
75,12,29,7,17,Y6077272,,,,0,30.0,0,0
75,12,29,7,18,Y6077273,,,,0,30.0,0,0
75,12,29,7,19,Y6077274,,,,0,30.0,0,0
75,12,29,7,20,Y6077275,,,,0,30.0,0,0
75,12,29,7,21,Y6077276,,,,0,30.0,0,0
75,12,29,7,22,Y6077277,,,,0,30.0,0,0
75,12,29,7,23,Y6077278,,,,0,30.0,0,0
75,12,29,7,24,Y6077279,,,,0,30.0,0,0
75,12,29,7,25,Y6077280,,,,0,30.0,0,0
75,12,29,7,26,Y6077281,,,,0,30.0,0,0
75,12,29,7,27,Y6077282,,,,0,30.0,0,0
75,12,29,7,28,Y6077283,,,,0,30.0,0,0
75,12,29,7,29,Y6077284,,,,0,30.0,0,0
75,12,29,7,30,Y6077285,,,,0,30.0,0,0
75,12,29,8,10,Y6077286,,,,0,30.0,0,0
75,12,29,8,11,Y6077287,,,,0,30.0,0,0
75,12,29,8,12,Y6077288,,,,0,30.0,0,0
75,12,29,8,13,Y6077289,,,,0,30.0,0,0
75,12,29,8,14,Y6077290,,,,0,30.0,0,0
75,12,29,8,15,Y6077291,,,,0,30.0,0,0
75,12,29,8,16,Y6077292,,,,0,30.0,0,0
75,12,29,8,17,Y6077293,,,,0,30.0,0,0
75,12,29,8,18,Y6077294,,,,0,30.0,0,0
75,12,29,8,19,Y6077295,,,,0,30.0,0,0
75,12,29,8,20,Y6077296,,,,0,30.0,0,0
75,12,29,8,21,Y6077297,,,,0,30.0,0,0
75,12,29,8,22,Y6077298,,,,0,30.0,0,0
75,12,29,8,23,Y6077299,,,,0,30.0,0,0
75,12,29,8,24,Y6077300,,,,0,30.0,0,0
75,12,29,8,25,Y6077301,,,,0,30.0,0,0
75,12,29,8,26,Y6077302,,,,0,30.0,0,0
75,12,29,8,27,Y6077303,,,,0,30.0,0,0
75,12,29,8,28,Y6077304,,,,0,30.0,0,0
75,12,29,8,29,Y6077305,,,,0,30.0,0,0
75,12,29,8,30,Y6077306,,,,0,30.0,0,0
75,12,29,9,10,Y6077307,,,,0,30.0,0,0
75,12,29,9,11,Y6077308,,,,0,30.0,0,0
75,12,29,9,12,Y6077309,,,,0,30.0,0,0
75,12,29,9,13,Y6077310,,,,0,30.0,0,0
75,12,29,9,14,Y6077311,,,,0,30.0,0,0
75,12,29,9,15,Y6077312,,,,0,30.0,0,0
75,12,29,9,16,Y6077313,,,,0,30.0,0,0
75,12,29,9,17,Y6077314,,,,0,30.0,0,0
75,12,29,9,18,Y6077315,,,,0,30.0,0,0
75,12,29,9,19,Y6077316,,,,0,30.0,0,0
75,12,29,9,20,Y6077317,,,,0,30.0,0,0
75,12,29,9,21,Y6077318,,,,0,30.0,0,0
75,12,29,9,22,Y6077319,,,,0,30.0,0,0
75,12,29,9,23,Y6077320,,,,0,30.0,0,0
75,12,29,9,24,Y6077321,,,,0,30.0,0,0
75,12,29,9,25,Y6077322,,,,0,30.0,0,0
75,12,29,9,26,Y6077323,,,,0,30.0,0,0
75,12,29,9,27,Y6077324,,,,0,30.0,0,0
75,12,29,9,28,Y6077325,,,,0,30.0,0,0
75,12,29,9,29,Y6077326,,,,0,30.0,0,0
75,12,29,9,30,Y6077327,,,,0,30.0,0,0
75,12,29,10,10,Y6077328,,,,0,30.0,0,0
75,12,29,10,11,Y6077329,,,,0,30.0,0,0
75,12,29,10,12,Y6077330,,,,0,30.0,0,0
75,12,29,10,13,Y6077331,,,,0,30.0,0,0
75,12,29,10,14,Y6077332,,,,0,30.0,0,0
75,12,29,10,15,Y6077333,,,,0,30.0,0,0
75,12,29,10,16,Y6077334,,,,0,30.0,0,0
75,12,29,10,17,Y6077335,,,,0,30.0,0,0
75,12,29,10,18,Y6077336,,,,0,30.0,0,0
75,12,29,10,19,Y6077337,,,,0,30.0,0,0
75,12,29,10,20,Y6077338,,,,0,30.0,0,0
75,12,29,10,21,Y6077339,,,,0,30.0,0,0
75,12,29,10,22,Y6077340,,,,0,30.0,0,0
75,12,29,10,23,Y6077341,,,,0,30.0,0,0
75,12,29,10,24,Y6077342,,,,0,30.0,0,0
75,12,29,10,25,Y6077343,,,,0,30.0,0,0
75,12,29,10,26,Y6077344,,,,0,30.0,0,0
75,12,29,10,27,Y6077345,,,,0,30.0,0,0
75,12,29,10,28,Y6077346,,,,0,30.0,0,0
75,12,29,10,29,Y6077347,,,,0,30.0,0,0
75,12,29,10,30,Y6077348,,,,0,30.0,0,0
75,12,29,11,10,Y6077349,,,,0,30.0,0,0
75,12,29,11,11,Y6077350,,,,0,30.0,0,0
75,12,29,11,12,Y6077351,,,,0,30.0,0,0
75,12,29,11,13,Y6077352,,,,0,30.0,0,0
75,12,29,11,14,Y6077353,,,,0,30.0,0,0
75,12,29,11,15,Y6077354,,,,0,30.0,0,0
75,12,29,11,16,Y6077355,,,,0,30.0,0,0
75,12,29,11,17,Y6077356,,,,0,30.0,0,0
75,12,29,11,18,Y6077357,,,,0,30.0,0,0
75,12,29,11,19,Y6077358,,,,0,30.0,0,0
75,12,29,11,20,Y6077359,,,,0,30.0,0,0
75,12,29,11,21,Y6077360,,,,0,30.0,0,0
75,12,29,11,22,Y6077361,,,,0,30.0,0,0
75,12,29,11,23,Y6077362,,,,0,30.0,0,0
75,12,29,11,24,Y6077363,,,,0,30.0,0,0
75,12,29,11,25,Y6077364,,,,0,30.0,0,0
75,12,29,11,26,Y6077365,,,,0,30.0,0,0
75,12,29,11,27,Y6077366,,,,0,30.0,0,0
75,12,29,11,28,Y6077367,,,,0,30.0,0,0
75,12,29,11,29,Y6077368,,,,0,30.0,0,0
75,12,29,11,30,Y6077369,,,,0,30.0,0,0
75,12,29,12,10,Y6077370,,,,0,30.0,0,0
75,12,29,12,11,Y6077371,,,,0,30.0,0,0
75,12,29,12,12,Y6077372,,,,0,30.0,0,0
75,12,29,12,13,Y6077373,,,,0,30.0,0,0
75,12,29,12,14,Y6077374,,,,0,30.0,0,0
75,12,29,12,15,Y6077375,,,,0,30.0,0,0
75,12,29,12,16,Y6077376,,,,0,30.0,0,0
75,12,29,12,17,Y6077377,,,,0,30.0,0,0
75,12,29,12,18,Y6077378,,,,0,30.0,0,0
75,12,29,12,19,Y6077379,,,,0,30.0,0,0
75,12,29,12,20,Y6077380,,,,0,30.0,0,0
75,12,29,12,21,Y6077381,,,,0,30.0,0,0
75,12,29,12,22,Y6077382,,,,0,30.0,0,0
75,12,29,12,23,Y6077383,,,,0,30.0,0,0
75,12,29,12,24,Y6077384,,,,0,30.0,0,0
75,12,29,12,25,Y6077385,,,,0,30.0,0,0
75,12,29,12,26,Y6077386,,,,0,30.0,0,0
75,12,29,12,27,Y6077387,,,,0,30.0,0,0
75,12,29,12,28,Y6077388,,,,0,30.0,0,0
75,12,29,12,29,Y6077389,,,,0,30.0,0,0
75,12,29,12,30,Y6077390,,,,0,30.0,0,0
75,12,30,1,10,Y6077391,,,,0,30.0,0,0
75,12,30,1,11,Y6077392,,,,0,30.0,0,0
75,12,30,1,12,Y6077393,,,,0,30.0,0,0
75,12,30,1,13,Y6077394,,,,0,30.0,0,0
75,12,30,1,14,Y6077395,,,,0,30.0,0,0
75,12,30,1,15,Y6077396,,,,0,30.0,0,0
75,12,30,1,16,Y6077397,,,,0,30.0,0,0
75,12,30,1,17,Y6077398,,,,0,30.0,0,0
75,12,30,1,18,Y6077399,,,,0,30.0,0,0
75,12,30,1,19,Y6077400,,,,0,30.0,0,0
75,12,30,1,20,Y6077401,,,,0,30.0,0,0
75,12,30,1,21,Y6077402,,,,0,30.0,0,0
75,12,30,1,22,Y6077403,,,,0,30.0,0,0
75,12,30,1,23,Y6077404,,,,0,30.0,0,0
75,12,30,1,24,Y6077405,,,,0,30.0,0,0
75,12,30,1,25,Y6077406,,,,0,30.0,0,0
75,12,30,1,26,Y6077407,,,,0,30.0,0,0
75,12,30,1,27,Y6077408,,,,0,30.0,0,0
75,12,30,1,28,Y6077409,,,,0,30.0,0,0
75,12,30,1,29,Y6077410,,,,0,30.0,0,0
75,12,30,1,30,Y6077411,,,,0,30.0,0,0
75,12,30,2,10,Y6077412,,,,0,30.0,0,0
75,12,30,2,11,Y6077413,,,,0,30.0,0,0
75,12,30,2,12,Y6077414,,,,0,30.0,0,0
75,12,30,2,13,Y6077415,,,,0,30.0,0,0
75,12,30,2,14,Y6077416,,,,0,30.0,0,0
75,12,30,2,15,Y6077417,,,,0,30.0,0,0
75,12,30,2,16,Y6077418,,,,0,30.0,0,0
75,12,30,2,17,Y6077419,,,,0,30.0,0,0
75,12,30,2,18,Y6077420,,,,0,30.0,0,0
75,12,30,2,19,Y6077421,,,,0,30.0,0,0
75,12,30,2,20,Y6077422,,,,0,30.0,0,0
75,12,30,2,21,Y6077423,,,,0,30.0,0,0
75,12,30,2,22,Y6077424,,,,0,30.0,0,0
75,12,30,2,23,Y6077425,,,,0,30.0,0,0
75,12,30,2,24,Y6077426,,,,0,30.0,0,0
75,12,30,2,25,Y6077427,,,,0,30.0,0,0
75,12,30,2,26,Y6077428,,,,0,30.0,0,0
75,12,30,2,27,Y6077429,,,,0,30.0,0,0
75,12,30,2,28,Y6077430,,,,0,30.0,0,0
75,12,30,2,29,Y6077431,,,,0,30.0,0,0
75,12,30,2,30,Y6077432,,,,0,30.0,0,0
75,12,30,3,10,Y6077433,,,,0,30.0,0,0
75,12,30,3,11,Y6077434,,,,0,30.0,0,0
75,12,30,3,12,Y6077435,,,,0,30.0,0,0
75,12,30,3,13,Y6077436,,,,0,30.0,0,0
75,12,30,3,14,Y6077437,,,,0,30.0,0,0
75,12,30,3,15,Y6077438,,,,0,30.0,0,0
75,12,30,3,16,Y6077439,,,,0,30.0,0,0
75,12,30,3,17,Y6077440,,,,0,30.0,0,0
75,12,30,3,18,Y6077441,,,,0,30.0,0,0
75,12,30,3,19,Y6077442,,,,0,30.0,0,0
75,12,30,3,20,Y6077443,,,,0,30.0,0,0
75,12,30,3,21,Y6077444,,,,0,30.0,0,0
75,12,30,3,22,Y6077445,,,,0,30.0,0,0
75,12,30,3,23,Y6077446,,,,0,30.0,0,0
75,12,30,3,24,Y6077447,,,,0,30.0,0,0
75,12,30,3,25,Y6077448,,,,0,30.0,0,0
75,12,30,3,26,Y6077449,,,,0,30.0,0,0
75,12,30,3,27,Y6077450,,,,0,30.0,0,0
75,12,30,3,28,Y6077451,,,,0,30.0,0,0
75,12,30,3,29,Y6077452,,,,0,30.0,0,0
75,12,30,3,30,Y6077453,,,,0,30.0,0,0
75,12,30,4,10,Y6077454,,,,0,30.0,0,0
75,12,30,4,11,Y6077455,,,,0,30.0,0,0
75,12,30,4,12,Y6077456,,,,0,30.0,0,0
75,12,30,4,13,Y6077457,,,,0,30.0,0,0
75,12,30,4,14,Y6077458,,,,0,30.0,0,0
75,12,30,4,15,Y6077459,,,,0,30.0,0,0
75,12,30,4,16,Y6077460,,,,0,30.0,0,0
75,12,30,4,17,Y6077461,,,,0,30.0,0,0
75,12,30,4,18,Y6077462,,,,0,30.0,0,0
75,12,30,4,19,Y6077463,,,,0,30.0,0,0
75,12,30,4,20,Y6077464,,,,0,30.0,0,0
75,12,30,4,21,Y6077465,,,,0,30.0,0,0
75,12,30,4,22,Y6077466,,,,0,30.0,0,0
75,12,30,4,23,Y6077467,,,,0,30.0,0,0
75,12,30,4,24,Y6077468,,,,0,30.0,0,0
75,12,30,4,25,Y6077469,,,,0,30.0,0,0
75,12,30,4,26,Y6077470,,,,0,30.0,0,0
75,12,30,4,27,Y6077471,,,,0,30.0,0,0
75,12,30,4,28,Y6077472,,,,0,30.0,0,0
75,12,30,4,29,Y6077473,,,,0,30.0,0,0
75,12,30,4,30,Y6077474,,,,0,30.0,0,0
75,12,30,5,10,Y6077475,,,,0,30.0,0,0
75,12,30,5,11,Y6077476,,,,0,30.0,0,0
75,12,30,5,12,Y6077477,,,,0,30.0,0,0
75,12,30,5,13,Y6077478,,,,0,30.0,0,0
75,12,30,5,14,Y6077479,,,,0,30.0,0,0
75,12,30,5,15,Y6077480,,,,0,30.0,0,0
75,12,30,5,16,Y6077481,,,,0,30.0,0,0
75,12,30,5,17,Y6077482,,,,0,30.0,0,0
75,12,30,5,18,Y6077483,,,,0,30.0,0,0
75,12,30,5,19,Y6077484,,,,0,30.0,0,0
75,12,30,5,20,Y6077485,,,,0,30.0,0,0
75,12,30,5,21,Y6077486,,,,0,30.0,0,0
75,12,30,5,22,Y6077487,,,,0,30.0,0,0
75,12,30,5,23,Y6077488,,,,0,30.0,0,0
75,12,30,5,24,Y6077489,,,,0,30.0,0,0
75,12,30,5,25,Y6077490,,,,0,30.0,0,0
75,12,30,5,26,Y6077491,,,,0,30.0,0,0
75,12,30,5,27,Y6077492,,,,0,30.0,0,0
75,12,30,5,28,Y6077493,,,,0,30.0,0,0
75,12,30,5,29,Y6077494,,,,0,30.0,0,0
75,12,30,5,30,Y6077495,,,,0,30.0,0,0
75,12,30,6,10,Y6077496,,,,0,30.0,0,0
75,12,30,6,11,Y6077497,,,,0,30.0,0,0
75,12,30,6,12,Y6077498,,,,0,30.0,0,0
75,12,30,6,13,Y6077499,,,,0,30.0,0,0
75,12,30,6,14,Y6077500,,,,0,30.0,0,0
75,12,30,6,15,Y6077501,,,,0,30.0,0,0
75,12,30,6,16,Y6077502,,,,0,30.0,0,0
75,12,30,6,17,Y6077503,,,,0,30.0,0,0
75,12,30,6,18,Y6077504,,,,0,30.0,0,0
75,12,30,6,19,Y6077505,,,,0,30.0,0,0
75,12,30,6,20,Y6077506,,,,0,30.0,0,0
75,12,30,6,21,Y6077507,,,,0,30.0,0,0
75,12,30,6,22,Y6077508,,,,0,30.0,0,0
75,12,30,6,23,Y6077509,,,,0,30.0,0,0
75,12,30,6,24,Y6077510,,,,0,30.0,0,0
75,12,30,6,25,Y6077511,,,,0,30.0,0,0
75,12,30,6,26,Y6077512,,,,0,30.0,0,0
75,12,30,6,27,Y6077513,,,,0,30.0,0,0
75,12,30,6,28,Y6077514,,,,0,30.0,0,0
75,12,30,6,29,Y6077515,,,,0,30.0,0,0
75,12,30,6,30,Y6077516,,,,0,30.0,0,0
75,12,30,7,10,Y6077517,,,,0,30.0,0,0
75,12,30,7,11,Y6077518,,,,0,30.0,0,0
75,12,30,7,12,Y6077519,,,,0,30.0,0,0
75,12,30,7,13,Y6077520,,,,0,30.0,0,0
75,12,30,7,14,Y6077521,,,,0,30.0,0,0
75,12,30,7,15,Y6077522,,,,0,30.0,0,0
75,12,30,7,16,Y6077523,,,,0,30.0,0,0
75,12,30,7,17,Y6077524,,,,0,30.0,0,0
75,12,30,7,18,Y6077525,,,,0,30.0,0,0
75,12,30,7,19,Y6077526,,,,0,30.0,0,0
75,12,30,7,20,Y6077527,,,,0,30.0,0,0
75,12,30,7,21,Y6077528,,,,0,30.0,0,0
75,12,30,7,22,Y6077529,,,,0,30.0,0,0
75,12,30,7,23,Y6077530,,,,0,30.0,0,0
75,12,30,7,24,Y6077531,,,,0,30.0,0,0
75,12,30,7,25,Y6077532,,,,0,30.0,0,0
75,12,30,7,26,Y6077533,,,,0,30.0,0,0
75,12,30,7,27,Y6077534,,,,0,30.0,0,0
75,12,30,7,28,Y6077535,,,,0,30.0,0,0
75,12,30,7,29,Y6077536,,,,0,30.0,0,0
75,12,30,7,30,Y6077537,,,,0,30.0,0,0
75,12,30,8,10,Y6077538,,,,0,30.0,0,0
75,12,30,8,11,Y6077539,,,,0,30.0,0,0
75,12,30,8,12,Y6077540,,,,0,30.0,0,0
75,12,30,8,13,Y6077541,,,,0,30.0,0,0
75,12,30,8,14,Y6077542,,,,0,30.0,0,0
75,12,30,8,15,Y6077543,,,,0,30.0,0,0
75,12,30,8,16,Y6077544,,,,0,30.0,0,0
75,12,30,8,17,Y6077545,,,,0,30.0,0,0
75,12,30,8,18,Y6077546,,,,0,30.0,0,0
75,12,30,8,19,Y6077547,,,,0,30.0,0,0
75,12,30,8,20,Y6077548,,,,0,30.0,0,0
75,12,30,8,21,Y6077549,,,,0,30.0,0,0
75,12,30,8,22,Y6077550,,,,0,30.0,0,0
75,12,30,8,23,Y6077551,,,,0,30.0,0,0
75,12,30,8,24,Y6077552,,,,0,30.0,0,0
75,12,30,8,25,Y6077553,,,,0,30.0,0,0
75,12,30,8,26,Y6077554,,,,0,30.0,0,0
75,12,30,8,27,Y6077555,,,,0,30.0,0,0
75,12,30,8,28,Y6077556,,,,0,30.0,0,0
75,12,30,8,29,Y6077557,,,,0,30.0,0,0
75,12,30,8,30,Y6077558,,,,0,30.0,0,0
75,12,30,9,10,Y6077559,,,,0,30.0,0,0
75,12,30,9,11,Y6077560,,,,0,30.0,0,0
75,12,30,9,12,Y6077561,,,,0,30.0,0,0
75,12,30,9,13,Y6077562,,,,0,30.0,0,0
75,12,30,9,14,Y6077563,,,,0,30.0,0,0
75,12,30,9,15,Y6077564,,,,0,30.0,0,0
75,12,30,9,16,Y6077565,,,,0,30.0,0,0
75,12,30,9,17,Y6077566,,,,0,30.0,0,0
75,12,30,9,18,Y6077567,,,,0,30.0,0,0
75,12,30,9,19,Y6077568,,,,0,30.0,0,0
75,12,30,9,20,Y6077569,,,,0,30.0,0,0
75,12,30,9,21,Y6077570,,,,0,30.0,0,0
75,12,30,9,22,Y6077571,,,,0,30.0,0,0
75,12,30,9,23,Y6077572,,,,0,30.0,0,0
75,12,30,9,24,Y6077573,,,,0,30.0,0,0
75,12,30,9,25,Y6077574,,,,0,30.0,0,0
75,12,30,9,26,Y6077575,,,,0,30.0,0,0
75,12,30,9,27,Y6077576,,,,0,30.0,0,0
75,12,30,9,28,Y6077577,,,,0,30.0,0,0
75,12,30,9,29,Y6077578,,,,0,30.0,0,0
75,12,30,9,30,Y6077579,,,,0,30.0,0,0
75,12,30,10,10,Y6077580,,,,0,30.0,0,0
75,12,30,10,11,Y6077581,,,,0,30.0,0,0
75,12,30,10,12,Y6077582,,,,0,30.0,0,0
75,12,30,10,13,Y6077583,,,,0,30.0,0,0
75,12,30,10,14,Y6077584,,,,0,30.0,0,0
75,12,30,10,15,Y6077585,,,,0,30.0,0,0
75,12,30,10,16,Y6077586,,,,0,30.0,0,0
75,12,30,10,17,Y6077587,,,,0,30.0,0,0
75,12,30,10,18,Y6077588,,,,0,30.0,0,0
75,12,30,10,19,Y6077589,,,,0,30.0,0,0
75,12,30,10,20,Y6077590,,,,0,30.0,0,0
75,12,30,10,21,Y6077591,,,,0,30.0,0,0
75,12,30,10,22,Y6077592,,,,0,30.0,0,0
75,12,30,10,23,Y6077593,,,,0,30.0,0,0
75,12,30,10,24,Y6077594,,,,0,30.0,0,0
75,12,30,10,25,Y6077595,,,,0,30.0,0,0
75,12,30,10,26,Y6077596,,,,0,30.0,0,0
75,12,30,10,27,Y6077597,,,,0,30.0,0,0
75,12,30,10,28,Y6077598,,,,0,30.0,0,0
75,12,30,10,29,Y6077599,,,,0,30.0,0,0
75,12,30,10,30,Y6077600,,,,0,30.0,0,0
75,12,30,11,10,Y6077601,,,,0,30.0,0,0
75,12,30,11,11,Y6077602,,,,0,30.0,0,0
75,12,30,11,12,Y6077603,,,,0,30.0,0,0
75,12,30,11,13,Y6077604,,,,0,30.0,0,0
75,12,30,11,14,Y6077605,,,,0,30.0,0,0
75,12,30,11,15,Y6077606,,,,0,30.0,0,0
75,12,30,11,16,Y6077607,,,,0,30.0,0,0
75,12,30,11,17,Y6077608,,,,0,30.0,0,0
75,12,30,11,18,Y6077609,,,,0,30.0,0,0
75,12,30,11,19,Y6077610,,,,0,30.0,0,0
75,12,30,11,20,Y6077611,,,,0,30.0,0,0
75,12,30,11,21,Y6077612,,,,0,30.0,0,0
75,12,30,11,22,Y6077613,,,,0,30.0,0,0
75,12,30,11,23,Y6077614,,,,0,30.0,0,0
75,12,30,11,24,Y6077615,,,,0,30.0,0,0
75,12,30,11,25,Y6077616,,,,0,30.0,0,0
75,12,30,11,26,Y6077617,,,,0,30.0,0,0
75,12,30,11,27,Y6077618,,,,0,30.0,0,0
75,12,30,11,28,Y6077619,,,,0,30.0,0,0
75,12,30,11,29,Y6077620,,,,0,30.0,0,0
75,12,30,11,30,Y6077621,,,,0,30.0,0,0
75,12,30,12,10,Y6077622,,,,0,30.0,0,0
75,12,30,12,11,Y6077623,,,,0,30.0,0,0
75,12,30,12,12,Y6077624,,,,0,30.0,0,0
75,12,30,12,13,Y6077625,,,,0,30.0,0,0
75,12,30,12,14,Y6077626,,,,0,30.0,0,0
75,12,30,12,15,Y6077627,,,,0,30.0,0,0
75,12,30,12,16,Y6077628,,,,0,30.0,0,0
75,12,30,12,17,Y6077629,,,,0,30.0,0,0
75,12,30,12,18,Y6077630,,,,0,30.0,0,0
75,12,30,12,19,Y6077631,,,,0,30.0,0,0
75,12,30,12,20,Y6077632,,,,0,30.0,0,0
75,12,30,12,21,Y6077633,,,,0,30.0,0,0
75,12,30,12,22,Y6077634,,,,0,30.0,0,0
75,12,30,12,23,Y6077635,,,,0,30.0,0,0
75,12,30,12,24,Y6077636,,,,0,30.0,0,0
75,12,30,12,25,Y6077637,,,,0,30.0,0,0
75,12,30,12,26,Y6077638,,,,0,30.0,0,0
75,12,30,12,27,Y6077639,,,,0,30.0,0,0
75,12,30,12,28,Y6077640,,,,0,30.0,0,0
75,12,30,12,29,Y6077641,,,,0,30.0,0,0
75,12,30,12,30,Y6077642,,,,0,30.0,0,0
75,13,0,1,10,Y6077643,,,,0,30.0,0,0
75,13,0,1,11,Y6077644,,,,0,30.0,0,0
75,13,0,1,12,Y6077645,,,,0,30.0,0,0
75,13,0,1,13,Y6077646,,,,0,30.0,0,0
75,13,0,1,14,Y6077647,,,,0,30.0,0,0
75,13,0,1,15,Y6077648,,,,0,30.0,0,0
75,13,0,1,16,Y6077649,,,,0,30.0,0,0
75,13,0,1,17,Y6077650,,,,0,30.0,0,0
75,13,0,1,18,Y6077651,,,,0,30.0,0,0
75,13,0,1,19,Y6077652,,,,0,30.0,0,0
75,13,0,1,20,Y6077653,,,,0,30.0,0,0
75,13,0,1,21,Y6077654,,,,0,30.0,0,0
75,13,0,1,22,Y6077655,,,,0,30.0,0,0
75,13,0,1,23,Y6077656,,,,0,30.0,0,0
75,13,0,1,24,Y6077657,,,,0,30.0,0,0
75,13,0,1,25,Y6077658,,,,0,30.0,0,0
75,13,0,1,26,Y6077659,,,,0,30.0,0,0
75,13,0,1,27,Y6077660,,,,0,30.0,0,0
75,13,0,1,28,Y6077661,,,,0,30.0,0,2
75,13,0,1,29,Y6077662,,,,0,30.0,0,2
75,13,0,1,30,Y6077663,,,,0,30.0,0,2
75,13,0,2,10,Y6077664,,,,0,30.0,0,0
75,13,0,2,11,Y6077665,,,,0,30.0,0,0
75,13,0,2,12,Y6077666,,,,0,30.0,0,0
75,13,0,2,13,Y6077667,,,,0,30.0,0,0
75,13,0,2,14,Y6077668,,,,0,30.0,0,0
75,13,0,2,15,Y6077669,,,,0,30.0,0,0
75,13,0,2,16,Y6077670,,,,0,30.0,0,0
75,13,0,2,17,Y6077671,,,,0,30.0,0,0
75,13,0,2,18,Y6077672,,,,0,30.0,0,0
75,13,0,2,19,Y6077673,,,,0,30.0,0,0
75,13,0,2,20,Y6077674,,,,0,30.0,0,0
75,13,0,2,21,Y6077675,,,,0,30.0,0,0
75,13,0,2,22,Y6077676,,,,0,30.0,0,0
75,13,0,2,23,Y6077677,,,,0,30.0,0,0
75,13,0,2,24,Y6077678,,,,0,30.0,0,0
75,13,0,2,25,Y6077679,,,,0,30.0,0,0
75,13,0,2,26,Y6077680,,,,0,30.0,0,0
75,13,0,2,27,Y6077681,,,,0,30.0,0,0
75,13,0,2,28,Y6077682,,,,0,30.0,0,2
75,13,0,2,29,Y6077683,,,,0,30.0,0,2
75,13,0,2,30,Y6077684,,,,0,30.0,0,2
75,13,0,3,10,Y6077685,,,,0,30.0,0,0
75,13,0,3,11,Y6077686,,,,0,30.0,0,0
75,13,0,3,12,Y6077687,,,,0,30.0,0,0
75,13,0,3,13,Y6077688,,,,0,30.0,0,0
75,13,0,3,14,Y6077689,,,,0,30.0,0,0
75,13,0,3,15,Y6077690,,,,0,30.0,0,0
75,13,0,3,16,Y6077691,,,,0,30.0,0,0
75,13,0,3,17,Y6077692,,,,0,30.0,0,0
75,13,0,3,18,Y6077693,,,,0,30.0,0,0
75,13,0,3,19,Y6077694,,,,0,30.0,0,0
75,13,0,3,20,Y6077695,,,,0,30.0,0,0
75,13,0,3,21,Y6077696,,,,0,30.0,0,0
75,13,0,3,22,Y6077697,,,,0,30.0,0,0
75,13,0,3,23,Y6077698,,,,0,30.0,0,0
75,13,0,3,24,Y6077699,,,,0,30.0,0,0
75,13,0,3,25,Y6077700,,,,0,30.0,0,0
75,13,0,3,26,Y6077701,,,,0,30.0,0,0
75,13,0,3,27,Y6077702,,,,0,30.0,0,0
75,13,0,3,28,Y6077703,,,,0,30.0,0,0
75,13,0,3,29,Y6077704,,,,0,30.0,0,2
75,13,0,3,30,Y6077705,,,,0,30.0,0,2
75,13,0,4,10,Y6077706,,,,0,30.0,0,0
75,13,0,4,11,Y6077707,,,,0,30.0,0,0
75,13,0,4,12,Y6077708,,,,0,30.0,0,0
75,13,0,4,13,Y6077709,,,,0,30.0,0,0
75,13,0,4,14,Y6077710,,,,0,30.0,0,0
75,13,0,4,15,Y6077711,,,,0,30.0,0,0
75,13,0,4,16,Y6077712,,,,0,30.0,0,0
75,13,0,4,17,Y6077713,,,,0,30.0,0,0
75,13,0,4,18,Y6077714,,,,0,30.0,0,0
75,13,0,4,19,Y6077715,,,,0,30.0,0,0
75,13,0,4,20,Y6077716,,,,0,30.0,0,0
75,13,0,4,21,Y6077717,,,,0,30.0,0,0
75,13,0,4,22,Y6077718,,,,0,30.0,0,0
75,13,0,4,23,Y6077719,,,,0,30.0,0,0
75,13,0,4,24,Y6077720,,,,0,30.0,0,0
75,13,0,4,25,Y6077721,,,,0,30.0,0,0
75,13,0,4,26,Y6077722,,,,0,30.0,0,0
75,13,0,4,27,Y6077723,,,,0,30.0,0,0
75,13,0,4,28,Y6077724,,,,0,30.0,0,0
75,13,0,4,29,Y6077725,,,,0,30.0,0,0
75,13,0,4,30,Y6077726,,,,0,30.0,0,0
75,13,0,5,10,Y6077727,,,,0,30.0,0,0
75,13,0,5,11,Y6077728,,,,0,30.0,0,0
75,13,0,5,12,Y6077729,,,,0,30.0,0,0
75,13,0,5,13,Y6077730,,,,0,30.0,0,0
75,13,0,5,14,Y6077731,,,,0,30.0,0,0
75,13,0,5,15,Y6077732,,,,0,30.0,0,0
75,13,0,5,16,Y6077733,,,,0,30.0,0,0
75,13,0,5,17,Y6077734,,,,0,30.0,0,0
75,13,0,5,18,Y6077735,,,,0,30.0,0,0
75,13,0,5,19,Y6077736,,,,0,30.0,0,0
75,13,0,5,20,Y6077737,,,,0,30.0,0,0
75,13,0,5,21,Y6077738,,,,0,30.0,0,0
75,13,0,5,22,Y6077739,,,,0,30.0,0,0
75,13,0,5,23,Y6077740,,,,0,30.0,0,0
75,13,0,5,24,Y6077741,,,,0,30.0,0,0
75,13,0,5,25,Y6077742,,,,0,30.0,0,0
75,13,0,5,26,Y6077743,,,,0,30.0,0,0
75,13,0,5,27,Y6077744,,,,0,30.0,0,0
75,13,0,5,28,Y6077745,,,,0,30.0,0,0
75,13,0,5,29,Y6077746,,,,0,30.0,0,0
75,13,0,5,30,Y6077747,,,,0,30.0,0,0
75,13,0,6,10,Y6077748,,,,0,30.0,0,0
75,13,0,6,11,Y6077749,,,,0,30.0,0,0
75,13,0,6,12,Y6077750,,,,0,30.0,0,0
75,13,0,6,13,Y6077751,,,,0,30.0,0,0
75,13,0,6,14,Y6077752,,,,0,30.0,0,0
75,13,0,6,15,Y6077753,,,,0,30.0,0,0
75,13,0,6,16,Y6077754,,,,0,30.0,0,0
75,13,0,6,17,Y6077755,,,,0,30.0,0,0
75,13,0,6,18,Y6077756,,,,0,30.0,0,0
75,13,0,6,19,Y6077757,,,,0,30.0,0,0
75,13,0,6,20,Y6077758,,,,0,30.0,0,0
75,13,0,6,21,Y6077759,,,,0,30.0,0,0
75,13,0,6,22,Y6077760,,,,0,30.0,0,0
75,13,0,6,23,Y6077761,,,,0,30.0,0,0
75,13,0,6,24,Y6077762,,,,0,30.0,0,0
75,13,0,6,25,Y6077763,,,,0,30.0,0,0
75,13,0,6,26,Y6077764,,,,0,30.0,0,0
75,13,0,6,27,Y6077765,,,,0,30.0,0,0
75,13,0,6,28,Y6077766,,,,0,30.0,0,0
75,13,0,6,29,Y6077767,,,,0,30.0,0,0
75,13,0,6,30,Y6077768,,,,0,30.0,0,0
75,13,0,7,10,Y6077769,,,,0,30.0,0,0
75,13,0,7,11,Y6077770,,,,0,30.0,0,0
75,13,0,7,12,Y6077771,,,,0,30.0,0,0
75,13,0,7,13,Y6077772,,,,0,30.0,0,0
75,13,0,7,14,Y6077773,,,,0,30.0,0,0
75,13,0,7,15,Y6077774,,,,0,30.0,0,0
75,13,0,7,16,Y6077775,,,,0,30.0,0,0
75,13,0,7,17,Y6077776,,,,0,30.0,0,0
75,13,0,7,18,Y6077777,,,,0,30.0,0,0
75,13,0,7,19,Y6077778,,,,0,30.0,0,0
75,13,0,7,20,Y6077779,,,,0,30.0,0,0
75,13,0,7,21,Y6077780,,,,0,30.0,0,0
75,13,0,7,22,Y6077781,,,,0,30.0,0,0
75,13,0,7,23,Y6077782,,,,0,30.0,0,0
75,13,0,7,24,Y6077783,,,,0,30.0,0,0
75,13,0,7,25,Y6077784,,,,0,30.0,0,0
75,13,0,7,26,Y6077785,,,,0,30.0,0,0
75,13,0,7,27,Y6077786,,,,0,30.0,0,0
75,13,0,7,28,Y6077787,,,,0,30.0,0,0
75,13,0,7,29,Y6077788,,,,0,30.0,0,0
75,13,0,7,30,Y6077789,,,,0,30.0,0,0
75,13,0,8,10,Y6077790,,,,0,30.0,0,0
75,13,0,8,11,Y6077791,,,,0,30.0,0,0
75,13,0,8,12,Y6077792,,,,0,30.0,0,0
75,13,0,8,13,Y6077793,,,,0,30.0,0,0
75,13,0,8,14,Y6077794,,,,0,30.0,0,0
75,13,0,8,15,Y6077795,,,,0,30.0,0,0
75,13,0,8,16,Y6077796,,,,0,30.0,0,0
75,13,0,8,17,Y6077797,,,,0,30.0,0,0
75,13,0,8,18,Y6077798,,,,0,30.0,0,0
75,13,0,8,19,Y6077799,,,,0,30.0,0,0
75,13,0,8,20,Y6077800,,,,0,30.0,0,0
75,13,0,8,21,Y6077801,,,,0,30.0,0,0
75,13,0,8,22,Y6077802,,,,0,30.0,0,0
75,13,0,8,23,Y6077803,,,,0,30.0,0,0
75,13,0,8,24,Y6077804,,,,0,30.0,0,0
75,13,0,8,25,Y6077805,,,,0,30.0,0,0
75,13,0,8,26,Y6077806,,,,0,30.0,0,0
75,13,0,8,27,Y6077807,,,,0,30.0,0,0
75,13,0,8,28,Y6077808,,,,0,30.0,0,0
75,13,0,8,29,Y6077809,,,,0,30.0,0,0
75,13,0,8,30,Y6077810,,,,0,30.0,0,0
75,13,0,9,10,Y6077811,,,,0,30.0,0,0
75,13,0,9,11,Y6077812,,,,0,30.0,0,0
75,13,0,9,12,Y6077813,,,,0,30.0,0,0
75,13,0,9,13,Y6077814,,,,0,30.0,0,0
75,13,0,9,14,Y6077815,,,,0,30.0,0,0
75,13,0,9,15,Y6077816,,,,0,30.0,0,0
75,13,0,9,16,Y6077817,,,,0,30.0,0,0
75,13,0,9,17,Y6077818,,,,0,30.0,0,0
75,13,0,9,18,Y6077819,,,,0,30.0,0,0
75,13,0,9,19,Y6077820,,,,0,30.0,0,0
75,13,0,9,20,Y6077821,,,,0,30.0,0,0
75,13,0,9,21,Y6077822,,,,0,30.0,0,0
75,13,0,9,22,Y6077823,,,,0,30.0,0,0
75,13,0,9,23,Y6077824,,,,0,30.0,0,0
75,13,0,9,24,Y6077825,,,,0,30.0,0,0
75,13,0,9,25,Y6077826,,,,0,30.0,0,0
75,13,0,9,26,Y6077827,,,,0,30.0,0,0
75,13,0,9,27,Y6077828,,,,0,30.0,0,0
75,13,0,9,28,Y6077829,,,,0,30.0,0,0
75,13,0,9,29,Y6077830,,,,0,30.0,0,0
75,13,0,9,30,Y6077831,,,,0,30.0,0,0
75,13,0,10,10,Y6077832,,,,0,30.0,0,0
75,13,0,10,11,Y6077833,,,,0,30.0,0,0
75,13,0,10,12,Y6077834,,,,0,30.0,0,0
75,13,0,10,13,Y6077835,,,,0,30.0,0,0
75,13,0,10,14,Y6077836,,,,0,30.0,0,0
75,13,0,10,15,Y6077837,,,,0,30.0,0,0
75,13,0,10,16,Y6077838,,,,0,30.0,0,0
75,13,0,10,17,Y6077839,,,,0,30.0,0,0
75,13,0,10,18,Y6077840,,,,0,30.0,0,0
75,13,0,10,19,Y6077841,,,,0,30.0,0,0
75,13,0,10,20,Y6077842,,,,0,30.0,0,0
75,13,0,10,21,Y6077843,,,,0,30.0,0,0
75,13,0,10,22,Y6077844,,,,0,30.0,0,0
75,13,0,10,23,Y6077845,,,,0,30.0,0,0
75,13,0,10,24,Y6077846,,,,0,30.0,0,0
75,13,0,10,25,Y6077847,,,,0,30.0,0,0
75,13,0,10,26,Y6077848,,,,0,30.0,0,0
75,13,0,10,27,Y6077849,,,,0,30.0,0,0
75,13,0,10,28,Y6077850,,,,0,30.0,0,0
75,13,0,10,29,Y6077851,,,,0,30.0,0,0
75,13,0,10,30,Y6077852,,,,0,30.0,0,0
75,13,0,11,10,Y6077853,,,,0,30.0,0,0
75,13,0,11,11,Y6077854,,,,0,30.0,0,0
75,13,0,11,12,Y6077855,,,,0,30.0,0,0
75,13,0,11,13,Y6077856,,,,0,30.0,0,0
75,13,0,11,14,Y6077857,,,,0,30.0,0,0
75,13,0,11,15,Y6077858,,,,0,30.0,0,0
75,13,0,11,16,Y6077859,,,,0,30.0,0,0
75,13,0,11,17,Y6077860,,,,0,30.0,0,0
75,13,0,11,18,Y6077861,,,,0,30.0,0,0
75,13,0,11,19,Y6077862,,,,0,30.0,0,0
75,13,0,11,20,Y6077863,,,,0,30.0,0,0
75,13,0,11,21,Y6077864,,,,0,30.0,0,0
75,13,0,11,22,Y6077865,,,,0,30.0,0,0
75,13,0,11,23,Y6077866,,,,0,30.0,0,0
75,13,0,11,24,Y6077867,,,,0,30.0,0,0
75,13,0,11,25,Y6077868,,,,0,30.0,0,0
75,13,0,11,26,Y6077869,,,,0,30.0,0,0
75,13,0,11,27,Y6077870,,,,0,30.0,0,0
75,13,0,11,28,Y6077871,,,,0,30.0,0,0
75,13,0,11,29,Y6077872,,,,0,30.0,0,0
75,13,0,11,30,Y6077873,,,,0,30.0,0,0
75,13,0,12,10,Y6077874,,,,0,30.0,0,0
75,13,0,12,11,Y6077875,,,,0,30.0,0,0
75,13,0,12,12,Y6077876,,,,0,30.0,0,0
75,13,0,12,13,Y6077877,,,,0,30.0,0,0
75,13,0,12,14,Y6077878,,,,0,30.0,0,0
75,13,0,12,15,Y6077879,,,,0,30.0,0,0
75,13,0,12,16,Y6077880,,,,0,30.0,0,0
75,13,0,12,17,Y6077881,,,,0,30.0,0,0
75,13,0,12,18,Y6077882,,,,0,30.0,0,0
75,13,0,12,19,Y6077883,,,,0,30.0,0,0
75,13,0,12,20,Y6077884,,,,0,30.0,0,0
75,13,0,12,21,Y6077885,,,,0,30.0,0,0
75,13,0,12,22,Y6077886,,,,0,30.0,0,0
75,13,0,12,23,Y6077887,,,,0,30.0,0,0
75,13,0,12,24,Y6077888,,,,0,30.0,0,0
75,13,0,12,25,Y6077889,,,,0,30.0,0,0
75,13,0,12,26,Y6077890,,,,0,30.0,0,0
75,13,0,12,27,Y6077891,,,,0,30.0,0,0
75,13,0,12,28,Y6077892,,,,0,30.0,0,0
75,13,0,12,29,Y6077893,,,,0,30.0,0,0
75,13,0,12,30,Y6077894,,,,0,30.0,0,0
75,13,1,1,10,Y6077895,,,,0,30.0,0,0
75,13,1,1,11,Y6077896,,,,0,30.0,0,0
75,13,1,1,12,Y6077897,,,,0,30.0,0,0
75,13,1,1,13,Y6077898,,,,0,30.0,0,0
75,13,1,1,14,Y6077899,,,,0,30.0,0,0
75,13,1,1,15,Y6077900,,,,0,30.0,0,0
75,13,1,1,16,Y6077901,,,,0,30.0,0,0
75,13,1,1,17,Y6077902,,,,0,30.0,0,0
75,13,1,1,18,Y6077903,,,,0,30.0,0,0
75,13,1,1,19,Y6077904,,,,0,30.0,0,0
75,13,1,1,20,Y6077905,,,,0,30.0,0,0
75,13,1,1,21,Y6077906,,,,0,30.0,0,0
75,13,1,1,22,Y6077907,,,,0,30.0,0,0
75,13,1,1,23,Y6077908,,,,0,30.0,0,0
75,13,1,1,24,Y6077909,,,,0,30.0,0,0
75,13,1,1,25,Y6077910,,,,0,30.0,0,0
75,13,1,1,26,Y6077911,,,,0,30.0,0,0
75,13,1,1,27,Y6077912,,,,0,30.0,0,0
75,13,1,1,28,Y6077913,,,,0,30.0,0,2
75,13,1,1,29,Y6077914,,,,0,30.0,0,2
75,13,1,1,30,Y6077915,,,,0,30.0,0,2
75,13,1,2,10,Y6077916,,,,0,30.0,0,0
75,13,1,2,11,Y6077917,,,,0,30.0,0,0
75,13,1,2,12,Y6077918,,,,0,30.0,0,0
75,13,1,2,13,Y6077919,,,,0,30.0,0,0
75,13,1,2,14,Y6077920,,,,0,30.0,0,0
75,13,1,2,15,Y6077921,,,,0,30.0,0,0
75,13,1,2,16,Y6077922,,,,0,30.0,0,0
75,13,1,2,17,Y6077923,,,,0,30.0,0,0
75,13,1,2,18,Y6077924,,,,0,30.0,0,0
75,13,1,2,19,Y6077925,,,,0,30.0,0,0
75,13,1,2,20,Y6077926,,,,0,30.0,0,0
75,13,1,2,21,Y6077927,,,,0,30.0,0,0
75,13,1,2,22,Y6077928,,,,0,30.0,0,0
75,13,1,2,23,Y6077929,,,,0,30.0,0,0
75,13,1,2,24,Y6077930,,,,0,30.0,0,0
75,13,1,2,25,Y6077931,,,,0,30.0,0,0
75,13,1,2,26,Y6077932,,,,0,30.0,0,0
75,13,1,2,27,Y6077933,,,,0,30.0,0,0
75,13,1,2,28,Y6077934,,,,0,30.0,0,2
75,13,1,2,29,Y6077935,,,,0,30.0,0,2
75,13,1,2,30,Y6077936,,,,0,30.0,0,2
75,13,1,3,10,Y6077937,,,,0,30.0,0,0
75,13,1,3,11,Y6077938,,,,0,30.0,0,0
75,13,1,3,12,Y6077939,,,,0,30.0,0,0
75,13,1,3,13,Y6077940,,,,0,30.0,0,0
75,13,1,3,14,Y6077941,,,,0,30.0,0,0
75,13,1,3,15,Y6077942,,,,0,30.0,0,0
75,13,1,3,16,Y6077943,,,,0,30.0,0,0
75,13,1,3,17,Y6077944,,,,0,30.0,0,0
75,13,1,3,18,Y6077945,,,,0,30.0,0,0
75,13,1,3,19,Y6077946,,,,0,30.0,0,0
75,13,1,3,20,Y6077947,,,,0,30.0,0,0
75,13,1,3,21,Y6077948,,,,0,30.0,0,0
75,13,1,3,22,Y6077949,,,,0,30.0,0,0
75,13,1,3,23,Y6077950,,,,0,30.0,0,0
75,13,1,3,24,Y6077951,,,,0,30.0,0,0
75,13,1,3,25,Y6077952,,,,0,30.0,0,0
75,13,1,3,26,Y6077953,,,,0,30.0,0,0
75,13,1,3,27,Y6077954,,,,0,30.0,0,0
75,13,1,3,28,Y6077955,,,,0,30.0,0,0
75,13,1,3,29,Y6077956,,,,0,30.0,0,2
75,13,1,3,30,Y6077957,,,,0,30.0,0,2
75,13,1,4,10,Y6077958,,,,0,30.0,0,0
75,13,1,4,11,Y6077959,,,,0,30.0,0,0
75,13,1,4,12,Y6077960,,,,0,30.0,0,0
75,13,1,4,13,Y6077961,,,,0,30.0,0,0
75,13,1,4,14,Y6077962,,,,0,30.0,0,0
75,13,1,4,15,Y6077963,,,,0,30.0,0,0
75,13,1,4,16,Y6077964,,,,0,30.0,0,0
75,13,1,4,17,Y6077965,,,,0,30.0,0,0
75,13,1,4,18,Y6077966,,,,0,30.0,0,0
75,13,1,4,19,Y6077967,,,,0,30.0,0,0
75,13,1,4,20,Y6077968,,,,0,30.0,0,0
75,13,1,4,21,Y6077969,,,,0,30.0,0,0
75,13,1,4,22,Y6077970,,,,0,30.0,0,0
75,13,1,4,23,Y6077971,,,,0,30.0,0,0
75,13,1,4,24,Y6077972,,,,0,30.0,0,0
75,13,1,4,25,Y6077973,,,,0,30.0,0,0
75,13,1,4,26,Y6077974,,,,0,30.0,0,0
75,13,1,4,27,Y6077975,,,,0,30.0,0,0
75,13,1,4,28,Y6077976,,,,0,30.0,0,0
75,13,1,4,29,Y6077977,,,,0,30.0,0,0
75,13,1,4,30,Y6077978,,,,0,30.0,0,0
75,13,1,5,10,Y6077979,,,,0,30.0,0,0
75,13,1,5,11,Y6077980,,,,0,30.0,0,0
75,13,1,5,12,Y6077981,,,,0,30.0,0,0
75,13,1,5,13,Y6077982,,,,0,30.0,0,0
75,13,1,5,14,Y6077983,,,,0,30.0,0,0
75,13,1,5,15,Y6077984,,,,0,30.0,0,0
75,13,1,5,16,Y6077985,,,,0,30.0,0,0
75,13,1,5,17,Y6077986,,,,0,30.0,0,0
75,13,1,5,18,Y6077987,,,,0,30.0,0,0
75,13,1,5,19,Y6077988,,,,0,30.0,0,0
75,13,1,5,20,Y6077989,,,,0,30.0,0,0
75,13,1,5,21,Y6077990,,,,0,30.0,0,0
75,13,1,5,22,Y6077991,,,,0,30.0,0,0
75,13,1,5,23,Y6077992,,,,0,30.0,0,0
75,13,1,5,24,Y6077993,,,,0,30.0,0,0
75,13,1,5,25,Y6077994,,,,0,30.0,0,0
75,13,1,5,26,Y6077995,,,,0,30.0,0,0
75,13,1,5,27,Y6077996,,,,0,30.0,0,0
75,13,1,5,28,Y6077997,,,,0,30.0,0,0
75,13,1,5,29,Y6077998,,,,0,30.0,0,0
75,13,1,5,30,Y6077999,,,,0,30.0,0,0
75,13,1,6,10,Y6078000,,,,0,30.0,0,0
75,13,1,6,11,Y6078001,,,,0,30.0,0,0
75,13,1,6,12,Y6078002,,,,0,30.0,0,0
75,13,1,6,13,Y6078003,,,,0,30.0,0,0
75,13,1,6,14,Y6078004,,,,0,30.0,0,0
75,13,1,6,15,Y6078005,,,,0,30.0,0,0
75,13,1,6,16,Y6078006,,,,0,30.0,0,0
75,13,1,6,17,Y6078007,,,,0,30.0,0,0
75,13,1,6,18,Y6078008,,,,0,30.0,0,0
75,13,1,6,19,Y6078009,,,,0,30.0,0,0
75,13,1,6,20,Y6078010,,,,0,30.0,0,0
75,13,1,6,21,Y6078011,,,,0,30.0,0,0
75,13,1,6,22,Y6078012,,,,0,30.0,0,0
75,13,1,6,23,Y6078013,,,,0,30.0,0,0
75,13,1,6,24,Y6078014,,,,0,30.0,0,0
75,13,1,6,25,Y6078015,,,,0,30.0,0,0
75,13,1,6,26,Y6078016,,,,0,30.0,0,0
75,13,1,6,27,Y6078017,,,,0,30.0,0,0
75,13,1,6,28,Y6078018,,,,0,30.0,0,0
75,13,1,6,29,Y6078019,,,,0,30.0,0,0
75,13,1,6,30,Y6078020,,,,0,30.0,0,0
75,13,1,7,10,Y6078021,,,,0,30.0,0,0
75,13,1,7,11,Y6078022,,,,0,30.0,0,0
75,13,1,7,12,Y6078023,,,,0,30.0,0,0
75,13,1,7,13,Y6078024,,,,0,30.0,0,0
75,13,1,7,14,Y6078025,,,,0,30.0,0,0
75,13,1,7,15,Y6078026,,,,0,30.0,0,0
75,13,1,7,16,Y6078027,,,,0,30.0,0,0
75,13,1,7,17,Y6078028,,,,0,30.0,0,0
75,13,1,7,18,Y6078029,,,,0,30.0,0,0
75,13,1,7,19,Y6078030,,,,0,30.0,0,0
75,13,1,7,20,Y6078031,,,,0,30.0,0,0
75,13,1,7,21,Y6078032,,,,0,30.0,0,0
75,13,1,7,22,Y6078033,,,,0,30.0,0,0
75,13,1,7,23,Y6078034,,,,0,30.0,0,0
75,13,1,7,24,Y6078035,,,,0,30.0,0,0
75,13,1,7,25,Y6078036,,,,0,30.0,0,0
75,13,1,7,26,Y6078037,,,,0,30.0,0,0
75,13,1,7,27,Y6078038,,,,0,30.0,0,0
75,13,1,7,28,Y6078039,,,,0,30.0,0,0
75,13,1,7,29,Y6078040,,,,0,30.0,0,0
75,13,1,7,30,Y6078041,,,,0,30.0,0,0
75,13,1,8,10,Y6078042,,,,0,30.0,0,0
75,13,1,8,11,Y6078043,,,,0,30.0,0,0
75,13,1,8,12,Y6078044,,,,0,30.0,0,0
75,13,1,8,13,Y6078045,,,,0,30.0,0,0
75,13,1,8,14,Y6078046,,,,0,30.0,0,0
75,13,1,8,15,Y6078047,,,,0,30.0,0,0
75,13,1,8,16,Y6078048,,,,0,30.0,0,0
75,13,1,8,17,Y6078049,,,,0,30.0,0,0
75,13,1,8,18,Y6078050,,,,0,30.0,0,0
75,13,1,8,19,Y6078051,,,,0,30.0,0,0
75,13,1,8,20,Y6078052,,,,0,30.0,0,0
75,13,1,8,21,Y6078053,,,,0,30.0,0,0
75,13,1,8,22,Y6078054,,,,0,30.0,0,0
75,13,1,8,23,Y6078055,,,,0,30.0,0,0
75,13,1,8,24,Y6078056,,,,0,30.0,0,0
75,13,1,8,25,Y6078057,,,,0,30.0,0,0
75,13,1,8,26,Y6078058,,,,0,30.0,0,0
75,13,1,8,27,Y6078059,,,,0,30.0,0,0
75,13,1,8,28,Y6078060,,,,0,30.0,0,0
75,13,1,8,29,Y6078061,,,,0,30.0,0,0
75,13,1,8,30,Y6078062,,,,0,30.0,0,0
75,13,1,9,10,Y6078063,,,,0,30.0,0,0
75,13,1,9,11,Y6078064,,,,0,30.0,0,0
75,13,1,9,12,Y6078065,,,,0,30.0,0,0
75,13,1,9,13,Y6078066,,,,0,30.0,0,0
75,13,1,9,14,Y6078067,,,,0,30.0,0,0
75,13,1,9,15,Y6078068,,,,0,30.0,0,0
75,13,1,9,16,Y6078069,,,,0,30.0,0,0
75,13,1,9,17,Y6078070,,,,0,30.0,0,0
75,13,1,9,18,Y6078071,,,,0,30.0,0,0
75,13,1,9,19,Y6078072,,,,0,30.0,0,0
75,13,1,9,20,Y6078073,,,,0,30.0,0,0
75,13,1,9,21,Y6078074,,,,0,30.0,0,0
75,13,1,9,22,Y6078075,,,,0,30.0,0,0
75,13,1,9,23,Y6078076,,,,0,30.0,0,0
75,13,1,9,24,Y6078077,,,,0,30.0,0,0
75,13,1,9,25,Y6078078,,,,0,30.0,0,0
75,13,1,9,26,Y6078079,,,,0,30.0,0,0
75,13,1,9,27,Y6078080,,,,0,30.0,0,0
75,13,1,9,28,Y6078081,,,,0,30.0,0,0
75,13,1,9,29,Y6078082,,,,0,30.0,0,0
75,13,1,9,30,Y6078083,,,,0,30.0,0,0
75,13,1,10,10,Y6078084,,,,0,30.0,0,0
75,13,1,10,11,Y6078085,,,,0,30.0,0,0
75,13,1,10,12,Y6078086,,,,0,30.0,0,0
75,13,1,10,13,Y6078087,,,,0,30.0,0,0
75,13,1,10,14,Y6078088,,,,0,30.0,0,0
75,13,1,10,15,Y6078089,,,,0,30.0,0,0
75,13,1,10,16,Y6078090,,,,0,30.0,0,0
75,13,1,10,17,Y6078091,,,,0,30.0,0,0
75,13,1,10,18,Y6078092,,,,0,30.0,0,0
75,13,1,10,19,Y6078093,,,,0,30.0,0,0
75,13,1,10,20,Y6078094,,,,0,30.0,0,0
75,13,1,10,21,Y6078095,,,,0,30.0,0,0
75,13,1,10,22,Y6078096,,,,0,30.0,0,0
75,13,1,10,23,Y6078097,,,,0,30.0,0,0
75,13,1,10,24,Y6078098,,,,0,30.0,0,0
75,13,1,10,25,Y6078099,,,,0,30.0,0,0
75,13,1,10,26,Y6078100,,,,0,30.0,0,0
75,13,1,10,27,Y6078101,,,,0,30.0,0,0
75,13,1,10,28,Y6078102,,,,0,30.0,0,0
75,13,1,10,29,Y6078103,,,,0,30.0,0,0
75,13,1,10,30,Y6078104,,,,0,30.0,0,0
75,13,1,11,10,Y6078105,,,,0,30.0,0,0
75,13,1,11,11,Y6078106,,,,0,30.0,0,0
75,13,1,11,12,Y6078107,,,,0,30.0,0,0
75,13,1,11,13,Y6078108,,,,0,30.0,0,0
75,13,1,11,14,Y6078109,,,,0,30.0,0,0
75,13,1,11,15,Y6078110,,,,0,30.0,0,0
75,13,1,11,16,Y6078111,,,,0,30.0,0,0
75,13,1,11,17,Y6078112,,,,0,30.0,0,0
75,13,1,11,18,Y6078113,,,,0,30.0,0,0
75,13,1,11,19,Y6078114,,,,0,30.0,0,0
75,13,1,11,20,Y6078115,,,,0,30.0,0,0
75,13,1,11,21,Y6078116,,,,0,30.0,0,0
75,13,1,11,22,Y6078117,,,,0,30.0,0,0
75,13,1,11,23,Y6078118,,,,0,30.0,0,0
75,13,1,11,24,Y6078119,,,,0,30.0,0,0
75,13,1,11,25,Y6078120,,,,0,30.0,0,0
75,13,1,11,26,Y6078121,,,,0,30.0,0,0
75,13,1,11,27,Y6078122,,,,0,30.0,0,0
75,13,1,11,28,Y6078123,,,,0,30.0,0,0
75,13,1,11,29,Y6078124,,,,0,30.0,0,0
75,13,1,11,30,Y6078125,,,,0,30.0,0,0
75,13,1,12,10,Y6078126,,,,0,30.0,0,0
75,13,1,12,11,Y6078127,,,,0,30.0,0,0
75,13,1,12,12,Y6078128,,,,0,30.0,0,0
75,13,1,12,13,Y6078129,,,,0,30.0,0,0
75,13,1,12,14,Y6078130,,,,0,30.0,0,0
75,13,1,12,15,Y6078131,,,,0,30.0,0,0
75,13,1,12,16,Y6078132,,,,0,30.0,0,0
75,13,1,12,17,Y6078133,,,,0,30.0,0,0
75,13,1,12,18,Y6078134,,,,0,30.0,0,0
75,13,1,12,19,Y6078135,,,,0,30.0,0,0
75,13,1,12,20,Y6078136,,,,0,30.0,0,0
75,13,1,12,21,Y6078137,,,,0,30.0,0,0
75,13,1,12,22,Y6078138,,,,0,30.0,0,0
75,13,1,12,23,Y6078139,,,,0,30.0,0,0
75,13,1,12,24,Y6078140,,,,0,30.0,0,0
75,13,1,12,25,Y6078141,,,,0,30.0,0,0
75,13,1,12,26,Y6078142,,,,0,30.0,0,0
75,13,1,12,27,Y6078143,,,,0,30.0,0,0
75,13,1,12,28,Y6078144,,,,0,30.0,0,0
75,13,1,12,29,Y6078145,,,,0,30.0,0,0
75,13,1,12,30,Y6078146,,,,0,30.0,0,0
75,13,2,1,10,Y6078147,,,,0,30.0,0,0
75,13,2,1,11,Y6078148,,,,0,30.0,0,0
75,13,2,1,12,Y6078149,,,,0,30.0,0,0
75,13,2,1,13,Y6078150,,,,0,30.0,0,0
75,13,2,1,14,Y6078151,,,,0,30.0,0,0
75,13,2,1,15,Y6078152,,,,0,30.0,0,0
75,13,2,1,16,Y6078153,,,,0,30.0,0,0
75,13,2,1,17,Y6078154,,,,0,30.0,0,0
75,13,2,1,18,Y6078155,,,,0,30.0,0,0
75,13,2,1,19,Y6078156,,,,0,30.0,0,0
75,13,2,1,20,Y6078157,,,,0,30.0,0,0
75,13,2,1,21,Y6078158,,,,0,30.0,0,0
75,13,2,1,22,Y6078159,,,,0,30.0,0,0
75,13,2,1,23,Y6078160,,,,0,30.0,0,0
75,13,2,1,24,Y6078161,,,,0,30.0,0,0
75,13,2,1,25,Y6078162,,,,0,30.0,0,0
75,13,2,1,26,Y6078163,,,,0,30.0,0,0
75,13,2,1,27,Y6078164,,,,0,30.0,0,0
75,13,2,1,28,Y6078165,,,,0,30.0,0,0
75,13,2,1,29,Y6078166,,,,0,30.0,0,2
75,13,2,1,30,Y6078167,,,,0,30.0,0,2
75,13,2,2,10,Y6078168,,,,0,30.0,0,0
75,13,2,2,11,Y6078169,,,,0,30.0,0,0
75,13,2,2,12,Y6078170,,,,0,30.0,0,0
75,13,2,2,13,Y6078171,,,,0,30.0,0,0
75,13,2,2,14,Y6078172,,,,0,30.0,0,0
75,13,2,2,15,Y6078173,,,,0,30.0,0,0
75,13,2,2,16,Y6078174,,,,0,30.0,0,0
75,13,2,2,17,Y6078175,,,,0,30.0,0,0
75,13,2,2,18,Y6078176,,,,0,30.0,0,0
75,13,2,2,19,Y6078177,,,,0,30.0,0,0
75,13,2,2,20,Y6078178,,,,0,30.0,0,0
75,13,2,2,21,Y6078179,,,,0,30.0,0,0
75,13,2,2,22,Y6078180,,,,0,30.0,0,0
75,13,2,2,23,Y6078181,,,,0,30.0,0,0
75,13,2,2,24,Y6078182,,,,0,30.0,0,0
75,13,2,2,25,Y6078183,,,,0,30.0,0,0
75,13,2,2,26,Y6078184,,,,0,30.0,0,0
75,13,2,2,27,Y6078185,,,,0,30.0,0,0
75,13,2,2,28,Y6078186,,,,0,30.0,0,0
75,13,2,2,29,Y6078187,,,,0,30.0,0,2
75,13,2,2,30,Y6078188,,,,0,30.0,0,2
75,13,2,3,10,Y6078189,,,,0,30.0,0,0
75,13,2,3,11,Y6078190,,,,0,30.0,0,0
75,13,2,3,12,Y6078191,,,,0,30.0,0,0
75,13,2,3,13,Y6078192,,,,0,30.0,0,0
75,13,2,3,14,Y6078193,,,,0,30.0,0,0
75,13,2,3,15,Y6078194,,,,0,30.0,0,0
75,13,2,3,16,Y6078195,,,,0,30.0,0,0
75,13,2,3,17,Y6078196,,,,0,30.0,0,0
75,13,2,3,18,Y6078197,,,,0,30.0,0,0
75,13,2,3,19,Y6078198,,,,0,30.0,0,0
75,13,2,3,20,Y6078199,,,,0,30.0,0,0
75,13,2,3,21,Y6078200,,,,0,30.0,0,0
75,13,2,3,22,Y6078201,,,,0,30.0,0,0
75,13,2,3,23,Y6078202,,,,0,30.0,0,0
75,13,2,3,24,Y6078203,,,,0,30.0,0,0
75,13,2,3,25,Y6078204,,,,0,30.0,0,0
75,13,2,3,26,Y6078205,,,,0,30.0,0,0
75,13,2,3,27,Y6078206,,,,0,30.0,0,0
75,13,2,3,28,Y6078207,,,,0,30.0,0,0
75,13,2,3,29,Y6078208,,,,0,30.0,0,0
75,13,2,3,30,Y6078209,,,,0,30.0,0,0
75,13,2,4,10,Y6078210,,,,0,30.0,0,0
75,13,2,4,11,Y6078211,,,,0,30.0,0,0
75,13,2,4,12,Y6078212,,,,0,30.0,0,0
75,13,2,4,13,Y6078213,,,,0,30.0,0,0
75,13,2,4,14,Y6078214,,,,0,30.0,0,0
75,13,2,4,15,Y6078215,,,,0,30.0,0,0
75,13,2,4,16,Y6078216,,,,0,30.0,0,0
75,13,2,4,17,Y6078217,,,,0,30.0,0,0
75,13,2,4,18,Y6078218,,,,0,30.0,0,0
75,13,2,4,19,Y6078219,,,,0,30.0,0,0
75,13,2,4,20,Y6078220,,,,0,30.0,0,0
75,13,2,4,21,Y6078221,,,,0,30.0,0,0
75,13,2,4,22,Y6078222,,,,0,30.0,0,0
75,13,2,4,23,Y6078223,,,,0,30.0,0,0
75,13,2,4,24,Y6078224,,,,0,30.0,0,0
75,13,2,4,25,Y6078225,,,,0,30.0,0,0
75,13,2,4,26,Y6078226,,,,0,30.0,0,0
75,13,2,4,27,Y6078227,,,,0,30.0,0,0
75,13,2,4,28,Y6078228,,,,0,30.0,0,0
75,13,2,4,29,Y6078229,,,,0,30.0,0,0
75,13,2,4,30,Y6078230,,,,0,30.0,0,0
75,13,2,5,10,Y6078231,,,,0,30.0,0,0
75,13,2,5,11,Y6078232,,,,0,30.0,0,0
75,13,2,5,12,Y6078233,,,,0,30.0,0,0
75,13,2,5,13,Y6078234,,,,0,30.0,0,0
75,13,2,5,14,Y6078235,,,,0,30.0,0,0
75,13,2,5,15,Y6078236,,,,0,30.0,0,0
75,13,2,5,16,Y6078237,,,,0,30.0,0,0
75,13,2,5,17,Y6078238,,,,0,30.0,0,0
75,13,2,5,18,Y6078239,,,,0,30.0,0,0
75,13,2,5,19,Y6078240,,,,0,30.0,0,0
75,13,2,5,20,Y6078241,,,,0,30.0,0,0
75,13,2,5,21,Y6078242,,,,0,30.0,0,0
75,13,2,5,22,Y6078243,,,,0,30.0,0,0
75,13,2,5,23,Y6078244,,,,0,30.0,0,0
75,13,2,5,24,Y6078245,,,,0,30.0,0,0
75,13,2,5,25,Y6078246,,,,0,30.0,0,0
75,13,2,5,26,Y6078247,,,,0,30.0,0,0
75,13,2,5,27,Y6078248,,,,0,30.0,0,0
75,13,2,5,28,Y6078249,,,,0,30.0,0,0
75,13,2,5,29,Y6078250,,,,0,30.0,0,0
75,13,2,5,30,Y6078251,,,,0,30.0,0,0
75,13,2,6,10,Y6078252,,,,0,30.0,0,0
75,13,2,6,11,Y6078253,,,,0,30.0,0,0
75,13,2,6,12,Y6078254,,,,0,30.0,0,0
75,13,2,6,13,Y6078255,,,,0,30.0,0,0
75,13,2,6,14,Y6078256,,,,0,30.0,0,0
75,13,2,6,15,Y6078257,,,,0,30.0,0,0
75,13,2,6,16,Y6078258,,,,0,30.0,0,0
75,13,2,6,17,Y6078259,,,,0,30.0,0,0
75,13,2,6,18,Y6078260,,,,0,30.0,0,0
75,13,2,6,19,Y6078261,,,,0,30.0,0,0
75,13,2,6,20,Y6078262,,,,0,30.0,0,0
75,13,2,6,21,Y6078263,,,,0,30.0,0,0
75,13,2,6,22,Y6078264,,,,0,30.0,0,0
75,13,2,6,23,Y6078265,,,,0,30.0,0,0
75,13,2,6,24,Y6078266,,,,0,30.0,0,0
75,13,2,6,25,Y6078267,,,,0,30.0,0,0
75,13,2,6,26,Y6078268,,,,0,30.0,0,0
75,13,2,6,27,Y6078269,,,,0,30.0,0,0
75,13,2,6,28,Y6078270,,,,0,30.0,0,0
75,13,2,6,29,Y6078271,,,,0,30.0,0,0
75,13,2,6,30,Y6078272,,,,0,30.0,0,0
75,13,2,7,10,Y6078273,,,,0,30.0,0,0
75,13,2,7,11,Y6078274,,,,0,30.0,0,0
75,13,2,7,12,Y6078275,,,,0,30.0,0,0
75,13,2,7,13,Y6078276,,,,0,30.0,0,0
75,13,2,7,14,Y6078277,,,,0,30.0,0,0
75,13,2,7,15,Y6078278,,,,0,30.0,0,0
75,13,2,7,16,Y6078279,,,,0,30.0,0,0
75,13,2,7,17,Y6078280,,,,0,30.0,0,0
75,13,2,7,18,Y6078281,,,,0,30.0,0,0
75,13,2,7,19,Y6078282,,,,0,30.0,0,0
75,13,2,7,20,Y6078283,,,,0,30.0,0,0
75,13,2,7,21,Y6078284,,,,0,30.0,0,0
75,13,2,7,22,Y6078285,,,,0,30.0,0,0
75,13,2,7,23,Y6078286,,,,0,30.0,0,0
75,13,2,7,24,Y6078287,,,,0,30.0,0,0
75,13,2,7,25,Y6078288,,,,0,30.0,0,0
75,13,2,7,26,Y6078289,,,,0,30.0,0,0
75,13,2,7,27,Y6078290,,,,0,30.0,0,0
75,13,2,7,28,Y6078291,,,,0,30.0,0,0
75,13,2,7,29,Y6078292,,,,0,30.0,0,0
75,13,2,7,30,Y6078293,,,,0,30.0,0,0
75,13,2,8,10,Y6078294,,,,0,30.0,0,0
75,13,2,8,11,Y6078295,,,,0,30.0,0,0
75,13,2,8,12,Y6078296,,,,0,30.0,0,0
75,13,2,8,13,Y6078297,,,,0,30.0,0,0
75,13,2,8,14,Y6078298,,,,0,30.0,0,0
75,13,2,8,15,Y6078299,,,,0,30.0,0,0
75,13,2,8,16,Y6078300,,,,0,30.0,0,0
75,13,2,8,17,Y6078301,,,,0,30.0,0,0
75,13,2,8,18,Y6078302,,,,0,30.0,0,0
75,13,2,8,19,Y6078303,,,,0,30.0,0,0
75,13,2,8,20,Y6078304,,,,0,30.0,0,0
75,13,2,8,21,Y6078305,,,,0,30.0,0,0
75,13,2,8,22,Y6078306,,,,0,30.0,0,0
75,13,2,8,23,Y6078307,,,,0,30.0,0,0
75,13,2,8,24,Y6078308,,,,0,30.0,0,0
75,13,2,8,25,Y6078309,,,,0,30.0,0,0
75,13,2,8,26,Y6078310,,,,0,30.0,0,0
75,13,2,8,27,Y6078311,,,,0,30.0,0,0
75,13,2,8,28,Y6078312,,,,0,30.0,0,0
75,13,2,8,29,Y6078313,,,,0,30.0,0,0
75,13,2,8,30,Y6078314,,,,0,30.0,0,0
75,13,2,9,10,Y6078315,,,,0,30.0,0,0
75,13,2,9,11,Y6078316,,,,0,30.0,0,0
75,13,2,9,12,Y6078317,,,,0,30.0,0,0
75,13,2,9,13,Y6078318,,,,0,30.0,0,0
75,13,2,9,14,Y6078319,,,,0,30.0,0,0
75,13,2,9,15,Y6078320,,,,0,30.0,0,0
75,13,2,9,16,Y6078321,,,,0,30.0,0,0
75,13,2,9,17,Y6078322,,,,0,30.0,0,0
75,13,2,9,18,Y6078323,,,,0,30.0,0,0
75,13,2,9,19,Y6078324,,,,0,30.0,0,0
75,13,2,9,20,Y6078325,,,,0,30.0,0,0
75,13,2,9,21,Y6078326,,,,0,30.0,0,0
75,13,2,9,22,Y6078327,,,,0,30.0,0,0
75,13,2,9,23,Y6078328,,,,0,30.0,0,0
75,13,2,9,24,Y6078329,,,,0,30.0,0,0
75,13,2,9,25,Y6078330,,,,0,30.0,0,0
75,13,2,9,26,Y6078331,,,,0,30.0,0,0
75,13,2,9,27,Y6078332,,,,0,30.0,0,0
75,13,2,9,28,Y6078333,,,,0,30.0,0,0
75,13,2,9,29,Y6078334,,,,0,30.0,0,0
75,13,2,9,30,Y6078335,,,,0,30.0,0,0
75,13,2,10,10,Y6078336,,,,0,30.0,0,0
75,13,2,10,11,Y6078337,,,,0,30.0,0,0
75,13,2,10,12,Y6078338,,,,0,30.0,0,0
75,13,2,10,13,Y6078339,,,,0,30.0,0,0
75,13,2,10,14,Y6078340,,,,0,30.0,0,0
75,13,2,10,15,Y6078341,,,,0,30.0,0,0
75,13,2,10,16,Y6078342,,,,0,30.0,0,0
75,13,2,10,17,Y6078343,,,,0,30.0,0,0
75,13,2,10,18,Y6078344,,,,0,30.0,0,0
75,13,2,10,19,Y6078345,,,,0,30.0,0,0
75,13,2,10,20,Y6078346,,,,0,30.0,0,0
75,13,2,10,21,Y6078347,,,,0,30.0,0,0
75,13,2,10,22,Y6078348,,,,0,30.0,0,0
75,13,2,10,23,Y6078349,,,,0,30.0,0,0
75,13,2,10,24,Y6078350,,,,0,30.0,0,0
75,13,2,10,25,Y6078351,,,,0,30.0,0,0
75,13,2,10,26,Y6078352,,,,0,30.0,0,0
75,13,2,10,27,Y6078353,,,,0,30.0,0,0
75,13,2,10,28,Y6078354,,,,0,30.0,0,0
75,13,2,10,29,Y6078355,,,,0,30.0,0,0
75,13,2,10,30,Y6078356,,,,0,30.0,0,0
75,13,2,11,10,Y6078357,,,,0,30.0,0,0
75,13,2,11,11,Y6078358,,,,0,30.0,0,0
75,13,2,11,12,Y6078359,,,,0,30.0,0,0
75,13,2,11,13,Y6078360,,,,0,30.0,0,0
75,13,2,11,14,Y6078361,,,,0,30.0,0,0
75,13,2,11,15,Y6078362,,,,0,30.0,0,0
75,13,2,11,16,Y6078363,,,,0,30.0,0,0
75,13,2,11,17,Y6078364,,,,0,30.0,0,0
75,13,2,11,18,Y6078365,,,,0,30.0,0,0
75,13,2,11,19,Y6078366,,,,0,30.0,0,0
75,13,2,11,20,Y6078367,,,,0,30.0,0,0
75,13,2,11,21,Y6078368,,,,0,30.0,0,0
75,13,2,11,22,Y6078369,,,,0,30.0,0,0
75,13,2,11,23,Y6078370,,,,0,30.0,0,0
75,13,2,11,24,Y6078371,,,,0,30.0,0,0
75,13,2,11,25,Y6078372,,,,0,30.0,0,0
75,13,2,11,26,Y6078373,,,,0,30.0,0,0
75,13,2,11,27,Y6078374,,,,0,30.0,0,0
75,13,2,11,28,Y6078375,,,,0,30.0,0,0
75,13,2,11,29,Y6078376,,,,0,30.0,0,0
75,13,2,11,30,Y6078377,,,,0,30.0,0,0
75,13,2,12,10,Y6078378,,,,0,30.0,0,0
75,13,2,12,11,Y6078379,,,,0,30.0,0,0
75,13,2,12,12,Y6078380,,,,0,30.0,0,0
75,13,2,12,13,Y6078381,,,,0,30.0,0,0
75,13,2,12,14,Y6078382,,,,0,30.0,0,0
75,13,2,12,15,Y6078383,,,,0,30.0,0,0
75,13,2,12,16,Y6078384,,,,0,30.0,0,0
75,13,2,12,17,Y6078385,,,,0,30.0,0,0
75,13,2,12,18,Y6078386,,,,0,30.0,0,0
75,13,2,12,19,Y6078387,,,,0,30.0,0,0
75,13,2,12,20,Y6078388,,,,0,30.0,0,0
75,13,2,12,21,Y6078389,,,,0,30.0,0,0
75,13,2,12,22,Y6078390,,,,0,30.0,0,0
75,13,2,12,23,Y6078391,,,,0,30.0,0,0
75,13,2,12,24,Y6078392,,,,0,30.0,0,0
75,13,2,12,25,Y6078393,,,,0,30.0,0,0
75,13,2,12,26,Y6078394,,,,0,30.0,0,0
75,13,2,12,27,Y6078395,,,,0,30.0,0,0
75,13,2,12,28,Y6078396,,,,0,30.0,0,0
75,13,2,12,29,Y6078397,,,,0,30.0,0,0
75,13,2,12,30,Y6078398,,,,0,30.0,0,0
75,13,3,1,10,Y6078399,,,,0,30.0,0,0
75,13,3,1,11,Y6078400,,,,0,30.0,0,0
75,13,3,1,12,Y6078401,,,,0,30.0,0,0
75,13,3,1,13,Y6078402,,,,0,30.0,0,0
75,13,3,1,14,Y6078403,,,,0,30.0,0,0
75,13,3,1,15,Y6078404,,,,0,30.0,0,0
75,13,3,1,16,Y6078405,,,,0,30.0,0,0
75,13,3,1,17,Y6078406,,,,0,30.0,0,0
75,13,3,1,18,Y6078407,,,,0,30.0,0,0
75,13,3,1,19,Y6078408,,,,0,30.0,0,0
75,13,3,1,20,Y6078409,,,,0,30.0,0,0
75,13,3,1,21,Y6078410,,,,0,30.0,0,0
75,13,3,1,22,Y6078411,,,,0,30.0,0,0
75,13,3,1,23,Y6078412,,,,0,30.0,0,0
75,13,3,1,24,Y6078413,,,,0,30.0,0,0
75,13,3,1,25,Y6078414,,,,0,30.0,0,0
75,13,3,1,26,Y6078415,,,,0,30.0,0,0
75,13,3,1,27,Y6078416,,,,0,30.0,0,0
75,13,3,1,28,Y6078417,,,,0,30.0,0,0
75,13,3,1,29,Y6078418,,,,0,30.0,0,0
75,13,3,1,30,Y6078419,,,,0,30.0,0,0
75,13,3,2,10,Y6078420,,,,0,30.0,0,0
75,13,3,2,11,Y6078421,,,,0,30.0,0,0
75,13,3,2,12,Y6078422,,,,0,30.0,0,0
75,13,3,2,13,Y6078423,,,,0,30.0,0,0
75,13,3,2,14,Y6078424,,,,0,30.0,0,0
75,13,3,2,15,Y6078425,,,,0,30.0,0,0
75,13,3,2,16,Y6078426,,,,0,30.0,0,0
75,13,3,2,17,Y6078427,,,,0,30.0,0,0
75,13,3,2,18,Y6078428,,,,0,30.0,0,0
75,13,3,2,19,Y6078429,,,,0,30.0,0,0
75,13,3,2,20,Y6078430,,,,0,30.0,0,0
75,13,3,2,21,Y6078431,,,,0,30.0,0,0
75,13,3,2,22,Y6078432,,,,0,30.0,0,0
75,13,3,2,23,Y6078433,,,,0,30.0,0,0
75,13,3,2,24,Y6078434,,,,0,30.0,0,0
75,13,3,2,25,Y6078435,,,,0,30.0,0,0
75,13,3,2,26,Y6078436,,,,0,30.0,0,0
75,13,3,2,27,Y6078437,,,,0,30.0,0,0
75,13,3,2,28,Y6078438,,,,0,30.0,0,0
75,13,3,2,29,Y6078439,,,,0,30.0,0,0
75,13,3,2,30,Y6078440,,,,0,30.0,0,0
75,13,3,3,10,Y6078441,,,,0,30.0,0,0
75,13,3,3,11,Y6078442,,,,0,30.0,0,0
75,13,3,3,12,Y6078443,,,,0,30.0,0,0
75,13,3,3,13,Y6078444,,,,0,30.0,0,0
75,13,3,3,14,Y6078445,,,,0,30.0,0,0
75,13,3,3,15,Y6078446,,,,0,30.0,0,0
75,13,3,3,16,Y6078447,,,,0,30.0,0,0
75,13,3,3,17,Y6078448,,,,0,30.0,0,0
75,13,3,3,18,Y6078449,,,,0,30.0,0,0
75,13,3,3,19,Y6078450,,,,0,30.0,0,0
75,13,3,3,20,Y6078451,,,,0,30.0,0,0
75,13,3,3,21,Y6078452,,,,0,30.0,0,0
75,13,3,3,22,Y6078453,,,,0,30.0,0,0
75,13,3,3,23,Y6078454,,,,0,30.0,0,0
75,13,3,3,24,Y6078455,,,,0,30.0,0,0
75,13,3,3,25,Y6078456,,,,0,30.0,0,0
75,13,3,3,26,Y6078457,,,,0,30.0,0,0
75,13,3,3,27,Y6078458,,,,0,30.0,0,0
75,13,3,3,28,Y6078459,,,,0,30.0,0,0
75,13,3,3,29,Y6078460,,,,0,30.0,0,0
75,13,3,3,30,Y6078461,,,,0,30.0,0,0
75,13,3,4,10,Y6078462,,,,0,30.0,0,0
75,13,3,4,11,Y6078463,,,,0,30.0,0,0
75,13,3,4,12,Y6078464,,,,0,30.0,0,0
75,13,3,4,13,Y6078465,,,,0,30.0,0,0
75,13,3,4,14,Y6078466,,,,0,30.0,0,0
75,13,3,4,15,Y6078467,,,,0,30.0,0,0
75,13,3,4,16,Y6078468,,,,0,30.0,0,0
75,13,3,4,17,Y6078469,,,,0,30.0,0,0
75,13,3,4,18,Y6078470,,,,0,30.0,0,0
75,13,3,4,19,Y6078471,,,,0,30.0,0,0
75,13,3,4,20,Y6078472,,,,0,30.0,0,0
75,13,3,4,21,Y6078473,,,,0,30.0,0,0
75,13,3,4,22,Y6078474,,,,0,30.0,0,0
75,13,3,4,23,Y6078475,,,,0,30.0,0,0
75,13,3,4,24,Y6078476,,,,0,30.0,0,0
75,13,3,4,25,Y6078477,,,,0,30.0,0,0
75,13,3,4,26,Y6078478,,,,0,30.0,0,0
75,13,3,4,27,Y6078479,,,,0,30.0,0,0
75,13,3,4,28,Y6078480,,,,0,30.0,0,0
75,13,3,4,29,Y6078481,,,,0,30.0,0,0
75,13,3,4,30,Y6078482,,,,0,30.0,0,0
75,13,3,5,10,Y6078483,,,,0,30.0,0,0
75,13,3,5,11,Y6078484,,,,0,30.0,0,0
75,13,3,5,12,Y6078485,,,,0,30.0,0,0
75,13,3,5,13,Y6078486,,,,0,30.0,0,0
75,13,3,5,14,Y6078487,,,,0,30.0,0,0
75,13,3,5,15,Y6078488,,,,0,30.0,0,0
75,13,3,5,16,Y6078489,,,,0,30.0,0,0
75,13,3,5,17,Y6078490,,,,0,30.0,0,0
75,13,3,5,18,Y6078491,,,,0,30.0,0,0
75,13,3,5,19,Y6078492,,,,0,30.0,0,0
75,13,3,5,20,Y6078493,,,,0,30.0,0,0
75,13,3,5,21,Y6078494,,,,0,30.0,0,0
75,13,3,5,22,Y6078495,,,,0,30.0,0,0
75,13,3,5,23,Y6078496,,,,0,30.0,0,0
75,13,3,5,24,Y6078497,,,,0,30.0,0,0
75,13,3,5,25,Y6078498,,,,0,30.0,0,0
75,13,3,5,26,Y6078499,,,,0,30.0,0,0
75,13,3,5,27,Y6078500,,,,0,30.0,0,0
75,13,3,5,28,Y6078501,,,,0,30.0,0,0
75,13,3,5,29,Y6078502,,,,0,30.0,0,0
75,13,3,5,30,Y6078503,,,,0,30.0,0,0
75,13,3,6,10,Y6078504,,,,0,30.0,0,0
75,13,3,6,11,Y6078505,,,,0,30.0,0,0
75,13,3,6,12,Y6078506,,,,0,30.0,0,0
75,13,3,6,13,Y6078507,,,,0,30.0,0,0
75,13,3,6,14,Y6078508,,,,0,30.0,0,0
75,13,3,6,15,Y6078509,,,,0,30.0,0,0
75,13,3,6,16,Y6078510,,,,0,30.0,0,0
75,13,3,6,17,Y6078511,,,,0,30.0,0,0
75,13,3,6,18,Y6078512,,,,0,30.0,0,0
75,13,3,6,19,Y6078513,,,,0,30.0,0,0
75,13,3,6,20,Y6078514,,,,0,30.0,0,0
75,13,3,6,21,Y6078515,,,,0,30.0,0,0
75,13,3,6,22,Y6078516,,,,0,30.0,0,0
75,13,3,6,23,Y6078517,,,,0,30.0,0,0
75,13,3,6,24,Y6078518,,,,0,30.0,0,0
75,13,3,6,25,Y6078519,,,,0,30.0,0,0
75,13,3,6,26,Y6078520,,,,0,30.0,0,0
75,13,3,6,27,Y6078521,,,,0,30.0,0,0
75,13,3,6,28,Y6078522,,,,0,30.0,0,0
75,13,3,6,29,Y6078523,,,,0,30.0,0,0
75,13,3,6,30,Y6078524,,,,0,30.0,0,0
75,13,3,7,10,Y6078525,,,,0,30.0,0,0
75,13,3,7,11,Y6078526,,,,0,30.0,0,0
75,13,3,7,12,Y6078527,,,,0,30.0,0,0
75,13,3,7,13,Y6078528,,,,0,30.0,0,0
75,13,3,7,14,Y6078529,,,,0,30.0,0,0
75,13,3,7,15,Y6078530,,,,0,30.0,0,0
75,13,3,7,16,Y6078531,,,,0,30.0,0,0
75,13,3,7,17,Y6078532,,,,0,30.0,0,0
75,13,3,7,18,Y6078533,,,,0,30.0,0,0
75,13,3,7,19,Y6078534,,,,0,30.0,0,0
75,13,3,7,20,Y6078535,,,,0,30.0,0,0
75,13,3,7,21,Y6078536,,,,0,30.0,0,0
75,13,3,7,22,Y6078537,,,,0,30.0,0,0
75,13,3,7,23,Y6078538,,,,0,30.0,0,0
75,13,3,7,24,Y6078539,,,,0,30.0,0,0
75,13,3,7,25,Y6078540,,,,0,30.0,0,0
75,13,3,7,26,Y6078541,,,,0,30.0,0,0
75,13,3,7,27,Y6078542,,,,0,30.0,0,0
75,13,3,7,28,Y6078543,,,,0,30.0,0,0
75,13,3,7,29,Y6078544,,,,0,30.0,0,0
75,13,3,7,30,Y6078545,,,,0,30.0,0,0
75,13,3,8,10,Y6078546,,,,0,30.0,0,0
75,13,3,8,11,Y6078547,,,,0,30.0,0,0
75,13,3,8,12,Y6078548,,,,0,30.0,0,0
75,13,3,8,13,Y6078549,,,,0,30.0,0,0
75,13,3,8,14,Y6078550,,,,0,30.0,0,0
75,13,3,8,15,Y6078551,,,,0,30.0,0,0
75,13,3,8,16,Y6078552,,,,0,30.0,0,0
75,13,3,8,17,Y6078553,,,,0,30.0,0,0
75,13,3,8,18,Y6078554,,,,0,30.0,0,0
75,13,3,8,19,Y6078555,,,,0,30.0,0,0
75,13,3,8,20,Y6078556,,,,0,30.0,0,0
75,13,3,8,21,Y6078557,,,,0,30.0,0,0
75,13,3,8,22,Y6078558,,,,0,30.0,0,0
75,13,3,8,23,Y6078559,,,,0,30.0,0,0
75,13,3,8,24,Y6078560,,,,0,30.0,0,0
75,13,3,8,25,Y6078561,,,,0,30.0,0,0
75,13,3,8,26,Y6078562,,,,0,30.0,0,0
75,13,3,8,27,Y6078563,,,,0,30.0,0,0
75,13,3,8,28,Y6078564,,,,0,30.0,0,0
75,13,3,8,29,Y6078565,,,,0,30.0,0,0
75,13,3,8,30,Y6078566,,,,0,30.0,0,0
75,13,3,9,10,Y6078567,,,,0,30.0,0,0
75,13,3,9,11,Y6078568,,,,0,30.0,0,0
75,13,3,9,12,Y6078569,,,,0,30.0,0,0
75,13,3,9,13,Y6078570,,,,0,30.0,0,0
75,13,3,9,14,Y6078571,,,,0,30.0,0,0
75,13,3,9,15,Y6078572,,,,0,30.0,0,0
75,13,3,9,16,Y6078573,,,,0,30.0,0,0
75,13,3,9,17,Y6078574,,,,0,30.0,0,0
75,13,3,9,18,Y6078575,,,,0,30.0,0,0
75,13,3,9,19,Y6078576,,,,0,30.0,0,0
75,13,3,9,20,Y6078577,,,,0,30.0,0,0
75,13,3,9,21,Y6078578,,,,0,30.0,0,0
75,13,3,9,22,Y6078579,,,,0,30.0,0,0
75,13,3,9,23,Y6078580,,,,0,30.0,0,0
75,13,3,9,24,Y6078581,,,,0,30.0,0,0
75,13,3,9,25,Y6078582,,,,0,30.0,0,0
75,13,3,9,26,Y6078583,,,,0,30.0,0,0
75,13,3,9,27,Y6078584,,,,0,30.0,0,0
75,13,3,9,28,Y6078585,,,,0,30.0,0,0
75,13,3,9,29,Y6078586,,,,0,30.0,0,0
75,13,3,9,30,Y6078587,,,,0,30.0,0,0
75,13,3,10,10,Y6078588,,,,0,30.0,0,0
75,13,3,10,11,Y6078589,,,,0,30.0,0,0
75,13,3,10,12,Y6078590,,,,0,30.0,0,0
75,13,3,10,13,Y6078591,,,,0,30.0,0,0
75,13,3,10,14,Y6078592,,,,0,30.0,0,0
75,13,3,10,15,Y6078593,,,,0,30.0,0,0
75,13,3,10,16,Y6078594,,,,0,30.0,0,0
75,13,3,10,17,Y6078595,,,,0,30.0,0,0
75,13,3,10,18,Y6078596,,,,0,30.0,0,0
75,13,3,10,19,Y6078597,,,,0,30.0,0,0
75,13,3,10,20,Y6078598,,,,0,30.0,0,0
75,13,3,10,21,Y6078599,,,,0,30.0,0,0
75,13,3,10,22,Y6078600,,,,0,30.0,0,0
75,13,3,10,23,Y6078601,,,,0,30.0,0,0
75,13,3,10,24,Y6078602,,,,0,30.0,0,0
75,13,3,10,25,Y6078603,,,,0,30.0,0,0
75,13,3,10,26,Y6078604,,,,0,30.0,0,0
75,13,3,10,27,Y6078605,,,,0,30.0,0,0
75,13,3,10,28,Y6078606,,,,0,30.0,0,0
75,13,3,10,29,Y6078607,,,,0,30.0,0,0
75,13,3,10,30,Y6078608,,,,0,30.0,0,0
75,13,3,11,10,Y6078609,,,,0,30.0,0,0
75,13,3,11,11,Y6078610,,,,0,30.0,0,0
75,13,3,11,12,Y6078611,,,,0,30.0,0,0
75,13,3,11,13,Y6078612,,,,0,30.0,0,0
75,13,3,11,14,Y6078613,,,,0,30.0,0,0
75,13,3,11,15,Y6078614,,,,0,30.0,0,0
75,13,3,11,16,Y6078615,,,,0,30.0,0,0
75,13,3,11,17,Y6078616,,,,0,30.0,0,0
75,13,3,11,18,Y6078617,,,,0,30.0,0,0
75,13,3,11,19,Y6078618,,,,0,30.0,0,0
75,13,3,11,20,Y6078619,,,,0,30.0,0,0
75,13,3,11,21,Y6078620,,,,0,30.0,0,0
75,13,3,11,22,Y6078621,,,,0,30.0,0,0
75,13,3,11,23,Y6078622,,,,0,30.0,0,0
75,13,3,11,24,Y6078623,,,,0,30.0,0,0
75,13,3,11,25,Y6078624,,,,0,30.0,0,0
75,13,3,11,26,Y6078625,,,,0,30.0,0,0
75,13,3,11,27,Y6078626,,,,0,30.0,0,0
75,13,3,11,28,Y6078627,,,,0,30.0,0,0
75,13,3,11,29,Y6078628,,,,0,30.0,0,0
75,13,3,11,30,Y6078629,,,,0,30.0,0,0
75,13,3,12,10,Y6078630,,,,0,30.0,0,0
75,13,3,12,11,Y6078631,,,,0,30.0,0,0
75,13,3,12,12,Y6078632,,,,0,30.0,0,0
75,13,3,12,13,Y6078633,,,,0,30.0,0,0
75,13,3,12,14,Y6078634,,,,0,30.0,0,0
75,13,3,12,15,Y6078635,,,,0,30.0,0,0
75,13,3,12,16,Y6078636,,,,0,30.0,0,0
75,13,3,12,17,Y6078637,,,,0,30.0,0,0
75,13,3,12,18,Y6078638,,,,0,30.0,0,0
75,13,3,12,19,Y6078639,,,,0,30.0,0,0
75,13,3,12,20,Y6078640,,,,0,30.0,0,0
75,13,3,12,21,Y6078641,,,,0,30.0,0,0
75,13,3,12,22,Y6078642,,,,0,30.0,0,0
75,13,3,12,23,Y6078643,,,,0,30.0,0,0
75,13,3,12,24,Y6078644,,,,0,30.0,0,0
75,13,3,12,25,Y6078645,,,,0,30.0,0,0
75,13,3,12,26,Y6078646,,,,0,30.0,0,0
75,13,3,12,27,Y6078647,,,,0,30.0,0,0
75,13,3,12,28,Y6078648,,,,0,30.0,0,0
75,13,3,12,29,Y6078649,,,,0,30.0,0,0
75,13,3,12,30,Y6078650,,,,0,30.0,0,0
75,13,4,1,10,Y6078651,,,,0,30.0,0,0
75,13,4,1,11,Y6078652,,,,0,30.0,0,0
75,13,4,1,12,Y6078653,,,,0,30.0,0,0
75,13,4,1,13,Y6078654,,,,0,30.0,0,0
75,13,4,1,14,Y6078655,,,,0,30.0,0,0
75,13,4,1,15,Y6078656,,,,0,30.0,0,0
75,13,4,1,16,Y6078657,,,,0,30.0,0,0
75,13,4,1,17,Y6078658,,,,0,30.0,0,0
75,13,4,1,18,Y6078659,,,,0,30.0,0,0
75,13,4,1,19,Y6078660,,,,0,30.0,0,0
75,13,4,1,20,Y6078661,,,,0,30.0,0,0
75,13,4,1,21,Y6078662,,,,0,30.0,0,0
75,13,4,1,22,Y6078663,,,,0,30.0,0,0
75,13,4,1,23,Y6078664,,,,0,30.0,0,0
75,13,4,1,24,Y6078665,,,,0,30.0,0,0
75,13,4,1,25,Y6078666,,,,0,30.0,0,0
75,13,4,1,26,Y6078667,,,,0,30.0,0,0
75,13,4,1,27,Y6078668,,,,0,30.0,0,0
75,13,4,1,28,Y6078669,,,,0,30.0,0,0
75,13,4,1,29,Y6078670,,,,0,30.0,0,0
75,13,4,1,30,Y6078671,,,,0,30.0,0,0
75,13,4,2,10,Y6078672,,,,0,30.0,0,0
75,13,4,2,11,Y6078673,,,,0,30.0,0,0
75,13,4,2,12,Y6078674,,,,0,30.0,0,0
75,13,4,2,13,Y6078675,,,,0,30.0,0,0
75,13,4,2,14,Y6078676,,,,0,30.0,0,0
75,13,4,2,15,Y6078677,,,,0,30.0,0,0
75,13,4,2,16,Y6078678,,,,0,30.0,0,0
75,13,4,2,17,Y6078679,,,,0,30.0,0,0
75,13,4,2,18,Y6078680,,,,0,30.0,0,0
75,13,4,2,19,Y6078681,,,,0,30.0,0,0
75,13,4,2,20,Y6078682,,,,0,30.0,0,0
75,13,4,2,21,Y6078683,,,,0,30.0,0,0
75,13,4,2,22,Y6078684,,,,0,30.0,0,0
75,13,4,2,23,Y6078685,,,,0,30.0,0,0
75,13,4,2,24,Y6078686,,,,0,30.0,0,0
75,13,4,2,25,Y6078687,,,,0,30.0,0,0
75,13,4,2,26,Y6078688,,,,0,30.0,0,0
75,13,4,2,27,Y6078689,,,,0,30.0,0,0
75,13,4,2,28,Y6078690,,,,0,30.0,0,0
75,13,4,2,29,Y6078691,,,,0,30.0,0,0
75,13,4,2,30,Y6078692,,,,0,30.0,0,0
75,13,4,3,10,Y6078693,,,,0,30.0,0,0
75,13,4,3,11,Y6078694,,,,0,30.0,0,0
75,13,4,3,12,Y6078695,,,,0,30.0,0,0
75,13,4,3,13,Y6078696,,,,0,30.0,0,0
75,13,4,3,14,Y6078697,,,,0,30.0,0,0
75,13,4,3,15,Y6078698,,,,0,30.0,0,0
75,13,4,3,16,Y6078699,,,,0,30.0,0,0
75,13,4,3,17,Y6078700,,,,0,30.0,0,0
75,13,4,3,18,Y6078701,,,,0,30.0,0,0
75,13,4,3,19,Y6078702,,,,0,30.0,0,0
75,13,4,3,20,Y6078703,,,,0,30.0,0,0
75,13,4,3,21,Y6078704,,,,0,30.0,0,0
75,13,4,3,22,Y6078705,,,,0,30.0,0,0
75,13,4,3,23,Y6078706,,,,0,30.0,0,0
75,13,4,3,24,Y6078707,,,,0,30.0,0,0
75,13,4,3,25,Y6078708,,,,0,30.0,0,0
75,13,4,3,26,Y6078709,,,,0,30.0,0,0
75,13,4,3,27,Y6078710,,,,0,30.0,0,0
75,13,4,3,28,Y6078711,,,,0,30.0,0,0
75,13,4,3,29,Y6078712,,,,0,30.0,0,0
75,13,4,3,30,Y6078713,,,,0,30.0,0,0
75,13,4,4,10,Y6078714,,,,0,30.0,0,0
75,13,4,4,11,Y6078715,,,,0,30.0,0,0
75,13,4,4,12,Y6078716,,,,0,30.0,0,0
75,13,4,4,13,Y6078717,,,,0,30.0,0,0
75,13,4,4,14,Y6078718,,,,0,30.0,0,0
75,13,4,4,15,Y6078719,,,,0,30.0,0,0
75,13,4,4,16,Y6078720,,,,0,30.0,0,0
75,13,4,4,17,Y6078721,,,,0,30.0,0,0
75,13,4,4,18,Y6078722,,,,0,30.0,0,0
75,13,4,4,19,Y6078723,,,,0,30.0,0,0
75,13,4,4,20,Y6078724,,,,0,30.0,0,0
75,13,4,4,21,Y6078725,,,,0,30.0,0,0
75,13,4,4,22,Y6078726,,,,0,30.0,0,0
75,13,4,4,23,Y6078727,,,,0,30.0,0,0
75,13,4,4,24,Y6078728,,,,0,30.0,0,0
75,13,4,4,25,Y6078729,,,,0,30.0,0,0
75,13,4,4,26,Y6078730,,,,0,30.0,0,0
75,13,4,4,27,Y6078731,,,,0,30.0,0,0
75,13,4,4,28,Y6078732,,,,0,30.0,0,0
75,13,4,4,29,Y6078733,,,,0,30.0,0,0
75,13,4,4,30,Y6078734,,,,0,30.0,0,0
75,13,4,5,10,Y6078735,,,,0,30.0,0,0
75,13,4,5,11,Y6078736,,,,0,30.0,0,0
75,13,4,5,12,Y6078737,,,,0,30.0,0,0
75,13,4,5,13,Y6078738,,,,0,30.0,0,0
75,13,4,5,14,Y6078739,,,,0,30.0,0,0
75,13,4,5,15,Y6078740,,,,0,30.0,0,0
75,13,4,5,16,Y6078741,,,,0,30.0,0,0
75,13,4,5,17,Y6078742,,,,0,30.0,0,0
75,13,4,5,18,Y6078743,,,,0,30.0,0,0
75,13,4,5,19,Y6078744,,,,0,30.0,0,0
75,13,4,5,20,Y6078745,,,,0,30.0,0,0
75,13,4,5,21,Y6078746,,,,0,30.0,0,0
75,13,4,5,22,Y6078747,,,,0,30.0,0,0
75,13,4,5,23,Y6078748,,,,0,30.0,0,0
75,13,4,5,24,Y6078749,,,,0,30.0,0,0
75,13,4,5,25,Y6078750,,,,0,30.0,0,0
75,13,4,5,26,Y6078751,,,,0,30.0,0,0
75,13,4,5,27,Y6078752,,,,0,30.0,0,0
75,13,4,5,28,Y6078753,,,,0,30.0,0,0
75,13,4,5,29,Y6078754,,,,0,30.0,0,0
75,13,4,5,30,Y6078755,,,,0,30.0,0,0
75,13,4,6,10,Y6078756,,,,0,30.0,0,0
75,13,4,6,11,Y6078757,,,,0,30.0,0,0
75,13,4,6,12,Y6078758,,,,0,30.0,0,0
75,13,4,6,13,Y6078759,,,,0,30.0,0,0
75,13,4,6,14,Y6078760,,,,0,30.0,0,0
75,13,4,6,15,Y6078761,,,,0,30.0,0,0
75,13,4,6,16,Y6078762,,,,0,30.0,0,0
75,13,4,6,17,Y6078763,,,,0,30.0,0,0
75,13,4,6,18,Y6078764,,,,0,30.0,0,0
75,13,4,6,19,Y6078765,,,,0,30.0,0,0
75,13,4,6,20,Y6078766,,,,0,30.0,0,0
75,13,4,6,21,Y6078767,,,,0,30.0,0,0
75,13,4,6,22,Y6078768,,,,0,30.0,0,0
75,13,4,6,23,Y6078769,,,,0,30.0,0,0
75,13,4,6,24,Y6078770,,,,0,30.0,0,0
75,13,4,6,25,Y6078771,,,,0,30.0,0,0
75,13,4,6,26,Y6078772,,,,0,30.0,0,0
75,13,4,6,27,Y6078773,,,,0,30.0,0,0
75,13,4,6,28,Y6078774,,,,0,30.0,0,0
75,13,4,6,29,Y6078775,,,,0,30.0,0,0
75,13,4,6,30,Y6078776,,,,0,30.0,0,0
75,13,4,7,10,Y6078777,,,,0,30.0,0,0
75,13,4,7,11,Y6078778,,,,0,30.0,0,0
75,13,4,7,12,Y6078779,,,,0,30.0,0,0
75,13,4,7,13,Y6078780,,,,0,30.0,0,0
75,13,4,7,14,Y6078781,,,,0,30.0,0,0
75,13,4,7,15,Y6078782,,,,0,30.0,0,0
75,13,4,7,16,Y6078783,,,,0,30.0,0,0
75,13,4,7,17,Y6078784,,,,0,30.0,0,0
75,13,4,7,18,Y6078785,,,,0,30.0,0,0
75,13,4,7,19,Y6078786,,,,0,30.0,0,0
75,13,4,7,20,Y6078787,,,,0,30.0,0,0
75,13,4,7,21,Y6078788,,,,0,30.0,0,0
75,13,4,7,22,Y6078789,,,,0,30.0,0,0
75,13,4,7,23,Y6078790,,,,0,30.0,0,0
75,13,4,7,24,Y6078791,,,,0,30.0,0,0
75,13,4,7,25,Y6078792,,,,0,30.0,0,0
75,13,4,7,26,Y6078793,,,,0,30.0,0,0
75,13,4,7,27,Y6078794,,,,0,30.0,0,0
75,13,4,7,28,Y6078795,,,,0,30.0,0,0
75,13,4,7,29,Y6078796,,,,0,30.0,0,0
75,13,4,7,30,Y6078797,,,,0,30.0,0,0
75,13,4,8,10,Y6078798,,,,0,30.0,0,0
75,13,4,8,11,Y6078799,,,,0,30.0,0,0
75,13,4,8,12,Y6078800,,,,0,30.0,0,0
75,13,4,8,13,Y6078801,,,,0,30.0,0,0
75,13,4,8,14,Y6078802,,,,0,30.0,0,0
75,13,4,8,15,Y6078803,,,,0,30.0,0,0
75,13,4,8,16,Y6078804,,,,0,30.0,0,0
75,13,4,8,17,Y6078805,,,,0,30.0,0,0
75,13,4,8,18,Y6078806,,,,0,30.0,0,0
75,13,4,8,19,Y6078807,,,,0,30.0,0,0
75,13,4,8,20,Y6078808,,,,0,30.0,0,0
75,13,4,8,21,Y6078809,,,,0,30.0,0,0
75,13,4,8,22,Y6078810,,,,0,30.0,0,0
75,13,4,8,23,Y6078811,,,,0,30.0,0,0
75,13,4,8,24,Y6078812,,,,0,30.0,0,0
75,13,4,8,25,Y6078813,,,,0,30.0,0,0
75,13,4,8,26,Y6078814,,,,0,30.0,0,0
75,13,4,8,27,Y6078815,,,,0,30.0,0,0
75,13,4,8,28,Y6078816,,,,0,30.0,0,0
75,13,4,8,29,Y6078817,,,,0,30.0,0,0
75,13,4,8,30,Y6078818,,,,0,30.0,0,0
75,13,4,9,10,Y6078819,,,,0,30.0,0,0
75,13,4,9,11,Y6078820,,,,0,30.0,0,0
75,13,4,9,12,Y6078821,,,,0,30.0,0,0
75,13,4,9,13,Y6078822,,,,0,30.0,0,0
75,13,4,9,14,Y6078823,,,,0,30.0,0,0
75,13,4,9,15,Y6078824,,,,0,30.0,0,0
75,13,4,9,16,Y6078825,,,,0,30.0,0,0
75,13,4,9,17,Y6078826,,,,0,30.0,0,2
75,13,4,9,18,Y6078827,,,,0,30.0,0,2
75,13,4,9,19,Y6078828,,,,0,30.0,0,2
75,13,4,9,20,Y6078829,,,,0,30.0,0,0
75,13,4,9,21,Y6078830,,,,0,30.0,0,0
75,13,4,9,22,Y6078831,,,,0,30.0,0,0
75,13,4,9,23,Y6078832,,,,0,30.0,0,0
75,13,4,9,24,Y6078833,,,,0,30.0,0,0
75,13,4,9,25,Y6078834,,,,0,30.0,0,0
75,13,4,9,26,Y6078835,,,,0,30.0,0,0
75,13,4,9,27,Y6078836,,,,0,30.0,0,0
75,13,4,9,28,Y6078837,,,,0,30.0,0,0
75,13,4,9,29,Y6078838,,,,0,30.0,0,0
75,13,4,9,30,Y6078839,,,,0,30.0,0,0
75,13,4,10,10,Y6078840,,,,0,30.0,0,0
75,13,4,10,11,Y6078841,,,,0,30.0,0,0
75,13,4,10,12,Y6078842,,,,0,30.0,0,0
75,13,4,10,13,Y6078843,,,,0,30.0,0,0
75,13,4,10,14,Y6078844,,,,0,30.0,0,0
75,13,4,10,15,Y6078845,,,,0,30.0,0,0
75,13,4,10,16,Y6078846,,,,0,30.0,0,2
75,13,4,10,17,Y6078847,,,,0,30.0,0,2
75,13,4,10,18,Y6078848,,,,0,30.0,0,2
75,13,4,10,19,Y6078849,,,,0,30.0,0,2
75,13,4,10,20,Y6078850,,,,0,30.0,0,2
75,13,4,10,21,Y6078851,,,,0,30.0,0,0
75,13,4,10,22,Y6078852,,,,0,30.0,0,0
75,13,4,10,23,Y6078853,,,,0,30.0,0,0
75,13,4,10,24,Y6078854,,,,0,30.0,0,0
75,13,4,10,25,Y6078855,,,,0,30.0,0,0
75,13,4,10,26,Y6078856,,,,0,30.0,0,0
75,13,4,10,27,Y6078857,,,,0,30.0,0,0
75,13,4,10,28,Y6078858,,,,0,30.0,0,0
75,13,4,10,29,Y6078859,,,,0,30.0,0,0
75,13,4,10,30,Y6078860,,,,0,30.0,0,0
75,13,4,11,10,Y6078861,,,,0,30.0,0,0
75,13,4,11,11,Y6078862,,,,0,30.0,0,0
75,13,4,11,12,Y6078863,,,,0,30.0,0,0
75,13,4,11,13,Y6078864,,,,0,30.0,0,0
75,13,4,11,14,Y6078865,,,,0,30.0,0,0
75,13,4,11,15,Y6078866,,,,0,30.0,0,0
75,13,4,11,16,Y6078867,,,,0,30.0,0,2
75,13,4,11,17,Y6078868,,,,0,30.0,0,2
75,13,4,11,18,Y6078869,,,,0,30.0,0,2
75,13,4,11,19,Y6078870,,,,0,30.0,0,2
75,13,4,11,20,Y6078871,,,,0,30.0,0,2
75,13,4,11,21,Y6078872,,,,0,30.0,0,0
75,13,4,11,22,Y6078873,,,,0,30.0,0,0
75,13,4,11,23,Y6078874,,,,0,30.0,0,0
75,13,4,11,24,Y6078875,,,,0,30.0,0,0
75,13,4,11,25,Y6078876,,,,0,30.0,0,0
75,13,4,11,26,Y6078877,,,,0,30.0,0,0
75,13,4,11,27,Y6078878,,,,0,30.0,0,0
75,13,4,11,28,Y6078879,,,,0,30.0,0,0
75,13,4,11,29,Y6078880,,,,0,30.0,0,0
75,13,4,11,30,Y6078881,,,,0,30.0,0,0
75,13,4,12,10,Y6078882,,,,0,30.0,0,0
75,13,4,12,11,Y6078883,,,,0,30.0,0,0
75,13,4,12,12,Y6078884,,,,0,30.0,0,0
75,13,4,12,13,Y6078885,,,,0,30.0,0,0
75,13,4,12,14,Y6078886,,,,0,30.0,0,0
75,13,4,12,15,Y6078887,,,,0,30.0,0,0
75,13,4,12,16,Y6078888,,,,0,30.0,0,2
75,13,4,12,17,Y6078889,,,,0,30.0,0,2
75,13,4,12,18,Y6078890,,,,0,30.0,0,2
75,13,4,12,19,Y6078891,,,,0,30.0,0,2
75,13,4,12,20,Y6078892,,,,0,30.0,0,2
75,13,4,12,21,Y6078893,,,,0,30.0,0,0
75,13,4,12,22,Y6078894,,,,0,30.0,0,0
75,13,4,12,23,Y6078895,,,,0,30.0,0,0
75,13,4,12,24,Y6078896,,,,0,30.0,0,0
75,13,4,12,25,Y6078897,,,,0,30.0,0,0
75,13,4,12,26,Y6078898,,,,0,30.0,0,0
75,13,4,12,27,Y6078899,,,,0,30.0,0,0
75,13,4,12,28,Y6078900,,,,0,30.0,0,0
75,13,4,12,29,Y6078901,,,,0,30.0,0,0
75,13,4,12,30,Y6078902,,,,0,30.0,0,0
75,13,5,1,10,Y6078903,,,,0,30.0,0,0
75,13,5,1,11,Y6078904,,,,0,30.0,0,0
75,13,5,1,12,Y6078905,,,,0,30.0,0,0
75,13,5,1,13,Y6078906,,,,0,30.0,0,0
75,13,5,1,14,Y6078907,,,,0,30.0,0,0
75,13,5,1,15,Y6078908,,,,0,30.0,0,0
75,13,5,1,16,Y6078909,,,,0,30.0,0,0
75,13,5,1,17,Y6078910,,,,0,30.0,0,0
75,13,5,1,18,Y6078911,,,,0,30.0,0,0
75,13,5,1,19,Y6078912,,,,0,30.0,0,0
75,13,5,1,20,Y6078913,,,,0,30.0,0,0
75,13,5,1,21,Y6078914,,,,0,30.0,0,0
75,13,5,1,22,Y6078915,,,,0,30.0,0,0
75,13,5,1,23,Y6078916,,,,0,30.0,0,0
75,13,5,1,24,Y6078917,,,,0,30.0,0,0
75,13,5,1,25,Y6078918,,,,0,30.0,0,0
75,13,5,1,26,Y6078919,,,,0,30.0,0,0
75,13,5,1,27,Y6078920,,,,0,30.0,0,0
75,13,5,1,28,Y6078921,,,,0,30.0,0,0
75,13,5,1,29,Y6078922,,,,0,30.0,0,0
75,13,5,1,30,Y6078923,,,,0,30.0,0,0
75,13,5,2,10,Y6078924,,,,0,30.0,0,0
75,13,5,2,11,Y6078925,,,,0,30.0,0,0
75,13,5,2,12,Y6078926,,,,0,30.0,0,0
75,13,5,2,13,Y6078927,,,,0,30.0,0,0
75,13,5,2,14,Y6078928,,,,0,30.0,0,0
75,13,5,2,15,Y6078929,,,,0,30.0,0,0
75,13,5,2,16,Y6078930,,,,0,30.0,0,0
75,13,5,2,17,Y6078931,,,,0,30.0,0,0
75,13,5,2,18,Y6078932,,,,0,30.0,0,0
75,13,5,2,19,Y6078933,,,,0,30.0,0,0
75,13,5,2,20,Y6078934,,,,0,30.0,0,0
75,13,5,2,21,Y6078935,,,,0,30.0,0,0
75,13,5,2,22,Y6078936,,,,0,30.0,0,0
75,13,5,2,23,Y6078937,,,,0,30.0,0,0
75,13,5,2,24,Y6078938,,,,0,30.0,0,0
75,13,5,2,25,Y6078939,,,,0,30.0,0,0
75,13,5,2,26,Y6078940,,,,0,30.0,0,0
75,13,5,2,27,Y6078941,,,,0,30.0,0,0
75,13,5,2,28,Y6078942,,,,0,30.0,0,0
75,13,5,2,29,Y6078943,,,,0,30.0,0,0
75,13,5,2,30,Y6078944,,,,0,30.0,0,0
75,13,5,3,10,Y6078945,,,,0,30.0,0,0
75,13,5,3,11,Y6078946,,,,0,30.0,0,0
75,13,5,3,12,Y6078947,,,,0,30.0,0,0
75,13,5,3,13,Y6078948,,,,0,30.0,0,0
75,13,5,3,14,Y6078949,,,,0,30.0,0,0
75,13,5,3,15,Y6078950,,,,0,30.0,0,0
75,13,5,3,16,Y6078951,,,,0,30.0,0,0
75,13,5,3,17,Y6078952,,,,0,30.0,0,0
75,13,5,3,18,Y6078953,,,,0,30.0,0,0
75,13,5,3,19,Y6078954,,,,0,30.0,0,0
75,13,5,3,20,Y6078955,,,,0,30.0,0,0
75,13,5,3,21,Y6078956,,,,0,30.0,0,0
75,13,5,3,22,Y6078957,,,,0,30.0,0,0
75,13,5,3,23,Y6078958,,,,0,30.0,0,0
75,13,5,3,24,Y6078959,,,,0,30.0,0,0
75,13,5,3,25,Y6078960,,,,0,30.0,0,0
75,13,5,3,26,Y6078961,,,,0,30.0,0,0
75,13,5,3,27,Y6078962,,,,0,30.0,0,0
75,13,5,3,28,Y6078963,,,,0,30.0,0,0
75,13,5,3,29,Y6078964,,,,0,30.0,0,0
75,13,5,3,30,Y6078965,,,,0,30.0,0,0
75,13,5,4,10,Y6078966,,,,0,30.0,0,0
75,13,5,4,11,Y6078967,,,,0,30.0,0,0
75,13,5,4,12,Y6078968,,,,0,30.0,0,0
75,13,5,4,13,Y6078969,,,,0,30.0,0,0
75,13,5,4,14,Y6078970,,,,0,30.0,0,0
75,13,5,4,15,Y6078971,,,,0,30.0,0,0
75,13,5,4,16,Y6078972,,,,0,30.0,0,0
75,13,5,4,17,Y6078973,,,,0,30.0,0,0
75,13,5,4,18,Y6078974,,,,0,30.0,0,0
75,13,5,4,19,Y6078975,,,,0,30.0,0,0
75,13,5,4,20,Y6078976,,,,0,30.0,0,0
75,13,5,4,21,Y6078977,,,,0,30.0,0,0
75,13,5,4,22,Y6078978,,,,0,30.0,0,0
75,13,5,4,23,Y6078979,,,,0,30.0,0,0
75,13,5,4,24,Y6078980,,,,0,30.0,0,0
75,13,5,4,25,Y6078981,,,,0,30.0,0,0
75,13,5,4,26,Y6078982,,,,0,30.0,0,0
75,13,5,4,27,Y6078983,,,,0,30.0,0,0
75,13,5,4,28,Y6078984,,,,0,30.0,0,0
75,13,5,4,29,Y6078985,,,,0,30.0,0,0
75,13,5,4,30,Y6078986,,,,0,30.0,0,0
75,13,5,5,10,Y6078987,,,,0,30.0,0,0
75,13,5,5,11,Y6078988,,,,0,30.0,0,0
75,13,5,5,12,Y6078989,,,,0,30.0,0,0
75,13,5,5,13,Y6078990,,,,0,30.0,0,0
75,13,5,5,14,Y6078991,,,,0,30.0,0,0
75,13,5,5,15,Y6078992,,,,0,30.0,0,0
75,13,5,5,16,Y6078993,,,,0,30.0,0,0
75,13,5,5,17,Y6078994,,,,0,30.0,0,0
75,13,5,5,18,Y6078995,,,,0,30.0,0,0
75,13,5,5,19,Y6078996,,,,0,30.0,0,0
75,13,5,5,20,Y6078997,,,,0,30.0,0,0
75,13,5,5,21,Y6078998,,,,0,30.0,0,0
75,13,5,5,22,Y6078999,,,,0,30.0,0,0
75,13,5,5,23,Y6079000,,,,0,30.0,0,0
75,13,5,5,24,Y6079001,,,,0,30.0,0,0
75,13,5,5,25,Y6079002,,,,0,30.0,0,0
75,13,5,5,26,Y6079003,,,,0,30.0,0,0
75,13,5,5,27,Y6079004,,,,0,30.0,0,0
75,13,5,5,28,Y6079005,,,,0,30.0,0,0
75,13,5,5,29,Y6079006,,,,0,30.0,0,0
75,13,5,5,30,Y6079007,,,,0,30.0,0,0
75,13,5,6,10,Y6079008,,,,0,30.0,0,0
75,13,5,6,11,Y6079009,,,,0,30.0,0,0
75,13,5,6,12,Y6079010,,,,0,30.0,0,0
75,13,5,6,13,Y6079011,,,,0,30.0,0,0
75,13,5,6,14,Y6079012,,,,0,30.0,0,0
75,13,5,6,15,Y6079013,,,,0,30.0,0,0
75,13,5,6,16,Y6079014,,,,0,30.0,0,0
75,13,5,6,17,Y6079015,,,,0,30.0,0,0
75,13,5,6,18,Y6079016,,,,0,30.0,0,0
75,13,5,6,19,Y6079017,,,,0,30.0,0,0
75,13,5,6,20,Y6079018,,,,0,30.0,0,0
75,13,5,6,21,Y6079019,,,,0,30.0,0,0
75,13,5,6,22,Y6079020,,,,0,30.0,0,0
75,13,5,6,23,Y6079021,,,,0,30.0,0,0
75,13,5,6,24,Y6079022,,,,0,30.0,0,0
75,13,5,6,25,Y6079023,,,,0,30.0,0,0
75,13,5,6,26,Y6079024,,,,0,30.0,0,0
75,13,5,6,27,Y6079025,,,,0,30.0,0,0
75,13,5,6,28,Y6079026,,,,0,30.0,0,0
75,13,5,6,29,Y6079027,,,,0,30.0,0,0
75,13,5,6,30,Y6079028,,,,0,30.0,0,0
75,13,5,7,10,Y6079029,,,,0,30.0,0,0
75,13,5,7,11,Y6079030,,,,0,30.0,0,0
75,13,5,7,12,Y6079031,,,,0,30.0,0,0
75,13,5,7,13,Y6079032,,,,0,30.0,0,0
75,13,5,7,14,Y6079033,,,,0,30.0,0,0
75,13,5,7,15,Y6079034,,,,0,30.0,0,0
75,13,5,7,16,Y6079035,,,,0,30.0,0,0
75,13,5,7,17,Y6079036,,,,0,30.0,0,0
75,13,5,7,18,Y6079037,,,,0,30.0,0,0
75,13,5,7,19,Y6079038,,,,0,30.0,0,0
75,13,5,7,20,Y6079039,,,,0,30.0,0,0
75,13,5,7,21,Y6079040,,,,0,30.0,0,0
75,13,5,7,22,Y6079041,,,,0,30.0,0,0
75,13,5,7,23,Y6079042,,,,0,30.0,0,0
75,13,5,7,24,Y6079043,,,,0,30.0,0,0
75,13,5,7,25,Y6079044,,,,0,30.0,0,0
75,13,5,7,26,Y6079045,,,,0,30.0,0,0
75,13,5,7,27,Y6079046,,,,0,30.0,0,0
75,13,5,7,28,Y6079047,,,,0,30.0,0,0
75,13,5,7,29,Y6079048,,,,0,30.0,0,0
75,13,5,7,30,Y6079049,,,,0,30.0,0,0
75,13,5,8,10,Y6079050,,,,0,30.0,0,0
75,13,5,8,11,Y6079051,,,,0,30.0,0,0
75,13,5,8,12,Y6079052,,,,0,30.0,0,0
75,13,5,8,13,Y6079053,,,,0,30.0,0,0
75,13,5,8,14,Y6079054,,,,0,30.0,0,0
75,13,5,8,15,Y6079055,,,,0,30.0,0,0
75,13,5,8,16,Y6079056,,,,0,30.0,0,0
75,13,5,8,17,Y6079057,,,,0,30.0,0,0
75,13,5,8,18,Y6079058,,,,0,30.0,0,0
75,13,5,8,19,Y6079059,,,,0,30.0,0,0
75,13,5,8,20,Y6079060,,,,0,30.0,0,0
75,13,5,8,21,Y6079061,,,,0,30.0,0,0
75,13,5,8,22,Y6079062,,,,0,30.0,0,0
75,13,5,8,23,Y6079063,,,,0,30.0,0,0
75,13,5,8,24,Y6079064,,,,0,30.0,0,0
75,13,5,8,25,Y6079065,,,,0,30.0,0,0
75,13,5,8,26,Y6079066,,,,0,30.0,0,0
75,13,5,8,27,Y6079067,,,,0,30.0,0,0
75,13,5,8,28,Y6079068,,,,0,30.0,0,0
75,13,5,8,29,Y6079069,,,,0,30.0,0,0
75,13,5,8,30,Y6079070,,,,0,30.0,0,0
75,13,5,9,10,Y6079071,,,,0,30.0,0,0
75,13,5,9,11,Y6079072,,,,0,30.0,0,0
75,13,5,9,12,Y6079073,,,,0,30.0,0,0
75,13,5,9,13,Y6079074,,,,0,30.0,0,0
75,13,5,9,14,Y6079075,,,,0,30.0,0,0
75,13,5,9,15,Y6079076,,,,0,30.0,0,0
75,13,5,9,16,Y6079077,,,,0,30.0,0,2
75,13,5,9,17,Y6079078,,,,0,30.0,0,2
75,13,5,9,18,Y6079079,,,,0,30.0,0,2
75,13,5,9,19,Y6079080,,,,0,30.0,0,2
75,13,5,9,20,Y6079081,,,,0,30.0,0,2
75,13,5,9,21,Y6079082,,,,0,30.0,0,0
75,13,5,9,22,Y6079083,,,,0,30.0,0,0
75,13,5,9,23,Y6079084,,,,0,30.0,0,0
75,13,5,9,24,Y6079085,,,,0,30.0,0,0
75,13,5,9,25,Y6079086,,,,0,30.0,0,0
75,13,5,9,26,Y6079087,,,,0,30.0,0,0
75,13,5,9,27,Y6079088,,,,0,30.0,0,0
75,13,5,9,28,Y6079089,,,,0,30.0,0,0
75,13,5,9,29,Y6079090,,,,0,30.0,0,0
75,13,5,9,30,Y6079091,,,,0,30.0,0,0
75,13,5,10,10,Y6079092,,,,0,30.0,0,0
75,13,5,10,11,Y6079093,,,,0,30.0,0,0
75,13,5,10,12,Y6079094,,,,0,30.0,0,0
75,13,5,10,13,Y6079095,,,,0,30.0,0,0
75,13,5,10,14,Y6079096,,,,0,30.0,0,0
75,13,5,10,15,Y6079097,,,,0,30.0,0,0
75,13,5,10,16,Y6079098,,,,0,30.0,0,2
75,13,5,10,17,Y6079099,,,,0,30.0,0,1
75,13,5,10,18,Y6079100,,,,0,30.0,0,1
75,13,5,10,19,Y6079101,,,,0,30.0,0,1
75,13,5,10,20,Y6079102,,,,0,30.0,0,2
75,13,5,10,21,Y6079103,,,,0,30.0,0,0
75,13,5,10,22,Y6079104,,,,0,30.0,0,0
75,13,5,10,23,Y6079105,,,,0,30.0,0,0
75,13,5,10,24,Y6079106,,,,0,30.0,0,0
75,13,5,10,25,Y6079107,,,,0,30.0,0,0
75,13,5,10,26,Y6079108,,,,0,30.0,0,0
75,13,5,10,27,Y6079109,,,,0,30.0,0,0
75,13,5,10,28,Y6079110,,,,0,30.0,0,0
75,13,5,10,29,Y6079111,,,,0,30.0,0,0
75,13,5,10,30,Y6079112,,,,0,30.0,0,0
75,13,5,11,10,Y6079113,,,,0,30.0,0,0
75,13,5,11,11,Y6079114,,,,0,30.0,0,0
75,13,5,11,12,Y6079115,,,,0,30.0,0,0
75,13,5,11,13,Y6079116,,,,0,30.0,0,0
75,13,5,11,14,Y6079117,,,,0,30.0,0,0
75,13,5,11,15,Y6079118,,,,0,30.0,0,0
75,13,5,11,16,Y6079119,,,,0,30.0,0,2
75,13,5,11,17,Y6079120,,,,0,30.0,0,1
75,13,5,11,18,Y6079121,,,,0,30.0,0,1
75,13,5,11,19,Y6079122,,,,0,30.0,0,1
75,13,5,11,20,Y6079123,,,,0,30.0,0,2
75,13,5,11,21,Y6079124,,,,0,30.0,0,0
75,13,5,11,22,Y6079125,,,,0,30.0,0,0
75,13,5,11,23,Y6079126,,,,0,30.0,0,0
75,13,5,11,24,Y6079127,,,,0,30.0,0,0
75,13,5,11,25,Y6079128,,,,0,30.0,0,0
75,13,5,11,26,Y6079129,,,,0,30.0,0,0
75,13,5,11,27,Y6079130,,,,0,30.0,0,0
75,13,5,11,28,Y6079131,,,,0,30.0,0,0
75,13,5,11,29,Y6079132,,,,0,30.0,0,0
75,13,5,11,30,Y6079133,,,,0,30.0,0,0
75,13,5,12,10,Y6079134,,,,0,30.0,0,0
75,13,5,12,11,Y6079135,,,,0,30.0,0,0
75,13,5,12,12,Y6079136,,,,0,30.0,0,0
75,13,5,12,13,Y6079137,,,,0,30.0,0,0
75,13,5,12,14,Y6079138,,,,0,30.0,0,0
75,13,5,12,15,Y6079139,,,,0,30.0,0,0
75,13,5,12,16,Y6079140,,,,0,30.0,0,2
75,13,5,12,17,Y6079141,,,,0,30.0,0,1
75,13,5,12,18,Y6079142,,,,0,30.0,0,1
75,13,5,12,19,Y6079143,,,,0,30.0,0,1
75,13,5,12,20,Y6079144,,,,0,30.0,0,2
75,13,5,12,21,Y6079145,,,,0,30.0,0,0
75,13,5,12,22,Y6079146,,,,0,30.0,0,0
75,13,5,12,23,Y6079147,,,,0,30.0,0,0
75,13,5,12,24,Y6079148,,,,0,30.0,0,0
75,13,5,12,25,Y6079149,,,,0,30.0,0,0
75,13,5,12,26,Y6079150,,,,0,30.0,0,0
75,13,5,12,27,Y6079151,,,,0,30.0,0,0
75,13,5,12,28,Y6079152,,,,0,30.0,0,0
75,13,5,12,29,Y6079153,,,,0,30.0,0,0
75,13,5,12,30,Y6079154,,,,0,30.0,0,0
75,13,6,1,10,Y6079155,,,,0,30.0,0,0
75,13,6,1,11,Y6079156,,,,0,30.0,0,0
75,13,6,1,12,Y6079157,,,,0,30.0,0,0
75,13,6,1,13,Y6079158,,,,0,30.0,0,0
75,13,6,1,14,Y6079159,,,,0,30.0,0,0
75,13,6,1,15,Y6079160,,,,0,30.0,0,0
75,13,6,1,16,Y6079161,,,,0,30.0,0,0
75,13,6,1,17,Y6079162,,,,0,30.0,0,0
75,13,6,1,18,Y6079163,,,,0,30.0,0,0
75,13,6,1,19,Y6079164,,,,0,30.0,0,0
75,13,6,1,20,Y6079165,,,,0,30.0,0,0
75,13,6,1,21,Y6079166,,,,0,30.0,0,0
75,13,6,1,22,Y6079167,,,,0,30.0,0,0
75,13,6,1,23,Y6079168,,,,0,30.0,0,0
75,13,6,1,24,Y6079169,,,,0,30.0,0,0
75,13,6,1,25,Y6079170,,,,0,30.0,0,0
75,13,6,1,26,Y6079171,,,,0,30.0,0,0
75,13,6,1,27,Y6079172,,,,0,30.0,0,0
75,13,6,1,28,Y6079173,,,,0,30.0,0,0
75,13,6,1,29,Y6079174,,,,0,30.0,0,0
75,13,6,1,30,Y6079175,,,,0,30.0,0,0
75,13,6,2,10,Y6079176,,,,0,30.0,0,0
75,13,6,2,11,Y6079177,,,,0,30.0,0,0
75,13,6,2,12,Y6079178,,,,0,30.0,0,0
75,13,6,2,13,Y6079179,,,,0,30.0,0,0
75,13,6,2,14,Y6079180,,,,0,30.0,0,0
75,13,6,2,15,Y6079181,,,,0,30.0,0,0
75,13,6,2,16,Y6079182,,,,0,30.0,0,0
75,13,6,2,17,Y6079183,,,,0,30.0,0,0
75,13,6,2,18,Y6079184,,,,0,30.0,0,0
75,13,6,2,19,Y6079185,,,,0,30.0,0,0
75,13,6,2,20,Y6079186,,,,0,30.0,0,0
75,13,6,2,21,Y6079187,,,,0,30.0,0,0
75,13,6,2,22,Y6079188,,,,0,30.0,0,0
75,13,6,2,23,Y6079189,,,,0,30.0,0,0
75,13,6,2,24,Y6079190,,,,0,30.0,0,0
75,13,6,2,25,Y6079191,,,,0,30.0,0,0
75,13,6,2,26,Y6079192,,,,0,30.0,0,0
75,13,6,2,27,Y6079193,,,,0,30.0,0,0
75,13,6,2,28,Y6079194,,,,0,30.0,0,0
75,13,6,2,29,Y6079195,,,,0,30.0,0,0
75,13,6,2,30,Y6079196,,,,0,30.0,0,0
75,13,6,3,10,Y6079197,,,,0,30.0,0,0
75,13,6,3,11,Y6079198,,,,0,30.0,0,0
75,13,6,3,12,Y6079199,,,,0,30.0,0,0
75,13,6,3,13,Y6079200,,,,0,30.0,0,0
75,13,6,3,14,Y6079201,,,,0,30.0,0,0
75,13,6,3,15,Y6079202,,,,0,30.0,0,0
75,13,6,3,16,Y6079203,,,,0,30.0,0,0
75,13,6,3,17,Y6079204,,,,0,30.0,0,0
75,13,6,3,18,Y6079205,,,,0,30.0,0,0
75,13,6,3,19,Y6079206,,,,0,30.0,0,0
75,13,6,3,20,Y6079207,,,,0,30.0,0,0
75,13,6,3,21,Y6079208,,,,0,30.0,0,0
75,13,6,3,22,Y6079209,,,,0,30.0,0,0
75,13,6,3,23,Y6079210,,,,0,30.0,0,0
75,13,6,3,24,Y6079211,,,,0,30.0,0,0
75,13,6,3,25,Y6079212,,,,0,30.0,0,0
75,13,6,3,26,Y6079213,,,,0,30.0,0,0
75,13,6,3,27,Y6079214,,,,0,30.0,0,0
75,13,6,3,28,Y6079215,,,,0,30.0,0,0
75,13,6,3,29,Y6079216,,,,0,30.0,0,0
75,13,6,3,30,Y6079217,,,,0,30.0,0,0
75,13,6,4,10,Y6079218,,,,0,30.0,0,0
75,13,6,4,11,Y6079219,,,,0,30.0,0,0
75,13,6,4,12,Y6079220,,,,0,30.0,0,0
75,13,6,4,13,Y6079221,,,,0,30.0,0,0
75,13,6,4,14,Y6079222,,,,0,30.0,0,0
75,13,6,4,15,Y6079223,,,,0,30.0,0,0
75,13,6,4,16,Y6079224,,,,0,30.0,0,0
75,13,6,4,17,Y6079225,,,,0,30.0,0,0
75,13,6,4,18,Y6079226,,,,0,30.0,0,0
75,13,6,4,19,Y6079227,,,,0,30.0,0,0
75,13,6,4,20,Y6079228,,,,0,30.0,0,0
75,13,6,4,21,Y6079229,,,,0,30.0,0,0
75,13,6,4,22,Y6079230,,,,0,30.0,0,0
75,13,6,4,23,Y6079231,,,,0,30.0,0,0
75,13,6,4,24,Y6079232,,,,0,30.0,0,0
75,13,6,4,25,Y6079233,,,,0,30.0,0,0
75,13,6,4,26,Y6079234,,,,0,30.0,0,0
75,13,6,4,27,Y6079235,,,,0,30.0,0,0
75,13,6,4,28,Y6079236,,,,0,30.0,0,0
75,13,6,4,29,Y6079237,,,,0,30.0,0,0
75,13,6,4,30,Y6079238,,,,0,30.0,0,0
75,13,6,5,10,Y6079239,,,,0,30.0,0,0
75,13,6,5,11,Y6079240,,,,0,30.0,0,0
75,13,6,5,12,Y6079241,,,,0,30.0,0,0
75,13,6,5,13,Y6079242,,,,0,30.0,0,0
75,13,6,5,14,Y6079243,,,,0,30.0,0,0
75,13,6,5,15,Y6079244,,,,0,30.0,0,0
75,13,6,5,16,Y6079245,,,,0,30.0,0,0
75,13,6,5,17,Y6079246,,,,0,30.0,0,0
75,13,6,5,18,Y6079247,,,,0,30.0,0,0
75,13,6,5,19,Y6079248,,,,0,30.0,0,0
75,13,6,5,20,Y6079249,,,,0,30.0,0,0
75,13,6,5,21,Y6079250,,,,0,30.0,0,0
75,13,6,5,22,Y6079251,,,,0,30.0,0,0
75,13,6,5,23,Y6079252,,,,0,30.0,0,0
75,13,6,5,24,Y6079253,,,,0,30.0,0,0
75,13,6,5,25,Y6079254,,,,0,30.0,0,0
75,13,6,5,26,Y6079255,,,,0,30.0,0,0
75,13,6,5,27,Y6079256,,,,0,30.0,0,0
75,13,6,5,28,Y6079257,,,,0,30.0,0,0
75,13,6,5,29,Y6079258,,,,0,30.0,0,0
75,13,6,5,30,Y6079259,,,,0,30.0,0,0
75,13,6,6,10,Y6079260,,,,0,30.0,0,0
75,13,6,6,11,Y6079261,,,,0,30.0,0,0
75,13,6,6,12,Y6079262,,,,0,30.0,0,0
75,13,6,6,13,Y6079263,,,,0,30.0,0,0
75,13,6,6,14,Y6079264,,,,0,30.0,0,0
75,13,6,6,15,Y6079265,,,,0,30.0,0,0
75,13,6,6,16,Y6079266,,,,0,30.0,0,0
75,13,6,6,17,Y6079267,,,,0,30.0,0,0
75,13,6,6,18,Y6079268,,,,0,30.0,0,0
75,13,6,6,19,Y6079269,,,,0,30.0,0,0
75,13,6,6,20,Y6079270,,,,0,30.0,0,0
75,13,6,6,21,Y6079271,,,,0,30.0,0,0
75,13,6,6,22,Y6079272,,,,0,30.0,0,0
75,13,6,6,23,Y6079273,,,,0,30.0,0,0
75,13,6,6,24,Y6079274,,,,0,30.0,0,0
75,13,6,6,25,Y6079275,,,,0,30.0,0,0
75,13,6,6,26,Y6079276,,,,0,30.0,0,0
75,13,6,6,27,Y6079277,,,,0,30.0,0,0
75,13,6,6,28,Y6079278,,,,0,30.0,0,0
75,13,6,6,29,Y6079279,,,,0,30.0,0,0
75,13,6,6,30,Y6079280,,,,0,30.0,0,0
75,13,6,7,10,Y6079281,,,,0,30.0,0,0
75,13,6,7,11,Y6079282,,,,0,30.0,0,0
75,13,6,7,12,Y6079283,,,,0,30.0,0,0
75,13,6,7,13,Y6079284,,,,0,30.0,0,0
75,13,6,7,14,Y6079285,,,,0,30.0,0,0
75,13,6,7,15,Y6079286,,,,0,30.0,0,0
75,13,6,7,16,Y6079287,,,,0,30.0,0,0
75,13,6,7,17,Y6079288,,,,0,30.0,0,0
75,13,6,7,18,Y6079289,,,,0,30.0,0,0
75,13,6,7,19,Y6079290,,,,0,30.0,0,0
75,13,6,7,20,Y6079291,,,,0,30.0,0,0
75,13,6,7,21,Y6079292,,,,0,30.0,0,0
75,13,6,7,22,Y6079293,,,,0,30.0,0,0
75,13,6,7,23,Y6079294,,,,0,30.0,0,0
75,13,6,7,24,Y6079295,,,,0,30.0,0,0
75,13,6,7,25,Y6079296,,,,0,30.0,0,0
75,13,6,7,26,Y6079297,,,,0,30.0,0,0
75,13,6,7,27,Y6079298,,,,0,30.0,0,0
75,13,6,7,28,Y6079299,,,,0,30.0,0,0
75,13,6,7,29,Y6079300,,,,0,30.0,0,0
75,13,6,7,30,Y6079301,,,,0,30.0,0,0
75,13,6,8,10,Y6079302,,,,0,30.0,0,0
75,13,6,8,11,Y6079303,,,,0,30.0,0,0
75,13,6,8,12,Y6079304,,,,0,30.0,0,0
75,13,6,8,13,Y6079305,,,,0,30.0,0,0
75,13,6,8,14,Y6079306,,,,0,30.0,0,0
75,13,6,8,15,Y6079307,,,,0,30.0,0,0
75,13,6,8,16,Y6079308,,,,0,30.0,0,0
75,13,6,8,17,Y6079309,,,,0,30.0,0,0
75,13,6,8,18,Y6079310,,,,0,30.0,0,0
75,13,6,8,19,Y6079311,,,,0,30.0,0,0
75,13,6,8,20,Y6079312,,,,0,30.0,0,0
75,13,6,8,21,Y6079313,,,,0,30.0,0,0
75,13,6,8,22,Y6079314,,,,0,30.0,0,0
75,13,6,8,23,Y6079315,,,,0,30.0,0,0
75,13,6,8,24,Y6079316,,,,0,30.0,0,0
75,13,6,8,25,Y6079317,,,,0,30.0,0,0
75,13,6,8,26,Y6079318,,,,0,30.0,0,0
75,13,6,8,27,Y6079319,,,,0,30.0,0,0
75,13,6,8,28,Y6079320,,,,0,30.0,0,0
75,13,6,8,29,Y6079321,,,,0,30.0,0,0
75,13,6,8,30,Y6079322,,,,0,30.0,0,0
75,13,6,9,10,Y6079323,,,,0,30.0,0,0
75,13,6,9,11,Y6079324,,,,0,30.0,0,0
75,13,6,9,12,Y6079325,,,,0,30.0,0,0
75,13,6,9,13,Y6079326,,,,0,30.0,0,0
75,13,6,9,14,Y6079327,,,,0,30.0,0,0
75,13,6,9,15,Y6079328,,,,0,30.0,0,0
75,13,6,9,16,Y6079329,,,,0,30.0,0,2
75,13,6,9,17,Y6079330,,,,0,30.0,0,2
75,13,6,9,18,Y6079331,,,,0,30.0,0,2
75,13,6,9,19,Y6079332,,,,0,30.0,0,2
75,13,6,9,20,Y6079333,,,,0,30.0,0,2
75,13,6,9,21,Y6079334,,,,0,30.0,0,0
75,13,6,9,22,Y6079335,,,,0,30.0,0,0
75,13,6,9,23,Y6079336,,,,0,30.0,0,0
75,13,6,9,24,Y6079337,,,,0,30.0,0,0
75,13,6,9,25,Y6079338,,,,0,30.0,0,0
75,13,6,9,26,Y6079339,,,,0,30.0,0,0
75,13,6,9,27,Y6079340,,,,0,30.0,0,0
75,13,6,9,28,Y6079341,,,,0,30.0,0,0
75,13,6,9,29,Y6079342,,,,0,30.0,0,0
75,13,6,9,30,Y6079343,,,,0,30.0,0,0
75,13,6,10,10,Y6079344,,,,0,30.0,0,0
75,13,6,10,11,Y6079345,,,,0,30.0,0,0
75,13,6,10,12,Y6079346,,,,0,30.0,0,0
75,13,6,10,13,Y6079347,,,,0,30.0,0,0
75,13,6,10,14,Y6079348,,,,0,30.0,0,0
75,13,6,10,15,Y6079349,,,,0,30.0,0,0
75,13,6,10,16,Y6079350,,,,0,30.0,0,2
75,13,6,10,17,Y6079351,,,,0,30.0,0,1
75,13,6,10,18,Y6079352,,,,0,30.0,0,1
75,13,6,10,19,Y6079353,,,,0,30.0,0,1
75,13,6,10,20,Y6079354,,,,0,30.0,0,2
75,13,6,10,21,Y6079355,,,,0,30.0,0,0
75,13,6,10,22,Y6079356,,,,0,30.0,0,0
75,13,6,10,23,Y6079357,,,,0,30.0,0,0
75,13,6,10,24,Y6079358,,,,0,30.0,0,0
75,13,6,10,25,Y6079359,,,,0,30.0,0,0
75,13,6,10,26,Y6079360,,,,0,30.0,0,0
75,13,6,10,27,Y6079361,,,,0,30.0,0,0
75,13,6,10,28,Y6079362,,,,0,30.0,0,0
75,13,6,10,29,Y6079363,,,,0,30.0,0,0
75,13,6,10,30,Y6079364,,,,0,30.0,0,0
75,13,6,11,10,Y6079365,,,,0,30.0,0,0
75,13,6,11,11,Y6079366,,,,0,30.0,0,0
75,13,6,11,12,Y6079367,,,,0,30.0,0,0
75,13,6,11,13,Y6079368,,,,0,30.0,0,0
75,13,6,11,14,Y6079369,,,,0,30.0,0,0
75,13,6,11,15,Y6079370,,,,0,30.0,0,0
75,13,6,11,16,Y6079371,,,,0,30.0,0,2
75,13,6,11,17,Y6079372,,,,0,30.0,0,1
75,13,6,11,18,Y6079373,,,,0,30.0,0,1
75,13,6,11,19,Y6079374,,,,0,30.0,0,1
75,13,6,11,20,Y6079375,,,,0,30.0,0,2
75,13,6,11,21,Y6079376,,,,0,30.0,0,0
75,13,6,11,22,Y6079377,,,,0,30.0,0,0
75,13,6,11,23,Y6079378,,,,0,30.0,0,0
75,13,6,11,24,Y6079379,,,,0,30.0,0,0
75,13,6,11,25,Y6079380,,,,0,30.0,0,0
75,13,6,11,26,Y6079381,,,,0,30.0,0,0
75,13,6,11,27,Y6079382,,,,0,30.0,0,0
75,13,6,11,28,Y6079383,,,,0,30.0,0,0
75,13,6,11,29,Y6079384,,,,0,30.0,0,0
75,13,6,11,30,Y6079385,,,,0,30.0,0,0
75,13,6,12,10,Y6079386,,,,0,30.0,0,0
75,13,6,12,11,Y6079387,,,,0,30.0,0,0
75,13,6,12,12,Y6079388,,,,0,30.0,0,0
75,13,6,12,13,Y6079389,,,,0,30.0,0,0
75,13,6,12,14,Y6079390,,,,0,30.0,0,0
75,13,6,12,15,Y6079391,,,,0,30.0,0,0
75,13,6,12,16,Y6079392,,,,0,30.0,0,2
75,13,6,12,17,Y6079393,,,,0,30.0,0,1
75,13,6,12,18,Y6079394,,,,0,30.0,0,1
75,13,6,12,19,Y6079395,,,,0,30.0,0,1
75,13,6,12,20,Y6079396,,,,0,30.0,0,2
75,13,6,12,21,Y6079397,,,,0,30.0,0,0
75,13,6,12,22,Y6079398,,,,0,30.0,0,0
75,13,6,12,23,Y6079399,,,,0,30.0,0,0
75,13,6,12,24,Y6079400,,,,0,30.0,0,0
75,13,6,12,25,Y6079401,,,,0,30.0,0,0
75,13,6,12,26,Y6079402,,,,0,30.0,0,0
75,13,6,12,27,Y6079403,,,,0,30.0,0,0
75,13,6,12,28,Y6079404,,,,0,30.0,0,0
75,13,6,12,29,Y6079405,,,,0,30.0,0,0
75,13,6,12,30,Y6079406,,,,0,30.0,0,0
75,13,7,1,10,Y6079407,,,,0,30.0,0,0
75,13,7,1,11,Y6079408,,,,0,30.0,0,0
75,13,7,1,12,Y6079409,,,,0,30.0,0,0
75,13,7,1,13,Y6079410,,,,0,30.0,0,0
75,13,7,1,14,Y6079411,,,,0,30.0,0,0
75,13,7,1,15,Y6079412,,,,0,30.0,0,0
75,13,7,1,16,Y6079413,,,,0,30.0,0,0
75,13,7,1,17,Y6079414,,,,0,30.0,0,0
75,13,7,1,18,Y6079415,,,,0,30.0,0,0
75,13,7,1,19,Y6079416,,,,0,30.0,0,0
75,13,7,1,20,Y6079417,,,,0,30.0,0,0
75,13,7,1,21,Y6079418,,,,0,30.0,0,0
75,13,7,1,22,Y6079419,,,,0,30.0,0,0
75,13,7,1,23,Y6079420,,,,0,30.0,0,0
75,13,7,1,24,Y6079421,,,,0,30.0,0,0
75,13,7,1,25,Y6079422,,,,0,30.0,0,0
75,13,7,1,26,Y6079423,,,,0,30.0,0,0
75,13,7,1,27,Y6079424,,,,0,30.0,0,0
75,13,7,1,28,Y6079425,,,,0,30.0,0,0
75,13,7,1,29,Y6079426,,,,0,30.0,0,0
75,13,7,1,30,Y6079427,,,,0,30.0,0,0
75,13,7,2,10,Y6079428,,,,0,30.0,0,0
75,13,7,2,11,Y6079429,,,,0,30.0,0,0
75,13,7,2,12,Y6079430,,,,0,30.0,0,0
75,13,7,2,13,Y6079431,,,,0,30.0,0,0
75,13,7,2,14,Y6079432,,,,0,30.0,0,0
75,13,7,2,15,Y6079433,,,,0,30.0,0,0
75,13,7,2,16,Y6079434,,,,0,30.0,0,0
75,13,7,2,17,Y6079435,,,,0,30.0,0,0
75,13,7,2,18,Y6079436,,,,0,30.0,0,0
75,13,7,2,19,Y6079437,,,,0,30.0,0,0
75,13,7,2,20,Y6079438,,,,0,30.0,0,0
75,13,7,2,21,Y6079439,,,,0,30.0,0,0
75,13,7,2,22,Y6079440,,,,0,30.0,0,0
75,13,7,2,23,Y6079441,,,,0,30.0,0,0
75,13,7,2,24,Y6079442,,,,0,30.0,0,0
75,13,7,2,25,Y6079443,,,,0,30.0,0,0
75,13,7,2,26,Y6079444,,,,0,30.0,0,0
75,13,7,2,27,Y6079445,,,,0,30.0,0,0
75,13,7,2,28,Y6079446,,,,0,30.0,0,0
75,13,7,2,29,Y6079447,,,,0,30.0,0,0
75,13,7,2,30,Y6079448,,,,0,30.0,0,0
75,13,7,3,10,Y6079449,,,,0,30.0,0,0
75,13,7,3,11,Y6079450,,,,0,30.0,0,0
75,13,7,3,12,Y6079451,,,,0,30.0,0,0
75,13,7,3,13,Y6079452,,,,0,30.0,0,0
75,13,7,3,14,Y6079453,,,,0,30.0,0,0
75,13,7,3,15,Y6079454,,,,0,30.0,0,0
75,13,7,3,16,Y6079455,,,,0,30.0,0,0
75,13,7,3,17,Y6079456,,,,0,30.0,0,0
75,13,7,3,18,Y6079457,,,,0,30.0,0,0
75,13,7,3,19,Y6079458,,,,0,30.0,0,0
75,13,7,3,20,Y6079459,,,,0,30.0,0,0
75,13,7,3,21,Y6079460,,,,0,30.0,0,0
75,13,7,3,22,Y6079461,,,,0,30.0,0,0
75,13,7,3,23,Y6079462,,,,0,30.0,0,0
75,13,7,3,24,Y6079463,,,,0,30.0,0,0
75,13,7,3,25,Y6079464,,,,0,30.0,0,0
75,13,7,3,26,Y6079465,,,,0,30.0,0,0
75,13,7,3,27,Y6079466,,,,0,30.0,0,0
75,13,7,3,28,Y6079467,,,,0,30.0,0,0
75,13,7,3,29,Y6079468,,,,0,30.0,0,0
75,13,7,3,30,Y6079469,,,,0,30.0,0,0
75,13,7,4,10,Y6079470,,,,0,30.0,0,0
75,13,7,4,11,Y6079471,,,,0,30.0,0,0
75,13,7,4,12,Y6079472,,,,0,30.0,0,0
75,13,7,4,13,Y6079473,,,,0,30.0,0,0
75,13,7,4,14,Y6079474,,,,0,30.0,0,0
75,13,7,4,15,Y6079475,,,,0,30.0,0,0
75,13,7,4,16,Y6079476,,,,0,30.0,0,0
75,13,7,4,17,Y6079477,,,,0,30.0,0,0
75,13,7,4,18,Y6079478,,,,0,30.0,0,0
75,13,7,4,19,Y6079479,,,,0,30.0,0,0
75,13,7,4,20,Y6079480,,,,0,30.0,0,0
75,13,7,4,21,Y6079481,,,,0,30.0,0,0
75,13,7,4,22,Y6079482,,,,0,30.0,0,0
75,13,7,4,23,Y6079483,,,,0,30.0,0,0
75,13,7,4,24,Y6079484,,,,0,30.0,0,0
75,13,7,4,25,Y6079485,,,,0,30.0,0,0
75,13,7,4,26,Y6079486,,,,0,30.0,0,0
75,13,7,4,27,Y6079487,,,,0,30.0,0,0
75,13,7,4,28,Y6079488,,,,0,30.0,0,0
75,13,7,4,29,Y6079489,,,,0,30.0,0,0
75,13,7,4,30,Y6079490,,,,0,30.0,0,0
75,13,7,5,10,Y6079491,,,,0,30.0,0,0
75,13,7,5,11,Y6079492,,,,0,30.0,0,0
75,13,7,5,12,Y6079493,,,,0,30.0,0,0
75,13,7,5,13,Y6079494,,,,0,30.0,0,0
75,13,7,5,14,Y6079495,,,,0,30.0,0,0
75,13,7,5,15,Y6079496,,,,0,30.0,0,0
75,13,7,5,16,Y6079497,,,,0,30.0,0,0
75,13,7,5,17,Y6079498,,,,0,30.0,0,0
75,13,7,5,18,Y6079499,,,,0,30.0,0,0
75,13,7,5,19,Y6079500,,,,0,30.0,0,0
75,13,7,5,20,Y6079501,,,,0,30.0,0,0
75,13,7,5,21,Y6079502,,,,0,30.0,0,0
75,13,7,5,22,Y6079503,,,,0,30.0,0,0
75,13,7,5,23,Y6079504,,,,0,30.0,0,0
75,13,7,5,24,Y6079505,,,,0,30.0,0,0
75,13,7,5,25,Y6079506,,,,0,30.0,0,0
75,13,7,5,26,Y6079507,,,,0,30.0,0,0
75,13,7,5,27,Y6079508,,,,0,30.0,0,0
75,13,7,5,28,Y6079509,,,,0,30.0,0,0
75,13,7,5,29,Y6079510,,,,0,30.0,0,0
75,13,7,5,30,Y6079511,,,,0,30.0,0,0
75,13,7,6,10,Y6079512,,,,0,30.0,0,0
75,13,7,6,11,Y6079513,,,,0,30.0,0,0
75,13,7,6,12,Y6079514,,,,0,30.0,0,0
75,13,7,6,13,Y6079515,,,,0,30.0,0,0
75,13,7,6,14,Y6079516,,,,0,30.0,0,0
75,13,7,6,15,Y6079517,,,,0,30.0,0,0
75,13,7,6,16,Y6079518,,,,0,30.0,0,0
75,13,7,6,17,Y6079519,,,,0,30.0,0,0
75,13,7,6,18,Y6079520,,,,0,30.0,0,0
75,13,7,6,19,Y6079521,,,,0,30.0,0,0
75,13,7,6,20,Y6079522,,,,0,30.0,0,0
75,13,7,6,21,Y6079523,,,,0,30.0,0,0
75,13,7,6,22,Y6079524,,,,0,30.0,0,0
75,13,7,6,23,Y6079525,,,,0,30.0,0,0
75,13,7,6,24,Y6079526,,,,0,30.0,0,0
75,13,7,6,25,Y6079527,,,,0,30.0,0,0
75,13,7,6,26,Y6079528,,,,0,30.0,0,0
75,13,7,6,27,Y6079529,,,,0,30.0,0,0
75,13,7,6,28,Y6079530,,,,0,30.0,0,0
75,13,7,6,29,Y6079531,,,,0,30.0,0,0
75,13,7,6,30,Y6079532,,,,0,30.0,0,0
75,13,7,7,10,Y6079533,,,,0,30.0,0,0
75,13,7,7,11,Y6079534,,,,0,30.0,0,0
75,13,7,7,12,Y6079535,,,,0,30.0,0,0
75,13,7,7,13,Y6079536,,,,0,30.0,0,0
75,13,7,7,14,Y6079537,,,,0,30.0,0,0
75,13,7,7,15,Y6079538,,,,0,30.0,0,0
75,13,7,7,16,Y6079539,,,,0,30.0,0,0
75,13,7,7,17,Y6079540,,,,0,30.0,0,0
75,13,7,7,18,Y6079541,,,,0,30.0,0,0
75,13,7,7,19,Y6079542,,,,0,30.0,0,0
75,13,7,7,20,Y6079543,,,,0,30.0,0,0
75,13,7,7,21,Y6079544,,,,0,30.0,0,0
75,13,7,7,22,Y6079545,,,,0,30.0,0,0
75,13,7,7,23,Y6079546,,,,0,30.0,0,0
75,13,7,7,24,Y6079547,,,,0,30.0,0,0
75,13,7,7,25,Y6079548,,,,0,30.0,0,0
75,13,7,7,26,Y6079549,,,,0,30.0,0,0
75,13,7,7,27,Y6079550,,,,0,30.0,0,0
75,13,7,7,28,Y6079551,,,,0,30.0,0,0
75,13,7,7,29,Y6079552,,,,0,30.0,0,0
75,13,7,7,30,Y6079553,,,,0,30.0,0,0
75,13,7,8,10,Y6079554,,,,0,30.0,0,0
75,13,7,8,11,Y6079555,,,,0,30.0,0,0
75,13,7,8,12,Y6079556,,,,0,30.0,0,0
75,13,7,8,13,Y6079557,,,,0,30.0,0,0
75,13,7,8,14,Y6079558,,,,0,30.0,0,0
75,13,7,8,15,Y6079559,,,,0,30.0,0,0
75,13,7,8,16,Y6079560,,,,0,30.0,0,0
75,13,7,8,17,Y6079561,,,,0,30.0,0,0
75,13,7,8,18,Y6079562,,,,0,30.0,0,0
75,13,7,8,19,Y6079563,,,,0,30.0,0,0
75,13,7,8,20,Y6079564,,,,0,30.0,0,0
75,13,7,8,21,Y6079565,,,,0,30.0,0,0
75,13,7,8,22,Y6079566,,,,0,30.0,0,0
75,13,7,8,23,Y6079567,,,,0,30.0,0,0
75,13,7,8,24,Y6079568,,,,0,30.0,0,0
75,13,7,8,25,Y6079569,,,,0,30.0,0,0
75,13,7,8,26,Y6079570,,,,0,30.0,0,0
75,13,7,8,27,Y6079571,,,,0,30.0,0,0
75,13,7,8,28,Y6079572,,,,0,30.0,0,0
75,13,7,8,29,Y6079573,,,,0,30.0,0,0
75,13,7,8,30,Y6079574,,,,0,30.0,0,0
75,13,7,9,10,Y6079575,,,,0,30.0,0,0
75,13,7,9,11,Y6079576,,,,0,30.0,0,0
75,13,7,9,12,Y6079577,,,,0,30.0,0,0
75,13,7,9,13,Y6079578,,,,0,30.0,0,0
75,13,7,9,14,Y6079579,,,,0,30.0,0,0
75,13,7,9,15,Y6079580,,,,0,30.0,0,0
75,13,7,9,16,Y6079581,,,,0,30.0,0,2
75,13,7,9,17,Y6079582,,,,0,30.0,0,2
75,13,7,9,18,Y6079583,,,,0,30.0,0,2
75,13,7,9,19,Y6079584,,,,0,30.0,0,2
75,13,7,9,20,Y6079585,,,,0,30.0,0,2
75,13,7,9,21,Y6079586,,,,0,30.0,0,0
75,13,7,9,22,Y6079587,,,,0,30.0,0,0
75,13,7,9,23,Y6079588,,,,0,30.0,0,0
75,13,7,9,24,Y6079589,,,,0,30.0,0,0
75,13,7,9,25,Y6079590,,,,0,30.0,0,0
75,13,7,9,26,Y6079591,,,,0,30.0,0,0
75,13,7,9,27,Y6079592,,,,0,30.0,0,0
75,13,7,9,28,Y6079593,,,,0,30.0,0,0
75,13,7,9,29,Y6079594,,,,0,30.0,0,0
75,13,7,9,30,Y6079595,,,,0,30.0,0,0
75,13,7,10,10,Y6079596,,,,0,30.0,0,0
75,13,7,10,11,Y6079597,,,,0,30.0,0,0
75,13,7,10,12,Y6079598,,,,0,30.0,0,0
75,13,7,10,13,Y6079599,,,,0,30.0,0,0
75,13,7,10,14,Y6079600,,,,0,30.0,0,0
75,13,7,10,15,Y6079601,,,,0,30.0,0,0
75,13,7,10,16,Y6079602,,,,0,30.0,0,2
75,13,7,10,17,Y6079603,,,,0,30.0,0,1
75,13,7,10,18,Y6079604,,,,0,30.0,0,1
75,13,7,10,19,Y6079605,,,,0,30.0,0,1
75,13,7,10,20,Y6079606,,,,0,30.0,0,2
75,13,7,10,21,Y6079607,,,,0,30.0,0,0
75,13,7,10,22,Y6079608,,,,0,30.0,0,0
75,13,7,10,23,Y6079609,,,,0,30.0,0,0
75,13,7,10,24,Y6079610,,,,0,30.0,0,0
75,13,7,10,25,Y6079611,,,,0,30.0,0,0
75,13,7,10,26,Y6079612,,,,0,30.0,0,0
75,13,7,10,27,Y6079613,,,,0,30.0,0,0
75,13,7,10,28,Y6079614,,,,0,30.0,0,0
75,13,7,10,29,Y6079615,,,,0,30.0,0,0
75,13,7,10,30,Y6079616,,,,0,30.0,0,0
75,13,7,11,10,Y6079617,,,,0,30.0,0,0
75,13,7,11,11,Y6079618,,,,0,30.0,0,0
75,13,7,11,12,Y6079619,,,,0,30.0,0,0
75,13,7,11,13,Y6079620,,,,0,30.0,0,0
75,13,7,11,14,Y6079621,,,,0,30.0,0,0
75,13,7,11,15,Y6079622,,,,0,30.0,0,0
75,13,7,11,16,Y6079623,,,,0,30.0,0,2
75,13,7,11,17,Y6079624,,,,0,30.0,0,1
75,13,7,11,18,Y6079625,,,,0,30.0,0,1
75,13,7,11,19,Y6079626,,,,0,30.0,0,1
75,13,7,11,20,Y6079627,,,,0,30.0,0,2
75,13,7,11,21,Y6079628,,,,0,30.0,0,0
75,13,7,11,22,Y6079629,,,,0,30.0,0,0
75,13,7,11,23,Y6079630,,,,0,30.0,0,0
75,13,7,11,24,Y6079631,,,,0,30.0,0,0
75,13,7,11,25,Y6079632,,,,0,30.0,0,0
75,13,7,11,26,Y6079633,,,,0,30.0,0,0
75,13,7,11,27,Y6079634,,,,0,30.0,0,0
75,13,7,11,28,Y6079635,,,,0,30.0,0,0
75,13,7,11,29,Y6079636,,,,0,30.0,0,0
75,13,7,11,30,Y6079637,,,,0,30.0,0,0
75,13,7,12,10,Y6079638,,,,0,30.0,0,0
75,13,7,12,11,Y6079639,,,,0,30.0,0,0
75,13,7,12,12,Y6079640,,,,0,30.0,0,0
75,13,7,12,13,Y6079641,,,,0,30.0,0,0
75,13,7,12,14,Y6079642,,,,0,30.0,0,0
75,13,7,12,15,Y6079643,,,,0,30.0,0,0
75,13,7,12,16,Y6079644,,,,0,30.0,0,2
75,13,7,12,17,Y6079645,,,,0,30.0,0,1
75,13,7,12,18,Y6079646,,,,0,30.0,0,1
75,13,7,12,19,Y6079647,,,,0,30.0,0,1
75,13,7,12,20,Y6079648,,,,0,30.0,0,2
75,13,7,12,21,Y6079649,,,,0,30.0,0,0
75,13,7,12,22,Y6079650,,,,0,30.0,0,0
75,13,7,12,23,Y6079651,,,,0,30.0,0,0
75,13,7,12,24,Y6079652,,,,0,30.0,0,0
75,13,7,12,25,Y6079653,,,,0,30.0,0,0
75,13,7,12,26,Y6079654,,,,0,30.0,0,0
75,13,7,12,27,Y6079655,,,,0,30.0,0,0
75,13,7,12,28,Y6079656,,,,0,30.0,0,0
75,13,7,12,29,Y6079657,,,,0,30.0,0,0
75,13,7,12,30,Y6079658,,,,0,30.0,0,0
75,13,8,1,10,Y6079659,,,,0,30.0,0,0
75,13,8,1,11,Y6079660,,,,0,30.0,0,0
75,13,8,1,12,Y6079661,,,,0,30.0,0,0
75,13,8,1,13,Y6079662,,,,0,30.0,0,0
75,13,8,1,14,Y6079663,,,,0,30.0,0,0
75,13,8,1,15,Y6079664,,,,0,30.0,0,0
75,13,8,1,16,Y6079665,,,,0,30.0,0,0
75,13,8,1,17,Y6079666,,,,0,30.0,0,0
75,13,8,1,18,Y6079667,,,,0,30.0,0,0
75,13,8,1,19,Y6079668,,,,0,30.0,0,0
75,13,8,1,20,Y6079669,,,,0,30.0,0,0
75,13,8,1,21,Y6079670,,,,0,30.0,0,0
75,13,8,1,22,Y6079671,,,,0,30.0,0,0
75,13,8,1,23,Y6079672,,,,0,30.0,0,0
75,13,8,1,24,Y6079673,,,,0,30.0,0,0
75,13,8,1,25,Y6079674,,,,0,30.0,0,0
75,13,8,1,26,Y6079675,,,,0,30.0,0,0
75,13,8,1,27,Y6079676,,,,0,30.0,0,0
75,13,8,1,28,Y6079677,,,,0,30.0,0,0
75,13,8,1,29,Y6079678,,,,0,30.0,0,0
75,13,8,1,30,Y6079679,,,,0,30.0,0,0
75,13,8,2,10,Y6079680,,,,0,30.0,0,0
75,13,8,2,11,Y6079681,,,,0,30.0,0,0
75,13,8,2,12,Y6079682,,,,0,30.0,0,0
75,13,8,2,13,Y6079683,,,,0,30.0,0,0
75,13,8,2,14,Y6079684,,,,0,30.0,0,0
75,13,8,2,15,Y6079685,,,,0,30.0,0,0
75,13,8,2,16,Y6079686,,,,0,30.0,0,0
75,13,8,2,17,Y6079687,,,,0,30.0,0,0
75,13,8,2,18,Y6079688,,,,0,30.0,0,0
75,13,8,2,19,Y6079689,,,,0,30.0,0,0
75,13,8,2,20,Y6079690,,,,0,30.0,0,0
75,13,8,2,21,Y6079691,,,,0,30.0,0,0
75,13,8,2,22,Y6079692,,,,0,30.0,0,0
75,13,8,2,23,Y6079693,,,,0,30.0,0,0
75,13,8,2,24,Y6079694,,,,0,30.0,0,0
75,13,8,2,25,Y6079695,,,,0,30.0,0,0
75,13,8,2,26,Y6079696,,,,0,30.0,0,0
75,13,8,2,27,Y6079697,,,,0,30.0,0,0
75,13,8,2,28,Y6079698,,,,0,30.0,0,0
75,13,8,2,29,Y6079699,,,,0,30.0,0,0
75,13,8,2,30,Y6079700,,,,0,30.0,0,0
75,13,8,3,10,Y6079701,,,,0,30.0,0,0
75,13,8,3,11,Y6079702,,,,0,30.0,0,0
75,13,8,3,12,Y6079703,,,,0,30.0,0,0
75,13,8,3,13,Y6079704,,,,0,30.0,0,0
75,13,8,3,14,Y6079705,,,,0,30.0,0,0
75,13,8,3,15,Y6079706,,,,0,30.0,0,0
75,13,8,3,16,Y6079707,,,,0,30.0,0,0
75,13,8,3,17,Y6079708,,,,0,30.0,0,0
75,13,8,3,18,Y6079709,,,,0,30.0,0,0
75,13,8,3,19,Y6079710,,,,0,30.0,0,0
75,13,8,3,20,Y6079711,,,,0,30.0,0,0
75,13,8,3,21,Y6079712,,,,0,30.0,0,0
75,13,8,3,22,Y6079713,,,,0,30.0,0,0
75,13,8,3,23,Y6079714,,,,0,30.0,0,0
75,13,8,3,24,Y6079715,,,,0,30.0,0,0
75,13,8,3,25,Y6079716,,,,0,30.0,0,0
75,13,8,3,26,Y6079717,,,,0,30.0,0,0
75,13,8,3,27,Y6079718,,,,0,30.0,0,0
75,13,8,3,28,Y6079719,,,,0,30.0,0,0
75,13,8,3,29,Y6079720,,,,0,30.0,0,0
75,13,8,3,30,Y6079721,,,,0,30.0,0,0
75,13,8,4,10,Y6079722,,,,0,30.0,0,0
75,13,8,4,11,Y6079723,,,,0,30.0,0,0
75,13,8,4,12,Y6079724,,,,0,30.0,0,0
75,13,8,4,13,Y6079725,,,,0,30.0,0,0
75,13,8,4,14,Y6079726,,,,0,30.0,0,0
75,13,8,4,15,Y6079727,,,,0,30.0,0,0
75,13,8,4,16,Y6079728,,,,0,30.0,0,0
75,13,8,4,17,Y6079729,,,,0,30.0,0,0
75,13,8,4,18,Y6079730,,,,0,30.0,0,0
75,13,8,4,19,Y6079731,,,,0,30.0,0,0
75,13,8,4,20,Y6079732,,,,0,30.0,0,0
75,13,8,4,21,Y6079733,,,,0,30.0,0,0
75,13,8,4,22,Y6079734,,,,0,30.0,0,0
75,13,8,4,23,Y6079735,,,,0,30.0,0,0
75,13,8,4,24,Y6079736,,,,0,30.0,0,0
75,13,8,4,25,Y6079737,,,,0,30.0,0,0
75,13,8,4,26,Y6079738,,,,0,30.0,0,0
75,13,8,4,27,Y6079739,,,,0,30.0,0,0
75,13,8,4,28,Y6079740,,,,0,30.0,0,0
75,13,8,4,29,Y6079741,,,,0,30.0,0,0
75,13,8,4,30,Y6079742,,,,0,30.0,0,0
75,13,8,5,10,Y6079743,,,,0,30.0,0,0
75,13,8,5,11,Y6079744,,,,0,30.0,0,0
75,13,8,5,12,Y6079745,,,,0,30.0,0,0
75,13,8,5,13,Y6079746,,,,0,30.0,0,0
75,13,8,5,14,Y6079747,,,,0,30.0,0,0
75,13,8,5,15,Y6079748,,,,0,30.0,0,0
75,13,8,5,16,Y6079749,,,,0,30.0,0,0
75,13,8,5,17,Y6079750,,,,0,30.0,0,0
75,13,8,5,18,Y6079751,,,,0,30.0,0,0
75,13,8,5,19,Y6079752,,,,0,30.0,0,0
75,13,8,5,20,Y6079753,,,,0,30.0,0,0
75,13,8,5,21,Y6079754,,,,0,30.0,0,0
75,13,8,5,22,Y6079755,,,,0,30.0,0,0
75,13,8,5,23,Y6079756,,,,0,30.0,0,0
75,13,8,5,24,Y6079757,,,,0,30.0,0,0
75,13,8,5,25,Y6079758,,,,0,30.0,0,0
75,13,8,5,26,Y6079759,,,,0,30.0,0,0
75,13,8,5,27,Y6079760,,,,0,30.0,0,0
75,13,8,5,28,Y6079761,,,,0,30.0,0,0
75,13,8,5,29,Y6079762,,,,0,30.0,0,0
75,13,8,5,30,Y6079763,,,,0,30.0,0,0
75,13,8,6,10,Y6079764,,,,0,30.0,0,0
75,13,8,6,11,Y6079765,,,,0,30.0,0,0
75,13,8,6,12,Y6079766,,,,0,30.0,0,0
75,13,8,6,13,Y6079767,,,,0,30.0,0,0
75,13,8,6,14,Y6079768,,,,0,30.0,0,0
75,13,8,6,15,Y6079769,,,,0,30.0,0,0
75,13,8,6,16,Y6079770,,,,0,30.0,0,0
75,13,8,6,17,Y6079771,,,,0,30.0,0,0
75,13,8,6,18,Y6079772,,,,0,30.0,0,0
75,13,8,6,19,Y6079773,,,,0,30.0,0,0
75,13,8,6,20,Y6079774,,,,0,30.0,0,0
75,13,8,6,21,Y6079775,,,,0,30.0,0,0
75,13,8,6,22,Y6079776,,,,0,30.0,0,0
75,13,8,6,23,Y6079777,,,,0,30.0,0,0
75,13,8,6,24,Y6079778,,,,0,30.0,0,0
75,13,8,6,25,Y6079779,,,,0,30.0,0,0
75,13,8,6,26,Y6079780,,,,0,30.0,0,0
75,13,8,6,27,Y6079781,,,,0,30.0,0,0
75,13,8,6,28,Y6079782,,,,0,30.0,0,0
75,13,8,6,29,Y6079783,,,,0,30.0,0,0
75,13,8,6,30,Y6079784,,,,0,30.0,0,0
75,13,8,7,10,Y6079785,,,,0,30.0,0,0
75,13,8,7,11,Y6079786,,,,0,30.0,0,0
75,13,8,7,12,Y6079787,,,,0,30.0,0,0
75,13,8,7,13,Y6079788,,,,0,30.0,0,0
75,13,8,7,14,Y6079789,,,,0,30.0,0,0
75,13,8,7,15,Y6079790,,,,0,30.0,0,0
75,13,8,7,16,Y6079791,,,,0,30.0,0,0
75,13,8,7,17,Y6079792,,,,0,30.0,0,0
75,13,8,7,18,Y6079793,,,,0,30.0,0,0
75,13,8,7,19,Y6079794,,,,0,30.0,0,0
75,13,8,7,20,Y6079795,,,,0,30.0,0,0
75,13,8,7,21,Y6079796,,,,0,30.0,0,0
75,13,8,7,22,Y6079797,,,,0,30.0,0,0
75,13,8,7,23,Y6079798,,,,0,30.0,0,0
75,13,8,7,24,Y6079799,,,,0,30.0,0,0
75,13,8,7,25,Y6079800,,,,0,30.0,0,0
75,13,8,7,26,Y6079801,,,,0,30.0,0,0
75,13,8,7,27,Y6079802,,,,0,30.0,0,0
75,13,8,7,28,Y6079803,,,,0,30.0,0,0
75,13,8,7,29,Y6079804,,,,0,30.0,0,0
75,13,8,7,30,Y6079805,,,,0,30.0,0,0
75,13,8,8,10,Y6079806,,,,0,30.0,0,0
75,13,8,8,11,Y6079807,,,,0,30.0,0,0
75,13,8,8,12,Y6079808,,,,0,30.0,0,0
75,13,8,8,13,Y6079809,,,,0,30.0,0,0
75,13,8,8,14,Y6079810,,,,0,30.0,0,0
75,13,8,8,15,Y6079811,,,,0,30.0,0,0
75,13,8,8,16,Y6079812,,,,0,30.0,0,0
75,13,8,8,17,Y6079813,,,,0,30.0,0,0
75,13,8,8,18,Y6079814,,,,0,30.0,0,0
75,13,8,8,19,Y6079815,,,,0,30.0,0,0
75,13,8,8,20,Y6079816,,,,0,30.0,0,0
75,13,8,8,21,Y6079817,,,,0,30.0,0,0
75,13,8,8,22,Y6079818,,,,0,30.0,0,0
75,13,8,8,23,Y6079819,,,,0,30.0,0,0
75,13,8,8,24,Y6079820,,,,0,30.0,0,0
75,13,8,8,25,Y6079821,,,,0,30.0,0,0
75,13,8,8,26,Y6079822,,,,0,30.0,0,0
75,13,8,8,27,Y6079823,,,,0,30.0,0,0
75,13,8,8,28,Y6079824,,,,0,30.0,0,0
75,13,8,8,29,Y6079825,,,,0,30.0,0,0
75,13,8,8,30,Y6079826,,,,0,30.0,0,0
75,13,8,9,10,Y6079827,,,,0,30.0,0,0
75,13,8,9,11,Y6079828,,,,0,30.0,0,0
75,13,8,9,12,Y6079829,,,,0,30.0,0,0
75,13,8,9,13,Y6079830,,,,0,30.0,0,0
75,13,8,9,14,Y6079831,,,,0,30.0,0,0
75,13,8,9,15,Y6079832,,,,0,30.0,0,0
75,13,8,9,16,Y6079833,,,,0,30.0,0,0
75,13,8,9,17,Y6079834,,,,0,30.0,0,2
75,13,8,9,18,Y6079835,,,,0,30.0,0,2
75,13,8,9,19,Y6079836,,,,0,30.0,0,2
75,13,8,9,20,Y6079837,,,,0,30.0,0,0
75,13,8,9,21,Y6079838,,,,0,30.0,0,0
75,13,8,9,22,Y6079839,,,,0,30.0,0,0
75,13,8,9,23,Y6079840,,,,0,30.0,0,0
75,13,8,9,24,Y6079841,,,,0,30.0,0,0
75,13,8,9,25,Y6079842,,,,0,30.0,0,0
75,13,8,9,26,Y6079843,,,,0,30.0,0,0
75,13,8,9,27,Y6079844,,,,0,30.0,0,0
75,13,8,9,28,Y6079845,,,,0,30.0,0,0
75,13,8,9,29,Y6079846,,,,0,30.0,0,0
75,13,8,9,30,Y6079847,,,,0,30.0,0,0
75,13,8,10,10,Y6079848,,,,0,30.0,0,0
75,13,8,10,11,Y6079849,,,,0,30.0,0,0
75,13,8,10,12,Y6079850,,,,0,30.0,0,0
75,13,8,10,13,Y6079851,,,,0,30.0,0,0
75,13,8,10,14,Y6079852,,,,0,30.0,0,0
75,13,8,10,15,Y6079853,,,,0,30.0,0,0
75,13,8,10,16,Y6079854,,,,0,30.0,0,2
75,13,8,10,17,Y6079855,,,,0,30.0,0,2
75,13,8,10,18,Y6079856,,,,0,30.0,0,2
75,13,8,10,19,Y6079857,,,,0,30.0,0,2
75,13,8,10,20,Y6079858,,,,0,30.0,0,2
75,13,8,10,21,Y6079859,,,,0,30.0,0,0
75,13,8,10,22,Y6079860,,,,0,30.0,0,0
75,13,8,10,23,Y6079861,,,,0,30.0,0,0
75,13,8,10,24,Y6079862,,,,0,30.0,0,0
75,13,8,10,25,Y6079863,,,,0,30.0,0,0
75,13,8,10,26,Y6079864,,,,0,30.0,0,0
75,13,8,10,27,Y6079865,,,,0,30.0,0,0
75,13,8,10,28,Y6079866,,,,0,30.0,0,0
75,13,8,10,29,Y6079867,,,,0,30.0,0,0
75,13,8,10,30,Y6079868,,,,0,30.0,0,0
75,13,8,11,10,Y6079869,,,,0,30.0,0,0
75,13,8,11,11,Y6079870,,,,0,30.0,0,0
75,13,8,11,12,Y6079871,,,,0,30.0,0,0
75,13,8,11,13,Y6079872,,,,0,30.0,0,0
75,13,8,11,14,Y6079873,,,,0,30.0,0,0
75,13,8,11,15,Y6079874,,,,0,30.0,0,0
75,13,8,11,16,Y6079875,,,,0,30.0,0,2
75,13,8,11,17,Y6079876,,,,0,30.0,0,2
75,13,8,11,18,Y6079877,,,,0,30.0,0,2
75,13,8,11,19,Y6079878,,,,0,30.0,0,2
75,13,8,11,20,Y6079879,,,,0,30.0,0,2
75,13,8,11,21,Y6079880,,,,0,30.0,0,0
75,13,8,11,22,Y6079881,,,,0,30.0,0,0
75,13,8,11,23,Y6079882,,,,0,30.0,0,0
75,13,8,11,24,Y6079883,,,,0,30.0,0,0
75,13,8,11,25,Y6079884,,,,0,30.0,0,0
75,13,8,11,26,Y6079885,,,,0,30.0,0,0
75,13,8,11,27,Y6079886,,,,0,30.0,0,0
75,13,8,11,28,Y6079887,,,,0,30.0,0,0
75,13,8,11,29,Y6079888,,,,0,30.0,0,0
75,13,8,11,30,Y6079889,,,,0,30.0,0,0
75,13,8,12,10,Y6079890,,,,0,30.0,0,0
75,13,8,12,11,Y6079891,,,,0,30.0,0,0
75,13,8,12,12,Y6079892,,,,0,30.0,0,0
75,13,8,12,13,Y6079893,,,,0,30.0,0,0
75,13,8,12,14,Y6079894,,,,0,30.0,0,0
75,13,8,12,15,Y6079895,,,,0,30.0,0,0
75,13,8,12,16,Y6079896,,,,0,30.0,0,2
75,13,8,12,17,Y6079897,,,,0,30.0,0,2
75,13,8,12,18,Y6079898,,,,0,30.0,0,2
75,13,8,12,19,Y6079899,,,,0,30.0,0,2
75,13,8,12,20,Y6079900,,,,0,30.0,0,2
75,13,8,12,21,Y6079901,,,,0,30.0,0,0
75,13,8,12,22,Y6079902,,,,0,30.0,0,0
75,13,8,12,23,Y6079903,,,,0,30.0,0,0
75,13,8,12,24,Y6079904,,,,0,30.0,0,0
75,13,8,12,25,Y6079905,,,,0,30.0,0,0
75,13,8,12,26,Y6079906,,,,0,30.0,0,0
75,13,8,12,27,Y6079907,,,,0,30.0,0,0
75,13,8,12,28,Y6079908,,,,0,30.0,0,0
75,13,8,12,29,Y6079909,,,,0,30.0,0,0
75,13,8,12,30,Y6079910,,,,0,30.0,0,0
75,13,9,1,10,Y6079911,,,,0,30.0,0,0
75,13,9,1,11,Y6079912,,,,0,30.0,0,0
75,13,9,1,12,Y6079913,,,,0,30.0,0,0
75,13,9,1,13,Y6079914,,,,0,30.0,0,0
75,13,9,1,14,Y6079915,,,,0,30.0,0,0
75,13,9,1,15,Y6079916,,,,0,30.0,0,0
75,13,9,1,16,Y6079917,,,,0,30.0,0,0
75,13,9,1,17,Y6079918,,,,0,30.0,0,0
75,13,9,1,18,Y6079919,,,,0,30.0,0,0
75,13,9,1,19,Y6079920,,,,0,30.0,0,0
75,13,9,1,20,Y6079921,,,,0,30.0,0,0
75,13,9,1,21,Y6079922,,,,0,30.0,0,0
75,13,9,1,22,Y6079923,,,,0,30.0,0,0
75,13,9,1,23,Y6079924,,,,0,30.0,0,0
75,13,9,1,24,Y6079925,,,,0,30.0,0,0
75,13,9,1,25,Y6079926,,,,0,30.0,0,0
75,13,9,1,26,Y6079927,,,,0,30.0,0,0
75,13,9,1,27,Y6079928,,,,0,30.0,0,0
75,13,9,1,28,Y6079929,,,,0,30.0,0,0
75,13,9,1,29,Y6079930,,,,0,30.0,0,0
75,13,9,1,30,Y6079931,,,,0,30.0,0,0
75,13,9,2,10,Y6079932,,,,0,30.0,0,0
75,13,9,2,11,Y6079933,,,,0,30.0,0,0
75,13,9,2,12,Y6079934,,,,0,30.0,0,0
75,13,9,2,13,Y6079935,,,,0,30.0,0,0
75,13,9,2,14,Y6079936,,,,0,30.0,0,0
75,13,9,2,15,Y6079937,,,,0,30.0,0,0
75,13,9,2,16,Y6079938,,,,0,30.0,0,0
75,13,9,2,17,Y6079939,,,,0,30.0,0,0
75,13,9,2,18,Y6079940,,,,0,30.0,0,0
75,13,9,2,19,Y6079941,,,,0,30.0,0,0
75,13,9,2,20,Y6079942,,,,0,30.0,0,0
75,13,9,2,21,Y6079943,,,,0,30.0,0,0
75,13,9,2,22,Y6079944,,,,0,30.0,0,0
75,13,9,2,23,Y6079945,,,,0,30.0,0,0
75,13,9,2,24,Y6079946,,,,0,30.0,0,0
75,13,9,2,25,Y6079947,,,,0,30.0,0,0
75,13,9,2,26,Y6079948,,,,0,30.0,0,0
75,13,9,2,27,Y6079949,,,,0,30.0,0,0
75,13,9,2,28,Y6079950,,,,0,30.0,0,0
75,13,9,2,29,Y6079951,,,,0,30.0,0,0
75,13,9,2,30,Y6079952,,,,0,30.0,0,0
75,13,9,3,10,Y6079953,,,,0,30.0,0,0
75,13,9,3,11,Y6079954,,,,0,30.0,0,0
75,13,9,3,12,Y6079955,,,,0,30.0,0,0
75,13,9,3,13,Y6079956,,,,0,30.0,0,0
75,13,9,3,14,Y6079957,,,,0,30.0,0,0
75,13,9,3,15,Y6079958,,,,0,30.0,0,0
75,13,9,3,16,Y6079959,,,,0,30.0,0,0
75,13,9,3,17,Y6079960,,,,0,30.0,0,0
75,13,9,3,18,Y6079961,,,,0,30.0,0,0
75,13,9,3,19,Y6079962,,,,0,30.0,0,0
75,13,9,3,20,Y6079963,,,,0,30.0,0,0
75,13,9,3,21,Y6079964,,,,0,30.0,0,0
75,13,9,3,22,Y6079965,,,,0,30.0,0,0
75,13,9,3,23,Y6079966,,,,0,30.0,0,0
75,13,9,3,24,Y6079967,,,,0,30.0,0,0
75,13,9,3,25,Y6079968,,,,0,30.0,0,0
75,13,9,3,26,Y6079969,,,,0,30.0,0,0
75,13,9,3,27,Y6079970,,,,0,30.0,0,0
75,13,9,3,28,Y6079971,,,,0,30.0,0,0
75,13,9,3,29,Y6079972,,,,0,30.0,0,0
75,13,9,3,30,Y6079973,,,,0,30.0,0,0
75,13,9,4,10,Y6079974,,,,0,30.0,0,0
75,13,9,4,11,Y6079975,,,,0,30.0,0,0
75,13,9,4,12,Y6079976,,,,0,30.0,0,0
75,13,9,4,13,Y6079977,,,,0,30.0,0,0
75,13,9,4,14,Y6079978,,,,0,30.0,0,0
75,13,9,4,15,Y6079979,,,,0,30.0,0,0
75,13,9,4,16,Y6079980,,,,0,30.0,0,0
75,13,9,4,17,Y6079981,,,,0,30.0,0,0
75,13,9,4,18,Y6079982,,,,0,30.0,0,0
75,13,9,4,19,Y6079983,,,,0,30.0,0,0
75,13,9,4,20,Y6079984,,,,0,30.0,0,0
75,13,9,4,21,Y6079985,,,,0,30.0,0,0
75,13,9,4,22,Y6079986,,,,0,30.0,0,0
75,13,9,4,23,Y6079987,,,,0,30.0,0,0
75,13,9,4,24,Y6079988,,,,0,30.0,0,0
75,13,9,4,25,Y6079989,,,,0,30.0,0,0
75,13,9,4,26,Y6079990,,,,0,30.0,0,0
75,13,9,4,27,Y6079991,,,,0,30.0,0,0
75,13,9,4,28,Y6079992,,,,0,30.0,0,0
75,13,9,4,29,Y6079993,,,,0,30.0,0,0
75,13,9,4,30,Y6079994,,,,0,30.0,0,0
75,13,9,5,10,Y6079995,,,,0,30.0,0,0
75,13,9,5,11,Y6079996,,,,0,30.0,0,0
75,13,9,5,12,Y6079997,,,,0,30.0,0,0
75,13,9,5,13,Y6079998,,,,0,30.0,0,0
75,13,9,5,14,Y6079999,,,,0,30.0,0,0
75,13,9,5,15,Y6080000,,,,0,30.0,0,0
75,13,9,5,16,Y6080001,,,,0,30.0,0,0
75,13,9,5,17,Y6080002,,,,0,30.0,0,0
75,13,9,5,18,Y6080003,,,,0,30.0,0,0
75,13,9,5,19,Y6080004,,,,0,30.0,0,0
75,13,9,5,20,Y6080005,,,,0,30.0,0,0
75,13,9,5,21,Y6080006,,,,0,30.0,0,0
75,13,9,5,22,Y6080007,,,,0,30.0,0,0
75,13,9,5,23,Y6080008,,,,0,30.0,0,0
75,13,9,5,24,Y6080009,,,,0,30.0,0,0
75,13,9,5,25,Y6080010,,,,0,30.0,0,0
75,13,9,5,26,Y6080011,,,,0,30.0,0,0
75,13,9,5,27,Y6080012,,,,0,30.0,0,0
75,13,9,5,28,Y6080013,,,,0,30.0,0,0
75,13,9,5,29,Y6080014,,,,0,30.0,0,0
75,13,9,5,30,Y6080015,,,,0,30.0,0,0
75,13,9,6,10,Y6080016,,,,0,30.0,0,0
75,13,9,6,11,Y6080017,,,,0,30.0,0,0
75,13,9,6,12,Y6080018,,,,0,30.0,0,0
75,13,9,6,13,Y6080019,,,,0,30.0,0,0
75,13,9,6,14,Y6080020,,,,0,30.0,0,0
75,13,9,6,15,Y6080021,,,,0,30.0,0,0
75,13,9,6,16,Y6080022,,,,0,30.0,0,0
75,13,9,6,17,Y6080023,,,,0,30.0,0,0
75,13,9,6,18,Y6080024,,,,0,30.0,0,0
75,13,9,6,19,Y6080025,,,,0,30.0,0,0
75,13,9,6,20,Y6080026,,,,0,30.0,0,0
75,13,9,6,21,Y6080027,,,,0,30.0,0,0
75,13,9,6,22,Y6080028,,,,0,30.0,0,0
75,13,9,6,23,Y6080029,,,,0,30.0,0,0
75,13,9,6,24,Y6080030,,,,0,30.0,0,0
75,13,9,6,25,Y6080031,,,,0,30.0,0,0
75,13,9,6,26,Y6080032,,,,0,30.0,0,0
75,13,9,6,27,Y6080033,,,,0,30.0,0,0
75,13,9,6,28,Y6080034,,,,0,30.0,0,0
75,13,9,6,29,Y6080035,,,,0,30.0,0,0
75,13,9,6,30,Y6080036,,,,0,30.0,0,0
75,13,9,7,10,Y6080037,,,,0,30.0,0,0
75,13,9,7,11,Y6080038,,,,0,30.0,0,0
75,13,9,7,12,Y6080039,,,,0,30.0,0,0
75,13,9,7,13,Y6080040,,,,0,30.0,0,0
75,13,9,7,14,Y6080041,,,,0,30.0,0,0
75,13,9,7,15,Y6080042,,,,0,30.0,0,0
75,13,9,7,16,Y6080043,,,,0,30.0,0,0
75,13,9,7,17,Y6080044,,,,0,30.0,0,0
75,13,9,7,18,Y6080045,,,,0,30.0,0,0
75,13,9,7,19,Y6080046,,,,0,30.0,0,0
75,13,9,7,20,Y6080047,,,,0,30.0,0,0
75,13,9,7,21,Y6080048,,,,0,30.0,0,0
75,13,9,7,22,Y6080049,,,,0,30.0,0,0
75,13,9,7,23,Y6080050,,,,0,30.0,0,0
75,13,9,7,24,Y6080051,,,,0,30.0,0,0
75,13,9,7,25,Y6080052,,,,0,30.0,0,0
75,13,9,7,26,Y6080053,,,,0,30.0,0,0
75,13,9,7,27,Y6080054,,,,0,30.0,0,0
75,13,9,7,28,Y6080055,,,,0,30.0,0,0
75,13,9,7,29,Y6080056,,,,0,30.0,0,0
75,13,9,7,30,Y6080057,,,,0,30.0,0,0
75,13,9,8,10,Y6080058,,,,0,30.0,0,0
75,13,9,8,11,Y6080059,,,,0,30.0,0,0
75,13,9,8,12,Y6080060,,,,0,30.0,0,0
75,13,9,8,13,Y6080061,,,,0,30.0,0,0
75,13,9,8,14,Y6080062,,,,0,30.0,0,0
75,13,9,8,15,Y6080063,,,,0,30.0,0,0
75,13,9,8,16,Y6080064,,,,0,30.0,0,0
75,13,9,8,17,Y6080065,,,,0,30.0,0,0
75,13,9,8,18,Y6080066,,,,0,30.0,0,0
75,13,9,8,19,Y6080067,,,,0,30.0,0,0
75,13,9,8,20,Y6080068,,,,0,30.0,0,0
75,13,9,8,21,Y6080069,,,,0,30.0,0,0
75,13,9,8,22,Y6080070,,,,0,30.0,0,0
75,13,9,8,23,Y6080071,,,,0,30.0,0,0
75,13,9,8,24,Y6080072,,,,0,30.0,0,0
75,13,9,8,25,Y6080073,,,,0,30.0,0,0
75,13,9,8,26,Y6080074,,,,0,30.0,0,0
75,13,9,8,27,Y6080075,,,,0,30.0,0,0
75,13,9,8,28,Y6080076,,,,0,30.0,0,0
75,13,9,8,29,Y6080077,,,,0,30.0,0,0
75,13,9,8,30,Y6080078,,,,0,30.0,0,0
75,13,9,9,10,Y6080079,,,,0,30.0,0,0
75,13,9,9,11,Y6080080,,,,0,30.0,0,0
75,13,9,9,12,Y6080081,,,,0,30.0,0,0
75,13,9,9,13,Y6080082,,,,0,30.0,0,0
75,13,9,9,14,Y6080083,,,,0,30.0,0,0
75,13,9,9,15,Y6080084,,,,0,30.0,0,0
75,13,9,9,16,Y6080085,,,,0,30.0,0,0
75,13,9,9,17,Y6080086,,,,0,30.0,0,0
75,13,9,9,18,Y6080087,,,,0,30.0,0,0
75,13,9,9,19,Y6080088,,,,0,30.0,0,0
75,13,9,9,20,Y6080089,,,,0,30.0,0,0
75,13,9,9,21,Y6080090,,,,0,30.0,0,0
75,13,9,9,22,Y6080091,,,,0,30.0,0,0
75,13,9,9,23,Y6080092,,,,0,30.0,0,0
75,13,9,9,24,Y6080093,,,,0,30.0,0,0
75,13,9,9,25,Y6080094,,,,0,30.0,0,0
75,13,9,9,26,Y6080095,,,,0,30.0,0,0
75,13,9,9,27,Y6080096,,,,0,30.0,0,0
75,13,9,9,28,Y6080097,,,,0,30.0,0,0
75,13,9,9,29,Y6080098,,,,0,30.0,0,0
75,13,9,9,30,Y6080099,,,,0,30.0,0,0
75,13,9,10,10,Y6080100,,,,0,30.0,0,0
75,13,9,10,11,Y6080101,,,,0,30.0,0,0
75,13,9,10,12,Y6080102,,,,0,30.0,0,0
75,13,9,10,13,Y6080103,,,,0,30.0,0,0
75,13,9,10,14,Y6080104,,,,0,30.0,0,0
75,13,9,10,15,Y6080105,,,,0,30.0,0,0
75,13,9,10,16,Y6080106,,,,0,30.0,0,0
75,13,9,10,17,Y6080107,,,,0,30.0,0,0
75,13,9,10,18,Y6080108,,,,0,30.0,0,0
75,13,9,10,19,Y6080109,,,,0,30.0,0,0
75,13,9,10,20,Y6080110,,,,0,30.0,0,0
75,13,9,10,21,Y6080111,,,,0,30.0,0,0
75,13,9,10,22,Y6080112,,,,0,30.0,0,0
75,13,9,10,23,Y6080113,,,,0,30.0,0,0
75,13,9,10,24,Y6080114,,,,0,30.0,0,0
75,13,9,10,25,Y6080115,,,,0,30.0,0,0
75,13,9,10,26,Y6080116,,,,0,30.0,0,0
75,13,9,10,27,Y6080117,,,,0,30.0,0,0
75,13,9,10,28,Y6080118,,,,0,30.0,0,0
75,13,9,10,29,Y6080119,,,,0,30.0,0,0
75,13,9,10,30,Y6080120,,,,0,30.0,0,0
75,13,9,11,10,Y6080121,,,,0,30.0,0,0
75,13,9,11,11,Y6080122,,,,0,30.0,0,0
75,13,9,11,12,Y6080123,,,,0,30.0,0,0
75,13,9,11,13,Y6080124,,,,0,30.0,0,0
75,13,9,11,14,Y6080125,,,,0,30.0,0,0
75,13,9,11,15,Y6080126,,,,0,30.0,0,0
75,13,9,11,16,Y6080127,,,,0,30.0,0,0
75,13,9,11,17,Y6080128,,,,0,30.0,0,0
75,13,9,11,18,Y6080129,,,,0,30.0,0,0
75,13,9,11,19,Y6080130,,,,0,30.0,0,0
75,13,9,11,20,Y6080131,,,,0,30.0,0,0
75,13,9,11,21,Y6080132,,,,0,30.0,0,0
75,13,9,11,22,Y6080133,,,,0,30.0,0,0
75,13,9,11,23,Y6080134,,,,0,30.0,0,0
75,13,9,11,24,Y6080135,,,,0,30.0,0,0
75,13,9,11,25,Y6080136,,,,0,30.0,0,0
75,13,9,11,26,Y6080137,,,,0,30.0,0,0
75,13,9,11,27,Y6080138,,,,0,30.0,0,0
75,13,9,11,28,Y6080139,,,,0,30.0,0,0
75,13,9,11,29,Y6080140,,,,0,30.0,0,0
75,13,9,11,30,Y6080141,,,,0,30.0,0,0
75,13,9,12,10,Y6080142,,,,0,30.0,0,0
75,13,9,12,11,Y6080143,,,,0,30.0,0,0
75,13,9,12,12,Y6080144,,,,0,30.0,0,0
75,13,9,12,13,Y6080145,,,,0,30.0,0,0
75,13,9,12,14,Y6080146,,,,0,30.0,0,0
75,13,9,12,15,Y6080147,,,,0,30.0,0,0
75,13,9,12,16,Y6080148,,,,0,30.0,0,0
75,13,9,12,17,Y6080149,,,,0,30.0,0,0
75,13,9,12,18,Y6080150,,,,0,30.0,0,0
75,13,9,12,19,Y6080151,,,,0,30.0,0,0
75,13,9,12,20,Y6080152,,,,0,30.0,0,0
75,13,9,12,21,Y6080153,,,,0,30.0,0,0
75,13,9,12,22,Y6080154,,,,0,30.0,0,0
75,13,9,12,23,Y6080155,,,,0,30.0,0,0
75,13,9,12,24,Y6080156,,,,0,30.0,0,0
75,13,9,12,25,Y6080157,,,,0,30.0,0,0
75,13,9,12,26,Y6080158,,,,0,30.0,0,0
75,13,9,12,27,Y6080159,,,,0,30.0,0,0
75,13,9,12,28,Y6080160,,,,0,30.0,0,0
75,13,9,12,29,Y6080161,,,,0,30.0,0,0
75,13,9,12,30,Y6080162,,,,0,30.0,0,0
75,13,10,1,10,Y6080163,,,,0,30.0,0,0
75,13,10,1,11,Y6080164,,,,0,30.0,0,0
75,13,10,1,12,Y6080165,,,,0,30.0,0,0
75,13,10,1,13,Y6080166,,,,0,30.0,0,0
75,13,10,1,14,Y6080167,,,,0,30.0,0,0
75,13,10,1,15,Y6080168,,,,0,30.0,0,0
75,13,10,1,16,Y6080169,,,,0,30.0,0,0
75,13,10,1,17,Y6080170,,,,0,30.0,0,0
75,13,10,1,18,Y6080171,,,,0,30.0,0,0
75,13,10,1,19,Y6080172,,,,0,30.0,0,0
75,13,10,1,20,Y6080173,,,,0,30.0,0,0
75,13,10,1,21,Y6080174,,,,0,30.0,0,0
75,13,10,1,22,Y6080175,,,,0,30.0,0,0
75,13,10,1,23,Y6080176,,,,0,30.0,0,0
75,13,10,1,24,Y6080177,,,,0,30.0,0,0
75,13,10,1,25,Y6080178,,,,0,30.0,0,0
75,13,10,1,26,Y6080179,,,,0,30.0,0,0
75,13,10,1,27,Y6080180,,,,0,30.0,0,0
75,13,10,1,28,Y6080181,,,,0,30.0,0,0
75,13,10,1,29,Y6080182,,,,0,30.0,0,0
75,13,10,1,30,Y6080183,,,,0,30.0,0,0
75,13,10,2,10,Y6080184,,,,0,30.0,0,0
75,13,10,2,11,Y6080185,,,,0,30.0,0,0
75,13,10,2,12,Y6080186,,,,0,30.0,0,0
75,13,10,2,13,Y6080187,,,,0,30.0,0,0
75,13,10,2,14,Y6080188,,,,0,30.0,0,0
75,13,10,2,15,Y6080189,,,,0,30.0,0,0
75,13,10,2,16,Y6080190,,,,0,30.0,0,0
75,13,10,2,17,Y6080191,,,,0,30.0,0,0
75,13,10,2,18,Y6080192,,,,0,30.0,0,0
75,13,10,2,19,Y6080193,,,,0,30.0,0,0
75,13,10,2,20,Y6080194,,,,0,30.0,0,0
75,13,10,2,21,Y6080195,,,,0,30.0,0,0
75,13,10,2,22,Y6080196,,,,0,30.0,0,0
75,13,10,2,23,Y6080197,,,,0,30.0,0,0
75,13,10,2,24,Y6080198,,,,0,30.0,0,0
75,13,10,2,25,Y6080199,,,,0,30.0,0,0
75,13,10,2,26,Y6080200,,,,0,30.0,0,0
75,13,10,2,27,Y6080201,,,,0,30.0,0,0
75,13,10,2,28,Y6080202,,,,0,30.0,0,0
75,13,10,2,29,Y6080203,,,,0,30.0,0,0
75,13,10,2,30,Y6080204,,,,0,30.0,0,0
75,13,10,3,10,Y6080205,,,,0,30.0,0,0
75,13,10,3,11,Y6080206,,,,0,30.0,0,0
75,13,10,3,12,Y6080207,,,,0,30.0,0,0
75,13,10,3,13,Y6080208,,,,0,30.0,0,0
75,13,10,3,14,Y6080209,,,,0,30.0,0,0
75,13,10,3,15,Y6080210,,,,0,30.0,0,0
75,13,10,3,16,Y6080211,,,,0,30.0,0,0
75,13,10,3,17,Y6080212,,,,0,30.0,0,0
75,13,10,3,18,Y6080213,,,,0,30.0,0,0
75,13,10,3,19,Y6080214,,,,0,30.0,0,0
75,13,10,3,20,Y6080215,,,,0,30.0,0,0
75,13,10,3,21,Y6080216,,,,0,30.0,0,0
75,13,10,3,22,Y6080217,,,,0,30.0,0,0
75,13,10,3,23,Y6080218,,,,0,30.0,0,0
75,13,10,3,24,Y6080219,,,,0,30.0,0,0
75,13,10,3,25,Y6080220,,,,0,30.0,0,0
75,13,10,3,26,Y6080221,,,,0,30.0,0,0
75,13,10,3,27,Y6080222,,,,0,30.0,0,0
75,13,10,3,28,Y6080223,,,,0,30.0,0,0
75,13,10,3,29,Y6080224,,,,0,30.0,0,0
75,13,10,3,30,Y6080225,,,,0,30.0,0,0
75,13,10,4,10,Y6080226,,,,0,30.0,0,0
75,13,10,4,11,Y6080227,,,,0,30.0,0,0
75,13,10,4,12,Y6080228,,,,0,30.0,0,0
75,13,10,4,13,Y6080229,,,,0,30.0,0,0
75,13,10,4,14,Y6080230,,,,0,30.0,0,0
75,13,10,4,15,Y6080231,,,,0,30.0,0,0
75,13,10,4,16,Y6080232,,,,0,30.0,0,0
75,13,10,4,17,Y6080233,,,,0,30.0,0,0
75,13,10,4,18,Y6080234,,,,0,30.0,0,0
75,13,10,4,19,Y6080235,,,,0,30.0,0,0
75,13,10,4,20,Y6080236,,,,0,30.0,0,0
75,13,10,4,21,Y6080237,,,,0,30.0,0,0
75,13,10,4,22,Y6080238,,,,0,30.0,0,0
75,13,10,4,23,Y6080239,,,,0,30.0,0,0
75,13,10,4,24,Y6080240,,,,0,30.0,0,0
75,13,10,4,25,Y6080241,,,,0,30.0,0,0
75,13,10,4,26,Y6080242,,,,0,30.0,0,0
75,13,10,4,27,Y6080243,,,,0,30.0,0,0
75,13,10,4,28,Y6080244,,,,0,30.0,0,0
75,13,10,4,29,Y6080245,,,,0,30.0,0,0
75,13,10,4,30,Y6080246,,,,0,30.0,0,0
75,13,10,5,10,Y6080247,,,,0,30.0,0,0
75,13,10,5,11,Y6080248,,,,0,30.0,0,0
75,13,10,5,12,Y6080249,,,,0,30.0,0,0
75,13,10,5,13,Y6080250,,,,0,30.0,0,0
75,13,10,5,14,Y6080251,,,,0,30.0,0,0
75,13,10,5,15,Y6080252,,,,0,30.0,0,0
75,13,10,5,16,Y6080253,,,,0,30.0,0,0
75,13,10,5,17,Y6080254,,,,0,30.0,0,0
75,13,10,5,18,Y6080255,,,,0,30.0,0,0
75,13,10,5,19,Y6080256,,,,0,30.0,0,0
75,13,10,5,20,Y6080257,,,,0,30.0,0,0
75,13,10,5,21,Y6080258,,,,0,30.0,0,0
75,13,10,5,22,Y6080259,,,,0,30.0,0,0
75,13,10,5,23,Y6080260,,,,0,30.0,0,0
75,13,10,5,24,Y6080261,,,,0,30.0,0,0
75,13,10,5,25,Y6080262,,,,0,30.0,0,0
75,13,10,5,26,Y6080263,,,,0,30.0,0,0
75,13,10,5,27,Y6080264,,,,0,30.0,0,0
75,13,10,5,28,Y6080265,,,,0,30.0,0,0
75,13,10,5,29,Y6080266,,,,0,30.0,0,0
75,13,10,5,30,Y6080267,,,,0,30.0,0,0
75,13,10,6,10,Y6080268,,,,0,30.0,0,0
75,13,10,6,11,Y6080269,,,,0,30.0,0,0
75,13,10,6,12,Y6080270,,,,0,30.0,0,0
75,13,10,6,13,Y6080271,,,,0,30.0,0,0
75,13,10,6,14,Y6080272,,,,0,30.0,0,0
75,13,10,6,15,Y6080273,,,,0,30.0,0,0
75,13,10,6,16,Y6080274,,,,0,30.0,0,0
75,13,10,6,17,Y6080275,,,,0,30.0,0,0
75,13,10,6,18,Y6080276,,,,0,30.0,0,0
75,13,10,6,19,Y6080277,,,,0,30.0,0,0
75,13,10,6,20,Y6080278,,,,0,30.0,0,0
75,13,10,6,21,Y6080279,,,,0,30.0,0,0
75,13,10,6,22,Y6080280,,,,0,30.0,0,0
75,13,10,6,23,Y6080281,,,,0,30.0,0,0
75,13,10,6,24,Y6080282,,,,0,30.0,0,0
75,13,10,6,25,Y6080283,,,,0,30.0,0,0
75,13,10,6,26,Y6080284,,,,0,30.0,0,0
75,13,10,6,27,Y6080285,,,,0,30.0,0,0
75,13,10,6,28,Y6080286,,,,0,30.0,0,0
75,13,10,6,29,Y6080287,,,,0,30.0,0,0
75,13,10,6,30,Y6080288,,,,0,30.0,0,0
75,13,10,7,10,Y6080289,,,,0,30.0,0,0
75,13,10,7,11,Y6080290,,,,0,30.0,0,0
75,13,10,7,12,Y6080291,,,,0,30.0,0,0
75,13,10,7,13,Y6080292,,,,0,30.0,0,0
75,13,10,7,14,Y6080293,,,,0,30.0,0,0
75,13,10,7,15,Y6080294,,,,0,30.0,0,0
75,13,10,7,16,Y6080295,,,,0,30.0,0,0
75,13,10,7,17,Y6080296,,,,0,30.0,0,0
75,13,10,7,18,Y6080297,,,,0,30.0,0,0
75,13,10,7,19,Y6080298,,,,0,30.0,0,0
75,13,10,7,20,Y6080299,,,,0,30.0,0,0
75,13,10,7,21,Y6080300,,,,0,30.0,0,0
75,13,10,7,22,Y6080301,,,,0,30.0,0,0
75,13,10,7,23,Y6080302,,,,0,30.0,0,0
75,13,10,7,24,Y6080303,,,,0,30.0,0,0
75,13,10,7,25,Y6080304,,,,0,30.0,0,0
75,13,10,7,26,Y6080305,,,,0,30.0,0,0
75,13,10,7,27,Y6080306,,,,0,30.0,0,0
75,13,10,7,28,Y6080307,,,,0,30.0,0,0
75,13,10,7,29,Y6080308,,,,0,30.0,0,0
75,13,10,7,30,Y6080309,,,,0,30.0,0,0
75,13,10,8,10,Y6080310,,,,0,30.0,0,0
75,13,10,8,11,Y6080311,,,,0,30.0,0,0
75,13,10,8,12,Y6080312,,,,0,30.0,0,0
75,13,10,8,13,Y6080313,,,,0,30.0,0,0
75,13,10,8,14,Y6080314,,,,0,30.0,0,0
75,13,10,8,15,Y6080315,,,,0,30.0,0,0
75,13,10,8,16,Y6080316,,,,0,30.0,0,0
75,13,10,8,17,Y6080317,,,,0,30.0,0,0
75,13,10,8,18,Y6080318,,,,0,30.0,0,0
75,13,10,8,19,Y6080319,,,,0,30.0,0,0
75,13,10,8,20,Y6080320,,,,0,30.0,0,0
75,13,10,8,21,Y6080321,,,,0,30.0,0,0
75,13,10,8,22,Y6080322,,,,0,30.0,0,0
75,13,10,8,23,Y6080323,,,,0,30.0,0,0
75,13,10,8,24,Y6080324,,,,0,30.0,0,0
75,13,10,8,25,Y6080325,,,,0,30.0,0,0
75,13,10,8,26,Y6080326,,,,0,30.0,0,0
75,13,10,8,27,Y6080327,,,,0,30.0,0,0
75,13,10,8,28,Y6080328,,,,0,30.0,0,0
75,13,10,8,29,Y6080329,,,,0,30.0,0,0
75,13,10,8,30,Y6080330,,,,0,30.0,0,0
75,13,10,9,10,Y6080331,,,,0,30.0,0,0
75,13,10,9,11,Y6080332,,,,0,30.0,0,0
75,13,10,9,12,Y6080333,,,,0,30.0,0,0
75,13,10,9,13,Y6080334,,,,0,30.0,0,0
75,13,10,9,14,Y6080335,,,,0,30.0,0,0
75,13,10,9,15,Y6080336,,,,0,30.0,0,0
75,13,10,9,16,Y6080337,,,,0,30.0,0,0
75,13,10,9,17,Y6080338,,,,0,30.0,0,0
75,13,10,9,18,Y6080339,,,,0,30.0,0,0
75,13,10,9,19,Y6080340,,,,0,30.0,0,0
75,13,10,9,20,Y6080341,,,,0,30.0,0,0
75,13,10,9,21,Y6080342,,,,0,30.0,0,0
75,13,10,9,22,Y6080343,,,,0,30.0,0,0
75,13,10,9,23,Y6080344,,,,0,30.0,0,0
75,13,10,9,24,Y6080345,,,,0,30.0,0,0
75,13,10,9,25,Y6080346,,,,0,30.0,0,0
75,13,10,9,26,Y6080347,,,,0,30.0,0,0
75,13,10,9,27,Y6080348,,,,0,30.0,0,0
75,13,10,9,28,Y6080349,,,,0,30.0,0,0
75,13,10,9,29,Y6080350,,,,0,30.0,0,0
75,13,10,9,30,Y6080351,,,,0,30.0,0,0
75,13,10,10,10,Y6080352,,,,0,30.0,0,0
75,13,10,10,11,Y6080353,,,,0,30.0,0,0
75,13,10,10,12,Y6080354,,,,0,30.0,0,0
75,13,10,10,13,Y6080355,,,,0,30.0,0,0
75,13,10,10,14,Y6080356,,,,0,30.0,0,0
75,13,10,10,15,Y6080357,,,,0,30.0,0,0
75,13,10,10,16,Y6080358,,,,0,30.0,0,0
75,13,10,10,17,Y6080359,,,,0,30.0,0,0
75,13,10,10,18,Y6080360,,,,0,30.0,0,0
75,13,10,10,19,Y6080361,,,,0,30.0,0,0
75,13,10,10,20,Y6080362,,,,0,30.0,0,0
75,13,10,10,21,Y6080363,,,,0,30.0,0,0
75,13,10,10,22,Y6080364,,,,0,30.0,0,0
75,13,10,10,23,Y6080365,,,,0,30.0,0,0
75,13,10,10,24,Y6080366,,,,0,30.0,0,0
75,13,10,10,25,Y6080367,,,,0,30.0,0,0
75,13,10,10,26,Y6080368,,,,0,30.0,0,0
75,13,10,10,27,Y6080369,,,,0,30.0,0,0
75,13,10,10,28,Y6080370,,,,0,30.0,0,0
75,13,10,10,29,Y6080371,,,,0,30.0,0,0
75,13,10,10,30,Y6080372,,,,0,30.0,0,0
75,13,10,11,10,Y6080373,,,,0,30.0,0,0
75,13,10,11,11,Y6080374,,,,0,30.0,0,0
75,13,10,11,12,Y6080375,,,,0,30.0,0,0
75,13,10,11,13,Y6080376,,,,0,30.0,0,0
75,13,10,11,14,Y6080377,,,,0,30.0,0,0
75,13,10,11,15,Y6080378,,,,0,30.0,0,0
75,13,10,11,16,Y6080379,,,,0,30.0,0,0
75,13,10,11,17,Y6080380,,,,0,30.0,0,0
75,13,10,11,18,Y6080381,,,,0,30.0,0,0
75,13,10,11,19,Y6080382,,,,0,30.0,0,0
75,13,10,11,20,Y6080383,,,,0,30.0,0,0
75,13,10,11,21,Y6080384,,,,0,30.0,0,0
75,13,10,11,22,Y6080385,,,,0,30.0,0,0
75,13,10,11,23,Y6080386,,,,0,30.0,0,0
75,13,10,11,24,Y6080387,,,,0,30.0,0,0
75,13,10,11,25,Y6080388,,,,0,30.0,0,0
75,13,10,11,26,Y6080389,,,,0,30.0,0,0
75,13,10,11,27,Y6080390,,,,0,30.0,0,0
75,13,10,11,28,Y6080391,,,,0,30.0,0,0
75,13,10,11,29,Y6080392,,,,0,30.0,0,0
75,13,10,11,30,Y6080393,,,,0,30.0,0,0
75,13,10,12,10,Y6080394,,,,0,30.0,0,0
75,13,10,12,11,Y6080395,,,,0,30.0,0,0
75,13,10,12,12,Y6080396,,,,0,30.0,0,0
75,13,10,12,13,Y6080397,,,,0,30.0,0,0
75,13,10,12,14,Y6080398,,,,0,30.0,0,0
75,13,10,12,15,Y6080399,,,,0,30.0,0,0
75,13,10,12,16,Y6080400,,,,0,30.0,0,0
75,13,10,12,17,Y6080401,,,,0,30.0,0,0
75,13,10,12,18,Y6080402,,,,0,30.0,0,0
75,13,10,12,19,Y6080403,,,,0,30.0,0,0
75,13,10,12,20,Y6080404,,,,0,30.0,0,0
75,13,10,12,21,Y6080405,,,,0,30.0,0,0
75,13,10,12,22,Y6080406,,,,0,30.0,0,0
75,13,10,12,23,Y6080407,,,,0,30.0,0,0
75,13,10,12,24,Y6080408,,,,0,30.0,0,0
75,13,10,12,25,Y6080409,,,,0,30.0,0,0
75,13,10,12,26,Y6080410,,,,0,30.0,0,0
75,13,10,12,27,Y6080411,,,,0,30.0,0,0
75,13,10,12,28,Y6080412,,,,0,30.0,0,0
75,13,10,12,29,Y6080413,,,,0,30.0,0,0
75,13,10,12,30,Y6080414,,,,0,30.0,0,0
75,13,11,1,10,Y6080415,,,,0,30.0,0,0
75,13,11,1,11,Y6080416,,,,0,30.0,0,0
75,13,11,1,12,Y6080417,,,,0,30.0,0,0
75,13,11,1,13,Y6080418,,,,0,30.0,0,0
75,13,11,1,14,Y6080419,,,,0,30.0,0,0
75,13,11,1,15,Y6080420,,,,0,30.0,0,0
75,13,11,1,16,Y6080421,,,,0,30.0,0,0
75,13,11,1,17,Y6080422,,,,0,30.0,0,0
75,13,11,1,18,Y6080423,,,,0,30.0,0,0
75,13,11,1,19,Y6080424,,,,0,30.0,0,0
75,13,11,1,20,Y6080425,,,,0,30.0,0,0
75,13,11,1,21,Y6080426,,,,0,30.0,0,0
75,13,11,1,22,Y6080427,,,,0,30.0,0,0
75,13,11,1,23,Y6080428,,,,0,30.0,0,0
75,13,11,1,24,Y6080429,,,,0,30.0,0,0
75,13,11,1,25,Y6080430,,,,0,30.0,0,0
75,13,11,1,26,Y6080431,,,,0,30.0,0,0
75,13,11,1,27,Y6080432,,,,0,30.0,0,0
75,13,11,1,28,Y6080433,,,,0,30.0,0,0
75,13,11,1,29,Y6080434,,,,0,30.0,0,0
75,13,11,1,30,Y6080435,,,,0,30.0,0,0
75,13,11,2,10,Y6080436,,,,0,30.0,0,0
75,13,11,2,11,Y6080437,,,,0,30.0,0,0
75,13,11,2,12,Y6080438,,,,0,30.0,0,0
75,13,11,2,13,Y6080439,,,,0,30.0,0,0
75,13,11,2,14,Y6080440,,,,0,30.0,0,0
75,13,11,2,15,Y6080441,,,,0,30.0,0,0
75,13,11,2,16,Y6080442,,,,0,30.0,0,0
75,13,11,2,17,Y6080443,,,,0,30.0,0,0
75,13,11,2,18,Y6080444,,,,0,30.0,0,0
75,13,11,2,19,Y6080445,,,,0,30.0,0,0
75,13,11,2,20,Y6080446,,,,0,30.0,0,0
75,13,11,2,21,Y6080447,,,,0,30.0,0,0
75,13,11,2,22,Y6080448,,,,0,30.0,0,0
75,13,11,2,23,Y6080449,,,,0,30.0,0,0
75,13,11,2,24,Y6080450,,,,0,30.0,0,0
75,13,11,2,25,Y6080451,,,,0,30.0,0,0
75,13,11,2,26,Y6080452,,,,0,30.0,0,0
75,13,11,2,27,Y6080453,,,,0,30.0,0,0
75,13,11,2,28,Y6080454,,,,0,30.0,0,0
75,13,11,2,29,Y6080455,,,,0,30.0,0,0
75,13,11,2,30,Y6080456,,,,0,30.0,0,0
75,13,11,3,10,Y6080457,,,,0,30.0,0,0
75,13,11,3,11,Y6080458,,,,0,30.0,0,0
75,13,11,3,12,Y6080459,,,,0,30.0,0,0
75,13,11,3,13,Y6080460,,,,0,30.0,0,0
75,13,11,3,14,Y6080461,,,,0,30.0,0,0
75,13,11,3,15,Y6080462,,,,0,30.0,0,0
75,13,11,3,16,Y6080463,,,,0,30.0,0,0
75,13,11,3,17,Y6080464,,,,0,30.0,0,0
75,13,11,3,18,Y6080465,,,,0,30.0,0,0
75,13,11,3,19,Y6080466,,,,0,30.0,0,0
75,13,11,3,20,Y6080467,,,,0,30.0,0,0
75,13,11,3,21,Y6080468,,,,0,30.0,0,0
75,13,11,3,22,Y6080469,,,,0,30.0,0,0
75,13,11,3,23,Y6080470,,,,0,30.0,0,0
75,13,11,3,24,Y6080471,,,,0,30.0,0,0
75,13,11,3,25,Y6080472,,,,0,30.0,0,0
75,13,11,3,26,Y6080473,,,,0,30.0,0,0
75,13,11,3,27,Y6080474,,,,0,30.0,0,0
75,13,11,3,28,Y6080475,,,,0,30.0,0,0
75,13,11,3,29,Y6080476,,,,0,30.0,0,0
75,13,11,3,30,Y6080477,,,,0,30.0,0,0
75,13,11,4,10,Y6080478,,,,0,30.0,0,0
75,13,11,4,11,Y6080479,,,,0,30.0,0,0
75,13,11,4,12,Y6080480,,,,0,30.0,0,0
75,13,11,4,13,Y6080481,,,,0,30.0,0,0
75,13,11,4,14,Y6080482,,,,0,30.0,0,0
75,13,11,4,15,Y6080483,,,,0,30.0,0,0
75,13,11,4,16,Y6080484,,,,0,30.0,0,0
75,13,11,4,17,Y6080485,,,,0,30.0,0,0
75,13,11,4,18,Y6080486,,,,0,30.0,0,0
75,13,11,4,19,Y6080487,,,,0,30.0,0,0
75,13,11,4,20,Y6080488,,,,0,30.0,0,0
75,13,11,4,21,Y6080489,,,,0,30.0,0,0
75,13,11,4,22,Y6080490,,,,0,30.0,0,0
75,13,11,4,23,Y6080491,,,,0,30.0,0,0
75,13,11,4,24,Y6080492,,,,0,30.0,0,0
75,13,11,4,25,Y6080493,,,,0,30.0,0,0
75,13,11,4,26,Y6080494,,,,0,30.0,0,0
75,13,11,4,27,Y6080495,,,,0,30.0,0,0
75,13,11,4,28,Y6080496,,,,0,30.0,0,0
75,13,11,4,29,Y6080497,,,,0,30.0,0,0
75,13,11,4,30,Y6080498,,,,0,30.0,0,0
75,13,11,5,10,Y6080499,,,,0,30.0,0,0
75,13,11,5,11,Y6080500,,,,0,30.0,0,0
75,13,11,5,12,Y6080501,,,,0,30.0,0,0
75,13,11,5,13,Y6080502,,,,0,30.0,0,0
75,13,11,5,14,Y6080503,,,,0,30.0,0,0
75,13,11,5,15,Y6080504,,,,0,30.0,0,0
75,13,11,5,16,Y6080505,,,,0,30.0,0,0
75,13,11,5,17,Y6080506,,,,0,30.0,0,0
75,13,11,5,18,Y6080507,,,,0,30.0,0,0
75,13,11,5,19,Y6080508,,,,0,30.0,0,0
75,13,11,5,20,Y6080509,,,,0,30.0,0,0
75,13,11,5,21,Y6080510,,,,0,30.0,0,0
75,13,11,5,22,Y6080511,,,,0,30.0,0,0
75,13,11,5,23,Y6080512,,,,0,30.0,0,0
75,13,11,5,24,Y6080513,,,,0,30.0,0,0
75,13,11,5,25,Y6080514,,,,0,30.0,0,0
75,13,11,5,26,Y6080515,,,,0,30.0,0,0
75,13,11,5,27,Y6080516,,,,0,30.0,0,0
75,13,11,5,28,Y6080517,,,,0,30.0,0,0
75,13,11,5,29,Y6080518,,,,0,30.0,0,0
75,13,11,5,30,Y6080519,,,,0,30.0,0,0
75,13,11,6,10,Y6080520,,,,0,30.0,0,0
75,13,11,6,11,Y6080521,,,,0,30.0,0,0
75,13,11,6,12,Y6080522,,,,0,30.0,0,0
75,13,11,6,13,Y6080523,,,,0,30.0,0,0
75,13,11,6,14,Y6080524,,,,0,30.0,0,0
75,13,11,6,15,Y6080525,,,,0,30.0,0,0
75,13,11,6,16,Y6080526,,,,0,30.0,0,0
75,13,11,6,17,Y6080527,,,,0,30.0,0,0
75,13,11,6,18,Y6080528,,,,0,30.0,0,0
75,13,11,6,19,Y6080529,,,,0,30.0,0,0
75,13,11,6,20,Y6080530,,,,0,30.0,0,0
75,13,11,6,21,Y6080531,,,,0,30.0,0,0
75,13,11,6,22,Y6080532,,,,0,30.0,0,0
75,13,11,6,23,Y6080533,,,,0,30.0,0,0
75,13,11,6,24,Y6080534,,,,0,30.0,0,0
75,13,11,6,25,Y6080535,,,,0,30.0,0,0
75,13,11,6,26,Y6080536,,,,0,30.0,0,0
75,13,11,6,27,Y6080537,,,,0,30.0,0,0
75,13,11,6,28,Y6080538,,,,0,30.0,0,0
75,13,11,6,29,Y6080539,,,,0,30.0,0,0
75,13,11,6,30,Y6080540,,,,0,30.0,0,0
75,13,11,7,10,Y6080541,,,,0,30.0,0,0
75,13,11,7,11,Y6080542,,,,0,30.0,0,0
75,13,11,7,12,Y6080543,,,,0,30.0,0,0
75,13,11,7,13,Y6080544,,,,0,30.0,0,0
75,13,11,7,14,Y6080545,,,,0,30.0,0,0
75,13,11,7,15,Y6080546,,,,0,30.0,0,0
75,13,11,7,16,Y6080547,,,,0,30.0,0,0
75,13,11,7,17,Y6080548,,,,0,30.0,0,0
75,13,11,7,18,Y6080549,,,,0,30.0,0,0
75,13,11,7,19,Y6080550,,,,0,30.0,0,0
75,13,11,7,20,Y6080551,,,,0,30.0,0,0
75,13,11,7,21,Y6080552,,,,0,30.0,0,0
75,13,11,7,22,Y6080553,,,,0,30.0,0,0
75,13,11,7,23,Y6080554,,,,0,30.0,0,0
75,13,11,7,24,Y6080555,,,,0,30.0,0,0
75,13,11,7,25,Y6080556,,,,0,30.0,0,0
75,13,11,7,26,Y6080557,,,,0,30.0,0,0
75,13,11,7,27,Y6080558,,,,0,30.0,0,0
75,13,11,7,28,Y6080559,,,,0,30.0,0,0
75,13,11,7,29,Y6080560,,,,0,30.0,0,0
75,13,11,7,30,Y6080561,,,,0,30.0,0,0
75,13,11,8,10,Y6080562,,,,0,30.0,0,0
75,13,11,8,11,Y6080563,,,,0,30.0,0,0
75,13,11,8,12,Y6080564,,,,0,30.0,0,0
75,13,11,8,13,Y6080565,,,,0,30.0,0,0
75,13,11,8,14,Y6080566,,,,0,30.0,0,0
75,13,11,8,15,Y6080567,,,,0,30.0,0,0
75,13,11,8,16,Y6080568,,,,0,30.0,0,0
75,13,11,8,17,Y6080569,,,,0,30.0,0,0
75,13,11,8,18,Y6080570,,,,0,30.0,0,0
75,13,11,8,19,Y6080571,,,,0,30.0,0,0
75,13,11,8,20,Y6080572,,,,0,30.0,0,0
75,13,11,8,21,Y6080573,,,,0,30.0,0,0
75,13,11,8,22,Y6080574,,,,0,30.0,0,0
75,13,11,8,23,Y6080575,,,,0,30.0,0,0
75,13,11,8,24,Y6080576,,,,0,30.0,0,0
75,13,11,8,25,Y6080577,,,,0,30.0,0,0
75,13,11,8,26,Y6080578,,,,0,30.0,0,0
75,13,11,8,27,Y6080579,,,,0,30.0,0,0
75,13,11,8,28,Y6080580,,,,0,30.0,0,0
75,13,11,8,29,Y6080581,,,,0,30.0,0,0
75,13,11,8,30,Y6080582,,,,0,30.0,0,0
75,13,11,9,10,Y6080583,,,,0,30.0,0,0
75,13,11,9,11,Y6080584,,,,0,30.0,0,0
75,13,11,9,12,Y6080585,,,,0,30.0,0,0
75,13,11,9,13,Y6080586,,,,0,30.0,0,0
75,13,11,9,14,Y6080587,,,,0,30.0,0,0
75,13,11,9,15,Y6080588,,,,0,30.0,0,0
75,13,11,9,16,Y6080589,,,,0,30.0,0,0
75,13,11,9,17,Y6080590,,,,0,30.0,0,0
75,13,11,9,18,Y6080591,,,,0,30.0,0,0
75,13,11,9,19,Y6080592,,,,0,30.0,0,0
75,13,11,9,20,Y6080593,,,,0,30.0,0,0
75,13,11,9,21,Y6080594,,,,0,30.0,0,0
75,13,11,9,22,Y6080595,,,,0,30.0,0,0
75,13,11,9,23,Y6080596,,,,0,30.0,0,0
75,13,11,9,24,Y6080597,,,,0,30.0,0,0
75,13,11,9,25,Y6080598,,,,0,30.0,0,0
75,13,11,9,26,Y6080599,,,,0,30.0,0,0
75,13,11,9,27,Y6080600,,,,0,30.0,0,0
75,13,11,9,28,Y6080601,,,,0,30.0,0,0
75,13,11,9,29,Y6080602,,,,0,30.0,0,0
75,13,11,9,30,Y6080603,,,,0,30.0,0,0
75,13,11,10,10,Y6080604,,,,0,30.0,0,0
75,13,11,10,11,Y6080605,,,,0,30.0,0,0
75,13,11,10,12,Y6080606,,,,0,30.0,0,0
75,13,11,10,13,Y6080607,,,,0,30.0,0,0
75,13,11,10,14,Y6080608,,,,0,30.0,0,0
75,13,11,10,15,Y6080609,,,,0,30.0,0,0
75,13,11,10,16,Y6080610,,,,0,30.0,0,0
75,13,11,10,17,Y6080611,,,,0,30.0,0,0
75,13,11,10,18,Y6080612,,,,0,30.0,0,0
75,13,11,10,19,Y6080613,,,,0,30.0,0,0
75,13,11,10,20,Y6080614,,,,0,30.0,0,0
75,13,11,10,21,Y6080615,,,,0,30.0,0,0
75,13,11,10,22,Y6080616,,,,0,30.0,0,0
75,13,11,10,23,Y6080617,,,,0,30.0,0,0
75,13,11,10,24,Y6080618,,,,0,30.0,0,0
75,13,11,10,25,Y6080619,,,,0,30.0,0,0
75,13,11,10,26,Y6080620,,,,0,30.0,0,0
75,13,11,10,27,Y6080621,,,,0,30.0,0,0
75,13,11,10,28,Y6080622,,,,0,30.0,0,0
75,13,11,10,29,Y6080623,,,,0,30.0,0,0
75,13,11,10,30,Y6080624,,,,0,30.0,0,0
75,13,11,11,10,Y6080625,,,,0,30.0,0,0
75,13,11,11,11,Y6080626,,,,0,30.0,0,0
75,13,11,11,12,Y6080627,,,,0,30.0,0,0
75,13,11,11,13,Y6080628,,,,0,30.0,0,0
75,13,11,11,14,Y6080629,,,,0,30.0,0,0
75,13,11,11,15,Y6080630,,,,0,30.0,0,0
75,13,11,11,16,Y6080631,,,,0,30.0,0,0
75,13,11,11,17,Y6080632,,,,0,30.0,0,0
75,13,11,11,18,Y6080633,,,,0,30.0,0,0
75,13,11,11,19,Y6080634,,,,0,30.0,0,0
75,13,11,11,20,Y6080635,,,,0,30.0,0,0
75,13,11,11,21,Y6080636,,,,0,30.0,0,0
75,13,11,11,22,Y6080637,,,,0,30.0,0,0
75,13,11,11,23,Y6080638,,,,0,30.0,0,0
75,13,11,11,24,Y6080639,,,,0,30.0,0,0
75,13,11,11,25,Y6080640,,,,0,30.0,0,0
75,13,11,11,26,Y6080641,,,,0,30.0,0,0
75,13,11,11,27,Y6080642,,,,0,30.0,0,0
75,13,11,11,28,Y6080643,,,,0,30.0,0,0
75,13,11,11,29,Y6080644,,,,0,30.0,0,0
75,13,11,11,30,Y6080645,,,,0,30.0,0,0
75,13,11,12,10,Y6080646,,,,0,30.0,0,0
75,13,11,12,11,Y6080647,,,,0,30.0,0,0
75,13,11,12,12,Y6080648,,,,0,30.0,0,0
75,13,11,12,13,Y6080649,,,,0,30.0,0,0
75,13,11,12,14,Y6080650,,,,0,30.0,0,0
75,13,11,12,15,Y6080651,,,,0,30.0,0,0
75,13,11,12,16,Y6080652,,,,0,30.0,0,0
75,13,11,12,17,Y6080653,,,,0,30.0,0,0
75,13,11,12,18,Y6080654,,,,0,30.0,0,0
75,13,11,12,19,Y6080655,,,,0,30.0,0,0
75,13,11,12,20,Y6080656,,,,0,30.0,0,0
75,13,11,12,21,Y6080657,,,,0,30.0,0,0
75,13,11,12,22,Y6080658,,,,0,30.0,0,0
75,13,11,12,23,Y6080659,,,,0,30.0,0,0
75,13,11,12,24,Y6080660,,,,0,30.0,0,0
75,13,11,12,25,Y6080661,,,,0,30.0,0,0
75,13,11,12,26,Y6080662,,,,0,30.0,0,0
75,13,11,12,27,Y6080663,,,,0,30.0,0,0
75,13,11,12,28,Y6080664,,,,0,30.0,0,0
75,13,11,12,29,Y6080665,,,,0,30.0,0,0
75,13,11,12,30,Y6080666,,,,0,30.0,0,0
75,13,12,1,10,Y6080667,,,,0,30.0,0,0
75,13,12,1,11,Y6080668,,,,0,30.0,0,0
75,13,12,1,12,Y6080669,,,,0,30.0,0,0
75,13,12,1,13,Y6080670,,,,0,30.0,0,0
75,13,12,1,14,Y6080671,,,,0,30.0,0,0
75,13,12,1,15,Y6080672,,,,0,30.0,0,0
75,13,12,1,16,Y6080673,,,,0,30.0,0,0
75,13,12,1,17,Y6080674,,,,0,30.0,0,0
75,13,12,1,18,Y6080675,,,,0,30.0,0,0
75,13,12,1,19,Y6080676,,,,0,30.0,0,0
75,13,12,1,20,Y6080677,,,,0,30.0,0,0
75,13,12,1,21,Y6080678,,,,0,30.0,0,0
75,13,12,1,22,Y6080679,,,,0,30.0,0,0
75,13,12,1,23,Y6080680,,,,0,30.0,0,0
75,13,12,1,24,Y6080681,,,,0,30.0,0,0
75,13,12,1,25,Y6080682,,,,0,30.0,0,0
75,13,12,1,26,Y6080683,,,,0,30.0,0,0
75,13,12,1,27,Y6080684,,,,0,30.0,0,0
75,13,12,1,28,Y6080685,,,,0,30.0,0,0
75,13,12,1,29,Y6080686,,,,0,30.0,0,0
75,13,12,1,30,Y6080687,,,,0,30.0,0,0
75,13,12,2,10,Y6080688,,,,0,30.0,0,0
75,13,12,2,11,Y6080689,,,,0,30.0,0,0
75,13,12,2,12,Y6080690,,,,0,30.0,0,0
75,13,12,2,13,Y6080691,,,,0,30.0,0,0
75,13,12,2,14,Y6080692,,,,0,30.0,0,0
75,13,12,2,15,Y6080693,,,,0,30.0,0,0
75,13,12,2,16,Y6080694,,,,0,30.0,0,0
75,13,12,2,17,Y6080695,,,,0,30.0,0,0
75,13,12,2,18,Y6080696,,,,0,30.0,0,0
75,13,12,2,19,Y6080697,,,,0,30.0,0,0
75,13,12,2,20,Y6080698,,,,0,30.0,0,0
75,13,12,2,21,Y6080699,,,,0,30.0,0,0
75,13,12,2,22,Y6080700,,,,0,30.0,0,0
75,13,12,2,23,Y6080701,,,,0,30.0,0,0
75,13,12,2,24,Y6080702,,,,0,30.0,0,0
75,13,12,2,25,Y6080703,,,,0,30.0,0,0
75,13,12,2,26,Y6080704,,,,0,30.0,0,0
75,13,12,2,27,Y6080705,,,,0,30.0,0,0
75,13,12,2,28,Y6080706,,,,0,30.0,0,0
75,13,12,2,29,Y6080707,,,,0,30.0,0,0
75,13,12,2,30,Y6080708,,,,0,30.0,0,0
75,13,12,3,10,Y6080709,,,,0,30.0,0,0
75,13,12,3,11,Y6080710,,,,0,30.0,0,0
75,13,12,3,12,Y6080711,,,,0,30.0,0,0
75,13,12,3,13,Y6080712,,,,0,30.0,0,0
75,13,12,3,14,Y6080713,,,,0,30.0,0,0
75,13,12,3,15,Y6080714,,,,0,30.0,0,0
75,13,12,3,16,Y6080715,,,,0,30.0,0,0
75,13,12,3,17,Y6080716,,,,0,30.0,0,0
75,13,12,3,18,Y6080717,,,,0,30.0,0,0
75,13,12,3,19,Y6080718,,,,0,30.0,0,0
75,13,12,3,20,Y6080719,,,,0,30.0,0,0
75,13,12,3,21,Y6080720,,,,0,30.0,0,0
75,13,12,3,22,Y6080721,,,,0,30.0,0,0
75,13,12,3,23,Y6080722,,,,0,30.0,0,0
75,13,12,3,24,Y6080723,,,,0,30.0,0,0
75,13,12,3,25,Y6080724,,,,0,30.0,0,0
75,13,12,3,26,Y6080725,,,,0,30.0,0,0
75,13,12,3,27,Y6080726,,,,0,30.0,0,0
75,13,12,3,28,Y6080727,,,,0,30.0,0,0
75,13,12,3,29,Y6080728,,,,0,30.0,0,0
75,13,12,3,30,Y6080729,,,,0,30.0,0,0
75,13,12,4,10,Y6080730,,,,0,30.0,0,0
75,13,12,4,11,Y6080731,,,,0,30.0,0,0
75,13,12,4,12,Y6080732,,,,0,30.0,0,0
75,13,12,4,13,Y6080733,,,,0,30.0,0,0
75,13,12,4,14,Y6080734,,,,0,30.0,0,0
75,13,12,4,15,Y6080735,,,,0,30.0,0,0
75,13,12,4,16,Y6080736,,,,0,30.0,0,0
75,13,12,4,17,Y6080737,,,,0,30.0,0,0
75,13,12,4,18,Y6080738,,,,0,30.0,0,0
75,13,12,4,19,Y6080739,,,,0,30.0,0,0
75,13,12,4,20,Y6080740,,,,0,30.0,0,0
75,13,12,4,21,Y6080741,,,,0,30.0,0,0
75,13,12,4,22,Y6080742,,,,0,30.0,0,0
75,13,12,4,23,Y6080743,,,,0,30.0,0,0
75,13,12,4,24,Y6080744,,,,0,30.0,0,0
75,13,12,4,25,Y6080745,,,,0,30.0,0,0
75,13,12,4,26,Y6080746,,,,0,30.0,0,0
75,13,12,4,27,Y6080747,,,,0,30.0,0,0
75,13,12,4,28,Y6080748,,,,0,30.0,0,0
75,13,12,4,29,Y6080749,,,,0,30.0,0,0
75,13,12,4,30,Y6080750,,,,0,30.0,0,0
75,13,12,5,10,Y6080751,,,,0,30.0,0,0
75,13,12,5,11,Y6080752,,,,0,30.0,0,0
75,13,12,5,12,Y6080753,,,,0,30.0,0,0
75,13,12,5,13,Y6080754,,,,0,30.0,0,0
75,13,12,5,14,Y6080755,,,,0,30.0,0,0
75,13,12,5,15,Y6080756,,,,0,30.0,0,0
75,13,12,5,16,Y6080757,,,,0,30.0,0,0
75,13,12,5,17,Y6080758,,,,0,30.0,0,0
75,13,12,5,18,Y6080759,,,,0,30.0,0,0
75,13,12,5,19,Y6080760,,,,0,30.0,0,0
75,13,12,5,20,Y6080761,,,,0,30.0,0,0
75,13,12,5,21,Y6080762,,,,0,30.0,0,0
75,13,12,5,22,Y6080763,,,,0,30.0,0,0
75,13,12,5,23,Y6080764,,,,0,30.0,0,0
75,13,12,5,24,Y6080765,,,,0,30.0,0,0
75,13,12,5,25,Y6080766,,,,0,30.0,0,0
75,13,12,5,26,Y6080767,,,,0,30.0,0,0
75,13,12,5,27,Y6080768,,,,0,30.0,0,0
75,13,12,5,28,Y6080769,,,,0,30.0,0,0
75,13,12,5,29,Y6080770,,,,0,30.0,0,0
75,13,12,5,30,Y6080771,,,,0,30.0,0,0
75,13,12,6,10,Y6080772,,,,0,30.0,0,0
75,13,12,6,11,Y6080773,,,,0,30.0,0,0
75,13,12,6,12,Y6080774,,,,0,30.0,0,0
75,13,12,6,13,Y6080775,,,,0,30.0,0,0
75,13,12,6,14,Y6080776,,,,0,30.0,0,0
75,13,12,6,15,Y6080777,,,,0,30.0,0,0
75,13,12,6,16,Y6080778,,,,0,30.0,0,0
75,13,12,6,17,Y6080779,,,,0,30.0,0,0
75,13,12,6,18,Y6080780,,,,0,30.0,0,0
75,13,12,6,19,Y6080781,,,,0,30.0,0,0
75,13,12,6,20,Y6080782,,,,0,30.0,0,0
75,13,12,6,21,Y6080783,,,,0,30.0,0,0
75,13,12,6,22,Y6080784,,,,0,30.0,0,0
75,13,12,6,23,Y6080785,,,,0,30.0,0,0
75,13,12,6,24,Y6080786,,,,0,30.0,0,0
75,13,12,6,25,Y6080787,,,,0,30.0,0,0
75,13,12,6,26,Y6080788,,,,0,30.0,0,0
75,13,12,6,27,Y6080789,,,,0,30.0,0,0
75,13,12,6,28,Y6080790,,,,0,30.0,0,0
75,13,12,6,29,Y6080791,,,,0,30.0,0,0
75,13,12,6,30,Y6080792,,,,0,30.0,0,0
75,13,12,7,10,Y6080793,,,,0,30.0,0,0
75,13,12,7,11,Y6080794,,,,0,30.0,0,0
75,13,12,7,12,Y6080795,,,,0,30.0,0,0
75,13,12,7,13,Y6080796,,,,0,30.0,0,0
75,13,12,7,14,Y6080797,,,,0,30.0,0,0
75,13,12,7,15,Y6080798,,,,0,30.0,0,0
75,13,12,7,16,Y6080799,,,,0,30.0,0,0
75,13,12,7,17,Y6080800,,,,0,30.0,0,0
75,13,12,7,18,Y6080801,,,,0,30.0,0,0
75,13,12,7,19,Y6080802,,,,0,30.0,0,0
75,13,12,7,20,Y6080803,,,,0,30.0,0,0
75,13,12,7,21,Y6080804,,,,0,30.0,0,0
75,13,12,7,22,Y6080805,,,,0,30.0,0,0
75,13,12,7,23,Y6080806,,,,0,30.0,0,0
75,13,12,7,24,Y6080807,,,,0,30.0,0,0
75,13,12,7,25,Y6080808,,,,0,30.0,0,0
75,13,12,7,26,Y6080809,,,,0,30.0,0,0
75,13,12,7,27,Y6080810,,,,0,30.0,0,0
75,13,12,7,28,Y6080811,,,,0,30.0,0,0
75,13,12,7,29,Y6080812,,,,0,30.0,0,0
75,13,12,7,30,Y6080813,,,,0,30.0,0,0
75,13,12,8,10,Y6080814,,,,0,30.0,0,0
75,13,12,8,11,Y6080815,,,,0,30.0,0,0
75,13,12,8,12,Y6080816,,,,0,30.0,0,0
75,13,12,8,13,Y6080817,,,,0,30.0,0,0
75,13,12,8,14,Y6080818,,,,0,30.0,0,0
75,13,12,8,15,Y6080819,,,,0,30.0,0,0
75,13,12,8,16,Y6080820,,,,0,30.0,0,0
75,13,12,8,17,Y6080821,,,,0,30.0,0,0
75,13,12,8,18,Y6080822,,,,0,30.0,0,0
75,13,12,8,19,Y6080823,,,,0,30.0,0,0
75,13,12,8,20,Y6080824,,,,0,30.0,0,0
75,13,12,8,21,Y6080825,,,,0,30.0,0,0
75,13,12,8,22,Y6080826,,,,0,30.0,0,0
75,13,12,8,23,Y6080827,,,,0,30.0,0,0
75,13,12,8,24,Y6080828,,,,0,30.0,0,0
75,13,12,8,25,Y6080829,,,,0,30.0,0,0
75,13,12,8,26,Y6080830,,,,0,30.0,0,0
75,13,12,8,27,Y6080831,,,,0,30.0,0,0
75,13,12,8,28,Y6080832,,,,0,30.0,0,0
75,13,12,8,29,Y6080833,,,,0,30.0,0,0
75,13,12,8,30,Y6080834,,,,0,30.0,0,0
75,13,12,9,10,Y6080835,,,,0,30.0,0,0
75,13,12,9,11,Y6080836,,,,0,30.0,0,0
75,13,12,9,12,Y6080837,,,,0,30.0,0,0
75,13,12,9,13,Y6080838,,,,0,30.0,0,0
75,13,12,9,14,Y6080839,,,,0,30.0,0,0
75,13,12,9,15,Y6080840,,,,0,30.0,0,0
75,13,12,9,16,Y6080841,,,,0,30.0,0,0
75,13,12,9,17,Y6080842,,,,0,30.0,0,0
75,13,12,9,18,Y6080843,,,,0,30.0,0,0
75,13,12,9,19,Y6080844,,,,0,30.0,0,0
75,13,12,9,20,Y6080845,,,,0,30.0,0,0
75,13,12,9,21,Y6080846,,,,0,30.0,0,0
75,13,12,9,22,Y6080847,,,,0,30.0,0,0
75,13,12,9,23,Y6080848,,,,0,30.0,0,0
75,13,12,9,24,Y6080849,,,,0,30.0,0,0
75,13,12,9,25,Y6080850,,,,0,30.0,0,0
75,13,12,9,26,Y6080851,,,,0,30.0,0,0
75,13,12,9,27,Y6080852,,,,0,30.0,0,0
75,13,12,9,28,Y6080853,,,,0,30.0,0,0
75,13,12,9,29,Y6080854,,,,0,30.0,0,0
75,13,12,9,30,Y6080855,,,,0,30.0,0,0
75,13,12,10,10,Y6080856,,,,0,30.0,0,0
75,13,12,10,11,Y6080857,,,,0,30.0,0,0
75,13,12,10,12,Y6080858,,,,0,30.0,0,0
75,13,12,10,13,Y6080859,,,,0,30.0,0,0
75,13,12,10,14,Y6080860,,,,0,30.0,0,0
75,13,12,10,15,Y6080861,,,,0,30.0,0,0
75,13,12,10,16,Y6080862,,,,0,30.0,0,0
75,13,12,10,17,Y6080863,,,,0,30.0,0,0
75,13,12,10,18,Y6080864,,,,0,30.0,0,0
75,13,12,10,19,Y6080865,,,,0,30.0,0,0
75,13,12,10,20,Y6080866,,,,0,30.0,0,0
75,13,12,10,21,Y6080867,,,,0,30.0,0,0
75,13,12,10,22,Y6080868,,,,0,30.0,0,0
75,13,12,10,23,Y6080869,,,,0,30.0,0,0
75,13,12,10,24,Y6080870,,,,0,30.0,0,0
75,13,12,10,25,Y6080871,,,,0,30.0,0,0
75,13,12,10,26,Y6080872,,,,0,30.0,0,0
75,13,12,10,27,Y6080873,,,,0,30.0,0,0
75,13,12,10,28,Y6080874,,,,0,30.0,0,0
75,13,12,10,29,Y6080875,,,,0,30.0,0,0
75,13,12,10,30,Y6080876,,,,0,30.0,0,0
75,13,12,11,10,Y6080877,,,,0,30.0,0,0
75,13,12,11,11,Y6080878,,,,0,30.0,0,0
75,13,12,11,12,Y6080879,,,,0,30.0,0,0
75,13,12,11,13,Y6080880,,,,0,30.0,0,0
75,13,12,11,14,Y6080881,,,,0,30.0,0,0
75,13,12,11,15,Y6080882,,,,0,30.0,0,0
75,13,12,11,16,Y6080883,,,,0,30.0,0,0
75,13,12,11,17,Y6080884,,,,0,30.0,0,0
75,13,12,11,18,Y6080885,,,,0,30.0,0,0
75,13,12,11,19,Y6080886,,,,0,30.0,0,0
75,13,12,11,20,Y6080887,,,,0,30.0,0,0
75,13,12,11,21,Y6080888,,,,0,30.0,0,0
75,13,12,11,22,Y6080889,,,,0,30.0,0,0
75,13,12,11,23,Y6080890,,,,0,30.0,0,0
75,13,12,11,24,Y6080891,,,,0,30.0,0,0
75,13,12,11,25,Y6080892,,,,0,30.0,0,0
75,13,12,11,26,Y6080893,,,,0,30.0,0,0
75,13,12,11,27,Y6080894,,,,0,30.0,0,0
75,13,12,11,28,Y6080895,,,,0,30.0,0,0
75,13,12,11,29,Y6080896,,,,0,30.0,0,0
75,13,12,11,30,Y6080897,,,,0,30.0,0,0
75,13,12,12,10,Y6080898,,,,0,30.0,0,0
75,13,12,12,11,Y6080899,,,,0,30.0,0,0
75,13,12,12,12,Y6080900,,,,0,30.0,0,0
75,13,12,12,13,Y6080901,,,,0,30.0,0,0
75,13,12,12,14,Y6080902,,,,0,30.0,0,0
75,13,12,12,15,Y6080903,,,,0,30.0,0,0
75,13,12,12,16,Y6080904,,,,0,30.0,0,0
75,13,12,12,17,Y6080905,,,,0,30.0,0,0
75,13,12,12,18,Y6080906,,,,0,30.0,0,0
75,13,12,12,19,Y6080907,,,,0,30.0,0,0
75,13,12,12,20,Y6080908,,,,0,30.0,0,0
75,13,12,12,21,Y6080909,,,,0,30.0,0,0
75,13,12,12,22,Y6080910,,,,0,30.0,0,0
75,13,12,12,23,Y6080911,,,,0,30.0,0,0
75,13,12,12,24,Y6080912,,,,0,30.0,0,0
75,13,12,12,25,Y6080913,,,,0,30.0,0,0
75,13,12,12,26,Y6080914,,,,0,30.0,0,0
75,13,12,12,27,Y6080915,,,,0,30.0,0,0
75,13,12,12,28,Y6080916,,,,0,30.0,0,0
75,13,12,12,29,Y6080917,,,,0,30.0,0,0
75,13,12,12,30,Y6080918,,,,0,30.0,0,0
75,13,13,1,10,Y6080919,,,,0,30.0,0,0
75,13,13,1,11,Y6080920,,,,0,30.0,0,0
75,13,13,1,12,Y6080921,,,,0,30.0,0,0
75,13,13,1,13,Y6080922,,,,0,30.0,0,0
75,13,13,1,14,Y6080923,,,,0,30.0,0,0
75,13,13,1,15,Y6080924,,,,0,30.0,0,0
75,13,13,1,16,Y6080925,,,,0,30.0,0,0
75,13,13,1,17,Y6080926,,,,0,30.0,0,0
75,13,13,1,18,Y6080927,,,,0,30.0,0,0
75,13,13,1,19,Y6080928,,,,0,30.0,0,0
75,13,13,1,20,Y6080929,,,,0,30.0,0,0
75,13,13,1,21,Y6080930,,,,0,30.0,0,0
75,13,13,1,22,Y6080931,,,,0,30.0,0,0
75,13,13,1,23,Y6080932,,,,0,30.0,0,0
75,13,13,1,24,Y6080933,,,,0,30.0,0,0
75,13,13,1,25,Y6080934,,,,0,30.0,0,0
75,13,13,1,26,Y6080935,,,,0,30.0,0,0
75,13,13,1,27,Y6080936,,,,0,30.0,0,0
75,13,13,1,28,Y6080937,,,,0,30.0,0,0
75,13,13,1,29,Y6080938,,,,0,30.0,0,0
75,13,13,1,30,Y6080939,,,,0,30.0,0,0
75,13,13,2,10,Y6080940,,,,0,30.0,0,0
75,13,13,2,11,Y6080941,,,,0,30.0,0,0
75,13,13,2,12,Y6080942,,,,0,30.0,0,0
75,13,13,2,13,Y6080943,,,,0,30.0,0,0
75,13,13,2,14,Y6080944,,,,0,30.0,0,0
75,13,13,2,15,Y6080945,,,,0,30.0,0,0
75,13,13,2,16,Y6080946,,,,0,30.0,0,0
75,13,13,2,17,Y6080947,,,,0,30.0,0,0
75,13,13,2,18,Y6080948,,,,0,30.0,0,0
75,13,13,2,19,Y6080949,,,,0,30.0,0,0
75,13,13,2,20,Y6080950,,,,0,30.0,0,0
75,13,13,2,21,Y6080951,,,,0,30.0,0,0
75,13,13,2,22,Y6080952,,,,0,30.0,0,0
75,13,13,2,23,Y6080953,,,,0,30.0,0,0
75,13,13,2,24,Y6080954,,,,0,30.0,0,0
75,13,13,2,25,Y6080955,,,,0,30.0,0,0
75,13,13,2,26,Y6080956,,,,0,30.0,0,0
75,13,13,2,27,Y6080957,,,,0,30.0,0,0
75,13,13,2,28,Y6080958,,,,0,30.0,0,0
75,13,13,2,29,Y6080959,,,,0,30.0,0,0
75,13,13,2,30,Y6080960,,,,0,30.0,0,0
75,13,13,3,10,Y6080961,,,,0,30.0,0,0
75,13,13,3,11,Y6080962,,,,0,30.0,0,0
75,13,13,3,12,Y6080963,,,,0,30.0,0,0
75,13,13,3,13,Y6080964,,,,0,30.0,0,0
75,13,13,3,14,Y6080965,,,,0,30.0,0,0
75,13,13,3,15,Y6080966,,,,0,30.0,0,0
75,13,13,3,16,Y6080967,,,,0,30.0,0,0
75,13,13,3,17,Y6080968,,,,0,30.0,0,0
75,13,13,3,18,Y6080969,,,,0,30.0,0,0
75,13,13,3,19,Y6080970,,,,0,30.0,0,0
75,13,13,3,20,Y6080971,,,,0,30.0,0,0
75,13,13,3,21,Y6080972,,,,0,30.0,0,0
75,13,13,3,22,Y6080973,,,,0,30.0,0,0
75,13,13,3,23,Y6080974,,,,0,30.0,0,0
75,13,13,3,24,Y6080975,,,,0,30.0,0,0
75,13,13,3,25,Y6080976,,,,0,30.0,0,0
75,13,13,3,26,Y6080977,,,,0,30.0,0,0
75,13,13,3,27,Y6080978,,,,0,30.0,0,0
75,13,13,3,28,Y6080979,,,,0,30.0,0,0
75,13,13,3,29,Y6080980,,,,0,30.0,0,0
75,13,13,3,30,Y6080981,,,,0,30.0,0,0
75,13,13,4,10,Y6080982,,,,0,30.0,0,0
75,13,13,4,11,Y6080983,,,,0,30.0,0,0
75,13,13,4,12,Y6080984,,,,0,30.0,0,0
75,13,13,4,13,Y6080985,,,,0,30.0,0,0
75,13,13,4,14,Y6080986,,,,0,30.0,0,0
75,13,13,4,15,Y6080987,,,,0,30.0,0,0
75,13,13,4,16,Y6080988,,,,0,30.0,0,0
75,13,13,4,17,Y6080989,,,,0,30.0,0,0
75,13,13,4,18,Y6080990,,,,0,30.0,0,0
75,13,13,4,19,Y6080991,,,,0,30.0,0,0
75,13,13,4,20,Y6080992,,,,0,30.0,0,0
75,13,13,4,21,Y6080993,,,,0,30.0,0,0
75,13,13,4,22,Y6080994,,,,0,30.0,0,0
75,13,13,4,23,Y6080995,,,,0,30.0,0,0
75,13,13,4,24,Y6080996,,,,0,30.0,0,0
75,13,13,4,25,Y6080997,,,,0,30.0,0,0
75,13,13,4,26,Y6080998,,,,0,30.0,0,0
75,13,13,4,27,Y6080999,,,,0,30.0,0,0
75,13,13,4,28,Y6081000,,,,0,30.0,0,0
75,13,13,4,29,Y6081001,,,,0,30.0,0,0
75,13,13,4,30,Y6081002,,,,0,30.0,0,0
75,13,13,5,10,Y6081003,,,,0,30.0,0,0
75,13,13,5,11,Y6081004,,,,0,30.0,0,0
75,13,13,5,12,Y6081005,,,,0,30.0,0,0
75,13,13,5,13,Y6081006,,,,0,30.0,0,0
75,13,13,5,14,Y6081007,,,,0,30.0,0,0
75,13,13,5,15,Y6081008,,,,0,30.0,0,0
75,13,13,5,16,Y6081009,,,,0,30.0,0,0
75,13,13,5,17,Y6081010,,,,0,30.0,0,0
75,13,13,5,18,Y6081011,,,,0,30.0,0,0
75,13,13,5,19,Y6081012,,,,0,30.0,0,0
75,13,13,5,20,Y6081013,,,,0,30.0,0,0
75,13,13,5,21,Y6081014,,,,0,30.0,0,0
75,13,13,5,22,Y6081015,,,,0,30.0,0,0
75,13,13,5,23,Y6081016,,,,0,30.0,0,0
75,13,13,5,24,Y6081017,,,,0,30.0,0,0
75,13,13,5,25,Y6081018,,,,0,30.0,0,0
75,13,13,5,26,Y6081019,,,,0,30.0,0,0
75,13,13,5,27,Y6081020,,,,0,30.0,0,0
75,13,13,5,28,Y6081021,,,,0,30.0,0,0
75,13,13,5,29,Y6081022,,,,0,30.0,0,0
75,13,13,5,30,Y6081023,,,,0,30.0,0,0
75,13,13,6,10,Y6081024,,,,0,30.0,0,0
75,13,13,6,11,Y6081025,,,,0,30.0,0,0
75,13,13,6,12,Y6081026,,,,0,30.0,0,0
75,13,13,6,13,Y6081027,,,,0,30.0,0,0
75,13,13,6,14,Y6081028,,,,0,30.0,0,0
75,13,13,6,15,Y6081029,,,,0,30.0,0,0
75,13,13,6,16,Y6081030,,,,0,30.0,0,0
75,13,13,6,17,Y6081031,,,,0,30.0,0,0
75,13,13,6,18,Y6081032,,,,0,30.0,0,0
75,13,13,6,19,Y6081033,,,,0,30.0,0,0
75,13,13,6,20,Y6081034,,,,0,30.0,0,0
75,13,13,6,21,Y6081035,,,,0,30.0,0,0
75,13,13,6,22,Y6081036,,,,0,30.0,0,0
75,13,13,6,23,Y6081037,,,,0,30.0,0,0
75,13,13,6,24,Y6081038,,,,0,30.0,0,0
75,13,13,6,25,Y6081039,,,,0,30.0,0,0
75,13,13,6,26,Y6081040,,,,0,30.0,0,0
75,13,13,6,27,Y6081041,,,,0,30.0,0,0
75,13,13,6,28,Y6081042,,,,0,30.0,0,0
75,13,13,6,29,Y6081043,,,,0,30.0,0,0
75,13,13,6,30,Y6081044,,,,0,30.0,0,0
75,13,13,7,10,Y6081045,,,,0,30.0,0,0
75,13,13,7,11,Y6081046,,,,0,30.0,0,0
75,13,13,7,12,Y6081047,,,,0,30.0,0,0
75,13,13,7,13,Y6081048,,,,0,30.0,0,0
75,13,13,7,14,Y6081049,,,,0,30.0,0,0
75,13,13,7,15,Y6081050,,,,0,30.0,0,0
75,13,13,7,16,Y6081051,,,,0,30.0,0,0
75,13,13,7,17,Y6081052,,,,0,30.0,0,0
75,13,13,7,18,Y6081053,,,,0,30.0,0,0
75,13,13,7,19,Y6081054,,,,0,30.0,0,0
75,13,13,7,20,Y6081055,,,,0,30.0,0,0
75,13,13,7,21,Y6081056,,,,0,30.0,0,0
75,13,13,7,22,Y6081057,,,,0,30.0,0,0
75,13,13,7,23,Y6081058,,,,0,30.0,0,0
75,13,13,7,24,Y6081059,,,,0,30.0,0,0
75,13,13,7,25,Y6081060,,,,0,30.0,0,0
75,13,13,7,26,Y6081061,,,,0,30.0,0,0
75,13,13,7,27,Y6081062,,,,0,30.0,0,0
75,13,13,7,28,Y6081063,,,,0,30.0,0,0
75,13,13,7,29,Y6081064,,,,0,30.0,0,0
75,13,13,7,30,Y6081065,,,,0,30.0,0,0
75,13,13,8,10,Y6081066,,,,0,30.0,0,0
75,13,13,8,11,Y6081067,,,,0,30.0,0,0
75,13,13,8,12,Y6081068,,,,0,30.0,0,0
75,13,13,8,13,Y6081069,,,,0,30.0,0,0
75,13,13,8,14,Y6081070,,,,0,30.0,0,0
75,13,13,8,15,Y6081071,,,,0,30.0,0,0
75,13,13,8,16,Y6081072,,,,0,30.0,0,0
75,13,13,8,17,Y6081073,,,,0,30.0,0,0
75,13,13,8,18,Y6081074,,,,0,30.0,0,0
75,13,13,8,19,Y6081075,,,,0,30.0,0,0
75,13,13,8,20,Y6081076,,,,0,30.0,0,0
75,13,13,8,21,Y6081077,,,,0,30.0,0,0
75,13,13,8,22,Y6081078,,,,0,30.0,0,0
75,13,13,8,23,Y6081079,,,,0,30.0,0,0
75,13,13,8,24,Y6081080,,,,0,30.0,0,0
75,13,13,8,25,Y6081081,,,,0,30.0,0,0
75,13,13,8,26,Y6081082,,,,0,30.0,0,0
75,13,13,8,27,Y6081083,,,,0,30.0,0,0
75,13,13,8,28,Y6081084,,,,0,30.0,0,0
75,13,13,8,29,Y6081085,,,,0,30.0,0,0
75,13,13,8,30,Y6081086,,,,0,30.0,0,0
75,13,13,9,10,Y6081087,,,,0,30.0,0,0
75,13,13,9,11,Y6081088,,,,0,30.0,0,0
75,13,13,9,12,Y6081089,,,,0,30.0,0,0
75,13,13,9,13,Y6081090,,,,0,30.0,0,0
75,13,13,9,14,Y6081091,,,,0,30.0,0,0
75,13,13,9,15,Y6081092,,,,0,30.0,0,0
75,13,13,9,16,Y6081093,,,,0,30.0,0,0
75,13,13,9,17,Y6081094,,,,0,30.0,0,0
75,13,13,9,18,Y6081095,,,,0,30.0,0,0
75,13,13,9,19,Y6081096,,,,0,30.0,0,0
75,13,13,9,20,Y6081097,,,,0,30.0,0,0
75,13,13,9,21,Y6081098,,,,0,30.0,0,0
75,13,13,9,22,Y6081099,,,,0,30.0,0,0
75,13,13,9,23,Y6081100,,,,0,30.0,0,0
75,13,13,9,24,Y6081101,,,,0,30.0,0,0
75,13,13,9,25,Y6081102,,,,0,30.0,0,0
75,13,13,9,26,Y6081103,,,,0,30.0,0,0
75,13,13,9,27,Y6081104,,,,0,30.0,0,0
75,13,13,9,28,Y6081105,,,,0,30.0,0,0
75,13,13,9,29,Y6081106,,,,0,30.0,0,0
75,13,13,9,30,Y6081107,,,,0,30.0,0,0
75,13,13,10,10,Y6081108,,,,0,30.0,0,0
75,13,13,10,11,Y6081109,,,,0,30.0,0,0
75,13,13,10,12,Y6081110,,,,0,30.0,0,0
75,13,13,10,13,Y6081111,,,,0,30.0,0,0
75,13,13,10,14,Y6081112,,,,0,30.0,0,0
75,13,13,10,15,Y6081113,,,,0,30.0,0,0
75,13,13,10,16,Y6081114,,,,0,30.0,0,0
75,13,13,10,17,Y6081115,,,,0,30.0,0,0
75,13,13,10,18,Y6081116,,,,0,30.0,0,0
75,13,13,10,19,Y6081117,,,,0,30.0,0,0
75,13,13,10,20,Y6081118,,,,0,30.0,0,0
75,13,13,10,21,Y6081119,,,,0,30.0,0,0
75,13,13,10,22,Y6081120,,,,0,30.0,0,0
75,13,13,10,23,Y6081121,,,,0,30.0,0,0
75,13,13,10,24,Y6081122,,,,0,30.0,0,0
75,13,13,10,25,Y6081123,,,,0,30.0,0,0
75,13,13,10,26,Y6081124,,,,0,30.0,0,0
75,13,13,10,27,Y6081125,,,,0,30.0,0,0
75,13,13,10,28,Y6081126,,,,0,30.0,0,0
75,13,13,10,29,Y6081127,,,,0,30.0,0,0
75,13,13,10,30,Y6081128,,,,0,30.0,0,0
75,13,13,11,10,Y6081129,,,,0,30.0,0,0
75,13,13,11,11,Y6081130,,,,0,30.0,0,0
75,13,13,11,12,Y6081131,,,,0,30.0,0,0
75,13,13,11,13,Y6081132,,,,0,30.0,0,0
75,13,13,11,14,Y6081133,,,,0,30.0,0,0
75,13,13,11,15,Y6081134,,,,0,30.0,0,0
75,13,13,11,16,Y6081135,,,,0,30.0,0,0
75,13,13,11,17,Y6081136,,,,0,30.0,0,0
75,13,13,11,18,Y6081137,,,,0,30.0,0,0
75,13,13,11,19,Y6081138,,,,0,30.0,0,0
75,13,13,11,20,Y6081139,,,,0,30.0,0,0
75,13,13,11,21,Y6081140,,,,0,30.0,0,0
75,13,13,11,22,Y6081141,,,,0,30.0,0,0
75,13,13,11,23,Y6081142,,,,0,30.0,0,0
75,13,13,11,24,Y6081143,,,,0,30.0,0,0
75,13,13,11,25,Y6081144,,,,0,30.0,0,0
75,13,13,11,26,Y6081145,,,,0,30.0,0,0
75,13,13,11,27,Y6081146,,,,0,30.0,0,0
75,13,13,11,28,Y6081147,,,,0,30.0,0,0
75,13,13,11,29,Y6081148,,,,0,30.0,0,0
75,13,13,11,30,Y6081149,,,,0,30.0,0,0
75,13,13,12,10,Y6081150,,,,0,30.0,0,0
75,13,13,12,11,Y6081151,,,,0,30.0,0,0
75,13,13,12,12,Y6081152,,,,0,30.0,0,0
75,13,13,12,13,Y6081153,,,,0,30.0,0,0
75,13,13,12,14,Y6081154,,,,0,30.0,0,0
75,13,13,12,15,Y6081155,,,,0,30.0,0,0
75,13,13,12,16,Y6081156,,,,0,30.0,0,0
75,13,13,12,17,Y6081157,,,,0,30.0,0,0
75,13,13,12,18,Y6081158,,,,0,30.0,0,0
75,13,13,12,19,Y6081159,,,,0,30.0,0,0
75,13,13,12,20,Y6081160,,,,0,30.0,0,0
75,13,13,12,21,Y6081161,,,,0,30.0,0,0
75,13,13,12,22,Y6081162,,,,0,30.0,0,0
75,13,13,12,23,Y6081163,,,,0,30.0,0,0
75,13,13,12,24,Y6081164,,,,0,30.0,0,0
75,13,13,12,25,Y6081165,,,,0,30.0,0,0
75,13,13,12,26,Y6081166,,,,0,30.0,0,0
75,13,13,12,27,Y6081167,,,,0,30.0,0,0
75,13,13,12,28,Y6081168,,,,0,30.0,0,0
75,13,13,12,29,Y6081169,,,,0,30.0,0,0
75,13,13,12,30,Y6081170,,,,0,30.0,0,0
75,13,14,1,10,Y6081171,,,,0,30.0,0,0
75,13,14,1,11,Y6081172,,,,0,30.0,0,0
75,13,14,1,12,Y6081173,,,,0,30.0,0,0
75,13,14,1,13,Y6081174,,,,0,30.0,0,0
75,13,14,1,14,Y6081175,,,,0,30.0,0,0
75,13,14,1,15,Y6081176,,,,0,30.0,0,0
75,13,14,1,16,Y6081177,,,,0,30.0,0,0
75,13,14,1,17,Y6081178,,,,0,30.0,0,0
75,13,14,1,18,Y6081179,,,,0,30.0,0,0
75,13,14,1,19,Y6081180,,,,0,30.0,0,0
75,13,14,1,20,Y6081181,,,,0,30.0,0,0
75,13,14,1,21,Y6081182,,,,0,30.0,0,0
75,13,14,1,22,Y6081183,,,,0,30.0,0,0
75,13,14,1,23,Y6081184,,,,0,30.0,0,0
75,13,14,1,24,Y6081185,,,,0,30.0,0,0
75,13,14,1,25,Y6081186,,,,0,30.0,0,0
75,13,14,1,26,Y6081187,,,,0,30.0,0,0
75,13,14,1,27,Y6081188,,,,0,30.0,0,0
75,13,14,1,28,Y6081189,,,,0,30.0,0,0
75,13,14,1,29,Y6081190,,,,0,30.0,0,0
75,13,14,1,30,Y6081191,,,,0,30.0,0,0
75,13,14,2,10,Y6081192,,,,0,30.0,0,0
75,13,14,2,11,Y6081193,,,,0,30.0,0,0
75,13,14,2,12,Y6081194,,,,0,30.0,0,0
75,13,14,2,13,Y6081195,,,,0,30.0,0,0
75,13,14,2,14,Y6081196,,,,0,30.0,0,0
75,13,14,2,15,Y6081197,,,,0,30.0,0,0
75,13,14,2,16,Y6081198,,,,0,30.0,0,0
75,13,14,2,17,Y6081199,,,,0,30.0,0,0
75,13,14,2,18,Y6081200,,,,0,30.0,0,0
75,13,14,2,19,Y6081201,,,,0,30.0,0,0
75,13,14,2,20,Y6081202,,,,0,30.0,0,0
75,13,14,2,21,Y6081203,,,,0,30.0,0,0
75,13,14,2,22,Y6081204,,,,0,30.0,0,0
75,13,14,2,23,Y6081205,,,,0,30.0,0,0
75,13,14,2,24,Y6081206,,,,0,30.0,0,0
75,13,14,2,25,Y6081207,,,,0,30.0,0,0
75,13,14,2,26,Y6081208,,,,0,30.0,0,0
75,13,14,2,27,Y6081209,,,,0,30.0,0,0
75,13,14,2,28,Y6081210,,,,0,30.0,0,0
75,13,14,2,29,Y6081211,,,,0,30.0,0,0
75,13,14,2,30,Y6081212,,,,0,30.0,0,0
75,13,14,3,10,Y6081213,,,,0,30.0,0,0
75,13,14,3,11,Y6081214,,,,0,30.0,0,0
75,13,14,3,12,Y6081215,,,,0,30.0,0,0
75,13,14,3,13,Y6081216,,,,0,30.0,0,0
75,13,14,3,14,Y6081217,,,,0,30.0,0,0
75,13,14,3,15,Y6081218,,,,0,30.0,0,0
75,13,14,3,16,Y6081219,,,,0,30.0,0,0
75,13,14,3,17,Y6081220,,,,0,30.0,0,0
75,13,14,3,18,Y6081221,,,,0,30.0,0,0
75,13,14,3,19,Y6081222,,,,0,30.0,0,0
75,13,14,3,20,Y6081223,,,,0,30.0,0,0
75,13,14,3,21,Y6081224,,,,0,30.0,0,0
75,13,14,3,22,Y6081225,,,,0,30.0,0,0
75,13,14,3,23,Y6081226,,,,0,30.0,0,0
75,13,14,3,24,Y6081227,,,,0,30.0,0,0
75,13,14,3,25,Y6081228,,,,0,30.0,0,0
75,13,14,3,26,Y6081229,,,,0,30.0,0,0
75,13,14,3,27,Y6081230,,,,0,30.0,0,0
75,13,14,3,28,Y6081231,,,,0,30.0,0,0
75,13,14,3,29,Y6081232,,,,0,30.0,0,0
75,13,14,3,30,Y6081233,,,,0,30.0,0,0
75,13,14,4,10,Y6081234,,,,0,30.0,0,0
75,13,14,4,11,Y6081235,,,,0,30.0,0,0
75,13,14,4,12,Y6081236,,,,0,30.0,0,0
75,13,14,4,13,Y6081237,,,,0,30.0,0,0
75,13,14,4,14,Y6081238,,,,0,30.0,0,0
75,13,14,4,15,Y6081239,,,,0,30.0,0,0
75,13,14,4,16,Y6081240,,,,0,30.0,0,0
75,13,14,4,17,Y6081241,,,,0,30.0,0,0
75,13,14,4,18,Y6081242,,,,0,30.0,0,0
75,13,14,4,19,Y6081243,,,,0,30.0,0,0
75,13,14,4,20,Y6081244,,,,0,30.0,0,0
75,13,14,4,21,Y6081245,,,,0,30.0,0,0
75,13,14,4,22,Y6081246,,,,0,30.0,0,0
75,13,14,4,23,Y6081247,,,,0,30.0,0,0
75,13,14,4,24,Y6081248,,,,0,30.0,0,0
75,13,14,4,25,Y6081249,,,,0,30.0,0,0
75,13,14,4,26,Y6081250,,,,0,30.0,0,0
75,13,14,4,27,Y6081251,,,,0,30.0,0,0
75,13,14,4,28,Y6081252,,,,0,30.0,0,0
75,13,14,4,29,Y6081253,,,,0,30.0,0,0
75,13,14,4,30,Y6081254,,,,0,30.0,0,0
75,13,14,5,10,Y6081255,,,,0,30.0,0,0
75,13,14,5,11,Y6081256,,,,0,30.0,0,0
75,13,14,5,12,Y6081257,,,,0,30.0,0,0
75,13,14,5,13,Y6081258,,,,0,30.0,0,0
75,13,14,5,14,Y6081259,,,,0,30.0,0,0
75,13,14,5,15,Y6081260,,,,0,30.0,0,0
75,13,14,5,16,Y6081261,,,,0,30.0,0,0
75,13,14,5,17,Y6081262,,,,0,30.0,0,0
75,13,14,5,18,Y6081263,,,,0,30.0,0,0
75,13,14,5,19,Y6081264,,,,0,30.0,0,0
75,13,14,5,20,Y6081265,,,,0,30.0,0,0
75,13,14,5,21,Y6081266,,,,0,30.0,0,0
75,13,14,5,22,Y6081267,,,,0,30.0,0,0
75,13,14,5,23,Y6081268,,,,0,30.0,0,0
75,13,14,5,24,Y6081269,,,,0,30.0,0,0
75,13,14,5,25,Y6081270,,,,0,30.0,0,0
75,13,14,5,26,Y6081271,,,,0,30.0,0,0
75,13,14,5,27,Y6081272,,,,0,30.0,0,0
75,13,14,5,28,Y6081273,,,,0,30.0,0,0
75,13,14,5,29,Y6081274,,,,0,30.0,0,0
75,13,14,5,30,Y6081275,,,,0,30.0,0,0
75,13,14,6,10,Y6081276,,,,0,30.0,0,0
75,13,14,6,11,Y6081277,,,,0,30.0,0,0
75,13,14,6,12,Y6081278,,,,0,30.0,0,0
75,13,14,6,13,Y6081279,,,,0,30.0,0,0
75,13,14,6,14,Y6081280,,,,0,30.0,0,0
75,13,14,6,15,Y6081281,,,,0,30.0,0,0
75,13,14,6,16,Y6081282,,,,0,30.0,0,0
75,13,14,6,17,Y6081283,,,,0,30.0,0,0
75,13,14,6,18,Y6081284,,,,0,30.0,0,0
75,13,14,6,19,Y6081285,,,,0,30.0,0,0
75,13,14,6,20,Y6081286,,,,0,30.0,0,0
75,13,14,6,21,Y6081287,,,,0,30.0,0,0
75,13,14,6,22,Y6081288,,,,0,30.0,0,0
75,13,14,6,23,Y6081289,,,,0,30.0,0,0
75,13,14,6,24,Y6081290,,,,0,30.0,0,0
75,13,14,6,25,Y6081291,,,,0,30.0,0,0
75,13,14,6,26,Y6081292,,,,0,30.0,0,0
75,13,14,6,27,Y6081293,,,,0,30.0,0,0
75,13,14,6,28,Y6081294,,,,0,30.0,0,0
75,13,14,6,29,Y6081295,,,,0,30.0,0,0
75,13,14,6,30,Y6081296,,,,0,30.0,0,0
75,13,14,7,10,Y6081297,,,,0,30.0,0,0
75,13,14,7,11,Y6081298,,,,0,30.0,0,0
75,13,14,7,12,Y6081299,,,,0,30.0,0,0
75,13,14,7,13,Y6081300,,,,0,30.0,0,0
75,13,14,7,14,Y6081301,,,,0,30.0,0,0
75,13,14,7,15,Y6081302,,,,0,30.0,0,0
75,13,14,7,16,Y6081303,,,,0,30.0,0,0
75,13,14,7,17,Y6081304,,,,0,30.0,0,0
75,13,14,7,18,Y6081305,,,,0,30.0,0,0
75,13,14,7,19,Y6081306,,,,0,30.0,0,0
75,13,14,7,20,Y6081307,,,,0,30.0,0,0
75,13,14,7,21,Y6081308,,,,0,30.0,0,0
75,13,14,7,22,Y6081309,,,,0,30.0,0,0
75,13,14,7,23,Y6081310,,,,0,30.0,0,0
75,13,14,7,24,Y6081311,,,,0,30.0,0,0
75,13,14,7,25,Y6081312,,,,0,30.0,0,0
75,13,14,7,26,Y6081313,,,,0,30.0,0,0
75,13,14,7,27,Y6081314,,,,0,30.0,0,0
75,13,14,7,28,Y6081315,,,,0,30.0,0,0
75,13,14,7,29,Y6081316,,,,0,30.0,0,0
75,13,14,7,30,Y6081317,,,,0,30.0,0,0
75,13,14,8,10,Y6081318,,,,0,30.0,0,0
75,13,14,8,11,Y6081319,,,,0,30.0,0,0
75,13,14,8,12,Y6081320,,,,0,30.0,0,0
75,13,14,8,13,Y6081321,,,,0,30.0,0,0
75,13,14,8,14,Y6081322,,,,0,30.0,0,0
75,13,14,8,15,Y6081323,,,,0,30.0,0,0
75,13,14,8,16,Y6081324,,,,0,30.0,0,0
75,13,14,8,17,Y6081325,,,,0,30.0,0,0
75,13,14,8,18,Y6081326,,,,0,30.0,0,0
75,13,14,8,19,Y6081327,,,,0,30.0,0,0
75,13,14,8,20,Y6081328,,,,0,30.0,0,0
75,13,14,8,21,Y6081329,,,,0,30.0,0,0
75,13,14,8,22,Y6081330,,,,0,30.0,0,0
75,13,14,8,23,Y6081331,,,,0,30.0,0,0
75,13,14,8,24,Y6081332,,,,0,30.0,0,0
75,13,14,8,25,Y6081333,,,,0,30.0,0,0
75,13,14,8,26,Y6081334,,,,0,30.0,0,0
75,13,14,8,27,Y6081335,,,,0,30.0,0,0
75,13,14,8,28,Y6081336,,,,0,30.0,0,0
75,13,14,8,29,Y6081337,,,,0,30.0,0,0
75,13,14,8,30,Y6081338,,,,0,30.0,0,0
75,13,14,9,10,Y6081339,,,,0,30.0,0,0
75,13,14,9,11,Y6081340,,,,0,30.0,0,0
75,13,14,9,12,Y6081341,,,,0,30.0,0,0
75,13,14,9,13,Y6081342,,,,0,30.0,0,0
75,13,14,9,14,Y6081343,,,,0,30.0,0,0
75,13,14,9,15,Y6081344,,,,0,30.0,0,0
75,13,14,9,16,Y6081345,,,,0,30.0,0,0
75,13,14,9,17,Y6081346,,,,0,30.0,0,0
75,13,14,9,18,Y6081347,,,,0,30.0,0,0
75,13,14,9,19,Y6081348,,,,0,30.0,0,0
75,13,14,9,20,Y6081349,,,,0,30.0,0,0
75,13,14,9,21,Y6081350,,,,0,30.0,0,0
75,13,14,9,22,Y6081351,,,,0,30.0,0,0
75,13,14,9,23,Y6081352,,,,0,30.0,0,0
75,13,14,9,24,Y6081353,,,,0,30.0,0,0
75,13,14,9,25,Y6081354,,,,0,30.0,0,0
75,13,14,9,26,Y6081355,,,,0,30.0,0,0
75,13,14,9,27,Y6081356,,,,0,30.0,0,0
75,13,14,9,28,Y6081357,,,,0,30.0,0,0
75,13,14,9,29,Y6081358,,,,0,30.0,0,0
75,13,14,9,30,Y6081359,,,,0,30.0,0,0
75,13,14,10,10,Y6081360,,,,0,30.0,0,0
75,13,14,10,11,Y6081361,,,,0,30.0,0,0
75,13,14,10,12,Y6081362,,,,0,30.0,0,0
75,13,14,10,13,Y6081363,,,,0,30.0,0,0
75,13,14,10,14,Y6081364,,,,0,30.0,0,0
75,13,14,10,15,Y6081365,,,,0,30.0,0,0
75,13,14,10,16,Y6081366,,,,0,30.0,0,0
75,13,14,10,17,Y6081367,,,,0,30.0,0,0
75,13,14,10,18,Y6081368,,,,0,30.0,0,0
75,13,14,10,19,Y6081369,,,,0,30.0,0,0
75,13,14,10,20,Y6081370,,,,0,30.0,0,0
75,13,14,10,21,Y6081371,,,,0,30.0,0,0
75,13,14,10,22,Y6081372,,,,0,30.0,0,0
75,13,14,10,23,Y6081373,,,,0,30.0,0,0
75,13,14,10,24,Y6081374,,,,0,30.0,0,0
75,13,14,10,25,Y6081375,,,,0,30.0,0,0
75,13,14,10,26,Y6081376,,,,0,30.0,0,0
75,13,14,10,27,Y6081377,,,,0,30.0,0,0
75,13,14,10,28,Y6081378,,,,0,30.0,0,0
75,13,14,10,29,Y6081379,,,,0,30.0,0,0
75,13,14,10,30,Y6081380,,,,0,30.0,0,0
75,13,14,11,10,Y6081381,,,,0,30.0,0,0
75,13,14,11,11,Y6081382,,,,0,30.0,0,0
75,13,14,11,12,Y6081383,,,,0,30.0,0,0
75,13,14,11,13,Y6081384,,,,0,30.0,0,0
75,13,14,11,14,Y6081385,,,,0,30.0,0,0
75,13,14,11,15,Y6081386,,,,0,30.0,0,0
75,13,14,11,16,Y6081387,,,,0,30.0,0,0
75,13,14,11,17,Y6081388,,,,0,30.0,0,0
75,13,14,11,18,Y6081389,,,,0,30.0,0,0
75,13,14,11,19,Y6081390,,,,0,30.0,0,0
75,13,14,11,20,Y6081391,,,,0,30.0,0,0
75,13,14,11,21,Y6081392,,,,0,30.0,0,0
75,13,14,11,22,Y6081393,,,,0,30.0,0,0
75,13,14,11,23,Y6081394,,,,0,30.0,0,0
75,13,14,11,24,Y6081395,,,,0,30.0,0,0
75,13,14,11,25,Y6081396,,,,0,30.0,0,0
75,13,14,11,26,Y6081397,,,,0,30.0,0,0
75,13,14,11,27,Y6081398,,,,0,30.0,0,0
75,13,14,11,28,Y6081399,,,,0,30.0,0,0
75,13,14,11,29,Y6081400,,,,0,30.0,0,0
75,13,14,11,30,Y6081401,,,,0,30.0,0,0
75,13,14,12,10,Y6081402,,,,0,30.0,0,0
75,13,14,12,11,Y6081403,,,,0,30.0,0,0
75,13,14,12,12,Y6081404,,,,0,30.0,0,0
75,13,14,12,13,Y6081405,,,,0,30.0,0,0
75,13,14,12,14,Y6081406,,,,0,30.0,0,0
75,13,14,12,15,Y6081407,,,,0,30.0,0,0
75,13,14,12,16,Y6081408,,,,0,30.0,0,0
75,13,14,12,17,Y6081409,,,,0,30.0,0,0
75,13,14,12,18,Y6081410,,,,0,30.0,0,0
75,13,14,12,19,Y6081411,,,,0,30.0,0,0
75,13,14,12,20,Y6081412,,,,0,30.0,0,0
75,13,14,12,21,Y6081413,,,,0,30.0,0,0
75,13,14,12,22,Y6081414,,,,0,30.0,0,0
75,13,14,12,23,Y6081415,,,,0,30.0,0,0
75,13,14,12,24,Y6081416,,,,0,30.0,0,0
75,13,14,12,25,Y6081417,,,,0,30.0,0,0
75,13,14,12,26,Y6081418,,,,0,30.0,0,0
75,13,14,12,27,Y6081419,,,,0,30.0,0,0
75,13,14,12,28,Y6081420,,,,0,30.0,0,0
75,13,14,12,29,Y6081421,,,,0,30.0,0,0
75,13,14,12,30,Y6081422,,,,0,30.0,0,0
75,13,15,1,10,Y6081423,,,,0,30.0,0,0
75,13,15,1,11,Y6081424,,,,0,30.0,0,0
75,13,15,1,12,Y6081425,,,,0,30.0,0,0
75,13,15,1,13,Y6081426,,,,0,30.0,0,0
75,13,15,1,14,Y6081427,,,,0,30.0,0,0
75,13,15,1,15,Y6081428,,,,0,30.0,0,0
75,13,15,1,16,Y6081429,,,,0,30.0,0,0
75,13,15,1,17,Y6081430,,,,0,30.0,0,0
75,13,15,1,18,Y6081431,,,,0,30.0,0,0
75,13,15,1,19,Y6081432,,,,0,30.0,0,0
75,13,15,1,20,Y6081433,,,,0,30.0,0,0
75,13,15,1,21,Y6081434,,,,0,30.0,0,0
75,13,15,1,22,Y6081435,,,,0,30.0,0,0
75,13,15,1,23,Y6081436,,,,0,30.0,0,0
75,13,15,1,24,Y6081437,,,,0,30.0,0,0
75,13,15,1,25,Y6081438,,,,0,30.0,0,0
75,13,15,1,26,Y6081439,,,,0,30.0,0,0
75,13,15,1,27,Y6081440,,,,0,30.0,0,0
75,13,15,1,28,Y6081441,,,,0,30.0,0,0
75,13,15,1,29,Y6081442,,,,0,30.0,0,0
75,13,15,1,30,Y6081443,,,,0,30.0,0,0
75,13,15,2,10,Y6081444,,,,0,30.0,0,0
75,13,15,2,11,Y6081445,,,,0,30.0,0,0
75,13,15,2,12,Y6081446,,,,0,30.0,0,0
75,13,15,2,13,Y6081447,,,,0,30.0,0,0
75,13,15,2,14,Y6081448,,,,0,30.0,0,0
75,13,15,2,15,Y6081449,,,,0,30.0,0,0
75,13,15,2,16,Y6081450,,,,0,30.0,0,0
75,13,15,2,17,Y6081451,,,,0,30.0,0,0
75,13,15,2,18,Y6081452,,,,0,30.0,0,0
75,13,15,2,19,Y6081453,,,,0,30.0,0,0
75,13,15,2,20,Y6081454,,,,0,30.0,0,0
75,13,15,2,21,Y6081455,,,,0,30.0,0,0
75,13,15,2,22,Y6081456,,,,0,30.0,0,0
75,13,15,2,23,Y6081457,,,,0,30.0,0,0
75,13,15,2,24,Y6081458,,,,0,30.0,0,0
75,13,15,2,25,Y6081459,,,,0,30.0,0,0
75,13,15,2,26,Y6081460,,,,0,30.0,0,0
75,13,15,2,27,Y6081461,,,,0,30.0,0,0
75,13,15,2,28,Y6081462,,,,0,30.0,0,0
75,13,15,2,29,Y6081463,,,,0,30.0,0,0
75,13,15,2,30,Y6081464,,,,0,30.0,0,0
75,13,15,3,10,Y6081465,,,,0,30.0,0,0
75,13,15,3,11,Y6081466,,,,0,30.0,0,0
75,13,15,3,12,Y6081467,,,,0,30.0,0,0
75,13,15,3,13,Y6081468,,,,0,30.0,0,0
75,13,15,3,14,Y6081469,,,,0,30.0,0,0
75,13,15,3,15,Y6081470,,,,0,30.0,0,0
75,13,15,3,16,Y6081471,,,,0,30.0,0,0
75,13,15,3,17,Y6081472,,,,0,30.0,0,0
75,13,15,3,18,Y6081473,,,,0,30.0,0,0
75,13,15,3,19,Y6081474,,,,0,30.0,0,0
75,13,15,3,20,Y6081475,,,,0,30.0,0,0
75,13,15,3,21,Y6081476,,,,0,30.0,0,0
75,13,15,3,22,Y6081477,,,,0,30.0,0,0
75,13,15,3,23,Y6081478,,,,0,30.0,0,0
75,13,15,3,24,Y6081479,,,,0,30.0,0,0
75,13,15,3,25,Y6081480,,,,0,30.0,0,0
75,13,15,3,26,Y6081481,,,,0,30.0,0,0
75,13,15,3,27,Y6081482,,,,0,30.0,0,0
75,13,15,3,28,Y6081483,,,,0,30.0,0,0
75,13,15,3,29,Y6081484,,,,0,30.0,0,0
75,13,15,3,30,Y6081485,,,,0,30.0,0,0
75,13,15,4,10,Y6081486,,,,0,30.0,0,0
75,13,15,4,11,Y6081487,,,,0,30.0,0,0
75,13,15,4,12,Y6081488,,,,0,30.0,0,0
75,13,15,4,13,Y6081489,,,,0,30.0,0,0
75,13,15,4,14,Y6081490,,,,0,30.0,0,0
75,13,15,4,15,Y6081491,,,,0,30.0,0,0
75,13,15,4,16,Y6081492,,,,0,30.0,0,0
75,13,15,4,17,Y6081493,,,,0,30.0,0,0
75,13,15,4,18,Y6081494,,,,0,30.0,0,0
75,13,15,4,19,Y6081495,,,,0,30.0,0,0
75,13,15,4,20,Y6081496,,,,0,30.0,0,0
75,13,15,4,21,Y6081497,,,,0,30.0,0,0
75,13,15,4,22,Y6081498,,,,0,30.0,0,0
75,13,15,4,23,Y6081499,,,,0,30.0,0,0
75,13,15,4,24,Y6081500,,,,0,30.0,0,0
75,13,15,4,25,Y6081501,,,,0,30.0,0,0
75,13,15,4,26,Y6081502,,,,0,30.0,0,0
75,13,15,4,27,Y6081503,,,,0,30.0,0,0
75,13,15,4,28,Y6081504,,,,0,30.0,0,0
75,13,15,4,29,Y6081505,,,,0,30.0,0,0
75,13,15,4,30,Y6081506,,,,0,30.0,0,0
75,13,15,5,10,Y6081507,,,,0,30.0,0,0
75,13,15,5,11,Y6081508,,,,0,30.0,0,0
75,13,15,5,12,Y6081509,,,,0,30.0,0,0
75,13,15,5,13,Y6081510,,,,0,30.0,0,0
75,13,15,5,14,Y6081511,,,,0,30.0,0,0
75,13,15,5,15,Y6081512,,,,0,30.0,0,0
75,13,15,5,16,Y6081513,,,,0,30.0,0,0
75,13,15,5,17,Y6081514,,,,0,30.0,0,0
75,13,15,5,18,Y6081515,,,,0,30.0,0,0
75,13,15,5,19,Y6081516,,,,0,30.0,0,0
75,13,15,5,20,Y6081517,,,,0,30.0,0,0
75,13,15,5,21,Y6081518,,,,0,30.0,0,0
75,13,15,5,22,Y6081519,,,,0,30.0,0,0
75,13,15,5,23,Y6081520,,,,0,30.0,0,0
75,13,15,5,24,Y6081521,,,,0,30.0,0,0
75,13,15,5,25,Y6081522,,,,0,30.0,0,0
75,13,15,5,26,Y6081523,,,,0,30.0,0,0
75,13,15,5,27,Y6081524,,,,0,30.0,0,0
75,13,15,5,28,Y6081525,,,,0,30.0,0,0
75,13,15,5,29,Y6081526,,,,0,30.0,0,0
75,13,15,5,30,Y6081527,,,,0,30.0,0,0
75,13,15,6,10,Y6081528,,,,0,30.0,0,0
75,13,15,6,11,Y6081529,,,,0,30.0,0,0
75,13,15,6,12,Y6081530,,,,0,30.0,0,0
75,13,15,6,13,Y6081531,,,,0,30.0,0,0
75,13,15,6,14,Y6081532,,,,0,30.0,0,0
75,13,15,6,15,Y6081533,,,,0,30.0,0,0
75,13,15,6,16,Y6081534,,,,0,30.0,0,0
75,13,15,6,17,Y6081535,,,,0,30.0,0,0
75,13,15,6,18,Y6081536,,,,0,30.0,0,0
75,13,15,6,19,Y6081537,,,,0,30.0,0,0
75,13,15,6,20,Y6081538,,,,0,30.0,0,0
75,13,15,6,21,Y6081539,,,,0,30.0,0,0
75,13,15,6,22,Y6081540,,,,0,30.0,0,0
75,13,15,6,23,Y6081541,,,,0,30.0,0,0
75,13,15,6,24,Y6081542,,,,0,30.0,0,0
75,13,15,6,25,Y6081543,,,,0,30.0,0,0
75,13,15,6,26,Y6081544,,,,0,30.0,0,0
75,13,15,6,27,Y6081545,,,,0,30.0,0,0
75,13,15,6,28,Y6081546,,,,0,30.0,0,0
75,13,15,6,29,Y6081547,,,,0,30.0,0,0
75,13,15,6,30,Y6081548,,,,0,30.0,0,0
75,13,15,7,10,Y6081549,,,,0,30.0,0,0
75,13,15,7,11,Y6081550,,,,0,30.0,0,0
75,13,15,7,12,Y6081551,,,,0,30.0,0,0
75,13,15,7,13,Y6081552,,,,0,30.0,0,0
75,13,15,7,14,Y6081553,,,,0,30.0,0,0
75,13,15,7,15,Y6081554,,,,0,30.0,0,0
75,13,15,7,16,Y6081555,,,,0,30.0,0,0
75,13,15,7,17,Y6081556,,,,0,30.0,0,0
75,13,15,7,18,Y6081557,,,,0,30.0,0,0
75,13,15,7,19,Y6081558,,,,0,30.0,0,0
75,13,15,7,20,Y6081559,,,,0,30.0,0,0
75,13,15,7,21,Y6081560,,,,0,30.0,0,0
75,13,15,7,22,Y6081561,,,,0,30.0,0,0
75,13,15,7,23,Y6081562,,,,0,30.0,0,0
75,13,15,7,24,Y6081563,,,,0,30.0,0,0
75,13,15,7,25,Y6081564,,,,0,30.0,0,0
75,13,15,7,26,Y6081565,,,,0,30.0,0,0
75,13,15,7,27,Y6081566,,,,0,30.0,0,0
75,13,15,7,28,Y6081567,,,,0,30.0,0,0
75,13,15,7,29,Y6081568,,,,0,30.0,0,0
75,13,15,7,30,Y6081569,,,,0,30.0,0,0
75,13,15,8,10,Y6081570,,,,0,30.0,0,0
75,13,15,8,11,Y6081571,,,,0,30.0,0,0
75,13,15,8,12,Y6081572,,,,0,30.0,0,0
75,13,15,8,13,Y6081573,,,,0,30.0,0,0
75,13,15,8,14,Y6081574,,,,0,30.0,0,0
75,13,15,8,15,Y6081575,,,,0,30.0,0,0
75,13,15,8,16,Y6081576,,,,0,30.0,0,0
75,13,15,8,17,Y6081577,,,,0,30.0,0,0
75,13,15,8,18,Y6081578,,,,0,30.0,0,0
75,13,15,8,19,Y6081579,,,,0,30.0,0,0
75,13,15,8,20,Y6081580,,,,0,30.0,0,0
75,13,15,8,21,Y6081581,,,,0,30.0,0,0
75,13,15,8,22,Y6081582,,,,0,30.0,0,0
75,13,15,8,23,Y6081583,,,,0,30.0,0,0
75,13,15,8,24,Y6081584,,,,0,30.0,0,0
75,13,15,8,25,Y6081585,,,,0,30.0,0,0
75,13,15,8,26,Y6081586,,,,0,30.0,0,0
75,13,15,8,27,Y6081587,,,,0,30.0,0,0
75,13,15,8,28,Y6081588,,,,0,30.0,0,0
75,13,15,8,29,Y6081589,,,,0,30.0,0,0
75,13,15,8,30,Y6081590,,,,0,30.0,0,0
75,13,15,9,10,Y6081591,,,,0,30.0,0,0
75,13,15,9,11,Y6081592,,,,0,30.0,0,0
75,13,15,9,12,Y6081593,,,,0,30.0,0,0
75,13,15,9,13,Y6081594,,,,0,30.0,0,0
75,13,15,9,14,Y6081595,,,,0,30.0,0,0
75,13,15,9,15,Y6081596,,,,0,30.0,0,0
75,13,15,9,16,Y6081597,,,,0,30.0,0,0
75,13,15,9,17,Y6081598,,,,0,30.0,0,0
75,13,15,9,18,Y6081599,,,,0,30.0,0,0
75,13,15,9,19,Y6081600,,,,0,30.0,0,0
75,13,15,9,20,Y6081601,,,,0,30.0,0,0
75,13,15,9,21,Y6081602,,,,0,30.0,0,0
75,13,15,9,22,Y6081603,,,,0,30.0,0,0
75,13,15,9,23,Y6081604,,,,0,30.0,0,0
75,13,15,9,24,Y6081605,,,,0,30.0,0,0
75,13,15,9,25,Y6081606,,,,0,30.0,0,0
75,13,15,9,26,Y6081607,,,,0,30.0,0,0
75,13,15,9,27,Y6081608,,,,0,30.0,0,0
75,13,15,9,28,Y6081609,,,,0,30.0,0,0
75,13,15,9,29,Y6081610,,,,0,30.0,0,0
75,13,15,9,30,Y6081611,,,,0,30.0,0,0
75,13,15,10,10,Y6081612,,,,0,30.0,0,0
75,13,15,10,11,Y6081613,,,,0,30.0,0,0
75,13,15,10,12,Y6081614,,,,0,30.0,0,0
75,13,15,10,13,Y6081615,,,,0,30.0,0,0
75,13,15,10,14,Y6081616,,,,0,30.0,0,0
75,13,15,10,15,Y6081617,,,,0,30.0,0,0
75,13,15,10,16,Y6081618,,,,0,30.0,0,0
75,13,15,10,17,Y6081619,,,,0,30.0,0,0
75,13,15,10,18,Y6081620,,,,0,30.0,0,0
75,13,15,10,19,Y6081621,,,,0,30.0,0,0
75,13,15,10,20,Y6081622,,,,0,30.0,0,0
75,13,15,10,21,Y6081623,,,,0,30.0,0,0
75,13,15,10,22,Y6081624,,,,0,30.0,0,0
75,13,15,10,23,Y6081625,,,,0,30.0,0,0
75,13,15,10,24,Y6081626,,,,0,30.0,0,0
75,13,15,10,25,Y6081627,,,,0,30.0,0,0
75,13,15,10,26,Y6081628,,,,0,30.0,0,0
75,13,15,10,27,Y6081629,,,,0,30.0,0,0
75,13,15,10,28,Y6081630,,,,0,30.0,0,0
75,13,15,10,29,Y6081631,,,,0,30.0,0,0
75,13,15,10,30,Y6081632,,,,0,30.0,0,0
75,13,15,11,10,Y6081633,,,,0,30.0,0,0
75,13,15,11,11,Y6081634,,,,0,30.0,0,0
75,13,15,11,12,Y6081635,,,,0,30.0,0,0
75,13,15,11,13,Y6081636,,,,0,30.0,0,0
75,13,15,11,14,Y6081637,,,,0,30.0,0,0
75,13,15,11,15,Y6081638,,,,0,30.0,0,0
75,13,15,11,16,Y6081639,,,,0,30.0,0,0
75,13,15,11,17,Y6081640,,,,0,30.0,0,0
75,13,15,11,18,Y6081641,,,,0,30.0,0,0
75,13,15,11,19,Y6081642,,,,0,30.0,0,0
75,13,15,11,20,Y6081643,,,,0,30.0,0,0
75,13,15,11,21,Y6081644,,,,0,30.0,0,0
75,13,15,11,22,Y6081645,,,,0,30.0,0,0
75,13,15,11,23,Y6081646,,,,0,30.0,0,0
75,13,15,11,24,Y6081647,,,,0,30.0,0,0
75,13,15,11,25,Y6081648,,,,0,30.0,0,0
75,13,15,11,26,Y6081649,,,,0,30.0,0,0
75,13,15,11,27,Y6081650,,,,0,30.0,0,0
75,13,15,11,28,Y6081651,,,,0,30.0,0,0
75,13,15,11,29,Y6081652,,,,0,30.0,0,0
75,13,15,11,30,Y6081653,,,,0,30.0,0,0
75,13,15,12,10,Y6081654,,,,0,30.0,0,0
75,13,15,12,11,Y6081655,,,,0,30.0,0,0
75,13,15,12,12,Y6081656,,,,0,30.0,0,0
75,13,15,12,13,Y6081657,,,,0,30.0,0,0
75,13,15,12,14,Y6081658,,,,0,30.0,0,0
75,13,15,12,15,Y6081659,,,,0,30.0,0,0
75,13,15,12,16,Y6081660,,,,0,30.0,0,0
75,13,15,12,17,Y6081661,,,,0,30.0,0,0
75,13,15,12,18,Y6081662,,,,0,30.0,0,0
75,13,15,12,19,Y6081663,,,,0,30.0,0,0
75,13,15,12,20,Y6081664,,,,0,30.0,0,0
75,13,15,12,21,Y6081665,,,,0,30.0,0,0
75,13,15,12,22,Y6081666,,,,0,30.0,0,0
75,13,15,12,23,Y6081667,,,,0,30.0,0,0
75,13,15,12,24,Y6081668,,,,0,30.0,0,0
75,13,15,12,25,Y6081669,,,,0,30.0,0,0
75,13,15,12,26,Y6081670,,,,0,30.0,0,0
75,13,15,12,27,Y6081671,,,,0,30.0,0,0
75,13,15,12,28,Y6081672,,,,0,30.0,0,0
75,13,15,12,29,Y6081673,,,,0,30.0,0,0
75,13,15,12,30,Y6081674,,,,0,30.0,0,0
75,13,16,1,10,Y6081675,,,,0,30.0,0,0
75,13,16,1,11,Y6081676,,,,0,30.0,0,0
75,13,16,1,12,Y6081677,,,,0,30.0,0,0
75,13,16,1,13,Y6081678,,,,0,30.0,0,0
75,13,16,1,14,Y6081679,,,,0,30.0,0,0
75,13,16,1,15,Y6081680,,,,0,30.0,0,0
75,13,16,1,16,Y6081681,,,,0,30.0,0,0
75,13,16,1,17,Y6081682,,,,0,30.0,0,0
75,13,16,1,18,Y6081683,,,,0,30.0,0,0
75,13,16,1,19,Y6081684,,,,0,30.0,0,0
75,13,16,1,20,Y6081685,,,,0,30.0,0,0
75,13,16,1,21,Y6081686,,,,0,30.0,0,0
75,13,16,1,22,Y6081687,,,,0,30.0,0,0
75,13,16,1,23,Y6081688,,,,0,30.0,0,0
75,13,16,1,24,Y6081689,,,,0,30.0,0,0
75,13,16,1,25,Y6081690,,,,0,30.0,0,0
75,13,16,1,26,Y6081691,,,,0,30.0,0,0
75,13,16,1,27,Y6081692,,,,0,30.0,0,0
75,13,16,1,28,Y6081693,,,,0,30.0,0,0
75,13,16,1,29,Y6081694,,,,0,30.0,0,0
75,13,16,1,30,Y6081695,,,,0,30.0,0,0
75,13,16,2,10,Y6081696,,,,0,30.0,0,0
75,13,16,2,11,Y6081697,,,,0,30.0,0,0
75,13,16,2,12,Y6081698,,,,0,30.0,0,0
75,13,16,2,13,Y6081699,,,,0,30.0,0,0
75,13,16,2,14,Y6081700,,,,0,30.0,0,0
75,13,16,2,15,Y6081701,,,,0,30.0,0,0
75,13,16,2,16,Y6081702,,,,0,30.0,0,0
75,13,16,2,17,Y6081703,,,,0,30.0,0,0
75,13,16,2,18,Y6081704,,,,0,30.0,0,0
75,13,16,2,19,Y6081705,,,,0,30.0,0,0
75,13,16,2,20,Y6081706,,,,0,30.0,0,0
75,13,16,2,21,Y6081707,,,,0,30.0,0,0
75,13,16,2,22,Y6081708,,,,0,30.0,0,0
75,13,16,2,23,Y6081709,,,,0,30.0,0,0
75,13,16,2,24,Y6081710,,,,0,30.0,0,0
75,13,16,2,25,Y6081711,,,,0,30.0,0,0
75,13,16,2,26,Y6081712,,,,0,30.0,0,0
75,13,16,2,27,Y6081713,,,,0,30.0,0,0
75,13,16,2,28,Y6081714,,,,0,30.0,0,0
75,13,16,2,29,Y6081715,,,,0,30.0,0,0
75,13,16,2,30,Y6081716,,,,0,30.0,0,0
75,13,16,3,10,Y6081717,,,,0,30.0,0,0
75,13,16,3,11,Y6081718,,,,0,30.0,0,0
75,13,16,3,12,Y6081719,,,,0,30.0,0,0
75,13,16,3,13,Y6081720,,,,0,30.0,0,0
75,13,16,3,14,Y6081721,,,,0,30.0,0,0
75,13,16,3,15,Y6081722,,,,0,30.0,0,0
75,13,16,3,16,Y6081723,,,,0,30.0,0,0
75,13,16,3,17,Y6081724,,,,0,30.0,0,0
75,13,16,3,18,Y6081725,,,,0,30.0,0,0
75,13,16,3,19,Y6081726,,,,0,30.0,0,0
75,13,16,3,20,Y6081727,,,,0,30.0,0,0
75,13,16,3,21,Y6081728,,,,0,30.0,0,0
75,13,16,3,22,Y6081729,,,,0,30.0,0,0
75,13,16,3,23,Y6081730,,,,0,30.0,0,0
75,13,16,3,24,Y6081731,,,,0,30.0,0,0
75,13,16,3,25,Y6081732,,,,0,30.0,0,0
75,13,16,3,26,Y6081733,,,,0,30.0,0,0
75,13,16,3,27,Y6081734,,,,0,30.0,0,0
75,13,16,3,28,Y6081735,,,,0,30.0,0,0
75,13,16,3,29,Y6081736,,,,0,30.0,0,0
75,13,16,3,30,Y6081737,,,,0,30.0,0,0
75,13,16,4,10,Y6081738,,,,0,30.0,0,0
75,13,16,4,11,Y6081739,,,,0,30.0,0,0
75,13,16,4,12,Y6081740,,,,0,30.0,0,0
75,13,16,4,13,Y6081741,,,,0,30.0,0,0
75,13,16,4,14,Y6081742,,,,0,30.0,0,0
75,13,16,4,15,Y6081743,,,,0,30.0,0,0
75,13,16,4,16,Y6081744,,,,0,30.0,0,0
75,13,16,4,17,Y6081745,,,,0,30.0,0,0
75,13,16,4,18,Y6081746,,,,0,30.0,0,0
75,13,16,4,19,Y6081747,,,,0,30.0,0,0
75,13,16,4,20,Y6081748,,,,0,30.0,0,0
75,13,16,4,21,Y6081749,,,,0,30.0,0,0
75,13,16,4,22,Y6081750,,,,0,30.0,0,0
75,13,16,4,23,Y6081751,,,,0,30.0,0,0
75,13,16,4,24,Y6081752,,,,0,30.0,0,0
75,13,16,4,25,Y6081753,,,,0,30.0,0,0
75,13,16,4,26,Y6081754,,,,0,30.0,0,0
75,13,16,4,27,Y6081755,,,,0,30.0,0,0
75,13,16,4,28,Y6081756,,,,0,30.0,0,0
75,13,16,4,29,Y6081757,,,,0,30.0,0,0
75,13,16,4,30,Y6081758,,,,0,30.0,0,0
75,13,16,5,10,Y6081759,,,,0,30.0,0,0
75,13,16,5,11,Y6081760,,,,0,30.0,0,0
75,13,16,5,12,Y6081761,,,,0,30.0,0,0
75,13,16,5,13,Y6081762,,,,0,30.0,0,0
75,13,16,5,14,Y6081763,,,,0,30.0,0,0
75,13,16,5,15,Y6081764,,,,0,30.0,0,0
75,13,16,5,16,Y6081765,,,,0,30.0,0,0
75,13,16,5,17,Y6081766,,,,0,30.0,0,0
75,13,16,5,18,Y6081767,,,,0,30.0,0,0
75,13,16,5,19,Y6081768,,,,0,30.0,0,0
75,13,16,5,20,Y6081769,,,,0,30.0,0,0
75,13,16,5,21,Y6081770,,,,0,30.0,0,0
75,13,16,5,22,Y6081771,,,,0,30.0,0,0
75,13,16,5,23,Y6081772,,,,0,30.0,0,0
75,13,16,5,24,Y6081773,,,,0,30.0,0,0
75,13,16,5,25,Y6081774,,,,0,30.0,0,0
75,13,16,5,26,Y6081775,,,,0,30.0,0,0
75,13,16,5,27,Y6081776,,,,0,30.0,0,0
75,13,16,5,28,Y6081777,,,,0,30.0,0,0
75,13,16,5,29,Y6081778,,,,0,30.0,0,0
75,13,16,5,30,Y6081779,,,,0,30.0,0,0
75,13,16,6,10,Y6081780,,,,0,30.0,0,0
75,13,16,6,11,Y6081781,,,,0,30.0,0,0
75,13,16,6,12,Y6081782,,,,0,30.0,0,0
75,13,16,6,13,Y6081783,,,,0,30.0,0,0
75,13,16,6,14,Y6081784,,,,0,30.0,0,0
75,13,16,6,15,Y6081785,,,,0,30.0,0,0
75,13,16,6,16,Y6081786,,,,0,30.0,0,0
75,13,16,6,17,Y6081787,,,,0,30.0,0,0
75,13,16,6,18,Y6081788,,,,0,30.0,0,0
75,13,16,6,19,Y6081789,,,,0,30.0,0,0
75,13,16,6,20,Y6081790,,,,0,30.0,0,0
75,13,16,6,21,Y6081791,,,,0,30.0,0,0
75,13,16,6,22,Y6081792,,,,0,30.0,0,0
75,13,16,6,23,Y6081793,,,,0,30.0,0,0
75,13,16,6,24,Y6081794,,,,0,30.0,0,0
75,13,16,6,25,Y6081795,,,,0,30.0,0,0
75,13,16,6,26,Y6081796,,,,0,30.0,0,0
75,13,16,6,27,Y6081797,,,,0,30.0,0,0
75,13,16,6,28,Y6081798,,,,0,30.0,0,0
75,13,16,6,29,Y6081799,,,,0,30.0,0,0
75,13,16,6,30,Y6081800,,,,0,30.0,0,0
75,13,16,7,10,Y6081801,,,,0,30.0,0,0
75,13,16,7,11,Y6081802,,,,0,30.0,0,0
75,13,16,7,12,Y6081803,,,,0,30.0,0,0
75,13,16,7,13,Y6081804,,,,0,30.0,0,0
75,13,16,7,14,Y6081805,,,,0,30.0,0,0
75,13,16,7,15,Y6081806,,,,0,30.0,0,0
75,13,16,7,16,Y6081807,,,,0,30.0,0,0
75,13,16,7,17,Y6081808,,,,0,30.0,0,0
75,13,16,7,18,Y6081809,,,,0,30.0,0,0
75,13,16,7,19,Y6081810,,,,0,30.0,0,0
75,13,16,7,20,Y6081811,,,,0,30.0,0,0
75,13,16,7,21,Y6081812,,,,0,30.0,0,0
75,13,16,7,22,Y6081813,,,,0,30.0,0,0
75,13,16,7,23,Y6081814,,,,0,30.0,0,0
75,13,16,7,24,Y6081815,,,,0,30.0,0,0
75,13,16,7,25,Y6081816,,,,0,30.0,0,0
75,13,16,7,26,Y6081817,,,,0,30.0,0,0
75,13,16,7,27,Y6081818,,,,0,30.0,0,0
75,13,16,7,28,Y6081819,,,,0,30.0,0,0
75,13,16,7,29,Y6081820,,,,0,30.0,0,0
75,13,16,7,30,Y6081821,,,,0,30.0,0,0
75,13,16,8,10,Y6081822,,,,0,30.0,0,0
75,13,16,8,11,Y6081823,,,,0,30.0,0,0
75,13,16,8,12,Y6081824,,,,0,30.0,0,0
75,13,16,8,13,Y6081825,,,,0,30.0,0,0
75,13,16,8,14,Y6081826,,,,0,30.0,0,0
75,13,16,8,15,Y6081827,,,,0,30.0,0,0
75,13,16,8,16,Y6081828,,,,0,30.0,0,0
75,13,16,8,17,Y6081829,,,,0,30.0,0,0
75,13,16,8,18,Y6081830,,,,0,30.0,0,0
75,13,16,8,19,Y6081831,,,,0,30.0,0,0
75,13,16,8,20,Y6081832,,,,0,30.0,0,0
75,13,16,8,21,Y6081833,,,,0,30.0,0,0
75,13,16,8,22,Y6081834,,,,0,30.0,0,0
75,13,16,8,23,Y6081835,,,,0,30.0,0,0
75,13,16,8,24,Y6081836,,,,0,30.0,0,0
75,13,16,8,25,Y6081837,,,,0,30.0,0,0
75,13,16,8,26,Y6081838,,,,0,30.0,0,0
75,13,16,8,27,Y6081839,,,,0,30.0,0,0
75,13,16,8,28,Y6081840,,,,0,30.0,0,0
75,13,16,8,29,Y6081841,,,,0,30.0,0,0
75,13,16,8,30,Y6081842,,,,0,30.0,0,0
75,13,16,9,10,Y6081843,,,,0,30.0,0,0
75,13,16,9,11,Y6081844,,,,0,30.0,0,0
75,13,16,9,12,Y6081845,,,,0,30.0,0,0
75,13,16,9,13,Y6081846,,,,0,30.0,0,0
75,13,16,9,14,Y6081847,,,,0,30.0,0,0
75,13,16,9,15,Y6081848,,,,0,30.0,0,0
75,13,16,9,16,Y6081849,,,,0,30.0,0,0
75,13,16,9,17,Y6081850,,,,0,30.0,0,0
75,13,16,9,18,Y6081851,,,,0,30.0,0,0
75,13,16,9,19,Y6081852,,,,0,30.0,0,0
75,13,16,9,20,Y6081853,,,,0,30.0,0,0
75,13,16,9,21,Y6081854,,,,0,30.0,0,0
75,13,16,9,22,Y6081855,,,,0,30.0,0,0
75,13,16,9,23,Y6081856,,,,0,30.0,0,0
75,13,16,9,24,Y6081857,,,,0,30.0,0,0
75,13,16,9,25,Y6081858,,,,0,30.0,0,0
75,13,16,9,26,Y6081859,,,,0,30.0,0,0
75,13,16,9,27,Y6081860,,,,0,30.0,0,0
75,13,16,9,28,Y6081861,,,,0,30.0,0,0
75,13,16,9,29,Y6081862,,,,0,30.0,0,0
75,13,16,9,30,Y6081863,,,,0,30.0,0,0
75,13,16,10,10,Y6081864,,,,0,30.0,0,0
75,13,16,10,11,Y6081865,,,,0,30.0,0,0
75,13,16,10,12,Y6081866,,,,0,30.0,0,0
75,13,16,10,13,Y6081867,,,,0,30.0,0,0
75,13,16,10,14,Y6081868,,,,0,30.0,0,0
75,13,16,10,15,Y6081869,,,,0,30.0,0,0
75,13,16,10,16,Y6081870,,,,0,30.0,0,0
75,13,16,10,17,Y6081871,,,,0,30.0,0,0
75,13,16,10,18,Y6081872,,,,0,30.0,0,0
75,13,16,10,19,Y6081873,,,,0,30.0,0,0
75,13,16,10,20,Y6081874,,,,0,30.0,0,0
75,13,16,10,21,Y6081875,,,,0,30.0,0,0
75,13,16,10,22,Y6081876,,,,0,30.0,0,0
75,13,16,10,23,Y6081877,,,,0,30.0,0,0
75,13,16,10,24,Y6081878,,,,0,30.0,0,0
75,13,16,10,25,Y6081879,,,,0,30.0,0,0
75,13,16,10,26,Y6081880,,,,0,30.0,0,0
75,13,16,10,27,Y6081881,,,,0,30.0,0,0
75,13,16,10,28,Y6081882,,,,0,30.0,0,0
75,13,16,10,29,Y6081883,,,,0,30.0,0,0
75,13,16,10,30,Y6081884,,,,0,30.0,0,0
75,13,16,11,10,Y6081885,,,,0,30.0,0,0
75,13,16,11,11,Y6081886,,,,0,30.0,0,0
75,13,16,11,12,Y6081887,,,,0,30.0,0,0
75,13,16,11,13,Y6081888,,,,0,30.0,0,0
75,13,16,11,14,Y6081889,,,,0,30.0,0,0
75,13,16,11,15,Y6081890,,,,0,30.0,0,0
75,13,16,11,16,Y6081891,,,,0,30.0,0,0
75,13,16,11,17,Y6081892,,,,0,30.0,0,0
75,13,16,11,18,Y6081893,,,,0,30.0,0,0
75,13,16,11,19,Y6081894,,,,0,30.0,0,0
75,13,16,11,20,Y6081895,,,,0,30.0,0,0
75,13,16,11,21,Y6081896,,,,0,30.0,0,0
75,13,16,11,22,Y6081897,,,,0,30.0,0,0
75,13,16,11,23,Y6081898,,,,0,30.0,0,0
75,13,16,11,24,Y6081899,,,,0,30.0,0,0
75,13,16,11,25,Y6081900,,,,0,30.0,0,0
75,13,16,11,26,Y6081901,,,,0,30.0,0,0
75,13,16,11,27,Y6081902,,,,0,30.0,0,0
75,13,16,11,28,Y6081903,,,,0,30.0,0,0
75,13,16,11,29,Y6081904,,,,0,30.0,0,0
75,13,16,11,30,Y6081905,,,,0,30.0,0,0
75,13,16,12,10,Y6081906,,,,0,30.0,0,0
75,13,16,12,11,Y6081907,,,,0,30.0,0,0
75,13,16,12,12,Y6081908,,,,0,30.0,0,0
75,13,16,12,13,Y6081909,,,,0,30.0,0,0
75,13,16,12,14,Y6081910,,,,0,30.0,0,0
75,13,16,12,15,Y6081911,,,,0,30.0,0,0
75,13,16,12,16,Y6081912,,,,0,30.0,0,0
75,13,16,12,17,Y6081913,,,,0,30.0,0,0
75,13,16,12,18,Y6081914,,,,0,30.0,0,0
75,13,16,12,19,Y6081915,,,,0,30.0,0,0
75,13,16,12,20,Y6081916,,,,0,30.0,0,0
75,13,16,12,21,Y6081917,,,,0,30.0,0,0
75,13,16,12,22,Y6081918,,,,0,30.0,0,0
75,13,16,12,23,Y6081919,,,,0,30.0,0,0
75,13,16,12,24,Y6081920,,,,0,30.0,0,0
75,13,16,12,25,Y6081921,,,,0,30.0,0,0
75,13,16,12,26,Y6081922,,,,0,30.0,0,0
75,13,16,12,27,Y6081923,,,,0,30.0,0,0
75,13,16,12,28,Y6081924,,,,0,30.0,0,0
75,13,16,12,29,Y6081925,,,,0,30.0,0,0
75,13,16,12,30,Y6081926,,,,0,30.0,0,0
75,13,17,1,10,Y6081927,,,,0,30.0,0,0
75,13,17,1,11,Y6081928,,,,0,30.0,0,0
75,13,17,1,12,Y6081929,,,,0,30.0,0,0
75,13,17,1,13,Y6081930,,,,0,30.0,0,0
75,13,17,1,14,Y6081931,,,,0,30.0,0,0
75,13,17,1,15,Y6081932,,,,0,30.0,0,0
75,13,17,1,16,Y6081933,,,,0,30.0,0,0
75,13,17,1,17,Y6081934,,,,0,30.0,0,0
75,13,17,1,18,Y6081935,,,,0,30.0,0,0
75,13,17,1,19,Y6081936,,,,0,30.0,0,0
75,13,17,1,20,Y6081937,,,,0,30.0,0,0
75,13,17,1,21,Y6081938,,,,0,30.0,0,0
75,13,17,1,22,Y6081939,,,,0,30.0,0,0
75,13,17,1,23,Y6081940,,,,0,30.0,0,0
75,13,17,1,24,Y6081941,,,,0,30.0,0,0
75,13,17,1,25,Y6081942,,,,0,30.0,0,0
75,13,17,1,26,Y6081943,,,,0,30.0,0,0
75,13,17,1,27,Y6081944,,,,0,30.0,0,0
75,13,17,1,28,Y6081945,,,,0,30.0,0,0
75,13,17,1,29,Y6081946,,,,0,30.0,0,0
75,13,17,1,30,Y6081947,,,,0,30.0,0,0
75,13,17,2,10,Y6081948,,,,0,30.0,0,0
75,13,17,2,11,Y6081949,,,,0,30.0,0,0
75,13,17,2,12,Y6081950,,,,0,30.0,0,0
75,13,17,2,13,Y6081951,,,,0,30.0,0,0
75,13,17,2,14,Y6081952,,,,0,30.0,0,0
75,13,17,2,15,Y6081953,,,,0,30.0,0,0
75,13,17,2,16,Y6081954,,,,0,30.0,0,0
75,13,17,2,17,Y6081955,,,,0,30.0,0,0
75,13,17,2,18,Y6081956,,,,0,30.0,0,0
75,13,17,2,19,Y6081957,,,,0,30.0,0,0
75,13,17,2,20,Y6081958,,,,0,30.0,0,0
75,13,17,2,21,Y6081959,,,,0,30.0,0,0
75,13,17,2,22,Y6081960,,,,0,30.0,0,0
75,13,17,2,23,Y6081961,,,,0,30.0,0,0
75,13,17,2,24,Y6081962,,,,0,30.0,0,0
75,13,17,2,25,Y6081963,,,,0,30.0,0,0
75,13,17,2,26,Y6081964,,,,0,30.0,0,0
75,13,17,2,27,Y6081965,,,,0,30.0,0,0
75,13,17,2,28,Y6081966,,,,0,30.0,0,0
75,13,17,2,29,Y6081967,,,,0,30.0,0,0
75,13,17,2,30,Y6081968,,,,0,30.0,0,0
75,13,17,3,10,Y6081969,,,,0,30.0,0,0
75,13,17,3,11,Y6081970,,,,0,30.0,0,0
75,13,17,3,12,Y6081971,,,,0,30.0,0,0
75,13,17,3,13,Y6081972,,,,0,30.0,0,0
75,13,17,3,14,Y6081973,,,,0,30.0,0,0
75,13,17,3,15,Y6081974,,,,0,30.0,0,0
75,13,17,3,16,Y6081975,,,,0,30.0,0,0
75,13,17,3,17,Y6081976,,,,0,30.0,0,0
75,13,17,3,18,Y6081977,,,,0,30.0,0,0
75,13,17,3,19,Y6081978,,,,0,30.0,0,0
75,13,17,3,20,Y6081979,,,,0,30.0,0,0
75,13,17,3,21,Y6081980,,,,0,30.0,0,0
75,13,17,3,22,Y6081981,,,,0,30.0,0,0
75,13,17,3,23,Y6081982,,,,0,30.0,0,0
75,13,17,3,24,Y6081983,,,,0,30.0,0,0
75,13,17,3,25,Y6081984,,,,0,30.0,0,0
75,13,17,3,26,Y6081985,,,,0,30.0,0,0
75,13,17,3,27,Y6081986,,,,0,30.0,0,0
75,13,17,3,28,Y6081987,,,,0,30.0,0,0
75,13,17,3,29,Y6081988,,,,0,30.0,0,0
75,13,17,3,30,Y6081989,,,,0,30.0,0,0
75,13,17,4,10,Y6081990,,,,0,30.0,0,0
75,13,17,4,11,Y6081991,,,,0,30.0,0,0
75,13,17,4,12,Y6081992,,,,0,30.0,0,0
75,13,17,4,13,Y6081993,,,,0,30.0,0,0
75,13,17,4,14,Y6081994,,,,0,30.0,0,0
75,13,17,4,15,Y6081995,,,,0,30.0,0,0
75,13,17,4,16,Y6081996,,,,0,30.0,0,0
75,13,17,4,17,Y6081997,,,,0,30.0,0,0
75,13,17,4,18,Y6081998,,,,0,30.0,0,0
75,13,17,4,19,Y6081999,,,,0,30.0,0,0
75,13,17,4,20,Y6082000,,,,0,30.0,0,0
75,13,17,4,21,Y6082001,,,,0,30.0,0,0
75,13,17,4,22,Y6082002,,,,0,30.0,0,0
75,13,17,4,23,Y6082003,,,,0,30.0,0,0
75,13,17,4,24,Y6082004,,,,0,30.0,0,0
75,13,17,4,25,Y6082005,,,,0,30.0,0,0
75,13,17,4,26,Y6082006,,,,0,30.0,0,0
75,13,17,4,27,Y6082007,,,,0,30.0,0,0
75,13,17,4,28,Y6082008,,,,0,30.0,0,0
75,13,17,4,29,Y6082009,,,,0,30.0,0,0
75,13,17,4,30,Y6082010,,,,0,30.0,0,0
75,13,17,5,10,Y6082011,,,,0,30.0,0,0
75,13,17,5,11,Y6082012,,,,0,30.0,0,0
75,13,17,5,12,Y6082013,,,,0,30.0,0,0
75,13,17,5,13,Y6082014,,,,0,30.0,0,0
75,13,17,5,14,Y6082015,,,,0,30.0,0,0
75,13,17,5,15,Y6082016,,,,0,30.0,0,0
75,13,17,5,16,Y6082017,,,,0,30.0,0,0
75,13,17,5,17,Y6082018,,,,0,30.0,0,0
75,13,17,5,18,Y6082019,,,,0,30.0,0,0
75,13,17,5,19,Y6082020,,,,0,30.0,0,0
75,13,17,5,20,Y6082021,,,,0,30.0,0,0
75,13,17,5,21,Y6082022,,,,0,30.0,0,0
75,13,17,5,22,Y6082023,,,,0,30.0,0,0
75,13,17,5,23,Y6082024,,,,0,30.0,0,0
75,13,17,5,24,Y6082025,,,,0,30.0,0,0
75,13,17,5,25,Y6082026,,,,0,30.0,0,0
75,13,17,5,26,Y6082027,,,,0,30.0,0,0
75,13,17,5,27,Y6082028,,,,0,30.0,0,0
75,13,17,5,28,Y6082029,,,,0,30.0,0,0
75,13,17,5,29,Y6082030,,,,0,30.0,0,0
75,13,17,5,30,Y6082031,,,,0,30.0,0,0
75,13,17,6,10,Y6082032,,,,0,30.0,0,0
75,13,17,6,11,Y6082033,,,,0,30.0,0,0
75,13,17,6,12,Y6082034,,,,0,30.0,0,0
75,13,17,6,13,Y6082035,,,,0,30.0,0,0
75,13,17,6,14,Y6082036,,,,0,30.0,0,0
75,13,17,6,15,Y6082037,,,,0,30.0,0,0
75,13,17,6,16,Y6082038,,,,0,30.0,0,0
75,13,17,6,17,Y6082039,,,,0,30.0,0,0
75,13,17,6,18,Y6082040,,,,0,30.0,0,0
75,13,17,6,19,Y6082041,,,,0,30.0,0,0
75,13,17,6,20,Y6082042,,,,0,30.0,0,0
75,13,17,6,21,Y6082043,,,,0,30.0,0,0
75,13,17,6,22,Y6082044,,,,0,30.0,0,0
75,13,17,6,23,Y6082045,,,,0,30.0,0,0
75,13,17,6,24,Y6082046,,,,0,30.0,0,0
75,13,17,6,25,Y6082047,,,,0,30.0,0,0
75,13,17,6,26,Y6082048,,,,0,30.0,0,0
75,13,17,6,27,Y6082049,,,,0,30.0,0,0
75,13,17,6,28,Y6082050,,,,0,30.0,0,0
75,13,17,6,29,Y6082051,,,,0,30.0,0,0
75,13,17,6,30,Y6082052,,,,0,30.0,0,0
75,13,17,7,10,Y6082053,,,,0,30.0,0,0
75,13,17,7,11,Y6082054,,,,0,30.0,0,0
75,13,17,7,12,Y6082055,,,,0,30.0,0,0
75,13,17,7,13,Y6082056,,,,0,30.0,0,0
75,13,17,7,14,Y6082057,,,,0,30.0,0,0
75,13,17,7,15,Y6082058,,,,0,30.0,0,0
75,13,17,7,16,Y6082059,,,,0,30.0,0,0
75,13,17,7,17,Y6082060,,,,0,30.0,0,0
75,13,17,7,18,Y6082061,,,,0,30.0,0,0
75,13,17,7,19,Y6082062,,,,0,30.0,0,0
75,13,17,7,20,Y6082063,,,,0,30.0,0,0
75,13,17,7,21,Y6082064,,,,0,30.0,0,0
75,13,17,7,22,Y6082065,,,,0,30.0,0,0
75,13,17,7,23,Y6082066,,,,0,30.0,0,0
75,13,17,7,24,Y6082067,,,,0,30.0,0,0
75,13,17,7,25,Y6082068,,,,0,30.0,0,0
75,13,17,7,26,Y6082069,,,,0,30.0,0,0
75,13,17,7,27,Y6082070,,,,0,30.0,0,0
75,13,17,7,28,Y6082071,,,,0,30.0,0,0
75,13,17,7,29,Y6082072,,,,0,30.0,0,0
75,13,17,7,30,Y6082073,,,,0,30.0,0,0
75,13,17,8,10,Y6082074,,,,0,30.0,0,0
75,13,17,8,11,Y6082075,,,,0,30.0,0,0
75,13,17,8,12,Y6082076,,,,0,30.0,0,0
75,13,17,8,13,Y6082077,,,,0,30.0,0,0
75,13,17,8,14,Y6082078,,,,0,30.0,0,0
75,13,17,8,15,Y6082079,,,,0,30.0,0,0
75,13,17,8,16,Y6082080,,,,0,30.0,0,0
75,13,17,8,17,Y6082081,,,,0,30.0,0,0
75,13,17,8,18,Y6082082,,,,0,30.0,0,0
75,13,17,8,19,Y6082083,,,,0,30.0,0,0
75,13,17,8,20,Y6082084,,,,0,30.0,0,0
75,13,17,8,21,Y6082085,,,,0,30.0,0,0
75,13,17,8,22,Y6082086,,,,0,30.0,0,0
75,13,17,8,23,Y6082087,,,,0,30.0,0,0
75,13,17,8,24,Y6082088,,,,0,30.0,0,0
75,13,17,8,25,Y6082089,,,,0,30.0,0,0
75,13,17,8,26,Y6082090,,,,0,30.0,0,0
75,13,17,8,27,Y6082091,,,,0,30.0,0,0
75,13,17,8,28,Y6082092,,,,0,30.0,0,0
75,13,17,8,29,Y6082093,,,,0,30.0,0,0
75,13,17,8,30,Y6082094,,,,0,30.0,0,0
75,13,17,9,10,Y6082095,,,,0,30.0,0,0
75,13,17,9,11,Y6082096,,,,0,30.0,0,0
75,13,17,9,12,Y6082097,,,,0,30.0,0,0
75,13,17,9,13,Y6082098,,,,0,30.0,0,0
75,13,17,9,14,Y6082099,,,,0,30.0,0,0
75,13,17,9,15,Y6082100,,,,0,30.0,0,0
75,13,17,9,16,Y6082101,,,,0,30.0,0,0
75,13,17,9,17,Y6082102,,,,0,30.0,0,0
75,13,17,9,18,Y6082103,,,,0,30.0,0,0
75,13,17,9,19,Y6082104,,,,0,30.0,0,0
75,13,17,9,20,Y6082105,,,,0,30.0,0,0
75,13,17,9,21,Y6082106,,,,0,30.0,0,0
75,13,17,9,22,Y6082107,,,,0,30.0,0,0
75,13,17,9,23,Y6082108,,,,0,30.0,0,0
75,13,17,9,24,Y6082109,,,,0,30.0,0,0
75,13,17,9,25,Y6082110,,,,0,30.0,0,0
75,13,17,9,26,Y6082111,,,,0,30.0,0,0
75,13,17,9,27,Y6082112,,,,0,30.0,0,0
75,13,17,9,28,Y6082113,,,,0,30.0,0,0
75,13,17,9,29,Y6082114,,,,0,30.0,0,0
75,13,17,9,30,Y6082115,,,,0,30.0,0,0
75,13,17,10,10,Y6082116,,,,0,30.0,0,0
75,13,17,10,11,Y6082117,,,,0,30.0,0,0
75,13,17,10,12,Y6082118,,,,0,30.0,0,0
75,13,17,10,13,Y6082119,,,,0,30.0,0,0
75,13,17,10,14,Y6082120,,,,0,30.0,0,0
75,13,17,10,15,Y6082121,,,,0,30.0,0,0
75,13,17,10,16,Y6082122,,,,0,30.0,0,0
75,13,17,10,17,Y6082123,,,,0,30.0,0,0
75,13,17,10,18,Y6082124,,,,0,30.0,0,0
75,13,17,10,19,Y6082125,,,,0,30.0,0,0
75,13,17,10,20,Y6082126,,,,0,30.0,0,0
75,13,17,10,21,Y6082127,,,,0,30.0,0,0
75,13,17,10,22,Y6082128,,,,0,30.0,0,0
75,13,17,10,23,Y6082129,,,,0,30.0,0,0
75,13,17,10,24,Y6082130,,,,0,30.0,0,0
75,13,17,10,25,Y6082131,,,,0,30.0,0,0
75,13,17,10,26,Y6082132,,,,0,30.0,0,0
75,13,17,10,27,Y6082133,,,,0,30.0,0,0
75,13,17,10,28,Y6082134,,,,0,30.0,0,0
75,13,17,10,29,Y6082135,,,,0,30.0,0,0
75,13,17,10,30,Y6082136,,,,0,30.0,0,0
75,13,17,11,10,Y6082137,,,,0,30.0,0,0
75,13,17,11,11,Y6082138,,,,0,30.0,0,0
75,13,17,11,12,Y6082139,,,,0,30.0,0,0
75,13,17,11,13,Y6082140,,,,0,30.0,0,0
75,13,17,11,14,Y6082141,,,,0,30.0,0,0
75,13,17,11,15,Y6082142,,,,0,30.0,0,0
75,13,17,11,16,Y6082143,,,,0,30.0,0,0
75,13,17,11,17,Y6082144,,,,0,30.0,0,0
75,13,17,11,18,Y6082145,,,,0,30.0,0,0
75,13,17,11,19,Y6082146,,,,0,30.0,0,0
75,13,17,11,20,Y6082147,,,,0,30.0,0,0
75,13,17,11,21,Y6082148,,,,0,30.0,0,0
75,13,17,11,22,Y6082149,,,,0,30.0,0,0
75,13,17,11,23,Y6082150,,,,0,30.0,0,0
75,13,17,11,24,Y6082151,,,,0,30.0,0,0
75,13,17,11,25,Y6082152,,,,0,30.0,0,0
75,13,17,11,26,Y6082153,,,,0,30.0,0,0
75,13,17,11,27,Y6082154,,,,0,30.0,0,0
75,13,17,11,28,Y6082155,,,,0,30.0,0,0
75,13,17,11,29,Y6082156,,,,0,30.0,0,0
75,13,17,11,30,Y6082157,,,,0,30.0,0,0
75,13,17,12,10,Y6082158,,,,0,30.0,0,0
75,13,17,12,11,Y6082159,,,,0,30.0,0,0
75,13,17,12,12,Y6082160,,,,0,30.0,0,0
75,13,17,12,13,Y6082161,,,,0,30.0,0,0
75,13,17,12,14,Y6082162,,,,0,30.0,0,0
75,13,17,12,15,Y6082163,,,,0,30.0,0,0
75,13,17,12,16,Y6082164,,,,0,30.0,0,0
75,13,17,12,17,Y6082165,,,,0,30.0,0,0
75,13,17,12,18,Y6082166,,,,0,30.0,0,0
75,13,17,12,19,Y6082167,,,,0,30.0,0,0
75,13,17,12,20,Y6082168,,,,0,30.0,0,0
75,13,17,12,21,Y6082169,,,,0,30.0,0,0
75,13,17,12,22,Y6082170,,,,0,30.0,0,0
75,13,17,12,23,Y6082171,,,,0,30.0,0,0
75,13,17,12,24,Y6082172,,,,0,30.0,0,0
75,13,17,12,25,Y6082173,,,,0,30.0,0,0
75,13,17,12,26,Y6082174,,,,0,30.0,0,0
75,13,17,12,27,Y6082175,,,,0,30.0,0,0
75,13,17,12,28,Y6082176,,,,0,30.0,0,0
75,13,17,12,29,Y6082177,,,,0,30.0,0,0
75,13,17,12,30,Y6082178,,,,0,30.0,0,0
75,13,18,1,10,Y6082179,,,,0,30.0,0,0
75,13,18,1,11,Y6082180,,,,0,30.0,0,0
75,13,18,1,12,Y6082181,,,,0,30.0,0,0
75,13,18,1,13,Y6082182,,,,0,30.0,0,0
75,13,18,1,14,Y6082183,,,,0,30.0,0,0
75,13,18,1,15,Y6082184,,,,0,30.0,0,0
75,13,18,1,16,Y6082185,,,,0,30.0,0,0
75,13,18,1,17,Y6082186,,,,0,30.0,0,0
75,13,18,1,18,Y6082187,,,,0,30.0,0,0
75,13,18,1,19,Y6082188,,,,0,30.0,0,0
75,13,18,1,20,Y6082189,,,,0,30.0,0,0
75,13,18,1,21,Y6082190,,,,0,30.0,0,0
75,13,18,1,22,Y6082191,,,,0,30.0,0,0
75,13,18,1,23,Y6082192,,,,0,30.0,0,0
75,13,18,1,24,Y6082193,,,,0,30.0,0,0
75,13,18,1,25,Y6082194,,,,0,30.0,0,0
75,13,18,1,26,Y6082195,,,,0,30.0,0,0
75,13,18,1,27,Y6082196,,,,0,30.0,0,0
75,13,18,1,28,Y6082197,,,,0,30.0,0,0
75,13,18,1,29,Y6082198,,,,0,30.0,0,0
75,13,18,1,30,Y6082199,,,,0,30.0,0,0
75,13,18,2,10,Y6082200,,,,0,30.0,0,0
75,13,18,2,11,Y6082201,,,,0,30.0,0,0
75,13,18,2,12,Y6082202,,,,0,30.0,0,0
75,13,18,2,13,Y6082203,,,,0,30.0,0,0
75,13,18,2,14,Y6082204,,,,0,30.0,0,0
75,13,18,2,15,Y6082205,,,,0,30.0,0,0
75,13,18,2,16,Y6082206,,,,0,30.0,0,0
75,13,18,2,17,Y6082207,,,,0,30.0,0,0
75,13,18,2,18,Y6082208,,,,0,30.0,0,0
75,13,18,2,19,Y6082209,,,,0,30.0,0,0
75,13,18,2,20,Y6082210,,,,0,30.0,0,0
75,13,18,2,21,Y6082211,,,,0,30.0,0,0
75,13,18,2,22,Y6082212,,,,0,30.0,0,0
75,13,18,2,23,Y6082213,,,,0,30.0,0,0
75,13,18,2,24,Y6082214,,,,0,30.0,0,0
75,13,18,2,25,Y6082215,,,,0,30.0,0,0
75,13,18,2,26,Y6082216,,,,0,30.0,0,0
75,13,18,2,27,Y6082217,,,,0,30.0,0,0
75,13,18,2,28,Y6082218,,,,0,30.0,0,0
75,13,18,2,29,Y6082219,,,,0,30.0,0,0
75,13,18,2,30,Y6082220,,,,0,30.0,0,0
75,13,18,3,10,Y6082221,,,,0,30.0,0,0
75,13,18,3,11,Y6082222,,,,0,30.0,0,0
75,13,18,3,12,Y6082223,,,,0,30.0,0,0
75,13,18,3,13,Y6082224,,,,0,30.0,0,0
75,13,18,3,14,Y6082225,,,,0,30.0,0,0
75,13,18,3,15,Y6082226,,,,0,30.0,0,0
75,13,18,3,16,Y6082227,,,,0,30.0,0,0
75,13,18,3,17,Y6082228,,,,0,30.0,0,0
75,13,18,3,18,Y6082229,,,,0,30.0,0,0
75,13,18,3,19,Y6082230,,,,0,30.0,0,0
75,13,18,3,20,Y6082231,,,,0,30.0,0,0
75,13,18,3,21,Y6082232,,,,0,30.0,0,0
75,13,18,3,22,Y6082233,,,,0,30.0,0,0
75,13,18,3,23,Y6082234,,,,0,30.0,0,0
75,13,18,3,24,Y6082235,,,,0,30.0,0,0
75,13,18,3,25,Y6082236,,,,0,30.0,0,0
75,13,18,3,26,Y6082237,,,,0,30.0,0,0
75,13,18,3,27,Y6082238,,,,0,30.0,0,0
75,13,18,3,28,Y6082239,,,,0,30.0,0,0
75,13,18,3,29,Y6082240,,,,0,30.0,0,0
75,13,18,3,30,Y6082241,,,,0,30.0,0,0
75,13,18,4,10,Y6082242,,,,0,30.0,0,0
75,13,18,4,11,Y6082243,,,,0,30.0,0,0
75,13,18,4,12,Y6082244,,,,0,30.0,0,0
75,13,18,4,13,Y6082245,,,,0,30.0,0,0
75,13,18,4,14,Y6082246,,,,0,30.0,0,0
75,13,18,4,15,Y6082247,,,,0,30.0,0,0
75,13,18,4,16,Y6082248,,,,0,30.0,0,0
75,13,18,4,17,Y6082249,,,,0,30.0,0,0
75,13,18,4,18,Y6082250,,,,0,30.0,0,0
75,13,18,4,19,Y6082251,,,,0,30.0,0,0
75,13,18,4,20,Y6082252,,,,0,30.0,0,0
75,13,18,4,21,Y6082253,,,,0,30.0,0,0
75,13,18,4,22,Y6082254,,,,0,30.0,0,0
75,13,18,4,23,Y6082255,,,,0,30.0,0,0
75,13,18,4,24,Y6082256,,,,0,30.0,0,0
75,13,18,4,25,Y6082257,,,,0,30.0,0,0
75,13,18,4,26,Y6082258,,,,0,30.0,0,0
75,13,18,4,27,Y6082259,,,,0,30.0,0,0
75,13,18,4,28,Y6082260,,,,0,30.0,0,0
75,13,18,4,29,Y6082261,,,,0,30.0,0,0
75,13,18,4,30,Y6082262,,,,0,30.0,0,0
75,13,18,5,10,Y6082263,,,,0,30.0,0,0
75,13,18,5,11,Y6082264,,,,0,30.0,0,0
75,13,18,5,12,Y6082265,,,,0,30.0,0,0
75,13,18,5,13,Y6082266,,,,0,30.0,0,0
75,13,18,5,14,Y6082267,,,,0,30.0,0,0
75,13,18,5,15,Y6082268,,,,0,30.0,0,0
75,13,18,5,16,Y6082269,,,,0,30.0,0,0
75,13,18,5,17,Y6082270,,,,0,30.0,0,0
75,13,18,5,18,Y6082271,,,,0,30.0,0,0
75,13,18,5,19,Y6082272,,,,0,30.0,0,0
75,13,18,5,20,Y6082273,,,,0,30.0,0,0
75,13,18,5,21,Y6082274,,,,0,30.0,0,0
75,13,18,5,22,Y6082275,,,,0,30.0,0,0
75,13,18,5,23,Y6082276,,,,0,30.0,0,0
75,13,18,5,24,Y6082277,,,,0,30.0,0,0
75,13,18,5,25,Y6082278,,,,0,30.0,0,0
75,13,18,5,26,Y6082279,,,,0,30.0,0,0
75,13,18,5,27,Y6082280,,,,0,30.0,0,0
75,13,18,5,28,Y6082281,,,,0,30.0,0,0
75,13,18,5,29,Y6082282,,,,0,30.0,0,0
75,13,18,5,30,Y6082283,,,,0,30.0,0,0
75,13,18,6,10,Y6082284,,,,0,30.0,0,0
75,13,18,6,11,Y6082285,,,,0,30.0,0,0
75,13,18,6,12,Y6082286,,,,0,30.0,0,0
75,13,18,6,13,Y6082287,,,,0,30.0,0,0
75,13,18,6,14,Y6082288,,,,0,30.0,0,0
75,13,18,6,15,Y6082289,,,,0,30.0,0,0
75,13,18,6,16,Y6082290,,,,0,30.0,0,0
75,13,18,6,17,Y6082291,,,,0,30.0,0,0
75,13,18,6,18,Y6082292,,,,0,30.0,0,0
75,13,18,6,19,Y6082293,,,,0,30.0,0,0
75,13,18,6,20,Y6082294,,,,0,30.0,0,0
75,13,18,6,21,Y6082295,,,,0,30.0,0,0
75,13,18,6,22,Y6082296,,,,0,30.0,0,0
75,13,18,6,23,Y6082297,,,,0,30.0,0,0
75,13,18,6,24,Y6082298,,,,0,30.0,0,0
75,13,18,6,25,Y6082299,,,,0,30.0,0,0
75,13,18,6,26,Y6082300,,,,0,30.0,0,0
75,13,18,6,27,Y6082301,,,,0,30.0,0,0
75,13,18,6,28,Y6082302,,,,0,30.0,0,0
75,13,18,6,29,Y6082303,,,,0,30.0,0,0
75,13,18,6,30,Y6082304,,,,0,30.0,0,0
75,13,18,7,10,Y6082305,,,,0,30.0,0,0
75,13,18,7,11,Y6082306,,,,0,30.0,0,0
75,13,18,7,12,Y6082307,,,,0,30.0,0,0
75,13,18,7,13,Y6082308,,,,0,30.0,0,0
75,13,18,7,14,Y6082309,,,,0,30.0,0,0
75,13,18,7,15,Y6082310,,,,0,30.0,0,0
75,13,18,7,16,Y6082311,,,,0,30.0,0,0
75,13,18,7,17,Y6082312,,,,0,30.0,0,0
75,13,18,7,18,Y6082313,,,,0,30.0,0,0
75,13,18,7,19,Y6082314,,,,0,30.0,0,0
75,13,18,7,20,Y6082315,,,,0,30.0,0,0
75,13,18,7,21,Y6082316,,,,0,30.0,0,0
75,13,18,7,22,Y6082317,,,,0,30.0,0,0
75,13,18,7,23,Y6082318,,,,0,30.0,0,0
75,13,18,7,24,Y6082319,,,,0,30.0,0,0
75,13,18,7,25,Y6082320,,,,0,30.0,0,0
75,13,18,7,26,Y6082321,,,,0,30.0,0,0
75,13,18,7,27,Y6082322,,,,0,30.0,0,0
75,13,18,7,28,Y6082323,,,,0,30.0,0,0
75,13,18,7,29,Y6082324,,,,0,30.0,0,0
75,13,18,7,30,Y6082325,,,,0,30.0,0,0
75,13,18,8,10,Y6082326,,,,0,30.0,0,0
75,13,18,8,11,Y6082327,,,,0,30.0,0,0
75,13,18,8,12,Y6082328,,,,0,30.0,0,0
75,13,18,8,13,Y6082329,,,,0,30.0,0,0
75,13,18,8,14,Y6082330,,,,0,30.0,0,0
75,13,18,8,15,Y6082331,,,,0,30.0,0,0
75,13,18,8,16,Y6082332,,,,0,30.0,0,0
75,13,18,8,17,Y6082333,,,,0,30.0,0,0
75,13,18,8,18,Y6082334,,,,0,30.0,0,0
75,13,18,8,19,Y6082335,,,,0,30.0,0,0
75,13,18,8,20,Y6082336,,,,0,30.0,0,0
75,13,18,8,21,Y6082337,,,,0,30.0,0,0
75,13,18,8,22,Y6082338,,,,0,30.0,0,0
75,13,18,8,23,Y6082339,,,,0,30.0,0,0
75,13,18,8,24,Y6082340,,,,0,30.0,0,0
75,13,18,8,25,Y6082341,,,,0,30.0,0,0
75,13,18,8,26,Y6082342,,,,0,30.0,0,0
75,13,18,8,27,Y6082343,,,,0,30.0,0,0
75,13,18,8,28,Y6082344,,,,0,30.0,0,0
75,13,18,8,29,Y6082345,,,,0,30.0,0,0
75,13,18,8,30,Y6082346,,,,0,30.0,0,0
75,13,18,9,10,Y6082347,,,,0,30.0,0,0
75,13,18,9,11,Y6082348,,,,0,30.0,0,0
75,13,18,9,12,Y6082349,,,,0,30.0,0,0
75,13,18,9,13,Y6082350,,,,0,30.0,0,0
75,13,18,9,14,Y6082351,,,,0,30.0,0,0
75,13,18,9,15,Y6082352,,,,0,30.0,0,0
75,13,18,9,16,Y6082353,,,,0,30.0,0,0
75,13,18,9,17,Y6082354,,,,0,30.0,0,0
75,13,18,9,18,Y6082355,,,,0,30.0,0,0
75,13,18,9,19,Y6082356,,,,0,30.0,0,0
75,13,18,9,20,Y6082357,,,,0,30.0,0,0
75,13,18,9,21,Y6082358,,,,0,30.0,0,0
75,13,18,9,22,Y6082359,,,,0,30.0,0,0
75,13,18,9,23,Y6082360,,,,0,30.0,0,0
75,13,18,9,24,Y6082361,,,,0,30.0,0,0
75,13,18,9,25,Y6082362,,,,0,30.0,0,0
75,13,18,9,26,Y6082363,,,,0,30.0,0,0
75,13,18,9,27,Y6082364,,,,0,30.0,0,0
75,13,18,9,28,Y6082365,,,,0,30.0,0,0
75,13,18,9,29,Y6082366,,,,0,30.0,0,0
75,13,18,9,30,Y6082367,,,,0,30.0,0,0
75,13,18,10,10,Y6082368,,,,0,30.0,0,0
75,13,18,10,11,Y6082369,,,,0,30.0,0,0
75,13,18,10,12,Y6082370,,,,0,30.0,0,0
75,13,18,10,13,Y6082371,,,,0,30.0,0,0
75,13,18,10,14,Y6082372,,,,0,30.0,0,0
75,13,18,10,15,Y6082373,,,,0,30.0,0,0
75,13,18,10,16,Y6082374,,,,0,30.0,0,0
75,13,18,10,17,Y6082375,,,,0,30.0,0,0
75,13,18,10,18,Y6082376,,,,0,30.0,0,0
75,13,18,10,19,Y6082377,,,,0,30.0,0,0
75,13,18,10,20,Y6082378,,,,0,30.0,0,0
75,13,18,10,21,Y6082379,,,,0,30.0,0,0
75,13,18,10,22,Y6082380,,,,0,30.0,0,0
75,13,18,10,23,Y6082381,,,,0,30.0,0,0
75,13,18,10,24,Y6082382,,,,0,30.0,0,0
75,13,18,10,25,Y6082383,,,,0,30.0,0,0
75,13,18,10,26,Y6082384,,,,0,30.0,0,0
75,13,18,10,27,Y6082385,,,,0,30.0,0,0
75,13,18,10,28,Y6082386,,,,0,30.0,0,0
75,13,18,10,29,Y6082387,,,,0,30.0,0,0
75,13,18,10,30,Y6082388,,,,0,30.0,0,0
75,13,18,11,10,Y6082389,,,,0,30.0,0,0
75,13,18,11,11,Y6082390,,,,0,30.0,0,0
75,13,18,11,12,Y6082391,,,,0,30.0,0,0
75,13,18,11,13,Y6082392,,,,0,30.0,0,0
75,13,18,11,14,Y6082393,,,,0,30.0,0,0
75,13,18,11,15,Y6082394,,,,0,30.0,0,0
75,13,18,11,16,Y6082395,,,,0,30.0,0,0
75,13,18,11,17,Y6082396,,,,0,30.0,0,0
75,13,18,11,18,Y6082397,,,,0,30.0,0,0
75,13,18,11,19,Y6082398,,,,0,30.0,0,0
75,13,18,11,20,Y6082399,,,,0,30.0,0,0
75,13,18,11,21,Y6082400,,,,0,30.0,0,0
75,13,18,11,22,Y6082401,,,,0,30.0,0,0
75,13,18,11,23,Y6082402,,,,0,30.0,0,0
75,13,18,11,24,Y6082403,,,,0,30.0,0,0
75,13,18,11,25,Y6082404,,,,0,30.0,0,0
75,13,18,11,26,Y6082405,,,,0,30.0,0,0
75,13,18,11,27,Y6082406,,,,0,30.0,0,0
75,13,18,11,28,Y6082407,,,,0,30.0,0,0
75,13,18,11,29,Y6082408,,,,0,30.0,0,0
75,13,18,11,30,Y6082409,,,,0,30.0,0,0
75,13,18,12,10,Y6082410,,,,0,30.0,0,0
75,13,18,12,11,Y6082411,,,,0,30.0,0,0
75,13,18,12,12,Y6082412,,,,0,30.0,0,0
75,13,18,12,13,Y6082413,,,,0,30.0,0,0
75,13,18,12,14,Y6082414,,,,0,30.0,0,0
75,13,18,12,15,Y6082415,,,,0,30.0,0,0
75,13,18,12,16,Y6082416,,,,0,30.0,0,0
75,13,18,12,17,Y6082417,,,,0,30.0,0,0
75,13,18,12,18,Y6082418,,,,0,30.0,0,0
75,13,18,12,19,Y6082419,,,,0,30.0,0,0
75,13,18,12,20,Y6082420,,,,0,30.0,0,0
75,13,18,12,21,Y6082421,,,,0,30.0,0,0
75,13,18,12,22,Y6082422,,,,0,30.0,0,0
75,13,18,12,23,Y6082423,,,,0,30.0,0,0
75,13,18,12,24,Y6082424,,,,0,30.0,0,0
75,13,18,12,25,Y6082425,,,,0,30.0,0,0
75,13,18,12,26,Y6082426,,,,0,30.0,0,0
75,13,18,12,27,Y6082427,,,,0,30.0,0,0
75,13,18,12,28,Y6082428,,,,0,30.0,0,0
75,13,18,12,29,Y6082429,,,,0,30.0,0,0
75,13,18,12,30,Y6082430,,,,0,30.0,0,0
75,13,19,1,10,Y6082431,,,,0,30.0,0,0
75,13,19,1,11,Y6082432,,,,0,30.0,0,0
75,13,19,1,12,Y6082433,,,,0,30.0,0,0
75,13,19,1,13,Y6082434,,,,0,30.0,0,0
75,13,19,1,14,Y6082435,,,,0,30.0,0,0
75,13,19,1,15,Y6082436,,,,0,30.0,0,0
75,13,19,1,16,Y6082437,,,,0,30.0,0,0
75,13,19,1,17,Y6082438,,,,0,30.0,0,0
75,13,19,1,18,Y6082439,,,,0,30.0,0,0
75,13,19,1,19,Y6082440,,,,0,30.0,0,0
75,13,19,1,20,Y6082441,,,,0,30.0,0,0
75,13,19,1,21,Y6082442,,,,0,30.0,0,0
75,13,19,1,22,Y6082443,,,,0,30.0,0,0
75,13,19,1,23,Y6082444,,,,0,30.0,0,0
75,13,19,1,24,Y6082445,,,,0,30.0,0,0
75,13,19,1,25,Y6082446,,,,0,30.0,0,0
75,13,19,1,26,Y6082447,,,,0,30.0,0,0
75,13,19,1,27,Y6082448,,,,0,30.0,0,0
75,13,19,1,28,Y6082449,,,,0,30.0,0,0
75,13,19,1,29,Y6082450,,,,0,30.0,0,0
75,13,19,1,30,Y6082451,,,,0,30.0,0,0
75,13,19,2,10,Y6082452,,,,0,30.0,0,0
75,13,19,2,11,Y6082453,,,,0,30.0,0,0
75,13,19,2,12,Y6082454,,,,0,30.0,0,0
75,13,19,2,13,Y6082455,,,,0,30.0,0,0
75,13,19,2,14,Y6082456,,,,0,30.0,0,0
75,13,19,2,15,Y6082457,,,,0,30.0,0,0
75,13,19,2,16,Y6082458,,,,0,30.0,0,0
75,13,19,2,17,Y6082459,,,,0,30.0,0,0
75,13,19,2,18,Y6082460,,,,0,30.0,0,0
75,13,19,2,19,Y6082461,,,,0,30.0,0,0
75,13,19,2,20,Y6082462,,,,0,30.0,0,0
75,13,19,2,21,Y6082463,,,,0,30.0,0,0
75,13,19,2,22,Y6082464,,,,0,30.0,0,0
75,13,19,2,23,Y6082465,,,,0,30.0,0,0
75,13,19,2,24,Y6082466,,,,0,30.0,0,0
75,13,19,2,25,Y6082467,,,,0,30.0,0,0
75,13,19,2,26,Y6082468,,,,0,30.0,0,0
75,13,19,2,27,Y6082469,,,,0,30.0,0,0
75,13,19,2,28,Y6082470,,,,0,30.0,0,0
75,13,19,2,29,Y6082471,,,,0,30.0,0,0
75,13,19,2,30,Y6082472,,,,0,30.0,0,0
75,13,19,3,10,Y6082473,,,,0,30.0,0,0
75,13,19,3,11,Y6082474,,,,0,30.0,0,0
75,13,19,3,12,Y6082475,,,,0,30.0,0,0
75,13,19,3,13,Y6082476,,,,0,30.0,0,0
75,13,19,3,14,Y6082477,,,,0,30.0,0,0
75,13,19,3,15,Y6082478,,,,0,30.0,0,0
75,13,19,3,16,Y6082479,,,,0,30.0,0,0
75,13,19,3,17,Y6082480,,,,0,30.0,0,0
75,13,19,3,18,Y6082481,,,,0,30.0,0,0
75,13,19,3,19,Y6082482,,,,0,30.0,0,0
75,13,19,3,20,Y6082483,,,,0,30.0,0,0
75,13,19,3,21,Y6082484,,,,0,30.0,0,0
75,13,19,3,22,Y6082485,,,,0,30.0,0,0
75,13,19,3,23,Y6082486,,,,0,30.0,0,0
75,13,19,3,24,Y6082487,,,,0,30.0,0,0
75,13,19,3,25,Y6082488,,,,0,30.0,0,0
75,13,19,3,26,Y6082489,,,,0,30.0,0,0
75,13,19,3,27,Y6082490,,,,0,30.0,0,0
75,13,19,3,28,Y6082491,,,,0,30.0,0,0
75,13,19,3,29,Y6082492,,,,0,30.0,0,0
75,13,19,3,30,Y6082493,,,,0,30.0,0,0
75,13,19,4,10,Y6082494,,,,0,30.0,0,0
75,13,19,4,11,Y6082495,,,,0,30.0,0,0
75,13,19,4,12,Y6082496,,,,0,30.0,0,0
75,13,19,4,13,Y6082497,,,,0,30.0,0,0
75,13,19,4,14,Y6082498,,,,0,30.0,0,0
75,13,19,4,15,Y6082499,,,,0,30.0,0,0
75,13,19,4,16,Y6082500,,,,0,30.0,0,0
75,13,19,4,17,Y6082501,,,,0,30.0,0,0
75,13,19,4,18,Y6082502,,,,0,30.0,0,0
75,13,19,4,19,Y6082503,,,,0,30.0,0,0
75,13,19,4,20,Y6082504,,,,0,30.0,0,0
75,13,19,4,21,Y6082505,,,,0,30.0,0,0
75,13,19,4,22,Y6082506,,,,0,30.0,0,0
75,13,19,4,23,Y6082507,,,,0,30.0,0,0
75,13,19,4,24,Y6082508,,,,0,30.0,0,0
75,13,19,4,25,Y6082509,,,,0,30.0,0,0
75,13,19,4,26,Y6082510,,,,0,30.0,0,0
75,13,19,4,27,Y6082511,,,,0,30.0,0,0
75,13,19,4,28,Y6082512,,,,0,30.0,0,0
75,13,19,4,29,Y6082513,,,,0,30.0,0,0
75,13,19,4,30,Y6082514,,,,0,30.0,0,0
75,13,19,5,10,Y6082515,,,,0,30.0,0,0
75,13,19,5,11,Y6082516,,,,0,30.0,0,0
75,13,19,5,12,Y6082517,,,,0,30.0,0,0
75,13,19,5,13,Y6082518,,,,0,30.0,0,0
75,13,19,5,14,Y6082519,,,,0,30.0,0,0
75,13,19,5,15,Y6082520,,,,0,30.0,0,0
75,13,19,5,16,Y6082521,,,,0,30.0,0,0
75,13,19,5,17,Y6082522,,,,0,30.0,0,0
75,13,19,5,18,Y6082523,,,,0,30.0,0,0
75,13,19,5,19,Y6082524,,,,0,30.0,0,0
75,13,19,5,20,Y6082525,,,,0,30.0,0,0
75,13,19,5,21,Y6082526,,,,0,30.0,0,0
75,13,19,5,22,Y6082527,,,,0,30.0,0,0
75,13,19,5,23,Y6082528,,,,0,30.0,0,0
75,13,19,5,24,Y6082529,,,,0,30.0,0,0
75,13,19,5,25,Y6082530,,,,0,30.0,0,0
75,13,19,5,26,Y6082531,,,,0,30.0,0,0
75,13,19,5,27,Y6082532,,,,0,30.0,0,0
75,13,19,5,28,Y6082533,,,,0,30.0,0,0
75,13,19,5,29,Y6082534,,,,0,30.0,0,0
75,13,19,5,30,Y6082535,,,,0,30.0,0,0
75,13,19,6,10,Y6082536,,,,0,30.0,0,0
75,13,19,6,11,Y6082537,,,,0,30.0,0,0
75,13,19,6,12,Y6082538,,,,0,30.0,0,0
75,13,19,6,13,Y6082539,,,,0,30.0,0,0
75,13,19,6,14,Y6082540,,,,0,30.0,0,0
75,13,19,6,15,Y6082541,,,,0,30.0,0,0
75,13,19,6,16,Y6082542,,,,0,30.0,0,0
75,13,19,6,17,Y6082543,,,,0,30.0,0,0
75,13,19,6,18,Y6082544,,,,0,30.0,0,0
75,13,19,6,19,Y6082545,,,,0,30.0,0,0
75,13,19,6,20,Y6082546,,,,0,30.0,0,0
75,13,19,6,21,Y6082547,,,,0,30.0,0,0
75,13,19,6,22,Y6082548,,,,0,30.0,0,0
75,13,19,6,23,Y6082549,,,,0,30.0,0,0
75,13,19,6,24,Y6082550,,,,0,30.0,0,0
75,13,19,6,25,Y6082551,,,,0,30.0,0,0
75,13,19,6,26,Y6082552,,,,0,30.0,0,0
75,13,19,6,27,Y6082553,,,,0,30.0,0,0
75,13,19,6,28,Y6082554,,,,0,30.0,0,0
75,13,19,6,29,Y6082555,,,,0,30.0,0,0
75,13,19,6,30,Y6082556,,,,0,30.0,0,0
75,13,19,7,10,Y6082557,,,,0,30.0,0,0
75,13,19,7,11,Y6082558,,,,0,30.0,0,0
75,13,19,7,12,Y6082559,,,,0,30.0,0,0
75,13,19,7,13,Y6082560,,,,0,30.0,0,0
75,13,19,7,14,Y6082561,,,,0,30.0,0,0
75,13,19,7,15,Y6082562,,,,0,30.0,0,0
75,13,19,7,16,Y6082563,,,,0,30.0,0,0
75,13,19,7,17,Y6082564,,,,0,30.0,0,0
75,13,19,7,18,Y6082565,,,,0,30.0,0,0
75,13,19,7,19,Y6082566,,,,0,30.0,0,0
75,13,19,7,20,Y6082567,,,,0,30.0,0,0
75,13,19,7,21,Y6082568,,,,0,30.0,0,0
75,13,19,7,22,Y6082569,,,,0,30.0,0,0
75,13,19,7,23,Y6082570,,,,0,30.0,0,0
75,13,19,7,24,Y6082571,,,,0,30.0,0,0
75,13,19,7,25,Y6082572,,,,0,30.0,0,0
75,13,19,7,26,Y6082573,,,,0,30.0,0,0
75,13,19,7,27,Y6082574,,,,0,30.0,0,0
75,13,19,7,28,Y6082575,,,,0,30.0,0,0
75,13,19,7,29,Y6082576,,,,0,30.0,0,0
75,13,19,7,30,Y6082577,,,,0,30.0,0,0
75,13,19,8,10,Y6082578,,,,0,30.0,0,0
75,13,19,8,11,Y6082579,,,,0,30.0,0,0
75,13,19,8,12,Y6082580,,,,0,30.0,0,0
75,13,19,8,13,Y6082581,,,,0,30.0,0,0
75,13,19,8,14,Y6082582,,,,0,30.0,0,0
75,13,19,8,15,Y6082583,,,,0,30.0,0,0
75,13,19,8,16,Y6082584,,,,0,30.0,0,0
75,13,19,8,17,Y6082585,,,,0,30.0,0,0
75,13,19,8,18,Y6082586,,,,0,30.0,0,0
75,13,19,8,19,Y6082587,,,,0,30.0,0,0
75,13,19,8,20,Y6082588,,,,0,30.0,0,0
75,13,19,8,21,Y6082589,,,,0,30.0,0,0
75,13,19,8,22,Y6082590,,,,0,30.0,0,0
75,13,19,8,23,Y6082591,,,,0,30.0,0,0
75,13,19,8,24,Y6082592,,,,0,30.0,0,0
75,13,19,8,25,Y6082593,,,,0,30.0,0,0
75,13,19,8,26,Y6082594,,,,0,30.0,0,0
75,13,19,8,27,Y6082595,,,,0,30.0,0,0
75,13,19,8,28,Y6082596,,,,0,30.0,0,0
75,13,19,8,29,Y6082597,,,,0,30.0,0,0
75,13,19,8,30,Y6082598,,,,0,30.0,0,0
75,13,19,9,10,Y6082599,,,,0,30.0,0,0
75,13,19,9,11,Y6082600,,,,0,30.0,0,0
75,13,19,9,12,Y6082601,,,,0,30.0,0,0
75,13,19,9,13,Y6082602,,,,0,30.0,0,0
75,13,19,9,14,Y6082603,,,,0,30.0,0,0
75,13,19,9,15,Y6082604,,,,0,30.0,0,0
75,13,19,9,16,Y6082605,,,,0,30.0,0,0
75,13,19,9,17,Y6082606,,,,0,30.0,0,0
75,13,19,9,18,Y6082607,,,,0,30.0,0,0
75,13,19,9,19,Y6082608,,,,0,30.0,0,0
75,13,19,9,20,Y6082609,,,,0,30.0,0,0
75,13,19,9,21,Y6082610,,,,0,30.0,0,0
75,13,19,9,22,Y6082611,,,,0,30.0,0,0
75,13,19,9,23,Y6082612,,,,0,30.0,0,0
75,13,19,9,24,Y6082613,,,,0,30.0,0,0
75,13,19,9,25,Y6082614,,,,0,30.0,0,0
75,13,19,9,26,Y6082615,,,,0,30.0,0,0
75,13,19,9,27,Y6082616,,,,0,30.0,0,0
75,13,19,9,28,Y6082617,,,,0,30.0,0,0
75,13,19,9,29,Y6082618,,,,0,30.0,0,0
75,13,19,9,30,Y6082619,,,,0,30.0,0,0
75,13,19,10,10,Y6082620,,,,0,30.0,0,0
75,13,19,10,11,Y6082621,,,,0,30.0,0,0
75,13,19,10,12,Y6082622,,,,0,30.0,0,0
75,13,19,10,13,Y6082623,,,,0,30.0,0,0
75,13,19,10,14,Y6082624,,,,0,30.0,0,0
75,13,19,10,15,Y6082625,,,,0,30.0,0,0
75,13,19,10,16,Y6082626,,,,0,30.0,0,0
75,13,19,10,17,Y6082627,,,,0,30.0,0,0
75,13,19,10,18,Y6082628,,,,0,30.0,0,0
75,13,19,10,19,Y6082629,,,,0,30.0,0,0
75,13,19,10,20,Y6082630,,,,0,30.0,0,0
75,13,19,10,21,Y6082631,,,,0,30.0,0,0
75,13,19,10,22,Y6082632,,,,0,30.0,0,0
75,13,19,10,23,Y6082633,,,,0,30.0,0,0
75,13,19,10,24,Y6082634,,,,0,30.0,0,0
75,13,19,10,25,Y6082635,,,,0,30.0,0,0
75,13,19,10,26,Y6082636,,,,0,30.0,0,0
75,13,19,10,27,Y6082637,,,,0,30.0,0,0
75,13,19,10,28,Y6082638,,,,0,30.0,0,0
75,13,19,10,29,Y6082639,,,,0,30.0,0,0
75,13,19,10,30,Y6082640,,,,0,30.0,0,0
75,13,19,11,10,Y6082641,,,,0,30.0,0,0
75,13,19,11,11,Y6082642,,,,0,30.0,0,0
75,13,19,11,12,Y6082643,,,,0,30.0,0,0
75,13,19,11,13,Y6082644,,,,0,30.0,0,0
75,13,19,11,14,Y6082645,,,,0,30.0,0,0
75,13,19,11,15,Y6082646,,,,0,30.0,0,0
75,13,19,11,16,Y6082647,,,,0,30.0,0,0
75,13,19,11,17,Y6082648,,,,0,30.0,0,0
75,13,19,11,18,Y6082649,,,,0,30.0,0,0
75,13,19,11,19,Y6082650,,,,0,30.0,0,0
75,13,19,11,20,Y6082651,,,,0,30.0,0,0
75,13,19,11,21,Y6082652,,,,0,30.0,0,0
75,13,19,11,22,Y6082653,,,,0,30.0,0,0
75,13,19,11,23,Y6082654,,,,0,30.0,0,0
75,13,19,11,24,Y6082655,,,,0,30.0,0,0
75,13,19,11,25,Y6082656,,,,0,30.0,0,0
75,13,19,11,26,Y6082657,,,,0,30.0,0,0
75,13,19,11,27,Y6082658,,,,0,30.0,0,0
75,13,19,11,28,Y6082659,,,,0,30.0,0,0
75,13,19,11,29,Y6082660,,,,0,30.0,0,0
75,13,19,11,30,Y6082661,,,,0,30.0,0,0
75,13,19,12,10,Y6082662,,,,0,30.0,0,0
75,13,19,12,11,Y6082663,,,,0,30.0,0,0
75,13,19,12,12,Y6082664,,,,0,30.0,0,0
75,13,19,12,13,Y6082665,,,,0,30.0,0,0
75,13,19,12,14,Y6082666,,,,0,30.0,0,0
75,13,19,12,15,Y6082667,,,,0,30.0,0,0
75,13,19,12,16,Y6082668,,,,0,30.0,0,0
75,13,19,12,17,Y6082669,,,,0,30.0,0,0
75,13,19,12,18,Y6082670,,,,0,30.0,0,0
75,13,19,12,19,Y6082671,,,,0,30.0,0,0
75,13,19,12,20,Y6082672,,,,0,30.0,0,0
75,13,19,12,21,Y6082673,,,,0,30.0,0,0
75,13,19,12,22,Y6082674,,,,0,30.0,0,0
75,13,19,12,23,Y6082675,,,,0,30.0,0,0
75,13,19,12,24,Y6082676,,,,0,30.0,0,0
75,13,19,12,25,Y6082677,,,,0,30.0,0,0
75,13,19,12,26,Y6082678,,,,0,30.0,0,0
75,13,19,12,27,Y6082679,,,,0,30.0,0,0
75,13,19,12,28,Y6082680,,,,0,30.0,0,0
75,13,19,12,29,Y6082681,,,,0,30.0,0,0
75,13,19,12,30,Y6082682,,,,0,30.0,0,0
75,13,20,1,10,Y6082683,,,,0,30.0,0,0
75,13,20,1,11,Y6082684,,,,0,30.0,0,0
75,13,20,1,12,Y6082685,,,,0,30.0,0,0
75,13,20,1,13,Y6082686,,,,0,30.0,0,0
75,13,20,1,14,Y6082687,,,,0,30.0,0,0
75,13,20,1,15,Y6082688,,,,0,30.0,0,0
75,13,20,1,16,Y6082689,,,,0,30.0,0,0
75,13,20,1,17,Y6082690,,,,0,30.0,0,0
75,13,20,1,18,Y6082691,,,,0,30.0,0,0
75,13,20,1,19,Y6082692,,,,0,30.0,0,0
75,13,20,1,20,Y6082693,,,,0,30.0,0,0
75,13,20,1,21,Y6082694,,,,0,30.0,0,0
75,13,20,1,22,Y6082695,,,,0,30.0,0,0
75,13,20,1,23,Y6082696,,,,0,30.0,0,0
75,13,20,1,24,Y6082697,,,,0,30.0,0,0
75,13,20,1,25,Y6082698,,,,0,30.0,0,0
75,13,20,1,26,Y6082699,,,,0,30.0,0,0
75,13,20,1,27,Y6082700,,,,0,30.0,0,0
75,13,20,1,28,Y6082701,,,,0,30.0,0,0
75,13,20,1,29,Y6082702,,,,0,30.0,0,0
75,13,20,1,30,Y6082703,,,,0,30.0,0,0
75,13,20,2,10,Y6082704,,,,0,30.0,0,0
75,13,20,2,11,Y6082705,,,,0,30.0,0,0
75,13,20,2,12,Y6082706,,,,0,30.0,0,0
75,13,20,2,13,Y6082707,,,,0,30.0,0,0
75,13,20,2,14,Y6082708,,,,0,30.0,0,0
75,13,20,2,15,Y6082709,,,,0,30.0,0,0
75,13,20,2,16,Y6082710,,,,0,30.0,0,0
75,13,20,2,17,Y6082711,,,,0,30.0,0,0
75,13,20,2,18,Y6082712,,,,0,30.0,0,0
75,13,20,2,19,Y6082713,,,,0,30.0,0,0
75,13,20,2,20,Y6082714,,,,0,30.0,0,0
75,13,20,2,21,Y6082715,,,,0,30.0,0,0
75,13,20,2,22,Y6082716,,,,0,30.0,0,0
75,13,20,2,23,Y6082717,,,,0,30.0,0,0
75,13,20,2,24,Y6082718,,,,0,30.0,0,0
75,13,20,2,25,Y6082719,,,,0,30.0,0,0
75,13,20,2,26,Y6082720,,,,0,30.0,0,0
75,13,20,2,27,Y6082721,,,,0,30.0,0,0
75,13,20,2,28,Y6082722,,,,0,30.0,0,0
75,13,20,2,29,Y6082723,,,,0,30.0,0,0
75,13,20,2,30,Y6082724,,,,0,30.0,0,0
75,13,20,3,10,Y6082725,,,,0,30.0,0,0
75,13,20,3,11,Y6082726,,,,0,30.0,0,0
75,13,20,3,12,Y6082727,,,,0,30.0,0,0
75,13,20,3,13,Y6082728,,,,0,30.0,0,0
75,13,20,3,14,Y6082729,,,,0,30.0,0,0
75,13,20,3,15,Y6082730,,,,0,30.0,0,0
75,13,20,3,16,Y6082731,,,,0,30.0,0,0
75,13,20,3,17,Y6082732,,,,0,30.0,0,0
75,13,20,3,18,Y6082733,,,,0,30.0,0,0
75,13,20,3,19,Y6082734,,,,0,30.0,0,0
75,13,20,3,20,Y6082735,,,,0,30.0,0,0
75,13,20,3,21,Y6082736,,,,0,30.0,0,0
75,13,20,3,22,Y6082737,,,,0,30.0,0,0
75,13,20,3,23,Y6082738,,,,0,30.0,0,0
75,13,20,3,24,Y6082739,,,,0,30.0,0,0
75,13,20,3,25,Y6082740,,,,0,30.0,0,0
75,13,20,3,26,Y6082741,,,,0,30.0,0,0
75,13,20,3,27,Y6082742,,,,0,30.0,0,0
75,13,20,3,28,Y6082743,,,,0,30.0,0,0
75,13,20,3,29,Y6082744,,,,0,30.0,0,0
75,13,20,3,30,Y6082745,,,,0,30.0,0,0
75,13,20,4,10,Y6082746,,,,0,30.0,0,0
75,13,20,4,11,Y6082747,,,,0,30.0,0,0
75,13,20,4,12,Y6082748,,,,0,30.0,0,0
75,13,20,4,13,Y6082749,,,,0,30.0,0,0
75,13,20,4,14,Y6082750,,,,0,30.0,0,0
75,13,20,4,15,Y6082751,,,,0,30.0,0,0
75,13,20,4,16,Y6082752,,,,0,30.0,0,0
75,13,20,4,17,Y6082753,,,,0,30.0,0,0
75,13,20,4,18,Y6082754,,,,0,30.0,0,0
75,13,20,4,19,Y6082755,,,,0,30.0,0,0
75,13,20,4,20,Y6082756,,,,0,30.0,0,0
75,13,20,4,21,Y6082757,,,,0,30.0,0,0
75,13,20,4,22,Y6082758,,,,0,30.0,0,0
75,13,20,4,23,Y6082759,,,,0,30.0,0,0
75,13,20,4,24,Y6082760,,,,0,30.0,0,0
75,13,20,4,25,Y6082761,,,,0,30.0,0,0
75,13,20,4,26,Y6082762,,,,0,30.0,0,0
75,13,20,4,27,Y6082763,,,,0,30.0,0,0
75,13,20,4,28,Y6082764,,,,0,30.0,0,0
75,13,20,4,29,Y6082765,,,,0,30.0,0,0
75,13,20,4,30,Y6082766,,,,0,30.0,0,0
75,13,20,5,10,Y6082767,,,,0,30.0,0,0
75,13,20,5,11,Y6082768,,,,0,30.0,0,0
75,13,20,5,12,Y6082769,,,,0,30.0,0,0
75,13,20,5,13,Y6082770,,,,0,30.0,0,0
75,13,20,5,14,Y6082771,,,,0,30.0,0,0
75,13,20,5,15,Y6082772,,,,0,30.0,0,0
75,13,20,5,16,Y6082773,,,,0,30.0,0,0
75,13,20,5,17,Y6082774,,,,0,30.0,0,0
75,13,20,5,18,Y6082775,,,,0,30.0,0,0
75,13,20,5,19,Y6082776,,,,0,30.0,0,0
75,13,20,5,20,Y6082777,,,,0,30.0,0,0
75,13,20,5,21,Y6082778,,,,0,30.0,0,0
75,13,20,5,22,Y6082779,,,,0,30.0,0,0
75,13,20,5,23,Y6082780,,,,0,30.0,0,0
75,13,20,5,24,Y6082781,,,,0,30.0,0,0
75,13,20,5,25,Y6082782,,,,0,30.0,0,0
75,13,20,5,26,Y6082783,,,,0,30.0,0,0
75,13,20,5,27,Y6082784,,,,0,30.0,0,0
75,13,20,5,28,Y6082785,,,,0,30.0,0,0
75,13,20,5,29,Y6082786,,,,0,30.0,0,0
75,13,20,5,30,Y6082787,,,,0,30.0,0,0
75,13,20,6,10,Y6082788,,,,0,30.0,0,0
75,13,20,6,11,Y6082789,,,,0,30.0,0,0
75,13,20,6,12,Y6082790,,,,0,30.0,0,0
75,13,20,6,13,Y6082791,,,,0,30.0,0,0
75,13,20,6,14,Y6082792,,,,0,30.0,0,0
75,13,20,6,15,Y6082793,,,,0,30.0,0,0
75,13,20,6,16,Y6082794,,,,0,30.0,0,0
75,13,20,6,17,Y6082795,,,,0,30.0,0,0
75,13,20,6,18,Y6082796,,,,0,30.0,0,0
75,13,20,6,19,Y6082797,,,,0,30.0,0,0
75,13,20,6,20,Y6082798,,,,0,30.0,0,0
75,13,20,6,21,Y6082799,,,,0,30.0,0,0
75,13,20,6,22,Y6082800,,,,0,30.0,0,0
75,13,20,6,23,Y6082801,,,,0,30.0,0,0
75,13,20,6,24,Y6082802,,,,0,30.0,0,0
75,13,20,6,25,Y6082803,,,,0,30.0,0,0
75,13,20,6,26,Y6082804,,,,0,30.0,0,0
75,13,20,6,27,Y6082805,,,,0,30.0,0,0
75,13,20,6,28,Y6082806,,,,0,30.0,0,0
75,13,20,6,29,Y6082807,,,,0,30.0,0,0
75,13,20,6,30,Y6082808,,,,0,30.0,0,0
75,13,20,7,10,Y6082809,,,,0,30.0,0,0
75,13,20,7,11,Y6082810,,,,0,30.0,0,0
75,13,20,7,12,Y6082811,,,,0,30.0,0,0
75,13,20,7,13,Y6082812,,,,0,30.0,0,0
75,13,20,7,14,Y6082813,,,,0,30.0,0,0
75,13,20,7,15,Y6082814,,,,0,30.0,0,0
75,13,20,7,16,Y6082815,,,,0,30.0,0,0
75,13,20,7,17,Y6082816,,,,0,30.0,0,0
75,13,20,7,18,Y6082817,,,,0,30.0,0,0
75,13,20,7,19,Y6082818,,,,0,30.0,0,0
75,13,20,7,20,Y6082819,,,,0,30.0,0,0
75,13,20,7,21,Y6082820,,,,0,30.0,0,0
75,13,20,7,22,Y6082821,,,,0,30.0,0,0
75,13,20,7,23,Y6082822,,,,0,30.0,0,0
75,13,20,7,24,Y6082823,,,,0,30.0,0,0
75,13,20,7,25,Y6082824,,,,0,30.0,0,0
75,13,20,7,26,Y6082825,,,,0,30.0,0,0
75,13,20,7,27,Y6082826,,,,0,30.0,0,0
75,13,20,7,28,Y6082827,,,,0,30.0,0,0
75,13,20,7,29,Y6082828,,,,0,30.0,0,0
75,13,20,7,30,Y6082829,,,,0,30.0,0,0
75,13,20,8,10,Y6082830,,,,0,30.0,0,0
75,13,20,8,11,Y6082831,,,,0,30.0,0,0
75,13,20,8,12,Y6082832,,,,0,30.0,0,0
75,13,20,8,13,Y6082833,,,,0,30.0,0,0
75,13,20,8,14,Y6082834,,,,0,30.0,0,0
75,13,20,8,15,Y6082835,,,,0,30.0,0,0
75,13,20,8,16,Y6082836,,,,0,30.0,0,0
75,13,20,8,17,Y6082837,,,,0,30.0,0,0
75,13,20,8,18,Y6082838,,,,0,30.0,0,0
75,13,20,8,19,Y6082839,,,,0,30.0,0,0
75,13,20,8,20,Y6082840,,,,0,30.0,0,0
75,13,20,8,21,Y6082841,,,,0,30.0,0,0
75,13,20,8,22,Y6082842,,,,0,30.0,0,0
75,13,20,8,23,Y6082843,,,,0,30.0,0,0
75,13,20,8,24,Y6082844,,,,0,30.0,0,0
75,13,20,8,25,Y6082845,,,,0,30.0,0,0
75,13,20,8,26,Y6082846,,,,0,30.0,0,0
75,13,20,8,27,Y6082847,,,,0,30.0,0,0
75,13,20,8,28,Y6082848,,,,0,30.0,0,0
75,13,20,8,29,Y6082849,,,,0,30.0,0,0
75,13,20,8,30,Y6082850,,,,0,30.0,0,0
75,13,20,9,10,Y6082851,,,,0,30.0,0,0
75,13,20,9,11,Y6082852,,,,0,30.0,0,0
75,13,20,9,12,Y6082853,,,,0,30.0,0,0
75,13,20,9,13,Y6082854,,,,0,30.0,0,0
75,13,20,9,14,Y6082855,,,,0,30.0,0,0
75,13,20,9,15,Y6082856,,,,0,30.0,0,0
75,13,20,9,16,Y6082857,,,,0,30.0,0,0
75,13,20,9,17,Y6082858,,,,0,30.0,0,0
75,13,20,9,18,Y6082859,,,,0,30.0,0,0
75,13,20,9,19,Y6082860,,,,0,30.0,0,0
75,13,20,9,20,Y6082861,,,,0,30.0,0,0
75,13,20,9,21,Y6082862,,,,0,30.0,0,0
75,13,20,9,22,Y6082863,,,,0,30.0,0,0
75,13,20,9,23,Y6082864,,,,0,30.0,0,0
75,13,20,9,24,Y6082865,,,,0,30.0,0,0
75,13,20,9,25,Y6082866,,,,0,30.0,0,0
75,13,20,9,26,Y6082867,,,,0,30.0,0,0
75,13,20,9,27,Y6082868,,,,0,30.0,0,0
75,13,20,9,28,Y6082869,,,,0,30.0,0,0
75,13,20,9,29,Y6082870,,,,0,30.0,0,0
75,13,20,9,30,Y6082871,,,,0,30.0,0,0
75,13,20,10,10,Y6082872,,,,0,30.0,0,0
75,13,20,10,11,Y6082873,,,,0,30.0,0,0
75,13,20,10,12,Y6082874,,,,0,30.0,0,0
75,13,20,10,13,Y6082875,,,,0,30.0,0,0
75,13,20,10,14,Y6082876,,,,0,30.0,0,0
75,13,20,10,15,Y6082877,,,,0,30.0,0,0
75,13,20,10,16,Y6082878,,,,0,30.0,0,0
75,13,20,10,17,Y6082879,,,,0,30.0,0,0
75,13,20,10,18,Y6082880,,,,0,30.0,0,0
75,13,20,10,19,Y6082881,,,,0,30.0,0,0
75,13,20,10,20,Y6082882,,,,0,30.0,0,0
75,13,20,10,21,Y6082883,,,,0,30.0,0,0
75,13,20,10,22,Y6082884,,,,0,30.0,0,0
75,13,20,10,23,Y6082885,,,,0,30.0,0,0
75,13,20,10,24,Y6082886,,,,0,30.0,0,0
75,13,20,10,25,Y6082887,,,,0,30.0,0,0
75,13,20,10,26,Y6082888,,,,0,30.0,0,0
75,13,20,10,27,Y6082889,,,,0,30.0,0,0
75,13,20,10,28,Y6082890,,,,0,30.0,0,0
75,13,20,10,29,Y6082891,,,,0,30.0,0,0
75,13,20,10,30,Y6082892,,,,0,30.0,0,0
75,13,20,11,10,Y6082893,,,,0,30.0,0,0
75,13,20,11,11,Y6082894,,,,0,30.0,0,0
75,13,20,11,12,Y6082895,,,,0,30.0,0,0
75,13,20,11,13,Y6082896,,,,0,30.0,0,0
75,13,20,11,14,Y6082897,,,,0,30.0,0,0
75,13,20,11,15,Y6082898,,,,0,30.0,0,0
75,13,20,11,16,Y6082899,,,,0,30.0,0,0
75,13,20,11,17,Y6082900,,,,0,30.0,0,0
75,13,20,11,18,Y6082901,,,,0,30.0,0,0
75,13,20,11,19,Y6082902,,,,0,30.0,0,0
75,13,20,11,20,Y6082903,,,,0,30.0,0,0
75,13,20,11,21,Y6082904,,,,0,30.0,0,0
75,13,20,11,22,Y6082905,,,,0,30.0,0,0
75,13,20,11,23,Y6082906,,,,0,30.0,0,0
75,13,20,11,24,Y6082907,,,,0,30.0,0,0
75,13,20,11,25,Y6082908,,,,0,30.0,0,0
75,13,20,11,26,Y6082909,,,,0,30.0,0,0
75,13,20,11,27,Y6082910,,,,0,30.0,0,0
75,13,20,11,28,Y6082911,,,,0,30.0,0,0
75,13,20,11,29,Y6082912,,,,0,30.0,0,0
75,13,20,11,30,Y6082913,,,,0,30.0,0,0
75,13,20,12,10,Y6082914,,,,0,30.0,0,0
75,13,20,12,11,Y6082915,,,,0,30.0,0,0
75,13,20,12,12,Y6082916,,,,0,30.0,0,0
75,13,20,12,13,Y6082917,,,,0,30.0,0,0
75,13,20,12,14,Y6082918,,,,0,30.0,0,0
75,13,20,12,15,Y6082919,,,,0,30.0,0,0
75,13,20,12,16,Y6082920,,,,0,30.0,0,0
75,13,20,12,17,Y6082921,,,,0,30.0,0,0
75,13,20,12,18,Y6082922,,,,0,30.0,0,0
75,13,20,12,19,Y6082923,,,,0,30.0,0,0
75,13,20,12,20,Y6082924,,,,0,30.0,0,0
75,13,20,12,21,Y6082925,,,,0,30.0,0,0
75,13,20,12,22,Y6082926,,,,0,30.0,0,0
75,13,20,12,23,Y6082927,,,,0,30.0,0,0
75,13,20,12,24,Y6082928,,,,0,30.0,0,0
75,13,20,12,25,Y6082929,,,,0,30.0,0,0
75,13,20,12,26,Y6082930,,,,0,30.0,0,0
75,13,20,12,27,Y6082931,,,,0,30.0,0,0
75,13,20,12,28,Y6082932,,,,0,30.0,0,0
75,13,20,12,29,Y6082933,,,,0,30.0,0,0
75,13,20,12,30,Y6082934,,,,0,30.0,0,0
75,13,21,1,10,Y6082935,,,,0,30.0,0,0
75,13,21,1,11,Y6082936,,,,0,30.0,0,0
75,13,21,1,12,Y6082937,,,,0,30.0,0,0
75,13,21,1,13,Y6082938,,,,0,30.0,0,0
75,13,21,1,14,Y6082939,,,,0,30.0,0,0
75,13,21,1,15,Y6082940,,,,0,30.0,0,0
75,13,21,1,16,Y6082941,,,,0,30.0,0,0
75,13,21,1,17,Y6082942,,,,0,30.0,0,0
75,13,21,1,18,Y6082943,,,,0,30.0,0,0
75,13,21,1,19,Y6082944,,,,0,30.0,0,0
75,13,21,1,20,Y6082945,,,,0,30.0,0,0
75,13,21,1,21,Y6082946,,,,0,30.0,0,0
75,13,21,1,22,Y6082947,,,,0,30.0,0,0
75,13,21,1,23,Y6082948,,,,0,30.0,0,0
75,13,21,1,24,Y6082949,,,,0,30.0,0,0
75,13,21,1,25,Y6082950,,,,0,30.0,0,0
75,13,21,1,26,Y6082951,,,,0,30.0,0,0
75,13,21,1,27,Y6082952,,,,0,30.0,0,0
75,13,21,1,28,Y6082953,,,,0,30.0,0,0
75,13,21,1,29,Y6082954,,,,0,30.0,0,0
75,13,21,1,30,Y6082955,,,,0,30.0,0,0
75,13,21,2,10,Y6082956,,,,0,30.0,0,0
75,13,21,2,11,Y6082957,,,,0,30.0,0,0
75,13,21,2,12,Y6082958,,,,0,30.0,0,0
75,13,21,2,13,Y6082959,,,,0,30.0,0,0
75,13,21,2,14,Y6082960,,,,0,30.0,0,0
75,13,21,2,15,Y6082961,,,,0,30.0,0,0
75,13,21,2,16,Y6082962,,,,0,30.0,0,0
75,13,21,2,17,Y6082963,,,,0,30.0,0,0
75,13,21,2,18,Y6082964,,,,0,30.0,0,0
75,13,21,2,19,Y6082965,,,,0,30.0,0,0
75,13,21,2,20,Y6082966,,,,0,30.0,0,0
75,13,21,2,21,Y6082967,,,,0,30.0,0,0
75,13,21,2,22,Y6082968,,,,0,30.0,0,0
75,13,21,2,23,Y6082969,,,,0,30.0,0,0
75,13,21,2,24,Y6082970,,,,0,30.0,0,0
75,13,21,2,25,Y6082971,,,,0,30.0,0,0
75,13,21,2,26,Y6082972,,,,0,30.0,0,0
75,13,21,2,27,Y6082973,,,,0,30.0,0,0
75,13,21,2,28,Y6082974,,,,0,30.0,0,0
75,13,21,2,29,Y6082975,,,,0,30.0,0,0
75,13,21,2,30,Y6082976,,,,0,30.0,0,0
75,13,21,3,10,Y6082977,,,,0,30.0,0,0
75,13,21,3,11,Y6082978,,,,0,30.0,0,0
75,13,21,3,12,Y6082979,,,,0,30.0,0,0
75,13,21,3,13,Y6082980,,,,0,30.0,0,0
75,13,21,3,14,Y6082981,,,,0,30.0,0,0
75,13,21,3,15,Y6082982,,,,0,30.0,0,0
75,13,21,3,16,Y6082983,,,,0,30.0,0,0
75,13,21,3,17,Y6082984,,,,0,30.0,0,0
75,13,21,3,18,Y6082985,,,,0,30.0,0,0
75,13,21,3,19,Y6082986,,,,0,30.0,0,0
75,13,21,3,20,Y6082987,,,,0,30.0,0,0
75,13,21,3,21,Y6082988,,,,0,30.0,0,0
75,13,21,3,22,Y6082989,,,,0,30.0,0,0
75,13,21,3,23,Y6082990,,,,0,30.0,0,0
75,13,21,3,24,Y6082991,,,,0,30.0,0,0
75,13,21,3,25,Y6082992,,,,0,30.0,0,0
75,13,21,3,26,Y6082993,,,,0,30.0,0,0
75,13,21,3,27,Y6082994,,,,0,30.0,0,0
75,13,21,3,28,Y6082995,,,,0,30.0,0,0
75,13,21,3,29,Y6082996,,,,0,30.0,0,0
75,13,21,3,30,Y6082997,,,,0,30.0,0,0
75,13,21,4,10,Y6082998,,,,0,30.0,0,0
75,13,21,4,11,Y6082999,,,,0,30.0,0,0
75,13,21,4,12,Y6083000,,,,0,30.0,0,0
75,13,21,4,13,Y6083001,,,,0,30.0,0,0
75,13,21,4,14,Y6083002,,,,0,30.0,0,0
75,13,21,4,15,Y6083003,,,,0,30.0,0,0
75,13,21,4,16,Y6083004,,,,0,30.0,0,0
75,13,21,4,17,Y6083005,,,,0,30.0,0,0
75,13,21,4,18,Y6083006,,,,0,30.0,0,0
75,13,21,4,19,Y6083007,,,,0,30.0,0,0
75,13,21,4,20,Y6083008,,,,0,30.0,0,0
75,13,21,4,21,Y6083009,,,,0,30.0,0,0
75,13,21,4,22,Y6083010,,,,0,30.0,0,0
75,13,21,4,23,Y6083011,,,,0,30.0,0,0
75,13,21,4,24,Y6083012,,,,0,30.0,0,0
75,13,21,4,25,Y6083013,,,,0,30.0,0,0
75,13,21,4,26,Y6083014,,,,0,30.0,0,0
75,13,21,4,27,Y6083015,,,,0,30.0,0,0
75,13,21,4,28,Y6083016,,,,0,30.0,0,0
75,13,21,4,29,Y6083017,,,,0,30.0,0,0
75,13,21,4,30,Y6083018,,,,0,30.0,0,0
75,13,21,5,10,Y6083019,,,,0,30.0,0,0
75,13,21,5,11,Y6083020,,,,0,30.0,0,0
75,13,21,5,12,Y6083021,,,,0,30.0,0,0
75,13,21,5,13,Y6083022,,,,0,30.0,0,0
75,13,21,5,14,Y6083023,,,,0,30.0,0,0
75,13,21,5,15,Y6083024,,,,0,30.0,0,0
75,13,21,5,16,Y6083025,,,,0,30.0,0,0
75,13,21,5,17,Y6083026,,,,0,30.0,0,0
75,13,21,5,18,Y6083027,,,,0,30.0,0,0
75,13,21,5,19,Y6083028,,,,0,30.0,0,0
75,13,21,5,20,Y6083029,,,,0,30.0,0,0
75,13,21,5,21,Y6083030,,,,0,30.0,0,0
75,13,21,5,22,Y6083031,,,,0,30.0,0,0
75,13,21,5,23,Y6083032,,,,0,30.0,0,0
75,13,21,5,24,Y6083033,,,,0,30.0,0,0
75,13,21,5,25,Y6083034,,,,0,30.0,0,0
75,13,21,5,26,Y6083035,,,,0,30.0,0,0
75,13,21,5,27,Y6083036,,,,0,30.0,0,0
75,13,21,5,28,Y6083037,,,,0,30.0,0,0
75,13,21,5,29,Y6083038,,,,0,30.0,0,0
75,13,21,5,30,Y6083039,,,,0,30.0,0,0
75,13,21,6,10,Y6083040,,,,0,30.0,0,0
75,13,21,6,11,Y6083041,,,,0,30.0,0,0
75,13,21,6,12,Y6083042,,,,0,30.0,0,0
75,13,21,6,13,Y6083043,,,,0,30.0,0,0
75,13,21,6,14,Y6083044,,,,0,30.0,0,0
75,13,21,6,15,Y6083045,,,,0,30.0,0,0
75,13,21,6,16,Y6083046,,,,0,30.0,0,0
75,13,21,6,17,Y6083047,,,,0,30.0,0,0
75,13,21,6,18,Y6083048,,,,0,30.0,0,0
75,13,21,6,19,Y6083049,,,,0,30.0,0,0
75,13,21,6,20,Y6083050,,,,0,30.0,0,0
75,13,21,6,21,Y6083051,,,,0,30.0,0,0
75,13,21,6,22,Y6083052,,,,0,30.0,0,0
75,13,21,6,23,Y6083053,,,,0,30.0,0,0
75,13,21,6,24,Y6083054,,,,0,30.0,0,0
75,13,21,6,25,Y6083055,,,,0,30.0,0,0
75,13,21,6,26,Y6083056,,,,0,30.0,0,0
75,13,21,6,27,Y6083057,,,,0,30.0,0,0
75,13,21,6,28,Y6083058,,,,0,30.0,0,0
75,13,21,6,29,Y6083059,,,,0,30.0,0,0
75,13,21,6,30,Y6083060,,,,0,30.0,0,0
75,13,21,7,10,Y6083061,,,,0,30.0,0,0
75,13,21,7,11,Y6083062,,,,0,30.0,0,0
75,13,21,7,12,Y6083063,,,,0,30.0,0,0
75,13,21,7,13,Y6083064,,,,0,30.0,0,0
75,13,21,7,14,Y6083065,,,,0,30.0,0,0
75,13,21,7,15,Y6083066,,,,0,30.0,0,0
75,13,21,7,16,Y6083067,,,,0,30.0,0,0
75,13,21,7,17,Y6083068,,,,0,30.0,0,0
75,13,21,7,18,Y6083069,,,,0,30.0,0,0
75,13,21,7,19,Y6083070,,,,0,30.0,0,0
75,13,21,7,20,Y6083071,,,,0,30.0,0,0
75,13,21,7,21,Y6083072,,,,0,30.0,0,0
75,13,21,7,22,Y6083073,,,,0,30.0,0,0
75,13,21,7,23,Y6083074,,,,0,30.0,0,0
75,13,21,7,24,Y6083075,,,,0,30.0,0,0
75,13,21,7,25,Y6083076,,,,0,30.0,0,0
75,13,21,7,26,Y6083077,,,,0,30.0,0,0
75,13,21,7,27,Y6083078,,,,0,30.0,0,0
75,13,21,7,28,Y6083079,,,,0,30.0,0,0
75,13,21,7,29,Y6083080,,,,0,30.0,0,0
75,13,21,7,30,Y6083081,,,,0,30.0,0,0
75,13,21,8,10,Y6083082,,,,0,30.0,0,0
75,13,21,8,11,Y6083083,,,,0,30.0,0,0
75,13,21,8,12,Y6083084,,,,0,30.0,0,0
75,13,21,8,13,Y6083085,,,,0,30.0,0,0
75,13,21,8,14,Y6083086,,,,0,30.0,0,0
75,13,21,8,15,Y6083087,,,,0,30.0,0,0
75,13,21,8,16,Y6083088,,,,0,30.0,0,0
75,13,21,8,17,Y6083089,,,,0,30.0,0,0
75,13,21,8,18,Y6083090,,,,0,30.0,0,0
75,13,21,8,19,Y6083091,,,,0,30.0,0,0
75,13,21,8,20,Y6083092,,,,0,30.0,0,0
75,13,21,8,21,Y6083093,,,,0,30.0,0,0
75,13,21,8,22,Y6083094,,,,0,30.0,0,0
75,13,21,8,23,Y6083095,,,,0,30.0,0,0
75,13,21,8,24,Y6083096,,,,0,30.0,0,0
75,13,21,8,25,Y6083097,,,,0,30.0,0,0
75,13,21,8,26,Y6083098,,,,0,30.0,0,0
75,13,21,8,27,Y6083099,,,,0,30.0,0,0
75,13,21,8,28,Y6083100,,,,0,30.0,0,0
75,13,21,8,29,Y6083101,,,,0,30.0,0,0
75,13,21,8,30,Y6083102,,,,0,30.0,0,0
75,13,21,9,10,Y6083103,,,,0,30.0,0,0
75,13,21,9,11,Y6083104,,,,0,30.0,0,0
75,13,21,9,12,Y6083105,,,,0,30.0,0,0
75,13,21,9,13,Y6083106,,,,0,30.0,0,0
75,13,21,9,14,Y6083107,,,,0,30.0,0,0
75,13,21,9,15,Y6083108,,,,0,30.0,0,0
75,13,21,9,16,Y6083109,,,,0,30.0,0,0
75,13,21,9,17,Y6083110,,,,0,30.0,0,0
75,13,21,9,18,Y6083111,,,,0,30.0,0,0
75,13,21,9,19,Y6083112,,,,0,30.0,0,0
75,13,21,9,20,Y6083113,,,,0,30.0,0,0
75,13,21,9,21,Y6083114,,,,0,30.0,0,0
75,13,21,9,22,Y6083115,,,,0,30.0,0,0
75,13,21,9,23,Y6083116,,,,0,30.0,0,0
75,13,21,9,24,Y6083117,,,,0,30.0,0,0
75,13,21,9,25,Y6083118,,,,0,30.0,0,0
75,13,21,9,26,Y6083119,,,,0,30.0,0,0
75,13,21,9,27,Y6083120,,,,0,30.0,0,0
75,13,21,9,28,Y6083121,,,,0,30.0,0,0
75,13,21,9,29,Y6083122,,,,0,30.0,0,0
75,13,21,9,30,Y6083123,,,,0,30.0,0,0
75,13,21,10,10,Y6083124,,,,0,30.0,0,0
75,13,21,10,11,Y6083125,,,,0,30.0,0,0
75,13,21,10,12,Y6083126,,,,0,30.0,0,0
75,13,21,10,13,Y6083127,,,,0,30.0,0,0
75,13,21,10,14,Y6083128,,,,0,30.0,0,0
75,13,21,10,15,Y6083129,,,,0,30.0,0,0
75,13,21,10,16,Y6083130,,,,0,30.0,0,0
75,13,21,10,17,Y6083131,,,,0,30.0,0,0
75,13,21,10,18,Y6083132,,,,0,30.0,0,0
75,13,21,10,19,Y6083133,,,,0,30.0,0,0
75,13,21,10,20,Y6083134,,,,0,30.0,0,0
75,13,21,10,21,Y6083135,,,,0,30.0,0,0
75,13,21,10,22,Y6083136,,,,0,30.0,0,0
75,13,21,10,23,Y6083137,,,,0,30.0,0,0
75,13,21,10,24,Y6083138,,,,0,30.0,0,0
75,13,21,10,25,Y6083139,,,,0,30.0,0,0
75,13,21,10,26,Y6083140,,,,0,30.0,0,0
75,13,21,10,27,Y6083141,,,,0,30.0,0,0
75,13,21,10,28,Y6083142,,,,0,30.0,0,0
75,13,21,10,29,Y6083143,,,,0,30.0,0,0
75,13,21,10,30,Y6083144,,,,0,30.0,0,0
75,13,21,11,10,Y6083145,,,,0,30.0,0,0
75,13,21,11,11,Y6083146,,,,0,30.0,0,0
75,13,21,11,12,Y6083147,,,,0,30.0,0,0
75,13,21,11,13,Y6083148,,,,0,30.0,0,0
75,13,21,11,14,Y6083149,,,,0,30.0,0,0
75,13,21,11,15,Y6083150,,,,0,30.0,0,0
75,13,21,11,16,Y6083151,,,,0,30.0,0,0
75,13,21,11,17,Y6083152,,,,0,30.0,0,0
75,13,21,11,18,Y6083153,,,,0,30.0,0,0
75,13,21,11,19,Y6083154,,,,0,30.0,0,0
75,13,21,11,20,Y6083155,,,,0,30.0,0,0
75,13,21,11,21,Y6083156,,,,0,30.0,0,0
75,13,21,11,22,Y6083157,,,,0,30.0,0,0
75,13,21,11,23,Y6083158,,,,0,30.0,0,0
75,13,21,11,24,Y6083159,,,,0,30.0,0,0
75,13,21,11,25,Y6083160,,,,0,30.0,0,0
75,13,21,11,26,Y6083161,,,,0,30.0,0,0
75,13,21,11,27,Y6083162,,,,0,30.0,0,0
75,13,21,11,28,Y6083163,,,,0,30.0,0,0
75,13,21,11,29,Y6083164,,,,0,30.0,0,0
75,13,21,11,30,Y6083165,,,,0,30.0,0,0
75,13,21,12,10,Y6083166,,,,0,30.0,0,0
75,13,21,12,11,Y6083167,,,,0,30.0,0,0
75,13,21,12,12,Y6083168,,,,0,30.0,0,0
75,13,21,12,13,Y6083169,,,,0,30.0,0,0
75,13,21,12,14,Y6083170,,,,0,30.0,0,0
75,13,21,12,15,Y6083171,,,,0,30.0,0,0
75,13,21,12,16,Y6083172,,,,0,30.0,0,0
75,13,21,12,17,Y6083173,,,,0,30.0,0,0
75,13,21,12,18,Y6083174,,,,0,30.0,0,0
75,13,21,12,19,Y6083175,,,,0,30.0,0,0
75,13,21,12,20,Y6083176,,,,0,30.0,0,0
75,13,21,12,21,Y6083177,,,,0,30.0,0,0
75,13,21,12,22,Y6083178,,,,0,30.0,0,0
75,13,21,12,23,Y6083179,,,,0,30.0,0,0
75,13,21,12,24,Y6083180,,,,0,30.0,0,0
75,13,21,12,25,Y6083181,,,,0,30.0,0,0
75,13,21,12,26,Y6083182,,,,0,30.0,0,0
75,13,21,12,27,Y6083183,,,,0,30.0,0,0
75,13,21,12,28,Y6083184,,,,0,30.0,0,0
75,13,21,12,29,Y6083185,,,,0,30.0,0,0
75,13,21,12,30,Y6083186,,,,0,30.0,0,0
75,13,22,1,10,Y6083187,,,,0,30.0,0,0
75,13,22,1,11,Y6083188,,,,0,30.0,0,0
75,13,22,1,12,Y6083189,,,,0,30.0,0,0
75,13,22,1,13,Y6083190,,,,0,30.0,0,0
75,13,22,1,14,Y6083191,,,,0,30.0,0,0
75,13,22,1,15,Y6083192,,,,0,30.0,0,0
75,13,22,1,16,Y6083193,,,,0,30.0,0,0
75,13,22,1,17,Y6083194,,,,0,30.0,0,0
75,13,22,1,18,Y6083195,,,,0,30.0,0,0
75,13,22,1,19,Y6083196,,,,0,30.0,0,0
75,13,22,1,20,Y6083197,,,,0,30.0,0,0
75,13,22,1,21,Y6083198,,,,0,30.0,0,0
75,13,22,1,22,Y6083199,,,,0,30.0,0,0
75,13,22,1,23,Y6083200,,,,0,30.0,0,0
75,13,22,1,24,Y6083201,,,,0,30.0,0,0
75,13,22,1,25,Y6083202,,,,0,30.0,0,0
75,13,22,1,26,Y6083203,,,,0,30.0,0,0
75,13,22,1,27,Y6083204,,,,0,30.0,0,0
75,13,22,1,28,Y6083205,,,,0,30.0,0,0
75,13,22,1,29,Y6083206,,,,0,30.0,0,0
75,13,22,1,30,Y6083207,,,,0,30.0,0,0
75,13,22,2,10,Y6083208,,,,0,30.0,0,0
75,13,22,2,11,Y6083209,,,,0,30.0,0,0
75,13,22,2,12,Y6083210,,,,0,30.0,0,0
75,13,22,2,13,Y6083211,,,,0,30.0,0,0
75,13,22,2,14,Y6083212,,,,0,30.0,0,0
75,13,22,2,15,Y6083213,,,,0,30.0,0,0
75,13,22,2,16,Y6083214,,,,0,30.0,0,0
75,13,22,2,17,Y6083215,,,,0,30.0,0,0
75,13,22,2,18,Y6083216,,,,0,30.0,0,0
75,13,22,2,19,Y6083217,,,,0,30.0,0,0
75,13,22,2,20,Y6083218,,,,0,30.0,0,0
75,13,22,2,21,Y6083219,,,,0,30.0,0,0
75,13,22,2,22,Y6083220,,,,0,30.0,0,0
75,13,22,2,23,Y6083221,,,,0,30.0,0,0
75,13,22,2,24,Y6083222,,,,0,30.0,0,0
75,13,22,2,25,Y6083223,,,,0,30.0,0,0
75,13,22,2,26,Y6083224,,,,0,30.0,0,0
75,13,22,2,27,Y6083225,,,,0,30.0,0,0
75,13,22,2,28,Y6083226,,,,0,30.0,0,0
75,13,22,2,29,Y6083227,,,,0,30.0,0,0
75,13,22,2,30,Y6083228,,,,0,30.0,0,0
75,13,22,3,10,Y6083229,,,,0,30.0,0,0
75,13,22,3,11,Y6083230,,,,0,30.0,0,0
75,13,22,3,12,Y6083231,,,,0,30.0,0,0
75,13,22,3,13,Y6083232,,,,0,30.0,0,0
75,13,22,3,14,Y6083233,,,,0,30.0,0,0
75,13,22,3,15,Y6083234,,,,0,30.0,0,0
75,13,22,3,16,Y6083235,,,,0,30.0,0,0
75,13,22,3,17,Y6083236,,,,0,30.0,0,0
75,13,22,3,18,Y6083237,,,,0,30.0,0,0
75,13,22,3,19,Y6083238,,,,0,30.0,0,0
75,13,22,3,20,Y6083239,,,,0,30.0,0,0
75,13,22,3,21,Y6083240,,,,0,30.0,0,0
75,13,22,3,22,Y6083241,,,,0,30.0,0,0
75,13,22,3,23,Y6083242,,,,0,30.0,0,0
75,13,22,3,24,Y6083243,,,,0,30.0,0,0
75,13,22,3,25,Y6083244,,,,0,30.0,0,0
75,13,22,3,26,Y6083245,,,,0,30.0,0,0
75,13,22,3,27,Y6083246,,,,0,30.0,0,0
75,13,22,3,28,Y6083247,,,,0,30.0,0,0
75,13,22,3,29,Y6083248,,,,0,30.0,0,0
75,13,22,3,30,Y6083249,,,,0,30.0,0,0
75,13,22,4,10,Y6083250,,,,0,30.0,0,0
75,13,22,4,11,Y6083251,,,,0,30.0,0,0
75,13,22,4,12,Y6083252,,,,0,30.0,0,0
75,13,22,4,13,Y6083253,,,,0,30.0,0,0
75,13,22,4,14,Y6083254,,,,0,30.0,0,0
75,13,22,4,15,Y6083255,,,,0,30.0,0,0
75,13,22,4,16,Y6083256,,,,0,30.0,0,0
75,13,22,4,17,Y6083257,,,,0,30.0,0,0
75,13,22,4,18,Y6083258,,,,0,30.0,0,0
75,13,22,4,19,Y6083259,,,,0,30.0,0,0
75,13,22,4,20,Y6083260,,,,0,30.0,0,0
75,13,22,4,21,Y6083261,,,,0,30.0,0,0
75,13,22,4,22,Y6083262,,,,0,30.0,0,0
75,13,22,4,23,Y6083263,,,,0,30.0,0,0
75,13,22,4,24,Y6083264,,,,0,30.0,0,0
75,13,22,4,25,Y6083265,,,,0,30.0,0,0
75,13,22,4,26,Y6083266,,,,0,30.0,0,0
75,13,22,4,27,Y6083267,,,,0,30.0,0,0
75,13,22,4,28,Y6083268,,,,0,30.0,0,0
75,13,22,4,29,Y6083269,,,,0,30.0,0,0
75,13,22,4,30,Y6083270,,,,0,30.0,0,0
75,13,22,5,10,Y6083271,,,,0,30.0,0,0
75,13,22,5,11,Y6083272,,,,0,30.0,0,0
75,13,22,5,12,Y6083273,,,,0,30.0,0,0
75,13,22,5,13,Y6083274,,,,0,30.0,0,0
75,13,22,5,14,Y6083275,,,,0,30.0,0,0
75,13,22,5,15,Y6083276,,,,0,30.0,0,0
75,13,22,5,16,Y6083277,,,,0,30.0,0,0
75,13,22,5,17,Y6083278,,,,0,30.0,0,0
75,13,22,5,18,Y6083279,,,,0,30.0,0,0
75,13,22,5,19,Y6083280,,,,0,30.0,0,0
75,13,22,5,20,Y6083281,,,,0,30.0,0,0
75,13,22,5,21,Y6083282,,,,0,30.0,0,0
75,13,22,5,22,Y6083283,,,,0,30.0,0,0
75,13,22,5,23,Y6083284,,,,0,30.0,0,0
75,13,22,5,24,Y6083285,,,,0,30.0,0,0
75,13,22,5,25,Y6083286,,,,0,30.0,0,0
75,13,22,5,26,Y6083287,,,,0,30.0,0,0
75,13,22,5,27,Y6083288,,,,0,30.0,0,0
75,13,22,5,28,Y6083289,,,,0,30.0,0,0
75,13,22,5,29,Y6083290,,,,0,30.0,0,0
75,13,22,5,30,Y6083291,,,,0,30.0,0,0
75,13,22,6,10,Y6083292,,,,0,30.0,0,0
75,13,22,6,11,Y6083293,,,,0,30.0,0,0
75,13,22,6,12,Y6083294,,,,0,30.0,0,0
75,13,22,6,13,Y6083295,,,,0,30.0,0,0
75,13,22,6,14,Y6083296,,,,0,30.0,0,0
75,13,22,6,15,Y6083297,,,,0,30.0,0,0
75,13,22,6,16,Y6083298,,,,0,30.0,0,0
75,13,22,6,17,Y6083299,,,,0,30.0,0,0
75,13,22,6,18,Y6083300,,,,0,30.0,0,0
75,13,22,6,19,Y6083301,,,,0,30.0,0,0
75,13,22,6,20,Y6083302,,,,0,30.0,0,0
75,13,22,6,21,Y6083303,,,,0,30.0,0,0
75,13,22,6,22,Y6083304,,,,0,30.0,0,0
75,13,22,6,23,Y6083305,,,,0,30.0,0,0
75,13,22,6,24,Y6083306,,,,0,30.0,0,0
75,13,22,6,25,Y6083307,,,,0,30.0,0,0
75,13,22,6,26,Y6083308,,,,0,30.0,0,0
75,13,22,6,27,Y6083309,,,,0,30.0,0,0
75,13,22,6,28,Y6083310,,,,0,30.0,0,0
75,13,22,6,29,Y6083311,,,,0,30.0,0,0
75,13,22,6,30,Y6083312,,,,0,30.0,0,0
75,13,22,7,10,Y6083313,,,,0,30.0,0,0
75,13,22,7,11,Y6083314,,,,0,30.0,0,0
75,13,22,7,12,Y6083315,,,,0,30.0,0,0
75,13,22,7,13,Y6083316,,,,0,30.0,0,0
75,13,22,7,14,Y6083317,,,,0,30.0,0,0
75,13,22,7,15,Y6083318,,,,0,30.0,0,0
75,13,22,7,16,Y6083319,,,,0,30.0,0,0
75,13,22,7,17,Y6083320,,,,0,30.0,0,0
75,13,22,7,18,Y6083321,,,,0,30.0,0,0
75,13,22,7,19,Y6083322,,,,0,30.0,0,0
75,13,22,7,20,Y6083323,,,,0,30.0,0,0
75,13,22,7,21,Y6083324,,,,0,30.0,0,0
75,13,22,7,22,Y6083325,,,,0,30.0,0,0
75,13,22,7,23,Y6083326,,,,0,30.0,0,0
75,13,22,7,24,Y6083327,,,,0,30.0,0,0
75,13,22,7,25,Y6083328,,,,0,30.0,0,0
75,13,22,7,26,Y6083329,,,,0,30.0,0,0
75,13,22,7,27,Y6083330,,,,0,30.0,0,0
75,13,22,7,28,Y6083331,,,,0,30.0,0,0
75,13,22,7,29,Y6083332,,,,0,30.0,0,0
75,13,22,7,30,Y6083333,,,,0,30.0,0,0
75,13,22,8,10,Y6083334,,,,0,30.0,0,0
75,13,22,8,11,Y6083335,,,,0,30.0,0,0
75,13,22,8,12,Y6083336,,,,0,30.0,0,0
75,13,22,8,13,Y6083337,,,,0,30.0,0,0
75,13,22,8,14,Y6083338,,,,0,30.0,0,0
75,13,22,8,15,Y6083339,,,,0,30.0,0,0
75,13,22,8,16,Y6083340,,,,0,30.0,0,0
75,13,22,8,17,Y6083341,,,,0,30.0,0,0
75,13,22,8,18,Y6083342,,,,0,30.0,0,0
75,13,22,8,19,Y6083343,,,,0,30.0,0,0
75,13,22,8,20,Y6083344,,,,0,30.0,0,0
75,13,22,8,21,Y6083345,,,,0,30.0,0,0
75,13,22,8,22,Y6083346,,,,0,30.0,0,0
75,13,22,8,23,Y6083347,,,,0,30.0,0,0
75,13,22,8,24,Y6083348,,,,0,30.0,0,0
75,13,22,8,25,Y6083349,,,,0,30.0,0,0
75,13,22,8,26,Y6083350,,,,0,30.0,0,0
75,13,22,8,27,Y6083351,,,,0,30.0,0,0
75,13,22,8,28,Y6083352,,,,0,30.0,0,0
75,13,22,8,29,Y6083353,,,,0,30.0,0,0
75,13,22,8,30,Y6083354,,,,0,30.0,0,0
75,13,22,9,10,Y6083355,,,,0,30.0,0,0
75,13,22,9,11,Y6083356,,,,0,30.0,0,0
75,13,22,9,12,Y6083357,,,,0,30.0,0,0
75,13,22,9,13,Y6083358,,,,0,30.0,0,0
75,13,22,9,14,Y6083359,,,,0,30.0,0,0
75,13,22,9,15,Y6083360,,,,0,30.0,0,0
75,13,22,9,16,Y6083361,,,,0,30.0,0,0
75,13,22,9,17,Y6083362,,,,0,30.0,0,0
75,13,22,9,18,Y6083363,,,,0,30.0,0,0
75,13,22,9,19,Y6083364,,,,0,30.0,0,0
75,13,22,9,20,Y6083365,,,,0,30.0,0,0
75,13,22,9,21,Y6083366,,,,0,30.0,0,0
75,13,22,9,22,Y6083367,,,,0,30.0,0,0
75,13,22,9,23,Y6083368,,,,0,30.0,0,0
75,13,22,9,24,Y6083369,,,,0,30.0,0,0
75,13,22,9,25,Y6083370,,,,0,30.0,0,0
75,13,22,9,26,Y6083371,,,,0,30.0,0,0
75,13,22,9,27,Y6083372,,,,0,30.0,0,0
75,13,22,9,28,Y6083373,,,,0,30.0,0,0
75,13,22,9,29,Y6083374,,,,0,30.0,0,0
75,13,22,9,30,Y6083375,,,,0,30.0,0,0
75,13,22,10,10,Y6083376,,,,0,30.0,0,0
75,13,22,10,11,Y6083377,,,,0,30.0,0,0
75,13,22,10,12,Y6083378,,,,0,30.0,0,0
75,13,22,10,13,Y6083379,,,,0,30.0,0,0
75,13,22,10,14,Y6083380,,,,0,30.0,0,0
75,13,22,10,15,Y6083381,,,,0,30.0,0,0
75,13,22,10,16,Y6083382,,,,0,30.0,0,0
75,13,22,10,17,Y6083383,,,,0,30.0,0,0
75,13,22,10,18,Y6083384,,,,0,30.0,0,0
75,13,22,10,19,Y6083385,,,,0,30.0,0,0
75,13,22,10,20,Y6083386,,,,0,30.0,0,0
75,13,22,10,21,Y6083387,,,,0,30.0,0,0
75,13,22,10,22,Y6083388,,,,0,30.0,0,0
75,13,22,10,23,Y6083389,,,,0,30.0,0,0
75,13,22,10,24,Y6083390,,,,0,30.0,0,0
75,13,22,10,25,Y6083391,,,,0,30.0,0,0
75,13,22,10,26,Y6083392,,,,0,30.0,0,0
75,13,22,10,27,Y6083393,,,,0,30.0,0,0
75,13,22,10,28,Y6083394,,,,0,30.0,0,0
75,13,22,10,29,Y6083395,,,,0,30.0,0,0
75,13,22,10,30,Y6083396,,,,0,30.0,0,0
75,13,22,11,10,Y6083397,,,,0,30.0,0,0
75,13,22,11,11,Y6083398,,,,0,30.0,0,0
75,13,22,11,12,Y6083399,,,,0,30.0,0,0
75,13,22,11,13,Y6083400,,,,0,30.0,0,0
75,13,22,11,14,Y6083401,,,,0,30.0,0,0
75,13,22,11,15,Y6083402,,,,0,30.0,0,0
75,13,22,11,16,Y6083403,,,,0,30.0,0,0
75,13,22,11,17,Y6083404,,,,0,30.0,0,0
75,13,22,11,18,Y6083405,,,,0,30.0,0,0
75,13,22,11,19,Y6083406,,,,0,30.0,0,0
75,13,22,11,20,Y6083407,,,,0,30.0,0,0
75,13,22,11,21,Y6083408,,,,0,30.0,0,0
75,13,22,11,22,Y6083409,,,,0,30.0,0,0
75,13,22,11,23,Y6083410,,,,0,30.0,0,0
75,13,22,11,24,Y6083411,,,,0,30.0,0,0
75,13,22,11,25,Y6083412,,,,0,30.0,0,0
75,13,22,11,26,Y6083413,,,,0,30.0,0,0
75,13,22,11,27,Y6083414,,,,0,30.0,0,0
75,13,22,11,28,Y6083415,,,,0,30.0,0,0
75,13,22,11,29,Y6083416,,,,0,30.0,0,0
75,13,22,11,30,Y6083417,,,,0,30.0,0,0
75,13,22,12,10,Y6083418,,,,0,30.0,0,0
75,13,22,12,11,Y6083419,,,,0,30.0,0,0
75,13,22,12,12,Y6083420,,,,0,30.0,0,0
75,13,22,12,13,Y6083421,,,,0,30.0,0,0
75,13,22,12,14,Y6083422,,,,0,30.0,0,0
75,13,22,12,15,Y6083423,,,,0,30.0,0,0
75,13,22,12,16,Y6083424,,,,0,30.0,0,0
75,13,22,12,17,Y6083425,,,,0,30.0,0,0
75,13,22,12,18,Y6083426,,,,0,30.0,0,0
75,13,22,12,19,Y6083427,,,,0,30.0,0,0
75,13,22,12,20,Y6083428,,,,0,30.0,0,0
75,13,22,12,21,Y6083429,,,,0,30.0,0,0
75,13,22,12,22,Y6083430,,,,0,30.0,0,0
75,13,22,12,23,Y6083431,,,,0,30.0,0,0
75,13,22,12,24,Y6083432,,,,0,30.0,0,0
75,13,22,12,25,Y6083433,,,,0,30.0,0,0
75,13,22,12,26,Y6083434,,,,0,30.0,0,0
75,13,22,12,27,Y6083435,,,,0,30.0,0,0
75,13,22,12,28,Y6083436,,,,0,30.0,0,0
75,13,22,12,29,Y6083437,,,,0,30.0,0,0
75,13,22,12,30,Y6083438,,,,0,30.0,0,0
75,13,23,1,10,Y6083439,,,,0,30.0,0,0
75,13,23,1,11,Y6083440,,,,0,30.0,0,0
75,13,23,1,12,Y6083441,,,,0,30.0,0,0
75,13,23,1,13,Y6083442,,,,0,30.0,0,0
75,13,23,1,14,Y6083443,,,,0,30.0,0,0
75,13,23,1,15,Y6083444,,,,0,30.0,0,0
75,13,23,1,16,Y6083445,,,,0,30.0,0,0
75,13,23,1,17,Y6083446,,,,0,30.0,0,0
75,13,23,1,18,Y6083447,,,,0,30.0,0,0
75,13,23,1,19,Y6083448,,,,0,30.0,0,0
75,13,23,1,20,Y6083449,,,,0,30.0,0,0
75,13,23,1,21,Y6083450,,,,0,30.0,0,0
75,13,23,1,22,Y6083451,,,,0,30.0,0,0
75,13,23,1,23,Y6083452,,,,0,30.0,0,0
75,13,23,1,24,Y6083453,,,,0,30.0,0,0
75,13,23,1,25,Y6083454,,,,0,30.0,0,0
75,13,23,1,26,Y6083455,,,,0,30.0,0,0
75,13,23,1,27,Y6083456,,,,0,30.0,0,0
75,13,23,1,28,Y6083457,,,,0,30.0,0,0
75,13,23,1,29,Y6083458,,,,0,30.0,0,0
75,13,23,1,30,Y6083459,,,,0,30.0,0,0
75,13,23,2,10,Y6083460,,,,0,30.0,0,0
75,13,23,2,11,Y6083461,,,,0,30.0,0,0
75,13,23,2,12,Y6083462,,,,0,30.0,0,0
75,13,23,2,13,Y6083463,,,,0,30.0,0,0
75,13,23,2,14,Y6083464,,,,0,30.0,0,0
75,13,23,2,15,Y6083465,,,,0,30.0,0,0
75,13,23,2,16,Y6083466,,,,0,30.0,0,0
75,13,23,2,17,Y6083467,,,,0,30.0,0,0
75,13,23,2,18,Y6083468,,,,0,30.0,0,0
75,13,23,2,19,Y6083469,,,,0,30.0,0,0
75,13,23,2,20,Y6083470,,,,0,30.0,0,0
75,13,23,2,21,Y6083471,,,,0,30.0,0,0
75,13,23,2,22,Y6083472,,,,0,30.0,0,0
75,13,23,2,23,Y6083473,,,,0,30.0,0,0
75,13,23,2,24,Y6083474,,,,0,30.0,0,0
75,13,23,2,25,Y6083475,,,,0,30.0,0,0
75,13,23,2,26,Y6083476,,,,0,30.0,0,0
75,13,23,2,27,Y6083477,,,,0,30.0,0,0
75,13,23,2,28,Y6083478,,,,0,30.0,0,0
75,13,23,2,29,Y6083479,,,,0,30.0,0,0
75,13,23,2,30,Y6083480,,,,0,30.0,0,0
75,13,23,3,10,Y6083481,,,,0,30.0,0,0
75,13,23,3,11,Y6083482,,,,0,30.0,0,0
75,13,23,3,12,Y6083483,,,,0,30.0,0,0
75,13,23,3,13,Y6083484,,,,0,30.0,0,0
75,13,23,3,14,Y6083485,,,,0,30.0,0,0
75,13,23,3,15,Y6083486,,,,0,30.0,0,0
75,13,23,3,16,Y6083487,,,,0,30.0,0,0
75,13,23,3,17,Y6083488,,,,0,30.0,0,0
75,13,23,3,18,Y6083489,,,,0,30.0,0,0
75,13,23,3,19,Y6083490,,,,0,30.0,0,0
75,13,23,3,20,Y6083491,,,,0,30.0,0,0
75,13,23,3,21,Y6083492,,,,0,30.0,0,0
75,13,23,3,22,Y6083493,,,,0,30.0,0,0
75,13,23,3,23,Y6083494,,,,0,30.0,0,0
75,13,23,3,24,Y6083495,,,,0,30.0,0,0
75,13,23,3,25,Y6083496,,,,0,30.0,0,0
75,13,23,3,26,Y6083497,,,,0,30.0,0,0
75,13,23,3,27,Y6083498,,,,0,30.0,0,0
75,13,23,3,28,Y6083499,,,,0,30.0,0,0
75,13,23,3,29,Y6083500,,,,0,30.0,0,0
75,13,23,3,30,Y6083501,,,,0,30.0,0,0
75,13,23,4,10,Y6083502,,,,0,30.0,0,0
75,13,23,4,11,Y6083503,,,,0,30.0,0,0
75,13,23,4,12,Y6083504,,,,0,30.0,0,0
75,13,23,4,13,Y6083505,,,,0,30.0,0,0
75,13,23,4,14,Y6083506,,,,0,30.0,0,0
75,13,23,4,15,Y6083507,,,,0,30.0,0,0
75,13,23,4,16,Y6083508,,,,0,30.0,0,0
75,13,23,4,17,Y6083509,,,,0,30.0,0,0
75,13,23,4,18,Y6083510,,,,0,30.0,0,0
75,13,23,4,19,Y6083511,,,,0,30.0,0,0
75,13,23,4,20,Y6083512,,,,0,30.0,0,0
75,13,23,4,21,Y6083513,,,,0,30.0,0,0
75,13,23,4,22,Y6083514,,,,0,30.0,0,0
75,13,23,4,23,Y6083515,,,,0,30.0,0,0
75,13,23,4,24,Y6083516,,,,0,30.0,0,0
75,13,23,4,25,Y6083517,,,,0,30.0,0,0
75,13,23,4,26,Y6083518,,,,0,30.0,0,0
75,13,23,4,27,Y6083519,,,,0,30.0,0,0
75,13,23,4,28,Y6083520,,,,0,30.0,0,0
75,13,23,4,29,Y6083521,,,,0,30.0,0,0
75,13,23,4,30,Y6083522,,,,0,30.0,0,0
75,13,23,5,10,Y6083523,,,,0,30.0,0,0
75,13,23,5,11,Y6083524,,,,0,30.0,0,0
75,13,23,5,12,Y6083525,,,,0,30.0,0,0
75,13,23,5,13,Y6083526,,,,0,30.0,0,0
75,13,23,5,14,Y6083527,,,,0,30.0,0,0
75,13,23,5,15,Y6083528,,,,0,30.0,0,0
75,13,23,5,16,Y6083529,,,,0,30.0,0,0
75,13,23,5,17,Y6083530,,,,0,30.0,0,0
75,13,23,5,18,Y6083531,,,,0,30.0,0,0
75,13,23,5,19,Y6083532,,,,0,30.0,0,0
75,13,23,5,20,Y6083533,,,,0,30.0,0,0
75,13,23,5,21,Y6083534,,,,0,30.0,0,0
75,13,23,5,22,Y6083535,,,,0,30.0,0,0
75,13,23,5,23,Y6083536,,,,0,30.0,0,0
75,13,23,5,24,Y6083537,,,,0,30.0,0,0
75,13,23,5,25,Y6083538,,,,0,30.0,0,0
75,13,23,5,26,Y6083539,,,,0,30.0,0,0
75,13,23,5,27,Y6083540,,,,0,30.0,0,0
75,13,23,5,28,Y6083541,,,,0,30.0,0,0
75,13,23,5,29,Y6083542,,,,0,30.0,0,0
75,13,23,5,30,Y6083543,,,,0,30.0,0,0
75,13,23,6,10,Y6083544,,,,0,30.0,0,0
75,13,23,6,11,Y6083545,,,,0,30.0,0,0
75,13,23,6,12,Y6083546,,,,0,30.0,0,0
75,13,23,6,13,Y6083547,,,,0,30.0,0,0
75,13,23,6,14,Y6083548,,,,0,30.0,0,0
75,13,23,6,15,Y6083549,,,,0,30.0,0,0
75,13,23,6,16,Y6083550,,,,0,30.0,0,0
75,13,23,6,17,Y6083551,,,,0,30.0,0,0
75,13,23,6,18,Y6083552,,,,0,30.0,0,0
75,13,23,6,19,Y6083553,,,,0,30.0,0,0
75,13,23,6,20,Y6083554,,,,0,30.0,0,0
75,13,23,6,21,Y6083555,,,,0,30.0,0,0
75,13,23,6,22,Y6083556,,,,0,30.0,0,0
75,13,23,6,23,Y6083557,,,,0,30.0,0,0
75,13,23,6,24,Y6083558,,,,0,30.0,0,0
75,13,23,6,25,Y6083559,,,,0,30.0,0,0
75,13,23,6,26,Y6083560,,,,0,30.0,0,0
75,13,23,6,27,Y6083561,,,,0,30.0,0,0
75,13,23,6,28,Y6083562,,,,0,30.0,0,0
75,13,23,6,29,Y6083563,,,,0,30.0,0,0
75,13,23,6,30,Y6083564,,,,0,30.0,0,0
75,13,23,7,10,Y6083565,,,,0,30.0,0,0
75,13,23,7,11,Y6083566,,,,0,30.0,0,0
75,13,23,7,12,Y6083567,,,,0,30.0,0,0
75,13,23,7,13,Y6083568,,,,0,30.0,0,0
75,13,23,7,14,Y6083569,,,,0,30.0,0,0
75,13,23,7,15,Y6083570,,,,0,30.0,0,0
75,13,23,7,16,Y6083571,,,,0,30.0,0,0
75,13,23,7,17,Y6083572,,,,0,30.0,0,0
75,13,23,7,18,Y6083573,,,,0,30.0,0,0
75,13,23,7,19,Y6083574,,,,0,30.0,0,0
75,13,23,7,20,Y6083575,,,,0,30.0,0,0
75,13,23,7,21,Y6083576,,,,0,30.0,0,0
75,13,23,7,22,Y6083577,,,,0,30.0,0,0
75,13,23,7,23,Y6083578,,,,0,30.0,0,0
75,13,23,7,24,Y6083579,,,,0,30.0,0,0
75,13,23,7,25,Y6083580,,,,0,30.0,0,0
75,13,23,7,26,Y6083581,,,,0,30.0,0,0
75,13,23,7,27,Y6083582,,,,0,30.0,0,0
75,13,23,7,28,Y6083583,,,,0,30.0,0,0
75,13,23,7,29,Y6083584,,,,0,30.0,0,0
75,13,23,7,30,Y6083585,,,,0,30.0,0,0
75,13,23,8,10,Y6083586,,,,0,30.0,0,0
75,13,23,8,11,Y6083587,,,,0,30.0,0,0
75,13,23,8,12,Y6083588,,,,0,30.0,0,0
75,13,23,8,13,Y6083589,,,,0,30.0,0,0
75,13,23,8,14,Y6083590,,,,0,30.0,0,0
75,13,23,8,15,Y6083591,,,,0,30.0,0,0
75,13,23,8,16,Y6083592,,,,0,30.0,0,0
75,13,23,8,17,Y6083593,,,,0,30.0,0,0
75,13,23,8,18,Y6083594,,,,0,30.0,0,0
75,13,23,8,19,Y6083595,,,,0,30.0,0,0
75,13,23,8,20,Y6083596,,,,0,30.0,0,0
75,13,23,8,21,Y6083597,,,,0,30.0,0,0
75,13,23,8,22,Y6083598,,,,0,30.0,0,0
75,13,23,8,23,Y6083599,,,,0,30.0,0,0
75,13,23,8,24,Y6083600,,,,0,30.0,0,0
75,13,23,8,25,Y6083601,,,,0,30.0,0,0
75,13,23,8,26,Y6083602,,,,0,30.0,0,0
75,13,23,8,27,Y6083603,,,,0,30.0,0,0
75,13,23,8,28,Y6083604,,,,0,30.0,0,0
75,13,23,8,29,Y6083605,,,,0,30.0,0,0
75,13,23,8,30,Y6083606,,,,0,30.0,0,0
75,13,23,9,10,Y6083607,,,,0,30.0,0,0
75,13,23,9,11,Y6083608,,,,0,30.0,0,0
75,13,23,9,12,Y6083609,,,,0,30.0,0,0
75,13,23,9,13,Y6083610,,,,0,30.0,0,0
75,13,23,9,14,Y6083611,,,,0,30.0,0,0
75,13,23,9,15,Y6083612,,,,0,30.0,0,0
75,13,23,9,16,Y6083613,,,,0,30.0,0,0
75,13,23,9,17,Y6083614,,,,0,30.0,0,0
75,13,23,9,18,Y6083615,,,,0,30.0,0,0
75,13,23,9,19,Y6083616,,,,0,30.0,0,0
75,13,23,9,20,Y6083617,,,,0,30.0,0,0
75,13,23,9,21,Y6083618,,,,0,30.0,0,0
75,13,23,9,22,Y6083619,,,,0,30.0,0,0
75,13,23,9,23,Y6083620,,,,0,30.0,0,0
75,13,23,9,24,Y6083621,,,,0,30.0,0,0
75,13,23,9,25,Y6083622,,,,0,30.0,0,0
75,13,23,9,26,Y6083623,,,,0,30.0,0,0
75,13,23,9,27,Y6083624,,,,0,30.0,0,0
75,13,23,9,28,Y6083625,,,,0,30.0,0,0
75,13,23,9,29,Y6083626,,,,0,30.0,0,0
75,13,23,9,30,Y6083627,,,,0,30.0,0,0
75,13,23,10,10,Y6083628,,,,0,30.0,0,0
75,13,23,10,11,Y6083629,,,,0,30.0,0,0
75,13,23,10,12,Y6083630,,,,0,30.0,0,0
75,13,23,10,13,Y6083631,,,,0,30.0,0,0
75,13,23,10,14,Y6083632,,,,0,30.0,0,0
75,13,23,10,15,Y6083633,,,,0,30.0,0,0
75,13,23,10,16,Y6083634,,,,0,30.0,0,0
75,13,23,10,17,Y6083635,,,,0,30.0,0,0
75,13,23,10,18,Y6083636,,,,0,30.0,0,0
75,13,23,10,19,Y6083637,,,,0,30.0,0,0
75,13,23,10,20,Y6083638,,,,0,30.0,0,0
75,13,23,10,21,Y6083639,,,,0,30.0,0,0
75,13,23,10,22,Y6083640,,,,0,30.0,0,0
75,13,23,10,23,Y6083641,,,,0,30.0,0,0
75,13,23,10,24,Y6083642,,,,0,30.0,0,0
75,13,23,10,25,Y6083643,,,,0,30.0,0,0
75,13,23,10,26,Y6083644,,,,0,30.0,0,0
75,13,23,10,27,Y6083645,,,,0,30.0,0,0
75,13,23,10,28,Y6083646,,,,0,30.0,0,0
75,13,23,10,29,Y6083647,,,,0,30.0,0,0
75,13,23,10,30,Y6083648,,,,0,30.0,0,0
75,13,23,11,10,Y6083649,,,,0,30.0,0,0
75,13,23,11,11,Y6083650,,,,0,30.0,0,0
75,13,23,11,12,Y6083651,,,,0,30.0,0,0
75,13,23,11,13,Y6083652,,,,0,30.0,0,0
75,13,23,11,14,Y6083653,,,,0,30.0,0,0
75,13,23,11,15,Y6083654,,,,0,30.0,0,0
75,13,23,11,16,Y6083655,,,,0,30.0,0,0
75,13,23,11,17,Y6083656,,,,0,30.0,0,0
75,13,23,11,18,Y6083657,,,,0,30.0,0,0
75,13,23,11,19,Y6083658,,,,0,30.0,0,0
75,13,23,11,20,Y6083659,,,,0,30.0,0,0
75,13,23,11,21,Y6083660,,,,0,30.0,0,0
75,13,23,11,22,Y6083661,,,,0,30.0,0,0
75,13,23,11,23,Y6083662,,,,0,30.0,0,0
75,13,23,11,24,Y6083663,,,,0,30.0,0,0
75,13,23,11,25,Y6083664,,,,0,30.0,0,0
75,13,23,11,26,Y6083665,,,,0,30.0,0,0
75,13,23,11,27,Y6083666,,,,0,30.0,0,0
75,13,23,11,28,Y6083667,,,,0,30.0,0,0
75,13,23,11,29,Y6083668,,,,0,30.0,0,0
75,13,23,11,30,Y6083669,,,,0,30.0,0,0
75,13,23,12,10,Y6083670,,,,0,30.0,0,0
75,13,23,12,11,Y6083671,,,,0,30.0,0,0
75,13,23,12,12,Y6083672,,,,0,30.0,0,0
75,13,23,12,13,Y6083673,,,,0,30.0,0,0
75,13,23,12,14,Y6083674,,,,0,30.0,0,0
75,13,23,12,15,Y6083675,,,,0,30.0,0,0
75,13,23,12,16,Y6083676,,,,0,30.0,0,0
75,13,23,12,17,Y6083677,,,,0,30.0,0,0
75,13,23,12,18,Y6083678,,,,0,30.0,0,0
75,13,23,12,19,Y6083679,,,,0,30.0,0,0
75,13,23,12,20,Y6083680,,,,0,30.0,0,0
75,13,23,12,21,Y6083681,,,,0,30.0,0,0
75,13,23,12,22,Y6083682,,,,0,30.0,0,0
75,13,23,12,23,Y6083683,,,,0,30.0,0,0
75,13,23,12,24,Y6083684,,,,0,30.0,0,0
75,13,23,12,25,Y6083685,,,,0,30.0,0,0
75,13,23,12,26,Y6083686,,,,0,30.0,0,0
75,13,23,12,27,Y6083687,,,,0,30.0,0,0
75,13,23,12,28,Y6083688,,,,0,30.0,0,0
75,13,23,12,29,Y6083689,,,,0,30.0,0,0
75,13,23,12,30,Y6083690,,,,0,30.0,0,0
75,13,24,1,10,Y6083691,,,,0,30.0,0,0
75,13,24,1,11,Y6083692,,,,0,30.0,0,0
75,13,24,1,12,Y6083693,,,,0,30.0,0,0
75,13,24,1,13,Y6083694,,,,0,30.0,0,0
75,13,24,1,14,Y6083695,,,,0,30.0,0,0
75,13,24,1,15,Y6083696,,,,0,30.0,0,0
75,13,24,1,16,Y6083697,,,,0,30.0,0,0
75,13,24,1,17,Y6083698,,,,0,30.0,0,0
75,13,24,1,18,Y6083699,,,,0,30.0,0,0
75,13,24,1,19,Y6083700,,,,0,30.0,0,0
75,13,24,1,20,Y6083701,,,,0,30.0,0,0
75,13,24,1,21,Y6083702,,,,0,30.0,0,0
75,13,24,1,22,Y6083703,,,,0,30.0,0,0
75,13,24,1,23,Y6083704,,,,0,30.0,0,0
75,13,24,1,24,Y6083705,,,,0,30.0,0,0
75,13,24,1,25,Y6083706,,,,0,30.0,0,0
75,13,24,1,26,Y6083707,,,,0,30.0,0,0
75,13,24,1,27,Y6083708,,,,0,30.0,0,0
75,13,24,1,28,Y6083709,,,,0,30.0,0,0
75,13,24,1,29,Y6083710,,,,0,30.0,0,0
75,13,24,1,30,Y6083711,,,,0,30.0,0,0
75,13,24,2,10,Y6083712,,,,0,30.0,0,0
75,13,24,2,11,Y6083713,,,,0,30.0,0,0
75,13,24,2,12,Y6083714,,,,0,30.0,0,0
75,13,24,2,13,Y6083715,,,,0,30.0,0,0
75,13,24,2,14,Y6083716,,,,0,30.0,0,0
75,13,24,2,15,Y6083717,,,,0,30.0,0,0
75,13,24,2,16,Y6083718,,,,0,30.0,0,0
75,13,24,2,17,Y6083719,,,,0,30.0,0,0
75,13,24,2,18,Y6083720,,,,0,30.0,0,0
75,13,24,2,19,Y6083721,,,,0,30.0,0,0
75,13,24,2,20,Y6083722,,,,0,30.0,0,0
75,13,24,2,21,Y6083723,,,,0,30.0,0,0
75,13,24,2,22,Y6083724,,,,0,30.0,0,0
75,13,24,2,23,Y6083725,,,,0,30.0,0,0
75,13,24,2,24,Y6083726,,,,0,30.0,0,0
75,13,24,2,25,Y6083727,,,,0,30.0,0,0
75,13,24,2,26,Y6083728,,,,0,30.0,0,0
75,13,24,2,27,Y6083729,,,,0,30.0,0,0
75,13,24,2,28,Y6083730,,,,0,30.0,0,0
75,13,24,2,29,Y6083731,,,,0,30.0,0,0
75,13,24,2,30,Y6083732,,,,0,30.0,0,0
75,13,24,3,10,Y6083733,,,,0,30.0,0,0
75,13,24,3,11,Y6083734,,,,0,30.0,0,0
75,13,24,3,12,Y6083735,,,,0,30.0,0,0
75,13,24,3,13,Y6083736,,,,0,30.0,0,0
75,13,24,3,14,Y6083737,,,,0,30.0,0,0
75,13,24,3,15,Y6083738,,,,0,30.0,0,0
75,13,24,3,16,Y6083739,,,,0,30.0,0,0
75,13,24,3,17,Y6083740,,,,0,30.0,0,0
75,13,24,3,18,Y6083741,,,,0,30.0,0,0
75,13,24,3,19,Y6083742,,,,0,30.0,0,0
75,13,24,3,20,Y6083743,,,,0,30.0,0,0
75,13,24,3,21,Y6083744,,,,0,30.0,0,0
75,13,24,3,22,Y6083745,,,,0,30.0,0,0
75,13,24,3,23,Y6083746,,,,0,30.0,0,0
75,13,24,3,24,Y6083747,,,,0,30.0,0,0
75,13,24,3,25,Y6083748,,,,0,30.0,0,0
75,13,24,3,26,Y6083749,,,,0,30.0,0,0
75,13,24,3,27,Y6083750,,,,0,30.0,0,0
75,13,24,3,28,Y6083751,,,,0,30.0,0,0
75,13,24,3,29,Y6083752,,,,0,30.0,0,0
75,13,24,3,30,Y6083753,,,,0,30.0,0,0
75,13,24,4,10,Y6083754,,,,0,30.0,0,0
75,13,24,4,11,Y6083755,,,,0,30.0,0,0
75,13,24,4,12,Y6083756,,,,0,30.0,0,0
75,13,24,4,13,Y6083757,,,,0,30.0,0,0
75,13,24,4,14,Y6083758,,,,0,30.0,0,0
75,13,24,4,15,Y6083759,,,,0,30.0,0,0
75,13,24,4,16,Y6083760,,,,0,30.0,0,0
75,13,24,4,17,Y6083761,,,,0,30.0,0,0
75,13,24,4,18,Y6083762,,,,0,30.0,0,0
75,13,24,4,19,Y6083763,,,,0,30.0,0,0
75,13,24,4,20,Y6083764,,,,0,30.0,0,0
75,13,24,4,21,Y6083765,,,,0,30.0,0,0
75,13,24,4,22,Y6083766,,,,0,30.0,0,0
75,13,24,4,23,Y6083767,,,,0,30.0,0,0
75,13,24,4,24,Y6083768,,,,0,30.0,0,0
75,13,24,4,25,Y6083769,,,,0,30.0,0,0
75,13,24,4,26,Y6083770,,,,0,30.0,0,0
75,13,24,4,27,Y6083771,,,,0,30.0,0,0
75,13,24,4,28,Y6083772,,,,0,30.0,0,0
75,13,24,4,29,Y6083773,,,,0,30.0,0,0
75,13,24,4,30,Y6083774,,,,0,30.0,0,0
75,13,24,5,10,Y6083775,,,,0,30.0,0,0
75,13,24,5,11,Y6083776,,,,0,30.0,0,0
75,13,24,5,12,Y6083777,,,,0,30.0,0,0
75,13,24,5,13,Y6083778,,,,0,30.0,0,0
75,13,24,5,14,Y6083779,,,,0,30.0,0,0
75,13,24,5,15,Y6083780,,,,0,30.0,0,0
75,13,24,5,16,Y6083781,,,,0,30.0,0,0
75,13,24,5,17,Y6083782,,,,0,30.0,0,0
75,13,24,5,18,Y6083783,,,,0,30.0,0,0
75,13,24,5,19,Y6083784,,,,0,30.0,0,0
75,13,24,5,20,Y6083785,,,,0,30.0,0,0
75,13,24,5,21,Y6083786,,,,0,30.0,0,0
75,13,24,5,22,Y6083787,,,,0,30.0,0,0
75,13,24,5,23,Y6083788,,,,0,30.0,0,0
75,13,24,5,24,Y6083789,,,,0,30.0,0,0
75,13,24,5,25,Y6083790,,,,0,30.0,0,0
75,13,24,5,26,Y6083791,,,,0,30.0,0,0
75,13,24,5,27,Y6083792,,,,0,30.0,0,0
75,13,24,5,28,Y6083793,,,,0,30.0,0,0
75,13,24,5,29,Y6083794,,,,0,30.0,0,0
75,13,24,5,30,Y6083795,,,,0,30.0,0,0
75,13,24,6,10,Y6083796,,,,0,30.0,0,0
75,13,24,6,11,Y6083797,,,,0,30.0,0,0
75,13,24,6,12,Y6083798,,,,0,30.0,0,0
75,13,24,6,13,Y6083799,,,,0,30.0,0,0
75,13,24,6,14,Y6083800,,,,0,30.0,0,0
75,13,24,6,15,Y6083801,,,,0,30.0,0,0
75,13,24,6,16,Y6083802,,,,0,30.0,0,0
75,13,24,6,17,Y6083803,,,,0,30.0,0,0
75,13,24,6,18,Y6083804,,,,0,30.0,0,0
75,13,24,6,19,Y6083805,,,,0,30.0,0,0
75,13,24,6,20,Y6083806,,,,0,30.0,0,0
75,13,24,6,21,Y6083807,,,,0,30.0,0,0
75,13,24,6,22,Y6083808,,,,0,30.0,0,0
75,13,24,6,23,Y6083809,,,,0,30.0,0,0
75,13,24,6,24,Y6083810,,,,0,30.0,0,0
75,13,24,6,25,Y6083811,,,,0,30.0,0,0
75,13,24,6,26,Y6083812,,,,0,30.0,0,0
75,13,24,6,27,Y6083813,,,,0,30.0,0,0
75,13,24,6,28,Y6083814,,,,0,30.0,0,0
75,13,24,6,29,Y6083815,,,,0,30.0,0,0
75,13,24,6,30,Y6083816,,,,0,30.0,0,0
75,13,24,7,10,Y6083817,,,,0,30.0,0,0
75,13,24,7,11,Y6083818,,,,0,30.0,0,0
75,13,24,7,12,Y6083819,,,,0,30.0,0,0
75,13,24,7,13,Y6083820,,,,0,30.0,0,0
75,13,24,7,14,Y6083821,,,,0,30.0,0,0
75,13,24,7,15,Y6083822,,,,0,30.0,0,0
75,13,24,7,16,Y6083823,,,,0,30.0,0,0
75,13,24,7,17,Y6083824,,,,0,30.0,0,0
75,13,24,7,18,Y6083825,,,,0,30.0,0,0
75,13,24,7,19,Y6083826,,,,0,30.0,0,0
75,13,24,7,20,Y6083827,,,,0,30.0,0,0
75,13,24,7,21,Y6083828,,,,0,30.0,0,0
75,13,24,7,22,Y6083829,,,,0,30.0,0,0
75,13,24,7,23,Y6083830,,,,0,30.0,0,0
75,13,24,7,24,Y6083831,,,,0,30.0,0,0
75,13,24,7,25,Y6083832,,,,0,30.0,0,0
75,13,24,7,26,Y6083833,,,,0,30.0,0,0
75,13,24,7,27,Y6083834,,,,0,30.0,0,0
75,13,24,7,28,Y6083835,,,,0,30.0,0,0
75,13,24,7,29,Y6083836,,,,0,30.0,0,0
75,13,24,7,30,Y6083837,,,,0,30.0,0,0
75,13,24,8,10,Y6083838,,,,0,30.0,0,0
75,13,24,8,11,Y6083839,,,,0,30.0,0,0
75,13,24,8,12,Y6083840,,,,0,30.0,0,0
75,13,24,8,13,Y6083841,,,,0,30.0,0,0
75,13,24,8,14,Y6083842,,,,0,30.0,0,0
75,13,24,8,15,Y6083843,,,,0,30.0,0,0
75,13,24,8,16,Y6083844,,,,0,30.0,0,0
75,13,24,8,17,Y6083845,,,,0,30.0,0,0
75,13,24,8,18,Y6083846,,,,0,30.0,0,0
75,13,24,8,19,Y6083847,,,,0,30.0,0,0
75,13,24,8,20,Y6083848,,,,0,30.0,0,0
75,13,24,8,21,Y6083849,,,,0,30.0,0,0
75,13,24,8,22,Y6083850,,,,0,30.0,0,0
75,13,24,8,23,Y6083851,,,,0,30.0,0,0
75,13,24,8,24,Y6083852,,,,0,30.0,0,0
75,13,24,8,25,Y6083853,,,,0,30.0,0,0
75,13,24,8,26,Y6083854,,,,0,30.0,0,0
75,13,24,8,27,Y6083855,,,,0,30.0,0,0
75,13,24,8,28,Y6083856,,,,0,30.0,0,0
75,13,24,8,29,Y6083857,,,,0,30.0,0,0
75,13,24,8,30,Y6083858,,,,0,30.0,0,0
75,13,24,9,10,Y6083859,,,,0,30.0,0,0
75,13,24,9,11,Y6083860,,,,0,30.0,0,0
75,13,24,9,12,Y6083861,,,,0,30.0,0,0
75,13,24,9,13,Y6083862,,,,0,30.0,0,0
75,13,24,9,14,Y6083863,,,,0,30.0,0,0
75,13,24,9,15,Y6083864,,,,0,30.0,0,0
75,13,24,9,16,Y6083865,,,,0,30.0,0,0
75,13,24,9,17,Y6083866,,,,0,30.0,0,0
75,13,24,9,18,Y6083867,,,,0,30.0,0,0
75,13,24,9,19,Y6083868,,,,0,30.0,0,0
75,13,24,9,20,Y6083869,,,,0,30.0,0,0
75,13,24,9,21,Y6083870,,,,0,30.0,0,0
75,13,24,9,22,Y6083871,,,,0,30.0,0,0
75,13,24,9,23,Y6083872,,,,0,30.0,0,0
75,13,24,9,24,Y6083873,,,,0,30.0,0,0
75,13,24,9,25,Y6083874,,,,0,30.0,0,0
75,13,24,9,26,Y6083875,,,,0,30.0,0,0
75,13,24,9,27,Y6083876,,,,0,30.0,0,0
75,13,24,9,28,Y6083877,,,,0,30.0,0,0
75,13,24,9,29,Y6083878,,,,0,30.0,0,0
75,13,24,9,30,Y6083879,,,,0,30.0,0,0
75,13,24,10,10,Y6083880,,,,0,30.0,0,0
75,13,24,10,11,Y6083881,,,,0,30.0,0,0
75,13,24,10,12,Y6083882,,,,0,30.0,0,0
75,13,24,10,13,Y6083883,,,,0,30.0,0,0
75,13,24,10,14,Y6083884,,,,0,30.0,0,0
75,13,24,10,15,Y6083885,,,,0,30.0,0,0
75,13,24,10,16,Y6083886,,,,0,30.0,0,0
75,13,24,10,17,Y6083887,,,,0,30.0,0,0
75,13,24,10,18,Y6083888,,,,0,30.0,0,0
75,13,24,10,19,Y6083889,,,,0,30.0,0,0
75,13,24,10,20,Y6083890,,,,0,30.0,0,0
75,13,24,10,21,Y6083891,,,,0,30.0,0,0
75,13,24,10,22,Y6083892,,,,0,30.0,0,0
75,13,24,10,23,Y6083893,,,,0,30.0,0,0
75,13,24,10,24,Y6083894,,,,0,30.0,0,0
75,13,24,10,25,Y6083895,,,,0,30.0,0,0
75,13,24,10,26,Y6083896,,,,0,30.0,0,0
75,13,24,10,27,Y6083897,,,,0,30.0,0,0
75,13,24,10,28,Y6083898,,,,0,30.0,0,0
75,13,24,10,29,Y6083899,,,,0,30.0,0,0
75,13,24,10,30,Y6083900,,,,0,30.0,0,0
75,13,24,11,10,Y6083901,,,,0,30.0,0,0
75,13,24,11,11,Y6083902,,,,0,30.0,0,0
75,13,24,11,12,Y6083903,,,,0,30.0,0,0
75,13,24,11,13,Y6083904,,,,0,30.0,0,0
75,13,24,11,14,Y6083905,,,,0,30.0,0,0
75,13,24,11,15,Y6083906,,,,0,30.0,0,0
75,13,24,11,16,Y6083907,,,,0,30.0,0,0
75,13,24,11,17,Y6083908,,,,0,30.0,0,0
75,13,24,11,18,Y6083909,,,,0,30.0,0,0
75,13,24,11,19,Y6083910,,,,0,30.0,0,0
75,13,24,11,20,Y6083911,,,,0,30.0,0,0
75,13,24,11,21,Y6083912,,,,0,30.0,0,0
75,13,24,11,22,Y6083913,,,,0,30.0,0,0
75,13,24,11,23,Y6083914,,,,0,30.0,0,0
75,13,24,11,24,Y6083915,,,,0,30.0,0,0
75,13,24,11,25,Y6083916,,,,0,30.0,0,0
75,13,24,11,26,Y6083917,,,,0,30.0,0,0
75,13,24,11,27,Y6083918,,,,0,30.0,0,0
75,13,24,11,28,Y6083919,,,,0,30.0,0,0
75,13,24,11,29,Y6083920,,,,0,30.0,0,0
75,13,24,11,30,Y6083921,,,,0,30.0,0,0
75,13,24,12,10,Y6083922,,,,0,30.0,0,0
75,13,24,12,11,Y6083923,,,,0,30.0,0,0
75,13,24,12,12,Y6083924,,,,0,30.0,0,0
75,13,24,12,13,Y6083925,,,,0,30.0,0,0
75,13,24,12,14,Y6083926,,,,0,30.0,0,0
75,13,24,12,15,Y6083927,,,,0,30.0,0,0
75,13,24,12,16,Y6083928,,,,0,30.0,0,0
75,13,24,12,17,Y6083929,,,,0,30.0,0,0
75,13,24,12,18,Y6083930,,,,0,30.0,0,0
75,13,24,12,19,Y6083931,,,,0,30.0,0,0
75,13,24,12,20,Y6083932,,,,0,30.0,0,0
75,13,24,12,21,Y6083933,,,,0,30.0,0,0
75,13,24,12,22,Y6083934,,,,0,30.0,0,0
75,13,24,12,23,Y6083935,,,,0,30.0,0,0
75,13,24,12,24,Y6083936,,,,0,30.0,0,0
75,13,24,12,25,Y6083937,,,,0,30.0,0,0
75,13,24,12,26,Y6083938,,,,0,30.0,0,0
75,13,24,12,27,Y6083939,,,,0,30.0,0,0
75,13,24,12,28,Y6083940,,,,0,30.0,0,0
75,13,24,12,29,Y6083941,,,,0,30.0,0,0
75,13,24,12,30,Y6083942,,,,0,30.0,0,0
75,13,25,1,10,Y6083943,,,,0,30.0,0,0
75,13,25,1,11,Y6083944,,,,0,30.0,0,0
75,13,25,1,12,Y6083945,,,,0,30.0,0,0
75,13,25,1,13,Y6083946,,,,0,30.0,0,0
75,13,25,1,14,Y6083947,,,,0,30.0,0,0
75,13,25,1,15,Y6083948,,,,0,30.0,0,0
75,13,25,1,16,Y6083949,,,,0,30.0,0,0
75,13,25,1,17,Y6083950,,,,0,30.0,0,0
75,13,25,1,18,Y6083951,,,,0,30.0,0,0
75,13,25,1,19,Y6083952,,,,0,30.0,0,0
75,13,25,1,20,Y6083953,,,,0,30.0,0,0
75,13,25,1,21,Y6083954,,,,0,30.0,0,0
75,13,25,1,22,Y6083955,,,,0,30.0,0,0
75,13,25,1,23,Y6083956,,,,0,30.0,0,0
75,13,25,1,24,Y6083957,,,,0,30.0,0,0
75,13,25,1,25,Y6083958,,,,0,30.0,0,0
75,13,25,1,26,Y6083959,,,,0,30.0,0,0
75,13,25,1,27,Y6083960,,,,0,30.0,0,0
75,13,25,1,28,Y6083961,,,,0,30.0,0,0
75,13,25,1,29,Y6083962,,,,0,30.0,0,0
75,13,25,1,30,Y6083963,,,,0,30.0,0,0
75,13,25,2,10,Y6083964,,,,0,30.0,0,0
75,13,25,2,11,Y6083965,,,,0,30.0,0,0
75,13,25,2,12,Y6083966,,,,0,30.0,0,0
75,13,25,2,13,Y6083967,,,,0,30.0,0,0
75,13,25,2,14,Y6083968,,,,0,30.0,0,0
75,13,25,2,15,Y6083969,,,,0,30.0,0,0
75,13,25,2,16,Y6083970,,,,0,30.0,0,0
75,13,25,2,17,Y6083971,,,,0,30.0,0,0
75,13,25,2,18,Y6083972,,,,0,30.0,0,0
75,13,25,2,19,Y6083973,,,,0,30.0,0,0
75,13,25,2,20,Y6083974,,,,0,30.0,0,0
75,13,25,2,21,Y6083975,,,,0,30.0,0,0
75,13,25,2,22,Y6083976,,,,0,30.0,0,0
75,13,25,2,23,Y6083977,,,,0,30.0,0,0
75,13,25,2,24,Y6083978,,,,0,30.0,0,0
75,13,25,2,25,Y6083979,,,,0,30.0,0,0
75,13,25,2,26,Y6083980,,,,0,30.0,0,0
75,13,25,2,27,Y6083981,,,,0,30.0,0,0
75,13,25,2,28,Y6083982,,,,0,30.0,0,0
75,13,25,2,29,Y6083983,,,,0,30.0,0,0
75,13,25,2,30,Y6083984,,,,0,30.0,0,0
75,13,25,3,10,Y6083985,,,,0,30.0,0,0
75,13,25,3,11,Y6083986,,,,0,30.0,0,0
75,13,25,3,12,Y6083987,,,,0,30.0,0,0
75,13,25,3,13,Y6083988,,,,0,30.0,0,0
75,13,25,3,14,Y6083989,,,,0,30.0,0,0
75,13,25,3,15,Y6083990,,,,0,30.0,0,0
75,13,25,3,16,Y6083991,,,,0,30.0,0,0
75,13,25,3,17,Y6083992,,,,0,30.0,0,0
75,13,25,3,18,Y6083993,,,,0,30.0,0,0
75,13,25,3,19,Y6083994,,,,0,30.0,0,0
75,13,25,3,20,Y6083995,,,,0,30.0,0,0
75,13,25,3,21,Y6083996,,,,0,30.0,0,0
75,13,25,3,22,Y6083997,,,,0,30.0,0,0
75,13,25,3,23,Y6083998,,,,0,30.0,0,0
75,13,25,3,24,Y6083999,,,,0,30.0,0,0
75,13,25,3,25,Y6084000,,,,0,30.0,0,0
75,13,25,3,26,Y6084001,,,,0,30.0,0,0
75,13,25,3,27,Y6084002,,,,0,30.0,0,0
75,13,25,3,28,Y6084003,,,,0,30.0,0,0
75,13,25,3,29,Y6084004,,,,0,30.0,0,0
75,13,25,3,30,Y6084005,,,,0,30.0,0,0
75,13,25,4,10,Y6084006,,,,0,30.0,0,0
75,13,25,4,11,Y6084007,,,,0,30.0,0,0
75,13,25,4,12,Y6084008,,,,0,30.0,0,0
75,13,25,4,13,Y6084009,,,,0,30.0,0,0
75,13,25,4,14,Y6084010,,,,0,30.0,0,0
75,13,25,4,15,Y6084011,,,,0,30.0,0,0
75,13,25,4,16,Y6084012,,,,0,30.0,0,0
75,13,25,4,17,Y6084013,,,,0,30.0,0,0
75,13,25,4,18,Y6084014,,,,0,30.0,0,0
75,13,25,4,19,Y6084015,,,,0,30.0,0,0
75,13,25,4,20,Y6084016,,,,0,30.0,0,0
75,13,25,4,21,Y6084017,,,,0,30.0,0,0
75,13,25,4,22,Y6084018,,,,0,30.0,0,0
75,13,25,4,23,Y6084019,,,,0,30.0,0,0
75,13,25,4,24,Y6084020,,,,0,30.0,0,0
75,13,25,4,25,Y6084021,,,,0,30.0,0,0
75,13,25,4,26,Y6084022,,,,0,30.0,0,0
75,13,25,4,27,Y6084023,,,,0,30.0,0,0
75,13,25,4,28,Y6084024,,,,0,30.0,0,0
75,13,25,4,29,Y6084025,,,,0,30.0,0,0
75,13,25,4,30,Y6084026,,,,0,30.0,0,0
75,13,25,5,10,Y6084027,,,,0,30.0,0,0
75,13,25,5,11,Y6084028,,,,0,30.0,0,0
75,13,25,5,12,Y6084029,,,,0,30.0,0,0
75,13,25,5,13,Y6084030,,,,0,30.0,0,0
75,13,25,5,14,Y6084031,,,,0,30.0,0,0
75,13,25,5,15,Y6084032,,,,0,30.0,0,0
75,13,25,5,16,Y6084033,,,,0,30.0,0,0
75,13,25,5,17,Y6084034,,,,0,30.0,0,0
75,13,25,5,18,Y6084035,,,,0,30.0,0,0
75,13,25,5,19,Y6084036,,,,0,30.0,0,0
75,13,25,5,20,Y6084037,,,,0,30.0,0,0
75,13,25,5,21,Y6084038,,,,0,30.0,0,0
75,13,25,5,22,Y6084039,,,,0,30.0,0,0
75,13,25,5,23,Y6084040,,,,0,30.0,0,0
75,13,25,5,24,Y6084041,,,,0,30.0,0,0
75,13,25,5,25,Y6084042,,,,0,30.0,0,0
75,13,25,5,26,Y6084043,,,,0,30.0,0,0
75,13,25,5,27,Y6084044,,,,0,30.0,0,0
75,13,25,5,28,Y6084045,,,,0,30.0,0,0
75,13,25,5,29,Y6084046,,,,0,30.0,0,0
75,13,25,5,30,Y6084047,,,,0,30.0,0,0
75,13,25,6,10,Y6084048,,,,0,30.0,0,0
75,13,25,6,11,Y6084049,,,,0,30.0,0,0
75,13,25,6,12,Y6084050,,,,0,30.0,0,0
75,13,25,6,13,Y6084051,,,,0,30.0,0,0
75,13,25,6,14,Y6084052,,,,0,30.0,0,0
75,13,25,6,15,Y6084053,,,,0,30.0,0,0
75,13,25,6,16,Y6084054,,,,0,30.0,0,0
75,13,25,6,17,Y6084055,,,,0,30.0,0,0
75,13,25,6,18,Y6084056,,,,0,30.0,0,0
75,13,25,6,19,Y6084057,,,,0,30.0,0,0
75,13,25,6,20,Y6084058,,,,0,30.0,0,0
75,13,25,6,21,Y6084059,,,,0,30.0,0,0
75,13,25,6,22,Y6084060,,,,0,30.0,0,0
75,13,25,6,23,Y6084061,,,,0,30.0,0,0
75,13,25,6,24,Y6084062,,,,0,30.0,0,0
75,13,25,6,25,Y6084063,,,,0,30.0,0,0
75,13,25,6,26,Y6084064,,,,0,30.0,0,0
75,13,25,6,27,Y6084065,,,,0,30.0,0,0
75,13,25,6,28,Y6084066,,,,0,30.0,0,0
75,13,25,6,29,Y6084067,,,,0,30.0,0,0
75,13,25,6,30,Y6084068,,,,0,30.0,0,0
75,13,25,7,10,Y6084069,,,,0,30.0,0,0
75,13,25,7,11,Y6084070,,,,0,30.0,0,0
75,13,25,7,12,Y6084071,,,,0,30.0,0,0
75,13,25,7,13,Y6084072,,,,0,30.0,0,0
75,13,25,7,14,Y6084073,,,,0,30.0,0,0
75,13,25,7,15,Y6084074,,,,0,30.0,0,0
75,13,25,7,16,Y6084075,,,,0,30.0,0,0
75,13,25,7,17,Y6084076,,,,0,30.0,0,0
75,13,25,7,18,Y6084077,,,,0,30.0,0,0
75,13,25,7,19,Y6084078,,,,0,30.0,0,0
75,13,25,7,20,Y6084079,,,,0,30.0,0,0
75,13,25,7,21,Y6084080,,,,0,30.0,0,0
75,13,25,7,22,Y6084081,,,,0,30.0,0,0
75,13,25,7,23,Y6084082,,,,0,30.0,0,0
75,13,25,7,24,Y6084083,,,,0,30.0,0,0
75,13,25,7,25,Y6084084,,,,0,30.0,0,0
75,13,25,7,26,Y6084085,,,,0,30.0,0,0
75,13,25,7,27,Y6084086,,,,0,30.0,0,0
75,13,25,7,28,Y6084087,,,,0,30.0,0,0
75,13,25,7,29,Y6084088,,,,0,30.0,0,0
75,13,25,7,30,Y6084089,,,,0,30.0,0,0
75,13,25,8,10,Y6084090,,,,0,30.0,0,0
75,13,25,8,11,Y6084091,,,,0,30.0,0,0
75,13,25,8,12,Y6084092,,,,0,30.0,0,0
75,13,25,8,13,Y6084093,,,,0,30.0,0,0
75,13,25,8,14,Y6084094,,,,0,30.0,0,0
75,13,25,8,15,Y6084095,,,,0,30.0,0,0
75,13,25,8,16,Y6084096,,,,0,30.0,0,0
75,13,25,8,17,Y6084097,,,,0,30.0,0,0
75,13,25,8,18,Y6084098,,,,0,30.0,0,0
75,13,25,8,19,Y6084099,,,,0,30.0,0,0
75,13,25,8,20,Y6084100,,,,0,30.0,0,0
75,13,25,8,21,Y6084101,,,,0,30.0,0,0
75,13,25,8,22,Y6084102,,,,0,30.0,0,0
75,13,25,8,23,Y6084103,,,,0,30.0,0,0
75,13,25,8,24,Y6084104,,,,0,30.0,0,0
75,13,25,8,25,Y6084105,,,,0,30.0,0,0
75,13,25,8,26,Y6084106,,,,0,30.0,0,0
75,13,25,8,27,Y6084107,,,,0,30.0,0,0
75,13,25,8,28,Y6084108,,,,0,30.0,0,0
75,13,25,8,29,Y6084109,,,,0,30.0,0,0
75,13,25,8,30,Y6084110,,,,0,30.0,0,0
75,13,25,9,10,Y6084111,,,,0,30.0,0,0
75,13,25,9,11,Y6084112,,,,0,30.0,0,0
75,13,25,9,12,Y6084113,,,,0,30.0,0,0
75,13,25,9,13,Y6084114,,,,0,30.0,0,0
75,13,25,9,14,Y6084115,,,,0,30.0,0,0
75,13,25,9,15,Y6084116,,,,0,30.0,0,0
75,13,25,9,16,Y6084117,,,,0,30.0,0,0
75,13,25,9,17,Y6084118,,,,0,30.0,0,0
75,13,25,9,18,Y6084119,,,,0,30.0,0,0
75,13,25,9,19,Y6084120,,,,0,30.0,0,0
75,13,25,9,20,Y6084121,,,,0,30.0,0,0
75,13,25,9,21,Y6084122,,,,0,30.0,0,0
75,13,25,9,22,Y6084123,,,,0,30.0,0,0
75,13,25,9,23,Y6084124,,,,0,30.0,0,0
75,13,25,9,24,Y6084125,,,,0,30.0,0,0
75,13,25,9,25,Y6084126,,,,0,30.0,0,0
75,13,25,9,26,Y6084127,,,,0,30.0,0,0
75,13,25,9,27,Y6084128,,,,0,30.0,0,0
75,13,25,9,28,Y6084129,,,,0,30.0,0,0
75,13,25,9,29,Y6084130,,,,0,30.0,0,0
75,13,25,9,30,Y6084131,,,,0,30.0,0,0
75,13,25,10,10,Y6084132,,,,0,30.0,0,0
75,13,25,10,11,Y6084133,,,,0,30.0,0,0
75,13,25,10,12,Y6084134,,,,0,30.0,0,0
75,13,25,10,13,Y6084135,,,,0,30.0,0,0
75,13,25,10,14,Y6084136,,,,0,30.0,0,0
75,13,25,10,15,Y6084137,,,,0,30.0,0,0
75,13,25,10,16,Y6084138,,,,0,30.0,0,0
75,13,25,10,17,Y6084139,,,,0,30.0,0,0
75,13,25,10,18,Y6084140,,,,0,30.0,0,0
75,13,25,10,19,Y6084141,,,,0,30.0,0,0
75,13,25,10,20,Y6084142,,,,0,30.0,0,0
75,13,25,10,21,Y6084143,,,,0,30.0,0,0
75,13,25,10,22,Y6084144,,,,0,30.0,0,0
75,13,25,10,23,Y6084145,,,,0,30.0,0,0
75,13,25,10,24,Y6084146,,,,0,30.0,0,0
75,13,25,10,25,Y6084147,,,,0,30.0,0,0
75,13,25,10,26,Y6084148,,,,0,30.0,0,0
75,13,25,10,27,Y6084149,,,,0,30.0,0,0
75,13,25,10,28,Y6084150,,,,0,30.0,0,0
75,13,25,10,29,Y6084151,,,,0,30.0,0,0
75,13,25,10,30,Y6084152,,,,0,30.0,0,0
75,13,25,11,10,Y6084153,,,,0,30.0,0,0
75,13,25,11,11,Y6084154,,,,0,30.0,0,0
75,13,25,11,12,Y6084155,,,,0,30.0,0,0
75,13,25,11,13,Y6084156,,,,0,30.0,0,0
75,13,25,11,14,Y6084157,,,,0,30.0,0,0
75,13,25,11,15,Y6084158,,,,0,30.0,0,0
75,13,25,11,16,Y6084159,,,,0,30.0,0,0
75,13,25,11,17,Y6084160,,,,0,30.0,0,0
75,13,25,11,18,Y6084161,,,,0,30.0,0,0
75,13,25,11,19,Y6084162,,,,0,30.0,0,0
75,13,25,11,20,Y6084163,,,,0,30.0,0,0
75,13,25,11,21,Y6084164,,,,0,30.0,0,0
75,13,25,11,22,Y6084165,,,,0,30.0,0,0
75,13,25,11,23,Y6084166,,,,0,30.0,0,0
75,13,25,11,24,Y6084167,,,,0,30.0,0,0
75,13,25,11,25,Y6084168,,,,0,30.0,0,0
75,13,25,11,26,Y6084169,,,,0,30.0,0,0
75,13,25,11,27,Y6084170,,,,0,30.0,0,0
75,13,25,11,28,Y6084171,,,,0,30.0,0,0
75,13,25,11,29,Y6084172,,,,0,30.0,0,0
75,13,25,11,30,Y6084173,,,,0,30.0,0,0
75,13,25,12,10,Y6084174,,,,0,30.0,0,0
75,13,25,12,11,Y6084175,,,,0,30.0,0,0
75,13,25,12,12,Y6084176,,,,0,30.0,0,0
75,13,25,12,13,Y6084177,,,,0,30.0,0,0
75,13,25,12,14,Y6084178,,,,0,30.0,0,0
75,13,25,12,15,Y6084179,,,,0,30.0,0,0
75,13,25,12,16,Y6084180,,,,0,30.0,0,0
75,13,25,12,17,Y6084181,,,,0,30.0,0,0
75,13,25,12,18,Y6084182,,,,0,30.0,0,0
75,13,25,12,19,Y6084183,,,,0,30.0,0,0
75,13,25,12,20,Y6084184,,,,0,30.0,0,0
75,13,25,12,21,Y6084185,,,,0,30.0,0,0
75,13,25,12,22,Y6084186,,,,0,30.0,0,0
75,13,25,12,23,Y6084187,,,,0,30.0,0,0
75,13,25,12,24,Y6084188,,,,0,30.0,0,0
75,13,25,12,25,Y6084189,,,,0,30.0,0,0
75,13,25,12,26,Y6084190,,,,0,30.0,0,0
75,13,25,12,27,Y6084191,,,,0,30.0,0,0
75,13,25,12,28,Y6084192,,,,0,30.0,0,0
75,13,25,12,29,Y6084193,,,,0,30.0,0,0
75,13,25,12,30,Y6084194,,,,0,30.0,0,0
75,13,26,1,10,Y6084195,,,,0,30.0,0,0
75,13,26,1,11,Y6084196,,,,0,30.0,0,0
75,13,26,1,12,Y6084197,,,,0,30.0,0,0
75,13,26,1,13,Y6084198,,,,0,30.0,0,0
75,13,26,1,14,Y6084199,,,,0,30.0,0,0
75,13,26,1,15,Y6084200,,,,0,30.0,0,0
75,13,26,1,16,Y6084201,,,,0,30.0,0,0
75,13,26,1,17,Y6084202,,,,0,30.0,0,0
75,13,26,1,18,Y6084203,,,,0,30.0,0,0
75,13,26,1,19,Y6084204,,,,0,30.0,0,0
75,13,26,1,20,Y6084205,,,,0,30.0,0,0
75,13,26,1,21,Y6084206,,,,0,30.0,0,0
75,13,26,1,22,Y6084207,,,,0,30.0,0,0
75,13,26,1,23,Y6084208,,,,0,30.0,0,0
75,13,26,1,24,Y6084209,,,,0,30.0,0,0
75,13,26,1,25,Y6084210,,,,0,30.0,0,0
75,13,26,1,26,Y6084211,,,,0,30.0,0,0
75,13,26,1,27,Y6084212,,,,0,30.0,0,0
75,13,26,1,28,Y6084213,,,,0,30.0,0,0
75,13,26,1,29,Y6084214,,,,0,30.0,0,0
75,13,26,1,30,Y6084215,,,,0,30.0,0,0
75,13,26,2,10,Y6084216,,,,0,30.0,0,0
75,13,26,2,11,Y6084217,,,,0,30.0,0,0
75,13,26,2,12,Y6084218,,,,0,30.0,0,0
75,13,26,2,13,Y6084219,,,,0,30.0,0,0
75,13,26,2,14,Y6084220,,,,0,30.0,0,0
75,13,26,2,15,Y6084221,,,,0,30.0,0,0
75,13,26,2,16,Y6084222,,,,0,30.0,0,0
75,13,26,2,17,Y6084223,,,,0,30.0,0,0
75,13,26,2,18,Y6084224,,,,0,30.0,0,0
75,13,26,2,19,Y6084225,,,,0,30.0,0,0
75,13,26,2,20,Y6084226,,,,0,30.0,0,0
75,13,26,2,21,Y6084227,,,,0,30.0,0,0
75,13,26,2,22,Y6084228,,,,0,30.0,0,0
75,13,26,2,23,Y6084229,,,,0,30.0,0,0
75,13,26,2,24,Y6084230,,,,0,30.0,0,0
75,13,26,2,25,Y6084231,,,,0,30.0,0,0
75,13,26,2,26,Y6084232,,,,0,30.0,0,0
75,13,26,2,27,Y6084233,,,,0,30.0,0,0
75,13,26,2,28,Y6084234,,,,0,30.0,0,0
75,13,26,2,29,Y6084235,,,,0,30.0,0,0
75,13,26,2,30,Y6084236,,,,0,30.0,0,0
75,13,26,3,10,Y6084237,,,,0,30.0,0,0
75,13,26,3,11,Y6084238,,,,0,30.0,0,0
75,13,26,3,12,Y6084239,,,,0,30.0,0,0
75,13,26,3,13,Y6084240,,,,0,30.0,0,0
75,13,26,3,14,Y6084241,,,,0,30.0,0,0
75,13,26,3,15,Y6084242,,,,0,30.0,0,0
75,13,26,3,16,Y6084243,,,,0,30.0,0,0
75,13,26,3,17,Y6084244,,,,0,30.0,0,0
75,13,26,3,18,Y6084245,,,,0,30.0,0,0
75,13,26,3,19,Y6084246,,,,0,30.0,0,0
75,13,26,3,20,Y6084247,,,,0,30.0,0,0
75,13,26,3,21,Y6084248,,,,0,30.0,0,0
75,13,26,3,22,Y6084249,,,,0,30.0,0,0
75,13,26,3,23,Y6084250,,,,0,30.0,0,0
75,13,26,3,24,Y6084251,,,,0,30.0,0,0
75,13,26,3,25,Y6084252,,,,0,30.0,0,0
75,13,26,3,26,Y6084253,,,,0,30.0,0,0
75,13,26,3,27,Y6084254,,,,0,30.0,0,0
75,13,26,3,28,Y6084255,,,,0,30.0,0,0
75,13,26,3,29,Y6084256,,,,0,30.0,0,0
75,13,26,3,30,Y6084257,,,,0,30.0,0,0
75,13,26,4,10,Y6084258,,,,0,30.0,0,0
75,13,26,4,11,Y6084259,,,,0,30.0,0,0
75,13,26,4,12,Y6084260,,,,0,30.0,0,0
75,13,26,4,13,Y6084261,,,,0,30.0,0,0
75,13,26,4,14,Y6084262,,,,0,30.0,0,0
75,13,26,4,15,Y6084263,,,,0,30.0,0,0
75,13,26,4,16,Y6084264,,,,0,30.0,0,0
75,13,26,4,17,Y6084265,,,,0,30.0,0,0
75,13,26,4,18,Y6084266,,,,0,30.0,0,0
75,13,26,4,19,Y6084267,,,,0,30.0,0,0
75,13,26,4,20,Y6084268,,,,0,30.0,0,0
75,13,26,4,21,Y6084269,,,,0,30.0,0,0
75,13,26,4,22,Y6084270,,,,0,30.0,0,0
75,13,26,4,23,Y6084271,,,,0,30.0,0,0
75,13,26,4,24,Y6084272,,,,0,30.0,0,0
75,13,26,4,25,Y6084273,,,,0,30.0,0,0
75,13,26,4,26,Y6084274,,,,0,30.0,0,0
75,13,26,4,27,Y6084275,,,,0,30.0,0,0
75,13,26,4,28,Y6084276,,,,0,30.0,0,0
75,13,26,4,29,Y6084277,,,,0,30.0,0,0
75,13,26,4,30,Y6084278,,,,0,30.0,0,0
75,13,26,5,10,Y6084279,,,,0,30.0,0,0
75,13,26,5,11,Y6084280,,,,0,30.0,0,0
75,13,26,5,12,Y6084281,,,,0,30.0,0,0
75,13,26,5,13,Y6084282,,,,0,30.0,0,0
75,13,26,5,14,Y6084283,,,,0,30.0,0,0
75,13,26,5,15,Y6084284,,,,0,30.0,0,0
75,13,26,5,16,Y6084285,,,,0,30.0,0,0
75,13,26,5,17,Y6084286,,,,0,30.0,0,0
75,13,26,5,18,Y6084287,,,,0,30.0,0,0
75,13,26,5,19,Y6084288,,,,0,30.0,0,0
75,13,26,5,20,Y6084289,,,,0,30.0,0,0
75,13,26,5,21,Y6084290,,,,0,30.0,0,0
75,13,26,5,22,Y6084291,,,,0,30.0,0,0
75,13,26,5,23,Y6084292,,,,0,30.0,0,0
75,13,26,5,24,Y6084293,,,,0,30.0,0,0
75,13,26,5,25,Y6084294,,,,0,30.0,0,0
75,13,26,5,26,Y6084295,,,,0,30.0,0,0
75,13,26,5,27,Y6084296,,,,0,30.0,0,0
75,13,26,5,28,Y6084297,,,,0,30.0,0,0
75,13,26,5,29,Y6084298,,,,0,30.0,0,0
75,13,26,5,30,Y6084299,,,,0,30.0,0,0
75,13,26,6,10,Y6084300,,,,0,30.0,0,0
75,13,26,6,11,Y6084301,,,,0,30.0,0,0
75,13,26,6,12,Y6084302,,,,0,30.0,0,0
75,13,26,6,13,Y6084303,,,,0,30.0,0,0
75,13,26,6,14,Y6084304,,,,0,30.0,0,0
75,13,26,6,15,Y6084305,,,,0,30.0,0,0
75,13,26,6,16,Y6084306,,,,0,30.0,0,0
75,13,26,6,17,Y6084307,,,,0,30.0,0,0
75,13,26,6,18,Y6084308,,,,0,30.0,0,0
75,13,26,6,19,Y6084309,,,,0,30.0,0,0
75,13,26,6,20,Y6084310,,,,0,30.0,0,0
75,13,26,6,21,Y6084311,,,,0,30.0,0,0
75,13,26,6,22,Y6084312,,,,0,30.0,0,0
75,13,26,6,23,Y6084313,,,,0,30.0,0,0
75,13,26,6,24,Y6084314,,,,0,30.0,0,0
75,13,26,6,25,Y6084315,,,,0,30.0,0,0
75,13,26,6,26,Y6084316,,,,0,30.0,0,0
75,13,26,6,27,Y6084317,,,,0,30.0,0,0
75,13,26,6,28,Y6084318,,,,0,30.0,0,0
75,13,26,6,29,Y6084319,,,,0,30.0,0,0
75,13,26,6,30,Y6084320,,,,0,30.0,0,0
75,13,26,7,10,Y6084321,,,,0,30.0,0,0
75,13,26,7,11,Y6084322,,,,0,30.0,0,0
75,13,26,7,12,Y6084323,,,,0,30.0,0,0
75,13,26,7,13,Y6084324,,,,0,30.0,0,0
75,13,26,7,14,Y6084325,,,,0,30.0,0,0
75,13,26,7,15,Y6084326,,,,0,30.0,0,0
75,13,26,7,16,Y6084327,,,,0,30.0,0,0
75,13,26,7,17,Y6084328,,,,0,30.0,0,0
75,13,26,7,18,Y6084329,,,,0,30.0,0,0
75,13,26,7,19,Y6084330,,,,0,30.0,0,0
75,13,26,7,20,Y6084331,,,,0,30.0,0,0
75,13,26,7,21,Y6084332,,,,0,30.0,0,0
75,13,26,7,22,Y6084333,,,,0,30.0,0,0
75,13,26,7,23,Y6084334,,,,0,30.0,0,0
75,13,26,7,24,Y6084335,,,,0,30.0,0,0
75,13,26,7,25,Y6084336,,,,0,30.0,0,0
75,13,26,7,26,Y6084337,,,,0,30.0,0,0
75,13,26,7,27,Y6084338,,,,0,30.0,0,0
75,13,26,7,28,Y6084339,,,,0,30.0,0,0
75,13,26,7,29,Y6084340,,,,0,30.0,0,0
75,13,26,7,30,Y6084341,,,,0,30.0,0,0
75,13,26,8,10,Y6084342,,,,0,30.0,0,0
75,13,26,8,11,Y6084343,,,,0,30.0,0,0
75,13,26,8,12,Y6084344,,,,0,30.0,0,0
75,13,26,8,13,Y6084345,,,,0,30.0,0,0
75,13,26,8,14,Y6084346,,,,0,30.0,0,0
75,13,26,8,15,Y6084347,,,,0,30.0,0,0
75,13,26,8,16,Y6084348,,,,0,30.0,0,0
75,13,26,8,17,Y6084349,,,,0,30.0,0,0
75,13,26,8,18,Y6084350,,,,0,30.0,0,0
75,13,26,8,19,Y6084351,,,,0,30.0,0,0
75,13,26,8,20,Y6084352,,,,0,30.0,0,0
75,13,26,8,21,Y6084353,,,,0,30.0,0,0
75,13,26,8,22,Y6084354,,,,0,30.0,0,0
75,13,26,8,23,Y6084355,,,,0,30.0,0,0
75,13,26,8,24,Y6084356,,,,0,30.0,0,0
75,13,26,8,25,Y6084357,,,,0,30.0,0,0
75,13,26,8,26,Y6084358,,,,0,30.0,0,0
75,13,26,8,27,Y6084359,,,,0,30.0,0,0
75,13,26,8,28,Y6084360,,,,0,30.0,0,0
75,13,26,8,29,Y6084361,,,,0,30.0,0,0
75,13,26,8,30,Y6084362,,,,0,30.0,0,0
75,13,26,9,10,Y6084363,,,,0,30.0,0,0
75,13,26,9,11,Y6084364,,,,0,30.0,0,0
75,13,26,9,12,Y6084365,,,,0,30.0,0,0
75,13,26,9,13,Y6084366,,,,0,30.0,0,0
75,13,26,9,14,Y6084367,,,,0,30.0,0,0
75,13,26,9,15,Y6084368,,,,0,30.0,0,0
75,13,26,9,16,Y6084369,,,,0,30.0,0,0
75,13,26,9,17,Y6084370,,,,0,30.0,0,0
75,13,26,9,18,Y6084371,,,,0,30.0,0,0
75,13,26,9,19,Y6084372,,,,0,30.0,0,0
75,13,26,9,20,Y6084373,,,,0,30.0,0,0
75,13,26,9,21,Y6084374,,,,0,30.0,0,0
75,13,26,9,22,Y6084375,,,,0,30.0,0,0
75,13,26,9,23,Y6084376,,,,0,30.0,0,0
75,13,26,9,24,Y6084377,,,,0,30.0,0,0
75,13,26,9,25,Y6084378,,,,0,30.0,0,0
75,13,26,9,26,Y6084379,,,,0,30.0,0,0
75,13,26,9,27,Y6084380,,,,0,30.0,0,0
75,13,26,9,28,Y6084381,,,,0,30.0,0,0
75,13,26,9,29,Y6084382,,,,0,30.0,0,0
75,13,26,9,30,Y6084383,,,,0,30.0,0,0
75,13,26,10,10,Y6084384,,,,0,30.0,0,0
75,13,26,10,11,Y6084385,,,,0,30.0,0,0
75,13,26,10,12,Y6084386,,,,0,30.0,0,0
75,13,26,10,13,Y6084387,,,,0,30.0,0,0
75,13,26,10,14,Y6084388,,,,0,30.0,0,0
75,13,26,10,15,Y6084389,,,,0,30.0,0,0
75,13,26,10,16,Y6084390,,,,0,30.0,0,0
75,13,26,10,17,Y6084391,,,,0,30.0,0,0
75,13,26,10,18,Y6084392,,,,0,30.0,0,0
75,13,26,10,19,Y6084393,,,,0,30.0,0,0
75,13,26,10,20,Y6084394,,,,0,30.0,0,0
75,13,26,10,21,Y6084395,,,,0,30.0,0,0
75,13,26,10,22,Y6084396,,,,0,30.0,0,0
75,13,26,10,23,Y6084397,,,,0,30.0,0,0
75,13,26,10,24,Y6084398,,,,0,30.0,0,0
75,13,26,10,25,Y6084399,,,,0,30.0,0,0
75,13,26,10,26,Y6084400,,,,0,30.0,0,0
75,13,26,10,27,Y6084401,,,,0,30.0,0,0
75,13,26,10,28,Y6084402,,,,0,30.0,0,0
75,13,26,10,29,Y6084403,,,,0,30.0,0,0
75,13,26,10,30,Y6084404,,,,0,30.0,0,0
75,13,26,11,10,Y6084405,,,,0,30.0,0,0
75,13,26,11,11,Y6084406,,,,0,30.0,0,0
75,13,26,11,12,Y6084407,,,,0,30.0,0,0
75,13,26,11,13,Y6084408,,,,0,30.0,0,0
75,13,26,11,14,Y6084409,,,,0,30.0,0,0
75,13,26,11,15,Y6084410,,,,0,30.0,0,0
75,13,26,11,16,Y6084411,,,,0,30.0,0,0
75,13,26,11,17,Y6084412,,,,0,30.0,0,0
75,13,26,11,18,Y6084413,,,,0,30.0,0,0
75,13,26,11,19,Y6084414,,,,0,30.0,0,0
75,13,26,11,20,Y6084415,,,,0,30.0,0,0
75,13,26,11,21,Y6084416,,,,0,30.0,0,0
75,13,26,11,22,Y6084417,,,,0,30.0,0,0
75,13,26,11,23,Y6084418,,,,0,30.0,0,0
75,13,26,11,24,Y6084419,,,,0,30.0,0,0
75,13,26,11,25,Y6084420,,,,0,30.0,0,0
75,13,26,11,26,Y6084421,,,,0,30.0,0,0
75,13,26,11,27,Y6084422,,,,0,30.0,0,0
75,13,26,11,28,Y6084423,,,,0,30.0,0,0
75,13,26,11,29,Y6084424,,,,0,30.0,0,0
75,13,26,11,30,Y6084425,,,,0,30.0,0,0
75,13,26,12,10,Y6084426,,,,0,30.0,0,0
75,13,26,12,11,Y6084427,,,,0,30.0,0,0
75,13,26,12,12,Y6084428,,,,0,30.0,0,0
75,13,26,12,13,Y6084429,,,,0,30.0,0,0
75,13,26,12,14,Y6084430,,,,0,30.0,0,0
75,13,26,12,15,Y6084431,,,,0,30.0,0,0
75,13,26,12,16,Y6084432,,,,0,30.0,0,0
75,13,26,12,17,Y6084433,,,,0,30.0,0,0
75,13,26,12,18,Y6084434,,,,0,30.0,0,0
75,13,26,12,19,Y6084435,,,,0,30.0,0,0
75,13,26,12,20,Y6084436,,,,0,30.0,0,0
75,13,26,12,21,Y6084437,,,,0,30.0,0,0
75,13,26,12,22,Y6084438,,,,0,30.0,0,0
75,13,26,12,23,Y6084439,,,,0,30.0,0,0
75,13,26,12,24,Y6084440,,,,0,30.0,0,0
75,13,26,12,25,Y6084441,,,,0,30.0,0,0
75,13,26,12,26,Y6084442,,,,0,30.0,0,0
75,13,26,12,27,Y6084443,,,,0,30.0,0,0
75,13,26,12,28,Y6084444,,,,0,30.0,0,0
75,13,26,12,29,Y6084445,,,,0,30.0,0,0
75,13,26,12,30,Y6084446,,,,0,30.0,0,0
75,13,27,1,10,Y6084447,,,,0,30.0,0,0
75,13,27,1,11,Y6084448,,,,0,30.0,0,0
75,13,27,1,12,Y6084449,,,,0,30.0,0,0
75,13,27,1,13,Y6084450,,,,0,30.0,0,0
75,13,27,1,14,Y6084451,,,,0,30.0,0,0
75,13,27,1,15,Y6084452,,,,0,30.0,0,0
75,13,27,1,16,Y6084453,,,,0,30.0,0,0
75,13,27,1,17,Y6084454,,,,0,30.0,0,0
75,13,27,1,18,Y6084455,,,,0,30.0,0,0
75,13,27,1,19,Y6084456,,,,0,30.0,0,0
75,13,27,1,20,Y6084457,,,,0,30.0,0,0
75,13,27,1,21,Y6084458,,,,0,30.0,0,0
75,13,27,1,22,Y6084459,,,,0,30.0,0,0
75,13,27,1,23,Y6084460,,,,0,30.0,0,0
75,13,27,1,24,Y6084461,,,,0,30.0,0,0
75,13,27,1,25,Y6084462,,,,0,30.0,0,0
75,13,27,1,26,Y6084463,,,,0,30.0,0,0
75,13,27,1,27,Y6084464,,,,0,30.0,0,0
75,13,27,1,28,Y6084465,,,,0,30.0,0,0
75,13,27,1,29,Y6084466,,,,0,30.0,0,0
75,13,27,1,30,Y6084467,,,,0,30.0,0,0
75,13,27,2,10,Y6084468,,,,0,30.0,0,0
75,13,27,2,11,Y6084469,,,,0,30.0,0,0
75,13,27,2,12,Y6084470,,,,0,30.0,0,0
75,13,27,2,13,Y6084471,,,,0,30.0,0,0
75,13,27,2,14,Y6084472,,,,0,30.0,0,0
75,13,27,2,15,Y6084473,,,,0,30.0,0,0
75,13,27,2,16,Y6084474,,,,0,30.0,0,0
75,13,27,2,17,Y6084475,,,,0,30.0,0,0
75,13,27,2,18,Y6084476,,,,0,30.0,0,0
75,13,27,2,19,Y6084477,,,,0,30.0,0,0
75,13,27,2,20,Y6084478,,,,0,30.0,0,0
75,13,27,2,21,Y6084479,,,,0,30.0,0,0
75,13,27,2,22,Y6084480,,,,0,30.0,0,0
75,13,27,2,23,Y6084481,,,,0,30.0,0,0
75,13,27,2,24,Y6084482,,,,0,30.0,0,0
75,13,27,2,25,Y6084483,,,,0,30.0,0,0
75,13,27,2,26,Y6084484,,,,0,30.0,0,0
75,13,27,2,27,Y6084485,,,,0,30.0,0,0
75,13,27,2,28,Y6084486,,,,0,30.0,0,0
75,13,27,2,29,Y6084487,,,,0,30.0,0,0
75,13,27,2,30,Y6084488,,,,0,30.0,0,0
75,13,27,3,10,Y6084489,,,,0,30.0,0,0
75,13,27,3,11,Y6084490,,,,0,30.0,0,0
75,13,27,3,12,Y6084491,,,,0,30.0,0,0
75,13,27,3,13,Y6084492,,,,0,30.0,0,0
75,13,27,3,14,Y6084493,,,,0,30.0,0,0
75,13,27,3,15,Y6084494,,,,0,30.0,0,0
75,13,27,3,16,Y6084495,,,,0,30.0,0,0
75,13,27,3,17,Y6084496,,,,0,30.0,0,0
75,13,27,3,18,Y6084497,,,,0,30.0,0,0
75,13,27,3,19,Y6084498,,,,0,30.0,0,0
75,13,27,3,20,Y6084499,,,,0,30.0,0,0
75,13,27,3,21,Y6084500,,,,0,30.0,0,0
75,13,27,3,22,Y6084501,,,,0,30.0,0,0
75,13,27,3,23,Y6084502,,,,0,30.0,0,0
75,13,27,3,24,Y6084503,,,,0,30.0,0,0
75,13,27,3,25,Y6084504,,,,0,30.0,0,0
75,13,27,3,26,Y6084505,,,,0,30.0,0,0
75,13,27,3,27,Y6084506,,,,0,30.0,0,0
75,13,27,3,28,Y6084507,,,,0,30.0,0,0
75,13,27,3,29,Y6084508,,,,0,30.0,0,0
75,13,27,3,30,Y6084509,,,,0,30.0,0,0
75,13,27,4,10,Y6084510,,,,0,30.0,0,0
75,13,27,4,11,Y6084511,,,,0,30.0,0,0
75,13,27,4,12,Y6084512,,,,0,30.0,0,0
75,13,27,4,13,Y6084513,,,,0,30.0,0,0
75,13,27,4,14,Y6084514,,,,0,30.0,0,0
75,13,27,4,15,Y6084515,,,,0,30.0,0,0
75,13,27,4,16,Y6084516,,,,0,30.0,0,0
75,13,27,4,17,Y6084517,,,,0,30.0,0,0
75,13,27,4,18,Y6084518,,,,0,30.0,0,0
75,13,27,4,19,Y6084519,,,,0,30.0,0,0
75,13,27,4,20,Y6084520,,,,0,30.0,0,0
75,13,27,4,21,Y6084521,,,,0,30.0,0,0
75,13,27,4,22,Y6084522,,,,0,30.0,0,0
75,13,27,4,23,Y6084523,,,,0,30.0,0,0
75,13,27,4,24,Y6084524,,,,0,30.0,0,0
75,13,27,4,25,Y6084525,,,,0,30.0,0,0
75,13,27,4,26,Y6084526,,,,0,30.0,0,0
75,13,27,4,27,Y6084527,,,,0,30.0,0,0
75,13,27,4,28,Y6084528,,,,0,30.0,0,0
75,13,27,4,29,Y6084529,,,,0,30.0,0,0
75,13,27,4,30,Y6084530,,,,0,30.0,0,0
75,13,27,5,10,Y6084531,,,,0,30.0,0,0
75,13,27,5,11,Y6084532,,,,0,30.0,0,0
75,13,27,5,12,Y6084533,,,,0,30.0,0,0
75,13,27,5,13,Y6084534,,,,0,30.0,0,0
75,13,27,5,14,Y6084535,,,,0,30.0,0,0
75,13,27,5,15,Y6084536,,,,0,30.0,0,0
75,13,27,5,16,Y6084537,,,,0,30.0,0,0
75,13,27,5,17,Y6084538,,,,0,30.0,0,0
75,13,27,5,18,Y6084539,,,,0,30.0,0,0
75,13,27,5,19,Y6084540,,,,0,30.0,0,0
75,13,27,5,20,Y6084541,,,,0,30.0,0,0
75,13,27,5,21,Y6084542,,,,0,30.0,0,0
75,13,27,5,22,Y6084543,,,,0,30.0,0,0
75,13,27,5,23,Y6084544,,,,0,30.0,0,0
75,13,27,5,24,Y6084545,,,,0,30.0,0,0
75,13,27,5,25,Y6084546,,,,0,30.0,0,0
75,13,27,5,26,Y6084547,,,,0,30.0,0,0
75,13,27,5,27,Y6084548,,,,0,30.0,0,0
75,13,27,5,28,Y6084549,,,,0,30.0,0,0
75,13,27,5,29,Y6084550,,,,0,30.0,0,0
75,13,27,5,30,Y6084551,,,,0,30.0,0,0
75,13,27,6,10,Y6084552,,,,0,30.0,0,0
75,13,27,6,11,Y6084553,,,,0,30.0,0,0
75,13,27,6,12,Y6084554,,,,0,30.0,0,0
75,13,27,6,13,Y6084555,,,,0,30.0,0,0
75,13,27,6,14,Y6084556,,,,0,30.0,0,0
75,13,27,6,15,Y6084557,,,,0,30.0,0,0
75,13,27,6,16,Y6084558,,,,0,30.0,0,0
75,13,27,6,17,Y6084559,,,,0,30.0,0,0
75,13,27,6,18,Y6084560,,,,0,30.0,0,0
75,13,27,6,19,Y6084561,,,,0,30.0,0,0
75,13,27,6,20,Y6084562,,,,0,30.0,0,0
75,13,27,6,21,Y6084563,,,,0,30.0,0,0
75,13,27,6,22,Y6084564,,,,0,30.0,0,0
75,13,27,6,23,Y6084565,,,,0,30.0,0,0
75,13,27,6,24,Y6084566,,,,0,30.0,0,0
75,13,27,6,25,Y6084567,,,,0,30.0,0,0
75,13,27,6,26,Y6084568,,,,0,30.0,0,0
75,13,27,6,27,Y6084569,,,,0,30.0,0,0
75,13,27,6,28,Y6084570,,,,0,30.0,0,0
75,13,27,6,29,Y6084571,,,,0,30.0,0,0
75,13,27,6,30,Y6084572,,,,0,30.0,0,0
75,13,27,7,10,Y6084573,,,,0,30.0,0,0
75,13,27,7,11,Y6084574,,,,0,30.0,0,0
75,13,27,7,12,Y6084575,,,,0,30.0,0,0
75,13,27,7,13,Y6084576,,,,0,30.0,0,0
75,13,27,7,14,Y6084577,,,,0,30.0,0,0
75,13,27,7,15,Y6084578,,,,0,30.0,0,0
75,13,27,7,16,Y6084579,,,,0,30.0,0,0
75,13,27,7,17,Y6084580,,,,0,30.0,0,0
75,13,27,7,18,Y6084581,,,,0,30.0,0,0
75,13,27,7,19,Y6084582,,,,0,30.0,0,0
75,13,27,7,20,Y6084583,,,,0,30.0,0,0
75,13,27,7,21,Y6084584,,,,0,30.0,0,0
75,13,27,7,22,Y6084585,,,,0,30.0,0,0
75,13,27,7,23,Y6084586,,,,0,30.0,0,0
75,13,27,7,24,Y6084587,,,,0,30.0,0,0
75,13,27,7,25,Y6084588,,,,0,30.0,0,0
75,13,27,7,26,Y6084589,,,,0,30.0,0,0
75,13,27,7,27,Y6084590,,,,0,30.0,0,0
75,13,27,7,28,Y6084591,,,,0,30.0,0,0
75,13,27,7,29,Y6084592,,,,0,30.0,0,0
75,13,27,7,30,Y6084593,,,,0,30.0,0,0
75,13,27,8,10,Y6084594,,,,0,30.0,0,0
75,13,27,8,11,Y6084595,,,,0,30.0,0,0
75,13,27,8,12,Y6084596,,,,0,30.0,0,0
75,13,27,8,13,Y6084597,,,,0,30.0,0,0
75,13,27,8,14,Y6084598,,,,0,30.0,0,0
75,13,27,8,15,Y6084599,,,,0,30.0,0,0
75,13,27,8,16,Y6084600,,,,0,30.0,0,0
75,13,27,8,17,Y6084601,,,,0,30.0,0,0
75,13,27,8,18,Y6084602,,,,0,30.0,0,0
75,13,27,8,19,Y6084603,,,,0,30.0,0,0
75,13,27,8,20,Y6084604,,,,0,30.0,0,0
75,13,27,8,21,Y6084605,,,,0,30.0,0,0
75,13,27,8,22,Y6084606,,,,0,30.0,0,0
75,13,27,8,23,Y6084607,,,,0,30.0,0,0
75,13,27,8,24,Y6084608,,,,0,30.0,0,0
75,13,27,8,25,Y6084609,,,,0,30.0,0,0
75,13,27,8,26,Y6084610,,,,0,30.0,0,0
75,13,27,8,27,Y6084611,,,,0,30.0,0,0
75,13,27,8,28,Y6084612,,,,0,30.0,0,0
75,13,27,8,29,Y6084613,,,,0,30.0,0,0
75,13,27,8,30,Y6084614,,,,0,30.0,0,0
75,13,27,9,10,Y6084615,,,,0,30.0,0,0
75,13,27,9,11,Y6084616,,,,0,30.0,0,0
75,13,27,9,12,Y6084617,,,,0,30.0,0,0
75,13,27,9,13,Y6084618,,,,0,30.0,0,0
75,13,27,9,14,Y6084619,,,,0,30.0,0,0
75,13,27,9,15,Y6084620,,,,0,30.0,0,0
75,13,27,9,16,Y6084621,,,,0,30.0,0,0
75,13,27,9,17,Y6084622,,,,0,30.0,0,0
75,13,27,9,18,Y6084623,,,,0,30.0,0,0
75,13,27,9,19,Y6084624,,,,0,30.0,0,0
75,13,27,9,20,Y6084625,,,,0,30.0,0,0
75,13,27,9,21,Y6084626,,,,0,30.0,0,0
75,13,27,9,22,Y6084627,,,,0,30.0,0,0
75,13,27,9,23,Y6084628,,,,0,30.0,0,0
75,13,27,9,24,Y6084629,,,,0,30.0,0,0
75,13,27,9,25,Y6084630,,,,0,30.0,0,0
75,13,27,9,26,Y6084631,,,,0,30.0,0,0
75,13,27,9,27,Y6084632,,,,0,30.0,0,0
75,13,27,9,28,Y6084633,,,,0,30.0,0,0
75,13,27,9,29,Y6084634,,,,0,30.0,0,0
75,13,27,9,30,Y6084635,,,,0,30.0,0,0
75,13,27,10,10,Y6084636,,,,0,30.0,0,0
75,13,27,10,11,Y6084637,,,,0,30.0,0,0
75,13,27,10,12,Y6084638,,,,0,30.0,0,0
75,13,27,10,13,Y6084639,,,,0,30.0,0,0
75,13,27,10,14,Y6084640,,,,0,30.0,0,0
75,13,27,10,15,Y6084641,,,,0,30.0,0,0
75,13,27,10,16,Y6084642,,,,0,30.0,0,0
75,13,27,10,17,Y6084643,,,,0,30.0,0,0
75,13,27,10,18,Y6084644,,,,0,30.0,0,0
75,13,27,10,19,Y6084645,,,,0,30.0,0,0
75,13,27,10,20,Y6084646,,,,0,30.0,0,0
75,13,27,10,21,Y6084647,,,,0,30.0,0,0
75,13,27,10,22,Y6084648,,,,0,30.0,0,0
75,13,27,10,23,Y6084649,,,,0,30.0,0,0
75,13,27,10,24,Y6084650,,,,0,30.0,0,0
75,13,27,10,25,Y6084651,,,,0,30.0,0,0
75,13,27,10,26,Y6084652,,,,0,30.0,0,0
75,13,27,10,27,Y6084653,,,,0,30.0,0,0
75,13,27,10,28,Y6084654,,,,0,30.0,0,0
75,13,27,10,29,Y6084655,,,,0,30.0,0,0
75,13,27,10,30,Y6084656,,,,0,30.0,0,0
75,13,27,11,10,Y6084657,,,,0,30.0,0,0
75,13,27,11,11,Y6084658,,,,0,30.0,0,0
75,13,27,11,12,Y6084659,,,,0,30.0,0,0
75,13,27,11,13,Y6084660,,,,0,30.0,0,0
75,13,27,11,14,Y6084661,,,,0,30.0,0,0
75,13,27,11,15,Y6084662,,,,0,30.0,0,0
75,13,27,11,16,Y6084663,,,,0,30.0,0,0
75,13,27,11,17,Y6084664,,,,0,30.0,0,0
75,13,27,11,18,Y6084665,,,,0,30.0,0,0
75,13,27,11,19,Y6084666,,,,0,30.0,0,0
75,13,27,11,20,Y6084667,,,,0,30.0,0,0
75,13,27,11,21,Y6084668,,,,0,30.0,0,0
75,13,27,11,22,Y6084669,,,,0,30.0,0,0
75,13,27,11,23,Y6084670,,,,0,30.0,0,0
75,13,27,11,24,Y6084671,,,,0,30.0,0,0
75,13,27,11,25,Y6084672,,,,0,30.0,0,0
75,13,27,11,26,Y6084673,,,,0,30.0,0,0
75,13,27,11,27,Y6084674,,,,0,30.0,0,0
75,13,27,11,28,Y6084675,,,,0,30.0,0,0
75,13,27,11,29,Y6084676,,,,0,30.0,0,0
75,13,27,11,30,Y6084677,,,,0,30.0,0,0
75,13,27,12,10,Y6084678,,,,0,30.0,0,0
75,13,27,12,11,Y6084679,,,,0,30.0,0,0
75,13,27,12,12,Y6084680,,,,0,30.0,0,0
75,13,27,12,13,Y6084681,,,,0,30.0,0,0
75,13,27,12,14,Y6084682,,,,0,30.0,0,0
75,13,27,12,15,Y6084683,,,,0,30.0,0,0
75,13,27,12,16,Y6084684,,,,0,30.0,0,0
75,13,27,12,17,Y6084685,,,,0,30.0,0,0
75,13,27,12,18,Y6084686,,,,0,30.0,0,0
75,13,27,12,19,Y6084687,,,,0,30.0,0,0
75,13,27,12,20,Y6084688,,,,0,30.0,0,0
75,13,27,12,21,Y6084689,,,,0,30.0,0,0
75,13,27,12,22,Y6084690,,,,0,30.0,0,0
75,13,27,12,23,Y6084691,,,,0,30.0,0,0
75,13,27,12,24,Y6084692,,,,0,30.0,0,0
75,13,27,12,25,Y6084693,,,,0,30.0,0,0
75,13,27,12,26,Y6084694,,,,0,30.0,0,0
75,13,27,12,27,Y6084695,,,,0,30.0,0,0
75,13,27,12,28,Y6084696,,,,0,30.0,0,0
75,13,27,12,29,Y6084697,,,,0,30.0,0,0
75,13,27,12,30,Y6084698,,,,0,30.0,0,0
75,13,28,1,10,Y6084699,,,,0,30.0,0,0
75,13,28,1,11,Y6084700,,,,0,30.0,0,0
75,13,28,1,12,Y6084701,,,,0,30.0,0,0
75,13,28,1,13,Y6084702,,,,0,30.0,0,0
75,13,28,1,14,Y6084703,,,,0,30.0,0,0
75,13,28,1,15,Y6084704,,,,0,30.0,0,0
75,13,28,1,16,Y6084705,,,,0,30.0,0,0
75,13,28,1,17,Y6084706,,,,0,30.0,0,0
75,13,28,1,18,Y6084707,,,,0,30.0,0,0
75,13,28,1,19,Y6084708,,,,0,30.0,0,0
75,13,28,1,20,Y6084709,,,,0,30.0,0,0
75,13,28,1,21,Y6084710,,,,0,30.0,0,0
75,13,28,1,22,Y6084711,,,,0,30.0,0,0
75,13,28,1,23,Y6084712,,,,0,30.0,0,0
75,13,28,1,24,Y6084713,,,,0,30.0,0,0
75,13,28,1,25,Y6084714,,,,0,30.0,0,0
75,13,28,1,26,Y6084715,,,,0,30.0,0,0
75,13,28,1,27,Y6084716,,,,0,30.0,0,0
75,13,28,1,28,Y6084717,,,,0,30.0,0,0
75,13,28,1,29,Y6084718,,,,0,30.0,0,0
75,13,28,1,30,Y6084719,,,,0,30.0,0,0
75,13,28,2,10,Y6084720,,,,0,30.0,0,0
75,13,28,2,11,Y6084721,,,,0,30.0,0,0
75,13,28,2,12,Y6084722,,,,0,30.0,0,0
75,13,28,2,13,Y6084723,,,,0,30.0,0,0
75,13,28,2,14,Y6084724,,,,0,30.0,0,0
75,13,28,2,15,Y6084725,,,,0,30.0,0,0
75,13,28,2,16,Y6084726,,,,0,30.0,0,0
75,13,28,2,17,Y6084727,,,,0,30.0,0,0
75,13,28,2,18,Y6084728,,,,0,30.0,0,0
75,13,28,2,19,Y6084729,,,,0,30.0,0,0
75,13,28,2,20,Y6084730,,,,0,30.0,0,0
75,13,28,2,21,Y6084731,,,,0,30.0,0,0
75,13,28,2,22,Y6084732,,,,0,30.0,0,0
75,13,28,2,23,Y6084733,,,,0,30.0,0,0
75,13,28,2,24,Y6084734,,,,0,30.0,0,0
75,13,28,2,25,Y6084735,,,,0,30.0,0,0
75,13,28,2,26,Y6084736,,,,0,30.0,0,0
75,13,28,2,27,Y6084737,,,,0,30.0,0,0
75,13,28,2,28,Y6084738,,,,0,30.0,0,0
75,13,28,2,29,Y6084739,,,,0,30.0,0,0
75,13,28,2,30,Y6084740,,,,0,30.0,0,0
75,13,28,3,10,Y6084741,,,,0,30.0,0,0
75,13,28,3,11,Y6084742,,,,0,30.0,0,0
75,13,28,3,12,Y6084743,,,,0,30.0,0,0
75,13,28,3,13,Y6084744,,,,0,30.0,0,0
75,13,28,3,14,Y6084745,,,,0,30.0,0,0
75,13,28,3,15,Y6084746,,,,0,30.0,0,0
75,13,28,3,16,Y6084747,,,,0,30.0,0,0
75,13,28,3,17,Y6084748,,,,0,30.0,0,0
75,13,28,3,18,Y6084749,,,,0,30.0,0,0
75,13,28,3,19,Y6084750,,,,0,30.0,0,0
75,13,28,3,20,Y6084751,,,,0,30.0,0,0
75,13,28,3,21,Y6084752,,,,0,30.0,0,0
75,13,28,3,22,Y6084753,,,,0,30.0,0,0
75,13,28,3,23,Y6084754,,,,0,30.0,0,0
75,13,28,3,24,Y6084755,,,,0,30.0,0,0
75,13,28,3,25,Y6084756,,,,0,30.0,0,0
75,13,28,3,26,Y6084757,,,,0,30.0,0,0
75,13,28,3,27,Y6084758,,,,0,30.0,0,0
75,13,28,3,28,Y6084759,,,,0,30.0,0,0
75,13,28,3,29,Y6084760,,,,0,30.0,0,0
75,13,28,3,30,Y6084761,,,,0,30.0,0,0
75,13,28,4,10,Y6084762,,,,0,30.0,0,0
75,13,28,4,11,Y6084763,,,,0,30.0,0,0
75,13,28,4,12,Y6084764,,,,0,30.0,0,0
75,13,28,4,13,Y6084765,,,,0,30.0,0,0
75,13,28,4,14,Y6084766,,,,0,30.0,0,0
75,13,28,4,15,Y6084767,,,,0,30.0,0,0
75,13,28,4,16,Y6084768,,,,0,30.0,0,0
75,13,28,4,17,Y6084769,,,,0,30.0,0,0
75,13,28,4,18,Y6084770,,,,0,30.0,0,0
75,13,28,4,19,Y6084771,,,,0,30.0,0,0
75,13,28,4,20,Y6084772,,,,0,30.0,0,0
75,13,28,4,21,Y6084773,,,,0,30.0,0,0
75,13,28,4,22,Y6084774,,,,0,30.0,0,0
75,13,28,4,23,Y6084775,,,,0,30.0,0,0
75,13,28,4,24,Y6084776,,,,0,30.0,0,0
75,13,28,4,25,Y6084777,,,,0,30.0,0,0
75,13,28,4,26,Y6084778,,,,0,30.0,0,0
75,13,28,4,27,Y6084779,,,,0,30.0,0,0
75,13,28,4,28,Y6084780,,,,0,30.0,0,0
75,13,28,4,29,Y6084781,,,,0,30.0,0,0
75,13,28,4,30,Y6084782,,,,0,30.0,0,0
75,13,28,5,10,Y6084783,,,,0,30.0,0,0
75,13,28,5,11,Y6084784,,,,0,30.0,0,0
75,13,28,5,12,Y6084785,,,,0,30.0,0,0
75,13,28,5,13,Y6084786,,,,0,30.0,0,0
75,13,28,5,14,Y6084787,,,,0,30.0,0,0
75,13,28,5,15,Y6084788,,,,0,30.0,0,0
75,13,28,5,16,Y6084789,,,,0,30.0,0,0
75,13,28,5,17,Y6084790,,,,0,30.0,0,0
75,13,28,5,18,Y6084791,,,,0,30.0,0,0
75,13,28,5,19,Y6084792,,,,0,30.0,0,0
75,13,28,5,20,Y6084793,,,,0,30.0,0,0
75,13,28,5,21,Y6084794,,,,0,30.0,0,0
75,13,28,5,22,Y6084795,,,,0,30.0,0,0
75,13,28,5,23,Y6084796,,,,0,30.0,0,0
75,13,28,5,24,Y6084797,,,,0,30.0,0,0
75,13,28,5,25,Y6084798,,,,0,30.0,0,0
75,13,28,5,26,Y6084799,,,,0,30.0,0,0
75,13,28,5,27,Y6084800,,,,0,30.0,0,0
75,13,28,5,28,Y6084801,,,,0,30.0,0,0
75,13,28,5,29,Y6084802,,,,0,30.0,0,0
75,13,28,5,30,Y6084803,,,,0,30.0,0,0
75,13,28,6,10,Y6084804,,,,0,30.0,0,0
75,13,28,6,11,Y6084805,,,,0,30.0,0,0
75,13,28,6,12,Y6084806,,,,0,30.0,0,0
75,13,28,6,13,Y6084807,,,,0,30.0,0,0
75,13,28,6,14,Y6084808,,,,0,30.0,0,0
75,13,28,6,15,Y6084809,,,,0,30.0,0,0
75,13,28,6,16,Y6084810,,,,0,30.0,0,0
75,13,28,6,17,Y6084811,,,,0,30.0,0,0
75,13,28,6,18,Y6084812,,,,0,30.0,0,0
75,13,28,6,19,Y6084813,,,,0,30.0,0,0
75,13,28,6,20,Y6084814,,,,0,30.0,0,0
75,13,28,6,21,Y6084815,,,,0,30.0,0,0
75,13,28,6,22,Y6084816,,,,0,30.0,0,0
75,13,28,6,23,Y6084817,,,,0,30.0,0,0
75,13,28,6,24,Y6084818,,,,0,30.0,0,0
75,13,28,6,25,Y6084819,,,,0,30.0,0,0
75,13,28,6,26,Y6084820,,,,0,30.0,0,0
75,13,28,6,27,Y6084821,,,,0,30.0,0,0
75,13,28,6,28,Y6084822,,,,0,30.0,0,0
75,13,28,6,29,Y6084823,,,,0,30.0,0,0
75,13,28,6,30,Y6084824,,,,0,30.0,0,0
75,13,28,7,10,Y6084825,,,,0,30.0,0,0
75,13,28,7,11,Y6084826,,,,0,30.0,0,0
75,13,28,7,12,Y6084827,,,,0,30.0,0,0
75,13,28,7,13,Y6084828,,,,0,30.0,0,0
75,13,28,7,14,Y6084829,,,,0,30.0,0,0
75,13,28,7,15,Y6084830,,,,0,30.0,0,0
75,13,28,7,16,Y6084831,,,,0,30.0,0,0
75,13,28,7,17,Y6084832,,,,0,30.0,0,0
75,13,28,7,18,Y6084833,,,,0,30.0,0,0
75,13,28,7,19,Y6084834,,,,0,30.0,0,0
75,13,28,7,20,Y6084835,,,,0,30.0,0,0
75,13,28,7,21,Y6084836,,,,0,30.0,0,0
75,13,28,7,22,Y6084837,,,,0,30.0,0,0
75,13,28,7,23,Y6084838,,,,0,30.0,0,0
75,13,28,7,24,Y6084839,,,,0,30.0,0,0
75,13,28,7,25,Y6084840,,,,0,30.0,0,0
75,13,28,7,26,Y6084841,,,,0,30.0,0,0
75,13,28,7,27,Y6084842,,,,0,30.0,0,0
75,13,28,7,28,Y6084843,,,,0,30.0,0,0
75,13,28,7,29,Y6084844,,,,0,30.0,0,0
75,13,28,7,30,Y6084845,,,,0,30.0,0,0
75,13,28,8,10,Y6084846,,,,0,30.0,0,0
75,13,28,8,11,Y6084847,,,,0,30.0,0,0
75,13,28,8,12,Y6084848,,,,0,30.0,0,0
75,13,28,8,13,Y6084849,,,,0,30.0,0,0
75,13,28,8,14,Y6084850,,,,0,30.0,0,0
75,13,28,8,15,Y6084851,,,,0,30.0,0,0
75,13,28,8,16,Y6084852,,,,0,30.0,0,0
75,13,28,8,17,Y6084853,,,,0,30.0,0,0
75,13,28,8,18,Y6084854,,,,0,30.0,0,0
75,13,28,8,19,Y6084855,,,,0,30.0,0,0
75,13,28,8,20,Y6084856,,,,0,30.0,0,0
75,13,28,8,21,Y6084857,,,,0,30.0,0,0
75,13,28,8,22,Y6084858,,,,0,30.0,0,0
75,13,28,8,23,Y6084859,,,,0,30.0,0,0
75,13,28,8,24,Y6084860,,,,0,30.0,0,0
75,13,28,8,25,Y6084861,,,,0,30.0,0,0
75,13,28,8,26,Y6084862,,,,0,30.0,0,0
75,13,28,8,27,Y6084863,,,,0,30.0,0,0
75,13,28,8,28,Y6084864,,,,0,30.0,0,0
75,13,28,8,29,Y6084865,,,,0,30.0,0,0
75,13,28,8,30,Y6084866,,,,0,30.0,0,0
75,13,28,9,10,Y6084867,,,,0,30.0,0,0
75,13,28,9,11,Y6084868,,,,0,30.0,0,0
75,13,28,9,12,Y6084869,,,,0,30.0,0,0
75,13,28,9,13,Y6084870,,,,0,30.0,0,0
75,13,28,9,14,Y6084871,,,,0,30.0,0,0
75,13,28,9,15,Y6084872,,,,0,30.0,0,0
75,13,28,9,16,Y6084873,,,,0,30.0,0,0
75,13,28,9,17,Y6084874,,,,0,30.0,0,0
75,13,28,9,18,Y6084875,,,,0,30.0,0,0
75,13,28,9,19,Y6084876,,,,0,30.0,0,0
75,13,28,9,20,Y6084877,,,,0,30.0,0,0
75,13,28,9,21,Y6084878,,,,0,30.0,0,0
75,13,28,9,22,Y6084879,,,,0,30.0,0,0
75,13,28,9,23,Y6084880,,,,0,30.0,0,0
75,13,28,9,24,Y6084881,,,,0,30.0,0,0
75,13,28,9,25,Y6084882,,,,0,30.0,0,0
75,13,28,9,26,Y6084883,,,,0,30.0,0,0
75,13,28,9,27,Y6084884,,,,0,30.0,0,0
75,13,28,9,28,Y6084885,,,,0,30.0,0,0
75,13,28,9,29,Y6084886,,,,0,30.0,0,0
75,13,28,9,30,Y6084887,,,,0,30.0,0,0
75,13,28,10,10,Y6084888,,,,0,30.0,0,0
75,13,28,10,11,Y6084889,,,,0,30.0,0,0
75,13,28,10,12,Y6084890,,,,0,30.0,0,0
75,13,28,10,13,Y6084891,,,,0,30.0,0,0
75,13,28,10,14,Y6084892,,,,0,30.0,0,0
75,13,28,10,15,Y6084893,,,,0,30.0,0,0
75,13,28,10,16,Y6084894,,,,0,30.0,0,0
75,13,28,10,17,Y6084895,,,,0,30.0,0,0
75,13,28,10,18,Y6084896,,,,0,30.0,0,0
75,13,28,10,19,Y6084897,,,,0,30.0,0,0
75,13,28,10,20,Y6084898,,,,0,30.0,0,0
75,13,28,10,21,Y6084899,,,,0,30.0,0,0
75,13,28,10,22,Y6084900,,,,0,30.0,0,0
75,13,28,10,23,Y6084901,,,,0,30.0,0,0
75,13,28,10,24,Y6084902,,,,0,30.0,0,0
75,13,28,10,25,Y6084903,,,,0,30.0,0,0
75,13,28,10,26,Y6084904,,,,0,30.0,0,0
75,13,28,10,27,Y6084905,,,,0,30.0,0,0
75,13,28,10,28,Y6084906,,,,0,30.0,0,0
75,13,28,10,29,Y6084907,,,,0,30.0,0,0
75,13,28,10,30,Y6084908,,,,0,30.0,0,0
75,13,28,11,10,Y6084909,,,,0,30.0,0,0
75,13,28,11,11,Y6084910,,,,0,30.0,0,0
75,13,28,11,12,Y6084911,,,,0,30.0,0,0
75,13,28,11,13,Y6084912,,,,0,30.0,0,0
75,13,28,11,14,Y6084913,,,,0,30.0,0,0
75,13,28,11,15,Y6084914,,,,0,30.0,0,0
75,13,28,11,16,Y6084915,,,,0,30.0,0,0
75,13,28,11,17,Y6084916,,,,0,30.0,0,0
75,13,28,11,18,Y6084917,,,,0,30.0,0,0
75,13,28,11,19,Y6084918,,,,0,30.0,0,0
75,13,28,11,20,Y6084919,,,,0,30.0,0,0
75,13,28,11,21,Y6084920,,,,0,30.0,0,0
75,13,28,11,22,Y6084921,,,,0,30.0,0,0
75,13,28,11,23,Y6084922,,,,0,30.0,0,0
75,13,28,11,24,Y6084923,,,,0,30.0,0,0
75,13,28,11,25,Y6084924,,,,0,30.0,0,0
75,13,28,11,26,Y6084925,,,,0,30.0,0,0
75,13,28,11,27,Y6084926,,,,0,30.0,0,0
75,13,28,11,28,Y6084927,,,,0,30.0,0,0
75,13,28,11,29,Y6084928,,,,0,30.0,0,0
75,13,28,11,30,Y6084929,,,,0,30.0,0,0
75,13,28,12,10,Y6084930,,,,0,30.0,0,0
75,13,28,12,11,Y6084931,,,,0,30.0,0,0
75,13,28,12,12,Y6084932,,,,0,30.0,0,0
75,13,28,12,13,Y6084933,,,,0,30.0,0,0
75,13,28,12,14,Y6084934,,,,0,30.0,0,0
75,13,28,12,15,Y6084935,,,,0,30.0,0,0
75,13,28,12,16,Y6084936,,,,0,30.0,0,0
75,13,28,12,17,Y6084937,,,,0,30.0,0,0
75,13,28,12,18,Y6084938,,,,0,30.0,0,0
75,13,28,12,19,Y6084939,,,,0,30.0,0,0
75,13,28,12,20,Y6084940,,,,0,30.0,0,0
75,13,28,12,21,Y6084941,,,,0,30.0,0,0
75,13,28,12,22,Y6084942,,,,0,30.0,0,0
75,13,28,12,23,Y6084943,,,,0,30.0,0,0
75,13,28,12,24,Y6084944,,,,0,30.0,0,0
75,13,28,12,25,Y6084945,,,,0,30.0,0,0
75,13,28,12,26,Y6084946,,,,0,30.0,0,0
75,13,28,12,27,Y6084947,,,,0,30.0,0,0
75,13,28,12,28,Y6084948,,,,0,30.0,0,0
75,13,28,12,29,Y6084949,,,,0,30.0,0,0
75,13,28,12,30,Y6084950,,,,0,30.0,0,0
75,13,29,1,10,Y6084951,,,,0,30.0,0,0
75,13,29,1,11,Y6084952,,,,0,30.0,0,0
75,13,29,1,12,Y6084953,,,,0,30.0,0,0
75,13,29,1,13,Y6084954,,,,0,30.0,0,0
75,13,29,1,14,Y6084955,,,,0,30.0,0,0
75,13,29,1,15,Y6084956,,,,0,30.0,0,0
75,13,29,1,16,Y6084957,,,,0,30.0,0,0
75,13,29,1,17,Y6084958,,,,0,30.0,0,0
75,13,29,1,18,Y6084959,,,,0,30.0,0,0
75,13,29,1,19,Y6084960,,,,0,30.0,0,0
75,13,29,1,20,Y6084961,,,,0,30.0,0,0
75,13,29,1,21,Y6084962,,,,0,30.0,0,0
75,13,29,1,22,Y6084963,,,,0,30.0,0,0
75,13,29,1,23,Y6084964,,,,0,30.0,0,0
75,13,29,1,24,Y6084965,,,,0,30.0,0,0
75,13,29,1,25,Y6084966,,,,0,30.0,0,0
75,13,29,1,26,Y6084967,,,,0,30.0,0,0
75,13,29,1,27,Y6084968,,,,0,30.0,0,0
75,13,29,1,28,Y6084969,,,,0,30.0,0,0
75,13,29,1,29,Y6084970,,,,0,30.0,0,0
75,13,29,1,30,Y6084971,,,,0,30.0,0,0
75,13,29,2,10,Y6084972,,,,0,30.0,0,0
75,13,29,2,11,Y6084973,,,,0,30.0,0,0
75,13,29,2,12,Y6084974,,,,0,30.0,0,0
75,13,29,2,13,Y6084975,,,,0,30.0,0,0
75,13,29,2,14,Y6084976,,,,0,30.0,0,0
75,13,29,2,15,Y6084977,,,,0,30.0,0,0
75,13,29,2,16,Y6084978,,,,0,30.0,0,0
75,13,29,2,17,Y6084979,,,,0,30.0,0,0
75,13,29,2,18,Y6084980,,,,0,30.0,0,0
75,13,29,2,19,Y6084981,,,,0,30.0,0,0
75,13,29,2,20,Y6084982,,,,0,30.0,0,0
75,13,29,2,21,Y6084983,,,,0,30.0,0,0
75,13,29,2,22,Y6084984,,,,0,30.0,0,0
75,13,29,2,23,Y6084985,,,,0,30.0,0,0
75,13,29,2,24,Y6084986,,,,0,30.0,0,0
75,13,29,2,25,Y6084987,,,,0,30.0,0,0
75,13,29,2,26,Y6084988,,,,0,30.0,0,0
75,13,29,2,27,Y6084989,,,,0,30.0,0,0
75,13,29,2,28,Y6084990,,,,0,30.0,0,0
75,13,29,2,29,Y6084991,,,,0,30.0,0,0
75,13,29,2,30,Y6084992,,,,0,30.0,0,0
75,13,29,3,10,Y6084993,,,,0,30.0,0,0
75,13,29,3,11,Y6084994,,,,0,30.0,0,0
75,13,29,3,12,Y6084995,,,,0,30.0,0,0
75,13,29,3,13,Y6084996,,,,0,30.0,0,0
75,13,29,3,14,Y6084997,,,,0,30.0,0,0
75,13,29,3,15,Y6084998,,,,0,30.0,0,0
75,13,29,3,16,Y6084999,,,,0,30.0,0,0
75,13,29,3,17,Y6085000,,,,0,30.0,0,0
75,13,29,3,18,Y6085001,,,,0,30.0,0,0
75,13,29,3,19,Y6085002,,,,0,30.0,0,0
75,13,29,3,20,Y6085003,,,,0,30.0,0,0
75,13,29,3,21,Y6085004,,,,0,30.0,0,0
75,13,29,3,22,Y6085005,,,,0,30.0,0,0
75,13,29,3,23,Y6085006,,,,0,30.0,0,0
75,13,29,3,24,Y6085007,,,,0,30.0,0,0
75,13,29,3,25,Y6085008,,,,0,30.0,0,0
75,13,29,3,26,Y6085009,,,,0,30.0,0,0
75,13,29,3,27,Y6085010,,,,0,30.0,0,0
75,13,29,3,28,Y6085011,,,,0,30.0,0,0
75,13,29,3,29,Y6085012,,,,0,30.0,0,0
75,13,29,3,30,Y6085013,,,,0,30.0,0,0
75,13,29,4,10,Y6085014,,,,0,30.0,0,0
75,13,29,4,11,Y6085015,,,,0,30.0,0,0
75,13,29,4,12,Y6085016,,,,0,30.0,0,0
75,13,29,4,13,Y6085017,,,,0,30.0,0,0
75,13,29,4,14,Y6085018,,,,0,30.0,0,0
75,13,29,4,15,Y6085019,,,,0,30.0,0,0
75,13,29,4,16,Y6085020,,,,0,30.0,0,0
75,13,29,4,17,Y6085021,,,,0,30.0,0,0
75,13,29,4,18,Y6085022,,,,0,30.0,0,0
75,13,29,4,19,Y6085023,,,,0,30.0,0,0
75,13,29,4,20,Y6085024,,,,0,30.0,0,0
75,13,29,4,21,Y6085025,,,,0,30.0,0,0
75,13,29,4,22,Y6085026,,,,0,30.0,0,0
75,13,29,4,23,Y6085027,,,,0,30.0,0,0
75,13,29,4,24,Y6085028,,,,0,30.0,0,0
75,13,29,4,25,Y6085029,,,,0,30.0,0,0
75,13,29,4,26,Y6085030,,,,0,30.0,0,0
75,13,29,4,27,Y6085031,,,,0,30.0,0,0
75,13,29,4,28,Y6085032,,,,0,30.0,0,0
75,13,29,4,29,Y6085033,,,,0,30.0,0,0
75,13,29,4,30,Y6085034,,,,0,30.0,0,0
75,13,29,5,10,Y6085035,,,,0,30.0,0,0
75,13,29,5,11,Y6085036,,,,0,30.0,0,0
75,13,29,5,12,Y6085037,,,,0,30.0,0,0
75,13,29,5,13,Y6085038,,,,0,30.0,0,0
75,13,29,5,14,Y6085039,,,,0,30.0,0,0
75,13,29,5,15,Y6085040,,,,0,30.0,0,0
75,13,29,5,16,Y6085041,,,,0,30.0,0,0
75,13,29,5,17,Y6085042,,,,0,30.0,0,0
75,13,29,5,18,Y6085043,,,,0,30.0,0,0
75,13,29,5,19,Y6085044,,,,0,30.0,0,0
75,13,29,5,20,Y6085045,,,,0,30.0,0,0
75,13,29,5,21,Y6085046,,,,0,30.0,0,0
75,13,29,5,22,Y6085047,,,,0,30.0,0,0
75,13,29,5,23,Y6085048,,,,0,30.0,0,0
75,13,29,5,24,Y6085049,,,,0,30.0,0,0
75,13,29,5,25,Y6085050,,,,0,30.0,0,0
75,13,29,5,26,Y6085051,,,,0,30.0,0,0
75,13,29,5,27,Y6085052,,,,0,30.0,0,0
75,13,29,5,28,Y6085053,,,,0,30.0,0,0
75,13,29,5,29,Y6085054,,,,0,30.0,0,0
75,13,29,5,30,Y6085055,,,,0,30.0,0,0
75,13,29,6,10,Y6085056,,,,0,30.0,0,0
75,13,29,6,11,Y6085057,,,,0,30.0,0,0
75,13,29,6,12,Y6085058,,,,0,30.0,0,0
75,13,29,6,13,Y6085059,,,,0,30.0,0,0
75,13,29,6,14,Y6085060,,,,0,30.0,0,0
75,13,29,6,15,Y6085061,,,,0,30.0,0,0
75,13,29,6,16,Y6085062,,,,0,30.0,0,0
75,13,29,6,17,Y6085063,,,,0,30.0,0,0
75,13,29,6,18,Y6085064,,,,0,30.0,0,0
75,13,29,6,19,Y6085065,,,,0,30.0,0,0
75,13,29,6,20,Y6085066,,,,0,30.0,0,0
75,13,29,6,21,Y6085067,,,,0,30.0,0,0
75,13,29,6,22,Y6085068,,,,0,30.0,0,0
75,13,29,6,23,Y6085069,,,,0,30.0,0,0
75,13,29,6,24,Y6085070,,,,0,30.0,0,0
75,13,29,6,25,Y6085071,,,,0,30.0,0,0
75,13,29,6,26,Y6085072,,,,0,30.0,0,0
75,13,29,6,27,Y6085073,,,,0,30.0,0,0
75,13,29,6,28,Y6085074,,,,0,30.0,0,0
75,13,29,6,29,Y6085075,,,,0,30.0,0,0
75,13,29,6,30,Y6085076,,,,0,30.0,0,0
75,13,29,7,10,Y6085077,,,,0,30.0,0,0
75,13,29,7,11,Y6085078,,,,0,30.0,0,0
75,13,29,7,12,Y6085079,,,,0,30.0,0,0
75,13,29,7,13,Y6085080,,,,0,30.0,0,0
75,13,29,7,14,Y6085081,,,,0,30.0,0,0
75,13,29,7,15,Y6085082,,,,0,30.0,0,0
75,13,29,7,16,Y6085083,,,,0,30.0,0,0
75,13,29,7,17,Y6085084,,,,0,30.0,0,0
75,13,29,7,18,Y6085085,,,,0,30.0,0,0
75,13,29,7,19,Y6085086,,,,0,30.0,0,0
75,13,29,7,20,Y6085087,,,,0,30.0,0,0
75,13,29,7,21,Y6085088,,,,0,30.0,0,0
75,13,29,7,22,Y6085089,,,,0,30.0,0,0
75,13,29,7,23,Y6085090,,,,0,30.0,0,0
75,13,29,7,24,Y6085091,,,,0,30.0,0,0
75,13,29,7,25,Y6085092,,,,0,30.0,0,0
75,13,29,7,26,Y6085093,,,,0,30.0,0,0
75,13,29,7,27,Y6085094,,,,0,30.0,0,0
75,13,29,7,28,Y6085095,,,,0,30.0,0,0
75,13,29,7,29,Y6085096,,,,0,30.0,0,0
75,13,29,7,30,Y6085097,,,,0,30.0,0,0
75,13,29,8,10,Y6085098,,,,0,30.0,0,0
75,13,29,8,11,Y6085099,,,,0,30.0,0,0
75,13,29,8,12,Y6085100,,,,0,30.0,0,0
75,13,29,8,13,Y6085101,,,,0,30.0,0,0
75,13,29,8,14,Y6085102,,,,0,30.0,0,0
75,13,29,8,15,Y6085103,,,,0,30.0,0,0
75,13,29,8,16,Y6085104,,,,0,30.0,0,0
75,13,29,8,17,Y6085105,,,,0,30.0,0,0
75,13,29,8,18,Y6085106,,,,0,30.0,0,0
75,13,29,8,19,Y6085107,,,,0,30.0,0,0
75,13,29,8,20,Y6085108,,,,0,30.0,0,0
75,13,29,8,21,Y6085109,,,,0,30.0,0,0
75,13,29,8,22,Y6085110,,,,0,30.0,0,0
75,13,29,8,23,Y6085111,,,,0,30.0,0,0
75,13,29,8,24,Y6085112,,,,0,30.0,0,0
75,13,29,8,25,Y6085113,,,,0,30.0,0,0
75,13,29,8,26,Y6085114,,,,0,30.0,0,0
75,13,29,8,27,Y6085115,,,,0,30.0,0,0
75,13,29,8,28,Y6085116,,,,0,30.0,0,0
75,13,29,8,29,Y6085117,,,,0,30.0,0,0
75,13,29,8,30,Y6085118,,,,0,30.0,0,0
75,13,29,9,10,Y6085119,,,,0,30.0,0,0
75,13,29,9,11,Y6085120,,,,0,30.0,0,0
75,13,29,9,12,Y6085121,,,,0,30.0,0,0
75,13,29,9,13,Y6085122,,,,0,30.0,0,0
75,13,29,9,14,Y6085123,,,,0,30.0,0,0
75,13,29,9,15,Y6085124,,,,0,30.0,0,0
75,13,29,9,16,Y6085125,,,,0,30.0,0,0
75,13,29,9,17,Y6085126,,,,0,30.0,0,0
75,13,29,9,18,Y6085127,,,,0,30.0,0,0
75,13,29,9,19,Y6085128,,,,0,30.0,0,0
75,13,29,9,20,Y6085129,,,,0,30.0,0,0
75,13,29,9,21,Y6085130,,,,0,30.0,0,0
75,13,29,9,22,Y6085131,,,,0,30.0,0,0
75,13,29,9,23,Y6085132,,,,0,30.0,0,0
75,13,29,9,24,Y6085133,,,,0,30.0,0,0
75,13,29,9,25,Y6085134,,,,0,30.0,0,0
75,13,29,9,26,Y6085135,,,,0,30.0,0,0
75,13,29,9,27,Y6085136,,,,0,30.0,0,0
75,13,29,9,28,Y6085137,,,,0,30.0,0,0
75,13,29,9,29,Y6085138,,,,0,30.0,0,0
75,13,29,9,30,Y6085139,,,,0,30.0,0,0
75,13,29,10,10,Y6085140,,,,0,30.0,0,0
75,13,29,10,11,Y6085141,,,,0,30.0,0,0
75,13,29,10,12,Y6085142,,,,0,30.0,0,0
75,13,29,10,13,Y6085143,,,,0,30.0,0,0
75,13,29,10,14,Y6085144,,,,0,30.0,0,0
75,13,29,10,15,Y6085145,,,,0,30.0,0,0
75,13,29,10,16,Y6085146,,,,0,30.0,0,0
75,13,29,10,17,Y6085147,,,,0,30.0,0,0
75,13,29,10,18,Y6085148,,,,0,30.0,0,0
75,13,29,10,19,Y6085149,,,,0,30.0,0,0
75,13,29,10,20,Y6085150,,,,0,30.0,0,0
75,13,29,10,21,Y6085151,,,,0,30.0,0,0
75,13,29,10,22,Y6085152,,,,0,30.0,0,0
75,13,29,10,23,Y6085153,,,,0,30.0,0,0
75,13,29,10,24,Y6085154,,,,0,30.0,0,0
75,13,29,10,25,Y6085155,,,,0,30.0,0,0
75,13,29,10,26,Y6085156,,,,0,30.0,0,0
75,13,29,10,27,Y6085157,,,,0,30.0,0,0
75,13,29,10,28,Y6085158,,,,0,30.0,0,0
75,13,29,10,29,Y6085159,,,,0,30.0,0,0
75,13,29,10,30,Y6085160,,,,0,30.0,0,0
75,13,29,11,10,Y6085161,,,,0,30.0,0,0
75,13,29,11,11,Y6085162,,,,0,30.0,0,0
75,13,29,11,12,Y6085163,,,,0,30.0,0,0
75,13,29,11,13,Y6085164,,,,0,30.0,0,0
75,13,29,11,14,Y6085165,,,,0,30.0,0,0
75,13,29,11,15,Y6085166,,,,0,30.0,0,0
75,13,29,11,16,Y6085167,,,,0,30.0,0,0
75,13,29,11,17,Y6085168,,,,0,30.0,0,0
75,13,29,11,18,Y6085169,,,,0,30.0,0,0
75,13,29,11,19,Y6085170,,,,0,30.0,0,0
75,13,29,11,20,Y6085171,,,,0,30.0,0,0
75,13,29,11,21,Y6085172,,,,0,30.0,0,0
75,13,29,11,22,Y6085173,,,,0,30.0,0,0
75,13,29,11,23,Y6085174,,,,0,30.0,0,0
75,13,29,11,24,Y6085175,,,,0,30.0,0,0
75,13,29,11,25,Y6085176,,,,0,30.0,0,0
75,13,29,11,26,Y6085177,,,,0,30.0,0,0
75,13,29,11,27,Y6085178,,,,0,30.0,0,0
75,13,29,11,28,Y6085179,,,,0,30.0,0,0
75,13,29,11,29,Y6085180,,,,0,30.0,0,0
75,13,29,11,30,Y6085181,,,,0,30.0,0,0
75,13,29,12,10,Y6085182,,,,0,30.0,0,0
75,13,29,12,11,Y6085183,,,,0,30.0,0,0
75,13,29,12,12,Y6085184,,,,0,30.0,0,0
75,13,29,12,13,Y6085185,,,,0,30.0,0,0
75,13,29,12,14,Y6085186,,,,0,30.0,0,0
75,13,29,12,15,Y6085187,,,,0,30.0,0,0
75,13,29,12,16,Y6085188,,,,0,30.0,0,0
75,13,29,12,17,Y6085189,,,,0,30.0,0,0
75,13,29,12,18,Y6085190,,,,0,30.0,0,0
75,13,29,12,19,Y6085191,,,,0,30.0,0,0
75,13,29,12,20,Y6085192,,,,0,30.0,0,0
75,13,29,12,21,Y6085193,,,,0,30.0,0,0
75,13,29,12,22,Y6085194,,,,0,30.0,0,0
75,13,29,12,23,Y6085195,,,,0,30.0,0,0
75,13,29,12,24,Y6085196,,,,0,30.0,0,0
75,13,29,12,25,Y6085197,,,,0,30.0,0,0
75,13,29,12,26,Y6085198,,,,0,30.0,0,0
75,13,29,12,27,Y6085199,,,,0,30.0,0,0
75,13,29,12,28,Y6085200,,,,0,30.0,0,0
75,13,29,12,29,Y6085201,,,,0,30.0,0,0
75,13,29,12,30,Y6085202,,,,0,30.0,0,0
75,13,30,1,10,Y6085203,,,,0,30.0,0,0
75,13,30,1,11,Y6085204,,,,0,30.0,0,0
75,13,30,1,12,Y6085205,,,,0,30.0,0,0
75,13,30,1,13,Y6085206,,,,0,30.0,0,0
75,13,30,1,14,Y6085207,,,,0,30.0,0,0
75,13,30,1,15,Y6085208,,,,0,30.0,0,0
75,13,30,1,16,Y6085209,,,,0,30.0,0,0
75,13,30,1,17,Y6085210,,,,0,30.0,0,0
75,13,30,1,18,Y6085211,,,,0,30.0,0,0
75,13,30,1,19,Y6085212,,,,0,30.0,0,0
75,13,30,1,20,Y6085213,,,,0,30.0,0,0
75,13,30,1,21,Y6085214,,,,0,30.0,0,0
75,13,30,1,22,Y6085215,,,,0,30.0,0,0
75,13,30,1,23,Y6085216,,,,0,30.0,0,0
75,13,30,1,24,Y6085217,,,,0,30.0,0,0
75,13,30,1,25,Y6085218,,,,0,30.0,0,0
75,13,30,1,26,Y6085219,,,,0,30.0,0,0
75,13,30,1,27,Y6085220,,,,0,30.0,0,0
75,13,30,1,28,Y6085221,,,,0,30.0,0,0
75,13,30,1,29,Y6085222,,,,0,30.0,0,0
75,13,30,1,30,Y6085223,,,,0,30.0,0,0
75,13,30,2,10,Y6085224,,,,0,30.0,0,0
75,13,30,2,11,Y6085225,,,,0,30.0,0,0
75,13,30,2,12,Y6085226,,,,0,30.0,0,0
75,13,30,2,13,Y6085227,,,,0,30.0,0,0
75,13,30,2,14,Y6085228,,,,0,30.0,0,0
75,13,30,2,15,Y6085229,,,,0,30.0,0,0
75,13,30,2,16,Y6085230,,,,0,30.0,0,0
75,13,30,2,17,Y6085231,,,,0,30.0,0,0
75,13,30,2,18,Y6085232,,,,0,30.0,0,0
75,13,30,2,19,Y6085233,,,,0,30.0,0,0
75,13,30,2,20,Y6085234,,,,0,30.0,0,0
75,13,30,2,21,Y6085235,,,,0,30.0,0,0
75,13,30,2,22,Y6085236,,,,0,30.0,0,0
75,13,30,2,23,Y6085237,,,,0,30.0,0,0
75,13,30,2,24,Y6085238,,,,0,30.0,0,0
75,13,30,2,25,Y6085239,,,,0,30.0,0,0
75,13,30,2,26,Y6085240,,,,0,30.0,0,0
75,13,30,2,27,Y6085241,,,,0,30.0,0,0
75,13,30,2,28,Y6085242,,,,0,30.0,0,0
75,13,30,2,29,Y6085243,,,,0,30.0,0,0
75,13,30,2,30,Y6085244,,,,0,30.0,0,0
75,13,30,3,10,Y6085245,,,,0,30.0,0,0
75,13,30,3,11,Y6085246,,,,0,30.0,0,0
75,13,30,3,12,Y6085247,,,,0,30.0,0,0
75,13,30,3,13,Y6085248,,,,0,30.0,0,0
75,13,30,3,14,Y6085249,,,,0,30.0,0,0
75,13,30,3,15,Y6085250,,,,0,30.0,0,0
75,13,30,3,16,Y6085251,,,,0,30.0,0,0
75,13,30,3,17,Y6085252,,,,0,30.0,0,0
75,13,30,3,18,Y6085253,,,,0,30.0,0,0
75,13,30,3,19,Y6085254,,,,0,30.0,0,0
75,13,30,3,20,Y6085255,,,,0,30.0,0,0
75,13,30,3,21,Y6085256,,,,0,30.0,0,0
75,13,30,3,22,Y6085257,,,,0,30.0,0,0
75,13,30,3,23,Y6085258,,,,0,30.0,0,0
75,13,30,3,24,Y6085259,,,,0,30.0,0,0
75,13,30,3,25,Y6085260,,,,0,30.0,0,0
75,13,30,3,26,Y6085261,,,,0,30.0,0,0
75,13,30,3,27,Y6085262,,,,0,30.0,0,0
75,13,30,3,28,Y6085263,,,,0,30.0,0,0
75,13,30,3,29,Y6085264,,,,0,30.0,0,0
75,13,30,3,30,Y6085265,,,,0,30.0,0,0
75,13,30,4,10,Y6085266,,,,0,30.0,0,0
75,13,30,4,11,Y6085267,,,,0,30.0,0,0
75,13,30,4,12,Y6085268,,,,0,30.0,0,0
75,13,30,4,13,Y6085269,,,,0,30.0,0,0
75,13,30,4,14,Y6085270,,,,0,30.0,0,0
75,13,30,4,15,Y6085271,,,,0,30.0,0,0
75,13,30,4,16,Y6085272,,,,0,30.0,0,0
75,13,30,4,17,Y6085273,,,,0,30.0,0,0
75,13,30,4,18,Y6085274,,,,0,30.0,0,0
75,13,30,4,19,Y6085275,,,,0,30.0,0,0
75,13,30,4,20,Y6085276,,,,0,30.0,0,0
75,13,30,4,21,Y6085277,,,,0,30.0,0,0
75,13,30,4,22,Y6085278,,,,0,30.0,0,0
75,13,30,4,23,Y6085279,,,,0,30.0,0,0
75,13,30,4,24,Y6085280,,,,0,30.0,0,0
75,13,30,4,25,Y6085281,,,,0,30.0,0,0
75,13,30,4,26,Y6085282,,,,0,30.0,0,0
75,13,30,4,27,Y6085283,,,,0,30.0,0,0
75,13,30,4,28,Y6085284,,,,0,30.0,0,0
75,13,30,4,29,Y6085285,,,,0,30.0,0,0
75,13,30,4,30,Y6085286,,,,0,30.0,0,0
75,13,30,5,10,Y6085287,,,,0,30.0,0,0
75,13,30,5,11,Y6085288,,,,0,30.0,0,0
75,13,30,5,12,Y6085289,,,,0,30.0,0,0
75,13,30,5,13,Y6085290,,,,0,30.0,0,0
75,13,30,5,14,Y6085291,,,,0,30.0,0,0
75,13,30,5,15,Y6085292,,,,0,30.0,0,0
75,13,30,5,16,Y6085293,,,,0,30.0,0,0
75,13,30,5,17,Y6085294,,,,0,30.0,0,0
75,13,30,5,18,Y6085295,,,,0,30.0,0,0
75,13,30,5,19,Y6085296,,,,0,30.0,0,0
75,13,30,5,20,Y6085297,,,,0,30.0,0,0
75,13,30,5,21,Y6085298,,,,0,30.0,0,0
75,13,30,5,22,Y6085299,,,,0,30.0,0,0
75,13,30,5,23,Y6085300,,,,0,30.0,0,0
75,13,30,5,24,Y6085301,,,,0,30.0,0,0
75,13,30,5,25,Y6085302,,,,0,30.0,0,0
75,13,30,5,26,Y6085303,,,,0,30.0,0,0
75,13,30,5,27,Y6085304,,,,0,30.0,0,0
75,13,30,5,28,Y6085305,,,,0,30.0,0,0
75,13,30,5,29,Y6085306,,,,0,30.0,0,0
75,13,30,5,30,Y6085307,,,,0,30.0,0,0
75,13,30,6,10,Y6085308,,,,0,30.0,0,0
75,13,30,6,11,Y6085309,,,,0,30.0,0,0
75,13,30,6,12,Y6085310,,,,0,30.0,0,0
75,13,30,6,13,Y6085311,,,,0,30.0,0,0
75,13,30,6,14,Y6085312,,,,0,30.0,0,0
75,13,30,6,15,Y6085313,,,,0,30.0,0,0
75,13,30,6,16,Y6085314,,,,0,30.0,0,0
75,13,30,6,17,Y6085315,,,,0,30.0,0,0
75,13,30,6,18,Y6085316,,,,0,30.0,0,0
75,13,30,6,19,Y6085317,,,,0,30.0,0,0
75,13,30,6,20,Y6085318,,,,0,30.0,0,0
75,13,30,6,21,Y6085319,,,,0,30.0,0,0
75,13,30,6,22,Y6085320,,,,0,30.0,0,0
75,13,30,6,23,Y6085321,,,,0,30.0,0,0
75,13,30,6,24,Y6085322,,,,0,30.0,0,0
75,13,30,6,25,Y6085323,,,,0,30.0,0,0
75,13,30,6,26,Y6085324,,,,0,30.0,0,0
75,13,30,6,27,Y6085325,,,,0,30.0,0,0
75,13,30,6,28,Y6085326,,,,0,30.0,0,0
75,13,30,6,29,Y6085327,,,,0,30.0,0,0
75,13,30,6,30,Y6085328,,,,0,30.0,0,0
75,13,30,7,10,Y6085329,,,,0,30.0,0,0
75,13,30,7,11,Y6085330,,,,0,30.0,0,0
75,13,30,7,12,Y6085331,,,,0,30.0,0,0
75,13,30,7,13,Y6085332,,,,0,30.0,0,0
75,13,30,7,14,Y6085333,,,,0,30.0,0,0
75,13,30,7,15,Y6085334,,,,0,30.0,0,0
75,13,30,7,16,Y6085335,,,,0,30.0,0,0
75,13,30,7,17,Y6085336,,,,0,30.0,0,0
75,13,30,7,18,Y6085337,,,,0,30.0,0,0
75,13,30,7,19,Y6085338,,,,0,30.0,0,0
75,13,30,7,20,Y6085339,,,,0,30.0,0,0
75,13,30,7,21,Y6085340,,,,0,30.0,0,0
75,13,30,7,22,Y6085341,,,,0,30.0,0,0
75,13,30,7,23,Y6085342,,,,0,30.0,0,0
75,13,30,7,24,Y6085343,,,,0,30.0,0,0
75,13,30,7,25,Y6085344,,,,0,30.0,0,0
75,13,30,7,26,Y6085345,,,,0,30.0,0,0
75,13,30,7,27,Y6085346,,,,0,30.0,0,0
75,13,30,7,28,Y6085347,,,,0,30.0,0,0
75,13,30,7,29,Y6085348,,,,0,30.0,0,0
75,13,30,7,30,Y6085349,,,,0,30.0,0,0
75,13,30,8,10,Y6085350,,,,0,30.0,0,0
75,13,30,8,11,Y6085351,,,,0,30.0,0,0
75,13,30,8,12,Y6085352,,,,0,30.0,0,0
75,13,30,8,13,Y6085353,,,,0,30.0,0,0
75,13,30,8,14,Y6085354,,,,0,30.0,0,0
75,13,30,8,15,Y6085355,,,,0,30.0,0,0
75,13,30,8,16,Y6085356,,,,0,30.0,0,0
75,13,30,8,17,Y6085357,,,,0,30.0,0,0
75,13,30,8,18,Y6085358,,,,0,30.0,0,0
75,13,30,8,19,Y6085359,,,,0,30.0,0,0
75,13,30,8,20,Y6085360,,,,0,30.0,0,0
75,13,30,8,21,Y6085361,,,,0,30.0,0,0
75,13,30,8,22,Y6085362,,,,0,30.0,0,0
75,13,30,8,23,Y6085363,,,,0,30.0,0,0
75,13,30,8,24,Y6085364,,,,0,30.0,0,0
75,13,30,8,25,Y6085365,,,,0,30.0,0,0
75,13,30,8,26,Y6085366,,,,0,30.0,0,0
75,13,30,8,27,Y6085367,,,,0,30.0,0,0
75,13,30,8,28,Y6085368,,,,0,30.0,0,0
75,13,30,8,29,Y6085369,,,,0,30.0,0,0
75,13,30,8,30,Y6085370,,,,0,30.0,0,0
75,13,30,9,10,Y6085371,,,,0,30.0,0,0
75,13,30,9,11,Y6085372,,,,0,30.0,0,0
75,13,30,9,12,Y6085373,,,,0,30.0,0,0
75,13,30,9,13,Y6085374,,,,0,30.0,0,0
75,13,30,9,14,Y6085375,,,,0,30.0,0,0
75,13,30,9,15,Y6085376,,,,0,30.0,0,0
75,13,30,9,16,Y6085377,,,,0,30.0,0,0
75,13,30,9,17,Y6085378,,,,0,30.0,0,0
75,13,30,9,18,Y6085379,,,,0,30.0,0,0
75,13,30,9,19,Y6085380,,,,0,30.0,0,0
75,13,30,9,20,Y6085381,,,,0,30.0,0,0
75,13,30,9,21,Y6085382,,,,0,30.0,0,0
75,13,30,9,22,Y6085383,,,,0,30.0,0,0
75,13,30,9,23,Y6085384,,,,0,30.0,0,0
75,13,30,9,24,Y6085385,,,,0,30.0,0,0
75,13,30,9,25,Y6085386,,,,0,30.0,0,0
75,13,30,9,26,Y6085387,,,,0,30.0,0,0
75,13,30,9,27,Y6085388,,,,0,30.0,0,0
75,13,30,9,28,Y6085389,,,,0,30.0,0,0
75,13,30,9,29,Y6085390,,,,0,30.0,0,0
75,13,30,9,30,Y6085391,,,,0,30.0,0,0
75,13,30,10,10,Y6085392,,,,0,30.0,0,0
75,13,30,10,11,Y6085393,,,,0,30.0,0,0
75,13,30,10,12,Y6085394,,,,0,30.0,0,0
75,13,30,10,13,Y6085395,,,,0,30.0,0,0
75,13,30,10,14,Y6085396,,,,0,30.0,0,0
75,13,30,10,15,Y6085397,,,,0,30.0,0,0
75,13,30,10,16,Y6085398,,,,0,30.0,0,0
75,13,30,10,17,Y6085399,,,,0,30.0,0,0
75,13,30,10,18,Y6085400,,,,0,30.0,0,0
75,13,30,10,19,Y6085401,,,,0,30.0,0,0
75,13,30,10,20,Y6085402,,,,0,30.0,0,0
75,13,30,10,21,Y6085403,,,,0,30.0,0,0
75,13,30,10,22,Y6085404,,,,0,30.0,0,0
75,13,30,10,23,Y6085405,,,,0,30.0,0,0
75,13,30,10,24,Y6085406,,,,0,30.0,0,0
75,13,30,10,25,Y6085407,,,,0,30.0,0,0
75,13,30,10,26,Y6085408,,,,0,30.0,0,0
75,13,30,10,27,Y6085409,,,,0,30.0,0,0
75,13,30,10,28,Y6085410,,,,0,30.0,0,0
75,13,30,10,29,Y6085411,,,,0,30.0,0,0
75,13,30,10,30,Y6085412,,,,0,30.0,0,0
75,13,30,11,10,Y6085413,,,,0,30.0,0,0
75,13,30,11,11,Y6085414,,,,0,30.0,0,0
75,13,30,11,12,Y6085415,,,,0,30.0,0,0
75,13,30,11,13,Y6085416,,,,0,30.0,0,0
75,13,30,11,14,Y6085417,,,,0,30.0,0,0
75,13,30,11,15,Y6085418,,,,0,30.0,0,0
75,13,30,11,16,Y6085419,,,,0,30.0,0,0
75,13,30,11,17,Y6085420,,,,0,30.0,0,0
75,13,30,11,18,Y6085421,,,,0,30.0,0,0
75,13,30,11,19,Y6085422,,,,0,30.0,0,0
75,13,30,11,20,Y6085423,,,,0,30.0,0,0
75,13,30,11,21,Y6085424,,,,0,30.0,0,0
75,13,30,11,22,Y6085425,,,,0,30.0,0,0
75,13,30,11,23,Y6085426,,,,0,30.0,0,0
75,13,30,11,24,Y6085427,,,,0,30.0,0,0
75,13,30,11,25,Y6085428,,,,0,30.0,0,0
75,13,30,11,26,Y6085429,,,,0,30.0,0,0
75,13,30,11,27,Y6085430,,,,0,30.0,0,0
75,13,30,11,28,Y6085431,,,,0,30.0,0,0
75,13,30,11,29,Y6085432,,,,0,30.0,0,0
75,13,30,11,30,Y6085433,,,,0,30.0,0,0
75,13,30,12,10,Y6085434,,,,0,30.0,0,0
75,13,30,12,11,Y6085435,,,,0,30.0,0,0
75,13,30,12,12,Y6085436,,,,0,30.0,0,0
75,13,30,12,13,Y6085437,,,,0,30.0,0,0
75,13,30,12,14,Y6085438,,,,0,30.0,0,0
75,13,30,12,15,Y6085439,,,,0,30.0,0,0
75,13,30,12,16,Y6085440,,,,0,30.0,0,0
75,13,30,12,17,Y6085441,,,,0,30.0,0,0
75,13,30,12,18,Y6085442,,,,0,30.0,0,0
75,13,30,12,19,Y6085443,,,,0,30.0,0,0
75,13,30,12,20,Y6085444,,,,0,30.0,0,0
75,13,30,12,21,Y6085445,,,,0,30.0,0,0
75,13,30,12,22,Y6085446,,,,0,30.0,0,0
75,13,30,12,23,Y6085447,,,,0,30.0,0,0
75,13,30,12,24,Y6085448,,,,0,30.0,0,0
75,13,30,12,25,Y6085449,,,,0,30.0,0,0
75,13,30,12,26,Y6085450,,,,0,30.0,0,0
75,13,30,12,27,Y6085451,,,,0,30.0,0,0
75,13,30,12,28,Y6085452,,,,0,30.0,0,0
75,13,30,12,29,Y6085453,,,,0,30.0,0,0
75,13,30,12,30,Y6085454,,,,0,30.0,0,0
75,14,0,1,10,Y6085455,,,,0,30.0,0,0
75,14,0,1,11,Y6085456,,,,0,30.0,0,0
75,14,0,1,12,Y6085457,,,,0,30.0,0,0
75,14,0,1,13,Y6085458,,,,0,30.0,0,0
75,14,0,1,14,Y6085459,,,,0,30.0,0,0
75,14,0,1,15,Y6085460,,,,0,30.0,0,0
75,14,0,1,16,Y6085461,,,,0,30.0,0,0
75,14,0,1,17,Y6085462,,,,0,30.0,0,0
75,14,0,1,18,Y6085463,,,,0,30.0,0,0
75,14,0,1,19,Y6085464,,,,0,30.0,0,0
75,14,0,1,20,Y6085465,,,,0,30.0,0,0
75,14,0,1,21,Y6085466,,,,0,30.0,0,0
75,14,0,1,22,Y6085467,,,,0,30.0,0,0
75,14,0,1,23,Y6085468,,,,0,30.0,0,0
75,14,0,1,24,Y6085469,,,,0,30.0,0,0
75,14,0,1,25,Y6085470,,,,0,30.0,0,0
75,14,0,1,26,Y6085471,,,,0,30.0,0,0
75,14,0,1,27,Y6085472,,,,0,30.0,0,0
75,14,0,1,28,Y6085473,,,,0,30.0,0,2
75,14,0,1,29,Y6085474,,,,0,30.0,0,1
75,14,0,1,30,Y6085475,,,,0,30.0,0,1
75,14,0,2,10,Y6085476,,,,0,30.0,0,0
75,14,0,2,11,Y6085477,,,,0,30.0,0,0
75,14,0,2,12,Y6085478,,,,0,30.0,0,0
75,14,0,2,13,Y6085479,,,,0,30.0,0,0
75,14,0,2,14,Y6085480,,,,0,30.0,0,0
75,14,0,2,15,Y6085481,,,,0,30.0,0,0
75,14,0,2,16,Y6085482,,,,0,30.0,0,0
75,14,0,2,17,Y6085483,,,,0,30.0,0,0
75,14,0,2,18,Y6085484,,,,0,30.0,0,0
75,14,0,2,19,Y6085485,,,,0,30.0,0,0
75,14,0,2,20,Y6085486,,,,0,30.0,0,0
75,14,0,2,21,Y6085487,,,,0,30.0,0,0
75,14,0,2,22,Y6085488,,,,0,30.0,0,0
75,14,0,2,23,Y6085489,,,,0,30.0,0,0
75,14,0,2,24,Y6085490,,,,0,30.0,0,0
75,14,0,2,25,Y6085491,,,,0,30.0,0,0
75,14,0,2,26,Y6085492,,,,0,30.0,0,0
75,14,0,2,27,Y6085493,,,,0,30.0,0,0
75,14,0,2,28,Y6085494,,,,0,30.0,0,2
75,14,0,2,29,Y6085495,,,,0,30.0,0,1
75,14,0,2,30,Y6085496,,,,0,30.0,0,1
75,14,0,3,10,Y6085497,,,,0,30.0,0,0
75,14,0,3,11,Y6085498,,,,0,30.0,0,0
75,14,0,3,12,Y6085499,,,,0,30.0,0,0
75,14,0,3,13,Y6085500,,,,0,30.0,0,0
75,14,0,3,14,Y6085501,,,,0,30.0,0,0
75,14,0,3,15,Y6085502,,,,0,30.0,0,0
75,14,0,3,16,Y6085503,,,,0,30.0,0,0
75,14,0,3,17,Y6085504,,,,0,30.0,0,0
75,14,0,3,18,Y6085505,,,,0,30.0,0,0
75,14,0,3,19,Y6085506,,,,0,30.0,0,0
75,14,0,3,20,Y6085507,,,,0,30.0,0,0
75,14,0,3,21,Y6085508,,,,0,30.0,0,0
75,14,0,3,22,Y6085509,,,,0,30.0,0,0
75,14,0,3,23,Y6085510,,,,0,30.0,0,0
75,14,0,3,24,Y6085511,,,,0,30.0,0,0
75,14,0,3,25,Y6085512,,,,0,30.0,0,0
75,14,0,3,26,Y6085513,,,,0,30.0,0,0
75,14,0,3,27,Y6085514,,,,0,30.0,0,0
75,14,0,3,28,Y6085515,,,,0,30.0,0,2
75,14,0,3,29,Y6085516,,,,0,30.0,0,2
75,14,0,3,30,Y6085517,,,,0,30.0,0,2
75,14,0,4,10,Y6085518,,,,0,30.0,0,0
75,14,0,4,11,Y6085519,,,,0,30.0,0,0
75,14,0,4,12,Y6085520,,,,0,30.0,0,0
75,14,0,4,13,Y6085521,,,,0,30.0,0,0
75,14,0,4,14,Y6085522,,,,0,30.0,0,0
75,14,0,4,15,Y6085523,,,,0,30.0,0,0
75,14,0,4,16,Y6085524,,,,0,30.0,0,0
75,14,0,4,17,Y6085525,,,,0,30.0,0,0
75,14,0,4,18,Y6085526,,,,0,30.0,0,0
75,14,0,4,19,Y6085527,,,,0,30.0,0,0
75,14,0,4,20,Y6085528,,,,0,30.0,0,0
75,14,0,4,21,Y6085529,,,,0,30.0,0,0
75,14,0,4,22,Y6085530,,,,0,30.0,0,0
75,14,0,4,23,Y6085531,,,,0,30.0,0,0
75,14,0,4,24,Y6085532,,,,0,30.0,0,0
75,14,0,4,25,Y6085533,,,,0,30.0,0,0
75,14,0,4,26,Y6085534,,,,0,30.0,0,0
75,14,0,4,27,Y6085535,,,,0,30.0,0,0
75,14,0,4,28,Y6085536,,,,0,30.0,0,0
75,14,0,4,29,Y6085537,,,,0,30.0,0,0
75,14,0,4,30,Y6085538,,,,0,30.0,0,0
75,14,0,5,10,Y6085539,,,,0,30.0,0,0
75,14,0,5,11,Y6085540,,,,0,30.0,0,0
75,14,0,5,12,Y6085541,,,,0,30.0,0,0
75,14,0,5,13,Y6085542,,,,0,30.0,0,0
75,14,0,5,14,Y6085543,,,,0,30.0,0,0
75,14,0,5,15,Y6085544,,,,0,30.0,0,0
75,14,0,5,16,Y6085545,,,,0,30.0,0,0
75,14,0,5,17,Y6085546,,,,0,30.0,0,0
75,14,0,5,18,Y6085547,,,,0,30.0,0,0
75,14,0,5,19,Y6085548,,,,0,30.0,0,0
75,14,0,5,20,Y6085549,,,,0,30.0,0,0
75,14,0,5,21,Y6085550,,,,0,30.0,0,0
75,14,0,5,22,Y6085551,,,,0,30.0,0,0
75,14,0,5,23,Y6085552,,,,0,30.0,0,0
75,14,0,5,24,Y6085553,,,,0,30.0,0,0
75,14,0,5,25,Y6085554,,,,0,30.0,0,0
75,14,0,5,26,Y6085555,,,,0,30.0,0,0
75,14,0,5,27,Y6085556,,,,0,30.0,0,0
75,14,0,5,28,Y6085557,,,,0,30.0,0,0
75,14,0,5,29,Y6085558,,,,0,30.0,0,0
75,14,0,5,30,Y6085559,,,,0,30.0,0,0
75,14,0,6,10,Y6085560,,,,0,30.0,0,0
75,14,0,6,11,Y6085561,,,,0,30.0,0,0
75,14,0,6,12,Y6085562,,,,0,30.0,0,0
75,14,0,6,13,Y6085563,,,,0,30.0,0,0
75,14,0,6,14,Y6085564,,,,0,30.0,0,0
75,14,0,6,15,Y6085565,,,,0,30.0,0,0
75,14,0,6,16,Y6085566,,,,0,30.0,0,0
75,14,0,6,17,Y6085567,,,,0,30.0,0,0
75,14,0,6,18,Y6085568,,,,0,30.0,0,0
75,14,0,6,19,Y6085569,,,,0,30.0,0,0
75,14,0,6,20,Y6085570,,,,0,30.0,0,0
75,14,0,6,21,Y6085571,,,,0,30.0,0,0
75,14,0,6,22,Y6085572,,,,0,30.0,0,0
75,14,0,6,23,Y6085573,,,,0,30.0,0,0
75,14,0,6,24,Y6085574,,,,0,30.0,0,0
75,14,0,6,25,Y6085575,,,,0,30.0,0,0
75,14,0,6,26,Y6085576,,,,0,30.0,0,0
75,14,0,6,27,Y6085577,,,,0,30.0,0,0
75,14,0,6,28,Y6085578,,,,0,30.0,0,0
75,14,0,6,29,Y6085579,,,,0,30.0,0,0
75,14,0,6,30,Y6085580,,,,0,30.0,0,0
75,14,0,7,10,Y6085581,,,,0,30.0,0,0
75,14,0,7,11,Y6085582,,,,0,30.0,0,0
75,14,0,7,12,Y6085583,,,,0,30.0,0,0
75,14,0,7,13,Y6085584,,,,0,30.0,0,0
75,14,0,7,14,Y6085585,,,,0,30.0,0,0
75,14,0,7,15,Y6085586,,,,0,30.0,0,0
75,14,0,7,16,Y6085587,,,,0,30.0,0,0
75,14,0,7,17,Y6085588,,,,0,30.0,0,0
75,14,0,7,18,Y6085589,,,,0,30.0,0,0
75,14,0,7,19,Y6085590,,,,0,30.0,0,0
75,14,0,7,20,Y6085591,,,,0,30.0,0,0
75,14,0,7,21,Y6085592,,,,0,30.0,0,0
75,14,0,7,22,Y6085593,,,,0,30.0,0,0
75,14,0,7,23,Y6085594,,,,0,30.0,0,0
75,14,0,7,24,Y6085595,,,,0,30.0,0,0
75,14,0,7,25,Y6085596,,,,0,30.0,0,0
75,14,0,7,26,Y6085597,,,,0,30.0,0,0
75,14,0,7,27,Y6085598,,,,0,30.0,0,0
75,14,0,7,28,Y6085599,,,,0,30.0,0,0
75,14,0,7,29,Y6085600,,,,0,30.0,0,0
75,14,0,7,30,Y6085601,,,,0,30.0,0,0
75,14,0,8,10,Y6085602,,,,0,30.0,0,0
75,14,0,8,11,Y6085603,,,,0,30.0,0,0
75,14,0,8,12,Y6085604,,,,0,30.0,0,0
75,14,0,8,13,Y6085605,,,,0,30.0,0,0
75,14,0,8,14,Y6085606,,,,0,30.0,0,0
75,14,0,8,15,Y6085607,,,,0,30.0,0,0
75,14,0,8,16,Y6085608,,,,0,30.0,0,0
75,14,0,8,17,Y6085609,,,,0,30.0,0,0
75,14,0,8,18,Y6085610,,,,0,30.0,0,0
75,14,0,8,19,Y6085611,,,,0,30.0,0,0
75,14,0,8,20,Y6085612,,,,0,30.0,0,0
75,14,0,8,21,Y6085613,,,,0,30.0,0,0
75,14,0,8,22,Y6085614,,,,0,30.0,0,0
75,14,0,8,23,Y6085615,,,,0,30.0,0,0
75,14,0,8,24,Y6085616,,,,0,30.0,0,0
75,14,0,8,25,Y6085617,,,,0,30.0,0,0
75,14,0,8,26,Y6085618,,,,0,30.0,0,0
75,14,0,8,27,Y6085619,,,,0,30.0,0,0
75,14,0,8,28,Y6085620,,,,0,30.0,0,0
75,14,0,8,29,Y6085621,,,,0,30.0,0,0
75,14,0,8,30,Y6085622,,,,0,30.0,0,0
75,14,0,9,10,Y6085623,,,,0,30.0,0,0
75,14,0,9,11,Y6085624,,,,0,30.0,0,0
75,14,0,9,12,Y6085625,,,,0,30.0,0,0
75,14,0,9,13,Y6085626,,,,0,30.0,0,0
75,14,0,9,14,Y6085627,,,,0,30.0,0,0
75,14,0,9,15,Y6085628,,,,0,30.0,0,0
75,14,0,9,16,Y6085629,,,,0,30.0,0,0
75,14,0,9,17,Y6085630,,,,0,30.0,0,0
75,14,0,9,18,Y6085631,,,,0,30.0,0,0
75,14,0,9,19,Y6085632,,,,0,30.0,0,0
75,14,0,9,20,Y6085633,,,,0,30.0,0,0
75,14,0,9,21,Y6085634,,,,0,30.0,0,0
75,14,0,9,22,Y6085635,,,,0,30.0,0,0
75,14,0,9,23,Y6085636,,,,0,30.0,0,0
75,14,0,9,24,Y6085637,,,,0,30.0,0,0
75,14,0,9,25,Y6085638,,,,0,30.0,0,0
75,14,0,9,26,Y6085639,,,,0,30.0,0,0
75,14,0,9,27,Y6085640,,,,0,30.0,0,0
75,14,0,9,28,Y6085641,,,,0,30.0,0,0
75,14,0,9,29,Y6085642,,,,0,30.0,0,0
75,14,0,9,30,Y6085643,,,,0,30.0,0,0
75,14,0,10,10,Y6085644,,,,0,30.0,0,0
75,14,0,10,11,Y6085645,,,,0,30.0,0,0
75,14,0,10,12,Y6085646,,,,0,30.0,0,0
75,14,0,10,13,Y6085647,,,,0,30.0,0,0
75,14,0,10,14,Y6085648,,,,0,30.0,0,0
75,14,0,10,15,Y6085649,,,,0,30.0,0,0
75,14,0,10,16,Y6085650,,,,0,30.0,0,0
75,14,0,10,17,Y6085651,,,,0,30.0,0,0
75,14,0,10,18,Y6085652,,,,0,30.0,0,0
75,14,0,10,19,Y6085653,,,,0,30.0,0,0
75,14,0,10,20,Y6085654,,,,0,30.0,0,0
75,14,0,10,21,Y6085655,,,,0,30.0,0,0
75,14,0,10,22,Y6085656,,,,0,30.0,0,0
75,14,0,10,23,Y6085657,,,,0,30.0,0,0
75,14,0,10,24,Y6085658,,,,0,30.0,0,0
75,14,0,10,25,Y6085659,,,,0,30.0,0,0
75,14,0,10,26,Y6085660,,,,0,30.0,0,0
75,14,0,10,27,Y6085661,,,,0,30.0,0,0
75,14,0,10,28,Y6085662,,,,0,30.0,0,0
75,14,0,10,29,Y6085663,,,,0,30.0,0,0
75,14,0,10,30,Y6085664,,,,0,30.0,0,0
75,14,0,11,10,Y6085665,,,,0,30.0,0,0
75,14,0,11,11,Y6085666,,,,0,30.0,0,0
75,14,0,11,12,Y6085667,,,,0,30.0,0,0
75,14,0,11,13,Y6085668,,,,0,30.0,0,0
75,14,0,11,14,Y6085669,,,,0,30.0,0,0
75,14,0,11,15,Y6085670,,,,0,30.0,0,0
75,14,0,11,16,Y6085671,,,,0,30.0,0,0
75,14,0,11,17,Y6085672,,,,0,30.0,0,0
75,14,0,11,18,Y6085673,,,,0,30.0,0,0
75,14,0,11,19,Y6085674,,,,0,30.0,0,0
75,14,0,11,20,Y6085675,,,,0,30.0,0,0
75,14,0,11,21,Y6085676,,,,0,30.0,0,0
75,14,0,11,22,Y6085677,,,,0,30.0,0,0
75,14,0,11,23,Y6085678,,,,0,30.0,0,0
75,14,0,11,24,Y6085679,,,,0,30.0,0,0
75,14,0,11,25,Y6085680,,,,0,30.0,0,0
75,14,0,11,26,Y6085681,,,,0,30.0,0,0
75,14,0,11,27,Y6085682,,,,0,30.0,0,0
75,14,0,11,28,Y6085683,,,,0,30.0,0,0
75,14,0,11,29,Y6085684,,,,0,30.0,0,0
75,14,0,11,30,Y6085685,,,,0,30.0,0,0
75,14,0,12,10,Y6085686,,,,0,30.0,0,0
75,14,0,12,11,Y6085687,,,,0,30.0,0,0
75,14,0,12,12,Y6085688,,,,0,30.0,0,0
75,14,0,12,13,Y6085689,,,,0,30.0,0,0
75,14,0,12,14,Y6085690,,,,0,30.0,0,0
75,14,0,12,15,Y6085691,,,,0,30.0,0,0
75,14,0,12,16,Y6085692,,,,0,30.0,0,0
75,14,0,12,17,Y6085693,,,,0,30.0,0,0
75,14,0,12,18,Y6085694,,,,0,30.0,0,0
75,14,0,12,19,Y6085695,,,,0,30.0,0,0
75,14,0,12,20,Y6085696,,,,0,30.0,0,0
75,14,0,12,21,Y6085697,,,,0,30.0,0,0
75,14,0,12,22,Y6085698,,,,0,30.0,0,0
75,14,0,12,23,Y6085699,,,,0,30.0,0,0
75,14,0,12,24,Y6085700,,,,0,30.0,0,0
75,14,0,12,25,Y6085701,,,,0,30.0,0,0
75,14,0,12,26,Y6085702,,,,0,30.0,0,0
75,14,0,12,27,Y6085703,,,,0,30.0,0,0
75,14,0,12,28,Y6085704,,,,0,30.0,0,0
75,14,0,12,29,Y6085705,,,,0,30.0,0,0
75,14,0,12,30,Y6085706,,,,0,30.0,0,0
75,14,1,1,10,Y6085707,,,,0,30.0,0,0
75,14,1,1,11,Y6085708,,,,0,30.0,0,0
75,14,1,1,12,Y6085709,,,,0,30.0,0,0
75,14,1,1,13,Y6085710,,,,0,30.0,0,0
75,14,1,1,14,Y6085711,,,,0,30.0,0,0
75,14,1,1,15,Y6085712,,,,0,30.0,0,0
75,14,1,1,16,Y6085713,,,,0,30.0,0,0
75,14,1,1,17,Y6085714,,,,0,30.0,0,0
75,14,1,1,18,Y6085715,,,,0,30.0,0,0
75,14,1,1,19,Y6085716,,,,0,30.0,0,0
75,14,1,1,20,Y6085717,,,,0,30.0,0,0
75,14,1,1,21,Y6085718,,,,0,30.0,0,0
75,14,1,1,22,Y6085719,,,,0,30.0,0,0
75,14,1,1,23,Y6085720,,,,0,30.0,0,0
75,14,1,1,24,Y6085721,,,,0,30.0,0,0
75,14,1,1,25,Y6085722,,,,0,30.0,0,0
75,14,1,1,26,Y6085723,,,,0,30.0,0,0
75,14,1,1,27,Y6085724,,,,0,30.0,0,0
75,14,1,1,28,Y6085725,,,,0,30.0,0,2
75,14,1,1,29,Y6085726,,,,0,30.0,0,1
75,14,1,1,30,Y6085727,,,,0,30.0,0,1
75,14,1,2,10,Y6085728,,,,0,30.0,0,0
75,14,1,2,11,Y6085729,,,,0,30.0,0,0
75,14,1,2,12,Y6085730,,,,0,30.0,0,0
75,14,1,2,13,Y6085731,,,,0,30.0,0,0
75,14,1,2,14,Y6085732,,,,0,30.0,0,0
75,14,1,2,15,Y6085733,,,,0,30.0,0,0
75,14,1,2,16,Y6085734,,,,0,30.0,0,0
75,14,1,2,17,Y6085735,,,,0,30.0,0,0
75,14,1,2,18,Y6085736,,,,0,30.0,0,0
75,14,1,2,19,Y6085737,,,,0,30.0,0,0
75,14,1,2,20,Y6085738,,,,0,30.0,0,0
75,14,1,2,21,Y6085739,,,,0,30.0,0,0
75,14,1,2,22,Y6085740,,,,0,30.0,0,0
75,14,1,2,23,Y6085741,,,,0,30.0,0,0
75,14,1,2,24,Y6085742,,,,0,30.0,0,0
75,14,1,2,25,Y6085743,,,,0,30.0,0,0
75,14,1,2,26,Y6085744,,,,0,30.0,0,0
75,14,1,2,27,Y6085745,,,,0,30.0,0,0
75,14,1,2,28,Y6085746,,,,0,30.0,0,2
75,14,1,2,29,Y6085747,,,,0,30.0,0,1
75,14,1,2,30,Y6085748,,,,0,30.0,0,1
75,14,1,3,10,Y6085749,,,,0,30.0,0,0
75,14,1,3,11,Y6085750,,,,0,30.0,0,0
75,14,1,3,12,Y6085751,,,,0,30.0,0,0
75,14,1,3,13,Y6085752,,,,0,30.0,0,0
75,14,1,3,14,Y6085753,,,,0,30.0,0,0
75,14,1,3,15,Y6085754,,,,0,30.0,0,0
75,14,1,3,16,Y6085755,,,,0,30.0,0,0
75,14,1,3,17,Y6085756,,,,0,30.0,0,0
75,14,1,3,18,Y6085757,,,,0,30.0,0,0
75,14,1,3,19,Y6085758,,,,0,30.0,0,0
75,14,1,3,20,Y6085759,,,,0,30.0,0,0
75,14,1,3,21,Y6085760,,,,0,30.0,0,0
75,14,1,3,22,Y6085761,,,,0,30.0,0,0
75,14,1,3,23,Y6085762,,,,0,30.0,0,0
75,14,1,3,24,Y6085763,,,,0,30.0,0,0
75,14,1,3,25,Y6085764,,,,0,30.0,0,0
75,14,1,3,26,Y6085765,,,,0,30.0,0,0
75,14,1,3,27,Y6085766,,,,0,30.0,0,0
75,14,1,3,28,Y6085767,,,,0,30.0,0,2
75,14,1,3,29,Y6085768,,,,0,30.0,0,2
75,14,1,3,30,Y6085769,,,,0,30.0,0,2
75,14,1,4,10,Y6085770,,,,0,30.0,0,0
75,14,1,4,11,Y6085771,,,,0,30.0,0,0
75,14,1,4,12,Y6085772,,,,0,30.0,0,0
75,14,1,4,13,Y6085773,,,,0,30.0,0,0
75,14,1,4,14,Y6085774,,,,0,30.0,0,0
75,14,1,4,15,Y6085775,,,,0,30.0,0,0
75,14,1,4,16,Y6085776,,,,0,30.0,0,0
75,14,1,4,17,Y6085777,,,,0,30.0,0,0
75,14,1,4,18,Y6085778,,,,0,30.0,0,0
75,14,1,4,19,Y6085779,,,,0,30.0,0,0
75,14,1,4,20,Y6085780,,,,0,30.0,0,0
75,14,1,4,21,Y6085781,,,,0,30.0,0,0
75,14,1,4,22,Y6085782,,,,0,30.0,0,0
75,14,1,4,23,Y6085783,,,,0,30.0,0,0
75,14,1,4,24,Y6085784,,,,0,30.0,0,0
75,14,1,4,25,Y6085785,,,,0,30.0,0,0
75,14,1,4,26,Y6085786,,,,0,30.0,0,0
75,14,1,4,27,Y6085787,,,,0,30.0,0,0
75,14,1,4,28,Y6085788,,,,0,30.0,0,0
75,14,1,4,29,Y6085789,,,,0,30.0,0,0
75,14,1,4,30,Y6085790,,,,0,30.0,0,0
75,14,1,5,10,Y6085791,,,,0,30.0,0,0
75,14,1,5,11,Y6085792,,,,0,30.0,0,0
75,14,1,5,12,Y6085793,,,,0,30.0,0,0
75,14,1,5,13,Y6085794,,,,0,30.0,0,0
75,14,1,5,14,Y6085795,,,,0,30.0,0,0
75,14,1,5,15,Y6085796,,,,0,30.0,0,0
75,14,1,5,16,Y6085797,,,,0,30.0,0,0
75,14,1,5,17,Y6085798,,,,0,30.0,0,0
75,14,1,5,18,Y6085799,,,,0,30.0,0,0
75,14,1,5,19,Y6085800,,,,0,30.0,0,0
75,14,1,5,20,Y6085801,,,,0,30.0,0,0
75,14,1,5,21,Y6085802,,,,0,30.0,0,0
75,14,1,5,22,Y6085803,,,,0,30.0,0,0
75,14,1,5,23,Y6085804,,,,0,30.0,0,0
75,14,1,5,24,Y6085805,,,,0,30.0,0,0
75,14,1,5,25,Y6085806,,,,0,30.0,0,0
75,14,1,5,26,Y6085807,,,,0,30.0,0,0
75,14,1,5,27,Y6085808,,,,0,30.0,0,0
75,14,1,5,28,Y6085809,,,,0,30.0,0,0
75,14,1,5,29,Y6085810,,,,0,30.0,0,0
75,14,1,5,30,Y6085811,,,,0,30.0,0,0
75,14,1,6,10,Y6085812,,,,0,30.0,0,0
75,14,1,6,11,Y6085813,,,,0,30.0,0,0
75,14,1,6,12,Y6085814,,,,0,30.0,0,0
75,14,1,6,13,Y6085815,,,,0,30.0,0,0
75,14,1,6,14,Y6085816,,,,0,30.0,0,0
75,14,1,6,15,Y6085817,,,,0,30.0,0,0
75,14,1,6,16,Y6085818,,,,0,30.0,0,0
75,14,1,6,17,Y6085819,,,,0,30.0,0,0
75,14,1,6,18,Y6085820,,,,0,30.0,0,0
75,14,1,6,19,Y6085821,,,,0,30.0,0,0
75,14,1,6,20,Y6085822,,,,0,30.0,0,0
75,14,1,6,21,Y6085823,,,,0,30.0,0,0
75,14,1,6,22,Y6085824,,,,0,30.0,0,0
75,14,1,6,23,Y6085825,,,,0,30.0,0,0
75,14,1,6,24,Y6085826,,,,0,30.0,0,0
75,14,1,6,25,Y6085827,,,,0,30.0,0,0
75,14,1,6,26,Y6085828,,,,0,30.0,0,0
75,14,1,6,27,Y6085829,,,,0,30.0,0,0
75,14,1,6,28,Y6085830,,,,0,30.0,0,0
75,14,1,6,29,Y6085831,,,,0,30.0,0,0
75,14,1,6,30,Y6085832,,,,0,30.0,0,0
75,14,1,7,10,Y6085833,,,,0,30.0,0,0
75,14,1,7,11,Y6085834,,,,0,30.0,0,0
75,14,1,7,12,Y6085835,,,,0,30.0,0,0
75,14,1,7,13,Y6085836,,,,0,30.0,0,0
75,14,1,7,14,Y6085837,,,,0,30.0,0,0
75,14,1,7,15,Y6085838,,,,0,30.0,0,0
75,14,1,7,16,Y6085839,,,,0,30.0,0,0
75,14,1,7,17,Y6085840,,,,0,30.0,0,0
75,14,1,7,18,Y6085841,,,,0,30.0,0,0
75,14,1,7,19,Y6085842,,,,0,30.0,0,0
75,14,1,7,20,Y6085843,,,,0,30.0,0,0
75,14,1,7,21,Y6085844,,,,0,30.0,0,0
75,14,1,7,22,Y6085845,,,,0,30.0,0,0
75,14,1,7,23,Y6085846,,,,0,30.0,0,0
75,14,1,7,24,Y6085847,,,,0,30.0,0,0
75,14,1,7,25,Y6085848,,,,0,30.0,0,0
75,14,1,7,26,Y6085849,,,,0,30.0,0,0
75,14,1,7,27,Y6085850,,,,0,30.0,0,0
75,14,1,7,28,Y6085851,,,,0,30.0,0,0
75,14,1,7,29,Y6085852,,,,0,30.0,0,0
75,14,1,7,30,Y6085853,,,,0,30.0,0,0
75,14,1,8,10,Y6085854,,,,0,30.0,0,0
75,14,1,8,11,Y6085855,,,,0,30.0,0,0
75,14,1,8,12,Y6085856,,,,0,30.0,0,0
75,14,1,8,13,Y6085857,,,,0,30.0,0,0
75,14,1,8,14,Y6085858,,,,0,30.0,0,0
75,14,1,8,15,Y6085859,,,,0,30.0,0,0
75,14,1,8,16,Y6085860,,,,0,30.0,0,0
75,14,1,8,17,Y6085861,,,,0,30.0,0,0
75,14,1,8,18,Y6085862,,,,0,30.0,0,0
75,14,1,8,19,Y6085863,,,,0,30.0,0,0
75,14,1,8,20,Y6085864,,,,0,30.0,0,0
75,14,1,8,21,Y6085865,,,,0,30.0,0,0
75,14,1,8,22,Y6085866,,,,0,30.0,0,0
75,14,1,8,23,Y6085867,,,,0,30.0,0,0
75,14,1,8,24,Y6085868,,,,0,30.0,0,0
75,14,1,8,25,Y6085869,,,,0,30.0,0,0
75,14,1,8,26,Y6085870,,,,0,30.0,0,0
75,14,1,8,27,Y6085871,,,,0,30.0,0,0
75,14,1,8,28,Y6085872,,,,0,30.0,0,0
75,14,1,8,29,Y6085873,,,,0,30.0,0,0
75,14,1,8,30,Y6085874,,,,0,30.0,0,0
75,14,1,9,10,Y6085875,,,,0,30.0,0,0
75,14,1,9,11,Y6085876,,,,0,30.0,0,0
75,14,1,9,12,Y6085877,,,,0,30.0,0,0
75,14,1,9,13,Y6085878,,,,0,30.0,0,0
75,14,1,9,14,Y6085879,,,,0,30.0,0,0
75,14,1,9,15,Y6085880,,,,0,30.0,0,0
75,14,1,9,16,Y6085881,,,,0,30.0,0,0
75,14,1,9,17,Y6085882,,,,0,30.0,0,0
75,14,1,9,18,Y6085883,,,,0,30.0,0,0
75,14,1,9,19,Y6085884,,,,0,30.0,0,0
75,14,1,9,20,Y6085885,,,,0,30.0,0,0
75,14,1,9,21,Y6085886,,,,0,30.0,0,0
75,14,1,9,22,Y6085887,,,,0,30.0,0,0
75,14,1,9,23,Y6085888,,,,0,30.0,0,0
75,14,1,9,24,Y6085889,,,,0,30.0,0,0
75,14,1,9,25,Y6085890,,,,0,30.0,0,0
75,14,1,9,26,Y6085891,,,,0,30.0,0,0
75,14,1,9,27,Y6085892,,,,0,30.0,0,0
75,14,1,9,28,Y6085893,,,,0,30.0,0,0
75,14,1,9,29,Y6085894,,,,0,30.0,0,0
75,14,1,9,30,Y6085895,,,,0,30.0,0,0
75,14,1,10,10,Y6085896,,,,0,30.0,0,0
75,14,1,10,11,Y6085897,,,,0,30.0,0,0
75,14,1,10,12,Y6085898,,,,0,30.0,0,0
75,14,1,10,13,Y6085899,,,,0,30.0,0,0
75,14,1,10,14,Y6085900,,,,0,30.0,0,0
75,14,1,10,15,Y6085901,,,,0,30.0,0,0
75,14,1,10,16,Y6085902,,,,0,30.0,0,0
75,14,1,10,17,Y6085903,,,,0,30.0,0,0
75,14,1,10,18,Y6085904,,,,0,30.0,0,0
75,14,1,10,19,Y6085905,,,,0,30.0,0,0
75,14,1,10,20,Y6085906,,,,0,30.0,0,0
75,14,1,10,21,Y6085907,,,,0,30.0,0,0
75,14,1,10,22,Y6085908,,,,0,30.0,0,0
75,14,1,10,23,Y6085909,,,,0,30.0,0,0
75,14,1,10,24,Y6085910,,,,0,30.0,0,0
75,14,1,10,25,Y6085911,,,,0,30.0,0,0
75,14,1,10,26,Y6085912,,,,0,30.0,0,0
75,14,1,10,27,Y6085913,,,,0,30.0,0,0
75,14,1,10,28,Y6085914,,,,0,30.0,0,0
75,14,1,10,29,Y6085915,,,,0,30.0,0,0
75,14,1,10,30,Y6085916,,,,0,30.0,0,0
75,14,1,11,10,Y6085917,,,,0,30.0,0,0
75,14,1,11,11,Y6085918,,,,0,30.0,0,0
75,14,1,11,12,Y6085919,,,,0,30.0,0,0
75,14,1,11,13,Y6085920,,,,0,30.0,0,0
75,14,1,11,14,Y6085921,,,,0,30.0,0,0
75,14,1,11,15,Y6085922,,,,0,30.0,0,0
75,14,1,11,16,Y6085923,,,,0,30.0,0,0
75,14,1,11,17,Y6085924,,,,0,30.0,0,0
75,14,1,11,18,Y6085925,,,,0,30.0,0,0
75,14,1,11,19,Y6085926,,,,0,30.0,0,0
75,14,1,11,20,Y6085927,,,,0,30.0,0,0
75,14,1,11,21,Y6085928,,,,0,30.0,0,0
75,14,1,11,22,Y6085929,,,,0,30.0,0,0
75,14,1,11,23,Y6085930,,,,0,30.0,0,0
75,14,1,11,24,Y6085931,,,,0,30.0,0,0
75,14,1,11,25,Y6085932,,,,0,30.0,0,0
75,14,1,11,26,Y6085933,,,,0,30.0,0,0
75,14,1,11,27,Y6085934,,,,0,30.0,0,0
75,14,1,11,28,Y6085935,,,,0,30.0,0,0
75,14,1,11,29,Y6085936,,,,0,30.0,0,0
75,14,1,11,30,Y6085937,,,,0,30.0,0,0
75,14,1,12,10,Y6085938,,,,0,30.0,0,0
75,14,1,12,11,Y6085939,,,,0,30.0,0,0
75,14,1,12,12,Y6085940,,,,0,30.0,0,0
75,14,1,12,13,Y6085941,,,,0,30.0,0,0
75,14,1,12,14,Y6085942,,,,0,30.0,0,0
75,14,1,12,15,Y6085943,,,,0,30.0,0,0
75,14,1,12,16,Y6085944,,,,0,30.0,0,0
75,14,1,12,17,Y6085945,,,,0,30.0,0,0
75,14,1,12,18,Y6085946,,,,0,30.0,0,0
75,14,1,12,19,Y6085947,,,,0,30.0,0,0
75,14,1,12,20,Y6085948,,,,0,30.0,0,0
75,14,1,12,21,Y6085949,,,,0,30.0,0,0
75,14,1,12,22,Y6085950,,,,0,30.0,0,0
75,14,1,12,23,Y6085951,,,,0,30.0,0,0
75,14,1,12,24,Y6085952,,,,0,30.0,0,0
75,14,1,12,25,Y6085953,,,,0,30.0,0,0
75,14,1,12,26,Y6085954,,,,0,30.0,0,0
75,14,1,12,27,Y6085955,,,,0,30.0,0,0
75,14,1,12,28,Y6085956,,,,0,30.0,0,0
75,14,1,12,29,Y6085957,,,,0,30.0,0,0
75,14,1,12,30,Y6085958,,,,0,30.0,0,0
75,14,2,1,10,Y6085959,,,,0,30.0,0,0
75,14,2,1,11,Y6085960,,,,0,30.0,0,0
75,14,2,1,12,Y6085961,,,,0,30.0,0,0
75,14,2,1,13,Y6085962,,,,0,30.0,0,0
75,14,2,1,14,Y6085963,,,,0,30.0,0,0
75,14,2,1,15,Y6085964,,,,0,30.0,0,0
75,14,2,1,16,Y6085965,,,,0,30.0,0,0
75,14,2,1,17,Y6085966,,,,0,30.0,0,0
75,14,2,1,18,Y6085967,,,,0,30.0,0,0
75,14,2,1,19,Y6085968,,,,0,30.0,0,0
75,14,2,1,20,Y6085969,,,,0,30.0,0,0
75,14,2,1,21,Y6085970,,,,0,30.0,0,0
75,14,2,1,22,Y6085971,,,,0,30.0,0,0
75,14,2,1,23,Y6085972,,,,0,30.0,0,0
75,14,2,1,24,Y6085973,,,,0,30.0,0,0
75,14,2,1,25,Y6085974,,,,0,30.0,0,0
75,14,2,1,26,Y6085975,,,,0,30.0,0,0
75,14,2,1,27,Y6085976,,,,0,30.0,0,0
75,14,2,1,28,Y6085977,,,,0,30.0,0,2
75,14,2,1,29,Y6085978,,,,0,30.0,0,2
75,14,2,1,30,Y6085979,,,,0,30.0,0,2
75,14,2,2,10,Y6085980,,,,0,30.0,0,0
75,14,2,2,11,Y6085981,,,,0,30.0,0,0
75,14,2,2,12,Y6085982,,,,0,30.0,0,0
75,14,2,2,13,Y6085983,,,,0,30.0,0,0
75,14,2,2,14,Y6085984,,,,0,30.0,0,0
75,14,2,2,15,Y6085985,,,,0,30.0,0,0
75,14,2,2,16,Y6085986,,,,0,30.0,0,0
75,14,2,2,17,Y6085987,,,,0,30.0,0,0
75,14,2,2,18,Y6085988,,,,0,30.0,0,0
75,14,2,2,19,Y6085989,,,,0,30.0,0,0
75,14,2,2,20,Y6085990,,,,0,30.0,0,0
75,14,2,2,21,Y6085991,,,,0,30.0,0,0
75,14,2,2,22,Y6085992,,,,0,30.0,0,0
75,14,2,2,23,Y6085993,,,,0,30.0,0,0
75,14,2,2,24,Y6085994,,,,0,30.0,0,0
75,14,2,2,25,Y6085995,,,,0,30.0,0,0
75,14,2,2,26,Y6085996,,,,0,30.0,0,0
75,14,2,2,27,Y6085997,,,,0,30.0,0,0
75,14,2,2,28,Y6085998,,,,0,30.0,0,2
75,14,2,2,29,Y6085999,,,,0,30.0,0,2
75,14,2,2,30,Y6086000,,,,0,30.0,0,2
75,14,2,3,10,Y6086001,,,,0,30.0,0,0
75,14,2,3,11,Y6086002,,,,0,30.0,0,0
75,14,2,3,12,Y6086003,,,,0,30.0,0,0
75,14,2,3,13,Y6086004,,,,0,30.0,0,0
75,14,2,3,14,Y6086005,,,,0,30.0,0,0
75,14,2,3,15,Y6086006,,,,0,30.0,0,0
75,14,2,3,16,Y6086007,,,,0,30.0,0,0
75,14,2,3,17,Y6086008,,,,0,30.0,0,0
75,14,2,3,18,Y6086009,,,,0,30.0,0,0
75,14,2,3,19,Y6086010,,,,0,30.0,0,0
75,14,2,3,20,Y6086011,,,,0,30.0,0,0
75,14,2,3,21,Y6086012,,,,0,30.0,0,0
75,14,2,3,22,Y6086013,,,,0,30.0,0,0
75,14,2,3,23,Y6086014,,,,0,30.0,0,0
75,14,2,3,24,Y6086015,,,,0,30.0,0,0
75,14,2,3,25,Y6086016,,,,0,30.0,0,0
75,14,2,3,26,Y6086017,,,,0,30.0,0,0
75,14,2,3,27,Y6086018,,,,0,30.0,0,0
75,14,2,3,28,Y6086019,,,,0,30.0,0,0
75,14,2,3,29,Y6086020,,,,0,30.0,0,2
75,14,2,3,30,Y6086021,,,,0,30.0,0,2
75,14,2,4,10,Y6086022,,,,0,30.0,0,0
75,14,2,4,11,Y6086023,,,,0,30.0,0,0
75,14,2,4,12,Y6086024,,,,0,30.0,0,0
75,14,2,4,13,Y6086025,,,,0,30.0,0,0
75,14,2,4,14,Y6086026,,,,0,30.0,0,0
75,14,2,4,15,Y6086027,,,,0,30.0,0,0
75,14,2,4,16,Y6086028,,,,0,30.0,0,0
75,14,2,4,17,Y6086029,,,,0,30.0,0,0
75,14,2,4,18,Y6086030,,,,0,30.0,0,0
75,14,2,4,19,Y6086031,,,,0,30.0,0,0
75,14,2,4,20,Y6086032,,,,0,30.0,0,0
75,14,2,4,21,Y6086033,,,,0,30.0,0,0
75,14,2,4,22,Y6086034,,,,0,30.0,0,0
75,14,2,4,23,Y6086035,,,,0,30.0,0,0
75,14,2,4,24,Y6086036,,,,0,30.0,0,0
75,14,2,4,25,Y6086037,,,,0,30.0,0,0
75,14,2,4,26,Y6086038,,,,0,30.0,0,0
75,14,2,4,27,Y6086039,,,,0,30.0,0,0
75,14,2,4,28,Y6086040,,,,0,30.0,0,0
75,14,2,4,29,Y6086041,,,,0,30.0,0,0
75,14,2,4,30,Y6086042,,,,0,30.0,0,0
75,14,2,5,10,Y6086043,,,,0,30.0,0,0
75,14,2,5,11,Y6086044,,,,0,30.0,0,0
75,14,2,5,12,Y6086045,,,,0,30.0,0,0
75,14,2,5,13,Y6086046,,,,0,30.0,0,0
75,14,2,5,14,Y6086047,,,,0,30.0,0,0
75,14,2,5,15,Y6086048,,,,0,30.0,0,0
75,14,2,5,16,Y6086049,,,,0,30.0,0,0
75,14,2,5,17,Y6086050,,,,0,30.0,0,0
75,14,2,5,18,Y6086051,,,,0,30.0,0,0
75,14,2,5,19,Y6086052,,,,0,30.0,0,0
75,14,2,5,20,Y6086053,,,,0,30.0,0,0
75,14,2,5,21,Y6086054,,,,0,30.0,0,0
75,14,2,5,22,Y6086055,,,,0,30.0,0,0
75,14,2,5,23,Y6086056,,,,0,30.0,0,0
75,14,2,5,24,Y6086057,,,,0,30.0,0,0
75,14,2,5,25,Y6086058,,,,0,30.0,0,0
75,14,2,5,26,Y6086059,,,,0,30.0,0,0
75,14,2,5,27,Y6086060,,,,0,30.0,0,0
75,14,2,5,28,Y6086061,,,,0,30.0,0,0
75,14,2,5,29,Y6086062,,,,0,30.0,0,0
75,14,2,5,30,Y6086063,,,,0,30.0,0,0
75,14,2,6,10,Y6086064,,,,0,30.0,0,0
75,14,2,6,11,Y6086065,,,,0,30.0,0,0
75,14,2,6,12,Y6086066,,,,0,30.0,0,0
75,14,2,6,13,Y6086067,,,,0,30.0,0,0
75,14,2,6,14,Y6086068,,,,0,30.0,0,0
75,14,2,6,15,Y6086069,,,,0,30.0,0,0
75,14,2,6,16,Y6086070,,,,0,30.0,0,0
75,14,2,6,17,Y6086071,,,,0,30.0,0,0
75,14,2,6,18,Y6086072,,,,0,30.0,0,0
75,14,2,6,19,Y6086073,,,,0,30.0,0,0
75,14,2,6,20,Y6086074,,,,0,30.0,0,0
75,14,2,6,21,Y6086075,,,,0,30.0,0,0
75,14,2,6,22,Y6086076,,,,0,30.0,0,0
75,14,2,6,23,Y6086077,,,,0,30.0,0,0
75,14,2,6,24,Y6086078,,,,0,30.0,0,0
75,14,2,6,25,Y6086079,,,,0,30.0,0,0
75,14,2,6,26,Y6086080,,,,0,30.0,0,0
75,14,2,6,27,Y6086081,,,,0,30.0,0,0
75,14,2,6,28,Y6086082,,,,0,30.0,0,0
75,14,2,6,29,Y6086083,,,,0,30.0,0,0
75,14,2,6,30,Y6086084,,,,0,30.0,0,0
75,14,2,7,10,Y6086085,,,,0,30.0,0,0
75,14,2,7,11,Y6086086,,,,0,30.0,0,0
75,14,2,7,12,Y6086087,,,,0,30.0,0,0
75,14,2,7,13,Y6086088,,,,0,30.0,0,0
75,14,2,7,14,Y6086089,,,,0,30.0,0,0
75,14,2,7,15,Y6086090,,,,0,30.0,0,0
75,14,2,7,16,Y6086091,,,,0,30.0,0,0
75,14,2,7,17,Y6086092,,,,0,30.0,0,0
75,14,2,7,18,Y6086093,,,,0,30.0,0,0
75,14,2,7,19,Y6086094,,,,0,30.0,0,0
75,14,2,7,20,Y6086095,,,,0,30.0,0,0
75,14,2,7,21,Y6086096,,,,0,30.0,0,0
75,14,2,7,22,Y6086097,,,,0,30.0,0,0
75,14,2,7,23,Y6086098,,,,0,30.0,0,0
75,14,2,7,24,Y6086099,,,,0,30.0,0,0
75,14,2,7,25,Y6086100,,,,0,30.0,0,0
75,14,2,7,26,Y6086101,,,,0,30.0,0,0
75,14,2,7,27,Y6086102,,,,0,30.0,0,0
75,14,2,7,28,Y6086103,,,,0,30.0,0,0
75,14,2,7,29,Y6086104,,,,0,30.0,0,0
75,14,2,7,30,Y6086105,,,,0,30.0,0,0
75,14,2,8,10,Y6086106,,,,0,30.0,0,0
75,14,2,8,11,Y6086107,,,,0,30.0,0,0
75,14,2,8,12,Y6086108,,,,0,30.0,0,0
75,14,2,8,13,Y6086109,,,,0,30.0,0,0
75,14,2,8,14,Y6086110,,,,0,30.0,0,0
75,14,2,8,15,Y6086111,,,,0,30.0,0,0
75,14,2,8,16,Y6086112,,,,0,30.0,0,0
75,14,2,8,17,Y6086113,,,,0,30.0,0,0
75,14,2,8,18,Y6086114,,,,0,30.0,0,0
75,14,2,8,19,Y6086115,,,,0,30.0,0,0
75,14,2,8,20,Y6086116,,,,0,30.0,0,0
75,14,2,8,21,Y6086117,,,,0,30.0,0,0
75,14,2,8,22,Y6086118,,,,0,30.0,0,0
75,14,2,8,23,Y6086119,,,,0,30.0,0,0
75,14,2,8,24,Y6086120,,,,0,30.0,0,0
75,14,2,8,25,Y6086121,,,,0,30.0,0,0
75,14,2,8,26,Y6086122,,,,0,30.0,0,0
75,14,2,8,27,Y6086123,,,,0,30.0,0,0
75,14,2,8,28,Y6086124,,,,0,30.0,0,0
75,14,2,8,29,Y6086125,,,,0,30.0,0,0
75,14,2,8,30,Y6086126,,,,0,30.0,0,0
75,14,2,9,10,Y6086127,,,,0,30.0,0,0
75,14,2,9,11,Y6086128,,,,0,30.0,0,0
75,14,2,9,12,Y6086129,,,,0,30.0,0,0
75,14,2,9,13,Y6086130,,,,0,30.0,0,0
75,14,2,9,14,Y6086131,,,,0,30.0,0,0
75,14,2,9,15,Y6086132,,,,0,30.0,0,0
75,14,2,9,16,Y6086133,,,,0,30.0,0,0
75,14,2,9,17,Y6086134,,,,0,30.0,0,0
75,14,2,9,18,Y6086135,,,,0,30.0,0,0
75,14,2,9,19,Y6086136,,,,0,30.0,0,0
75,14,2,9,20,Y6086137,,,,0,30.0,0,0
75,14,2,9,21,Y6086138,,,,0,30.0,0,0
75,14,2,9,22,Y6086139,,,,0,30.0,0,0
75,14,2,9,23,Y6086140,,,,0,30.0,0,0
75,14,2,9,24,Y6086141,,,,0,30.0,0,0
75,14,2,9,25,Y6086142,,,,0,30.0,0,0
75,14,2,9,26,Y6086143,,,,0,30.0,0,0
75,14,2,9,27,Y6086144,,,,0,30.0,0,0
75,14,2,9,28,Y6086145,,,,0,30.0,0,0
75,14,2,9,29,Y6086146,,,,0,30.0,0,0
75,14,2,9,30,Y6086147,,,,0,30.0,0,0
75,14,2,10,10,Y6086148,,,,0,30.0,0,0
75,14,2,10,11,Y6086149,,,,0,30.0,0,0
75,14,2,10,12,Y6086150,,,,0,30.0,0,0
75,14,2,10,13,Y6086151,,,,0,30.0,0,0
75,14,2,10,14,Y6086152,,,,0,30.0,0,0
75,14,2,10,15,Y6086153,,,,0,30.0,0,0
75,14,2,10,16,Y6086154,,,,0,30.0,0,0
75,14,2,10,17,Y6086155,,,,0,30.0,0,0
75,14,2,10,18,Y6086156,,,,0,30.0,0,0
75,14,2,10,19,Y6086157,,,,0,30.0,0,0
75,14,2,10,20,Y6086158,,,,0,30.0,0,0
75,14,2,10,21,Y6086159,,,,0,30.0,0,0
75,14,2,10,22,Y6086160,,,,0,30.0,0,0
75,14,2,10,23,Y6086161,,,,0,30.0,0,0
75,14,2,10,24,Y6086162,,,,0,30.0,0,0
75,14,2,10,25,Y6086163,,,,0,30.0,0,0
75,14,2,10,26,Y6086164,,,,0,30.0,0,0
75,14,2,10,27,Y6086165,,,,0,30.0,0,0
75,14,2,10,28,Y6086166,,,,0,30.0,0,0
75,14,2,10,29,Y6086167,,,,0,30.0,0,0
75,14,2,10,30,Y6086168,,,,0,30.0,0,0
75,14,2,11,10,Y6086169,,,,0,30.0,0,0
75,14,2,11,11,Y6086170,,,,0,30.0,0,0
75,14,2,11,12,Y6086171,,,,0,30.0,0,0
75,14,2,11,13,Y6086172,,,,0,30.0,0,0
75,14,2,11,14,Y6086173,,,,0,30.0,0,0
75,14,2,11,15,Y6086174,,,,0,30.0,0,0
75,14,2,11,16,Y6086175,,,,0,30.0,0,0
75,14,2,11,17,Y6086176,,,,0,30.0,0,0
75,14,2,11,18,Y6086177,,,,0,30.0,0,0
75,14,2,11,19,Y6086178,,,,0,30.0,0,0
75,14,2,11,20,Y6086179,,,,0,30.0,0,0
75,14,2,11,21,Y6086180,,,,0,30.0,0,0
75,14,2,11,22,Y6086181,,,,0,30.0,0,0
75,14,2,11,23,Y6086182,,,,0,30.0,0,0
75,14,2,11,24,Y6086183,,,,0,30.0,0,0
75,14,2,11,25,Y6086184,,,,0,30.0,0,0
75,14,2,11,26,Y6086185,,,,0,30.0,0,0
75,14,2,11,27,Y6086186,,,,0,30.0,0,0
75,14,2,11,28,Y6086187,,,,0,30.0,0,0
75,14,2,11,29,Y6086188,,,,0,30.0,0,0
75,14,2,11,30,Y6086189,,,,0,30.0,0,0
75,14,2,12,10,Y6086190,,,,0,30.0,0,0
75,14,2,12,11,Y6086191,,,,0,30.0,0,0
75,14,2,12,12,Y6086192,,,,0,30.0,0,0
75,14,2,12,13,Y6086193,,,,0,30.0,0,0
75,14,2,12,14,Y6086194,,,,0,30.0,0,0
75,14,2,12,15,Y6086195,,,,0,30.0,0,0
75,14,2,12,16,Y6086196,,,,0,30.0,0,0
75,14,2,12,17,Y6086197,,,,0,30.0,0,0
75,14,2,12,18,Y6086198,,,,0,30.0,0,0
75,14,2,12,19,Y6086199,,,,0,30.0,0,0
75,14,2,12,20,Y6086200,,,,0,30.0,0,0
75,14,2,12,21,Y6086201,,,,0,30.0,0,0
75,14,2,12,22,Y6086202,,,,0,30.0,0,0
75,14,2,12,23,Y6086203,,,,0,30.0,0,0
75,14,2,12,24,Y6086204,,,,0,30.0,0,0
75,14,2,12,25,Y6086205,,,,0,30.0,0,0
75,14,2,12,26,Y6086206,,,,0,30.0,0,0
75,14,2,12,27,Y6086207,,,,0,30.0,0,0
75,14,2,12,28,Y6086208,,,,0,30.0,0,0
75,14,2,12,29,Y6086209,,,,0,30.0,0,0
75,14,2,12,30,Y6086210,,,,0,30.0,0,0
75,14,3,1,10,Y6086211,,,,0,30.0,0,0
75,14,3,1,11,Y6086212,,,,0,30.0,0,0
75,14,3,1,12,Y6086213,,,,0,30.0,0,0
75,14,3,1,13,Y6086214,,,,0,30.0,0,0
75,14,3,1,14,Y6086215,,,,0,30.0,0,0
75,14,3,1,15,Y6086216,,,,0,30.0,0,0
75,14,3,1,16,Y6086217,,,,0,30.0,0,0
75,14,3,1,17,Y6086218,,,,0,30.0,0,0
75,14,3,1,18,Y6086219,,,,0,30.0,0,0
75,14,3,1,19,Y6086220,,,,0,30.0,0,0
75,14,3,1,20,Y6086221,,,,0,30.0,0,0
75,14,3,1,21,Y6086222,,,,0,30.0,0,0
75,14,3,1,22,Y6086223,,,,0,30.0,0,0
75,14,3,1,23,Y6086224,,,,0,30.0,0,0
75,14,3,1,24,Y6086225,,,,0,30.0,0,0
75,14,3,1,25,Y6086226,,,,0,30.0,0,0
75,14,3,1,26,Y6086227,,,,0,30.0,0,0
75,14,3,1,27,Y6086228,,,,0,30.0,0,0
75,14,3,1,28,Y6086229,,,,0,30.0,0,0
75,14,3,1,29,Y6086230,,,,0,30.0,0,0
75,14,3,1,30,Y6086231,,,,0,30.0,0,0
75,14,3,2,10,Y6086232,,,,0,30.0,0,0
75,14,3,2,11,Y6086233,,,,0,30.0,0,0
75,14,3,2,12,Y6086234,,,,0,30.0,0,0
75,14,3,2,13,Y6086235,,,,0,30.0,0,0
75,14,3,2,14,Y6086236,,,,0,30.0,0,0
75,14,3,2,15,Y6086237,,,,0,30.0,0,0
75,14,3,2,16,Y6086238,,,,0,30.0,0,0
75,14,3,2,17,Y6086239,,,,0,30.0,0,0
75,14,3,2,18,Y6086240,,,,0,30.0,0,0
75,14,3,2,19,Y6086241,,,,0,30.0,0,0
75,14,3,2,20,Y6086242,,,,0,30.0,0,0
75,14,3,2,21,Y6086243,,,,0,30.0,0,0
75,14,3,2,22,Y6086244,,,,0,30.0,0,0
75,14,3,2,23,Y6086245,,,,0,30.0,0,0
75,14,3,2,24,Y6086246,,,,0,30.0,0,0
75,14,3,2,25,Y6086247,,,,0,30.0,0,0
75,14,3,2,26,Y6086248,,,,0,30.0,0,0
75,14,3,2,27,Y6086249,,,,0,30.0,0,0
75,14,3,2,28,Y6086250,,,,0,30.0,0,0
75,14,3,2,29,Y6086251,,,,0,30.0,0,0
75,14,3,2,30,Y6086252,,,,0,30.0,0,0
75,14,3,3,10,Y6086253,,,,0,30.0,0,0
75,14,3,3,11,Y6086254,,,,0,30.0,0,0
75,14,3,3,12,Y6086255,,,,0,30.0,0,0
75,14,3,3,13,Y6086256,,,,0,30.0,0,0
75,14,3,3,14,Y6086257,,,,0,30.0,0,0
75,14,3,3,15,Y6086258,,,,0,30.0,0,0
75,14,3,3,16,Y6086259,,,,0,30.0,0,0
75,14,3,3,17,Y6086260,,,,0,30.0,0,0
75,14,3,3,18,Y6086261,,,,0,30.0,0,0
75,14,3,3,19,Y6086262,,,,0,30.0,0,0
75,14,3,3,20,Y6086263,,,,0,30.0,0,0
75,14,3,3,21,Y6086264,,,,0,30.0,0,0
75,14,3,3,22,Y6086265,,,,0,30.0,0,0
75,14,3,3,23,Y6086266,,,,0,30.0,0,0
75,14,3,3,24,Y6086267,,,,0,30.0,0,0
75,14,3,3,25,Y6086268,,,,0,30.0,0,0
75,14,3,3,26,Y6086269,,,,0,30.0,0,0
75,14,3,3,27,Y6086270,,,,0,30.0,0,0
75,14,3,3,28,Y6086271,,,,0,30.0,0,0
75,14,3,3,29,Y6086272,,,,0,30.0,0,0
75,14,3,3,30,Y6086273,,,,0,30.0,0,0
75,14,3,4,10,Y6086274,,,,0,30.0,0,0
75,14,3,4,11,Y6086275,,,,0,30.0,0,0
75,14,3,4,12,Y6086276,,,,0,30.0,0,0
75,14,3,4,13,Y6086277,,,,0,30.0,0,0
75,14,3,4,14,Y6086278,,,,0,30.0,0,0
75,14,3,4,15,Y6086279,,,,0,30.0,0,0
75,14,3,4,16,Y6086280,,,,0,30.0,0,0
75,14,3,4,17,Y6086281,,,,0,30.0,0,0
75,14,3,4,18,Y6086282,,,,0,30.0,0,0
75,14,3,4,19,Y6086283,,,,0,30.0,0,0
75,14,3,4,20,Y6086284,,,,0,30.0,0,0
75,14,3,4,21,Y6086285,,,,0,30.0,0,0
75,14,3,4,22,Y6086286,,,,0,30.0,0,0
75,14,3,4,23,Y6086287,,,,0,30.0,0,0
75,14,3,4,24,Y6086288,,,,0,30.0,0,0
75,14,3,4,25,Y6086289,,,,0,30.0,0,0
75,14,3,4,26,Y6086290,,,,0,30.0,0,0
75,14,3,4,27,Y6086291,,,,0,30.0,0,0
75,14,3,4,28,Y6086292,,,,0,30.0,0,0
75,14,3,4,29,Y6086293,,,,0,30.0,0,0
75,14,3,4,30,Y6086294,,,,0,30.0,0,0
75,14,3,5,10,Y6086295,,,,0,30.0,0,0
75,14,3,5,11,Y6086296,,,,0,30.0,0,0
75,14,3,5,12,Y6086297,,,,0,30.0,0,0
75,14,3,5,13,Y6086298,,,,0,30.0,0,0
75,14,3,5,14,Y6086299,,,,0,30.0,0,0
75,14,3,5,15,Y6086300,,,,0,30.0,0,0
75,14,3,5,16,Y6086301,,,,0,30.0,0,0
75,14,3,5,17,Y6086302,,,,0,30.0,0,0
75,14,3,5,18,Y6086303,,,,0,30.0,0,0
75,14,3,5,19,Y6086304,,,,0,30.0,0,0
75,14,3,5,20,Y6086305,,,,0,30.0,0,0
75,14,3,5,21,Y6086306,,,,0,30.0,0,0
75,14,3,5,22,Y6086307,,,,0,30.0,0,0
75,14,3,5,23,Y6086308,,,,0,30.0,0,0
75,14,3,5,24,Y6086309,,,,0,30.0,0,0
75,14,3,5,25,Y6086310,,,,0,30.0,0,0
75,14,3,5,26,Y6086311,,,,0,30.0,0,0
75,14,3,5,27,Y6086312,,,,0,30.0,0,0
75,14,3,5,28,Y6086313,,,,0,30.0,0,0
75,14,3,5,29,Y6086314,,,,0,30.0,0,0
75,14,3,5,30,Y6086315,,,,0,30.0,0,0
75,14,3,6,10,Y6086316,,,,0,30.0,0,0
75,14,3,6,11,Y6086317,,,,0,30.0,0,0
75,14,3,6,12,Y6086318,,,,0,30.0,0,0
75,14,3,6,13,Y6086319,,,,0,30.0,0,0
75,14,3,6,14,Y6086320,,,,0,30.0,0,0
75,14,3,6,15,Y6086321,,,,0,30.0,0,0
75,14,3,6,16,Y6086322,,,,0,30.0,0,0
75,14,3,6,17,Y6086323,,,,0,30.0,0,0
75,14,3,6,18,Y6086324,,,,0,30.0,0,0
75,14,3,6,19,Y6086325,,,,0,30.0,0,0
75,14,3,6,20,Y6086326,,,,0,30.0,0,0
75,14,3,6,21,Y6086327,,,,0,30.0,0,0
75,14,3,6,22,Y6086328,,,,0,30.0,0,0
75,14,3,6,23,Y6086329,,,,0,30.0,0,0
75,14,3,6,24,Y6086330,,,,0,30.0,0,0
75,14,3,6,25,Y6086331,,,,0,30.0,0,0
75,14,3,6,26,Y6086332,,,,0,30.0,0,0
75,14,3,6,27,Y6086333,,,,0,30.0,0,0
75,14,3,6,28,Y6086334,,,,0,30.0,0,0
75,14,3,6,29,Y6086335,,,,0,30.0,0,0
75,14,3,6,30,Y6086336,,,,0,30.0,0,0
75,14,3,7,10,Y6086337,,,,0,30.0,0,0
75,14,3,7,11,Y6086338,,,,0,30.0,0,0
75,14,3,7,12,Y6086339,,,,0,30.0,0,0
75,14,3,7,13,Y6086340,,,,0,30.0,0,0
75,14,3,7,14,Y6086341,,,,0,30.0,0,0
75,14,3,7,15,Y6086342,,,,0,30.0,0,0
75,14,3,7,16,Y6086343,,,,0,30.0,0,0
75,14,3,7,17,Y6086344,,,,0,30.0,0,0
75,14,3,7,18,Y6086345,,,,0,30.0,0,0
75,14,3,7,19,Y6086346,,,,0,30.0,0,0
75,14,3,7,20,Y6086347,,,,0,30.0,0,0
75,14,3,7,21,Y6086348,,,,0,30.0,0,0
75,14,3,7,22,Y6086349,,,,0,30.0,0,0
75,14,3,7,23,Y6086350,,,,0,30.0,0,0
75,14,3,7,24,Y6086351,,,,0,30.0,0,0
75,14,3,7,25,Y6086352,,,,0,30.0,0,0
75,14,3,7,26,Y6086353,,,,0,30.0,0,0
75,14,3,7,27,Y6086354,,,,0,30.0,0,0
75,14,3,7,28,Y6086355,,,,0,30.0,0,0
75,14,3,7,29,Y6086356,,,,0,30.0,0,0
75,14,3,7,30,Y6086357,,,,0,30.0,0,0
75,14,3,8,10,Y6086358,,,,0,30.0,0,0
75,14,3,8,11,Y6086359,,,,0,30.0,0,0
75,14,3,8,12,Y6086360,,,,0,30.0,0,0
75,14,3,8,13,Y6086361,,,,0,30.0,0,0
75,14,3,8,14,Y6086362,,,,0,30.0,0,0
75,14,3,8,15,Y6086363,,,,0,30.0,0,0
75,14,3,8,16,Y6086364,,,,0,30.0,0,0
75,14,3,8,17,Y6086365,,,,0,30.0,0,0
75,14,3,8,18,Y6086366,,,,0,30.0,0,0
75,14,3,8,19,Y6086367,,,,0,30.0,0,0
75,14,3,8,20,Y6086368,,,,0,30.0,0,0
75,14,3,8,21,Y6086369,,,,0,30.0,0,0
75,14,3,8,22,Y6086370,,,,0,30.0,0,0
75,14,3,8,23,Y6086371,,,,0,30.0,0,0
75,14,3,8,24,Y6086372,,,,0,30.0,0,0
75,14,3,8,25,Y6086373,,,,0,30.0,0,0
75,14,3,8,26,Y6086374,,,,0,30.0,0,0
75,14,3,8,27,Y6086375,,,,0,30.0,0,0
75,14,3,8,28,Y6086376,,,,0,30.0,0,0
75,14,3,8,29,Y6086377,,,,0,30.0,0,0
75,14,3,8,30,Y6086378,,,,0,30.0,0,0
75,14,3,9,10,Y6086379,,,,0,30.0,0,0
75,14,3,9,11,Y6086380,,,,0,30.0,0,0
75,14,3,9,12,Y6086381,,,,0,30.0,0,0
75,14,3,9,13,Y6086382,,,,0,30.0,0,0
75,14,3,9,14,Y6086383,,,,0,30.0,0,0
75,14,3,9,15,Y6086384,,,,0,30.0,0,0
75,14,3,9,16,Y6086385,,,,0,30.0,0,0
75,14,3,9,17,Y6086386,,,,0,30.0,0,0
75,14,3,9,18,Y6086387,,,,0,30.0,0,0
75,14,3,9,19,Y6086388,,,,0,30.0,0,0
75,14,3,9,20,Y6086389,,,,0,30.0,0,0
75,14,3,9,21,Y6086390,,,,0,30.0,0,0
75,14,3,9,22,Y6086391,,,,0,30.0,0,0
75,14,3,9,23,Y6086392,,,,0,30.0,0,0
75,14,3,9,24,Y6086393,,,,0,30.0,0,0
75,14,3,9,25,Y6086394,,,,0,30.0,0,0
75,14,3,9,26,Y6086395,,,,0,30.0,0,0
75,14,3,9,27,Y6086396,,,,0,30.0,0,0
75,14,3,9,28,Y6086397,,,,0,30.0,0,0
75,14,3,9,29,Y6086398,,,,0,30.0,0,0
75,14,3,9,30,Y6086399,,,,0,30.0,0,0
75,14,3,10,10,Y6086400,,,,0,30.0,0,0
75,14,3,10,11,Y6086401,,,,0,30.0,0,0
75,14,3,10,12,Y6086402,,,,0,30.0,0,0
75,14,3,10,13,Y6086403,,,,0,30.0,0,0
75,14,3,10,14,Y6086404,,,,0,30.0,0,0
75,14,3,10,15,Y6086405,,,,0,30.0,0,0
75,14,3,10,16,Y6086406,,,,0,30.0,0,0
75,14,3,10,17,Y6086407,,,,0,30.0,0,0
75,14,3,10,18,Y6086408,,,,0,30.0,0,0
75,14,3,10,19,Y6086409,,,,0,30.0,0,0
75,14,3,10,20,Y6086410,,,,0,30.0,0,0
75,14,3,10,21,Y6086411,,,,0,30.0,0,0
75,14,3,10,22,Y6086412,,,,0,30.0,0,0
75,14,3,10,23,Y6086413,,,,0,30.0,0,0
75,14,3,10,24,Y6086414,,,,0,30.0,0,0
75,14,3,10,25,Y6086415,,,,0,30.0,0,0
75,14,3,10,26,Y6086416,,,,0,30.0,0,0
75,14,3,10,27,Y6086417,,,,0,30.0,0,0
75,14,3,10,28,Y6086418,,,,0,30.0,0,0
75,14,3,10,29,Y6086419,,,,0,30.0,0,0
75,14,3,10,30,Y6086420,,,,0,30.0,0,0
75,14,3,11,10,Y6086421,,,,0,30.0,0,0
75,14,3,11,11,Y6086422,,,,0,30.0,0,0
75,14,3,11,12,Y6086423,,,,0,30.0,0,0
75,14,3,11,13,Y6086424,,,,0,30.0,0,0
75,14,3,11,14,Y6086425,,,,0,30.0,0,0
75,14,3,11,15,Y6086426,,,,0,30.0,0,0
75,14,3,11,16,Y6086427,,,,0,30.0,0,0
75,14,3,11,17,Y6086428,,,,0,30.0,0,0
75,14,3,11,18,Y6086429,,,,0,30.0,0,0
75,14,3,11,19,Y6086430,,,,0,30.0,0,0
75,14,3,11,20,Y6086431,,,,0,30.0,0,0
75,14,3,11,21,Y6086432,,,,0,30.0,0,0
75,14,3,11,22,Y6086433,,,,0,30.0,0,0
75,14,3,11,23,Y6086434,,,,0,30.0,0,0
75,14,3,11,24,Y6086435,,,,0,30.0,0,0
75,14,3,11,25,Y6086436,,,,0,30.0,0,0
75,14,3,11,26,Y6086437,,,,0,30.0,0,0
75,14,3,11,27,Y6086438,,,,0,30.0,0,0
75,14,3,11,28,Y6086439,,,,0,30.0,0,0
75,14,3,11,29,Y6086440,,,,0,30.0,0,0
75,14,3,11,30,Y6086441,,,,0,30.0,0,0
75,14,3,12,10,Y6086442,,,,0,30.0,0,0
75,14,3,12,11,Y6086443,,,,0,30.0,0,0
75,14,3,12,12,Y6086444,,,,0,30.0,0,0
75,14,3,12,13,Y6086445,,,,0,30.0,0,0
75,14,3,12,14,Y6086446,,,,0,30.0,0,0
75,14,3,12,15,Y6086447,,,,0,30.0,0,0
75,14,3,12,16,Y6086448,,,,0,30.0,0,0
75,14,3,12,17,Y6086449,,,,0,30.0,0,0
75,14,3,12,18,Y6086450,,,,0,30.0,0,0
75,14,3,12,19,Y6086451,,,,0,30.0,0,0
75,14,3,12,20,Y6086452,,,,0,30.0,0,0
75,14,3,12,21,Y6086453,,,,0,30.0,0,0
75,14,3,12,22,Y6086454,,,,0,30.0,0,0
75,14,3,12,23,Y6086455,,,,0,30.0,0,0
75,14,3,12,24,Y6086456,,,,0,30.0,0,0
75,14,3,12,25,Y6086457,,,,0,30.0,0,0
75,14,3,12,26,Y6086458,,,,0,30.0,0,0
75,14,3,12,27,Y6086459,,,,0,30.0,0,0
75,14,3,12,28,Y6086460,,,,0,30.0,0,0
75,14,3,12,29,Y6086461,,,,0,30.0,0,0
75,14,3,12,30,Y6086462,,,,0,30.0,0,0
75,14,4,1,10,Y6086463,,,,0,30.0,0,0
75,14,4,1,11,Y6086464,,,,0,30.0,0,0
75,14,4,1,12,Y6086465,,,,0,30.0,0,0
75,14,4,1,13,Y6086466,,,,0,30.0,0,0
75,14,4,1,14,Y6086467,,,,0,30.0,0,0
75,14,4,1,15,Y6086468,,,,0,30.0,0,0
75,14,4,1,16,Y6086469,,,,0,30.0,0,0
75,14,4,1,17,Y6086470,,,,0,30.0,0,0
75,14,4,1,18,Y6086471,,,,0,30.0,0,0
75,14,4,1,19,Y6086472,,,,0,30.0,0,0
75,14,4,1,20,Y6086473,,,,0,30.0,0,0
75,14,4,1,21,Y6086474,,,,0,30.0,0,0
75,14,4,1,22,Y6086475,,,,0,30.0,0,0
75,14,4,1,23,Y6086476,,,,0,30.0,0,0
75,14,4,1,24,Y6086477,,,,0,30.0,0,0
75,14,4,1,25,Y6086478,,,,0,30.0,0,0
75,14,4,1,26,Y6086479,,,,0,30.0,0,0
75,14,4,1,27,Y6086480,,,,0,30.0,0,0
75,14,4,1,28,Y6086481,,,,0,30.0,0,0
75,14,4,1,29,Y6086482,,,,0,30.0,0,0
75,14,4,1,30,Y6086483,,,,0,30.0,0,0
75,14,4,2,10,Y6086484,,,,0,30.0,0,0
75,14,4,2,11,Y6086485,,,,0,30.0,0,0
75,14,4,2,12,Y6086486,,,,0,30.0,0,0
75,14,4,2,13,Y6086487,,,,0,30.0,0,0
75,14,4,2,14,Y6086488,,,,0,30.0,0,0
75,14,4,2,15,Y6086489,,,,0,30.0,0,0
75,14,4,2,16,Y6086490,,,,0,30.0,0,0
75,14,4,2,17,Y6086491,,,,0,30.0,0,0
75,14,4,2,18,Y6086492,,,,0,30.0,0,0
75,14,4,2,19,Y6086493,,,,0,30.0,0,0
75,14,4,2,20,Y6086494,,,,0,30.0,0,0
75,14,4,2,21,Y6086495,,,,0,30.0,0,0
75,14,4,2,22,Y6086496,,,,0,30.0,0,0
75,14,4,2,23,Y6086497,,,,0,30.0,0,0
75,14,4,2,24,Y6086498,,,,0,30.0,0,0
75,14,4,2,25,Y6086499,,,,0,30.0,0,0
75,14,4,2,26,Y6086500,,,,0,30.0,0,0
75,14,4,2,27,Y6086501,,,,0,30.0,0,0
75,14,4,2,28,Y6086502,,,,0,30.0,0,0
75,14,4,2,29,Y6086503,,,,0,30.0,0,0
75,14,4,2,30,Y6086504,,,,0,30.0,0,0
75,14,4,3,10,Y6086505,,,,0,30.0,0,0
75,14,4,3,11,Y6086506,,,,0,30.0,0,0
75,14,4,3,12,Y6086507,,,,0,30.0,0,0
75,14,4,3,13,Y6086508,,,,0,30.0,0,0
75,14,4,3,14,Y6086509,,,,0,30.0,0,0
75,14,4,3,15,Y6086510,,,,0,30.0,0,0
75,14,4,3,16,Y6086511,,,,0,30.0,0,0
75,14,4,3,17,Y6086512,,,,0,30.0,0,0
75,14,4,3,18,Y6086513,,,,0,30.0,0,0
75,14,4,3,19,Y6086514,,,,0,30.0,0,0
75,14,4,3,20,Y6086515,,,,0,30.0,0,0
75,14,4,3,21,Y6086516,,,,0,30.0,0,0
75,14,4,3,22,Y6086517,,,,0,30.0,0,0
75,14,4,3,23,Y6086518,,,,0,30.0,0,0
75,14,4,3,24,Y6086519,,,,0,30.0,0,0
75,14,4,3,25,Y6086520,,,,0,30.0,0,0
75,14,4,3,26,Y6086521,,,,0,30.0,0,0
75,14,4,3,27,Y6086522,,,,0,30.0,0,0
75,14,4,3,28,Y6086523,,,,0,30.0,0,0
75,14,4,3,29,Y6086524,,,,0,30.0,0,0
75,14,4,3,30,Y6086525,,,,0,30.0,0,0
75,14,4,4,10,Y6086526,,,,0,30.0,0,0
75,14,4,4,11,Y6086527,,,,0,30.0,0,0
75,14,4,4,12,Y6086528,,,,0,30.0,0,0
75,14,4,4,13,Y6086529,,,,0,30.0,0,0
75,14,4,4,14,Y6086530,,,,0,30.0,0,0
75,14,4,4,15,Y6086531,,,,0,30.0,0,0
75,14,4,4,16,Y6086532,,,,0,30.0,0,0
75,14,4,4,17,Y6086533,,,,0,30.0,0,0
75,14,4,4,18,Y6086534,,,,0,30.0,0,0
75,14,4,4,19,Y6086535,,,,0,30.0,0,0
75,14,4,4,20,Y6086536,,,,0,30.0,0,0
75,14,4,4,21,Y6086537,,,,0,30.0,0,0
75,14,4,4,22,Y6086538,,,,0,30.0,0,0
75,14,4,4,23,Y6086539,,,,0,30.0,0,0
75,14,4,4,24,Y6086540,,,,0,30.0,0,0
75,14,4,4,25,Y6086541,,,,0,30.0,0,0
75,14,4,4,26,Y6086542,,,,0,30.0,0,0
75,14,4,4,27,Y6086543,,,,0,30.0,0,0
75,14,4,4,28,Y6086544,,,,0,30.0,0,0
75,14,4,4,29,Y6086545,,,,0,30.0,0,0
75,14,4,4,30,Y6086546,,,,0,30.0,0,0
75,14,4,5,10,Y6086547,,,,0,30.0,0,0
75,14,4,5,11,Y6086548,,,,0,30.0,0,0
75,14,4,5,12,Y6086549,,,,0,30.0,0,0
75,14,4,5,13,Y6086550,,,,0,30.0,0,0
75,14,4,5,14,Y6086551,,,,0,30.0,0,0
75,14,4,5,15,Y6086552,,,,0,30.0,0,0
75,14,4,5,16,Y6086553,,,,0,30.0,0,0
75,14,4,5,17,Y6086554,,,,0,30.0,0,0
75,14,4,5,18,Y6086555,,,,0,30.0,0,0
75,14,4,5,19,Y6086556,,,,0,30.0,0,0
75,14,4,5,20,Y6086557,,,,0,30.0,0,0
75,14,4,5,21,Y6086558,,,,0,30.0,0,0
75,14,4,5,22,Y6086559,,,,0,30.0,0,0
75,14,4,5,23,Y6086560,,,,0,30.0,0,0
75,14,4,5,24,Y6086561,,,,0,30.0,0,0
75,14,4,5,25,Y6086562,,,,0,30.0,0,0
75,14,4,5,26,Y6086563,,,,0,30.0,0,0
75,14,4,5,27,Y6086564,,,,0,30.0,0,0
75,14,4,5,28,Y6086565,,,,0,30.0,0,0
75,14,4,5,29,Y6086566,,,,0,30.0,0,0
75,14,4,5,30,Y6086567,,,,0,30.0,0,0
75,14,4,6,10,Y6086568,,,,0,30.0,0,0
75,14,4,6,11,Y6086569,,,,0,30.0,0,0
75,14,4,6,12,Y6086570,,,,0,30.0,0,0
75,14,4,6,13,Y6086571,,,,0,30.0,0,0
75,14,4,6,14,Y6086572,,,,0,30.0,0,0
75,14,4,6,15,Y6086573,,,,0,30.0,0,0
75,14,4,6,16,Y6086574,,,,0,30.0,0,0
75,14,4,6,17,Y6086575,,,,0,30.0,0,0
75,14,4,6,18,Y6086576,,,,0,30.0,0,0
75,14,4,6,19,Y6086577,,,,0,30.0,0,0
75,14,4,6,20,Y6086578,,,,0,30.0,0,0
75,14,4,6,21,Y6086579,,,,0,30.0,0,0
75,14,4,6,22,Y6086580,,,,0,30.0,0,0
75,14,4,6,23,Y6086581,,,,0,30.0,0,0
75,14,4,6,24,Y6086582,,,,0,30.0,0,0
75,14,4,6,25,Y6086583,,,,0,30.0,0,0
75,14,4,6,26,Y6086584,,,,0,30.0,0,0
75,14,4,6,27,Y6086585,,,,0,30.0,0,0
75,14,4,6,28,Y6086586,,,,0,30.0,0,0
75,14,4,6,29,Y6086587,,,,0,30.0,0,0
75,14,4,6,30,Y6086588,,,,0,30.0,0,0
75,14,4,7,10,Y6086589,,,,0,30.0,0,0
75,14,4,7,11,Y6086590,,,,0,30.0,0,0
75,14,4,7,12,Y6086591,,,,0,30.0,0,0
75,14,4,7,13,Y6086592,,,,0,30.0,0,0
75,14,4,7,14,Y6086593,,,,0,30.0,0,0
75,14,4,7,15,Y6086594,,,,0,30.0,0,0
75,14,4,7,16,Y6086595,,,,0,30.0,0,0
75,14,4,7,17,Y6086596,,,,0,30.0,0,0
75,14,4,7,18,Y6086597,,,,0,30.0,0,0
75,14,4,7,19,Y6086598,,,,0,30.0,0,0
75,14,4,7,20,Y6086599,,,,0,30.0,0,0
75,14,4,7,21,Y6086600,,,,0,30.0,0,0
75,14,4,7,22,Y6086601,,,,0,30.0,0,0
75,14,4,7,23,Y6086602,,,,0,30.0,0,0
75,14,4,7,24,Y6086603,,,,0,30.0,0,0
75,14,4,7,25,Y6086604,,,,0,30.0,0,0
75,14,4,7,26,Y6086605,,,,0,30.0,0,0
75,14,4,7,27,Y6086606,,,,0,30.0,0,0
75,14,4,7,28,Y6086607,,,,0,30.0,0,0
75,14,4,7,29,Y6086608,,,,0,30.0,0,0
75,14,4,7,30,Y6086609,,,,0,30.0,0,0
75,14,4,8,10,Y6086610,,,,0,30.0,0,0
75,14,4,8,11,Y6086611,,,,0,30.0,0,0
75,14,4,8,12,Y6086612,,,,0,30.0,0,0
75,14,4,8,13,Y6086613,,,,0,30.0,0,0
75,14,4,8,14,Y6086614,,,,0,30.0,0,0
75,14,4,8,15,Y6086615,,,,0,30.0,0,0
75,14,4,8,16,Y6086616,,,,0,30.0,0,0
75,14,4,8,17,Y6086617,,,,0,30.0,0,0
75,14,4,8,18,Y6086618,,,,0,30.0,0,0
75,14,4,8,19,Y6086619,,,,0,30.0,0,0
75,14,4,8,20,Y6086620,,,,0,30.0,0,0
75,14,4,8,21,Y6086621,,,,0,30.0,0,0
75,14,4,8,22,Y6086622,,,,0,30.0,0,0
75,14,4,8,23,Y6086623,,,,0,30.0,0,0
75,14,4,8,24,Y6086624,,,,0,30.0,0,0
75,14,4,8,25,Y6086625,,,,0,30.0,0,0
75,14,4,8,26,Y6086626,,,,0,30.0,0,0
75,14,4,8,27,Y6086627,,,,0,30.0,0,0
75,14,4,8,28,Y6086628,,,,0,30.0,0,0
75,14,4,8,29,Y6086629,,,,0,30.0,0,0
75,14,4,8,30,Y6086630,,,,0,30.0,0,0
75,14,4,9,10,Y6086631,,,,0,30.0,0,0
75,14,4,9,11,Y6086632,,,,0,30.0,0,0
75,14,4,9,12,Y6086633,,,,0,30.0,0,0
75,14,4,9,13,Y6086634,,,,0,30.0,0,0
75,14,4,9,14,Y6086635,,,,0,30.0,0,0
75,14,4,9,15,Y6086636,,,,0,30.0,0,0
75,14,4,9,16,Y6086637,,,,0,30.0,0,0
75,14,4,9,17,Y6086638,,,,0,30.0,0,0
75,14,4,9,18,Y6086639,,,,0,30.0,0,0
75,14,4,9,19,Y6086640,,,,0,30.0,0,0
75,14,4,9,20,Y6086641,,,,0,30.0,0,0
75,14,4,9,21,Y6086642,,,,0,30.0,0,0
75,14,4,9,22,Y6086643,,,,0,30.0,0,0
75,14,4,9,23,Y6086644,,,,0,30.0,0,0
75,14,4,9,24,Y6086645,,,,0,30.0,0,0
75,14,4,9,25,Y6086646,,,,0,30.0,0,0
75,14,4,9,26,Y6086647,,,,0,30.0,0,0
75,14,4,9,27,Y6086648,,,,0,30.0,0,0
75,14,4,9,28,Y6086649,,,,0,30.0,0,0
75,14,4,9,29,Y6086650,,,,0,30.0,0,0
75,14,4,9,30,Y6086651,,,,0,30.0,0,0
75,14,4,10,10,Y6086652,,,,0,30.0,0,0
75,14,4,10,11,Y6086653,,,,0,30.0,0,0
75,14,4,10,12,Y6086654,,,,0,30.0,0,0
75,14,4,10,13,Y6086655,,,,0,30.0,0,0
75,14,4,10,14,Y6086656,,,,0,30.0,0,0
75,14,4,10,15,Y6086657,,,,0,30.0,0,0
75,14,4,10,16,Y6086658,,,,0,30.0,0,0
75,14,4,10,17,Y6086659,,,,0,30.0,0,2
75,14,4,10,18,Y6086660,,,,0,30.0,0,2
75,14,4,10,19,Y6086661,,,,0,30.0,0,2
75,14,4,10,20,Y6086662,,,,0,30.0,0,0
75,14,4,10,21,Y6086663,,,,0,30.0,0,0
75,14,4,10,22,Y6086664,,,,0,30.0,0,0
75,14,4,10,23,Y6086665,,,,0,30.0,0,0
75,14,4,10,24,Y6086666,,,,0,30.0,0,0
75,14,4,10,25,Y6086667,,,,0,30.0,0,0
75,14,4,10,26,Y6086668,,,,0,30.0,0,0
75,14,4,10,27,Y6086669,,,,0,30.0,0,0
75,14,4,10,28,Y6086670,,,,0,30.0,0,0
75,14,4,10,29,Y6086671,,,,0,30.0,0,0
75,14,4,10,30,Y6086672,,,,0,30.0,0,0
75,14,4,11,10,Y6086673,,,,0,30.0,0,0
75,14,4,11,11,Y6086674,,,,0,30.0,0,0
75,14,4,11,12,Y6086675,,,,0,30.0,0,0
75,14,4,11,13,Y6086676,,,,0,30.0,0,0
75,14,4,11,14,Y6086677,,,,0,30.0,0,0
75,14,4,11,15,Y6086678,,,,0,30.0,0,0
75,14,4,11,16,Y6086679,,,,0,30.0,0,0
75,14,4,11,17,Y6086680,,,,0,30.0,0,2
75,14,4,11,18,Y6086681,,,,0,30.0,0,2
75,14,4,11,19,Y6086682,,,,0,30.0,0,2
75,14,4,11,20,Y6086683,,,,0,30.0,0,0
75,14,4,11,21,Y6086684,,,,0,30.0,0,0
75,14,4,11,22,Y6086685,,,,0,30.0,0,0
75,14,4,11,23,Y6086686,,,,0,30.0,0,0
75,14,4,11,24,Y6086687,,,,0,30.0,0,0
75,14,4,11,25,Y6086688,,,,0,30.0,0,0
75,14,4,11,26,Y6086689,,,,0,30.0,0,0
75,14,4,11,27,Y6086690,,,,0,30.0,0,0
75,14,4,11,28,Y6086691,,,,0,30.0,0,0
75,14,4,11,29,Y6086692,,,,0,30.0,0,0
75,14,4,11,30,Y6086693,,,,0,30.0,0,0
75,14,4,12,10,Y6086694,,,,0,30.0,0,0
75,14,4,12,11,Y6086695,,,,0,30.0,0,0
75,14,4,12,12,Y6086696,,,,0,30.0,0,0
75,14,4,12,13,Y6086697,,,,0,30.0,0,0
75,14,4,12,14,Y6086698,,,,0,30.0,0,0
75,14,4,12,15,Y6086699,,,,0,30.0,0,0
75,14,4,12,16,Y6086700,,,,0,30.0,0,0
75,14,4,12,17,Y6086701,,,,0,30.0,0,2
75,14,4,12,18,Y6086702,,,,0,30.0,0,2
75,14,4,12,19,Y6086703,,,,0,30.0,0,2
75,14,4,12,20,Y6086704,,,,0,30.0,0,0
75,14,4,12,21,Y6086705,,,,0,30.0,0,0
75,14,4,12,22,Y6086706,,,,0,30.0,0,0
75,14,4,12,23,Y6086707,,,,0,30.0,0,0
75,14,4,12,24,Y6086708,,,,0,30.0,0,0
75,14,4,12,25,Y6086709,,,,0,30.0,0,0
75,14,4,12,26,Y6086710,,,,0,30.0,0,0
75,14,4,12,27,Y6086711,,,,0,30.0,0,0
75,14,4,12,28,Y6086712,,,,0,30.0,0,0
75,14,4,12,29,Y6086713,,,,0,30.0,0,0
75,14,4,12,30,Y6086714,,,,0,30.0,0,0
75,14,5,1,10,Y6086715,,,,0,30.0,0,0
75,14,5,1,11,Y6086716,,,,0,30.0,0,0
75,14,5,1,12,Y6086717,,,,0,30.0,0,0
75,14,5,1,13,Y6086718,,,,0,30.0,0,0
75,14,5,1,14,Y6086719,,,,0,30.0,0,0
75,14,5,1,15,Y6086720,,,,0,30.0,0,0
75,14,5,1,16,Y6086721,,,,0,30.0,0,0
75,14,5,1,17,Y6086722,,,,0,30.0,0,0
75,14,5,1,18,Y6086723,,,,0,30.0,0,0
75,14,5,1,19,Y6086724,,,,0,30.0,0,0
75,14,5,1,20,Y6086725,,,,0,30.0,0,0
75,14,5,1,21,Y6086726,,,,0,30.0,0,0
75,14,5,1,22,Y6086727,,,,0,30.0,0,0
75,14,5,1,23,Y6086728,,,,0,30.0,0,0
75,14,5,1,24,Y6086729,,,,0,30.0,0,0
75,14,5,1,25,Y6086730,,,,0,30.0,0,0
75,14,5,1,26,Y6086731,,,,0,30.0,0,0
75,14,5,1,27,Y6086732,,,,0,30.0,0,0
75,14,5,1,28,Y6086733,,,,0,30.0,0,0
75,14,5,1,29,Y6086734,,,,0,30.0,0,0
75,14,5,1,30,Y6086735,,,,0,30.0,0,0
75,14,5,2,10,Y6086736,,,,0,30.0,0,0
75,14,5,2,11,Y6086737,,,,0,30.0,0,0
75,14,5,2,12,Y6086738,,,,0,30.0,0,0
75,14,5,2,13,Y6086739,,,,0,30.0,0,0
75,14,5,2,14,Y6086740,,,,0,30.0,0,0
75,14,5,2,15,Y6086741,,,,0,30.0,0,0
75,14,5,2,16,Y6086742,,,,0,30.0,0,0
75,14,5,2,17,Y6086743,,,,0,30.0,0,0
75,14,5,2,18,Y6086744,,,,0,30.0,0,0
75,14,5,2,19,Y6086745,,,,0,30.0,0,0
75,14,5,2,20,Y6086746,,,,0,30.0,0,0
75,14,5,2,21,Y6086747,,,,0,30.0,0,0
75,14,5,2,22,Y6086748,,,,0,30.0,0,0
75,14,5,2,23,Y6086749,,,,0,30.0,0,0
75,14,5,2,24,Y6086750,,,,0,30.0,0,0
75,14,5,2,25,Y6086751,,,,0,30.0,0,0
75,14,5,2,26,Y6086752,,,,0,30.0,0,0
75,14,5,2,27,Y6086753,,,,0,30.0,0,0
75,14,5,2,28,Y6086754,,,,0,30.0,0,0
75,14,5,2,29,Y6086755,,,,0,30.0,0,0
75,14,5,2,30,Y6086756,,,,0,30.0,0,0
75,14,5,3,10,Y6086757,,,,0,30.0,0,0
75,14,5,3,11,Y6086758,,,,0,30.0,0,0
75,14,5,3,12,Y6086759,,,,0,30.0,0,0
75,14,5,3,13,Y6086760,,,,0,30.0,0,0
75,14,5,3,14,Y6086761,,,,0,30.0,0,0
75,14,5,3,15,Y6086762,,,,0,30.0,0,0
75,14,5,3,16,Y6086763,,,,0,30.0,0,0
75,14,5,3,17,Y6086764,,,,0,30.0,0,0
75,14,5,3,18,Y6086765,,,,0,30.0,0,0
75,14,5,3,19,Y6086766,,,,0,30.0,0,0
75,14,5,3,20,Y6086767,,,,0,30.0,0,0
75,14,5,3,21,Y6086768,,,,0,30.0,0,0
75,14,5,3,22,Y6086769,,,,0,30.0,0,0
75,14,5,3,23,Y6086770,,,,0,30.0,0,0
75,14,5,3,24,Y6086771,,,,0,30.0,0,0
75,14,5,3,25,Y6086772,,,,0,30.0,0,0
75,14,5,3,26,Y6086773,,,,0,30.0,0,0
75,14,5,3,27,Y6086774,,,,0,30.0,0,0
75,14,5,3,28,Y6086775,,,,0,30.0,0,0
75,14,5,3,29,Y6086776,,,,0,30.0,0,0
75,14,5,3,30,Y6086777,,,,0,30.0,0,0
75,14,5,4,10,Y6086778,,,,0,30.0,0,0
75,14,5,4,11,Y6086779,,,,0,30.0,0,0
75,14,5,4,12,Y6086780,,,,0,30.0,0,0
75,14,5,4,13,Y6086781,,,,0,30.0,0,0
75,14,5,4,14,Y6086782,,,,0,30.0,0,0
75,14,5,4,15,Y6086783,,,,0,30.0,0,0
75,14,5,4,16,Y6086784,,,,0,30.0,0,0
75,14,5,4,17,Y6086785,,,,0,30.0,0,0
75,14,5,4,18,Y6086786,,,,0,30.0,0,0
75,14,5,4,19,Y6086787,,,,0,30.0,0,0
75,14,5,4,20,Y6086788,,,,0,30.0,0,0
75,14,5,4,21,Y6086789,,,,0,30.0,0,0
75,14,5,4,22,Y6086790,,,,0,30.0,0,0
75,14,5,4,23,Y6086791,,,,0,30.0,0,0
75,14,5,4,24,Y6086792,,,,0,30.0,0,0
75,14,5,4,25,Y6086793,,,,0,30.0,0,0
75,14,5,4,26,Y6086794,,,,0,30.0,0,0
75,14,5,4,27,Y6086795,,,,0,30.0,0,0
75,14,5,4,28,Y6086796,,,,0,30.0,0,0
75,14,5,4,29,Y6086797,,,,0,30.0,0,0
75,14,5,4,30,Y6086798,,,,0,30.0,0,0
75,14,5,5,10,Y6086799,,,,0,30.0,0,0
75,14,5,5,11,Y6086800,,,,0,30.0,0,0
75,14,5,5,12,Y6086801,,,,0,30.0,0,0
75,14,5,5,13,Y6086802,,,,0,30.0,0,0
75,14,5,5,14,Y6086803,,,,0,30.0,0,0
75,14,5,5,15,Y6086804,,,,0,30.0,0,0
75,14,5,5,16,Y6086805,,,,0,30.0,0,0
75,14,5,5,17,Y6086806,,,,0,30.0,0,0
75,14,5,5,18,Y6086807,,,,0,30.0,0,0
75,14,5,5,19,Y6086808,,,,0,30.0,0,0
75,14,5,5,20,Y6086809,,,,0,30.0,0,0
75,14,5,5,21,Y6086810,,,,0,30.0,0,0
75,14,5,5,22,Y6086811,,,,0,30.0,0,0
75,14,5,5,23,Y6086812,,,,0,30.0,0,0
75,14,5,5,24,Y6086813,,,,0,30.0,0,0
75,14,5,5,25,Y6086814,,,,0,30.0,0,0
75,14,5,5,26,Y6086815,,,,0,30.0,0,0
75,14,5,5,27,Y6086816,,,,0,30.0,0,0
75,14,5,5,28,Y6086817,,,,0,30.0,0,0
75,14,5,5,29,Y6086818,,,,0,30.0,0,0
75,14,5,5,30,Y6086819,,,,0,30.0,0,0
75,14,5,6,10,Y6086820,,,,0,30.0,0,0
75,14,5,6,11,Y6086821,,,,0,30.0,0,0
75,14,5,6,12,Y6086822,,,,0,30.0,0,0
75,14,5,6,13,Y6086823,,,,0,30.0,0,0
75,14,5,6,14,Y6086824,,,,0,30.0,0,0
75,14,5,6,15,Y6086825,,,,0,30.0,0,0
75,14,5,6,16,Y6086826,,,,0,30.0,0,0
75,14,5,6,17,Y6086827,,,,0,30.0,0,0
75,14,5,6,18,Y6086828,,,,0,30.0,0,0
75,14,5,6,19,Y6086829,,,,0,30.0,0,0
75,14,5,6,20,Y6086830,,,,0,30.0,0,0
75,14,5,6,21,Y6086831,,,,0,30.0,0,0
75,14,5,6,22,Y6086832,,,,0,30.0,0,0
75,14,5,6,23,Y6086833,,,,0,30.0,0,0
75,14,5,6,24,Y6086834,,,,0,30.0,0,0
75,14,5,6,25,Y6086835,,,,0,30.0,0,0
75,14,5,6,26,Y6086836,,,,0,30.0,0,0
75,14,5,6,27,Y6086837,,,,0,30.0,0,0
75,14,5,6,28,Y6086838,,,,0,30.0,0,0
75,14,5,6,29,Y6086839,,,,0,30.0,0,0
75,14,5,6,30,Y6086840,,,,0,30.0,0,0
75,14,5,7,10,Y6086841,,,,0,30.0,0,0
75,14,5,7,11,Y6086842,,,,0,30.0,0,0
75,14,5,7,12,Y6086843,,,,0,30.0,0,0
75,14,5,7,13,Y6086844,,,,0,30.0,0,0
75,14,5,7,14,Y6086845,,,,0,30.0,0,0
75,14,5,7,15,Y6086846,,,,0,30.0,0,0
75,14,5,7,16,Y6086847,,,,0,30.0,0,0
75,14,5,7,17,Y6086848,,,,0,30.0,0,0
75,14,5,7,18,Y6086849,,,,0,30.0,0,0
75,14,5,7,19,Y6086850,,,,0,30.0,0,0
75,14,5,7,20,Y6086851,,,,0,30.0,0,0
75,14,5,7,21,Y6086852,,,,0,30.0,0,0
75,14,5,7,22,Y6086853,,,,0,30.0,0,0
75,14,5,7,23,Y6086854,,,,0,30.0,0,0
75,14,5,7,24,Y6086855,,,,0,30.0,0,0
75,14,5,7,25,Y6086856,,,,0,30.0,0,0
75,14,5,7,26,Y6086857,,,,0,30.0,0,0
75,14,5,7,27,Y6086858,,,,0,30.0,0,0
75,14,5,7,28,Y6086859,,,,0,30.0,0,0
75,14,5,7,29,Y6086860,,,,0,30.0,0,0
75,14,5,7,30,Y6086861,,,,0,30.0,0,0
75,14,5,8,10,Y6086862,,,,0,30.0,0,0
75,14,5,8,11,Y6086863,,,,0,30.0,0,0
75,14,5,8,12,Y6086864,,,,0,30.0,0,0
75,14,5,8,13,Y6086865,,,,0,30.0,0,0
75,14,5,8,14,Y6086866,,,,0,30.0,0,0
75,14,5,8,15,Y6086867,,,,0,30.0,0,0
75,14,5,8,16,Y6086868,,,,0,30.0,0,0
75,14,5,8,17,Y6086869,,,,0,30.0,0,0
75,14,5,8,18,Y6086870,,,,0,30.0,0,0
75,14,5,8,19,Y6086871,,,,0,30.0,0,0
75,14,5,8,20,Y6086872,,,,0,30.0,0,0
75,14,5,8,21,Y6086873,,,,0,30.0,0,0
75,14,5,8,22,Y6086874,,,,0,30.0,0,0
75,14,5,8,23,Y6086875,,,,0,30.0,0,0
75,14,5,8,24,Y6086876,,,,0,30.0,0,0
75,14,5,8,25,Y6086877,,,,0,30.0,0,0
75,14,5,8,26,Y6086878,,,,0,30.0,0,0
75,14,5,8,27,Y6086879,,,,0,30.0,0,0
75,14,5,8,28,Y6086880,,,,0,30.0,0,0
75,14,5,8,29,Y6086881,,,,0,30.0,0,0
75,14,5,8,30,Y6086882,,,,0,30.0,0,0
75,14,5,9,10,Y6086883,,,,0,30.0,0,0
75,14,5,9,11,Y6086884,,,,0,30.0,0,0
75,14,5,9,12,Y6086885,,,,0,30.0,0,0
75,14,5,9,13,Y6086886,,,,0,30.0,0,0
75,14,5,9,14,Y6086887,,,,0,30.0,0,0
75,14,5,9,15,Y6086888,,,,0,30.0,0,0
75,14,5,9,16,Y6086889,,,,0,30.0,0,0
75,14,5,9,17,Y6086890,,,,0,30.0,0,2
75,14,5,9,18,Y6086891,,,,0,30.0,0,2
75,14,5,9,19,Y6086892,,,,0,30.0,0,2
75,14,5,9,20,Y6086893,,,,0,30.0,0,0
75,14,5,9,21,Y6086894,,,,0,30.0,0,0
75,14,5,9,22,Y6086895,,,,0,30.0,0,0
75,14,5,9,23,Y6086896,,,,0,30.0,0,0
75,14,5,9,24,Y6086897,,,,0,30.0,0,0
75,14,5,9,25,Y6086898,,,,0,30.0,0,0
75,14,5,9,26,Y6086899,,,,0,30.0,0,0
75,14,5,9,27,Y6086900,,,,0,30.0,0,0
75,14,5,9,28,Y6086901,,,,0,30.0,0,0
75,14,5,9,29,Y6086902,,,,0,30.0,0,0
75,14,5,9,30,Y6086903,,,,0,30.0,0,0
75,14,5,10,10,Y6086904,,,,0,30.0,0,0
75,14,5,10,11,Y6086905,,,,0,30.0,0,0
75,14,5,10,12,Y6086906,,,,0,30.0,0,0
75,14,5,10,13,Y6086907,,,,0,30.0,0,0
75,14,5,10,14,Y6086908,,,,0,30.0,0,0
75,14,5,10,15,Y6086909,,,,0,30.0,0,0
75,14,5,10,16,Y6086910,,,,0,30.0,0,2
75,14,5,10,17,Y6086911,,,,0,30.0,0,2
75,14,5,10,18,Y6086912,,,,0,30.0,0,2
75,14,5,10,19,Y6086913,,,,0,30.0,0,2
75,14,5,10,20,Y6086914,,,,0,30.0,0,2
75,14,5,10,21,Y6086915,,,,0,30.0,0,0
75,14,5,10,22,Y6086916,,,,0,30.0,0,0
75,14,5,10,23,Y6086917,,,,0,30.0,0,0
75,14,5,10,24,Y6086918,,,,0,30.0,0,0
75,14,5,10,25,Y6086919,,,,0,30.0,0,0
75,14,5,10,26,Y6086920,,,,0,30.0,0,0
75,14,5,10,27,Y6086921,,,,0,30.0,0,0
75,14,5,10,28,Y6086922,,,,0,30.0,0,0
75,14,5,10,29,Y6086923,,,,0,30.0,0,0
75,14,5,10,30,Y6086924,,,,0,30.0,0,0
75,14,5,11,10,Y6086925,,,,0,30.0,0,0
75,14,5,11,11,Y6086926,,,,0,30.0,0,0
75,14,5,11,12,Y6086927,,,,0,30.0,0,0
75,14,5,11,13,Y6086928,,,,0,30.0,0,0
75,14,5,11,14,Y6086929,,,,0,30.0,0,0
75,14,5,11,15,Y6086930,,,,0,30.0,0,0
75,14,5,11,16,Y6086931,,,,0,30.0,0,2
75,14,5,11,17,Y6086932,,,,0,30.0,0,2
75,14,5,11,18,Y6086933,,,,0,30.0,0,2
75,14,5,11,19,Y6086934,,,,0,30.0,0,2
75,14,5,11,20,Y6086935,,,,0,30.0,0,2
75,14,5,11,21,Y6086936,,,,0,30.0,0,0
75,14,5,11,22,Y6086937,,,,0,30.0,0,0
75,14,5,11,23,Y6086938,,,,0,30.0,0,0
75,14,5,11,24,Y6086939,,,,0,30.0,0,0
75,14,5,11,25,Y6086940,,,,0,30.0,0,0
75,14,5,11,26,Y6086941,,,,0,30.0,0,0
75,14,5,11,27,Y6086942,,,,0,30.0,0,0
75,14,5,11,28,Y6086943,,,,0,30.0,0,0
75,14,5,11,29,Y6086944,,,,0,30.0,0,0
75,14,5,11,30,Y6086945,,,,0,30.0,0,0
75,14,5,12,10,Y6086946,,,,0,30.0,0,0
75,14,5,12,11,Y6086947,,,,0,30.0,0,0
75,14,5,12,12,Y6086948,,,,0,30.0,0,0
75,14,5,12,13,Y6086949,,,,0,30.0,0,0
75,14,5,12,14,Y6086950,,,,0,30.0,0,0
75,14,5,12,15,Y6086951,,,,0,30.0,0,0
75,14,5,12,16,Y6086952,,,,0,30.0,0,2
75,14,5,12,17,Y6086953,,,,0,30.0,0,2
75,14,5,12,18,Y6086954,,,,0,30.0,0,2
75,14,5,12,19,Y6086955,,,,0,30.0,0,2
75,14,5,12,20,Y6086956,,,,0,30.0,0,2
75,14,5,12,21,Y6086957,,,,0,30.0,0,0
75,14,5,12,22,Y6086958,,,,0,30.0,0,0
75,14,5,12,23,Y6086959,,,,0,30.0,0,0
75,14,5,12,24,Y6086960,,,,0,30.0,0,0
75,14,5,12,25,Y6086961,,,,0,30.0,0,0
75,14,5,12,26,Y6086962,,,,0,30.0,0,0
75,14,5,12,27,Y6086963,,,,0,30.0,0,0
75,14,5,12,28,Y6086964,,,,0,30.0,0,0
75,14,5,12,29,Y6086965,,,,0,30.0,0,0
75,14,5,12,30,Y6086966,,,,0,30.0,0,0
75,14,6,1,10,Y6086967,,,,0,30.0,0,0
75,14,6,1,11,Y6086968,,,,0,30.0,0,0
75,14,6,1,12,Y6086969,,,,0,30.0,0,0
75,14,6,1,13,Y6086970,,,,0,30.0,0,0
75,14,6,1,14,Y6086971,,,,0,30.0,0,0
75,14,6,1,15,Y6086972,,,,0,30.0,0,0
75,14,6,1,16,Y6086973,,,,0,30.0,0,0
75,14,6,1,17,Y6086974,,,,0,30.0,0,0
75,14,6,1,18,Y6086975,,,,0,30.0,0,0
75,14,6,1,19,Y6086976,,,,0,30.0,0,0
75,14,6,1,20,Y6086977,,,,0,30.0,0,0
75,14,6,1,21,Y6086978,,,,0,30.0,0,0
75,14,6,1,22,Y6086979,,,,0,30.0,0,0
75,14,6,1,23,Y6086980,,,,0,30.0,0,0
75,14,6,1,24,Y6086981,,,,0,30.0,0,0
75,14,6,1,25,Y6086982,,,,0,30.0,0,0
75,14,6,1,26,Y6086983,,,,0,30.0,0,0
75,14,6,1,27,Y6086984,,,,0,30.0,0,0
75,14,6,1,28,Y6086985,,,,0,30.0,0,0
75,14,6,1,29,Y6086986,,,,0,30.0,0,0
75,14,6,1,30,Y6086987,,,,0,30.0,0,0
75,14,6,2,10,Y6086988,,,,0,30.0,0,0
75,14,6,2,11,Y6086989,,,,0,30.0,0,0
75,14,6,2,12,Y6086990,,,,0,30.0,0,0
75,14,6,2,13,Y6086991,,,,0,30.0,0,0
75,14,6,2,14,Y6086992,,,,0,30.0,0,0
75,14,6,2,15,Y6086993,,,,0,30.0,0,0
75,14,6,2,16,Y6086994,,,,0,30.0,0,0
75,14,6,2,17,Y6086995,,,,0,30.0,0,0
75,14,6,2,18,Y6086996,,,,0,30.0,0,0
75,14,6,2,19,Y6086997,,,,0,30.0,0,0
75,14,6,2,20,Y6086998,,,,0,30.0,0,0
75,14,6,2,21,Y6086999,,,,0,30.0,0,0
75,14,6,2,22,Y6087000,,,,0,30.0,0,0
75,14,6,2,23,Y6087001,,,,0,30.0,0,0
75,14,6,2,24,Y6087002,,,,0,30.0,0,0
75,14,6,2,25,Y6087003,,,,0,30.0,0,0
75,14,6,2,26,Y6087004,,,,0,30.0,0,0
75,14,6,2,27,Y6087005,,,,0,30.0,0,0
75,14,6,2,28,Y6087006,,,,0,30.0,0,0
75,14,6,2,29,Y6087007,,,,0,30.0,0,0
75,14,6,2,30,Y6087008,,,,0,30.0,0,0
75,14,6,3,10,Y6087009,,,,0,30.0,0,0
75,14,6,3,11,Y6087010,,,,0,30.0,0,0
75,14,6,3,12,Y6087011,,,,0,30.0,0,0
75,14,6,3,13,Y6087012,,,,0,30.0,0,0
75,14,6,3,14,Y6087013,,,,0,30.0,0,0
75,14,6,3,15,Y6087014,,,,0,30.0,0,0
75,14,6,3,16,Y6087015,,,,0,30.0,0,0
75,14,6,3,17,Y6087016,,,,0,30.0,0,0
75,14,6,3,18,Y6087017,,,,0,30.0,0,0
75,14,6,3,19,Y6087018,,,,0,30.0,0,0
75,14,6,3,20,Y6087019,,,,0,30.0,0,0
75,14,6,3,21,Y6087020,,,,0,30.0,0,0
75,14,6,3,22,Y6087021,,,,0,30.0,0,0
75,14,6,3,23,Y6087022,,,,0,30.0,0,0
75,14,6,3,24,Y6087023,,,,0,30.0,0,0
75,14,6,3,25,Y6087024,,,,0,30.0,0,0
75,14,6,3,26,Y6087025,,,,0,30.0,0,0
75,14,6,3,27,Y6087026,,,,0,30.0,0,0
75,14,6,3,28,Y6087027,,,,0,30.0,0,0
75,14,6,3,29,Y6087028,,,,0,30.0,0,0
75,14,6,3,30,Y6087029,,,,0,30.0,0,0
75,14,6,4,10,Y6087030,,,,0,30.0,0,0
75,14,6,4,11,Y6087031,,,,0,30.0,0,0
75,14,6,4,12,Y6087032,,,,0,30.0,0,0
75,14,6,4,13,Y6087033,,,,0,30.0,0,0
75,14,6,4,14,Y6087034,,,,0,30.0,0,0
75,14,6,4,15,Y6087035,,,,0,30.0,0,0
75,14,6,4,16,Y6087036,,,,0,30.0,0,0
75,14,6,4,17,Y6087037,,,,0,30.0,0,0
75,14,6,4,18,Y6087038,,,,0,30.0,0,0
75,14,6,4,19,Y6087039,,,,0,30.0,0,0
75,14,6,4,20,Y6087040,,,,0,30.0,0,0
75,14,6,4,21,Y6087041,,,,0,30.0,0,0
75,14,6,4,22,Y6087042,,,,0,30.0,0,0
75,14,6,4,23,Y6087043,,,,0,30.0,0,0
75,14,6,4,24,Y6087044,,,,0,30.0,0,0
75,14,6,4,25,Y6087045,,,,0,30.0,0,0
75,14,6,4,26,Y6087046,,,,0,30.0,0,0
75,14,6,4,27,Y6087047,,,,0,30.0,0,0
75,14,6,4,28,Y6087048,,,,0,30.0,0,0
75,14,6,4,29,Y6087049,,,,0,30.0,0,0
75,14,6,4,30,Y6087050,,,,0,30.0,0,0
75,14,6,5,10,Y6087051,,,,0,30.0,0,0
75,14,6,5,11,Y6087052,,,,0,30.0,0,0
75,14,6,5,12,Y6087053,,,,0,30.0,0,0
75,14,6,5,13,Y6087054,,,,0,30.0,0,0
75,14,6,5,14,Y6087055,,,,0,30.0,0,0
75,14,6,5,15,Y6087056,,,,0,30.0,0,0
75,14,6,5,16,Y6087057,,,,0,30.0,0,0
75,14,6,5,17,Y6087058,,,,0,30.0,0,0
75,14,6,5,18,Y6087059,,,,0,30.0,0,0
75,14,6,5,19,Y6087060,,,,0,30.0,0,0
75,14,6,5,20,Y6087061,,,,0,30.0,0,0
75,14,6,5,21,Y6087062,,,,0,30.0,0,0
75,14,6,5,22,Y6087063,,,,0,30.0,0,0
75,14,6,5,23,Y6087064,,,,0,30.0,0,0
75,14,6,5,24,Y6087065,,,,0,30.0,0,0
75,14,6,5,25,Y6087066,,,,0,30.0,0,0
75,14,6,5,26,Y6087067,,,,0,30.0,0,0
75,14,6,5,27,Y6087068,,,,0,30.0,0,0
75,14,6,5,28,Y6087069,,,,0,30.0,0,0
75,14,6,5,29,Y6087070,,,,0,30.0,0,0
75,14,6,5,30,Y6087071,,,,0,30.0,0,0
75,14,6,6,10,Y6087072,,,,0,30.0,0,0
75,14,6,6,11,Y6087073,,,,0,30.0,0,0
75,14,6,6,12,Y6087074,,,,0,30.0,0,0
75,14,6,6,13,Y6087075,,,,0,30.0,0,0
75,14,6,6,14,Y6087076,,,,0,30.0,0,0
75,14,6,6,15,Y6087077,,,,0,30.0,0,0
75,14,6,6,16,Y6087078,,,,0,30.0,0,0
75,14,6,6,17,Y6087079,,,,0,30.0,0,0
75,14,6,6,18,Y6087080,,,,0,30.0,0,0
75,14,6,6,19,Y6087081,,,,0,30.0,0,0
75,14,6,6,20,Y6087082,,,,0,30.0,0,0
75,14,6,6,21,Y6087083,,,,0,30.0,0,0
75,14,6,6,22,Y6087084,,,,0,30.0,0,0
75,14,6,6,23,Y6087085,,,,0,30.0,0,0
75,14,6,6,24,Y6087086,,,,0,30.0,0,0
75,14,6,6,25,Y6087087,,,,0,30.0,0,0
75,14,6,6,26,Y6087088,,,,0,30.0,0,0
75,14,6,6,27,Y6087089,,,,0,30.0,0,0
75,14,6,6,28,Y6087090,,,,0,30.0,0,0
75,14,6,6,29,Y6087091,,,,0,30.0,0,0
75,14,6,6,30,Y6087092,,,,0,30.0,0,0
75,14,6,7,10,Y6087093,,,,0,30.0,0,0
75,14,6,7,11,Y6087094,,,,0,30.0,0,0
75,14,6,7,12,Y6087095,,,,0,30.0,0,0
75,14,6,7,13,Y6087096,,,,0,30.0,0,0
75,14,6,7,14,Y6087097,,,,0,30.0,0,0
75,14,6,7,15,Y6087098,,,,0,30.0,0,0
75,14,6,7,16,Y6087099,,,,0,30.0,0,0
75,14,6,7,17,Y6087100,,,,0,30.0,0,0
75,14,6,7,18,Y6087101,,,,0,30.0,0,0
75,14,6,7,19,Y6087102,,,,0,30.0,0,0
75,14,6,7,20,Y6087103,,,,0,30.0,0,0
75,14,6,7,21,Y6087104,,,,0,30.0,0,0
75,14,6,7,22,Y6087105,,,,0,30.0,0,0
75,14,6,7,23,Y6087106,,,,0,30.0,0,0
75,14,6,7,24,Y6087107,,,,0,30.0,0,0
75,14,6,7,25,Y6087108,,,,0,30.0,0,0
75,14,6,7,26,Y6087109,,,,0,30.0,0,0
75,14,6,7,27,Y6087110,,,,0,30.0,0,0
75,14,6,7,28,Y6087111,,,,0,30.0,0,0
75,14,6,7,29,Y6087112,,,,0,30.0,0,0
75,14,6,7,30,Y6087113,,,,0,30.0,0,0
75,14,6,8,10,Y6087114,,,,0,30.0,0,0
75,14,6,8,11,Y6087115,,,,0,30.0,0,0
75,14,6,8,12,Y6087116,,,,0,30.0,0,0
75,14,6,8,13,Y6087117,,,,0,30.0,0,0
75,14,6,8,14,Y6087118,,,,0,30.0,0,0
75,14,6,8,15,Y6087119,,,,0,30.0,0,0
75,14,6,8,16,Y6087120,,,,0,30.0,0,0
75,14,6,8,17,Y6087121,,,,0,30.0,0,0
75,14,6,8,18,Y6087122,,,,0,30.0,0,0
75,14,6,8,19,Y6087123,,,,0,30.0,0,0
75,14,6,8,20,Y6087124,,,,0,30.0,0,0
75,14,6,8,21,Y6087125,,,,0,30.0,0,0
75,14,6,8,22,Y6087126,,,,0,30.0,0,0
75,14,6,8,23,Y6087127,,,,0,30.0,0,0
75,14,6,8,24,Y6087128,,,,0,30.0,0,0
75,14,6,8,25,Y6087129,,,,0,30.0,0,0
75,14,6,8,26,Y6087130,,,,0,30.0,0,0
75,14,6,8,27,Y6087131,,,,0,30.0,0,0
75,14,6,8,28,Y6087132,,,,0,30.0,0,0
75,14,6,8,29,Y6087133,,,,0,30.0,0,0
75,14,6,8,30,Y6087134,,,,0,30.0,0,0
75,14,6,9,10,Y6087135,,,,0,30.0,0,0
75,14,6,9,11,Y6087136,,,,0,30.0,0,0
75,14,6,9,12,Y6087137,,,,0,30.0,0,0
75,14,6,9,13,Y6087138,,,,0,30.0,0,0
75,14,6,9,14,Y6087139,,,,0,30.0,0,0
75,14,6,9,15,Y6087140,,,,0,30.0,0,0
75,14,6,9,16,Y6087141,,,,0,30.0,0,0
75,14,6,9,17,Y6087142,,,,0,30.0,0,2
75,14,6,9,18,Y6087143,,,,0,30.0,0,2
75,14,6,9,19,Y6087144,,,,0,30.0,0,2
75,14,6,9,20,Y6087145,,,,0,30.0,0,0
75,14,6,9,21,Y6087146,,,,0,30.0,0,0
75,14,6,9,22,Y6087147,,,,0,30.0,0,0
75,14,6,9,23,Y6087148,,,,0,30.0,0,0
75,14,6,9,24,Y6087149,,,,0,30.0,0,0
75,14,6,9,25,Y6087150,,,,0,30.0,0,0
75,14,6,9,26,Y6087151,,,,0,30.0,0,0
75,14,6,9,27,Y6087152,,,,0,30.0,0,0
75,14,6,9,28,Y6087153,,,,0,30.0,0,0
75,14,6,9,29,Y6087154,,,,0,30.0,0,0
75,14,6,9,30,Y6087155,,,,0,30.0,0,0
75,14,6,10,10,Y6087156,,,,0,30.0,0,0
75,14,6,10,11,Y6087157,,,,0,30.0,0,0
75,14,6,10,12,Y6087158,,,,0,30.0,0,0
75,14,6,10,13,Y6087159,,,,0,30.0,0,0
75,14,6,10,14,Y6087160,,,,0,30.0,0,0
75,14,6,10,15,Y6087161,,,,0,30.0,0,0
75,14,6,10,16,Y6087162,,,,0,30.0,0,2
75,14,6,10,17,Y6087163,,,,0,30.0,0,2
75,14,6,10,18,Y6087164,,,,0,30.0,0,2
75,14,6,10,19,Y6087165,,,,0,30.0,0,2
75,14,6,10,20,Y6087166,,,,0,30.0,0,2
75,14,6,10,21,Y6087167,,,,0,30.0,0,0
75,14,6,10,22,Y6087168,,,,0,30.0,0,0
75,14,6,10,23,Y6087169,,,,0,30.0,0,0
75,14,6,10,24,Y6087170,,,,0,30.0,0,0
75,14,6,10,25,Y6087171,,,,0,30.0,0,0
75,14,6,10,26,Y6087172,,,,0,30.0,0,0
75,14,6,10,27,Y6087173,,,,0,30.0,0,0
75,14,6,10,28,Y6087174,,,,0,30.0,0,0
75,14,6,10,29,Y6087175,,,,0,30.0,0,0
75,14,6,10,30,Y6087176,,,,0,30.0,0,0
75,14,6,11,10,Y6087177,,,,0,30.0,0,0
75,14,6,11,11,Y6087178,,,,0,30.0,0,0
75,14,6,11,12,Y6087179,,,,0,30.0,0,0
75,14,6,11,13,Y6087180,,,,0,30.0,0,0
75,14,6,11,14,Y6087181,,,,0,30.0,0,0
75,14,6,11,15,Y6087182,,,,0,30.0,0,0
75,14,6,11,16,Y6087183,,,,0,30.0,0,2
75,14,6,11,17,Y6087184,,,,0,30.0,0,2
75,14,6,11,18,Y6087185,,,,0,30.0,0,2
75,14,6,11,19,Y6087186,,,,0,30.0,0,2
75,14,6,11,20,Y6087187,,,,0,30.0,0,2
75,14,6,11,21,Y6087188,,,,0,30.0,0,0
75,14,6,11,22,Y6087189,,,,0,30.0,0,0
75,14,6,11,23,Y6087190,,,,0,30.0,0,0
75,14,6,11,24,Y6087191,,,,0,30.0,0,0
75,14,6,11,25,Y6087192,,,,0,30.0,0,0
75,14,6,11,26,Y6087193,,,,0,30.0,0,0
75,14,6,11,27,Y6087194,,,,0,30.0,0,0
75,14,6,11,28,Y6087195,,,,0,30.0,0,0
75,14,6,11,29,Y6087196,,,,0,30.0,0,0
75,14,6,11,30,Y6087197,,,,0,30.0,0,0
75,14,6,12,10,Y6087198,,,,0,30.0,0,0
75,14,6,12,11,Y6087199,,,,0,30.0,0,0
75,14,6,12,12,Y6087200,,,,0,30.0,0,0
75,14,6,12,13,Y6087201,,,,0,30.0,0,0
75,14,6,12,14,Y6087202,,,,0,30.0,0,0
75,14,6,12,15,Y6087203,,,,0,30.0,0,0
75,14,6,12,16,Y6087204,,,,0,30.0,0,2
75,14,6,12,17,Y6087205,,,,0,30.0,0,2
75,14,6,12,18,Y6087206,,,,0,30.0,0,2
75,14,6,12,19,Y6087207,,,,0,30.0,0,2
75,14,6,12,20,Y6087208,,,,0,30.0,0,2
75,14,6,12,21,Y6087209,,,,0,30.0,0,0
75,14,6,12,22,Y6087210,,,,0,30.0,0,0
75,14,6,12,23,Y6087211,,,,0,30.0,0,0
75,14,6,12,24,Y6087212,,,,0,30.0,0,0
75,14,6,12,25,Y6087213,,,,0,30.0,0,0
75,14,6,12,26,Y6087214,,,,0,30.0,0,0
75,14,6,12,27,Y6087215,,,,0,30.0,0,0
75,14,6,12,28,Y6087216,,,,0,30.0,0,0
75,14,6,12,29,Y6087217,,,,0,30.0,0,0
75,14,6,12,30,Y6087218,,,,0,30.0,0,0
75,14,7,1,10,Y6087219,,,,0,30.0,0,0
75,14,7,1,11,Y6087220,,,,0,30.0,0,0
75,14,7,1,12,Y6087221,,,,0,30.0,0,0
75,14,7,1,13,Y6087222,,,,0,30.0,0,0
75,14,7,1,14,Y6087223,,,,0,30.0,0,0
75,14,7,1,15,Y6087224,,,,0,30.0,0,0
75,14,7,1,16,Y6087225,,,,0,30.0,0,0
75,14,7,1,17,Y6087226,,,,0,30.0,0,0
75,14,7,1,18,Y6087227,,,,0,30.0,0,0
75,14,7,1,19,Y6087228,,,,0,30.0,0,0
75,14,7,1,20,Y6087229,,,,0,30.0,0,0
75,14,7,1,21,Y6087230,,,,0,30.0,0,0
75,14,7,1,22,Y6087231,,,,0,30.0,0,0
75,14,7,1,23,Y6087232,,,,0,30.0,0,0
75,14,7,1,24,Y6087233,,,,0,30.0,0,0
75,14,7,1,25,Y6087234,,,,0,30.0,0,0
75,14,7,1,26,Y6087235,,,,0,30.0,0,0
75,14,7,1,27,Y6087236,,,,0,30.0,0,0
75,14,7,1,28,Y6087237,,,,0,30.0,0,0
75,14,7,1,29,Y6087238,,,,0,30.0,0,0
75,14,7,1,30,Y6087239,,,,0,30.0,0,0
75,14,7,2,10,Y6087240,,,,0,30.0,0,0
75,14,7,2,11,Y6087241,,,,0,30.0,0,0
75,14,7,2,12,Y6087242,,,,0,30.0,0,0
75,14,7,2,13,Y6087243,,,,0,30.0,0,0
75,14,7,2,14,Y6087244,,,,0,30.0,0,0
75,14,7,2,15,Y6087245,,,,0,30.0,0,0
75,14,7,2,16,Y6087246,,,,0,30.0,0,0
75,14,7,2,17,Y6087247,,,,0,30.0,0,0
75,14,7,2,18,Y6087248,,,,0,30.0,0,0
75,14,7,2,19,Y6087249,,,,0,30.0,0,0
75,14,7,2,20,Y6087250,,,,0,30.0,0,0
75,14,7,2,21,Y6087251,,,,0,30.0,0,0
75,14,7,2,22,Y6087252,,,,0,30.0,0,0
75,14,7,2,23,Y6087253,,,,0,30.0,0,0
75,14,7,2,24,Y6087254,,,,0,30.0,0,0
75,14,7,2,25,Y6087255,,,,0,30.0,0,0
75,14,7,2,26,Y6087256,,,,0,30.0,0,0
75,14,7,2,27,Y6087257,,,,0,30.0,0,0
75,14,7,2,28,Y6087258,,,,0,30.0,0,0
75,14,7,2,29,Y6087259,,,,0,30.0,0,0
75,14,7,2,30,Y6087260,,,,0,30.0,0,0
75,14,7,3,10,Y6087261,,,,0,30.0,0,0
75,14,7,3,11,Y6087262,,,,0,30.0,0,0
75,14,7,3,12,Y6087263,,,,0,30.0,0,0
75,14,7,3,13,Y6087264,,,,0,30.0,0,0
75,14,7,3,14,Y6087265,,,,0,30.0,0,0
75,14,7,3,15,Y6087266,,,,0,30.0,0,0
75,14,7,3,16,Y6087267,,,,0,30.0,0,0
75,14,7,3,17,Y6087268,,,,0,30.0,0,0
75,14,7,3,18,Y6087269,,,,0,30.0,0,0
75,14,7,3,19,Y6087270,,,,0,30.0,0,0
75,14,7,3,20,Y6087271,,,,0,30.0,0,0
75,14,7,3,21,Y6087272,,,,0,30.0,0,0
75,14,7,3,22,Y6087273,,,,0,30.0,0,0
75,14,7,3,23,Y6087274,,,,0,30.0,0,0
75,14,7,3,24,Y6087275,,,,0,30.0,0,0
75,14,7,3,25,Y6087276,,,,0,30.0,0,0
75,14,7,3,26,Y6087277,,,,0,30.0,0,0
75,14,7,3,27,Y6087278,,,,0,30.0,0,0
75,14,7,3,28,Y6087279,,,,0,30.0,0,0
75,14,7,3,29,Y6087280,,,,0,30.0,0,0
75,14,7,3,30,Y6087281,,,,0,30.0,0,0
75,14,7,4,10,Y6087282,,,,0,30.0,0,0
75,14,7,4,11,Y6087283,,,,0,30.0,0,0
75,14,7,4,12,Y6087284,,,,0,30.0,0,0
75,14,7,4,13,Y6087285,,,,0,30.0,0,0
75,14,7,4,14,Y6087286,,,,0,30.0,0,0
75,14,7,4,15,Y6087287,,,,0,30.0,0,0
75,14,7,4,16,Y6087288,,,,0,30.0,0,0
75,14,7,4,17,Y6087289,,,,0,30.0,0,0
75,14,7,4,18,Y6087290,,,,0,30.0,0,0
75,14,7,4,19,Y6087291,,,,0,30.0,0,0
75,14,7,4,20,Y6087292,,,,0,30.0,0,0
75,14,7,4,21,Y6087293,,,,0,30.0,0,0
75,14,7,4,22,Y6087294,,,,0,30.0,0,0
75,14,7,4,23,Y6087295,,,,0,30.0,0,0
75,14,7,4,24,Y6087296,,,,0,30.0,0,0
75,14,7,4,25,Y6087297,,,,0,30.0,0,0
75,14,7,4,26,Y6087298,,,,0,30.0,0,0
75,14,7,4,27,Y6087299,,,,0,30.0,0,0
75,14,7,4,28,Y6087300,,,,0,30.0,0,0
75,14,7,4,29,Y6087301,,,,0,30.0,0,0
75,14,7,4,30,Y6087302,,,,0,30.0,0,0
75,14,7,5,10,Y6087303,,,,0,30.0,0,0
75,14,7,5,11,Y6087304,,,,0,30.0,0,0
75,14,7,5,12,Y6087305,,,,0,30.0,0,0
75,14,7,5,13,Y6087306,,,,0,30.0,0,0
75,14,7,5,14,Y6087307,,,,0,30.0,0,0
75,14,7,5,15,Y6087308,,,,0,30.0,0,0
75,14,7,5,16,Y6087309,,,,0,30.0,0,0
75,14,7,5,17,Y6087310,,,,0,30.0,0,0
75,14,7,5,18,Y6087311,,,,0,30.0,0,0
75,14,7,5,19,Y6087312,,,,0,30.0,0,0
75,14,7,5,20,Y6087313,,,,0,30.0,0,0
75,14,7,5,21,Y6087314,,,,0,30.0,0,0
75,14,7,5,22,Y6087315,,,,0,30.0,0,0
75,14,7,5,23,Y6087316,,,,0,30.0,0,0
75,14,7,5,24,Y6087317,,,,0,30.0,0,0
75,14,7,5,25,Y6087318,,,,0,30.0,0,0
75,14,7,5,26,Y6087319,,,,0,30.0,0,0
75,14,7,5,27,Y6087320,,,,0,30.0,0,0
75,14,7,5,28,Y6087321,,,,0,30.0,0,0
75,14,7,5,29,Y6087322,,,,0,30.0,0,0
75,14,7,5,30,Y6087323,,,,0,30.0,0,0
75,14,7,6,10,Y6087324,,,,0,30.0,0,0
75,14,7,6,11,Y6087325,,,,0,30.0,0,0
75,14,7,6,12,Y6087326,,,,0,30.0,0,0
75,14,7,6,13,Y6087327,,,,0,30.0,0,0
75,14,7,6,14,Y6087328,,,,0,30.0,0,0
75,14,7,6,15,Y6087329,,,,0,30.0,0,0
75,14,7,6,16,Y6087330,,,,0,30.0,0,0
75,14,7,6,17,Y6087331,,,,0,30.0,0,0
75,14,7,6,18,Y6087332,,,,0,30.0,0,0
75,14,7,6,19,Y6087333,,,,0,30.0,0,0
75,14,7,6,20,Y6087334,,,,0,30.0,0,0
75,14,7,6,21,Y6087335,,,,0,30.0,0,0
75,14,7,6,22,Y6087336,,,,0,30.0,0,0
75,14,7,6,23,Y6087337,,,,0,30.0,0,0
75,14,7,6,24,Y6087338,,,,0,30.0,0,0
75,14,7,6,25,Y6087339,,,,0,30.0,0,0
75,14,7,6,26,Y6087340,,,,0,30.0,0,0
75,14,7,6,27,Y6087341,,,,0,30.0,0,0
75,14,7,6,28,Y6087342,,,,0,30.0,0,0
75,14,7,6,29,Y6087343,,,,0,30.0,0,0
75,14,7,6,30,Y6087344,,,,0,30.0,0,0
75,14,7,7,10,Y6087345,,,,0,30.0,0,0
75,14,7,7,11,Y6087346,,,,0,30.0,0,0
75,14,7,7,12,Y6087347,,,,0,30.0,0,0
75,14,7,7,13,Y6087348,,,,0,30.0,0,0
75,14,7,7,14,Y6087349,,,,0,30.0,0,0
75,14,7,7,15,Y6087350,,,,0,30.0,0,0
75,14,7,7,16,Y6087351,,,,0,30.0,0,0
75,14,7,7,17,Y6087352,,,,0,30.0,0,0
75,14,7,7,18,Y6087353,,,,0,30.0,0,0
75,14,7,7,19,Y6087354,,,,0,30.0,0,0
75,14,7,7,20,Y6087355,,,,0,30.0,0,0
75,14,7,7,21,Y6087356,,,,0,30.0,0,0
75,14,7,7,22,Y6087357,,,,0,30.0,0,0
75,14,7,7,23,Y6087358,,,,0,30.0,0,0
75,14,7,7,24,Y6087359,,,,0,30.0,0,0
75,14,7,7,25,Y6087360,,,,0,30.0,0,0
75,14,7,7,26,Y6087361,,,,0,30.0,0,0
75,14,7,7,27,Y6087362,,,,0,30.0,0,0
75,14,7,7,28,Y6087363,,,,0,30.0,0,0
75,14,7,7,29,Y6087364,,,,0,30.0,0,0
75,14,7,7,30,Y6087365,,,,0,30.0,0,0
75,14,7,8,10,Y6087366,,,,0,30.0,0,0
75,14,7,8,11,Y6087367,,,,0,30.0,0,0
75,14,7,8,12,Y6087368,,,,0,30.0,0,0
75,14,7,8,13,Y6087369,,,,0,30.0,0,0
75,14,7,8,14,Y6087370,,,,0,30.0,0,0
75,14,7,8,15,Y6087371,,,,0,30.0,0,0
75,14,7,8,16,Y6087372,,,,0,30.0,0,0
75,14,7,8,17,Y6087373,,,,0,30.0,0,0
75,14,7,8,18,Y6087374,,,,0,30.0,0,0
75,14,7,8,19,Y6087375,,,,0,30.0,0,0
75,14,7,8,20,Y6087376,,,,0,30.0,0,0
75,14,7,8,21,Y6087377,,,,0,30.0,0,0
75,14,7,8,22,Y6087378,,,,0,30.0,0,0
75,14,7,8,23,Y6087379,,,,0,30.0,0,0
75,14,7,8,24,Y6087380,,,,0,30.0,0,0
75,14,7,8,25,Y6087381,,,,0,30.0,0,0
75,14,7,8,26,Y6087382,,,,0,30.0,0,0
75,14,7,8,27,Y6087383,,,,0,30.0,0,0
75,14,7,8,28,Y6087384,,,,0,30.0,0,0
75,14,7,8,29,Y6087385,,,,0,30.0,0,0
75,14,7,8,30,Y6087386,,,,0,30.0,0,0
75,14,7,9,10,Y6087387,,,,0,30.0,0,0
75,14,7,9,11,Y6087388,,,,0,30.0,0,0
75,14,7,9,12,Y6087389,,,,0,30.0,0,0
75,14,7,9,13,Y6087390,,,,0,30.0,0,0
75,14,7,9,14,Y6087391,,,,0,30.0,0,0
75,14,7,9,15,Y6087392,,,,0,30.0,0,0
75,14,7,9,16,Y6087393,,,,0,30.0,0,0
75,14,7,9,17,Y6087394,,,,0,30.0,0,2
75,14,7,9,18,Y6087395,,,,0,30.0,0,2
75,14,7,9,19,Y6087396,,,,0,30.0,0,2
75,14,7,9,20,Y6087397,,,,0,30.0,0,0
75,14,7,9,21,Y6087398,,,,0,30.0,0,0
75,14,7,9,22,Y6087399,,,,0,30.0,0,0
75,14,7,9,23,Y6087400,,,,0,30.0,0,0
75,14,7,9,24,Y6087401,,,,0,30.0,0,0
75,14,7,9,25,Y6087402,,,,0,30.0,0,0
75,14,7,9,26,Y6087403,,,,0,30.0,0,0
75,14,7,9,27,Y6087404,,,,0,30.0,0,0
75,14,7,9,28,Y6087405,,,,0,30.0,0,0
75,14,7,9,29,Y6087406,,,,0,30.0,0,0
75,14,7,9,30,Y6087407,,,,0,30.0,0,0
75,14,7,10,10,Y6087408,,,,0,30.0,0,0
75,14,7,10,11,Y6087409,,,,0,30.0,0,0
75,14,7,10,12,Y6087410,,,,0,30.0,0,0
75,14,7,10,13,Y6087411,,,,0,30.0,0,0
75,14,7,10,14,Y6087412,,,,0,30.0,0,0
75,14,7,10,15,Y6087413,,,,0,30.0,0,0
75,14,7,10,16,Y6087414,,,,0,30.0,0,2
75,14,7,10,17,Y6087415,,,,0,30.0,0,2
75,14,7,10,18,Y6087416,,,,0,30.0,0,2
75,14,7,10,19,Y6087417,,,,0,30.0,0,2
75,14,7,10,20,Y6087418,,,,0,30.0,0,2
75,14,7,10,21,Y6087419,,,,0,30.0,0,0
75,14,7,10,22,Y6087420,,,,0,30.0,0,0
75,14,7,10,23,Y6087421,,,,0,30.0,0,0
75,14,7,10,24,Y6087422,,,,0,30.0,0,0
75,14,7,10,25,Y6087423,,,,0,30.0,0,0
75,14,7,10,26,Y6087424,,,,0,30.0,0,0
75,14,7,10,27,Y6087425,,,,0,30.0,0,0
75,14,7,10,28,Y6087426,,,,0,30.0,0,0
75,14,7,10,29,Y6087427,,,,0,30.0,0,0
75,14,7,10,30,Y6087428,,,,0,30.0,0,0
75,14,7,11,10,Y6087429,,,,0,30.0,0,0
75,14,7,11,11,Y6087430,,,,0,30.0,0,0
75,14,7,11,12,Y6087431,,,,0,30.0,0,0
75,14,7,11,13,Y6087432,,,,0,30.0,0,0
75,14,7,11,14,Y6087433,,,,0,30.0,0,0
75,14,7,11,15,Y6087434,,,,0,30.0,0,0
75,14,7,11,16,Y6087435,,,,0,30.0,0,2
75,14,7,11,17,Y6087436,,,,0,30.0,0,2
75,14,7,11,18,Y6087437,,,,0,30.0,0,2
75,14,7,11,19,Y6087438,,,,0,30.0,0,2
75,14,7,11,20,Y6087439,,,,0,30.0,0,2
75,14,7,11,21,Y6087440,,,,0,30.0,0,0
75,14,7,11,22,Y6087441,,,,0,30.0,0,0
75,14,7,11,23,Y6087442,,,,0,30.0,0,0
75,14,7,11,24,Y6087443,,,,0,30.0,0,0
75,14,7,11,25,Y6087444,,,,0,30.0,0,0
75,14,7,11,26,Y6087445,,,,0,30.0,0,0
75,14,7,11,27,Y6087446,,,,0,30.0,0,0
75,14,7,11,28,Y6087447,,,,0,30.0,0,0
75,14,7,11,29,Y6087448,,,,0,30.0,0,0
75,14,7,11,30,Y6087449,,,,0,30.0,0,0
75,14,7,12,10,Y6087450,,,,0,30.0,0,0
75,14,7,12,11,Y6087451,,,,0,30.0,0,0
75,14,7,12,12,Y6087452,,,,0,30.0,0,0
75,14,7,12,13,Y6087453,,,,0,30.0,0,0
75,14,7,12,14,Y6087454,,,,0,30.0,0,0
75,14,7,12,15,Y6087455,,,,0,30.0,0,0
75,14,7,12,16,Y6087456,,,,0,30.0,0,2
75,14,7,12,17,Y6087457,,,,0,30.0,0,2
75,14,7,12,18,Y6087458,,,,0,30.0,0,2
75,14,7,12,19,Y6087459,,,,0,30.0,0,2
75,14,7,12,20,Y6087460,,,,0,30.0,0,2
75,14,7,12,21,Y6087461,,,,0,30.0,0,0
75,14,7,12,22,Y6087462,,,,0,30.0,0,0
75,14,7,12,23,Y6087463,,,,0,30.0,0,0
75,14,7,12,24,Y6087464,,,,0,30.0,0,0
75,14,7,12,25,Y6087465,,,,0,30.0,0,0
75,14,7,12,26,Y6087466,,,,0,30.0,0,0
75,14,7,12,27,Y6087467,,,,0,30.0,0,0
75,14,7,12,28,Y6087468,,,,0,30.0,0,0
75,14,7,12,29,Y6087469,,,,0,30.0,0,0
75,14,7,12,30,Y6087470,,,,0,30.0,0,0
75,14,8,1,10,Y6087471,,,,0,30.0,0,0
75,14,8,1,11,Y6087472,,,,0,30.0,0,0
75,14,8,1,12,Y6087473,,,,0,30.0,0,0
75,14,8,1,13,Y6087474,,,,0,30.0,0,0
75,14,8,1,14,Y6087475,,,,0,30.0,0,0
75,14,8,1,15,Y6087476,,,,0,30.0,0,0
75,14,8,1,16,Y6087477,,,,0,30.0,0,0
75,14,8,1,17,Y6087478,,,,0,30.0,0,0
75,14,8,1,18,Y6087479,,,,0,30.0,0,0
75,14,8,1,19,Y6087480,,,,0,30.0,0,0
75,14,8,1,20,Y6087481,,,,0,30.0,0,0
75,14,8,1,21,Y6087482,,,,0,30.0,0,0
75,14,8,1,22,Y6087483,,,,0,30.0,0,0
75,14,8,1,23,Y6087484,,,,0,30.0,0,0
75,14,8,1,24,Y6087485,,,,0,30.0,0,0
75,14,8,1,25,Y6087486,,,,0,30.0,0,0
75,14,8,1,26,Y6087487,,,,0,30.0,0,0
75,14,8,1,27,Y6087488,,,,0,30.0,0,0
75,14,8,1,28,Y6087489,,,,0,30.0,0,0
75,14,8,1,29,Y6087490,,,,0,30.0,0,0
75,14,8,1,30,Y6087491,,,,0,30.0,0,0
75,14,8,2,10,Y6087492,,,,0,30.0,0,0
75,14,8,2,11,Y6087493,,,,0,30.0,0,0
75,14,8,2,12,Y6087494,,,,0,30.0,0,0
75,14,8,2,13,Y6087495,,,,0,30.0,0,0
75,14,8,2,14,Y6087496,,,,0,30.0,0,0
75,14,8,2,15,Y6087497,,,,0,30.0,0,0
75,14,8,2,16,Y6087498,,,,0,30.0,0,0
75,14,8,2,17,Y6087499,,,,0,30.0,0,0
75,14,8,2,18,Y6087500,,,,0,30.0,0,0
75,14,8,2,19,Y6087501,,,,0,30.0,0,0
75,14,8,2,20,Y6087502,,,,0,30.0,0,0
75,14,8,2,21,Y6087503,,,,0,30.0,0,0
75,14,8,2,22,Y6087504,,,,0,30.0,0,0
75,14,8,2,23,Y6087505,,,,0,30.0,0,0
75,14,8,2,24,Y6087506,,,,0,30.0,0,0
75,14,8,2,25,Y6087507,,,,0,30.0,0,0
75,14,8,2,26,Y6087508,,,,0,30.0,0,0
75,14,8,2,27,Y6087509,,,,0,30.0,0,0
75,14,8,2,28,Y6087510,,,,0,30.0,0,0
75,14,8,2,29,Y6087511,,,,0,30.0,0,0
75,14,8,2,30,Y6087512,,,,0,30.0,0,0
75,14,8,3,10,Y6087513,,,,0,30.0,0,0
75,14,8,3,11,Y6087514,,,,0,30.0,0,0
75,14,8,3,12,Y6087515,,,,0,30.0,0,0
75,14,8,3,13,Y6087516,,,,0,30.0,0,0
75,14,8,3,14,Y6087517,,,,0,30.0,0,0
75,14,8,3,15,Y6087518,,,,0,30.0,0,0
75,14,8,3,16,Y6087519,,,,0,30.0,0,0
75,14,8,3,17,Y6087520,,,,0,30.0,0,0
75,14,8,3,18,Y6087521,,,,0,30.0,0,0
75,14,8,3,19,Y6087522,,,,0,30.0,0,0
75,14,8,3,20,Y6087523,,,,0,30.0,0,0
75,14,8,3,21,Y6087524,,,,0,30.0,0,0
75,14,8,3,22,Y6087525,,,,0,30.0,0,0
75,14,8,3,23,Y6087526,,,,0,30.0,0,0
75,14,8,3,24,Y6087527,,,,0,30.0,0,0
75,14,8,3,25,Y6087528,,,,0,30.0,0,0
75,14,8,3,26,Y6087529,,,,0,30.0,0,0
75,14,8,3,27,Y6087530,,,,0,30.0,0,0
75,14,8,3,28,Y6087531,,,,0,30.0,0,0
75,14,8,3,29,Y6087532,,,,0,30.0,0,0
75,14,8,3,30,Y6087533,,,,0,30.0,0,0
75,14,8,4,10,Y6087534,,,,0,30.0,0,0
75,14,8,4,11,Y6087535,,,,0,30.0,0,0
75,14,8,4,12,Y6087536,,,,0,30.0,0,0
75,14,8,4,13,Y6087537,,,,0,30.0,0,0
75,14,8,4,14,Y6087538,,,,0,30.0,0,0
75,14,8,4,15,Y6087539,,,,0,30.0,0,0
75,14,8,4,16,Y6087540,,,,0,30.0,0,0
75,14,8,4,17,Y6087541,,,,0,30.0,0,0
75,14,8,4,18,Y6087542,,,,0,30.0,0,0
75,14,8,4,19,Y6087543,,,,0,30.0,0,0
75,14,8,4,20,Y6087544,,,,0,30.0,0,0
75,14,8,4,21,Y6087545,,,,0,30.0,0,0
75,14,8,4,22,Y6087546,,,,0,30.0,0,0
75,14,8,4,23,Y6087547,,,,0,30.0,0,0
75,14,8,4,24,Y6087548,,,,0,30.0,0,0
75,14,8,4,25,Y6087549,,,,0,30.0,0,0
75,14,8,4,26,Y6087550,,,,0,30.0,0,0
75,14,8,4,27,Y6087551,,,,0,30.0,0,0
75,14,8,4,28,Y6087552,,,,0,30.0,0,0
75,14,8,4,29,Y6087553,,,,0,30.0,0,0
75,14,8,4,30,Y6087554,,,,0,30.0,0,0
75,14,8,5,10,Y6087555,,,,0,30.0,0,0
75,14,8,5,11,Y6087556,,,,0,30.0,0,0
75,14,8,5,12,Y6087557,,,,0,30.0,0,0
75,14,8,5,13,Y6087558,,,,0,30.0,0,0
75,14,8,5,14,Y6087559,,,,0,30.0,0,0
75,14,8,5,15,Y6087560,,,,0,30.0,0,0
75,14,8,5,16,Y6087561,,,,0,30.0,0,0
75,14,8,5,17,Y6087562,,,,0,30.0,0,0
75,14,8,5,18,Y6087563,,,,0,30.0,0,0
75,14,8,5,19,Y6087564,,,,0,30.0,0,0
75,14,8,5,20,Y6087565,,,,0,30.0,0,0
75,14,8,5,21,Y6087566,,,,0,30.0,0,0
75,14,8,5,22,Y6087567,,,,0,30.0,0,0
75,14,8,5,23,Y6087568,,,,0,30.0,0,0
75,14,8,5,24,Y6087569,,,,0,30.0,0,0
75,14,8,5,25,Y6087570,,,,0,30.0,0,0
75,14,8,5,26,Y6087571,,,,0,30.0,0,0
75,14,8,5,27,Y6087572,,,,0,30.0,0,0
75,14,8,5,28,Y6087573,,,,0,30.0,0,0
75,14,8,5,29,Y6087574,,,,0,30.0,0,0
75,14,8,5,30,Y6087575,,,,0,30.0,0,0
75,14,8,6,10,Y6087576,,,,0,30.0,0,0
75,14,8,6,11,Y6087577,,,,0,30.0,0,0
75,14,8,6,12,Y6087578,,,,0,30.0,0,0
75,14,8,6,13,Y6087579,,,,0,30.0,0,0
75,14,8,6,14,Y6087580,,,,0,30.0,0,0
75,14,8,6,15,Y6087581,,,,0,30.0,0,0
75,14,8,6,16,Y6087582,,,,0,30.0,0,0
75,14,8,6,17,Y6087583,,,,0,30.0,0,0
75,14,8,6,18,Y6087584,,,,0,30.0,0,0
75,14,8,6,19,Y6087585,,,,0,30.0,0,0
75,14,8,6,20,Y6087586,,,,0,30.0,0,0
75,14,8,6,21,Y6087587,,,,0,30.0,0,0
75,14,8,6,22,Y6087588,,,,0,30.0,0,0
75,14,8,6,23,Y6087589,,,,0,30.0,0,0
75,14,8,6,24,Y6087590,,,,0,30.0,0,0
75,14,8,6,25,Y6087591,,,,0,30.0,0,0
75,14,8,6,26,Y6087592,,,,0,30.0,0,0
75,14,8,6,27,Y6087593,,,,0,30.0,0,0
75,14,8,6,28,Y6087594,,,,0,30.0,0,0
75,14,8,6,29,Y6087595,,,,0,30.0,0,0
75,14,8,6,30,Y6087596,,,,0,30.0,0,0
75,14,8,7,10,Y6087597,,,,0,30.0,0,0
75,14,8,7,11,Y6087598,,,,0,30.0,0,0
75,14,8,7,12,Y6087599,,,,0,30.0,0,0
75,14,8,7,13,Y6087600,,,,0,30.0,0,0
75,14,8,7,14,Y6087601,,,,0,30.0,0,0
75,14,8,7,15,Y6087602,,,,0,30.0,0,0
75,14,8,7,16,Y6087603,,,,0,30.0,0,0
75,14,8,7,17,Y6087604,,,,0,30.0,0,0
75,14,8,7,18,Y6087605,,,,0,30.0,0,0
75,14,8,7,19,Y6087606,,,,0,30.0,0,0
75,14,8,7,20,Y6087607,,,,0,30.0,0,0
75,14,8,7,21,Y6087608,,,,0,30.0,0,0
75,14,8,7,22,Y6087609,,,,0,30.0,0,0
75,14,8,7,23,Y6087610,,,,0,30.0,0,0
75,14,8,7,24,Y6087611,,,,0,30.0,0,0
75,14,8,7,25,Y6087612,,,,0,30.0,0,0
75,14,8,7,26,Y6087613,,,,0,30.0,0,0
75,14,8,7,27,Y6087614,,,,0,30.0,0,0
75,14,8,7,28,Y6087615,,,,0,30.0,0,0
75,14,8,7,29,Y6087616,,,,0,30.0,0,0
75,14,8,7,30,Y6087617,,,,0,30.0,0,0
75,14,8,8,10,Y6087618,,,,0,30.0,0,0
75,14,8,8,11,Y6087619,,,,0,30.0,0,0
75,14,8,8,12,Y6087620,,,,0,30.0,0,0
75,14,8,8,13,Y6087621,,,,0,30.0,0,0
75,14,8,8,14,Y6087622,,,,0,30.0,0,0
75,14,8,8,15,Y6087623,,,,0,30.0,0,0
75,14,8,8,16,Y6087624,,,,0,30.0,0,0
75,14,8,8,17,Y6087625,,,,0,30.0,0,0
75,14,8,8,18,Y6087626,,,,0,30.0,0,0
75,14,8,8,19,Y6087627,,,,0,30.0,0,0
75,14,8,8,20,Y6087628,,,,0,30.0,0,0
75,14,8,8,21,Y6087629,,,,0,30.0,0,0
75,14,8,8,22,Y6087630,,,,0,30.0,0,0
75,14,8,8,23,Y6087631,,,,0,30.0,0,0
75,14,8,8,24,Y6087632,,,,0,30.0,0,0
75,14,8,8,25,Y6087633,,,,0,30.0,0,0
75,14,8,8,26,Y6087634,,,,0,30.0,0,0
75,14,8,8,27,Y6087635,,,,0,30.0,0,0
75,14,8,8,28,Y6087636,,,,0,30.0,0,0
75,14,8,8,29,Y6087637,,,,0,30.0,0,0
75,14,8,8,30,Y6087638,,,,0,30.0,0,0
75,14,8,9,10,Y6087639,,,,0,30.0,0,0
75,14,8,9,11,Y6087640,,,,0,30.0,0,0
75,14,8,9,12,Y6087641,,,,0,30.0,0,0
75,14,8,9,13,Y6087642,,,,0,30.0,0,0
75,14,8,9,14,Y6087643,,,,0,30.0,0,0
75,14,8,9,15,Y6087644,,,,0,30.0,0,0
75,14,8,9,16,Y6087645,,,,0,30.0,0,0
75,14,8,9,17,Y6087646,,,,0,30.0,0,0
75,14,8,9,18,Y6087647,,,,0,30.0,0,0
75,14,8,9,19,Y6087648,,,,0,30.0,0,0
75,14,8,9,20,Y6087649,,,,0,30.0,0,0
75,14,8,9,21,Y6087650,,,,0,30.0,0,0
75,14,8,9,22,Y6087651,,,,0,30.0,0,0
75,14,8,9,23,Y6087652,,,,0,30.0,0,0
75,14,8,9,24,Y6087653,,,,0,30.0,0,0
75,14,8,9,25,Y6087654,,,,0,30.0,0,0
75,14,8,9,26,Y6087655,,,,0,30.0,0,0
75,14,8,9,27,Y6087656,,,,0,30.0,0,0
75,14,8,9,28,Y6087657,,,,0,30.0,0,0
75,14,8,9,29,Y6087658,,,,0,30.0,0,0
75,14,8,9,30,Y6087659,,,,0,30.0,0,0
75,14,8,10,10,Y6087660,,,,0,30.0,0,0
75,14,8,10,11,Y6087661,,,,0,30.0,0,0
75,14,8,10,12,Y6087662,,,,0,30.0,0,0
75,14,8,10,13,Y6087663,,,,0,30.0,0,0
75,14,8,10,14,Y6087664,,,,0,30.0,0,0
75,14,8,10,15,Y6087665,,,,0,30.0,0,0
75,14,8,10,16,Y6087666,,,,0,30.0,0,0
75,14,8,10,17,Y6087667,,,,0,30.0,0,2
75,14,8,10,18,Y6087668,,,,0,30.0,0,2
75,14,8,10,19,Y6087669,,,,0,30.0,0,2
75,14,8,10,20,Y6087670,,,,0,30.0,0,0
75,14,8,10,21,Y6087671,,,,0,30.0,0,0
75,14,8,10,22,Y6087672,,,,0,30.0,0,0
75,14,8,10,23,Y6087673,,,,0,30.0,0,0
75,14,8,10,24,Y6087674,,,,0,30.0,0,0
75,14,8,10,25,Y6087675,,,,0,30.0,0,0
75,14,8,10,26,Y6087676,,,,0,30.0,0,0
75,14,8,10,27,Y6087677,,,,0,30.0,0,0
75,14,8,10,28,Y6087678,,,,0,30.0,0,0
75,14,8,10,29,Y6087679,,,,0,30.0,0,0
75,14,8,10,30,Y6087680,,,,0,30.0,0,0
75,14,8,11,10,Y6087681,,,,0,30.0,0,0
75,14,8,11,11,Y6087682,,,,0,30.0,0,0
75,14,8,11,12,Y6087683,,,,0,30.0,0,0
75,14,8,11,13,Y6087684,,,,0,30.0,0,0
75,14,8,11,14,Y6087685,,,,0,30.0,0,0
75,14,8,11,15,Y6087686,,,,0,30.0,0,0
75,14,8,11,16,Y6087687,,,,0,30.0,0,0
75,14,8,11,17,Y6087688,,,,0,30.0,0,2
75,14,8,11,18,Y6087689,,,,0,30.0,0,2
75,14,8,11,19,Y6087690,,,,0,30.0,0,2
75,14,8,11,20,Y6087691,,,,0,30.0,0,0
75,14,8,11,21,Y6087692,,,,0,30.0,0,0
75,14,8,11,22,Y6087693,,,,0,30.0,0,0
75,14,8,11,23,Y6087694,,,,0,30.0,0,0
75,14,8,11,24,Y6087695,,,,0,30.0,0,0
75,14,8,11,25,Y6087696,,,,0,30.0,0,0
75,14,8,11,26,Y6087697,,,,0,30.0,0,0
75,14,8,11,27,Y6087698,,,,0,30.0,0,0
75,14,8,11,28,Y6087699,,,,0,30.0,0,0
75,14,8,11,29,Y6087700,,,,0,30.0,0,0
75,14,8,11,30,Y6087701,,,,0,30.0,0,0
75,14,8,12,10,Y6087702,,,,0,30.0,0,0
75,14,8,12,11,Y6087703,,,,0,30.0,0,0
75,14,8,12,12,Y6087704,,,,0,30.0,0,0
75,14,8,12,13,Y6087705,,,,0,30.0,0,0
75,14,8,12,14,Y6087706,,,,0,30.0,0,0
75,14,8,12,15,Y6087707,,,,0,30.0,0,0
75,14,8,12,16,Y6087708,,,,0,30.0,0,0
75,14,8,12,17,Y6087709,,,,0,30.0,0,2
75,14,8,12,18,Y6087710,,,,0,30.0,0,2
75,14,8,12,19,Y6087711,,,,0,30.0,0,2
75,14,8,12,20,Y6087712,,,,0,30.0,0,0
75,14,8,12,21,Y6087713,,,,0,30.0,0,0
75,14,8,12,22,Y6087714,,,,0,30.0,0,0
75,14,8,12,23,Y6087715,,,,0,30.0,0,0
75,14,8,12,24,Y6087716,,,,0,30.0,0,0
75,14,8,12,25,Y6087717,,,,0,30.0,0,0
75,14,8,12,26,Y6087718,,,,0,30.0,0,0
75,14,8,12,27,Y6087719,,,,0,30.0,0,0
75,14,8,12,28,Y6087720,,,,0,30.0,0,0
75,14,8,12,29,Y6087721,,,,0,30.0,0,0
75,14,8,12,30,Y6087722,,,,0,30.0,0,0
75,14,9,1,10,Y6087723,,,,0,30.0,0,0
75,14,9,1,11,Y6087724,,,,0,30.0,0,0
75,14,9,1,12,Y6087725,,,,0,30.0,0,0
75,14,9,1,13,Y6087726,,,,0,30.0,0,0
75,14,9,1,14,Y6087727,,,,0,30.0,0,0
75,14,9,1,15,Y6087728,,,,0,30.0,0,0
75,14,9,1,16,Y6087729,,,,0,30.0,0,0
75,14,9,1,17,Y6087730,,,,0,30.0,0,0
75,14,9,1,18,Y6087731,,,,0,30.0,0,0
75,14,9,1,19,Y6087732,,,,0,30.0,0,0
75,14,9,1,20,Y6087733,,,,0,30.0,0,0
75,14,9,1,21,Y6087734,,,,0,30.0,0,0
75,14,9,1,22,Y6087735,,,,0,30.0,0,0
75,14,9,1,23,Y6087736,,,,0,30.0,0,0
75,14,9,1,24,Y6087737,,,,0,30.0,0,0
75,14,9,1,25,Y6087738,,,,0,30.0,0,0
75,14,9,1,26,Y6087739,,,,0,30.0,0,0
75,14,9,1,27,Y6087740,,,,0,30.0,0,0
75,14,9,1,28,Y6087741,,,,0,30.0,0,0
75,14,9,1,29,Y6087742,,,,0,30.0,0,0
75,14,9,1,30,Y6087743,,,,0,30.0,0,0
75,14,9,2,10,Y6087744,,,,0,30.0,0,0
75,14,9,2,11,Y6087745,,,,0,30.0,0,0
75,14,9,2,12,Y6087746,,,,0,30.0,0,0
75,14,9,2,13,Y6087747,,,,0,30.0,0,0
75,14,9,2,14,Y6087748,,,,0,30.0,0,0
75,14,9,2,15,Y6087749,,,,0,30.0,0,0
75,14,9,2,16,Y6087750,,,,0,30.0,0,0
75,14,9,2,17,Y6087751,,,,0,30.0,0,0
75,14,9,2,18,Y6087752,,,,0,30.0,0,0
75,14,9,2,19,Y6087753,,,,0,30.0,0,0
75,14,9,2,20,Y6087754,,,,0,30.0,0,0
75,14,9,2,21,Y6087755,,,,0,30.0,0,0
75,14,9,2,22,Y6087756,,,,0,30.0,0,0
75,14,9,2,23,Y6087757,,,,0,30.0,0,0
75,14,9,2,24,Y6087758,,,,0,30.0,0,0
75,14,9,2,25,Y6087759,,,,0,30.0,0,0
75,14,9,2,26,Y6087760,,,,0,30.0,0,0
75,14,9,2,27,Y6087761,,,,0,30.0,0,0
75,14,9,2,28,Y6087762,,,,0,30.0,0,0
75,14,9,2,29,Y6087763,,,,0,30.0,0,0
75,14,9,2,30,Y6087764,,,,0,30.0,0,0
75,14,9,3,10,Y6087765,,,,0,30.0,0,0
75,14,9,3,11,Y6087766,,,,0,30.0,0,0
75,14,9,3,12,Y6087767,,,,0,30.0,0,0
75,14,9,3,13,Y6087768,,,,0,30.0,0,0
75,14,9,3,14,Y6087769,,,,0,30.0,0,0
75,14,9,3,15,Y6087770,,,,0,30.0,0,0
75,14,9,3,16,Y6087771,,,,0,30.0,0,0
75,14,9,3,17,Y6087772,,,,0,30.0,0,0
75,14,9,3,18,Y6087773,,,,0,30.0,0,0
75,14,9,3,19,Y6087774,,,,0,30.0,0,0
75,14,9,3,20,Y6087775,,,,0,30.0,0,0
75,14,9,3,21,Y6087776,,,,0,30.0,0,0
75,14,9,3,22,Y6087777,,,,0,30.0,0,0
75,14,9,3,23,Y6087778,,,,0,30.0,0,0
75,14,9,3,24,Y6087779,,,,0,30.0,0,0
75,14,9,3,25,Y6087780,,,,0,30.0,0,0
75,14,9,3,26,Y6087781,,,,0,30.0,0,0
75,14,9,3,27,Y6087782,,,,0,30.0,0,0
75,14,9,3,28,Y6087783,,,,0,30.0,0,0
75,14,9,3,29,Y6087784,,,,0,30.0,0,0
75,14,9,3,30,Y6087785,,,,0,30.0,0,0
75,14,9,4,10,Y6087786,,,,0,30.0,0,0
75,14,9,4,11,Y6087787,,,,0,30.0,0,0
75,14,9,4,12,Y6087788,,,,0,30.0,0,0
75,14,9,4,13,Y6087789,,,,0,30.0,0,0
75,14,9,4,14,Y6087790,,,,0,30.0,0,0
75,14,9,4,15,Y6087791,,,,0,30.0,0,0
75,14,9,4,16,Y6087792,,,,0,30.0,0,0
75,14,9,4,17,Y6087793,,,,0,30.0,0,0
75,14,9,4,18,Y6087794,,,,0,30.0,0,0
75,14,9,4,19,Y6087795,,,,0,30.0,0,0
75,14,9,4,20,Y6087796,,,,0,30.0,0,0
75,14,9,4,21,Y6087797,,,,0,30.0,0,0
75,14,9,4,22,Y6087798,,,,0,30.0,0,0
75,14,9,4,23,Y6087799,,,,0,30.0,0,0
75,14,9,4,24,Y6087800,,,,0,30.0,0,0
75,14,9,4,25,Y6087801,,,,0,30.0,0,0
75,14,9,4,26,Y6087802,,,,0,30.0,0,0
75,14,9,4,27,Y6087803,,,,0,30.0,0,0
75,14,9,4,28,Y6087804,,,,0,30.0,0,0
75,14,9,4,29,Y6087805,,,,0,30.0,0,0
75,14,9,4,30,Y6087806,,,,0,30.0,0,0
75,14,9,5,10,Y6087807,,,,0,30.0,0,0
75,14,9,5,11,Y6087808,,,,0,30.0,0,0
75,14,9,5,12,Y6087809,,,,0,30.0,0,0
75,14,9,5,13,Y6087810,,,,0,30.0,0,0
75,14,9,5,14,Y6087811,,,,0,30.0,0,0
75,14,9,5,15,Y6087812,,,,0,30.0,0,0
75,14,9,5,16,Y6087813,,,,0,30.0,0,0
75,14,9,5,17,Y6087814,,,,0,30.0,0,0
75,14,9,5,18,Y6087815,,,,0,30.0,0,0
75,14,9,5,19,Y6087816,,,,0,30.0,0,0
75,14,9,5,20,Y6087817,,,,0,30.0,0,0
75,14,9,5,21,Y6087818,,,,0,30.0,0,0
75,14,9,5,22,Y6087819,,,,0,30.0,0,0
75,14,9,5,23,Y6087820,,,,0,30.0,0,0
75,14,9,5,24,Y6087821,,,,0,30.0,0,0
75,14,9,5,25,Y6087822,,,,0,30.0,0,0
75,14,9,5,26,Y6087823,,,,0,30.0,0,0
75,14,9,5,27,Y6087824,,,,0,30.0,0,0
75,14,9,5,28,Y6087825,,,,0,30.0,0,0
75,14,9,5,29,Y6087826,,,,0,30.0,0,0
75,14,9,5,30,Y6087827,,,,0,30.0,0,0
75,14,9,6,10,Y6087828,,,,0,30.0,0,0
75,14,9,6,11,Y6087829,,,,0,30.0,0,0
75,14,9,6,12,Y6087830,,,,0,30.0,0,0
75,14,9,6,13,Y6087831,,,,0,30.0,0,0
75,14,9,6,14,Y6087832,,,,0,30.0,0,0
75,14,9,6,15,Y6087833,,,,0,30.0,0,0
75,14,9,6,16,Y6087834,,,,0,30.0,0,0
75,14,9,6,17,Y6087835,,,,0,30.0,0,0
75,14,9,6,18,Y6087836,,,,0,30.0,0,0
75,14,9,6,19,Y6087837,,,,0,30.0,0,0
75,14,9,6,20,Y6087838,,,,0,30.0,0,0
75,14,9,6,21,Y6087839,,,,0,30.0,0,0
75,14,9,6,22,Y6087840,,,,0,30.0,0,0
75,14,9,6,23,Y6087841,,,,0,30.0,0,0
75,14,9,6,24,Y6087842,,,,0,30.0,0,0
75,14,9,6,25,Y6087843,,,,0,30.0,0,0
75,14,9,6,26,Y6087844,,,,0,30.0,0,0
75,14,9,6,27,Y6087845,,,,0,30.0,0,0
75,14,9,6,28,Y6087846,,,,0,30.0,0,0
75,14,9,6,29,Y6087847,,,,0,30.0,0,0
75,14,9,6,30,Y6087848,,,,0,30.0,0,0
75,14,9,7,10,Y6087849,,,,0,30.0,0,0
75,14,9,7,11,Y6087850,,,,0,30.0,0,0
75,14,9,7,12,Y6087851,,,,0,30.0,0,0
75,14,9,7,13,Y6087852,,,,0,30.0,0,0
75,14,9,7,14,Y6087853,,,,0,30.0,0,0
75,14,9,7,15,Y6087854,,,,0,30.0,0,0
75,14,9,7,16,Y6087855,,,,0,30.0,0,0
75,14,9,7,17,Y6087856,,,,0,30.0,0,0
75,14,9,7,18,Y6087857,,,,0,30.0,0,0
75,14,9,7,19,Y6087858,,,,0,30.0,0,0
75,14,9,7,20,Y6087859,,,,0,30.0,0,0
75,14,9,7,21,Y6087860,,,,0,30.0,0,0
75,14,9,7,22,Y6087861,,,,0,30.0,0,0
75,14,9,7,23,Y6087862,,,,0,30.0,0,0
75,14,9,7,24,Y6087863,,,,0,30.0,0,0
75,14,9,7,25,Y6087864,,,,0,30.0,0,0
75,14,9,7,26,Y6087865,,,,0,30.0,0,0
75,14,9,7,27,Y6087866,,,,0,30.0,0,0
75,14,9,7,28,Y6087867,,,,0,30.0,0,0
75,14,9,7,29,Y6087868,,,,0,30.0,0,0
75,14,9,7,30,Y6087869,,,,0,30.0,0,0
75,14,9,8,10,Y6087870,,,,0,30.0,0,0
75,14,9,8,11,Y6087871,,,,0,30.0,0,0
75,14,9,8,12,Y6087872,,,,0,30.0,0,0
75,14,9,8,13,Y6087873,,,,0,30.0,0,0
75,14,9,8,14,Y6087874,,,,0,30.0,0,0
75,14,9,8,15,Y6087875,,,,0,30.0,0,0
75,14,9,8,16,Y6087876,,,,0,30.0,0,0
75,14,9,8,17,Y6087877,,,,0,30.0,0,0
75,14,9,8,18,Y6087878,,,,0,30.0,0,0
75,14,9,8,19,Y6087879,,,,0,30.0,0,0
75,14,9,8,20,Y6087880,,,,0,30.0,0,0
75,14,9,8,21,Y6087881,,,,0,30.0,0,0
75,14,9,8,22,Y6087882,,,,0,30.0,0,0
75,14,9,8,23,Y6087883,,,,0,30.0,0,0
75,14,9,8,24,Y6087884,,,,0,30.0,0,0
75,14,9,8,25,Y6087885,,,,0,30.0,0,0
75,14,9,8,26,Y6087886,,,,0,30.0,0,0
75,14,9,8,27,Y6087887,,,,0,30.0,0,0
75,14,9,8,28,Y6087888,,,,0,30.0,0,0
75,14,9,8,29,Y6087889,,,,0,30.0,0,0
75,14,9,8,30,Y6087890,,,,0,30.0,0,0
75,14,9,9,10,Y6087891,,,,0,30.0,0,0
75,14,9,9,11,Y6087892,,,,0,30.0,0,0
75,14,9,9,12,Y6087893,,,,0,30.0,0,0
75,14,9,9,13,Y6087894,,,,0,30.0,0,0
75,14,9,9,14,Y6087895,,,,0,30.0,0,0
75,14,9,9,15,Y6087896,,,,0,30.0,0,0
75,14,9,9,16,Y6087897,,,,0,30.0,0,0
75,14,9,9,17,Y6087898,,,,0,30.0,0,0
75,14,9,9,18,Y6087899,,,,0,30.0,0,0
75,14,9,9,19,Y6087900,,,,0,30.0,0,0
75,14,9,9,20,Y6087901,,,,0,30.0,0,0
75,14,9,9,21,Y6087902,,,,0,30.0,0,0
75,14,9,9,22,Y6087903,,,,0,30.0,0,0
75,14,9,9,23,Y6087904,,,,0,30.0,0,0
75,14,9,9,24,Y6087905,,,,0,30.0,0,0
75,14,9,9,25,Y6087906,,,,0,30.0,0,0
75,14,9,9,26,Y6087907,,,,0,30.0,0,0
75,14,9,9,27,Y6087908,,,,0,30.0,0,0
75,14,9,9,28,Y6087909,,,,0,30.0,0,0
75,14,9,9,29,Y6087910,,,,0,30.0,0,0
75,14,9,9,30,Y6087911,,,,0,30.0,0,0
75,14,9,10,10,Y6087912,,,,0,30.0,0,0
75,14,9,10,11,Y6087913,,,,0,30.0,0,0
75,14,9,10,12,Y6087914,,,,0,30.0,0,0
75,14,9,10,13,Y6087915,,,,0,30.0,0,0
75,14,9,10,14,Y6087916,,,,0,30.0,0,0
75,14,9,10,15,Y6087917,,,,0,30.0,0,0
75,14,9,10,16,Y6087918,,,,0,30.0,0,0
75,14,9,10,17,Y6087919,,,,0,30.0,0,0
75,14,9,10,18,Y6087920,,,,0,30.0,0,0
75,14,9,10,19,Y6087921,,,,0,30.0,0,0
75,14,9,10,20,Y6087922,,,,0,30.0,0,0
75,14,9,10,21,Y6087923,,,,0,30.0,0,0
75,14,9,10,22,Y6087924,,,,0,30.0,0,0
75,14,9,10,23,Y6087925,,,,0,30.0,0,0
75,14,9,10,24,Y6087926,,,,0,30.0,0,0
75,14,9,10,25,Y6087927,,,,0,30.0,0,0
75,14,9,10,26,Y6087928,,,,0,30.0,0,0
75,14,9,10,27,Y6087929,,,,0,30.0,0,0
75,14,9,10,28,Y6087930,,,,0,30.0,0,0
75,14,9,10,29,Y6087931,,,,0,30.0,0,0
75,14,9,10,30,Y6087932,,,,0,30.0,0,0
75,14,9,11,10,Y6087933,,,,0,30.0,0,0
75,14,9,11,11,Y6087934,,,,0,30.0,0,0
75,14,9,11,12,Y6087935,,,,0,30.0,0,0
75,14,9,11,13,Y6087936,,,,0,30.0,0,0
75,14,9,11,14,Y6087937,,,,0,30.0,0,0
75,14,9,11,15,Y6087938,,,,0,30.0,0,0
75,14,9,11,16,Y6087939,,,,0,30.0,0,0
75,14,9,11,17,Y6087940,,,,0,30.0,0,0
75,14,9,11,18,Y6087941,,,,0,30.0,0,0
75,14,9,11,19,Y6087942,,,,0,30.0,0,0
75,14,9,11,20,Y6087943,,,,0,30.0,0,0
75,14,9,11,21,Y6087944,,,,0,30.0,0,0
75,14,9,11,22,Y6087945,,,,0,30.0,0,0
75,14,9,11,23,Y6087946,,,,0,30.0,0,0
75,14,9,11,24,Y6087947,,,,0,30.0,0,0
75,14,9,11,25,Y6087948,,,,0,30.0,0,0
75,14,9,11,26,Y6087949,,,,0,30.0,0,0
75,14,9,11,27,Y6087950,,,,0,30.0,0,0
75,14,9,11,28,Y6087951,,,,0,30.0,0,0
75,14,9,11,29,Y6087952,,,,0,30.0,0,0
75,14,9,11,30,Y6087953,,,,0,30.0,0,0
75,14,9,12,10,Y6087954,,,,0,30.0,0,0
75,14,9,12,11,Y6087955,,,,0,30.0,0,0
75,14,9,12,12,Y6087956,,,,0,30.0,0,0
75,14,9,12,13,Y6087957,,,,0,30.0,0,0
75,14,9,12,14,Y6087958,,,,0,30.0,0,0
75,14,9,12,15,Y6087959,,,,0,30.0,0,0
75,14,9,12,16,Y6087960,,,,0,30.0,0,0
75,14,9,12,17,Y6087961,,,,0,30.0,0,0
75,14,9,12,18,Y6087962,,,,0,30.0,0,0
75,14,9,12,19,Y6087963,,,,0,30.0,0,0
75,14,9,12,20,Y6087964,,,,0,30.0,0,0
75,14,9,12,21,Y6087965,,,,0,30.0,0,0
75,14,9,12,22,Y6087966,,,,0,30.0,0,0
75,14,9,12,23,Y6087967,,,,0,30.0,0,0
75,14,9,12,24,Y6087968,,,,0,30.0,0,0
75,14,9,12,25,Y6087969,,,,0,30.0,0,0
75,14,9,12,26,Y6087970,,,,0,30.0,0,0
75,14,9,12,27,Y6087971,,,,0,30.0,0,0
75,14,9,12,28,Y6087972,,,,0,30.0,0,0
75,14,9,12,29,Y6087973,,,,0,30.0,0,0
75,14,9,12,30,Y6087974,,,,0,30.0,0,0
75,14,10,1,10,Y6087975,,,,0,30.0,0,0
75,14,10,1,11,Y6087976,,,,0,30.0,0,0
75,14,10,1,12,Y6087977,,,,0,30.0,0,0
75,14,10,1,13,Y6087978,,,,0,30.0,0,0
75,14,10,1,14,Y6087979,,,,0,30.0,0,0
75,14,10,1,15,Y6087980,,,,0,30.0,0,0
75,14,10,1,16,Y6087981,,,,0,30.0,0,0
75,14,10,1,17,Y6087982,,,,0,30.0,0,0
75,14,10,1,18,Y6087983,,,,0,30.0,0,0
75,14,10,1,19,Y6087984,,,,0,30.0,0,0
75,14,10,1,20,Y6087985,,,,0,30.0,0,0
75,14,10,1,21,Y6087986,,,,0,30.0,0,0
75,14,10,1,22,Y6087987,,,,0,30.0,0,0
75,14,10,1,23,Y6087988,,,,0,30.0,0,0
75,14,10,1,24,Y6087989,,,,0,30.0,0,0
75,14,10,1,25,Y6087990,,,,0,30.0,0,0
75,14,10,1,26,Y6087991,,,,0,30.0,0,0
75,14,10,1,27,Y6087992,,,,0,30.0,0,0
75,14,10,1,28,Y6087993,,,,0,30.0,0,0
75,14,10,1,29,Y6087994,,,,0,30.0,0,0
75,14,10,1,30,Y6087995,,,,0,30.0,0,0
75,14,10,2,10,Y6087996,,,,0,30.0,0,0
75,14,10,2,11,Y6087997,,,,0,30.0,0,0
75,14,10,2,12,Y6087998,,,,0,30.0,0,0
75,14,10,2,13,Y6087999,,,,0,30.0,0,0
75,14,10,2,14,Y6088000,,,,0,30.0,0,0
75,14,10,2,15,Y6088001,,,,0,30.0,0,0
75,14,10,2,16,Y6088002,,,,0,30.0,0,0
75,14,10,2,17,Y6088003,,,,0,30.0,0,0
75,14,10,2,18,Y6088004,,,,0,30.0,0,0
75,14,10,2,19,Y6088005,,,,0,30.0,0,0
75,14,10,2,20,Y6088006,,,,0,30.0,0,0
75,14,10,2,21,Y6088007,,,,0,30.0,0,0
75,14,10,2,22,Y6088008,,,,0,30.0,0,0
75,14,10,2,23,Y6088009,,,,0,30.0,0,0
75,14,10,2,24,Y6088010,,,,0,30.0,0,0
75,14,10,2,25,Y6088011,,,,0,30.0,0,0
75,14,10,2,26,Y6088012,,,,0,30.0,0,0
75,14,10,2,27,Y6088013,,,,0,30.0,0,0
75,14,10,2,28,Y6088014,,,,0,30.0,0,0
75,14,10,2,29,Y6088015,,,,0,30.0,0,0
75,14,10,2,30,Y6088016,,,,0,30.0,0,0
75,14,10,3,10,Y6088017,,,,0,30.0,0,0
75,14,10,3,11,Y6088018,,,,0,30.0,0,0
75,14,10,3,12,Y6088019,,,,0,30.0,0,0
75,14,10,3,13,Y6088020,,,,0,30.0,0,0
75,14,10,3,14,Y6088021,,,,0,30.0,0,0
75,14,10,3,15,Y6088022,,,,0,30.0,0,0
75,14,10,3,16,Y6088023,,,,0,30.0,0,0
75,14,10,3,17,Y6088024,,,,0,30.0,0,0
75,14,10,3,18,Y6088025,,,,0,30.0,0,0
75,14,10,3,19,Y6088026,,,,0,30.0,0,0
75,14,10,3,20,Y6088027,,,,0,30.0,0,0
75,14,10,3,21,Y6088028,,,,0,30.0,0,0
75,14,10,3,22,Y6088029,,,,0,30.0,0,0
75,14,10,3,23,Y6088030,,,,0,30.0,0,0
75,14,10,3,24,Y6088031,,,,0,30.0,0,0
75,14,10,3,25,Y6088032,,,,0,30.0,0,0
75,14,10,3,26,Y6088033,,,,0,30.0,0,0
75,14,10,3,27,Y6088034,,,,0,30.0,0,0
75,14,10,3,28,Y6088035,,,,0,30.0,0,0
75,14,10,3,29,Y6088036,,,,0,30.0,0,0
75,14,10,3,30,Y6088037,,,,0,30.0,0,0
75,14,10,4,10,Y6088038,,,,0,30.0,0,0
75,14,10,4,11,Y6088039,,,,0,30.0,0,0
75,14,10,4,12,Y6088040,,,,0,30.0,0,0
75,14,10,4,13,Y6088041,,,,0,30.0,0,0
75,14,10,4,14,Y6088042,,,,0,30.0,0,0
75,14,10,4,15,Y6088043,,,,0,30.0,0,0
75,14,10,4,16,Y6088044,,,,0,30.0,0,0
75,14,10,4,17,Y6088045,,,,0,30.0,0,0
75,14,10,4,18,Y6088046,,,,0,30.0,0,0
75,14,10,4,19,Y6088047,,,,0,30.0,0,0
75,14,10,4,20,Y6088048,,,,0,30.0,0,0
75,14,10,4,21,Y6088049,,,,0,30.0,0,0
75,14,10,4,22,Y6088050,,,,0,30.0,0,0
75,14,10,4,23,Y6088051,,,,0,30.0,0,0
75,14,10,4,24,Y6088052,,,,0,30.0,0,0
75,14,10,4,25,Y6088053,,,,0,30.0,0,0
75,14,10,4,26,Y6088054,,,,0,30.0,0,0
75,14,10,4,27,Y6088055,,,,0,30.0,0,0
75,14,10,4,28,Y6088056,,,,0,30.0,0,0
75,14,10,4,29,Y6088057,,,,0,30.0,0,0
75,14,10,4,30,Y6088058,,,,0,30.0,0,0
75,14,10,5,10,Y6088059,,,,0,30.0,0,0
75,14,10,5,11,Y6088060,,,,0,30.0,0,0
75,14,10,5,12,Y6088061,,,,0,30.0,0,0
75,14,10,5,13,Y6088062,,,,0,30.0,0,0
75,14,10,5,14,Y6088063,,,,0,30.0,0,0
75,14,10,5,15,Y6088064,,,,0,30.0,0,0
75,14,10,5,16,Y6088065,,,,0,30.0,0,0
75,14,10,5,17,Y6088066,,,,0,30.0,0,0
75,14,10,5,18,Y6088067,,,,0,30.0,0,0
75,14,10,5,19,Y6088068,,,,0,30.0,0,0
75,14,10,5,20,Y6088069,,,,0,30.0,0,0
75,14,10,5,21,Y6088070,,,,0,30.0,0,0
75,14,10,5,22,Y6088071,,,,0,30.0,0,0
75,14,10,5,23,Y6088072,,,,0,30.0,0,0
75,14,10,5,24,Y6088073,,,,0,30.0,0,0
75,14,10,5,25,Y6088074,,,,0,30.0,0,0
75,14,10,5,26,Y6088075,,,,0,30.0,0,0
75,14,10,5,27,Y6088076,,,,0,30.0,0,0
75,14,10,5,28,Y6088077,,,,0,30.0,0,0
75,14,10,5,29,Y6088078,,,,0,30.0,0,0
75,14,10,5,30,Y6088079,,,,0,30.0,0,0
75,14,10,6,10,Y6088080,,,,0,30.0,0,0
75,14,10,6,11,Y6088081,,,,0,30.0,0,0
75,14,10,6,12,Y6088082,,,,0,30.0,0,0
75,14,10,6,13,Y6088083,,,,0,30.0,0,0
75,14,10,6,14,Y6088084,,,,0,30.0,0,0
75,14,10,6,15,Y6088085,,,,0,30.0,0,0
75,14,10,6,16,Y6088086,,,,0,30.0,0,0
75,14,10,6,17,Y6088087,,,,0,30.0,0,0
75,14,10,6,18,Y6088088,,,,0,30.0,0,0
75,14,10,6,19,Y6088089,,,,0,30.0,0,0
75,14,10,6,20,Y6088090,,,,0,30.0,0,0
75,14,10,6,21,Y6088091,,,,0,30.0,0,0
75,14,10,6,22,Y6088092,,,,0,30.0,0,0
75,14,10,6,23,Y6088093,,,,0,30.0,0,0
75,14,10,6,24,Y6088094,,,,0,30.0,0,0
75,14,10,6,25,Y6088095,,,,0,30.0,0,0
75,14,10,6,26,Y6088096,,,,0,30.0,0,0
75,14,10,6,27,Y6088097,,,,0,30.0,0,0
75,14,10,6,28,Y6088098,,,,0,30.0,0,0
75,14,10,6,29,Y6088099,,,,0,30.0,0,0
75,14,10,6,30,Y6088100,,,,0,30.0,0,0
75,14,10,7,10,Y6088101,,,,0,30.0,0,0
75,14,10,7,11,Y6088102,,,,0,30.0,0,0
75,14,10,7,12,Y6088103,,,,0,30.0,0,0
75,14,10,7,13,Y6088104,,,,0,30.0,0,0
75,14,10,7,14,Y6088105,,,,0,30.0,0,0
75,14,10,7,15,Y6088106,,,,0,30.0,0,0
75,14,10,7,16,Y6088107,,,,0,30.0,0,0
75,14,10,7,17,Y6088108,,,,0,30.0,0,0
75,14,10,7,18,Y6088109,,,,0,30.0,0,0
75,14,10,7,19,Y6088110,,,,0,30.0,0,0
75,14,10,7,20,Y6088111,,,,0,30.0,0,0
75,14,10,7,21,Y6088112,,,,0,30.0,0,0
75,14,10,7,22,Y6088113,,,,0,30.0,0,0
75,14,10,7,23,Y6088114,,,,0,30.0,0,0
75,14,10,7,24,Y6088115,,,,0,30.0,0,0
75,14,10,7,25,Y6088116,,,,0,30.0,0,0
75,14,10,7,26,Y6088117,,,,0,30.0,0,0
75,14,10,7,27,Y6088118,,,,0,30.0,0,0
75,14,10,7,28,Y6088119,,,,0,30.0,0,0
75,14,10,7,29,Y6088120,,,,0,30.0,0,0
75,14,10,7,30,Y6088121,,,,0,30.0,0,0
75,14,10,8,10,Y6088122,,,,0,30.0,0,0
75,14,10,8,11,Y6088123,,,,0,30.0,0,0
75,14,10,8,12,Y6088124,,,,0,30.0,0,0
75,14,10,8,13,Y6088125,,,,0,30.0,0,0
75,14,10,8,14,Y6088126,,,,0,30.0,0,0
75,14,10,8,15,Y6088127,,,,0,30.0,0,0
75,14,10,8,16,Y6088128,,,,0,30.0,0,0
75,14,10,8,17,Y6088129,,,,0,30.0,0,0
75,14,10,8,18,Y6088130,,,,0,30.0,0,0
75,14,10,8,19,Y6088131,,,,0,30.0,0,0
75,14,10,8,20,Y6088132,,,,0,30.0,0,0
75,14,10,8,21,Y6088133,,,,0,30.0,0,0
75,14,10,8,22,Y6088134,,,,0,30.0,0,0
75,14,10,8,23,Y6088135,,,,0,30.0,0,0
75,14,10,8,24,Y6088136,,,,0,30.0,0,0
75,14,10,8,25,Y6088137,,,,0,30.0,0,0
75,14,10,8,26,Y6088138,,,,0,30.0,0,0
75,14,10,8,27,Y6088139,,,,0,30.0,0,0
75,14,10,8,28,Y6088140,,,,0,30.0,0,0
75,14,10,8,29,Y6088141,,,,0,30.0,0,0
75,14,10,8,30,Y6088142,,,,0,30.0,0,0
75,14,10,9,10,Y6088143,,,,0,30.0,0,0
75,14,10,9,11,Y6088144,,,,0,30.0,0,0
75,14,10,9,12,Y6088145,,,,0,30.0,0,0
75,14,10,9,13,Y6088146,,,,0,30.0,0,0
75,14,10,9,14,Y6088147,,,,0,30.0,0,0
75,14,10,9,15,Y6088148,,,,0,30.0,0,0
75,14,10,9,16,Y6088149,,,,0,30.0,0,0
75,14,10,9,17,Y6088150,,,,0,30.0,0,0
75,14,10,9,18,Y6088151,,,,0,30.0,0,0
75,14,10,9,19,Y6088152,,,,0,30.0,0,0
75,14,10,9,20,Y6088153,,,,0,30.0,0,0
75,14,10,9,21,Y6088154,,,,0,30.0,0,0
75,14,10,9,22,Y6088155,,,,0,30.0,0,0
75,14,10,9,23,Y6088156,,,,0,30.0,0,0
75,14,10,9,24,Y6088157,,,,0,30.0,0,0
75,14,10,9,25,Y6088158,,,,0,30.0,0,0
75,14,10,9,26,Y6088159,,,,0,30.0,0,0
75,14,10,9,27,Y6088160,,,,0,30.0,0,0
75,14,10,9,28,Y6088161,,,,0,30.0,0,0
75,14,10,9,29,Y6088162,,,,0,30.0,0,0
75,14,10,9,30,Y6088163,,,,0,30.0,0,0
75,14,10,10,10,Y6088164,,,,0,30.0,0,0
75,14,10,10,11,Y6088165,,,,0,30.0,0,0
75,14,10,10,12,Y6088166,,,,0,30.0,0,0
75,14,10,10,13,Y6088167,,,,0,30.0,0,0
75,14,10,10,14,Y6088168,,,,0,30.0,0,0
75,14,10,10,15,Y6088169,,,,0,30.0,0,0
75,14,10,10,16,Y6088170,,,,0,30.0,0,0
75,14,10,10,17,Y6088171,,,,0,30.0,0,0
75,14,10,10,18,Y6088172,,,,0,30.0,0,0
75,14,10,10,19,Y6088173,,,,0,30.0,0,0
75,14,10,10,20,Y6088174,,,,0,30.0,0,0
75,14,10,10,21,Y6088175,,,,0,30.0,0,0
75,14,10,10,22,Y6088176,,,,0,30.0,0,0
75,14,10,10,23,Y6088177,,,,0,30.0,0,0
75,14,10,10,24,Y6088178,,,,0,30.0,0,0
75,14,10,10,25,Y6088179,,,,0,30.0,0,0
75,14,10,10,26,Y6088180,,,,0,30.0,0,0
75,14,10,10,27,Y6088181,,,,0,30.0,0,0
75,14,10,10,28,Y6088182,,,,0,30.0,0,0
75,14,10,10,29,Y6088183,,,,0,30.0,0,0
75,14,10,10,30,Y6088184,,,,0,30.0,0,0
75,14,10,11,10,Y6088185,,,,0,30.0,0,0
75,14,10,11,11,Y6088186,,,,0,30.0,0,0
75,14,10,11,12,Y6088187,,,,0,30.0,0,0
75,14,10,11,13,Y6088188,,,,0,30.0,0,0
75,14,10,11,14,Y6088189,,,,0,30.0,0,0
75,14,10,11,15,Y6088190,,,,0,30.0,0,0
75,14,10,11,16,Y6088191,,,,0,30.0,0,0
75,14,10,11,17,Y6088192,,,,0,30.0,0,0
75,14,10,11,18,Y6088193,,,,0,30.0,0,0
75,14,10,11,19,Y6088194,,,,0,30.0,0,0
75,14,10,11,20,Y6088195,,,,0,30.0,0,0
75,14,10,11,21,Y6088196,,,,0,30.0,0,0
75,14,10,11,22,Y6088197,,,,0,30.0,0,0
75,14,10,11,23,Y6088198,,,,0,30.0,0,0
75,14,10,11,24,Y6088199,,,,0,30.0,0,0
75,14,10,11,25,Y6088200,,,,0,30.0,0,0
75,14,10,11,26,Y6088201,,,,0,30.0,0,0
75,14,10,11,27,Y6088202,,,,0,30.0,0,0
75,14,10,11,28,Y6088203,,,,0,30.0,0,0
75,14,10,11,29,Y6088204,,,,0,30.0,0,0
75,14,10,11,30,Y6088205,,,,0,30.0,0,0
75,14,10,12,10,Y6088206,,,,0,30.0,0,0
75,14,10,12,11,Y6088207,,,,0,30.0,0,0
75,14,10,12,12,Y6088208,,,,0,30.0,0,0
75,14,10,12,13,Y6088209,,,,0,30.0,0,0
75,14,10,12,14,Y6088210,,,,0,30.0,0,0
75,14,10,12,15,Y6088211,,,,0,30.0,0,0
75,14,10,12,16,Y6088212,,,,0,30.0,0,0
75,14,10,12,17,Y6088213,,,,0,30.0,0,0
75,14,10,12,18,Y6088214,,,,0,30.0,0,0
75,14,10,12,19,Y6088215,,,,0,30.0,0,0
75,14,10,12,20,Y6088216,,,,0,30.0,0,0
75,14,10,12,21,Y6088217,,,,0,30.0,0,0
75,14,10,12,22,Y6088218,,,,0,30.0,0,0
75,14,10,12,23,Y6088219,,,,0,30.0,0,0
75,14,10,12,24,Y6088220,,,,0,30.0,0,0
75,14,10,12,25,Y6088221,,,,0,30.0,0,0
75,14,10,12,26,Y6088222,,,,0,30.0,0,0
75,14,10,12,27,Y6088223,,,,0,30.0,0,0
75,14,10,12,28,Y6088224,,,,0,30.0,0,0
75,14,10,12,29,Y6088225,,,,0,30.0,0,0
75,14,10,12,30,Y6088226,,,,0,30.0,0,0
75,14,11,1,10,Y6088227,,,,0,30.0,0,0
75,14,11,1,11,Y6088228,,,,0,30.0,0,0
75,14,11,1,12,Y6088229,,,,0,30.0,0,0
75,14,11,1,13,Y6088230,,,,0,30.0,0,0
75,14,11,1,14,Y6088231,,,,0,30.0,0,0
75,14,11,1,15,Y6088232,,,,0,30.0,0,0
75,14,11,1,16,Y6088233,,,,0,30.0,0,0
75,14,11,1,17,Y6088234,,,,0,30.0,0,0
75,14,11,1,18,Y6088235,,,,0,30.0,0,0
75,14,11,1,19,Y6088236,,,,0,30.0,0,0
75,14,11,1,20,Y6088237,,,,0,30.0,0,0
75,14,11,1,21,Y6088238,,,,0,30.0,0,0
75,14,11,1,22,Y6088239,,,,0,30.0,0,0
75,14,11,1,23,Y6088240,,,,0,30.0,0,0
75,14,11,1,24,Y6088241,,,,0,30.0,0,0
75,14,11,1,25,Y6088242,,,,0,30.0,0,0
75,14,11,1,26,Y6088243,,,,0,30.0,0,0
75,14,11,1,27,Y6088244,,,,0,30.0,0,0
75,14,11,1,28,Y6088245,,,,0,30.0,0,0
75,14,11,1,29,Y6088246,,,,0,30.0,0,0
75,14,11,1,30,Y6088247,,,,0,30.0,0,0
75,14,11,2,10,Y6088248,,,,0,30.0,0,0
75,14,11,2,11,Y6088249,,,,0,30.0,0,0
75,14,11,2,12,Y6088250,,,,0,30.0,0,0
75,14,11,2,13,Y6088251,,,,0,30.0,0,0
75,14,11,2,14,Y6088252,,,,0,30.0,0,0
75,14,11,2,15,Y6088253,,,,0,30.0,0,0
75,14,11,2,16,Y6088254,,,,0,30.0,0,0
75,14,11,2,17,Y6088255,,,,0,30.0,0,0
75,14,11,2,18,Y6088256,,,,0,30.0,0,0
75,14,11,2,19,Y6088257,,,,0,30.0,0,0
75,14,11,2,20,Y6088258,,,,0,30.0,0,0
75,14,11,2,21,Y6088259,,,,0,30.0,0,0
75,14,11,2,22,Y6088260,,,,0,30.0,0,0
75,14,11,2,23,Y6088261,,,,0,30.0,0,0
75,14,11,2,24,Y6088262,,,,0,30.0,0,0
75,14,11,2,25,Y6088263,,,,0,30.0,0,0
75,14,11,2,26,Y6088264,,,,0,30.0,0,0
75,14,11,2,27,Y6088265,,,,0,30.0,0,0
75,14,11,2,28,Y6088266,,,,0,30.0,0,0
75,14,11,2,29,Y6088267,,,,0,30.0,0,0
75,14,11,2,30,Y6088268,,,,0,30.0,0,0
75,14,11,3,10,Y6088269,,,,0,30.0,0,0
75,14,11,3,11,Y6088270,,,,0,30.0,0,0
75,14,11,3,12,Y6088271,,,,0,30.0,0,0
75,14,11,3,13,Y6088272,,,,0,30.0,0,0
75,14,11,3,14,Y6088273,,,,0,30.0,0,0
75,14,11,3,15,Y6088274,,,,0,30.0,0,0
75,14,11,3,16,Y6088275,,,,0,30.0,0,0
75,14,11,3,17,Y6088276,,,,0,30.0,0,0
75,14,11,3,18,Y6088277,,,,0,30.0,0,0
75,14,11,3,19,Y6088278,,,,0,30.0,0,0
75,14,11,3,20,Y6088279,,,,0,30.0,0,0
75,14,11,3,21,Y6088280,,,,0,30.0,0,0
75,14,11,3,22,Y6088281,,,,0,30.0,0,0
75,14,11,3,23,Y6088282,,,,0,30.0,0,0
75,14,11,3,24,Y6088283,,,,0,30.0,0,0
75,14,11,3,25,Y6088284,,,,0,30.0,0,0
75,14,11,3,26,Y6088285,,,,0,30.0,0,0
75,14,11,3,27,Y6088286,,,,0,30.0,0,0
75,14,11,3,28,Y6088287,,,,0,30.0,0,0
75,14,11,3,29,Y6088288,,,,0,30.0,0,0
75,14,11,3,30,Y6088289,,,,0,30.0,0,0
75,14,11,4,10,Y6088290,,,,0,30.0,0,0
75,14,11,4,11,Y6088291,,,,0,30.0,0,0
75,14,11,4,12,Y6088292,,,,0,30.0,0,0
75,14,11,4,13,Y6088293,,,,0,30.0,0,0
75,14,11,4,14,Y6088294,,,,0,30.0,0,0
75,14,11,4,15,Y6088295,,,,0,30.0,0,0
75,14,11,4,16,Y6088296,,,,0,30.0,0,0
75,14,11,4,17,Y6088297,,,,0,30.0,0,0
75,14,11,4,18,Y6088298,,,,0,30.0,0,0
75,14,11,4,19,Y6088299,,,,0,30.0,0,0
75,14,11,4,20,Y6088300,,,,0,30.0,0,0
75,14,11,4,21,Y6088301,,,,0,30.0,0,0
75,14,11,4,22,Y6088302,,,,0,30.0,0,0
75,14,11,4,23,Y6088303,,,,0,30.0,0,0
75,14,11,4,24,Y6088304,,,,0,30.0,0,0
75,14,11,4,25,Y6088305,,,,0,30.0,0,0
75,14,11,4,26,Y6088306,,,,0,30.0,0,0
75,14,11,4,27,Y6088307,,,,0,30.0,0,0
75,14,11,4,28,Y6088308,,,,0,30.0,0,0
75,14,11,4,29,Y6088309,,,,0,30.0,0,0
75,14,11,4,30,Y6088310,,,,0,30.0,0,0
75,14,11,5,10,Y6088311,,,,0,30.0,0,0
75,14,11,5,11,Y6088312,,,,0,30.0,0,0
75,14,11,5,12,Y6088313,,,,0,30.0,0,0
75,14,11,5,13,Y6088314,,,,0,30.0,0,0
75,14,11,5,14,Y6088315,,,,0,30.0,0,0
75,14,11,5,15,Y6088316,,,,0,30.0,0,0
75,14,11,5,16,Y6088317,,,,0,30.0,0,0
75,14,11,5,17,Y6088318,,,,0,30.0,0,0
75,14,11,5,18,Y6088319,,,,0,30.0,0,0
75,14,11,5,19,Y6088320,,,,0,30.0,0,0
75,14,11,5,20,Y6088321,,,,0,30.0,0,0
75,14,11,5,21,Y6088322,,,,0,30.0,0,0
75,14,11,5,22,Y6088323,,,,0,30.0,0,0
75,14,11,5,23,Y6088324,,,,0,30.0,0,0
75,14,11,5,24,Y6088325,,,,0,30.0,0,0
75,14,11,5,25,Y6088326,,,,0,30.0,0,0
75,14,11,5,26,Y6088327,,,,0,30.0,0,0
75,14,11,5,27,Y6088328,,,,0,30.0,0,0
75,14,11,5,28,Y6088329,,,,0,30.0,0,0
75,14,11,5,29,Y6088330,,,,0,30.0,0,0
75,14,11,5,30,Y6088331,,,,0,30.0,0,0
75,14,11,6,10,Y6088332,,,,0,30.0,0,0
75,14,11,6,11,Y6088333,,,,0,30.0,0,0
75,14,11,6,12,Y6088334,,,,0,30.0,0,0
75,14,11,6,13,Y6088335,,,,0,30.0,0,0
75,14,11,6,14,Y6088336,,,,0,30.0,0,0
75,14,11,6,15,Y6088337,,,,0,30.0,0,0
75,14,11,6,16,Y6088338,,,,0,30.0,0,0
75,14,11,6,17,Y6088339,,,,0,30.0,0,0
75,14,11,6,18,Y6088340,,,,0,30.0,0,0
75,14,11,6,19,Y6088341,,,,0,30.0,0,0
75,14,11,6,20,Y6088342,,,,0,30.0,0,0
75,14,11,6,21,Y6088343,,,,0,30.0,0,0
75,14,11,6,22,Y6088344,,,,0,30.0,0,0
75,14,11,6,23,Y6088345,,,,0,30.0,0,0
75,14,11,6,24,Y6088346,,,,0,30.0,0,0
75,14,11,6,25,Y6088347,,,,0,30.0,0,0
75,14,11,6,26,Y6088348,,,,0,30.0,0,0
75,14,11,6,27,Y6088349,,,,0,30.0,0,0
75,14,11,6,28,Y6088350,,,,0,30.0,0,0
75,14,11,6,29,Y6088351,,,,0,30.0,0,0
75,14,11,6,30,Y6088352,,,,0,30.0,0,0
75,14,11,7,10,Y6088353,,,,0,30.0,0,0
75,14,11,7,11,Y6088354,,,,0,30.0,0,0
75,14,11,7,12,Y6088355,,,,0,30.0,0,0
75,14,11,7,13,Y6088356,,,,0,30.0,0,0
75,14,11,7,14,Y6088357,,,,0,30.0,0,0
75,14,11,7,15,Y6088358,,,,0,30.0,0,0
75,14,11,7,16,Y6088359,,,,0,30.0,0,0
75,14,11,7,17,Y6088360,,,,0,30.0,0,0
75,14,11,7,18,Y6088361,,,,0,30.0,0,0
75,14,11,7,19,Y6088362,,,,0,30.0,0,0
75,14,11,7,20,Y6088363,,,,0,30.0,0,0
75,14,11,7,21,Y6088364,,,,0,30.0,0,0
75,14,11,7,22,Y6088365,,,,0,30.0,0,0
75,14,11,7,23,Y6088366,,,,0,30.0,0,0
75,14,11,7,24,Y6088367,,,,0,30.0,0,0
75,14,11,7,25,Y6088368,,,,0,30.0,0,0
75,14,11,7,26,Y6088369,,,,0,30.0,0,0
75,14,11,7,27,Y6088370,,,,0,30.0,0,0
75,14,11,7,28,Y6088371,,,,0,30.0,0,0
75,14,11,7,29,Y6088372,,,,0,30.0,0,0
75,14,11,7,30,Y6088373,,,,0,30.0,0,0
75,14,11,8,10,Y6088374,,,,0,30.0,0,0
75,14,11,8,11,Y6088375,,,,0,30.0,0,0
75,14,11,8,12,Y6088376,,,,0,30.0,0,0
75,14,11,8,13,Y6088377,,,,0,30.0,0,0
75,14,11,8,14,Y6088378,,,,0,30.0,0,0
75,14,11,8,15,Y6088379,,,,0,30.0,0,0
75,14,11,8,16,Y6088380,,,,0,30.0,0,0
75,14,11,8,17,Y6088381,,,,0,30.0,0,0
75,14,11,8,18,Y6088382,,,,0,30.0,0,0
75,14,11,8,19,Y6088383,,,,0,30.0,0,0
75,14,11,8,20,Y6088384,,,,0,30.0,0,0
75,14,11,8,21,Y6088385,,,,0,30.0,0,0
75,14,11,8,22,Y6088386,,,,0,30.0,0,0
75,14,11,8,23,Y6088387,,,,0,30.0,0,0
75,14,11,8,24,Y6088388,,,,0,30.0,0,0
75,14,11,8,25,Y6088389,,,,0,30.0,0,0
75,14,11,8,26,Y6088390,,,,0,30.0,0,0
75,14,11,8,27,Y6088391,,,,0,30.0,0,0
75,14,11,8,28,Y6088392,,,,0,30.0,0,0
75,14,11,8,29,Y6088393,,,,0,30.0,0,0
75,14,11,8,30,Y6088394,,,,0,30.0,0,0
75,14,11,9,10,Y6088395,,,,0,30.0,0,0
75,14,11,9,11,Y6088396,,,,0,30.0,0,0
75,14,11,9,12,Y6088397,,,,0,30.0,0,0
75,14,11,9,13,Y6088398,,,,0,30.0,0,0
75,14,11,9,14,Y6088399,,,,0,30.0,0,0
75,14,11,9,15,Y6088400,,,,0,30.0,0,0
75,14,11,9,16,Y6088401,,,,0,30.0,0,0
75,14,11,9,17,Y6088402,,,,0,30.0,0,0
75,14,11,9,18,Y6088403,,,,0,30.0,0,0
75,14,11,9,19,Y6088404,,,,0,30.0,0,0
75,14,11,9,20,Y6088405,,,,0,30.0,0,0
75,14,11,9,21,Y6088406,,,,0,30.0,0,0
75,14,11,9,22,Y6088407,,,,0,30.0,0,0
75,14,11,9,23,Y6088408,,,,0,30.0,0,0
75,14,11,9,24,Y6088409,,,,0,30.0,0,0
75,14,11,9,25,Y6088410,,,,0,30.0,0,0
75,14,11,9,26,Y6088411,,,,0,30.0,0,0
75,14,11,9,27,Y6088412,,,,0,30.0,0,0
75,14,11,9,28,Y6088413,,,,0,30.0,0,0
75,14,11,9,29,Y6088414,,,,0,30.0,0,0
75,14,11,9,30,Y6088415,,,,0,30.0,0,0
75,14,11,10,10,Y6088416,,,,0,30.0,0,0
75,14,11,10,11,Y6088417,,,,0,30.0,0,0
75,14,11,10,12,Y6088418,,,,0,30.0,0,0
75,14,11,10,13,Y6088419,,,,0,30.0,0,0
75,14,11,10,14,Y6088420,,,,0,30.0,0,0
75,14,11,10,15,Y6088421,,,,0,30.0,0,0
75,14,11,10,16,Y6088422,,,,0,30.0,0,0
75,14,11,10,17,Y6088423,,,,0,30.0,0,0
75,14,11,10,18,Y6088424,,,,0,30.0,0,0
75,14,11,10,19,Y6088425,,,,0,30.0,0,0
75,14,11,10,20,Y6088426,,,,0,30.0,0,0
75,14,11,10,21,Y6088427,,,,0,30.0,0,0
75,14,11,10,22,Y6088428,,,,0,30.0,0,0
75,14,11,10,23,Y6088429,,,,0,30.0,0,0
75,14,11,10,24,Y6088430,,,,0,30.0,0,0
75,14,11,10,25,Y6088431,,,,0,30.0,0,0
75,14,11,10,26,Y6088432,,,,0,30.0,0,0
75,14,11,10,27,Y6088433,,,,0,30.0,0,0
75,14,11,10,28,Y6088434,,,,0,30.0,0,0
75,14,11,10,29,Y6088435,,,,0,30.0,0,0
75,14,11,10,30,Y6088436,,,,0,30.0,0,0
75,14,11,11,10,Y6088437,,,,0,30.0,0,0
75,14,11,11,11,Y6088438,,,,0,30.0,0,0
75,14,11,11,12,Y6088439,,,,0,30.0,0,0
75,14,11,11,13,Y6088440,,,,0,30.0,0,0
75,14,11,11,14,Y6088441,,,,0,30.0,0,0
75,14,11,11,15,Y6088442,,,,0,30.0,0,0
75,14,11,11,16,Y6088443,,,,0,30.0,0,0
75,14,11,11,17,Y6088444,,,,0,30.0,0,0
75,14,11,11,18,Y6088445,,,,0,30.0,0,0
75,14,11,11,19,Y6088446,,,,0,30.0,0,0
75,14,11,11,20,Y6088447,,,,0,30.0,0,0
75,14,11,11,21,Y6088448,,,,0,30.0,0,0
75,14,11,11,22,Y6088449,,,,0,30.0,0,0
75,14,11,11,23,Y6088450,,,,0,30.0,0,0
75,14,11,11,24,Y6088451,,,,0,30.0,0,0
75,14,11,11,25,Y6088452,,,,0,30.0,0,0
75,14,11,11,26,Y6088453,,,,0,30.0,0,0
75,14,11,11,27,Y6088454,,,,0,30.0,0,0
75,14,11,11,28,Y6088455,,,,0,30.0,0,0
75,14,11,11,29,Y6088456,,,,0,30.0,0,0
75,14,11,11,30,Y6088457,,,,0,30.0,0,0
75,14,11,12,10,Y6088458,,,,0,30.0,0,0
75,14,11,12,11,Y6088459,,,,0,30.0,0,0
75,14,11,12,12,Y6088460,,,,0,30.0,0,0
75,14,11,12,13,Y6088461,,,,0,30.0,0,0
75,14,11,12,14,Y6088462,,,,0,30.0,0,0
75,14,11,12,15,Y6088463,,,,0,30.0,0,0
75,14,11,12,16,Y6088464,,,,0,30.0,0,0
75,14,11,12,17,Y6088465,,,,0,30.0,0,0
75,14,11,12,18,Y6088466,,,,0,30.0,0,0
75,14,11,12,19,Y6088467,,,,0,30.0,0,0
75,14,11,12,20,Y6088468,,,,0,30.0,0,0
75,14,11,12,21,Y6088469,,,,0,30.0,0,0
75,14,11,12,22,Y6088470,,,,0,30.0,0,0
75,14,11,12,23,Y6088471,,,,0,30.0,0,0
75,14,11,12,24,Y6088472,,,,0,30.0,0,0
75,14,11,12,25,Y6088473,,,,0,30.0,0,0
75,14,11,12,26,Y6088474,,,,0,30.0,0,0
75,14,11,12,27,Y6088475,,,,0,30.0,0,0
75,14,11,12,28,Y6088476,,,,0,30.0,0,0
75,14,11,12,29,Y6088477,,,,0,30.0,0,0
75,14,11,12,30,Y6088478,,,,0,30.0,0,0
75,14,12,1,10,Y6088479,,,,0,30.0,0,0
75,14,12,1,11,Y6088480,,,,0,30.0,0,0
75,14,12,1,12,Y6088481,,,,0,30.0,0,0
75,14,12,1,13,Y6088482,,,,0,30.0,0,0
75,14,12,1,14,Y6088483,,,,0,30.0,0,0
75,14,12,1,15,Y6088484,,,,0,30.0,0,0
75,14,12,1,16,Y6088485,,,,0,30.0,0,0
75,14,12,1,17,Y6088486,,,,0,30.0,0,0
75,14,12,1,18,Y6088487,,,,0,30.0,0,0
75,14,12,1,19,Y6088488,,,,0,30.0,0,0
75,14,12,1,20,Y6088489,,,,0,30.0,0,0
75,14,12,1,21,Y6088490,,,,0,30.0,0,0
75,14,12,1,22,Y6088491,,,,0,30.0,0,0
75,14,12,1,23,Y6088492,,,,0,30.0,0,0
75,14,12,1,24,Y6088493,,,,0,30.0,0,0
75,14,12,1,25,Y6088494,,,,0,30.0,0,0
75,14,12,1,26,Y6088495,,,,0,30.0,0,0
75,14,12,1,27,Y6088496,,,,0,30.0,0,0
75,14,12,1,28,Y6088497,,,,0,30.0,0,0
75,14,12,1,29,Y6088498,,,,0,30.0,0,0
75,14,12,1,30,Y6088499,,,,0,30.0,0,0
75,14,12,2,10,Y6088500,,,,0,30.0,0,0
75,14,12,2,11,Y6088501,,,,0,30.0,0,0
75,14,12,2,12,Y6088502,,,,0,30.0,0,0
75,14,12,2,13,Y6088503,,,,0,30.0,0,0
75,14,12,2,14,Y6088504,,,,0,30.0,0,0
75,14,12,2,15,Y6088505,,,,0,30.0,0,0
75,14,12,2,16,Y6088506,,,,0,30.0,0,0
75,14,12,2,17,Y6088507,,,,0,30.0,0,0
75,14,12,2,18,Y6088508,,,,0,30.0,0,0
75,14,12,2,19,Y6088509,,,,0,30.0,0,0
75,14,12,2,20,Y6088510,,,,0,30.0,0,0
75,14,12,2,21,Y6088511,,,,0,30.0,0,0
75,14,12,2,22,Y6088512,,,,0,30.0,0,0
75,14,12,2,23,Y6088513,,,,0,30.0,0,0
75,14,12,2,24,Y6088514,,,,0,30.0,0,0
75,14,12,2,25,Y6088515,,,,0,30.0,0,0
75,14,12,2,26,Y6088516,,,,0,30.0,0,0
75,14,12,2,27,Y6088517,,,,0,30.0,0,0
75,14,12,2,28,Y6088518,,,,0,30.0,0,0
75,14,12,2,29,Y6088519,,,,0,30.0,0,0
75,14,12,2,30,Y6088520,,,,0,30.0,0,0
75,14,12,3,10,Y6088521,,,,0,30.0,0,0
75,14,12,3,11,Y6088522,,,,0,30.0,0,0
75,14,12,3,12,Y6088523,,,,0,30.0,0,0
75,14,12,3,13,Y6088524,,,,0,30.0,0,0
75,14,12,3,14,Y6088525,,,,0,30.0,0,0
75,14,12,3,15,Y6088526,,,,0,30.0,0,0
75,14,12,3,16,Y6088527,,,,0,30.0,0,0
75,14,12,3,17,Y6088528,,,,0,30.0,0,0
75,14,12,3,18,Y6088529,,,,0,30.0,0,0
75,14,12,3,19,Y6088530,,,,0,30.0,0,0
75,14,12,3,20,Y6088531,,,,0,30.0,0,0
75,14,12,3,21,Y6088532,,,,0,30.0,0,0
75,14,12,3,22,Y6088533,,,,0,30.0,0,0
75,14,12,3,23,Y6088534,,,,0,30.0,0,0
75,14,12,3,24,Y6088535,,,,0,30.0,0,0
75,14,12,3,25,Y6088536,,,,0,30.0,0,0
75,14,12,3,26,Y6088537,,,,0,30.0,0,0
75,14,12,3,27,Y6088538,,,,0,30.0,0,0
75,14,12,3,28,Y6088539,,,,0,30.0,0,0
75,14,12,3,29,Y6088540,,,,0,30.0,0,0
75,14,12,3,30,Y6088541,,,,0,30.0,0,0
75,14,12,4,10,Y6088542,,,,0,30.0,0,0
75,14,12,4,11,Y6088543,,,,0,30.0,0,0
75,14,12,4,12,Y6088544,,,,0,30.0,0,0
75,14,12,4,13,Y6088545,,,,0,30.0,0,0
75,14,12,4,14,Y6088546,,,,0,30.0,0,0
75,14,12,4,15,Y6088547,,,,0,30.0,0,0
75,14,12,4,16,Y6088548,,,,0,30.0,0,0
75,14,12,4,17,Y6088549,,,,0,30.0,0,0
75,14,12,4,18,Y6088550,,,,0,30.0,0,0
75,14,12,4,19,Y6088551,,,,0,30.0,0,0
75,14,12,4,20,Y6088552,,,,0,30.0,0,0
75,14,12,4,21,Y6088553,,,,0,30.0,0,0
75,14,12,4,22,Y6088554,,,,0,30.0,0,0
75,14,12,4,23,Y6088555,,,,0,30.0,0,0
75,14,12,4,24,Y6088556,,,,0,30.0,0,0
75,14,12,4,25,Y6088557,,,,0,30.0,0,0
75,14,12,4,26,Y6088558,,,,0,30.0,0,0
75,14,12,4,27,Y6088559,,,,0,30.0,0,0
75,14,12,4,28,Y6088560,,,,0,30.0,0,0
75,14,12,4,29,Y6088561,,,,0,30.0,0,0
75,14,12,4,30,Y6088562,,,,0,30.0,0,0
75,14,12,5,10,Y6088563,,,,0,30.0,0,0
75,14,12,5,11,Y6088564,,,,0,30.0,0,0
75,14,12,5,12,Y6088565,,,,0,30.0,0,0
75,14,12,5,13,Y6088566,,,,0,30.0,0,0
75,14,12,5,14,Y6088567,,,,0,30.0,0,0
75,14,12,5,15,Y6088568,,,,0,30.0,0,0
75,14,12,5,16,Y6088569,,,,0,30.0,0,0
75,14,12,5,17,Y6088570,,,,0,30.0,0,0
75,14,12,5,18,Y6088571,,,,0,30.0,0,0
75,14,12,5,19,Y6088572,,,,0,30.0,0,0
75,14,12,5,20,Y6088573,,,,0,30.0,0,0
75,14,12,5,21,Y6088574,,,,0,30.0,0,0
75,14,12,5,22,Y6088575,,,,0,30.0,0,0
75,14,12,5,23,Y6088576,,,,0,30.0,0,0
75,14,12,5,24,Y6088577,,,,0,30.0,0,0
75,14,12,5,25,Y6088578,,,,0,30.0,0,0
75,14,12,5,26,Y6088579,,,,0,30.0,0,0
75,14,12,5,27,Y6088580,,,,0,30.0,0,0
75,14,12,5,28,Y6088581,,,,0,30.0,0,0
75,14,12,5,29,Y6088582,,,,0,30.0,0,0
75,14,12,5,30,Y6088583,,,,0,30.0,0,0
75,14,12,6,10,Y6088584,,,,0,30.0,0,0
75,14,12,6,11,Y6088585,,,,0,30.0,0,0
75,14,12,6,12,Y6088586,,,,0,30.0,0,0
75,14,12,6,13,Y6088587,,,,0,30.0,0,0
75,14,12,6,14,Y6088588,,,,0,30.0,0,0
75,14,12,6,15,Y6088589,,,,0,30.0,0,0
75,14,12,6,16,Y6088590,,,,0,30.0,0,0
75,14,12,6,17,Y6088591,,,,0,30.0,0,0
75,14,12,6,18,Y6088592,,,,0,30.0,0,0
75,14,12,6,19,Y6088593,,,,0,30.0,0,0
75,14,12,6,20,Y6088594,,,,0,30.0,0,0
75,14,12,6,21,Y6088595,,,,0,30.0,0,0
75,14,12,6,22,Y6088596,,,,0,30.0,0,0
75,14,12,6,23,Y6088597,,,,0,30.0,0,0
75,14,12,6,24,Y6088598,,,,0,30.0,0,0
75,14,12,6,25,Y6088599,,,,0,30.0,0,0
75,14,12,6,26,Y6088600,,,,0,30.0,0,0
75,14,12,6,27,Y6088601,,,,0,30.0,0,0
75,14,12,6,28,Y6088602,,,,0,30.0,0,0
75,14,12,6,29,Y6088603,,,,0,30.0,0,0
75,14,12,6,30,Y6088604,,,,0,30.0,0,0
75,14,12,7,10,Y6088605,,,,0,30.0,0,0
75,14,12,7,11,Y6088606,,,,0,30.0,0,0
75,14,12,7,12,Y6088607,,,,0,30.0,0,0
75,14,12,7,13,Y6088608,,,,0,30.0,0,0
75,14,12,7,14,Y6088609,,,,0,30.0,0,0
75,14,12,7,15,Y6088610,,,,0,30.0,0,0
75,14,12,7,16,Y6088611,,,,0,30.0,0,0
75,14,12,7,17,Y6088612,,,,0,30.0,0,0
75,14,12,7,18,Y6088613,,,,0,30.0,0,0
75,14,12,7,19,Y6088614,,,,0,30.0,0,0
75,14,12,7,20,Y6088615,,,,0,30.0,0,0
75,14,12,7,21,Y6088616,,,,0,30.0,0,0
75,14,12,7,22,Y6088617,,,,0,30.0,0,0
75,14,12,7,23,Y6088618,,,,0,30.0,0,0
75,14,12,7,24,Y6088619,,,,0,30.0,0,0
75,14,12,7,25,Y6088620,,,,0,30.0,0,0
75,14,12,7,26,Y6088621,,,,0,30.0,0,0
75,14,12,7,27,Y6088622,,,,0,30.0,0,0
75,14,12,7,28,Y6088623,,,,0,30.0,0,0
75,14,12,7,29,Y6088624,,,,0,30.0,0,0
75,14,12,7,30,Y6088625,,,,0,30.0,0,0
75,14,12,8,10,Y6088626,,,,0,30.0,0,0
75,14,12,8,11,Y6088627,,,,0,30.0,0,0
75,14,12,8,12,Y6088628,,,,0,30.0,0,0
75,14,12,8,13,Y6088629,,,,0,30.0,0,0
75,14,12,8,14,Y6088630,,,,0,30.0,0,0
75,14,12,8,15,Y6088631,,,,0,30.0,0,0
75,14,12,8,16,Y6088632,,,,0,30.0,0,0
75,14,12,8,17,Y6088633,,,,0,30.0,0,0
75,14,12,8,18,Y6088634,,,,0,30.0,0,0
75,14,12,8,19,Y6088635,,,,0,30.0,0,0
75,14,12,8,20,Y6088636,,,,0,30.0,0,0
75,14,12,8,21,Y6088637,,,,0,30.0,0,0
75,14,12,8,22,Y6088638,,,,0,30.0,0,0
75,14,12,8,23,Y6088639,,,,0,30.0,0,0
75,14,12,8,24,Y6088640,,,,0,30.0,0,0
75,14,12,8,25,Y6088641,,,,0,30.0,0,0
75,14,12,8,26,Y6088642,,,,0,30.0,0,0
75,14,12,8,27,Y6088643,,,,0,30.0,0,0
75,14,12,8,28,Y6088644,,,,0,30.0,0,0
75,14,12,8,29,Y6088645,,,,0,30.0,0,0
75,14,12,8,30,Y6088646,,,,0,30.0,0,0
75,14,12,9,10,Y6088647,,,,0,30.0,0,0
75,14,12,9,11,Y6088648,,,,0,30.0,0,0
75,14,12,9,12,Y6088649,,,,0,30.0,0,0
75,14,12,9,13,Y6088650,,,,0,30.0,0,0
75,14,12,9,14,Y6088651,,,,0,30.0,0,0
75,14,12,9,15,Y6088652,,,,0,30.0,0,0
75,14,12,9,16,Y6088653,,,,0,30.0,0,0
75,14,12,9,17,Y6088654,,,,0,30.0,0,0
75,14,12,9,18,Y6088655,,,,0,30.0,0,0
75,14,12,9,19,Y6088656,,,,0,30.0,0,0
75,14,12,9,20,Y6088657,,,,0,30.0,0,0
75,14,12,9,21,Y6088658,,,,0,30.0,0,0
75,14,12,9,22,Y6088659,,,,0,30.0,0,0
75,14,12,9,23,Y6088660,,,,0,30.0,0,0
75,14,12,9,24,Y6088661,,,,0,30.0,0,0
75,14,12,9,25,Y6088662,,,,0,30.0,0,0
75,14,12,9,26,Y6088663,,,,0,30.0,0,0
75,14,12,9,27,Y6088664,,,,0,30.0,0,0
75,14,12,9,28,Y6088665,,,,0,30.0,0,0
75,14,12,9,29,Y6088666,,,,0,30.0,0,0
75,14,12,9,30,Y6088667,,,,0,30.0,0,0
75,14,12,10,10,Y6088668,,,,0,30.0,0,0
75,14,12,10,11,Y6088669,,,,0,30.0,0,0
75,14,12,10,12,Y6088670,,,,0,30.0,0,0
75,14,12,10,13,Y6088671,,,,0,30.0,0,0
75,14,12,10,14,Y6088672,,,,0,30.0,0,0
75,14,12,10,15,Y6088673,,,,0,30.0,0,0
75,14,12,10,16,Y6088674,,,,0,30.0,0,0
75,14,12,10,17,Y6088675,,,,0,30.0,0,0
75,14,12,10,18,Y6088676,,,,0,30.0,0,0
75,14,12,10,19,Y6088677,,,,0,30.0,0,0
75,14,12,10,20,Y6088678,,,,0,30.0,0,0
75,14,12,10,21,Y6088679,,,,0,30.0,0,0
75,14,12,10,22,Y6088680,,,,0,30.0,0,0
75,14,12,10,23,Y6088681,,,,0,30.0,0,0
75,14,12,10,24,Y6088682,,,,0,30.0,0,0
75,14,12,10,25,Y6088683,,,,0,30.0,0,0
75,14,12,10,26,Y6088684,,,,0,30.0,0,0
75,14,12,10,27,Y6088685,,,,0,30.0,0,0
75,14,12,10,28,Y6088686,,,,0,30.0,0,0
75,14,12,10,29,Y6088687,,,,0,30.0,0,0
75,14,12,10,30,Y6088688,,,,0,30.0,0,0
75,14,12,11,10,Y6088689,,,,0,30.0,0,0
75,14,12,11,11,Y6088690,,,,0,30.0,0,0
75,14,12,11,12,Y6088691,,,,0,30.0,0,0
75,14,12,11,13,Y6088692,,,,0,30.0,0,0
75,14,12,11,14,Y6088693,,,,0,30.0,0,0
75,14,12,11,15,Y6088694,,,,0,30.0,0,0
75,14,12,11,16,Y6088695,,,,0,30.0,0,0
75,14,12,11,17,Y6088696,,,,0,30.0,0,0
75,14,12,11,18,Y6088697,,,,0,30.0,0,0
75,14,12,11,19,Y6088698,,,,0,30.0,0,0
75,14,12,11,20,Y6088699,,,,0,30.0,0,0
75,14,12,11,21,Y6088700,,,,0,30.0,0,0
75,14,12,11,22,Y6088701,,,,0,30.0,0,0
75,14,12,11,23,Y6088702,,,,0,30.0,0,0
75,14,12,11,24,Y6088703,,,,0,30.0,0,0
75,14,12,11,25,Y6088704,,,,0,30.0,0,0
75,14,12,11,26,Y6088705,,,,0,30.0,0,0
75,14,12,11,27,Y6088706,,,,0,30.0,0,0
75,14,12,11,28,Y6088707,,,,0,30.0,0,0
75,14,12,11,29,Y6088708,,,,0,30.0,0,0
75,14,12,11,30,Y6088709,,,,0,30.0,0,0
75,14,12,12,10,Y6088710,,,,0,30.0,0,0
75,14,12,12,11,Y6088711,,,,0,30.0,0,0
75,14,12,12,12,Y6088712,,,,0,30.0,0,0
75,14,12,12,13,Y6088713,,,,0,30.0,0,0
75,14,12,12,14,Y6088714,,,,0,30.0,0,0
75,14,12,12,15,Y6088715,,,,0,30.0,0,0
75,14,12,12,16,Y6088716,,,,0,30.0,0,0
75,14,12,12,17,Y6088717,,,,0,30.0,0,0
75,14,12,12,18,Y6088718,,,,0,30.0,0,0
75,14,12,12,19,Y6088719,,,,0,30.0,0,0
75,14,12,12,20,Y6088720,,,,0,30.0,0,0
75,14,12,12,21,Y6088721,,,,0,30.0,0,0
75,14,12,12,22,Y6088722,,,,0,30.0,0,0
75,14,12,12,23,Y6088723,,,,0,30.0,0,0
75,14,12,12,24,Y6088724,,,,0,30.0,0,0
75,14,12,12,25,Y6088725,,,,0,30.0,0,0
75,14,12,12,26,Y6088726,,,,0,30.0,0,0
75,14,12,12,27,Y6088727,,,,0,30.0,0,0
75,14,12,12,28,Y6088728,,,,0,30.0,0,0
75,14,12,12,29,Y6088729,,,,0,30.0,0,0
75,14,12,12,30,Y6088730,,,,0,30.0,0,0
75,14,13,1,10,Y6088731,,,,0,30.0,0,0
75,14,13,1,11,Y6088732,,,,0,30.0,0,0
75,14,13,1,12,Y6088733,,,,0,30.0,0,0
75,14,13,1,13,Y6088734,,,,0,30.0,0,0
75,14,13,1,14,Y6088735,,,,0,30.0,0,0
75,14,13,1,15,Y6088736,,,,0,30.0,0,0
75,14,13,1,16,Y6088737,,,,0,30.0,0,0
75,14,13,1,17,Y6088738,,,,0,30.0,0,0
75,14,13,1,18,Y6088739,,,,0,30.0,0,0
75,14,13,1,19,Y6088740,,,,0,30.0,0,0
75,14,13,1,20,Y6088741,,,,0,30.0,0,0
75,14,13,1,21,Y6088742,,,,0,30.0,0,0
75,14,13,1,22,Y6088743,,,,0,30.0,0,0
75,14,13,1,23,Y6088744,,,,0,30.0,0,0
75,14,13,1,24,Y6088745,,,,0,30.0,0,0
75,14,13,1,25,Y6088746,,,,0,30.0,0,0
75,14,13,1,26,Y6088747,,,,0,30.0,0,0
75,14,13,1,27,Y6088748,,,,0,30.0,0,0
75,14,13,1,28,Y6088749,,,,0,30.0,0,0
75,14,13,1,29,Y6088750,,,,0,30.0,0,0
75,14,13,1,30,Y6088751,,,,0,30.0,0,0
75,14,13,2,10,Y6088752,,,,0,30.0,0,0
75,14,13,2,11,Y6088753,,,,0,30.0,0,0
75,14,13,2,12,Y6088754,,,,0,30.0,0,0
75,14,13,2,13,Y6088755,,,,0,30.0,0,0
75,14,13,2,14,Y6088756,,,,0,30.0,0,0
75,14,13,2,15,Y6088757,,,,0,30.0,0,0
75,14,13,2,16,Y6088758,,,,0,30.0,0,0
75,14,13,2,17,Y6088759,,,,0,30.0,0,0
75,14,13,2,18,Y6088760,,,,0,30.0,0,0
75,14,13,2,19,Y6088761,,,,0,30.0,0,0
75,14,13,2,20,Y6088762,,,,0,30.0,0,0
75,14,13,2,21,Y6088763,,,,0,30.0,0,0
75,14,13,2,22,Y6088764,,,,0,30.0,0,0
75,14,13,2,23,Y6088765,,,,0,30.0,0,0
75,14,13,2,24,Y6088766,,,,0,30.0,0,0
75,14,13,2,25,Y6088767,,,,0,30.0,0,0
75,14,13,2,26,Y6088768,,,,0,30.0,0,0
75,14,13,2,27,Y6088769,,,,0,30.0,0,0
75,14,13,2,28,Y6088770,,,,0,30.0,0,0
75,14,13,2,29,Y6088771,,,,0,30.0,0,0
75,14,13,2,30,Y6088772,,,,0,30.0,0,0
75,14,13,3,10,Y6088773,,,,0,30.0,0,0
75,14,13,3,11,Y6088774,,,,0,30.0,0,0
75,14,13,3,12,Y6088775,,,,0,30.0,0,0
75,14,13,3,13,Y6088776,,,,0,30.0,0,0
75,14,13,3,14,Y6088777,,,,0,30.0,0,0
75,14,13,3,15,Y6088778,,,,0,30.0,0,0
75,14,13,3,16,Y6088779,,,,0,30.0,0,0
75,14,13,3,17,Y6088780,,,,0,30.0,0,0
75,14,13,3,18,Y6088781,,,,0,30.0,0,0
75,14,13,3,19,Y6088782,,,,0,30.0,0,0
75,14,13,3,20,Y6088783,,,,0,30.0,0,0
75,14,13,3,21,Y6088784,,,,0,30.0,0,0
75,14,13,3,22,Y6088785,,,,0,30.0,0,0
75,14,13,3,23,Y6088786,,,,0,30.0,0,0
75,14,13,3,24,Y6088787,,,,0,30.0,0,0
75,14,13,3,25,Y6088788,,,,0,30.0,0,0
75,14,13,3,26,Y6088789,,,,0,30.0,0,0
75,14,13,3,27,Y6088790,,,,0,30.0,0,0
75,14,13,3,28,Y6088791,,,,0,30.0,0,0
75,14,13,3,29,Y6088792,,,,0,30.0,0,0
75,14,13,3,30,Y6088793,,,,0,30.0,0,0
75,14,13,4,10,Y6088794,,,,0,30.0,0,0
75,14,13,4,11,Y6088795,,,,0,30.0,0,0
75,14,13,4,12,Y6088796,,,,0,30.0,0,0
75,14,13,4,13,Y6088797,,,,0,30.0,0,0
75,14,13,4,14,Y6088798,,,,0,30.0,0,0
75,14,13,4,15,Y6088799,,,,0,30.0,0,0
75,14,13,4,16,Y6088800,,,,0,30.0,0,0
75,14,13,4,17,Y6088801,,,,0,30.0,0,0
75,14,13,4,18,Y6088802,,,,0,30.0,0,0
75,14,13,4,19,Y6088803,,,,0,30.0,0,0
75,14,13,4,20,Y6088804,,,,0,30.0,0,0
75,14,13,4,21,Y6088805,,,,0,30.0,0,0
75,14,13,4,22,Y6088806,,,,0,30.0,0,0
75,14,13,4,23,Y6088807,,,,0,30.0,0,0
75,14,13,4,24,Y6088808,,,,0,30.0,0,0
75,14,13,4,25,Y6088809,,,,0,30.0,0,0
75,14,13,4,26,Y6088810,,,,0,30.0,0,0
75,14,13,4,27,Y6088811,,,,0,30.0,0,0
75,14,13,4,28,Y6088812,,,,0,30.0,0,0
75,14,13,4,29,Y6088813,,,,0,30.0,0,0
75,14,13,4,30,Y6088814,,,,0,30.0,0,0
75,14,13,5,10,Y6088815,,,,0,30.0,0,0
75,14,13,5,11,Y6088816,,,,0,30.0,0,0
75,14,13,5,12,Y6088817,,,,0,30.0,0,0
75,14,13,5,13,Y6088818,,,,0,30.0,0,0
75,14,13,5,14,Y6088819,,,,0,30.0,0,0
75,14,13,5,15,Y6088820,,,,0,30.0,0,0
75,14,13,5,16,Y6088821,,,,0,30.0,0,0
75,14,13,5,17,Y6088822,,,,0,30.0,0,0
75,14,13,5,18,Y6088823,,,,0,30.0,0,0
75,14,13,5,19,Y6088824,,,,0,30.0,0,0
75,14,13,5,20,Y6088825,,,,0,30.0,0,0
75,14,13,5,21,Y6088826,,,,0,30.0,0,0
75,14,13,5,22,Y6088827,,,,0,30.0,0,0
75,14,13,5,23,Y6088828,,,,0,30.0,0,0
75,14,13,5,24,Y6088829,,,,0,30.0,0,0
75,14,13,5,25,Y6088830,,,,0,30.0,0,0
75,14,13,5,26,Y6088831,,,,0,30.0,0,0
75,14,13,5,27,Y6088832,,,,0,30.0,0,0
75,14,13,5,28,Y6088833,,,,0,30.0,0,0
75,14,13,5,29,Y6088834,,,,0,30.0,0,0
75,14,13,5,30,Y6088835,,,,0,30.0,0,0
75,14,13,6,10,Y6088836,,,,0,30.0,0,0
75,14,13,6,11,Y6088837,,,,0,30.0,0,0
75,14,13,6,12,Y6088838,,,,0,30.0,0,0
75,14,13,6,13,Y6088839,,,,0,30.0,0,0
75,14,13,6,14,Y6088840,,,,0,30.0,0,0
75,14,13,6,15,Y6088841,,,,0,30.0,0,0
75,14,13,6,16,Y6088842,,,,0,30.0,0,0
75,14,13,6,17,Y6088843,,,,0,30.0,0,0
75,14,13,6,18,Y6088844,,,,0,30.0,0,0
75,14,13,6,19,Y6088845,,,,0,30.0,0,0
75,14,13,6,20,Y6088846,,,,0,30.0,0,0
75,14,13,6,21,Y6088847,,,,0,30.0,0,0
75,14,13,6,22,Y6088848,,,,0,30.0,0,0
75,14,13,6,23,Y6088849,,,,0,30.0,0,0
75,14,13,6,24,Y6088850,,,,0,30.0,0,0
75,14,13,6,25,Y6088851,,,,0,30.0,0,0
75,14,13,6,26,Y6088852,,,,0,30.0,0,0
75,14,13,6,27,Y6088853,,,,0,30.0,0,0
75,14,13,6,28,Y6088854,,,,0,30.0,0,0
75,14,13,6,29,Y6088855,,,,0,30.0,0,0
75,14,13,6,30,Y6088856,,,,0,30.0,0,0
75,14,13,7,10,Y6088857,,,,0,30.0,0,0
75,14,13,7,11,Y6088858,,,,0,30.0,0,0
75,14,13,7,12,Y6088859,,,,0,30.0,0,0
75,14,13,7,13,Y6088860,,,,0,30.0,0,0
75,14,13,7,14,Y6088861,,,,0,30.0,0,0
75,14,13,7,15,Y6088862,,,,0,30.0,0,0
75,14,13,7,16,Y6088863,,,,0,30.0,0,0
75,14,13,7,17,Y6088864,,,,0,30.0,0,0
75,14,13,7,18,Y6088865,,,,0,30.0,0,0
75,14,13,7,19,Y6088866,,,,0,30.0,0,0
75,14,13,7,20,Y6088867,,,,0,30.0,0,0
75,14,13,7,21,Y6088868,,,,0,30.0,0,0
75,14,13,7,22,Y6088869,,,,0,30.0,0,0
75,14,13,7,23,Y6088870,,,,0,30.0,0,0
75,14,13,7,24,Y6088871,,,,0,30.0,0,0
75,14,13,7,25,Y6088872,,,,0,30.0,0,0
75,14,13,7,26,Y6088873,,,,0,30.0,0,0
75,14,13,7,27,Y6088874,,,,0,30.0,0,0
75,14,13,7,28,Y6088875,,,,0,30.0,0,0
75,14,13,7,29,Y6088876,,,,0,30.0,0,0
75,14,13,7,30,Y6088877,,,,0,30.0,0,0
75,14,13,8,10,Y6088878,,,,0,30.0,0,0
75,14,13,8,11,Y6088879,,,,0,30.0,0,0
75,14,13,8,12,Y6088880,,,,0,30.0,0,0
75,14,13,8,13,Y6088881,,,,0,30.0,0,0
75,14,13,8,14,Y6088882,,,,0,30.0,0,0
75,14,13,8,15,Y6088883,,,,0,30.0,0,0
75,14,13,8,16,Y6088884,,,,0,30.0,0,0
75,14,13,8,17,Y6088885,,,,0,30.0,0,0
75,14,13,8,18,Y6088886,,,,0,30.0,0,0
75,14,13,8,19,Y6088887,,,,0,30.0,0,0
75,14,13,8,20,Y6088888,,,,0,30.0,0,0
75,14,13,8,21,Y6088889,,,,0,30.0,0,0
75,14,13,8,22,Y6088890,,,,0,30.0,0,0
75,14,13,8,23,Y6088891,,,,0,30.0,0,0
75,14,13,8,24,Y6088892,,,,0,30.0,0,0
75,14,13,8,25,Y6088893,,,,0,30.0,0,0
75,14,13,8,26,Y6088894,,,,0,30.0,0,0
75,14,13,8,27,Y6088895,,,,0,30.0,0,0
75,14,13,8,28,Y6088896,,,,0,30.0,0,0
75,14,13,8,29,Y6088897,,,,0,30.0,0,0
75,14,13,8,30,Y6088898,,,,0,30.0,0,0
75,14,13,9,10,Y6088899,,,,0,30.0,0,0
75,14,13,9,11,Y6088900,,,,0,30.0,0,0
75,14,13,9,12,Y6088901,,,,0,30.0,0,0
75,14,13,9,13,Y6088902,,,,0,30.0,0,0
75,14,13,9,14,Y6088903,,,,0,30.0,0,0
75,14,13,9,15,Y6088904,,,,0,30.0,0,0
75,14,13,9,16,Y6088905,,,,0,30.0,0,0
75,14,13,9,17,Y6088906,,,,0,30.0,0,0
75,14,13,9,18,Y6088907,,,,0,30.0,0,0
75,14,13,9,19,Y6088908,,,,0,30.0,0,0
75,14,13,9,20,Y6088909,,,,0,30.0,0,0
75,14,13,9,21,Y6088910,,,,0,30.0,0,0
75,14,13,9,22,Y6088911,,,,0,30.0,0,0
75,14,13,9,23,Y6088912,,,,0,30.0,0,0
75,14,13,9,24,Y6088913,,,,0,30.0,0,0
75,14,13,9,25,Y6088914,,,,0,30.0,0,0
75,14,13,9,26,Y6088915,,,,0,30.0,0,0
75,14,13,9,27,Y6088916,,,,0,30.0,0,0
75,14,13,9,28,Y6088917,,,,0,30.0,0,0
75,14,13,9,29,Y6088918,,,,0,30.0,0,0
75,14,13,9,30,Y6088919,,,,0,30.0,0,0
75,14,13,10,10,Y6088920,,,,0,30.0,0,0
75,14,13,10,11,Y6088921,,,,0,30.0,0,0
75,14,13,10,12,Y6088922,,,,0,30.0,0,0
75,14,13,10,13,Y6088923,,,,0,30.0,0,0
75,14,13,10,14,Y6088924,,,,0,30.0,0,0
75,14,13,10,15,Y6088925,,,,0,30.0,0,0
75,14,13,10,16,Y6088926,,,,0,30.0,0,0
75,14,13,10,17,Y6088927,,,,0,30.0,0,0
75,14,13,10,18,Y6088928,,,,0,30.0,0,0
75,14,13,10,19,Y6088929,,,,0,30.0,0,0
75,14,13,10,20,Y6088930,,,,0,30.0,0,0
75,14,13,10,21,Y6088931,,,,0,30.0,0,0
75,14,13,10,22,Y6088932,,,,0,30.0,0,0
75,14,13,10,23,Y6088933,,,,0,30.0,0,0
75,14,13,10,24,Y6088934,,,,0,30.0,0,0
75,14,13,10,25,Y6088935,,,,0,30.0,0,0
75,14,13,10,26,Y6088936,,,,0,30.0,0,0
75,14,13,10,27,Y6088937,,,,0,30.0,0,0
75,14,13,10,28,Y6088938,,,,0,30.0,0,0
75,14,13,10,29,Y6088939,,,,0,30.0,0,0
75,14,13,10,30,Y6088940,,,,0,30.0,0,0
75,14,13,11,10,Y6088941,,,,0,30.0,0,0
75,14,13,11,11,Y6088942,,,,0,30.0,0,0
75,14,13,11,12,Y6088943,,,,0,30.0,0,0
75,14,13,11,13,Y6088944,,,,0,30.0,0,0
75,14,13,11,14,Y6088945,,,,0,30.0,0,0
75,14,13,11,15,Y6088946,,,,0,30.0,0,0
75,14,13,11,16,Y6088947,,,,0,30.0,0,0
75,14,13,11,17,Y6088948,,,,0,30.0,0,0
75,14,13,11,18,Y6088949,,,,0,30.0,0,0
75,14,13,11,19,Y6088950,,,,0,30.0,0,0
75,14,13,11,20,Y6088951,,,,0,30.0,0,0
75,14,13,11,21,Y6088952,,,,0,30.0,0,0
75,14,13,11,22,Y6088953,,,,0,30.0,0,0
75,14,13,11,23,Y6088954,,,,0,30.0,0,0
75,14,13,11,24,Y6088955,,,,0,30.0,0,0
75,14,13,11,25,Y6088956,,,,0,30.0,0,0
75,14,13,11,26,Y6088957,,,,0,30.0,0,0
75,14,13,11,27,Y6088958,,,,0,30.0,0,0
75,14,13,11,28,Y6088959,,,,0,30.0,0,0
75,14,13,11,29,Y6088960,,,,0,30.0,0,0
75,14,13,11,30,Y6088961,,,,0,30.0,0,0
75,14,13,12,10,Y6088962,,,,0,30.0,0,0
75,14,13,12,11,Y6088963,,,,0,30.0,0,0
75,14,13,12,12,Y6088964,,,,0,30.0,0,0
75,14,13,12,13,Y6088965,,,,0,30.0,0,0
75,14,13,12,14,Y6088966,,,,0,30.0,0,0
75,14,13,12,15,Y6088967,,,,0,30.0,0,0
75,14,13,12,16,Y6088968,,,,0,30.0,0,0
75,14,13,12,17,Y6088969,,,,0,30.0,0,0
75,14,13,12,18,Y6088970,,,,0,30.0,0,0
75,14,13,12,19,Y6088971,,,,0,30.0,0,0
75,14,13,12,20,Y6088972,,,,0,30.0,0,0
75,14,13,12,21,Y6088973,,,,0,30.0,0,0
75,14,13,12,22,Y6088974,,,,0,30.0,0,0
75,14,13,12,23,Y6088975,,,,0,30.0,0,0
75,14,13,12,24,Y6088976,,,,0,30.0,0,0
75,14,13,12,25,Y6088977,,,,0,30.0,0,0
75,14,13,12,26,Y6088978,,,,0,30.0,0,0
75,14,13,12,27,Y6088979,,,,0,30.0,0,0
75,14,13,12,28,Y6088980,,,,0,30.0,0,0
75,14,13,12,29,Y6088981,,,,0,30.0,0,0
75,14,13,12,30,Y6088982,,,,0,30.0,0,0
75,14,14,1,10,Y6088983,,,,0,30.0,0,0
75,14,14,1,11,Y6088984,,,,0,30.0,0,0
75,14,14,1,12,Y6088985,,,,0,30.0,0,0
75,14,14,1,13,Y6088986,,,,0,30.0,0,0
75,14,14,1,14,Y6088987,,,,0,30.0,0,0
75,14,14,1,15,Y6088988,,,,0,30.0,0,0
75,14,14,1,16,Y6088989,,,,0,30.0,0,0
75,14,14,1,17,Y6088990,,,,0,30.0,0,0
75,14,14,1,18,Y6088991,,,,0,30.0,0,0
75,14,14,1,19,Y6088992,,,,0,30.0,0,0
75,14,14,1,20,Y6088993,,,,0,30.0,0,0
75,14,14,1,21,Y6088994,,,,0,30.0,0,0
75,14,14,1,22,Y6088995,,,,0,30.0,0,0
75,14,14,1,23,Y6088996,,,,0,30.0,0,0
75,14,14,1,24,Y6088997,,,,0,30.0,0,0
75,14,14,1,25,Y6088998,,,,0,30.0,0,0
75,14,14,1,26,Y6088999,,,,0,30.0,0,0
75,14,14,1,27,Y6089000,,,,0,30.0,0,0
75,14,14,1,28,Y6089001,,,,0,30.0,0,0
75,14,14,1,29,Y6089002,,,,0,30.0,0,0
75,14,14,1,30,Y6089003,,,,0,30.0,0,0
75,14,14,2,10,Y6089004,,,,0,30.0,0,0
75,14,14,2,11,Y6089005,,,,0,30.0,0,0
75,14,14,2,12,Y6089006,,,,0,30.0,0,0
75,14,14,2,13,Y6089007,,,,0,30.0,0,0
75,14,14,2,14,Y6089008,,,,0,30.0,0,0
75,14,14,2,15,Y6089009,,,,0,30.0,0,0
75,14,14,2,16,Y6089010,,,,0,30.0,0,0
75,14,14,2,17,Y6089011,,,,0,30.0,0,0
75,14,14,2,18,Y6089012,,,,0,30.0,0,0
75,14,14,2,19,Y6089013,,,,0,30.0,0,0
75,14,14,2,20,Y6089014,,,,0,30.0,0,0
75,14,14,2,21,Y6089015,,,,0,30.0,0,0
75,14,14,2,22,Y6089016,,,,0,30.0,0,0
75,14,14,2,23,Y6089017,,,,0,30.0,0,0
75,14,14,2,24,Y6089018,,,,0,30.0,0,0
75,14,14,2,25,Y6089019,,,,0,30.0,0,0
75,14,14,2,26,Y6089020,,,,0,30.0,0,0
75,14,14,2,27,Y6089021,,,,0,30.0,0,0
75,14,14,2,28,Y6089022,,,,0,30.0,0,0
75,14,14,2,29,Y6089023,,,,0,30.0,0,0
75,14,14,2,30,Y6089024,,,,0,30.0,0,0
75,14,14,3,10,Y6089025,,,,0,30.0,0,0
75,14,14,3,11,Y6089026,,,,0,30.0,0,0
75,14,14,3,12,Y6089027,,,,0,30.0,0,0
75,14,14,3,13,Y6089028,,,,0,30.0,0,0
75,14,14,3,14,Y6089029,,,,0,30.0,0,0
75,14,14,3,15,Y6089030,,,,0,30.0,0,0
75,14,14,3,16,Y6089031,,,,0,30.0,0,0
75,14,14,3,17,Y6089032,,,,0,30.0,0,0
75,14,14,3,18,Y6089033,,,,0,30.0,0,0
75,14,14,3,19,Y6089034,,,,0,30.0,0,0
75,14,14,3,20,Y6089035,,,,0,30.0,0,0
75,14,14,3,21,Y6089036,,,,0,30.0,0,0
75,14,14,3,22,Y6089037,,,,0,30.0,0,0
75,14,14,3,23,Y6089038,,,,0,30.0,0,0
75,14,14,3,24,Y6089039,,,,0,30.0,0,0
75,14,14,3,25,Y6089040,,,,0,30.0,0,0
75,14,14,3,26,Y6089041,,,,0,30.0,0,0
75,14,14,3,27,Y6089042,,,,0,30.0,0,0
75,14,14,3,28,Y6089043,,,,0,30.0,0,0
75,14,14,3,29,Y6089044,,,,0,30.0,0,0
75,14,14,3,30,Y6089045,,,,0,30.0,0,0
75,14,14,4,10,Y6089046,,,,0,30.0,0,0
75,14,14,4,11,Y6089047,,,,0,30.0,0,0
75,14,14,4,12,Y6089048,,,,0,30.0,0,0
75,14,14,4,13,Y6089049,,,,0,30.0,0,0
75,14,14,4,14,Y6089050,,,,0,30.0,0,0
75,14,14,4,15,Y6089051,,,,0,30.0,0,0
75,14,14,4,16,Y6089052,,,,0,30.0,0,0
75,14,14,4,17,Y6089053,,,,0,30.0,0,0
75,14,14,4,18,Y6089054,,,,0,30.0,0,0
75,14,14,4,19,Y6089055,,,,0,30.0,0,0
75,14,14,4,20,Y6089056,,,,0,30.0,0,0
75,14,14,4,21,Y6089057,,,,0,30.0,0,0
75,14,14,4,22,Y6089058,,,,0,30.0,0,0
75,14,14,4,23,Y6089059,,,,0,30.0,0,0
75,14,14,4,24,Y6089060,,,,0,30.0,0,0
75,14,14,4,25,Y6089061,,,,0,30.0,0,0
75,14,14,4,26,Y6089062,,,,0,30.0,0,0
75,14,14,4,27,Y6089063,,,,0,30.0,0,0
75,14,14,4,28,Y6089064,,,,0,30.0,0,0
75,14,14,4,29,Y6089065,,,,0,30.0,0,0
75,14,14,4,30,Y6089066,,,,0,30.0,0,0
75,14,14,5,10,Y6089067,,,,0,30.0,0,0
75,14,14,5,11,Y6089068,,,,0,30.0,0,0
75,14,14,5,12,Y6089069,,,,0,30.0,0,0
75,14,14,5,13,Y6089070,,,,0,30.0,0,0
75,14,14,5,14,Y6089071,,,,0,30.0,0,0
75,14,14,5,15,Y6089072,,,,0,30.0,0,0
75,14,14,5,16,Y6089073,,,,0,30.0,0,0
75,14,14,5,17,Y6089074,,,,0,30.0,0,0
75,14,14,5,18,Y6089075,,,,0,30.0,0,0
75,14,14,5,19,Y6089076,,,,0,30.0,0,0
75,14,14,5,20,Y6089077,,,,0,30.0,0,0
75,14,14,5,21,Y6089078,,,,0,30.0,0,0
75,14,14,5,22,Y6089079,,,,0,30.0,0,0
75,14,14,5,23,Y6089080,,,,0,30.0,0,0
75,14,14,5,24,Y6089081,,,,0,30.0,0,0
75,14,14,5,25,Y6089082,,,,0,30.0,0,0
75,14,14,5,26,Y6089083,,,,0,30.0,0,0
75,14,14,5,27,Y6089084,,,,0,30.0,0,0
75,14,14,5,28,Y6089085,,,,0,30.0,0,0
75,14,14,5,29,Y6089086,,,,0,30.0,0,0
75,14,14,5,30,Y6089087,,,,0,30.0,0,0
75,14,14,6,10,Y6089088,,,,0,30.0,0,0
75,14,14,6,11,Y6089089,,,,0,30.0,0,0
75,14,14,6,12,Y6089090,,,,0,30.0,0,0
75,14,14,6,13,Y6089091,,,,0,30.0,0,0
75,14,14,6,14,Y6089092,,,,0,30.0,0,0
75,14,14,6,15,Y6089093,,,,0,30.0,0,0
75,14,14,6,16,Y6089094,,,,0,30.0,0,0
75,14,14,6,17,Y6089095,,,,0,30.0,0,0
75,14,14,6,18,Y6089096,,,,0,30.0,0,0
75,14,14,6,19,Y6089097,,,,0,30.0,0,0
75,14,14,6,20,Y6089098,,,,0,30.0,0,0
75,14,14,6,21,Y6089099,,,,0,30.0,0,0
75,14,14,6,22,Y6089100,,,,0,30.0,0,0
75,14,14,6,23,Y6089101,,,,0,30.0,0,0
75,14,14,6,24,Y6089102,,,,0,30.0,0,0
75,14,14,6,25,Y6089103,,,,0,30.0,0,0
75,14,14,6,26,Y6089104,,,,0,30.0,0,0
75,14,14,6,27,Y6089105,,,,0,30.0,0,0
75,14,14,6,28,Y6089106,,,,0,30.0,0,0
75,14,14,6,29,Y6089107,,,,0,30.0,0,0
75,14,14,6,30,Y6089108,,,,0,30.0,0,0
75,14,14,7,10,Y6089109,,,,0,30.0,0,0
75,14,14,7,11,Y6089110,,,,0,30.0,0,0
75,14,14,7,12,Y6089111,,,,0,30.0,0,0
75,14,14,7,13,Y6089112,,,,0,30.0,0,0
75,14,14,7,14,Y6089113,,,,0,30.0,0,0
75,14,14,7,15,Y6089114,,,,0,30.0,0,0
75,14,14,7,16,Y6089115,,,,0,30.0,0,0
75,14,14,7,17,Y6089116,,,,0,30.0,0,0
75,14,14,7,18,Y6089117,,,,0,30.0,0,0
75,14,14,7,19,Y6089118,,,,0,30.0,0,0
75,14,14,7,20,Y6089119,,,,0,30.0,0,0
75,14,14,7,21,Y6089120,,,,0,30.0,0,0
75,14,14,7,22,Y6089121,,,,0,30.0,0,0
75,14,14,7,23,Y6089122,,,,0,30.0,0,0
75,14,14,7,24,Y6089123,,,,0,30.0,0,0
75,14,14,7,25,Y6089124,,,,0,30.0,0,0
75,14,14,7,26,Y6089125,,,,0,30.0,0,0
75,14,14,7,27,Y6089126,,,,0,30.0,0,0
75,14,14,7,28,Y6089127,,,,0,30.0,0,0
75,14,14,7,29,Y6089128,,,,0,30.0,0,0
75,14,14,7,30,Y6089129,,,,0,30.0,0,0
75,14,14,8,10,Y6089130,,,,0,30.0,0,0
75,14,14,8,11,Y6089131,,,,0,30.0,0,0
75,14,14,8,12,Y6089132,,,,0,30.0,0,0
75,14,14,8,13,Y6089133,,,,0,30.0,0,0
75,14,14,8,14,Y6089134,,,,0,30.0,0,0
75,14,14,8,15,Y6089135,,,,0,30.0,0,0
75,14,14,8,16,Y6089136,,,,0,30.0,0,0
75,14,14,8,17,Y6089137,,,,0,30.0,0,0
75,14,14,8,18,Y6089138,,,,0,30.0,0,0
75,14,14,8,19,Y6089139,,,,0,30.0,0,0
75,14,14,8,20,Y6089140,,,,0,30.0,0,0
75,14,14,8,21,Y6089141,,,,0,30.0,0,0
75,14,14,8,22,Y6089142,,,,0,30.0,0,0
75,14,14,8,23,Y6089143,,,,0,30.0,0,0
75,14,14,8,24,Y6089144,,,,0,30.0,0,0
75,14,14,8,25,Y6089145,,,,0,30.0,0,0
75,14,14,8,26,Y6089146,,,,0,30.0,0,0
75,14,14,8,27,Y6089147,,,,0,30.0,0,0
75,14,14,8,28,Y6089148,,,,0,30.0,0,0
75,14,14,8,29,Y6089149,,,,0,30.0,0,0
75,14,14,8,30,Y6089150,,,,0,30.0,0,0
75,14,14,9,10,Y6089151,,,,0,30.0,0,0
75,14,14,9,11,Y6089152,,,,0,30.0,0,0
75,14,14,9,12,Y6089153,,,,0,30.0,0,0
75,14,14,9,13,Y6089154,,,,0,30.0,0,0
75,14,14,9,14,Y6089155,,,,0,30.0,0,0
75,14,14,9,15,Y6089156,,,,0,30.0,0,0
75,14,14,9,16,Y6089157,,,,0,30.0,0,0
75,14,14,9,17,Y6089158,,,,0,30.0,0,0
75,14,14,9,18,Y6089159,,,,0,30.0,0,0
75,14,14,9,19,Y6089160,,,,0,30.0,0,0
75,14,14,9,20,Y6089161,,,,0,30.0,0,0
75,14,14,9,21,Y6089162,,,,0,30.0,0,0
75,14,14,9,22,Y6089163,,,,0,30.0,0,0
75,14,14,9,23,Y6089164,,,,0,30.0,0,0
75,14,14,9,24,Y6089165,,,,0,30.0,0,0
75,14,14,9,25,Y6089166,,,,0,30.0,0,0
75,14,14,9,26,Y6089167,,,,0,30.0,0,0
75,14,14,9,27,Y6089168,,,,0,30.0,0,0
75,14,14,9,28,Y6089169,,,,0,30.0,0,0
75,14,14,9,29,Y6089170,,,,0,30.0,0,0
75,14,14,9,30,Y6089171,,,,0,30.0,0,0
75,14,14,10,10,Y6089172,,,,0,30.0,0,0
75,14,14,10,11,Y6089173,,,,0,30.0,0,0
75,14,14,10,12,Y6089174,,,,0,30.0,0,0
75,14,14,10,13,Y6089175,,,,0,30.0,0,0
75,14,14,10,14,Y6089176,,,,0,30.0,0,0
75,14,14,10,15,Y6089177,,,,0,30.0,0,0
75,14,14,10,16,Y6089178,,,,0,30.0,0,0
75,14,14,10,17,Y6089179,,,,0,30.0,0,0
75,14,14,10,18,Y6089180,,,,0,30.0,0,0
75,14,14,10,19,Y6089181,,,,0,30.0,0,0
75,14,14,10,20,Y6089182,,,,0,30.0,0,0
75,14,14,10,21,Y6089183,,,,0,30.0,0,0
75,14,14,10,22,Y6089184,,,,0,30.0,0,0
75,14,14,10,23,Y6089185,,,,0,30.0,0,0
75,14,14,10,24,Y6089186,,,,0,30.0,0,0
75,14,14,10,25,Y6089187,,,,0,30.0,0,0
75,14,14,10,26,Y6089188,,,,0,30.0,0,0
75,14,14,10,27,Y6089189,,,,0,30.0,0,0
75,14,14,10,28,Y6089190,,,,0,30.0,0,0
75,14,14,10,29,Y6089191,,,,0,30.0,0,0
75,14,14,10,30,Y6089192,,,,0,30.0,0,0
75,14,14,11,10,Y6089193,,,,0,30.0,0,0
75,14,14,11,11,Y6089194,,,,0,30.0,0,0
75,14,14,11,12,Y6089195,,,,0,30.0,0,0
75,14,14,11,13,Y6089196,,,,0,30.0,0,0
75,14,14,11,14,Y6089197,,,,0,30.0,0,0
75,14,14,11,15,Y6089198,,,,0,30.0,0,0
75,14,14,11,16,Y6089199,,,,0,30.0,0,0
75,14,14,11,17,Y6089200,,,,0,30.0,0,0
75,14,14,11,18,Y6089201,,,,0,30.0,0,0
75,14,14,11,19,Y6089202,,,,0,30.0,0,0
75,14,14,11,20,Y6089203,,,,0,30.0,0,0
75,14,14,11,21,Y6089204,,,,0,30.0,0,0
75,14,14,11,22,Y6089205,,,,0,30.0,0,0
75,14,14,11,23,Y6089206,,,,0,30.0,0,0
75,14,14,11,24,Y6089207,,,,0,30.0,0,0
75,14,14,11,25,Y6089208,,,,0,30.0,0,0
75,14,14,11,26,Y6089209,,,,0,30.0,0,0
75,14,14,11,27,Y6089210,,,,0,30.0,0,0
75,14,14,11,28,Y6089211,,,,0,30.0,0,0
75,14,14,11,29,Y6089212,,,,0,30.0,0,0
75,14,14,11,30,Y6089213,,,,0,30.0,0,0
75,14,14,12,10,Y6089214,,,,0,30.0,0,0
75,14,14,12,11,Y6089215,,,,0,30.0,0,0
75,14,14,12,12,Y6089216,,,,0,30.0,0,0
75,14,14,12,13,Y6089217,,,,0,30.0,0,0
75,14,14,12,14,Y6089218,,,,0,30.0,0,0
75,14,14,12,15,Y6089219,,,,0,30.0,0,0
75,14,14,12,16,Y6089220,,,,0,30.0,0,0
75,14,14,12,17,Y6089221,,,,0,30.0,0,0
75,14,14,12,18,Y6089222,,,,0,30.0,0,0
75,14,14,12,19,Y6089223,,,,0,30.0,0,0
75,14,14,12,20,Y6089224,,,,0,30.0,0,0
75,14,14,12,21,Y6089225,,,,0,30.0,0,0
75,14,14,12,22,Y6089226,,,,0,30.0,0,0
75,14,14,12,23,Y6089227,,,,0,30.0,0,0
75,14,14,12,24,Y6089228,,,,0,30.0,0,0
75,14,14,12,25,Y6089229,,,,0,30.0,0,0
75,14,14,12,26,Y6089230,,,,0,30.0,0,0
75,14,14,12,27,Y6089231,,,,0,30.0,0,0
75,14,14,12,28,Y6089232,,,,0,30.0,0,0
75,14,14,12,29,Y6089233,,,,0,30.0,0,0
75,14,14,12,30,Y6089234,,,,0,30.0,0,0
75,14,15,1,10,Y6089235,,,,0,30.0,0,0
75,14,15,1,11,Y6089236,,,,0,30.0,0,0
75,14,15,1,12,Y6089237,,,,0,30.0,0,0
75,14,15,1,13,Y6089238,,,,0,30.0,0,0
75,14,15,1,14,Y6089239,,,,0,30.0,0,0
75,14,15,1,15,Y6089240,,,,0,30.0,0,0
75,14,15,1,16,Y6089241,,,,0,30.0,0,0
75,14,15,1,17,Y6089242,,,,0,30.0,0,0
75,14,15,1,18,Y6089243,,,,0,30.0,0,0
75,14,15,1,19,Y6089244,,,,0,30.0,0,0
75,14,15,1,20,Y6089245,,,,0,30.0,0,0
75,14,15,1,21,Y6089246,,,,0,30.0,0,0
75,14,15,1,22,Y6089247,,,,0,30.0,0,0
75,14,15,1,23,Y6089248,,,,0,30.0,0,0
75,14,15,1,24,Y6089249,,,,0,30.0,0,0
75,14,15,1,25,Y6089250,,,,0,30.0,0,0
75,14,15,1,26,Y6089251,,,,0,30.0,0,0
75,14,15,1,27,Y6089252,,,,0,30.0,0,0
75,14,15,1,28,Y6089253,,,,0,30.0,0,0
75,14,15,1,29,Y6089254,,,,0,30.0,0,0
75,14,15,1,30,Y6089255,,,,0,30.0,0,0
75,14,15,2,10,Y6089256,,,,0,30.0,0,0
75,14,15,2,11,Y6089257,,,,0,30.0,0,0
75,14,15,2,12,Y6089258,,,,0,30.0,0,0
75,14,15,2,13,Y6089259,,,,0,30.0,0,0
75,14,15,2,14,Y6089260,,,,0,30.0,0,0
75,14,15,2,15,Y6089261,,,,0,30.0,0,0
75,14,15,2,16,Y6089262,,,,0,30.0,0,0
75,14,15,2,17,Y6089263,,,,0,30.0,0,0
75,14,15,2,18,Y6089264,,,,0,30.0,0,0
75,14,15,2,19,Y6089265,,,,0,30.0,0,0
75,14,15,2,20,Y6089266,,,,0,30.0,0,0
75,14,15,2,21,Y6089267,,,,0,30.0,0,0
75,14,15,2,22,Y6089268,,,,0,30.0,0,0
75,14,15,2,23,Y6089269,,,,0,30.0,0,0
75,14,15,2,24,Y6089270,,,,0,30.0,0,0
75,14,15,2,25,Y6089271,,,,0,30.0,0,0
75,14,15,2,26,Y6089272,,,,0,30.0,0,0
75,14,15,2,27,Y6089273,,,,0,30.0,0,0
75,14,15,2,28,Y6089274,,,,0,30.0,0,0
75,14,15,2,29,Y6089275,,,,0,30.0,0,0
75,14,15,2,30,Y6089276,,,,0,30.0,0,0
75,14,15,3,10,Y6089277,,,,0,30.0,0,0
75,14,15,3,11,Y6089278,,,,0,30.0,0,0
75,14,15,3,12,Y6089279,,,,0,30.0,0,0
75,14,15,3,13,Y6089280,,,,0,30.0,0,0
75,14,15,3,14,Y6089281,,,,0,30.0,0,0
75,14,15,3,15,Y6089282,,,,0,30.0,0,0
75,14,15,3,16,Y6089283,,,,0,30.0,0,0
75,14,15,3,17,Y6089284,,,,0,30.0,0,0
75,14,15,3,18,Y6089285,,,,0,30.0,0,0
75,14,15,3,19,Y6089286,,,,0,30.0,0,0
75,14,15,3,20,Y6089287,,,,0,30.0,0,0
75,14,15,3,21,Y6089288,,,,0,30.0,0,0
75,14,15,3,22,Y6089289,,,,0,30.0,0,0
75,14,15,3,23,Y6089290,,,,0,30.0,0,0
75,14,15,3,24,Y6089291,,,,0,30.0,0,0
75,14,15,3,25,Y6089292,,,,0,30.0,0,0
75,14,15,3,26,Y6089293,,,,0,30.0,0,0
75,14,15,3,27,Y6089294,,,,0,30.0,0,0
75,14,15,3,28,Y6089295,,,,0,30.0,0,0
75,14,15,3,29,Y6089296,,,,0,30.0,0,0
75,14,15,3,30,Y6089297,,,,0,30.0,0,0
75,14,15,4,10,Y6089298,,,,0,30.0,0,0
75,14,15,4,11,Y6089299,,,,0,30.0,0,0
75,14,15,4,12,Y6089300,,,,0,30.0,0,0
75,14,15,4,13,Y6089301,,,,0,30.0,0,0
75,14,15,4,14,Y6089302,,,,0,30.0,0,0
75,14,15,4,15,Y6089303,,,,0,30.0,0,0
75,14,15,4,16,Y6089304,,,,0,30.0,0,0
75,14,15,4,17,Y6089305,,,,0,30.0,0,0
75,14,15,4,18,Y6089306,,,,0,30.0,0,0
75,14,15,4,19,Y6089307,,,,0,30.0,0,0
75,14,15,4,20,Y6089308,,,,0,30.0,0,0
75,14,15,4,21,Y6089309,,,,0,30.0,0,0
75,14,15,4,22,Y6089310,,,,0,30.0,0,0
75,14,15,4,23,Y6089311,,,,0,30.0,0,0
75,14,15,4,24,Y6089312,,,,0,30.0,0,0
75,14,15,4,25,Y6089313,,,,0,30.0,0,0
75,14,15,4,26,Y6089314,,,,0,30.0,0,0
75,14,15,4,27,Y6089315,,,,0,30.0,0,0
75,14,15,4,28,Y6089316,,,,0,30.0,0,0
75,14,15,4,29,Y6089317,,,,0,30.0,0,0
75,14,15,4,30,Y6089318,,,,0,30.0,0,0
75,14,15,5,10,Y6089319,,,,0,30.0,0,0
75,14,15,5,11,Y6089320,,,,0,30.0,0,0
75,14,15,5,12,Y6089321,,,,0,30.0,0,0
75,14,15,5,13,Y6089322,,,,0,30.0,0,0
75,14,15,5,14,Y6089323,,,,0,30.0,0,0
75,14,15,5,15,Y6089324,,,,0,30.0,0,0
75,14,15,5,16,Y6089325,,,,0,30.0,0,0
75,14,15,5,17,Y6089326,,,,0,30.0,0,0
75,14,15,5,18,Y6089327,,,,0,30.0,0,0
75,14,15,5,19,Y6089328,,,,0,30.0,0,0
75,14,15,5,20,Y6089329,,,,0,30.0,0,0
75,14,15,5,21,Y6089330,,,,0,30.0,0,0
75,14,15,5,22,Y6089331,,,,0,30.0,0,0
75,14,15,5,23,Y6089332,,,,0,30.0,0,0
75,14,15,5,24,Y6089333,,,,0,30.0,0,0
75,14,15,5,25,Y6089334,,,,0,30.0,0,0
75,14,15,5,26,Y6089335,,,,0,30.0,0,0
75,14,15,5,27,Y6089336,,,,0,30.0,0,0
75,14,15,5,28,Y6089337,,,,0,30.0,0,0
75,14,15,5,29,Y6089338,,,,0,30.0,0,0
75,14,15,5,30,Y6089339,,,,0,30.0,0,0
75,14,15,6,10,Y6089340,,,,0,30.0,0,0
75,14,15,6,11,Y6089341,,,,0,30.0,0,0
75,14,15,6,12,Y6089342,,,,0,30.0,0,0
75,14,15,6,13,Y6089343,,,,0,30.0,0,0
75,14,15,6,14,Y6089344,,,,0,30.0,0,0
75,14,15,6,15,Y6089345,,,,0,30.0,0,0
75,14,15,6,16,Y6089346,,,,0,30.0,0,0
75,14,15,6,17,Y6089347,,,,0,30.0,0,0
75,14,15,6,18,Y6089348,,,,0,30.0,0,0
75,14,15,6,19,Y6089349,,,,0,30.0,0,0
75,14,15,6,20,Y6089350,,,,0,30.0,0,0
75,14,15,6,21,Y6089351,,,,0,30.0,0,0
75,14,15,6,22,Y6089352,,,,0,30.0,0,0
75,14,15,6,23,Y6089353,,,,0,30.0,0,0
75,14,15,6,24,Y6089354,,,,0,30.0,0,0
75,14,15,6,25,Y6089355,,,,0,30.0,0,0
75,14,15,6,26,Y6089356,,,,0,30.0,0,0
75,14,15,6,27,Y6089357,,,,0,30.0,0,0
75,14,15,6,28,Y6089358,,,,0,30.0,0,0
75,14,15,6,29,Y6089359,,,,0,30.0,0,0
75,14,15,6,30,Y6089360,,,,0,30.0,0,0
75,14,15,7,10,Y6089361,,,,0,30.0,0,0
75,14,15,7,11,Y6089362,,,,0,30.0,0,0
75,14,15,7,12,Y6089363,,,,0,30.0,0,0
75,14,15,7,13,Y6089364,,,,0,30.0,0,0
75,14,15,7,14,Y6089365,,,,0,30.0,0,0
75,14,15,7,15,Y6089366,,,,0,30.0,0,0
75,14,15,7,16,Y6089367,,,,0,30.0,0,0
75,14,15,7,17,Y6089368,,,,0,30.0,0,0
75,14,15,7,18,Y6089369,,,,0,30.0,0,0
75,14,15,7,19,Y6089370,,,,0,30.0,0,0
75,14,15,7,20,Y6089371,,,,0,30.0,0,0
75,14,15,7,21,Y6089372,,,,0,30.0,0,0
75,14,15,7,22,Y6089373,,,,0,30.0,0,0
75,14,15,7,23,Y6089374,,,,0,30.0,0,0
75,14,15,7,24,Y6089375,,,,0,30.0,0,0
75,14,15,7,25,Y6089376,,,,0,30.0,0,0
75,14,15,7,26,Y6089377,,,,0,30.0,0,0
75,14,15,7,27,Y6089378,,,,0,30.0,0,0
75,14,15,7,28,Y6089379,,,,0,30.0,0,0
75,14,15,7,29,Y6089380,,,,0,30.0,0,0
75,14,15,7,30,Y6089381,,,,0,30.0,0,0
75,14,15,8,10,Y6089382,,,,0,30.0,0,0
75,14,15,8,11,Y6089383,,,,0,30.0,0,0
75,14,15,8,12,Y6089384,,,,0,30.0,0,0
75,14,15,8,13,Y6089385,,,,0,30.0,0,0
75,14,15,8,14,Y6089386,,,,0,30.0,0,0
75,14,15,8,15,Y6089387,,,,0,30.0,0,0
75,14,15,8,16,Y6089388,,,,0,30.0,0,0
75,14,15,8,17,Y6089389,,,,0,30.0,0,0
75,14,15,8,18,Y6089390,,,,0,30.0,0,0
75,14,15,8,19,Y6089391,,,,0,30.0,0,0
75,14,15,8,20,Y6089392,,,,0,30.0,0,0
75,14,15,8,21,Y6089393,,,,0,30.0,0,0
75,14,15,8,22,Y6089394,,,,0,30.0,0,0
75,14,15,8,23,Y6089395,,,,0,30.0,0,0
75,14,15,8,24,Y6089396,,,,0,30.0,0,0
75,14,15,8,25,Y6089397,,,,0,30.0,0,0
75,14,15,8,26,Y6089398,,,,0,30.0,0,0
75,14,15,8,27,Y6089399,,,,0,30.0,0,0
75,14,15,8,28,Y6089400,,,,0,30.0,0,0
75,14,15,8,29,Y6089401,,,,0,30.0,0,0
75,14,15,8,30,Y6089402,,,,0,30.0,0,0
75,14,15,9,10,Y6089403,,,,0,30.0,0,0
75,14,15,9,11,Y6089404,,,,0,30.0,0,0
75,14,15,9,12,Y6089405,,,,0,30.0,0,0
75,14,15,9,13,Y6089406,,,,0,30.0,0,0
75,14,15,9,14,Y6089407,,,,0,30.0,0,0
75,14,15,9,15,Y6089408,,,,0,30.0,0,0
75,14,15,9,16,Y6089409,,,,0,30.0,0,0
75,14,15,9,17,Y6089410,,,,0,30.0,0,0
75,14,15,9,18,Y6089411,,,,0,30.0,0,0
75,14,15,9,19,Y6089412,,,,0,30.0,0,0
75,14,15,9,20,Y6089413,,,,0,30.0,0,0
75,14,15,9,21,Y6089414,,,,0,30.0,0,0
75,14,15,9,22,Y6089415,,,,0,30.0,0,0
75,14,15,9,23,Y6089416,,,,0,30.0,0,0
75,14,15,9,24,Y6089417,,,,0,30.0,0,0
75,14,15,9,25,Y6089418,,,,0,30.0,0,0
75,14,15,9,26,Y6089419,,,,0,30.0,0,0
75,14,15,9,27,Y6089420,,,,0,30.0,0,0
75,14,15,9,28,Y6089421,,,,0,30.0,0,0
75,14,15,9,29,Y6089422,,,,0,30.0,0,0
75,14,15,9,30,Y6089423,,,,0,30.0,0,0
75,14,15,10,10,Y6089424,,,,0,30.0,0,0
75,14,15,10,11,Y6089425,,,,0,30.0,0,0
75,14,15,10,12,Y6089426,,,,0,30.0,0,0
75,14,15,10,13,Y6089427,,,,0,30.0,0,0
75,14,15,10,14,Y6089428,,,,0,30.0,0,0
75,14,15,10,15,Y6089429,,,,0,30.0,0,0
75,14,15,10,16,Y6089430,,,,0,30.0,0,0
75,14,15,10,17,Y6089431,,,,0,30.0,0,0
75,14,15,10,18,Y6089432,,,,0,30.0,0,0
75,14,15,10,19,Y6089433,,,,0,30.0,0,0
75,14,15,10,20,Y6089434,,,,0,30.0,0,0
75,14,15,10,21,Y6089435,,,,0,30.0,0,0
75,14,15,10,22,Y6089436,,,,0,30.0,0,0
75,14,15,10,23,Y6089437,,,,0,30.0,0,0
75,14,15,10,24,Y6089438,,,,0,30.0,0,0
75,14,15,10,25,Y6089439,,,,0,30.0,0,0
75,14,15,10,26,Y6089440,,,,0,30.0,0,0
75,14,15,10,27,Y6089441,,,,0,30.0,0,0
75,14,15,10,28,Y6089442,,,,0,30.0,0,0
75,14,15,10,29,Y6089443,,,,0,30.0,0,0
75,14,15,10,30,Y6089444,,,,0,30.0,0,0
75,14,15,11,10,Y6089445,,,,0,30.0,0,0
75,14,15,11,11,Y6089446,,,,0,30.0,0,0
75,14,15,11,12,Y6089447,,,,0,30.0,0,0
75,14,15,11,13,Y6089448,,,,0,30.0,0,0
75,14,15,11,14,Y6089449,,,,0,30.0,0,0
75,14,15,11,15,Y6089450,,,,0,30.0,0,0
75,14,15,11,16,Y6089451,,,,0,30.0,0,0
75,14,15,11,17,Y6089452,,,,0,30.0,0,0
75,14,15,11,18,Y6089453,,,,0,30.0,0,0
75,14,15,11,19,Y6089454,,,,0,30.0,0,0
75,14,15,11,20,Y6089455,,,,0,30.0,0,0
75,14,15,11,21,Y6089456,,,,0,30.0,0,0
75,14,15,11,22,Y6089457,,,,0,30.0,0,0
75,14,15,11,23,Y6089458,,,,0,30.0,0,0
75,14,15,11,24,Y6089459,,,,0,30.0,0,0
75,14,15,11,25,Y6089460,,,,0,30.0,0,0
75,14,15,11,26,Y6089461,,,,0,30.0,0,0
75,14,15,11,27,Y6089462,,,,0,30.0,0,0
75,14,15,11,28,Y6089463,,,,0,30.0,0,0
75,14,15,11,29,Y6089464,,,,0,30.0,0,0
75,14,15,11,30,Y6089465,,,,0,30.0,0,0
75,14,15,12,10,Y6089466,,,,0,30.0,0,0
75,14,15,12,11,Y6089467,,,,0,30.0,0,0
75,14,15,12,12,Y6089468,,,,0,30.0,0,0
75,14,15,12,13,Y6089469,,,,0,30.0,0,0
75,14,15,12,14,Y6089470,,,,0,30.0,0,0
75,14,15,12,15,Y6089471,,,,0,30.0,0,0
75,14,15,12,16,Y6089472,,,,0,30.0,0,0
75,14,15,12,17,Y6089473,,,,0,30.0,0,0
75,14,15,12,18,Y6089474,,,,0,30.0,0,0
75,14,15,12,19,Y6089475,,,,0,30.0,0,0
75,14,15,12,20,Y6089476,,,,0,30.0,0,0
75,14,15,12,21,Y6089477,,,,0,30.0,0,0
75,14,15,12,22,Y6089478,,,,0,30.0,0,0
75,14,15,12,23,Y6089479,,,,0,30.0,0,0
75,14,15,12,24,Y6089480,,,,0,30.0,0,0
75,14,15,12,25,Y6089481,,,,0,30.0,0,0
75,14,15,12,26,Y6089482,,,,0,30.0,0,0
75,14,15,12,27,Y6089483,,,,0,30.0,0,0
75,14,15,12,28,Y6089484,,,,0,30.0,0,0
75,14,15,12,29,Y6089485,,,,0,30.0,0,0
75,14,15,12,30,Y6089486,,,,0,30.0,0,0
75,14,16,1,10,Y6089487,,,,0,30.0,0,0
75,14,16,1,11,Y6089488,,,,0,30.0,0,0
75,14,16,1,12,Y6089489,,,,0,30.0,0,0
75,14,16,1,13,Y6089490,,,,0,30.0,0,0
75,14,16,1,14,Y6089491,,,,0,30.0,0,0
75,14,16,1,15,Y6089492,,,,0,30.0,0,0
75,14,16,1,16,Y6089493,,,,0,30.0,0,0
75,14,16,1,17,Y6089494,,,,0,30.0,0,0
75,14,16,1,18,Y6089495,,,,0,30.0,0,0
75,14,16,1,19,Y6089496,,,,0,30.0,0,0
75,14,16,1,20,Y6089497,,,,0,30.0,0,0
75,14,16,1,21,Y6089498,,,,0,30.0,0,0
75,14,16,1,22,Y6089499,,,,0,30.0,0,0
75,14,16,1,23,Y6089500,,,,0,30.0,0,0
75,14,16,1,24,Y6089501,,,,0,30.0,0,0
75,14,16,1,25,Y6089502,,,,0,30.0,0,0
75,14,16,1,26,Y6089503,,,,0,30.0,0,0
75,14,16,1,27,Y6089504,,,,0,30.0,0,0
75,14,16,1,28,Y6089505,,,,0,30.0,0,0
75,14,16,1,29,Y6089506,,,,0,30.0,0,0
75,14,16,1,30,Y6089507,,,,0,30.0,0,0
75,14,16,2,10,Y6089508,,,,0,30.0,0,0
75,14,16,2,11,Y6089509,,,,0,30.0,0,0
75,14,16,2,12,Y6089510,,,,0,30.0,0,0
75,14,16,2,13,Y6089511,,,,0,30.0,0,0
75,14,16,2,14,Y6089512,,,,0,30.0,0,0
75,14,16,2,15,Y6089513,,,,0,30.0,0,0
75,14,16,2,16,Y6089514,,,,0,30.0,0,0
75,14,16,2,17,Y6089515,,,,0,30.0,0,0
75,14,16,2,18,Y6089516,,,,0,30.0,0,0
75,14,16,2,19,Y6089517,,,,0,30.0,0,0
75,14,16,2,20,Y6089518,,,,0,30.0,0,0
75,14,16,2,21,Y6089519,,,,0,30.0,0,0
75,14,16,2,22,Y6089520,,,,0,30.0,0,0
75,14,16,2,23,Y6089521,,,,0,30.0,0,0
75,14,16,2,24,Y6089522,,,,0,30.0,0,0
75,14,16,2,25,Y6089523,,,,0,30.0,0,0
75,14,16,2,26,Y6089524,,,,0,30.0,0,0
75,14,16,2,27,Y6089525,,,,0,30.0,0,0
75,14,16,2,28,Y6089526,,,,0,30.0,0,0
75,14,16,2,29,Y6089527,,,,0,30.0,0,0
75,14,16,2,30,Y6089528,,,,0,30.0,0,0
75,14,16,3,10,Y6089529,,,,0,30.0,0,0
75,14,16,3,11,Y6089530,,,,0,30.0,0,0
75,14,16,3,12,Y6089531,,,,0,30.0,0,0
75,14,16,3,13,Y6089532,,,,0,30.0,0,0
75,14,16,3,14,Y6089533,,,,0,30.0,0,0
75,14,16,3,15,Y6089534,,,,0,30.0,0,0
75,14,16,3,16,Y6089535,,,,0,30.0,0,0
75,14,16,3,17,Y6089536,,,,0,30.0,0,0
75,14,16,3,18,Y6089537,,,,0,30.0,0,0
75,14,16,3,19,Y6089538,,,,0,30.0,0,0
75,14,16,3,20,Y6089539,,,,0,30.0,0,0
75,14,16,3,21,Y6089540,,,,0,30.0,0,0
75,14,16,3,22,Y6089541,,,,0,30.0,0,0
75,14,16,3,23,Y6089542,,,,0,30.0,0,0
75,14,16,3,24,Y6089543,,,,0,30.0,0,0
75,14,16,3,25,Y6089544,,,,0,30.0,0,0
75,14,16,3,26,Y6089545,,,,0,30.0,0,0
75,14,16,3,27,Y6089546,,,,0,30.0,0,0
75,14,16,3,28,Y6089547,,,,0,30.0,0,0
75,14,16,3,29,Y6089548,,,,0,30.0,0,0
75,14,16,3,30,Y6089549,,,,0,30.0,0,0
75,14,16,4,10,Y6089550,,,,0,30.0,0,0
75,14,16,4,11,Y6089551,,,,0,30.0,0,0
75,14,16,4,12,Y6089552,,,,0,30.0,0,0
75,14,16,4,13,Y6089553,,,,0,30.0,0,0
75,14,16,4,14,Y6089554,,,,0,30.0,0,0
75,14,16,4,15,Y6089555,,,,0,30.0,0,0
75,14,16,4,16,Y6089556,,,,0,30.0,0,0
75,14,16,4,17,Y6089557,,,,0,30.0,0,0
75,14,16,4,18,Y6089558,,,,0,30.0,0,0
75,14,16,4,19,Y6089559,,,,0,30.0,0,0
75,14,16,4,20,Y6089560,,,,0,30.0,0,0
75,14,16,4,21,Y6089561,,,,0,30.0,0,0
75,14,16,4,22,Y6089562,,,,0,30.0,0,0
75,14,16,4,23,Y6089563,,,,0,30.0,0,0
75,14,16,4,24,Y6089564,,,,0,30.0,0,0
75,14,16,4,25,Y6089565,,,,0,30.0,0,0
75,14,16,4,26,Y6089566,,,,0,30.0,0,0
75,14,16,4,27,Y6089567,,,,0,30.0,0,0
75,14,16,4,28,Y6089568,,,,0,30.0,0,0
75,14,16,4,29,Y6089569,,,,0,30.0,0,0
75,14,16,4,30,Y6089570,,,,0,30.0,0,0
75,14,16,5,10,Y6089571,,,,0,30.0,0,0
75,14,16,5,11,Y6089572,,,,0,30.0,0,0
75,14,16,5,12,Y6089573,,,,0,30.0,0,0
75,14,16,5,13,Y6089574,,,,0,30.0,0,0
75,14,16,5,14,Y6089575,,,,0,30.0,0,0
75,14,16,5,15,Y6089576,,,,0,30.0,0,0
75,14,16,5,16,Y6089577,,,,0,30.0,0,0
75,14,16,5,17,Y6089578,,,,0,30.0,0,0
75,14,16,5,18,Y6089579,,,,0,30.0,0,0
75,14,16,5,19,Y6089580,,,,0,30.0,0,0
75,14,16,5,20,Y6089581,,,,0,30.0,0,0
75,14,16,5,21,Y6089582,,,,0,30.0,0,0
75,14,16,5,22,Y6089583,,,,0,30.0,0,0
75,14,16,5,23,Y6089584,,,,0,30.0,0,0
75,14,16,5,24,Y6089585,,,,0,30.0,0,0
75,14,16,5,25,Y6089586,,,,0,30.0,0,0
75,14,16,5,26,Y6089587,,,,0,30.0,0,0
75,14,16,5,27,Y6089588,,,,0,30.0,0,0
75,14,16,5,28,Y6089589,,,,0,30.0,0,0
75,14,16,5,29,Y6089590,,,,0,30.0,0,0
75,14,16,5,30,Y6089591,,,,0,30.0,0,0
75,14,16,6,10,Y6089592,,,,0,30.0,0,0
75,14,16,6,11,Y6089593,,,,0,30.0,0,0
75,14,16,6,12,Y6089594,,,,0,30.0,0,0
75,14,16,6,13,Y6089595,,,,0,30.0,0,0
75,14,16,6,14,Y6089596,,,,0,30.0,0,0
75,14,16,6,15,Y6089597,,,,0,30.0,0,0
75,14,16,6,16,Y6089598,,,,0,30.0,0,0
75,14,16,6,17,Y6089599,,,,0,30.0,0,0
75,14,16,6,18,Y6089600,,,,0,30.0,0,0
75,14,16,6,19,Y6089601,,,,0,30.0,0,0
75,14,16,6,20,Y6089602,,,,0,30.0,0,0
75,14,16,6,21,Y6089603,,,,0,30.0,0,0
75,14,16,6,22,Y6089604,,,,0,30.0,0,0
75,14,16,6,23,Y6089605,,,,0,30.0,0,0
75,14,16,6,24,Y6089606,,,,0,30.0,0,0
75,14,16,6,25,Y6089607,,,,0,30.0,0,0
75,14,16,6,26,Y6089608,,,,0,30.0,0,0
75,14,16,6,27,Y6089609,,,,0,30.0,0,0
75,14,16,6,28,Y6089610,,,,0,30.0,0,0
75,14,16,6,29,Y6089611,,,,0,30.0,0,0
75,14,16,6,30,Y6089612,,,,0,30.0,0,0
75,14,16,7,10,Y6089613,,,,0,30.0,0,0
75,14,16,7,11,Y6089614,,,,0,30.0,0,0
75,14,16,7,12,Y6089615,,,,0,30.0,0,0
75,14,16,7,13,Y6089616,,,,0,30.0,0,0
75,14,16,7,14,Y6089617,,,,0,30.0,0,0
75,14,16,7,15,Y6089618,,,,0,30.0,0,0
75,14,16,7,16,Y6089619,,,,0,30.0,0,0
75,14,16,7,17,Y6089620,,,,0,30.0,0,0
75,14,16,7,18,Y6089621,,,,0,30.0,0,0
75,14,16,7,19,Y6089622,,,,0,30.0,0,0
75,14,16,7,20,Y6089623,,,,0,30.0,0,0
75,14,16,7,21,Y6089624,,,,0,30.0,0,0
75,14,16,7,22,Y6089625,,,,0,30.0,0,0
75,14,16,7,23,Y6089626,,,,0,30.0,0,0
75,14,16,7,24,Y6089627,,,,0,30.0,0,0
75,14,16,7,25,Y6089628,,,,0,30.0,0,0
75,14,16,7,26,Y6089629,,,,0,30.0,0,0
75,14,16,7,27,Y6089630,,,,0,30.0,0,0
75,14,16,7,28,Y6089631,,,,0,30.0,0,0
75,14,16,7,29,Y6089632,,,,0,30.0,0,0
75,14,16,7,30,Y6089633,,,,0,30.0,0,0
75,14,16,8,10,Y6089634,,,,0,30.0,0,0
75,14,16,8,11,Y6089635,,,,0,30.0,0,0
75,14,16,8,12,Y6089636,,,,0,30.0,0,0
75,14,16,8,13,Y6089637,,,,0,30.0,0,0
75,14,16,8,14,Y6089638,,,,0,30.0,0,0
75,14,16,8,15,Y6089639,,,,0,30.0,0,0
75,14,16,8,16,Y6089640,,,,0,30.0,0,0
75,14,16,8,17,Y6089641,,,,0,30.0,0,0
75,14,16,8,18,Y6089642,,,,0,30.0,0,0
75,14,16,8,19,Y6089643,,,,0,30.0,0,0
75,14,16,8,20,Y6089644,,,,0,30.0,0,0
75,14,16,8,21,Y6089645,,,,0,30.0,0,0
75,14,16,8,22,Y6089646,,,,0,30.0,0,0
75,14,16,8,23,Y6089647,,,,0,30.0,0,0
75,14,16,8,24,Y6089648,,,,0,30.0,0,0
75,14,16,8,25,Y6089649,,,,0,30.0,0,0
75,14,16,8,26,Y6089650,,,,0,30.0,0,0
75,14,16,8,27,Y6089651,,,,0,30.0,0,0
75,14,16,8,28,Y6089652,,,,0,30.0,0,0
75,14,16,8,29,Y6089653,,,,0,30.0,0,0
75,14,16,8,30,Y6089654,,,,0,30.0,0,0
75,14,16,9,10,Y6089655,,,,0,30.0,0,0
75,14,16,9,11,Y6089656,,,,0,30.0,0,0
75,14,16,9,12,Y6089657,,,,0,30.0,0,0
75,14,16,9,13,Y6089658,,,,0,30.0,0,0
75,14,16,9,14,Y6089659,,,,0,30.0,0,0
75,14,16,9,15,Y6089660,,,,0,30.0,0,0
75,14,16,9,16,Y6089661,,,,0,30.0,0,0
75,14,16,9,17,Y6089662,,,,0,30.0,0,0
75,14,16,9,18,Y6089663,,,,0,30.0,0,0
75,14,16,9,19,Y6089664,,,,0,30.0,0,0
75,14,16,9,20,Y6089665,,,,0,30.0,0,0
75,14,16,9,21,Y6089666,,,,0,30.0,0,0
75,14,16,9,22,Y6089667,,,,0,30.0,0,0
75,14,16,9,23,Y6089668,,,,0,30.0,0,0
75,14,16,9,24,Y6089669,,,,0,30.0,0,0
75,14,16,9,25,Y6089670,,,,0,30.0,0,0
75,14,16,9,26,Y6089671,,,,0,30.0,0,0
75,14,16,9,27,Y6089672,,,,0,30.0,0,0
75,14,16,9,28,Y6089673,,,,0,30.0,0,0
75,14,16,9,29,Y6089674,,,,0,30.0,0,0
75,14,16,9,30,Y6089675,,,,0,30.0,0,0
75,14,16,10,10,Y6089676,,,,0,30.0,0,0
75,14,16,10,11,Y6089677,,,,0,30.0,0,0
75,14,16,10,12,Y6089678,,,,0,30.0,0,0
75,14,16,10,13,Y6089679,,,,0,30.0,0,0
75,14,16,10,14,Y6089680,,,,0,30.0,0,0
75,14,16,10,15,Y6089681,,,,0,30.0,0,0
75,14,16,10,16,Y6089682,,,,0,30.0,0,0
75,14,16,10,17,Y6089683,,,,0,30.0,0,0
75,14,16,10,18,Y6089684,,,,0,30.0,0,0
75,14,16,10,19,Y6089685,,,,0,30.0,0,0
75,14,16,10,20,Y6089686,,,,0,30.0,0,0
75,14,16,10,21,Y6089687,,,,0,30.0,0,0
75,14,16,10,22,Y6089688,,,,0,30.0,0,0
75,14,16,10,23,Y6089689,,,,0,30.0,0,0
75,14,16,10,24,Y6089690,,,,0,30.0,0,0
75,14,16,10,25,Y6089691,,,,0,30.0,0,0
75,14,16,10,26,Y6089692,,,,0,30.0,0,0
75,14,16,10,27,Y6089693,,,,0,30.0,0,0
75,14,16,10,28,Y6089694,,,,0,30.0,0,0
75,14,16,10,29,Y6089695,,,,0,30.0,0,0
75,14,16,10,30,Y6089696,,,,0,30.0,0,0
75,14,16,11,10,Y6089697,,,,0,30.0,0,0
75,14,16,11,11,Y6089698,,,,0,30.0,0,0
75,14,16,11,12,Y6089699,,,,0,30.0,0,0
75,14,16,11,13,Y6089700,,,,0,30.0,0,0
75,14,16,11,14,Y6089701,,,,0,30.0,0,0
75,14,16,11,15,Y6089702,,,,0,30.0,0,0
75,14,16,11,16,Y6089703,,,,0,30.0,0,0
75,14,16,11,17,Y6089704,,,,0,30.0,0,0
75,14,16,11,18,Y6089705,,,,0,30.0,0,0
75,14,16,11,19,Y6089706,,,,0,30.0,0,0
75,14,16,11,20,Y6089707,,,,0,30.0,0,0
75,14,16,11,21,Y6089708,,,,0,30.0,0,0
75,14,16,11,22,Y6089709,,,,0,30.0,0,0
75,14,16,11,23,Y6089710,,,,0,30.0,0,0
75,14,16,11,24,Y6089711,,,,0,30.0,0,0
75,14,16,11,25,Y6089712,,,,0,30.0,0,0
75,14,16,11,26,Y6089713,,,,0,30.0,0,0
75,14,16,11,27,Y6089714,,,,0,30.0,0,0
75,14,16,11,28,Y6089715,,,,0,30.0,0,0
75,14,16,11,29,Y6089716,,,,0,30.0,0,0
75,14,16,11,30,Y6089717,,,,0,30.0,0,0
75,14,16,12,10,Y6089718,,,,0,30.0,0,0
75,14,16,12,11,Y6089719,,,,0,30.0,0,0
75,14,16,12,12,Y6089720,,,,0,30.0,0,0
75,14,16,12,13,Y6089721,,,,0,30.0,0,0
75,14,16,12,14,Y6089722,,,,0,30.0,0,0
75,14,16,12,15,Y6089723,,,,0,30.0,0,0
75,14,16,12,16,Y6089724,,,,0,30.0,0,0
75,14,16,12,17,Y6089725,,,,0,30.0,0,0
75,14,16,12,18,Y6089726,,,,0,30.0,0,0
75,14,16,12,19,Y6089727,,,,0,30.0,0,0
75,14,16,12,20,Y6089728,,,,0,30.0,0,0
75,14,16,12,21,Y6089729,,,,0,30.0,0,0
75,14,16,12,22,Y6089730,,,,0,30.0,0,0
75,14,16,12,23,Y6089731,,,,0,30.0,0,0
75,14,16,12,24,Y6089732,,,,0,30.0,0,0
75,14,16,12,25,Y6089733,,,,0,30.0,0,0
75,14,16,12,26,Y6089734,,,,0,30.0,0,0
75,14,16,12,27,Y6089735,,,,0,30.0,0,0
75,14,16,12,28,Y6089736,,,,0,30.0,0,0
75,14,16,12,29,Y6089737,,,,0,30.0,0,0
75,14,16,12,30,Y6089738,,,,0,30.0,0,0
75,14,17,1,10,Y6089739,,,,0,30.0,0,0
75,14,17,1,11,Y6089740,,,,0,30.0,0,0
75,14,17,1,12,Y6089741,,,,0,30.0,0,0
75,14,17,1,13,Y6089742,,,,0,30.0,0,0
75,14,17,1,14,Y6089743,,,,0,30.0,0,0
75,14,17,1,15,Y6089744,,,,0,30.0,0,0
75,14,17,1,16,Y6089745,,,,0,30.0,0,0
75,14,17,1,17,Y6089746,,,,0,30.0,0,0
75,14,17,1,18,Y6089747,,,,0,30.0,0,0
75,14,17,1,19,Y6089748,,,,0,30.0,0,0
75,14,17,1,20,Y6089749,,,,0,30.0,0,0
75,14,17,1,21,Y6089750,,,,0,30.0,0,0
75,14,17,1,22,Y6089751,,,,0,30.0,0,0
75,14,17,1,23,Y6089752,,,,0,30.0,0,0
75,14,17,1,24,Y6089753,,,,0,30.0,0,0
75,14,17,1,25,Y6089754,,,,0,30.0,0,0
75,14,17,1,26,Y6089755,,,,0,30.0,0,0
75,14,17,1,27,Y6089756,,,,0,30.0,0,0
75,14,17,1,28,Y6089757,,,,0,30.0,0,0
75,14,17,1,29,Y6089758,,,,0,30.0,0,0
75,14,17,1,30,Y6089759,,,,0,30.0,0,0
75,14,17,2,10,Y6089760,,,,0,30.0,0,0
75,14,17,2,11,Y6089761,,,,0,30.0,0,0
75,14,17,2,12,Y6089762,,,,0,30.0,0,0
75,14,17,2,13,Y6089763,,,,0,30.0,0,0
75,14,17,2,14,Y6089764,,,,0,30.0,0,0
75,14,17,2,15,Y6089765,,,,0,30.0,0,0
75,14,17,2,16,Y6089766,,,,0,30.0,0,0
75,14,17,2,17,Y6089767,,,,0,30.0,0,0
75,14,17,2,18,Y6089768,,,,0,30.0,0,0
75,14,17,2,19,Y6089769,,,,0,30.0,0,0
75,14,17,2,20,Y6089770,,,,0,30.0,0,0
75,14,17,2,21,Y6089771,,,,0,30.0,0,0
75,14,17,2,22,Y6089772,,,,0,30.0,0,0
75,14,17,2,23,Y6089773,,,,0,30.0,0,0
75,14,17,2,24,Y6089774,,,,0,30.0,0,0
75,14,17,2,25,Y6089775,,,,0,30.0,0,0
75,14,17,2,26,Y6089776,,,,0,30.0,0,0
75,14,17,2,27,Y6089777,,,,0,30.0,0,0
75,14,17,2,28,Y6089778,,,,0,30.0,0,0
75,14,17,2,29,Y6089779,,,,0,30.0,0,0
75,14,17,2,30,Y6089780,,,,0,30.0,0,0
75,14,17,3,10,Y6089781,,,,0,30.0,0,0
75,14,17,3,11,Y6089782,,,,0,30.0,0,0
75,14,17,3,12,Y6089783,,,,0,30.0,0,0
75,14,17,3,13,Y6089784,,,,0,30.0,0,0
75,14,17,3,14,Y6089785,,,,0,30.0,0,0
75,14,17,3,15,Y6089786,,,,0,30.0,0,0
75,14,17,3,16,Y6089787,,,,0,30.0,0,0
75,14,17,3,17,Y6089788,,,,0,30.0,0,0
75,14,17,3,18,Y6089789,,,,0,30.0,0,0
75,14,17,3,19,Y6089790,,,,0,30.0,0,0
75,14,17,3,20,Y6089791,,,,0,30.0,0,0
75,14,17,3,21,Y6089792,,,,0,30.0,0,0
75,14,17,3,22,Y6089793,,,,0,30.0,0,0
75,14,17,3,23,Y6089794,,,,0,30.0,0,0
75,14,17,3,24,Y6089795,,,,0,30.0,0,0
75,14,17,3,25,Y6089796,,,,0,30.0,0,0
75,14,17,3,26,Y6089797,,,,0,30.0,0,0
75,14,17,3,27,Y6089798,,,,0,30.0,0,0
75,14,17,3,28,Y6089799,,,,0,30.0,0,0
75,14,17,3,29,Y6089800,,,,0,30.0,0,0
75,14,17,3,30,Y6089801,,,,0,30.0,0,0
75,14,17,4,10,Y6089802,,,,0,30.0,0,0
75,14,17,4,11,Y6089803,,,,0,30.0,0,0
75,14,17,4,12,Y6089804,,,,0,30.0,0,0
75,14,17,4,13,Y6089805,,,,0,30.0,0,0
75,14,17,4,14,Y6089806,,,,0,30.0,0,0
75,14,17,4,15,Y6089807,,,,0,30.0,0,0
75,14,17,4,16,Y6089808,,,,0,30.0,0,0
75,14,17,4,17,Y6089809,,,,0,30.0,0,0
75,14,17,4,18,Y6089810,,,,0,30.0,0,0
75,14,17,4,19,Y6089811,,,,0,30.0,0,0
75,14,17,4,20,Y6089812,,,,0,30.0,0,0
75,14,17,4,21,Y6089813,,,,0,30.0,0,0
75,14,17,4,22,Y6089814,,,,0,30.0,0,0
75,14,17,4,23,Y6089815,,,,0,30.0,0,0
75,14,17,4,24,Y6089816,,,,0,30.0,0,0
75,14,17,4,25,Y6089817,,,,0,30.0,0,0
75,14,17,4,26,Y6089818,,,,0,30.0,0,0
75,14,17,4,27,Y6089819,,,,0,30.0,0,0
75,14,17,4,28,Y6089820,,,,0,30.0,0,0
75,14,17,4,29,Y6089821,,,,0,30.0,0,0
75,14,17,4,30,Y6089822,,,,0,30.0,0,0
75,14,17,5,10,Y6089823,,,,0,30.0,0,0
75,14,17,5,11,Y6089824,,,,0,30.0,0,0
75,14,17,5,12,Y6089825,,,,0,30.0,0,0
75,14,17,5,13,Y6089826,,,,0,30.0,0,0
75,14,17,5,14,Y6089827,,,,0,30.0,0,0
75,14,17,5,15,Y6089828,,,,0,30.0,0,0
75,14,17,5,16,Y6089829,,,,0,30.0,0,0
75,14,17,5,17,Y6089830,,,,0,30.0,0,0
75,14,17,5,18,Y6089831,,,,0,30.0,0,0
75,14,17,5,19,Y6089832,,,,0,30.0,0,0
75,14,17,5,20,Y6089833,,,,0,30.0,0,0
75,14,17,5,21,Y6089834,,,,0,30.0,0,0
75,14,17,5,22,Y6089835,,,,0,30.0,0,0
75,14,17,5,23,Y6089836,,,,0,30.0,0,0
75,14,17,5,24,Y6089837,,,,0,30.0,0,0
75,14,17,5,25,Y6089838,,,,0,30.0,0,0
75,14,17,5,26,Y6089839,,,,0,30.0,0,0
75,14,17,5,27,Y6089840,,,,0,30.0,0,0
75,14,17,5,28,Y6089841,,,,0,30.0,0,0
75,14,17,5,29,Y6089842,,,,0,30.0,0,0
75,14,17,5,30,Y6089843,,,,0,30.0,0,0
75,14,17,6,10,Y6089844,,,,0,30.0,0,0
75,14,17,6,11,Y6089845,,,,0,30.0,0,0
75,14,17,6,12,Y6089846,,,,0,30.0,0,0
75,14,17,6,13,Y6089847,,,,0,30.0,0,0
75,14,17,6,14,Y6089848,,,,0,30.0,0,0
75,14,17,6,15,Y6089849,,,,0,30.0,0,0
75,14,17,6,16,Y6089850,,,,0,30.0,0,0
75,14,17,6,17,Y6089851,,,,0,30.0,0,0
75,14,17,6,18,Y6089852,,,,0,30.0,0,0
75,14,17,6,19,Y6089853,,,,0,30.0,0,0
75,14,17,6,20,Y6089854,,,,0,30.0,0,0
75,14,17,6,21,Y6089855,,,,0,30.0,0,0
75,14,17,6,22,Y6089856,,,,0,30.0,0,0
75,14,17,6,23,Y6089857,,,,0,30.0,0,0
75,14,17,6,24,Y6089858,,,,0,30.0,0,0
75,14,17,6,25,Y6089859,,,,0,30.0,0,0
75,14,17,6,26,Y6089860,,,,0,30.0,0,0
75,14,17,6,27,Y6089861,,,,0,30.0,0,0
75,14,17,6,28,Y6089862,,,,0,30.0,0,0
75,14,17,6,29,Y6089863,,,,0,30.0,0,0
75,14,17,6,30,Y6089864,,,,0,30.0,0,0
75,14,17,7,10,Y6089865,,,,0,30.0,0,0
75,14,17,7,11,Y6089866,,,,0,30.0,0,0
75,14,17,7,12,Y6089867,,,,0,30.0,0,0
75,14,17,7,13,Y6089868,,,,0,30.0,0,0
75,14,17,7,14,Y6089869,,,,0,30.0,0,0
75,14,17,7,15,Y6089870,,,,0,30.0,0,0
75,14,17,7,16,Y6089871,,,,0,30.0,0,0
75,14,17,7,17,Y6089872,,,,0,30.0,0,0
75,14,17,7,18,Y6089873,,,,0,30.0,0,0
75,14,17,7,19,Y6089874,,,,0,30.0,0,0
75,14,17,7,20,Y6089875,,,,0,30.0,0,0
75,14,17,7,21,Y6089876,,,,0,30.0,0,0
75,14,17,7,22,Y6089877,,,,0,30.0,0,0
75,14,17,7,23,Y6089878,,,,0,30.0,0,0
75,14,17,7,24,Y6089879,,,,0,30.0,0,0
75,14,17,7,25,Y6089880,,,,0,30.0,0,0
75,14,17,7,26,Y6089881,,,,0,30.0,0,0
75,14,17,7,27,Y6089882,,,,0,30.0,0,0
75,14,17,7,28,Y6089883,,,,0,30.0,0,0
75,14,17,7,29,Y6089884,,,,0,30.0,0,0
75,14,17,7,30,Y6089885,,,,0,30.0,0,0
75,14,17,8,10,Y6089886,,,,0,30.0,0,0
75,14,17,8,11,Y6089887,,,,0,30.0,0,0
75,14,17,8,12,Y6089888,,,,0,30.0,0,0
75,14,17,8,13,Y6089889,,,,0,30.0,0,0
75,14,17,8,14,Y6089890,,,,0,30.0,0,0
75,14,17,8,15,Y6089891,,,,0,30.0,0,0
75,14,17,8,16,Y6089892,,,,0,30.0,0,0
75,14,17,8,17,Y6089893,,,,0,30.0,0,0
75,14,17,8,18,Y6089894,,,,0,30.0,0,0
75,14,17,8,19,Y6089895,,,,0,30.0,0,0
75,14,17,8,20,Y6089896,,,,0,30.0,0,0
75,14,17,8,21,Y6089897,,,,0,30.0,0,0
75,14,17,8,22,Y6089898,,,,0,30.0,0,0
75,14,17,8,23,Y6089899,,,,0,30.0,0,0
75,14,17,8,24,Y6089900,,,,0,30.0,0,0
75,14,17,8,25,Y6089901,,,,0,30.0,0,0
75,14,17,8,26,Y6089902,,,,0,30.0,0,0
75,14,17,8,27,Y6089903,,,,0,30.0,0,0
75,14,17,8,28,Y6089904,,,,0,30.0,0,0
75,14,17,8,29,Y6089905,,,,0,30.0,0,0
75,14,17,8,30,Y6089906,,,,0,30.0,0,0
75,14,17,9,10,Y6089907,,,,0,30.0,0,0
75,14,17,9,11,Y6089908,,,,0,30.0,0,0
75,14,17,9,12,Y6089909,,,,0,30.0,0,0
75,14,17,9,13,Y6089910,,,,0,30.0,0,0
75,14,17,9,14,Y6089911,,,,0,30.0,0,0
75,14,17,9,15,Y6089912,,,,0,30.0,0,0
75,14,17,9,16,Y6089913,,,,0,30.0,0,0
75,14,17,9,17,Y6089914,,,,0,30.0,0,0
75,14,17,9,18,Y6089915,,,,0,30.0,0,0
75,14,17,9,19,Y6089916,,,,0,30.0,0,0
75,14,17,9,20,Y6089917,,,,0,30.0,0,0
75,14,17,9,21,Y6089918,,,,0,30.0,0,0
75,14,17,9,22,Y6089919,,,,0,30.0,0,0
75,14,17,9,23,Y6089920,,,,0,30.0,0,0
75,14,17,9,24,Y6089921,,,,0,30.0,0,0
75,14,17,9,25,Y6089922,,,,0,30.0,0,0
75,14,17,9,26,Y6089923,,,,0,30.0,0,0
75,14,17,9,27,Y6089924,,,,0,30.0,0,0
75,14,17,9,28,Y6089925,,,,0,30.0,0,0
75,14,17,9,29,Y6089926,,,,0,30.0,0,0
75,14,17,9,30,Y6089927,,,,0,30.0,0,0
75,14,17,10,10,Y6089928,,,,0,30.0,0,0
75,14,17,10,11,Y6089929,,,,0,30.0,0,0
75,14,17,10,12,Y6089930,,,,0,30.0,0,0
75,14,17,10,13,Y6089931,,,,0,30.0,0,0
75,14,17,10,14,Y6089932,,,,0,30.0,0,0
75,14,17,10,15,Y6089933,,,,0,30.0,0,0
75,14,17,10,16,Y6089934,,,,0,30.0,0,0
75,14,17,10,17,Y6089935,,,,0,30.0,0,0
75,14,17,10,18,Y6089936,,,,0,30.0,0,0
75,14,17,10,19,Y6089937,,,,0,30.0,0,0
75,14,17,10,20,Y6089938,,,,0,30.0,0,0
75,14,17,10,21,Y6089939,,,,0,30.0,0,0
75,14,17,10,22,Y6089940,,,,0,30.0,0,0
75,14,17,10,23,Y6089941,,,,0,30.0,0,0
75,14,17,10,24,Y6089942,,,,0,30.0,0,0
75,14,17,10,25,Y6089943,,,,0,30.0,0,0
75,14,17,10,26,Y6089944,,,,0,30.0,0,0
75,14,17,10,27,Y6089945,,,,0,30.0,0,0
75,14,17,10,28,Y6089946,,,,0,30.0,0,0
75,14,17,10,29,Y6089947,,,,0,30.0,0,0
75,14,17,10,30,Y6089948,,,,0,30.0,0,0
75,14,17,11,10,Y6089949,,,,0,30.0,0,0
75,14,17,11,11,Y6089950,,,,0,30.0,0,0
75,14,17,11,12,Y6089951,,,,0,30.0,0,0
75,14,17,11,13,Y6089952,,,,0,30.0,0,0
75,14,17,11,14,Y6089953,,,,0,30.0,0,0
75,14,17,11,15,Y6089954,,,,0,30.0,0,0
75,14,17,11,16,Y6089955,,,,0,30.0,0,0
75,14,17,11,17,Y6089956,,,,0,30.0,0,0
75,14,17,11,18,Y6089957,,,,0,30.0,0,0
75,14,17,11,19,Y6089958,,,,0,30.0,0,0
75,14,17,11,20,Y6089959,,,,0,30.0,0,0
75,14,17,11,21,Y6089960,,,,0,30.0,0,0
75,14,17,11,22,Y6089961,,,,0,30.0,0,0
75,14,17,11,23,Y6089962,,,,0,30.0,0,0
75,14,17,11,24,Y6089963,,,,0,30.0,0,0
75,14,17,11,25,Y6089964,,,,0,30.0,0,0
75,14,17,11,26,Y6089965,,,,0,30.0,0,0
75,14,17,11,27,Y6089966,,,,0,30.0,0,0
75,14,17,11,28,Y6089967,,,,0,30.0,0,0
75,14,17,11,29,Y6089968,,,,0,30.0,0,0
75,14,17,11,30,Y6089969,,,,0,30.0,0,0
75,14,17,12,10,Y6089970,,,,0,30.0,0,0
75,14,17,12,11,Y6089971,,,,0,30.0,0,0
75,14,17,12,12,Y6089972,,,,0,30.0,0,0
75,14,17,12,13,Y6089973,,,,0,30.0,0,0
75,14,17,12,14,Y6089974,,,,0,30.0,0,0
75,14,17,12,15,Y6089975,,,,0,30.0,0,0
75,14,17,12,16,Y6089976,,,,0,30.0,0,0
75,14,17,12,17,Y6089977,,,,0,30.0,0,0
75,14,17,12,18,Y6089978,,,,0,30.0,0,0
75,14,17,12,19,Y6089979,,,,0,30.0,0,0
75,14,17,12,20,Y6089980,,,,0,30.0,0,0
75,14,17,12,21,Y6089981,,,,0,30.0,0,0
75,14,17,12,22,Y6089982,,,,0,30.0,0,0
75,14,17,12,23,Y6089983,,,,0,30.0,0,0
75,14,17,12,24,Y6089984,,,,0,30.0,0,0
75,14,17,12,25,Y6089985,,,,0,30.0,0,0
75,14,17,12,26,Y6089986,,,,0,30.0,0,0
75,14,17,12,27,Y6089987,,,,0,30.0,0,0
75,14,17,12,28,Y6089988,,,,0,30.0,0,0
75,14,17,12,29,Y6089989,,,,0,30.0,0,0
75,14,17,12,30,Y6089990,,,,0,30.0,0,0
75,14,18,1,10,Y6089991,,,,0,30.0,0,0
75,14,18,1,11,Y6089992,,,,0,30.0,0,0
75,14,18,1,12,Y6089993,,,,0,30.0,0,0
75,14,18,1,13,Y6089994,,,,0,30.0,0,0
75,14,18,1,14,Y6089995,,,,0,30.0,0,0
75,14,18,1,15,Y6089996,,,,0,30.0,0,0
75,14,18,1,16,Y6089997,,,,0,30.0,0,0
75,14,18,1,17,Y6089998,,,,0,30.0,0,0
75,14,18,1,18,Y6089999,,,,0,30.0,0,0
75,14,18,1,19,Y6090000,,,,0,30.0,0,0
75,14,18,1,20,Y6090001,,,,0,30.0,0,0
75,14,18,1,21,Y6090002,,,,0,30.0,0,0
75,14,18,1,22,Y6090003,,,,0,30.0,0,0
75,14,18,1,23,Y6090004,,,,0,30.0,0,0
75,14,18,1,24,Y6090005,,,,0,30.0,0,0
75,14,18,1,25,Y6090006,,,,0,30.0,0,0
75,14,18,1,26,Y6090007,,,,0,30.0,0,0
75,14,18,1,27,Y6090008,,,,0,30.0,0,0
75,14,18,1,28,Y6090009,,,,0,30.0,0,0
75,14,18,1,29,Y6090010,,,,0,30.0,0,0
75,14,18,1,30,Y6090011,,,,0,30.0,0,0
75,14,18,2,10,Y6090012,,,,0,30.0,0,0
75,14,18,2,11,Y6090013,,,,0,30.0,0,0
75,14,18,2,12,Y6090014,,,,0,30.0,0,0
75,14,18,2,13,Y6090015,,,,0,30.0,0,0
75,14,18,2,14,Y6090016,,,,0,30.0,0,0
75,14,18,2,15,Y6090017,,,,0,30.0,0,0
75,14,18,2,16,Y6090018,,,,0,30.0,0,0
75,14,18,2,17,Y6090019,,,,0,30.0,0,0
75,14,18,2,18,Y6090020,,,,0,30.0,0,0
75,14,18,2,19,Y6090021,,,,0,30.0,0,0
75,14,18,2,20,Y6090022,,,,0,30.0,0,0
75,14,18,2,21,Y6090023,,,,0,30.0,0,0
75,14,18,2,22,Y6090024,,,,0,30.0,0,0
75,14,18,2,23,Y6090025,,,,0,30.0,0,0
75,14,18,2,24,Y6090026,,,,0,30.0,0,0
75,14,18,2,25,Y6090027,,,,0,30.0,0,0
75,14,18,2,26,Y6090028,,,,0,30.0,0,0
75,14,18,2,27,Y6090029,,,,0,30.0,0,0
75,14,18,2,28,Y6090030,,,,0,30.0,0,0
75,14,18,2,29,Y6090031,,,,0,30.0,0,0
75,14,18,2,30,Y6090032,,,,0,30.0,0,0
75,14,18,3,10,Y6090033,,,,0,30.0,0,0
75,14,18,3,11,Y6090034,,,,0,30.0,0,0
75,14,18,3,12,Y6090035,,,,0,30.0,0,0
75,14,18,3,13,Y6090036,,,,0,30.0,0,0
75,14,18,3,14,Y6090037,,,,0,30.0,0,0
75,14,18,3,15,Y6090038,,,,0,30.0,0,0
75,14,18,3,16,Y6090039,,,,0,30.0,0,0
75,14,18,3,17,Y6090040,,,,0,30.0,0,0
75,14,18,3,18,Y6090041,,,,0,30.0,0,0
75,14,18,3,19,Y6090042,,,,0,30.0,0,0
75,14,18,3,20,Y6090043,,,,0,30.0,0,0
75,14,18,3,21,Y6090044,,,,0,30.0,0,0
75,14,18,3,22,Y6090045,,,,0,30.0,0,0
75,14,18,3,23,Y6090046,,,,0,30.0,0,0
75,14,18,3,24,Y6090047,,,,0,30.0,0,0
75,14,18,3,25,Y6090048,,,,0,30.0,0,0
75,14,18,3,26,Y6090049,,,,0,30.0,0,0
75,14,18,3,27,Y6090050,,,,0,30.0,0,0
75,14,18,3,28,Y6090051,,,,0,30.0,0,0
75,14,18,3,29,Y6090052,,,,0,30.0,0,0
75,14,18,3,30,Y6090053,,,,0,30.0,0,0
75,14,18,4,10,Y6090054,,,,0,30.0,0,0
75,14,18,4,11,Y6090055,,,,0,30.0,0,0
75,14,18,4,12,Y6090056,,,,0,30.0,0,0
75,14,18,4,13,Y6090057,,,,0,30.0,0,0
75,14,18,4,14,Y6090058,,,,0,30.0,0,0
75,14,18,4,15,Y6090059,,,,0,30.0,0,0
75,14,18,4,16,Y6090060,,,,0,30.0,0,0
75,14,18,4,17,Y6090061,,,,0,30.0,0,0
75,14,18,4,18,Y6090062,,,,0,30.0,0,0
75,14,18,4,19,Y6090063,,,,0,30.0,0,0
75,14,18,4,20,Y6090064,,,,0,30.0,0,0
75,14,18,4,21,Y6090065,,,,0,30.0,0,0
75,14,18,4,22,Y6090066,,,,0,30.0,0,0
75,14,18,4,23,Y6090067,,,,0,30.0,0,0
75,14,18,4,24,Y6090068,,,,0,30.0,0,0
75,14,18,4,25,Y6090069,,,,0,30.0,0,0
75,14,18,4,26,Y6090070,,,,0,30.0,0,0
75,14,18,4,27,Y6090071,,,,0,30.0,0,0
75,14,18,4,28,Y6090072,,,,0,30.0,0,0
75,14,18,4,29,Y6090073,,,,0,30.0,0,0
75,14,18,4,30,Y6090074,,,,0,30.0,0,0
75,14,18,5,10,Y6090075,,,,0,30.0,0,0
75,14,18,5,11,Y6090076,,,,0,30.0,0,0
75,14,18,5,12,Y6090077,,,,0,30.0,0,0
75,14,18,5,13,Y6090078,,,,0,30.0,0,0
75,14,18,5,14,Y6090079,,,,0,30.0,0,0
75,14,18,5,15,Y6090080,,,,0,30.0,0,0
75,14,18,5,16,Y6090081,,,,0,30.0,0,0
75,14,18,5,17,Y6090082,,,,0,30.0,0,0
75,14,18,5,18,Y6090083,,,,0,30.0,0,0
75,14,18,5,19,Y6090084,,,,0,30.0,0,0
75,14,18,5,20,Y6090085,,,,0,30.0,0,0
75,14,18,5,21,Y6090086,,,,0,30.0,0,0
75,14,18,5,22,Y6090087,,,,0,30.0,0,0
75,14,18,5,23,Y6090088,,,,0,30.0,0,0
75,14,18,5,24,Y6090089,,,,0,30.0,0,0
75,14,18,5,25,Y6090090,,,,0,30.0,0,0
75,14,18,5,26,Y6090091,,,,0,30.0,0,0
75,14,18,5,27,Y6090092,,,,0,30.0,0,0
75,14,18,5,28,Y6090093,,,,0,30.0,0,0
75,14,18,5,29,Y6090094,,,,0,30.0,0,0
75,14,18,5,30,Y6090095,,,,0,30.0,0,0
75,14,18,6,10,Y6090096,,,,0,30.0,0,0
75,14,18,6,11,Y6090097,,,,0,30.0,0,0
75,14,18,6,12,Y6090098,,,,0,30.0,0,0
75,14,18,6,13,Y6090099,,,,0,30.0,0,0
75,14,18,6,14,Y6090100,,,,0,30.0,0,0
75,14,18,6,15,Y6090101,,,,0,30.0,0,0
75,14,18,6,16,Y6090102,,,,0,30.0,0,0
75,14,18,6,17,Y6090103,,,,0,30.0,0,0
75,14,18,6,18,Y6090104,,,,0,30.0,0,0
75,14,18,6,19,Y6090105,,,,0,30.0,0,0
75,14,18,6,20,Y6090106,,,,0,30.0,0,0
75,14,18,6,21,Y6090107,,,,0,30.0,0,0
75,14,18,6,22,Y6090108,,,,0,30.0,0,0
75,14,18,6,23,Y6090109,,,,0,30.0,0,0
75,14,18,6,24,Y6090110,,,,0,30.0,0,0
75,14,18,6,25,Y6090111,,,,0,30.0,0,0
75,14,18,6,26,Y6090112,,,,0,30.0,0,0
75,14,18,6,27,Y6090113,,,,0,30.0,0,0
75,14,18,6,28,Y6090114,,,,0,30.0,0,0
75,14,18,6,29,Y6090115,,,,0,30.0,0,0
75,14,18,6,30,Y6090116,,,,0,30.0,0,0
75,14,18,7,10,Y6090117,,,,0,30.0,0,0
75,14,18,7,11,Y6090118,,,,0,30.0,0,0
75,14,18,7,12,Y6090119,,,,0,30.0,0,0
75,14,18,7,13,Y6090120,,,,0,30.0,0,0
75,14,18,7,14,Y6090121,,,,0,30.0,0,0
75,14,18,7,15,Y6090122,,,,0,30.0,0,0
75,14,18,7,16,Y6090123,,,,0,30.0,0,0
75,14,18,7,17,Y6090124,,,,0,30.0,0,0
75,14,18,7,18,Y6090125,,,,0,30.0,0,0
75,14,18,7,19,Y6090126,,,,0,30.0,0,0
75,14,18,7,20,Y6090127,,,,0,30.0,0,0
75,14,18,7,21,Y6090128,,,,0,30.0,0,0
75,14,18,7,22,Y6090129,,,,0,30.0,0,0
75,14,18,7,23,Y6090130,,,,0,30.0,0,0
75,14,18,7,24,Y6090131,,,,0,30.0,0,0
75,14,18,7,25,Y6090132,,,,0,30.0,0,0
75,14,18,7,26,Y6090133,,,,0,30.0,0,0
75,14,18,7,27,Y6090134,,,,0,30.0,0,0
75,14,18,7,28,Y6090135,,,,0,30.0,0,0
75,14,18,7,29,Y6090136,,,,0,30.0,0,0
75,14,18,7,30,Y6090137,,,,0,30.0,0,0
75,14,18,8,10,Y6090138,,,,0,30.0,0,0
75,14,18,8,11,Y6090139,,,,0,30.0,0,0
75,14,18,8,12,Y6090140,,,,0,30.0,0,0
75,14,18,8,13,Y6090141,,,,0,30.0,0,0
75,14,18,8,14,Y6090142,,,,0,30.0,0,0
75,14,18,8,15,Y6090143,,,,0,30.0,0,0
75,14,18,8,16,Y6090144,,,,0,30.0,0,0
75,14,18,8,17,Y6090145,,,,0,30.0,0,0
75,14,18,8,18,Y6090146,,,,0,30.0,0,0
75,14,18,8,19,Y6090147,,,,0,30.0,0,0
75,14,18,8,20,Y6090148,,,,0,30.0,0,0
75,14,18,8,21,Y6090149,,,,0,30.0,0,0
75,14,18,8,22,Y6090150,,,,0,30.0,0,0
75,14,18,8,23,Y6090151,,,,0,30.0,0,0
75,14,18,8,24,Y6090152,,,,0,30.0,0,0
75,14,18,8,25,Y6090153,,,,0,30.0,0,0
75,14,18,8,26,Y6090154,,,,0,30.0,0,0
75,14,18,8,27,Y6090155,,,,0,30.0,0,0
75,14,18,8,28,Y6090156,,,,0,30.0,0,0
75,14,18,8,29,Y6090157,,,,0,30.0,0,0
75,14,18,8,30,Y6090158,,,,0,30.0,0,0
75,14,18,9,10,Y6090159,,,,0,30.0,0,0
75,14,18,9,11,Y6090160,,,,0,30.0,0,0
75,14,18,9,12,Y6090161,,,,0,30.0,0,0
75,14,18,9,13,Y6090162,,,,0,30.0,0,0
75,14,18,9,14,Y6090163,,,,0,30.0,0,0
75,14,18,9,15,Y6090164,,,,0,30.0,0,0
75,14,18,9,16,Y6090165,,,,0,30.0,0,0
75,14,18,9,17,Y6090166,,,,0,30.0,0,0
75,14,18,9,18,Y6090167,,,,0,30.0,0,0
75,14,18,9,19,Y6090168,,,,0,30.0,0,0
75,14,18,9,20,Y6090169,,,,0,30.0,0,0
75,14,18,9,21,Y6090170,,,,0,30.0,0,0
75,14,18,9,22,Y6090171,,,,0,30.0,0,0
75,14,18,9,23,Y6090172,,,,0,30.0,0,0
75,14,18,9,24,Y6090173,,,,0,30.0,0,0
75,14,18,9,25,Y6090174,,,,0,30.0,0,0
75,14,18,9,26,Y6090175,,,,0,30.0,0,0
75,14,18,9,27,Y6090176,,,,0,30.0,0,0
75,14,18,9,28,Y6090177,,,,0,30.0,0,0
75,14,18,9,29,Y6090178,,,,0,30.0,0,0
75,14,18,9,30,Y6090179,,,,0,30.0,0,0
75,14,18,10,10,Y6090180,,,,0,30.0,0,0
75,14,18,10,11,Y6090181,,,,0,30.0,0,0
75,14,18,10,12,Y6090182,,,,0,30.0,0,0
75,14,18,10,13,Y6090183,,,,0,30.0,0,0
75,14,18,10,14,Y6090184,,,,0,30.0,0,0
75,14,18,10,15,Y6090185,,,,0,30.0,0,0
75,14,18,10,16,Y6090186,,,,0,30.0,0,0
75,14,18,10,17,Y6090187,,,,0,30.0,0,0
75,14,18,10,18,Y6090188,,,,0,30.0,0,0
75,14,18,10,19,Y6090189,,,,0,30.0,0,0
75,14,18,10,20,Y6090190,,,,0,30.0,0,0
75,14,18,10,21,Y6090191,,,,0,30.0,0,0
75,14,18,10,22,Y6090192,,,,0,30.0,0,0
75,14,18,10,23,Y6090193,,,,0,30.0,0,0
75,14,18,10,24,Y6090194,,,,0,30.0,0,0
75,14,18,10,25,Y6090195,,,,0,30.0,0,0
75,14,18,10,26,Y6090196,,,,0,30.0,0,0
75,14,18,10,27,Y6090197,,,,0,30.0,0,0
75,14,18,10,28,Y6090198,,,,0,30.0,0,0
75,14,18,10,29,Y6090199,,,,0,30.0,0,0
75,14,18,10,30,Y6090200,,,,0,30.0,0,0
75,14,18,11,10,Y6090201,,,,0,30.0,0,0
75,14,18,11,11,Y6090202,,,,0,30.0,0,0
75,14,18,11,12,Y6090203,,,,0,30.0,0,0
75,14,18,11,13,Y6090204,,,,0,30.0,0,0
75,14,18,11,14,Y6090205,,,,0,30.0,0,0
75,14,18,11,15,Y6090206,,,,0,30.0,0,0
75,14,18,11,16,Y6090207,,,,0,30.0,0,0
75,14,18,11,17,Y6090208,,,,0,30.0,0,0
75,14,18,11,18,Y6090209,,,,0,30.0,0,0
75,14,18,11,19,Y6090210,,,,0,30.0,0,0
75,14,18,11,20,Y6090211,,,,0,30.0,0,0
75,14,18,11,21,Y6090212,,,,0,30.0,0,0
75,14,18,11,22,Y6090213,,,,0,30.0,0,0
75,14,18,11,23,Y6090214,,,,0,30.0,0,0
75,14,18,11,24,Y6090215,,,,0,30.0,0,0
75,14,18,11,25,Y6090216,,,,0,30.0,0,0
75,14,18,11,26,Y6090217,,,,0,30.0,0,0
75,14,18,11,27,Y6090218,,,,0,30.0,0,0
75,14,18,11,28,Y6090219,,,,0,30.0,0,0
75,14,18,11,29,Y6090220,,,,0,30.0,0,0
75,14,18,11,30,Y6090221,,,,0,30.0,0,0
75,14,18,12,10,Y6090222,,,,0,30.0,0,0
75,14,18,12,11,Y6090223,,,,0,30.0,0,0
75,14,18,12,12,Y6090224,,,,0,30.0,0,0
75,14,18,12,13,Y6090225,,,,0,30.0,0,0
75,14,18,12,14,Y6090226,,,,0,30.0,0,0
75,14,18,12,15,Y6090227,,,,0,30.0,0,0
75,14,18,12,16,Y6090228,,,,0,30.0,0,0
75,14,18,12,17,Y6090229,,,,0,30.0,0,0
75,14,18,12,18,Y6090230,,,,0,30.0,0,0
75,14,18,12,19,Y6090231,,,,0,30.0,0,0
75,14,18,12,20,Y6090232,,,,0,30.0,0,0
75,14,18,12,21,Y6090233,,,,0,30.0,0,0
75,14,18,12,22,Y6090234,,,,0,30.0,0,0
75,14,18,12,23,Y6090235,,,,0,30.0,0,0
75,14,18,12,24,Y6090236,,,,0,30.0,0,0
75,14,18,12,25,Y6090237,,,,0,30.0,0,0
75,14,18,12,26,Y6090238,,,,0,30.0,0,0
75,14,18,12,27,Y6090239,,,,0,30.0,0,0
75,14,18,12,28,Y6090240,,,,0,30.0,0,0
75,14,18,12,29,Y6090241,,,,0,30.0,0,0
75,14,18,12,30,Y6090242,,,,0,30.0,0,0
75,14,19,1,10,Y6090243,,,,0,30.0,0,0
75,14,19,1,11,Y6090244,,,,0,30.0,0,0
75,14,19,1,12,Y6090245,,,,0,30.0,0,0
75,14,19,1,13,Y6090246,,,,0,30.0,0,0
75,14,19,1,14,Y6090247,,,,0,30.0,0,0
75,14,19,1,15,Y6090248,,,,0,30.0,0,0
75,14,19,1,16,Y6090249,,,,0,30.0,0,0
75,14,19,1,17,Y6090250,,,,0,30.0,0,0
75,14,19,1,18,Y6090251,,,,0,30.0,0,0
75,14,19,1,19,Y6090252,,,,0,30.0,0,0
75,14,19,1,20,Y6090253,,,,0,30.0,0,0
75,14,19,1,21,Y6090254,,,,0,30.0,0,0
75,14,19,1,22,Y6090255,,,,0,30.0,0,0
75,14,19,1,23,Y6090256,,,,0,30.0,0,0
75,14,19,1,24,Y6090257,,,,0,30.0,0,0
75,14,19,1,25,Y6090258,,,,0,30.0,0,0
75,14,19,1,26,Y6090259,,,,0,30.0,0,0
75,14,19,1,27,Y6090260,,,,0,30.0,0,0
75,14,19,1,28,Y6090261,,,,0,30.0,0,0
75,14,19,1,29,Y6090262,,,,0,30.0,0,0
75,14,19,1,30,Y6090263,,,,0,30.0,0,0
75,14,19,2,10,Y6090264,,,,0,30.0,0,0
75,14,19,2,11,Y6090265,,,,0,30.0,0,0
75,14,19,2,12,Y6090266,,,,0,30.0,0,0
75,14,19,2,13,Y6090267,,,,0,30.0,0,0
75,14,19,2,14,Y6090268,,,,0,30.0,0,0
75,14,19,2,15,Y6090269,,,,0,30.0,0,0
75,14,19,2,16,Y6090270,,,,0,30.0,0,0
75,14,19,2,17,Y6090271,,,,0,30.0,0,0
75,14,19,2,18,Y6090272,,,,0,30.0,0,0
75,14,19,2,19,Y6090273,,,,0,30.0,0,0
75,14,19,2,20,Y6090274,,,,0,30.0,0,0
75,14,19,2,21,Y6090275,,,,0,30.0,0,0
75,14,19,2,22,Y6090276,,,,0,30.0,0,0
75,14,19,2,23,Y6090277,,,,0,30.0,0,0
75,14,19,2,24,Y6090278,,,,0,30.0,0,0
75,14,19,2,25,Y6090279,,,,0,30.0,0,0
75,14,19,2,26,Y6090280,,,,0,30.0,0,0
75,14,19,2,27,Y6090281,,,,0,30.0,0,0
75,14,19,2,28,Y6090282,,,,0,30.0,0,0
75,14,19,2,29,Y6090283,,,,0,30.0,0,0
75,14,19,2,30,Y6090284,,,,0,30.0,0,0
75,14,19,3,10,Y6090285,,,,0,30.0,0,0
75,14,19,3,11,Y6090286,,,,0,30.0,0,0
75,14,19,3,12,Y6090287,,,,0,30.0,0,0
75,14,19,3,13,Y6090288,,,,0,30.0,0,0
75,14,19,3,14,Y6090289,,,,0,30.0,0,0
75,14,19,3,15,Y6090290,,,,0,30.0,0,0
75,14,19,3,16,Y6090291,,,,0,30.0,0,0
75,14,19,3,17,Y6090292,,,,0,30.0,0,0
75,14,19,3,18,Y6090293,,,,0,30.0,0,0
75,14,19,3,19,Y6090294,,,,0,30.0,0,0
75,14,19,3,20,Y6090295,,,,0,30.0,0,0
75,14,19,3,21,Y6090296,,,,0,30.0,0,0
75,14,19,3,22,Y6090297,,,,0,30.0,0,0
75,14,19,3,23,Y6090298,,,,0,30.0,0,0
75,14,19,3,24,Y6090299,,,,0,30.0,0,0
75,14,19,3,25,Y6090300,,,,0,30.0,0,0
75,14,19,3,26,Y6090301,,,,0,30.0,0,0
75,14,19,3,27,Y6090302,,,,0,30.0,0,0
75,14,19,3,28,Y6090303,,,,0,30.0,0,0
75,14,19,3,29,Y6090304,,,,0,30.0,0,0
75,14,19,3,30,Y6090305,,,,0,30.0,0,0
75,14,19,4,10,Y6090306,,,,0,30.0,0,0
75,14,19,4,11,Y6090307,,,,0,30.0,0,0
75,14,19,4,12,Y6090308,,,,0,30.0,0,0
75,14,19,4,13,Y6090309,,,,0,30.0,0,0
75,14,19,4,14,Y6090310,,,,0,30.0,0,0
75,14,19,4,15,Y6090311,,,,0,30.0,0,0
75,14,19,4,16,Y6090312,,,,0,30.0,0,0
75,14,19,4,17,Y6090313,,,,0,30.0,0,0
75,14,19,4,18,Y6090314,,,,0,30.0,0,0
75,14,19,4,19,Y6090315,,,,0,30.0,0,0
75,14,19,4,20,Y6090316,,,,0,30.0,0,0
75,14,19,4,21,Y6090317,,,,0,30.0,0,0
75,14,19,4,22,Y6090318,,,,0,30.0,0,0
75,14,19,4,23,Y6090319,,,,0,30.0,0,0
75,14,19,4,24,Y6090320,,,,0,30.0,0,0
75,14,19,4,25,Y6090321,,,,0,30.0,0,0
75,14,19,4,26,Y6090322,,,,0,30.0,0,0
75,14,19,4,27,Y6090323,,,,0,30.0,0,0
75,14,19,4,28,Y6090324,,,,0,30.0,0,0
75,14,19,4,29,Y6090325,,,,0,30.0,0,0
75,14,19,4,30,Y6090326,,,,0,30.0,0,0
75,14,19,5,10,Y6090327,,,,0,30.0,0,0
75,14,19,5,11,Y6090328,,,,0,30.0,0,0
75,14,19,5,12,Y6090329,,,,0,30.0,0,0
75,14,19,5,13,Y6090330,,,,0,30.0,0,0
75,14,19,5,14,Y6090331,,,,0,30.0,0,0
75,14,19,5,15,Y6090332,,,,0,30.0,0,0
75,14,19,5,16,Y6090333,,,,0,30.0,0,0
75,14,19,5,17,Y6090334,,,,0,30.0,0,0
75,14,19,5,18,Y6090335,,,,0,30.0,0,0
75,14,19,5,19,Y6090336,,,,0,30.0,0,0
75,14,19,5,20,Y6090337,,,,0,30.0,0,0
75,14,19,5,21,Y6090338,,,,0,30.0,0,0
75,14,19,5,22,Y6090339,,,,0,30.0,0,0
75,14,19,5,23,Y6090340,,,,0,30.0,0,0
75,14,19,5,24,Y6090341,,,,0,30.0,0,0
75,14,19,5,25,Y6090342,,,,0,30.0,0,0
75,14,19,5,26,Y6090343,,,,0,30.0,0,0
75,14,19,5,27,Y6090344,,,,0,30.0,0,0
75,14,19,5,28,Y6090345,,,,0,30.0,0,0
75,14,19,5,29,Y6090346,,,,0,30.0,0,0
75,14,19,5,30,Y6090347,,,,0,30.0,0,0
75,14,19,6,10,Y6090348,,,,0,30.0,0,0
75,14,19,6,11,Y6090349,,,,0,30.0,0,0
75,14,19,6,12,Y6090350,,,,0,30.0,0,0
75,14,19,6,13,Y6090351,,,,0,30.0,0,0
75,14,19,6,14,Y6090352,,,,0,30.0,0,0
75,14,19,6,15,Y6090353,,,,0,30.0,0,0
75,14,19,6,16,Y6090354,,,,0,30.0,0,0
75,14,19,6,17,Y6090355,,,,0,30.0,0,0
75,14,19,6,18,Y6090356,,,,0,30.0,0,0
75,14,19,6,19,Y6090357,,,,0,30.0,0,0
75,14,19,6,20,Y6090358,,,,0,30.0,0,0
75,14,19,6,21,Y6090359,,,,0,30.0,0,0
75,14,19,6,22,Y6090360,,,,0,30.0,0,0
75,14,19,6,23,Y6090361,,,,0,30.0,0,0
75,14,19,6,24,Y6090362,,,,0,30.0,0,0
75,14,19,6,25,Y6090363,,,,0,30.0,0,0
75,14,19,6,26,Y6090364,,,,0,30.0,0,0
75,14,19,6,27,Y6090365,,,,0,30.0,0,0
75,14,19,6,28,Y6090366,,,,0,30.0,0,0
75,14,19,6,29,Y6090367,,,,0,30.0,0,0
75,14,19,6,30,Y6090368,,,,0,30.0,0,0
75,14,19,7,10,Y6090369,,,,0,30.0,0,0
75,14,19,7,11,Y6090370,,,,0,30.0,0,0
75,14,19,7,12,Y6090371,,,,0,30.0,0,0
75,14,19,7,13,Y6090372,,,,0,30.0,0,0
75,14,19,7,14,Y6090373,,,,0,30.0,0,0
75,14,19,7,15,Y6090374,,,,0,30.0,0,0
75,14,19,7,16,Y6090375,,,,0,30.0,0,0
75,14,19,7,17,Y6090376,,,,0,30.0,0,0
75,14,19,7,18,Y6090377,,,,0,30.0,0,0
75,14,19,7,19,Y6090378,,,,0,30.0,0,0
75,14,19,7,20,Y6090379,,,,0,30.0,0,0
75,14,19,7,21,Y6090380,,,,0,30.0,0,0
75,14,19,7,22,Y6090381,,,,0,30.0,0,0
75,14,19,7,23,Y6090382,,,,0,30.0,0,0
75,14,19,7,24,Y6090383,,,,0,30.0,0,0
75,14,19,7,25,Y6090384,,,,0,30.0,0,0
75,14,19,7,26,Y6090385,,,,0,30.0,0,0
75,14,19,7,27,Y6090386,,,,0,30.0,0,0
75,14,19,7,28,Y6090387,,,,0,30.0,0,0
75,14,19,7,29,Y6090388,,,,0,30.0,0,0
75,14,19,7,30,Y6090389,,,,0,30.0,0,0
75,14,19,8,10,Y6090390,,,,0,30.0,0,0
75,14,19,8,11,Y6090391,,,,0,30.0,0,0
75,14,19,8,12,Y6090392,,,,0,30.0,0,0
75,14,19,8,13,Y6090393,,,,0,30.0,0,0
75,14,19,8,14,Y6090394,,,,0,30.0,0,0
75,14,19,8,15,Y6090395,,,,0,30.0,0,0
75,14,19,8,16,Y6090396,,,,0,30.0,0,0
75,14,19,8,17,Y6090397,,,,0,30.0,0,0
75,14,19,8,18,Y6090398,,,,0,30.0,0,0
75,14,19,8,19,Y6090399,,,,0,30.0,0,0
75,14,19,8,20,Y6090400,,,,0,30.0,0,0
75,14,19,8,21,Y6090401,,,,0,30.0,0,0
75,14,19,8,22,Y6090402,,,,0,30.0,0,0
75,14,19,8,23,Y6090403,,,,0,30.0,0,0
75,14,19,8,24,Y6090404,,,,0,30.0,0,0
75,14,19,8,25,Y6090405,,,,0,30.0,0,0
75,14,19,8,26,Y6090406,,,,0,30.0,0,0
75,14,19,8,27,Y6090407,,,,0,30.0,0,0
75,14,19,8,28,Y6090408,,,,0,30.0,0,0
75,14,19,8,29,Y6090409,,,,0,30.0,0,0
75,14,19,8,30,Y6090410,,,,0,30.0,0,0
75,14,19,9,10,Y6090411,,,,0,30.0,0,0
75,14,19,9,11,Y6090412,,,,0,30.0,0,0
75,14,19,9,12,Y6090413,,,,0,30.0,0,0
75,14,19,9,13,Y6090414,,,,0,30.0,0,0
75,14,19,9,14,Y6090415,,,,0,30.0,0,0
75,14,19,9,15,Y6090416,,,,0,30.0,0,0
75,14,19,9,16,Y6090417,,,,0,30.0,0,0
75,14,19,9,17,Y6090418,,,,0,30.0,0,0
75,14,19,9,18,Y6090419,,,,0,30.0,0,0
75,14,19,9,19,Y6090420,,,,0,30.0,0,0
75,14,19,9,20,Y6090421,,,,0,30.0,0,0
75,14,19,9,21,Y6090422,,,,0,30.0,0,0
75,14,19,9,22,Y6090423,,,,0,30.0,0,0
75,14,19,9,23,Y6090424,,,,0,30.0,0,0
75,14,19,9,24,Y6090425,,,,0,30.0,0,0
75,14,19,9,25,Y6090426,,,,0,30.0,0,0
75,14,19,9,26,Y6090427,,,,0,30.0,0,0
75,14,19,9,27,Y6090428,,,,0,30.0,0,0
75,14,19,9,28,Y6090429,,,,0,30.0,0,0
75,14,19,9,29,Y6090430,,,,0,30.0,0,0
75,14,19,9,30,Y6090431,,,,0,30.0,0,0
75,14,19,10,10,Y6090432,,,,0,30.0,0,0
75,14,19,10,11,Y6090433,,,,0,30.0,0,0
75,14,19,10,12,Y6090434,,,,0,30.0,0,0
75,14,19,10,13,Y6090435,,,,0,30.0,0,0
75,14,19,10,14,Y6090436,,,,0,30.0,0,0
75,14,19,10,15,Y6090437,,,,0,30.0,0,0
75,14,19,10,16,Y6090438,,,,0,30.0,0,0
75,14,19,10,17,Y6090439,,,,0,30.0,0,0
75,14,19,10,18,Y6090440,,,,0,30.0,0,0
75,14,19,10,19,Y6090441,,,,0,30.0,0,0
75,14,19,10,20,Y6090442,,,,0,30.0,0,0
75,14,19,10,21,Y6090443,,,,0,30.0,0,0
75,14,19,10,22,Y6090444,,,,0,30.0,0,0
75,14,19,10,23,Y6090445,,,,0,30.0,0,0
75,14,19,10,24,Y6090446,,,,0,30.0,0,0
75,14,19,10,25,Y6090447,,,,0,30.0,0,0
75,14,19,10,26,Y6090448,,,,0,30.0,0,0
75,14,19,10,27,Y6090449,,,,0,30.0,0,0
75,14,19,10,28,Y6090450,,,,0,30.0,0,0
75,14,19,10,29,Y6090451,,,,0,30.0,0,0
75,14,19,10,30,Y6090452,,,,0,30.0,0,0
75,14,19,11,10,Y6090453,,,,0,30.0,0,0
75,14,19,11,11,Y6090454,,,,0,30.0,0,0
75,14,19,11,12,Y6090455,,,,0,30.0,0,0
75,14,19,11,13,Y6090456,,,,0,30.0,0,0
75,14,19,11,14,Y6090457,,,,0,30.0,0,0
75,14,19,11,15,Y6090458,,,,0,30.0,0,0
75,14,19,11,16,Y6090459,,,,0,30.0,0,0
75,14,19,11,17,Y6090460,,,,0,30.0,0,0
75,14,19,11,18,Y6090461,,,,0,30.0,0,0
75,14,19,11,19,Y6090462,,,,0,30.0,0,0
75,14,19,11,20,Y6090463,,,,0,30.0,0,0
75,14,19,11,21,Y6090464,,,,0,30.0,0,0
75,14,19,11,22,Y6090465,,,,0,30.0,0,0
75,14,19,11,23,Y6090466,,,,0,30.0,0,0
75,14,19,11,24,Y6090467,,,,0,30.0,0,0
75,14,19,11,25,Y6090468,,,,0,30.0,0,0
75,14,19,11,26,Y6090469,,,,0,30.0,0,0
75,14,19,11,27,Y6090470,,,,0,30.0,0,0
75,14,19,11,28,Y6090471,,,,0,30.0,0,0
75,14,19,11,29,Y6090472,,,,0,30.0,0,0
75,14,19,11,30,Y6090473,,,,0,30.0,0,0
75,14,19,12,10,Y6090474,,,,0,30.0,0,0
75,14,19,12,11,Y6090475,,,,0,30.0,0,0
75,14,19,12,12,Y6090476,,,,0,30.0,0,0
75,14,19,12,13,Y6090477,,,,0,30.0,0,0
75,14,19,12,14,Y6090478,,,,0,30.0,0,0
75,14,19,12,15,Y6090479,,,,0,30.0,0,0
75,14,19,12,16,Y6090480,,,,0,30.0,0,0
75,14,19,12,17,Y6090481,,,,0,30.0,0,0
75,14,19,12,18,Y6090482,,,,0,30.0,0,0
75,14,19,12,19,Y6090483,,,,0,30.0,0,0
75,14,19,12,20,Y6090484,,,,0,30.0,0,0
75,14,19,12,21,Y6090485,,,,0,30.0,0,0
75,14,19,12,22,Y6090486,,,,0,30.0,0,0
75,14,19,12,23,Y6090487,,,,0,30.0,0,0
75,14,19,12,24,Y6090488,,,,0,30.0,0,0
75,14,19,12,25,Y6090489,,,,0,30.0,0,0
75,14,19,12,26,Y6090490,,,,0,30.0,0,0
75,14,19,12,27,Y6090491,,,,0,30.0,0,0
75,14,19,12,28,Y6090492,,,,0,30.0,0,0
75,14,19,12,29,Y6090493,,,,0,30.0,0,0
75,14,19,12,30,Y6090494,,,,0,30.0,0,0
75,14,20,1,10,Y6090495,,,,0,30.0,0,0
75,14,20,1,11,Y6090496,,,,0,30.0,0,0
75,14,20,1,12,Y6090497,,,,0,30.0,0,0
75,14,20,1,13,Y6090498,,,,0,30.0,0,0
75,14,20,1,14,Y6090499,,,,0,30.0,0,0
75,14,20,1,15,Y6090500,,,,0,30.0,0,0
75,14,20,1,16,Y6090501,,,,0,30.0,0,0
75,14,20,1,17,Y6090502,,,,0,30.0,0,0
75,14,20,1,18,Y6090503,,,,0,30.0,0,0
75,14,20,1,19,Y6090504,,,,0,30.0,0,0
75,14,20,1,20,Y6090505,,,,0,30.0,0,0
75,14,20,1,21,Y6090506,,,,0,30.0,0,0
75,14,20,1,22,Y6090507,,,,0,30.0,0,0
75,14,20,1,23,Y6090508,,,,0,30.0,0,0
75,14,20,1,24,Y6090509,,,,0,30.0,0,0
75,14,20,1,25,Y6090510,,,,0,30.0,0,0
75,14,20,1,26,Y6090511,,,,0,30.0,0,0
75,14,20,1,27,Y6090512,,,,0,30.0,0,0
75,14,20,1,28,Y6090513,,,,0,30.0,0,0
75,14,20,1,29,Y6090514,,,,0,30.0,0,0
75,14,20,1,30,Y6090515,,,,0,30.0,0,0
75,14,20,2,10,Y6090516,,,,0,30.0,0,0
75,14,20,2,11,Y6090517,,,,0,30.0,0,0
75,14,20,2,12,Y6090518,,,,0,30.0,0,0
75,14,20,2,13,Y6090519,,,,0,30.0,0,0
75,14,20,2,14,Y6090520,,,,0,30.0,0,0
75,14,20,2,15,Y6090521,,,,0,30.0,0,0
75,14,20,2,16,Y6090522,,,,0,30.0,0,0
75,14,20,2,17,Y6090523,,,,0,30.0,0,0
75,14,20,2,18,Y6090524,,,,0,30.0,0,0
75,14,20,2,19,Y6090525,,,,0,30.0,0,0
75,14,20,2,20,Y6090526,,,,0,30.0,0,0
75,14,20,2,21,Y6090527,,,,0,30.0,0,0
75,14,20,2,22,Y6090528,,,,0,30.0,0,0
75,14,20,2,23,Y6090529,,,,0,30.0,0,0
75,14,20,2,24,Y6090530,,,,0,30.0,0,0
75,14,20,2,25,Y6090531,,,,0,30.0,0,0
75,14,20,2,26,Y6090532,,,,0,30.0,0,0
75,14,20,2,27,Y6090533,,,,0,30.0,0,0
75,14,20,2,28,Y6090534,,,,0,30.0,0,0
75,14,20,2,29,Y6090535,,,,0,30.0,0,0
75,14,20,2,30,Y6090536,,,,0,30.0,0,0
75,14,20,3,10,Y6090537,,,,0,30.0,0,0
75,14,20,3,11,Y6090538,,,,0,30.0,0,0
75,14,20,3,12,Y6090539,,,,0,30.0,0,0
75,14,20,3,13,Y6090540,,,,0,30.0,0,0
75,14,20,3,14,Y6090541,,,,0,30.0,0,0
75,14,20,3,15,Y6090542,,,,0,30.0,0,0
75,14,20,3,16,Y6090543,,,,0,30.0,0,0
75,14,20,3,17,Y6090544,,,,0,30.0,0,0
75,14,20,3,18,Y6090545,,,,0,30.0,0,0
75,14,20,3,19,Y6090546,,,,0,30.0,0,0
75,14,20,3,20,Y6090547,,,,0,30.0,0,0
75,14,20,3,21,Y6090548,,,,0,30.0,0,0
75,14,20,3,22,Y6090549,,,,0,30.0,0,0
75,14,20,3,23,Y6090550,,,,0,30.0,0,0
75,14,20,3,24,Y6090551,,,,0,30.0,0,0
75,14,20,3,25,Y6090552,,,,0,30.0,0,0
75,14,20,3,26,Y6090553,,,,0,30.0,0,0
75,14,20,3,27,Y6090554,,,,0,30.0,0,0
75,14,20,3,28,Y6090555,,,,0,30.0,0,0
75,14,20,3,29,Y6090556,,,,0,30.0,0,0
75,14,20,3,30,Y6090557,,,,0,30.0,0,0
75,14,20,4,10,Y6090558,,,,0,30.0,0,0
75,14,20,4,11,Y6090559,,,,0,30.0,0,0
75,14,20,4,12,Y6090560,,,,0,30.0,0,0
75,14,20,4,13,Y6090561,,,,0,30.0,0,0
75,14,20,4,14,Y6090562,,,,0,30.0,0,0
75,14,20,4,15,Y6090563,,,,0,30.0,0,0
75,14,20,4,16,Y6090564,,,,0,30.0,0,0
75,14,20,4,17,Y6090565,,,,0,30.0,0,0
75,14,20,4,18,Y6090566,,,,0,30.0,0,0
75,14,20,4,19,Y6090567,,,,0,30.0,0,0
75,14,20,4,20,Y6090568,,,,0,30.0,0,0
75,14,20,4,21,Y6090569,,,,0,30.0,0,0
75,14,20,4,22,Y6090570,,,,0,30.0,0,0
75,14,20,4,23,Y6090571,,,,0,30.0,0,0
75,14,20,4,24,Y6090572,,,,0,30.0,0,0
75,14,20,4,25,Y6090573,,,,0,30.0,0,0
75,14,20,4,26,Y6090574,,,,0,30.0,0,0
75,14,20,4,27,Y6090575,,,,0,30.0,0,0
75,14,20,4,28,Y6090576,,,,0,30.0,0,0
75,14,20,4,29,Y6090577,,,,0,30.0,0,0
75,14,20,4,30,Y6090578,,,,0,30.0,0,0
75,14,20,5,10,Y6090579,,,,0,30.0,0,0
75,14,20,5,11,Y6090580,,,,0,30.0,0,0
75,14,20,5,12,Y6090581,,,,0,30.0,0,0
75,14,20,5,13,Y6090582,,,,0,30.0,0,0
75,14,20,5,14,Y6090583,,,,0,30.0,0,0
75,14,20,5,15,Y6090584,,,,0,30.0,0,0
75,14,20,5,16,Y6090585,,,,0,30.0,0,0
75,14,20,5,17,Y6090586,,,,0,30.0,0,0
75,14,20,5,18,Y6090587,,,,0,30.0,0,0
75,14,20,5,19,Y6090588,,,,0,30.0,0,0
75,14,20,5,20,Y6090589,,,,0,30.0,0,0
75,14,20,5,21,Y6090590,,,,0,30.0,0,0
75,14,20,5,22,Y6090591,,,,0,30.0,0,0
75,14,20,5,23,Y6090592,,,,0,30.0,0,0
75,14,20,5,24,Y6090593,,,,0,30.0,0,0
75,14,20,5,25,Y6090594,,,,0,30.0,0,0
75,14,20,5,26,Y6090595,,,,0,30.0,0,0
75,14,20,5,27,Y6090596,,,,0,30.0,0,0
75,14,20,5,28,Y6090597,,,,0,30.0,0,0
75,14,20,5,29,Y6090598,,,,0,30.0,0,0
75,14,20,5,30,Y6090599,,,,0,30.0,0,0
75,14,20,6,10,Y6090600,,,,0,30.0,0,0
75,14,20,6,11,Y6090601,,,,0,30.0,0,0
75,14,20,6,12,Y6090602,,,,0,30.0,0,0
75,14,20,6,13,Y6090603,,,,0,30.0,0,0
75,14,20,6,14,Y6090604,,,,0,30.0,0,0
75,14,20,6,15,Y6090605,,,,0,30.0,0,0
75,14,20,6,16,Y6090606,,,,0,30.0,0,0
75,14,20,6,17,Y6090607,,,,0,30.0,0,0
75,14,20,6,18,Y6090608,,,,0,30.0,0,0
75,14,20,6,19,Y6090609,,,,0,30.0,0,0
75,14,20,6,20,Y6090610,,,,0,30.0,0,0
75,14,20,6,21,Y6090611,,,,0,30.0,0,0
75,14,20,6,22,Y6090612,,,,0,30.0,0,0
75,14,20,6,23,Y6090613,,,,0,30.0,0,0
75,14,20,6,24,Y6090614,,,,0,30.0,0,0
75,14,20,6,25,Y6090615,,,,0,30.0,0,0
75,14,20,6,26,Y6090616,,,,0,30.0,0,0
75,14,20,6,27,Y6090617,,,,0,30.0,0,0
75,14,20,6,28,Y6090618,,,,0,30.0,0,0
75,14,20,6,29,Y6090619,,,,0,30.0,0,0
75,14,20,6,30,Y6090620,,,,0,30.0,0,0
75,14,20,7,10,Y6090621,,,,0,30.0,0,0
75,14,20,7,11,Y6090622,,,,0,30.0,0,0
75,14,20,7,12,Y6090623,,,,0,30.0,0,0
75,14,20,7,13,Y6090624,,,,0,30.0,0,0
75,14,20,7,14,Y6090625,,,,0,30.0,0,0
75,14,20,7,15,Y6090626,,,,0,30.0,0,0
75,14,20,7,16,Y6090627,,,,0,30.0,0,0
75,14,20,7,17,Y6090628,,,,0,30.0,0,0
75,14,20,7,18,Y6090629,,,,0,30.0,0,0
75,14,20,7,19,Y6090630,,,,0,30.0,0,0
75,14,20,7,20,Y6090631,,,,0,30.0,0,0
75,14,20,7,21,Y6090632,,,,0,30.0,0,0
75,14,20,7,22,Y6090633,,,,0,30.0,0,0
75,14,20,7,23,Y6090634,,,,0,30.0,0,0
75,14,20,7,24,Y6090635,,,,0,30.0,0,0
75,14,20,7,25,Y6090636,,,,0,30.0,0,0
75,14,20,7,26,Y6090637,,,,0,30.0,0,0
75,14,20,7,27,Y6090638,,,,0,30.0,0,0
75,14,20,7,28,Y6090639,,,,0,30.0,0,0
75,14,20,7,29,Y6090640,,,,0,30.0,0,0
75,14,20,7,30,Y6090641,,,,0,30.0,0,0
75,14,20,8,10,Y6090642,,,,0,30.0,0,0
75,14,20,8,11,Y6090643,,,,0,30.0,0,0
75,14,20,8,12,Y6090644,,,,0,30.0,0,0
75,14,20,8,13,Y6090645,,,,0,30.0,0,0
75,14,20,8,14,Y6090646,,,,0,30.0,0,0
75,14,20,8,15,Y6090647,,,,0,30.0,0,0
75,14,20,8,16,Y6090648,,,,0,30.0,0,0
75,14,20,8,17,Y6090649,,,,0,30.0,0,0
75,14,20,8,18,Y6090650,,,,0,30.0,0,0
75,14,20,8,19,Y6090651,,,,0,30.0,0,0
75,14,20,8,20,Y6090652,,,,0,30.0,0,0
75,14,20,8,21,Y6090653,,,,0,30.0,0,0
75,14,20,8,22,Y6090654,,,,0,30.0,0,0
75,14,20,8,23,Y6090655,,,,0,30.0,0,0
75,14,20,8,24,Y6090656,,,,0,30.0,0,0
75,14,20,8,25,Y6090657,,,,0,30.0,0,0
75,14,20,8,26,Y6090658,,,,0,30.0,0,0
75,14,20,8,27,Y6090659,,,,0,30.0,0,0
75,14,20,8,28,Y6090660,,,,0,30.0,0,0
75,14,20,8,29,Y6090661,,,,0,30.0,0,0
75,14,20,8,30,Y6090662,,,,0,30.0,0,0
75,14,20,9,10,Y6090663,,,,0,30.0,0,0
75,14,20,9,11,Y6090664,,,,0,30.0,0,0
75,14,20,9,12,Y6090665,,,,0,30.0,0,0
75,14,20,9,13,Y6090666,,,,0,30.0,0,0
75,14,20,9,14,Y6090667,,,,0,30.0,0,0
75,14,20,9,15,Y6090668,,,,0,30.0,0,0
75,14,20,9,16,Y6090669,,,,0,30.0,0,0
75,14,20,9,17,Y6090670,,,,0,30.0,0,0
75,14,20,9,18,Y6090671,,,,0,30.0,0,0
75,14,20,9,19,Y6090672,,,,0,30.0,0,0
75,14,20,9,20,Y6090673,,,,0,30.0,0,0
75,14,20,9,21,Y6090674,,,,0,30.0,0,0
75,14,20,9,22,Y6090675,,,,0,30.0,0,0
75,14,20,9,23,Y6090676,,,,0,30.0,0,0
75,14,20,9,24,Y6090677,,,,0,30.0,0,0
75,14,20,9,25,Y6090678,,,,0,30.0,0,0
75,14,20,9,26,Y6090679,,,,0,30.0,0,0
75,14,20,9,27,Y6090680,,,,0,30.0,0,0
75,14,20,9,28,Y6090681,,,,0,30.0,0,0
75,14,20,9,29,Y6090682,,,,0,30.0,0,0
75,14,20,9,30,Y6090683,,,,0,30.0,0,0
75,14,20,10,10,Y6090684,,,,0,30.0,0,0
75,14,20,10,11,Y6090685,,,,0,30.0,0,0
75,14,20,10,12,Y6090686,,,,0,30.0,0,0
75,14,20,10,13,Y6090687,,,,0,30.0,0,0
75,14,20,10,14,Y6090688,,,,0,30.0,0,0
75,14,20,10,15,Y6090689,,,,0,30.0,0,0
75,14,20,10,16,Y6090690,,,,0,30.0,0,0
75,14,20,10,17,Y6090691,,,,0,30.0,0,0
75,14,20,10,18,Y6090692,,,,0,30.0,0,0
75,14,20,10,19,Y6090693,,,,0,30.0,0,0
75,14,20,10,20,Y6090694,,,,0,30.0,0,0
75,14,20,10,21,Y6090695,,,,0,30.0,0,0
75,14,20,10,22,Y6090696,,,,0,30.0,0,0
75,14,20,10,23,Y6090697,,,,0,30.0,0,0
75,14,20,10,24,Y6090698,,,,0,30.0,0,0
75,14,20,10,25,Y6090699,,,,0,30.0,0,0
75,14,20,10,26,Y6090700,,,,0,30.0,0,0
75,14,20,10,27,Y6090701,,,,0,30.0,0,0
75,14,20,10,28,Y6090702,,,,0,30.0,0,0
75,14,20,10,29,Y6090703,,,,0,30.0,0,0
75,14,20,10,30,Y6090704,,,,0,30.0,0,0
75,14,20,11,10,Y6090705,,,,0,30.0,0,0
75,14,20,11,11,Y6090706,,,,0,30.0,0,0
75,14,20,11,12,Y6090707,,,,0,30.0,0,0
75,14,20,11,13,Y6090708,,,,0,30.0,0,0
75,14,20,11,14,Y6090709,,,,0,30.0,0,0
75,14,20,11,15,Y6090710,,,,0,30.0,0,0
75,14,20,11,16,Y6090711,,,,0,30.0,0,0
75,14,20,11,17,Y6090712,,,,0,30.0,0,0
75,14,20,11,18,Y6090713,,,,0,30.0,0,0
75,14,20,11,19,Y6090714,,,,0,30.0,0,0
75,14,20,11,20,Y6090715,,,,0,30.0,0,0
75,14,20,11,21,Y6090716,,,,0,30.0,0,0
75,14,20,11,22,Y6090717,,,,0,30.0,0,0
75,14,20,11,23,Y6090718,,,,0,30.0,0,0
75,14,20,11,24,Y6090719,,,,0,30.0,0,0
75,14,20,11,25,Y6090720,,,,0,30.0,0,0
75,14,20,11,26,Y6090721,,,,0,30.0,0,0
75,14,20,11,27,Y6090722,,,,0,30.0,0,0
75,14,20,11,28,Y6090723,,,,0,30.0,0,0
75,14,20,11,29,Y6090724,,,,0,30.0,0,0
75,14,20,11,30,Y6090725,,,,0,30.0,0,0
75,14,20,12,10,Y6090726,,,,0,30.0,0,0
75,14,20,12,11,Y6090727,,,,0,30.0,0,0
75,14,20,12,12,Y6090728,,,,0,30.0,0,0
75,14,20,12,13,Y6090729,,,,0,30.0,0,0
75,14,20,12,14,Y6090730,,,,0,30.0,0,0
75,14,20,12,15,Y6090731,,,,0,30.0,0,0
75,14,20,12,16,Y6090732,,,,0,30.0,0,0
75,14,20,12,17,Y6090733,,,,0,30.0,0,0
75,14,20,12,18,Y6090734,,,,0,30.0,0,0
75,14,20,12,19,Y6090735,,,,0,30.0,0,0
75,14,20,12,20,Y6090736,,,,0,30.0,0,0
75,14,20,12,21,Y6090737,,,,0,30.0,0,0
75,14,20,12,22,Y6090738,,,,0,30.0,0,0
75,14,20,12,23,Y6090739,,,,0,30.0,0,0
75,14,20,12,24,Y6090740,,,,0,30.0,0,0
75,14,20,12,25,Y6090741,,,,0,30.0,0,0
75,14,20,12,26,Y6090742,,,,0,30.0,0,0
75,14,20,12,27,Y6090743,,,,0,30.0,0,0
75,14,20,12,28,Y6090744,,,,0,30.0,0,0
75,14,20,12,29,Y6090745,,,,0,30.0,0,0
75,14,20,12,30,Y6090746,,,,0,30.0,0,0
75,14,21,1,10,Y6090747,,,,0,30.0,0,0
75,14,21,1,11,Y6090748,,,,0,30.0,0,0
75,14,21,1,12,Y6090749,,,,0,30.0,0,0
75,14,21,1,13,Y6090750,,,,0,30.0,0,0
75,14,21,1,14,Y6090751,,,,0,30.0,0,0
75,14,21,1,15,Y6090752,,,,0,30.0,0,0
75,14,21,1,16,Y6090753,,,,0,30.0,0,0
75,14,21,1,17,Y6090754,,,,0,30.0,0,0
75,14,21,1,18,Y6090755,,,,0,30.0,0,0
75,14,21,1,19,Y6090756,,,,0,30.0,0,0
75,14,21,1,20,Y6090757,,,,0,30.0,0,0
75,14,21,1,21,Y6090758,,,,0,30.0,0,0
75,14,21,1,22,Y6090759,,,,0,30.0,0,0
75,14,21,1,23,Y6090760,,,,0,30.0,0,0
75,14,21,1,24,Y6090761,,,,0,30.0,0,0
75,14,21,1,25,Y6090762,,,,0,30.0,0,0
75,14,21,1,26,Y6090763,,,,0,30.0,0,0
75,14,21,1,27,Y6090764,,,,0,30.0,0,0
75,14,21,1,28,Y6090765,,,,0,30.0,0,0
75,14,21,1,29,Y6090766,,,,0,30.0,0,0
75,14,21,1,30,Y6090767,,,,0,30.0,0,0
75,14,21,2,10,Y6090768,,,,0,30.0,0,0
75,14,21,2,11,Y6090769,,,,0,30.0,0,0
75,14,21,2,12,Y6090770,,,,0,30.0,0,0
75,14,21,2,13,Y6090771,,,,0,30.0,0,0
75,14,21,2,14,Y6090772,,,,0,30.0,0,0
75,14,21,2,15,Y6090773,,,,0,30.0,0,0
75,14,21,2,16,Y6090774,,,,0,30.0,0,0
75,14,21,2,17,Y6090775,,,,0,30.0,0,0
75,14,21,2,18,Y6090776,,,,0,30.0,0,0
75,14,21,2,19,Y6090777,,,,0,30.0,0,0
75,14,21,2,20,Y6090778,,,,0,30.0,0,0
75,14,21,2,21,Y6090779,,,,0,30.0,0,0
75,14,21,2,22,Y6090780,,,,0,30.0,0,0
75,14,21,2,23,Y6090781,,,,0,30.0,0,0
75,14,21,2,24,Y6090782,,,,0,30.0,0,0
75,14,21,2,25,Y6090783,,,,0,30.0,0,0
75,14,21,2,26,Y6090784,,,,0,30.0,0,0
75,14,21,2,27,Y6090785,,,,0,30.0,0,0
75,14,21,2,28,Y6090786,,,,0,30.0,0,0
75,14,21,2,29,Y6090787,,,,0,30.0,0,0
75,14,21,2,30,Y6090788,,,,0,30.0,0,0
75,14,21,3,10,Y6090789,,,,0,30.0,0,0
75,14,21,3,11,Y6090790,,,,0,30.0,0,0
75,14,21,3,12,Y6090791,,,,0,30.0,0,0
75,14,21,3,13,Y6090792,,,,0,30.0,0,0
75,14,21,3,14,Y6090793,,,,0,30.0,0,0
75,14,21,3,15,Y6090794,,,,0,30.0,0,0
75,14,21,3,16,Y6090795,,,,0,30.0,0,0
75,14,21,3,17,Y6090796,,,,0,30.0,0,0
75,14,21,3,18,Y6090797,,,,0,30.0,0,0
75,14,21,3,19,Y6090798,,,,0,30.0,0,0
75,14,21,3,20,Y6090799,,,,0,30.0,0,0
75,14,21,3,21,Y6090800,,,,0,30.0,0,0
75,14,21,3,22,Y6090801,,,,0,30.0,0,0
75,14,21,3,23,Y6090802,,,,0,30.0,0,0
75,14,21,3,24,Y6090803,,,,0,30.0,0,0
75,14,21,3,25,Y6090804,,,,0,30.0,0,0
75,14,21,3,26,Y6090805,,,,0,30.0,0,0
75,14,21,3,27,Y6090806,,,,0,30.0,0,0
75,14,21,3,28,Y6090807,,,,0,30.0,0,0
75,14,21,3,29,Y6090808,,,,0,30.0,0,0
75,14,21,3,30,Y6090809,,,,0,30.0,0,0
75,14,21,4,10,Y6090810,,,,0,30.0,0,0
75,14,21,4,11,Y6090811,,,,0,30.0,0,0
75,14,21,4,12,Y6090812,,,,0,30.0,0,0
75,14,21,4,13,Y6090813,,,,0,30.0,0,0
75,14,21,4,14,Y6090814,,,,0,30.0,0,0
75,14,21,4,15,Y6090815,,,,0,30.0,0,0
75,14,21,4,16,Y6090816,,,,0,30.0,0,0
75,14,21,4,17,Y6090817,,,,0,30.0,0,0
75,14,21,4,18,Y6090818,,,,0,30.0,0,0
75,14,21,4,19,Y6090819,,,,0,30.0,0,0
75,14,21,4,20,Y6090820,,,,0,30.0,0,0
75,14,21,4,21,Y6090821,,,,0,30.0,0,0
75,14,21,4,22,Y6090822,,,,0,30.0,0,0
75,14,21,4,23,Y6090823,,,,0,30.0,0,0
75,14,21,4,24,Y6090824,,,,0,30.0,0,0
75,14,21,4,25,Y6090825,,,,0,30.0,0,0
75,14,21,4,26,Y6090826,,,,0,30.0,0,0
75,14,21,4,27,Y6090827,,,,0,30.0,0,0
75,14,21,4,28,Y6090828,,,,0,30.0,0,0
75,14,21,4,29,Y6090829,,,,0,30.0,0,0
75,14,21,4,30,Y6090830,,,,0,30.0,0,0
75,14,21,5,10,Y6090831,,,,0,30.0,0,0
75,14,21,5,11,Y6090832,,,,0,30.0,0,0
75,14,21,5,12,Y6090833,,,,0,30.0,0,0
75,14,21,5,13,Y6090834,,,,0,30.0,0,0
75,14,21,5,14,Y6090835,,,,0,30.0,0,0
75,14,21,5,15,Y6090836,,,,0,30.0,0,0
75,14,21,5,16,Y6090837,,,,0,30.0,0,0
75,14,21,5,17,Y6090838,,,,0,30.0,0,0
75,14,21,5,18,Y6090839,,,,0,30.0,0,0
75,14,21,5,19,Y6090840,,,,0,30.0,0,0
75,14,21,5,20,Y6090841,,,,0,30.0,0,0
75,14,21,5,21,Y6090842,,,,0,30.0,0,0
75,14,21,5,22,Y6090843,,,,0,30.0,0,0
75,14,21,5,23,Y6090844,,,,0,30.0,0,0
75,14,21,5,24,Y6090845,,,,0,30.0,0,0
75,14,21,5,25,Y6090846,,,,0,30.0,0,0
75,14,21,5,26,Y6090847,,,,0,30.0,0,0
75,14,21,5,27,Y6090848,,,,0,30.0,0,0
75,14,21,5,28,Y6090849,,,,0,30.0,0,0
75,14,21,5,29,Y6090850,,,,0,30.0,0,0
75,14,21,5,30,Y6090851,,,,0,30.0,0,0
75,14,21,6,10,Y6090852,,,,0,30.0,0,0
75,14,21,6,11,Y6090853,,,,0,30.0,0,0
75,14,21,6,12,Y6090854,,,,0,30.0,0,0
75,14,21,6,13,Y6090855,,,,0,30.0,0,0
75,14,21,6,14,Y6090856,,,,0,30.0,0,0
75,14,21,6,15,Y6090857,,,,0,30.0,0,0
75,14,21,6,16,Y6090858,,,,0,30.0,0,0
75,14,21,6,17,Y6090859,,,,0,30.0,0,0
75,14,21,6,18,Y6090860,,,,0,30.0,0,0
75,14,21,6,19,Y6090861,,,,0,30.0,0,0
75,14,21,6,20,Y6090862,,,,0,30.0,0,0
75,14,21,6,21,Y6090863,,,,0,30.0,0,0
75,14,21,6,22,Y6090864,,,,0,30.0,0,0
75,14,21,6,23,Y6090865,,,,0,30.0,0,0
75,14,21,6,24,Y6090866,,,,0,30.0,0,0
75,14,21,6,25,Y6090867,,,,0,30.0,0,0
75,14,21,6,26,Y6090868,,,,0,30.0,0,0
75,14,21,6,27,Y6090869,,,,0,30.0,0,0
75,14,21,6,28,Y6090870,,,,0,30.0,0,0
75,14,21,6,29,Y6090871,,,,0,30.0,0,0
75,14,21,6,30,Y6090872,,,,0,30.0,0,0
75,14,21,7,10,Y6090873,,,,0,30.0,0,0
75,14,21,7,11,Y6090874,,,,0,30.0,0,0
75,14,21,7,12,Y6090875,,,,0,30.0,0,0
75,14,21,7,13,Y6090876,,,,0,30.0,0,0
75,14,21,7,14,Y6090877,,,,0,30.0,0,0
75,14,21,7,15,Y6090878,,,,0,30.0,0,0
75,14,21,7,16,Y6090879,,,,0,30.0,0,0
75,14,21,7,17,Y6090880,,,,0,30.0,0,0
75,14,21,7,18,Y6090881,,,,0,30.0,0,0
75,14,21,7,19,Y6090882,,,,0,30.0,0,0
75,14,21,7,20,Y6090883,,,,0,30.0,0,0
75,14,21,7,21,Y6090884,,,,0,30.0,0,0
75,14,21,7,22,Y6090885,,,,0,30.0,0,0
75,14,21,7,23,Y6090886,,,,0,30.0,0,0
75,14,21,7,24,Y6090887,,,,0,30.0,0,0
75,14,21,7,25,Y6090888,,,,0,30.0,0,0
75,14,21,7,26,Y6090889,,,,0,30.0,0,0
75,14,21,7,27,Y6090890,,,,0,30.0,0,0
75,14,21,7,28,Y6090891,,,,0,30.0,0,0
75,14,21,7,29,Y6090892,,,,0,30.0,0,0
75,14,21,7,30,Y6090893,,,,0,30.0,0,0
75,14,21,8,10,Y6090894,,,,0,30.0,0,0
75,14,21,8,11,Y6090895,,,,0,30.0,0,0
75,14,21,8,12,Y6090896,,,,0,30.0,0,0
75,14,21,8,13,Y6090897,,,,0,30.0,0,0
75,14,21,8,14,Y6090898,,,,0,30.0,0,0
75,14,21,8,15,Y6090899,,,,0,30.0,0,0
75,14,21,8,16,Y6090900,,,,0,30.0,0,0
75,14,21,8,17,Y6090901,,,,0,30.0,0,0
75,14,21,8,18,Y6090902,,,,0,30.0,0,0
75,14,21,8,19,Y6090903,,,,0,30.0,0,0
75,14,21,8,20,Y6090904,,,,0,30.0,0,0
75,14,21,8,21,Y6090905,,,,0,30.0,0,0
75,14,21,8,22,Y6090906,,,,0,30.0,0,0
75,14,21,8,23,Y6090907,,,,0,30.0,0,0
75,14,21,8,24,Y6090908,,,,0,30.0,0,0
75,14,21,8,25,Y6090909,,,,0,30.0,0,0
75,14,21,8,26,Y6090910,,,,0,30.0,0,0
75,14,21,8,27,Y6090911,,,,0,30.0,0,0
75,14,21,8,28,Y6090912,,,,0,30.0,0,0
75,14,21,8,29,Y6090913,,,,0,30.0,0,0
75,14,21,8,30,Y6090914,,,,0,30.0,0,0
75,14,21,9,10,Y6090915,,,,0,30.0,0,0
75,14,21,9,11,Y6090916,,,,0,30.0,0,0
75,14,21,9,12,Y6090917,,,,0,30.0,0,0
75,14,21,9,13,Y6090918,,,,0,30.0,0,0
75,14,21,9,14,Y6090919,,,,0,30.0,0,0
75,14,21,9,15,Y6090920,,,,0,30.0,0,0
75,14,21,9,16,Y6090921,,,,0,30.0,0,0
75,14,21,9,17,Y6090922,,,,0,30.0,0,0
75,14,21,9,18,Y6090923,,,,0,30.0,0,0
75,14,21,9,19,Y6090924,,,,0,30.0,0,0
75,14,21,9,20,Y6090925,,,,0,30.0,0,0
75,14,21,9,21,Y6090926,,,,0,30.0,0,0
75,14,21,9,22,Y6090927,,,,0,30.0,0,0
75,14,21,9,23,Y6090928,,,,0,30.0,0,0
75,14,21,9,24,Y6090929,,,,0,30.0,0,0
75,14,21,9,25,Y6090930,,,,0,30.0,0,0
75,14,21,9,26,Y6090931,,,,0,30.0,0,0
75,14,21,9,27,Y6090932,,,,0,30.0,0,0
75,14,21,9,28,Y6090933,,,,0,30.0,0,0
75,14,21,9,29,Y6090934,,,,0,30.0,0,0
75,14,21,9,30,Y6090935,,,,0,30.0,0,0
75,14,21,10,10,Y6090936,,,,0,30.0,0,0
75,14,21,10,11,Y6090937,,,,0,30.0,0,0
75,14,21,10,12,Y6090938,,,,0,30.0,0,0
75,14,21,10,13,Y6090939,,,,0,30.0,0,0
75,14,21,10,14,Y6090940,,,,0,30.0,0,0
75,14,21,10,15,Y6090941,,,,0,30.0,0,0
75,14,21,10,16,Y6090942,,,,0,30.0,0,0
75,14,21,10,17,Y6090943,,,,0,30.0,0,0
75,14,21,10,18,Y6090944,,,,0,30.0,0,0
75,14,21,10,19,Y6090945,,,,0,30.0,0,0
75,14,21,10,20,Y6090946,,,,0,30.0,0,0
75,14,21,10,21,Y6090947,,,,0,30.0,0,0
75,14,21,10,22,Y6090948,,,,0,30.0,0,0
75,14,21,10,23,Y6090949,,,,0,30.0,0,0
75,14,21,10,24,Y6090950,,,,0,30.0,0,0
75,14,21,10,25,Y6090951,,,,0,30.0,0,0
75,14,21,10,26,Y6090952,,,,0,30.0,0,0
75,14,21,10,27,Y6090953,,,,0,30.0,0,0
75,14,21,10,28,Y6090954,,,,0,30.0,0,0
75,14,21,10,29,Y6090955,,,,0,30.0,0,0
75,14,21,10,30,Y6090956,,,,0,30.0,0,0
75,14,21,11,10,Y6090957,,,,0,30.0,0,0
75,14,21,11,11,Y6090958,,,,0,30.0,0,0
75,14,21,11,12,Y6090959,,,,0,30.0,0,0
75,14,21,11,13,Y6090960,,,,0,30.0,0,0
75,14,21,11,14,Y6090961,,,,0,30.0,0,0
75,14,21,11,15,Y6090962,,,,0,30.0,0,0
75,14,21,11,16,Y6090963,,,,0,30.0,0,0
75,14,21,11,17,Y6090964,,,,0,30.0,0,0
75,14,21,11,18,Y6090965,,,,0,30.0,0,0
75,14,21,11,19,Y6090966,,,,0,30.0,0,0
75,14,21,11,20,Y6090967,,,,0,30.0,0,0
75,14,21,11,21,Y6090968,,,,0,30.0,0,0
75,14,21,11,22,Y6090969,,,,0,30.0,0,0
75,14,21,11,23,Y6090970,,,,0,30.0,0,0
75,14,21,11,24,Y6090971,,,,0,30.0,0,0
75,14,21,11,25,Y6090972,,,,0,30.0,0,0
75,14,21,11,26,Y6090973,,,,0,30.0,0,0
75,14,21,11,27,Y6090974,,,,0,30.0,0,0
75,14,21,11,28,Y6090975,,,,0,30.0,0,0
75,14,21,11,29,Y6090976,,,,0,30.0,0,0
75,14,21,11,30,Y6090977,,,,0,30.0,0,0
75,14,21,12,10,Y6090978,,,,0,30.0,0,0
75,14,21,12,11,Y6090979,,,,0,30.0,0,0
75,14,21,12,12,Y6090980,,,,0,30.0,0,0
75,14,21,12,13,Y6090981,,,,0,30.0,0,0
75,14,21,12,14,Y6090982,,,,0,30.0,0,0
75,14,21,12,15,Y6090983,,,,0,30.0,0,0
75,14,21,12,16,Y6090984,,,,0,30.0,0,0
75,14,21,12,17,Y6090985,,,,0,30.0,0,0
75,14,21,12,18,Y6090986,,,,0,30.0,0,0
75,14,21,12,19,Y6090987,,,,0,30.0,0,0
75,14,21,12,20,Y6090988,,,,0,30.0,0,0
75,14,21,12,21,Y6090989,,,,0,30.0,0,0
75,14,21,12,22,Y6090990,,,,0,30.0,0,0
75,14,21,12,23,Y6090991,,,,0,30.0,0,0
75,14,21,12,24,Y6090992,,,,0,30.0,0,0
75,14,21,12,25,Y6090993,,,,0,30.0,0,0
75,14,21,12,26,Y6090994,,,,0,30.0,0,0
75,14,21,12,27,Y6090995,,,,0,30.0,0,0
75,14,21,12,28,Y6090996,,,,0,30.0,0,0
75,14,21,12,29,Y6090997,,,,0,30.0,0,0
75,14,21,12,30,Y6090998,,,,0,30.0,0,0
75,14,22,1,10,Y6090999,,,,0,30.0,0,0
75,14,22,1,11,Y6091000,,,,0,30.0,0,0
75,14,22,1,12,Y6091001,,,,0,30.0,0,0
75,14,22,1,13,Y6091002,,,,0,30.0,0,0
75,14,22,1,14,Y6091003,,,,0,30.0,0,0
75,14,22,1,15,Y6091004,,,,0,30.0,0,0
75,14,22,1,16,Y6091005,,,,0,30.0,0,0
75,14,22,1,17,Y6091006,,,,0,30.0,0,0
75,14,22,1,18,Y6091007,,,,0,30.0,0,0
75,14,22,1,19,Y6091008,,,,0,30.0,0,0
75,14,22,1,20,Y6091009,,,,0,30.0,0,0
75,14,22,1,21,Y6091010,,,,0,30.0,0,0
75,14,22,1,22,Y6091011,,,,0,30.0,0,0
75,14,22,1,23,Y6091012,,,,0,30.0,0,0
75,14,22,1,24,Y6091013,,,,0,30.0,0,0
75,14,22,1,25,Y6091014,,,,0,30.0,0,0
75,14,22,1,26,Y6091015,,,,0,30.0,0,0
75,14,22,1,27,Y6091016,,,,0,30.0,0,0
75,14,22,1,28,Y6091017,,,,0,30.0,0,0
75,14,22,1,29,Y6091018,,,,0,30.0,0,0
75,14,22,1,30,Y6091019,,,,0,30.0,0,0
75,14,22,2,10,Y6091020,,,,0,30.0,0,0
75,14,22,2,11,Y6091021,,,,0,30.0,0,0
75,14,22,2,12,Y6091022,,,,0,30.0,0,0
75,14,22,2,13,Y6091023,,,,0,30.0,0,0
75,14,22,2,14,Y6091024,,,,0,30.0,0,0
75,14,22,2,15,Y6091025,,,,0,30.0,0,0
75,14,22,2,16,Y6091026,,,,0,30.0,0,0
75,14,22,2,17,Y6091027,,,,0,30.0,0,0
75,14,22,2,18,Y6091028,,,,0,30.0,0,0
75,14,22,2,19,Y6091029,,,,0,30.0,0,0
75,14,22,2,20,Y6091030,,,,0,30.0,0,0
75,14,22,2,21,Y6091031,,,,0,30.0,0,0
75,14,22,2,22,Y6091032,,,,0,30.0,0,0
75,14,22,2,23,Y6091033,,,,0,30.0,0,0
75,14,22,2,24,Y6091034,,,,0,30.0,0,0
75,14,22,2,25,Y6091035,,,,0,30.0,0,0
75,14,22,2,26,Y6091036,,,,0,30.0,0,0
75,14,22,2,27,Y6091037,,,,0,30.0,0,0
75,14,22,2,28,Y6091038,,,,0,30.0,0,0
75,14,22,2,29,Y6091039,,,,0,30.0,0,0
75,14,22,2,30,Y6091040,,,,0,30.0,0,0
75,14,22,3,10,Y6091041,,,,0,30.0,0,0
75,14,22,3,11,Y6091042,,,,0,30.0,0,0
75,14,22,3,12,Y6091043,,,,0,30.0,0,0
75,14,22,3,13,Y6091044,,,,0,30.0,0,0
75,14,22,3,14,Y6091045,,,,0,30.0,0,0
75,14,22,3,15,Y6091046,,,,0,30.0,0,0
75,14,22,3,16,Y6091047,,,,0,30.0,0,0
75,14,22,3,17,Y6091048,,,,0,30.0,0,0
75,14,22,3,18,Y6091049,,,,0,30.0,0,0
75,14,22,3,19,Y6091050,,,,0,30.0,0,0
75,14,22,3,20,Y6091051,,,,0,30.0,0,0
75,14,22,3,21,Y6091052,,,,0,30.0,0,0
75,14,22,3,22,Y6091053,,,,0,30.0,0,0
75,14,22,3,23,Y6091054,,,,0,30.0,0,0
75,14,22,3,24,Y6091055,,,,0,30.0,0,0
75,14,22,3,25,Y6091056,,,,0,30.0,0,0
75,14,22,3,26,Y6091057,,,,0,30.0,0,0
75,14,22,3,27,Y6091058,,,,0,30.0,0,0
75,14,22,3,28,Y6091059,,,,0,30.0,0,0
75,14,22,3,29,Y6091060,,,,0,30.0,0,0
75,14,22,3,30,Y6091061,,,,0,30.0,0,0
75,14,22,4,10,Y6091062,,,,0,30.0,0,0
75,14,22,4,11,Y6091063,,,,0,30.0,0,0
75,14,22,4,12,Y6091064,,,,0,30.0,0,0
75,14,22,4,13,Y6091065,,,,0,30.0,0,0
75,14,22,4,14,Y6091066,,,,0,30.0,0,0
75,14,22,4,15,Y6091067,,,,0,30.0,0,0
75,14,22,4,16,Y6091068,,,,0,30.0,0,0
75,14,22,4,17,Y6091069,,,,0,30.0,0,0
75,14,22,4,18,Y6091070,,,,0,30.0,0,0
75,14,22,4,19,Y6091071,,,,0,30.0,0,0
75,14,22,4,20,Y6091072,,,,0,30.0,0,0
75,14,22,4,21,Y6091073,,,,0,30.0,0,0
75,14,22,4,22,Y6091074,,,,0,30.0,0,0
75,14,22,4,23,Y6091075,,,,0,30.0,0,0
75,14,22,4,24,Y6091076,,,,0,30.0,0,0
75,14,22,4,25,Y6091077,,,,0,30.0,0,0
75,14,22,4,26,Y6091078,,,,0,30.0,0,0
75,14,22,4,27,Y6091079,,,,0,30.0,0,0
75,14,22,4,28,Y6091080,,,,0,30.0,0,0
75,14,22,4,29,Y6091081,,,,0,30.0,0,0
75,14,22,4,30,Y6091082,,,,0,30.0,0,0
75,14,22,5,10,Y6091083,,,,0,30.0,0,0
75,14,22,5,11,Y6091084,,,,0,30.0,0,0
75,14,22,5,12,Y6091085,,,,0,30.0,0,0
75,14,22,5,13,Y6091086,,,,0,30.0,0,0
75,14,22,5,14,Y6091087,,,,0,30.0,0,0
75,14,22,5,15,Y6091088,,,,0,30.0,0,0
75,14,22,5,16,Y6091089,,,,0,30.0,0,0
75,14,22,5,17,Y6091090,,,,0,30.0,0,0
75,14,22,5,18,Y6091091,,,,0,30.0,0,0
75,14,22,5,19,Y6091092,,,,0,30.0,0,0
75,14,22,5,20,Y6091093,,,,0,30.0,0,0
75,14,22,5,21,Y6091094,,,,0,30.0,0,0
75,14,22,5,22,Y6091095,,,,0,30.0,0,0
75,14,22,5,23,Y6091096,,,,0,30.0,0,0
75,14,22,5,24,Y6091097,,,,0,30.0,0,0
75,14,22,5,25,Y6091098,,,,0,30.0,0,0
75,14,22,5,26,Y6091099,,,,0,30.0,0,0
75,14,22,5,27,Y6091100,,,,0,30.0,0,0
75,14,22,5,28,Y6091101,,,,0,30.0,0,0
75,14,22,5,29,Y6091102,,,,0,30.0,0,0
75,14,22,5,30,Y6091103,,,,0,30.0,0,0
75,14,22,6,10,Y6091104,,,,0,30.0,0,0
75,14,22,6,11,Y6091105,,,,0,30.0,0,0
75,14,22,6,12,Y6091106,,,,0,30.0,0,0
75,14,22,6,13,Y6091107,,,,0,30.0,0,0
75,14,22,6,14,Y6091108,,,,0,30.0,0,0
75,14,22,6,15,Y6091109,,,,0,30.0,0,0
75,14,22,6,16,Y6091110,,,,0,30.0,0,0
75,14,22,6,17,Y6091111,,,,0,30.0,0,0
75,14,22,6,18,Y6091112,,,,0,30.0,0,0
75,14,22,6,19,Y6091113,,,,0,30.0,0,0
75,14,22,6,20,Y6091114,,,,0,30.0,0,0
75,14,22,6,21,Y6091115,,,,0,30.0,0,0
75,14,22,6,22,Y6091116,,,,0,30.0,0,0
75,14,22,6,23,Y6091117,,,,0,30.0,0,0
75,14,22,6,24,Y6091118,,,,0,30.0,0,0
75,14,22,6,25,Y6091119,,,,0,30.0,0,0
75,14,22,6,26,Y6091120,,,,0,30.0,0,0
75,14,22,6,27,Y6091121,,,,0,30.0,0,0
75,14,22,6,28,Y6091122,,,,0,30.0,0,0
75,14,22,6,29,Y6091123,,,,0,30.0,0,0
75,14,22,6,30,Y6091124,,,,0,30.0,0,0
75,14,22,7,10,Y6091125,,,,0,30.0,0,0
75,14,22,7,11,Y6091126,,,,0,30.0,0,0
75,14,22,7,12,Y6091127,,,,0,30.0,0,0
75,14,22,7,13,Y6091128,,,,0,30.0,0,0
75,14,22,7,14,Y6091129,,,,0,30.0,0,0
75,14,22,7,15,Y6091130,,,,0,30.0,0,0
75,14,22,7,16,Y6091131,,,,0,30.0,0,0
75,14,22,7,17,Y6091132,,,,0,30.0,0,0
75,14,22,7,18,Y6091133,,,,0,30.0,0,0
75,14,22,7,19,Y6091134,,,,0,30.0,0,0
75,14,22,7,20,Y6091135,,,,0,30.0,0,0
75,14,22,7,21,Y6091136,,,,0,30.0,0,0
75,14,22,7,22,Y6091137,,,,0,30.0,0,0
75,14,22,7,23,Y6091138,,,,0,30.0,0,0
75,14,22,7,24,Y6091139,,,,0,30.0,0,0
75,14,22,7,25,Y6091140,,,,0,30.0,0,0
75,14,22,7,26,Y6091141,,,,0,30.0,0,0
75,14,22,7,27,Y6091142,,,,0,30.0,0,0
75,14,22,7,28,Y6091143,,,,0,30.0,0,0
75,14,22,7,29,Y6091144,,,,0,30.0,0,0
75,14,22,7,30,Y6091145,,,,0,30.0,0,0
75,14,22,8,10,Y6091146,,,,0,30.0,0,0
75,14,22,8,11,Y6091147,,,,0,30.0,0,0
75,14,22,8,12,Y6091148,,,,0,30.0,0,0
75,14,22,8,13,Y6091149,,,,0,30.0,0,0
75,14,22,8,14,Y6091150,,,,0,30.0,0,0
75,14,22,8,15,Y6091151,,,,0,30.0,0,0
75,14,22,8,16,Y6091152,,,,0,30.0,0,0
75,14,22,8,17,Y6091153,,,,0,30.0,0,0
75,14,22,8,18,Y6091154,,,,0,30.0,0,0
75,14,22,8,19,Y6091155,,,,0,30.0,0,0
75,14,22,8,20,Y6091156,,,,0,30.0,0,0
75,14,22,8,21,Y6091157,,,,0,30.0,0,0
75,14,22,8,22,Y6091158,,,,0,30.0,0,0
75,14,22,8,23,Y6091159,,,,0,30.0,0,0
75,14,22,8,24,Y6091160,,,,0,30.0,0,0
75,14,22,8,25,Y6091161,,,,0,30.0,0,0
75,14,22,8,26,Y6091162,,,,0,30.0,0,0
75,14,22,8,27,Y6091163,,,,0,30.0,0,0
75,14,22,8,28,Y6091164,,,,0,30.0,0,0
75,14,22,8,29,Y6091165,,,,0,30.0,0,0
75,14,22,8,30,Y6091166,,,,0,30.0,0,0
75,14,22,9,10,Y6091167,,,,0,30.0,0,0
75,14,22,9,11,Y6091168,,,,0,30.0,0,0
75,14,22,9,12,Y6091169,,,,0,30.0,0,0
75,14,22,9,13,Y6091170,,,,0,30.0,0,0
75,14,22,9,14,Y6091171,,,,0,30.0,0,0
75,14,22,9,15,Y6091172,,,,0,30.0,0,0
75,14,22,9,16,Y6091173,,,,0,30.0,0,0
75,14,22,9,17,Y6091174,,,,0,30.0,0,0
75,14,22,9,18,Y6091175,,,,0,30.0,0,0
75,14,22,9,19,Y6091176,,,,0,30.0,0,0
75,14,22,9,20,Y6091177,,,,0,30.0,0,0
75,14,22,9,21,Y6091178,,,,0,30.0,0,0
75,14,22,9,22,Y6091179,,,,0,30.0,0,0
75,14,22,9,23,Y6091180,,,,0,30.0,0,0
75,14,22,9,24,Y6091181,,,,0,30.0,0,0
75,14,22,9,25,Y6091182,,,,0,30.0,0,0
75,14,22,9,26,Y6091183,,,,0,30.0,0,0
75,14,22,9,27,Y6091184,,,,0,30.0,0,0
75,14,22,9,28,Y6091185,,,,0,30.0,0,0
75,14,22,9,29,Y6091186,,,,0,30.0,0,0
75,14,22,9,30,Y6091187,,,,0,30.0,0,0
75,14,22,10,10,Y6091188,,,,0,30.0,0,0
75,14,22,10,11,Y6091189,,,,0,30.0,0,0
75,14,22,10,12,Y6091190,,,,0,30.0,0,0
75,14,22,10,13,Y6091191,,,,0,30.0,0,0
75,14,22,10,14,Y6091192,,,,0,30.0,0,0
75,14,22,10,15,Y6091193,,,,0,30.0,0,0
75,14,22,10,16,Y6091194,,,,0,30.0,0,0
75,14,22,10,17,Y6091195,,,,0,30.0,0,0
75,14,22,10,18,Y6091196,,,,0,30.0,0,0
75,14,22,10,19,Y6091197,,,,0,30.0,0,0
75,14,22,10,20,Y6091198,,,,0,30.0,0,0
75,14,22,10,21,Y6091199,,,,0,30.0,0,0
75,14,22,10,22,Y6091200,,,,0,30.0,0,0
75,14,22,10,23,Y6091201,,,,0,30.0,0,0
75,14,22,10,24,Y6091202,,,,0,30.0,0,0
75,14,22,10,25,Y6091203,,,,0,30.0,0,0
75,14,22,10,26,Y6091204,,,,0,30.0,0,0
75,14,22,10,27,Y6091205,,,,0,30.0,0,0
75,14,22,10,28,Y6091206,,,,0,30.0,0,0
75,14,22,10,29,Y6091207,,,,0,30.0,0,0
75,14,22,10,30,Y6091208,,,,0,30.0,0,0
75,14,22,11,10,Y6091209,,,,0,30.0,0,0
75,14,22,11,11,Y6091210,,,,0,30.0,0,0
75,14,22,11,12,Y6091211,,,,0,30.0,0,0
75,14,22,11,13,Y6091212,,,,0,30.0,0,0
75,14,22,11,14,Y6091213,,,,0,30.0,0,0
75,14,22,11,15,Y6091214,,,,0,30.0,0,0
75,14,22,11,16,Y6091215,,,,0,30.0,0,0
75,14,22,11,17,Y6091216,,,,0,30.0,0,0
75,14,22,11,18,Y6091217,,,,0,30.0,0,0
75,14,22,11,19,Y6091218,,,,0,30.0,0,0
75,14,22,11,20,Y6091219,,,,0,30.0,0,0
75,14,22,11,21,Y6091220,,,,0,30.0,0,0
75,14,22,11,22,Y6091221,,,,0,30.0,0,0
75,14,22,11,23,Y6091222,,,,0,30.0,0,0
75,14,22,11,24,Y6091223,,,,0,30.0,0,0
75,14,22,11,25,Y6091224,,,,0,30.0,0,0
75,14,22,11,26,Y6091225,,,,0,30.0,0,0
75,14,22,11,27,Y6091226,,,,0,30.0,0,0
75,14,22,11,28,Y6091227,,,,0,30.0,0,0
75,14,22,11,29,Y6091228,,,,0,30.0,0,0
75,14,22,11,30,Y6091229,,,,0,30.0,0,0
75,14,22,12,10,Y6091230,,,,0,30.0,0,0
75,14,22,12,11,Y6091231,,,,0,30.0,0,0
75,14,22,12,12,Y6091232,,,,0,30.0,0,0
75,14,22,12,13,Y6091233,,,,0,30.0,0,0
75,14,22,12,14,Y6091234,,,,0,30.0,0,0
75,14,22,12,15,Y6091235,,,,0,30.0,0,0
75,14,22,12,16,Y6091236,,,,0,30.0,0,0
75,14,22,12,17,Y6091237,,,,0,30.0,0,0
75,14,22,12,18,Y6091238,,,,0,30.0,0,0
75,14,22,12,19,Y6091239,,,,0,30.0,0,0
75,14,22,12,20,Y6091240,,,,0,30.0,0,0
75,14,22,12,21,Y6091241,,,,0,30.0,0,0
75,14,22,12,22,Y6091242,,,,0,30.0,0,0
75,14,22,12,23,Y6091243,,,,0,30.0,0,0
75,14,22,12,24,Y6091244,,,,0,30.0,0,0
75,14,22,12,25,Y6091245,,,,0,30.0,0,0
75,14,22,12,26,Y6091246,,,,0,30.0,0,0
75,14,22,12,27,Y6091247,,,,0,30.0,0,0
75,14,22,12,28,Y6091248,,,,0,30.0,0,0
75,14,22,12,29,Y6091249,,,,0,30.0,0,0
75,14,22,12,30,Y6091250,,,,0,30.0,0,0
75,14,23,1,10,Y6091251,,,,0,30.0,0,0
75,14,23,1,11,Y6091252,,,,0,30.0,0,0
75,14,23,1,12,Y6091253,,,,0,30.0,0,0
75,14,23,1,13,Y6091254,,,,0,30.0,0,0
75,14,23,1,14,Y6091255,,,,0,30.0,0,0
75,14,23,1,15,Y6091256,,,,0,30.0,0,0
75,14,23,1,16,Y6091257,,,,0,30.0,0,0
75,14,23,1,17,Y6091258,,,,0,30.0,0,0
75,14,23,1,18,Y6091259,,,,0,30.0,0,0
75,14,23,1,19,Y6091260,,,,0,30.0,0,0
75,14,23,1,20,Y6091261,,,,0,30.0,0,0
75,14,23,1,21,Y6091262,,,,0,30.0,0,0
75,14,23,1,22,Y6091263,,,,0,30.0,0,0
75,14,23,1,23,Y6091264,,,,0,30.0,0,0
75,14,23,1,24,Y6091265,,,,0,30.0,0,0
75,14,23,1,25,Y6091266,,,,0,30.0,0,0
75,14,23,1,26,Y6091267,,,,0,30.0,0,0
75,14,23,1,27,Y6091268,,,,0,30.0,0,0
75,14,23,1,28,Y6091269,,,,0,30.0,0,0
75,14,23,1,29,Y6091270,,,,0,30.0,0,0
75,14,23,1,30,Y6091271,,,,0,30.0,0,0
75,14,23,2,10,Y6091272,,,,0,30.0,0,0
75,14,23,2,11,Y6091273,,,,0,30.0,0,0
75,14,23,2,12,Y6091274,,,,0,30.0,0,0
75,14,23,2,13,Y6091275,,,,0,30.0,0,0
75,14,23,2,14,Y6091276,,,,0,30.0,0,0
75,14,23,2,15,Y6091277,,,,0,30.0,0,0
75,14,23,2,16,Y6091278,,,,0,30.0,0,0
75,14,23,2,17,Y6091279,,,,0,30.0,0,0
75,14,23,2,18,Y6091280,,,,0,30.0,0,0
75,14,23,2,19,Y6091281,,,,0,30.0,0,0
75,14,23,2,20,Y6091282,,,,0,30.0,0,0
75,14,23,2,21,Y6091283,,,,0,30.0,0,0
75,14,23,2,22,Y6091284,,,,0,30.0,0,0
75,14,23,2,23,Y6091285,,,,0,30.0,0,0
75,14,23,2,24,Y6091286,,,,0,30.0,0,0
75,14,23,2,25,Y6091287,,,,0,30.0,0,0
75,14,23,2,26,Y6091288,,,,0,30.0,0,0
75,14,23,2,27,Y6091289,,,,0,30.0,0,0
75,14,23,2,28,Y6091290,,,,0,30.0,0,0
75,14,23,2,29,Y6091291,,,,0,30.0,0,0
75,14,23,2,30,Y6091292,,,,0,30.0,0,0
75,14,23,3,10,Y6091293,,,,0,30.0,0,0
75,14,23,3,11,Y6091294,,,,0,30.0,0,0
75,14,23,3,12,Y6091295,,,,0,30.0,0,0
75,14,23,3,13,Y6091296,,,,0,30.0,0,0
75,14,23,3,14,Y6091297,,,,0,30.0,0,0
75,14,23,3,15,Y6091298,,,,0,30.0,0,0
75,14,23,3,16,Y6091299,,,,0,30.0,0,0
75,14,23,3,17,Y6091300,,,,0,30.0,0,0
75,14,23,3,18,Y6091301,,,,0,30.0,0,0
75,14,23,3,19,Y6091302,,,,0,30.0,0,0
75,14,23,3,20,Y6091303,,,,0,30.0,0,0
75,14,23,3,21,Y6091304,,,,0,30.0,0,0
75,14,23,3,22,Y6091305,,,,0,30.0,0,0
75,14,23,3,23,Y6091306,,,,0,30.0,0,0
75,14,23,3,24,Y6091307,,,,0,30.0,0,0
75,14,23,3,25,Y6091308,,,,0,30.0,0,0
75,14,23,3,26,Y6091309,,,,0,30.0,0,0
75,14,23,3,27,Y6091310,,,,0,30.0,0,0
75,14,23,3,28,Y6091311,,,,0,30.0,0,0
75,14,23,3,29,Y6091312,,,,0,30.0,0,0
75,14,23,3,30,Y6091313,,,,0,30.0,0,0
75,14,23,4,10,Y6091314,,,,0,30.0,0,0
75,14,23,4,11,Y6091315,,,,0,30.0,0,0
75,14,23,4,12,Y6091316,,,,0,30.0,0,0
75,14,23,4,13,Y6091317,,,,0,30.0,0,0
75,14,23,4,14,Y6091318,,,,0,30.0,0,0
75,14,23,4,15,Y6091319,,,,0,30.0,0,0
75,14,23,4,16,Y6091320,,,,0,30.0,0,0
75,14,23,4,17,Y6091321,,,,0,30.0,0,0
75,14,23,4,18,Y6091322,,,,0,30.0,0,0
75,14,23,4,19,Y6091323,,,,0,30.0,0,0
75,14,23,4,20,Y6091324,,,,0,30.0,0,0
75,14,23,4,21,Y6091325,,,,0,30.0,0,0
75,14,23,4,22,Y6091326,,,,0,30.0,0,0
75,14,23,4,23,Y6091327,,,,0,30.0,0,0
75,14,23,4,24,Y6091328,,,,0,30.0,0,0
75,14,23,4,25,Y6091329,,,,0,30.0,0,0
75,14,23,4,26,Y6091330,,,,0,30.0,0,0
75,14,23,4,27,Y6091331,,,,0,30.0,0,0
75,14,23,4,28,Y6091332,,,,0,30.0,0,0
75,14,23,4,29,Y6091333,,,,0,30.0,0,0
75,14,23,4,30,Y6091334,,,,0,30.0,0,0
75,14,23,5,10,Y6091335,,,,0,30.0,0,0
75,14,23,5,11,Y6091336,,,,0,30.0,0,0
75,14,23,5,12,Y6091337,,,,0,30.0,0,0
75,14,23,5,13,Y6091338,,,,0,30.0,0,0
75,14,23,5,14,Y6091339,,,,0,30.0,0,0
75,14,23,5,15,Y6091340,,,,0,30.0,0,0
75,14,23,5,16,Y6091341,,,,0,30.0,0,0
75,14,23,5,17,Y6091342,,,,0,30.0,0,0
75,14,23,5,18,Y6091343,,,,0,30.0,0,0
75,14,23,5,19,Y6091344,,,,0,30.0,0,0
75,14,23,5,20,Y6091345,,,,0,30.0,0,0
75,14,23,5,21,Y6091346,,,,0,30.0,0,0
75,14,23,5,22,Y6091347,,,,0,30.0,0,0
75,14,23,5,23,Y6091348,,,,0,30.0,0,0
75,14,23,5,24,Y6091349,,,,0,30.0,0,0
75,14,23,5,25,Y6091350,,,,0,30.0,0,0
75,14,23,5,26,Y6091351,,,,0,30.0,0,0
75,14,23,5,27,Y6091352,,,,0,30.0,0,0
75,14,23,5,28,Y6091353,,,,0,30.0,0,0
75,14,23,5,29,Y6091354,,,,0,30.0,0,0
75,14,23,5,30,Y6091355,,,,0,30.0,0,0
75,14,23,6,10,Y6091356,,,,0,30.0,0,0
75,14,23,6,11,Y6091357,,,,0,30.0,0,0
75,14,23,6,12,Y6091358,,,,0,30.0,0,0
75,14,23,6,13,Y6091359,,,,0,30.0,0,0
75,14,23,6,14,Y6091360,,,,0,30.0,0,0
75,14,23,6,15,Y6091361,,,,0,30.0,0,0
75,14,23,6,16,Y6091362,,,,0,30.0,0,0
75,14,23,6,17,Y6091363,,,,0,30.0,0,0
75,14,23,6,18,Y6091364,,,,0,30.0,0,0
75,14,23,6,19,Y6091365,,,,0,30.0,0,0
75,14,23,6,20,Y6091366,,,,0,30.0,0,0
75,14,23,6,21,Y6091367,,,,0,30.0,0,0
75,14,23,6,22,Y6091368,,,,0,30.0,0,0
75,14,23,6,23,Y6091369,,,,0,30.0,0,0
75,14,23,6,24,Y6091370,,,,0,30.0,0,0
75,14,23,6,25,Y6091371,,,,0,30.0,0,0
75,14,23,6,26,Y6091372,,,,0,30.0,0,0
75,14,23,6,27,Y6091373,,,,0,30.0,0,0
75,14,23,6,28,Y6091374,,,,0,30.0,0,0
75,14,23,6,29,Y6091375,,,,0,30.0,0,0
75,14,23,6,30,Y6091376,,,,0,30.0,0,0
75,14,23,7,10,Y6091377,,,,0,30.0,0,0
75,14,23,7,11,Y6091378,,,,0,30.0,0,0
75,14,23,7,12,Y6091379,,,,0,30.0,0,0
75,14,23,7,13,Y6091380,,,,0,30.0,0,0
75,14,23,7,14,Y6091381,,,,0,30.0,0,0
75,14,23,7,15,Y6091382,,,,0,30.0,0,0
75,14,23,7,16,Y6091383,,,,0,30.0,0,0
75,14,23,7,17,Y6091384,,,,0,30.0,0,0
75,14,23,7,18,Y6091385,,,,0,30.0,0,0
75,14,23,7,19,Y6091386,,,,0,30.0,0,0
75,14,23,7,20,Y6091387,,,,0,30.0,0,0
75,14,23,7,21,Y6091388,,,,0,30.0,0,0
75,14,23,7,22,Y6091389,,,,0,30.0,0,0
75,14,23,7,23,Y6091390,,,,0,30.0,0,0
75,14,23,7,24,Y6091391,,,,0,30.0,0,0
75,14,23,7,25,Y6091392,,,,0,30.0,0,0
75,14,23,7,26,Y6091393,,,,0,30.0,0,0
75,14,23,7,27,Y6091394,,,,0,30.0,0,0
75,14,23,7,28,Y6091395,,,,0,30.0,0,0
75,14,23,7,29,Y6091396,,,,0,30.0,0,0
75,14,23,7,30,Y6091397,,,,0,30.0,0,0
75,14,23,8,10,Y6091398,,,,0,30.0,0,0
75,14,23,8,11,Y6091399,,,,0,30.0,0,0
75,14,23,8,12,Y6091400,,,,0,30.0,0,0
75,14,23,8,13,Y6091401,,,,0,30.0,0,0
75,14,23,8,14,Y6091402,,,,0,30.0,0,0
75,14,23,8,15,Y6091403,,,,0,30.0,0,0
75,14,23,8,16,Y6091404,,,,0,30.0,0,0
75,14,23,8,17,Y6091405,,,,0,30.0,0,0
75,14,23,8,18,Y6091406,,,,0,30.0,0,0
75,14,23,8,19,Y6091407,,,,0,30.0,0,0
75,14,23,8,20,Y6091408,,,,0,30.0,0,0
75,14,23,8,21,Y6091409,,,,0,30.0,0,0
75,14,23,8,22,Y6091410,,,,0,30.0,0,0
75,14,23,8,23,Y6091411,,,,0,30.0,0,0
75,14,23,8,24,Y6091412,,,,0,30.0,0,0
75,14,23,8,25,Y6091413,,,,0,30.0,0,0
75,14,23,8,26,Y6091414,,,,0,30.0,0,0
75,14,23,8,27,Y6091415,,,,0,30.0,0,0
75,14,23,8,28,Y6091416,,,,0,30.0,0,0
75,14,23,8,29,Y6091417,,,,0,30.0,0,0
75,14,23,8,30,Y6091418,,,,0,30.0,0,0
75,14,23,9,10,Y6091419,,,,0,30.0,0,0
75,14,23,9,11,Y6091420,,,,0,30.0,0,0
75,14,23,9,12,Y6091421,,,,0,30.0,0,0
75,14,23,9,13,Y6091422,,,,0,30.0,0,0
75,14,23,9,14,Y6091423,,,,0,30.0,0,0
75,14,23,9,15,Y6091424,,,,0,30.0,0,0
75,14,23,9,16,Y6091425,,,,0,30.0,0,0
75,14,23,9,17,Y6091426,,,,0,30.0,0,0
75,14,23,9,18,Y6091427,,,,0,30.0,0,0
75,14,23,9,19,Y6091428,,,,0,30.0,0,0
75,14,23,9,20,Y6091429,,,,0,30.0,0,0
75,14,23,9,21,Y6091430,,,,0,30.0,0,0
75,14,23,9,22,Y6091431,,,,0,30.0,0,0
75,14,23,9,23,Y6091432,,,,0,30.0,0,0
75,14,23,9,24,Y6091433,,,,0,30.0,0,0
75,14,23,9,25,Y6091434,,,,0,30.0,0,0
75,14,23,9,26,Y6091435,,,,0,30.0,0,0
75,14,23,9,27,Y6091436,,,,0,30.0,0,0
75,14,23,9,28,Y6091437,,,,0,30.0,0,0
75,14,23,9,29,Y6091438,,,,0,30.0,0,0
75,14,23,9,30,Y6091439,,,,0,30.0,0,0
75,14,23,10,10,Y6091440,,,,0,30.0,0,0
75,14,23,10,11,Y6091441,,,,0,30.0,0,0
75,14,23,10,12,Y6091442,,,,0,30.0,0,0
75,14,23,10,13,Y6091443,,,,0,30.0,0,0
75,14,23,10,14,Y6091444,,,,0,30.0,0,0
75,14,23,10,15,Y6091445,,,,0,30.0,0,0
75,14,23,10,16,Y6091446,,,,0,30.0,0,0
75,14,23,10,17,Y6091447,,,,0,30.0,0,0
75,14,23,10,18,Y6091448,,,,0,30.0,0,0
75,14,23,10,19,Y6091449,,,,0,30.0,0,0
75,14,23,10,20,Y6091450,,,,0,30.0,0,0
75,14,23,10,21,Y6091451,,,,0,30.0,0,0
75,14,23,10,22,Y6091452,,,,0,30.0,0,0
75,14,23,10,23,Y6091453,,,,0,30.0,0,0
75,14,23,10,24,Y6091454,,,,0,30.0,0,0
75,14,23,10,25,Y6091455,,,,0,30.0,0,0
75,14,23,10,26,Y6091456,,,,0,30.0,0,0
75,14,23,10,27,Y6091457,,,,0,30.0,0,0
75,14,23,10,28,Y6091458,,,,0,30.0,0,0
75,14,23,10,29,Y6091459,,,,0,30.0,0,0
75,14,23,10,30,Y6091460,,,,0,30.0,0,0
75,14,23,11,10,Y6091461,,,,0,30.0,0,0
75,14,23,11,11,Y6091462,,,,0,30.0,0,0
75,14,23,11,12,Y6091463,,,,0,30.0,0,0
75,14,23,11,13,Y6091464,,,,0,30.0,0,0
75,14,23,11,14,Y6091465,,,,0,30.0,0,0
75,14,23,11,15,Y6091466,,,,0,30.0,0,0
75,14,23,11,16,Y6091467,,,,0,30.0,0,0
75,14,23,11,17,Y6091468,,,,0,30.0,0,0
75,14,23,11,18,Y6091469,,,,0,30.0,0,0
75,14,23,11,19,Y6091470,,,,0,30.0,0,0
75,14,23,11,20,Y6091471,,,,0,30.0,0,0
75,14,23,11,21,Y6091472,,,,0,30.0,0,0
75,14,23,11,22,Y6091473,,,,0,30.0,0,0
75,14,23,11,23,Y6091474,,,,0,30.0,0,0
75,14,23,11,24,Y6091475,,,,0,30.0,0,0
75,14,23,11,25,Y6091476,,,,0,30.0,0,0
75,14,23,11,26,Y6091477,,,,0,30.0,0,0
75,14,23,11,27,Y6091478,,,,0,30.0,0,0
75,14,23,11,28,Y6091479,,,,0,30.0,0,0
75,14,23,11,29,Y6091480,,,,0,30.0,0,0
75,14,23,11,30,Y6091481,,,,0,30.0,0,0
75,14,23,12,10,Y6091482,,,,0,30.0,0,0
75,14,23,12,11,Y6091483,,,,0,30.0,0,0
75,14,23,12,12,Y6091484,,,,0,30.0,0,0
75,14,23,12,13,Y6091485,,,,0,30.0,0,0
75,14,23,12,14,Y6091486,,,,0,30.0,0,0
75,14,23,12,15,Y6091487,,,,0,30.0,0,0
75,14,23,12,16,Y6091488,,,,0,30.0,0,0
75,14,23,12,17,Y6091489,,,,0,30.0,0,0
75,14,23,12,18,Y6091490,,,,0,30.0,0,0
75,14,23,12,19,Y6091491,,,,0,30.0,0,0
75,14,23,12,20,Y6091492,,,,0,30.0,0,0
75,14,23,12,21,Y6091493,,,,0,30.0,0,0
75,14,23,12,22,Y6091494,,,,0,30.0,0,0
75,14,23,12,23,Y6091495,,,,0,30.0,0,0
75,14,23,12,24,Y6091496,,,,0,30.0,0,0
75,14,23,12,25,Y6091497,,,,0,30.0,0,0
75,14,23,12,26,Y6091498,,,,0,30.0,0,0
75,14,23,12,27,Y6091499,,,,0,30.0,0,0
75,14,23,12,28,Y6091500,,,,0,30.0,0,0
75,14,23,12,29,Y6091501,,,,0,30.0,0,0
75,14,23,12,30,Y6091502,,,,0,30.0,0,0
75,14,24,1,10,Y6091503,,,,0,30.0,0,0
75,14,24,1,11,Y6091504,,,,0,30.0,0,0
75,14,24,1,12,Y6091505,,,,0,30.0,0,0
75,14,24,1,13,Y6091506,,,,0,30.0,0,0
75,14,24,1,14,Y6091507,,,,0,30.0,0,0
75,14,24,1,15,Y6091508,,,,0,30.0,0,0
75,14,24,1,16,Y6091509,,,,0,30.0,0,0
75,14,24,1,17,Y6091510,,,,0,30.0,0,0
75,14,24,1,18,Y6091511,,,,0,30.0,0,0
75,14,24,1,19,Y6091512,,,,0,30.0,0,0
75,14,24,1,20,Y6091513,,,,0,30.0,0,0
75,14,24,1,21,Y6091514,,,,0,30.0,0,0
75,14,24,1,22,Y6091515,,,,0,30.0,0,0
75,14,24,1,23,Y6091516,,,,0,30.0,0,0
75,14,24,1,24,Y6091517,,,,0,30.0,0,0
75,14,24,1,25,Y6091518,,,,0,30.0,0,0
75,14,24,1,26,Y6091519,,,,0,30.0,0,0
75,14,24,1,27,Y6091520,,,,0,30.0,0,0
75,14,24,1,28,Y6091521,,,,0,30.0,0,0
75,14,24,1,29,Y6091522,,,,0,30.0,0,0
75,14,24,1,30,Y6091523,,,,0,30.0,0,0
75,14,24,2,10,Y6091524,,,,0,30.0,0,0
75,14,24,2,11,Y6091525,,,,0,30.0,0,0
75,14,24,2,12,Y6091526,,,,0,30.0,0,0
75,14,24,2,13,Y6091527,,,,0,30.0,0,0
75,14,24,2,14,Y6091528,,,,0,30.0,0,0
75,14,24,2,15,Y6091529,,,,0,30.0,0,0
75,14,24,2,16,Y6091530,,,,0,30.0,0,0
75,14,24,2,17,Y6091531,,,,0,30.0,0,0
75,14,24,2,18,Y6091532,,,,0,30.0,0,0
75,14,24,2,19,Y6091533,,,,0,30.0,0,0
75,14,24,2,20,Y6091534,,,,0,30.0,0,0
75,14,24,2,21,Y6091535,,,,0,30.0,0,0
75,14,24,2,22,Y6091536,,,,0,30.0,0,0
75,14,24,2,23,Y6091537,,,,0,30.0,0,0
75,14,24,2,24,Y6091538,,,,0,30.0,0,0
75,14,24,2,25,Y6091539,,,,0,30.0,0,0
75,14,24,2,26,Y6091540,,,,0,30.0,0,0
75,14,24,2,27,Y6091541,,,,0,30.0,0,0
75,14,24,2,28,Y6091542,,,,0,30.0,0,0
75,14,24,2,29,Y6091543,,,,0,30.0,0,0
75,14,24,2,30,Y6091544,,,,0,30.0,0,0
75,14,24,3,10,Y6091545,,,,0,30.0,0,0
75,14,24,3,11,Y6091546,,,,0,30.0,0,0
75,14,24,3,12,Y6091547,,,,0,30.0,0,0
75,14,24,3,13,Y6091548,,,,0,30.0,0,0
75,14,24,3,14,Y6091549,,,,0,30.0,0,0
75,14,24,3,15,Y6091550,,,,0,30.0,0,0
75,14,24,3,16,Y6091551,,,,0,30.0,0,0
75,14,24,3,17,Y6091552,,,,0,30.0,0,0
75,14,24,3,18,Y6091553,,,,0,30.0,0,0
75,14,24,3,19,Y6091554,,,,0,30.0,0,0
75,14,24,3,20,Y6091555,,,,0,30.0,0,0
75,14,24,3,21,Y6091556,,,,0,30.0,0,0
75,14,24,3,22,Y6091557,,,,0,30.0,0,0
75,14,24,3,23,Y6091558,,,,0,30.0,0,0
75,14,24,3,24,Y6091559,,,,0,30.0,0,0
75,14,24,3,25,Y6091560,,,,0,30.0,0,0
75,14,24,3,26,Y6091561,,,,0,30.0,0,0
75,14,24,3,27,Y6091562,,,,0,30.0,0,0
75,14,24,3,28,Y6091563,,,,0,30.0,0,0
75,14,24,3,29,Y6091564,,,,0,30.0,0,0
75,14,24,3,30,Y6091565,,,,0,30.0,0,0
75,14,24,4,10,Y6091566,,,,0,30.0,0,0
75,14,24,4,11,Y6091567,,,,0,30.0,0,0
75,14,24,4,12,Y6091568,,,,0,30.0,0,0
75,14,24,4,13,Y6091569,,,,0,30.0,0,0
75,14,24,4,14,Y6091570,,,,0,30.0,0,0
75,14,24,4,15,Y6091571,,,,0,30.0,0,0
75,14,24,4,16,Y6091572,,,,0,30.0,0,0
75,14,24,4,17,Y6091573,,,,0,30.0,0,0
75,14,24,4,18,Y6091574,,,,0,30.0,0,0
75,14,24,4,19,Y6091575,,,,0,30.0,0,0
75,14,24,4,20,Y6091576,,,,0,30.0,0,0
75,14,24,4,21,Y6091577,,,,0,30.0,0,0
75,14,24,4,22,Y6091578,,,,0,30.0,0,0
75,14,24,4,23,Y6091579,,,,0,30.0,0,0
75,14,24,4,24,Y6091580,,,,0,30.0,0,0
75,14,24,4,25,Y6091581,,,,0,30.0,0,0
75,14,24,4,26,Y6091582,,,,0,30.0,0,0
75,14,24,4,27,Y6091583,,,,0,30.0,0,0
75,14,24,4,28,Y6091584,,,,0,30.0,0,0
75,14,24,4,29,Y6091585,,,,0,30.0,0,0
75,14,24,4,30,Y6091586,,,,0,30.0,0,0
75,14,24,5,10,Y6091587,,,,0,30.0,0,0
75,14,24,5,11,Y6091588,,,,0,30.0,0,0
75,14,24,5,12,Y6091589,,,,0,30.0,0,0
75,14,24,5,13,Y6091590,,,,0,30.0,0,0
75,14,24,5,14,Y6091591,,,,0,30.0,0,0
75,14,24,5,15,Y6091592,,,,0,30.0,0,0
75,14,24,5,16,Y6091593,,,,0,30.0,0,0
75,14,24,5,17,Y6091594,,,,0,30.0,0,0
75,14,24,5,18,Y6091595,,,,0,30.0,0,0
75,14,24,5,19,Y6091596,,,,0,30.0,0,0
75,14,24,5,20,Y6091597,,,,0,30.0,0,0
75,14,24,5,21,Y6091598,,,,0,30.0,0,0
75,14,24,5,22,Y6091599,,,,0,30.0,0,0
75,14,24,5,23,Y6091600,,,,0,30.0,0,0
75,14,24,5,24,Y6091601,,,,0,30.0,0,0
75,14,24,5,25,Y6091602,,,,0,30.0,0,0
75,14,24,5,26,Y6091603,,,,0,30.0,0,0
75,14,24,5,27,Y6091604,,,,0,30.0,0,0
75,14,24,5,28,Y6091605,,,,0,30.0,0,0
75,14,24,5,29,Y6091606,,,,0,30.0,0,0
75,14,24,5,30,Y6091607,,,,0,30.0,0,0
75,14,24,6,10,Y6091608,,,,0,30.0,0,0
75,14,24,6,11,Y6091609,,,,0,30.0,0,0
75,14,24,6,12,Y6091610,,,,0,30.0,0,0
75,14,24,6,13,Y6091611,,,,0,30.0,0,0
75,14,24,6,14,Y6091612,,,,0,30.0,0,0
75,14,24,6,15,Y6091613,,,,0,30.0,0,0
75,14,24,6,16,Y6091614,,,,0,30.0,0,0
75,14,24,6,17,Y6091615,,,,0,30.0,0,0
75,14,24,6,18,Y6091616,,,,0,30.0,0,0
75,14,24,6,19,Y6091617,,,,0,30.0,0,0
75,14,24,6,20,Y6091618,,,,0,30.0,0,0
75,14,24,6,21,Y6091619,,,,0,30.0,0,0
75,14,24,6,22,Y6091620,,,,0,30.0,0,0
75,14,24,6,23,Y6091621,,,,0,30.0,0,0
75,14,24,6,24,Y6091622,,,,0,30.0,0,0
75,14,24,6,25,Y6091623,,,,0,30.0,0,0
75,14,24,6,26,Y6091624,,,,0,30.0,0,0
75,14,24,6,27,Y6091625,,,,0,30.0,0,0
75,14,24,6,28,Y6091626,,,,0,30.0,0,0
75,14,24,6,29,Y6091627,,,,0,30.0,0,0
75,14,24,6,30,Y6091628,,,,0,30.0,0,0
75,14,24,7,10,Y6091629,,,,0,30.0,0,0
75,14,24,7,11,Y6091630,,,,0,30.0,0,0
75,14,24,7,12,Y6091631,,,,0,30.0,0,0
75,14,24,7,13,Y6091632,,,,0,30.0,0,0
75,14,24,7,14,Y6091633,,,,0,30.0,0,0
75,14,24,7,15,Y6091634,,,,0,30.0,0,0
75,14,24,7,16,Y6091635,,,,0,30.0,0,0
75,14,24,7,17,Y6091636,,,,0,30.0,0,0
75,14,24,7,18,Y6091637,,,,0,30.0,0,0
75,14,24,7,19,Y6091638,,,,0,30.0,0,0
75,14,24,7,20,Y6091639,,,,0,30.0,0,0
75,14,24,7,21,Y6091640,,,,0,30.0,0,0
75,14,24,7,22,Y6091641,,,,0,30.0,0,0
75,14,24,7,23,Y6091642,,,,0,30.0,0,0
75,14,24,7,24,Y6091643,,,,0,30.0,0,0
75,14,24,7,25,Y6091644,,,,0,30.0,0,0
75,14,24,7,26,Y6091645,,,,0,30.0,0,0
75,14,24,7,27,Y6091646,,,,0,30.0,0,0
75,14,24,7,28,Y6091647,,,,0,30.0,0,0
75,14,24,7,29,Y6091648,,,,0,30.0,0,0
75,14,24,7,30,Y6091649,,,,0,30.0,0,0
75,14,24,8,10,Y6091650,,,,0,30.0,0,0
75,14,24,8,11,Y6091651,,,,0,30.0,0,0
75,14,24,8,12,Y6091652,,,,0,30.0,0,0
75,14,24,8,13,Y6091653,,,,0,30.0,0,0
75,14,24,8,14,Y6091654,,,,0,30.0,0,0
75,14,24,8,15,Y6091655,,,,0,30.0,0,0
75,14,24,8,16,Y6091656,,,,0,30.0,0,0
75,14,24,8,17,Y6091657,,,,0,30.0,0,0
75,14,24,8,18,Y6091658,,,,0,30.0,0,0
75,14,24,8,19,Y6091659,,,,0,30.0,0,0
75,14,24,8,20,Y6091660,,,,0,30.0,0,0
75,14,24,8,21,Y6091661,,,,0,30.0,0,0
75,14,24,8,22,Y6091662,,,,0,30.0,0,0
75,14,24,8,23,Y6091663,,,,0,30.0,0,0
75,14,24,8,24,Y6091664,,,,0,30.0,0,0
75,14,24,8,25,Y6091665,,,,0,30.0,0,0
75,14,24,8,26,Y6091666,,,,0,30.0,0,0
75,14,24,8,27,Y6091667,,,,0,30.0,0,0
75,14,24,8,28,Y6091668,,,,0,30.0,0,0
75,14,24,8,29,Y6091669,,,,0,30.0,0,0
75,14,24,8,30,Y6091670,,,,0,30.0,0,0
75,14,24,9,10,Y6091671,,,,0,30.0,0,0
75,14,24,9,11,Y6091672,,,,0,30.0,0,0
75,14,24,9,12,Y6091673,,,,0,30.0,0,0
75,14,24,9,13,Y6091674,,,,0,30.0,0,0
75,14,24,9,14,Y6091675,,,,0,30.0,0,0
75,14,24,9,15,Y6091676,,,,0,30.0,0,0
75,14,24,9,16,Y6091677,,,,0,30.0,0,0
75,14,24,9,17,Y6091678,,,,0,30.0,0,0
75,14,24,9,18,Y6091679,,,,0,30.0,0,0
75,14,24,9,19,Y6091680,,,,0,30.0,0,0
75,14,24,9,20,Y6091681,,,,0,30.0,0,0
75,14,24,9,21,Y6091682,,,,0,30.0,0,0
75,14,24,9,22,Y6091683,,,,0,30.0,0,0
75,14,24,9,23,Y6091684,,,,0,30.0,0,0
75,14,24,9,24,Y6091685,,,,0,30.0,0,0
75,14,24,9,25,Y6091686,,,,0,30.0,0,0
75,14,24,9,26,Y6091687,,,,0,30.0,0,0
75,14,24,9,27,Y6091688,,,,0,30.0,0,0
75,14,24,9,28,Y6091689,,,,0,30.0,0,0
75,14,24,9,29,Y6091690,,,,0,30.0,0,0
75,14,24,9,30,Y6091691,,,,0,30.0,0,0
75,14,24,10,10,Y6091692,,,,0,30.0,0,0
75,14,24,10,11,Y6091693,,,,0,30.0,0,0
75,14,24,10,12,Y6091694,,,,0,30.0,0,0
75,14,24,10,13,Y6091695,,,,0,30.0,0,0
75,14,24,10,14,Y6091696,,,,0,30.0,0,0
75,14,24,10,15,Y6091697,,,,0,30.0,0,0
75,14,24,10,16,Y6091698,,,,0,30.0,0,0
75,14,24,10,17,Y6091699,,,,0,30.0,0,0
75,14,24,10,18,Y6091700,,,,0,30.0,0,0
75,14,24,10,19,Y6091701,,,,0,30.0,0,0
75,14,24,10,20,Y6091702,,,,0,30.0,0,0
75,14,24,10,21,Y6091703,,,,0,30.0,0,0
75,14,24,10,22,Y6091704,,,,0,30.0,0,0
75,14,24,10,23,Y6091705,,,,0,30.0,0,0
75,14,24,10,24,Y6091706,,,,0,30.0,0,0
75,14,24,10,25,Y6091707,,,,0,30.0,0,0
75,14,24,10,26,Y6091708,,,,0,30.0,0,0
75,14,24,10,27,Y6091709,,,,0,30.0,0,0
75,14,24,10,28,Y6091710,,,,0,30.0,0,0
75,14,24,10,29,Y6091711,,,,0,30.0,0,0
75,14,24,10,30,Y6091712,,,,0,30.0,0,0
75,14,24,11,10,Y6091713,,,,0,30.0,0,0
75,14,24,11,11,Y6091714,,,,0,30.0,0,0
75,14,24,11,12,Y6091715,,,,0,30.0,0,0
75,14,24,11,13,Y6091716,,,,0,30.0,0,0
75,14,24,11,14,Y6091717,,,,0,30.0,0,0
75,14,24,11,15,Y6091718,,,,0,30.0,0,0
75,14,24,11,16,Y6091719,,,,0,30.0,0,0
75,14,24,11,17,Y6091720,,,,0,30.0,0,0
75,14,24,11,18,Y6091721,,,,0,30.0,0,0
75,14,24,11,19,Y6091722,,,,0,30.0,0,0
75,14,24,11,20,Y6091723,,,,0,30.0,0,0
75,14,24,11,21,Y6091724,,,,0,30.0,0,0
75,14,24,11,22,Y6091725,,,,0,30.0,0,0
75,14,24,11,23,Y6091726,,,,0,30.0,0,0
75,14,24,11,24,Y6091727,,,,0,30.0,0,0
75,14,24,11,25,Y6091728,,,,0,30.0,0,0
75,14,24,11,26,Y6091729,,,,0,30.0,0,0
75,14,24,11,27,Y6091730,,,,0,30.0,0,0
75,14,24,11,28,Y6091731,,,,0,30.0,0,0
75,14,24,11,29,Y6091732,,,,0,30.0,0,0
75,14,24,11,30,Y6091733,,,,0,30.0,0,0
75,14,24,12,10,Y6091734,,,,0,30.0,0,0
75,14,24,12,11,Y6091735,,,,0,30.0,0,0
75,14,24,12,12,Y6091736,,,,0,30.0,0,0
75,14,24,12,13,Y6091737,,,,0,30.0,0,0
75,14,24,12,14,Y6091738,,,,0,30.0,0,0
75,14,24,12,15,Y6091739,,,,0,30.0,0,0
75,14,24,12,16,Y6091740,,,,0,30.0,0,0
75,14,24,12,17,Y6091741,,,,0,30.0,0,0
75,14,24,12,18,Y6091742,,,,0,30.0,0,0
75,14,24,12,19,Y6091743,,,,0,30.0,0,0
75,14,24,12,20,Y6091744,,,,0,30.0,0,0
75,14,24,12,21,Y6091745,,,,0,30.0,0,0
75,14,24,12,22,Y6091746,,,,0,30.0,0,0
75,14,24,12,23,Y6091747,,,,0,30.0,0,0
75,14,24,12,24,Y6091748,,,,0,30.0,0,0
75,14,24,12,25,Y6091749,,,,0,30.0,0,0
75,14,24,12,26,Y6091750,,,,0,30.0,0,0
75,14,24,12,27,Y6091751,,,,0,30.0,0,0
75,14,24,12,28,Y6091752,,,,0,30.0,0,0
75,14,24,12,29,Y6091753,,,,0,30.0,0,0
75,14,24,12,30,Y6091754,,,,0,30.0,0,0
75,14,25,1,10,Y6091755,,,,0,30.0,0,0
75,14,25,1,11,Y6091756,,,,0,30.0,0,0
75,14,25,1,12,Y6091757,,,,0,30.0,0,0
75,14,25,1,13,Y6091758,,,,0,30.0,0,0
75,14,25,1,14,Y6091759,,,,0,30.0,0,0
75,14,25,1,15,Y6091760,,,,0,30.0,0,0
75,14,25,1,16,Y6091761,,,,0,30.0,0,0
75,14,25,1,17,Y6091762,,,,0,30.0,0,0
75,14,25,1,18,Y6091763,,,,0,30.0,0,0
75,14,25,1,19,Y6091764,,,,0,30.0,0,0
75,14,25,1,20,Y6091765,,,,0,30.0,0,0
75,14,25,1,21,Y6091766,,,,0,30.0,0,0
75,14,25,1,22,Y6091767,,,,0,30.0,0,0
75,14,25,1,23,Y6091768,,,,0,30.0,0,0
75,14,25,1,24,Y6091769,,,,0,30.0,0,0
75,14,25,1,25,Y6091770,,,,0,30.0,0,0
75,14,25,1,26,Y6091771,,,,0,30.0,0,0
75,14,25,1,27,Y6091772,,,,0,30.0,0,0
75,14,25,1,28,Y6091773,,,,0,30.0,0,0
75,14,25,1,29,Y6091774,,,,0,30.0,0,0
75,14,25,1,30,Y6091775,,,,0,30.0,0,0
75,14,25,2,10,Y6091776,,,,0,30.0,0,0
75,14,25,2,11,Y6091777,,,,0,30.0,0,0
75,14,25,2,12,Y6091778,,,,0,30.0,0,0
75,14,25,2,13,Y6091779,,,,0,30.0,0,0
75,14,25,2,14,Y6091780,,,,0,30.0,0,0
75,14,25,2,15,Y6091781,,,,0,30.0,0,0
75,14,25,2,16,Y6091782,,,,0,30.0,0,0
75,14,25,2,17,Y6091783,,,,0,30.0,0,0
75,14,25,2,18,Y6091784,,,,0,30.0,0,0
75,14,25,2,19,Y6091785,,,,0,30.0,0,0
75,14,25,2,20,Y6091786,,,,0,30.0,0,0
75,14,25,2,21,Y6091787,,,,0,30.0,0,0
75,14,25,2,22,Y6091788,,,,0,30.0,0,0
75,14,25,2,23,Y6091789,,,,0,30.0,0,0
75,14,25,2,24,Y6091790,,,,0,30.0,0,0
75,14,25,2,25,Y6091791,,,,0,30.0,0,0
75,14,25,2,26,Y6091792,,,,0,30.0,0,0
75,14,25,2,27,Y6091793,,,,0,30.0,0,0
75,14,25,2,28,Y6091794,,,,0,30.0,0,0
75,14,25,2,29,Y6091795,,,,0,30.0,0,0
75,14,25,2,30,Y6091796,,,,0,30.0,0,0
75,14,25,3,10,Y6091797,,,,0,30.0,0,0
75,14,25,3,11,Y6091798,,,,0,30.0,0,0
75,14,25,3,12,Y6091799,,,,0,30.0,0,0
75,14,25,3,13,Y6091800,,,,0,30.0,0,0
75,14,25,3,14,Y6091801,,,,0,30.0,0,0
75,14,25,3,15,Y6091802,,,,0,30.0,0,0
75,14,25,3,16,Y6091803,,,,0,30.0,0,0
75,14,25,3,17,Y6091804,,,,0,30.0,0,0
75,14,25,3,18,Y6091805,,,,0,30.0,0,0
75,14,25,3,19,Y6091806,,,,0,30.0,0,0
75,14,25,3,20,Y6091807,,,,0,30.0,0,0
75,14,25,3,21,Y6091808,,,,0,30.0,0,0
75,14,25,3,22,Y6091809,,,,0,30.0,0,0
75,14,25,3,23,Y6091810,,,,0,30.0,0,0
75,14,25,3,24,Y6091811,,,,0,30.0,0,0
75,14,25,3,25,Y6091812,,,,0,30.0,0,0
75,14,25,3,26,Y6091813,,,,0,30.0,0,0
75,14,25,3,27,Y6091814,,,,0,30.0,0,0
75,14,25,3,28,Y6091815,,,,0,30.0,0,0
75,14,25,3,29,Y6091816,,,,0,30.0,0,0
75,14,25,3,30,Y6091817,,,,0,30.0,0,0
75,14,25,4,10,Y6091818,,,,0,30.0,0,0
75,14,25,4,11,Y6091819,,,,0,30.0,0,0
75,14,25,4,12,Y6091820,,,,0,30.0,0,0
75,14,25,4,13,Y6091821,,,,0,30.0,0,0
75,14,25,4,14,Y6091822,,,,0,30.0,0,0
75,14,25,4,15,Y6091823,,,,0,30.0,0,0
75,14,25,4,16,Y6091824,,,,0,30.0,0,0
75,14,25,4,17,Y6091825,,,,0,30.0,0,0
75,14,25,4,18,Y6091826,,,,0,30.0,0,0
75,14,25,4,19,Y6091827,,,,0,30.0,0,0
75,14,25,4,20,Y6091828,,,,0,30.0,0,0
75,14,25,4,21,Y6091829,,,,0,30.0,0,0
75,14,25,4,22,Y6091830,,,,0,30.0,0,0
75,14,25,4,23,Y6091831,,,,0,30.0,0,0
75,14,25,4,24,Y6091832,,,,0,30.0,0,0
75,14,25,4,25,Y6091833,,,,0,30.0,0,0
75,14,25,4,26,Y6091834,,,,0,30.0,0,0
75,14,25,4,27,Y6091835,,,,0,30.0,0,0
75,14,25,4,28,Y6091836,,,,0,30.0,0,0
75,14,25,4,29,Y6091837,,,,0,30.0,0,0
75,14,25,4,30,Y6091838,,,,0,30.0,0,0
75,14,25,5,10,Y6091839,,,,0,30.0,0,0
75,14,25,5,11,Y6091840,,,,0,30.0,0,0
75,14,25,5,12,Y6091841,,,,0,30.0,0,0
75,14,25,5,13,Y6091842,,,,0,30.0,0,0
75,14,25,5,14,Y6091843,,,,0,30.0,0,0
75,14,25,5,15,Y6091844,,,,0,30.0,0,0
75,14,25,5,16,Y6091845,,,,0,30.0,0,0
75,14,25,5,17,Y6091846,,,,0,30.0,0,0
75,14,25,5,18,Y6091847,,,,0,30.0,0,0
75,14,25,5,19,Y6091848,,,,0,30.0,0,0
75,14,25,5,20,Y6091849,,,,0,30.0,0,0
75,14,25,5,21,Y6091850,,,,0,30.0,0,0
75,14,25,5,22,Y6091851,,,,0,30.0,0,0
75,14,25,5,23,Y6091852,,,,0,30.0,0,0
75,14,25,5,24,Y6091853,,,,0,30.0,0,0
75,14,25,5,25,Y6091854,,,,0,30.0,0,0
75,14,25,5,26,Y6091855,,,,0,30.0,0,0
75,14,25,5,27,Y6091856,,,,0,30.0,0,0
75,14,25,5,28,Y6091857,,,,0,30.0,0,0
75,14,25,5,29,Y6091858,,,,0,30.0,0,0
75,14,25,5,30,Y6091859,,,,0,30.0,0,0
75,14,25,6,10,Y6091860,,,,0,30.0,0,0
75,14,25,6,11,Y6091861,,,,0,30.0,0,0
75,14,25,6,12,Y6091862,,,,0,30.0,0,0
75,14,25,6,13,Y6091863,,,,0,30.0,0,0
75,14,25,6,14,Y6091864,,,,0,30.0,0,0
75,14,25,6,15,Y6091865,,,,0,30.0,0,0
75,14,25,6,16,Y6091866,,,,0,30.0,0,0
75,14,25,6,17,Y6091867,,,,0,30.0,0,0
75,14,25,6,18,Y6091868,,,,0,30.0,0,0
75,14,25,6,19,Y6091869,,,,0,30.0,0,0
75,14,25,6,20,Y6091870,,,,0,30.0,0,0
75,14,25,6,21,Y6091871,,,,0,30.0,0,0
75,14,25,6,22,Y6091872,,,,0,30.0,0,0
75,14,25,6,23,Y6091873,,,,0,30.0,0,0
75,14,25,6,24,Y6091874,,,,0,30.0,0,0
75,14,25,6,25,Y6091875,,,,0,30.0,0,0
75,14,25,6,26,Y6091876,,,,0,30.0,0,0
75,14,25,6,27,Y6091877,,,,0,30.0,0,0
75,14,25,6,28,Y6091878,,,,0,30.0,0,0
75,14,25,6,29,Y6091879,,,,0,30.0,0,0
75,14,25,6,30,Y6091880,,,,0,30.0,0,0
75,14,25,7,10,Y6091881,,,,0,30.0,0,0
75,14,25,7,11,Y6091882,,,,0,30.0,0,0
75,14,25,7,12,Y6091883,,,,0,30.0,0,0
75,14,25,7,13,Y6091884,,,,0,30.0,0,0
75,14,25,7,14,Y6091885,,,,0,30.0,0,0
75,14,25,7,15,Y6091886,,,,0,30.0,0,0
75,14,25,7,16,Y6091887,,,,0,30.0,0,0
75,14,25,7,17,Y6091888,,,,0,30.0,0,0
75,14,25,7,18,Y6091889,,,,0,30.0,0,0
75,14,25,7,19,Y6091890,,,,0,30.0,0,0
75,14,25,7,20,Y6091891,,,,0,30.0,0,0
75,14,25,7,21,Y6091892,,,,0,30.0,0,0
75,14,25,7,22,Y6091893,,,,0,30.0,0,0
75,14,25,7,23,Y6091894,,,,0,30.0,0,0
75,14,25,7,24,Y6091895,,,,0,30.0,0,0
75,14,25,7,25,Y6091896,,,,0,30.0,0,0
75,14,25,7,26,Y6091897,,,,0,30.0,0,0
75,14,25,7,27,Y6091898,,,,0,30.0,0,0
75,14,25,7,28,Y6091899,,,,0,30.0,0,0
75,14,25,7,29,Y6091900,,,,0,30.0,0,0
75,14,25,7,30,Y6091901,,,,0,30.0,0,0
75,14,25,8,10,Y6091902,,,,0,30.0,0,0
75,14,25,8,11,Y6091903,,,,0,30.0,0,0
75,14,25,8,12,Y6091904,,,,0,30.0,0,0
75,14,25,8,13,Y6091905,,,,0,30.0,0,0
75,14,25,8,14,Y6091906,,,,0,30.0,0,0
75,14,25,8,15,Y6091907,,,,0,30.0,0,0
75,14,25,8,16,Y6091908,,,,0,30.0,0,0
75,14,25,8,17,Y6091909,,,,0,30.0,0,0
75,14,25,8,18,Y6091910,,,,0,30.0,0,0
75,14,25,8,19,Y6091911,,,,0,30.0,0,0
75,14,25,8,20,Y6091912,,,,0,30.0,0,0
75,14,25,8,21,Y6091913,,,,0,30.0,0,0
75,14,25,8,22,Y6091914,,,,0,30.0,0,0
75,14,25,8,23,Y6091915,,,,0,30.0,0,0
75,14,25,8,24,Y6091916,,,,0,30.0,0,0
75,14,25,8,25,Y6091917,,,,0,30.0,0,0
75,14,25,8,26,Y6091918,,,,0,30.0,0,0
75,14,25,8,27,Y6091919,,,,0,30.0,0,0
75,14,25,8,28,Y6091920,,,,0,30.0,0,0
75,14,25,8,29,Y6091921,,,,0,30.0,0,0
75,14,25,8,30,Y6091922,,,,0,30.0,0,0
75,14,25,9,10,Y6091923,,,,0,30.0,0,0
75,14,25,9,11,Y6091924,,,,0,30.0,0,0
75,14,25,9,12,Y6091925,,,,0,30.0,0,0
75,14,25,9,13,Y6091926,,,,0,30.0,0,0
75,14,25,9,14,Y6091927,,,,0,30.0,0,0
75,14,25,9,15,Y6091928,,,,0,30.0,0,0
75,14,25,9,16,Y6091929,,,,0,30.0,0,0
75,14,25,9,17,Y6091930,,,,0,30.0,0,0
75,14,25,9,18,Y6091931,,,,0,30.0,0,0
75,14,25,9,19,Y6091932,,,,0,30.0,0,0
75,14,25,9,20,Y6091933,,,,0,30.0,0,0
75,14,25,9,21,Y6091934,,,,0,30.0,0,0
75,14,25,9,22,Y6091935,,,,0,30.0,0,0
75,14,25,9,23,Y6091936,,,,0,30.0,0,0
75,14,25,9,24,Y6091937,,,,0,30.0,0,0
75,14,25,9,25,Y6091938,,,,0,30.0,0,0
75,14,25,9,26,Y6091939,,,,0,30.0,0,0
75,14,25,9,27,Y6091940,,,,0,30.0,0,0
75,14,25,9,28,Y6091941,,,,0,30.0,0,0
75,14,25,9,29,Y6091942,,,,0,30.0,0,0
75,14,25,9,30,Y6091943,,,,0,30.0,0,0
75,14,25,10,10,Y6091944,,,,0,30.0,0,0
75,14,25,10,11,Y6091945,,,,0,30.0,0,0
75,14,25,10,12,Y6091946,,,,0,30.0,0,0
75,14,25,10,13,Y6091947,,,,0,30.0,0,0
75,14,25,10,14,Y6091948,,,,0,30.0,0,0
75,14,25,10,15,Y6091949,,,,0,30.0,0,0
75,14,25,10,16,Y6091950,,,,0,30.0,0,0
75,14,25,10,17,Y6091951,,,,0,30.0,0,0
75,14,25,10,18,Y6091952,,,,0,30.0,0,0
75,14,25,10,19,Y6091953,,,,0,30.0,0,0
75,14,25,10,20,Y6091954,,,,0,30.0,0,0
75,14,25,10,21,Y6091955,,,,0,30.0,0,0
75,14,25,10,22,Y6091956,,,,0,30.0,0,0
75,14,25,10,23,Y6091957,,,,0,30.0,0,0
75,14,25,10,24,Y6091958,,,,0,30.0,0,0
75,14,25,10,25,Y6091959,,,,0,30.0,0,0
75,14,25,10,26,Y6091960,,,,0,30.0,0,0
75,14,25,10,27,Y6091961,,,,0,30.0,0,0
75,14,25,10,28,Y6091962,,,,0,30.0,0,0
75,14,25,10,29,Y6091963,,,,0,30.0,0,0
75,14,25,10,30,Y6091964,,,,0,30.0,0,0
75,14,25,11,10,Y6091965,,,,0,30.0,0,0
75,14,25,11,11,Y6091966,,,,0,30.0,0,0
75,14,25,11,12,Y6091967,,,,0,30.0,0,0
75,14,25,11,13,Y6091968,,,,0,30.0,0,0
75,14,25,11,14,Y6091969,,,,0,30.0,0,0
75,14,25,11,15,Y6091970,,,,0,30.0,0,0
75,14,25,11,16,Y6091971,,,,0,30.0,0,0
75,14,25,11,17,Y6091972,,,,0,30.0,0,0
75,14,25,11,18,Y6091973,,,,0,30.0,0,0
75,14,25,11,19,Y6091974,,,,0,30.0,0,0
75,14,25,11,20,Y6091975,,,,0,30.0,0,0
75,14,25,11,21,Y6091976,,,,0,30.0,0,0
75,14,25,11,22,Y6091977,,,,0,30.0,0,0
75,14,25,11,23,Y6091978,,,,0,30.0,0,0
75,14,25,11,24,Y6091979,,,,0,30.0,0,0
75,14,25,11,25,Y6091980,,,,0,30.0,0,0
75,14,25,11,26,Y6091981,,,,0,30.0,0,0
75,14,25,11,27,Y6091982,,,,0,30.0,0,0
75,14,25,11,28,Y6091983,,,,0,30.0,0,0
75,14,25,11,29,Y6091984,,,,0,30.0,0,0
75,14,25,11,30,Y6091985,,,,0,30.0,0,0
75,14,25,12,10,Y6091986,,,,0,30.0,0,0
75,14,25,12,11,Y6091987,,,,0,30.0,0,0
75,14,25,12,12,Y6091988,,,,0,30.0,0,0
75,14,25,12,13,Y6091989,,,,0,30.0,0,0
75,14,25,12,14,Y6091990,,,,0,30.0,0,0
75,14,25,12,15,Y6091991,,,,0,30.0,0,0
75,14,25,12,16,Y6091992,,,,0,30.0,0,0
75,14,25,12,17,Y6091993,,,,0,30.0,0,0
75,14,25,12,18,Y6091994,,,,0,30.0,0,0
75,14,25,12,19,Y6091995,,,,0,30.0,0,0
75,14,25,12,20,Y6091996,,,,0,30.0,0,0
75,14,25,12,21,Y6091997,,,,0,30.0,0,0
75,14,25,12,22,Y6091998,,,,0,30.0,0,0
75,14,25,12,23,Y6091999,,,,0,30.0,0,0
75,14,25,12,24,Y6092000,,,,0,30.0,0,0
75,14,25,12,25,Y6092001,,,,0,30.0,0,0
75,14,25,12,26,Y6092002,,,,0,30.0,0,0
75,14,25,12,27,Y6092003,,,,0,30.0,0,0
75,14,25,12,28,Y6092004,,,,0,30.0,0,0
75,14,25,12,29,Y6092005,,,,0,30.0,0,0
75,14,25,12,30,Y6092006,,,,0,30.0,0,0
75,14,26,1,10,Y6092007,,,,0,30.0,0,0
75,14,26,1,11,Y6092008,,,,0,30.0,0,0
75,14,26,1,12,Y6092009,,,,0,30.0,0,0
75,14,26,1,13,Y6092010,,,,0,30.0,0,0
75,14,26,1,14,Y6092011,,,,0,30.0,0,0
75,14,26,1,15,Y6092012,,,,0,30.0,0,0
75,14,26,1,16,Y6092013,,,,0,30.0,0,0
75,14,26,1,17,Y6092014,,,,0,30.0,0,0
75,14,26,1,18,Y6092015,,,,0,30.0,0,0
75,14,26,1,19,Y6092016,,,,0,30.0,0,0
75,14,26,1,20,Y6092017,,,,0,30.0,0,0
75,14,26,1,21,Y6092018,,,,0,30.0,0,0
75,14,26,1,22,Y6092019,,,,0,30.0,0,0
75,14,26,1,23,Y6092020,,,,0,30.0,0,0
75,14,26,1,24,Y6092021,,,,0,30.0,0,0
75,14,26,1,25,Y6092022,,,,0,30.0,0,0
75,14,26,1,26,Y6092023,,,,0,30.0,0,0
75,14,26,1,27,Y6092024,,,,0,30.0,0,0
75,14,26,1,28,Y6092025,,,,0,30.0,0,0
75,14,26,1,29,Y6092026,,,,0,30.0,0,0
75,14,26,1,30,Y6092027,,,,0,30.0,0,0
75,14,26,2,10,Y6092028,,,,0,30.0,0,0
75,14,26,2,11,Y6092029,,,,0,30.0,0,0
75,14,26,2,12,Y6092030,,,,0,30.0,0,0
75,14,26,2,13,Y6092031,,,,0,30.0,0,0
75,14,26,2,14,Y6092032,,,,0,30.0,0,0
75,14,26,2,15,Y6092033,,,,0,30.0,0,0
75,14,26,2,16,Y6092034,,,,0,30.0,0,0
75,14,26,2,17,Y6092035,,,,0,30.0,0,0
75,14,26,2,18,Y6092036,,,,0,30.0,0,0
75,14,26,2,19,Y6092037,,,,0,30.0,0,0
75,14,26,2,20,Y6092038,,,,0,30.0,0,0
75,14,26,2,21,Y6092039,,,,0,30.0,0,0
75,14,26,2,22,Y6092040,,,,0,30.0,0,0
75,14,26,2,23,Y6092041,,,,0,30.0,0,0
75,14,26,2,24,Y6092042,,,,0,30.0,0,0
75,14,26,2,25,Y6092043,,,,0,30.0,0,0
75,14,26,2,26,Y6092044,,,,0,30.0,0,0
75,14,26,2,27,Y6092045,,,,0,30.0,0,0
75,14,26,2,28,Y6092046,,,,0,30.0,0,0
75,14,26,2,29,Y6092047,,,,0,30.0,0,0
75,14,26,2,30,Y6092048,,,,0,30.0,0,0
75,14,26,3,10,Y6092049,,,,0,30.0,0,0
75,14,26,3,11,Y6092050,,,,0,30.0,0,0
75,14,26,3,12,Y6092051,,,,0,30.0,0,0
75,14,26,3,13,Y6092052,,,,0,30.0,0,0
75,14,26,3,14,Y6092053,,,,0,30.0,0,0
75,14,26,3,15,Y6092054,,,,0,30.0,0,0
75,14,26,3,16,Y6092055,,,,0,30.0,0,0
75,14,26,3,17,Y6092056,,,,0,30.0,0,0
75,14,26,3,18,Y6092057,,,,0,30.0,0,0
75,14,26,3,19,Y6092058,,,,0,30.0,0,0
75,14,26,3,20,Y6092059,,,,0,30.0,0,0
75,14,26,3,21,Y6092060,,,,0,30.0,0,0
75,14,26,3,22,Y6092061,,,,0,30.0,0,0
75,14,26,3,23,Y6092062,,,,0,30.0,0,0
75,14,26,3,24,Y6092063,,,,0,30.0,0,0
75,14,26,3,25,Y6092064,,,,0,30.0,0,0
75,14,26,3,26,Y6092065,,,,0,30.0,0,0
75,14,26,3,27,Y6092066,,,,0,30.0,0,0
75,14,26,3,28,Y6092067,,,,0,30.0,0,0
75,14,26,3,29,Y6092068,,,,0,30.0,0,0
75,14,26,3,30,Y6092069,,,,0,30.0,0,0
75,14,26,4,10,Y6092070,,,,0,30.0,0,0
75,14,26,4,11,Y6092071,,,,0,30.0,0,0
75,14,26,4,12,Y6092072,,,,0,30.0,0,0
75,14,26,4,13,Y6092073,,,,0,30.0,0,0
75,14,26,4,14,Y6092074,,,,0,30.0,0,0
75,14,26,4,15,Y6092075,,,,0,30.0,0,0
75,14,26,4,16,Y6092076,,,,0,30.0,0,0
75,14,26,4,17,Y6092077,,,,0,30.0,0,0
75,14,26,4,18,Y6092078,,,,0,30.0,0,0
75,14,26,4,19,Y6092079,,,,0,30.0,0,0
75,14,26,4,20,Y6092080,,,,0,30.0,0,0
75,14,26,4,21,Y6092081,,,,0,30.0,0,0
75,14,26,4,22,Y6092082,,,,0,30.0,0,0
75,14,26,4,23,Y6092083,,,,0,30.0,0,0
75,14,26,4,24,Y6092084,,,,0,30.0,0,0
75,14,26,4,25,Y6092085,,,,0,30.0,0,0
75,14,26,4,26,Y6092086,,,,0,30.0,0,0
75,14,26,4,27,Y6092087,,,,0,30.0,0,0
75,14,26,4,28,Y6092088,,,,0,30.0,0,0
75,14,26,4,29,Y6092089,,,,0,30.0,0,0
75,14,26,4,30,Y6092090,,,,0,30.0,0,0
75,14,26,5,10,Y6092091,,,,0,30.0,0,0
75,14,26,5,11,Y6092092,,,,0,30.0,0,0
75,14,26,5,12,Y6092093,,,,0,30.0,0,0
75,14,26,5,13,Y6092094,,,,0,30.0,0,0
75,14,26,5,14,Y6092095,,,,0,30.0,0,0
75,14,26,5,15,Y6092096,,,,0,30.0,0,0
75,14,26,5,16,Y6092097,,,,0,30.0,0,0
75,14,26,5,17,Y6092098,,,,0,30.0,0,0
75,14,26,5,18,Y6092099,,,,0,30.0,0,0
75,14,26,5,19,Y6092100,,,,0,30.0,0,0
75,14,26,5,20,Y6092101,,,,0,30.0,0,0
75,14,26,5,21,Y6092102,,,,0,30.0,0,0
75,14,26,5,22,Y6092103,,,,0,30.0,0,0
75,14,26,5,23,Y6092104,,,,0,30.0,0,0
75,14,26,5,24,Y6092105,,,,0,30.0,0,0
75,14,26,5,25,Y6092106,,,,0,30.0,0,0
75,14,26,5,26,Y6092107,,,,0,30.0,0,0
75,14,26,5,27,Y6092108,,,,0,30.0,0,0
75,14,26,5,28,Y6092109,,,,0,30.0,0,0
75,14,26,5,29,Y6092110,,,,0,30.0,0,0
75,14,26,5,30,Y6092111,,,,0,30.0,0,0
75,14,26,6,10,Y6092112,,,,0,30.0,0,0
75,14,26,6,11,Y6092113,,,,0,30.0,0,0
75,14,26,6,12,Y6092114,,,,0,30.0,0,0
75,14,26,6,13,Y6092115,,,,0,30.0,0,0
75,14,26,6,14,Y6092116,,,,0,30.0,0,0
75,14,26,6,15,Y6092117,,,,0,30.0,0,0
75,14,26,6,16,Y6092118,,,,0,30.0,0,0
75,14,26,6,17,Y6092119,,,,0,30.0,0,0
75,14,26,6,18,Y6092120,,,,0,30.0,0,0
75,14,26,6,19,Y6092121,,,,0,30.0,0,0
75,14,26,6,20,Y6092122,,,,0,30.0,0,0
75,14,26,6,21,Y6092123,,,,0,30.0,0,0
75,14,26,6,22,Y6092124,,,,0,30.0,0,0
75,14,26,6,23,Y6092125,,,,0,30.0,0,0
75,14,26,6,24,Y6092126,,,,0,30.0,0,0
75,14,26,6,25,Y6092127,,,,0,30.0,0,0
75,14,26,6,26,Y6092128,,,,0,30.0,0,0
75,14,26,6,27,Y6092129,,,,0,30.0,0,0
75,14,26,6,28,Y6092130,,,,0,30.0,0,0
75,14,26,6,29,Y6092131,,,,0,30.0,0,0
75,14,26,6,30,Y6092132,,,,0,30.0,0,0
75,14,26,7,10,Y6092133,,,,0,30.0,0,0
75,14,26,7,11,Y6092134,,,,0,30.0,0,0
75,14,26,7,12,Y6092135,,,,0,30.0,0,0
75,14,26,7,13,Y6092136,,,,0,30.0,0,0
75,14,26,7,14,Y6092137,,,,0,30.0,0,0
75,14,26,7,15,Y6092138,,,,0,30.0,0,0
75,14,26,7,16,Y6092139,,,,0,30.0,0,0
75,14,26,7,17,Y6092140,,,,0,30.0,0,0
75,14,26,7,18,Y6092141,,,,0,30.0,0,0
75,14,26,7,19,Y6092142,,,,0,30.0,0,0
75,14,26,7,20,Y6092143,,,,0,30.0,0,0
75,14,26,7,21,Y6092144,,,,0,30.0,0,0
75,14,26,7,22,Y6092145,,,,0,30.0,0,0
75,14,26,7,23,Y6092146,,,,0,30.0,0,0
75,14,26,7,24,Y6092147,,,,0,30.0,0,0
75,14,26,7,25,Y6092148,,,,0,30.0,0,0
75,14,26,7,26,Y6092149,,,,0,30.0,0,0
75,14,26,7,27,Y6092150,,,,0,30.0,0,0
75,14,26,7,28,Y6092151,,,,0,30.0,0,0
75,14,26,7,29,Y6092152,,,,0,30.0,0,0
75,14,26,7,30,Y6092153,,,,0,30.0,0,0
75,14,26,8,10,Y6092154,,,,0,30.0,0,0
75,14,26,8,11,Y6092155,,,,0,30.0,0,0
75,14,26,8,12,Y6092156,,,,0,30.0,0,0
75,14,26,8,13,Y6092157,,,,0,30.0,0,0
75,14,26,8,14,Y6092158,,,,0,30.0,0,0
75,14,26,8,15,Y6092159,,,,0,30.0,0,0
75,14,26,8,16,Y6092160,,,,0,30.0,0,0
75,14,26,8,17,Y6092161,,,,0,30.0,0,0
75,14,26,8,18,Y6092162,,,,0,30.0,0,0
75,14,26,8,19,Y6092163,,,,0,30.0,0,0
75,14,26,8,20,Y6092164,,,,0,30.0,0,0
75,14,26,8,21,Y6092165,,,,0,30.0,0,0
75,14,26,8,22,Y6092166,,,,0,30.0,0,0
75,14,26,8,23,Y6092167,,,,0,30.0,0,0
75,14,26,8,24,Y6092168,,,,0,30.0,0,0
75,14,26,8,25,Y6092169,,,,0,30.0,0,0
75,14,26,8,26,Y6092170,,,,0,30.0,0,0
75,14,26,8,27,Y6092171,,,,0,30.0,0,0
75,14,26,8,28,Y6092172,,,,0,30.0,0,0
75,14,26,8,29,Y6092173,,,,0,30.0,0,0
75,14,26,8,30,Y6092174,,,,0,30.0,0,0
75,14,26,9,10,Y6092175,,,,0,30.0,0,0
75,14,26,9,11,Y6092176,,,,0,30.0,0,0
75,14,26,9,12,Y6092177,,,,0,30.0,0,0
75,14,26,9,13,Y6092178,,,,0,30.0,0,0
75,14,26,9,14,Y6092179,,,,0,30.0,0,0
75,14,26,9,15,Y6092180,,,,0,30.0,0,0
75,14,26,9,16,Y6092181,,,,0,30.0,0,0
75,14,26,9,17,Y6092182,,,,0,30.0,0,0
75,14,26,9,18,Y6092183,,,,0,30.0,0,0
75,14,26,9,19,Y6092184,,,,0,30.0,0,0
75,14,26,9,20,Y6092185,,,,0,30.0,0,0
75,14,26,9,21,Y6092186,,,,0,30.0,0,0
75,14,26,9,22,Y6092187,,,,0,30.0,0,0
75,14,26,9,23,Y6092188,,,,0,30.0,0,0
75,14,26,9,24,Y6092189,,,,0,30.0,0,0
75,14,26,9,25,Y6092190,,,,0,30.0,0,0
75,14,26,9,26,Y6092191,,,,0,30.0,0,0
75,14,26,9,27,Y6092192,,,,0,30.0,0,0
75,14,26,9,28,Y6092193,,,,0,30.0,0,0
75,14,26,9,29,Y6092194,,,,0,30.0,0,0
75,14,26,9,30,Y6092195,,,,0,30.0,0,0
75,14,26,10,10,Y6092196,,,,0,30.0,0,0
75,14,26,10,11,Y6092197,,,,0,30.0,0,0
75,14,26,10,12,Y6092198,,,,0,30.0,0,0
75,14,26,10,13,Y6092199,,,,0,30.0,0,0
75,14,26,10,14,Y6092200,,,,0,30.0,0,0
75,14,26,10,15,Y6092201,,,,0,30.0,0,0
75,14,26,10,16,Y6092202,,,,0,30.0,0,0
75,14,26,10,17,Y6092203,,,,0,30.0,0,0
75,14,26,10,18,Y6092204,,,,0,30.0,0,0
75,14,26,10,19,Y6092205,,,,0,30.0,0,0
75,14,26,10,20,Y6092206,,,,0,30.0,0,0
75,14,26,10,21,Y6092207,,,,0,30.0,0,0
75,14,26,10,22,Y6092208,,,,0,30.0,0,0
75,14,26,10,23,Y6092209,,,,0,30.0,0,0
75,14,26,10,24,Y6092210,,,,0,30.0,0,0
75,14,26,10,25,Y6092211,,,,0,30.0,0,0
75,14,26,10,26,Y6092212,,,,0,30.0,0,0
75,14,26,10,27,Y6092213,,,,0,30.0,0,0
75,14,26,10,28,Y6092214,,,,0,30.0,0,0
75,14,26,10,29,Y6092215,,,,0,30.0,0,0
75,14,26,10,30,Y6092216,,,,0,30.0,0,0
75,14,26,11,10,Y6092217,,,,0,30.0,0,0
75,14,26,11,11,Y6092218,,,,0,30.0,0,0
75,14,26,11,12,Y6092219,,,,0,30.0,0,0
75,14,26,11,13,Y6092220,,,,0,30.0,0,0
75,14,26,11,14,Y6092221,,,,0,30.0,0,0
75,14,26,11,15,Y6092222,,,,0,30.0,0,0
75,14,26,11,16,Y6092223,,,,0,30.0,0,0
75,14,26,11,17,Y6092224,,,,0,30.0,0,0
75,14,26,11,18,Y6092225,,,,0,30.0,0,0
75,14,26,11,19,Y6092226,,,,0,30.0,0,0
75,14,26,11,20,Y6092227,,,,0,30.0,0,0
75,14,26,11,21,Y6092228,,,,0,30.0,0,0
75,14,26,11,22,Y6092229,,,,0,30.0,0,0
75,14,26,11,23,Y6092230,,,,0,30.0,0,0
75,14,26,11,24,Y6092231,,,,0,30.0,0,0
75,14,26,11,25,Y6092232,,,,0,30.0,0,0
75,14,26,11,26,Y6092233,,,,0,30.0,0,0
75,14,26,11,27,Y6092234,,,,0,30.0,0,0
75,14,26,11,28,Y6092235,,,,0,30.0,0,0
75,14,26,11,29,Y6092236,,,,0,30.0,0,0
75,14,26,11,30,Y6092237,,,,0,30.0,0,0
75,14,26,12,10,Y6092238,,,,0,30.0,0,0
75,14,26,12,11,Y6092239,,,,0,30.0,0,0
75,14,26,12,12,Y6092240,,,,0,30.0,0,0
75,14,26,12,13,Y6092241,,,,0,30.0,0,0
75,14,26,12,14,Y6092242,,,,0,30.0,0,0
75,14,26,12,15,Y6092243,,,,0,30.0,0,0
75,14,26,12,16,Y6092244,,,,0,30.0,0,0
75,14,26,12,17,Y6092245,,,,0,30.0,0,0
75,14,26,12,18,Y6092246,,,,0,30.0,0,0
75,14,26,12,19,Y6092247,,,,0,30.0,0,0
75,14,26,12,20,Y6092248,,,,0,30.0,0,0
75,14,26,12,21,Y6092249,,,,0,30.0,0,0
75,14,26,12,22,Y6092250,,,,0,30.0,0,0
75,14,26,12,23,Y6092251,,,,0,30.0,0,0
75,14,26,12,24,Y6092252,,,,0,30.0,0,0
75,14,26,12,25,Y6092253,,,,0,30.0,0,0
75,14,26,12,26,Y6092254,,,,0,30.0,0,0
75,14,26,12,27,Y6092255,,,,0,30.0,0,0
75,14,26,12,28,Y6092256,,,,0,30.0,0,0
75,14,26,12,29,Y6092257,,,,0,30.0,0,0
75,14,26,12,30,Y6092258,,,,0,30.0,0,0
75,14,27,1,10,Y6092259,,,,0,30.0,0,0
75,14,27,1,11,Y6092260,,,,0,30.0,0,0
75,14,27,1,12,Y6092261,,,,0,30.0,0,0
75,14,27,1,13,Y6092262,,,,0,30.0,0,0
75,14,27,1,14,Y6092263,,,,0,30.0,0,0
75,14,27,1,15,Y6092264,,,,0,30.0,0,0
75,14,27,1,16,Y6092265,,,,0,30.0,0,0
75,14,27,1,17,Y6092266,,,,0,30.0,0,0
75,14,27,1,18,Y6092267,,,,0,30.0,0,0
75,14,27,1,19,Y6092268,,,,0,30.0,0,0
75,14,27,1,20,Y6092269,,,,0,30.0,0,0
75,14,27,1,21,Y6092270,,,,0,30.0,0,0
75,14,27,1,22,Y6092271,,,,0,30.0,0,0
75,14,27,1,23,Y6092272,,,,0,30.0,0,0
75,14,27,1,24,Y6092273,,,,0,30.0,0,0
75,14,27,1,25,Y6092274,,,,0,30.0,0,0
75,14,27,1,26,Y6092275,,,,0,30.0,0,0
75,14,27,1,27,Y6092276,,,,0,30.0,0,0
75,14,27,1,28,Y6092277,,,,0,30.0,0,0
75,14,27,1,29,Y6092278,,,,0,30.0,0,0
75,14,27,1,30,Y6092279,,,,0,30.0,0,0
75,14,27,2,10,Y6092280,,,,0,30.0,0,0
75,14,27,2,11,Y6092281,,,,0,30.0,0,0
75,14,27,2,12,Y6092282,,,,0,30.0,0,0
75,14,27,2,13,Y6092283,,,,0,30.0,0,0
75,14,27,2,14,Y6092284,,,,0,30.0,0,0
75,14,27,2,15,Y6092285,,,,0,30.0,0,0
75,14,27,2,16,Y6092286,,,,0,30.0,0,0
75,14,27,2,17,Y6092287,,,,0,30.0,0,0
75,14,27,2,18,Y6092288,,,,0,30.0,0,0
75,14,27,2,19,Y6092289,,,,0,30.0,0,0
75,14,27,2,20,Y6092290,,,,0,30.0,0,0
75,14,27,2,21,Y6092291,,,,0,30.0,0,0
75,14,27,2,22,Y6092292,,,,0,30.0,0,0
75,14,27,2,23,Y6092293,,,,0,30.0,0,0
75,14,27,2,24,Y6092294,,,,0,30.0,0,0
75,14,27,2,25,Y6092295,,,,0,30.0,0,0
75,14,27,2,26,Y6092296,,,,0,30.0,0,0
75,14,27,2,27,Y6092297,,,,0,30.0,0,0
75,14,27,2,28,Y6092298,,,,0,30.0,0,0
75,14,27,2,29,Y6092299,,,,0,30.0,0,0
75,14,27,2,30,Y6092300,,,,0,30.0,0,0
75,14,27,3,10,Y6092301,,,,0,30.0,0,0
75,14,27,3,11,Y6092302,,,,0,30.0,0,0
75,14,27,3,12,Y6092303,,,,0,30.0,0,0
75,14,27,3,13,Y6092304,,,,0,30.0,0,0
75,14,27,3,14,Y6092305,,,,0,30.0,0,0
75,14,27,3,15,Y6092306,,,,0,30.0,0,0
75,14,27,3,16,Y6092307,,,,0,30.0,0,0
75,14,27,3,17,Y6092308,,,,0,30.0,0,0
75,14,27,3,18,Y6092309,,,,0,30.0,0,0
75,14,27,3,19,Y6092310,,,,0,30.0,0,0
75,14,27,3,20,Y6092311,,,,0,30.0,0,0
75,14,27,3,21,Y6092312,,,,0,30.0,0,0
75,14,27,3,22,Y6092313,,,,0,30.0,0,0
75,14,27,3,23,Y6092314,,,,0,30.0,0,0
75,14,27,3,24,Y6092315,,,,0,30.0,0,0
75,14,27,3,25,Y6092316,,,,0,30.0,0,0
75,14,27,3,26,Y6092317,,,,0,30.0,0,0
75,14,27,3,27,Y6092318,,,,0,30.0,0,0
75,14,27,3,28,Y6092319,,,,0,30.0,0,0
75,14,27,3,29,Y6092320,,,,0,30.0,0,0
75,14,27,3,30,Y6092321,,,,0,30.0,0,0
75,14,27,4,10,Y6092322,,,,0,30.0,0,0
75,14,27,4,11,Y6092323,,,,0,30.0,0,0
75,14,27,4,12,Y6092324,,,,0,30.0,0,0
75,14,27,4,13,Y6092325,,,,0,30.0,0,0
75,14,27,4,14,Y6092326,,,,0,30.0,0,0
75,14,27,4,15,Y6092327,,,,0,30.0,0,0
75,14,27,4,16,Y6092328,,,,0,30.0,0,0
75,14,27,4,17,Y6092329,,,,0,30.0,0,0
75,14,27,4,18,Y6092330,,,,0,30.0,0,0
75,14,27,4,19,Y6092331,,,,0,30.0,0,0
75,14,27,4,20,Y6092332,,,,0,30.0,0,0
75,14,27,4,21,Y6092333,,,,0,30.0,0,0
75,14,27,4,22,Y6092334,,,,0,30.0,0,0
75,14,27,4,23,Y6092335,,,,0,30.0,0,0
75,14,27,4,24,Y6092336,,,,0,30.0,0,0
75,14,27,4,25,Y6092337,,,,0,30.0,0,0
75,14,27,4,26,Y6092338,,,,0,30.0,0,0
75,14,27,4,27,Y6092339,,,,0,30.0,0,0
75,14,27,4,28,Y6092340,,,,0,30.0,0,0
75,14,27,4,29,Y6092341,,,,0,30.0,0,0
75,14,27,4,30,Y6092342,,,,0,30.0,0,0
75,14,27,5,10,Y6092343,,,,0,30.0,0,0
75,14,27,5,11,Y6092344,,,,0,30.0,0,0
75,14,27,5,12,Y6092345,,,,0,30.0,0,0
75,14,27,5,13,Y6092346,,,,0,30.0,0,0
75,14,27,5,14,Y6092347,,,,0,30.0,0,0
75,14,27,5,15,Y6092348,,,,0,30.0,0,0
75,14,27,5,16,Y6092349,,,,0,30.0,0,0
75,14,27,5,17,Y6092350,,,,0,30.0,0,0
75,14,27,5,18,Y6092351,,,,0,30.0,0,0
75,14,27,5,19,Y6092352,,,,0,30.0,0,0
75,14,27,5,20,Y6092353,,,,0,30.0,0,0
75,14,27,5,21,Y6092354,,,,0,30.0,0,0
75,14,27,5,22,Y6092355,,,,0,30.0,0,0
75,14,27,5,23,Y6092356,,,,0,30.0,0,0
75,14,27,5,24,Y6092357,,,,0,30.0,0,0
75,14,27,5,25,Y6092358,,,,0,30.0,0,0
75,14,27,5,26,Y6092359,,,,0,30.0,0,0
75,14,27,5,27,Y6092360,,,,0,30.0,0,0
75,14,27,5,28,Y6092361,,,,0,30.0,0,0
75,14,27,5,29,Y6092362,,,,0,30.0,0,0
75,14,27,5,30,Y6092363,,,,0,30.0,0,0
75,14,27,6,10,Y6092364,,,,0,30.0,0,0
75,14,27,6,11,Y6092365,,,,0,30.0,0,0
75,14,27,6,12,Y6092366,,,,0,30.0,0,0
75,14,27,6,13,Y6092367,,,,0,30.0,0,0
75,14,27,6,14,Y6092368,,,,0,30.0,0,0
75,14,27,6,15,Y6092369,,,,0,30.0,0,0
75,14,27,6,16,Y6092370,,,,0,30.0,0,0
75,14,27,6,17,Y6092371,,,,0,30.0,0,0
75,14,27,6,18,Y6092372,,,,0,30.0,0,0
75,14,27,6,19,Y6092373,,,,0,30.0,0,0
75,14,27,6,20,Y6092374,,,,0,30.0,0,0
75,14,27,6,21,Y6092375,,,,0,30.0,0,0
75,14,27,6,22,Y6092376,,,,0,30.0,0,0
75,14,27,6,23,Y6092377,,,,0,30.0,0,0
75,14,27,6,24,Y6092378,,,,0,30.0,0,0
75,14,27,6,25,Y6092379,,,,0,30.0,0,0
75,14,27,6,26,Y6092380,,,,0,30.0,0,0
75,14,27,6,27,Y6092381,,,,0,30.0,0,0
75,14,27,6,28,Y6092382,,,,0,30.0,0,0
75,14,27,6,29,Y6092383,,,,0,30.0,0,0
75,14,27,6,30,Y6092384,,,,0,30.0,0,0
75,14,27,7,10,Y6092385,,,,0,30.0,0,0
75,14,27,7,11,Y6092386,,,,0,30.0,0,0
75,14,27,7,12,Y6092387,,,,0,30.0,0,0
75,14,27,7,13,Y6092388,,,,0,30.0,0,0
75,14,27,7,14,Y6092389,,,,0,30.0,0,0
75,14,27,7,15,Y6092390,,,,0,30.0,0,0
75,14,27,7,16,Y6092391,,,,0,30.0,0,0
75,14,27,7,17,Y6092392,,,,0,30.0,0,0
75,14,27,7,18,Y6092393,,,,0,30.0,0,0
75,14,27,7,19,Y6092394,,,,0,30.0,0,0
75,14,27,7,20,Y6092395,,,,0,30.0,0,0
75,14,27,7,21,Y6092396,,,,0,30.0,0,0
75,14,27,7,22,Y6092397,,,,0,30.0,0,0
75,14,27,7,23,Y6092398,,,,0,30.0,0,0
75,14,27,7,24,Y6092399,,,,0,30.0,0,0
75,14,27,7,25,Y6092400,,,,0,30.0,0,0
75,14,27,7,26,Y6092401,,,,0,30.0,0,0
75,14,27,7,27,Y6092402,,,,0,30.0,0,0
75,14,27,7,28,Y6092403,,,,0,30.0,0,0
75,14,27,7,29,Y6092404,,,,0,30.0,0,0
75,14,27,7,30,Y6092405,,,,0,30.0,0,0
75,14,27,8,10,Y6092406,,,,0,30.0,0,0
75,14,27,8,11,Y6092407,,,,0,30.0,0,0
75,14,27,8,12,Y6092408,,,,0,30.0,0,0
75,14,27,8,13,Y6092409,,,,0,30.0,0,0
75,14,27,8,14,Y6092410,,,,0,30.0,0,0
75,14,27,8,15,Y6092411,,,,0,30.0,0,0
75,14,27,8,16,Y6092412,,,,0,30.0,0,0
75,14,27,8,17,Y6092413,,,,0,30.0,0,0
75,14,27,8,18,Y6092414,,,,0,30.0,0,0
75,14,27,8,19,Y6092415,,,,0,30.0,0,0
75,14,27,8,20,Y6092416,,,,0,30.0,0,0
75,14,27,8,21,Y6092417,,,,0,30.0,0,0
75,14,27,8,22,Y6092418,,,,0,30.0,0,0
75,14,27,8,23,Y6092419,,,,0,30.0,0,0
75,14,27,8,24,Y6092420,,,,0,30.0,0,0
75,14,27,8,25,Y6092421,,,,0,30.0,0,0
75,14,27,8,26,Y6092422,,,,0,30.0,0,0
75,14,27,8,27,Y6092423,,,,0,30.0,0,0
75,14,27,8,28,Y6092424,,,,0,30.0,0,0
75,14,27,8,29,Y6092425,,,,0,30.0,0,0
75,14,27,8,30,Y6092426,,,,0,30.0,0,0
75,14,27,9,10,Y6092427,,,,0,30.0,0,0
75,14,27,9,11,Y6092428,,,,0,30.0,0,0
75,14,27,9,12,Y6092429,,,,0,30.0,0,0
75,14,27,9,13,Y6092430,,,,0,30.0,0,0
75,14,27,9,14,Y6092431,,,,0,30.0,0,0
75,14,27,9,15,Y6092432,,,,0,30.0,0,0
75,14,27,9,16,Y6092433,,,,0,30.0,0,0
75,14,27,9,17,Y6092434,,,,0,30.0,0,0
75,14,27,9,18,Y6092435,,,,0,30.0,0,0
75,14,27,9,19,Y6092436,,,,0,30.0,0,0
75,14,27,9,20,Y6092437,,,,0,30.0,0,0
75,14,27,9,21,Y6092438,,,,0,30.0,0,0
75,14,27,9,22,Y6092439,,,,0,30.0,0,0
75,14,27,9,23,Y6092440,,,,0,30.0,0,0
75,14,27,9,24,Y6092441,,,,0,30.0,0,0
75,14,27,9,25,Y6092442,,,,0,30.0,0,0
75,14,27,9,26,Y6092443,,,,0,30.0,0,0
75,14,27,9,27,Y6092444,,,,0,30.0,0,0
75,14,27,9,28,Y6092445,,,,0,30.0,0,0
75,14,27,9,29,Y6092446,,,,0,30.0,0,0
75,14,27,9,30,Y6092447,,,,0,30.0,0,0
75,14,27,10,10,Y6092448,,,,0,30.0,0,0
75,14,27,10,11,Y6092449,,,,0,30.0,0,0
75,14,27,10,12,Y6092450,,,,0,30.0,0,0
75,14,27,10,13,Y6092451,,,,0,30.0,0,0
75,14,27,10,14,Y6092452,,,,0,30.0,0,0
75,14,27,10,15,Y6092453,,,,0,30.0,0,0
75,14,27,10,16,Y6092454,,,,0,30.0,0,0
75,14,27,10,17,Y6092455,,,,0,30.0,0,0
75,14,27,10,18,Y6092456,,,,0,30.0,0,0
75,14,27,10,19,Y6092457,,,,0,30.0,0,0
75,14,27,10,20,Y6092458,,,,0,30.0,0,0
75,14,27,10,21,Y6092459,,,,0,30.0,0,0
75,14,27,10,22,Y6092460,,,,0,30.0,0,0
75,14,27,10,23,Y6092461,,,,0,30.0,0,0
75,14,27,10,24,Y6092462,,,,0,30.0,0,0
75,14,27,10,25,Y6092463,,,,0,30.0,0,0
75,14,27,10,26,Y6092464,,,,0,30.0,0,0
75,14,27,10,27,Y6092465,,,,0,30.0,0,0
75,14,27,10,28,Y6092466,,,,0,30.0,0,0
75,14,27,10,29,Y6092467,,,,0,30.0,0,0
75,14,27,10,30,Y6092468,,,,0,30.0,0,0
75,14,27,11,10,Y6092469,,,,0,30.0,0,0
75,14,27,11,11,Y6092470,,,,0,30.0,0,0
75,14,27,11,12,Y6092471,,,,0,30.0,0,0
75,14,27,11,13,Y6092472,,,,0,30.0,0,0
75,14,27,11,14,Y6092473,,,,0,30.0,0,0
75,14,27,11,15,Y6092474,,,,0,30.0,0,0
75,14,27,11,16,Y6092475,,,,0,30.0,0,0
75,14,27,11,17,Y6092476,,,,0,30.0,0,0
75,14,27,11,18,Y6092477,,,,0,30.0,0,0
75,14,27,11,19,Y6092478,,,,0,30.0,0,0
75,14,27,11,20,Y6092479,,,,0,30.0,0,0
75,14,27,11,21,Y6092480,,,,0,30.0,0,0
75,14,27,11,22,Y6092481,,,,0,30.0,0,0
75,14,27,11,23,Y6092482,,,,0,30.0,0,0
75,14,27,11,24,Y6092483,,,,0,30.0,0,0
75,14,27,11,25,Y6092484,,,,0,30.0,0,0
75,14,27,11,26,Y6092485,,,,0,30.0,0,0
75,14,27,11,27,Y6092486,,,,0,30.0,0,0
75,14,27,11,28,Y6092487,,,,0,30.0,0,0
75,14,27,11,29,Y6092488,,,,0,30.0,0,0
75,14,27,11,30,Y6092489,,,,0,30.0,0,0
75,14,27,12,10,Y6092490,,,,0,30.0,0,0
75,14,27,12,11,Y6092491,,,,0,30.0,0,0
75,14,27,12,12,Y6092492,,,,0,30.0,0,0
75,14,27,12,13,Y6092493,,,,0,30.0,0,0
75,14,27,12,14,Y6092494,,,,0,30.0,0,0
75,14,27,12,15,Y6092495,,,,0,30.0,0,0
75,14,27,12,16,Y6092496,,,,0,30.0,0,0
75,14,27,12,17,Y6092497,,,,0,30.0,0,0
75,14,27,12,18,Y6092498,,,,0,30.0,0,0
75,14,27,12,19,Y6092499,,,,0,30.0,0,0
75,14,27,12,20,Y6092500,,,,0,30.0,0,0
75,14,27,12,21,Y6092501,,,,0,30.0,0,0
75,14,27,12,22,Y6092502,,,,0,30.0,0,0
75,14,27,12,23,Y6092503,,,,0,30.0,0,0
75,14,27,12,24,Y6092504,,,,0,30.0,0,0
75,14,27,12,25,Y6092505,,,,0,30.0,0,0
75,14,27,12,26,Y6092506,,,,0,30.0,0,0
75,14,27,12,27,Y6092507,,,,0,30.0,0,0
75,14,27,12,28,Y6092508,,,,0,30.0,0,0
75,14,27,12,29,Y6092509,,,,0,30.0,0,0
75,14,27,12,30,Y6092510,,,,0,30.0,0,0
75,14,28,1,10,Y6092511,,,,0,30.0,0,0
75,14,28,1,11,Y6092512,,,,0,30.0,0,0
75,14,28,1,12,Y6092513,,,,0,30.0,0,0
75,14,28,1,13,Y6092514,,,,0,30.0,0,0
75,14,28,1,14,Y6092515,,,,0,30.0,0,0
75,14,28,1,15,Y6092516,,,,0,30.0,0,0
75,14,28,1,16,Y6092517,,,,0,30.0,0,0
75,14,28,1,17,Y6092518,,,,0,30.0,0,0
75,14,28,1,18,Y6092519,,,,0,30.0,0,0
75,14,28,1,19,Y6092520,,,,0,30.0,0,0
75,14,28,1,20,Y6092521,,,,0,30.0,0,0
75,14,28,1,21,Y6092522,,,,0,30.0,0,0
75,14,28,1,22,Y6092523,,,,0,30.0,0,0
75,14,28,1,23,Y6092524,,,,0,30.0,0,0
75,14,28,1,24,Y6092525,,,,0,30.0,0,0
75,14,28,1,25,Y6092526,,,,0,30.0,0,0
75,14,28,1,26,Y6092527,,,,0,30.0,0,0
75,14,28,1,27,Y6092528,,,,0,30.0,0,0
75,14,28,1,28,Y6092529,,,,0,30.0,0,0
75,14,28,1,29,Y6092530,,,,0,30.0,0,0
75,14,28,1,30,Y6092531,,,,0,30.0,0,0
75,14,28,2,10,Y6092532,,,,0,30.0,0,0
75,14,28,2,11,Y6092533,,,,0,30.0,0,0
75,14,28,2,12,Y6092534,,,,0,30.0,0,0
75,14,28,2,13,Y6092535,,,,0,30.0,0,0
75,14,28,2,14,Y6092536,,,,0,30.0,0,0
75,14,28,2,15,Y6092537,,,,0,30.0,0,0
75,14,28,2,16,Y6092538,,,,0,30.0,0,0
75,14,28,2,17,Y6092539,,,,0,30.0,0,0
75,14,28,2,18,Y6092540,,,,0,30.0,0,0
75,14,28,2,19,Y6092541,,,,0,30.0,0,0
75,14,28,2,20,Y6092542,,,,0,30.0,0,0
75,14,28,2,21,Y6092543,,,,0,30.0,0,0
75,14,28,2,22,Y6092544,,,,0,30.0,0,0
75,14,28,2,23,Y6092545,,,,0,30.0,0,0
75,14,28,2,24,Y6092546,,,,0,30.0,0,0
75,14,28,2,25,Y6092547,,,,0,30.0,0,0
75,14,28,2,26,Y6092548,,,,0,30.0,0,0
75,14,28,2,27,Y6092549,,,,0,30.0,0,0
75,14,28,2,28,Y6092550,,,,0,30.0,0,0
75,14,28,2,29,Y6092551,,,,0,30.0,0,0
75,14,28,2,30,Y6092552,,,,0,30.0,0,0
75,14,28,3,10,Y6092553,,,,0,30.0,0,0
75,14,28,3,11,Y6092554,,,,0,30.0,0,0
75,14,28,3,12,Y6092555,,,,0,30.0,0,0
75,14,28,3,13,Y6092556,,,,0,30.0,0,0
75,14,28,3,14,Y6092557,,,,0,30.0,0,0
75,14,28,3,15,Y6092558,,,,0,30.0,0,0
75,14,28,3,16,Y6092559,,,,0,30.0,0,0
75,14,28,3,17,Y6092560,,,,0,30.0,0,0
75,14,28,3,18,Y6092561,,,,0,30.0,0,0
75,14,28,3,19,Y6092562,,,,0,30.0,0,0
75,14,28,3,20,Y6092563,,,,0,30.0,0,0
75,14,28,3,21,Y6092564,,,,0,30.0,0,0
75,14,28,3,22,Y6092565,,,,0,30.0,0,0
75,14,28,3,23,Y6092566,,,,0,30.0,0,0
75,14,28,3,24,Y6092567,,,,0,30.0,0,0
75,14,28,3,25,Y6092568,,,,0,30.0,0,0
75,14,28,3,26,Y6092569,,,,0,30.0,0,0
75,14,28,3,27,Y6092570,,,,0,30.0,0,0
75,14,28,3,28,Y6092571,,,,0,30.0,0,0
75,14,28,3,29,Y6092572,,,,0,30.0,0,0
75,14,28,3,30,Y6092573,,,,0,30.0,0,0
75,14,28,4,10,Y6092574,,,,0,30.0,0,0
75,14,28,4,11,Y6092575,,,,0,30.0,0,0
75,14,28,4,12,Y6092576,,,,0,30.0,0,0
75,14,28,4,13,Y6092577,,,,0,30.0,0,0
75,14,28,4,14,Y6092578,,,,0,30.0,0,0
75,14,28,4,15,Y6092579,,,,0,30.0,0,0
75,14,28,4,16,Y6092580,,,,0,30.0,0,0
75,14,28,4,17,Y6092581,,,,0,30.0,0,0
75,14,28,4,18,Y6092582,,,,0,30.0,0,0
75,14,28,4,19,Y6092583,,,,0,30.0,0,0
75,14,28,4,20,Y6092584,,,,0,30.0,0,0
75,14,28,4,21,Y6092585,,,,0,30.0,0,0
75,14,28,4,22,Y6092586,,,,0,30.0,0,0
75,14,28,4,23,Y6092587,,,,0,30.0,0,0
75,14,28,4,24,Y6092588,,,,0,30.0,0,0
75,14,28,4,25,Y6092589,,,,0,30.0,0,0
75,14,28,4,26,Y6092590,,,,0,30.0,0,0
75,14,28,4,27,Y6092591,,,,0,30.0,0,0
75,14,28,4,28,Y6092592,,,,0,30.0,0,0
75,14,28,4,29,Y6092593,,,,0,30.0,0,0
75,14,28,4,30,Y6092594,,,,0,30.0,0,0
75,14,28,5,10,Y6092595,,,,0,30.0,0,0
75,14,28,5,11,Y6092596,,,,0,30.0,0,0
75,14,28,5,12,Y6092597,,,,0,30.0,0,0
75,14,28,5,13,Y6092598,,,,0,30.0,0,0
75,14,28,5,14,Y6092599,,,,0,30.0,0,0
75,14,28,5,15,Y6092600,,,,0,30.0,0,0
75,14,28,5,16,Y6092601,,,,0,30.0,0,0
75,14,28,5,17,Y6092602,,,,0,30.0,0,0
75,14,28,5,18,Y6092603,,,,0,30.0,0,0
75,14,28,5,19,Y6092604,,,,0,30.0,0,0
75,14,28,5,20,Y6092605,,,,0,30.0,0,0
75,14,28,5,21,Y6092606,,,,0,30.0,0,0
75,14,28,5,22,Y6092607,,,,0,30.0,0,0
75,14,28,5,23,Y6092608,,,,0,30.0,0,0
75,14,28,5,24,Y6092609,,,,0,30.0,0,0
75,14,28,5,25,Y6092610,,,,0,30.0,0,0
75,14,28,5,26,Y6092611,,,,0,30.0,0,0
75,14,28,5,27,Y6092612,,,,0,30.0,0,0
75,14,28,5,28,Y6092613,,,,0,30.0,0,0
75,14,28,5,29,Y6092614,,,,0,30.0,0,0
75,14,28,5,30,Y6092615,,,,0,30.0,0,0
75,14,28,6,10,Y6092616,,,,0,30.0,0,0
75,14,28,6,11,Y6092617,,,,0,30.0,0,0
75,14,28,6,12,Y6092618,,,,0,30.0,0,0
75,14,28,6,13,Y6092619,,,,0,30.0,0,0
75,14,28,6,14,Y6092620,,,,0,30.0,0,0
75,14,28,6,15,Y6092621,,,,0,30.0,0,0
75,14,28,6,16,Y6092622,,,,0,30.0,0,0
75,14,28,6,17,Y6092623,,,,0,30.0,0,0
75,14,28,6,18,Y6092624,,,,0,30.0,0,0
75,14,28,6,19,Y6092625,,,,0,30.0,0,0
75,14,28,6,20,Y6092626,,,,0,30.0,0,0
75,14,28,6,21,Y6092627,,,,0,30.0,0,0
75,14,28,6,22,Y6092628,,,,0,30.0,0,0
75,14,28,6,23,Y6092629,,,,0,30.0,0,0
75,14,28,6,24,Y6092630,,,,0,30.0,0,0
75,14,28,6,25,Y6092631,,,,0,30.0,0,0
75,14,28,6,26,Y6092632,,,,0,30.0,0,0
75,14,28,6,27,Y6092633,,,,0,30.0,0,0
75,14,28,6,28,Y6092634,,,,0,30.0,0,0
75,14,28,6,29,Y6092635,,,,0,30.0,0,0
75,14,28,6,30,Y6092636,,,,0,30.0,0,0
75,14,28,7,10,Y6092637,,,,0,30.0,0,0
75,14,28,7,11,Y6092638,,,,0,30.0,0,0
75,14,28,7,12,Y6092639,,,,0,30.0,0,0
75,14,28,7,13,Y6092640,,,,0,30.0,0,0
75,14,28,7,14,Y6092641,,,,0,30.0,0,0
75,14,28,7,15,Y6092642,,,,0,30.0,0,0
75,14,28,7,16,Y6092643,,,,0,30.0,0,0
75,14,28,7,17,Y6092644,,,,0,30.0,0,0
75,14,28,7,18,Y6092645,,,,0,30.0,0,0
75,14,28,7,19,Y6092646,,,,0,30.0,0,0
75,14,28,7,20,Y6092647,,,,0,30.0,0,0
75,14,28,7,21,Y6092648,,,,0,30.0,0,0
75,14,28,7,22,Y6092649,,,,0,30.0,0,0
75,14,28,7,23,Y6092650,,,,0,30.0,0,0
75,14,28,7,24,Y6092651,,,,0,30.0,0,0
75,14,28,7,25,Y6092652,,,,0,30.0,0,0
75,14,28,7,26,Y6092653,,,,0,30.0,0,0
75,14,28,7,27,Y6092654,,,,0,30.0,0,0
75,14,28,7,28,Y6092655,,,,0,30.0,0,0
75,14,28,7,29,Y6092656,,,,0,30.0,0,0
75,14,28,7,30,Y6092657,,,,0,30.0,0,0
75,14,28,8,10,Y6092658,,,,0,30.0,0,0
75,14,28,8,11,Y6092659,,,,0,30.0,0,0
75,14,28,8,12,Y6092660,,,,0,30.0,0,0
75,14,28,8,13,Y6092661,,,,0,30.0,0,0
75,14,28,8,14,Y6092662,,,,0,30.0,0,0
75,14,28,8,15,Y6092663,,,,0,30.0,0,0
75,14,28,8,16,Y6092664,,,,0,30.0,0,0
75,14,28,8,17,Y6092665,,,,0,30.0,0,0
75,14,28,8,18,Y6092666,,,,0,30.0,0,0
75,14,28,8,19,Y6092667,,,,0,30.0,0,0
75,14,28,8,20,Y6092668,,,,0,30.0,0,0
75,14,28,8,21,Y6092669,,,,0,30.0,0,0
75,14,28,8,22,Y6092670,,,,0,30.0,0,0
75,14,28,8,23,Y6092671,,,,0,30.0,0,0
75,14,28,8,24,Y6092672,,,,0,30.0,0,0
75,14,28,8,25,Y6092673,,,,0,30.0,0,0
75,14,28,8,26,Y6092674,,,,0,30.0,0,0
75,14,28,8,27,Y6092675,,,,0,30.0,0,0
75,14,28,8,28,Y6092676,,,,0,30.0,0,0
75,14,28,8,29,Y6092677,,,,0,30.0,0,0
75,14,28,8,30,Y6092678,,,,0,30.0,0,0
75,14,28,9,10,Y6092679,,,,0,30.0,0,0
75,14,28,9,11,Y6092680,,,,0,30.0,0,0
75,14,28,9,12,Y6092681,,,,0,30.0,0,0
75,14,28,9,13,Y6092682,,,,0,30.0,0,0
75,14,28,9,14,Y6092683,,,,0,30.0,0,0
75,14,28,9,15,Y6092684,,,,0,30.0,0,0
75,14,28,9,16,Y6092685,,,,0,30.0,0,0
75,14,28,9,17,Y6092686,,,,0,30.0,0,0
75,14,28,9,18,Y6092687,,,,0,30.0,0,0
75,14,28,9,19,Y6092688,,,,0,30.0,0,0
75,14,28,9,20,Y6092689,,,,0,30.0,0,0
75,14,28,9,21,Y6092690,,,,0,30.0,0,0
75,14,28,9,22,Y6092691,,,,0,30.0,0,0
75,14,28,9,23,Y6092692,,,,0,30.0,0,0
75,14,28,9,24,Y6092693,,,,0,30.0,0,0
75,14,28,9,25,Y6092694,,,,0,30.0,0,0
75,14,28,9,26,Y6092695,,,,0,30.0,0,0
75,14,28,9,27,Y6092696,,,,0,30.0,0,0
75,14,28,9,28,Y6092697,,,,0,30.0,0,0
75,14,28,9,29,Y6092698,,,,0,30.0,0,0
75,14,28,9,30,Y6092699,,,,0,30.0,0,0
75,14,28,10,10,Y6092700,,,,0,30.0,0,0
75,14,28,10,11,Y6092701,,,,0,30.0,0,0
75,14,28,10,12,Y6092702,,,,0,30.0,0,0
75,14,28,10,13,Y6092703,,,,0,30.0,0,0
75,14,28,10,14,Y6092704,,,,0,30.0,0,0
75,14,28,10,15,Y6092705,,,,0,30.0,0,0
75,14,28,10,16,Y6092706,,,,0,30.0,0,0
75,14,28,10,17,Y6092707,,,,0,30.0,0,0
75,14,28,10,18,Y6092708,,,,0,30.0,0,0
75,14,28,10,19,Y6092709,,,,0,30.0,0,0
75,14,28,10,20,Y6092710,,,,0,30.0,0,0
75,14,28,10,21,Y6092711,,,,0,30.0,0,0
75,14,28,10,22,Y6092712,,,,0,30.0,0,0
75,14,28,10,23,Y6092713,,,,0,30.0,0,0
75,14,28,10,24,Y6092714,,,,0,30.0,0,0
75,14,28,10,25,Y6092715,,,,0,30.0,0,0
75,14,28,10,26,Y6092716,,,,0,30.0,0,0
75,14,28,10,27,Y6092717,,,,0,30.0,0,0
75,14,28,10,28,Y6092718,,,,0,30.0,0,0
75,14,28,10,29,Y6092719,,,,0,30.0,0,0
75,14,28,10,30,Y6092720,,,,0,30.0,0,0
75,14,28,11,10,Y6092721,,,,0,30.0,0,0
75,14,28,11,11,Y6092722,,,,0,30.0,0,0
75,14,28,11,12,Y6092723,,,,0,30.0,0,0
75,14,28,11,13,Y6092724,,,,0,30.0,0,0
75,14,28,11,14,Y6092725,,,,0,30.0,0,0
75,14,28,11,15,Y6092726,,,,0,30.0,0,0
75,14,28,11,16,Y6092727,,,,0,30.0,0,0
75,14,28,11,17,Y6092728,,,,0,30.0,0,0
75,14,28,11,18,Y6092729,,,,0,30.0,0,0
75,14,28,11,19,Y6092730,,,,0,30.0,0,0
75,14,28,11,20,Y6092731,,,,0,30.0,0,0
75,14,28,11,21,Y6092732,,,,0,30.0,0,0
75,14,28,11,22,Y6092733,,,,0,30.0,0,0
75,14,28,11,23,Y6092734,,,,0,30.0,0,0
75,14,28,11,24,Y6092735,,,,0,30.0,0,0
75,14,28,11,25,Y6092736,,,,0,30.0,0,0
75,14,28,11,26,Y6092737,,,,0,30.0,0,0
75,14,28,11,27,Y6092738,,,,0,30.0,0,0
75,14,28,11,28,Y6092739,,,,0,30.0,0,0
75,14,28,11,29,Y6092740,,,,0,30.0,0,0
75,14,28,11,30,Y6092741,,,,0,30.0,0,0
75,14,28,12,10,Y6092742,,,,0,30.0,0,0
75,14,28,12,11,Y6092743,,,,0,30.0,0,0
75,14,28,12,12,Y6092744,,,,0,30.0,0,0
75,14,28,12,13,Y6092745,,,,0,30.0,0,0
75,14,28,12,14,Y6092746,,,,0,30.0,0,0
75,14,28,12,15,Y6092747,,,,0,30.0,0,0
75,14,28,12,16,Y6092748,,,,0,30.0,0,0
75,14,28,12,17,Y6092749,,,,0,30.0,0,0
75,14,28,12,18,Y6092750,,,,0,30.0,0,0
75,14,28,12,19,Y6092751,,,,0,30.0,0,0
75,14,28,12,20,Y6092752,,,,0,30.0,0,0
75,14,28,12,21,Y6092753,,,,0,30.0,0,0
75,14,28,12,22,Y6092754,,,,0,30.0,0,0
75,14,28,12,23,Y6092755,,,,0,30.0,0,0
75,14,28,12,24,Y6092756,,,,0,30.0,0,0
75,14,28,12,25,Y6092757,,,,0,30.0,0,0
75,14,28,12,26,Y6092758,,,,0,30.0,0,0
75,14,28,12,27,Y6092759,,,,0,30.0,0,0
75,14,28,12,28,Y6092760,,,,0,30.0,0,0
75,14,28,12,29,Y6092761,,,,0,30.0,0,0
75,14,28,12,30,Y6092762,,,,0,30.0,0,0
75,14,29,1,10,Y6092763,,,,0,30.0,0,0
75,14,29,1,11,Y6092764,,,,0,30.0,0,0
75,14,29,1,12,Y6092765,,,,0,30.0,0,0
75,14,29,1,13,Y6092766,,,,0,30.0,0,0
75,14,29,1,14,Y6092767,,,,0,30.0,0,0
75,14,29,1,15,Y6092768,,,,0,30.0,0,0
75,14,29,1,16,Y6092769,,,,0,30.0,0,0
75,14,29,1,17,Y6092770,,,,0,30.0,0,0
75,14,29,1,18,Y6092771,,,,0,30.0,0,0
75,14,29,1,19,Y6092772,,,,0,30.0,0,0
75,14,29,1,20,Y6092773,,,,0,30.0,0,0
75,14,29,1,21,Y6092774,,,,0,30.0,0,0
75,14,29,1,22,Y6092775,,,,0,30.0,0,0
75,14,29,1,23,Y6092776,,,,0,30.0,0,0
75,14,29,1,24,Y6092777,,,,0,30.0,0,0
75,14,29,1,25,Y6092778,,,,0,30.0,0,0
75,14,29,1,26,Y6092779,,,,0,30.0,0,0
75,14,29,1,27,Y6092780,,,,0,30.0,0,0
75,14,29,1,28,Y6092781,,,,0,30.0,0,0
75,14,29,1,29,Y6092782,,,,0,30.0,0,0
75,14,29,1,30,Y6092783,,,,0,30.0,0,0
75,14,29,2,10,Y6092784,,,,0,30.0,0,0
75,14,29,2,11,Y6092785,,,,0,30.0,0,0
75,14,29,2,12,Y6092786,,,,0,30.0,0,0
75,14,29,2,13,Y6092787,,,,0,30.0,0,0
75,14,29,2,14,Y6092788,,,,0,30.0,0,0
75,14,29,2,15,Y6092789,,,,0,30.0,0,0
75,14,29,2,16,Y6092790,,,,0,30.0,0,0
75,14,29,2,17,Y6092791,,,,0,30.0,0,0
75,14,29,2,18,Y6092792,,,,0,30.0,0,0
75,14,29,2,19,Y6092793,,,,0,30.0,0,0
75,14,29,2,20,Y6092794,,,,0,30.0,0,0
75,14,29,2,21,Y6092795,,,,0,30.0,0,0
75,14,29,2,22,Y6092796,,,,0,30.0,0,0
75,14,29,2,23,Y6092797,,,,0,30.0,0,0
75,14,29,2,24,Y6092798,,,,0,30.0,0,0
75,14,29,2,25,Y6092799,,,,0,30.0,0,0
75,14,29,2,26,Y6092800,,,,0,30.0,0,0
75,14,29,2,27,Y6092801,,,,0,30.0,0,0
75,14,29,2,28,Y6092802,,,,0,30.0,0,0
75,14,29,2,29,Y6092803,,,,0,30.0,0,0
75,14,29,2,30,Y6092804,,,,0,30.0,0,0
75,14,29,3,10,Y6092805,,,,0,30.0,0,0
75,14,29,3,11,Y6092806,,,,0,30.0,0,0
75,14,29,3,12,Y6092807,,,,0,30.0,0,0
75,14,29,3,13,Y6092808,,,,0,30.0,0,0
75,14,29,3,14,Y6092809,,,,0,30.0,0,0
75,14,29,3,15,Y6092810,,,,0,30.0,0,0
75,14,29,3,16,Y6092811,,,,0,30.0,0,0
75,14,29,3,17,Y6092812,,,,0,30.0,0,0
75,14,29,3,18,Y6092813,,,,0,30.0,0,0
75,14,29,3,19,Y6092814,,,,0,30.0,0,0
75,14,29,3,20,Y6092815,,,,0,30.0,0,0
75,14,29,3,21,Y6092816,,,,0,30.0,0,0
75,14,29,3,22,Y6092817,,,,0,30.0,0,0
75,14,29,3,23,Y6092818,,,,0,30.0,0,0
75,14,29,3,24,Y6092819,,,,0,30.0,0,0
75,14,29,3,25,Y6092820,,,,0,30.0,0,0
75,14,29,3,26,Y6092821,,,,0,30.0,0,0
75,14,29,3,27,Y6092822,,,,0,30.0,0,0
75,14,29,3,28,Y6092823,,,,0,30.0,0,0
75,14,29,3,29,Y6092824,,,,0,30.0,0,0
75,14,29,3,30,Y6092825,,,,0,30.0,0,0
75,14,29,4,10,Y6092826,,,,0,30.0,0,0
75,14,29,4,11,Y6092827,,,,0,30.0,0,0
75,14,29,4,12,Y6092828,,,,0,30.0,0,0
75,14,29,4,13,Y6092829,,,,0,30.0,0,0
75,14,29,4,14,Y6092830,,,,0,30.0,0,0
75,14,29,4,15,Y6092831,,,,0,30.0,0,0
75,14,29,4,16,Y6092832,,,,0,30.0,0,0
75,14,29,4,17,Y6092833,,,,0,30.0,0,0
75,14,29,4,18,Y6092834,,,,0,30.0,0,0
75,14,29,4,19,Y6092835,,,,0,30.0,0,0
75,14,29,4,20,Y6092836,,,,0,30.0,0,0
75,14,29,4,21,Y6092837,,,,0,30.0,0,0
75,14,29,4,22,Y6092838,,,,0,30.0,0,0
75,14,29,4,23,Y6092839,,,,0,30.0,0,0
75,14,29,4,24,Y6092840,,,,0,30.0,0,0
75,14,29,4,25,Y6092841,,,,0,30.0,0,0
75,14,29,4,26,Y6092842,,,,0,30.0,0,0
75,14,29,4,27,Y6092843,,,,0,30.0,0,0
75,14,29,4,28,Y6092844,,,,0,30.0,0,0
75,14,29,4,29,Y6092845,,,,0,30.0,0,0
75,14,29,4,30,Y6092846,,,,0,30.0,0,0
75,14,29,5,10,Y6092847,,,,0,30.0,0,0
75,14,29,5,11,Y6092848,,,,0,30.0,0,0
75,14,29,5,12,Y6092849,,,,0,30.0,0,0
75,14,29,5,13,Y6092850,,,,0,30.0,0,0
75,14,29,5,14,Y6092851,,,,0,30.0,0,0
75,14,29,5,15,Y6092852,,,,0,30.0,0,0
75,14,29,5,16,Y6092853,,,,0,30.0,0,0
75,14,29,5,17,Y6092854,,,,0,30.0,0,0
75,14,29,5,18,Y6092855,,,,0,30.0,0,0
75,14,29,5,19,Y6092856,,,,0,30.0,0,0
75,14,29,5,20,Y6092857,,,,0,30.0,0,0
75,14,29,5,21,Y6092858,,,,0,30.0,0,0
75,14,29,5,22,Y6092859,,,,0,30.0,0,0
75,14,29,5,23,Y6092860,,,,0,30.0,0,0
75,14,29,5,24,Y6092861,,,,0,30.0,0,0
75,14,29,5,25,Y6092862,,,,0,30.0,0,0
75,14,29,5,26,Y6092863,,,,0,30.0,0,0
75,14,29,5,27,Y6092864,,,,0,30.0,0,0
75,14,29,5,28,Y6092865,,,,0,30.0,0,0
75,14,29,5,29,Y6092866,,,,0,30.0,0,0
75,14,29,5,30,Y6092867,,,,0,30.0,0,0
75,14,29,6,10,Y6092868,,,,0,30.0,0,0
75,14,29,6,11,Y6092869,,,,0,30.0,0,0
75,14,29,6,12,Y6092870,,,,0,30.0,0,0
75,14,29,6,13,Y6092871,,,,0,30.0,0,0
75,14,29,6,14,Y6092872,,,,0,30.0,0,0
75,14,29,6,15,Y6092873,,,,0,30.0,0,0
75,14,29,6,16,Y6092874,,,,0,30.0,0,0
75,14,29,6,17,Y6092875,,,,0,30.0,0,0
75,14,29,6,18,Y6092876,,,,0,30.0,0,0
75,14,29,6,19,Y6092877,,,,0,30.0,0,0
75,14,29,6,20,Y6092878,,,,0,30.0,0,0
75,14,29,6,21,Y6092879,,,,0,30.0,0,0
75,14,29,6,22,Y6092880,,,,0,30.0,0,0
75,14,29,6,23,Y6092881,,,,0,30.0,0,0
75,14,29,6,24,Y6092882,,,,0,30.0,0,0
75,14,29,6,25,Y6092883,,,,0,30.0,0,0
75,14,29,6,26,Y6092884,,,,0,30.0,0,0
75,14,29,6,27,Y6092885,,,,0,30.0,0,0
75,14,29,6,28,Y6092886,,,,0,30.0,0,0
75,14,29,6,29,Y6092887,,,,0,30.0,0,0
75,14,29,6,30,Y6092888,,,,0,30.0,0,0
75,14,29,7,10,Y6092889,,,,0,30.0,0,0
75,14,29,7,11,Y6092890,,,,0,30.0,0,0
75,14,29,7,12,Y6092891,,,,0,30.0,0,0
75,14,29,7,13,Y6092892,,,,0,30.0,0,0
75,14,29,7,14,Y6092893,,,,0,30.0,0,0
75,14,29,7,15,Y6092894,,,,0,30.0,0,0
75,14,29,7,16,Y6092895,,,,0,30.0,0,0
75,14,29,7,17,Y6092896,,,,0,30.0,0,0
75,14,29,7,18,Y6092897,,,,0,30.0,0,0
75,14,29,7,19,Y6092898,,,,0,30.0,0,0
75,14,29,7,20,Y6092899,,,,0,30.0,0,0
75,14,29,7,21,Y6092900,,,,0,30.0,0,0
75,14,29,7,22,Y6092901,,,,0,30.0,0,0
75,14,29,7,23,Y6092902,,,,0,30.0,0,0
75,14,29,7,24,Y6092903,,,,0,30.0,0,0
75,14,29,7,25,Y6092904,,,,0,30.0,0,0
75,14,29,7,26,Y6092905,,,,0,30.0,0,0
75,14,29,7,27,Y6092906,,,,0,30.0,0,0
75,14,29,7,28,Y6092907,,,,0,30.0,0,0
75,14,29,7,29,Y6092908,,,,0,30.0,0,0
75,14,29,7,30,Y6092909,,,,0,30.0,0,0
75,14,29,8,10,Y6092910,,,,0,30.0,0,0
75,14,29,8,11,Y6092911,,,,0,30.0,0,0
75,14,29,8,12,Y6092912,,,,0,30.0,0,0
75,14,29,8,13,Y6092913,,,,0,30.0,0,0
75,14,29,8,14,Y6092914,,,,0,30.0,0,0
75,14,29,8,15,Y6092915,,,,0,30.0,0,0
75,14,29,8,16,Y6092916,,,,0,30.0,0,0
75,14,29,8,17,Y6092917,,,,0,30.0,0,0
75,14,29,8,18,Y6092918,,,,0,30.0,0,0
75,14,29,8,19,Y6092919,,,,0,30.0,0,0
75,14,29,8,20,Y6092920,,,,0,30.0,0,0
75,14,29,8,21,Y6092921,,,,0,30.0,0,0
75,14,29,8,22,Y6092922,,,,0,30.0,0,0
75,14,29,8,23,Y6092923,,,,0,30.0,0,0
75,14,29,8,24,Y6092924,,,,0,30.0,0,0
75,14,29,8,25,Y6092925,,,,0,30.0,0,0
75,14,29,8,26,Y6092926,,,,0,30.0,0,0
75,14,29,8,27,Y6092927,,,,0,30.0,0,0
75,14,29,8,28,Y6092928,,,,0,30.0,0,0
75,14,29,8,29,Y6092929,,,,0,30.0,0,0
75,14,29,8,30,Y6092930,,,,0,30.0,0,0
75,14,29,9,10,Y6092931,,,,0,30.0,0,0
75,14,29,9,11,Y6092932,,,,0,30.0,0,0
75,14,29,9,12,Y6092933,,,,0,30.0,0,0
75,14,29,9,13,Y6092934,,,,0,30.0,0,0
75,14,29,9,14,Y6092935,,,,0,30.0,0,0
75,14,29,9,15,Y6092936,,,,0,30.0,0,0
75,14,29,9,16,Y6092937,,,,0,30.0,0,0
75,14,29,9,17,Y6092938,,,,0,30.0,0,0
75,14,29,9,18,Y6092939,,,,0,30.0,0,0
75,14,29,9,19,Y6092940,,,,0,30.0,0,0
75,14,29,9,20,Y6092941,,,,0,30.0,0,0
75,14,29,9,21,Y6092942,,,,0,30.0,0,0
75,14,29,9,22,Y6092943,,,,0,30.0,0,0
75,14,29,9,23,Y6092944,,,,0,30.0,0,0
75,14,29,9,24,Y6092945,,,,0,30.0,0,0
75,14,29,9,25,Y6092946,,,,0,30.0,0,0
75,14,29,9,26,Y6092947,,,,0,30.0,0,0
75,14,29,9,27,Y6092948,,,,0,30.0,0,0
75,14,29,9,28,Y6092949,,,,0,30.0,0,0
75,14,29,9,29,Y6092950,,,,0,30.0,0,0
75,14,29,9,30,Y6092951,,,,0,30.0,0,0
75,14,29,10,10,Y6092952,,,,0,30.0,0,0
75,14,29,10,11,Y6092953,,,,0,30.0,0,0
75,14,29,10,12,Y6092954,,,,0,30.0,0,0
75,14,29,10,13,Y6092955,,,,0,30.0,0,0
75,14,29,10,14,Y6092956,,,,0,30.0,0,0
75,14,29,10,15,Y6092957,,,,0,30.0,0,0
75,14,29,10,16,Y6092958,,,,0,30.0,0,0
75,14,29,10,17,Y6092959,,,,0,30.0,0,0
75,14,29,10,18,Y6092960,,,,0,30.0,0,0
75,14,29,10,19,Y6092961,,,,0,30.0,0,0
75,14,29,10,20,Y6092962,,,,0,30.0,0,0
75,14,29,10,21,Y6092963,,,,0,30.0,0,0
75,14,29,10,22,Y6092964,,,,0,30.0,0,0
75,14,29,10,23,Y6092965,,,,0,30.0,0,0
75,14,29,10,24,Y6092966,,,,0,30.0,0,0
75,14,29,10,25,Y6092967,,,,0,30.0,0,0
75,14,29,10,26,Y6092968,,,,0,30.0,0,0
75,14,29,10,27,Y6092969,,,,0,30.0,0,0
75,14,29,10,28,Y6092970,,,,0,30.0,0,0
75,14,29,10,29,Y6092971,,,,0,30.0,0,0
75,14,29,10,30,Y6092972,,,,0,30.0,0,0
75,14,29,11,10,Y6092973,,,,0,30.0,0,0
75,14,29,11,11,Y6092974,,,,0,30.0,0,0
75,14,29,11,12,Y6092975,,,,0,30.0,0,0
75,14,29,11,13,Y6092976,,,,0,30.0,0,0
75,14,29,11,14,Y6092977,,,,0,30.0,0,0
75,14,29,11,15,Y6092978,,,,0,30.0,0,0
75,14,29,11,16,Y6092979,,,,0,30.0,0,0
75,14,29,11,17,Y6092980,,,,0,30.0,0,0
75,14,29,11,18,Y6092981,,,,0,30.0,0,0
75,14,29,11,19,Y6092982,,,,0,30.0,0,0
75,14,29,11,20,Y6092983,,,,0,30.0,0,0
75,14,29,11,21,Y6092984,,,,0,30.0,0,0
75,14,29,11,22,Y6092985,,,,0,30.0,0,0
75,14,29,11,23,Y6092986,,,,0,30.0,0,0
75,14,29,11,24,Y6092987,,,,0,30.0,0,0
75,14,29,11,25,Y6092988,,,,0,30.0,0,0
75,14,29,11,26,Y6092989,,,,0,30.0,0,0
75,14,29,11,27,Y6092990,,,,0,30.0,0,0
75,14,29,11,28,Y6092991,,,,0,30.0,0,0
75,14,29,11,29,Y6092992,,,,0,30.0,0,0
75,14,29,11,30,Y6092993,,,,0,30.0,0,0
75,14,29,12,10,Y6092994,,,,0,30.0,0,0
75,14,29,12,11,Y6092995,,,,0,30.0,0,0
75,14,29,12,12,Y6092996,,,,0,30.0,0,0
75,14,29,12,13,Y6092997,,,,0,30.0,0,0
75,14,29,12,14,Y6092998,,,,0,30.0,0,0
75,14,29,12,15,Y6092999,,,,0,30.0,0,0
75,14,29,12,16,Y6093000,,,,0,30.0,0,0
75,14,29,12,17,Y6093001,,,,0,30.0,0,0
75,14,29,12,18,Y6093002,,,,0,30.0,0,0
75,14,29,12,19,Y6093003,,,,0,30.0,0,0
75,14,29,12,20,Y6093004,,,,0,30.0,0,0
75,14,29,12,21,Y6093005,,,,0,30.0,0,0
75,14,29,12,22,Y6093006,,,,0,30.0,0,0
75,14,29,12,23,Y6093007,,,,0,30.0,0,0
75,14,29,12,24,Y6093008,,,,0,30.0,0,0
75,14,29,12,25,Y6093009,,,,0,30.0,0,0
75,14,29,12,26,Y6093010,,,,0,30.0,0,0
75,14,29,12,27,Y6093011,,,,0,30.0,0,0
75,14,29,12,28,Y6093012,,,,0,30.0,0,0
75,14,29,12,29,Y6093013,,,,0,30.0,0,0
75,14,29,12,30,Y6093014,,,,0,30.0,0,0
75,14,30,1,10,Y6093015,,,,0,30.0,0,0
75,14,30,1,11,Y6093016,,,,0,30.0,0,0
75,14,30,1,12,Y6093017,,,,0,30.0,0,0
75,14,30,1,13,Y6093018,,,,0,30.0,0,0
75,14,30,1,14,Y6093019,,,,0,30.0,0,0
75,14,30,1,15,Y6093020,,,,0,30.0,0,0
75,14,30,1,16,Y6093021,,,,0,30.0,0,0
75,14,30,1,17,Y6093022,,,,0,30.0,0,0
75,14,30,1,18,Y6093023,,,,0,30.0,0,0
75,14,30,1,19,Y6093024,,,,0,30.0,0,0
75,14,30,1,20,Y6093025,,,,0,30.0,0,0
75,14,30,1,21,Y6093026,,,,0,30.0,0,0
75,14,30,1,22,Y6093027,,,,0,30.0,0,0
75,14,30,1,23,Y6093028,,,,0,30.0,0,0
75,14,30,1,24,Y6093029,,,,0,30.0,0,0
75,14,30,1,25,Y6093030,,,,0,30.0,0,0
75,14,30,1,26,Y6093031,,,,0,30.0,0,0
75,14,30,1,27,Y6093032,,,,0,30.0,0,0
75,14,30,1,28,Y6093033,,,,0,30.0,0,0
75,14,30,1,29,Y6093034,,,,0,30.0,0,0
75,14,30,1,30,Y6093035,,,,0,30.0,0,0
75,14,30,2,10,Y6093036,,,,0,30.0,0,0
75,14,30,2,11,Y6093037,,,,0,30.0,0,0
75,14,30,2,12,Y6093038,,,,0,30.0,0,0
75,14,30,2,13,Y6093039,,,,0,30.0,0,0
75,14,30,2,14,Y6093040,,,,0,30.0,0,0
75,14,30,2,15,Y6093041,,,,0,30.0,0,0
75,14,30,2,16,Y6093042,,,,0,30.0,0,0
75,14,30,2,17,Y6093043,,,,0,30.0,0,0
75,14,30,2,18,Y6093044,,,,0,30.0,0,0
75,14,30,2,19,Y6093045,,,,0,30.0,0,0
75,14,30,2,20,Y6093046,,,,0,30.0,0,0
75,14,30,2,21,Y6093047,,,,0,30.0,0,0
75,14,30,2,22,Y6093048,,,,0,30.0,0,0
75,14,30,2,23,Y6093049,,,,0,30.0,0,0
75,14,30,2,24,Y6093050,,,,0,30.0,0,0
75,14,30,2,25,Y6093051,,,,0,30.0,0,0
75,14,30,2,26,Y6093052,,,,0,30.0,0,0
75,14,30,2,27,Y6093053,,,,0,30.0,0,0
75,14,30,2,28,Y6093054,,,,0,30.0,0,0
75,14,30,2,29,Y6093055,,,,0,30.0,0,0
75,14,30,2,30,Y6093056,,,,0,30.0,0,0
75,14,30,3,10,Y6093057,,,,0,30.0,0,0
75,14,30,3,11,Y6093058,,,,0,30.0,0,0
75,14,30,3,12,Y6093059,,,,0,30.0,0,0
75,14,30,3,13,Y6093060,,,,0,30.0,0,0
75,14,30,3,14,Y6093061,,,,0,30.0,0,0
75,14,30,3,15,Y6093062,,,,0,30.0,0,0
75,14,30,3,16,Y6093063,,,,0,30.0,0,0
75,14,30,3,17,Y6093064,,,,0,30.0,0,0
75,14,30,3,18,Y6093065,,,,0,30.0,0,0
75,14,30,3,19,Y6093066,,,,0,30.0,0,0
75,14,30,3,20,Y6093067,,,,0,30.0,0,0
75,14,30,3,21,Y6093068,,,,0,30.0,0,0
75,14,30,3,22,Y6093069,,,,0,30.0,0,0
75,14,30,3,23,Y6093070,,,,0,30.0,0,0
75,14,30,3,24,Y6093071,,,,0,30.0,0,0
75,14,30,3,25,Y6093072,,,,0,30.0,0,0
75,14,30,3,26,Y6093073,,,,0,30.0,0,0
75,14,30,3,27,Y6093074,,,,0,30.0,0,0
75,14,30,3,28,Y6093075,,,,0,30.0,0,0
75,14,30,3,29,Y6093076,,,,0,30.0,0,0
75,14,30,3,30,Y6093077,,,,0,30.0,0,0
75,14,30,4,10,Y6093078,,,,0,30.0,0,0
75,14,30,4,11,Y6093079,,,,0,30.0,0,0
75,14,30,4,12,Y6093080,,,,0,30.0,0,0
75,14,30,4,13,Y6093081,,,,0,30.0,0,0
75,14,30,4,14,Y6093082,,,,0,30.0,0,0
75,14,30,4,15,Y6093083,,,,0,30.0,0,0
75,14,30,4,16,Y6093084,,,,0,30.0,0,0
75,14,30,4,17,Y6093085,,,,0,30.0,0,0
75,14,30,4,18,Y6093086,,,,0,30.0,0,0
75,14,30,4,19,Y6093087,,,,0,30.0,0,0
75,14,30,4,20,Y6093088,,,,0,30.0,0,0
75,14,30,4,21,Y6093089,,,,0,30.0,0,0
75,14,30,4,22,Y6093090,,,,0,30.0,0,0
75,14,30,4,23,Y6093091,,,,0,30.0,0,0
75,14,30,4,24,Y6093092,,,,0,30.0,0,0
75,14,30,4,25,Y6093093,,,,0,30.0,0,0
75,14,30,4,26,Y6093094,,,,0,30.0,0,0
75,14,30,4,27,Y6093095,,,,0,30.0,0,0
75,14,30,4,28,Y6093096,,,,0,30.0,0,0
75,14,30,4,29,Y6093097,,,,0,30.0,0,0
75,14,30,4,30,Y6093098,,,,0,30.0,0,0
75,14,30,5,10,Y6093099,,,,0,30.0,0,0
75,14,30,5,11,Y6093100,,,,0,30.0,0,0
75,14,30,5,12,Y6093101,,,,0,30.0,0,0
75,14,30,5,13,Y6093102,,,,0,30.0,0,0
75,14,30,5,14,Y6093103,,,,0,30.0,0,0
75,14,30,5,15,Y6093104,,,,0,30.0,0,0
75,14,30,5,16,Y6093105,,,,0,30.0,0,0
75,14,30,5,17,Y6093106,,,,0,30.0,0,0
75,14,30,5,18,Y6093107,,,,0,30.0,0,0
75,14,30,5,19,Y6093108,,,,0,30.0,0,0
75,14,30,5,20,Y6093109,,,,0,30.0,0,0
75,14,30,5,21,Y6093110,,,,0,30.0,0,0
75,14,30,5,22,Y6093111,,,,0,30.0,0,0
75,14,30,5,23,Y6093112,,,,0,30.0,0,0
75,14,30,5,24,Y6093113,,,,0,30.0,0,0
75,14,30,5,25,Y6093114,,,,0,30.0,0,0
75,14,30,5,26,Y6093115,,,,0,30.0,0,0
75,14,30,5,27,Y6093116,,,,0,30.0,0,0
75,14,30,5,28,Y6093117,,,,0,30.0,0,0
75,14,30,5,29,Y6093118,,,,0,30.0,0,0
75,14,30,5,30,Y6093119,,,,0,30.0,0,0
75,14,30,6,10,Y6093120,,,,0,30.0,0,0
75,14,30,6,11,Y6093121,,,,0,30.0,0,0
75,14,30,6,12,Y6093122,,,,0,30.0,0,0
75,14,30,6,13,Y6093123,,,,0,30.0,0,0
75,14,30,6,14,Y6093124,,,,0,30.0,0,0
75,14,30,6,15,Y6093125,,,,0,30.0,0,0
75,14,30,6,16,Y6093126,,,,0,30.0,0,0
75,14,30,6,17,Y6093127,,,,0,30.0,0,0
75,14,30,6,18,Y6093128,,,,0,30.0,0,0
75,14,30,6,19,Y6093129,,,,0,30.0,0,0
75,14,30,6,20,Y6093130,,,,0,30.0,0,0
75,14,30,6,21,Y6093131,,,,0,30.0,0,0
75,14,30,6,22,Y6093132,,,,0,30.0,0,0
75,14,30,6,23,Y6093133,,,,0,30.0,0,0
75,14,30,6,24,Y6093134,,,,0,30.0,0,0
75,14,30,6,25,Y6093135,,,,0,30.0,0,0
75,14,30,6,26,Y6093136,,,,0,30.0,0,0
75,14,30,6,27,Y6093137,,,,0,30.0,0,0
75,14,30,6,28,Y6093138,,,,0,30.0,0,0
75,14,30,6,29,Y6093139,,,,0,30.0,0,0
75,14,30,6,30,Y6093140,,,,0,30.0,0,0
75,14,30,7,10,Y6093141,,,,0,30.0,0,0
75,14,30,7,11,Y6093142,,,,0,30.0,0,0
75,14,30,7,12,Y6093143,,,,0,30.0,0,0
75,14,30,7,13,Y6093144,,,,0,30.0,0,0
75,14,30,7,14,Y6093145,,,,0,30.0,0,0
75,14,30,7,15,Y6093146,,,,0,30.0,0,0
75,14,30,7,16,Y6093147,,,,0,30.0,0,0
75,14,30,7,17,Y6093148,,,,0,30.0,0,0
75,14,30,7,18,Y6093149,,,,0,30.0,0,0
75,14,30,7,19,Y6093150,,,,0,30.0,0,0
75,14,30,7,20,Y6093151,,,,0,30.0,0,0
75,14,30,7,21,Y6093152,,,,0,30.0,0,0
75,14,30,7,22,Y6093153,,,,0,30.0,0,0
75,14,30,7,23,Y6093154,,,,0,30.0,0,0
75,14,30,7,24,Y6093155,,,,0,30.0,0,0
75,14,30,7,25,Y6093156,,,,0,30.0,0,0
75,14,30,7,26,Y6093157,,,,0,30.0,0,0
75,14,30,7,27,Y6093158,,,,0,30.0,0,0
75,14,30,7,28,Y6093159,,,,0,30.0,0,0
75,14,30,7,29,Y6093160,,,,0,30.0,0,0
75,14,30,7,30,Y6093161,,,,0,30.0,0,0
75,14,30,8,10,Y6093162,,,,0,30.0,0,0
75,14,30,8,11,Y6093163,,,,0,30.0,0,0
75,14,30,8,12,Y6093164,,,,0,30.0,0,0
75,14,30,8,13,Y6093165,,,,0,30.0,0,0
75,14,30,8,14,Y6093166,,,,0,30.0,0,0
75,14,30,8,15,Y6093167,,,,0,30.0,0,0
75,14,30,8,16,Y6093168,,,,0,30.0,0,0
75,14,30,8,17,Y6093169,,,,0,30.0,0,0
75,14,30,8,18,Y6093170,,,,0,30.0,0,0
75,14,30,8,19,Y6093171,,,,0,30.0,0,0
75,14,30,8,20,Y6093172,,,,0,30.0,0,0
75,14,30,8,21,Y6093173,,,,0,30.0,0,0
75,14,30,8,22,Y6093174,,,,0,30.0,0,0
75,14,30,8,23,Y6093175,,,,0,30.0,0,0
75,14,30,8,24,Y6093176,,,,0,30.0,0,0
75,14,30,8,25,Y6093177,,,,0,30.0,0,0
75,14,30,8,26,Y6093178,,,,0,30.0,0,0
75,14,30,8,27,Y6093179,,,,0,30.0,0,0
75,14,30,8,28,Y6093180,,,,0,30.0,0,0
75,14,30,8,29,Y6093181,,,,0,30.0,0,0
75,14,30,8,30,Y6093182,,,,0,30.0,0,0
75,14,30,9,10,Y6093183,,,,0,30.0,0,0
75,14,30,9,11,Y6093184,,,,0,30.0,0,0
75,14,30,9,12,Y6093185,,,,0,30.0,0,0
75,14,30,9,13,Y6093186,,,,0,30.0,0,0
75,14,30,9,14,Y6093187,,,,0,30.0,0,0
75,14,30,9,15,Y6093188,,,,0,30.0,0,0
75,14,30,9,16,Y6093189,,,,0,30.0,0,0
75,14,30,9,17,Y6093190,,,,0,30.0,0,0
75,14,30,9,18,Y6093191,,,,0,30.0,0,0
75,14,30,9,19,Y6093192,,,,0,30.0,0,0
75,14,30,9,20,Y6093193,,,,0,30.0,0,0
75,14,30,9,21,Y6093194,,,,0,30.0,0,0
75,14,30,9,22,Y6093195,,,,0,30.0,0,0
75,14,30,9,23,Y6093196,,,,0,30.0,0,0
75,14,30,9,24,Y6093197,,,,0,30.0,0,0
75,14,30,9,25,Y6093198,,,,0,30.0,0,0
75,14,30,9,26,Y6093199,,,,0,30.0,0,0
75,14,30,9,27,Y6093200,,,,0,30.0,0,0
75,14,30,9,28,Y6093201,,,,0,30.0,0,0
75,14,30,9,29,Y6093202,,,,0,30.0,0,0
75,14,30,9,30,Y6093203,,,,0,30.0,0,0
75,14,30,10,10,Y6093204,,,,0,30.0,0,0
75,14,30,10,11,Y6093205,,,,0,30.0,0,0
75,14,30,10,12,Y6093206,,,,0,30.0,0,0
75,14,30,10,13,Y6093207,,,,0,30.0,0,0
75,14,30,10,14,Y6093208,,,,0,30.0,0,0
75,14,30,10,15,Y6093209,,,,0,30.0,0,0
75,14,30,10,16,Y6093210,,,,0,30.0,0,0
75,14,30,10,17,Y6093211,,,,0,30.0,0,0
75,14,30,10,18,Y6093212,,,,0,30.0,0,0
75,14,30,10,19,Y6093213,,,,0,30.0,0,0
75,14,30,10,20,Y6093214,,,,0,30.0,0,0
75,14,30,10,21,Y6093215,,,,0,30.0,0,0
75,14,30,10,22,Y6093216,,,,0,30.0,0,0
75,14,30,10,23,Y6093217,,,,0,30.0,0,0
75,14,30,10,24,Y6093218,,,,0,30.0,0,0
75,14,30,10,25,Y6093219,,,,0,30.0,0,0
75,14,30,10,26,Y6093220,,,,0,30.0,0,0
75,14,30,10,27,Y6093221,,,,0,30.0,0,0
75,14,30,10,28,Y6093222,,,,0,30.0,0,0
75,14,30,10,29,Y6093223,,,,0,30.0,0,0
75,14,30,10,30,Y6093224,,,,0,30.0,0,0
75,14,30,11,10,Y6093225,,,,0,30.0,0,0
75,14,30,11,11,Y6093226,,,,0,30.0,0,0
75,14,30,11,12,Y6093227,,,,0,30.0,0,0
75,14,30,11,13,Y6093228,,,,0,30.0,0,0
75,14,30,11,14,Y6093229,,,,0,30.0,0,0
75,14,30,11,15,Y6093230,,,,0,30.0,0,0
75,14,30,11,16,Y6093231,,,,0,30.0,0,0
75,14,30,11,17,Y6093232,,,,0,30.0,0,0
75,14,30,11,18,Y6093233,,,,0,30.0,0,0
75,14,30,11,19,Y6093234,,,,0,30.0,0,0
75,14,30,11,20,Y6093235,,,,0,30.0,0,0
75,14,30,11,21,Y6093236,,,,0,30.0,0,0
75,14,30,11,22,Y6093237,,,,0,30.0,0,0
75,14,30,11,23,Y6093238,,,,0,30.0,0,0
75,14,30,11,24,Y6093239,,,,0,30.0,0,0
75,14,30,11,25,Y6093240,,,,0,30.0,0,0
75,14,30,11,26,Y6093241,,,,0,30.0,0,0
75,14,30,11,27,Y6093242,,,,0,30.0,0,0
75,14,30,11,28,Y6093243,,,,0,30.0,0,0
75,14,30,11,29,Y6093244,,,,0,30.0,0,0
75,14,30,11,30,Y6093245,,,,0,30.0,0,0
75,14,30,12,10,Y6093246,,,,0,30.0,0,0
75,14,30,12,11,Y6093247,,,,0,30.0,0,0
75,14,30,12,12,Y6093248,,,,0,30.0,0,0
75,14,30,12,13,Y6093249,,,,0,30.0,0,0
75,14,30,12,14,Y6093250,,,,0,30.0,0,0
75,14,30,12,15,Y6093251,,,,0,30.0,0,0
75,14,30,12,16,Y6093252,,,,0,30.0,0,0
75,14,30,12,17,Y6093253,,,,0,30.0,0,0
75,14,30,12,18,Y6093254,,,,0,30.0,0,0
75,14,30,12,19,Y6093255,,,,0,30.0,0,0
75,14,30,12,20,Y6093256,,,,0,30.0,0,0
75,14,30,12,21,Y6093257,,,,0,30.0,0,0
75,14,30,12,22,Y6093258,,,,0,30.0,0,0
75,14,30,12,23,Y6093259,,,,0,30.0,0,0
75,14,30,12,24,Y6093260,,,,0,30.0,0,0
75,14,30,12,25,Y6093261,,,,0,30.0,0,0
75,14,30,12,26,Y6093262,,,,0,30.0,0,0
75,14,30,12,27,Y6093263,,,,0,30.0,0,0
75,14,30,12,28,Y6093264,,,,0,30.0,0,0
75,14,30,12,29,Y6093265,,,,0,30.0,0,0
75,14,30,12,30,Y6093266,,,,0,30.0,0,0
75,15,0,1,10,Y6093267,,,,0,30.0,0,0
75,15,0,1,11,Y6093268,,,,0,30.0,0,0
75,15,0,1,12,Y6093269,,,,0,30.0,0,0
75,15,0,1,13,Y6093270,,,,0,30.0,0,0
75,15,0,1,14,Y6093271,,,,0,30.0,0,0
75,15,0,1,15,Y6093272,,,,0,30.0,0,0
75,15,0,1,16,Y6093273,,,,0,30.0,0,0
75,15,0,1,17,Y6093274,,,,0,30.0,0,0
75,15,0,1,18,Y6093275,,,,0,30.0,0,0
75,15,0,1,19,Y6093276,,,,0,30.0,0,0
75,15,0,1,20,Y6093277,,,,0,30.0,0,0
75,15,0,1,21,Y6093278,,,,0,30.0,0,0
75,15,0,1,22,Y6093279,,,,0,30.0,0,0
75,15,0,1,23,Y6093280,,,,0,30.0,0,0
75,15,0,1,24,Y6093281,,,,0,30.0,0,0
75,15,0,1,25,Y6093282,,,,0,30.0,0,0
75,15,0,1,26,Y6093283,,,,0,30.0,0,0
75,15,0,1,27,Y6093284,,,,0,30.0,0,0
75,15,0,1,28,Y6093285,,,,0,30.0,0,2
75,15,0,1,29,Y6093286,,,,0,30.0,0,1
75,15,0,1,30,Q095,0.0,30.0,0.0,0,30.0,0,0
75,15,0,2,10,Y6093287,,,,0,30.0,0,0
75,15,0,2,11,Y6093288,,,,0,30.0,0,0
75,15,0,2,12,Y6093289,,,,0,30.0,0,0
75,15,0,2,13,Y6093290,,,,0,30.0,0,0
75,15,0,2,14,Y6093291,,,,0,30.0,0,0
75,15,0,2,15,Y6093292,,,,0,30.0,0,0
75,15,0,2,16,Y6093293,,,,0,30.0,0,0
75,15,0,2,17,Y6093294,,,,0,30.0,0,0
75,15,0,2,18,Y6093295,,,,0,30.0,0,0
75,15,0,2,19,Y6093296,,,,0,30.0,0,0
75,15,0,2,20,Y6093297,,,,0,30.0,0,0
75,15,0,2,21,Y6093298,,,,0,30.0,0,0
75,15,0,2,22,Y6093299,,,,0,30.0,0,0
75,15,0,2,23,Y6093300,,,,0,30.0,0,0
75,15,0,2,24,Y6093301,,,,0,30.0,0,0
75,15,0,2,25,Y6093302,,,,0,30.0,0,0
75,15,0,2,26,Y6093303,,,,0,30.0,0,0
75,15,0,2,27,Y6093304,,,,0,30.0,0,0
75,15,0,2,28,Y6093305,,,,0,30.0,0,2
75,15,0,2,29,Y6093306,,,,0,30.0,0,1
75,15,0,2,30,Y6093307,,,,0,30.0,0,1
75,15,0,3,10,Y6093308,,,,0,30.0,0,0
75,15,0,3,11,Y6093309,,,,0,30.0,0,0
75,15,0,3,12,Y6093310,,,,0,30.0,0,0
75,15,0,3,13,Y6093311,,,,0,30.0,0,0
75,15,0,3,14,Y6093312,,,,0,30.0,0,0
75,15,0,3,15,Y6093313,,,,0,30.0,0,0
75,15,0,3,16,Y6093314,,,,0,30.0,0,0
75,15,0,3,17,Y6093315,,,,0,30.0,0,0
75,15,0,3,18,Y6093316,,,,0,30.0,0,0
75,15,0,3,19,Y6093317,,,,0,30.0,0,0
75,15,0,3,20,Y6093318,,,,0,30.0,0,0
75,15,0,3,21,Y6093319,,,,0,30.0,0,0
75,15,0,3,22,Y6093320,,,,0,30.0,0,0
75,15,0,3,23,Y6093321,,,,0,30.0,0,0
75,15,0,3,24,Y6093322,,,,0,30.0,0,0
75,15,0,3,25,Y6093323,,,,0,30.0,0,0
75,15,0,3,26,Y6093324,,,,0,30.0,0,0
75,15,0,3,27,Y6093325,,,,0,30.0,0,0
75,15,0,3,28,Y6093326,,,,0,30.0,0,2
75,15,0,3,29,Y6093327,,,,0,30.0,0,2
75,15,0,3,30,Y6093328,,,,0,30.0,0,2
75,15,0,4,10,Y6093329,,,,0,30.0,0,0
75,15,0,4,11,Y6093330,,,,0,30.0,0,0
75,15,0,4,12,Y6093331,,,,0,30.0,0,0
75,15,0,4,13,Y6093332,,,,0,30.0,0,0
75,15,0,4,14,Y6093333,,,,0,30.0,0,0
75,15,0,4,15,Y6093334,,,,0,30.0,0,0
75,15,0,4,16,Y6093335,,,,0,30.0,0,0
75,15,0,4,17,Y6093336,,,,0,30.0,0,0
75,15,0,4,18,Y6093337,,,,0,30.0,0,0
75,15,0,4,19,Y6093338,,,,0,30.0,0,0
75,15,0,4,20,Y6093339,,,,0,30.0,0,0
75,15,0,4,21,Y6093340,,,,0,30.0,0,0
75,15,0,4,22,Y6093341,,,,0,30.0,0,0
75,15,0,4,23,Y6093342,,,,0,30.0,0,0
75,15,0,4,24,Y6093343,,,,0,30.0,0,0
75,15,0,4,25,Y6093344,,,,0,30.0,0,0
75,15,0,4,26,Y6093345,,,,0,30.0,0,0
75,15,0,4,27,Y6093346,,,,0,30.0,0,0
75,15,0,4,28,Y6093347,,,,0,30.0,0,0
75,15,0,4,29,Y6093348,,,,0,30.0,0,0
75,15,0,4,30,Y6093349,,,,0,30.0,0,0
75,15,0,5,10,Y6093350,,,,0,30.0,0,0
75,15,0,5,11,Y6093351,,,,0,30.0,0,0
75,15,0,5,12,Y6093352,,,,0,30.0,0,0
75,15,0,5,13,Y6093353,,,,0,30.0,0,0
75,15,0,5,14,Y6093354,,,,0,30.0,0,0
75,15,0,5,15,Y6093355,,,,0,30.0,0,0
75,15,0,5,16,Y6093356,,,,0,30.0,0,0
75,15,0,5,17,Y6093357,,,,0,30.0,0,0
75,15,0,5,18,Y6093358,,,,0,30.0,0,0
75,15,0,5,19,Y6093359,,,,0,30.0,0,0
75,15,0,5,20,Y6093360,,,,0,30.0,0,0
75,15,0,5,21,Y6093361,,,,0,30.0,0,0
75,15,0,5,22,Y6093362,,,,0,30.0,0,0
75,15,0,5,23,Y6093363,,,,0,30.0,0,0
75,15,0,5,24,Y6093364,,,,0,30.0,0,0
75,15,0,5,25,Y6093365,,,,0,30.0,0,0
75,15,0,5,26,Y6093366,,,,0,30.0,0,0
75,15,0,5,27,Y6093367,,,,0,30.0,0,0
75,15,0,5,28,Y6093368,,,,0,30.0,0,0
75,15,0,5,29,Y6093369,,,,0,30.0,0,0
75,15,0,5,30,Y6093370,,,,0,30.0,0,0
75,15,0,6,10,Y6093371,,,,0,30.0,0,0
75,15,0,6,11,Y6093372,,,,0,30.0,0,0
75,15,0,6,12,Y6093373,,,,0,30.0,0,0
75,15,0,6,13,Y6093374,,,,0,30.0,0,0
75,15,0,6,14,Y6093375,,,,0,30.0,0,0
75,15,0,6,15,Y6093376,,,,0,30.0,0,0
75,15,0,6,16,Y6093377,,,,0,30.0,0,0
75,15,0,6,17,Y6093378,,,,0,30.0,0,0
75,15,0,6,18,Y6093379,,,,0,30.0,0,0
75,15,0,6,19,Y6093380,,,,0,30.0,0,0
75,15,0,6,20,Y6093381,,,,0,30.0,0,0
75,15,0,6,21,Y6093382,,,,0,30.0,0,0
75,15,0,6,22,Y6093383,,,,0,30.0,0,0
75,15,0,6,23,Y6093384,,,,0,30.0,0,0
75,15,0,6,24,Y6093385,,,,0,30.0,0,0
75,15,0,6,25,Y6093386,,,,0,30.0,0,0
75,15,0,6,26,Y6093387,,,,0,30.0,0,0
75,15,0,6,27,Y6093388,,,,0,30.0,0,0
75,15,0,6,28,Y6093389,,,,0,30.0,0,0
75,15,0,6,29,Y6093390,,,,0,30.0,0,0
75,15,0,6,30,Y6093391,,,,0,30.0,0,0
75,15,0,7,10,Y6093392,,,,0,30.0,0,0
75,15,0,7,11,Y6093393,,,,0,30.0,0,0
75,15,0,7,12,Y6093394,,,,0,30.0,0,0
75,15,0,7,13,Y6093395,,,,0,30.0,0,0
75,15,0,7,14,Y6093396,,,,0,30.0,0,0
75,15,0,7,15,Y6093397,,,,0,30.0,0,0
75,15,0,7,16,Y6093398,,,,0,30.0,0,0
75,15,0,7,17,Y6093399,,,,0,30.0,0,0
75,15,0,7,18,Y6093400,,,,0,30.0,0,0
75,15,0,7,19,Y6093401,,,,0,30.0,0,0
75,15,0,7,20,Y6093402,,,,0,30.0,0,0
75,15,0,7,21,Y6093403,,,,0,30.0,0,0
75,15,0,7,22,Y6093404,,,,0,30.0,0,0
75,15,0,7,23,Y6093405,,,,0,30.0,0,0
75,15,0,7,24,Y6093406,,,,0,30.0,0,0
75,15,0,7,25,Y6093407,,,,0,30.0,0,0
75,15,0,7,26,Y6093408,,,,0,30.0,0,0
75,15,0,7,27,Y6093409,,,,0,30.0,0,0
75,15,0,7,28,Y6093410,,,,0,30.0,0,0
75,15,0,7,29,Y6093411,,,,0,30.0,0,0
75,15,0,7,30,Y6093412,,,,0,30.0,0,0
75,15,0,8,10,Y6093413,,,,0,30.0,0,0
75,15,0,8,11,Y6093414,,,,0,30.0,0,0
75,15,0,8,12,Y6093415,,,,0,30.0,0,0
75,15,0,8,13,Y6093416,,,,0,30.0,0,0
75,15,0,8,14,Y6093417,,,,0,30.0,0,0
75,15,0,8,15,Y6093418,,,,0,30.0,0,0
75,15,0,8,16,Y6093419,,,,0,30.0,0,0
75,15,0,8,17,Y6093420,,,,0,30.0,0,0
75,15,0,8,18,Y6093421,,,,0,30.0,0,0
75,15,0,8,19,Y6093422,,,,0,30.0,0,0
75,15,0,8,20,Y6093423,,,,0,30.0,0,0
75,15,0,8,21,Y6093424,,,,0,30.0,0,0
75,15,0,8,22,Y6093425,,,,0,30.0,0,0
75,15,0,8,23,Y6093426,,,,0,30.0,0,0
75,15,0,8,24,Y6093427,,,,0,30.0,0,0
75,15,0,8,25,Y6093428,,,,0,30.0,0,0
75,15,0,8,26,Y6093429,,,,0,30.0,0,0
75,15,0,8,27,Y6093430,,,,0,30.0,0,0
75,15,0,8,28,Y6093431,,,,0,30.0,0,0
75,15,0,8,29,Y6093432,,,,0,30.0,0,0
75,15,0,8,30,Y6093433,,,,0,30.0,0,0
75,15,0,9,10,Y6093434,,,,0,30.0,0,0
75,15,0,9,11,Y6093435,,,,0,30.0,0,0
75,15,0,9,12,Y6093436,,,,0,30.0,0,0
75,15,0,9,13,Y6093437,,,,0,30.0,0,0
75,15,0,9,14,Y6093438,,,,0,30.0,0,0
75,15,0,9,15,Y6093439,,,,0,30.0,0,0
75,15,0,9,16,Y6093440,,,,0,30.0,0,0
75,15,0,9,17,Y6093441,,,,0,30.0,0,0
75,15,0,9,18,Y6093442,,,,0,30.0,0,0
75,15,0,9,19,Y6093443,,,,0,30.0,0,0
75,15,0,9,20,Y6093444,,,,0,30.0,0,0
75,15,0,9,21,Y6093445,,,,0,30.0,0,0
75,15,0,9,22,Y6093446,,,,0,30.0,0,0
75,15,0,9,23,Y6093447,,,,0,30.0,0,0
75,15,0,9,24,Y6093448,,,,0,30.0,0,0
75,15,0,9,25,Y6093449,,,,0,30.0,0,0
75,15,0,9,26,Y6093450,,,,0,30.0,0,0
75,15,0,9,27,Y6093451,,,,0,30.0,0,0
75,15,0,9,28,Y6093452,,,,0,30.0,0,0
75,15,0,9,29,Y6093453,,,,0,30.0,0,0
75,15,0,9,30,Y6093454,,,,0,30.0,0,0
75,15,0,10,10,Y6093455,,,,0,30.0,0,0
75,15,0,10,11,Y6093456,,,,0,30.0,0,0
75,15,0,10,12,Y6093457,,,,0,30.0,0,0
75,15,0,10,13,Y6093458,,,,0,30.0,0,0
75,15,0,10,14,Y6093459,,,,0,30.0,0,0
75,15,0,10,15,Y6093460,,,,0,30.0,0,0
75,15,0,10,16,Y6093461,,,,0,30.0,0,0
75,15,0,10,17,Y6093462,,,,0,30.0,0,0
75,15,0,10,18,Y6093463,,,,0,30.0,0,0
75,15,0,10,19,Y6093464,,,,0,30.0,0,0
75,15,0,10,20,Y6093465,,,,0,30.0,0,0
75,15,0,10,21,Y6093466,,,,0,30.0,0,0
75,15,0,10,22,Y6093467,,,,0,30.0,0,0
75,15,0,10,23,Y6093468,,,,0,30.0,0,0
75,15,0,10,24,Y6093469,,,,0,30.0,0,0
75,15,0,10,25,Y6093470,,,,0,30.0,0,0
75,15,0,10,26,Y6093471,,,,0,30.0,0,0
75,15,0,10,27,Y6093472,,,,0,30.0,0,0
75,15,0,10,28,Y6093473,,,,0,30.0,0,0
75,15,0,10,29,Y6093474,,,,0,30.0,0,0
75,15,0,10,30,Y6093475,,,,0,30.0,0,0
75,15,0,11,10,Y6093476,,,,0,30.0,0,0
75,15,0,11,11,Y6093477,,,,0,30.0,0,0
75,15,0,11,12,Y6093478,,,,0,30.0,0,0
75,15,0,11,13,Y6093479,,,,0,30.0,0,0
75,15,0,11,14,Y6093480,,,,0,30.0,0,0
75,15,0,11,15,Y6093481,,,,0,30.0,0,0
75,15,0,11,16,Y6093482,,,,0,30.0,0,0
75,15,0,11,17,Y6093483,,,,0,30.0,0,0
75,15,0,11,18,Y6093484,,,,0,30.0,0,0
75,15,0,11,19,Y6093485,,,,0,30.0,0,0
75,15,0,11,20,Y6093486,,,,0,30.0,0,0
75,15,0,11,21,Y6093487,,,,0,30.0,0,0
75,15,0,11,22,Y6093488,,,,0,30.0,0,0
75,15,0,11,23,Y6093489,,,,0,30.0,0,0
75,15,0,11,24,Y6093490,,,,0,30.0,0,0
75,15,0,11,25,Y6093491,,,,0,30.0,0,0
75,15,0,11,26,Y6093492,,,,0,30.0,0,0
75,15,0,11,27,Y6093493,,,,0,30.0,0,0
75,15,0,11,28,Y6093494,,,,0,30.0,0,0
75,15,0,11,29,Y6093495,,,,0,30.0,0,0
75,15,0,11,30,Y6093496,,,,0,30.0,0,0
75,15,0,12,10,Y6093497,,,,0,30.0,0,0
75,15,0,12,11,Y6093498,,,,0,30.0,0,0
75,15,0,12,12,Y6093499,,,,0,30.0,0,0
75,15,0,12,13,Y6093500,,,,0,30.0,0,0
75,15,0,12,14,Y6093501,,,,0,30.0,0,0
75,15,0,12,15,Y6093502,,,,0,30.0,0,0
75,15,0,12,16,Y6093503,,,,0,30.0,0,0
75,15,0,12,17,Y6093504,,,,0,30.0,0,0
75,15,0,12,18,Y6093505,,,,0,30.0,0,0
75,15,0,12,19,Y6093506,,,,0,30.0,0,0
75,15,0,12,20,Y6093507,,,,0,30.0,0,0
75,15,0,12,21,Y6093508,,,,0,30.0,0,0
75,15,0,12,22,Y6093509,,,,0,30.0,0,0
75,15,0,12,23,Y6093510,,,,0,30.0,0,0
75,15,0,12,24,Y6093511,,,,0,30.0,0,0
75,15,0,12,25,Y6093512,,,,0,30.0,0,0
75,15,0,12,26,Y6093513,,,,0,30.0,0,0
75,15,0,12,27,Y6093514,,,,0,30.0,0,0
75,15,0,12,28,Y6093515,,,,0,30.0,0,0
75,15,0,12,29,Y6093516,,,,0,30.0,0,0
75,15,0,12,30,Y6093517,,,,0,30.0,0,0
75,15,1,1,10,Y6093518,,,,0,30.0,0,0
75,15,1,1,11,Y6093519,,,,0,30.0,0,0
75,15,1,1,12,Y6093520,,,,0,30.0,0,0
75,15,1,1,13,Y6093521,,,,0,30.0,0,0
75,15,1,1,14,Y6093522,,,,0,30.0,0,0
75,15,1,1,15,Y6093523,,,,0,30.0,0,0
75,15,1,1,16,Y6093524,,,,0,30.0,0,0
75,15,1,1,17,Y6093525,,,,0,30.0,0,0
75,15,1,1,18,Y6093526,,,,0,30.0,0,0
75,15,1,1,19,Y6093527,,,,0,30.0,0,0
75,15,1,1,20,Y6093528,,,,0,30.0,0,0
75,15,1,1,21,Y6093529,,,,0,30.0,0,0
75,15,1,1,22,Y6093530,,,,0,30.0,0,0
75,15,1,1,23,Y6093531,,,,0,30.0,0,0
75,15,1,1,24,Y6093532,,,,0,30.0,0,0
75,15,1,1,25,Y6093533,,,,0,30.0,0,0
75,15,1,1,26,Y6093534,,,,0,30.0,0,0
75,15,1,1,27,Y6093535,,,,0,30.0,0,0
75,15,1,1,28,Y6093536,,,,0,30.0,0,2
75,15,1,1,29,Y6093537,,,,0,30.0,0,1
75,15,1,1,30,Y6093538,,,,0,30.0,0,1
75,15,1,2,10,Y6093539,,,,0,30.0,0,0
75,15,1,2,11,Y6093540,,,,0,30.0,0,0
75,15,1,2,12,Y6093541,,,,0,30.0,0,0
75,15,1,2,13,Y6093542,,,,0,30.0,0,0
75,15,1,2,14,Y6093543,,,,0,30.0,0,0
75,15,1,2,15,Y6093544,,,,0,30.0,0,0
75,15,1,2,16,Y6093545,,,,0,30.0,0,0
75,15,1,2,17,Y6093546,,,,0,30.0,0,0
75,15,1,2,18,Y6093547,,,,0,30.0,0,0
75,15,1,2,19,Y6093548,,,,0,30.0,0,0
75,15,1,2,20,Y6093549,,,,0,30.0,0,0
75,15,1,2,21,Y6093550,,,,0,30.0,0,0
75,15,1,2,22,Y6093551,,,,0,30.0,0,0
75,15,1,2,23,Y6093552,,,,0,30.0,0,0
75,15,1,2,24,Y6093553,,,,0,30.0,0,0
75,15,1,2,25,Y6093554,,,,0,30.0,0,0
75,15,1,2,26,Y6093555,,,,0,30.0,0,0
75,15,1,2,27,Y6093556,,,,0,30.0,0,0
75,15,1,2,28,Y6093557,,,,0,30.0,0,2
75,15,1,2,29,Y6093558,,,,0,30.0,0,1
75,15,1,2,30,Y6093559,,,,0,30.0,0,1
75,15,1,3,10,Y6093560,,,,0,30.0,0,0
75,15,1,3,11,Y6093561,,,,0,30.0,0,0
75,15,1,3,12,Y6093562,,,,0,30.0,0,0
75,15,1,3,13,Y6093563,,,,0,30.0,0,0
75,15,1,3,14,Y6093564,,,,0,30.0,0,0
75,15,1,3,15,Y6093565,,,,0,30.0,0,0
75,15,1,3,16,Y6093566,,,,0,30.0,0,0
75,15,1,3,17,Y6093567,,,,0,30.0,0,0
75,15,1,3,18,Y6093568,,,,0,30.0,0,0
75,15,1,3,19,Y6093569,,,,0,30.0,0,0
75,15,1,3,20,Y6093570,,,,0,30.0,0,0
75,15,1,3,21,Y6093571,,,,0,30.0,0,0
75,15,1,3,22,Y6093572,,,,0,30.0,0,0
75,15,1,3,23,Y6093573,,,,0,30.0,0,0
75,15,1,3,24,Y6093574,,,,0,30.0,0,0
75,15,1,3,25,Y6093575,,,,0,30.0,0,0
75,15,1,3,26,Y6093576,,,,0,30.0,0,0
75,15,1,3,27,Y6093577,,,,0,30.0,0,0
75,15,1,3,28,Y6093578,,,,0,30.0,0,2
75,15,1,3,29,Y6093579,,,,0,30.0,0,2
75,15,1,3,30,Y6093580,,,,0,30.0,0,2
75,15,1,4,10,Y6093581,,,,0,30.0,0,0
75,15,1,4,11,Y6093582,,,,0,30.0,0,0
75,15,1,4,12,Y6093583,,,,0,30.0,0,0
75,15,1,4,13,Y6093584,,,,0,30.0,0,0
75,15,1,4,14,Y6093585,,,,0,30.0,0,0
75,15,1,4,15,Y6093586,,,,0,30.0,0,0
75,15,1,4,16,Y6093587,,,,0,30.0,0,0
75,15,1,4,17,Y6093588,,,,0,30.0,0,0
75,15,1,4,18,Y6093589,,,,0,30.0,0,0
75,15,1,4,19,Y6093590,,,,0,30.0,0,0
75,15,1,4,20,Y6093591,,,,0,30.0,0,0
75,15,1,4,21,Y6093592,,,,0,30.0,0,0
75,15,1,4,22,Y6093593,,,,0,30.0,0,0
75,15,1,4,23,Y6093594,,,,0,30.0,0,0
75,15,1,4,24,Y6093595,,,,0,30.0,0,0
75,15,1,4,25,Y6093596,,,,0,30.0,0,0
75,15,1,4,26,Y6093597,,,,0,30.0,0,0
75,15,1,4,27,Y6093598,,,,0,30.0,0,0
75,15,1,4,28,Y6093599,,,,0,30.0,0,0
75,15,1,4,29,Y6093600,,,,0,30.0,0,0
75,15,1,4,30,Y6093601,,,,0,30.0,0,0
75,15,1,5,10,Y6093602,,,,0,30.0,0,0
75,15,1,5,11,Y6093603,,,,0,30.0,0,0
75,15,1,5,12,Y6093604,,,,0,30.0,0,0
75,15,1,5,13,Y6093605,,,,0,30.0,0,0
75,15,1,5,14,Y6093606,,,,0,30.0,0,0
75,15,1,5,15,Y6093607,,,,0,30.0,0,0
75,15,1,5,16,Y6093608,,,,0,30.0,0,0
75,15,1,5,17,Y6093609,,,,0,30.0,0,0
75,15,1,5,18,Y6093610,,,,0,30.0,0,0
75,15,1,5,19,Y6093611,,,,0,30.0,0,0
75,15,1,5,20,Y6093612,,,,0,30.0,0,0
75,15,1,5,21,Y6093613,,,,0,30.0,0,0
75,15,1,5,22,Y6093614,,,,0,30.0,0,0
75,15,1,5,23,Y6093615,,,,0,30.0,0,0
75,15,1,5,24,Y6093616,,,,0,30.0,0,0
75,15,1,5,25,Y6093617,,,,0,30.0,0,0
75,15,1,5,26,Y6093618,,,,0,30.0,0,0
75,15,1,5,27,Y6093619,,,,0,30.0,0,0
75,15,1,5,28,Y6093620,,,,0,30.0,0,0
75,15,1,5,29,Y6093621,,,,0,30.0,0,0
75,15,1,5,30,Y6093622,,,,0,30.0,0,0
75,15,1,6,10,Y6093623,,,,0,30.0,0,0
75,15,1,6,11,Y6093624,,,,0,30.0,0,0
75,15,1,6,12,Y6093625,,,,0,30.0,0,0
75,15,1,6,13,Y6093626,,,,0,30.0,0,0
75,15,1,6,14,Y6093627,,,,0,30.0,0,0
75,15,1,6,15,Y6093628,,,,0,30.0,0,0
75,15,1,6,16,Y6093629,,,,0,30.0,0,0
75,15,1,6,17,Y6093630,,,,0,30.0,0,0
75,15,1,6,18,Y6093631,,,,0,30.0,0,0
75,15,1,6,19,Y6093632,,,,0,30.0,0,0
75,15,1,6,20,Y6093633,,,,0,30.0,0,0
75,15,1,6,21,Y6093634,,,,0,30.0,0,0
75,15,1,6,22,Y6093635,,,,0,30.0,0,0
75,15,1,6,23,Y6093636,,,,0,30.0,0,0
75,15,1,6,24,Y6093637,,,,0,30.0,0,0
75,15,1,6,25,Y6093638,,,,0,30.0,0,0
75,15,1,6,26,Y6093639,,,,0,30.0,0,0
75,15,1,6,27,Y6093640,,,,0,30.0,0,0
75,15,1,6,28,Y6093641,,,,0,30.0,0,0
75,15,1,6,29,Y6093642,,,,0,30.0,0,0
75,15,1,6,30,Y6093643,,,,0,30.0,0,0
75,15,1,7,10,Y6093644,,,,0,30.0,0,0
75,15,1,7,11,Y6093645,,,,0,30.0,0,0
75,15,1,7,12,Y6093646,,,,0,30.0,0,0
75,15,1,7,13,Y6093647,,,,0,30.0,0,0
75,15,1,7,14,Y6093648,,,,0,30.0,0,0
75,15,1,7,15,Y6093649,,,,0,30.0,0,0
75,15,1,7,16,Y6093650,,,,0,30.0,0,0
75,15,1,7,17,Y6093651,,,,0,30.0,0,0
75,15,1,7,18,Y6093652,,,,0,30.0,0,0
75,15,1,7,19,Y6093653,,,,0,30.0,0,0
75,15,1,7,20,Y6093654,,,,0,30.0,0,0
75,15,1,7,21,Y6093655,,,,0,30.0,0,0
75,15,1,7,22,Y6093656,,,,0,30.0,0,0
75,15,1,7,23,Y6093657,,,,0,30.0,0,0
75,15,1,7,24,Y6093658,,,,0,30.0,0,0
75,15,1,7,25,Y6093659,,,,0,30.0,0,0
75,15,1,7,26,Y6093660,,,,0,30.0,0,0
75,15,1,7,27,Y6093661,,,,0,30.0,0,0
75,15,1,7,28,Y6093662,,,,0,30.0,0,0
75,15,1,7,29,Y6093663,,,,0,30.0,0,0
75,15,1,7,30,Y6093664,,,,0,30.0,0,0
75,15,1,8,10,Y6093665,,,,0,30.0,0,0
75,15,1,8,11,Y6093666,,,,0,30.0,0,0
75,15,1,8,12,Y6093667,,,,0,30.0,0,0
75,15,1,8,13,Y6093668,,,,0,30.0,0,0
75,15,1,8,14,Y6093669,,,,0,30.0,0,0
75,15,1,8,15,Y6093670,,,,0,30.0,0,0
75,15,1,8,16,Y6093671,,,,0,30.0,0,0
75,15,1,8,17,Y6093672,,,,0,30.0,0,0
75,15,1,8,18,Y6093673,,,,0,30.0,0,0
75,15,1,8,19,Y6093674,,,,0,30.0,0,0
75,15,1,8,20,Y6093675,,,,0,30.0,0,0
75,15,1,8,21,Y6093676,,,,0,30.0,0,0
75,15,1,8,22,Y6093677,,,,0,30.0,0,0
75,15,1,8,23,Y6093678,,,,0,30.0,0,0
75,15,1,8,24,Y6093679,,,,0,30.0,0,0
75,15,1,8,25,Y6093680,,,,0,30.0,0,0
75,15,1,8,26,Y6093681,,,,0,30.0,0,0
75,15,1,8,27,Y6093682,,,,0,30.0,0,0
75,15,1,8,28,Y6093683,,,,0,30.0,0,0
75,15,1,8,29,Y6093684,,,,0,30.0,0,0
75,15,1,8,30,Y6093685,,,,0,30.0,0,0
75,15,1,9,10,Y6093686,,,,0,30.0,0,0
75,15,1,9,11,Y6093687,,,,0,30.0,0,0
75,15,1,9,12,Y6093688,,,,0,30.0,0,0
75,15,1,9,13,Y6093689,,,,0,30.0,0,0
75,15,1,9,14,Y6093690,,,,0,30.0,0,0
75,15,1,9,15,Y6093691,,,,0,30.0,0,0
75,15,1,9,16,Y6093692,,,,0,30.0,0,0
75,15,1,9,17,Y6093693,,,,0,30.0,0,0
75,15,1,9,18,Y6093694,,,,0,30.0,0,0
75,15,1,9,19,Y6093695,,,,0,30.0,0,0
75,15,1,9,20,Y6093696,,,,0,30.0,0,0
75,15,1,9,21,Y6093697,,,,0,30.0,0,0
75,15,1,9,22,Y6093698,,,,0,30.0,0,0
75,15,1,9,23,Y6093699,,,,0,30.0,0,0
75,15,1,9,24,Y6093700,,,,0,30.0,0,0
75,15,1,9,25,Y6093701,,,,0,30.0,0,0
75,15,1,9,26,Y6093702,,,,0,30.0,0,0
75,15,1,9,27,Y6093703,,,,0,30.0,0,0
75,15,1,9,28,Y6093704,,,,0,30.0,0,0
75,15,1,9,29,Y6093705,,,,0,30.0,0,0
75,15,1,9,30,Y6093706,,,,0,30.0,0,0
75,15,1,10,10,Y6093707,,,,0,30.0,0,0
75,15,1,10,11,Y6093708,,,,0,30.0,0,0
75,15,1,10,12,Y6093709,,,,0,30.0,0,0
75,15,1,10,13,Y6093710,,,,0,30.0,0,0
75,15,1,10,14,Y6093711,,,,0,30.0,0,0
75,15,1,10,15,Y6093712,,,,0,30.0,0,0
75,15,1,10,16,Y6093713,,,,0,30.0,0,0
75,15,1,10,17,Y6093714,,,,0,30.0,0,0
75,15,1,10,18,Y6093715,,,,0,30.0,0,0
75,15,1,10,19,Y6093716,,,,0,30.0,0,0
75,15,1,10,20,Y6093717,,,,0,30.0,0,0
75,15,1,10,21,Y6093718,,,,0,30.0,0,0
75,15,1,10,22,Y6093719,,,,0,30.0,0,0
75,15,1,10,23,Y6093720,,,,0,30.0,0,0
75,15,1,10,24,Y6093721,,,,0,30.0,0,0
75,15,1,10,25,Y6093722,,,,0,30.0,0,0
75,15,1,10,26,Y6093723,,,,0,30.0,0,0
75,15,1,10,27,Y6093724,,,,0,30.0,0,0
75,15,1,10,28,Y6093725,,,,0,30.0,0,0
75,15,1,10,29,Y6093726,,,,0,30.0,0,0
75,15,1,10,30,Y6093727,,,,0,30.0,0,0
75,15,1,11,10,Y6093728,,,,0,30.0,0,0
75,15,1,11,11,Y6093729,,,,0,30.0,0,0
75,15,1,11,12,Y6093730,,,,0,30.0,0,0
75,15,1,11,13,Y6093731,,,,0,30.0,0,0
75,15,1,11,14,Y6093732,,,,0,30.0,0,0
75,15,1,11,15,Y6093733,,,,0,30.0,0,0
75,15,1,11,16,Y6093734,,,,0,30.0,0,0
75,15,1,11,17,Y6093735,,,,0,30.0,0,0
75,15,1,11,18,Y6093736,,,,0,30.0,0,0
75,15,1,11,19,Y6093737,,,,0,30.0,0,0
75,15,1,11,20,Y6093738,,,,0,30.0,0,0
75,15,1,11,21,Y6093739,,,,0,30.0,0,0
75,15,1,11,22,Y6093740,,,,0,30.0,0,0
75,15,1,11,23,Y6093741,,,,0,30.0,0,0
75,15,1,11,24,Y6093742,,,,0,30.0,0,0
75,15,1,11,25,Y6093743,,,,0,30.0,0,0
75,15,1,11,26,Y6093744,,,,0,30.0,0,0
75,15,1,11,27,Y6093745,,,,0,30.0,0,0
75,15,1,11,28,Y6093746,,,,0,30.0,0,0
75,15,1,11,29,Y6093747,,,,0,30.0,0,0
75,15,1,11,30,Y6093748,,,,0,30.0,0,0
75,15,1,12,10,Y6093749,,,,0,30.0,0,0
75,15,1,12,11,Y6093750,,,,0,30.0,0,0
75,15,1,12,12,Y6093751,,,,0,30.0,0,0
75,15,1,12,13,Y6093752,,,,0,30.0,0,0
75,15,1,12,14,Y6093753,,,,0,30.0,0,0
75,15,1,12,15,Y6093754,,,,0,30.0,0,0
75,15,1,12,16,Y6093755,,,,0,30.0,0,0
75,15,1,12,17,Y6093756,,,,0,30.0,0,0
75,15,1,12,18,Y6093757,,,,0,30.0,0,0
75,15,1,12,19,Y6093758,,,,0,30.0,0,0
75,15,1,12,20,Y6093759,,,,0,30.0,0,0
75,15,1,12,21,Y6093760,,,,0,30.0,0,0
75,15,1,12,22,Y6093761,,,,0,30.0,0,0
75,15,1,12,23,Y6093762,,,,0,30.0,0,0
75,15,1,12,24,Y6093763,,,,0,30.0,0,0
75,15,1,12,25,Y6093764,,,,0,30.0,0,0
75,15,1,12,26,Y6093765,,,,0,30.0,0,0
75,15,1,12,27,Y6093766,,,,0,30.0,0,0
75,15,1,12,28,Y6093767,,,,0,30.0,0,0
75,15,1,12,29,Y6093768,,,,0,30.0,0,0
75,15,1,12,30,Y6093769,,,,0,30.0,0,0
75,15,2,1,10,Y6093770,,,,0,30.0,0,0
75,15,2,1,11,Y6093771,,,,0,30.0,0,0
75,15,2,1,12,Y6093772,,,,0,30.0,0,0
75,15,2,1,13,Y6093773,,,,0,30.0,0,0
75,15,2,1,14,Y6093774,,,,0,30.0,0,0
75,15,2,1,15,Y6093775,,,,0,30.0,0,0
75,15,2,1,16,Y6093776,,,,0,30.0,0,0
75,15,2,1,17,Y6093777,,,,0,30.0,0,0
75,15,2,1,18,Y6093778,,,,0,30.0,0,0
75,15,2,1,19,Y6093779,,,,0,30.0,0,0
75,15,2,1,20,Y6093780,,,,0,30.0,0,0
75,15,2,1,21,Y6093781,,,,0,30.0,0,0
75,15,2,1,22,Y6093782,,,,0,30.0,0,0
75,15,2,1,23,Y6093783,,,,0,30.0,0,0
75,15,2,1,24,Y6093784,,,,0,30.0,0,0
75,15,2,1,25,Y6093785,,,,0,30.0,0,0
75,15,2,1,26,Y6093786,,,,0,30.0,0,0
75,15,2,1,27,Y6093787,,,,0,30.0,0,0
75,15,2,1,28,Y6093788,,,,0,30.0,0,2
75,15,2,1,29,Y6093789,,,,0,30.0,0,2
75,15,2,1,30,Y6093790,,,,0,30.0,0,2
75,15,2,2,10,Y6093791,,,,0,30.0,0,0
75,15,2,2,11,Y6093792,,,,0,30.0,0,0
75,15,2,2,12,Y6093793,,,,0,30.0,0,0
75,15,2,2,13,Y6093794,,,,0,30.0,0,0
75,15,2,2,14,Y6093795,,,,0,30.0,0,0
75,15,2,2,15,Y6093796,,,,0,30.0,0,0
75,15,2,2,16,Y6093797,,,,0,30.0,0,0
75,15,2,2,17,Y6093798,,,,0,30.0,0,0
75,15,2,2,18,Y6093799,,,,0,30.0,0,0
75,15,2,2,19,Y6093800,,,,0,30.0,0,0
75,15,2,2,20,Y6093801,,,,0,30.0,0,0
75,15,2,2,21,Y6093802,,,,0,30.0,0,0
75,15,2,2,22,Y6093803,,,,0,30.0,0,0
75,15,2,2,23,Y6093804,,,,0,30.0,0,0
75,15,2,2,24,Y6093805,,,,0,30.0,0,0
75,15,2,2,25,Y6093806,,,,0,30.0,0,0
75,15,2,2,26,Y6093807,,,,0,30.0,0,0
75,15,2,2,27,Y6093808,,,,0,30.0,0,0
75,15,2,2,28,Y6093809,,,,0,30.0,0,2
75,15,2,2,29,Y6093810,,,,0,30.0,0,2
75,15,2,2,30,Y6093811,,,,0,30.0,0,2
75,15,2,3,10,Y6093812,,,,0,30.0,0,0
75,15,2,3,11,Y6093813,,,,0,30.0,0,0
75,15,2,3,12,Y6093814,,,,0,30.0,0,0
75,15,2,3,13,Y6093815,,,,0,30.0,0,0
75,15,2,3,14,Y6093816,,,,0,30.0,0,0
75,15,2,3,15,Y6093817,,,,0,30.0,0,0
75,15,2,3,16,Y6093818,,,,0,30.0,0,0
75,15,2,3,17,Y6093819,,,,0,30.0,0,0
75,15,2,3,18,Y6093820,,,,0,30.0,0,0
75,15,2,3,19,Y6093821,,,,0,30.0,0,0
75,15,2,3,20,Y6093822,,,,0,30.0,0,0
75,15,2,3,21,Y6093823,,,,0,30.0,0,0
75,15,2,3,22,Y6093824,,,,0,30.0,0,0
75,15,2,3,23,Y6093825,,,,0,30.0,0,0
75,15,2,3,24,Y6093826,,,,0,30.0,0,0
75,15,2,3,25,Y6093827,,,,0,30.0,0,0
75,15,2,3,26,Y6093828,,,,0,30.0,0,0
75,15,2,3,27,Y6093829,,,,0,30.0,0,0
75,15,2,3,28,Y6093830,,,,0,30.0,0,0
75,15,2,3,29,Y6093831,,,,0,30.0,0,2
75,15,2,3,30,Y6093832,,,,0,30.0,0,2
75,15,2,4,10,Y6093833,,,,0,30.0,0,0
75,15,2,4,11,Y6093834,,,,0,30.0,0,0
75,15,2,4,12,Y6093835,,,,0,30.0,0,0
75,15,2,4,13,Y6093836,,,,0,30.0,0,0
75,15,2,4,14,Y6093837,,,,0,30.0,0,0
75,15,2,4,15,Y6093838,,,,0,30.0,0,0
75,15,2,4,16,Y6093839,,,,0,30.0,0,0
75,15,2,4,17,Y6093840,,,,0,30.0,0,0
75,15,2,4,18,Y6093841,,,,0,30.0,0,0
75,15,2,4,19,Y6093842,,,,0,30.0,0,0
75,15,2,4,20,Y6093843,,,,0,30.0,0,0
75,15,2,4,21,Y6093844,,,,0,30.0,0,0
75,15,2,4,22,Y6093845,,,,0,30.0,0,0
75,15,2,4,23,Y6093846,,,,0,30.0,0,0
75,15,2,4,24,Y6093847,,,,0,30.0,0,0
75,15,2,4,25,Y6093848,,,,0,30.0,0,0
75,15,2,4,26,Y6093849,,,,0,30.0,0,0
75,15,2,4,27,Y6093850,,,,0,30.0,0,0
75,15,2,4,28,Y6093851,,,,0,30.0,0,0
75,15,2,4,29,Y6093852,,,,0,30.0,0,0
75,15,2,4,30,Y6093853,,,,0,30.0,0,0
75,15,2,5,10,Y6093854,,,,0,30.0,0,0
75,15,2,5,11,Y6093855,,,,0,30.0,0,0
75,15,2,5,12,Y6093856,,,,0,30.0,0,0
75,15,2,5,13,Y6093857,,,,0,30.0,0,0
75,15,2,5,14,Y6093858,,,,0,30.0,0,0
75,15,2,5,15,Y6093859,,,,0,30.0,0,0
75,15,2,5,16,Y6093860,,,,0,30.0,0,0
75,15,2,5,17,Y6093861,,,,0,30.0,0,0
75,15,2,5,18,Y6093862,,,,0,30.0,0,0
75,15,2,5,19,Y6093863,,,,0,30.0,0,0
75,15,2,5,20,Y6093864,,,,0,30.0,0,0
75,15,2,5,21,Y6093865,,,,0,30.0,0,0
75,15,2,5,22,Y6093866,,,,0,30.0,0,0
75,15,2,5,23,Y6093867,,,,0,30.0,0,0
75,15,2,5,24,Y6093868,,,,0,30.0,0,0
75,15,2,5,25,Y6093869,,,,0,30.0,0,0
75,15,2,5,26,Y6093870,,,,0,30.0,0,0
75,15,2,5,27,Y6093871,,,,0,30.0,0,0
75,15,2,5,28,Y6093872,,,,0,30.0,0,0
75,15,2,5,29,Y6093873,,,,0,30.0,0,0
75,15,2,5,30,Y6093874,,,,0,30.0,0,0
75,15,2,6,10,Y6093875,,,,0,30.0,0,0
75,15,2,6,11,Y6093876,,,,0,30.0,0,0
75,15,2,6,12,Y6093877,,,,0,30.0,0,0
75,15,2,6,13,Y6093878,,,,0,30.0,0,0
75,15,2,6,14,Y6093879,,,,0,30.0,0,0
75,15,2,6,15,Y6093880,,,,0,30.0,0,0
75,15,2,6,16,Y6093881,,,,0,30.0,0,0
75,15,2,6,17,Y6093882,,,,0,30.0,0,0
75,15,2,6,18,Y6093883,,,,0,30.0,0,0
75,15,2,6,19,Y6093884,,,,0,30.0,0,0
75,15,2,6,20,Y6093885,,,,0,30.0,0,0
75,15,2,6,21,Y6093886,,,,0,30.0,0,0
75,15,2,6,22,Y6093887,,,,0,30.0,0,0
75,15,2,6,23,Y6093888,,,,0,30.0,0,0
75,15,2,6,24,Y6093889,,,,0,30.0,0,0
75,15,2,6,25,Y6093890,,,,0,30.0,0,0
75,15,2,6,26,Y6093891,,,,0,30.0,0,0
75,15,2,6,27,Y6093892,,,,0,30.0,0,0
75,15,2,6,28,Y6093893,,,,0,30.0,0,0
75,15,2,6,29,Y6093894,,,,0,30.0,0,0
75,15,2,6,30,Y6093895,,,,0,30.0,0,0
75,15,2,7,10,Y6093896,,,,0,30.0,0,0
75,15,2,7,11,Y6093897,,,,0,30.0,0,0
75,15,2,7,12,Y6093898,,,,0,30.0,0,0
75,15,2,7,13,Y6093899,,,,0,30.0,0,0
75,15,2,7,14,Y6093900,,,,0,30.0,0,0
75,15,2,7,15,Y6093901,,,,0,30.0,0,0
75,15,2,7,16,Y6093902,,,,0,30.0,0,0
75,15,2,7,17,Y6093903,,,,0,30.0,0,0
75,15,2,7,18,Y6093904,,,,0,30.0,0,0
75,15,2,7,19,Y6093905,,,,0,30.0,0,0
75,15,2,7,20,Y6093906,,,,0,30.0,0,0
75,15,2,7,21,Y6093907,,,,0,30.0,0,0
75,15,2,7,22,Y6093908,,,,0,30.0,0,0
75,15,2,7,23,Y6093909,,,,0,30.0,0,0
75,15,2,7,24,Y6093910,,,,0,30.0,0,0
75,15,2,7,25,Y6093911,,,,0,30.0,0,0
75,15,2,7,26,Y6093912,,,,0,30.0,0,0
75,15,2,7,27,Y6093913,,,,0,30.0,0,0
75,15,2,7,28,Y6093914,,,,0,30.0,0,0
75,15,2,7,29,Y6093915,,,,0,30.0,0,0
75,15,2,7,30,Y6093916,,,,0,30.0,0,0
75,15,2,8,10,Y6093917,,,,0,30.0,0,0
75,15,2,8,11,Y6093918,,,,0,30.0,0,0
75,15,2,8,12,Y6093919,,,,0,30.0,0,0
75,15,2,8,13,Y6093920,,,,0,30.0,0,0
75,15,2,8,14,Y6093921,,,,0,30.0,0,0
75,15,2,8,15,Y6093922,,,,0,30.0,0,0
75,15,2,8,16,Y6093923,,,,0,30.0,0,0
75,15,2,8,17,Y6093924,,,,0,30.0,0,0
75,15,2,8,18,Y6093925,,,,0,30.0,0,0
75,15,2,8,19,Y6093926,,,,0,30.0,0,0
75,15,2,8,20,Y6093927,,,,0,30.0,0,0
75,15,2,8,21,Y6093928,,,,0,30.0,0,0
75,15,2,8,22,Y6093929,,,,0,30.0,0,0
75,15,2,8,23,Y6093930,,,,0,30.0,0,0
75,15,2,8,24,Y6093931,,,,0,30.0,0,0
75,15,2,8,25,Y6093932,,,,0,30.0,0,0
75,15,2,8,26,Y6093933,,,,0,30.0,0,0
75,15,2,8,27,Y6093934,,,,0,30.0,0,0
75,15,2,8,28,Y6093935,,,,0,30.0,0,0
75,15,2,8,29,Y6093936,,,,0,30.0,0,0
75,15,2,8,30,Y6093937,,,,0,30.0,0,0
75,15,2,9,10,Y6093938,,,,0,30.0,0,0
75,15,2,9,11,Y6093939,,,,0,30.0,0,0
75,15,2,9,12,Y6093940,,,,0,30.0,0,0
75,15,2,9,13,Y6093941,,,,0,30.0,0,0
75,15,2,9,14,Y6093942,,,,0,30.0,0,0
75,15,2,9,15,Y6093943,,,,0,30.0,0,0
75,15,2,9,16,Y6093944,,,,0,30.0,0,0
75,15,2,9,17,Y6093945,,,,0,30.0,0,0
75,15,2,9,18,Y6093946,,,,0,30.0,0,0
75,15,2,9,19,Y6093947,,,,0,30.0,0,0
75,15,2,9,20,Y6093948,,,,0,30.0,0,0
75,15,2,9,21,Y6093949,,,,0,30.0,0,0
75,15,2,9,22,Y6093950,,,,0,30.0,0,0
75,15,2,9,23,Y6093951,,,,0,30.0,0,0
75,15,2,9,24,Y6093952,,,,0,30.0,0,0
75,15,2,9,25,Y6093953,,,,0,30.0,0,0
75,15,2,9,26,Y6093954,,,,0,30.0,0,0
75,15,2,9,27,Y6093955,,,,0,30.0,0,0
75,15,2,9,28,Y6093956,,,,0,30.0,0,0
75,15,2,9,29,Y6093957,,,,0,30.0,0,0
75,15,2,9,30,Y6093958,,,,0,30.0,0,0
75,15,2,10,10,Y6093959,,,,0,30.0,0,0
75,15,2,10,11,Y6093960,,,,0,30.0,0,0
75,15,2,10,12,Y6093961,,,,0,30.0,0,0
75,15,2,10,13,Y6093962,,,,0,30.0,0,0
75,15,2,10,14,Y6093963,,,,0,30.0,0,0
75,15,2,10,15,Y6093964,,,,0,30.0,0,0
75,15,2,10,16,Y6093965,,,,0,30.0,0,0
75,15,2,10,17,Y6093966,,,,0,30.0,0,0
75,15,2,10,18,Y6093967,,,,0,30.0,0,0
75,15,2,10,19,Y6093968,,,,0,30.0,0,0
75,15,2,10,20,Y6093969,,,,0,30.0,0,0
75,15,2,10,21,Y6093970,,,,0,30.0,0,0
75,15,2,10,22,Y6093971,,,,0,30.0,0,0
75,15,2,10,23,Y6093972,,,,0,30.0,0,0
75,15,2,10,24,Y6093973,,,,0,30.0,0,0
75,15,2,10,25,Y6093974,,,,0,30.0,0,0
75,15,2,10,26,Y6093975,,,,0,30.0,0,0
75,15,2,10,27,Y6093976,,,,0,30.0,0,0
75,15,2,10,28,Y6093977,,,,0,30.0,0,0
75,15,2,10,29,Y6093978,,,,0,30.0,0,0
75,15,2,10,30,Y6093979,,,,0,30.0,0,0
75,15,2,11,10,Y6093980,,,,0,30.0,0,0
75,15,2,11,11,Y6093981,,,,0,30.0,0,0
75,15,2,11,12,Y6093982,,,,0,30.0,0,0
75,15,2,11,13,Y6093983,,,,0,30.0,0,0
75,15,2,11,14,Y6093984,,,,0,30.0,0,0
75,15,2,11,15,Y6093985,,,,0,30.0,0,0
75,15,2,11,16,Y6093986,,,,0,30.0,0,0
75,15,2,11,17,Y6093987,,,,0,30.0,0,0
75,15,2,11,18,Y6093988,,,,0,30.0,0,0
75,15,2,11,19,Y6093989,,,,0,30.0,0,0
75,15,2,11,20,Y6093990,,,,0,30.0,0,0
75,15,2,11,21,Y6093991,,,,0,30.0,0,0
75,15,2,11,22,Y6093992,,,,0,30.0,0,0
75,15,2,11,23,Y6093993,,,,0,30.0,0,0
75,15,2,11,24,Y6093994,,,,0,30.0,0,0
75,15,2,11,25,Y6093995,,,,0,30.0,0,0
75,15,2,11,26,Y6093996,,,,0,30.0,0,0
75,15,2,11,27,Y6093997,,,,0,30.0,0,0
75,15,2,11,28,Y6093998,,,,0,30.0,0,0
75,15,2,11,29,Y6093999,,,,0,30.0,0,0
75,15,2,11,30,Y6094000,,,,0,30.0,0,0
75,15,2,12,10,Y6094001,,,,0,30.0,0,0
75,15,2,12,11,Y6094002,,,,0,30.0,0,0
75,15,2,12,12,Y6094003,,,,0,30.0,0,0
75,15,2,12,13,Y6094004,,,,0,30.0,0,0
75,15,2,12,14,Y6094005,,,,0,30.0,0,0
75,15,2,12,15,Y6094006,,,,0,30.0,0,0
75,15,2,12,16,Y6094007,,,,0,30.0,0,0
75,15,2,12,17,Y6094008,,,,0,30.0,0,0
75,15,2,12,18,Y6094009,,,,0,30.0,0,0
75,15,2,12,19,Y6094010,,,,0,30.0,0,0
75,15,2,12,20,Y6094011,,,,0,30.0,0,0
75,15,2,12,21,Y6094012,,,,0,30.0,0,0
75,15,2,12,22,Y6094013,,,,0,30.0,0,0
75,15,2,12,23,Y6094014,,,,0,30.0,0,0
75,15,2,12,24,Y6094015,,,,0,30.0,0,0
75,15,2,12,25,Y6094016,,,,0,30.0,0,0
75,15,2,12,26,Y6094017,,,,0,30.0,0,0
75,15,2,12,27,Y6094018,,,,0,30.0,0,0
75,15,2,12,28,Y6094019,,,,0,30.0,0,0
75,15,2,12,29,Y6094020,,,,0,30.0,0,0
75,15,2,12,30,Y6094021,,,,0,30.0,0,0
75,15,3,1,10,Y6094022,,,,0,30.0,0,0
75,15,3,1,11,Y6094023,,,,0,30.0,0,0
75,15,3,1,12,Y6094024,,,,0,30.0,0,0
75,15,3,1,13,Y6094025,,,,0,30.0,0,0
75,15,3,1,14,Y6094026,,,,0,30.0,0,0
75,15,3,1,15,Y6094027,,,,0,30.0,0,0
75,15,3,1,16,Y6094028,,,,0,30.0,0,0
75,15,3,1,17,Y6094029,,,,0,30.0,0,0
75,15,3,1,18,Y6094030,,,,0,30.0,0,0
75,15,3,1,19,Y6094031,,,,0,30.0,0,0
75,15,3,1,20,Y6094032,,,,0,30.0,0,0
75,15,3,1,21,Y6094033,,,,0,30.0,0,0
75,15,3,1,22,Y6094034,,,,0,30.0,0,0
75,15,3,1,23,Y6094035,,,,0,30.0,0,0
75,15,3,1,24,Y6094036,,,,0,30.0,0,0
75,15,3,1,25,Y6094037,,,,0,30.0,0,0
75,15,3,1,26,Y6094038,,,,0,30.0,0,0
75,15,3,1,27,Y6094039,,,,0,30.0,0,0
75,15,3,1,28,Y6094040,,,,0,30.0,0,0
75,15,3,1,29,Y6094041,,,,0,30.0,0,0
75,15,3,1,30,Y6094042,,,,0,30.0,0,0
75,15,3,2,10,Y6094043,,,,0,30.0,0,0
75,15,3,2,11,Y6094044,,,,0,30.0,0,0
75,15,3,2,12,Y6094045,,,,0,30.0,0,0
75,15,3,2,13,Y6094046,,,,0,30.0,0,0
75,15,3,2,14,Y6094047,,,,0,30.0,0,0
75,15,3,2,15,Y6094048,,,,0,30.0,0,0
75,15,3,2,16,Y6094049,,,,0,30.0,0,0
75,15,3,2,17,Y6094050,,,,0,30.0,0,0
75,15,3,2,18,Y6094051,,,,0,30.0,0,0
75,15,3,2,19,Y6094052,,,,0,30.0,0,0
75,15,3,2,20,Y6094053,,,,0,30.0,0,0
75,15,3,2,21,Y6094054,,,,0,30.0,0,0
75,15,3,2,22,Y6094055,,,,0,30.0,0,0
75,15,3,2,23,Y6094056,,,,0,30.0,0,0
75,15,3,2,24,Y6094057,,,,0,30.0,0,0
75,15,3,2,25,Y6094058,,,,0,30.0,0,0
75,15,3,2,26,Y6094059,,,,0,30.0,0,0
75,15,3,2,27,Y6094060,,,,0,30.0,0,0
75,15,3,2,28,Y6094061,,,,0,30.0,0,0
75,15,3,2,29,Y6094062,,,,0,30.0,0,0
75,15,3,2,30,Y6094063,,,,0,30.0,0,0
75,15,3,3,10,Y6094064,,,,0,30.0,0,0
75,15,3,3,11,Y6094065,,,,0,30.0,0,0
75,15,3,3,12,Y6094066,,,,0,30.0,0,0
75,15,3,3,13,Y6094067,,,,0,30.0,0,0
75,15,3,3,14,Y6094068,,,,0,30.0,0,0
75,15,3,3,15,Y6094069,,,,0,30.0,0,0
75,15,3,3,16,Y6094070,,,,0,30.0,0,0
75,15,3,3,17,Y6094071,,,,0,30.0,0,0
75,15,3,3,18,Y6094072,,,,0,30.0,0,0
75,15,3,3,19,Y6094073,,,,0,30.0,0,0
75,15,3,3,20,Y6094074,,,,0,30.0,0,0
75,15,3,3,21,Y6094075,,,,0,30.0,0,0
75,15,3,3,22,Y6094076,,,,0,30.0,0,0
75,15,3,3,23,Y6094077,,,,0,30.0,0,0
75,15,3,3,24,Y6094078,,,,0,30.0,0,0
75,15,3,3,25,Y6094079,,,,0,30.0,0,0
75,15,3,3,26,Y6094080,,,,0,30.0,0,0
75,15,3,3,27,Y6094081,,,,0,30.0,0,0
75,15,3,3,28,Y6094082,,,,0,30.0,0,0
75,15,3,3,29,Y6094083,,,,0,30.0,0,0
75,15,3,3,30,Y6094084,,,,0,30.0,0,0
75,15,3,4,10,Y6094085,,,,0,30.0,0,0
75,15,3,4,11,Y6094086,,,,0,30.0,0,0
75,15,3,4,12,Y6094087,,,,0,30.0,0,0
75,15,3,4,13,Y6094088,,,,0,30.0,0,0
75,15,3,4,14,Y6094089,,,,0,30.0,0,0
75,15,3,4,15,Y6094090,,,,0,30.0,0,0
75,15,3,4,16,Y6094091,,,,0,30.0,0,0
75,15,3,4,17,Y6094092,,,,0,30.0,0,0
75,15,3,4,18,Y6094093,,,,0,30.0,0,0
75,15,3,4,19,Y6094094,,,,0,30.0,0,0
75,15,3,4,20,Y6094095,,,,0,30.0,0,0
75,15,3,4,21,Y6094096,,,,0,30.0,0,0
75,15,3,4,22,Y6094097,,,,0,30.0,0,0
75,15,3,4,23,Y6094098,,,,0,30.0,0,0
75,15,3,4,24,Y6094099,,,,0,30.0,0,0
75,15,3,4,25,Y6094100,,,,0,30.0,0,0
75,15,3,4,26,Y6094101,,,,0,30.0,0,0
75,15,3,4,27,Y6094102,,,,0,30.0,0,0
75,15,3,4,28,Y6094103,,,,0,30.0,0,0
75,15,3,4,29,Y6094104,,,,0,30.0,0,0
75,15,3,4,30,Y6094105,,,,0,30.0,0,0
75,15,3,5,10,Y6094106,,,,0,30.0,0,0
75,15,3,5,11,Y6094107,,,,0,30.0,0,0
75,15,3,5,12,Y6094108,,,,0,30.0,0,0
75,15,3,5,13,Y6094109,,,,0,30.0,0,0
75,15,3,5,14,Y6094110,,,,0,30.0,0,0
75,15,3,5,15,Y6094111,,,,0,30.0,0,0
75,15,3,5,16,Y6094112,,,,0,30.0,0,0
75,15,3,5,17,Y6094113,,,,0,30.0,0,0
75,15,3,5,18,Y6094114,,,,0,30.0,0,0
75,15,3,5,19,Y6094115,,,,0,30.0,0,0
75,15,3,5,20,Y6094116,,,,0,30.0,0,0
75,15,3,5,21,Y6094117,,,,0,30.0,0,0
75,15,3,5,22,Y6094118,,,,0,30.0,0,0
75,15,3,5,23,Y6094119,,,,0,30.0,0,0
75,15,3,5,24,Y6094120,,,,0,30.0,0,0
75,15,3,5,25,Y6094121,,,,0,30.0,0,0
75,15,3,5,26,Y6094122,,,,0,30.0,0,0
75,15,3,5,27,Y6094123,,,,0,30.0,0,0
75,15,3,5,28,Y6094124,,,,0,30.0,0,0
75,15,3,5,29,Y6094125,,,,0,30.0,0,0
75,15,3,5,30,Y6094126,,,,0,30.0,0,0
75,15,3,6,10,Y6094127,,,,0,30.0,0,0
75,15,3,6,11,Y6094128,,,,0,30.0,0,0
75,15,3,6,12,Y6094129,,,,0,30.0,0,0
75,15,3,6,13,Y6094130,,,,0,30.0,0,0
75,15,3,6,14,Y6094131,,,,0,30.0,0,0
75,15,3,6,15,Y6094132,,,,0,30.0,0,0
75,15,3,6,16,Y6094133,,,,0,30.0,0,0
75,15,3,6,17,Y6094134,,,,0,30.0,0,0
75,15,3,6,18,Y6094135,,,,0,30.0,0,0
75,15,3,6,19,Y6094136,,,,0,30.0,0,0
75,15,3,6,20,Y6094137,,,,0,30.0,0,0
75,15,3,6,21,Y6094138,,,,0,30.0,0,0
75,15,3,6,22,Y6094139,,,,0,30.0,0,0
75,15,3,6,23,Y6094140,,,,0,30.0,0,0
75,15,3,6,24,Y6094141,,,,0,30.0,0,0
75,15,3,6,25,Y6094142,,,,0,30.0,0,0
75,15,3,6,26,Y6094143,,,,0,30.0,0,0
75,15,3,6,27,Y6094144,,,,0,30.0,0,0
75,15,3,6,28,Y6094145,,,,0,30.0,0,0
75,15,3,6,29,Y6094146,,,,0,30.0,0,0
75,15,3,6,30,Y6094147,,,,0,30.0,0,0
75,15,3,7,10,Y6094148,,,,0,30.0,0,0
75,15,3,7,11,Y6094149,,,,0,30.0,0,0
75,15,3,7,12,Y6094150,,,,0,30.0,0,0
75,15,3,7,13,Y6094151,,,,0,30.0,0,0
75,15,3,7,14,Y6094152,,,,0,30.0,0,0
75,15,3,7,15,Y6094153,,,,0,30.0,0,0
75,15,3,7,16,Y6094154,,,,0,30.0,0,0
75,15,3,7,17,Y6094155,,,,0,30.0,0,0
75,15,3,7,18,Y6094156,,,,0,30.0,0,0
75,15,3,7,19,Y6094157,,,,0,30.0,0,0
75,15,3,7,20,Y6094158,,,,0,30.0,0,0
75,15,3,7,21,Y6094159,,,,0,30.0,0,0
75,15,3,7,22,Y6094160,,,,0,30.0,0,0
75,15,3,7,23,Y6094161,,,,0,30.0,0,0
75,15,3,7,24,Y6094162,,,,0,30.0,0,0
75,15,3,7,25,Y6094163,,,,0,30.0,0,0
75,15,3,7,26,Y6094164,,,,0,30.0,0,0
75,15,3,7,27,Y6094165,,,,0,30.0,0,0
75,15,3,7,28,Y6094166,,,,0,30.0,0,0
75,15,3,7,29,Y6094167,,,,0,30.0,0,0
75,15,3,7,30,Y6094168,,,,0,30.0,0,0
75,15,3,8,10,Y6094169,,,,0,30.0,0,0
75,15,3,8,11,Y6094170,,,,0,30.0,0,0
75,15,3,8,12,Y6094171,,,,0,30.0,0,0
75,15,3,8,13,Y6094172,,,,0,30.0,0,0
75,15,3,8,14,Y6094173,,,,0,30.0,0,0
75,15,3,8,15,Y6094174,,,,0,30.0,0,0
75,15,3,8,16,Y6094175,,,,0,30.0,0,0
75,15,3,8,17,Y6094176,,,,0,30.0,0,0
75,15,3,8,18,Y6094177,,,,0,30.0,0,0
75,15,3,8,19,Y6094178,,,,0,30.0,0,0
75,15,3,8,20,Y6094179,,,,0,30.0,0,0
75,15,3,8,21,Y6094180,,,,0,30.0,0,0
75,15,3,8,22,Y6094181,,,,0,30.0,0,0
75,15,3,8,23,Y6094182,,,,0,30.0,0,0
75,15,3,8,24,Y6094183,,,,0,30.0,0,0
75,15,3,8,25,Y6094184,,,,0,30.0,0,0
75,15,3,8,26,Y6094185,,,,0,30.0,0,0
75,15,3,8,27,Y6094186,,,,0,30.0,0,0
75,15,3,8,28,Y6094187,,,,0,30.0,0,0
75,15,3,8,29,Y6094188,,,,0,30.0,0,0
75,15,3,8,30,Y6094189,,,,0,30.0,0,0
75,15,3,9,10,Y6094190,,,,0,30.0,0,0
75,15,3,9,11,Y6094191,,,,0,30.0,0,0
75,15,3,9,12,Y6094192,,,,0,30.0,0,0
75,15,3,9,13,Y6094193,,,,0,30.0,0,0
75,15,3,9,14,Y6094194,,,,0,30.0,0,0
75,15,3,9,15,Y6094195,,,,0,30.0,0,0
75,15,3,9,16,Y6094196,,,,0,30.0,0,0
75,15,3,9,17,Y6094197,,,,0,30.0,0,0
75,15,3,9,18,Y6094198,,,,0,30.0,0,0
75,15,3,9,19,Y6094199,,,,0,30.0,0,0
75,15,3,9,20,Y6094200,,,,0,30.0,0,0
75,15,3,9,21,Y6094201,,,,0,30.0,0,0
75,15,3,9,22,Y6094202,,,,0,30.0,0,0
75,15,3,9,23,Y6094203,,,,0,30.0,0,0
75,15,3,9,24,Y6094204,,,,0,30.0,0,0
75,15,3,9,25,Y6094205,,,,0,30.0,0,0
75,15,3,9,26,Y6094206,,,,0,30.0,0,0
75,15,3,9,27,Y6094207,,,,0,30.0,0,0
75,15,3,9,28,Y6094208,,,,0,30.0,0,0
75,15,3,9,29,Y6094209,,,,0,30.0,0,0
75,15,3,9,30,Y6094210,,,,0,30.0,0,0
75,15,3,10,10,Y6094211,,,,0,30.0,0,0
75,15,3,10,11,Y6094212,,,,0,30.0,0,0
75,15,3,10,12,Y6094213,,,,0,30.0,0,0
75,15,3,10,13,Y6094214,,,,0,30.0,0,0
75,15,3,10,14,Y6094215,,,,0,30.0,0,0
75,15,3,10,15,Y6094216,,,,0,30.0,0,0
75,15,3,10,16,Y6094217,,,,0,30.0,0,0
75,15,3,10,17,Y6094218,,,,0,30.0,0,0
75,15,3,10,18,Y6094219,,,,0,30.0,0,0
75,15,3,10,19,Y6094220,,,,0,30.0,0,0
75,15,3,10,20,Y6094221,,,,0,30.0,0,0
75,15,3,10,21,Y6094222,,,,0,30.0,0,0
75,15,3,10,22,Y6094223,,,,0,30.0,0,0
75,15,3,10,23,Y6094224,,,,0,30.0,0,0
75,15,3,10,24,Y6094225,,,,0,30.0,0,0
75,15,3,10,25,Y6094226,,,,0,30.0,0,0
75,15,3,10,26,Y6094227,,,,0,30.0,0,0
75,15,3,10,27,Y6094228,,,,0,30.0,0,0
75,15,3,10,28,Y6094229,,,,0,30.0,0,0
75,15,3,10,29,Y6094230,,,,0,30.0,0,0
75,15,3,10,30,Y6094231,,,,0,30.0,0,0
75,15,3,11,10,Y6094232,,,,0,30.0,0,0
75,15,3,11,11,Y6094233,,,,0,30.0,0,0
75,15,3,11,12,Y6094234,,,,0,30.0,0,0
75,15,3,11,13,Y6094235,,,,0,30.0,0,0
75,15,3,11,14,Y6094236,,,,0,30.0,0,0
75,15,3,11,15,Y6094237,,,,0,30.0,0,0
75,15,3,11,16,Y6094238,,,,0,30.0,0,0
75,15,3,11,17,Y6094239,,,,0,30.0,0,0
75,15,3,11,18,Y6094240,,,,0,30.0,0,0
75,15,3,11,19,Y6094241,,,,0,30.0,0,0
75,15,3,11,20,Y6094242,,,,0,30.0,0,0
75,15,3,11,21,Y6094243,,,,0,30.0,0,0
75,15,3,11,22,Y6094244,,,,0,30.0,0,0
75,15,3,11,23,Y6094245,,,,0,30.0,0,0
75,15,3,11,24,Y6094246,,,,0,30.0,0,0
75,15,3,11,25,Y6094247,,,,0,30.0,0,0
75,15,3,11,26,Y6094248,,,,0,30.0,0,0
75,15,3,11,27,Y6094249,,,,0,30.0,0,0
75,15,3,11,28,Y6094250,,,,0,30.0,0,0
75,15,3,11,29,Y6094251,,,,0,30.0,0,0
75,15,3,11,30,Y6094252,,,,0,30.0,0,0
75,15,3,12,10,Y6094253,,,,0,30.0,0,0
75,15,3,12,11,Y6094254,,,,0,30.0,0,0
75,15,3,12,12,Y6094255,,,,0,30.0,0,0
75,15,3,12,13,Y6094256,,,,0,30.0,0,0
75,15,3,12,14,Y6094257,,,,0,30.0,0,0
75,15,3,12,15,Y6094258,,,,0,30.0,0,0
75,15,3,12,16,Y6094259,,,,0,30.0,0,0
75,15,3,12,17,Y6094260,,,,0,30.0,0,0
75,15,3,12,18,Y6094261,,,,0,30.0,0,0
75,15,3,12,19,Y6094262,,,,0,30.0,0,0
75,15,3,12,20,Y6094263,,,,0,30.0,0,0
75,15,3,12,21,Y6094264,,,,0,30.0,0,0
75,15,3,12,22,Y6094265,,,,0,30.0,0,0
75,15,3,12,23,Y6094266,,,,0,30.0,0,0
75,15,3,12,24,Y6094267,,,,0,30.0,0,0
75,15,3,12,25,Y6094268,,,,0,30.0,0,0
75,15,3,12,26,Y6094269,,,,0,30.0,0,0
75,15,3,12,27,Y6094270,,,,0,30.0,0,0
75,15,3,12,28,Y6094271,,,,0,30.0,0,0
75,15,3,12,29,Y6094272,,,,0,30.0,0,0
75,15,3,12,30,Y6094273,,,,0,30.0,0,0
75,15,4,1,10,Y6094274,,,,0,30.0,0,0
75,15,4,1,11,Y6094275,,,,0,30.0,0,0
75,15,4,1,12,Y6094276,,,,0,30.0,0,0
75,15,4,1,13,Y6094277,,,,0,30.0,0,0
75,15,4,1,14,Y6094278,,,,0,30.0,0,0
75,15,4,1,15,Y6094279,,,,0,30.0,0,0
75,15,4,1,16,Y6094280,,,,0,30.0,0,0
75,15,4,1,17,Y6094281,,,,0,30.0,0,0
75,15,4,1,18,Y6094282,,,,0,30.0,0,0
75,15,4,1,19,Y6094283,,,,0,30.0,0,0
75,15,4,1,20,Y6094284,,,,0,30.0,0,0
75,15,4,1,21,Y6094285,,,,0,30.0,0,0
75,15,4,1,22,Y6094286,,,,0,30.0,0,0
75,15,4,1,23,Y6094287,,,,0,30.0,0,0
75,15,4,1,24,Y6094288,,,,0,30.0,0,0
75,15,4,1,25,Y6094289,,,,0,30.0,0,0
75,15,4,1,26,Y6094290,,,,0,30.0,0,0
75,15,4,1,27,Y6094291,,,,0,30.0,0,0
75,15,4,1,28,Y6094292,,,,0,30.0,0,0
75,15,4,1,29,Y6094293,,,,0,30.0,0,0
75,15,4,1,30,Y6094294,,,,0,30.0,0,0
75,15,4,2,10,Y6094295,,,,0,30.0,0,0
75,15,4,2,11,Y6094296,,,,0,30.0,0,0
75,15,4,2,12,Y6094297,,,,0,30.0,0,0
75,15,4,2,13,Y6094298,,,,0,30.0,0,0
75,15,4,2,14,Y6094299,,,,0,30.0,0,0
75,15,4,2,15,Y6094300,,,,0,30.0,0,0
75,15,4,2,16,Y6094301,,,,0,30.0,0,0
75,15,4,2,17,Y6094302,,,,0,30.0,0,0
75,15,4,2,18,Y6094303,,,,0,30.0,0,0
75,15,4,2,19,Y6094304,,,,0,30.0,0,0
75,15,4,2,20,Y6094305,,,,0,30.0,0,0
75,15,4,2,21,Y6094306,,,,0,30.0,0,0
75,15,4,2,22,Y6094307,,,,0,30.0,0,0
75,15,4,2,23,Y6094308,,,,0,30.0,0,0
75,15,4,2,24,Y6094309,,,,0,30.0,0,0
75,15,4,2,25,Y6094310,,,,0,30.0,0,0
75,15,4,2,26,Y6094311,,,,0,30.0,0,0
75,15,4,2,27,Y6094312,,,,0,30.0,0,0
75,15,4,2,28,Y6094313,,,,0,30.0,0,0
75,15,4,2,29,Y6094314,,,,0,30.0,0,0
75,15,4,2,30,Y6094315,,,,0,30.0,0,0
75,15,4,3,10,Y6094316,,,,0,30.0,0,0
75,15,4,3,11,Y6094317,,,,0,30.0,0,0
75,15,4,3,12,Y6094318,,,,0,30.0,0,0
75,15,4,3,13,Y6094319,,,,0,30.0,0,0
75,15,4,3,14,Y6094320,,,,0,30.0,0,0
75,15,4,3,15,Y6094321,,,,0,30.0,0,0
75,15,4,3,16,Y6094322,,,,0,30.0,0,0
75,15,4,3,17,Y6094323,,,,0,30.0,0,0
75,15,4,3,18,Y6094324,,,,0,30.0,0,0
75,15,4,3,19,Y6094325,,,,0,30.0,0,0
75,15,4,3,20,Y6094326,,,,0,30.0,0,0
75,15,4,3,21,Y6094327,,,,0,30.0,0,0
75,15,4,3,22,Y6094328,,,,0,30.0,0,0
75,15,4,3,23,Y6094329,,,,0,30.0,0,0
75,15,4,3,24,Y6094330,,,,0,30.0,0,0
75,15,4,3,25,Y6094331,,,,0,30.0,0,0
75,15,4,3,26,Y6094332,,,,0,30.0,0,0
75,15,4,3,27,Y6094333,,,,0,30.0,0,0
75,15,4,3,28,Y6094334,,,,0,30.0,0,0
75,15,4,3,29,Y6094335,,,,0,30.0,0,0
75,15,4,3,30,Y6094336,,,,0,30.0,0,0
75,15,4,4,10,Y6094337,,,,0,30.0,0,0
75,15,4,4,11,Y6094338,,,,0,30.0,0,0
75,15,4,4,12,Y6094339,,,,0,30.0,0,0
75,15,4,4,13,Y6094340,,,,0,30.0,0,0
75,15,4,4,14,Y6094341,,,,0,30.0,0,0
75,15,4,4,15,Y6094342,,,,0,30.0,0,0
75,15,4,4,16,Y6094343,,,,0,30.0,0,0
75,15,4,4,17,Y6094344,,,,0,30.0,0,0
75,15,4,4,18,Y6094345,,,,0,30.0,0,0
75,15,4,4,19,Y6094346,,,,0,30.0,0,0
75,15,4,4,20,Y6094347,,,,0,30.0,0,0
75,15,4,4,21,Y6094348,,,,0,30.0,0,0
75,15,4,4,22,Y6094349,,,,0,30.0,0,0
75,15,4,4,23,Y6094350,,,,0,30.0,0,0
75,15,4,4,24,Y6094351,,,,0,30.0,0,0
75,15,4,4,25,Y6094352,,,,0,30.0,0,0
75,15,4,4,26,Y6094353,,,,0,30.0,0,0
75,15,4,4,27,Y6094354,,,,0,30.0,0,0
75,15,4,4,28,Y6094355,,,,0,30.0,0,0
75,15,4,4,29,Y6094356,,,,0,30.0,0,0
75,15,4,4,30,Y6094357,,,,0,30.0,0,0
75,15,4,5,10,Y6094358,,,,0,30.0,0,0
75,15,4,5,11,Y6094359,,,,0,30.0,0,0
75,15,4,5,12,Y6094360,,,,0,30.0,0,0
75,15,4,5,13,Y6094361,,,,0,30.0,0,0
75,15,4,5,14,Y6094362,,,,0,30.0,0,0
75,15,4,5,15,Y6094363,,,,0,30.0,0,0
75,15,4,5,16,Y6094364,,,,0,30.0,0,0
75,15,4,5,17,Y6094365,,,,0,30.0,0,0
75,15,4,5,18,Y6094366,,,,0,30.0,0,0
75,15,4,5,19,Y6094367,,,,0,30.0,0,0
75,15,4,5,20,Y6094368,,,,0,30.0,0,0
75,15,4,5,21,Y6094369,,,,0,30.0,0,0
75,15,4,5,22,Y6094370,,,,0,30.0,0,0
75,15,4,5,23,Y6094371,,,,0,30.0,0,0
75,15,4,5,24,Y6094372,,,,0,30.0,0,0
75,15,4,5,25,Y6094373,,,,0,30.0,0,0
75,15,4,5,26,Y6094374,,,,0,30.0,0,0
75,15,4,5,27,Y6094375,,,,0,30.0,0,0
75,15,4,5,28,Y6094376,,,,0,30.0,0,0
75,15,4,5,29,Y6094377,,,,0,30.0,0,0
75,15,4,5,30,Y6094378,,,,0,30.0,0,0
75,15,4,6,10,Y6094379,,,,0,30.0,0,0
75,15,4,6,11,Y6094380,,,,0,30.0,0,0
75,15,4,6,12,Y6094381,,,,0,30.0,0,0
75,15,4,6,13,Y6094382,,,,0,30.0,0,0
75,15,4,6,14,Y6094383,,,,0,30.0,0,0
75,15,4,6,15,Y6094384,,,,0,30.0,0,0
75,15,4,6,16,Y6094385,,,,0,30.0,0,0
75,15,4,6,17,Y6094386,,,,0,30.0,0,0
75,15,4,6,18,Y6094387,,,,0,30.0,0,0
75,15,4,6,19,Y6094388,,,,0,30.0,0,0
75,15,4,6,20,Y6094389,,,,0,30.0,0,0
75,15,4,6,21,Y6094390,,,,0,30.0,0,0
75,15,4,6,22,Y6094391,,,,0,30.0,0,0
75,15,4,6,23,Y6094392,,,,0,30.0,0,0
75,15,4,6,24,Y6094393,,,,0,30.0,0,0
75,15,4,6,25,Y6094394,,,,0,30.0,0,0
75,15,4,6,26,Y6094395,,,,0,30.0,0,0
75,15,4,6,27,Y6094396,,,,0,30.0,0,0
75,15,4,6,28,Y6094397,,,,0,30.0,0,0
75,15,4,6,29,Y6094398,,,,0,30.0,0,0
75,15,4,6,30,Y6094399,,,,0,30.0,0,0
75,15,4,7,10,Y6094400,,,,0,30.0,0,0
75,15,4,7,11,Y6094401,,,,0,30.0,0,0
75,15,4,7,12,Y6094402,,,,0,30.0,0,0
75,15,4,7,13,Y6094403,,,,0,30.0,0,0
75,15,4,7,14,Y6094404,,,,0,30.0,0,0
75,15,4,7,15,Y6094405,,,,0,30.0,0,0
75,15,4,7,16,Y6094406,,,,0,30.0,0,0
75,15,4,7,17,Y6094407,,,,0,30.0,0,0
75,15,4,7,18,Y6094408,,,,0,30.0,0,0
75,15,4,7,19,Y6094409,,,,0,30.0,0,0
75,15,4,7,20,Y6094410,,,,0,30.0,0,0
75,15,4,7,21,Y6094411,,,,0,30.0,0,0
75,15,4,7,22,Y6094412,,,,0,30.0,0,0
75,15,4,7,23,Y6094413,,,,0,30.0,0,0
75,15,4,7,24,Y6094414,,,,0,30.0,0,0
75,15,4,7,25,Y6094415,,,,0,30.0,0,0
75,15,4,7,26,Y6094416,,,,0,30.0,0,0
75,15,4,7,27,Y6094417,,,,0,30.0,0,0
75,15,4,7,28,Y6094418,,,,0,30.0,0,0
75,15,4,7,29,Y6094419,,,,0,30.0,0,0
75,15,4,7,30,Y6094420,,,,0,30.0,0,0
75,15,4,8,10,Y6094421,,,,0,30.0,0,0
75,15,4,8,11,Y6094422,,,,0,30.0,0,0
75,15,4,8,12,Y6094423,,,,0,30.0,0,0
75,15,4,8,13,Y6094424,,,,0,30.0,0,0
75,15,4,8,14,Y6094425,,,,0,30.0,0,0
75,15,4,8,15,Y6094426,,,,0,30.0,0,0
75,15,4,8,16,Y6094427,,,,0,30.0,0,0
75,15,4,8,17,Y6094428,,,,0,30.0,0,0
75,15,4,8,18,Y6094429,,,,0,30.0,0,0
75,15,4,8,19,Y6094430,,,,0,30.0,0,0
75,15,4,8,20,Y6094431,,,,0,30.0,0,0
75,15,4,8,21,Y6094432,,,,0,30.0,0,0
75,15,4,8,22,Y6094433,,,,0,30.0,0,0
75,15,4,8,23,Y6094434,,,,0,30.0,0,0
75,15,4,8,24,Y6094435,,,,0,30.0,0,0
75,15,4,8,25,Y6094436,,,,0,30.0,0,0
75,15,4,8,26,Y6094437,,,,0,30.0,0,0
75,15,4,8,27,Y6094438,,,,0,30.0,0,0
75,15,4,8,28,Y6094439,,,,0,30.0,0,0
75,15,4,8,29,Y6094440,,,,0,30.0,0,0
75,15,4,8,30,Y6094441,,,,0,30.0,0,0
75,15,4,9,10,Y6094442,,,,0,30.0,0,0
75,15,4,9,11,Y6094443,,,,0,30.0,0,0
75,15,4,9,12,Y6094444,,,,0,30.0,0,0
75,15,4,9,13,Y6094445,,,,0,30.0,0,0
75,15,4,9,14,Y6094446,,,,0,30.0,0,0
75,15,4,9,15,Y6094447,,,,0,30.0,0,0
75,15,4,9,16,Y6094448,,,,0,30.0,0,0
75,15,4,9,17,Y6094449,,,,0,30.0,0,0
75,15,4,9,18,Y6094450,,,,0,30.0,0,0
75,15,4,9,19,Y6094451,,,,0,30.0,0,0
75,15,4,9,20,Y6094452,,,,0,30.0,0,0
75,15,4,9,21,Y6094453,,,,0,30.0,0,0
75,15,4,9,22,Y6094454,,,,0,30.0,0,0
75,15,4,9,23,Y6094455,,,,0,30.0,0,0
75,15,4,9,24,Y6094456,,,,0,30.0,0,0
75,15,4,9,25,Y6094457,,,,0,30.0,0,0
75,15,4,9,26,Y6094458,,,,0,30.0,0,0
75,15,4,9,27,Y6094459,,,,0,30.0,0,0
75,15,4,9,28,Y6094460,,,,0,30.0,0,0
75,15,4,9,29,Y6094461,,,,0,30.0,0,0
75,15,4,9,30,Y6094462,,,,0,30.0,0,0
75,15,4,10,10,Y6094463,,,,0,30.0,0,0
75,15,4,10,11,Y6094464,,,,0,30.0,0,0
75,15,4,10,12,Y6094465,,,,0,30.0,0,0
75,15,4,10,13,Y6094466,,,,0,30.0,0,0
75,15,4,10,14,Y6094467,,,,0,30.0,0,0
75,15,4,10,15,Y6094468,,,,0,30.0,0,0
75,15,4,10,16,Y6094469,,,,0,30.0,0,0
75,15,4,10,17,Y6094470,,,,0,30.0,0,0
75,15,4,10,18,Y6094471,,,,0,30.0,0,0
75,15,4,10,19,Y6094472,,,,0,30.0,0,0
75,15,4,10,20,Y6094473,,,,0,30.0,0,0
75,15,4,10,21,Y6094474,,,,0,30.0,0,0
75,15,4,10,22,Y6094475,,,,0,30.0,0,0
75,15,4,10,23,Y6094476,,,,0,30.0,0,0
75,15,4,10,24,Y6094477,,,,0,30.0,0,0
75,15,4,10,25,Y6094478,,,,0,30.0,0,0
75,15,4,10,26,Y6094479,,,,0,30.0,0,0
75,15,4,10,27,Y6094480,,,,0,30.0,0,0
75,15,4,10,28,Y6094481,,,,0,30.0,0,0
75,15,4,10,29,Y6094482,,,,0,30.0,0,0
75,15,4,10,30,Y6094483,,,,0,30.0,0,0
75,15,4,11,10,Y6094484,,,,0,30.0,0,0
75,15,4,11,11,Y6094485,,,,0,30.0,0,0
75,15,4,11,12,Y6094486,,,,0,30.0,0,0
75,15,4,11,13,Y6094487,,,,0,30.0,0,0
75,15,4,11,14,Y6094488,,,,0,30.0,0,0
75,15,4,11,15,Y6094489,,,,0,30.0,0,0
75,15,4,11,16,Y6094490,,,,0,30.0,0,0
75,15,4,11,17,Y6094491,,,,0,30.0,0,0
75,15,4,11,18,Y6094492,,,,0,30.0,0,0
75,15,4,11,19,Y6094493,,,,0,30.0,0,0
75,15,4,11,20,Y6094494,,,,0,30.0,0,0
75,15,4,11,21,Y6094495,,,,0,30.0,0,0
75,15,4,11,22,Y6094496,,,,0,30.0,0,0
75,15,4,11,23,Y6094497,,,,0,30.0,0,0
75,15,4,11,24,Y6094498,,,,0,30.0,0,0
75,15,4,11,25,Y6094499,,,,0,30.0,0,0
75,15,4,11,26,Y6094500,,,,0,30.0,0,0
75,15,4,11,27,Y6094501,,,,0,30.0,0,0
75,15,4,11,28,Y6094502,,,,0,30.0,0,0
75,15,4,11,29,Y6094503,,,,0,30.0,0,0
75,15,4,11,30,Y6094504,,,,0,30.0,0,0
75,15,4,12,10,Y6094505,,,,0,30.0,0,0
75,15,4,12,11,Y6094506,,,,0,30.0,0,0
75,15,4,12,12,Y6094507,,,,0,30.0,0,0
75,15,4,12,13,Y6094508,,,,0,30.0,0,0
75,15,4,12,14,Y6094509,,,,0,30.0,0,0
75,15,4,12,15,Y6094510,,,,0,30.0,0,0
75,15,4,12,16,Y6094511,,,,0,30.0,0,0
75,15,4,12,17,Y6094512,,,,0,30.0,0,0
75,15,4,12,18,Y6094513,,,,0,30.0,0,0
75,15,4,12,19,Y6094514,,,,0,30.0,0,0
75,15,4,12,20,Y6094515,,,,0,30.0,0,0
75,15,4,12,21,Y6094516,,,,0,30.0,0,0
75,15,4,12,22,Y6094517,,,,0,30.0,0,0
75,15,4,12,23,Y6094518,,,,0,30.0,0,0
75,15,4,12,24,Y6094519,,,,0,30.0,0,0
75,15,4,12,25,Y6094520,,,,0,30.0,0,0
75,15,4,12,26,Y6094521,,,,0,30.0,0,0
75,15,4,12,27,Y6094522,,,,0,30.0,0,0
75,15,4,12,28,Y6094523,,,,0,30.0,0,0
75,15,4,12,29,Y6094524,,,,0,30.0,0,0
75,15,4,12,30,Y6094525,,,,0,30.0,0,0
75,15,5,1,10,Y6094526,,,,0,30.0,0,0
75,15,5,1,11,Y6094527,,,,0,30.0,0,0
75,15,5,1,12,Y6094528,,,,0,30.0,0,0
75,15,5,1,13,Y6094529,,,,0,30.0,0,0
75,15,5,1,14,Y6094530,,,,0,30.0,0,0
75,15,5,1,15,Y6094531,,,,0,30.0,0,0
75,15,5,1,16,Y6094532,,,,0,30.0,0,0
75,15,5,1,17,Y6094533,,,,0,30.0,0,0
75,15,5,1,18,Y6094534,,,,0,30.0,0,0
75,15,5,1,19,Y6094535,,,,0,30.0,0,0
75,15,5,1,20,Y6094536,,,,0,30.0,0,0
75,15,5,1,21,Y6094537,,,,0,30.0,0,0
75,15,5,1,22,Y6094538,,,,0,30.0,0,0
75,15,5,1,23,Y6094539,,,,0,30.0,0,0
75,15,5,1,24,Y6094540,,,,0,30.0,0,0
75,15,5,1,25,Y6094541,,,,0,30.0,0,0
75,15,5,1,26,Y6094542,,,,0,30.0,0,0
75,15,5,1,27,Y6094543,,,,0,30.0,0,0
75,15,5,1,28,Y6094544,,,,0,30.0,0,0
75,15,5,1,29,Y6094545,,,,0,30.0,0,0
75,15,5,1,30,Y6094546,,,,0,30.0,0,0
75,15,5,2,10,Y6094547,,,,0,30.0,0,0
75,15,5,2,11,Y6094548,,,,0,30.0,0,0
75,15,5,2,12,Y6094549,,,,0,30.0,0,0
75,15,5,2,13,Y6094550,,,,0,30.0,0,0
75,15,5,2,14,Y6094551,,,,0,30.0,0,0
75,15,5,2,15,Y6094552,,,,0,30.0,0,0
75,15,5,2,16,Y6094553,,,,0,30.0,0,0
75,15,5,2,17,Y6094554,,,,0,30.0,0,0
75,15,5,2,18,Y6094555,,,,0,30.0,0,0
75,15,5,2,19,Y6094556,,,,0,30.0,0,0
75,15,5,2,20,Y6094557,,,,0,30.0,0,0
75,15,5,2,21,Y6094558,,,,0,30.0,0,0
75,15,5,2,22,Y6094559,,,,0,30.0,0,0
75,15,5,2,23,Y6094560,,,,0,30.0,0,0
75,15,5,2,24,Y6094561,,,,0,30.0,0,0
75,15,5,2,25,Y6094562,,,,0,30.0,0,0
75,15,5,2,26,Y6094563,,,,0,30.0,0,0
75,15,5,2,27,Y6094564,,,,0,30.0,0,0
75,15,5,2,28,Y6094565,,,,0,30.0,0,0
75,15,5,2,29,Y6094566,,,,0,30.0,0,0
75,15,5,2,30,Y6094567,,,,0,30.0,0,0
75,15,5,3,10,Y6094568,,,,0,30.0,0,0
75,15,5,3,11,Y6094569,,,,0,30.0,0,0
75,15,5,3,12,Y6094570,,,,0,30.0,0,0
75,15,5,3,13,Y6094571,,,,0,30.0,0,0
75,15,5,3,14,Y6094572,,,,0,30.0,0,0
75,15,5,3,15,Y6094573,,,,0,30.0,0,0
75,15,5,3,16,Y6094574,,,,0,30.0,0,0
75,15,5,3,17,Y6094575,,,,0,30.0,0,0
75,15,5,3,18,Y6094576,,,,0,30.0,0,0
75,15,5,3,19,Y6094577,,,,0,30.0,0,0
75,15,5,3,20,Y6094578,,,,0,30.0,0,0
75,15,5,3,21,Y6094579,,,,0,30.0,0,0
75,15,5,3,22,Y6094580,,,,0,30.0,0,0
75,15,5,3,23,Y6094581,,,,0,30.0,0,0
75,15,5,3,24,Y6094582,,,,0,30.0,0,0
75,15,5,3,25,Y6094583,,,,0,30.0,0,0
75,15,5,3,26,Y6094584,,,,0,30.0,0,0
75,15,5,3,27,Y6094585,,,,0,30.0,0,0
75,15,5,3,28,Y6094586,,,,0,30.0,0,0
75,15,5,3,29,Y6094587,,,,0,30.0,0,0
75,15,5,3,30,Y6094588,,,,0,30.0,0,0
75,15,5,4,10,Y6094589,,,,0,30.0,0,0
75,15,5,4,11,Y6094590,,,,0,30.0,0,0
75,15,5,4,12,Y6094591,,,,0,30.0,0,0
75,15,5,4,13,Y6094592,,,,0,30.0,0,0
75,15,5,4,14,Y6094593,,,,0,30.0,0,0
75,15,5,4,15,Y6094594,,,,0,30.0,0,0
75,15,5,4,16,Y6094595,,,,0,30.0,0,0
75,15,5,4,17,Y6094596,,,,0,30.0,0,0
75,15,5,4,18,Y6094597,,,,0,30.0,0,0
75,15,5,4,19,Y6094598,,,,0,30.0,0,0
75,15,5,4,20,Y6094599,,,,0,30.0,0,0
75,15,5,4,21,Y6094600,,,,0,30.0,0,0
75,15,5,4,22,Y6094601,,,,0,30.0,0,0
75,15,5,4,23,Y6094602,,,,0,30.0,0,0
75,15,5,4,24,Y6094603,,,,0,30.0,0,0
75,15,5,4,25,Y6094604,,,,0,30.0,0,0
75,15,5,4,26,Y6094605,,,,0,30.0,0,0
75,15,5,4,27,Y6094606,,,,0,30.0,0,0
75,15,5,4,28,Y6094607,,,,0,30.0,0,0
75,15,5,4,29,Y6094608,,,,0,30.0,0,0
75,15,5,4,30,Y6094609,,,,0,30.0,0,0
75,15,5,5,10,Y6094610,,,,0,30.0,0,0
75,15,5,5,11,Y6094611,,,,0,30.0,0,0
75,15,5,5,12,Y6094612,,,,0,30.0,0,0
75,15,5,5,13,Y6094613,,,,0,30.0,0,0
75,15,5,5,14,Y6094614,,,,0,30.0,0,0
75,15,5,5,15,Y6094615,,,,0,30.0,0,0
75,15,5,5,16,Y6094616,,,,0,30.0,0,0
75,15,5,5,17,Y6094617,,,,0,30.0,0,0
75,15,5,5,18,Y6094618,,,,0,30.0,0,0
75,15,5,5,19,Y6094619,,,,0,30.0,0,0
75,15,5,5,20,Y6094620,,,,0,30.0,0,0
75,15,5,5,21,Y6094621,,,,0,30.0,0,0
75,15,5,5,22,Y6094622,,,,0,30.0,0,0
75,15,5,5,23,Y6094623,,,,0,30.0,0,0
75,15,5,5,24,Y6094624,,,,0,30.0,0,0
75,15,5,5,25,Y6094625,,,,0,30.0,0,0
75,15,5,5,26,Y6094626,,,,0,30.0,0,0
75,15,5,5,27,Y6094627,,,,0,30.0,0,0
75,15,5,5,28,Y6094628,,,,0,30.0,0,0
75,15,5,5,29,Y6094629,,,,0,30.0,0,0
75,15,5,5,30,Y6094630,,,,0,30.0,0,0
75,15,5,6,10,Y6094631,,,,0,30.0,0,0
75,15,5,6,11,Y6094632,,,,0,30.0,0,0
75,15,5,6,12,Y6094633,,,,0,30.0,0,0
75,15,5,6,13,Y6094634,,,,0,30.0,0,0
75,15,5,6,14,Y6094635,,,,0,30.0,0,0
75,15,5,6,15,Y6094636,,,,0,30.0,0,0
75,15,5,6,16,Y6094637,,,,0,30.0,0,0
75,15,5,6,17,Y6094638,,,,0,30.0,0,0
75,15,5,6,18,Y6094639,,,,0,30.0,0,0
75,15,5,6,19,Y6094640,,,,0,30.0,0,0
75,15,5,6,20,Y6094641,,,,0,30.0,0,0
75,15,5,6,21,Y6094642,,,,0,30.0,0,0
75,15,5,6,22,Y6094643,,,,0,30.0,0,0
75,15,5,6,23,Y6094644,,,,0,30.0,0,0
75,15,5,6,24,Y6094645,,,,0,30.0,0,0
75,15,5,6,25,Y6094646,,,,0,30.0,0,0
75,15,5,6,26,Y6094647,,,,0,30.0,0,0
75,15,5,6,27,Y6094648,,,,0,30.0,0,0
75,15,5,6,28,Y6094649,,,,0,30.0,0,0
75,15,5,6,29,Y6094650,,,,0,30.0,0,0
75,15,5,6,30,Y6094651,,,,0,30.0,0,0
75,15,5,7,10,Y6094652,,,,0,30.0,0,0
75,15,5,7,11,Y6094653,,,,0,30.0,0,0
75,15,5,7,12,Y6094654,,,,0,30.0,0,0
75,15,5,7,13,Y6094655,,,,0,30.0,0,0
75,15,5,7,14,Y6094656,,,,0,30.0,0,0
75,15,5,7,15,Y6094657,,,,0,30.0,0,0
75,15,5,7,16,Y6094658,,,,0,30.0,0,0
75,15,5,7,17,Y6094659,,,,0,30.0,0,0
75,15,5,7,18,Y6094660,,,,0,30.0,0,0
75,15,5,7,19,Y6094661,,,,0,30.0,0,0
75,15,5,7,20,Y6094662,,,,0,30.0,0,0
75,15,5,7,21,Y6094663,,,,0,30.0,0,0
75,15,5,7,22,Y6094664,,,,0,30.0,0,0
75,15,5,7,23,Y6094665,,,,0,30.0,0,0
75,15,5,7,24,Y6094666,,,,0,30.0,0,0
75,15,5,7,25,Y6094667,,,,0,30.0,0,0
75,15,5,7,26,Y6094668,,,,0,30.0,0,0
75,15,5,7,27,Y6094669,,,,0,30.0,0,0
75,15,5,7,28,Y6094670,,,,0,30.0,0,0
75,15,5,7,29,Y6094671,,,,0,30.0,0,0
75,15,5,7,30,Y6094672,,,,0,30.0,0,0
75,15,5,8,10,Y6094673,,,,0,30.0,0,0
75,15,5,8,11,Y6094674,,,,0,30.0,0,0
75,15,5,8,12,Y6094675,,,,0,30.0,0,0
75,15,5,8,13,Y6094676,,,,0,30.0,0,0
75,15,5,8,14,Y6094677,,,,0,30.0,0,0
75,15,5,8,15,Y6094678,,,,0,30.0,0,0
75,15,5,8,16,Y6094679,,,,0,30.0,0,0
75,15,5,8,17,Y6094680,,,,0,30.0,0,0
75,15,5,8,18,Y6094681,,,,0,30.0,0,0
75,15,5,8,19,Y6094682,,,,0,30.0,0,0
75,15,5,8,20,Y6094683,,,,0,30.0,0,0
75,15,5,8,21,Y6094684,,,,0,30.0,0,0
75,15,5,8,22,Y6094685,,,,0,30.0,0,0
75,15,5,8,23,Y6094686,,,,0,30.0,0,0
75,15,5,8,24,Y6094687,,,,0,30.0,0,0
75,15,5,8,25,Y6094688,,,,0,30.0,0,0
75,15,5,8,26,Y6094689,,,,0,30.0,0,0
75,15,5,8,27,Y6094690,,,,0,30.0,0,0
75,15,5,8,28,Y6094691,,,,0,30.0,0,0
75,15,5,8,29,Y6094692,,,,0,30.0,0,0
75,15,5,8,30,Y6094693,,,,0,30.0,0,0
75,15,5,9,10,Y6094694,,,,0,30.0,0,0
75,15,5,9,11,Y6094695,,,,0,30.0,0,0
75,15,5,9,12,Y6094696,,,,0,30.0,0,0
75,15,5,9,13,Y6094697,,,,0,30.0,0,0
75,15,5,9,14,Y6094698,,,,0,30.0,0,0
75,15,5,9,15,Y6094699,,,,0,30.0,0,0
75,15,5,9,16,Y6094700,,,,0,30.0,0,0
75,15,5,9,17,Y6094701,,,,0,30.0,0,0
75,15,5,9,18,Y6094702,,,,0,30.0,0,0
75,15,5,9,19,Y6094703,,,,0,30.0,0,0
75,15,5,9,20,Y6094704,,,,0,30.0,0,0
75,15,5,9,21,Y6094705,,,,0,30.0,0,0
75,15,5,9,22,Y6094706,,,,0,30.0,0,0
75,15,5,9,23,Y6094707,,,,0,30.0,0,0
75,15,5,9,24,Y6094708,,,,0,30.0,0,0
75,15,5,9,25,Y6094709,,,,0,30.0,0,0
75,15,5,9,26,Y6094710,,,,0,30.0,0,0
75,15,5,9,27,Y6094711,,,,0,30.0,0,0
75,15,5,9,28,Y6094712,,,,0,30.0,0,0
75,15,5,9,29,Y6094713,,,,0,30.0,0,0
75,15,5,9,30,Y6094714,,,,0,30.0,0,0
75,15,5,10,10,Y6094715,,,,0,30.0,0,0
75,15,5,10,11,Y6094716,,,,0,30.0,0,0
75,15,5,10,12,Y6094717,,,,0,30.0,0,0
75,15,5,10,13,Y6094718,,,,0,30.0,0,0
75,15,5,10,14,Y6094719,,,,0,30.0,0,0
75,15,5,10,15,Y6094720,,,,0,30.0,0,0
75,15,5,10,16,Y6094721,,,,0,30.0,0,0
75,15,5,10,17,Y6094722,,,,0,30.0,0,0
75,15,5,10,18,Y6094723,,,,0,30.0,0,0
75,15,5,10,19,Y6094724,,,,0,30.0,0,0
75,15,5,10,20,Y6094725,,,,0,30.0,0,0
75,15,5,10,21,Y6094726,,,,0,30.0,0,0
75,15,5,10,22,Y6094727,,,,0,30.0,0,0
75,15,5,10,23,Y6094728,,,,0,30.0,0,0
75,15,5,10,24,Y6094729,,,,0,30.0,0,0
75,15,5,10,25,Y6094730,,,,0,30.0,0,0
75,15,5,10,26,Y6094731,,,,0,30.0,0,0
75,15,5,10,27,Y6094732,,,,0,30.0,0,0
75,15,5,10,28,Y6094733,,,,0,30.0,0,0
75,15,5,10,29,Y6094734,,,,0,30.0,0,0
75,15,5,10,30,Y6094735,,,,0,30.0,0,0
75,15,5,11,10,Y6094736,,,,0,30.0,0,0
75,15,5,11,11,Y6094737,,,,0,30.0,0,0
75,15,5,11,12,Y6094738,,,,0,30.0,0,0
75,15,5,11,13,Y6094739,,,,0,30.0,0,0
75,15,5,11,14,Y6094740,,,,0,30.0,0,0
75,15,5,11,15,Y6094741,,,,0,30.0,0,0
75,15,5,11,16,Y6094742,,,,0,30.0,0,0
75,15,5,11,17,Y6094743,,,,0,30.0,0,0
75,15,5,11,18,Y6094744,,,,0,30.0,0,0
75,15,5,11,19,Y6094745,,,,0,30.0,0,0
75,15,5,11,20,Y6094746,,,,0,30.0,0,0
75,15,5,11,21,Y6094747,,,,0,30.0,0,0
75,15,5,11,22,Y6094748,,,,0,30.0,0,0
75,15,5,11,23,Y6094749,,,,0,30.0,0,0
75,15,5,11,24,Y6094750,,,,0,30.0,0,0
75,15,5,11,25,Y6094751,,,,0,30.0,0,0
75,15,5,11,26,Y6094752,,,,0,30.0,0,0
75,15,5,11,27,Y6094753,,,,0,30.0,0,0
75,15,5,11,28,Y6094754,,,,0,30.0,0,0
75,15,5,11,29,Y6094755,,,,0,30.0,0,0
75,15,5,11,30,Y6094756,,,,0,30.0,0,0
75,15,5,12,10,Y6094757,,,,0,30.0,0,0
75,15,5,12,11,Y6094758,,,,0,30.0,0,0
75,15,5,12,12,Y6094759,,,,0,30.0,0,0
75,15,5,12,13,Y6094760,,,,0,30.0,0,0
75,15,5,12,14,Y6094761,,,,0,30.0,0,0
75,15,5,12,15,Y6094762,,,,0,30.0,0,0
75,15,5,12,16,Y6094763,,,,0,30.0,0,0
75,15,5,12,17,Y6094764,,,,0,30.0,0,0
75,15,5,12,18,Y6094765,,,,0,30.0,0,0
75,15,5,12,19,Y6094766,,,,0,30.0,0,0
75,15,5,12,20,Y6094767,,,,0,30.0,0,0
75,15,5,12,21,Y6094768,,,,0,30.0,0,0
75,15,5,12,22,Y6094769,,,,0,30.0,0,0
75,15,5,12,23,Y6094770,,,,0,30.0,0,0
75,15,5,12,24,Y6094771,,,,0,30.0,0,0
75,15,5,12,25,Y6094772,,,,0,30.0,0,0
75,15,5,12,26,Y6094773,,,,0,30.0,0,0
75,15,5,12,27,Y6094774,,,,0,30.0,0,0
75,15,5,12,28,Y6094775,,,,0,30.0,0,0
75,15,5,12,29,Y6094776,,,,0,30.0,0,0
75,15,5,12,30,Y6094777,,,,0,30.0,0,0
75,15,6,1,10,Y6094778,,,,0,30.0,0,0
75,15,6,1,11,Y6094779,,,,0,30.0,0,0
75,15,6,1,12,Y6094780,,,,0,30.0,0,0
75,15,6,1,13,Y6094781,,,,0,30.0,0,0
75,15,6,1,14,Y6094782,,,,0,30.0,0,0
75,15,6,1,15,Y6094783,,,,0,30.0,0,0
75,15,6,1,16,Y6094784,,,,0,30.0,0,0
75,15,6,1,17,Y6094785,,,,0,30.0,0,0
75,15,6,1,18,Y6094786,,,,0,30.0,0,0
75,15,6,1,19,Y6094787,,,,0,30.0,0,0
75,15,6,1,20,Y6094788,,,,0,30.0,0,0
75,15,6,1,21,Y6094789,,,,0,30.0,0,0
75,15,6,1,22,Y6094790,,,,0,30.0,0,0
75,15,6,1,23,Y6094791,,,,0,30.0,0,0
75,15,6,1,24,Y6094792,,,,0,30.0,0,0
75,15,6,1,25,Y6094793,,,,0,30.0,0,0
75,15,6,1,26,Y6094794,,,,0,30.0,0,0
75,15,6,1,27,Y6094795,,,,0,30.0,0,0
75,15,6,1,28,Y6094796,,,,0,30.0,0,0
75,15,6,1,29,Y6094797,,,,0,30.0,0,0
75,15,6,1,30,Y6094798,,,,0,30.0,0,0
75,15,6,2,10,Y6094799,,,,0,30.0,0,0
75,15,6,2,11,Y6094800,,,,0,30.0,0,0
75,15,6,2,12,Y6094801,,,,0,30.0,0,0
75,15,6,2,13,Y6094802,,,,0,30.0,0,0
75,15,6,2,14,Y6094803,,,,0,30.0,0,0
75,15,6,2,15,Y6094804,,,,0,30.0,0,0
75,15,6,2,16,Y6094805,,,,0,30.0,0,0
75,15,6,2,17,Y6094806,,,,0,30.0,0,0
75,15,6,2,18,Y6094807,,,,0,30.0,0,0
75,15,6,2,19,Y6094808,,,,0,30.0,0,0
75,15,6,2,20,Y6094809,,,,0,30.0,0,0
75,15,6,2,21,Y6094810,,,,0,30.0,0,0
75,15,6,2,22,Y6094811,,,,0,30.0,0,0
75,15,6,2,23,Y6094812,,,,0,30.0,0,0
75,15,6,2,24,Y6094813,,,,0,30.0,0,0
75,15,6,2,25,Y6094814,,,,0,30.0,0,0
75,15,6,2,26,Y6094815,,,,0,30.0,0,0
75,15,6,2,27,Y6094816,,,,0,30.0,0,0
75,15,6,2,28,Y6094817,,,,0,30.0,0,0
75,15,6,2,29,Y6094818,,,,0,30.0,0,0
75,15,6,2,30,Y6094819,,,,0,30.0,0,0
75,15,6,3,10,Y6094820,,,,0,30.0,0,0
75,15,6,3,11,Y6094821,,,,0,30.0,0,0
75,15,6,3,12,Y6094822,,,,0,30.0,0,0
75,15,6,3,13,Y6094823,,,,0,30.0,0,0
75,15,6,3,14,Y6094824,,,,0,30.0,0,0
75,15,6,3,15,Y6094825,,,,0,30.0,0,0
75,15,6,3,16,Y6094826,,,,0,30.0,0,0
75,15,6,3,17,Y6094827,,,,0,30.0,0,0
75,15,6,3,18,Y6094828,,,,0,30.0,0,0
75,15,6,3,19,Y6094829,,,,0,30.0,0,0
75,15,6,3,20,Y6094830,,,,0,30.0,0,0
75,15,6,3,21,Y6094831,,,,0,30.0,0,0
75,15,6,3,22,Y6094832,,,,0,30.0,0,0
75,15,6,3,23,Y6094833,,,,0,30.0,0,0
75,15,6,3,24,Y6094834,,,,0,30.0,0,0
75,15,6,3,25,Y6094835,,,,0,30.0,0,0
75,15,6,3,26,Y6094836,,,,0,30.0,0,0
75,15,6,3,27,Y6094837,,,,0,30.0,0,0
75,15,6,3,28,Y6094838,,,,0,30.0,0,0
75,15,6,3,29,Y6094839,,,,0,30.0,0,0
75,15,6,3,30,Y6094840,,,,0,30.0,0,0
75,15,6,4,10,Y6094841,,,,0,30.0,0,0
75,15,6,4,11,Y6094842,,,,0,30.0,0,0
75,15,6,4,12,Y6094843,,,,0,30.0,0,0
75,15,6,4,13,Y6094844,,,,0,30.0,0,0
75,15,6,4,14,Y6094845,,,,0,30.0,0,0
75,15,6,4,15,Y6094846,,,,0,30.0,0,0
75,15,6,4,16,Y6094847,,,,0,30.0,0,0
75,15,6,4,17,Y6094848,,,,0,30.0,0,0
75,15,6,4,18,Y6094849,,,,0,30.0,0,0
75,15,6,4,19,Y6094850,,,,0,30.0,0,0
75,15,6,4,20,Y6094851,,,,0,30.0,0,0
75,15,6,4,21,Y6094852,,,,0,30.0,0,0
75,15,6,4,22,Y6094853,,,,0,30.0,0,0
75,15,6,4,23,Y6094854,,,,0,30.0,0,0
75,15,6,4,24,Y6094855,,,,0,30.0,0,0
75,15,6,4,25,Y6094856,,,,0,30.0,0,0
75,15,6,4,26,Y6094857,,,,0,30.0,0,0
75,15,6,4,27,Y6094858,,,,0,30.0,0,0
75,15,6,4,28,Y6094859,,,,0,30.0,0,0
75,15,6,4,29,Y6094860,,,,0,30.0,0,0
75,15,6,4,30,Y6094861,,,,0,30.0,0,0
75,15,6,5,10,Y6094862,,,,0,30.0,0,0
75,15,6,5,11,Y6094863,,,,0,30.0,0,0
75,15,6,5,12,Y6094864,,,,0,30.0,0,0
75,15,6,5,13,Y6094865,,,,0,30.0,0,0
75,15,6,5,14,Y6094866,,,,0,30.0,0,0
75,15,6,5,15,Y6094867,,,,0,30.0,0,0
75,15,6,5,16,Y6094868,,,,0,30.0,0,0
75,15,6,5,17,Y6094869,,,,0,30.0,0,0
75,15,6,5,18,Y6094870,,,,0,30.0,0,0
75,15,6,5,19,Y6094871,,,,0,30.0,0,0
75,15,6,5,20,Y6094872,,,,0,30.0,0,0
75,15,6,5,21,Y6094873,,,,0,30.0,0,0
75,15,6,5,22,Y6094874,,,,0,30.0,0,0
75,15,6,5,23,Y6094875,,,,0,30.0,0,0
75,15,6,5,24,Y6094876,,,,0,30.0,0,0
75,15,6,5,25,Y6094877,,,,0,30.0,0,0
75,15,6,5,26,Y6094878,,,,0,30.0,0,0
75,15,6,5,27,Y6094879,,,,0,30.0,0,0
75,15,6,5,28,Y6094880,,,,0,30.0,0,0
75,15,6,5,29,Y6094881,,,,0,30.0,0,0
75,15,6,5,30,Y6094882,,,,0,30.0,0,0
75,15,6,6,10,Y6094883,,,,0,30.0,0,0
75,15,6,6,11,Y6094884,,,,0,30.0,0,0
75,15,6,6,12,Y6094885,,,,0,30.0,0,0
75,15,6,6,13,Y6094886,,,,0,30.0,0,0
75,15,6,6,14,Y6094887,,,,0,30.0,0,0
75,15,6,6,15,Y6094888,,,,0,30.0,0,0
75,15,6,6,16,Y6094889,,,,0,30.0,0,0
75,15,6,6,17,Y6094890,,,,0,30.0,0,0
75,15,6,6,18,Y6094891,,,,0,30.0,0,0
75,15,6,6,19,Y6094892,,,,0,30.0,0,0
75,15,6,6,20,Y6094893,,,,0,30.0,0,0
75,15,6,6,21,Y6094894,,,,0,30.0,0,0
75,15,6,6,22,Y6094895,,,,0,30.0,0,0
75,15,6,6,23,Y6094896,,,,0,30.0,0,0
75,15,6,6,24,Y6094897,,,,0,30.0,0,0
75,15,6,6,25,Y6094898,,,,0,30.0,0,0
75,15,6,6,26,Y6094899,,,,0,30.0,0,0
75,15,6,6,27,Y6094900,,,,0,30.0,0,0
75,15,6,6,28,Y6094901,,,,0,30.0,0,0
75,15,6,6,29,Y6094902,,,,0,30.0,0,0
75,15,6,6,30,Y6094903,,,,0,30.0,0,0
75,15,6,7,10,Y6094904,,,,0,30.0,0,0
75,15,6,7,11,Y6094905,,,,0,30.0,0,0
75,15,6,7,12,Y6094906,,,,0,30.0,0,0
75,15,6,7,13,Y6094907,,,,0,30.0,0,0
75,15,6,7,14,Y6094908,,,,0,30.0,0,0
75,15,6,7,15,Y6094909,,,,0,30.0,0,0
75,15,6,7,16,Y6094910,,,,0,30.0,0,0
75,15,6,7,17,Y6094911,,,,0,30.0,0,0
75,15,6,7,18,Y6094912,,,,0,30.0,0,0
75,15,6,7,19,Y6094913,,,,0,30.0,0,0
75,15,6,7,20,Y6094914,,,,0,30.0,0,0
75,15,6,7,21,Y6094915,,,,0,30.0,0,0
75,15,6,7,22,Y6094916,,,,0,30.0,0,0
75,15,6,7,23,Y6094917,,,,0,30.0,0,0
75,15,6,7,24,Y6094918,,,,0,30.0,0,0
75,15,6,7,25,Y6094919,,,,0,30.0,0,0
75,15,6,7,26,Y6094920,,,,0,30.0,0,0
75,15,6,7,27,Y6094921,,,,0,30.0,0,0
75,15,6,7,28,Y6094922,,,,0,30.0,0,0
75,15,6,7,29,Y6094923,,,,0,30.0,0,0
75,15,6,7,30,Y6094924,,,,0,30.0,0,0
75,15,6,8,10,Y6094925,,,,0,30.0,0,0
75,15,6,8,11,Y6094926,,,,0,30.0,0,0
75,15,6,8,12,Y6094927,,,,0,30.0,0,0
75,15,6,8,13,Y6094928,,,,0,30.0,0,0
75,15,6,8,14,Y6094929,,,,0,30.0,0,0
75,15,6,8,15,Y6094930,,,,0,30.0,0,0
75,15,6,8,16,Y6094931,,,,0,30.0,0,0
75,15,6,8,17,Y6094932,,,,0,30.0,0,0
75,15,6,8,18,Y6094933,,,,0,30.0,0,0
75,15,6,8,19,Y6094934,,,,0,30.0,0,0
75,15,6,8,20,Y6094935,,,,0,30.0,0,0
75,15,6,8,21,Y6094936,,,,0,30.0,0,0
75,15,6,8,22,Y6094937,,,,0,30.0,0,0
75,15,6,8,23,Y6094938,,,,0,30.0,0,0
75,15,6,8,24,Y6094939,,,,0,30.0,0,0
75,15,6,8,25,Y6094940,,,,0,30.0,0,0
75,15,6,8,26,Y6094941,,,,0,30.0,0,0
75,15,6,8,27,Y6094942,,,,0,30.0,0,0
75,15,6,8,28,Y6094943,,,,0,30.0,0,0
75,15,6,8,29,Y6094944,,,,0,30.0,0,0
75,15,6,8,30,Y6094945,,,,0,30.0,0,0
75,15,6,9,10,Y6094946,,,,0,30.0,0,0
75,15,6,9,11,Y6094947,,,,0,30.0,0,0
75,15,6,9,12,Y6094948,,,,0,30.0,0,0
75,15,6,9,13,Y6094949,,,,0,30.0,0,0
75,15,6,9,14,Y6094950,,,,0,30.0,0,0
75,15,6,9,15,Y6094951,,,,0,30.0,0,0
75,15,6,9,16,Y6094952,,,,0,30.0,0,0
75,15,6,9,17,Y6094953,,,,0,30.0,0,0
75,15,6,9,18,Y6094954,,,,0,30.0,0,0
75,15,6,9,19,Y6094955,,,,0,30.0,0,0
75,15,6,9,20,Y6094956,,,,0,30.0,0,0
75,15,6,9,21,Y6094957,,,,0,30.0,0,0
75,15,6,9,22,Y6094958,,,,0,30.0,0,0
75,15,6,9,23,Y6094959,,,,0,30.0,0,0
75,15,6,9,24,Y6094960,,,,0,30.0,0,0
75,15,6,9,25,Y6094961,,,,0,30.0,0,0
75,15,6,9,26,Y6094962,,,,0,30.0,0,0
75,15,6,9,27,Y6094963,,,,0,30.0,0,0
75,15,6,9,28,Y6094964,,,,0,30.0,0,0
75,15,6,9,29,Y6094965,,,,0,30.0,0,0
75,15,6,9,30,Y6094966,,,,0,30.0,0,0
75,15,6,10,10,Y6094967,,,,0,30.0,0,0
75,15,6,10,11,Y6094968,,,,0,30.0,0,0
75,15,6,10,12,Y6094969,,,,0,30.0,0,0
75,15,6,10,13,Y6094970,,,,0,30.0,0,0
75,15,6,10,14,Y6094971,,,,0,30.0,0,0
75,15,6,10,15,Y6094972,,,,0,30.0,0,0
75,15,6,10,16,Y6094973,,,,0,30.0,0,0
75,15,6,10,17,Y6094974,,,,0,30.0,0,0
75,15,6,10,18,Y6094975,,,,0,30.0,0,0
75,15,6,10,19,Y6094976,,,,0,30.0,0,0
75,15,6,10,20,Y6094977,,,,0,30.0,0,0
75,15,6,10,21,Y6094978,,,,0,30.0,0,0
75,15,6,10,22,Y6094979,,,,0,30.0,0,0
75,15,6,10,23,Y6094980,,,,0,30.0,0,0
75,15,6,10,24,Y6094981,,,,0,30.0,0,0
75,15,6,10,25,Y6094982,,,,0,30.0,0,0
75,15,6,10,26,Y6094983,,,,0,30.0,0,0
75,15,6,10,27,Y6094984,,,,0,30.0,0,0
75,15,6,10,28,Y6094985,,,,0,30.0,0,0
75,15,6,10,29,Y6094986,,,,0,30.0,0,0
75,15,6,10,30,Y6094987,,,,0,30.0,0,0
75,15,6,11,10,Y6094988,,,,0,30.0,0,0
75,15,6,11,11,Y6094989,,,,0,30.0,0,0
75,15,6,11,12,Y6094990,,,,0,30.0,0,0
75,15,6,11,13,Y6094991,,,,0,30.0,0,0
75,15,6,11,14,Y6094992,,,,0,30.0,0,0
75,15,6,11,15,Y6094993,,,,0,30.0,0,0
75,15,6,11,16,Y6094994,,,,0,30.0,0,0
75,15,6,11,17,Y6094995,,,,0,30.0,0,0
75,15,6,11,18,Y6094996,,,,0,30.0,0,0
75,15,6,11,19,Y6094997,,,,0,30.0,0,0
75,15,6,11,20,Y6094998,,,,0,30.0,0,0
75,15,6,11,21,Y6094999,,,,0,30.0,0,0
75,15,6,11,22,Y6095000,,,,0,30.0,0,0
75,15,6,11,23,Y6095001,,,,0,30.0,0,0
75,15,6,11,24,Y6095002,,,,0,30.0,0,0
75,15,6,11,25,Y6095003,,,,0,30.0,0,0
75,15,6,11,26,Y6095004,,,,0,30.0,0,0
75,15,6,11,27,Y6095005,,,,0,30.0,0,0
75,15,6,11,28,Y6095006,,,,0,30.0,0,0
75,15,6,11,29,Y6095007,,,,0,30.0,0,0
75,15,6,11,30,Y6095008,,,,0,30.0,0,0
75,15,6,12,10,Y6095009,,,,0,30.0,0,0
75,15,6,12,11,Y6095010,,,,0,30.0,0,0
75,15,6,12,12,Y6095011,,,,0,30.0,0,0
75,15,6,12,13,Y6095012,,,,0,30.0,0,0
75,15,6,12,14,Y6095013,,,,0,30.0,0,0
75,15,6,12,15,Y6095014,,,,0,30.0,0,0
75,15,6,12,16,Y6095015,,,,0,30.0,0,0
75,15,6,12,17,Y6095016,,,,0,30.0,0,0
75,15,6,12,18,Y6095017,,,,0,30.0,0,0
75,15,6,12,19,Y6095018,,,,0,30.0,0,0
75,15,6,12,20,Y6095019,,,,0,30.0,0,0
75,15,6,12,21,Y6095020,,,,0,30.0,0,0
75,15,6,12,22,Y6095021,,,,0,30.0,0,0
75,15,6,12,23,Y6095022,,,,0,30.0,0,0
75,15,6,12,24,Y6095023,,,,0,30.0,0,0
75,15,6,12,25,Y6095024,,,,0,30.0,0,0
75,15,6,12,26,Y6095025,,,,0,30.0,0,0
75,15,6,12,27,Y6095026,,,,0,30.0,0,0
75,15,6,12,28,Y6095027,,,,0,30.0,0,0
75,15,6,12,29,Y6095028,,,,0,30.0,0,0
75,15,6,12,30,Y6095029,,,,0,30.0,0,0
75,15,7,1,10,Y6095030,,,,0,30.0,0,0
75,15,7,1,11,Y6095031,,,,0,30.0,0,0
75,15,7,1,12,Y6095032,,,,0,30.0,0,0
75,15,7,1,13,Y6095033,,,,0,30.0,0,0
75,15,7,1,14,Y6095034,,,,0,30.0,0,0
75,15,7,1,15,Y6095035,,,,0,30.0,0,0
75,15,7,1,16,Y6095036,,,,0,30.0,0,0
75,15,7,1,17,Y6095037,,,,0,30.0,0,0
75,15,7,1,18,Y6095038,,,,0,30.0,0,0
75,15,7,1,19,Y6095039,,,,0,30.0,0,0
75,15,7,1,20,Y6095040,,,,0,30.0,0,0
75,15,7,1,21,Y6095041,,,,0,30.0,0,0
75,15,7,1,22,Y6095042,,,,0,30.0,0,0
75,15,7,1,23,Y6095043,,,,0,30.0,0,0
75,15,7,1,24,Y6095044,,,,0,30.0,0,0
75,15,7,1,25,Y6095045,,,,0,30.0,0,0
75,15,7,1,26,Y6095046,,,,0,30.0,0,0
75,15,7,1,27,Y6095047,,,,0,30.0,0,0
75,15,7,1,28,Y6095048,,,,0,30.0,0,0
75,15,7,1,29,Y6095049,,,,0,30.0,0,0
75,15,7,1,30,Y6095050,,,,0,30.0,0,0
75,15,7,2,10,Y6095051,,,,0,30.0,0,0
75,15,7,2,11,Y6095052,,,,0,30.0,0,0
75,15,7,2,12,Y6095053,,,,0,30.0,0,0
75,15,7,2,13,Y6095054,,,,0,30.0,0,0
75,15,7,2,14,Y6095055,,,,0,30.0,0,0
75,15,7,2,15,Y6095056,,,,0,30.0,0,0
75,15,7,2,16,Y6095057,,,,0,30.0,0,0
75,15,7,2,17,Y6095058,,,,0,30.0,0,0
75,15,7,2,18,Y6095059,,,,0,30.0,0,0
75,15,7,2,19,Y6095060,,,,0,30.0,0,0
75,15,7,2,20,Y6095061,,,,0,30.0,0,0
75,15,7,2,21,Y6095062,,,,0,30.0,0,0
75,15,7,2,22,Y6095063,,,,0,30.0,0,0
75,15,7,2,23,Y6095064,,,,0,30.0,0,0
75,15,7,2,24,Y6095065,,,,0,30.0,0,0
75,15,7,2,25,Y6095066,,,,0,30.0,0,0
75,15,7,2,26,Y6095067,,,,0,30.0,0,0
75,15,7,2,27,Y6095068,,,,0,30.0,0,0
75,15,7,2,28,Y6095069,,,,0,30.0,0,0
75,15,7,2,29,Y6095070,,,,0,30.0,0,0
75,15,7,2,30,Y6095071,,,,0,30.0,0,0
75,15,7,3,10,Y6095072,,,,0,30.0,0,0
75,15,7,3,11,Y6095073,,,,0,30.0,0,0
75,15,7,3,12,Y6095074,,,,0,30.0,0,0
75,15,7,3,13,Y6095075,,,,0,30.0,0,0
75,15,7,3,14,Y6095076,,,,0,30.0,0,0
75,15,7,3,15,Y6095077,,,,0,30.0,0,0
75,15,7,3,16,Y6095078,,,,0,30.0,0,0
75,15,7,3,17,Y6095079,,,,0,30.0,0,0
75,15,7,3,18,Y6095080,,,,0,30.0,0,0
75,15,7,3,19,Y6095081,,,,0,30.0,0,0
75,15,7,3,20,Y6095082,,,,0,30.0,0,0
75,15,7,3,21,Y6095083,,,,0,30.0,0,0
75,15,7,3,22,Y6095084,,,,0,30.0,0,0
75,15,7,3,23,Y6095085,,,,0,30.0,0,0
75,15,7,3,24,Y6095086,,,,0,30.0,0,0
75,15,7,3,25,Y6095087,,,,0,30.0,0,0
75,15,7,3,26,Y6095088,,,,0,30.0,0,0
75,15,7,3,27,Y6095089,,,,0,30.0,0,0
75,15,7,3,28,Y6095090,,,,0,30.0,0,0
75,15,7,3,29,Y6095091,,,,0,30.0,0,0
75,15,7,3,30,Y6095092,,,,0,30.0,0,0
75,15,7,4,10,Y6095093,,,,0,30.0,0,0
75,15,7,4,11,Y6095094,,,,0,30.0,0,0
75,15,7,4,12,Y6095095,,,,0,30.0,0,0
75,15,7,4,13,Y6095096,,,,0,30.0,0,0
75,15,7,4,14,Y6095097,,,,0,30.0,0,0
75,15,7,4,15,Y6095098,,,,0,30.0,0,0
75,15,7,4,16,Y6095099,,,,0,30.0,0,0
75,15,7,4,17,Y6095100,,,,0,30.0,0,0
75,15,7,4,18,Y6095101,,,,0,30.0,0,0
75,15,7,4,19,Y6095102,,,,0,30.0,0,0
75,15,7,4,20,Y6095103,,,,0,30.0,0,0
75,15,7,4,21,Y6095104,,,,0,30.0,0,0
75,15,7,4,22,Y6095105,,,,0,30.0,0,0
75,15,7,4,23,Y6095106,,,,0,30.0,0,0
75,15,7,4,24,Y6095107,,,,0,30.0,0,0
75,15,7,4,25,Y6095108,,,,0,30.0,0,0
75,15,7,4,26,Y6095109,,,,0,30.0,0,0
75,15,7,4,27,Y6095110,,,,0,30.0,0,0
75,15,7,4,28,Y6095111,,,,0,30.0,0,0
75,15,7,4,29,Y6095112,,,,0,30.0,0,0
75,15,7,4,30,Y6095113,,,,0,30.0,0,0
75,15,7,5,10,Y6095114,,,,0,30.0,0,0
75,15,7,5,11,Y6095115,,,,0,30.0,0,0
75,15,7,5,12,Y6095116,,,,0,30.0,0,0
75,15,7,5,13,Y6095117,,,,0,30.0,0,0
75,15,7,5,14,Y6095118,,,,0,30.0,0,0
75,15,7,5,15,Y6095119,,,,0,30.0,0,0
75,15,7,5,16,Y6095120,,,,0,30.0,0,0
75,15,7,5,17,Y6095121,,,,0,30.0,0,0
75,15,7,5,18,Y6095122,,,,0,30.0,0,0
75,15,7,5,19,Y6095123,,,,0,30.0,0,0
75,15,7,5,20,Y6095124,,,,0,30.0,0,0
75,15,7,5,21,Y6095125,,,,0,30.0,0,0
75,15,7,5,22,Y6095126,,,,0,30.0,0,0
75,15,7,5,23,Y6095127,,,,0,30.0,0,0
75,15,7,5,24,Y6095128,,,,0,30.0,0,0
75,15,7,5,25,Y6095129,,,,0,30.0,0,0
75,15,7,5,26,Y6095130,,,,0,30.0,0,0
75,15,7,5,27,Y6095131,,,,0,30.0,0,0
75,15,7,5,28,Y6095132,,,,0,30.0,0,0
75,15,7,5,29,Y6095133,,,,0,30.0,0,0
75,15,7,5,30,Y6095134,,,,0,30.0,0,0
75,15,7,6,10,Y6095135,,,,0,30.0,0,0
75,15,7,6,11,Y6095136,,,,0,30.0,0,0
75,15,7,6,12,Y6095137,,,,0,30.0,0,0
75,15,7,6,13,Y6095138,,,,0,30.0,0,0
75,15,7,6,14,Y6095139,,,,0,30.0,0,0
75,15,7,6,15,Y6095140,,,,0,30.0,0,0
75,15,7,6,16,Y6095141,,,,0,30.0,0,0
75,15,7,6,17,Y6095142,,,,0,30.0,0,0
75,15,7,6,18,Y6095143,,,,0,30.0,0,0
75,15,7,6,19,Y6095144,,,,0,30.0,0,0
75,15,7,6,20,Y6095145,,,,0,30.0,0,0
75,15,7,6,21,Y6095146,,,,0,30.0,0,0
75,15,7,6,22,Y6095147,,,,0,30.0,0,0
75,15,7,6,23,Y6095148,,,,0,30.0,0,0
75,15,7,6,24,Y6095149,,,,0,30.0,0,0
75,15,7,6,25,Y6095150,,,,0,30.0,0,0
75,15,7,6,26,Y6095151,,,,0,30.0,0,0
75,15,7,6,27,Y6095152,,,,0,30.0,0,0
75,15,7,6,28,Y6095153,,,,0,30.0,0,0
75,15,7,6,29,Y6095154,,,,0,30.0,0,0
75,15,7,6,30,Y6095155,,,,0,30.0,0,0
75,15,7,7,10,Y6095156,,,,0,30.0,0,0
75,15,7,7,11,Y6095157,,,,0,30.0,0,0
75,15,7,7,12,Y6095158,,,,0,30.0,0,0
75,15,7,7,13,Y6095159,,,,0,30.0,0,0
75,15,7,7,14,Y6095160,,,,0,30.0,0,0
75,15,7,7,15,Y6095161,,,,0,30.0,0,0
75,15,7,7,16,Y6095162,,,,0,30.0,0,0
75,15,7,7,17,Y6095163,,,,0,30.0,0,0
75,15,7,7,18,Y6095164,,,,0,30.0,0,0
75,15,7,7,19,Y6095165,,,,0,30.0,0,0
75,15,7,7,20,Y6095166,,,,0,30.0,0,0
75,15,7,7,21,Y6095167,,,,0,30.0,0,0
75,15,7,7,22,Y6095168,,,,0,30.0,0,0
75,15,7,7,23,Y6095169,,,,0,30.0,0,0
75,15,7,7,24,Y6095170,,,,0,30.0,0,0
75,15,7,7,25,Y6095171,,,,0,30.0,0,0
75,15,7,7,26,Y6095172,,,,0,30.0,0,0
75,15,7,7,27,Y6095173,,,,0,30.0,0,0
75,15,7,7,28,Y6095174,,,,0,30.0,0,0
75,15,7,7,29,Y6095175,,,,0,30.0,0,0
75,15,7,7,30,Y6095176,,,,0,30.0,0,0
75,15,7,8,10,Y6095177,,,,0,30.0,0,0
75,15,7,8,11,Y6095178,,,,0,30.0,0,0
75,15,7,8,12,Y6095179,,,,0,30.0,0,0
75,15,7,8,13,Y6095180,,,,0,30.0,0,0
75,15,7,8,14,Y6095181,,,,0,30.0,0,0
75,15,7,8,15,Y6095182,,,,0,30.0,0,0
75,15,7,8,16,Y6095183,,,,0,30.0,0,0
75,15,7,8,17,Y6095184,,,,0,30.0,0,0
75,15,7,8,18,Y6095185,,,,0,30.0,0,0
75,15,7,8,19,Y6095186,,,,0,30.0,0,0
75,15,7,8,20,Y6095187,,,,0,30.0,0,0
75,15,7,8,21,Y6095188,,,,0,30.0,0,0
75,15,7,8,22,Y6095189,,,,0,30.0,0,0
75,15,7,8,23,Y6095190,,,,0,30.0,0,0
75,15,7,8,24,Y6095191,,,,0,30.0,0,0
75,15,7,8,25,Y6095192,,,,0,30.0,0,0
75,15,7,8,26,Y6095193,,,,0,30.0,0,0
75,15,7,8,27,Y6095194,,,,0,30.0,0,0
75,15,7,8,28,Y6095195,,,,0,30.0,0,0
75,15,7,8,29,Y6095196,,,,0,30.0,0,0
75,15,7,8,30,Y6095197,,,,0,30.0,0,0
75,15,7,9,10,Y6095198,,,,0,30.0,0,0
75,15,7,9,11,Y6095199,,,,0,30.0,0,0
75,15,7,9,12,Y6095200,,,,0,30.0,0,0
75,15,7,9,13,Y6095201,,,,0,30.0,0,0
75,15,7,9,14,Y6095202,,,,0,30.0,0,0
75,15,7,9,15,Y6095203,,,,0,30.0,0,0
75,15,7,9,16,Y6095204,,,,0,30.0,0,0
75,15,7,9,17,Y6095205,,,,0,30.0,0,0
75,15,7,9,18,Y6095206,,,,0,30.0,0,0
75,15,7,9,19,Y6095207,,,,0,30.0,0,0
75,15,7,9,20,Y6095208,,,,0,30.0,0,0
75,15,7,9,21,Y6095209,,,,0,30.0,0,0
75,15,7,9,22,Y6095210,,,,0,30.0,0,0
75,15,7,9,23,Y6095211,,,,0,30.0,0,0
75,15,7,9,24,Y6095212,,,,0,30.0,0,0
75,15,7,9,25,Y6095213,,,,0,30.0,0,0
75,15,7,9,26,Y6095214,,,,0,30.0,0,0
75,15,7,9,27,Y6095215,,,,0,30.0,0,0
75,15,7,9,28,Y6095216,,,,0,30.0,0,0
75,15,7,9,29,Y6095217,,,,0,30.0,0,0
75,15,7,9,30,Y6095218,,,,0,30.0,0,0
75,15,7,10,10,Y6095219,,,,0,30.0,0,0
75,15,7,10,11,Y6095220,,,,0,30.0,0,0
75,15,7,10,12,Y6095221,,,,0,30.0,0,0
75,15,7,10,13,Y6095222,,,,0,30.0,0,0
75,15,7,10,14,Y6095223,,,,0,30.0,0,0
75,15,7,10,15,Y6095224,,,,0,30.0,0,0
75,15,7,10,16,Y6095225,,,,0,30.0,0,0
75,15,7,10,17,Y6095226,,,,0,30.0,0,0
75,15,7,10,18,Y6095227,,,,0,30.0,0,0
75,15,7,10,19,Y6095228,,,,0,30.0,0,0
75,15,7,10,20,Y6095229,,,,0,30.0,0,0
75,15,7,10,21,Y6095230,,,,0,30.0,0,0
75,15,7,10,22,Y6095231,,,,0,30.0,0,0
75,15,7,10,23,Y6095232,,,,0,30.0,0,0
75,15,7,10,24,Y6095233,,,,0,30.0,0,0
75,15,7,10,25,Y6095234,,,,0,30.0,0,0
75,15,7,10,26,Y6095235,,,,0,30.0,0,0
75,15,7,10,27,Y6095236,,,,0,30.0,0,0
75,15,7,10,28,Y6095237,,,,0,30.0,0,0
75,15,7,10,29,Y6095238,,,,0,30.0,0,0
75,15,7,10,30,Y6095239,,,,0,30.0,0,0
75,15,7,11,10,Y6095240,,,,0,30.0,0,0
75,15,7,11,11,Y6095241,,,,0,30.0,0,0
75,15,7,11,12,Y6095242,,,,0,30.0,0,0
75,15,7,11,13,Y6095243,,,,0,30.0,0,0
75,15,7,11,14,Y6095244,,,,0,30.0,0,0
75,15,7,11,15,Y6095245,,,,0,30.0,0,0
75,15,7,11,16,Y6095246,,,,0,30.0,0,0
75,15,7,11,17,Y6095247,,,,0,30.0,0,0
75,15,7,11,18,Y6095248,,,,0,30.0,0,0
75,15,7,11,19,Y6095249,,,,0,30.0,0,0
75,15,7,11,20,Y6095250,,,,0,30.0,0,0
75,15,7,11,21,Y6095251,,,,0,30.0,0,0
75,15,7,11,22,Y6095252,,,,0,30.0,0,0
75,15,7,11,23,Y6095253,,,,0,30.0,0,0
75,15,7,11,24,Y6095254,,,,0,30.0,0,0
75,15,7,11,25,Y6095255,,,,0,30.0,0,0
75,15,7,11,26,Y6095256,,,,0,30.0,0,0
75,15,7,11,27,Y6095257,,,,0,30.0,0,0
75,15,7,11,28,Y6095258,,,,0,30.0,0,0
75,15,7,11,29,Y6095259,,,,0,30.0,0,0
75,15,7,11,30,Y6095260,,,,0,30.0,0,0
75,15,7,12,10,Y6095261,,,,0,30.0,0,0
75,15,7,12,11,Y6095262,,,,0,30.0,0,0
75,15,7,12,12,Y6095263,,,,0,30.0,0,0
75,15,7,12,13,Y6095264,,,,0,30.0,0,0
75,15,7,12,14,Y6095265,,,,0,30.0,0,0
75,15,7,12,15,Y6095266,,,,0,30.0,0,0
75,15,7,12,16,Y6095267,,,,0,30.0,0,0
75,15,7,12,17,Y6095268,,,,0,30.0,0,0
75,15,7,12,18,Y6095269,,,,0,30.0,0,0
75,15,7,12,19,Y6095270,,,,0,30.0,0,0
75,15,7,12,20,Y6095271,,,,0,30.0,0,0
75,15,7,12,21,Y6095272,,,,0,30.0,0,0
75,15,7,12,22,Y6095273,,,,0,30.0,0,0
75,15,7,12,23,Y6095274,,,,0,30.0,0,0
75,15,7,12,24,Y6095275,,,,0,30.0,0,0
75,15,7,12,25,Y6095276,,,,0,30.0,0,0
75,15,7,12,26,Y6095277,,,,0,30.0,0,0
75,15,7,12,27,Y6095278,,,,0,30.0,0,0
75,15,7,12,28,Y6095279,,,,0,30.0,0,0
75,15,7,12,29,Y6095280,,,,0,30.0,0,0
75,15,7,12,30,Y6095281,,,,0,30.0,0,0
75,15,8,1,10,Y6095282,,,,0,30.0,0,0
75,15,8,1,11,Y6095283,,,,0,30.0,0,0
75,15,8,1,12,Y6095284,,,,0,30.0,0,0
75,15,8,1,13,Y6095285,,,,0,30.0,0,0
75,15,8,1,14,Y6095286,,,,0,30.0,0,0
75,15,8,1,15,Y6095287,,,,0,30.0,0,0
75,15,8,1,16,Y6095288,,,,0,30.0,0,0
75,15,8,1,17,Y6095289,,,,0,30.0,0,0
75,15,8,1,18,Y6095290,,,,0,30.0,0,0
75,15,8,1,19,Y6095291,,,,0,30.0,0,0
75,15,8,1,20,Y6095292,,,,0,30.0,0,0
75,15,8,1,21,Y6095293,,,,0,30.0,0,0
75,15,8,1,22,Y6095294,,,,0,30.0,0,0
75,15,8,1,23,Y6095295,,,,0,30.0,0,0
75,15,8,1,24,Y6095296,,,,0,30.0,0,0
75,15,8,1,25,Y6095297,,,,0,30.0,0,0
75,15,8,1,26,Y6095298,,,,0,30.0,0,0
75,15,8,1,27,Y6095299,,,,0,30.0,0,0
75,15,8,1,28,Y6095300,,,,0,30.0,0,0
75,15,8,1,29,Y6095301,,,,0,30.0,0,0
75,15,8,1,30,Y6095302,,,,0,30.0,0,0
75,15,8,2,10,Y6095303,,,,0,30.0,0,0
75,15,8,2,11,Y6095304,,,,0,30.0,0,0
75,15,8,2,12,Y6095305,,,,0,30.0,0,0
75,15,8,2,13,Y6095306,,,,0,30.0,0,0
75,15,8,2,14,Y6095307,,,,0,30.0,0,0
75,15,8,2,15,Y6095308,,,,0,30.0,0,0
75,15,8,2,16,Y6095309,,,,0,30.0,0,0
75,15,8,2,17,Y6095310,,,,0,30.0,0,0
75,15,8,2,18,Y6095311,,,,0,30.0,0,0
75,15,8,2,19,Y6095312,,,,0,30.0,0,0
75,15,8,2,20,Y6095313,,,,0,30.0,0,0
75,15,8,2,21,Y6095314,,,,0,30.0,0,0
75,15,8,2,22,Y6095315,,,,0,30.0,0,0
75,15,8,2,23,Y6095316,,,,0,30.0,0,0
75,15,8,2,24,Y6095317,,,,0,30.0,0,0
75,15,8,2,25,Y6095318,,,,0,30.0,0,0
75,15,8,2,26,Y6095319,,,,0,30.0,0,0
75,15,8,2,27,Y6095320,,,,0,30.0,0,0
75,15,8,2,28,Y6095321,,,,0,30.0,0,0
75,15,8,2,29,Y6095322,,,,0,30.0,0,0
75,15,8,2,30,Y6095323,,,,0,30.0,0,0
75,15,8,3,10,Y6095324,,,,0,30.0,0,0
75,15,8,3,11,Y6095325,,,,0,30.0,0,0
75,15,8,3,12,Y6095326,,,,0,30.0,0,0
75,15,8,3,13,Y6095327,,,,0,30.0,0,0
75,15,8,3,14,Y6095328,,,,0,30.0,0,0
75,15,8,3,15,Y6095329,,,,0,30.0,0,0
75,15,8,3,16,Y6095330,,,,0,30.0,0,0
75,15,8,3,17,Y6095331,,,,0,30.0,0,0
75,15,8,3,18,Y6095332,,,,0,30.0,0,0
75,15,8,3,19,Y6095333,,,,0,30.0,0,0
75,15,8,3,20,Y6095334,,,,0,30.0,0,0
75,15,8,3,21,Y6095335,,,,0,30.0,0,0
75,15,8,3,22,Y6095336,,,,0,30.0,0,0
75,15,8,3,23,Y6095337,,,,0,30.0,0,0
75,15,8,3,24,Y6095338,,,,0,30.0,0,0
75,15,8,3,25,Y6095339,,,,0,30.0,0,0
75,15,8,3,26,Y6095340,,,,0,30.0,0,0
75,15,8,3,27,Y6095341,,,,0,30.0,0,0
75,15,8,3,28,Y6095342,,,,0,30.0,0,0
75,15,8,3,29,Y6095343,,,,0,30.0,0,0
75,15,8,3,30,Y6095344,,,,0,30.0,0,0
75,15,8,4,10,Y6095345,,,,0,30.0,0,0
75,15,8,4,11,Y6095346,,,,0,30.0,0,0
75,15,8,4,12,Y6095347,,,,0,30.0,0,0
75,15,8,4,13,Y6095348,,,,0,30.0,0,0
75,15,8,4,14,Y6095349,,,,0,30.0,0,0
75,15,8,4,15,Y6095350,,,,0,30.0,0,0
75,15,8,4,16,Y6095351,,,,0,30.0,0,0
75,15,8,4,17,Y6095352,,,,0,30.0,0,0
75,15,8,4,18,Y6095353,,,,0,30.0,0,0
75,15,8,4,19,Y6095354,,,,0,30.0,0,0
75,15,8,4,20,Y6095355,,,,0,30.0,0,0
75,15,8,4,21,Y6095356,,,,0,30.0,0,0
75,15,8,4,22,Y6095357,,,,0,30.0,0,0
75,15,8,4,23,Y6095358,,,,0,30.0,0,0
75,15,8,4,24,Y6095359,,,,0,30.0,0,0
75,15,8,4,25,Y6095360,,,,0,30.0,0,0
75,15,8,4,26,Y6095361,,,,0,30.0,0,0
75,15,8,4,27,Y6095362,,,,0,30.0,0,0
75,15,8,4,28,Y6095363,,,,0,30.0,0,0
75,15,8,4,29,Y6095364,,,,0,30.0,0,0
75,15,8,4,30,Y6095365,,,,0,30.0,0,0
75,15,8,5,10,Y6095366,,,,0,30.0,0,0
75,15,8,5,11,Y6095367,,,,0,30.0,0,0
75,15,8,5,12,Y6095368,,,,0,30.0,0,0
75,15,8,5,13,Y6095369,,,,0,30.0,0,0
75,15,8,5,14,Y6095370,,,,0,30.0,0,0
75,15,8,5,15,Y6095371,,,,0,30.0,0,0
75,15,8,5,16,Y6095372,,,,0,30.0,0,0
75,15,8,5,17,Y6095373,,,,0,30.0,0,0
75,15,8,5,18,Y6095374,,,,0,30.0,0,0
75,15,8,5,19,Y6095375,,,,0,30.0,0,0
75,15,8,5,20,Y6095376,,,,0,30.0,0,0
75,15,8,5,21,Y6095377,,,,0,30.0,0,0
75,15,8,5,22,Y6095378,,,,0,30.0,0,0
75,15,8,5,23,Y6095379,,,,0,30.0,0,0
75,15,8,5,24,Y6095380,,,,0,30.0,0,0
75,15,8,5,25,Y6095381,,,,0,30.0,0,0
75,15,8,5,26,Y6095382,,,,0,30.0,0,0
75,15,8,5,27,Y6095383,,,,0,30.0,0,0
75,15,8,5,28,Y6095384,,,,0,30.0,0,0
75,15,8,5,29,Y6095385,,,,0,30.0,0,0
75,15,8,5,30,Y6095386,,,,0,30.0,0,0
75,15,8,6,10,Y6095387,,,,0,30.0,0,0
75,15,8,6,11,Y6095388,,,,0,30.0,0,0
75,15,8,6,12,Y6095389,,,,0,30.0,0,0
75,15,8,6,13,Y6095390,,,,0,30.0,0,0
75,15,8,6,14,Y6095391,,,,0,30.0,0,0
75,15,8,6,15,Y6095392,,,,0,30.0,0,0
75,15,8,6,16,Y6095393,,,,0,30.0,0,0
75,15,8,6,17,Y6095394,,,,0,30.0,0,0
75,15,8,6,18,Y6095395,,,,0,30.0,0,0
75,15,8,6,19,Y6095396,,,,0,30.0,0,0
75,15,8,6,20,Y6095397,,,,0,30.0,0,0
75,15,8,6,21,Y6095398,,,,0,30.0,0,0
75,15,8,6,22,Y6095399,,,,0,30.0,0,0
75,15,8,6,23,Y6095400,,,,0,30.0,0,0
75,15,8,6,24,Y6095401,,,,0,30.0,0,0
75,15,8,6,25,Y6095402,,,,0,30.0,0,0
75,15,8,6,26,Y6095403,,,,0,30.0,0,0
75,15,8,6,27,Y6095404,,,,0,30.0,0,0
75,15,8,6,28,Y6095405,,,,0,30.0,0,0
75,15,8,6,29,Y6095406,,,,0,30.0,0,0
75,15,8,6,30,Y6095407,,,,0,30.0,0,0
75,15,8,7,10,Y6095408,,,,0,30.0,0,0
75,15,8,7,11,Y6095409,,,,0,30.0,0,0
75,15,8,7,12,Y6095410,,,,0,30.0,0,0
75,15,8,7,13,Y6095411,,,,0,30.0,0,0
75,15,8,7,14,Y6095412,,,,0,30.0,0,0
75,15,8,7,15,Y6095413,,,,0,30.0,0,0
75,15,8,7,16,Y6095414,,,,0,30.0,0,0
75,15,8,7,17,Y6095415,,,,0,30.0,0,0
75,15,8,7,18,Y6095416,,,,0,30.0,0,0
75,15,8,7,19,Y6095417,,,,0,30.0,0,0
75,15,8,7,20,Y6095418,,,,0,30.0,0,0
75,15,8,7,21,Y6095419,,,,0,30.0,0,0
75,15,8,7,22,Y6095420,,,,0,30.0,0,0
75,15,8,7,23,Y6095421,,,,0,30.0,0,0
75,15,8,7,24,Y6095422,,,,0,30.0,0,0
75,15,8,7,25,Y6095423,,,,0,30.0,0,0
75,15,8,7,26,Y6095424,,,,0,30.0,0,0
75,15,8,7,27,Y6095425,,,,0,30.0,0,0
75,15,8,7,28,Y6095426,,,,0,30.0,0,0
75,15,8,7,29,Y6095427,,,,0,30.0,0,0
75,15,8,7,30,Y6095428,,,,0,30.0,0,0
75,15,8,8,10,Y6095429,,,,0,30.0,0,0
75,15,8,8,11,Y6095430,,,,0,30.0,0,0
75,15,8,8,12,Y6095431,,,,0,30.0,0,0
75,15,8,8,13,Y6095432,,,,0,30.0,0,0
75,15,8,8,14,Y6095433,,,,0,30.0,0,0
75,15,8,8,15,Y6095434,,,,0,30.0,0,0
75,15,8,8,16,Y6095435,,,,0,30.0,0,0
75,15,8,8,17,Y6095436,,,,0,30.0,0,0
75,15,8,8,18,Y6095437,,,,0,30.0,0,0
75,15,8,8,19,Y6095438,,,,0,30.0,0,0
75,15,8,8,20,Y6095439,,,,0,30.0,0,0
75,15,8,8,21,Y6095440,,,,0,30.0,0,0
75,15,8,8,22,Y6095441,,,,0,30.0,0,0
75,15,8,8,23,Y6095442,,,,0,30.0,0,0
75,15,8,8,24,Y6095443,,,,0,30.0,0,0
75,15,8,8,25,Y6095444,,,,0,30.0,0,0
75,15,8,8,26,Y6095445,,,,0,30.0,0,0
75,15,8,8,27,Y6095446,,,,0,30.0,0,0
75,15,8,8,28,Y6095447,,,,0,30.0,0,0
75,15,8,8,29,Y6095448,,,,0,30.0,0,0
75,15,8,8,30,Y6095449,,,,0,30.0,0,0
75,15,8,9,10,Y6095450,,,,0,30.0,0,0
75,15,8,9,11,Y6095451,,,,0,30.0,0,0
75,15,8,9,12,Y6095452,,,,0,30.0,0,0
75,15,8,9,13,Y6095453,,,,0,30.0,0,0
75,15,8,9,14,Y6095454,,,,0,30.0,0,0
75,15,8,9,15,Y6095455,,,,0,30.0,0,0
75,15,8,9,16,Y6095456,,,,0,30.0,0,0
75,15,8,9,17,Y6095457,,,,0,30.0,0,0
75,15,8,9,18,Y6095458,,,,0,30.0,0,0
75,15,8,9,19,Y6095459,,,,0,30.0,0,0
75,15,8,9,20,Y6095460,,,,0,30.0,0,0
75,15,8,9,21,Y6095461,,,,0,30.0,0,0
75,15,8,9,22,Y6095462,,,,0,30.0,0,0
75,15,8,9,23,Y6095463,,,,0,30.0,0,0
75,15,8,9,24,Y6095464,,,,0,30.0,0,0
75,15,8,9,25,Y6095465,,,,0,30.0,0,0
75,15,8,9,26,Y6095466,,,,0,30.0,0,0
75,15,8,9,27,Y6095467,,,,0,30.0,0,0
75,15,8,9,28,Y6095468,,,,0,30.0,0,0
75,15,8,9,29,Y6095469,,,,0,30.0,0,0
75,15,8,9,30,Y6095470,,,,0,30.0,0,0
75,15,8,10,10,Y6095471,,,,0,30.0,0,0
75,15,8,10,11,Y6095472,,,,0,30.0,0,0
75,15,8,10,12,Y6095473,,,,0,30.0,0,0
75,15,8,10,13,Y6095474,,,,0,30.0,0,0
75,15,8,10,14,Y6095475,,,,0,30.0,0,0
75,15,8,10,15,Y6095476,,,,0,30.0,0,0
75,15,8,10,16,Y6095477,,,,0,30.0,0,0
75,15,8,10,17,Y6095478,,,,0,30.0,0,0
75,15,8,10,18,Y6095479,,,,0,30.0,0,0
75,15,8,10,19,Y6095480,,,,0,30.0,0,0
75,15,8,10,20,Y6095481,,,,0,30.0,0,0
75,15,8,10,21,Y6095482,,,,0,30.0,0,0
75,15,8,10,22,Y6095483,,,,0,30.0,0,0
75,15,8,10,23,Y6095484,,,,0,30.0,0,0
75,15,8,10,24,Y6095485,,,,0,30.0,0,0
75,15,8,10,25,Y6095486,,,,0,30.0,0,0
75,15,8,10,26,Y6095487,,,,0,30.0,0,0
75,15,8,10,27,Y6095488,,,,0,30.0,0,0
75,15,8,10,28,Y6095489,,,,0,30.0,0,0
75,15,8,10,29,Y6095490,,,,0,30.0,0,0
75,15,8,10,30,Y6095491,,,,0,30.0,0,0
75,15,8,11,10,Y6095492,,,,0,30.0,0,0
75,15,8,11,11,Y6095493,,,,0,30.0,0,0
75,15,8,11,12,Y6095494,,,,0,30.0,0,0
75,15,8,11,13,Y6095495,,,,0,30.0,0,0
75,15,8,11,14,Y6095496,,,,0,30.0,0,0
75,15,8,11,15,Y6095497,,,,0,30.0,0,0
75,15,8,11,16,Y6095498,,,,0,30.0,0,0
75,15,8,11,17,Y6095499,,,,0,30.0,0,0
75,15,8,11,18,Y6095500,,,,0,30.0,0,0
75,15,8,11,19,Y6095501,,,,0,30.0,0,0
75,15,8,11,20,Y6095502,,,,0,30.0,0,0
75,15,8,11,21,Y6095503,,,,0,30.0,0,0
75,15,8,11,22,Y6095504,,,,0,30.0,0,0
75,15,8,11,23,Y6095505,,,,0,30.0,0,0
75,15,8,11,24,Y6095506,,,,0,30.0,0,0
75,15,8,11,25,Y6095507,,,,0,30.0,0,0
75,15,8,11,26,Y6095508,,,,0,30.0,0,0
75,15,8,11,27,Y6095509,,,,0,30.0,0,0
75,15,8,11,28,Y6095510,,,,0,30.0,0,0
75,15,8,11,29,Y6095511,,,,0,30.0,0,0
75,15,8,11,30,Y6095512,,,,0,30.0,0,0
75,15,8,12,10,Y6095513,,,,0,30.0,0,0
75,15,8,12,11,Y6095514,,,,0,30.0,0,0
75,15,8,12,12,Y6095515,,,,0,30.0,0,0
75,15,8,12,13,Y6095516,,,,0,30.0,0,0
75,15,8,12,14,Y6095517,,,,0,30.0,0,0
75,15,8,12,15,Y6095518,,,,0,30.0,0,0
75,15,8,12,16,Y6095519,,,,0,30.0,0,0
75,15,8,12,17,Y6095520,,,,0,30.0,0,0
75,15,8,12,18,Y6095521,,,,0,30.0,0,0
75,15,8,12,19,Y6095522,,,,0,30.0,0,0
75,15,8,12,20,Y6095523,,,,0,30.0,0,0
75,15,8,12,21,Y6095524,,,,0,30.0,0,0
75,15,8,12,22,Y6095525,,,,0,30.0,0,0
75,15,8,12,23,Y6095526,,,,0,30.0,0,0
75,15,8,12,24,Y6095527,,,,0,30.0,0,0
75,15,8,12,25,Y6095528,,,,0,30.0,0,0
75,15,8,12,26,Y6095529,,,,0,30.0,0,0
75,15,8,12,27,Y6095530,,,,0,30.0,0,0
75,15,8,12,28,Y6095531,,,,0,30.0,0,0
75,15,8,12,29,Y6095532,,,,0,30.0,0,0
75,15,8,12,30,Y6095533,,,,0,30.0,0,0
75,15,9,1,10,Y6095534,,,,0,30.0,0,0
75,15,9,1,11,Y6095535,,,,0,30.0,0,0
75,15,9,1,12,Y6095536,,,,0,30.0,0,0
75,15,9,1,13,Y6095537,,,,0,30.0,0,0
75,15,9,1,14,Y6095538,,,,0,30.0,0,0
75,15,9,1,15,Y6095539,,,,0,30.0,0,0
75,15,9,1,16,Y6095540,,,,0,30.0,0,0
75,15,9,1,17,Y6095541,,,,0,30.0,0,0
75,15,9,1,18,Y6095542,,,,0,30.0,0,0
75,15,9,1,19,Y6095543,,,,0,30.0,0,0
75,15,9,1,20,Y6095544,,,,0,30.0,0,0
75,15,9,1,21,Y6095545,,,,0,30.0,0,0
75,15,9,1,22,Y6095546,,,,0,30.0,0,0
75,15,9,1,23,Y6095547,,,,0,30.0,0,0
75,15,9,1,24,Y6095548,,,,0,30.0,0,0
75,15,9,1,25,Y6095549,,,,0,30.0,0,0
75,15,9,1,26,Y6095550,,,,0,30.0,0,0
75,15,9,1,27,Y6095551,,,,0,30.0,0,0
75,15,9,1,28,Y6095552,,,,0,30.0,0,0
75,15,9,1,29,Y6095553,,,,0,30.0,0,0
75,15,9,1,30,Y6095554,,,,0,30.0,0,0
75,15,9,2,10,Y6095555,,,,0,30.0,0,0
75,15,9,2,11,Y6095556,,,,0,30.0,0,0
75,15,9,2,12,Y6095557,,,,0,30.0,0,0
75,15,9,2,13,Y6095558,,,,0,30.0,0,0
75,15,9,2,14,Y6095559,,,,0,30.0,0,0
75,15,9,2,15,Y6095560,,,,0,30.0,0,0
75,15,9,2,16,Y6095561,,,,0,30.0,0,0
75,15,9,2,17,Y6095562,,,,0,30.0,0,0
75,15,9,2,18,Y6095563,,,,0,30.0,0,0
75,15,9,2,19,Y6095564,,,,0,30.0,0,0
75,15,9,2,20,Y6095565,,,,0,30.0,0,0
75,15,9,2,21,Y6095566,,,,0,30.0,0,0
75,15,9,2,22,Y6095567,,,,0,30.0,0,0
75,15,9,2,23,Y6095568,,,,0,30.0,0,0
75,15,9,2,24,Y6095569,,,,0,30.0,0,0
75,15,9,2,25,Y6095570,,,,0,30.0,0,0
75,15,9,2,26,Y6095571,,,,0,30.0,0,0
75,15,9,2,27,Y6095572,,,,0,30.0,0,0
75,15,9,2,28,Y6095573,,,,0,30.0,0,0
75,15,9,2,29,Y6095574,,,,0,30.0,0,0
75,15,9,2,30,Y6095575,,,,0,30.0,0,0
75,15,9,3,10,Y6095576,,,,0,30.0,0,0
75,15,9,3,11,Y6095577,,,,0,30.0,0,0
75,15,9,3,12,Y6095578,,,,0,30.0,0,0
75,15,9,3,13,Y6095579,,,,0,30.0,0,0
75,15,9,3,14,Y6095580,,,,0,30.0,0,0
75,15,9,3,15,Y6095581,,,,0,30.0,0,0
75,15,9,3,16,Y6095582,,,,0,30.0,0,0
75,15,9,3,17,Y6095583,,,,0,30.0,0,0
75,15,9,3,18,Y6095584,,,,0,30.0,0,0
75,15,9,3,19,Y6095585,,,,0,30.0,0,0
75,15,9,3,20,Y6095586,,,,0,30.0,0,0
75,15,9,3,21,Y6095587,,,,0,30.0,0,0
75,15,9,3,22,Y6095588,,,,0,30.0,0,0
75,15,9,3,23,Y6095589,,,,0,30.0,0,0
75,15,9,3,24,Y6095590,,,,0,30.0,0,0
75,15,9,3,25,Y6095591,,,,0,30.0,0,0
75,15,9,3,26,Y6095592,,,,0,30.0,0,0
75,15,9,3,27,Y6095593,,,,0,30.0,0,0
75,15,9,3,28,Y6095594,,,,0,30.0,0,0
75,15,9,3,29,Y6095595,,,,0,30.0,0,0
75,15,9,3,30,Y6095596,,,,0,30.0,0,0
75,15,9,4,10,Y6095597,,,,0,30.0,0,0
75,15,9,4,11,Y6095598,,,,0,30.0,0,0
75,15,9,4,12,Y6095599,,,,0,30.0,0,0
75,15,9,4,13,Y6095600,,,,0,30.0,0,0
75,15,9,4,14,Y6095601,,,,0,30.0,0,0
75,15,9,4,15,Y6095602,,,,0,30.0,0,0
75,15,9,4,16,Y6095603,,,,0,30.0,0,0
75,15,9,4,17,Y6095604,,,,0,30.0,0,0
75,15,9,4,18,Y6095605,,,,0,30.0,0,0
75,15,9,4,19,Y6095606,,,,0,30.0,0,0
75,15,9,4,20,Y6095607,,,,0,30.0,0,0
75,15,9,4,21,Y6095608,,,,0,30.0,0,0
75,15,9,4,22,Y6095609,,,,0,30.0,0,0
75,15,9,4,23,Y6095610,,,,0,30.0,0,0
75,15,9,4,24,Y6095611,,,,0,30.0,0,0
75,15,9,4,25,Y6095612,,,,0,30.0,0,0
75,15,9,4,26,Y6095613,,,,0,30.0,0,0
75,15,9,4,27,Y6095614,,,,0,30.0,0,0
75,15,9,4,28,Y6095615,,,,0,30.0,0,0
75,15,9,4,29,Y6095616,,,,0,30.0,0,0
75,15,9,4,30,Y6095617,,,,0,30.0,0,0
75,15,9,5,10,Y6095618,,,,0,30.0,0,0
75,15,9,5,11,Y6095619,,,,0,30.0,0,0
75,15,9,5,12,Y6095620,,,,0,30.0,0,0
75,15,9,5,13,Y6095621,,,,0,30.0,0,0
75,15,9,5,14,Y6095622,,,,0,30.0,0,0
75,15,9,5,15,Y6095623,,,,0,30.0,0,0
75,15,9,5,16,Y6095624,,,,0,30.0,0,0
75,15,9,5,17,Y6095625,,,,0,30.0,0,0
75,15,9,5,18,Y6095626,,,,0,30.0,0,0
75,15,9,5,19,Y6095627,,,,0,30.0,0,0
75,15,9,5,20,Y6095628,,,,0,30.0,0,0
75,15,9,5,21,Y6095629,,,,0,30.0,0,0
75,15,9,5,22,Y6095630,,,,0,30.0,0,0
75,15,9,5,23,Y6095631,,,,0,30.0,0,0
75,15,9,5,24,Y6095632,,,,0,30.0,0,0
75,15,9,5,25,Y6095633,,,,0,30.0,0,0
75,15,9,5,26,Y6095634,,,,0,30.0,0,0
75,15,9,5,27,Y6095635,,,,0,30.0,0,0
75,15,9,5,28,Y6095636,,,,0,30.0,0,0
75,15,9,5,29,Y6095637,,,,0,30.0,0,0
75,15,9,5,30,Y6095638,,,,0,30.0,0,0
75,15,9,6,10,Y6095639,,,,0,30.0,0,0
75,15,9,6,11,Y6095640,,,,0,30.0,0,0
75,15,9,6,12,Y6095641,,,,0,30.0,0,0
75,15,9,6,13,Y6095642,,,,0,30.0,0,0
75,15,9,6,14,Y6095643,,,,0,30.0,0,0
75,15,9,6,15,Y6095644,,,,0,30.0,0,0
75,15,9,6,16,Y6095645,,,,0,30.0,0,0
75,15,9,6,17,Y6095646,,,,0,30.0,0,0
75,15,9,6,18,Y6095647,,,,0,30.0,0,0
75,15,9,6,19,Y6095648,,,,0,30.0,0,0
75,15,9,6,20,Y6095649,,,,0,30.0,0,0
75,15,9,6,21,Y6095650,,,,0,30.0,0,0
75,15,9,6,22,Y6095651,,,,0,30.0,0,0
75,15,9,6,23,Y6095652,,,,0,30.0,0,0
75,15,9,6,24,Y6095653,,,,0,30.0,0,0
75,15,9,6,25,Y6095654,,,,0,30.0,0,0
75,15,9,6,26,Y6095655,,,,0,30.0,0,0
75,15,9,6,27,Y6095656,,,,0,30.0,0,0
75,15,9,6,28,Y6095657,,,,0,30.0,0,0
75,15,9,6,29,Y6095658,,,,0,30.0,0,0
75,15,9,6,30,Y6095659,,,,0,30.0,0,0
75,15,9,7,10,Y6095660,,,,0,30.0,0,0
75,15,9,7,11,Y6095661,,,,0,30.0,0,0
75,15,9,7,12,Y6095662,,,,0,30.0,0,0
75,15,9,7,13,Y6095663,,,,0,30.0,0,0
75,15,9,7,14,Y6095664,,,,0,30.0,0,0
75,15,9,7,15,Y6095665,,,,0,30.0,0,0
75,15,9,7,16,Y6095666,,,,0,30.0,0,0
75,15,9,7,17,Y6095667,,,,0,30.0,0,0
75,15,9,7,18,Y6095668,,,,0,30.0,0,0
75,15,9,7,19,Y6095669,,,,0,30.0,0,0
75,15,9,7,20,Y6095670,,,,0,30.0,0,0
75,15,9,7,21,Y6095671,,,,0,30.0,0,0
75,15,9,7,22,Y6095672,,,,0,30.0,0,0
75,15,9,7,23,Y6095673,,,,0,30.0,0,0
75,15,9,7,24,Y6095674,,,,0,30.0,0,0
75,15,9,7,25,Y6095675,,,,0,30.0,0,0
75,15,9,7,26,Y6095676,,,,0,30.0,0,0
75,15,9,7,27,Y6095677,,,,0,30.0,0,0
75,15,9,7,28,Y6095678,,,,0,30.0,0,0
75,15,9,7,29,Y6095679,,,,0,30.0,0,0
75,15,9,7,30,Y6095680,,,,0,30.0,0,0
75,15,9,8,10,Y6095681,,,,0,30.0,0,0
75,15,9,8,11,Y6095682,,,,0,30.0,0,0
75,15,9,8,12,Y6095683,,,,0,30.0,0,0
75,15,9,8,13,Y6095684,,,,0,30.0,0,0
75,15,9,8,14,Y6095685,,,,0,30.0,0,0
75,15,9,8,15,Y6095686,,,,0,30.0,0,0
75,15,9,8,16,Y6095687,,,,0,30.0,0,0
75,15,9,8,17,Y6095688,,,,0,30.0,0,0
75,15,9,8,18,Y6095689,,,,0,30.0,0,0
75,15,9,8,19,Y6095690,,,,0,30.0,0,0
75,15,9,8,20,Y6095691,,,,0,30.0,0,0
75,15,9,8,21,Y6095692,,,,0,30.0,0,0
75,15,9,8,22,Y6095693,,,,0,30.0,0,0
75,15,9,8,23,Y6095694,,,,0,30.0,0,0
75,15,9,8,24,Y6095695,,,,0,30.0,0,0
75,15,9,8,25,Y6095696,,,,0,30.0,0,0
75,15,9,8,26,Y6095697,,,,0,30.0,0,0
75,15,9,8,27,Y6095698,,,,0,30.0,0,0
75,15,9,8,28,Y6095699,,,,0,30.0,0,0
75,15,9,8,29,Y6095700,,,,0,30.0,0,0
75,15,9,8,30,Y6095701,,,,0,30.0,0,0
75,15,9,9,10,Y6095702,,,,0,30.0,0,0
75,15,9,9,11,Y6095703,,,,0,30.0,0,0
75,15,9,9,12,Y6095704,,,,0,30.0,0,0
75,15,9,9,13,Y6095705,,,,0,30.0,0,0
75,15,9,9,14,Y6095706,,,,0,30.0,0,0
75,15,9,9,15,Y6095707,,,,0,30.0,0,0
75,15,9,9,16,Y6095708,,,,0,30.0,0,0
75,15,9,9,17,Y6095709,,,,0,30.0,0,0
75,15,9,9,18,Y6095710,,,,0,30.0,0,0
75,15,9,9,19,Y6095711,,,,0,30.0,0,0
75,15,9,9,20,Y6095712,,,,0,30.0,0,0
75,15,9,9,21,Y6095713,,,,0,30.0,0,0
75,15,9,9,22,Y6095714,,,,0,30.0,0,0
75,15,9,9,23,Y6095715,,,,0,30.0,0,0
75,15,9,9,24,Y6095716,,,,0,30.0,0,0
75,15,9,9,25,Y6095717,,,,0,30.0,0,0
75,15,9,9,26,Y6095718,,,,0,30.0,0,0
75,15,9,9,27,Y6095719,,,,0,30.0,0,0
75,15,9,9,28,Y6095720,,,,0,30.0,0,0
75,15,9,9,29,Y6095721,,,,0,30.0,0,0
75,15,9,9,30,Y6095722,,,,0,30.0,0,0
75,15,9,10,10,Y6095723,,,,0,30.0,0,0
75,15,9,10,11,Y6095724,,,,0,30.0,0,0
75,15,9,10,12,Y6095725,,,,0,30.0,0,0
75,15,9,10,13,Y6095726,,,,0,30.0,0,0
75,15,9,10,14,Y6095727,,,,0,30.0,0,0
75,15,9,10,15,Y6095728,,,,0,30.0,0,0
75,15,9,10,16,Y6095729,,,,0,30.0,0,0
75,15,9,10,17,Y6095730,,,,0,30.0,0,0
75,15,9,10,18,Y6095731,,,,0,30.0,0,0
75,15,9,10,19,Y6095732,,,,0,30.0,0,0
75,15,9,10,20,Y6095733,,,,0,30.0,0,0
75,15,9,10,21,Y6095734,,,,0,30.0,0,0
75,15,9,10,22,Y6095735,,,,0,30.0,0,0
75,15,9,10,23,Y6095736,,,,0,30.0,0,0
75,15,9,10,24,Y6095737,,,,0,30.0,0,0
75,15,9,10,25,Y6095738,,,,0,30.0,0,0
75,15,9,10,26,Y6095739,,,,0,30.0,0,0
75,15,9,10,27,Y6095740,,,,0,30.0,0,0
75,15,9,10,28,Y6095741,,,,0,30.0,0,0
75,15,9,10,29,Y6095742,,,,0,30.0,0,0
75,15,9,10,30,Y6095743,,,,0,30.0,0,0
75,15,9,11,10,Y6095744,,,,0,30.0,0,0
75,15,9,11,11,Y6095745,,,,0,30.0,0,0
75,15,9,11,12,Y6095746,,,,0,30.0,0,0
75,15,9,11,13,Y6095747,,,,0,30.0,0,0
75,15,9,11,14,Y6095748,,,,0,30.0,0,0
75,15,9,11,15,Y6095749,,,,0,30.0,0,0
75,15,9,11,16,Y6095750,,,,0,30.0,0,0
75,15,9,11,17,Y6095751,,,,0,30.0,0,0
75,15,9,11,18,Y6095752,,,,0,30.0,0,0
75,15,9,11,19,Y6095753,,,,0,30.0,0,0
75,15,9,11,20,Y6095754,,,,0,30.0,0,0
75,15,9,11,21,Y6095755,,,,0,30.0,0,0
75,15,9,11,22,Y6095756,,,,0,30.0,0,0
75,15,9,11,23,Y6095757,,,,0,30.0,0,0
75,15,9,11,24,Y6095758,,,,0,30.0,0,0
75,15,9,11,25,Y6095759,,,,0,30.0,0,0
75,15,9,11,26,Y6095760,,,,0,30.0,0,0
75,15,9,11,27,Y6095761,,,,0,30.0,0,0
75,15,9,11,28,Y6095762,,,,0,30.0,0,0
75,15,9,11,29,Y6095763,,,,0,30.0,0,0
75,15,9,11,30,Y6095764,,,,0,30.0,0,0
75,15,9,12,10,Y6095765,,,,0,30.0,0,0
75,15,9,12,11,Y6095766,,,,0,30.0,0,0
75,15,9,12,12,Y6095767,,,,0,30.0,0,0
75,15,9,12,13,Y6095768,,,,0,30.0,0,0
75,15,9,12,14,Y6095769,,,,0,30.0,0,0
75,15,9,12,15,Y6095770,,,,0,30.0,0,0
75,15,9,12,16,Y6095771,,,,0,30.0,0,0
75,15,9,12,17,Y6095772,,,,0,30.0,0,0
75,15,9,12,18,Y6095773,,,,0,30.0,0,0
75,15,9,12,19,Y6095774,,,,0,30.0,0,0
75,15,9,12,20,Y6095775,,,,0,30.0,0,0
75,15,9,12,21,Y6095776,,,,0,30.0,0,0
75,15,9,12,22,Y6095777,,,,0,30.0,0,0
75,15,9,12,23,Y6095778,,,,0,30.0,0,0
75,15,9,12,24,Y6095779,,,,0,30.0,0,0
75,15,9,12,25,Y6095780,,,,0,30.0,0,0
75,15,9,12,26,Y6095781,,,,0,30.0,0,0
75,15,9,12,27,Y6095782,,,,0,30.0,0,0
75,15,9,12,28,Y6095783,,,,0,30.0,0,0
75,15,9,12,29,Y6095784,,,,0,30.0,0,0
75,15,9,12,30,Y6095785,,,,0,30.0,0,0
75,15,10,1,10,Y6095786,,,,0,30.0,0,0
75,15,10,1,11,Y6095787,,,,0,30.0,0,0
75,15,10,1,12,Y6095788,,,,0,30.0,0,0
75,15,10,1,13,Y6095789,,,,0,30.0,0,0
75,15,10,1,14,Y6095790,,,,0,30.0,0,0
75,15,10,1,15,Y6095791,,,,0,30.0,0,0
75,15,10,1,16,Y6095792,,,,0,30.0,0,0
75,15,10,1,17,Y6095793,,,,0,30.0,0,0
75,15,10,1,18,Y6095794,,,,0,30.0,0,0
75,15,10,1,19,Y6095795,,,,0,30.0,0,0
75,15,10,1,20,Y6095796,,,,0,30.0,0,0
75,15,10,1,21,Y6095797,,,,0,30.0,0,0
75,15,10,1,22,Y6095798,,,,0,30.0,0,0
75,15,10,1,23,Y6095799,,,,0,30.0,0,0
75,15,10,1,24,Y6095800,,,,0,30.0,0,0
75,15,10,1,25,Y6095801,,,,0,30.0,0,0
75,15,10,1,26,Y6095802,,,,0,30.0,0,0
75,15,10,1,27,Y6095803,,,,0,30.0,0,0
75,15,10,1,28,Y6095804,,,,0,30.0,0,0
75,15,10,1,29,Y6095805,,,,0,30.0,0,0
75,15,10,1,30,Y6095806,,,,0,30.0,0,0
75,15,10,2,10,Y6095807,,,,0,30.0,0,0
75,15,10,2,11,Y6095808,,,,0,30.0,0,0
75,15,10,2,12,Y6095809,,,,0,30.0,0,0
75,15,10,2,13,Y6095810,,,,0,30.0,0,0
75,15,10,2,14,Y6095811,,,,0,30.0,0,0
75,15,10,2,15,Y6095812,,,,0,30.0,0,0
75,15,10,2,16,Y6095813,,,,0,30.0,0,0
75,15,10,2,17,Y6095814,,,,0,30.0,0,0
75,15,10,2,18,Y6095815,,,,0,30.0,0,0
75,15,10,2,19,Y6095816,,,,0,30.0,0,0
75,15,10,2,20,Y6095817,,,,0,30.0,0,0
75,15,10,2,21,Y6095818,,,,0,30.0,0,0
75,15,10,2,22,Y6095819,,,,0,30.0,0,0
75,15,10,2,23,Y6095820,,,,0,30.0,0,0
75,15,10,2,24,Y6095821,,,,0,30.0,0,0
75,15,10,2,25,Y6095822,,,,0,30.0,0,0
75,15,10,2,26,Y6095823,,,,0,30.0,0,0
75,15,10,2,27,Y6095824,,,,0,30.0,0,0
75,15,10,2,28,Y6095825,,,,0,30.0,0,0
75,15,10,2,29,Y6095826,,,,0,30.0,0,0
75,15,10,2,30,Y6095827,,,,0,30.0,0,0
75,15,10,3,10,Y6095828,,,,0,30.0,0,0
75,15,10,3,11,Y6095829,,,,0,30.0,0,0
75,15,10,3,12,Y6095830,,,,0,30.0,0,0
75,15,10,3,13,Y6095831,,,,0,30.0,0,0
75,15,10,3,14,Y6095832,,,,0,30.0,0,0
75,15,10,3,15,Y6095833,,,,0,30.0,0,0
75,15,10,3,16,Y6095834,,,,0,30.0,0,0
75,15,10,3,17,Y6095835,,,,0,30.0,0,0
75,15,10,3,18,Y6095836,,,,0,30.0,0,0
75,15,10,3,19,Y6095837,,,,0,30.0,0,0
75,15,10,3,20,Y6095838,,,,0,30.0,0,0
75,15,10,3,21,Y6095839,,,,0,30.0,0,0
75,15,10,3,22,Y6095840,,,,0,30.0,0,0
75,15,10,3,23,Y6095841,,,,0,30.0,0,0
75,15,10,3,24,Y6095842,,,,0,30.0,0,0
75,15,10,3,25,Y6095843,,,,0,30.0,0,0
75,15,10,3,26,Y6095844,,,,0,30.0,0,0
75,15,10,3,27,Y6095845,,,,0,30.0,0,0
75,15,10,3,28,Y6095846,,,,0,30.0,0,0
75,15,10,3,29,Y6095847,,,,0,30.0,0,0
75,15,10,3,30,Y6095848,,,,0,30.0,0,0
75,15,10,4,10,Y6095849,,,,0,30.0,0,0
75,15,10,4,11,Y6095850,,,,0,30.0,0,0
75,15,10,4,12,Y6095851,,,,0,30.0,0,0
75,15,10,4,13,Y6095852,,,,0,30.0,0,0
75,15,10,4,14,Y6095853,,,,0,30.0,0,0
75,15,10,4,15,Y6095854,,,,0,30.0,0,0
75,15,10,4,16,Y6095855,,,,0,30.0,0,0
75,15,10,4,17,Y6095856,,,,0,30.0,0,0
75,15,10,4,18,Y6095857,,,,0,30.0,0,0
75,15,10,4,19,Y6095858,,,,0,30.0,0,0
75,15,10,4,20,Y6095859,,,,0,30.0,0,0
75,15,10,4,21,Y6095860,,,,0,30.0,0,0
75,15,10,4,22,Y6095861,,,,0,30.0,0,0
75,15,10,4,23,Y6095862,,,,0,30.0,0,0
75,15,10,4,24,Y6095863,,,,0,30.0,0,0
75,15,10,4,25,Y6095864,,,,0,30.0,0,0
75,15,10,4,26,Y6095865,,,,0,30.0,0,0
75,15,10,4,27,Y6095866,,,,0,30.0,0,0
75,15,10,4,28,Y6095867,,,,0,30.0,0,0
75,15,10,4,29,Y6095868,,,,0,30.0,0,0
75,15,10,4,30,Y6095869,,,,0,30.0,0,0
75,15,10,5,10,Y6095870,,,,0,30.0,0,0
75,15,10,5,11,Y6095871,,,,0,30.0,0,0
75,15,10,5,12,Y6095872,,,,0,30.0,0,0
75,15,10,5,13,Y6095873,,,,0,30.0,0,0
75,15,10,5,14,Y6095874,,,,0,30.0,0,0
75,15,10,5,15,Y6095875,,,,0,30.0,0,0
75,15,10,5,16,Y6095876,,,,0,30.0,0,0
75,15,10,5,17,Y6095877,,,,0,30.0,0,0
75,15,10,5,18,Y6095878,,,,0,30.0,0,0
75,15,10,5,19,Y6095879,,,,0,30.0,0,0
75,15,10,5,20,Y6095880,,,,0,30.0,0,0
75,15,10,5,21,Y6095881,,,,0,30.0,0,0
75,15,10,5,22,Y6095882,,,,0,30.0,0,0
75,15,10,5,23,Y6095883,,,,0,30.0,0,0
75,15,10,5,24,Y6095884,,,,0,30.0,0,0
75,15,10,5,25,Y6095885,,,,0,30.0,0,0
75,15,10,5,26,Y6095886,,,,0,30.0,0,0
75,15,10,5,27,Y6095887,,,,0,30.0,0,0
75,15,10,5,28,Y6095888,,,,0,30.0,0,0
75,15,10,5,29,Y6095889,,,,0,30.0,0,0
75,15,10,5,30,Y6095890,,,,0,30.0,0,0
75,15,10,6,10,Y6095891,,,,0,30.0,0,0
75,15,10,6,11,Y6095892,,,,0,30.0,0,0
75,15,10,6,12,Y6095893,,,,0,30.0,0,0
75,15,10,6,13,Y6095894,,,,0,30.0,0,0
75,15,10,6,14,Y6095895,,,,0,30.0,0,0
75,15,10,6,15,Y6095896,,,,0,30.0,0,0
75,15,10,6,16,Y6095897,,,,0,30.0,0,0
75,15,10,6,17,Y6095898,,,,0,30.0,0,0
75,15,10,6,18,Y6095899,,,,0,30.0,0,0
75,15,10,6,19,Y6095900,,,,0,30.0,0,0
75,15,10,6,20,Y6095901,,,,0,30.0,0,0
75,15,10,6,21,Y6095902,,,,0,30.0,0,0
75,15,10,6,22,Y6095903,,,,0,30.0,0,0
75,15,10,6,23,Y6095904,,,,0,30.0,0,0
75,15,10,6,24,Y6095905,,,,0,30.0,0,0
75,15,10,6,25,Y6095906,,,,0,30.0,0,0
75,15,10,6,26,Y6095907,,,,0,30.0,0,0
75,15,10,6,27,Y6095908,,,,0,30.0,0,0
75,15,10,6,28,Y6095909,,,,0,30.0,0,0
75,15,10,6,29,Y6095910,,,,0,30.0,0,0
75,15,10,6,30,Y6095911,,,,0,30.0,0,0
75,15,10,7,10,Y6095912,,,,0,30.0,0,0
75,15,10,7,11,Y6095913,,,,0,30.0,0,0
75,15,10,7,12,Y6095914,,,,0,30.0,0,0
75,15,10,7,13,Y6095915,,,,0,30.0,0,0
75,15,10,7,14,Y6095916,,,,0,30.0,0,0
75,15,10,7,15,Y6095917,,,,0,30.0,0,0
75,15,10,7,16,Y6095918,,,,0,30.0,0,0
75,15,10,7,17,Y6095919,,,,0,30.0,0,0
75,15,10,7,18,Y6095920,,,,0,30.0,0,0
75,15,10,7,19,Y6095921,,,,0,30.0,0,0
75,15,10,7,20,Y6095922,,,,0,30.0,0,0
75,15,10,7,21,Y6095923,,,,0,30.0,0,0
75,15,10,7,22,Y6095924,,,,0,30.0,0,0
75,15,10,7,23,Y6095925,,,,0,30.0,0,0
75,15,10,7,24,Y6095926,,,,0,30.0,0,0
75,15,10,7,25,Y6095927,,,,0,30.0,0,0
75,15,10,7,26,Y6095928,,,,0,30.0,0,0
75,15,10,7,27,Y6095929,,,,0,30.0,0,0
75,15,10,7,28,Y6095930,,,,0,30.0,0,0
75,15,10,7,29,Y6095931,,,,0,30.0,0,0
75,15,10,7,30,Y6095932,,,,0,30.0,0,0
75,15,10,8,10,Y6095933,,,,0,30.0,0,0
75,15,10,8,11,Y6095934,,,,0,30.0,0,0
75,15,10,8,12,Y6095935,,,,0,30.0,0,0
75,15,10,8,13,Y6095936,,,,0,30.0,0,0
75,15,10,8,14,Y6095937,,,,0,30.0,0,0
75,15,10,8,15,Y6095938,,,,0,30.0,0,0
75,15,10,8,16,Y6095939,,,,0,30.0,0,0
75,15,10,8,17,Y6095940,,,,0,30.0,0,0
75,15,10,8,18,Y6095941,,,,0,30.0,0,0
75,15,10,8,19,Y6095942,,,,0,30.0,0,0
75,15,10,8,20,Y6095943,,,,0,30.0,0,0
75,15,10,8,21,Y6095944,,,,0,30.0,0,0
75,15,10,8,22,Y6095945,,,,0,30.0,0,0
75,15,10,8,23,Y6095946,,,,0,30.0,0,0
75,15,10,8,24,Y6095947,,,,0,30.0,0,0
75,15,10,8,25,Y6095948,,,,0,30.0,0,0
75,15,10,8,26,Y6095949,,,,0,30.0,0,0
75,15,10,8,27,Y6095950,,,,0,30.0,0,0
75,15,10,8,28,Y6095951,,,,0,30.0,0,0
75,15,10,8,29,Y6095952,,,,0,30.0,0,0
75,15,10,8,30,Y6095953,,,,0,30.0,0,0
75,15,10,9,10,Y6095954,,,,0,30.0,0,0
75,15,10,9,11,Y6095955,,,,0,30.0,0,0
75,15,10,9,12,Y6095956,,,,0,30.0,0,0
75,15,10,9,13,Y6095957,,,,0,30.0,0,0
75,15,10,9,14,Y6095958,,,,0,30.0,0,0
75,15,10,9,15,Y6095959,,,,0,30.0,0,0
75,15,10,9,16,Y6095960,,,,0,30.0,0,0
75,15,10,9,17,Y6095961,,,,0,30.0,0,0
75,15,10,9,18,Y6095962,,,,0,30.0,0,0
75,15,10,9,19,Y6095963,,,,0,30.0,0,0
75,15,10,9,20,Y6095964,,,,0,30.0,0,0
75,15,10,9,21,Y6095965,,,,0,30.0,0,0
75,15,10,9,22,Y6095966,,,,0,30.0,0,0
75,15,10,9,23,Y6095967,,,,0,30.0,0,0
75,15,10,9,24,Y6095968,,,,0,30.0,0,0
75,15,10,9,25,Y6095969,,,,0,30.0,0,0
75,15,10,9,26,Y6095970,,,,0,30.0,0,0
75,15,10,9,27,Y6095971,,,,0,30.0,0,0
75,15,10,9,28,Y6095972,,,,0,30.0,0,0
75,15,10,9,29,Y6095973,,,,0,30.0,0,0
75,15,10,9,30,Y6095974,,,,0,30.0,0,0
75,15,10,10,10,Y6095975,,,,0,30.0,0,0
75,15,10,10,11,Y6095976,,,,0,30.0,0,0
75,15,10,10,12,Y6095977,,,,0,30.0,0,0
75,15,10,10,13,Y6095978,,,,0,30.0,0,0
75,15,10,10,14,Y6095979,,,,0,30.0,0,0
75,15,10,10,15,Y6095980,,,,0,30.0,0,0
75,15,10,10,16,Y6095981,,,,0,30.0,0,0
75,15,10,10,17,Y6095982,,,,0,30.0,0,0
75,15,10,10,18,Y6095983,,,,0,30.0,0,0
75,15,10,10,19,Y6095984,,,,0,30.0,0,0
75,15,10,10,20,Y6095985,,,,0,30.0,0,0
75,15,10,10,21,Y6095986,,,,0,30.0,0,0
75,15,10,10,22,Y6095987,,,,0,30.0,0,0
75,15,10,10,23,Y6095988,,,,0,30.0,0,0
75,15,10,10,24,Y6095989,,,,0,30.0,0,0
75,15,10,10,25,Y6095990,,,,0,30.0,0,0
75,15,10,10,26,Y6095991,,,,0,30.0,0,0
75,15,10,10,27,Y6095992,,,,0,30.0,0,0
75,15,10,10,28,Y6095993,,,,0,30.0,0,0
75,15,10,10,29,Y6095994,,,,0,30.0,0,0
75,15,10,10,30,Y6095995,,,,0,30.0,0,0
75,15,10,11,10,Y6095996,,,,0,30.0,0,0
75,15,10,11,11,Y6095997,,,,0,30.0,0,0
75,15,10,11,12,Y6095998,,,,0,30.0,0,0
75,15,10,11,13,Y6095999,,,,0,30.0,0,0
75,15,10,11,14,Y6096000,,,,0,30.0,0,0
75,15,10,11,15,Y6096001,,,,0,30.0,0,0
75,15,10,11,16,Y6096002,,,,0,30.0,0,0
75,15,10,11,17,Y6096003,,,,0,30.0,0,0
75,15,10,11,18,Y6096004,,,,0,30.0,0,0
75,15,10,11,19,Y6096005,,,,0,30.0,0,0
75,15,10,11,20,Y6096006,,,,0,30.0,0,0
75,15,10,11,21,Y6096007,,,,0,30.0,0,0
75,15,10,11,22,Y6096008,,,,0,30.0,0,0
75,15,10,11,23,Y6096009,,,,0,30.0,0,0
75,15,10,11,24,Y6096010,,,,0,30.0,0,0
75,15,10,11,25,Y6096011,,,,0,30.0,0,0
75,15,10,11,26,Y6096012,,,,0,30.0,0,0
75,15,10,11,27,Y6096013,,,,0,30.0,0,0
75,15,10,11,28,Y6096014,,,,0,30.0,0,0
75,15,10,11,29,Y6096015,,,,0,30.0,0,0
75,15,10,11,30,Y6096016,,,,0,30.0,0,0
75,15,10,12,10,Y6096017,,,,0,30.0,0,0
75,15,10,12,11,Y6096018,,,,0,30.0,0,0
75,15,10,12,12,Y6096019,,,,0,30.0,0,0
75,15,10,12,13,Y6096020,,,,0,30.0,0,0
75,15,10,12,14,Y6096021,,,,0,30.0,0,0
75,15,10,12,15,Y6096022,,,,0,30.0,0,0
75,15,10,12,16,Y6096023,,,,0,30.0,0,0
75,15,10,12,17,Y6096024,,,,0,30.0,0,0
75,15,10,12,18,Y6096025,,,,0,30.0,0,0
75,15,10,12,19,Y6096026,,,,0,30.0,0,0
75,15,10,12,20,Y6096027,,,,0,30.0,0,0
75,15,10,12,21,Y6096028,,,,0,30.0,0,0
75,15,10,12,22,Y6096029,,,,0,30.0,0,0
75,15,10,12,23,Y6096030,,,,0,30.0,0,0
75,15,10,12,24,Y6096031,,,,0,30.0,0,0
75,15,10,12,25,Y6096032,,,,0,30.0,0,0
75,15,10,12,26,Y6096033,,,,0,30.0,0,0
75,15,10,12,27,Y6096034,,,,0,30.0,0,0
75,15,10,12,28,Y6096035,,,,0,30.0,0,0
75,15,10,12,29,Y6096036,,,,0,30.0,0,0
75,15,10,12,30,Y6096037,,,,0,30.0,0,0
75,15,11,1,10,Y6096038,,,,0,30.0,0,0
75,15,11,1,11,Y6096039,,,,0,30.0,0,0
75,15,11,1,12,Y6096040,,,,0,30.0,0,0
75,15,11,1,13,Y6096041,,,,0,30.0,0,0
75,15,11,1,14,Y6096042,,,,0,30.0,0,0
75,15,11,1,15,Y6096043,,,,0,30.0,0,0
75,15,11,1,16,Y6096044,,,,0,30.0,0,0
75,15,11,1,17,Y6096045,,,,0,30.0,0,0
75,15,11,1,18,Y6096046,,,,0,30.0,0,0
75,15,11,1,19,Y6096047,,,,0,30.0,0,0
75,15,11,1,20,Y6096048,,,,0,30.0,0,0
75,15,11,1,21,Y6096049,,,,0,30.0,0,0
75,15,11,1,22,Y6096050,,,,0,30.0,0,0
75,15,11,1,23,Y6096051,,,,0,30.0,0,0
75,15,11,1,24,Y6096052,,,,0,30.0,0,0
75,15,11,1,25,Y6096053,,,,0,30.0,0,0
75,15,11,1,26,Y6096054,,,,0,30.0,0,0
75,15,11,1,27,Y6096055,,,,0,30.0,0,0
75,15,11,1,28,Y6096056,,,,0,30.0,0,0
75,15,11,1,29,Y6096057,,,,0,30.0,0,0
75,15,11,1,30,Y6096058,,,,0,30.0,0,0
75,15,11,2,10,Y6096059,,,,0,30.0,0,0
75,15,11,2,11,Y6096060,,,,0,30.0,0,0
75,15,11,2,12,Y6096061,,,,0,30.0,0,0
75,15,11,2,13,Y6096062,,,,0,30.0,0,0
75,15,11,2,14,Y6096063,,,,0,30.0,0,0
75,15,11,2,15,Y6096064,,,,0,30.0,0,0
75,15,11,2,16,Y6096065,,,,0,30.0,0,0
75,15,11,2,17,Y6096066,,,,0,30.0,0,0
75,15,11,2,18,Y6096067,,,,0,30.0,0,0
75,15,11,2,19,Y6096068,,,,0,30.0,0,0
75,15,11,2,20,Y6096069,,,,0,30.0,0,0
75,15,11,2,21,Y6096070,,,,0,30.0,0,0
75,15,11,2,22,Y6096071,,,,0,30.0,0,0
75,15,11,2,23,Y6096072,,,,0,30.0,0,0
75,15,11,2,24,Y6096073,,,,0,30.0,0,0
75,15,11,2,25,Y6096074,,,,0,30.0,0,0
75,15,11,2,26,Y6096075,,,,0,30.0,0,0
75,15,11,2,27,Y6096076,,,,0,30.0,0,0
75,15,11,2,28,Y6096077,,,,0,30.0,0,0
75,15,11,2,29,Y6096078,,,,0,30.0,0,0
75,15,11,2,30,Y6096079,,,,0,30.0,0,0
75,15,11,3,10,Y6096080,,,,0,30.0,0,0
75,15,11,3,11,Y6096081,,,,0,30.0,0,0
75,15,11,3,12,Y6096082,,,,0,30.0,0,0
75,15,11,3,13,Y6096083,,,,0,30.0,0,0
75,15,11,3,14,Y6096084,,,,0,30.0,0,0
75,15,11,3,15,Y6096085,,,,0,30.0,0,0
75,15,11,3,16,Y6096086,,,,0,30.0,0,0
75,15,11,3,17,Y6096087,,,,0,30.0,0,0
75,15,11,3,18,Y6096088,,,,0,30.0,0,0
75,15,11,3,19,Y6096089,,,,0,30.0,0,0
75,15,11,3,20,Y6096090,,,,0,30.0,0,0
75,15,11,3,21,Y6096091,,,,0,30.0,0,0
75,15,11,3,22,Y6096092,,,,0,30.0,0,0
75,15,11,3,23,Y6096093,,,,0,30.0,0,0
75,15,11,3,24,Y6096094,,,,0,30.0,0,0
75,15,11,3,25,Y6096095,,,,0,30.0,0,0
75,15,11,3,26,Y6096096,,,,0,30.0,0,0
75,15,11,3,27,Y6096097,,,,0,30.0,0,0
75,15,11,3,28,Y6096098,,,,0,30.0,0,0
75,15,11,3,29,Y6096099,,,,0,30.0,0,0
75,15,11,3,30,Y6096100,,,,0,30.0,0,0
75,15,11,4,10,Y6096101,,,,0,30.0,0,0
75,15,11,4,11,Y6096102,,,,0,30.0,0,0
75,15,11,4,12,Y6096103,,,,0,30.0,0,0
75,15,11,4,13,Y6096104,,,,0,30.0,0,0
75,15,11,4,14,Y6096105,,,,0,30.0,0,0
75,15,11,4,15,Y6096106,,,,0,30.0,0,0
75,15,11,4,16,Y6096107,,,,0,30.0,0,0
75,15,11,4,17,Y6096108,,,,0,30.0,0,0
75,15,11,4,18,Y6096109,,,,0,30.0,0,0
75,15,11,4,19,Y6096110,,,,0,30.0,0,0
75,15,11,4,20,Y6096111,,,,0,30.0,0,0
75,15,11,4,21,Y6096112,,,,0,30.0,0,0
75,15,11,4,22,Y6096113,,,,0,30.0,0,0
75,15,11,4,23,Y6096114,,,,0,30.0,0,0
75,15,11,4,24,Y6096115,,,,0,30.0,0,0
75,15,11,4,25,Y6096116,,,,0,30.0,0,0
75,15,11,4,26,Y6096117,,,,0,30.0,0,0
75,15,11,4,27,Y6096118,,,,0,30.0,0,0
75,15,11,4,28,Y6096119,,,,0,30.0,0,0
75,15,11,4,29,Y6096120,,,,0,30.0,0,0
75,15,11,4,30,Y6096121,,,,0,30.0,0,0
75,15,11,5,10,Y6096122,,,,0,30.0,0,0
75,15,11,5,11,Y6096123,,,,0,30.0,0,0
75,15,11,5,12,Y6096124,,,,0,30.0,0,0
75,15,11,5,13,Y6096125,,,,0,30.0,0,0
75,15,11,5,14,Y6096126,,,,0,30.0,0,0
75,15,11,5,15,Y6096127,,,,0,30.0,0,0
75,15,11,5,16,Y6096128,,,,0,30.0,0,0
75,15,11,5,17,Y6096129,,,,0,30.0,0,0
75,15,11,5,18,Y6096130,,,,0,30.0,0,0
75,15,11,5,19,Y6096131,,,,0,30.0,0,0
75,15,11,5,20,Y6096132,,,,0,30.0,0,0
75,15,11,5,21,Y6096133,,,,0,30.0,0,0
75,15,11,5,22,Y6096134,,,,0,30.0,0,0
75,15,11,5,23,Y6096135,,,,0,30.0,0,0
75,15,11,5,24,Y6096136,,,,0,30.0,0,0
75,15,11,5,25,Y6096137,,,,0,30.0,0,0
75,15,11,5,26,Y6096138,,,,0,30.0,0,0
75,15,11,5,27,Y6096139,,,,0,30.0,0,0
75,15,11,5,28,Y6096140,,,,0,30.0,0,0
75,15,11,5,29,Y6096141,,,,0,30.0,0,0
75,15,11,5,30,Y6096142,,,,0,30.0,0,0
75,15,11,6,10,Y6096143,,,,0,30.0,0,0
75,15,11,6,11,Y6096144,,,,0,30.0,0,0
75,15,11,6,12,Y6096145,,,,0,30.0,0,0
75,15,11,6,13,Y6096146,,,,0,30.0,0,0
75,15,11,6,14,Y6096147,,,,0,30.0,0,0
75,15,11,6,15,Y6096148,,,,0,30.0,0,0
75,15,11,6,16,Y6096149,,,,0,30.0,0,0
75,15,11,6,17,Y6096150,,,,0,30.0,0,0
75,15,11,6,18,Y6096151,,,,0,30.0,0,0
75,15,11,6,19,Y6096152,,,,0,30.0,0,0
75,15,11,6,20,Y6096153,,,,0,30.0,0,0
75,15,11,6,21,Y6096154,,,,0,30.0,0,0
75,15,11,6,22,Y6096155,,,,0,30.0,0,0
75,15,11,6,23,Y6096156,,,,0,30.0,0,0
75,15,11,6,24,Y6096157,,,,0,30.0,0,0
75,15,11,6,25,Y6096158,,,,0,30.0,0,0
75,15,11,6,26,Y6096159,,,,0,30.0,0,0
75,15,11,6,27,Y6096160,,,,0,30.0,0,0
75,15,11,6,28,Y6096161,,,,0,30.0,0,0
75,15,11,6,29,Y6096162,,,,0,30.0,0,0
75,15,11,6,30,Y6096163,,,,0,30.0,0,0
75,15,11,7,10,Y6096164,,,,0,30.0,0,0
75,15,11,7,11,Y6096165,,,,0,30.0,0,0
75,15,11,7,12,Y6096166,,,,0,30.0,0,0
75,15,11,7,13,Y6096167,,,,0,30.0,0,0
75,15,11,7,14,Y6096168,,,,0,30.0,0,0
75,15,11,7,15,Y6096169,,,,0,30.0,0,0
75,15,11,7,16,Y6096170,,,,0,30.0,0,0
75,15,11,7,17,Y6096171,,,,0,30.0,0,0
75,15,11,7,18,Y6096172,,,,0,30.0,0,0
75,15,11,7,19,Y6096173,,,,0,30.0,0,0
75,15,11,7,20,Y6096174,,,,0,30.0,0,0
75,15,11,7,21,Y6096175,,,,0,30.0,0,0
75,15,11,7,22,Y6096176,,,,0,30.0,0,0
75,15,11,7,23,Y6096177,,,,0,30.0,0,0
75,15,11,7,24,Y6096178,,,,0,30.0,0,0
75,15,11,7,25,Y6096179,,,,0,30.0,0,0
75,15,11,7,26,Y6096180,,,,0,30.0,0,0
75,15,11,7,27,Y6096181,,,,0,30.0,0,0
75,15,11,7,28,Y6096182,,,,0,30.0,0,0
75,15,11,7,29,Y6096183,,,,0,30.0,0,0
75,15,11,7,30,Y6096184,,,,0,30.0,0,0
75,15,11,8,10,Y6096185,,,,0,30.0,0,0
75,15,11,8,11,Y6096186,,,,0,30.0,0,0
75,15,11,8,12,Y6096187,,,,0,30.0,0,0
75,15,11,8,13,Y6096188,,,,0,30.0,0,0
75,15,11,8,14,Y6096189,,,,0,30.0,0,0
75,15,11,8,15,Y6096190,,,,0,30.0,0,0
75,15,11,8,16,Y6096191,,,,0,30.0,0,0
75,15,11,8,17,Y6096192,,,,0,30.0,0,0
75,15,11,8,18,Y6096193,,,,0,30.0,0,0
75,15,11,8,19,Y6096194,,,,0,30.0,0,0
75,15,11,8,20,Y6096195,,,,0,30.0,0,0
75,15,11,8,21,Y6096196,,,,0,30.0,0,0
75,15,11,8,22,Y6096197,,,,0,30.0,0,0
75,15,11,8,23,Y6096198,,,,0,30.0,0,0
75,15,11,8,24,Y6096199,,,,0,30.0,0,0
75,15,11,8,25,Y6096200,,,,0,30.0,0,0
75,15,11,8,26,Y6096201,,,,0,30.0,0,0
75,15,11,8,27,Y6096202,,,,0,30.0,0,0
75,15,11,8,28,Y6096203,,,,0,30.0,0,0
75,15,11,8,29,Y6096204,,,,0,30.0,0,0
75,15,11,8,30,Y6096205,,,,0,30.0,0,0
75,15,11,9,10,Y6096206,,,,0,30.0,0,0
75,15,11,9,11,Y6096207,,,,0,30.0,0,0
75,15,11,9,12,Y6096208,,,,0,30.0,0,0
75,15,11,9,13,Y6096209,,,,0,30.0,0,0
75,15,11,9,14,Y6096210,,,,0,30.0,0,0
75,15,11,9,15,Y6096211,,,,0,30.0,0,0
75,15,11,9,16,Y6096212,,,,0,30.0,0,0
75,15,11,9,17,Y6096213,,,,0,30.0,0,0
75,15,11,9,18,Y6096214,,,,0,30.0,0,0
75,15,11,9,19,Y6096215,,,,0,30.0,0,0
75,15,11,9,20,Y6096216,,,,0,30.0,0,0
75,15,11,9,21,Y6096217,,,,0,30.0,0,0
75,15,11,9,22,Y6096218,,,,0,30.0,0,0
75,15,11,9,23,Y6096219,,,,0,30.0,0,0
75,15,11,9,24,Y6096220,,,,0,30.0,0,0
75,15,11,9,25,Y6096221,,,,0,30.0,0,0
75,15,11,9,26,Y6096222,,,,0,30.0,0,0
75,15,11,9,27,Y6096223,,,,0,30.0,0,0
75,15,11,9,28,Y6096224,,,,0,30.0,0,0
75,15,11,9,29,Y6096225,,,,0,30.0,0,0
75,15,11,9,30,Y6096226,,,,0,30.0,0,0
75,15,11,10,10,Y6096227,,,,0,30.0,0,0
75,15,11,10,11,Y6096228,,,,0,30.0,0,0
75,15,11,10,12,Y6096229,,,,0,30.0,0,0
75,15,11,10,13,Y6096230,,,,0,30.0,0,0
75,15,11,10,14,Y6096231,,,,0,30.0,0,0
75,15,11,10,15,Y6096232,,,,0,30.0,0,0
75,15,11,10,16,Y6096233,,,,0,30.0,0,0
75,15,11,10,17,Y6096234,,,,0,30.0,0,0
75,15,11,10,18,Y6096235,,,,0,30.0,0,0
75,15,11,10,19,Y6096236,,,,0,30.0,0,0
75,15,11,10,20,Y6096237,,,,0,30.0,0,0
75,15,11,10,21,Y6096238,,,,0,30.0,0,0
75,15,11,10,22,Y6096239,,,,0,30.0,0,0
75,15,11,10,23,Y6096240,,,,0,30.0,0,0
75,15,11,10,24,Y6096241,,,,0,30.0,0,0
75,15,11,10,25,Y6096242,,,,0,30.0,0,0
75,15,11,10,26,Y6096243,,,,0,30.0,0,0
75,15,11,10,27,Y6096244,,,,0,30.0,0,0
75,15,11,10,28,Y6096245,,,,0,30.0,0,0
75,15,11,10,29,Y6096246,,,,0,30.0,0,0
75,15,11,10,30,Y6096247,,,,0,30.0,0,0
75,15,11,11,10,Y6096248,,,,0,30.0,0,0
75,15,11,11,11,Y6096249,,,,0,30.0,0,0
75,15,11,11,12,Y6096250,,,,0,30.0,0,0
75,15,11,11,13,Y6096251,,,,0,30.0,0,0
75,15,11,11,14,Y6096252,,,,0,30.0,0,0
75,15,11,11,15,Y6096253,,,,0,30.0,0,0
75,15,11,11,16,Y6096254,,,,0,30.0,0,0
75,15,11,11,17,Y6096255,,,,0,30.0,0,0
75,15,11,11,18,Y6096256,,,,0,30.0,0,0
75,15,11,11,19,Y6096257,,,,0,30.0,0,0
75,15,11,11,20,Y6096258,,,,0,30.0,0,0
75,15,11,11,21,Y6096259,,,,0,30.0,0,0
75,15,11,11,22,Y6096260,,,,0,30.0,0,0
75,15,11,11,23,Y6096261,,,,0,30.0,0,0
75,15,11,11,24,Y6096262,,,,0,30.0,0,0
75,15,11,11,25,Y6096263,,,,0,30.0,0,0
75,15,11,11,26,Y6096264,,,,0,30.0,0,0
75,15,11,11,27,Y6096265,,,,0,30.0,0,0
75,15,11,11,28,Y6096266,,,,0,30.0,0,0
75,15,11,11,29,Y6096267,,,,0,30.0,0,0
75,15,11,11,30,Y6096268,,,,0,30.0,0,0
75,15,11,12,10,Y6096269,,,,0,30.0,0,0
75,15,11,12,11,Y6096270,,,,0,30.0,0,0
75,15,11,12,12,Y6096271,,,,0,30.0,0,0
75,15,11,12,13,Y6096272,,,,0,30.0,0,0
75,15,11,12,14,Y6096273,,,,0,30.0,0,0
75,15,11,12,15,Y6096274,,,,0,30.0,0,0
75,15,11,12,16,Y6096275,,,,0,30.0,0,0
75,15,11,12,17,Y6096276,,,,0,30.0,0,0
75,15,11,12,18,Y6096277,,,,0,30.0,0,0
75,15,11,12,19,Y6096278,,,,0,30.0,0,0
75,15,11,12,20,Y6096279,,,,0,30.0,0,0
75,15,11,12,21,Y6096280,,,,0,30.0,0,0
75,15,11,12,22,Y6096281,,,,0,30.0,0,0
75,15,11,12,23,Y6096282,,,,0,30.0,0,0
75,15,11,12,24,Y6096283,,,,0,30.0,0,0
75,15,11,12,25,Y6096284,,,,0,30.0,0,0
75,15,11,12,26,Y6096285,,,,0,30.0,0,0
75,15,11,12,27,Y6096286,,,,0,30.0,0,0
75,15,11,12,28,Y6096287,,,,0,30.0,0,0
75,15,11,12,29,Y6096288,,,,0,30.0,0,0
75,15,11,12,30,Y6096289,,,,0,30.0,0,0
75,15,12,1,10,Y6096290,,,,0,30.0,0,0
75,15,12,1,11,Y6096291,,,,0,30.0,0,0
75,15,12,1,12,Y6096292,,,,0,30.0,0,0
75,15,12,1,13,Y6096293,,,,0,30.0,0,0
75,15,12,1,14,Y6096294,,,,0,30.0,0,0
75,15,12,1,15,Y6096295,,,,0,30.0,0,0
75,15,12,1,16,Y6096296,,,,0,30.0,0,0
75,15,12,1,17,Y6096297,,,,0,30.0,0,0
75,15,12,1,18,Y6096298,,,,0,30.0,0,0
75,15,12,1,19,Y6096299,,,,0,30.0,0,0
75,15,12,1,20,Y6096300,,,,0,30.0,0,0
75,15,12,1,21,Y6096301,,,,0,30.0,0,0
75,15,12,1,22,Y6096302,,,,0,30.0,0,0
75,15,12,1,23,Y6096303,,,,0,30.0,0,0
75,15,12,1,24,Y6096304,,,,0,30.0,0,0
75,15,12,1,25,Y6096305,,,,0,30.0,0,0
75,15,12,1,26,Y6096306,,,,0,30.0,0,0
75,15,12,1,27,Y6096307,,,,0,30.0,0,0
75,15,12,1,28,Y6096308,,,,0,30.0,0,0
75,15,12,1,29,Y6096309,,,,0,30.0,0,0
75,15,12,1,30,Y6096310,,,,0,30.0,0,0
75,15,12,2,10,Y6096311,,,,0,30.0,0,0
75,15,12,2,11,Y6096312,,,,0,30.0,0,0
75,15,12,2,12,Y6096313,,,,0,30.0,0,0
75,15,12,2,13,Y6096314,,,,0,30.0,0,0
75,15,12,2,14,Y6096315,,,,0,30.0,0,0
75,15,12,2,15,Y6096316,,,,0,30.0,0,0
75,15,12,2,16,Y6096317,,,,0,30.0,0,0
75,15,12,2,17,Y6096318,,,,0,30.0,0,0
75,15,12,2,18,Y6096319,,,,0,30.0,0,0
75,15,12,2,19,Y6096320,,,,0,30.0,0,0
75,15,12,2,20,Y6096321,,,,0,30.0,0,0
75,15,12,2,21,Y6096322,,,,0,30.0,0,0
75,15,12,2,22,Y6096323,,,,0,30.0,0,0
75,15,12,2,23,Y6096324,,,,0,30.0,0,0
75,15,12,2,24,Y6096325,,,,0,30.0,0,0
75,15,12,2,25,Y6096326,,,,0,30.0,0,0
75,15,12,2,26,Y6096327,,,,0,30.0,0,0
75,15,12,2,27,Y6096328,,,,0,30.0,0,0
75,15,12,2,28,Y6096329,,,,0,30.0,0,0
75,15,12,2,29,Y6096330,,,,0,30.0,0,0
75,15,12,2,30,Y6096331,,,,0,30.0,0,0
75,15,12,3,10,Y6096332,,,,0,30.0,0,0
75,15,12,3,11,Y6096333,,,,0,30.0,0,0
75,15,12,3,12,Y6096334,,,,0,30.0,0,0
75,15,12,3,13,Y6096335,,,,0,30.0,0,0
75,15,12,3,14,Y6096336,,,,0,30.0,0,0
75,15,12,3,15,Y6096337,,,,0,30.0,0,0
75,15,12,3,16,Y6096338,,,,0,30.0,0,0
75,15,12,3,17,Y6096339,,,,0,30.0,0,0
75,15,12,3,18,Y6096340,,,,0,30.0,0,0
75,15,12,3,19,Y6096341,,,,0,30.0,0,0
75,15,12,3,20,Y6096342,,,,0,30.0,0,0
75,15,12,3,21,Y6096343,,,,0,30.0,0,0
75,15,12,3,22,Y6096344,,,,0,30.0,0,0
75,15,12,3,23,Y6096345,,,,0,30.0,0,0
75,15,12,3,24,Y6096346,,,,0,30.0,0,0
75,15,12,3,25,Y6096347,,,,0,30.0,0,0
75,15,12,3,26,Y6096348,,,,0,30.0,0,0
75,15,12,3,27,Y6096349,,,,0,30.0,0,0
75,15,12,3,28,Y6096350,,,,0,30.0,0,0
75,15,12,3,29,Y6096351,,,,0,30.0,0,0
75,15,12,3,30,Y6096352,,,,0,30.0,0,0
75,15,12,4,10,Y6096353,,,,0,30.0,0,0
75,15,12,4,11,Y6096354,,,,0,30.0,0,0
75,15,12,4,12,Y6096355,,,,0,30.0,0,0
75,15,12,4,13,Y6096356,,,,0,30.0,0,0
75,15,12,4,14,Y6096357,,,,0,30.0,0,0
75,15,12,4,15,Y6096358,,,,0,30.0,0,0
75,15,12,4,16,Y6096359,,,,0,30.0,0,0
75,15,12,4,17,Y6096360,,,,0,30.0,0,0
75,15,12,4,18,Y6096361,,,,0,30.0,0,0
75,15,12,4,19,Y6096362,,,,0,30.0,0,0
75,15,12,4,20,Y6096363,,,,0,30.0,0,0
75,15,12,4,21,Y6096364,,,,0,30.0,0,0
75,15,12,4,22,Y6096365,,,,0,30.0,0,0
75,15,12,4,23,Y6096366,,,,0,30.0,0,0
75,15,12,4,24,Y6096367,,,,0,30.0,0,0
75,15,12,4,25,Y6096368,,,,0,30.0,0,0
75,15,12,4,26,Y6096369,,,,0,30.0,0,0
75,15,12,4,27,Y6096370,,,,0,30.0,0,0
75,15,12,4,28,Y6096371,,,,0,30.0,0,0
75,15,12,4,29,Y6096372,,,,0,30.0,0,0
75,15,12,4,30,Y6096373,,,,0,30.0,0,0
75,15,12,5,10,Y6096374,,,,0,30.0,0,0
75,15,12,5,11,Y6096375,,,,0,30.0,0,0
75,15,12,5,12,Y6096376,,,,0,30.0,0,0
75,15,12,5,13,Y6096377,,,,0,30.0,0,0
75,15,12,5,14,Y6096378,,,,0,30.0,0,0
75,15,12,5,15,Y6096379,,,,0,30.0,0,0
75,15,12,5,16,Y6096380,,,,0,30.0,0,0
75,15,12,5,17,Y6096381,,,,0,30.0,0,0
75,15,12,5,18,Y6096382,,,,0,30.0,0,0
75,15,12,5,19,Y6096383,,,,0,30.0,0,0
75,15,12,5,20,Y6096384,,,,0,30.0,0,0
75,15,12,5,21,Y6096385,,,,0,30.0,0,0
75,15,12,5,22,Y6096386,,,,0,30.0,0,0
75,15,12,5,23,Y6096387,,,,0,30.0,0,0
75,15,12,5,24,Y6096388,,,,0,30.0,0,0
75,15,12,5,25,Y6096389,,,,0,30.0,0,0
75,15,12,5,26,Y6096390,,,,0,30.0,0,0
75,15,12,5,27,Y6096391,,,,0,30.0,0,0
75,15,12,5,28,Y6096392,,,,0,30.0,0,0
75,15,12,5,29,Y6096393,,,,0,30.0,0,0
75,15,12,5,30,Y6096394,,,,0,30.0,0,0
75,15,12,6,10,Y6096395,,,,0,30.0,0,0
75,15,12,6,11,Y6096396,,,,0,30.0,0,0
75,15,12,6,12,Y6096397,,,,0,30.0,0,0
75,15,12,6,13,Y6096398,,,,0,30.0,0,0
75,15,12,6,14,Y6096399,,,,0,30.0,0,0
75,15,12,6,15,Y6096400,,,,0,30.0,0,0
75,15,12,6,16,Y6096401,,,,0,30.0,0,0
75,15,12,6,17,Y6096402,,,,0,30.0,0,0
75,15,12,6,18,Y6096403,,,,0,30.0,0,0
75,15,12,6,19,Y6096404,,,,0,30.0,0,0
75,15,12,6,20,Y6096405,,,,0,30.0,0,0
75,15,12,6,21,Y6096406,,,,0,30.0,0,0
75,15,12,6,22,Y6096407,,,,0,30.0,0,0
75,15,12,6,23,Y6096408,,,,0,30.0,0,0
75,15,12,6,24,Y6096409,,,,0,30.0,0,0
75,15,12,6,25,Y6096410,,,,0,30.0,0,0
75,15,12,6,26,Y6096411,,,,0,30.0,0,0
75,15,12,6,27,Y6096412,,,,0,30.0,0,0
75,15,12,6,28,Y6096413,,,,0,30.0,0,0
75,15,12,6,29,Y6096414,,,,0,30.0,0,0
75,15,12,6,30,Y6096415,,,,0,30.0,0,0
75,15,12,7,10,Y6096416,,,,0,30.0,0,0
75,15,12,7,11,Y6096417,,,,0,30.0,0,0
75,15,12,7,12,Y6096418,,,,0,30.0,0,0
75,15,12,7,13,Y6096419,,,,0,30.0,0,0
75,15,12,7,14,Y6096420,,,,0,30.0,0,0
75,15,12,7,15,Y6096421,,,,0,30.0,0,0
75,15,12,7,16,Y6096422,,,,0,30.0,0,0
75,15,12,7,17,Y6096423,,,,0,30.0,0,0
75,15,12,7,18,Y6096424,,,,0,30.0,0,0
75,15,12,7,19,Y6096425,,,,0,30.0,0,0
75,15,12,7,20,Y6096426,,,,0,30.0,0,0
75,15,12,7,21,Y6096427,,,,0,30.0,0,0
75,15,12,7,22,Y6096428,,,,0,30.0,0,0
75,15,12,7,23,Y6096429,,,,0,30.0,0,0
75,15,12,7,24,Y6096430,,,,0,30.0,0,0
75,15,12,7,25,Y6096431,,,,0,30.0,0,0
75,15,12,7,26,Y6096432,,,,0,30.0,0,0
75,15,12,7,27,Y6096433,,,,0,30.0,0,0
75,15,12,7,28,Y6096434,,,,0,30.0,0,0
75,15,12,7,29,Y6096435,,,,0,30.0,0,0
75,15,12,7,30,Y6096436,,,,0,30.0,0,0
75,15,12,8,10,Y6096437,,,,0,30.0,0,0
75,15,12,8,11,Y6096438,,,,0,30.0,0,0
75,15,12,8,12,Y6096439,,,,0,30.0,0,0
75,15,12,8,13,Y6096440,,,,0,30.0,0,0
75,15,12,8,14,Y6096441,,,,0,30.0,0,0
75,15,12,8,15,Y6096442,,,,0,30.0,0,0
75,15,12,8,16,Y6096443,,,,0,30.0,0,0
75,15,12,8,17,Y6096444,,,,0,30.0,0,0
75,15,12,8,18,Y6096445,,,,0,30.0,0,0
75,15,12,8,19,Y6096446,,,,0,30.0,0,0
75,15,12,8,20,Y6096447,,,,0,30.0,0,0
75,15,12,8,21,Y6096448,,,,0,30.0,0,0
75,15,12,8,22,Y6096449,,,,0,30.0,0,0
75,15,12,8,23,Y6096450,,,,0,30.0,0,0
75,15,12,8,24,Y6096451,,,,0,30.0,0,0
75,15,12,8,25,Y6096452,,,,0,30.0,0,0
75,15,12,8,26,Y6096453,,,,0,30.0,0,0
75,15,12,8,27,Y6096454,,,,0,30.0,0,0
75,15,12,8,28,Y6096455,,,,0,30.0,0,0
75,15,12,8,29,Y6096456,,,,0,30.0,0,0
75,15,12,8,30,Y6096457,,,,0,30.0,0,0
75,15,12,9,10,Y6096458,,,,0,30.0,0,0
75,15,12,9,11,Y6096459,,,,0,30.0,0,0
75,15,12,9,12,Y6096460,,,,0,30.0,0,0
75,15,12,9,13,Y6096461,,,,0,30.0,0,0
75,15,12,9,14,Y6096462,,,,0,30.0,0,0
75,15,12,9,15,Y6096463,,,,0,30.0,0,0
75,15,12,9,16,Y6096464,,,,0,30.0,0,0
75,15,12,9,17,Y6096465,,,,0,30.0,0,0
75,15,12,9,18,Y6096466,,,,0,30.0,0,0
75,15,12,9,19,Y6096467,,,,0,30.0,0,0
75,15,12,9,20,Y6096468,,,,0,30.0,0,0
75,15,12,9,21,Y6096469,,,,0,30.0,0,0
75,15,12,9,22,Y6096470,,,,0,30.0,0,0
75,15,12,9,23,Y6096471,,,,0,30.0,0,0
75,15,12,9,24,Y6096472,,,,0,30.0,0,0
75,15,12,9,25,Y6096473,,,,0,30.0,0,0
75,15,12,9,26,Y6096474,,,,0,30.0,0,0
75,15,12,9,27,Y6096475,,,,0,30.0,0,0
75,15,12,9,28,Y6096476,,,,0,30.0,0,0
75,15,12,9,29,Y6096477,,,,0,30.0,0,0
75,15,12,9,30,Y6096478,,,,0,30.0,0,0
75,15,12,10,10,Y6096479,,,,0,30.0,0,0
75,15,12,10,11,Y6096480,,,,0,30.0,0,0
75,15,12,10,12,Y6096481,,,,0,30.0,0,0
75,15,12,10,13,Y6096482,,,,0,30.0,0,0
75,15,12,10,14,Y6096483,,,,0,30.0,0,0
75,15,12,10,15,Y6096484,,,,0,30.0,0,0
75,15,12,10,16,Y6096485,,,,0,30.0,0,0
75,15,12,10,17,Y6096486,,,,0,30.0,0,0
75,15,12,10,18,Y6096487,,,,0,30.0,0,0
75,15,12,10,19,Y6096488,,,,0,30.0,0,0
75,15,12,10,20,Y6096489,,,,0,30.0,0,0
75,15,12,10,21,Y6096490,,,,0,30.0,0,0
75,15,12,10,22,Y6096491,,,,0,30.0,0,0
75,15,12,10,23,Y6096492,,,,0,30.0,0,0
75,15,12,10,24,Y6096493,,,,0,30.0,0,0
75,15,12,10,25,Y6096494,,,,0,30.0,0,0
75,15,12,10,26,Y6096495,,,,0,30.0,0,0
75,15,12,10,27,Y6096496,,,,0,30.0,0,0
75,15,12,10,28,Y6096497,,,,0,30.0,0,0
75,15,12,10,29,Y6096498,,,,0,30.0,0,0
75,15,12,10,30,Y6096499,,,,0,30.0,0,0
75,15,12,11,10,Y6096500,,,,0,30.0,0,0
75,15,12,11,11,Y6096501,,,,0,30.0,0,0
75,15,12,11,12,Y6096502,,,,0,30.0,0,0
75,15,12,11,13,Y6096503,,,,0,30.0,0,0
75,15,12,11,14,Y6096504,,,,0,30.0,0,0
75,15,12,11,15,Y6096505,,,,0,30.0,0,0
75,15,12,11,16,Y6096506,,,,0,30.0,0,0
75,15,12,11,17,Y6096507,,,,0,30.0,0,0
75,15,12,11,18,Y6096508,,,,0,30.0,0,0
75,15,12,11,19,Y6096509,,,,0,30.0,0,0
75,15,12,11,20,Y6096510,,,,0,30.0,0,0
75,15,12,11,21,Y6096511,,,,0,30.0,0,0
75,15,12,11,22,Y6096512,,,,0,30.0,0,0
75,15,12,11,23,Y6096513,,,,0,30.0,0,0
75,15,12,11,24,Y6096514,,,,0,30.0,0,0
75,15,12,11,25,Y6096515,,,,0,30.0,0,0
75,15,12,11,26,Y6096516,,,,0,30.0,0,0
75,15,12,11,27,Y6096517,,,,0,30.0,0,0
75,15,12,11,28,Y6096518,,,,0,30.0,0,0
75,15,12,11,29,Y6096519,,,,0,30.0,0,0
75,15,12,11,30,Y6096520,,,,0,30.0,0,0
75,15,12,12,10,Y6096521,,,,0,30.0,0,0
75,15,12,12,11,Y6096522,,,,0,30.0,0,0
75,15,12,12,12,Y6096523,,,,0,30.0,0,0
75,15,12,12,13,Y6096524,,,,0,30.0,0,0
75,15,12,12,14,Y6096525,,,,0,30.0,0,0
75,15,12,12,15,Y6096526,,,,0,30.0,0,0
75,15,12,12,16,Y6096527,,,,0,30.0,0,0
75,15,12,12,17,Y6096528,,,,0,30.0,0,0
75,15,12,12,18,Y6096529,,,,0,30.0,0,0
75,15,12,12,19,Y6096530,,,,0,30.0,0,0
75,15,12,12,20,Y6096531,,,,0,30.0,0,0
75,15,12,12,21,Y6096532,,,,0,30.0,0,0
75,15,12,12,22,Y6096533,,,,0,30.0,0,0
75,15,12,12,23,Y6096534,,,,0,30.0,0,0
75,15,12,12,24,Y6096535,,,,0,30.0,0,0
75,15,12,12,25,Y6096536,,,,0,30.0,0,0
75,15,12,12,26,Y6096537,,,,0,30.0,0,0
75,15,12,12,27,Y6096538,,,,0,30.0,0,0
75,15,12,12,28,Y6096539,,,,0,30.0,0,0
75,15,12,12,29,Y6096540,,,,0,30.0,0,0
75,15,12,12,30,Y6096541,,,,0,30.0,0,0
75,15,13,1,10,Y6096542,,,,0,30.0,0,0
75,15,13,1,11,Y6096543,,,,0,30.0,0,0
75,15,13,1,12,Y6096544,,,,0,30.0,0,0
75,15,13,1,13,Y6096545,,,,0,30.0,0,0
75,15,13,1,14,Y6096546,,,,0,30.0,0,0
75,15,13,1,15,Y6096547,,,,0,30.0,0,0
75,15,13,1,16,Y6096548,,,,0,30.0,0,0
75,15,13,1,17,Y6096549,,,,0,30.0,0,0
75,15,13,1,18,Y6096550,,,,0,30.0,0,0
75,15,13,1,19,Y6096551,,,,0,30.0,0,0
75,15,13,1,20,Y6096552,,,,0,30.0,0,0
75,15,13,1,21,Y6096553,,,,0,30.0,0,0
75,15,13,1,22,Y6096554,,,,0,30.0,0,0
75,15,13,1,23,Y6096555,,,,0,30.0,0,0
75,15,13,1,24,Y6096556,,,,0,30.0,0,0
75,15,13,1,25,Y6096557,,,,0,30.0,0,0
75,15,13,1,26,Y6096558,,,,0,30.0,0,0
75,15,13,1,27,Y6096559,,,,0,30.0,0,0
75,15,13,1,28,Y6096560,,,,0,30.0,0,0
75,15,13,1,29,Y6096561,,,,0,30.0,0,0
75,15,13,1,30,Y6096562,,,,0,30.0,0,0
75,15,13,2,10,Y6096563,,,,0,30.0,0,0
75,15,13,2,11,Y6096564,,,,0,30.0,0,0
75,15,13,2,12,Y6096565,,,,0,30.0,0,0
75,15,13,2,13,Y6096566,,,,0,30.0,0,0
75,15,13,2,14,Y6096567,,,,0,30.0,0,0
75,15,13,2,15,Y6096568,,,,0,30.0,0,0
75,15,13,2,16,Y6096569,,,,0,30.0,0,0
75,15,13,2,17,Y6096570,,,,0,30.0,0,0
75,15,13,2,18,Y6096571,,,,0,30.0,0,0
75,15,13,2,19,Y6096572,,,,0,30.0,0,0
75,15,13,2,20,Y6096573,,,,0,30.0,0,0
75,15,13,2,21,Y6096574,,,,0,30.0,0,0
75,15,13,2,22,Y6096575,,,,0,30.0,0,0
75,15,13,2,23,Y6096576,,,,0,30.0,0,0
75,15,13,2,24,Y6096577,,,,0,30.0,0,0
75,15,13,2,25,Y6096578,,,,0,30.0,0,0
75,15,13,2,26,Y6096579,,,,0,30.0,0,0
75,15,13,2,27,Y6096580,,,,0,30.0,0,0
75,15,13,2,28,Y6096581,,,,0,30.0,0,0
75,15,13,2,29,Y6096582,,,,0,30.0,0,0
75,15,13,2,30,Y6096583,,,,0,30.0,0,0
75,15,13,3,10,Y6096584,,,,0,30.0,0,0
75,15,13,3,11,Y6096585,,,,0,30.0,0,0
75,15,13,3,12,Y6096586,,,,0,30.0,0,0
75,15,13,3,13,Y6096587,,,,0,30.0,0,0
75,15,13,3,14,Y6096588,,,,0,30.0,0,0
75,15,13,3,15,Y6096589,,,,0,30.0,0,0
75,15,13,3,16,Y6096590,,,,0,30.0,0,0
75,15,13,3,17,Y6096591,,,,0,30.0,0,0
75,15,13,3,18,Y6096592,,,,0,30.0,0,0
75,15,13,3,19,Y6096593,,,,0,30.0,0,0
75,15,13,3,20,Y6096594,,,,0,30.0,0,0
75,15,13,3,21,Y6096595,,,,0,30.0,0,0
75,15,13,3,22,Y6096596,,,,0,30.0,0,0
75,15,13,3,23,Y6096597,,,,0,30.0,0,0
75,15,13,3,24,Y6096598,,,,0,30.0,0,0
75,15,13,3,25,Y6096599,,,,0,30.0,0,0
75,15,13,3,26,Y6096600,,,,0,30.0,0,0
75,15,13,3,27,Y6096601,,,,0,30.0,0,0
75,15,13,3,28,Y6096602,,,,0,30.0,0,0
75,15,13,3,29,Y6096603,,,,0,30.0,0,0
75,15,13,3,30,Y6096604,,,,0,30.0,0,0
75,15,13,4,10,Y6096605,,,,0,30.0,0,0
75,15,13,4,11,Y6096606,,,,0,30.0,0,0
75,15,13,4,12,Y6096607,,,,0,30.0,0,0
75,15,13,4,13,Y6096608,,,,0,30.0,0,0
75,15,13,4,14,Y6096609,,,,0,30.0,0,0
75,15,13,4,15,Y6096610,,,,0,30.0,0,0
75,15,13,4,16,Y6096611,,,,0,30.0,0,0
75,15,13,4,17,Y6096612,,,,0,30.0,0,0
75,15,13,4,18,Y6096613,,,,0,30.0,0,0
75,15,13,4,19,Y6096614,,,,0,30.0,0,0
75,15,13,4,20,Y6096615,,,,0,30.0,0,0
75,15,13,4,21,Y6096616,,,,0,30.0,0,0
75,15,13,4,22,Y6096617,,,,0,30.0,0,0
75,15,13,4,23,Y6096618,,,,0,30.0,0,0
75,15,13,4,24,Y6096619,,,,0,30.0,0,0
75,15,13,4,25,Y6096620,,,,0,30.0,0,0
75,15,13,4,26,Y6096621,,,,0,30.0,0,0
75,15,13,4,27,Y6096622,,,,0,30.0,0,0
75,15,13,4,28,Y6096623,,,,0,30.0,0,0
75,15,13,4,29,Y6096624,,,,0,30.0,0,0
75,15,13,4,30,Y6096625,,,,0,30.0,0,0
75,15,13,5,10,Y6096626,,,,0,30.0,0,0
75,15,13,5,11,Y6096627,,,,0,30.0,0,0
75,15,13,5,12,Y6096628,,,,0,30.0,0,0
75,15,13,5,13,Y6096629,,,,0,30.0,0,0
75,15,13,5,14,Y6096630,,,,0,30.0,0,0
75,15,13,5,15,Y6096631,,,,0,30.0,0,0
75,15,13,5,16,Y6096632,,,,0,30.0,0,0
75,15,13,5,17,Y6096633,,,,0,30.0,0,0
75,15,13,5,18,Y6096634,,,,0,30.0,0,0
75,15,13,5,19,Y6096635,,,,0,30.0,0,0
75,15,13,5,20,Y6096636,,,,0,30.0,0,0
75,15,13,5,21,Y6096637,,,,0,30.0,0,0
75,15,13,5,22,Y6096638,,,,0,30.0,0,0
75,15,13,5,23,Y6096639,,,,0,30.0,0,0
75,15,13,5,24,Y6096640,,,,0,30.0,0,0
75,15,13,5,25,Y6096641,,,,0,30.0,0,0
75,15,13,5,26,Y6096642,,,,0,30.0,0,0
75,15,13,5,27,Y6096643,,,,0,30.0,0,0
75,15,13,5,28,Y6096644,,,,0,30.0,0,0
75,15,13,5,29,Y6096645,,,,0,30.0,0,0
75,15,13,5,30,Y6096646,,,,0,30.0,0,0
75,15,13,6,10,Y6096647,,,,0,30.0,0,0
75,15,13,6,11,Y6096648,,,,0,30.0,0,0
75,15,13,6,12,Y6096649,,,,0,30.0,0,0
75,15,13,6,13,Y6096650,,,,0,30.0,0,0
75,15,13,6,14,Y6096651,,,,0,30.0,0,0
75,15,13,6,15,Y6096652,,,,0,30.0,0,0
75,15,13,6,16,Y6096653,,,,0,30.0,0,0
75,15,13,6,17,Y6096654,,,,0,30.0,0,0
75,15,13,6,18,Y6096655,,,,0,30.0,0,0
75,15,13,6,19,Y6096656,,,,0,30.0,0,0
75,15,13,6,20,Y6096657,,,,0,30.0,0,0
75,15,13,6,21,Y6096658,,,,0,30.0,0,0
75,15,13,6,22,Y6096659,,,,0,30.0,0,0
75,15,13,6,23,Y6096660,,,,0,30.0,0,0
75,15,13,6,24,Y6096661,,,,0,30.0,0,0
75,15,13,6,25,Y6096662,,,,0,30.0,0,0
75,15,13,6,26,Y6096663,,,,0,30.0,0,0
75,15,13,6,27,Y6096664,,,,0,30.0,0,0
75,15,13,6,28,Y6096665,,,,0,30.0,0,0
75,15,13,6,29,Y6096666,,,,0,30.0,0,0
75,15,13,6,30,Y6096667,,,,0,30.0,0,0
75,15,13,7,10,Y6096668,,,,0,30.0,0,0
75,15,13,7,11,Y6096669,,,,0,30.0,0,0
75,15,13,7,12,Y6096670,,,,0,30.0,0,0
75,15,13,7,13,Y6096671,,,,0,30.0,0,0
75,15,13,7,14,Y6096672,,,,0,30.0,0,0
75,15,13,7,15,Y6096673,,,,0,30.0,0,0
75,15,13,7,16,Y6096674,,,,0,30.0,0,0
75,15,13,7,17,Y6096675,,,,0,30.0,0,0
75,15,13,7,18,Y6096676,,,,0,30.0,0,0
75,15,13,7,19,Y6096677,,,,0,30.0,0,0
75,15,13,7,20,Y6096678,,,,0,30.0,0,0
75,15,13,7,21,Y6096679,,,,0,30.0,0,0
75,15,13,7,22,Y6096680,,,,0,30.0,0,0
75,15,13,7,23,Y6096681,,,,0,30.0,0,0
75,15,13,7,24,Y6096682,,,,0,30.0,0,0
75,15,13,7,25,Y6096683,,,,0,30.0,0,0
75,15,13,7,26,Y6096684,,,,0,30.0,0,0
75,15,13,7,27,Y6096685,,,,0,30.0,0,0
75,15,13,7,28,Y6096686,,,,0,30.0,0,0
75,15,13,7,29,Y6096687,,,,0,30.0,0,0
75,15,13,7,30,Y6096688,,,,0,30.0,0,0
75,15,13,8,10,Y6096689,,,,0,30.0,0,0
75,15,13,8,11,Y6096690,,,,0,30.0,0,0
75,15,13,8,12,Y6096691,,,,0,30.0,0,0
75,15,13,8,13,Y6096692,,,,0,30.0,0,0
75,15,13,8,14,Y6096693,,,,0,30.0,0,0
75,15,13,8,15,Y6096694,,,,0,30.0,0,0
75,15,13,8,16,Y6096695,,,,0,30.0,0,0
75,15,13,8,17,Y6096696,,,,0,30.0,0,0
75,15,13,8,18,Y6096697,,,,0,30.0,0,0
75,15,13,8,19,Y6096698,,,,0,30.0,0,0
75,15,13,8,20,Y6096699,,,,0,30.0,0,0
75,15,13,8,21,Y6096700,,,,0,30.0,0,0
75,15,13,8,22,Y6096701,,,,0,30.0,0,0
75,15,13,8,23,Y6096702,,,,0,30.0,0,0
75,15,13,8,24,Y6096703,,,,0,30.0,0,0
75,15,13,8,25,Y6096704,,,,0,30.0,0,0
75,15,13,8,26,Y6096705,,,,0,30.0,0,0
75,15,13,8,27,Y6096706,,,,0,30.0,0,0
75,15,13,8,28,Y6096707,,,,0,30.0,0,0
75,15,13,8,29,Y6096708,,,,0,30.0,0,0
75,15,13,8,30,Y6096709,,,,0,30.0,0,0
75,15,13,9,10,Y6096710,,,,0,30.0,0,0
75,15,13,9,11,Y6096711,,,,0,30.0,0,0
75,15,13,9,12,Y6096712,,,,0,30.0,0,0
75,15,13,9,13,Y6096713,,,,0,30.0,0,0
75,15,13,9,14,Y6096714,,,,0,30.0,0,0
75,15,13,9,15,Y6096715,,,,0,30.0,0,0
75,15,13,9,16,Y6096716,,,,0,30.0,0,0
75,15,13,9,17,Y6096717,,,,0,30.0,0,0
75,15,13,9,18,Y6096718,,,,0,30.0,0,0
75,15,13,9,19,Y6096719,,,,0,30.0,0,0
75,15,13,9,20,Y6096720,,,,0,30.0,0,0
75,15,13,9,21,Y6096721,,,,0,30.0,0,0
75,15,13,9,22,Y6096722,,,,0,30.0,0,0
75,15,13,9,23,Y6096723,,,,0,30.0,0,0
75,15,13,9,24,Y6096724,,,,0,30.0,0,0
75,15,13,9,25,Y6096725,,,,0,30.0,0,0
75,15,13,9,26,Y6096726,,,,0,30.0,0,0
75,15,13,9,27,Y6096727,,,,0,30.0,0,0
75,15,13,9,28,Y6096728,,,,0,30.0,0,0
75,15,13,9,29,Y6096729,,,,0,30.0,0,0
75,15,13,9,30,Y6096730,,,,0,30.0,0,0
75,15,13,10,10,Y6096731,,,,0,30.0,0,0
75,15,13,10,11,Y6096732,,,,0,30.0,0,0
75,15,13,10,12,Y6096733,,,,0,30.0,0,0
75,15,13,10,13,Y6096734,,,,0,30.0,0,0
75,15,13,10,14,Y6096735,,,,0,30.0,0,0
75,15,13,10,15,Y6096736,,,,0,30.0,0,0
75,15,13,10,16,Y6096737,,,,0,30.0,0,0
75,15,13,10,17,Y6096738,,,,0,30.0,0,0
75,15,13,10,18,Y6096739,,,,0,30.0,0,0
75,15,13,10,19,Y6096740,,,,0,30.0,0,0
75,15,13,10,20,Y6096741,,,,0,30.0,0,0
75,15,13,10,21,Y6096742,,,,0,30.0,0,0
75,15,13,10,22,Y6096743,,,,0,30.0,0,0
75,15,13,10,23,Y6096744,,,,0,30.0,0,0
75,15,13,10,24,Y6096745,,,,0,30.0,0,0
75,15,13,10,25,Y6096746,,,,0,30.0,0,0
75,15,13,10,26,Y6096747,,,,0,30.0,0,0
75,15,13,10,27,Y6096748,,,,0,30.0,0,0
75,15,13,10,28,Y6096749,,,,0,30.0,0,0
75,15,13,10,29,Y6096750,,,,0,30.0,0,0
75,15,13,10,30,Y6096751,,,,0,30.0,0,0
75,15,13,11,10,Y6096752,,,,0,30.0,0,0
75,15,13,11,11,Y6096753,,,,0,30.0,0,0
75,15,13,11,12,Y6096754,,,,0,30.0,0,0
75,15,13,11,13,Y6096755,,,,0,30.0,0,0
75,15,13,11,14,Y6096756,,,,0,30.0,0,0
75,15,13,11,15,Y6096757,,,,0,30.0,0,0
75,15,13,11,16,Y6096758,,,,0,30.0,0,0
75,15,13,11,17,Y6096759,,,,0,30.0,0,0
75,15,13,11,18,Y6096760,,,,0,30.0,0,0
75,15,13,11,19,Y6096761,,,,0,30.0,0,0
75,15,13,11,20,Y6096762,,,,0,30.0,0,0
75,15,13,11,21,Y6096763,,,,0,30.0,0,0
75,15,13,11,22,Y6096764,,,,0,30.0,0,0
75,15,13,11,23,Y6096765,,,,0,30.0,0,0
75,15,13,11,24,Y6096766,,,,0,30.0,0,0
75,15,13,11,25,Y6096767,,,,0,30.0,0,0
75,15,13,11,26,Y6096768,,,,0,30.0,0,0
75,15,13,11,27,Y6096769,,,,0,30.0,0,0
75,15,13,11,28,Y6096770,,,,0,30.0,0,0
75,15,13,11,29,Y6096771,,,,0,30.0,0,0
75,15,13,11,30,Y6096772,,,,0,30.0,0,0
75,15,13,12,10,Y6096773,,,,0,30.0,0,0
75,15,13,12,11,Y6096774,,,,0,30.0,0,0
75,15,13,12,12,Y6096775,,,,0,30.0,0,0
75,15,13,12,13,Y6096776,,,,0,30.0,0,0
75,15,13,12,14,Y6096777,,,,0,30.0,0,0
75,15,13,12,15,Y6096778,,,,0,30.0,0,0
75,15,13,12,16,Y6096779,,,,0,30.0,0,0
75,15,13,12,17,Y6096780,,,,0,30.0,0,0
75,15,13,12,18,Y6096781,,,,0,30.0,0,0
75,15,13,12,19,Y6096782,,,,0,30.0,0,0
75,15,13,12,20,Y6096783,,,,0,30.0,0,0
75,15,13,12,21,Y6096784,,,,0,30.0,0,0
75,15,13,12,22,Y6096785,,,,0,30.0,0,0
75,15,13,12,23,Y6096786,,,,0,30.0,0,0
75,15,13,12,24,Y6096787,,,,0,30.0,0,0
75,15,13,12,25,Y6096788,,,,0,30.0,0,0
75,15,13,12,26,Y6096789,,,,0,30.0,0,0
75,15,13,12,27,Y6096790,,,,0,30.0,0,0
75,15,13,12,28,Y6096791,,,,0,30.0,0,0
75,15,13,12,29,Y6096792,,,,0,30.0,0,0
75,15,13,12,30,Y6096793,,,,0,30.0,0,0
75,15,14,1,10,Y6096794,,,,0,30.0,0,0
75,15,14,1,11,Y6096795,,,,0,30.0,0,0
75,15,14,1,12,Y6096796,,,,0,30.0,0,0
75,15,14,1,13,Y6096797,,,,0,30.0,0,0
75,15,14,1,14,Y6096798,,,,0,30.0,0,0
75,15,14,1,15,Y6096799,,,,0,30.0,0,0
75,15,14,1,16,Y6096800,,,,0,30.0,0,0
75,15,14,1,17,Y6096801,,,,0,30.0,0,0
75,15,14,1,18,Y6096802,,,,0,30.0,0,0
75,15,14,1,19,Y6096803,,,,0,30.0,0,0
75,15,14,1,20,Y6096804,,,,0,30.0,0,0
75,15,14,1,21,Y6096805,,,,0,30.0,0,0
75,15,14,1,22,Y6096806,,,,0,30.0,0,0
75,15,14,1,23,Y6096807,,,,0,30.0,0,0
75,15,14,1,24,Y6096808,,,,0,30.0,0,0
75,15,14,1,25,Y6096809,,,,0,30.0,0,0
75,15,14,1,26,Y6096810,,,,0,30.0,0,0
75,15,14,1,27,Y6096811,,,,0,30.0,0,0
75,15,14,1,28,Y6096812,,,,0,30.0,0,0
75,15,14,1,29,Y6096813,,,,0,30.0,0,0
75,15,14,1,30,Y6096814,,,,0,30.0,0,0
75,15,14,2,10,Y6096815,,,,0,30.0,0,0
75,15,14,2,11,Y6096816,,,,0,30.0,0,0
75,15,14,2,12,Y6096817,,,,0,30.0,0,0
75,15,14,2,13,Y6096818,,,,0,30.0,0,0
75,15,14,2,14,Y6096819,,,,0,30.0,0,0
75,15,14,2,15,Y6096820,,,,0,30.0,0,0
75,15,14,2,16,Y6096821,,,,0,30.0,0,0
75,15,14,2,17,Y6096822,,,,0,30.0,0,0
75,15,14,2,18,Y6096823,,,,0,30.0,0,0
75,15,14,2,19,Y6096824,,,,0,30.0,0,0
75,15,14,2,20,Y6096825,,,,0,30.0,0,0
75,15,14,2,21,Y6096826,,,,0,30.0,0,0
75,15,14,2,22,Y6096827,,,,0,30.0,0,0
75,15,14,2,23,Y6096828,,,,0,30.0,0,0
75,15,14,2,24,Y6096829,,,,0,30.0,0,0
75,15,14,2,25,Y6096830,,,,0,30.0,0,0
75,15,14,2,26,Y6096831,,,,0,30.0,0,0
75,15,14,2,27,Y6096832,,,,0,30.0,0,0
75,15,14,2,28,Y6096833,,,,0,30.0,0,0
75,15,14,2,29,Y6096834,,,,0,30.0,0,0
75,15,14,2,30,Y6096835,,,,0,30.0,0,0
75,15,14,3,10,Y6096836,,,,0,30.0,0,0
75,15,14,3,11,Y6096837,,,,0,30.0,0,0
75,15,14,3,12,Y6096838,,,,0,30.0,0,0
75,15,14,3,13,Y6096839,,,,0,30.0,0,0
75,15,14,3,14,Y6096840,,,,0,30.0,0,0
75,15,14,3,15,Y6096841,,,,0,30.0,0,0
75,15,14,3,16,Y6096842,,,,0,30.0,0,0
75,15,14,3,17,Y6096843,,,,0,30.0,0,0
75,15,14,3,18,Y6096844,,,,0,30.0,0,0
75,15,14,3,19,Y6096845,,,,0,30.0,0,0
75,15,14,3,20,Y6096846,,,,0,30.0,0,0
75,15,14,3,21,Y6096847,,,,0,30.0,0,0
75,15,14,3,22,Y6096848,,,,0,30.0,0,0
75,15,14,3,23,Y6096849,,,,0,30.0,0,0
75,15,14,3,24,Y6096850,,,,0,30.0,0,0
75,15,14,3,25,Y6096851,,,,0,30.0,0,0
75,15,14,3,26,Y6096852,,,,0,30.0,0,0
75,15,14,3,27,Y6096853,,,,0,30.0,0,0
75,15,14,3,28,Y6096854,,,,0,30.0,0,0
75,15,14,3,29,Y6096855,,,,0,30.0,0,0
75,15,14,3,30,Y6096856,,,,0,30.0,0,0
75,15,14,4,10,Y6096857,,,,0,30.0,0,0
75,15,14,4,11,Y6096858,,,,0,30.0,0,0
75,15,14,4,12,Y6096859,,,,0,30.0,0,0
75,15,14,4,13,Y6096860,,,,0,30.0,0,0
75,15,14,4,14,Y6096861,,,,0,30.0,0,0
75,15,14,4,15,Y6096862,,,,0,30.0,0,0
75,15,14,4,16,Y6096863,,,,0,30.0,0,0
75,15,14,4,17,Y6096864,,,,0,30.0,0,0
75,15,14,4,18,Y6096865,,,,0,30.0,0,0
75,15,14,4,19,Y6096866,,,,0,30.0,0,0
75,15,14,4,20,Y6096867,,,,0,30.0,0,0
75,15,14,4,21,Y6096868,,,,0,30.0,0,0
75,15,14,4,22,Y6096869,,,,0,30.0,0,0
75,15,14,4,23,Y6096870,,,,0,30.0,0,0
75,15,14,4,24,Y6096871,,,,0,30.0,0,0
75,15,14,4,25,Y6096872,,,,0,30.0,0,0
75,15,14,4,26,Y6096873,,,,0,30.0,0,0
75,15,14,4,27,Y6096874,,,,0,30.0,0,0
75,15,14,4,28,Y6096875,,,,0,30.0,0,0
75,15,14,4,29,Y6096876,,,,0,30.0,0,0
75,15,14,4,30,Y6096877,,,,0,30.0,0,0
75,15,14,5,10,Y6096878,,,,0,30.0,0,0
75,15,14,5,11,Y6096879,,,,0,30.0,0,0
75,15,14,5,12,Y6096880,,,,0,30.0,0,0
75,15,14,5,13,Y6096881,,,,0,30.0,0,0
75,15,14,5,14,Y6096882,,,,0,30.0,0,0
75,15,14,5,15,Y6096883,,,,0,30.0,0,0
75,15,14,5,16,Y6096884,,,,0,30.0,0,0
75,15,14,5,17,Y6096885,,,,0,30.0,0,0
75,15,14,5,18,Y6096886,,,,0,30.0,0,0
75,15,14,5,19,Y6096887,,,,0,30.0,0,0
75,15,14,5,20,Y6096888,,,,0,30.0,0,0
75,15,14,5,21,Y6096889,,,,0,30.0,0,0
75,15,14,5,22,Y6096890,,,,0,30.0,0,0
75,15,14,5,23,Y6096891,,,,0,30.0,0,0
75,15,14,5,24,Y6096892,,,,0,30.0,0,0
75,15,14,5,25,Y6096893,,,,0,30.0,0,0
75,15,14,5,26,Y6096894,,,,0,30.0,0,0
75,15,14,5,27,Y6096895,,,,0,30.0,0,0
75,15,14,5,28,Y6096896,,,,0,30.0,0,0
75,15,14,5,29,Y6096897,,,,0,30.0,0,0
75,15,14,5,30,Y6096898,,,,0,30.0,0,0
75,15,14,6,10,Y6096899,,,,0,30.0,0,0
75,15,14,6,11,Y6096900,,,,0,30.0,0,0
75,15,14,6,12,Y6096901,,,,0,30.0,0,0
75,15,14,6,13,Y6096902,,,,0,30.0,0,0
75,15,14,6,14,Y6096903,,,,0,30.0,0,0
75,15,14,6,15,Y6096904,,,,0,30.0,0,0
75,15,14,6,16,Y6096905,,,,0,30.0,0,0
75,15,14,6,17,Y6096906,,,,0,30.0,0,0
75,15,14,6,18,Y6096907,,,,0,30.0,0,0
75,15,14,6,19,Y6096908,,,,0,30.0,0,0
75,15,14,6,20,Y6096909,,,,0,30.0,0,0
75,15,14,6,21,Y6096910,,,,0,30.0,0,0
75,15,14,6,22,Y6096911,,,,0,30.0,0,0
75,15,14,6,23,Y6096912,,,,0,30.0,0,0
75,15,14,6,24,Y6096913,,,,0,30.0,0,0
75,15,14,6,25,Y6096914,,,,0,30.0,0,0
75,15,14,6,26,Y6096915,,,,0,30.0,0,0
75,15,14,6,27,Y6096916,,,,0,30.0,0,0
75,15,14,6,28,Y6096917,,,,0,30.0,0,0
75,15,14,6,29,Y6096918,,,,0,30.0,0,0
75,15,14,6,30,Y6096919,,,,0,30.0,0,0
75,15,14,7,10,Y6096920,,,,0,30.0,0,0
75,15,14,7,11,Y6096921,,,,0,30.0,0,0
75,15,14,7,12,Y6096922,,,,0,30.0,0,0
75,15,14,7,13,Y6096923,,,,0,30.0,0,0
75,15,14,7,14,Y6096924,,,,0,30.0,0,0
75,15,14,7,15,Y6096925,,,,0,30.0,0,0
75,15,14,7,16,Y6096926,,,,0,30.0,0,0
75,15,14,7,17,Y6096927,,,,0,30.0,0,0
75,15,14,7,18,Y6096928,,,,0,30.0,0,0
75,15,14,7,19,Y6096929,,,,0,30.0,0,0
75,15,14,7,20,Y6096930,,,,0,30.0,0,0
75,15,14,7,21,Y6096931,,,,0,30.0,0,0
75,15,14,7,22,Y6096932,,,,0,30.0,0,0
75,15,14,7,23,Y6096933,,,,0,30.0,0,0
75,15,14,7,24,Y6096934,,,,0,30.0,0,0
75,15,14,7,25,Y6096935,,,,0,30.0,0,0
75,15,14,7,26,Y6096936,,,,0,30.0,0,0
75,15,14,7,27,Y6096937,,,,0,30.0,0,0
75,15,14,7,28,Y6096938,,,,0,30.0,0,0
75,15,14,7,29,Y6096939,,,,0,30.0,0,0
75,15,14,7,30,Y6096940,,,,0,30.0,0,0
75,15,14,8,10,Y6096941,,,,0,30.0,0,0
75,15,14,8,11,Y6096942,,,,0,30.0,0,0
75,15,14,8,12,Y6096943,,,,0,30.0,0,0
75,15,14,8,13,Y6096944,,,,0,30.0,0,0
75,15,14,8,14,Y6096945,,,,0,30.0,0,0
75,15,14,8,15,Y6096946,,,,0,30.0,0,0
75,15,14,8,16,Y6096947,,,,0,30.0,0,0
75,15,14,8,17,Y6096948,,,,0,30.0,0,0
75,15,14,8,18,Y6096949,,,,0,30.0,0,0
75,15,14,8,19,Y6096950,,,,0,30.0,0,0
75,15,14,8,20,Y6096951,,,,0,30.0,0,0
75,15,14,8,21,Y6096952,,,,0,30.0,0,0
75,15,14,8,22,Y6096953,,,,0,30.0,0,0
75,15,14,8,23,Y6096954,,,,0,30.0,0,0
75,15,14,8,24,Y6096955,,,,0,30.0,0,0
75,15,14,8,25,Y6096956,,,,0,30.0,0,0
75,15,14,8,26,Y6096957,,,,0,30.0,0,0
75,15,14,8,27,Y6096958,,,,0,30.0,0,0
75,15,14,8,28,Y6096959,,,,0,30.0,0,0
75,15,14,8,29,Y6096960,,,,0,30.0,0,0
75,15,14,8,30,Y6096961,,,,0,30.0,0,0
75,15,14,9,10,Y6096962,,,,0,30.0,0,0
75,15,14,9,11,Y6096963,,,,0,30.0,0,0
75,15,14,9,12,Y6096964,,,,0,30.0,0,0
75,15,14,9,13,Y6096965,,,,0,30.0,0,0
75,15,14,9,14,Y6096966,,,,0,30.0,0,0
75,15,14,9,15,Y6096967,,,,0,30.0,0,0
75,15,14,9,16,Y6096968,,,,0,30.0,0,0
75,15,14,9,17,Y6096969,,,,0,30.0,0,0
75,15,14,9,18,Y6096970,,,,0,30.0,0,0
75,15,14,9,19,Y6096971,,,,0,30.0,0,0
75,15,14,9,20,Y6096972,,,,0,30.0,0,0
75,15,14,9,21,Y6096973,,,,0,30.0,0,0
75,15,14,9,22,Y6096974,,,,0,30.0,0,0
75,15,14,9,23,Y6096975,,,,0,30.0,0,0
75,15,14,9,24,Y6096976,,,,0,30.0,0,0
75,15,14,9,25,Y6096977,,,,0,30.0,0,0
75,15,14,9,26,Y6096978,,,,0,30.0,0,0
75,15,14,9,27,Y6096979,,,,0,30.0,0,0
75,15,14,9,28,Y6096980,,,,0,30.0,0,0
75,15,14,9,29,Y6096981,,,,0,30.0,0,0
75,15,14,9,30,Y6096982,,,,0,30.0,0,0
75,15,14,10,10,Y6096983,,,,0,30.0,0,0
75,15,14,10,11,Y6096984,,,,0,30.0,0,0
75,15,14,10,12,Y6096985,,,,0,30.0,0,0
75,15,14,10,13,Y6096986,,,,0,30.0,0,0
75,15,14,10,14,Y6096987,,,,0,30.0,0,0
75,15,14,10,15,Y6096988,,,,0,30.0,0,0
75,15,14,10,16,Y6096989,,,,0,30.0,0,0
75,15,14,10,17,Y6096990,,,,0,30.0,0,0
75,15,14,10,18,Y6096991,,,,0,30.0,0,0
75,15,14,10,19,Y6096992,,,,0,30.0,0,0
75,15,14,10,20,Y6096993,,,,0,30.0,0,0
75,15,14,10,21,Y6096994,,,,0,30.0,0,0
75,15,14,10,22,Y6096995,,,,0,30.0,0,0
75,15,14,10,23,Y6096996,,,,0,30.0,0,0
75,15,14,10,24,Y6096997,,,,0,30.0,0,0
75,15,14,10,25,Y6096998,,,,0,30.0,0,0
75,15,14,10,26,Y6096999,,,,0,30.0,0,0
75,15,14,10,27,Y6097000,,,,0,30.0,0,0
75,15,14,10,28,Y6097001,,,,0,30.0,0,0
75,15,14,10,29,Y6097002,,,,0,30.0,0,0
75,15,14,10,30,Y6097003,,,,0,30.0,0,0
75,15,14,11,10,Y6097004,,,,0,30.0,0,0
75,15,14,11,11,Y6097005,,,,0,30.0,0,0
75,15,14,11,12,Y6097006,,,,0,30.0,0,0
75,15,14,11,13,Y6097007,,,,0,30.0,0,0
75,15,14,11,14,Y6097008,,,,0,30.0,0,0
75,15,14,11,15,Y6097009,,,,0,30.0,0,0
75,15,14,11,16,Y6097010,,,,0,30.0,0,0
75,15,14,11,17,Y6097011,,,,0,30.0,0,0
75,15,14,11,18,Y6097012,,,,0,30.0,0,0
75,15,14,11,19,Y6097013,,,,0,30.0,0,0
75,15,14,11,20,Y6097014,,,,0,30.0,0,0
75,15,14,11,21,Y6097015,,,,0,30.0,0,0
75,15,14,11,22,Y6097016,,,,0,30.0,0,0
75,15,14,11,23,Y6097017,,,,0,30.0,0,0
75,15,14,11,24,Y6097018,,,,0,30.0,0,0
75,15,14,11,25,Y6097019,,,,0,30.0,0,0
75,15,14,11,26,Y6097020,,,,0,30.0,0,0
75,15,14,11,27,Y6097021,,,,0,30.0,0,0
75,15,14,11,28,Y6097022,,,,0,30.0,0,0
75,15,14,11,29,Y6097023,,,,0,30.0,0,0
75,15,14,11,30,Y6097024,,,,0,30.0,0,0
75,15,14,12,10,Y6097025,,,,0,30.0,0,0
75,15,14,12,11,Y6097026,,,,0,30.0,0,0
75,15,14,12,12,Y6097027,,,,0,30.0,0,0
75,15,14,12,13,Y6097028,,,,0,30.0,0,0
75,15,14,12,14,Y6097029,,,,0,30.0,0,0
75,15,14,12,15,Y6097030,,,,0,30.0,0,0
75,15,14,12,16,Y6097031,,,,0,30.0,0,0
75,15,14,12,17,Y6097032,,,,0,30.0,0,0
75,15,14,12,18,Y6097033,,,,0,30.0,0,0
75,15,14,12,19,Y6097034,,,,0,30.0,0,0
75,15,14,12,20,Y6097035,,,,0,30.0,0,0
75,15,14,12,21,Y6097036,,,,0,30.0,0,0
75,15,14,12,22,Y6097037,,,,0,30.0,0,0
75,15,14,12,23,Y6097038,,,,0,30.0,0,0
75,15,14,12,24,Y6097039,,,,0,30.0,0,0
75,15,14,12,25,Y6097040,,,,0,30.0,0,0
75,15,14,12,26,Y6097041,,,,0,30.0,0,0
75,15,14,12,27,Y6097042,,,,0,30.0,0,0
75,15,14,12,28,Y6097043,,,,0,30.0,0,0
75,15,14,12,29,Y6097044,,,,0,30.0,0,0
75,15,14,12,30,Y6097045,,,,0,30.0,0,0
75,15,15,1,10,Y6097046,,,,0,30.0,0,0
75,15,15,1,11,Y6097047,,,,0,30.0,0,0
75,15,15,1,12,Y6097048,,,,0,30.0,0,0
75,15,15,1,13,Y6097049,,,,0,30.0,0,0
75,15,15,1,14,Y6097050,,,,0,30.0,0,0
75,15,15,1,15,Y6097051,,,,0,30.0,0,0
75,15,15,1,16,Y6097052,,,,0,30.0,0,0
75,15,15,1,17,Y6097053,,,,0,30.0,0,0
75,15,15,1,18,Y6097054,,,,0,30.0,0,0
75,15,15,1,19,Y6097055,,,,0,30.0,0,0
75,15,15,1,20,Y6097056,,,,0,30.0,0,0
75,15,15,1,21,Y6097057,,,,0,30.0,0,0
75,15,15,1,22,Y6097058,,,,0,30.0,0,0
75,15,15,1,23,Y6097059,,,,0,30.0,0,0
75,15,15,1,24,Y6097060,,,,0,30.0,0,0
75,15,15,1,25,Y6097061,,,,0,30.0,0,0
75,15,15,1,26,Y6097062,,,,0,30.0,0,0
75,15,15,1,27,Y6097063,,,,0,30.0,0,0
75,15,15,1,28,Y6097064,,,,0,30.0,0,0
75,15,15,1,29,Y6097065,,,,0,30.0,0,0
75,15,15,1,30,Y6097066,,,,0,30.0,0,0
75,15,15,2,10,Y6097067,,,,0,30.0,0,0
75,15,15,2,11,Y6097068,,,,0,30.0,0,0
75,15,15,2,12,Y6097069,,,,0,30.0,0,0
75,15,15,2,13,Y6097070,,,,0,30.0,0,0
75,15,15,2,14,Y6097071,,,,0,30.0,0,0
75,15,15,2,15,Y6097072,,,,0,30.0,0,0
75,15,15,2,16,Y6097073,,,,0,30.0,0,0
75,15,15,2,17,Y6097074,,,,0,30.0,0,0
75,15,15,2,18,Y6097075,,,,0,30.0,0,0
75,15,15,2,19,Y6097076,,,,0,30.0,0,0
75,15,15,2,20,Y6097077,,,,0,30.0,0,0
75,15,15,2,21,Y6097078,,,,0,30.0,0,0
75,15,15,2,22,Y6097079,,,,0,30.0,0,0
75,15,15,2,23,Y6097080,,,,0,30.0,0,0
75,15,15,2,24,Y6097081,,,,0,30.0,0,0
75,15,15,2,25,Y6097082,,,,0,30.0,0,0
75,15,15,2,26,Y6097083,,,,0,30.0,0,0
75,15,15,2,27,Y6097084,,,,0,30.0,0,0
75,15,15,2,28,Y6097085,,,,0,30.0,0,0
75,15,15,2,29,Y6097086,,,,0,30.0,0,0
75,15,15,2,30,Y6097087,,,,0,30.0,0,0
75,15,15,3,10,Y6097088,,,,0,30.0,0,0
75,15,15,3,11,Y6097089,,,,0,30.0,0,0
75,15,15,3,12,Y6097090,,,,0,30.0,0,0
75,15,15,3,13,Y6097091,,,,0,30.0,0,0
75,15,15,3,14,Y6097092,,,,0,30.0,0,0
75,15,15,3,15,Y6097093,,,,0,30.0,0,0
75,15,15,3,16,Y6097094,,,,0,30.0,0,0
75,15,15,3,17,Y6097095,,,,0,30.0,0,0
75,15,15,3,18,Y6097096,,,,0,30.0,0,0
75,15,15,3,19,Y6097097,,,,0,30.0,0,0
75,15,15,3,20,Y6097098,,,,0,30.0,0,0
75,15,15,3,21,Y6097099,,,,0,30.0,0,0
75,15,15,3,22,Y6097100,,,,0,30.0,0,0
75,15,15,3,23,Y6097101,,,,0,30.0,0,0
75,15,15,3,24,Y6097102,,,,0,30.0,0,0
75,15,15,3,25,Y6097103,,,,0,30.0,0,0
75,15,15,3,26,Y6097104,,,,0,30.0,0,0
75,15,15,3,27,Y6097105,,,,0,30.0,0,0
75,15,15,3,28,Y6097106,,,,0,30.0,0,0
75,15,15,3,29,Y6097107,,,,0,30.0,0,0
75,15,15,3,30,Y6097108,,,,0,30.0,0,0
75,15,15,4,10,Y6097109,,,,0,30.0,0,0
75,15,15,4,11,Y6097110,,,,0,30.0,0,0
75,15,15,4,12,Y6097111,,,,0,30.0,0,0
75,15,15,4,13,Y6097112,,,,0,30.0,0,0
75,15,15,4,14,Y6097113,,,,0,30.0,0,0
75,15,15,4,15,Y6097114,,,,0,30.0,0,0
75,15,15,4,16,Y6097115,,,,0,30.0,0,0
75,15,15,4,17,Y6097116,,,,0,30.0,0,0
75,15,15,4,18,Y6097117,,,,0,30.0,0,0
75,15,15,4,19,Y6097118,,,,0,30.0,0,0
75,15,15,4,20,Y6097119,,,,0,30.0,0,0
75,15,15,4,21,Y6097120,,,,0,30.0,0,0
75,15,15,4,22,Y6097121,,,,0,30.0,0,0
75,15,15,4,23,Y6097122,,,,0,30.0,0,0
75,15,15,4,24,Y6097123,,,,0,30.0,0,0
75,15,15,4,25,Y6097124,,,,0,30.0,0,0
75,15,15,4,26,Y6097125,,,,0,30.0,0,0
75,15,15,4,27,Y6097126,,,,0,30.0,0,0
75,15,15,4,28,Y6097127,,,,0,30.0,0,0
75,15,15,4,29,Y6097128,,,,0,30.0,0,0
75,15,15,4,30,Y6097129,,,,0,30.0,0,0
75,15,15,5,10,Y6097130,,,,0,30.0,0,0
75,15,15,5,11,Y6097131,,,,0,30.0,0,0
75,15,15,5,12,Y6097132,,,,0,30.0,0,0
75,15,15,5,13,Y6097133,,,,0,30.0,0,0
75,15,15,5,14,Y6097134,,,,0,30.0,0,0
75,15,15,5,15,Y6097135,,,,0,30.0,0,0
75,15,15,5,16,Y6097136,,,,0,30.0,0,0
75,15,15,5,17,Y6097137,,,,0,30.0,0,0
75,15,15,5,18,Y6097138,,,,0,30.0,0,0
75,15,15,5,19,Y6097139,,,,0,30.0,0,0
75,15,15,5,20,Y6097140,,,,0,30.0,0,0
75,15,15,5,21,Y6097141,,,,0,30.0,0,0
75,15,15,5,22,Y6097142,,,,0,30.0,0,0
75,15,15,5,23,Y6097143,,,,0,30.0,0,0
75,15,15,5,24,Y6097144,,,,0,30.0,0,0
75,15,15,5,25,Y6097145,,,,0,30.0,0,0
75,15,15,5,26,Y6097146,,,,0,30.0,0,0
75,15,15,5,27,Y6097147,,,,0,30.0,0,0
75,15,15,5,28,Y6097148,,,,0,30.0,0,0
75,15,15,5,29,Y6097149,,,,0,30.0,0,0
75,15,15,5,30,Y6097150,,,,0,30.0,0,0
75,15,15,6,10,Y6097151,,,,0,30.0,0,0
75,15,15,6,11,Y6097152,,,,0,30.0,0,0
75,15,15,6,12,Y6097153,,,,0,30.0,0,0
75,15,15,6,13,Y6097154,,,,0,30.0,0,0
75,15,15,6,14,Y6097155,,,,0,30.0,0,0
75,15,15,6,15,Y6097156,,,,0,30.0,0,0
75,15,15,6,16,Y6097157,,,,0,30.0,0,0
75,15,15,6,17,Y6097158,,,,0,30.0,0,0
75,15,15,6,18,Y6097159,,,,0,30.0,0,0
75,15,15,6,19,Y6097160,,,,0,30.0,0,0
75,15,15,6,20,Y6097161,,,,0,30.0,0,0
75,15,15,6,21,Y6097162,,,,0,30.0,0,0
75,15,15,6,22,Y6097163,,,,0,30.0,0,0
75,15,15,6,23,Y6097164,,,,0,30.0,0,0
75,15,15,6,24,Y6097165,,,,0,30.0,0,0
75,15,15,6,25,Y6097166,,,,0,30.0,0,0
75,15,15,6,26,Y6097167,,,,0,30.0,0,0
75,15,15,6,27,Y6097168,,,,0,30.0,0,0
75,15,15,6,28,Y6097169,,,,0,30.0,0,0
75,15,15,6,29,Y6097170,,,,0,30.0,0,0
75,15,15,6,30,Y6097171,,,,0,30.0,0,0
75,15,15,7,10,Y6097172,,,,0,30.0,0,0
75,15,15,7,11,Y6097173,,,,0,30.0,0,0
75,15,15,7,12,Y6097174,,,,0,30.0,0,0
75,15,15,7,13,Y6097175,,,,0,30.0,0,0
75,15,15,7,14,Y6097176,,,,0,30.0,0,0
75,15,15,7,15,Y6097177,,,,0,30.0,0,0
75,15,15,7,16,Y6097178,,,,0,30.0,0,0
75,15,15,7,17,Y6097179,,,,0,30.0,0,0
75,15,15,7,18,Y6097180,,,,0,30.0,0,0
75,15,15,7,19,Y6097181,,,,0,30.0,0,0
75,15,15,7,20,Y6097182,,,,0,30.0,0,0
75,15,15,7,21,Y6097183,,,,0,30.0,0,0
75,15,15,7,22,Y6097184,,,,0,30.0,0,0
75,15,15,7,23,Y6097185,,,,0,30.0,0,0
75,15,15,7,24,Y6097186,,,,0,30.0,0,0
75,15,15,7,25,Y6097187,,,,0,30.0,0,0
75,15,15,7,26,Y6097188,,,,0,30.0,0,0
75,15,15,7,27,Y6097189,,,,0,30.0,0,0
75,15,15,7,28,Y6097190,,,,0,30.0,0,0
75,15,15,7,29,Y6097191,,,,0,30.0,0,0
75,15,15,7,30,Y6097192,,,,0,30.0,0,0
75,15,15,8,10,Y6097193,,,,0,30.0,0,0
75,15,15,8,11,Y6097194,,,,0,30.0,0,0
75,15,15,8,12,Y6097195,,,,0,30.0,0,0
75,15,15,8,13,Y6097196,,,,0,30.0,0,0
75,15,15,8,14,Y6097197,,,,0,30.0,0,0
75,15,15,8,15,Y6097198,,,,0,30.0,0,0
75,15,15,8,16,Y6097199,,,,0,30.0,0,0
75,15,15,8,17,Y6097200,,,,0,30.0,0,0
75,15,15,8,18,Y6097201,,,,0,30.0,0,0
75,15,15,8,19,Y6097202,,,,0,30.0,0,0
75,15,15,8,20,Y6097203,,,,0,30.0,0,0
75,15,15,8,21,Y6097204,,,,0,30.0,0,0
75,15,15,8,22,Y6097205,,,,0,30.0,0,0
75,15,15,8,23,Y6097206,,,,0,30.0,0,0
75,15,15,8,24,Y6097207,,,,0,30.0,0,0
75,15,15,8,25,Y6097208,,,,0,30.0,0,0
75,15,15,8,26,Y6097209,,,,0,30.0,0,0
75,15,15,8,27,Y6097210,,,,0,30.0,0,0
75,15,15,8,28,Y6097211,,,,0,30.0,0,0
75,15,15,8,29,Y6097212,,,,0,30.0,0,0
75,15,15,8,30,Y6097213,,,,0,30.0,0,0
75,15,15,9,10,Y6097214,,,,0,30.0,0,0
75,15,15,9,11,Y6097215,,,,0,30.0,0,0
75,15,15,9,12,Y6097216,,,,0,30.0,0,0
75,15,15,9,13,Y6097217,,,,0,30.0,0,0
75,15,15,9,14,Y6097218,,,,0,30.0,0,0
75,15,15,9,15,Y6097219,,,,0,30.0,0,0
75,15,15,9,16,Y6097220,,,,0,30.0,0,0
75,15,15,9,17,Y6097221,,,,0,30.0,0,0
75,15,15,9,18,Y6097222,,,,0,30.0,0,0
75,15,15,9,19,Y6097223,,,,0,30.0,0,0
75,15,15,9,20,Y6097224,,,,0,30.0,0,0
75,15,15,9,21,Y6097225,,,,0,30.0,0,0
75,15,15,9,22,Y6097226,,,,0,30.0,0,0
75,15,15,9,23,Y6097227,,,,0,30.0,0,0
75,15,15,9,24,Y6097228,,,,0,30.0,0,0
75,15,15,9,25,Y6097229,,,,0,30.0,0,0
75,15,15,9,26,Y6097230,,,,0,30.0,0,0
75,15,15,9,27,Y6097231,,,,0,30.0,0,0
75,15,15,9,28,Y6097232,,,,0,30.0,0,0
75,15,15,9,29,Y6097233,,,,0,30.0,0,0
75,15,15,9,30,Y6097234,,,,0,30.0,0,0
75,15,15,10,10,Y6097235,,,,0,30.0,0,0
75,15,15,10,11,Y6097236,,,,0,30.0,0,0
75,15,15,10,12,Y6097237,,,,0,30.0,0,0
75,15,15,10,13,Y6097238,,,,0,30.0,0,0
75,15,15,10,14,Y6097239,,,,0,30.0,0,0
75,15,15,10,15,Y6097240,,,,0,30.0,0,0
75,15,15,10,16,Y6097241,,,,0,30.0,0,0
75,15,15,10,17,Y6097242,,,,0,30.0,0,0
75,15,15,10,18,Y6097243,,,,0,30.0,0,0
75,15,15,10,19,Y6097244,,,,0,30.0,0,0
75,15,15,10,20,Y6097245,,,,0,30.0,0,0
75,15,15,10,21,Y6097246,,,,0,30.0,0,0
75,15,15,10,22,Y6097247,,,,0,30.0,0,0
75,15,15,10,23,Y6097248,,,,0,30.0,0,0
75,15,15,10,24,Y6097249,,,,0,30.0,0,0
75,15,15,10,25,Y6097250,,,,0,30.0,0,0
75,15,15,10,26,Y6097251,,,,0,30.0,0,0
75,15,15,10,27,Y6097252,,,,0,30.0,0,0
75,15,15,10,28,Y6097253,,,,0,30.0,0,0
75,15,15,10,29,Y6097254,,,,0,30.0,0,0
75,15,15,10,30,Y6097255,,,,0,30.0,0,0
75,15,15,11,10,Y6097256,,,,0,30.0,0,0
75,15,15,11,11,Y6097257,,,,0,30.0,0,0
75,15,15,11,12,Y6097258,,,,0,30.0,0,0
75,15,15,11,13,Y6097259,,,,0,30.0,0,0
75,15,15,11,14,Y6097260,,,,0,30.0,0,0
75,15,15,11,15,Y6097261,,,,0,30.0,0,0
75,15,15,11,16,Y6097262,,,,0,30.0,0,0
75,15,15,11,17,Y6097263,,,,0,30.0,0,0
75,15,15,11,18,Y6097264,,,,0,30.0,0,0
75,15,15,11,19,Y6097265,,,,0,30.0,0,0
75,15,15,11,20,Y6097266,,,,0,30.0,0,0
75,15,15,11,21,Y6097267,,,,0,30.0,0,0
75,15,15,11,22,Y6097268,,,,0,30.0,0,0
75,15,15,11,23,Y6097269,,,,0,30.0,0,0
75,15,15,11,24,Y6097270,,,,0,30.0,0,0
75,15,15,11,25,Y6097271,,,,0,30.0,0,0
75,15,15,11,26,Y6097272,,,,0,30.0,0,0
75,15,15,11,27,Y6097273,,,,0,30.0,0,0
75,15,15,11,28,Y6097274,,,,0,30.0,0,0
75,15,15,11,29,Y6097275,,,,0,30.0,0,0
75,15,15,11,30,Y6097276,,,,0,30.0,0,0
75,15,15,12,10,Y6097277,,,,0,30.0,0,0
75,15,15,12,11,Y6097278,,,,0,30.0,0,0
75,15,15,12,12,Y6097279,,,,0,30.0,0,0
75,15,15,12,13,Y6097280,,,,0,30.0,0,0
75,15,15,12,14,Y6097281,,,,0,30.0,0,0
75,15,15,12,15,Y6097282,,,,0,30.0,0,0
75,15,15,12,16,Y6097283,,,,0,30.0,0,0
75,15,15,12,17,Y6097284,,,,0,30.0,0,0
75,15,15,12,18,Y6097285,,,,0,30.0,0,0
75,15,15,12,19,Y6097286,,,,0,30.0,0,0
75,15,15,12,20,Y6097287,,,,0,30.0,0,0
75,15,15,12,21,Y6097288,,,,0,30.0,0,0
75,15,15,12,22,Y6097289,,,,0,30.0,0,0
75,15,15,12,23,Y6097290,,,,0,30.0,0,0
75,15,15,12,24,Y6097291,,,,0,30.0,0,0
75,15,15,12,25,Y6097292,,,,0,30.0,0,0
75,15,15,12,26,Y6097293,,,,0,30.0,0,0
75,15,15,12,27,Y6097294,,,,0,30.0,0,0
75,15,15,12,28,Y6097295,,,,0,30.0,0,0
75,15,15,12,29,Y6097296,,,,0,30.0,0,0
75,15,15,12,30,Y6097297,,,,0,30.0,0,0
75,15,16,1,10,Y6097298,,,,0,30.0,0,0
75,15,16,1,11,Y6097299,,,,0,30.0,0,0
75,15,16,1,12,Y6097300,,,,0,30.0,0,0
75,15,16,1,13,Y6097301,,,,0,30.0,0,0
75,15,16,1,14,Y6097302,,,,0,30.0,0,0
75,15,16,1,15,Y6097303,,,,0,30.0,0,0
75,15,16,1,16,Y6097304,,,,0,30.0,0,0
75,15,16,1,17,Y6097305,,,,0,30.0,0,0
75,15,16,1,18,Y6097306,,,,0,30.0,0,0
75,15,16,1,19,Y6097307,,,,0,30.0,0,0
75,15,16,1,20,Y6097308,,,,0,30.0,0,0
75,15,16,1,21,Y6097309,,,,0,30.0,0,0
75,15,16,1,22,Y6097310,,,,0,30.0,0,0
75,15,16,1,23,Y6097311,,,,0,30.0,0,0
75,15,16,1,24,Y6097312,,,,0,30.0,0,0
75,15,16,1,25,Y6097313,,,,0,30.0,0,0
75,15,16,1,26,Y6097314,,,,0,30.0,0,0
75,15,16,1,27,Y6097315,,,,0,30.0,0,0
75,15,16,1,28,Y6097316,,,,0,30.0,0,0
75,15,16,1,29,Y6097317,,,,0,30.0,0,0
75,15,16,1,30,Y6097318,,,,0,30.0,0,0
75,15,16,2,10,Y6097319,,,,0,30.0,0,0
75,15,16,2,11,Y6097320,,,,0,30.0,0,0
75,15,16,2,12,Y6097321,,,,0,30.0,0,0
75,15,16,2,13,Y6097322,,,,0,30.0,0,0
75,15,16,2,14,Y6097323,,,,0,30.0,0,0
75,15,16,2,15,Y6097324,,,,0,30.0,0,0
75,15,16,2,16,Y6097325,,,,0,30.0,0,0
75,15,16,2,17,Y6097326,,,,0,30.0,0,0
75,15,16,2,18,Y6097327,,,,0,30.0,0,0
75,15,16,2,19,Y6097328,,,,0,30.0,0,0
75,15,16,2,20,Y6097329,,,,0,30.0,0,0
75,15,16,2,21,Y6097330,,,,0,30.0,0,0
75,15,16,2,22,Y6097331,,,,0,30.0,0,0
75,15,16,2,23,Y6097332,,,,0,30.0,0,0
75,15,16,2,24,Y6097333,,,,0,30.0,0,0
75,15,16,2,25,Y6097334,,,,0,30.0,0,0
75,15,16,2,26,Y6097335,,,,0,30.0,0,0
75,15,16,2,27,Y6097336,,,,0,30.0,0,0
75,15,16,2,28,Y6097337,,,,0,30.0,0,0
75,15,16,2,29,Y6097338,,,,0,30.0,0,0
75,15,16,2,30,Y6097339,,,,0,30.0,0,0
75,15,16,3,10,Y6097340,,,,0,30.0,0,0
75,15,16,3,11,Y6097341,,,,0,30.0,0,0
75,15,16,3,12,Y6097342,,,,0,30.0,0,0
75,15,16,3,13,Y6097343,,,,0,30.0,0,0
75,15,16,3,14,Y6097344,,,,0,30.0,0,0
75,15,16,3,15,Y6097345,,,,0,30.0,0,0
75,15,16,3,16,Y6097346,,,,0,30.0,0,0
75,15,16,3,17,Y6097347,,,,0,30.0,0,0
75,15,16,3,18,Y6097348,,,,0,30.0,0,0
75,15,16,3,19,Y6097349,,,,0,30.0,0,0
75,15,16,3,20,Y6097350,,,,0,30.0,0,0
75,15,16,3,21,Y6097351,,,,0,30.0,0,0
75,15,16,3,22,Y6097352,,,,0,30.0,0,0
75,15,16,3,23,Y6097353,,,,0,30.0,0,0
75,15,16,3,24,Y6097354,,,,0,30.0,0,0
75,15,16,3,25,Y6097355,,,,0,30.0,0,0
75,15,16,3,26,Y6097356,,,,0,30.0,0,0
75,15,16,3,27,Y6097357,,,,0,30.0,0,0
75,15,16,3,28,Y6097358,,,,0,30.0,0,0
75,15,16,3,29,Y6097359,,,,0,30.0,0,0
75,15,16,3,30,Y6097360,,,,0,30.0,0,0
75,15,16,4,10,Y6097361,,,,0,30.0,0,0
75,15,16,4,11,Y6097362,,,,0,30.0,0,0
75,15,16,4,12,Y6097363,,,,0,30.0,0,0
75,15,16,4,13,Y6097364,,,,0,30.0,0,0
75,15,16,4,14,Y6097365,,,,0,30.0,0,0
75,15,16,4,15,Y6097366,,,,0,30.0,0,0
75,15,16,4,16,Y6097367,,,,0,30.0,0,0
75,15,16,4,17,Y6097368,,,,0,30.0,0,0
75,15,16,4,18,Y6097369,,,,0,30.0,0,0
75,15,16,4,19,Y6097370,,,,0,30.0,0,0
75,15,16,4,20,Y6097371,,,,0,30.0,0,0
75,15,16,4,21,Y6097372,,,,0,30.0,0,0
75,15,16,4,22,Y6097373,,,,0,30.0,0,0
75,15,16,4,23,Y6097374,,,,0,30.0,0,0
75,15,16,4,24,Y6097375,,,,0,30.0,0,0
75,15,16,4,25,Y6097376,,,,0,30.0,0,0
75,15,16,4,26,Y6097377,,,,0,30.0,0,0
75,15,16,4,27,Y6097378,,,,0,30.0,0,0
75,15,16,4,28,Y6097379,,,,0,30.0,0,0
75,15,16,4,29,Y6097380,,,,0,30.0,0,0
75,15,16,4,30,Y6097381,,,,0,30.0,0,0
75,15,16,5,10,Y6097382,,,,0,30.0,0,0
75,15,16,5,11,Y6097383,,,,0,30.0,0,0
75,15,16,5,12,Y6097384,,,,0,30.0,0,0
75,15,16,5,13,Y6097385,,,,0,30.0,0,0
75,15,16,5,14,Y6097386,,,,0,30.0,0,0
75,15,16,5,15,Y6097387,,,,0,30.0,0,0
75,15,16,5,16,Y6097388,,,,0,30.0,0,0
75,15,16,5,17,Y6097389,,,,0,30.0,0,0
75,15,16,5,18,Y6097390,,,,0,30.0,0,0
75,15,16,5,19,Y6097391,,,,0,30.0,0,0
75,15,16,5,20,Y6097392,,,,0,30.0,0,0
75,15,16,5,21,Y6097393,,,,0,30.0,0,0
75,15,16,5,22,Y6097394,,,,0,30.0,0,0
75,15,16,5,23,Y6097395,,,,0,30.0,0,0
75,15,16,5,24,Y6097396,,,,0,30.0,0,0
75,15,16,5,25,Y6097397,,,,0,30.0,0,0
75,15,16,5,26,Y6097398,,,,0,30.0,0,0
75,15,16,5,27,Y6097399,,,,0,30.0,0,0
75,15,16,5,28,Y6097400,,,,0,30.0,0,0
75,15,16,5,29,Y6097401,,,,0,30.0,0,0
75,15,16,5,30,Y6097402,,,,0,30.0,0,0
75,15,16,6,10,Y6097403,,,,0,30.0,0,0
75,15,16,6,11,Y6097404,,,,0,30.0,0,0
75,15,16,6,12,Y6097405,,,,0,30.0,0,0
75,15,16,6,13,Y6097406,,,,0,30.0,0,0
75,15,16,6,14,Y6097407,,,,0,30.0,0,0
75,15,16,6,15,Y6097408,,,,0,30.0,0,0
75,15,16,6,16,Y6097409,,,,0,30.0,0,0
75,15,16,6,17,Y6097410,,,,0,30.0,0,0
75,15,16,6,18,Y6097411,,,,0,30.0,0,0
75,15,16,6,19,Y6097412,,,,0,30.0,0,0
75,15,16,6,20,Y6097413,,,,0,30.0,0,0
75,15,16,6,21,Y6097414,,,,0,30.0,0,0
75,15,16,6,22,Y6097415,,,,0,30.0,0,0
75,15,16,6,23,Y6097416,,,,0,30.0,0,0
75,15,16,6,24,Y6097417,,,,0,30.0,0,0
75,15,16,6,25,Y6097418,,,,0,30.0,0,0
75,15,16,6,26,Y6097419,,,,0,30.0,0,0
75,15,16,6,27,Y6097420,,,,0,30.0,0,0
75,15,16,6,28,Y6097421,,,,0,30.0,0,0
75,15,16,6,29,Y6097422,,,,0,30.0,0,0
75,15,16,6,30,Y6097423,,,,0,30.0,0,0
75,15,16,7,10,Y6097424,,,,0,30.0,0,0
75,15,16,7,11,Y6097425,,,,0,30.0,0,0
75,15,16,7,12,Y6097426,,,,0,30.0,0,0
75,15,16,7,13,Y6097427,,,,0,30.0,0,0
75,15,16,7,14,Y6097428,,,,0,30.0,0,0
75,15,16,7,15,Y6097429,,,,0,30.0,0,0
75,15,16,7,16,Y6097430,,,,0,30.0,0,0
75,15,16,7,17,Y6097431,,,,0,30.0,0,0
75,15,16,7,18,Y6097432,,,,0,30.0,0,0
75,15,16,7,19,Y6097433,,,,0,30.0,0,0
75,15,16,7,20,Y6097434,,,,0,30.0,0,0
75,15,16,7,21,Y6097435,,,,0,30.0,0,0
75,15,16,7,22,Y6097436,,,,0,30.0,0,0
75,15,16,7,23,Y6097437,,,,0,30.0,0,0
75,15,16,7,24,Y6097438,,,,0,30.0,0,0
75,15,16,7,25,Y6097439,,,,0,30.0,0,0
75,15,16,7,26,Y6097440,,,,0,30.0,0,0
75,15,16,7,27,Y6097441,,,,0,30.0,0,0
75,15,16,7,28,Y6097442,,,,0,30.0,0,0
75,15,16,7,29,Y6097443,,,,0,30.0,0,0
75,15,16,7,30,Y6097444,,,,0,30.0,0,0
75,15,16,8,10,Y6097445,,,,0,30.0,0,0
75,15,16,8,11,Y6097446,,,,0,30.0,0,0
75,15,16,8,12,Y6097447,,,,0,30.0,0,0
75,15,16,8,13,Y6097448,,,,0,30.0,0,0
75,15,16,8,14,Y6097449,,,,0,30.0,0,0
75,15,16,8,15,Y6097450,,,,0,30.0,0,0
75,15,16,8,16,Y6097451,,,,0,30.0,0,0
75,15,16,8,17,Y6097452,,,,0,30.0,0,0
75,15,16,8,18,Y6097453,,,,0,30.0,0,0
75,15,16,8,19,Y6097454,,,,0,30.0,0,0
75,15,16,8,20,Y6097455,,,,0,30.0,0,0
75,15,16,8,21,Y6097456,,,,0,30.0,0,0
75,15,16,8,22,Y6097457,,,,0,30.0,0,0
75,15,16,8,23,Y6097458,,,,0,30.0,0,0
75,15,16,8,24,Y6097459,,,,0,30.0,0,0
75,15,16,8,25,Y6097460,,,,0,30.0,0,0
75,15,16,8,26,Y6097461,,,,0,30.0,0,0
75,15,16,8,27,Y6097462,,,,0,30.0,0,0
75,15,16,8,28,Y6097463,,,,0,30.0,0,0
75,15,16,8,29,Y6097464,,,,0,30.0,0,0
75,15,16,8,30,Y6097465,,,,0,30.0,0,0
75,15,16,9,10,Y6097466,,,,0,30.0,0,0
75,15,16,9,11,Y6097467,,,,0,30.0,0,0
75,15,16,9,12,Y6097468,,,,0,30.0,0,0
75,15,16,9,13,Y6097469,,,,0,30.0,0,0
75,15,16,9,14,Y6097470,,,,0,30.0,0,0
75,15,16,9,15,Y6097471,,,,0,30.0,0,0
75,15,16,9,16,Y6097472,,,,0,30.0,0,0
75,15,16,9,17,Y6097473,,,,0,30.0,0,0
75,15,16,9,18,Y6097474,,,,0,30.0,0,0
75,15,16,9,19,Y6097475,,,,0,30.0,0,0
75,15,16,9,20,Y6097476,,,,0,30.0,0,0
75,15,16,9,21,Y6097477,,,,0,30.0,0,0
75,15,16,9,22,Y6097478,,,,0,30.0,0,0
75,15,16,9,23,Y6097479,,,,0,30.0,0,0
75,15,16,9,24,Y6097480,,,,0,30.0,0,0
75,15,16,9,25,Y6097481,,,,0,30.0,0,0
75,15,16,9,26,Y6097482,,,,0,30.0,0,0
75,15,16,9,27,Y6097483,,,,0,30.0,0,0
75,15,16,9,28,Y6097484,,,,0,30.0,0,0
75,15,16,9,29,Y6097485,,,,0,30.0,0,0
75,15,16,9,30,Y6097486,,,,0,30.0,0,0
75,15,16,10,10,Y6097487,,,,0,30.0,0,0
75,15,16,10,11,Y6097488,,,,0,30.0,0,0
75,15,16,10,12,Y6097489,,,,0,30.0,0,0
75,15,16,10,13,Y6097490,,,,0,30.0,0,0
75,15,16,10,14,Y6097491,,,,0,30.0,0,0
75,15,16,10,15,Y6097492,,,,0,30.0,0,0
75,15,16,10,16,Y6097493,,,,0,30.0,0,0
75,15,16,10,17,Y6097494,,,,0,30.0,0,0
75,15,16,10,18,Y6097495,,,,0,30.0,0,0
75,15,16,10,19,Y6097496,,,,0,30.0,0,0
75,15,16,10,20,Y6097497,,,,0,30.0,0,0
75,15,16,10,21,Y6097498,,,,0,30.0,0,0
75,15,16,10,22,Y6097499,,,,0,30.0,0,0
75,15,16,10,23,Y6097500,,,,0,30.0,0,0
75,15,16,10,24,Y6097501,,,,0,30.0,0,0
75,15,16,10,25,Y6097502,,,,0,30.0,0,0
75,15,16,10,26,Y6097503,,,,0,30.0,0,0
75,15,16,10,27,Y6097504,,,,0,30.0,0,0
75,15,16,10,28,Y6097505,,,,0,30.0,0,0
75,15,16,10,29,Y6097506,,,,0,30.0,0,0
75,15,16,10,30,Y6097507,,,,0,30.0,0,0
75,15,16,11,10,Y6097508,,,,0,30.0,0,0
75,15,16,11,11,Y6097509,,,,0,30.0,0,0
75,15,16,11,12,Y6097510,,,,0,30.0,0,0
75,15,16,11,13,Y6097511,,,,0,30.0,0,0
75,15,16,11,14,Y6097512,,,,0,30.0,0,0
75,15,16,11,15,Y6097513,,,,0,30.0,0,0
75,15,16,11,16,Y6097514,,,,0,30.0,0,0
75,15,16,11,17,Y6097515,,,,0,30.0,0,0
75,15,16,11,18,Y6097516,,,,0,30.0,0,0
75,15,16,11,19,Y6097517,,,,0,30.0,0,0
75,15,16,11,20,Y6097518,,,,0,30.0,0,0
75,15,16,11,21,Y6097519,,,,0,30.0,0,0
75,15,16,11,22,Y6097520,,,,0,30.0,0,0
75,15,16,11,23,Y6097521,,,,0,30.0,0,0
75,15,16,11,24,Y6097522,,,,0,30.0,0,0
75,15,16,11,25,Y6097523,,,,0,30.0,0,0
75,15,16,11,26,Y6097524,,,,0,30.0,0,0
75,15,16,11,27,Y6097525,,,,0,30.0,0,0
75,15,16,11,28,Y6097526,,,,0,30.0,0,0
75,15,16,11,29,Y6097527,,,,0,30.0,0,0
75,15,16,11,30,Y6097528,,,,0,30.0,0,0
75,15,16,12,10,Y6097529,,,,0,30.0,0,0
75,15,16,12,11,Y6097530,,,,0,30.0,0,0
75,15,16,12,12,Y6097531,,,,0,30.0,0,0
75,15,16,12,13,Y6097532,,,,0,30.0,0,0
75,15,16,12,14,Y6097533,,,,0,30.0,0,0
75,15,16,12,15,Y6097534,,,,0,30.0,0,0
75,15,16,12,16,Y6097535,,,,0,30.0,0,0
75,15,16,12,17,Y6097536,,,,0,30.0,0,0
75,15,16,12,18,Y6097537,,,,0,30.0,0,0
75,15,16,12,19,Y6097538,,,,0,30.0,0,0
75,15,16,12,20,Y6097539,,,,0,30.0,0,0
75,15,16,12,21,Y6097540,,,,0,30.0,0,0
75,15,16,12,22,Y6097541,,,,0,30.0,0,0
75,15,16,12,23,Y6097542,,,,0,30.0,0,0
75,15,16,12,24,Y6097543,,,,0,30.0,0,0
75,15,16,12,25,Y6097544,,,,0,30.0,0,0
75,15,16,12,26,Y6097545,,,,0,30.0,0,0
75,15,16,12,27,Y6097546,,,,0,30.0,0,0
75,15,16,12,28,Y6097547,,,,0,30.0,0,0
75,15,16,12,29,Y6097548,,,,0,30.0,0,0
75,15,16,12,30,Y6097549,,,,0,30.0,0,0
75,15,17,1,10,Y6097550,,,,0,30.0,0,0
75,15,17,1,11,Y6097551,,,,0,30.0,0,0
75,15,17,1,12,Y6097552,,,,0,30.0,0,0
75,15,17,1,13,Y6097553,,,,0,30.0,0,0
75,15,17,1,14,Y6097554,,,,0,30.0,0,0
75,15,17,1,15,Y6097555,,,,0,30.0,0,0
75,15,17,1,16,Y6097556,,,,0,30.0,0,0
75,15,17,1,17,Y6097557,,,,0,30.0,0,0
75,15,17,1,18,Y6097558,,,,0,30.0,0,0
75,15,17,1,19,Y6097559,,,,0,30.0,0,0
75,15,17,1,20,Y6097560,,,,0,30.0,0,0
75,15,17,1,21,Y6097561,,,,0,30.0,0,0
75,15,17,1,22,Y6097562,,,,0,30.0,0,0
75,15,17,1,23,Y6097563,,,,0,30.0,0,0
75,15,17,1,24,Y6097564,,,,0,30.0,0,0
75,15,17,1,25,Y6097565,,,,0,30.0,0,0
75,15,17,1,26,Y6097566,,,,0,30.0,0,0
75,15,17,1,27,Y6097567,,,,0,30.0,0,0
75,15,17,1,28,Y6097568,,,,0,30.0,0,0
75,15,17,1,29,Y6097569,,,,0,30.0,0,0
75,15,17,1,30,Y6097570,,,,0,30.0,0,0
75,15,17,2,10,Y6097571,,,,0,30.0,0,0
75,15,17,2,11,Y6097572,,,,0,30.0,0,0
75,15,17,2,12,Y6097573,,,,0,30.0,0,0
75,15,17,2,13,Y6097574,,,,0,30.0,0,0
75,15,17,2,14,Y6097575,,,,0,30.0,0,0
75,15,17,2,15,Y6097576,,,,0,30.0,0,0
75,15,17,2,16,Y6097577,,,,0,30.0,0,0
75,15,17,2,17,Y6097578,,,,0,30.0,0,0
75,15,17,2,18,Y6097579,,,,0,30.0,0,0
75,15,17,2,19,Y6097580,,,,0,30.0,0,0
75,15,17,2,20,Y6097581,,,,0,30.0,0,0
75,15,17,2,21,Y6097582,,,,0,30.0,0,0
75,15,17,2,22,Y6097583,,,,0,30.0,0,0
75,15,17,2,23,Y6097584,,,,0,30.0,0,0
75,15,17,2,24,Y6097585,,,,0,30.0,0,0
75,15,17,2,25,Y6097586,,,,0,30.0,0,0
75,15,17,2,26,Y6097587,,,,0,30.0,0,0
75,15,17,2,27,Y6097588,,,,0,30.0,0,0
75,15,17,2,28,Y6097589,,,,0,30.0,0,0
75,15,17,2,29,Y6097590,,,,0,30.0,0,0
75,15,17,2,30,Y6097591,,,,0,30.0,0,0
75,15,17,3,10,Y6097592,,,,0,30.0,0,0
75,15,17,3,11,Y6097593,,,,0,30.0,0,0
75,15,17,3,12,Y6097594,,,,0,30.0,0,0
75,15,17,3,13,Y6097595,,,,0,30.0,0,0
75,15,17,3,14,Y6097596,,,,0,30.0,0,0
75,15,17,3,15,Y6097597,,,,0,30.0,0,0
75,15,17,3,16,Y6097598,,,,0,30.0,0,0
75,15,17,3,17,Y6097599,,,,0,30.0,0,0
75,15,17,3,18,Y6097600,,,,0,30.0,0,0
75,15,17,3,19,Y6097601,,,,0,30.0,0,0
75,15,17,3,20,Y6097602,,,,0,30.0,0,0
75,15,17,3,21,Y6097603,,,,0,30.0,0,0
75,15,17,3,22,Y6097604,,,,0,30.0,0,0
75,15,17,3,23,Y6097605,,,,0,30.0,0,0
75,15,17,3,24,Y6097606,,,,0,30.0,0,0
75,15,17,3,25,Y6097607,,,,0,30.0,0,0
75,15,17,3,26,Y6097608,,,,0,30.0,0,0
75,15,17,3,27,Y6097609,,,,0,30.0,0,0
75,15,17,3,28,Y6097610,,,,0,30.0,0,0
75,15,17,3,29,Y6097611,,,,0,30.0,0,0
75,15,17,3,30,Y6097612,,,,0,30.0,0,0
75,15,17,4,10,Y6097613,,,,0,30.0,0,0
75,15,17,4,11,Y6097614,,,,0,30.0,0,0
75,15,17,4,12,Y6097615,,,,0,30.0,0,0
75,15,17,4,13,Y6097616,,,,0,30.0,0,0
75,15,17,4,14,Y6097617,,,,0,30.0,0,0
75,15,17,4,15,Y6097618,,,,0,30.0,0,0
75,15,17,4,16,Y6097619,,,,0,30.0,0,0
75,15,17,4,17,Y6097620,,,,0,30.0,0,0
75,15,17,4,18,Y6097621,,,,0,30.0,0,0
75,15,17,4,19,Y6097622,,,,0,30.0,0,0
75,15,17,4,20,Y6097623,,,,0,30.0,0,0
75,15,17,4,21,Y6097624,,,,0,30.0,0,0
75,15,17,4,22,Y6097625,,,,0,30.0,0,0
75,15,17,4,23,Y6097626,,,,0,30.0,0,0
75,15,17,4,24,Y6097627,,,,0,30.0,0,0
75,15,17,4,25,Y6097628,,,,0,30.0,0,0
75,15,17,4,26,Y6097629,,,,0,30.0,0,0
75,15,17,4,27,Y6097630,,,,0,30.0,0,0
75,15,17,4,28,Y6097631,,,,0,30.0,0,0
75,15,17,4,29,Y6097632,,,,0,30.0,0,0
75,15,17,4,30,Y6097633,,,,0,30.0,0,0
75,15,17,5,10,Y6097634,,,,0,30.0,0,0
75,15,17,5,11,Y6097635,,,,0,30.0,0,0
75,15,17,5,12,Y6097636,,,,0,30.0,0,0
75,15,17,5,13,Y6097637,,,,0,30.0,0,0
75,15,17,5,14,Y6097638,,,,0,30.0,0,0
75,15,17,5,15,Y6097639,,,,0,30.0,0,0
75,15,17,5,16,Y6097640,,,,0,30.0,0,0
75,15,17,5,17,Y6097641,,,,0,30.0,0,0
75,15,17,5,18,Y6097642,,,,0,30.0,0,0
75,15,17,5,19,Y6097643,,,,0,30.0,0,0
75,15,17,5,20,Y6097644,,,,0,30.0,0,0
75,15,17,5,21,Y6097645,,,,0,30.0,0,0
75,15,17,5,22,Y6097646,,,,0,30.0,0,0
75,15,17,5,23,Y6097647,,,,0,30.0,0,0
75,15,17,5,24,Y6097648,,,,0,30.0,0,0
75,15,17,5,25,Y6097649,,,,0,30.0,0,0
75,15,17,5,26,Y6097650,,,,0,30.0,0,0
75,15,17,5,27,Y6097651,,,,0,30.0,0,0
75,15,17,5,28,Y6097652,,,,0,30.0,0,0
75,15,17,5,29,Y6097653,,,,0,30.0,0,0
75,15,17,5,30,Y6097654,,,,0,30.0,0,0
75,15,17,6,10,Y6097655,,,,0,30.0,0,0
75,15,17,6,11,Y6097656,,,,0,30.0,0,0
75,15,17,6,12,Y6097657,,,,0,30.0,0,0
75,15,17,6,13,Y6097658,,,,0,30.0,0,0
75,15,17,6,14,Y6097659,,,,0,30.0,0,0
75,15,17,6,15,Y6097660,,,,0,30.0,0,0
75,15,17,6,16,Y6097661,,,,0,30.0,0,0
75,15,17,6,17,Y6097662,,,,0,30.0,0,0
75,15,17,6,18,Y6097663,,,,0,30.0,0,0
75,15,17,6,19,Y6097664,,,,0,30.0,0,0
75,15,17,6,20,Y6097665,,,,0,30.0,0,0
75,15,17,6,21,Y6097666,,,,0,30.0,0,0
75,15,17,6,22,Y6097667,,,,0,30.0,0,0
75,15,17,6,23,Y6097668,,,,0,30.0,0,0
75,15,17,6,24,Y6097669,,,,0,30.0,0,0
75,15,17,6,25,Y6097670,,,,0,30.0,0,0
75,15,17,6,26,Y6097671,,,,0,30.0,0,0
75,15,17,6,27,Y6097672,,,,0,30.0,0,0
75,15,17,6,28,Y6097673,,,,0,30.0,0,0
75,15,17,6,29,Y6097674,,,,0,30.0,0,0
75,15,17,6,30,Y6097675,,,,0,30.0,0,0
75,15,17,7,10,Y6097676,,,,0,30.0,0,0
75,15,17,7,11,Y6097677,,,,0,30.0,0,0
75,15,17,7,12,Y6097678,,,,0,30.0,0,0
75,15,17,7,13,Y6097679,,,,0,30.0,0,0
75,15,17,7,14,Y6097680,,,,0,30.0,0,0
75,15,17,7,15,Y6097681,,,,0,30.0,0,0
75,15,17,7,16,Y6097682,,,,0,30.0,0,0
75,15,17,7,17,Y6097683,,,,0,30.0,0,0
75,15,17,7,18,Y6097684,,,,0,30.0,0,0
75,15,17,7,19,Y6097685,,,,0,30.0,0,0
75,15,17,7,20,Y6097686,,,,0,30.0,0,0
75,15,17,7,21,Y6097687,,,,0,30.0,0,0
75,15,17,7,22,Y6097688,,,,0,30.0,0,0
75,15,17,7,23,Y6097689,,,,0,30.0,0,0
75,15,17,7,24,Y6097690,,,,0,30.0,0,0
75,15,17,7,25,Y6097691,,,,0,30.0,0,0
75,15,17,7,26,Y6097692,,,,0,30.0,0,0
75,15,17,7,27,Y6097693,,,,0,30.0,0,0
75,15,17,7,28,Y6097694,,,,0,30.0,0,0
75,15,17,7,29,Y6097695,,,,0,30.0,0,0
75,15,17,7,30,Y6097696,,,,0,30.0,0,0
75,15,17,8,10,Y6097697,,,,0,30.0,0,0
75,15,17,8,11,Y6097698,,,,0,30.0,0,0
75,15,17,8,12,Y6097699,,,,0,30.0,0,0
75,15,17,8,13,Y6097700,,,,0,30.0,0,0
75,15,17,8,14,Y6097701,,,,0,30.0,0,0
75,15,17,8,15,Y6097702,,,,0,30.0,0,0
75,15,17,8,16,Y6097703,,,,0,30.0,0,0
75,15,17,8,17,Y6097704,,,,0,30.0,0,0
75,15,17,8,18,Y6097705,,,,0,30.0,0,0
75,15,17,8,19,Y6097706,,,,0,30.0,0,0
75,15,17,8,20,Y6097707,,,,0,30.0,0,0
75,15,17,8,21,Y6097708,,,,0,30.0,0,0
75,15,17,8,22,Y6097709,,,,0,30.0,0,0
75,15,17,8,23,Y6097710,,,,0,30.0,0,0
75,15,17,8,24,Y6097711,,,,0,30.0,0,0
75,15,17,8,25,Y6097712,,,,0,30.0,0,0
75,15,17,8,26,Y6097713,,,,0,30.0,0,0
75,15,17,8,27,Y6097714,,,,0,30.0,0,0
75,15,17,8,28,Y6097715,,,,0,30.0,0,0
75,15,17,8,29,Y6097716,,,,0,30.0,0,0
75,15,17,8,30,Y6097717,,,,0,30.0,0,0
75,15,17,9,10,Y6097718,,,,0,30.0,0,0
75,15,17,9,11,Y6097719,,,,0,30.0,0,0
75,15,17,9,12,Y6097720,,,,0,30.0,0,0
75,15,17,9,13,Y6097721,,,,0,30.0,0,0
75,15,17,9,14,Y6097722,,,,0,30.0,0,0
75,15,17,9,15,Y6097723,,,,0,30.0,0,0
75,15,17,9,16,Y6097724,,,,0,30.0,0,0
75,15,17,9,17,Y6097725,,,,0,30.0,0,0
75,15,17,9,18,Y6097726,,,,0,30.0,0,0
75,15,17,9,19,Y6097727,,,,0,30.0,0,0
75,15,17,9,20,Y6097728,,,,0,30.0,0,0
75,15,17,9,21,Y6097729,,,,0,30.0,0,0
75,15,17,9,22,Y6097730,,,,0,30.0,0,0
75,15,17,9,23,Y6097731,,,,0,30.0,0,0
75,15,17,9,24,Y6097732,,,,0,30.0,0,0
75,15,17,9,25,Y6097733,,,,0,30.0,0,0
75,15,17,9,26,Y6097734,,,,0,30.0,0,0
75,15,17,9,27,Y6097735,,,,0,30.0,0,0
75,15,17,9,28,Y6097736,,,,0,30.0,0,0
75,15,17,9,29,Y6097737,,,,0,30.0,0,0
75,15,17,9,30,Y6097738,,,,0,30.0,0,0
75,15,17,10,10,Y6097739,,,,0,30.0,0,0
75,15,17,10,11,Y6097740,,,,0,30.0,0,0
75,15,17,10,12,Y6097741,,,,0,30.0,0,0
75,15,17,10,13,Y6097742,,,,0,30.0,0,0
75,15,17,10,14,Y6097743,,,,0,30.0,0,0
75,15,17,10,15,Y6097744,,,,0,30.0,0,0
75,15,17,10,16,Y6097745,,,,0,30.0,0,0
75,15,17,10,17,Y6097746,,,,0,30.0,0,0
75,15,17,10,18,Y6097747,,,,0,30.0,0,0
75,15,17,10,19,Y6097748,,,,0,30.0,0,0
75,15,17,10,20,Y6097749,,,,0,30.0,0,0
75,15,17,10,21,Y6097750,,,,0,30.0,0,0
75,15,17,10,22,Y6097751,,,,0,30.0,0,0
75,15,17,10,23,Y6097752,,,,0,30.0,0,0
75,15,17,10,24,Y6097753,,,,0,30.0,0,0
75,15,17,10,25,Y6097754,,,,0,30.0,0,0
75,15,17,10,26,Y6097755,,,,0,30.0,0,0
75,15,17,10,27,Y6097756,,,,0,30.0,0,0
75,15,17,10,28,Y6097757,,,,0,30.0,0,0
75,15,17,10,29,Y6097758,,,,0,30.0,0,0
75,15,17,10,30,Y6097759,,,,0,30.0,0,0
75,15,17,11,10,Y6097760,,,,0,30.0,0,0
75,15,17,11,11,Y6097761,,,,0,30.0,0,0
75,15,17,11,12,Y6097762,,,,0,30.0,0,0
75,15,17,11,13,Y6097763,,,,0,30.0,0,0
75,15,17,11,14,Y6097764,,,,0,30.0,0,0
75,15,17,11,15,Y6097765,,,,0,30.0,0,0
75,15,17,11,16,Y6097766,,,,0,30.0,0,0
75,15,17,11,17,Y6097767,,,,0,30.0,0,0
75,15,17,11,18,Y6097768,,,,0,30.0,0,0
75,15,17,11,19,Y6097769,,,,0,30.0,0,0
75,15,17,11,20,Y6097770,,,,0,30.0,0,0
75,15,17,11,21,Y6097771,,,,0,30.0,0,0
75,15,17,11,22,Y6097772,,,,0,30.0,0,0
75,15,17,11,23,Y6097773,,,,0,30.0,0,0
75,15,17,11,24,Y6097774,,,,0,30.0,0,0
75,15,17,11,25,Y6097775,,,,0,30.0,0,0
75,15,17,11,26,Y6097776,,,,0,30.0,0,0
75,15,17,11,27,Y6097777,,,,0,30.0,0,0
75,15,17,11,28,Y6097778,,,,0,30.0,0,0
75,15,17,11,29,Y6097779,,,,0,30.0,0,0
75,15,17,11,30,Y6097780,,,,0,30.0,0,0
75,15,17,12,10,Y6097781,,,,0,30.0,0,0
75,15,17,12,11,Y6097782,,,,0,30.0,0,0
75,15,17,12,12,Y6097783,,,,0,30.0,0,0
75,15,17,12,13,Y6097784,,,,0,30.0,0,0
75,15,17,12,14,Y6097785,,,,0,30.0,0,0
75,15,17,12,15,Y6097786,,,,0,30.0,0,0
75,15,17,12,16,Y6097787,,,,0,30.0,0,0
75,15,17,12,17,Y6097788,,,,0,30.0,0,0
75,15,17,12,18,Y6097789,,,,0,30.0,0,0
75,15,17,12,19,Y6097790,,,,0,30.0,0,0
75,15,17,12,20,Y6097791,,,,0,30.0,0,0
75,15,17,12,21,Y6097792,,,,0,30.0,0,0
75,15,17,12,22,Y6097793,,,,0,30.0,0,0
75,15,17,12,23,Y6097794,,,,0,30.0,0,0
75,15,17,12,24,Y6097795,,,,0,30.0,0,0
75,15,17,12,25,Y6097796,,,,0,30.0,0,0
75,15,17,12,26,Y6097797,,,,0,30.0,0,0
75,15,17,12,27,Y6097798,,,,0,30.0,0,0
75,15,17,12,28,Y6097799,,,,0,30.0,0,0
75,15,17,12,29,Y6097800,,,,0,30.0,0,0
75,15,17,12,30,Y6097801,,,,0,30.0,0,0
75,15,18,1,10,Y6097802,,,,0,30.0,0,0
75,15,18,1,11,Y6097803,,,,0,30.0,0,0
75,15,18,1,12,Y6097804,,,,0,30.0,0,0
75,15,18,1,13,Y6097805,,,,0,30.0,0,0
75,15,18,1,14,Y6097806,,,,0,30.0,0,0
75,15,18,1,15,Y6097807,,,,0,30.0,0,0
75,15,18,1,16,Y6097808,,,,0,30.0,0,0
75,15,18,1,17,Y6097809,,,,0,30.0,0,0
75,15,18,1,18,Y6097810,,,,0,30.0,0,0
75,15,18,1,19,Y6097811,,,,0,30.0,0,0
75,15,18,1,20,Y6097812,,,,0,30.0,0,0
75,15,18,1,21,Y6097813,,,,0,30.0,0,0
75,15,18,1,22,Y6097814,,,,0,30.0,0,0
75,15,18,1,23,Y6097815,,,,0,30.0,0,0
75,15,18,1,24,Y6097816,,,,0,30.0,0,0
75,15,18,1,25,Y6097817,,,,0,30.0,0,0
75,15,18,1,26,Y6097818,,,,0,30.0,0,0
75,15,18,1,27,Y6097819,,,,0,30.0,0,0
75,15,18,1,28,Y6097820,,,,0,30.0,0,0
75,15,18,1,29,Y6097821,,,,0,30.0,0,0
75,15,18,1,30,Y6097822,,,,0,30.0,0,0
75,15,18,2,10,Y6097823,,,,0,30.0,0,0
75,15,18,2,11,Y6097824,,,,0,30.0,0,0
75,15,18,2,12,Y6097825,,,,0,30.0,0,0
75,15,18,2,13,Y6097826,,,,0,30.0,0,0
75,15,18,2,14,Y6097827,,,,0,30.0,0,0
75,15,18,2,15,Y6097828,,,,0,30.0,0,0
75,15,18,2,16,Y6097829,,,,0,30.0,0,0
75,15,18,2,17,Y6097830,,,,0,30.0,0,0
75,15,18,2,18,Y6097831,,,,0,30.0,0,0
75,15,18,2,19,Y6097832,,,,0,30.0,0,0
75,15,18,2,20,Y6097833,,,,0,30.0,0,0
75,15,18,2,21,Y6097834,,,,0,30.0,0,0
75,15,18,2,22,Y6097835,,,,0,30.0,0,0
75,15,18,2,23,Y6097836,,,,0,30.0,0,0
75,15,18,2,24,Y6097837,,,,0,30.0,0,0
75,15,18,2,25,Y6097838,,,,0,30.0,0,0
75,15,18,2,26,Y6097839,,,,0,30.0,0,0
75,15,18,2,27,Y6097840,,,,0,30.0,0,0
75,15,18,2,28,Y6097841,,,,0,30.0,0,0
75,15,18,2,29,Y6097842,,,,0,30.0,0,0
75,15,18,2,30,Y6097843,,,,0,30.0,0,0
75,15,18,3,10,Y6097844,,,,0,30.0,0,0
75,15,18,3,11,Y6097845,,,,0,30.0,0,0
75,15,18,3,12,Y6097846,,,,0,30.0,0,0
75,15,18,3,13,Y6097847,,,,0,30.0,0,0
75,15,18,3,14,Y6097848,,,,0,30.0,0,0
75,15,18,3,15,Y6097849,,,,0,30.0,0,0
75,15,18,3,16,Y6097850,,,,0,30.0,0,0
75,15,18,3,17,Y6097851,,,,0,30.0,0,0
75,15,18,3,18,Y6097852,,,,0,30.0,0,0
75,15,18,3,19,Y6097853,,,,0,30.0,0,0
75,15,18,3,20,Y6097854,,,,0,30.0,0,0
75,15,18,3,21,Y6097855,,,,0,30.0,0,0
75,15,18,3,22,Y6097856,,,,0,30.0,0,0
75,15,18,3,23,Y6097857,,,,0,30.0,0,0
75,15,18,3,24,Y6097858,,,,0,30.0,0,0
75,15,18,3,25,Y6097859,,,,0,30.0,0,0
75,15,18,3,26,Y6097860,,,,0,30.0,0,0
75,15,18,3,27,Y6097861,,,,0,30.0,0,0
75,15,18,3,28,Y6097862,,,,0,30.0,0,0
75,15,18,3,29,Y6097863,,,,0,30.0,0,0
75,15,18,3,30,Y6097864,,,,0,30.0,0,0
75,15,18,4,10,Y6097865,,,,0,30.0,0,0
75,15,18,4,11,Y6097866,,,,0,30.0,0,0
75,15,18,4,12,Y6097867,,,,0,30.0,0,0
75,15,18,4,13,Y6097868,,,,0,30.0,0,0
75,15,18,4,14,Y6097869,,,,0,30.0,0,0
75,15,18,4,15,Y6097870,,,,0,30.0,0,0
75,15,18,4,16,Y6097871,,,,0,30.0,0,0
75,15,18,4,17,Y6097872,,,,0,30.0,0,0
75,15,18,4,18,Y6097873,,,,0,30.0,0,0
75,15,18,4,19,Y6097874,,,,0,30.0,0,0
75,15,18,4,20,Y6097875,,,,0,30.0,0,0
75,15,18,4,21,Y6097876,,,,0,30.0,0,0
75,15,18,4,22,Y6097877,,,,0,30.0,0,0
75,15,18,4,23,Y6097878,,,,0,30.0,0,0
75,15,18,4,24,Y6097879,,,,0,30.0,0,0
75,15,18,4,25,Y6097880,,,,0,30.0,0,0
75,15,18,4,26,Y6097881,,,,0,30.0,0,0
75,15,18,4,27,Y6097882,,,,0,30.0,0,0
75,15,18,4,28,Y6097883,,,,0,30.0,0,0
75,15,18,4,29,Y6097884,,,,0,30.0,0,0
75,15,18,4,30,Y6097885,,,,0,30.0,0,0
75,15,18,5,10,Y6097886,,,,0,30.0,0,0
75,15,18,5,11,Y6097887,,,,0,30.0,0,0
75,15,18,5,12,Y6097888,,,,0,30.0,0,0
75,15,18,5,13,Y6097889,,,,0,30.0,0,0
75,15,18,5,14,Y6097890,,,,0,30.0,0,0
75,15,18,5,15,Y6097891,,,,0,30.0,0,0
75,15,18,5,16,Y6097892,,,,0,30.0,0,0
75,15,18,5,17,Y6097893,,,,0,30.0,0,0
75,15,18,5,18,Y6097894,,,,0,30.0,0,0
75,15,18,5,19,Y6097895,,,,0,30.0,0,0
75,15,18,5,20,Y6097896,,,,0,30.0,0,0
75,15,18,5,21,Y6097897,,,,0,30.0,0,0
75,15,18,5,22,Y6097898,,,,0,30.0,0,0
75,15,18,5,23,Y6097899,,,,0,30.0,0,0
75,15,18,5,24,Y6097900,,,,0,30.0,0,0
75,15,18,5,25,Y6097901,,,,0,30.0,0,0
75,15,18,5,26,Y6097902,,,,0,30.0,0,0
75,15,18,5,27,Y6097903,,,,0,30.0,0,0
75,15,18,5,28,Y6097904,,,,0,30.0,0,0
75,15,18,5,29,Y6097905,,,,0,30.0,0,0
75,15,18,5,30,Y6097906,,,,0,30.0,0,0
75,15,18,6,10,Y6097907,,,,0,30.0,0,0
75,15,18,6,11,Y6097908,,,,0,30.0,0,0
75,15,18,6,12,Y6097909,,,,0,30.0,0,0
75,15,18,6,13,Y6097910,,,,0,30.0,0,0
75,15,18,6,14,Y6097911,,,,0,30.0,0,0
75,15,18,6,15,Y6097912,,,,0,30.0,0,0
75,15,18,6,16,Y6097913,,,,0,30.0,0,0
75,15,18,6,17,Y6097914,,,,0,30.0,0,0
75,15,18,6,18,Y6097915,,,,0,30.0,0,0
75,15,18,6,19,Y6097916,,,,0,30.0,0,0
75,15,18,6,20,Y6097917,,,,0,30.0,0,0
75,15,18,6,21,Y6097918,,,,0,30.0,0,0
75,15,18,6,22,Y6097919,,,,0,30.0,0,0
75,15,18,6,23,Y6097920,,,,0,30.0,0,0
75,15,18,6,24,Y6097921,,,,0,30.0,0,0
75,15,18,6,25,Y6097922,,,,0,30.0,0,0
75,15,18,6,26,Y6097923,,,,0,30.0,0,0
75,15,18,6,27,Y6097924,,,,0,30.0,0,0
75,15,18,6,28,Y6097925,,,,0,30.0,0,0
75,15,18,6,29,Y6097926,,,,0,30.0,0,0
75,15,18,6,30,Y6097927,,,,0,30.0,0,0
75,15,18,7,10,Y6097928,,,,0,30.0,0,0
75,15,18,7,11,Y6097929,,,,0,30.0,0,0
75,15,18,7,12,Y6097930,,,,0,30.0,0,0
75,15,18,7,13,Y6097931,,,,0,30.0,0,0
75,15,18,7,14,Y6097932,,,,0,30.0,0,0
75,15,18,7,15,Y6097933,,,,0,30.0,0,0
75,15,18,7,16,Y6097934,,,,0,30.0,0,0
75,15,18,7,17,Y6097935,,,,0,30.0,0,0
75,15,18,7,18,Y6097936,,,,0,30.0,0,0
75,15,18,7,19,Y6097937,,,,0,30.0,0,0
75,15,18,7,20,Y6097938,,,,0,30.0,0,0
75,15,18,7,21,Y6097939,,,,0,30.0,0,0
75,15,18,7,22,Y6097940,,,,0,30.0,0,0
75,15,18,7,23,Y6097941,,,,0,30.0,0,0
75,15,18,7,24,Y6097942,,,,0,30.0,0,0
75,15,18,7,25,Y6097943,,,,0,30.0,0,0
75,15,18,7,26,Y6097944,,,,0,30.0,0,0
75,15,18,7,27,Y6097945,,,,0,30.0,0,0
75,15,18,7,28,Y6097946,,,,0,30.0,0,0
75,15,18,7,29,Y6097947,,,,0,30.0,0,0
75,15,18,7,30,Y6097948,,,,0,30.0,0,0
75,15,18,8,10,Y6097949,,,,0,30.0,0,0
75,15,18,8,11,Y6097950,,,,0,30.0,0,0
75,15,18,8,12,Y6097951,,,,0,30.0,0,0
75,15,18,8,13,Y6097952,,,,0,30.0,0,0
75,15,18,8,14,Y6097953,,,,0,30.0,0,0
75,15,18,8,15,Y6097954,,,,0,30.0,0,0
75,15,18,8,16,Y6097955,,,,0,30.0,0,0
75,15,18,8,17,Y6097956,,,,0,30.0,0,0
75,15,18,8,18,Y6097957,,,,0,30.0,0,0
75,15,18,8,19,Y6097958,,,,0,30.0,0,0
75,15,18,8,20,Y6097959,,,,0,30.0,0,0
75,15,18,8,21,Y6097960,,,,0,30.0,0,0
75,15,18,8,22,Y6097961,,,,0,30.0,0,0
75,15,18,8,23,Y6097962,,,,0,30.0,0,0
75,15,18,8,24,Y6097963,,,,0,30.0,0,0
75,15,18,8,25,Y6097964,,,,0,30.0,0,0
75,15,18,8,26,Y6097965,,,,0,30.0,0,0
75,15,18,8,27,Y6097966,,,,0,30.0,0,0
75,15,18,8,28,Y6097967,,,,0,30.0,0,0
75,15,18,8,29,Y6097968,,,,0,30.0,0,0
75,15,18,8,30,Y6097969,,,,0,30.0,0,0
75,15,18,9,10,Y6097970,,,,0,30.0,0,0
75,15,18,9,11,Y6097971,,,,0,30.0,0,0
75,15,18,9,12,Y6097972,,,,0,30.0,0,0
75,15,18,9,13,Y6097973,,,,0,30.0,0,0
75,15,18,9,14,Y6097974,,,,0,30.0,0,0
75,15,18,9,15,Y6097975,,,,0,30.0,0,0
75,15,18,9,16,Y6097976,,,,0,30.0,0,0
75,15,18,9,17,Y6097977,,,,0,30.0,0,0
75,15,18,9,18,Y6097978,,,,0,30.0,0,0
75,15,18,9,19,Y6097979,,,,0,30.0,0,0
75,15,18,9,20,Y6097980,,,,0,30.0,0,0
75,15,18,9,21,Y6097981,,,,0,30.0,0,0
75,15,18,9,22,Y6097982,,,,0,30.0,0,0
75,15,18,9,23,Y6097983,,,,0,30.0,0,0
75,15,18,9,24,Y6097984,,,,0,30.0,0,0
75,15,18,9,25,Y6097985,,,,0,30.0,0,0
75,15,18,9,26,Y6097986,,,,0,30.0,0,0
75,15,18,9,27,Y6097987,,,,0,30.0,0,0
75,15,18,9,28,Y6097988,,,,0,30.0,0,0
75,15,18,9,29,Y6097989,,,,0,30.0,0,0
75,15,18,9,30,Y6097990,,,,0,30.0,0,0
75,15,18,10,10,Y6097991,,,,0,30.0,0,0
75,15,18,10,11,Y6097992,,,,0,30.0,0,0
75,15,18,10,12,Y6097993,,,,0,30.0,0,0
75,15,18,10,13,Y6097994,,,,0,30.0,0,0
75,15,18,10,14,Y6097995,,,,0,30.0,0,0
75,15,18,10,15,Y6097996,,,,0,30.0,0,0
75,15,18,10,16,Y6097997,,,,0,30.0,0,0
75,15,18,10,17,Y6097998,,,,0,30.0,0,0
75,15,18,10,18,Y6097999,,,,0,30.0,0,0
75,15,18,10,19,Y6098000,,,,0,30.0,0,0
75,15,18,10,20,Y6098001,,,,0,30.0,0,0
75,15,18,10,21,Y6098002,,,,0,30.0,0,0
75,15,18,10,22,Y6098003,,,,0,30.0,0,0
75,15,18,10,23,Y6098004,,,,0,30.0,0,0
75,15,18,10,24,Y6098005,,,,0,30.0,0,0
75,15,18,10,25,Y6098006,,,,0,30.0,0,0
75,15,18,10,26,Y6098007,,,,0,30.0,0,0
75,15,18,10,27,Y6098008,,,,0,30.0,0,0
75,15,18,10,28,Y6098009,,,,0,30.0,0,0
75,15,18,10,29,Y6098010,,,,0,30.0,0,0
75,15,18,10,30,Y6098011,,,,0,30.0,0,0
75,15,18,11,10,Y6098012,,,,0,30.0,0,0
75,15,18,11,11,Y6098013,,,,0,30.0,0,0
75,15,18,11,12,Y6098014,,,,0,30.0,0,0
75,15,18,11,13,Y6098015,,,,0,30.0,0,0
75,15,18,11,14,Y6098016,,,,0,30.0,0,0
75,15,18,11,15,Y6098017,,,,0,30.0,0,0
75,15,18,11,16,Y6098018,,,,0,30.0,0,0
75,15,18,11,17,Y6098019,,,,0,30.0,0,0
75,15,18,11,18,Y6098020,,,,0,30.0,0,0
75,15,18,11,19,Y6098021,,,,0,30.0,0,0
75,15,18,11,20,Y6098022,,,,0,30.0,0,0
75,15,18,11,21,Y6098023,,,,0,30.0,0,0
75,15,18,11,22,Y6098024,,,,0,30.0,0,0
75,15,18,11,23,Y6098025,,,,0,30.0,0,0
75,15,18,11,24,Y6098026,,,,0,30.0,0,0
75,15,18,11,25,Y6098027,,,,0,30.0,0,0
75,15,18,11,26,Y6098028,,,,0,30.0,0,0
75,15,18,11,27,Y6098029,,,,0,30.0,0,0
75,15,18,11,28,Y6098030,,,,0,30.0,0,0
75,15,18,11,29,Y6098031,,,,0,30.0,0,0
75,15,18,11,30,Y6098032,,,,0,30.0,0,0
75,15,18,12,10,Y6098033,,,,0,30.0,0,0
75,15,18,12,11,Y6098034,,,,0,30.0,0,0
75,15,18,12,12,Y6098035,,,,0,30.0,0,0
75,15,18,12,13,Y6098036,,,,0,30.0,0,0
75,15,18,12,14,Y6098037,,,,0,30.0,0,0
75,15,18,12,15,Y6098038,,,,0,30.0,0,0
75,15,18,12,16,Y6098039,,,,0,30.0,0,0
75,15,18,12,17,Y6098040,,,,0,30.0,0,0
75,15,18,12,18,Y6098041,,,,0,30.0,0,0
75,15,18,12,19,Y6098042,,,,0,30.0,0,0
75,15,18,12,20,Y6098043,,,,0,30.0,0,0
75,15,18,12,21,Y6098044,,,,0,30.0,0,0
75,15,18,12,22,Y6098045,,,,0,30.0,0,0
75,15,18,12,23,Y6098046,,,,0,30.0,0,0
75,15,18,12,24,Y6098047,,,,0,30.0,0,0
75,15,18,12,25,Y6098048,,,,0,30.0,0,0
75,15,18,12,26,Y6098049,,,,0,30.0,0,0
75,15,18,12,27,Y6098050,,,,0,30.0,0,0
75,15,18,12,28,Y6098051,,,,0,30.0,0,0
75,15,18,12,29,Y6098052,,,,0,30.0,0,0
75,15,18,12,30,Y6098053,,,,0,30.0,0,0
75,15,19,1,10,Y6098054,,,,0,30.0,0,0
75,15,19,1,11,Y6098055,,,,0,30.0,0,0
75,15,19,1,12,Y6098056,,,,0,30.0,0,0
75,15,19,1,13,Y6098057,,,,0,30.0,0,0
75,15,19,1,14,Y6098058,,,,0,30.0,0,0
75,15,19,1,15,Y6098059,,,,0,30.0,0,0
75,15,19,1,16,Y6098060,,,,0,30.0,0,0
75,15,19,1,17,Y6098061,,,,0,30.0,0,0
75,15,19,1,18,Y6098062,,,,0,30.0,0,0
75,15,19,1,19,Y6098063,,,,0,30.0,0,0
75,15,19,1,20,Y6098064,,,,0,30.0,0,0
75,15,19,1,21,Y6098065,,,,0,30.0,0,0
75,15,19,1,22,Y6098066,,,,0,30.0,0,0
75,15,19,1,23,Y6098067,,,,0,30.0,0,0
75,15,19,1,24,Y6098068,,,,0,30.0,0,0
75,15,19,1,25,Y6098069,,,,0,30.0,0,0
75,15,19,1,26,Y6098070,,,,0,30.0,0,0
75,15,19,1,27,Y6098071,,,,0,30.0,0,0
75,15,19,1,28,Y6098072,,,,0,30.0,0,0
75,15,19,1,29,Y6098073,,,,0,30.0,0,0
75,15,19,1,30,Y6098074,,,,0,30.0,0,0
75,15,19,2,10,Y6098075,,,,0,30.0,0,0
75,15,19,2,11,Y6098076,,,,0,30.0,0,0
75,15,19,2,12,Y6098077,,,,0,30.0,0,0
75,15,19,2,13,Y6098078,,,,0,30.0,0,0
75,15,19,2,14,Y6098079,,,,0,30.0,0,0
75,15,19,2,15,Y6098080,,,,0,30.0,0,0
75,15,19,2,16,Y6098081,,,,0,30.0,0,0
75,15,19,2,17,Y6098082,,,,0,30.0,0,0
75,15,19,2,18,Y6098083,,,,0,30.0,0,0
75,15,19,2,19,Y6098084,,,,0,30.0,0,0
75,15,19,2,20,Y6098085,,,,0,30.0,0,0
75,15,19,2,21,Y6098086,,,,0,30.0,0,0
75,15,19,2,22,Y6098087,,,,0,30.0,0,0
75,15,19,2,23,Y6098088,,,,0,30.0,0,0
75,15,19,2,24,Y6098089,,,,0,30.0,0,0
75,15,19,2,25,Y6098090,,,,0,30.0,0,0
75,15,19,2,26,Y6098091,,,,0,30.0,0,0
75,15,19,2,27,Y6098092,,,,0,30.0,0,0
75,15,19,2,28,Y6098093,,,,0,30.0,0,0
75,15,19,2,29,Y6098094,,,,0,30.0,0,0
75,15,19,2,30,Y6098095,,,,0,30.0,0,0
75,15,19,3,10,Y6098096,,,,0,30.0,0,0
75,15,19,3,11,Y6098097,,,,0,30.0,0,0
75,15,19,3,12,Y6098098,,,,0,30.0,0,0
75,15,19,3,13,Y6098099,,,,0,30.0,0,0
75,15,19,3,14,Y6098100,,,,0,30.0,0,0
75,15,19,3,15,Y6098101,,,,0,30.0,0,0
75,15,19,3,16,Y6098102,,,,0,30.0,0,0
75,15,19,3,17,Y6098103,,,,0,30.0,0,0
75,15,19,3,18,Y6098104,,,,0,30.0,0,0
75,15,19,3,19,Y6098105,,,,0,30.0,0,0
75,15,19,3,20,Y6098106,,,,0,30.0,0,0
75,15,19,3,21,Y6098107,,,,0,30.0,0,0
75,15,19,3,22,Y6098108,,,,0,30.0,0,0
75,15,19,3,23,Y6098109,,,,0,30.0,0,0
75,15,19,3,24,Y6098110,,,,0,30.0,0,0
75,15,19,3,25,Y6098111,,,,0,30.0,0,0
75,15,19,3,26,Y6098112,,,,0,30.0,0,0
75,15,19,3,27,Y6098113,,,,0,30.0,0,0
75,15,19,3,28,Y6098114,,,,0,30.0,0,0
75,15,19,3,29,Y6098115,,,,0,30.0,0,0
75,15,19,3,30,Y6098116,,,,0,30.0,0,0
75,15,19,4,10,Y6098117,,,,0,30.0,0,0
75,15,19,4,11,Y6098118,,,,0,30.0,0,0
75,15,19,4,12,Y6098119,,,,0,30.0,0,0
75,15,19,4,13,Y6098120,,,,0,30.0,0,0
75,15,19,4,14,Y6098121,,,,0,30.0,0,0
75,15,19,4,15,Y6098122,,,,0,30.0,0,0
75,15,19,4,16,Y6098123,,,,0,30.0,0,0
75,15,19,4,17,Y6098124,,,,0,30.0,0,0
75,15,19,4,18,Y6098125,,,,0,30.0,0,0
75,15,19,4,19,Y6098126,,,,0,30.0,0,0
75,15,19,4,20,Y6098127,,,,0,30.0,0,0
75,15,19,4,21,Y6098128,,,,0,30.0,0,0
75,15,19,4,22,Y6098129,,,,0,30.0,0,0
75,15,19,4,23,Y6098130,,,,0,30.0,0,0
75,15,19,4,24,Y6098131,,,,0,30.0,0,0
75,15,19,4,25,Y6098132,,,,0,30.0,0,0
75,15,19,4,26,Y6098133,,,,0,30.0,0,0
75,15,19,4,27,Y6098134,,,,0,30.0,0,0
75,15,19,4,28,Y6098135,,,,0,30.0,0,0
75,15,19,4,29,Y6098136,,,,0,30.0,0,0
75,15,19,4,30,Y6098137,,,,0,30.0,0,0
75,15,19,5,10,Y6098138,,,,0,30.0,0,0
75,15,19,5,11,Y6098139,,,,0,30.0,0,0
75,15,19,5,12,Y6098140,,,,0,30.0,0,0
75,15,19,5,13,Y6098141,,,,0,30.0,0,0
75,15,19,5,14,Y6098142,,,,0,30.0,0,0
75,15,19,5,15,Y6098143,,,,0,30.0,0,0
75,15,19,5,16,Y6098144,,,,0,30.0,0,0
75,15,19,5,17,Y6098145,,,,0,30.0,0,0
75,15,19,5,18,Y6098146,,,,0,30.0,0,0
75,15,19,5,19,Y6098147,,,,0,30.0,0,0
75,15,19,5,20,Y6098148,,,,0,30.0,0,0
75,15,19,5,21,Y6098149,,,,0,30.0,0,0
75,15,19,5,22,Y6098150,,,,0,30.0,0,0
75,15,19,5,23,Y6098151,,,,0,30.0,0,0
75,15,19,5,24,Y6098152,,,,0,30.0,0,0
75,15,19,5,25,Y6098153,,,,0,30.0,0,0
75,15,19,5,26,Y6098154,,,,0,30.0,0,0
75,15,19,5,27,Y6098155,,,,0,30.0,0,0
75,15,19,5,28,Y6098156,,,,0,30.0,0,0
75,15,19,5,29,Y6098157,,,,0,30.0,0,0
75,15,19,5,30,Y6098158,,,,0,30.0,0,0
75,15,19,6,10,Y6098159,,,,0,30.0,0,0
75,15,19,6,11,Y6098160,,,,0,30.0,0,0
75,15,19,6,12,Y6098161,,,,0,30.0,0,0
75,15,19,6,13,Y6098162,,,,0,30.0,0,0
75,15,19,6,14,Y6098163,,,,0,30.0,0,0
75,15,19,6,15,Y6098164,,,,0,30.0,0,0
75,15,19,6,16,Y6098165,,,,0,30.0,0,0
75,15,19,6,17,Y6098166,,,,0,30.0,0,0
75,15,19,6,18,Y6098167,,,,0,30.0,0,0
75,15,19,6,19,Y6098168,,,,0,30.0,0,0
75,15,19,6,20,Y6098169,,,,0,30.0,0,0
75,15,19,6,21,Y6098170,,,,0,30.0,0,0
75,15,19,6,22,Y6098171,,,,0,30.0,0,0
75,15,19,6,23,Y6098172,,,,0,30.0,0,0
75,15,19,6,24,Y6098173,,,,0,30.0,0,0
75,15,19,6,25,Y6098174,,,,0,30.0,0,0
75,15,19,6,26,Y6098175,,,,0,30.0,0,0
75,15,19,6,27,Y6098176,,,,0,30.0,0,0
75,15,19,6,28,Y6098177,,,,0,30.0,0,0
75,15,19,6,29,Y6098178,,,,0,30.0,0,0
75,15,19,6,30,Y6098179,,,,0,30.0,0,0
75,15,19,7,10,Y6098180,,,,0,30.0,0,0
75,15,19,7,11,Y6098181,,,,0,30.0,0,0
75,15,19,7,12,Y6098182,,,,0,30.0,0,0
75,15,19,7,13,Y6098183,,,,0,30.0,0,0
75,15,19,7,14,Y6098184,,,,0,30.0,0,0
75,15,19,7,15,Y6098185,,,,0,30.0,0,0
75,15,19,7,16,Y6098186,,,,0,30.0,0,0
75,15,19,7,17,Y6098187,,,,0,30.0,0,0
75,15,19,7,18,Y6098188,,,,0,30.0,0,0
75,15,19,7,19,Y6098189,,,,0,30.0,0,0
75,15,19,7,20,Y6098190,,,,0,30.0,0,0
75,15,19,7,21,Y6098191,,,,0,30.0,0,0
75,15,19,7,22,Y6098192,,,,0,30.0,0,0
75,15,19,7,23,Y6098193,,,,0,30.0,0,0
75,15,19,7,24,Y6098194,,,,0,30.0,0,0
75,15,19,7,25,Y6098195,,,,0,30.0,0,0
75,15,19,7,26,Y6098196,,,,0,30.0,0,0
75,15,19,7,27,Y6098197,,,,0,30.0,0,0
75,15,19,7,28,Y6098198,,,,0,30.0,0,0
75,15,19,7,29,Y6098199,,,,0,30.0,0,0
75,15,19,7,30,Y6098200,,,,0,30.0,0,0
75,15,19,8,10,Y6098201,,,,0,30.0,0,0
75,15,19,8,11,Y6098202,,,,0,30.0,0,0
75,15,19,8,12,Y6098203,,,,0,30.0,0,0
75,15,19,8,13,Y6098204,,,,0,30.0,0,0
75,15,19,8,14,Y6098205,,,,0,30.0,0,0
75,15,19,8,15,Y6098206,,,,0,30.0,0,0
75,15,19,8,16,Y6098207,,,,0,30.0,0,0
75,15,19,8,17,Y6098208,,,,0,30.0,0,0
75,15,19,8,18,Y6098209,,,,0,30.0,0,0
75,15,19,8,19,Y6098210,,,,0,30.0,0,0
75,15,19,8,20,Y6098211,,,,0,30.0,0,0
75,15,19,8,21,Y6098212,,,,0,30.0,0,0
75,15,19,8,22,Y6098213,,,,0,30.0,0,0
75,15,19,8,23,Y6098214,,,,0,30.0,0,0
75,15,19,8,24,Y6098215,,,,0,30.0,0,0
75,15,19,8,25,Y6098216,,,,0,30.0,0,0
75,15,19,8,26,Y6098217,,,,0,30.0,0,0
75,15,19,8,27,Y6098218,,,,0,30.0,0,0
75,15,19,8,28,Y6098219,,,,0,30.0,0,0
75,15,19,8,29,Y6098220,,,,0,30.0,0,0
75,15,19,8,30,Y6098221,,,,0,30.0,0,0
75,15,19,9,10,Y6098222,,,,0,30.0,0,0
75,15,19,9,11,Y6098223,,,,0,30.0,0,0
75,15,19,9,12,Y6098224,,,,0,30.0,0,0
75,15,19,9,13,Y6098225,,,,0,30.0,0,0
75,15,19,9,14,Y6098226,,,,0,30.0,0,0
75,15,19,9,15,Y6098227,,,,0,30.0,0,0
75,15,19,9,16,Y6098228,,,,0,30.0,0,0
75,15,19,9,17,Y6098229,,,,0,30.0,0,0
75,15,19,9,18,Y6098230,,,,0,30.0,0,0
75,15,19,9,19,Y6098231,,,,0,30.0,0,0
75,15,19,9,20,Y6098232,,,,0,30.0,0,0
75,15,19,9,21,Y6098233,,,,0,30.0,0,0
75,15,19,9,22,Y6098234,,,,0,30.0,0,0
75,15,19,9,23,Y6098235,,,,0,30.0,0,0
75,15,19,9,24,Y6098236,,,,0,30.0,0,0
75,15,19,9,25,Y6098237,,,,0,30.0,0,0
75,15,19,9,26,Y6098238,,,,0,30.0,0,0
75,15,19,9,27,Y6098239,,,,0,30.0,0,0
75,15,19,9,28,Y6098240,,,,0,30.0,0,0
75,15,19,9,29,Y6098241,,,,0,30.0,0,0
75,15,19,9,30,Y6098242,,,,0,30.0,0,0
75,15,19,10,10,Y6098243,,,,0,30.0,0,0
75,15,19,10,11,Y6098244,,,,0,30.0,0,0
75,15,19,10,12,Y6098245,,,,0,30.0,0,0
75,15,19,10,13,Y6098246,,,,0,30.0,0,0
75,15,19,10,14,Y6098247,,,,0,30.0,0,0
75,15,19,10,15,Y6098248,,,,0,30.0,0,0
75,15,19,10,16,Y6098249,,,,0,30.0,0,0
75,15,19,10,17,Y6098250,,,,0,30.0,0,0
75,15,19,10,18,Y6098251,,,,0,30.0,0,0
75,15,19,10,19,Y6098252,,,,0,30.0,0,0
75,15,19,10,20,Y6098253,,,,0,30.0,0,0
75,15,19,10,21,Y6098254,,,,0,30.0,0,0
75,15,19,10,22,Y6098255,,,,0,30.0,0,0
75,15,19,10,23,Y6098256,,,,0,30.0,0,0
75,15,19,10,24,Y6098257,,,,0,30.0,0,0
75,15,19,10,25,Y6098258,,,,0,30.0,0,0
75,15,19,10,26,Y6098259,,,,0,30.0,0,0
75,15,19,10,27,Y6098260,,,,0,30.0,0,0
75,15,19,10,28,Y6098261,,,,0,30.0,0,0
75,15,19,10,29,Y6098262,,,,0,30.0,0,0
75,15,19,10,30,Y6098263,,,,0,30.0,0,0
75,15,19,11,10,Y6098264,,,,0,30.0,0,0
75,15,19,11,11,Y6098265,,,,0,30.0,0,0
75,15,19,11,12,Y6098266,,,,0,30.0,0,0
75,15,19,11,13,Y6098267,,,,0,30.0,0,0
75,15,19,11,14,Y6098268,,,,0,30.0,0,0
75,15,19,11,15,Y6098269,,,,0,30.0,0,0
75,15,19,11,16,Y6098270,,,,0,30.0,0,0
75,15,19,11,17,Y6098271,,,,0,30.0,0,0
75,15,19,11,18,Y6098272,,,,0,30.0,0,0
75,15,19,11,19,Y6098273,,,,0,30.0,0,0
75,15,19,11,20,Y6098274,,,,0,30.0,0,0
75,15,19,11,21,Y6098275,,,,0,30.0,0,0
75,15,19,11,22,Y6098276,,,,0,30.0,0,0
75,15,19,11,23,Y6098277,,,,0,30.0,0,0
75,15,19,11,24,Y6098278,,,,0,30.0,0,0
75,15,19,11,25,Y6098279,,,,0,30.0,0,0
75,15,19,11,26,Y6098280,,,,0,30.0,0,0
75,15,19,11,27,Y6098281,,,,0,30.0,0,0
75,15,19,11,28,Y6098282,,,,0,30.0,0,0
75,15,19,11,29,Y6098283,,,,0,30.0,0,0
75,15,19,11,30,Y6098284,,,,0,30.0,0,0
75,15,19,12,10,Y6098285,,,,0,30.0,0,0
75,15,19,12,11,Y6098286,,,,0,30.0,0,0
75,15,19,12,12,Y6098287,,,,0,30.0,0,0
75,15,19,12,13,Y6098288,,,,0,30.0,0,0
75,15,19,12,14,Y6098289,,,,0,30.0,0,0
75,15,19,12,15,Y6098290,,,,0,30.0,0,0
75,15,19,12,16,Y6098291,,,,0,30.0,0,0
75,15,19,12,17,Y6098292,,,,0,30.0,0,0
75,15,19,12,18,Y6098293,,,,0,30.0,0,0
75,15,19,12,19,Y6098294,,,,0,30.0,0,0
75,15,19,12,20,Y6098295,,,,0,30.0,0,0
75,15,19,12,21,Y6098296,,,,0,30.0,0,0
75,15,19,12,22,Y6098297,,,,0,30.0,0,0
75,15,19,12,23,Y6098298,,,,0,30.0,0,0
75,15,19,12,24,Y6098299,,,,0,30.0,0,0
75,15,19,12,25,Y6098300,,,,0,30.0,0,0
75,15,19,12,26,Y6098301,,,,0,30.0,0,0
75,15,19,12,27,Y6098302,,,,0,30.0,0,0
75,15,19,12,28,Y6098303,,,,0,30.0,0,0
75,15,19,12,29,Y6098304,,,,0,30.0,0,0
75,15,19,12,30,Y6098305,,,,0,30.0,0,0
75,15,20,1,10,Y6098306,,,,0,30.0,0,0
75,15,20,1,11,Y6098307,,,,0,30.0,0,0
75,15,20,1,12,Y6098308,,,,0,30.0,0,0
75,15,20,1,13,Y6098309,,,,0,30.0,0,0
75,15,20,1,14,Y6098310,,,,0,30.0,0,0
75,15,20,1,15,Y6098311,,,,0,30.0,0,0
75,15,20,1,16,Y6098312,,,,0,30.0,0,0
75,15,20,1,17,Y6098313,,,,0,30.0,0,0
75,15,20,1,18,Y6098314,,,,0,30.0,0,0
75,15,20,1,19,Y6098315,,,,0,30.0,0,0
75,15,20,1,20,Y6098316,,,,0,30.0,0,0
75,15,20,1,21,Y6098317,,,,0,30.0,0,0
75,15,20,1,22,Y6098318,,,,0,30.0,0,0
75,15,20,1,23,Y6098319,,,,0,30.0,0,0
75,15,20,1,24,Y6098320,,,,0,30.0,0,0
75,15,20,1,25,Y6098321,,,,0,30.0,0,0
75,15,20,1,26,Y6098322,,,,0,30.0,0,0
75,15,20,1,27,Y6098323,,,,0,30.0,0,0
75,15,20,1,28,Y6098324,,,,0,30.0,0,0
75,15,20,1,29,Y6098325,,,,0,30.0,0,0
75,15,20,1,30,Y6098326,,,,0,30.0,0,0
75,15,20,2,10,Y6098327,,,,0,30.0,0,0
75,15,20,2,11,Y6098328,,,,0,30.0,0,0
75,15,20,2,12,Y6098329,,,,0,30.0,0,0
75,15,20,2,13,Y6098330,,,,0,30.0,0,0
75,15,20,2,14,Y6098331,,,,0,30.0,0,0
75,15,20,2,15,Y6098332,,,,0,30.0,0,0
75,15,20,2,16,Y6098333,,,,0,30.0,0,0
75,15,20,2,17,Y6098334,,,,0,30.0,0,0
75,15,20,2,18,Y6098335,,,,0,30.0,0,0
75,15,20,2,19,Y6098336,,,,0,30.0,0,0
75,15,20,2,20,Y6098337,,,,0,30.0,0,0
75,15,20,2,21,Y6098338,,,,0,30.0,0,0
75,15,20,2,22,Y6098339,,,,0,30.0,0,0
75,15,20,2,23,Y6098340,,,,0,30.0,0,0
75,15,20,2,24,Y6098341,,,,0,30.0,0,0
75,15,20,2,25,Y6098342,,,,0,30.0,0,0
75,15,20,2,26,Y6098343,,,,0,30.0,0,0
75,15,20,2,27,Y6098344,,,,0,30.0,0,0
75,15,20,2,28,Y6098345,,,,0,30.0,0,0
75,15,20,2,29,Y6098346,,,,0,30.0,0,0
75,15,20,2,30,Y6098347,,,,0,30.0,0,0
75,15,20,3,10,Y6098348,,,,0,30.0,0,0
75,15,20,3,11,Y6098349,,,,0,30.0,0,0
75,15,20,3,12,Y6098350,,,,0,30.0,0,0
75,15,20,3,13,Y6098351,,,,0,30.0,0,0
75,15,20,3,14,Y6098352,,,,0,30.0,0,0
75,15,20,3,15,Y6098353,,,,0,30.0,0,0
75,15,20,3,16,Y6098354,,,,0,30.0,0,0
75,15,20,3,17,Y6098355,,,,0,30.0,0,0
75,15,20,3,18,Y6098356,,,,0,30.0,0,0
75,15,20,3,19,Y6098357,,,,0,30.0,0,0
75,15,20,3,20,Y6098358,,,,0,30.0,0,0
75,15,20,3,21,Y6098359,,,,0,30.0,0,0
75,15,20,3,22,Y6098360,,,,0,30.0,0,0
75,15,20,3,23,Y6098361,,,,0,30.0,0,0
75,15,20,3,24,Y6098362,,,,0,30.0,0,0
75,15,20,3,25,Y6098363,,,,0,30.0,0,0
75,15,20,3,26,Y6098364,,,,0,30.0,0,0
75,15,20,3,27,Y6098365,,,,0,30.0,0,0
75,15,20,3,28,Y6098366,,,,0,30.0,0,0
75,15,20,3,29,Y6098367,,,,0,30.0,0,0
75,15,20,3,30,Y6098368,,,,0,30.0,0,0
75,15,20,4,10,Y6098369,,,,0,30.0,0,0
75,15,20,4,11,Y6098370,,,,0,30.0,0,0
75,15,20,4,12,Y6098371,,,,0,30.0,0,0
75,15,20,4,13,Y6098372,,,,0,30.0,0,0
75,15,20,4,14,Y6098373,,,,0,30.0,0,0
75,15,20,4,15,Y6098374,,,,0,30.0,0,0
75,15,20,4,16,Y6098375,,,,0,30.0,0,0
75,15,20,4,17,Y6098376,,,,0,30.0,0,0
75,15,20,4,18,Y6098377,,,,0,30.0,0,0
75,15,20,4,19,Y6098378,,,,0,30.0,0,0
75,15,20,4,20,Y6098379,,,,0,30.0,0,0
75,15,20,4,21,Y6098380,,,,0,30.0,0,0
75,15,20,4,22,Y6098381,,,,0,30.0,0,0
75,15,20,4,23,Y6098382,,,,0,30.0,0,0
75,15,20,4,24,Y6098383,,,,0,30.0,0,0
75,15,20,4,25,Y6098384,,,,0,30.0,0,0
75,15,20,4,26,Y6098385,,,,0,30.0,0,0
75,15,20,4,27,Y6098386,,,,0,30.0,0,0
75,15,20,4,28,Y6098387,,,,0,30.0,0,0
75,15,20,4,29,Y6098388,,,,0,30.0,0,0
75,15,20,4,30,Y6098389,,,,0,30.0,0,0
75,15,20,5,10,Y6098390,,,,0,30.0,0,0
75,15,20,5,11,Y6098391,,,,0,30.0,0,0
75,15,20,5,12,Y6098392,,,,0,30.0,0,0
75,15,20,5,13,Y6098393,,,,0,30.0,0,0
75,15,20,5,14,Y6098394,,,,0,30.0,0,0
75,15,20,5,15,Y6098395,,,,0,30.0,0,0
75,15,20,5,16,Y6098396,,,,0,30.0,0,0
75,15,20,5,17,Y6098397,,,,0,30.0,0,0
75,15,20,5,18,Y6098398,,,,0,30.0,0,0
75,15,20,5,19,Y6098399,,,,0,30.0,0,0
75,15,20,5,20,Y6098400,,,,0,30.0,0,0
75,15,20,5,21,Y6098401,,,,0,30.0,0,0
75,15,20,5,22,Y6098402,,,,0,30.0,0,0
75,15,20,5,23,Y6098403,,,,0,30.0,0,0
75,15,20,5,24,Y6098404,,,,0,30.0,0,0
75,15,20,5,25,Y6098405,,,,0,30.0,0,0
75,15,20,5,26,Y6098406,,,,0,30.0,0,0
75,15,20,5,27,Y6098407,,,,0,30.0,0,0
75,15,20,5,28,Y6098408,,,,0,30.0,0,0
75,15,20,5,29,Y6098409,,,,0,30.0,0,0
75,15,20,5,30,Y6098410,,,,0,30.0,0,0
75,15,20,6,10,Y6098411,,,,0,30.0,0,0
75,15,20,6,11,Y6098412,,,,0,30.0,0,0
75,15,20,6,12,Y6098413,,,,0,30.0,0,0
75,15,20,6,13,Y6098414,,,,0,30.0,0,0
75,15,20,6,14,Y6098415,,,,0,30.0,0,0
75,15,20,6,15,Y6098416,,,,0,30.0,0,0
75,15,20,6,16,Y6098417,,,,0,30.0,0,0
75,15,20,6,17,Y6098418,,,,0,30.0,0,0
75,15,20,6,18,Y6098419,,,,0,30.0,0,0
75,15,20,6,19,Y6098420,,,,0,30.0,0,0
75,15,20,6,20,Y6098421,,,,0,30.0,0,0
75,15,20,6,21,Y6098422,,,,0,30.0,0,0
75,15,20,6,22,Y6098423,,,,0,30.0,0,0
75,15,20,6,23,Y6098424,,,,0,30.0,0,0
75,15,20,6,24,Y6098425,,,,0,30.0,0,0
75,15,20,6,25,Y6098426,,,,0,30.0,0,0
75,15,20,6,26,Y6098427,,,,0,30.0,0,0
75,15,20,6,27,Y6098428,,,,0,30.0,0,0
75,15,20,6,28,Y6098429,,,,0,30.0,0,0
75,15,20,6,29,Y6098430,,,,0,30.0,0,0
75,15,20,6,30,Y6098431,,,,0,30.0,0,0
75,15,20,7,10,Y6098432,,,,0,30.0,0,0
75,15,20,7,11,Y6098433,,,,0,30.0,0,0
75,15,20,7,12,Y6098434,,,,0,30.0,0,0
75,15,20,7,13,Y6098435,,,,0,30.0,0,0
75,15,20,7,14,Y6098436,,,,0,30.0,0,0
75,15,20,7,15,Y6098437,,,,0,30.0,0,0
75,15,20,7,16,Y6098438,,,,0,30.0,0,0
75,15,20,7,17,Y6098439,,,,0,30.0,0,0
75,15,20,7,18,Y6098440,,,,0,30.0,0,0
75,15,20,7,19,Y6098441,,,,0,30.0,0,0
75,15,20,7,20,Y6098442,,,,0,30.0,0,0
75,15,20,7,21,Y6098443,,,,0,30.0,0,0
75,15,20,7,22,Y6098444,,,,0,30.0,0,0
75,15,20,7,23,Y6098445,,,,0,30.0,0,0
75,15,20,7,24,Y6098446,,,,0,30.0,0,0
75,15,20,7,25,Y6098447,,,,0,30.0,0,0
75,15,20,7,26,Y6098448,,,,0,30.0,0,0
75,15,20,7,27,Y6098449,,,,0,30.0,0,0
75,15,20,7,28,Y6098450,,,,0,30.0,0,0
75,15,20,7,29,Y6098451,,,,0,30.0,0,0
75,15,20,7,30,Y6098452,,,,0,30.0,0,0
75,15,20,8,10,Y6098453,,,,0,30.0,0,0
75,15,20,8,11,Y6098454,,,,0,30.0,0,0
75,15,20,8,12,Y6098455,,,,0,30.0,0,0
75,15,20,8,13,Y6098456,,,,0,30.0,0,0
75,15,20,8,14,Y6098457,,,,0,30.0,0,0
75,15,20,8,15,Y6098458,,,,0,30.0,0,0
75,15,20,8,16,Y6098459,,,,0,30.0,0,0
75,15,20,8,17,Y6098460,,,,0,30.0,0,0
75,15,20,8,18,Y6098461,,,,0,30.0,0,0
75,15,20,8,19,Y6098462,,,,0,30.0,0,0
75,15,20,8,20,Y6098463,,,,0,30.0,0,0
75,15,20,8,21,Y6098464,,,,0,30.0,0,0
75,15,20,8,22,Y6098465,,,,0,30.0,0,0
75,15,20,8,23,Y6098466,,,,0,30.0,0,0
75,15,20,8,24,Y6098467,,,,0,30.0,0,0
75,15,20,8,25,Y6098468,,,,0,30.0,0,0
75,15,20,8,26,Y6098469,,,,0,30.0,0,0
75,15,20,8,27,Y6098470,,,,0,30.0,0,0
75,15,20,8,28,Y6098471,,,,0,30.0,0,0
75,15,20,8,29,Y6098472,,,,0,30.0,0,0
75,15,20,8,30,Y6098473,,,,0,30.0,0,0
75,15,20,9,10,Y6098474,,,,0,30.0,0,0
75,15,20,9,11,Y6098475,,,,0,30.0,0,0
75,15,20,9,12,Y6098476,,,,0,30.0,0,0
75,15,20,9,13,Y6098477,,,,0,30.0,0,0
75,15,20,9,14,Y6098478,,,,0,30.0,0,0
75,15,20,9,15,Y6098479,,,,0,30.0,0,0
75,15,20,9,16,Y6098480,,,,0,30.0,0,0
75,15,20,9,17,Y6098481,,,,0,30.0,0,0
75,15,20,9,18,Y6098482,,,,0,30.0,0,0
75,15,20,9,19,Y6098483,,,,0,30.0,0,0
75,15,20,9,20,Y6098484,,,,0,30.0,0,0
75,15,20,9,21,Y6098485,,,,0,30.0,0,0
75,15,20,9,22,Y6098486,,,,0,30.0,0,0
75,15,20,9,23,Y6098487,,,,0,30.0,0,0
75,15,20,9,24,Y6098488,,,,0,30.0,0,0
75,15,20,9,25,Y6098489,,,,0,30.0,0,0
75,15,20,9,26,Y6098490,,,,0,30.0,0,0
75,15,20,9,27,Y6098491,,,,0,30.0,0,0
75,15,20,9,28,Y6098492,,,,0,30.0,0,0
75,15,20,9,29,Y6098493,,,,0,30.0,0,0
75,15,20,9,30,Y6098494,,,,0,30.0,0,0
75,15,20,10,10,Y6098495,,,,0,30.0,0,0
75,15,20,10,11,Y6098496,,,,0,30.0,0,0
75,15,20,10,12,Y6098497,,,,0,30.0,0,0
75,15,20,10,13,Y6098498,,,,0,30.0,0,0
75,15,20,10,14,Y6098499,,,,0,30.0,0,0
75,15,20,10,15,Y6098500,,,,0,30.0,0,0
75,15,20,10,16,Y6098501,,,,0,30.0,0,0
75,15,20,10,17,Y6098502,,,,0,30.0,0,0
75,15,20,10,18,Y6098503,,,,0,30.0,0,0
75,15,20,10,19,Y6098504,,,,0,30.0,0,0
75,15,20,10,20,Y6098505,,,,0,30.0,0,0
75,15,20,10,21,Y6098506,,,,0,30.0,0,0
75,15,20,10,22,Y6098507,,,,0,30.0,0,0
75,15,20,10,23,Y6098508,,,,0,30.0,0,0
75,15,20,10,24,Y6098509,,,,0,30.0,0,0
75,15,20,10,25,Y6098510,,,,0,30.0,0,0
75,15,20,10,26,Y6098511,,,,0,30.0,0,0
75,15,20,10,27,Y6098512,,,,0,30.0,0,0
75,15,20,10,28,Y6098513,,,,0,30.0,0,0
75,15,20,10,29,Y6098514,,,,0,30.0,0,0
75,15,20,10,30,Y6098515,,,,0,30.0,0,0
75,15,20,11,10,Y6098516,,,,0,30.0,0,0
75,15,20,11,11,Y6098517,,,,0,30.0,0,0
75,15,20,11,12,Y6098518,,,,0,30.0,0,0
75,15,20,11,13,Y6098519,,,,0,30.0,0,0
75,15,20,11,14,Y6098520,,,,0,30.0,0,0
75,15,20,11,15,Y6098521,,,,0,30.0,0,0
75,15,20,11,16,Y6098522,,,,0,30.0,0,0
75,15,20,11,17,Y6098523,,,,0,30.0,0,0
75,15,20,11,18,Y6098524,,,,0,30.0,0,0
75,15,20,11,19,Y6098525,,,,0,30.0,0,0
75,15,20,11,20,Y6098526,,,,0,30.0,0,0
75,15,20,11,21,Y6098527,,,,0,30.0,0,0
75,15,20,11,22,Y6098528,,,,0,30.0,0,0
75,15,20,11,23,Y6098529,,,,0,30.0,0,0
75,15,20,11,24,Y6098530,,,,0,30.0,0,0
75,15,20,11,25,Y6098531,,,,0,30.0,0,0
75,15,20,11,26,Y6098532,,,,0,30.0,0,0
75,15,20,11,27,Y6098533,,,,0,30.0,0,0
75,15,20,11,28,Y6098534,,,,0,30.0,0,0
75,15,20,11,29,Y6098535,,,,0,30.0,0,0
75,15,20,11,30,Y6098536,,,,0,30.0,0,0
75,15,20,12,10,Y6098537,,,,0,30.0,0,0
75,15,20,12,11,Y6098538,,,,0,30.0,0,0
75,15,20,12,12,Y6098539,,,,0,30.0,0,0
75,15,20,12,13,Y6098540,,,,0,30.0,0,0
75,15,20,12,14,Y6098541,,,,0,30.0,0,0
75,15,20,12,15,Y6098542,,,,0,30.0,0,0
75,15,20,12,16,Y6098543,,,,0,30.0,0,0
75,15,20,12,17,Y6098544,,,,0,30.0,0,0
75,15,20,12,18,Y6098545,,,,0,30.0,0,0
75,15,20,12,19,Y6098546,,,,0,30.0,0,0
75,15,20,12,20,Y6098547,,,,0,30.0,0,0
75,15,20,12,21,Y6098548,,,,0,30.0,0,0
75,15,20,12,22,Y6098549,,,,0,30.0,0,0
75,15,20,12,23,Y6098550,,,,0,30.0,0,0
75,15,20,12,24,Y6098551,,,,0,30.0,0,0
75,15,20,12,25,Y6098552,,,,0,30.0,0,0
75,15,20,12,26,Y6098553,,,,0,30.0,0,0
75,15,20,12,27,Y6098554,,,,0,30.0,0,0
75,15,20,12,28,Y6098555,,,,0,30.0,0,0
75,15,20,12,29,Y6098556,,,,0,30.0,0,0
75,15,20,12,30,Y6098557,,,,0,30.0,0,0
75,15,21,1,10,Y6098558,,,,0,30.0,0,0
75,15,21,1,11,Y6098559,,,,0,30.0,0,0
75,15,21,1,12,Y6098560,,,,0,30.0,0,0
75,15,21,1,13,Y6098561,,,,0,30.0,0,0
75,15,21,1,14,Y6098562,,,,0,30.0,0,0
75,15,21,1,15,Y6098563,,,,0,30.0,0,0
75,15,21,1,16,Y6098564,,,,0,30.0,0,0
75,15,21,1,17,Y6098565,,,,0,30.0,0,0
75,15,21,1,18,Y6098566,,,,0,30.0,0,0
75,15,21,1,19,Y6098567,,,,0,30.0,0,0
75,15,21,1,20,Y6098568,,,,0,30.0,0,0
75,15,21,1,21,Y6098569,,,,0,30.0,0,0
75,15,21,1,22,Y6098570,,,,0,30.0,0,0
75,15,21,1,23,Y6098571,,,,0,30.0,0,0
75,15,21,1,24,Y6098572,,,,0,30.0,0,0
75,15,21,1,25,Y6098573,,,,0,30.0,0,0
75,15,21,1,26,Y6098574,,,,0,30.0,0,0
75,15,21,1,27,Y6098575,,,,0,30.0,0,0
75,15,21,1,28,Y6098576,,,,0,30.0,0,0
75,15,21,1,29,Y6098577,,,,0,30.0,0,0
75,15,21,1,30,Y6098578,,,,0,30.0,0,0
75,15,21,2,10,Y6098579,,,,0,30.0,0,0
75,15,21,2,11,Y6098580,,,,0,30.0,0,0
75,15,21,2,12,Y6098581,,,,0,30.0,0,0
75,15,21,2,13,Y6098582,,,,0,30.0,0,0
75,15,21,2,14,Y6098583,,,,0,30.0,0,0
75,15,21,2,15,Y6098584,,,,0,30.0,0,0
75,15,21,2,16,Y6098585,,,,0,30.0,0,0
75,15,21,2,17,Y6098586,,,,0,30.0,0,0
75,15,21,2,18,Y6098587,,,,0,30.0,0,0
75,15,21,2,19,Y6098588,,,,0,30.0,0,0
75,15,21,2,20,Y6098589,,,,0,30.0,0,0
75,15,21,2,21,Y6098590,,,,0,30.0,0,0
75,15,21,2,22,Y6098591,,,,0,30.0,0,0
75,15,21,2,23,Y6098592,,,,0,30.0,0,0
75,15,21,2,24,Y6098593,,,,0,30.0,0,0
75,15,21,2,25,Y6098594,,,,0,30.0,0,0
75,15,21,2,26,Y6098595,,,,0,30.0,0,0
75,15,21,2,27,Y6098596,,,,0,30.0,0,0
75,15,21,2,28,Y6098597,,,,0,30.0,0,0
75,15,21,2,29,Y6098598,,,,0,30.0,0,0
75,15,21,2,30,Y6098599,,,,0,30.0,0,0
75,15,21,3,10,Y6098600,,,,0,30.0,0,0
75,15,21,3,11,Y6098601,,,,0,30.0,0,0
75,15,21,3,12,Y6098602,,,,0,30.0,0,0
75,15,21,3,13,Y6098603,,,,0,30.0,0,0
75,15,21,3,14,Y6098604,,,,0,30.0,0,0
75,15,21,3,15,Y6098605,,,,0,30.0,0,0
75,15,21,3,16,Y6098606,,,,0,30.0,0,0
75,15,21,3,17,Y6098607,,,,0,30.0,0,0
75,15,21,3,18,Y6098608,,,,0,30.0,0,0
75,15,21,3,19,Y6098609,,,,0,30.0,0,0
75,15,21,3,20,Y6098610,,,,0,30.0,0,0
75,15,21,3,21,Y6098611,,,,0,30.0,0,0
75,15,21,3,22,Y6098612,,,,0,30.0,0,0
75,15,21,3,23,Y6098613,,,,0,30.0,0,0
75,15,21,3,24,Y6098614,,,,0,30.0,0,0
75,15,21,3,25,Y6098615,,,,0,30.0,0,0
75,15,21,3,26,Y6098616,,,,0,30.0,0,0
75,15,21,3,27,Y6098617,,,,0,30.0,0,0
75,15,21,3,28,Y6098618,,,,0,30.0,0,0
75,15,21,3,29,Y6098619,,,,0,30.0,0,0
75,15,21,3,30,Y6098620,,,,0,30.0,0,0
75,15,21,4,10,Y6098621,,,,0,30.0,0,0
75,15,21,4,11,Y6098622,,,,0,30.0,0,0
75,15,21,4,12,Y6098623,,,,0,30.0,0,0
75,15,21,4,13,Y6098624,,,,0,30.0,0,0
75,15,21,4,14,Y6098625,,,,0,30.0,0,0
75,15,21,4,15,Y6098626,,,,0,30.0,0,0
75,15,21,4,16,Y6098627,,,,0,30.0,0,0
75,15,21,4,17,Y6098628,,,,0,30.0,0,0
75,15,21,4,18,Y6098629,,,,0,30.0,0,0
75,15,21,4,19,Y6098630,,,,0,30.0,0,0
75,15,21,4,20,Y6098631,,,,0,30.0,0,0
75,15,21,4,21,Y6098632,,,,0,30.0,0,0
75,15,21,4,22,Y6098633,,,,0,30.0,0,0
75,15,21,4,23,Y6098634,,,,0,30.0,0,0
75,15,21,4,24,Y6098635,,,,0,30.0,0,0
75,15,21,4,25,Y6098636,,,,0,30.0,0,0
75,15,21,4,26,Y6098637,,,,0,30.0,0,0
75,15,21,4,27,Y6098638,,,,0,30.0,0,0
75,15,21,4,28,Y6098639,,,,0,30.0,0,0
75,15,21,4,29,Y6098640,,,,0,30.0,0,0
75,15,21,4,30,Y6098641,,,,0,30.0,0,0
75,15,21,5,10,Y6098642,,,,0,30.0,0,0
75,15,21,5,11,Y6098643,,,,0,30.0,0,0
75,15,21,5,12,Y6098644,,,,0,30.0,0,0
75,15,21,5,13,Y6098645,,,,0,30.0,0,0
75,15,21,5,14,Y6098646,,,,0,30.0,0,0
75,15,21,5,15,Y6098647,,,,0,30.0,0,0
75,15,21,5,16,Y6098648,,,,0,30.0,0,0
75,15,21,5,17,Y6098649,,,,0,30.0,0,0
75,15,21,5,18,Y6098650,,,,0,30.0,0,0
75,15,21,5,19,Y6098651,,,,0,30.0,0,0
75,15,21,5,20,Y6098652,,,,0,30.0,0,0
75,15,21,5,21,Y6098653,,,,0,30.0,0,0
75,15,21,5,22,Y6098654,,,,0,30.0,0,0
75,15,21,5,23,Y6098655,,,,0,30.0,0,0
75,15,21,5,24,Y6098656,,,,0,30.0,0,0
75,15,21,5,25,Y6098657,,,,0,30.0,0,0
75,15,21,5,26,Y6098658,,,,0,30.0,0,0
75,15,21,5,27,Y6098659,,,,0,30.0,0,0
75,15,21,5,28,Y6098660,,,,0,30.0,0,0
75,15,21,5,29,Y6098661,,,,0,30.0,0,0
75,15,21,5,30,Y6098662,,,,0,30.0,0,0
75,15,21,6,10,Y6098663,,,,0,30.0,0,0
75,15,21,6,11,Y6098664,,,,0,30.0,0,0
75,15,21,6,12,Y6098665,,,,0,30.0,0,0
75,15,21,6,13,Y6098666,,,,0,30.0,0,0
75,15,21,6,14,Y6098667,,,,0,30.0,0,0
75,15,21,6,15,Y6098668,,,,0,30.0,0,0
75,15,21,6,16,Y6098669,,,,0,30.0,0,0
75,15,21,6,17,Y6098670,,,,0,30.0,0,0
75,15,21,6,18,Y6098671,,,,0,30.0,0,0
75,15,21,6,19,Y6098672,,,,0,30.0,0,0
75,15,21,6,20,Y6098673,,,,0,30.0,0,0
75,15,21,6,21,Y6098674,,,,0,30.0,0,0
75,15,21,6,22,Y6098675,,,,0,30.0,0,0
75,15,21,6,23,Y6098676,,,,0,30.0,0,0
75,15,21,6,24,Y6098677,,,,0,30.0,0,0
75,15,21,6,25,Y6098678,,,,0,30.0,0,0
75,15,21,6,26,Y6098679,,,,0,30.0,0,0
75,15,21,6,27,Y6098680,,,,0,30.0,0,0
75,15,21,6,28,Y6098681,,,,0,30.0,0,0
75,15,21,6,29,Y6098682,,,,0,30.0,0,0
75,15,21,6,30,Y6098683,,,,0,30.0,0,0
75,15,21,7,10,Y6098684,,,,0,30.0,0,0
75,15,21,7,11,Y6098685,,,,0,30.0,0,0
75,15,21,7,12,Y6098686,,,,0,30.0,0,0
75,15,21,7,13,Y6098687,,,,0,30.0,0,0
75,15,21,7,14,Y6098688,,,,0,30.0,0,0
75,15,21,7,15,Y6098689,,,,0,30.0,0,0
75,15,21,7,16,Y6098690,,,,0,30.0,0,0
75,15,21,7,17,Y6098691,,,,0,30.0,0,0
75,15,21,7,18,Y6098692,,,,0,30.0,0,0
75,15,21,7,19,Y6098693,,,,0,30.0,0,0
75,15,21,7,20,Y6098694,,,,0,30.0,0,0
75,15,21,7,21,Y6098695,,,,0,30.0,0,0
75,15,21,7,22,Y6098696,,,,0,30.0,0,0
75,15,21,7,23,Y6098697,,,,0,30.0,0,0
75,15,21,7,24,Y6098698,,,,0,30.0,0,0
75,15,21,7,25,Y6098699,,,,0,30.0,0,0
75,15,21,7,26,Y6098700,,,,0,30.0,0,0
75,15,21,7,27,Y6098701,,,,0,30.0,0,0
75,15,21,7,28,Y6098702,,,,0,30.0,0,0
75,15,21,7,29,Y6098703,,,,0,30.0,0,0
75,15,21,7,30,Y6098704,,,,0,30.0,0,0
75,15,21,8,10,Y6098705,,,,0,30.0,0,0
75,15,21,8,11,Y6098706,,,,0,30.0,0,0
75,15,21,8,12,Y6098707,,,,0,30.0,0,0
75,15,21,8,13,Y6098708,,,,0,30.0,0,0
75,15,21,8,14,Y6098709,,,,0,30.0,0,0
75,15,21,8,15,Y6098710,,,,0,30.0,0,0
75,15,21,8,16,Y6098711,,,,0,30.0,0,0
75,15,21,8,17,Y6098712,,,,0,30.0,0,0
75,15,21,8,18,Y6098713,,,,0,30.0,0,0
75,15,21,8,19,Y6098714,,,,0,30.0,0,0
75,15,21,8,20,Y6098715,,,,0,30.0,0,0
75,15,21,8,21,Y6098716,,,,0,30.0,0,0
75,15,21,8,22,Y6098717,,,,0,30.0,0,0
75,15,21,8,23,Y6098718,,,,0,30.0,0,0
75,15,21,8,24,Y6098719,,,,0,30.0,0,0
75,15,21,8,25,Y6098720,,,,0,30.0,0,0
75,15,21,8,26,Y6098721,,,,0,30.0,0,0
75,15,21,8,27,Y6098722,,,,0,30.0,0,0
75,15,21,8,28,Y6098723,,,,0,30.0,0,0
75,15,21,8,29,Y6098724,,,,0,30.0,0,0
75,15,21,8,30,Y6098725,,,,0,30.0,0,0
75,15,21,9,10,Y6098726,,,,0,30.0,0,0
75,15,21,9,11,Y6098727,,,,0,30.0,0,0
75,15,21,9,12,Y6098728,,,,0,30.0,0,0
75,15,21,9,13,Y6098729,,,,0,30.0,0,0
75,15,21,9,14,Y6098730,,,,0,30.0,0,0
75,15,21,9,15,Y6098731,,,,0,30.0,0,0
75,15,21,9,16,Y6098732,,,,0,30.0,0,0
75,15,21,9,17,Y6098733,,,,0,30.0,0,0
75,15,21,9,18,Y6098734,,,,0,30.0,0,0
75,15,21,9,19,Y6098735,,,,0,30.0,0,0
75,15,21,9,20,Y6098736,,,,0,30.0,0,0
75,15,21,9,21,Y6098737,,,,0,30.0,0,0
75,15,21,9,22,Y6098738,,,,0,30.0,0,0
75,15,21,9,23,Y6098739,,,,0,30.0,0,0
75,15,21,9,24,Y6098740,,,,0,30.0,0,0
75,15,21,9,25,Y6098741,,,,0,30.0,0,0
75,15,21,9,26,Y6098742,,,,0,30.0,0,0
75,15,21,9,27,Y6098743,,,,0,30.0,0,0
75,15,21,9,28,Y6098744,,,,0,30.0,0,0
75,15,21,9,29,Y6098745,,,,0,30.0,0,0
75,15,21,9,30,Y6098746,,,,0,30.0,0,0
75,15,21,10,10,Y6098747,,,,0,30.0,0,0
75,15,21,10,11,Y6098748,,,,0,30.0,0,0
75,15,21,10,12,Y6098749,,,,0,30.0,0,0
75,15,21,10,13,Y6098750,,,,0,30.0,0,0
75,15,21,10,14,Y6098751,,,,0,30.0,0,0
75,15,21,10,15,Y6098752,,,,0,30.0,0,0
75,15,21,10,16,Y6098753,,,,0,30.0,0,0
75,15,21,10,17,Y6098754,,,,0,30.0,0,0
75,15,21,10,18,Y6098755,,,,0,30.0,0,0
75,15,21,10,19,Y6098756,,,,0,30.0,0,0
75,15,21,10,20,Y6098757,,,,0,30.0,0,0
75,15,21,10,21,Y6098758,,,,0,30.0,0,0
75,15,21,10,22,Y6098759,,,,0,30.0,0,0
75,15,21,10,23,Y6098760,,,,0,30.0,0,0
75,15,21,10,24,Y6098761,,,,0,30.0,0,0
75,15,21,10,25,Y6098762,,,,0,30.0,0,0
75,15,21,10,26,Y6098763,,,,0,30.0,0,0
75,15,21,10,27,Y6098764,,,,0,30.0,0,0
75,15,21,10,28,Y6098765,,,,0,30.0,0,0
75,15,21,10,29,Y6098766,,,,0,30.0,0,0
75,15,21,10,30,Y6098767,,,,0,30.0,0,0
75,15,21,11,10,Y6098768,,,,0,30.0,0,0
75,15,21,11,11,Y6098769,,,,0,30.0,0,0
75,15,21,11,12,Y6098770,,,,0,30.0,0,0
75,15,21,11,13,Y6098771,,,,0,30.0,0,0
75,15,21,11,14,Y6098772,,,,0,30.0,0,0
75,15,21,11,15,Y6098773,,,,0,30.0,0,0
75,15,21,11,16,Y6098774,,,,0,30.0,0,0
75,15,21,11,17,Y6098775,,,,0,30.0,0,0
75,15,21,11,18,Y6098776,,,,0,30.0,0,0
75,15,21,11,19,Y6098777,,,,0,30.0,0,0
75,15,21,11,20,Y6098778,,,,0,30.0,0,0
75,15,21,11,21,Y6098779,,,,0,30.0,0,0
75,15,21,11,22,Y6098780,,,,0,30.0,0,0
75,15,21,11,23,Y6098781,,,,0,30.0,0,0
75,15,21,11,24,Y6098782,,,,0,30.0,0,0
75,15,21,11,25,Y6098783,,,,0,30.0,0,0
75,15,21,11,26,Y6098784,,,,0,30.0,0,0
75,15,21,11,27,Y6098785,,,,0,30.0,0,0
75,15,21,11,28,Y6098786,,,,0,30.0,0,0
75,15,21,11,29,Y6098787,,,,0,30.0,0,0
75,15,21,11,30,Y6098788,,,,0,30.0,0,0
75,15,21,12,10,Y6098789,,,,0,30.0,0,0
75,15,21,12,11,Y6098790,,,,0,30.0,0,0
75,15,21,12,12,Y6098791,,,,0,30.0,0,0
75,15,21,12,13,Y6098792,,,,0,30.0,0,0
75,15,21,12,14,Y6098793,,,,0,30.0,0,0
75,15,21,12,15,Y6098794,,,,0,30.0,0,0
75,15,21,12,16,Y6098795,,,,0,30.0,0,0
75,15,21,12,17,Y6098796,,,,0,30.0,0,0
75,15,21,12,18,Y6098797,,,,0,30.0,0,0
75,15,21,12,19,Y6098798,,,,0,30.0,0,0
75,15,21,12,20,Y6098799,,,,0,30.0,0,0
75,15,21,12,21,Y6098800,,,,0,30.0,0,0
75,15,21,12,22,Y6098801,,,,0,30.0,0,0
75,15,21,12,23,Y6098802,,,,0,30.0,0,0
75,15,21,12,24,Y6098803,,,,0,30.0,0,0
75,15,21,12,25,Y6098804,,,,0,30.0,0,0
75,15,21,12,26,Y6098805,,,,0,30.0,0,0
75,15,21,12,27,Y6098806,,,,0,30.0,0,0
75,15,21,12,28,Y6098807,,,,0,30.0,0,0
75,15,21,12,29,Y6098808,,,,0,30.0,0,0
75,15,21,12,30,Y6098809,,,,0,30.0,0,0
75,15,22,1,10,Y6098810,,,,0,30.0,0,0
75,15,22,1,11,Y6098811,,,,0,30.0,0,0
75,15,22,1,12,Y6098812,,,,0,30.0,0,0
75,15,22,1,13,Y6098813,,,,0,30.0,0,0
75,15,22,1,14,Y6098814,,,,0,30.0,0,0
75,15,22,1,15,Y6098815,,,,0,30.0,0,0
75,15,22,1,16,Y6098816,,,,0,30.0,0,0
75,15,22,1,17,Y6098817,,,,0,30.0,0,0
75,15,22,1,18,Y6098818,,,,0,30.0,0,0
75,15,22,1,19,Y6098819,,,,0,30.0,0,0
75,15,22,1,20,Y6098820,,,,0,30.0,0,0
75,15,22,1,21,Y6098821,,,,0,30.0,0,0
75,15,22,1,22,Y6098822,,,,0,30.0,0,0
75,15,22,1,23,Y6098823,,,,0,30.0,0,0
75,15,22,1,24,Y6098824,,,,0,30.0,0,0
75,15,22,1,25,Y6098825,,,,0,30.0,0,0
75,15,22,1,26,Y6098826,,,,0,30.0,0,0
75,15,22,1,27,Y6098827,,,,0,30.0,0,0
75,15,22,1,28,Y6098828,,,,0,30.0,0,0
75,15,22,1,29,Y6098829,,,,0,30.0,0,0
75,15,22,1,30,Y6098830,,,,0,30.0,0,0
75,15,22,2,10,Y6098831,,,,0,30.0,0,0
75,15,22,2,11,Y6098832,,,,0,30.0,0,0
75,15,22,2,12,Y6098833,,,,0,30.0,0,0
75,15,22,2,13,Y6098834,,,,0,30.0,0,0
75,15,22,2,14,Y6098835,,,,0,30.0,0,0
75,15,22,2,15,Y6098836,,,,0,30.0,0,0
75,15,22,2,16,Y6098837,,,,0,30.0,0,0
75,15,22,2,17,Y6098838,,,,0,30.0,0,0
75,15,22,2,18,Y6098839,,,,0,30.0,0,0
75,15,22,2,19,Y6098840,,,,0,30.0,0,0
75,15,22,2,20,Y6098841,,,,0,30.0,0,0
75,15,22,2,21,Y6098842,,,,0,30.0,0,0
75,15,22,2,22,Y6098843,,,,0,30.0,0,0
75,15,22,2,23,Y6098844,,,,0,30.0,0,0
75,15,22,2,24,Y6098845,,,,0,30.0,0,0
75,15,22,2,25,Y6098846,,,,0,30.0,0,0
75,15,22,2,26,Y6098847,,,,0,30.0,0,0
75,15,22,2,27,Y6098848,,,,0,30.0,0,0
75,15,22,2,28,Y6098849,,,,0,30.0,0,0
75,15,22,2,29,Y6098850,,,,0,30.0,0,0
75,15,22,2,30,Y6098851,,,,0,30.0,0,0
75,15,22,3,10,Y6098852,,,,0,30.0,0,0
75,15,22,3,11,Y6098853,,,,0,30.0,0,0
75,15,22,3,12,Y6098854,,,,0,30.0,0,0
75,15,22,3,13,Y6098855,,,,0,30.0,0,0
75,15,22,3,14,Y6098856,,,,0,30.0,0,0
75,15,22,3,15,Y6098857,,,,0,30.0,0,0
75,15,22,3,16,Y6098858,,,,0,30.0,0,0
75,15,22,3,17,Y6098859,,,,0,30.0,0,0
75,15,22,3,18,Y6098860,,,,0,30.0,0,0
75,15,22,3,19,Y6098861,,,,0,30.0,0,0
75,15,22,3,20,Y6098862,,,,0,30.0,0,0
75,15,22,3,21,Y6098863,,,,0,30.0,0,0
75,15,22,3,22,Y6098864,,,,0,30.0,0,0
75,15,22,3,23,Y6098865,,,,0,30.0,0,0
75,15,22,3,24,Y6098866,,,,0,30.0,0,0
75,15,22,3,25,Y6098867,,,,0,30.0,0,0
75,15,22,3,26,Y6098868,,,,0,30.0,0,0
75,15,22,3,27,Y6098869,,,,0,30.0,0,0
75,15,22,3,28,Y6098870,,,,0,30.0,0,0
75,15,22,3,29,Y6098871,,,,0,30.0,0,0
75,15,22,3,30,Y6098872,,,,0,30.0,0,0
75,15,22,4,10,Y6098873,,,,0,30.0,0,0
75,15,22,4,11,Y6098874,,,,0,30.0,0,0
75,15,22,4,12,Y6098875,,,,0,30.0,0,0
75,15,22,4,13,Y6098876,,,,0,30.0,0,0
75,15,22,4,14,Y6098877,,,,0,30.0,0,0
75,15,22,4,15,Y6098878,,,,0,30.0,0,0
75,15,22,4,16,Y6098879,,,,0,30.0,0,0
75,15,22,4,17,Y6098880,,,,0,30.0,0,0
75,15,22,4,18,Y6098881,,,,0,30.0,0,0
75,15,22,4,19,Y6098882,,,,0,30.0,0,0
75,15,22,4,20,Y6098883,,,,0,30.0,0,0
75,15,22,4,21,Y6098884,,,,0,30.0,0,0
75,15,22,4,22,Y6098885,,,,0,30.0,0,0
75,15,22,4,23,Y6098886,,,,0,30.0,0,0
75,15,22,4,24,Y6098887,,,,0,30.0,0,0
75,15,22,4,25,Y6098888,,,,0,30.0,0,0
75,15,22,4,26,Y6098889,,,,0,30.0,0,0
75,15,22,4,27,Y6098890,,,,0,30.0,0,0
75,15,22,4,28,Y6098891,,,,0,30.0,0,0
75,15,22,4,29,Y6098892,,,,0,30.0,0,0
75,15,22,4,30,Y6098893,,,,0,30.0,0,0
75,15,22,5,10,Y6098894,,,,0,30.0,0,0
75,15,22,5,11,Y6098895,,,,0,30.0,0,0
75,15,22,5,12,Y6098896,,,,0,30.0,0,0
75,15,22,5,13,Y6098897,,,,0,30.0,0,0
75,15,22,5,14,Y6098898,,,,0,30.0,0,0
75,15,22,5,15,Y6098899,,,,0,30.0,0,0
75,15,22,5,16,Y6098900,,,,0,30.0,0,0
75,15,22,5,17,Y6098901,,,,0,30.0,0,0
75,15,22,5,18,Y6098902,,,,0,30.0,0,0
75,15,22,5,19,Y6098903,,,,0,30.0,0,0
75,15,22,5,20,Y6098904,,,,0,30.0,0,0
75,15,22,5,21,Y6098905,,,,0,30.0,0,0
75,15,22,5,22,Y6098906,,,,0,30.0,0,0
75,15,22,5,23,Y6098907,,,,0,30.0,0,0
75,15,22,5,24,Y6098908,,,,0,30.0,0,0
75,15,22,5,25,Y6098909,,,,0,30.0,0,0
75,15,22,5,26,Y6098910,,,,0,30.0,0,0
75,15,22,5,27,Y6098911,,,,0,30.0,0,0
75,15,22,5,28,Y6098912,,,,0,30.0,0,0
75,15,22,5,29,Y6098913,,,,0,30.0,0,0
75,15,22,5,30,Y6098914,,,,0,30.0,0,0
75,15,22,6,10,Y6098915,,,,0,30.0,0,0
75,15,22,6,11,Y6098916,,,,0,30.0,0,0
75,15,22,6,12,Y6098917,,,,0,30.0,0,0
75,15,22,6,13,Y6098918,,,,0,30.0,0,0
75,15,22,6,14,Y6098919,,,,0,30.0,0,0
75,15,22,6,15,Y6098920,,,,0,30.0,0,0
75,15,22,6,16,Y6098921,,,,0,30.0,0,0
75,15,22,6,17,Y6098922,,,,0,30.0,0,0
75,15,22,6,18,Y6098923,,,,0,30.0,0,0
75,15,22,6,19,Y6098924,,,,0,30.0,0,0
75,15,22,6,20,Y6098925,,,,0,30.0,0,0
75,15,22,6,21,Y6098926,,,,0,30.0,0,0
75,15,22,6,22,Y6098927,,,,0,30.0,0,0
75,15,22,6,23,Y6098928,,,,0,30.0,0,0
75,15,22,6,24,Y6098929,,,,0,30.0,0,0
75,15,22,6,25,Y6098930,,,,0,30.0,0,0
75,15,22,6,26,Y6098931,,,,0,30.0,0,0
75,15,22,6,27,Y6098932,,,,0,30.0,0,0
75,15,22,6,28,Y6098933,,,,0,30.0,0,0
75,15,22,6,29,Y6098934,,,,0,30.0,0,0
75,15,22,6,30,Y6098935,,,,0,30.0,0,0
75,15,22,7,10,Y6098936,,,,0,30.0,0,0
75,15,22,7,11,Y6098937,,,,0,30.0,0,0
75,15,22,7,12,Y6098938,,,,0,30.0,0,0
75,15,22,7,13,Y6098939,,,,0,30.0,0,0
75,15,22,7,14,Y6098940,,,,0,30.0,0,0
75,15,22,7,15,Y6098941,,,,0,30.0,0,0
75,15,22,7,16,Y6098942,,,,0,30.0,0,0
75,15,22,7,17,Y6098943,,,,0,30.0,0,0
75,15,22,7,18,Y6098944,,,,0,30.0,0,0
75,15,22,7,19,Y6098945,,,,0,30.0,0,0
75,15,22,7,20,Y6098946,,,,0,30.0,0,0
75,15,22,7,21,Y6098947,,,,0,30.0,0,0
75,15,22,7,22,Y6098948,,,,0,30.0,0,0
75,15,22,7,23,Y6098949,,,,0,30.0,0,0
75,15,22,7,24,Y6098950,,,,0,30.0,0,0
75,15,22,7,25,Y6098951,,,,0,30.0,0,0
75,15,22,7,26,Y6098952,,,,0,30.0,0,0
75,15,22,7,27,Y6098953,,,,0,30.0,0,0
75,15,22,7,28,Y6098954,,,,0,30.0,0,0
75,15,22,7,29,Y6098955,,,,0,30.0,0,0
75,15,22,7,30,Y6098956,,,,0,30.0,0,0
75,15,22,8,10,Y6098957,,,,0,30.0,0,0
75,15,22,8,11,Y6098958,,,,0,30.0,0,0
75,15,22,8,12,Y6098959,,,,0,30.0,0,0
75,15,22,8,13,Y6098960,,,,0,30.0,0,0
75,15,22,8,14,Y6098961,,,,0,30.0,0,0
75,15,22,8,15,Y6098962,,,,0,30.0,0,0
75,15,22,8,16,Y6098963,,,,0,30.0,0,0
75,15,22,8,17,Y6098964,,,,0,30.0,0,0
75,15,22,8,18,Y6098965,,,,0,30.0,0,0
75,15,22,8,19,Y6098966,,,,0,30.0,0,0
75,15,22,8,20,Y6098967,,,,0,30.0,0,0
75,15,22,8,21,Y6098968,,,,0,30.0,0,0
75,15,22,8,22,Y6098969,,,,0,30.0,0,0
75,15,22,8,23,Y6098970,,,,0,30.0,0,0
75,15,22,8,24,Y6098971,,,,0,30.0,0,0
75,15,22,8,25,Y6098972,,,,0,30.0,0,0
75,15,22,8,26,Y6098973,,,,0,30.0,0,0
75,15,22,8,27,Y6098974,,,,0,30.0,0,0
75,15,22,8,28,Y6098975,,,,0,30.0,0,0
75,15,22,8,29,Y6098976,,,,0,30.0,0,0
75,15,22,8,30,Y6098977,,,,0,30.0,0,0
75,15,22,9,10,Y6098978,,,,0,30.0,0,0
75,15,22,9,11,Y6098979,,,,0,30.0,0,0
75,15,22,9,12,Y6098980,,,,0,30.0,0,0
75,15,22,9,13,Y6098981,,,,0,30.0,0,0
75,15,22,9,14,Y6098982,,,,0,30.0,0,0
75,15,22,9,15,Y6098983,,,,0,30.0,0,0
75,15,22,9,16,Y6098984,,,,0,30.0,0,0
75,15,22,9,17,Y6098985,,,,0,30.0,0,0
75,15,22,9,18,Y6098986,,,,0,30.0,0,0
75,15,22,9,19,Y6098987,,,,0,30.0,0,0
75,15,22,9,20,Y6098988,,,,0,30.0,0,0
75,15,22,9,21,Y6098989,,,,0,30.0,0,0
75,15,22,9,22,Y6098990,,,,0,30.0,0,0
75,15,22,9,23,Y6098991,,,,0,30.0,0,0
75,15,22,9,24,Y6098992,,,,0,30.0,0,0
75,15,22,9,25,Y6098993,,,,0,30.0,0,0
75,15,22,9,26,Y6098994,,,,0,30.0,0,0
75,15,22,9,27,Y6098995,,,,0,30.0,0,0
75,15,22,9,28,Y6098996,,,,0,30.0,0,0
75,15,22,9,29,Y6098997,,,,0,30.0,0,0
75,15,22,9,30,Y6098998,,,,0,30.0,0,0
75,15,22,10,10,Y6098999,,,,0,30.0,0,0
75,15,22,10,11,Y6099000,,,,0,30.0,0,0
75,15,22,10,12,Y6099001,,,,0,30.0,0,0
75,15,22,10,13,Y6099002,,,,0,30.0,0,0
75,15,22,10,14,Y6099003,,,,0,30.0,0,0
75,15,22,10,15,Y6099004,,,,0,30.0,0,0
75,15,22,10,16,Y6099005,,,,0,30.0,0,0
75,15,22,10,17,Y6099006,,,,0,30.0,0,0
75,15,22,10,18,Y6099007,,,,0,30.0,0,0
75,15,22,10,19,Y6099008,,,,0,30.0,0,0
75,15,22,10,20,Y6099009,,,,0,30.0,0,0
75,15,22,10,21,Y6099010,,,,0,30.0,0,0
75,15,22,10,22,Y6099011,,,,0,30.0,0,0
75,15,22,10,23,Y6099012,,,,0,30.0,0,0
75,15,22,10,24,Y6099013,,,,0,30.0,0,0
75,15,22,10,25,Y6099014,,,,0,30.0,0,0
75,15,22,10,26,Y6099015,,,,0,30.0,0,0
75,15,22,10,27,Y6099016,,,,0,30.0,0,0
75,15,22,10,28,Y6099017,,,,0,30.0,0,0
75,15,22,10,29,Y6099018,,,,0,30.0,0,0
75,15,22,10,30,Y6099019,,,,0,30.0,0,0
75,15,22,11,10,Y6099020,,,,0,30.0,0,0
75,15,22,11,11,Y6099021,,,,0,30.0,0,0
75,15,22,11,12,Y6099022,,,,0,30.0,0,0
75,15,22,11,13,Y6099023,,,,0,30.0,0,0
75,15,22,11,14,Y6099024,,,,0,30.0,0,0
75,15,22,11,15,Y6099025,,,,0,30.0,0,0
75,15,22,11,16,Y6099026,,,,0,30.0,0,0
75,15,22,11,17,Y6099027,,,,0,30.0,0,0
75,15,22,11,18,Y6099028,,,,0,30.0,0,0
75,15,22,11,19,Y6099029,,,,0,30.0,0,0
75,15,22,11,20,Y6099030,,,,0,30.0,0,0
75,15,22,11,21,Y6099031,,,,0,30.0,0,0
75,15,22,11,22,Y6099032,,,,0,30.0,0,0
75,15,22,11,23,Y6099033,,,,0,30.0,0,0
75,15,22,11,24,Y6099034,,,,0,30.0,0,0
75,15,22,11,25,Y6099035,,,,0,30.0,0,0
75,15,22,11,26,Y6099036,,,,0,30.0,0,0
75,15,22,11,27,Y6099037,,,,0,30.0,0,0
75,15,22,11,28,Y6099038,,,,0,30.0,0,0
75,15,22,11,29,Y6099039,,,,0,30.0,0,0
75,15,22,11,30,Y6099040,,,,0,30.0,0,0
75,15,22,12,10,Y6099041,,,,0,30.0,0,0
75,15,22,12,11,Y6099042,,,,0,30.0,0,0
75,15,22,12,12,Y6099043,,,,0,30.0,0,0
75,15,22,12,13,Y6099044,,,,0,30.0,0,0
75,15,22,12,14,Y6099045,,,,0,30.0,0,0
75,15,22,12,15,Y6099046,,,,0,30.0,0,0
75,15,22,12,16,Y6099047,,,,0,30.0,0,0
75,15,22,12,17,Y6099048,,,,0,30.0,0,0
75,15,22,12,18,Y6099049,,,,0,30.0,0,0
75,15,22,12,19,Y6099050,,,,0,30.0,0,0
75,15,22,12,20,Y6099051,,,,0,30.0,0,0
75,15,22,12,21,Y6099052,,,,0,30.0,0,0
75,15,22,12,22,Y6099053,,,,0,30.0,0,0
75,15,22,12,23,Y6099054,,,,0,30.0,0,0
75,15,22,12,24,Y6099055,,,,0,30.0,0,0
75,15,22,12,25,Y6099056,,,,0,30.0,0,0
75,15,22,12,26,Y6099057,,,,0,30.0,0,0
75,15,22,12,27,Y6099058,,,,0,30.0,0,0
75,15,22,12,28,Y6099059,,,,0,30.0,0,0
75,15,22,12,29,Y6099060,,,,0,30.0,0,0
75,15,22,12,30,Y6099061,,,,0,30.0,0,0
75,15,23,1,10,Y6099062,,,,0,30.0,0,0
75,15,23,1,11,Y6099063,,,,0,30.0,0,0
75,15,23,1,12,Y6099064,,,,0,30.0,0,0
75,15,23,1,13,Y6099065,,,,0,30.0,0,0
75,15,23,1,14,Y6099066,,,,0,30.0,0,0
75,15,23,1,15,Y6099067,,,,0,30.0,0,0
75,15,23,1,16,Y6099068,,,,0,30.0,0,0
75,15,23,1,17,Y6099069,,,,0,30.0,0,0
75,15,23,1,18,Y6099070,,,,0,30.0,0,0
75,15,23,1,19,Y6099071,,,,0,30.0,0,0
75,15,23,1,20,Y6099072,,,,0,30.0,0,0
75,15,23,1,21,Y6099073,,,,0,30.0,0,0
75,15,23,1,22,Y6099074,,,,0,30.0,0,0
75,15,23,1,23,Y6099075,,,,0,30.0,0,0
75,15,23,1,24,Y6099076,,,,0,30.0,0,0
75,15,23,1,25,Y6099077,,,,0,30.0,0,0
75,15,23,1,26,Y6099078,,,,0,30.0,0,0
75,15,23,1,27,Y6099079,,,,0,30.0,0,0
75,15,23,1,28,Y6099080,,,,0,30.0,0,0
75,15,23,1,29,Y6099081,,,,0,30.0,0,0
75,15,23,1,30,Y6099082,,,,0,30.0,0,0
75,15,23,2,10,Y6099083,,,,0,30.0,0,0
75,15,23,2,11,Y6099084,,,,0,30.0,0,0
75,15,23,2,12,Y6099085,,,,0,30.0,0,0
75,15,23,2,13,Y6099086,,,,0,30.0,0,0
75,15,23,2,14,Y6099087,,,,0,30.0,0,0
75,15,23,2,15,Y6099088,,,,0,30.0,0,0
75,15,23,2,16,Y6099089,,,,0,30.0,0,0
75,15,23,2,17,Y6099090,,,,0,30.0,0,0
75,15,23,2,18,Y6099091,,,,0,30.0,0,0
75,15,23,2,19,Y6099092,,,,0,30.0,0,0
75,15,23,2,20,Y6099093,,,,0,30.0,0,0
75,15,23,2,21,Y6099094,,,,0,30.0,0,0
75,15,23,2,22,Y6099095,,,,0,30.0,0,0
75,15,23,2,23,Y6099096,,,,0,30.0,0,0
75,15,23,2,24,Y6099097,,,,0,30.0,0,0
75,15,23,2,25,Y6099098,,,,0,30.0,0,0
75,15,23,2,26,Y6099099,,,,0,30.0,0,0
75,15,23,2,27,Y6099100,,,,0,30.0,0,0
75,15,23,2,28,Y6099101,,,,0,30.0,0,0
75,15,23,2,29,Y6099102,,,,0,30.0,0,0
75,15,23,2,30,Y6099103,,,,0,30.0,0,0
75,15,23,3,10,Y6099104,,,,0,30.0,0,0
75,15,23,3,11,Y6099105,,,,0,30.0,0,0
75,15,23,3,12,Y6099106,,,,0,30.0,0,0
75,15,23,3,13,Y6099107,,,,0,30.0,0,0
75,15,23,3,14,Y6099108,,,,0,30.0,0,0
75,15,23,3,15,Y6099109,,,,0,30.0,0,0
75,15,23,3,16,Y6099110,,,,0,30.0,0,0
75,15,23,3,17,Y6099111,,,,0,30.0,0,0
75,15,23,3,18,Y6099112,,,,0,30.0,0,0
75,15,23,3,19,Y6099113,,,,0,30.0,0,0
75,15,23,3,20,Y6099114,,,,0,30.0,0,0
75,15,23,3,21,Y6099115,,,,0,30.0,0,0
75,15,23,3,22,Y6099116,,,,0,30.0,0,0
75,15,23,3,23,Y6099117,,,,0,30.0,0,0
75,15,23,3,24,Y6099118,,,,0,30.0,0,0
75,15,23,3,25,Y6099119,,,,0,30.0,0,0
75,15,23,3,26,Y6099120,,,,0,30.0,0,0
75,15,23,3,27,Y6099121,,,,0,30.0,0,0
75,15,23,3,28,Y6099122,,,,0,30.0,0,0
75,15,23,3,29,Y6099123,,,,0,30.0,0,0
75,15,23,3,30,Y6099124,,,,0,30.0,0,0
75,15,23,4,10,Y6099125,,,,0,30.0,0,0
75,15,23,4,11,Y6099126,,,,0,30.0,0,0
75,15,23,4,12,Y6099127,,,,0,30.0,0,0
75,15,23,4,13,Y6099128,,,,0,30.0,0,0
75,15,23,4,14,Y6099129,,,,0,30.0,0,0
75,15,23,4,15,Y6099130,,,,0,30.0,0,0
75,15,23,4,16,Y6099131,,,,0,30.0,0,0
75,15,23,4,17,Y6099132,,,,0,30.0,0,0
75,15,23,4,18,Y6099133,,,,0,30.0,0,0
75,15,23,4,19,Y6099134,,,,0,30.0,0,0
75,15,23,4,20,Y6099135,,,,0,30.0,0,0
75,15,23,4,21,Y6099136,,,,0,30.0,0,0
75,15,23,4,22,Y6099137,,,,0,30.0,0,0
75,15,23,4,23,Y6099138,,,,0,30.0,0,0
75,15,23,4,24,Y6099139,,,,0,30.0,0,0
75,15,23,4,25,Y6099140,,,,0,30.0,0,0
75,15,23,4,26,Y6099141,,,,0,30.0,0,0
75,15,23,4,27,Y6099142,,,,0,30.0,0,0
75,15,23,4,28,Y6099143,,,,0,30.0,0,0
75,15,23,4,29,Y6099144,,,,0,30.0,0,0
75,15,23,4,30,Y6099145,,,,0,30.0,0,0
75,15,23,5,10,Y6099146,,,,0,30.0,0,0
75,15,23,5,11,Y6099147,,,,0,30.0,0,0
75,15,23,5,12,Y6099148,,,,0,30.0,0,0
75,15,23,5,13,Y6099149,,,,0,30.0,0,0
75,15,23,5,14,Y6099150,,,,0,30.0,0,0
75,15,23,5,15,Y6099151,,,,0,30.0,0,0
75,15,23,5,16,Y6099152,,,,0,30.0,0,0
75,15,23,5,17,Y6099153,,,,0,30.0,0,0
75,15,23,5,18,Y6099154,,,,0,30.0,0,0
75,15,23,5,19,Y6099155,,,,0,30.0,0,0
75,15,23,5,20,Y6099156,,,,0,30.0,0,0
75,15,23,5,21,Y6099157,,,,0,30.0,0,0
75,15,23,5,22,Y6099158,,,,0,30.0,0,0
75,15,23,5,23,Y6099159,,,,0,30.0,0,0
75,15,23,5,24,Y6099160,,,,0,30.0,0,0
75,15,23,5,25,Y6099161,,,,0,30.0,0,0
75,15,23,5,26,Y6099162,,,,0,30.0,0,0
75,15,23,5,27,Y6099163,,,,0,30.0,0,0
75,15,23,5,28,Y6099164,,,,0,30.0,0,0
75,15,23,5,29,Y6099165,,,,0,30.0,0,0
75,15,23,5,30,Y6099166,,,,0,30.0,0,0
75,15,23,6,10,Y6099167,,,,0,30.0,0,0
75,15,23,6,11,Y6099168,,,,0,30.0,0,0
75,15,23,6,12,Y6099169,,,,0,30.0,0,0
75,15,23,6,13,Y6099170,,,,0,30.0,0,0
75,15,23,6,14,Y6099171,,,,0,30.0,0,0
75,15,23,6,15,Y6099172,,,,0,30.0,0,0
75,15,23,6,16,Y6099173,,,,0,30.0,0,0
75,15,23,6,17,Y6099174,,,,0,30.0,0,0
75,15,23,6,18,Y6099175,,,,0,30.0,0,0
75,15,23,6,19,Y6099176,,,,0,30.0,0,0
75,15,23,6,20,Y6099177,,,,0,30.0,0,0
75,15,23,6,21,Y6099178,,,,0,30.0,0,0
75,15,23,6,22,Y6099179,,,,0,30.0,0,0
75,15,23,6,23,Y6099180,,,,0,30.0,0,0
75,15,23,6,24,Y6099181,,,,0,30.0,0,0
75,15,23,6,25,Y6099182,,,,0,30.0,0,0
75,15,23,6,26,Y6099183,,,,0,30.0,0,0
75,15,23,6,27,Y6099184,,,,0,30.0,0,0
75,15,23,6,28,Y6099185,,,,0,30.0,0,0
75,15,23,6,29,Y6099186,,,,0,30.0,0,0
75,15,23,6,30,Y6099187,,,,0,30.0,0,0
75,15,23,7,10,Y6099188,,,,0,30.0,0,0
75,15,23,7,11,Y6099189,,,,0,30.0,0,0
75,15,23,7,12,Y6099190,,,,0,30.0,0,0
75,15,23,7,13,Y6099191,,,,0,30.0,0,0
75,15,23,7,14,Y6099192,,,,0,30.0,0,0
75,15,23,7,15,Y6099193,,,,0,30.0,0,0
75,15,23,7,16,Y6099194,,,,0,30.0,0,0
75,15,23,7,17,Y6099195,,,,0,30.0,0,0
75,15,23,7,18,Y6099196,,,,0,30.0,0,0
75,15,23,7,19,Y6099197,,,,0,30.0,0,0
75,15,23,7,20,Y6099198,,,,0,30.0,0,0
75,15,23,7,21,Y6099199,,,,0,30.0,0,0
75,15,23,7,22,Y6099200,,,,0,30.0,0,0
75,15,23,7,23,Y6099201,,,,0,30.0,0,0
75,15,23,7,24,Y6099202,,,,0,30.0,0,0
75,15,23,7,25,Y6099203,,,,0,30.0,0,0
75,15,23,7,26,Y6099204,,,,0,30.0,0,0
75,15,23,7,27,Y6099205,,,,0,30.0,0,0
75,15,23,7,28,Y6099206,,,,0,30.0,0,0
75,15,23,7,29,Y6099207,,,,0,30.0,0,0
75,15,23,7,30,Y6099208,,,,0,30.0,0,0
75,15,23,8,10,Y6099209,,,,0,30.0,0,0
75,15,23,8,11,Y6099210,,,,0,30.0,0,0
75,15,23,8,12,Y6099211,,,,0,30.0,0,0
75,15,23,8,13,Y6099212,,,,0,30.0,0,0
75,15,23,8,14,Y6099213,,,,0,30.0,0,0
75,15,23,8,15,Y6099214,,,,0,30.0,0,0
75,15,23,8,16,Y6099215,,,,0,30.0,0,0
75,15,23,8,17,Y6099216,,,,0,30.0,0,0
75,15,23,8,18,Y6099217,,,,0,30.0,0,0
75,15,23,8,19,Y6099218,,,,0,30.0,0,0
75,15,23,8,20,Y6099219,,,,0,30.0,0,0
75,15,23,8,21,Y6099220,,,,0,30.0,0,0
75,15,23,8,22,Y6099221,,,,0,30.0,0,0
75,15,23,8,23,Y6099222,,,,0,30.0,0,0
75,15,23,8,24,Y6099223,,,,0,30.0,0,0
75,15,23,8,25,Y6099224,,,,0,30.0,0,0
75,15,23,8,26,Y6099225,,,,0,30.0,0,0
75,15,23,8,27,Y6099226,,,,0,30.0,0,0
75,15,23,8,28,Y6099227,,,,0,30.0,0,0
75,15,23,8,29,Y6099228,,,,0,30.0,0,0
75,15,23,8,30,Y6099229,,,,0,30.0,0,0
75,15,23,9,10,Y6099230,,,,0,30.0,0,0
75,15,23,9,11,Y6099231,,,,0,30.0,0,0
75,15,23,9,12,Y6099232,,,,0,30.0,0,0
75,15,23,9,13,Y6099233,,,,0,30.0,0,0
75,15,23,9,14,Y6099234,,,,0,30.0,0,0
75,15,23,9,15,Y6099235,,,,0,30.0,0,0
75,15,23,9,16,Y6099236,,,,0,30.0,0,0
75,15,23,9,17,Y6099237,,,,0,30.0,0,0
75,15,23,9,18,Y6099238,,,,0,30.0,0,0
75,15,23,9,19,Y6099239,,,,0,30.0,0,0
75,15,23,9,20,Y6099240,,,,0,30.0,0,0
75,15,23,9,21,Y6099241,,,,0,30.0,0,0
75,15,23,9,22,Y6099242,,,,0,30.0,0,0
75,15,23,9,23,Y6099243,,,,0,30.0,0,0
75,15,23,9,24,Y6099244,,,,0,30.0,0,0
75,15,23,9,25,Y6099245,,,,0,30.0,0,0
75,15,23,9,26,Y6099246,,,,0,30.0,0,0
75,15,23,9,27,Y6099247,,,,0,30.0,0,0
75,15,23,9,28,Y6099248,,,,0,30.0,0,0
75,15,23,9,29,Y6099249,,,,0,30.0,0,0
75,15,23,9,30,Y6099250,,,,0,30.0,0,0
75,15,23,10,10,Y6099251,,,,0,30.0,0,0
75,15,23,10,11,Y6099252,,,,0,30.0,0,0
75,15,23,10,12,Y6099253,,,,0,30.0,0,0
75,15,23,10,13,Y6099254,,,,0,30.0,0,0
75,15,23,10,14,Y6099255,,,,0,30.0,0,0
75,15,23,10,15,Y6099256,,,,0,30.0,0,0
75,15,23,10,16,Y6099257,,,,0,30.0,0,0
75,15,23,10,17,Y6099258,,,,0,30.0,0,0
75,15,23,10,18,Y6099259,,,,0,30.0,0,0
75,15,23,10,19,Y6099260,,,,0,30.0,0,0
75,15,23,10,20,Y6099261,,,,0,30.0,0,0
75,15,23,10,21,Y6099262,,,,0,30.0,0,0
75,15,23,10,22,Y6099263,,,,0,30.0,0,0
75,15,23,10,23,Y6099264,,,,0,30.0,0,0
75,15,23,10,24,Y6099265,,,,0,30.0,0,0
75,15,23,10,25,Y6099266,,,,0,30.0,0,0
75,15,23,10,26,Y6099267,,,,0,30.0,0,0
75,15,23,10,27,Y6099268,,,,0,30.0,0,0
75,15,23,10,28,Y6099269,,,,0,30.0,0,0
75,15,23,10,29,Y6099270,,,,0,30.0,0,0
75,15,23,10,30,Y6099271,,,,0,30.0,0,0
75,15,23,11,10,Y6099272,,,,0,30.0,0,0
75,15,23,11,11,Y6099273,,,,0,30.0,0,0
75,15,23,11,12,Y6099274,,,,0,30.0,0,0
75,15,23,11,13,Y6099275,,,,0,30.0,0,0
75,15,23,11,14,Y6099276,,,,0,30.0,0,0
75,15,23,11,15,Y6099277,,,,0,30.0,0,0
75,15,23,11,16,Y6099278,,,,0,30.0,0,0
75,15,23,11,17,Y6099279,,,,0,30.0,0,0
75,15,23,11,18,Y6099280,,,,0,30.0,0,0
75,15,23,11,19,Y6099281,,,,0,30.0,0,0
75,15,23,11,20,Y6099282,,,,0,30.0,0,0
75,15,23,11,21,Y6099283,,,,0,30.0,0,0
75,15,23,11,22,Y6099284,,,,0,30.0,0,0
75,15,23,11,23,Y6099285,,,,0,30.0,0,0
75,15,23,11,24,Y6099286,,,,0,30.0,0,0
75,15,23,11,25,Y6099287,,,,0,30.0,0,0
75,15,23,11,26,Y6099288,,,,0,30.0,0,0
75,15,23,11,27,Y6099289,,,,0,30.0,0,0
75,15,23,11,28,Y6099290,,,,0,30.0,0,0
75,15,23,11,29,Y6099291,,,,0,30.0,0,0
75,15,23,11,30,Y6099292,,,,0,30.0,0,0
75,15,23,12,10,Y6099293,,,,0,30.0,0,0
75,15,23,12,11,Y6099294,,,,0,30.0,0,0
75,15,23,12,12,Y6099295,,,,0,30.0,0,0
75,15,23,12,13,Y6099296,,,,0,30.0,0,0
75,15,23,12,14,Y6099297,,,,0,30.0,0,0
75,15,23,12,15,Y6099298,,,,0,30.0,0,0
75,15,23,12,16,Y6099299,,,,0,30.0,0,0
75,15,23,12,17,Y6099300,,,,0,30.0,0,0
75,15,23,12,18,Y6099301,,,,0,30.0,0,0
75,15,23,12,19,Y6099302,,,,0,30.0,0,0
75,15,23,12,20,Y6099303,,,,0,30.0,0,0
75,15,23,12,21,Y6099304,,,,0,30.0,0,0
75,15,23,12,22,Y6099305,,,,0,30.0,0,0
75,15,23,12,23,Y6099306,,,,0,30.0,0,0
75,15,23,12,24,Y6099307,,,,0,30.0,0,0
75,15,23,12,25,Y6099308,,,,0,30.0,0,0
75,15,23,12,26,Y6099309,,,,0,30.0,0,0
75,15,23,12,27,Y6099310,,,,0,30.0,0,0
75,15,23,12,28,Y6099311,,,,0,30.0,0,0
75,15,23,12,29,Y6099312,,,,0,30.0,0,0
75,15,23,12,30,Y6099313,,,,0,30.0,0,0
75,15,24,1,10,Y6099314,,,,0,30.0,0,0
75,15,24,1,11,Y6099315,,,,0,30.0,0,0
75,15,24,1,12,Y6099316,,,,0,30.0,0,0
75,15,24,1,13,Y6099317,,,,0,30.0,0,0
75,15,24,1,14,Y6099318,,,,0,30.0,0,0
75,15,24,1,15,Y6099319,,,,0,30.0,0,0
75,15,24,1,16,Y6099320,,,,0,30.0,0,0
75,15,24,1,17,Y6099321,,,,0,30.0,0,0
75,15,24,1,18,Y6099322,,,,0,30.0,0,0
75,15,24,1,19,Y6099323,,,,0,30.0,0,0
75,15,24,1,20,Y6099324,,,,0,30.0,0,0
75,15,24,1,21,Y6099325,,,,0,30.0,0,0
75,15,24,1,22,Y6099326,,,,0,30.0,0,0
75,15,24,1,23,Y6099327,,,,0,30.0,0,0
75,15,24,1,24,Y6099328,,,,0,30.0,0,0
75,15,24,1,25,Y6099329,,,,0,30.0,0,0
75,15,24,1,26,Y6099330,,,,0,30.0,0,0
75,15,24,1,27,Y6099331,,,,0,30.0,0,0
75,15,24,1,28,Y6099332,,,,0,30.0,0,0
75,15,24,1,29,Y6099333,,,,0,30.0,0,0
75,15,24,1,30,Y6099334,,,,0,30.0,0,0
75,15,24,2,10,Y6099335,,,,0,30.0,0,0
75,15,24,2,11,Y6099336,,,,0,30.0,0,0
75,15,24,2,12,Y6099337,,,,0,30.0,0,0
75,15,24,2,13,Y6099338,,,,0,30.0,0,0
75,15,24,2,14,Y6099339,,,,0,30.0,0,0
75,15,24,2,15,Y6099340,,,,0,30.0,0,0
75,15,24,2,16,Y6099341,,,,0,30.0,0,0
75,15,24,2,17,Y6099342,,,,0,30.0,0,0
75,15,24,2,18,Y6099343,,,,0,30.0,0,0
75,15,24,2,19,Y6099344,,,,0,30.0,0,0
75,15,24,2,20,Y6099345,,,,0,30.0,0,0
75,15,24,2,21,Y6099346,,,,0,30.0,0,0
75,15,24,2,22,Y6099347,,,,0,30.0,0,0
75,15,24,2,23,Y6099348,,,,0,30.0,0,0
75,15,24,2,24,Y6099349,,,,0,30.0,0,0
75,15,24,2,25,Y6099350,,,,0,30.0,0,0
75,15,24,2,26,Y6099351,,,,0,30.0,0,0
75,15,24,2,27,Y6099352,,,,0,30.0,0,0
75,15,24,2,28,Y6099353,,,,0,30.0,0,0
75,15,24,2,29,Y6099354,,,,0,30.0,0,0
75,15,24,2,30,Y6099355,,,,0,30.0,0,0
75,15,24,3,10,Y6099356,,,,0,30.0,0,0
75,15,24,3,11,Y6099357,,,,0,30.0,0,0
75,15,24,3,12,Y6099358,,,,0,30.0,0,0
75,15,24,3,13,Y6099359,,,,0,30.0,0,0
75,15,24,3,14,Y6099360,,,,0,30.0,0,0
75,15,24,3,15,Y6099361,,,,0,30.0,0,0
75,15,24,3,16,Y6099362,,,,0,30.0,0,0
75,15,24,3,17,Y6099363,,,,0,30.0,0,0
75,15,24,3,18,Y6099364,,,,0,30.0,0,0
75,15,24,3,19,Y6099365,,,,0,30.0,0,0
75,15,24,3,20,Y6099366,,,,0,30.0,0,0
75,15,24,3,21,Y6099367,,,,0,30.0,0,0
75,15,24,3,22,Y6099368,,,,0,30.0,0,0
75,15,24,3,23,Y6099369,,,,0,30.0,0,0
75,15,24,3,24,Y6099370,,,,0,30.0,0,0
75,15,24,3,25,Y6099371,,,,0,30.0,0,0
75,15,24,3,26,Y6099372,,,,0,30.0,0,0
75,15,24,3,27,Y6099373,,,,0,30.0,0,0
75,15,24,3,28,Y6099374,,,,0,30.0,0,0
75,15,24,3,29,Y6099375,,,,0,30.0,0,0
75,15,24,3,30,Y6099376,,,,0,30.0,0,0
75,15,24,4,10,Y6099377,,,,0,30.0,0,0
75,15,24,4,11,Y6099378,,,,0,30.0,0,0
75,15,24,4,12,Y6099379,,,,0,30.0,0,0
75,15,24,4,13,Y6099380,,,,0,30.0,0,0
75,15,24,4,14,Y6099381,,,,0,30.0,0,0
75,15,24,4,15,Y6099382,,,,0,30.0,0,0
75,15,24,4,16,Y6099383,,,,0,30.0,0,0
75,15,24,4,17,Y6099384,,,,0,30.0,0,0
75,15,24,4,18,Y6099385,,,,0,30.0,0,0
75,15,24,4,19,Y6099386,,,,0,30.0,0,0
75,15,24,4,20,Y6099387,,,,0,30.0,0,0
75,15,24,4,21,Y6099388,,,,0,30.0,0,0
75,15,24,4,22,Y6099389,,,,0,30.0,0,0
75,15,24,4,23,Y6099390,,,,0,30.0,0,0
75,15,24,4,24,Y6099391,,,,0,30.0,0,0
75,15,24,4,25,Y6099392,,,,0,30.0,0,0
75,15,24,4,26,Y6099393,,,,0,30.0,0,0
75,15,24,4,27,Y6099394,,,,0,30.0,0,0
75,15,24,4,28,Y6099395,,,,0,30.0,0,0
75,15,24,4,29,Y6099396,,,,0,30.0,0,0
75,15,24,4,30,Y6099397,,,,0,30.0,0,0
75,15,24,5,10,Y6099398,,,,0,30.0,0,0
75,15,24,5,11,Y6099399,,,,0,30.0,0,0
75,15,24,5,12,Y6099400,,,,0,30.0,0,0
75,15,24,5,13,Y6099401,,,,0,30.0,0,0
75,15,24,5,14,Y6099402,,,,0,30.0,0,0
75,15,24,5,15,Y6099403,,,,0,30.0,0,0
75,15,24,5,16,Y6099404,,,,0,30.0,0,0
75,15,24,5,17,Y6099405,,,,0,30.0,0,0
75,15,24,5,18,Y6099406,,,,0,30.0,0,0
75,15,24,5,19,Y6099407,,,,0,30.0,0,0
75,15,24,5,20,Y6099408,,,,0,30.0,0,0
75,15,24,5,21,Y6099409,,,,0,30.0,0,0
75,15,24,5,22,Y6099410,,,,0,30.0,0,0
75,15,24,5,23,Y6099411,,,,0,30.0,0,0
75,15,24,5,24,Y6099412,,,,0,30.0,0,0
75,15,24,5,25,Y6099413,,,,0,30.0,0,0
75,15,24,5,26,Y6099414,,,,0,30.0,0,0
75,15,24,5,27,Y6099415,,,,0,30.0,0,0
75,15,24,5,28,Y6099416,,,,0,30.0,0,0
75,15,24,5,29,Y6099417,,,,0,30.0,0,0
75,15,24,5,30,Y6099418,,,,0,30.0,0,0
75,15,24,6,10,Y6099419,,,,0,30.0,0,0
75,15,24,6,11,Y6099420,,,,0,30.0,0,0
75,15,24,6,12,Y6099421,,,,0,30.0,0,0
75,15,24,6,13,Y6099422,,,,0,30.0,0,0
75,15,24,6,14,Y6099423,,,,0,30.0,0,0
75,15,24,6,15,Y6099424,,,,0,30.0,0,0
75,15,24,6,16,Y6099425,,,,0,30.0,0,0
75,15,24,6,17,Y6099426,,,,0,30.0,0,0
75,15,24,6,18,Y6099427,,,,0,30.0,0,0
75,15,24,6,19,Y6099428,,,,0,30.0,0,0
75,15,24,6,20,Y6099429,,,,0,30.0,0,0
75,15,24,6,21,Y6099430,,,,0,30.0,0,0
75,15,24,6,22,Y6099431,,,,0,30.0,0,0
75,15,24,6,23,Y6099432,,,,0,30.0,0,0
75,15,24,6,24,Y6099433,,,,0,30.0,0,0
75,15,24,6,25,Y6099434,,,,0,30.0,0,0
75,15,24,6,26,Y6099435,,,,0,30.0,0,0
75,15,24,6,27,Y6099436,,,,0,30.0,0,0
75,15,24,6,28,Y6099437,,,,0,30.0,0,0
75,15,24,6,29,Y6099438,,,,0,30.0,0,0
75,15,24,6,30,Y6099439,,,,0,30.0,0,0
75,15,24,7,10,Y6099440,,,,0,30.0,0,0
75,15,24,7,11,Y6099441,,,,0,30.0,0,0
75,15,24,7,12,Y6099442,,,,0,30.0,0,0
75,15,24,7,13,Y6099443,,,,0,30.0,0,0
75,15,24,7,14,Y6099444,,,,0,30.0,0,0
75,15,24,7,15,Y6099445,,,,0,30.0,0,0
75,15,24,7,16,Y6099446,,,,0,30.0,0,0
75,15,24,7,17,Y6099447,,,,0,30.0,0,0
75,15,24,7,18,Y6099448,,,,0,30.0,0,0
75,15,24,7,19,Y6099449,,,,0,30.0,0,0
75,15,24,7,20,Y6099450,,,,0,30.0,0,0
75,15,24,7,21,Y6099451,,,,0,30.0,0,0
75,15,24,7,22,Y6099452,,,,0,30.0,0,0
75,15,24,7,23,Y6099453,,,,0,30.0,0,0
75,15,24,7,24,Y6099454,,,,0,30.0,0,0
75,15,24,7,25,Y6099455,,,,0,30.0,0,0
75,15,24,7,26,Y6099456,,,,0,30.0,0,0
75,15,24,7,27,Y6099457,,,,0,30.0,0,0
75,15,24,7,28,Y6099458,,,,0,30.0,0,0
75,15,24,7,29,Y6099459,,,,0,30.0,0,0
75,15,24,7,30,Y6099460,,,,0,30.0,0,0
75,15,24,8,10,Y6099461,,,,0,30.0,0,0
75,15,24,8,11,Y6099462,,,,0,30.0,0,0
75,15,24,8,12,Y6099463,,,,0,30.0,0,0
75,15,24,8,13,Y6099464,,,,0,30.0,0,0
75,15,24,8,14,Y6099465,,,,0,30.0,0,0
75,15,24,8,15,Y6099466,,,,0,30.0,0,0
75,15,24,8,16,Y6099467,,,,0,30.0,0,0
75,15,24,8,17,Y6099468,,,,0,30.0,0,0
75,15,24,8,18,Y6099469,,,,0,30.0,0,0
75,15,24,8,19,Y6099470,,,,0,30.0,0,0
75,15,24,8,20,Y6099471,,,,0,30.0,0,0
75,15,24,8,21,Y6099472,,,,0,30.0,0,0
75,15,24,8,22,Y6099473,,,,0,30.0,0,0
75,15,24,8,23,Y6099474,,,,0,30.0,0,0
75,15,24,8,24,Y6099475,,,,0,30.0,0,0
75,15,24,8,25,Y6099476,,,,0,30.0,0,0
75,15,24,8,26,Y6099477,,,,0,30.0,0,0
75,15,24,8,27,Y6099478,,,,0,30.0,0,0
75,15,24,8,28,Y6099479,,,,0,30.0,0,0
75,15,24,8,29,Y6099480,,,,0,30.0,0,0
75,15,24,8,30,Y6099481,,,,0,30.0,0,0
75,15,24,9,10,Y6099482,,,,0,30.0,0,0
75,15,24,9,11,Y6099483,,,,0,30.0,0,0
75,15,24,9,12,Y6099484,,,,0,30.0,0,0
75,15,24,9,13,Y6099485,,,,0,30.0,0,0
75,15,24,9,14,Y6099486,,,,0,30.0,0,0
75,15,24,9,15,Y6099487,,,,0,30.0,0,0
75,15,24,9,16,Y6099488,,,,0,30.0,0,0
75,15,24,9,17,Y6099489,,,,0,30.0,0,0
75,15,24,9,18,Y6099490,,,,0,30.0,0,0
75,15,24,9,19,Y6099491,,,,0,30.0,0,0
75,15,24,9,20,Y6099492,,,,0,30.0,0,0
75,15,24,9,21,Y6099493,,,,0,30.0,0,0
75,15,24,9,22,Y6099494,,,,0,30.0,0,0
75,15,24,9,23,Y6099495,,,,0,30.0,0,0
75,15,24,9,24,Y6099496,,,,0,30.0,0,0
75,15,24,9,25,Y6099497,,,,0,30.0,0,0
75,15,24,9,26,Y6099498,,,,0,30.0,0,0
75,15,24,9,27,Y6099499,,,,0,30.0,0,0
75,15,24,9,28,Y6099500,,,,0,30.0,0,0
75,15,24,9,29,Y6099501,,,,0,30.0,0,0
75,15,24,9,30,Y6099502,,,,0,30.0,0,0
75,15,24,10,10,Y6099503,,,,0,30.0,0,0
75,15,24,10,11,Y6099504,,,,0,30.0,0,0
75,15,24,10,12,Y6099505,,,,0,30.0,0,0
75,15,24,10,13,Y6099506,,,,0,30.0,0,0
75,15,24,10,14,Y6099507,,,,0,30.0,0,0
75,15,24,10,15,Y6099508,,,,0,30.0,0,0
75,15,24,10,16,Y6099509,,,,0,30.0,0,0
75,15,24,10,17,Y6099510,,,,0,30.0,0,0
75,15,24,10,18,Y6099511,,,,0,30.0,0,0
75,15,24,10,19,Y6099512,,,,0,30.0,0,0
75,15,24,10,20,Y6099513,,,,0,30.0,0,0
75,15,24,10,21,Y6099514,,,,0,30.0,0,0
75,15,24,10,22,Y6099515,,,,0,30.0,0,0
75,15,24,10,23,Y6099516,,,,0,30.0,0,0
75,15,24,10,24,Y6099517,,,,0,30.0,0,0
75,15,24,10,25,Y6099518,,,,0,30.0,0,0
75,15,24,10,26,Y6099519,,,,0,30.0,0,0
75,15,24,10,27,Y6099520,,,,0,30.0,0,0
75,15,24,10,28,Y6099521,,,,0,30.0,0,0
75,15,24,10,29,Y6099522,,,,0,30.0,0,0
75,15,24,10,30,Y6099523,,,,0,30.0,0,0
75,15,24,11,10,Y6099524,,,,0,30.0,0,0
75,15,24,11,11,Y6099525,,,,0,30.0,0,0
75,15,24,11,12,Y6099526,,,,0,30.0,0,0
75,15,24,11,13,Y6099527,,,,0,30.0,0,0
75,15,24,11,14,Y6099528,,,,0,30.0,0,0
75,15,24,11,15,Y6099529,,,,0,30.0,0,0
75,15,24,11,16,Y6099530,,,,0,30.0,0,0
75,15,24,11,17,Y6099531,,,,0,30.0,0,0
75,15,24,11,18,Y6099532,,,,0,30.0,0,0
75,15,24,11,19,Y6099533,,,,0,30.0,0,0
75,15,24,11,20,Y6099534,,,,0,30.0,0,0
75,15,24,11,21,Y6099535,,,,0,30.0,0,0
75,15,24,11,22,Y6099536,,,,0,30.0,0,0
75,15,24,11,23,Y6099537,,,,0,30.0,0,0
75,15,24,11,24,Y6099538,,,,0,30.0,0,0
75,15,24,11,25,Y6099539,,,,0,30.0,0,0
75,15,24,11,26,Y6099540,,,,0,30.0,0,0
75,15,24,11,27,Y6099541,,,,0,30.0,0,0
75,15,24,11,28,Y6099542,,,,0,30.0,0,0
75,15,24,11,29,Y6099543,,,,0,30.0,0,0
75,15,24,11,30,Y6099544,,,,0,30.0,0,0
75,15,24,12,10,Y6099545,,,,0,30.0,0,0
75,15,24,12,11,Y6099546,,,,0,30.0,0,0
75,15,24,12,12,Y6099547,,,,0,30.0,0,0
75,15,24,12,13,Y6099548,,,,0,30.0,0,0
75,15,24,12,14,Y6099549,,,,0,30.0,0,0
75,15,24,12,15,Y6099550,,,,0,30.0,0,0
75,15,24,12,16,Y6099551,,,,0,30.0,0,0
75,15,24,12,17,Y6099552,,,,0,30.0,0,0
75,15,24,12,18,Y6099553,,,,0,30.0,0,0
75,15,24,12,19,Y6099554,,,,0,30.0,0,0
75,15,24,12,20,Y6099555,,,,0,30.0,0,0
75,15,24,12,21,Y6099556,,,,0,30.0,0,0
75,15,24,12,22,Y6099557,,,,0,30.0,0,0
75,15,24,12,23,Y6099558,,,,0,30.0,0,0
75,15,24,12,24,Y6099559,,,,0,30.0,0,0
75,15,24,12,25,Y6099560,,,,0,30.0,0,0
75,15,24,12,26,Y6099561,,,,0,30.0,0,0
75,15,24,12,27,Y6099562,,,,0,30.0,0,0
75,15,24,12,28,Y6099563,,,,0,30.0,0,0
75,15,24,12,29,Y6099564,,,,0,30.0,0,0
75,15,24,12,30,Y6099565,,,,0,30.0,0,0
75,15,25,1,10,Y6099566,,,,0,30.0,0,0
75,15,25,1,11,Y6099567,,,,0,30.0,0,0
75,15,25,1,12,Y6099568,,,,0,30.0,0,0
75,15,25,1,13,Y6099569,,,,0,30.0,0,0
75,15,25,1,14,Y6099570,,,,0,30.0,0,0
75,15,25,1,15,Y6099571,,,,0,30.0,0,0
75,15,25,1,16,Y6099572,,,,0,30.0,0,0
75,15,25,1,17,Y6099573,,,,0,30.0,0,0
75,15,25,1,18,Y6099574,,,,0,30.0,0,0
75,15,25,1,19,Y6099575,,,,0,30.0,0,0
75,15,25,1,20,Y6099576,,,,0,30.0,0,0
75,15,25,1,21,Y6099577,,,,0,30.0,0,0
75,15,25,1,22,Y6099578,,,,0,30.0,0,0
75,15,25,1,23,Y6099579,,,,0,30.0,0,0
75,15,25,1,24,Y6099580,,,,0,30.0,0,0
75,15,25,1,25,Y6099581,,,,0,30.0,0,0
75,15,25,1,26,Y6099582,,,,0,30.0,0,0
75,15,25,1,27,Y6099583,,,,0,30.0,0,0
75,15,25,1,28,Y6099584,,,,0,30.0,0,0
75,15,25,1,29,Y6099585,,,,0,30.0,0,0
75,15,25,1,30,Y6099586,,,,0,30.0,0,0
75,15,25,2,10,Y6099587,,,,0,30.0,0,0
75,15,25,2,11,Y6099588,,,,0,30.0,0,0
75,15,25,2,12,Y6099589,,,,0,30.0,0,0
75,15,25,2,13,Y6099590,,,,0,30.0,0,0
75,15,25,2,14,Y6099591,,,,0,30.0,0,0
75,15,25,2,15,Y6099592,,,,0,30.0,0,0
75,15,25,2,16,Y6099593,,,,0,30.0,0,0
75,15,25,2,17,Y6099594,,,,0,30.0,0,0
75,15,25,2,18,Y6099595,,,,0,30.0,0,0
75,15,25,2,19,Y6099596,,,,0,30.0,0,0
75,15,25,2,20,Y6099597,,,,0,30.0,0,0
75,15,25,2,21,Y6099598,,,,0,30.0,0,0
75,15,25,2,22,Y6099599,,,,0,30.0,0,0
75,15,25,2,23,Y6099600,,,,0,30.0,0,0
75,15,25,2,24,Y6099601,,,,0,30.0,0,0
75,15,25,2,25,Y6099602,,,,0,30.0,0,0
75,15,25,2,26,Y6099603,,,,0,30.0,0,0
75,15,25,2,27,Y6099604,,,,0,30.0,0,0
75,15,25,2,28,Y6099605,,,,0,30.0,0,0
75,15,25,2,29,Y6099606,,,,0,30.0,0,0
75,15,25,2,30,Y6099607,,,,0,30.0,0,0
75,15,25,3,10,Y6099608,,,,0,30.0,0,0
75,15,25,3,11,Y6099609,,,,0,30.0,0,0
75,15,25,3,12,Y6099610,,,,0,30.0,0,0
75,15,25,3,13,Y6099611,,,,0,30.0,0,0
75,15,25,3,14,Y6099612,,,,0,30.0,0,0
75,15,25,3,15,Y6099613,,,,0,30.0,0,0
75,15,25,3,16,Y6099614,,,,0,30.0,0,0
75,15,25,3,17,Y6099615,,,,0,30.0,0,0
75,15,25,3,18,Y6099616,,,,0,30.0,0,0
75,15,25,3,19,Y6099617,,,,0,30.0,0,0
75,15,25,3,20,Y6099618,,,,0,30.0,0,0
75,15,25,3,21,Y6099619,,,,0,30.0,0,0
75,15,25,3,22,Y6099620,,,,0,30.0,0,0
75,15,25,3,23,Y6099621,,,,0,30.0,0,0
75,15,25,3,24,Y6099622,,,,0,30.0,0,0
75,15,25,3,25,Y6099623,,,,0,30.0,0,0
75,15,25,3,26,Y6099624,,,,0,30.0,0,0
75,15,25,3,27,Y6099625,,,,0,30.0,0,0
75,15,25,3,28,Y6099626,,,,0,30.0,0,0
75,15,25,3,29,Y6099627,,,,0,30.0,0,0
75,15,25,3,30,Y6099628,,,,0,30.0,0,0
75,15,25,4,10,Y6099629,,,,0,30.0,0,0
75,15,25,4,11,Y6099630,,,,0,30.0,0,0
75,15,25,4,12,Y6099631,,,,0,30.0,0,0
75,15,25,4,13,Y6099632,,,,0,30.0,0,0
75,15,25,4,14,Y6099633,,,,0,30.0,0,0
75,15,25,4,15,Y6099634,,,,0,30.0,0,0
75,15,25,4,16,Y6099635,,,,0,30.0,0,0
75,15,25,4,17,Y6099636,,,,0,30.0,0,0
75,15,25,4,18,Y6099637,,,,0,30.0,0,0
75,15,25,4,19,Y6099638,,,,0,30.0,0,0
75,15,25,4,20,Y6099639,,,,0,30.0,0,0
75,15,25,4,21,Y6099640,,,,0,30.0,0,0
75,15,25,4,22,Y6099641,,,,0,30.0,0,0
75,15,25,4,23,Y6099642,,,,0,30.0,0,0
75,15,25,4,24,Y6099643,,,,0,30.0,0,0
75,15,25,4,25,Y6099644,,,,0,30.0,0,0
75,15,25,4,26,Y6099645,,,,0,30.0,0,0
75,15,25,4,27,Y6099646,,,,0,30.0,0,0
75,15,25,4,28,Y6099647,,,,0,30.0,0,0
75,15,25,4,29,Y6099648,,,,0,30.0,0,0
75,15,25,4,30,Y6099649,,,,0,30.0,0,0
75,15,25,5,10,Y6099650,,,,0,30.0,0,0
75,15,25,5,11,Y6099651,,,,0,30.0,0,0
75,15,25,5,12,Y6099652,,,,0,30.0,0,0
75,15,25,5,13,Y6099653,,,,0,30.0,0,0
75,15,25,5,14,Y6099654,,,,0,30.0,0,0
75,15,25,5,15,Y6099655,,,,0,30.0,0,0
75,15,25,5,16,Y6099656,,,,0,30.0,0,0
75,15,25,5,17,Y6099657,,,,0,30.0,0,0
75,15,25,5,18,Y6099658,,,,0,30.0,0,0
75,15,25,5,19,Y6099659,,,,0,30.0,0,0
75,15,25,5,20,Y6099660,,,,0,30.0,0,0
75,15,25,5,21,Y6099661,,,,0,30.0,0,0
75,15,25,5,22,Y6099662,,,,0,30.0,0,0
75,15,25,5,23,Y6099663,,,,0,30.0,0,0
75,15,25,5,24,Y6099664,,,,0,30.0,0,0
75,15,25,5,25,Y6099665,,,,0,30.0,0,0
75,15,25,5,26,Y6099666,,,,0,30.0,0,0
75,15,25,5,27,Y6099667,,,,0,30.0,0,0
75,15,25,5,28,Y6099668,,,,0,30.0,0,0
75,15,25,5,29,Y6099669,,,,0,30.0,0,0
75,15,25,5,30,Y6099670,,,,0,30.0,0,0
75,15,25,6,10,Y6099671,,,,0,30.0,0,0
75,15,25,6,11,Y6099672,,,,0,30.0,0,0
75,15,25,6,12,Y6099673,,,,0,30.0,0,0
75,15,25,6,13,Y6099674,,,,0,30.0,0,0
75,15,25,6,14,Y6099675,,,,0,30.0,0,0
75,15,25,6,15,Y6099676,,,,0,30.0,0,0
75,15,25,6,16,Y6099677,,,,0,30.0,0,0
75,15,25,6,17,Y6099678,,,,0,30.0,0,0
75,15,25,6,18,Y6099679,,,,0,30.0,0,0
75,15,25,6,19,Y6099680,,,,0,30.0,0,0
75,15,25,6,20,Y6099681,,,,0,30.0,0,0
75,15,25,6,21,Y6099682,,,,0,30.0,0,0
75,15,25,6,22,Y6099683,,,,0,30.0,0,0
75,15,25,6,23,Y6099684,,,,0,30.0,0,0
75,15,25,6,24,Y6099685,,,,0,30.0,0,0
75,15,25,6,25,Y6099686,,,,0,30.0,0,0
75,15,25,6,26,Y6099687,,,,0,30.0,0,0
75,15,25,6,27,Y6099688,,,,0,30.0,0,0
75,15,25,6,28,Y6099689,,,,0,30.0,0,0
75,15,25,6,29,Y6099690,,,,0,30.0,0,0
75,15,25,6,30,Y6099691,,,,0,30.0,0,0
75,15,25,7,10,Y6099692,,,,0,30.0,0,0
75,15,25,7,11,Y6099693,,,,0,30.0,0,0
75,15,25,7,12,Y6099694,,,,0,30.0,0,0
75,15,25,7,13,Y6099695,,,,0,30.0,0,0
75,15,25,7,14,Y6099696,,,,0,30.0,0,0
75,15,25,7,15,Y6099697,,,,0,30.0,0,0
75,15,25,7,16,Y6099698,,,,0,30.0,0,0
75,15,25,7,17,Y6099699,,,,0,30.0,0,0
75,15,25,7,18,Y6099700,,,,0,30.0,0,0
75,15,25,7,19,Y6099701,,,,0,30.0,0,0
75,15,25,7,20,Y6099702,,,,0,30.0,0,0
75,15,25,7,21,Y6099703,,,,0,30.0,0,0
75,15,25,7,22,Y6099704,,,,0,30.0,0,0
75,15,25,7,23,Y6099705,,,,0,30.0,0,0
75,15,25,7,24,Y6099706,,,,0,30.0,0,0
75,15,25,7,25,Y6099707,,,,0,30.0,0,0
75,15,25,7,26,Y6099708,,,,0,30.0,0,0
75,15,25,7,27,Y6099709,,,,0,30.0,0,0
75,15,25,7,28,Y6099710,,,,0,30.0,0,0
75,15,25,7,29,Y6099711,,,,0,30.0,0,0
75,15,25,7,30,Y6099712,,,,0,30.0,0,0
75,15,25,8,10,Y6099713,,,,0,30.0,0,0
75,15,25,8,11,Y6099714,,,,0,30.0,0,0
75,15,25,8,12,Y6099715,,,,0,30.0,0,0
75,15,25,8,13,Y6099716,,,,0,30.0,0,0
75,15,25,8,14,Y6099717,,,,0,30.0,0,0
75,15,25,8,15,Y6099718,,,,0,30.0,0,0
75,15,25,8,16,Y6099719,,,,0,30.0,0,0
75,15,25,8,17,Y6099720,,,,0,30.0,0,0
75,15,25,8,18,Y6099721,,,,0,30.0,0,0
75,15,25,8,19,Y6099722,,,,0,30.0,0,0
75,15,25,8,20,Y6099723,,,,0,30.0,0,0
75,15,25,8,21,Y6099724,,,,0,30.0,0,0
75,15,25,8,22,Y6099725,,,,0,30.0,0,0
75,15,25,8,23,Y6099726,,,,0,30.0,0,0
75,15,25,8,24,Y6099727,,,,0,30.0,0,0
75,15,25,8,25,Y6099728,,,,0,30.0,0,0
75,15,25,8,26,Y6099729,,,,0,30.0,0,0
75,15,25,8,27,Y6099730,,,,0,30.0,0,0
75,15,25,8,28,Y6099731,,,,0,30.0,0,0
75,15,25,8,29,Y6099732,,,,0,30.0,0,0
75,15,25,8,30,Y6099733,,,,0,30.0,0,0
75,15,25,9,10,Y6099734,,,,0,30.0,0,0
75,15,25,9,11,Y6099735,,,,0,30.0,0,0
75,15,25,9,12,Y6099736,,,,0,30.0,0,0
75,15,25,9,13,Y6099737,,,,0,30.0,0,0
75,15,25,9,14,Y6099738,,,,0,30.0,0,0
75,15,25,9,15,Y6099739,,,,0,30.0,0,0
75,15,25,9,16,Y6099740,,,,0,30.0,0,0
75,15,25,9,17,Y6099741,,,,0,30.0,0,0
75,15,25,9,18,Y6099742,,,,0,30.0,0,0
75,15,25,9,19,Y6099743,,,,0,30.0,0,0
75,15,25,9,20,Y6099744,,,,0,30.0,0,0
75,15,25,9,21,Y6099745,,,,0,30.0,0,0
75,15,25,9,22,Y6099746,,,,0,30.0,0,0
75,15,25,9,23,Y6099747,,,,0,30.0,0,0
75,15,25,9,24,Y6099748,,,,0,30.0,0,0
75,15,25,9,25,Y6099749,,,,0,30.0,0,0
75,15,25,9,26,Y6099750,,,,0,30.0,0,0
75,15,25,9,27,Y6099751,,,,0,30.0,0,0
75,15,25,9,28,Y6099752,,,,0,30.0,0,0
75,15,25,9,29,Y6099753,,,,0,30.0,0,0
75,15,25,9,30,Y6099754,,,,0,30.0,0,0
75,15,25,10,10,Y6099755,,,,0,30.0,0,0
75,15,25,10,11,Y6099756,,,,0,30.0,0,0
75,15,25,10,12,Y6099757,,,,0,30.0,0,0
75,15,25,10,13,Y6099758,,,,0,30.0,0,0
75,15,25,10,14,Y6099759,,,,0,30.0,0,0
75,15,25,10,15,Y6099760,,,,0,30.0,0,0
75,15,25,10,16,Y6099761,,,,0,30.0,0,0
75,15,25,10,17,Y6099762,,,,0,30.0,0,0
75,15,25,10,18,Y6099763,,,,0,30.0,0,0
75,15,25,10,19,Y6099764,,,,0,30.0,0,0
75,15,25,10,20,Y6099765,,,,0,30.0,0,0
75,15,25,10,21,Y6099766,,,,0,30.0,0,0
75,15,25,10,22,Y6099767,,,,0,30.0,0,0
75,15,25,10,23,Y6099768,,,,0,30.0,0,0
75,15,25,10,24,Y6099769,,,,0,30.0,0,0
75,15,25,10,25,Y6099770,,,,0,30.0,0,0
75,15,25,10,26,Y6099771,,,,0,30.0,0,0
75,15,25,10,27,Y6099772,,,,0,30.0,0,0
75,15,25,10,28,Y6099773,,,,0,30.0,0,0
75,15,25,10,29,Y6099774,,,,0,30.0,0,0
75,15,25,10,30,Y6099775,,,,0,30.0,0,0
75,15,25,11,10,Y6099776,,,,0,30.0,0,0
75,15,25,11,11,Y6099777,,,,0,30.0,0,0
75,15,25,11,12,Y6099778,,,,0,30.0,0,0
75,15,25,11,13,Y6099779,,,,0,30.0,0,0
75,15,25,11,14,Y6099780,,,,0,30.0,0,0
75,15,25,11,15,Y6099781,,,,0,30.0,0,0
75,15,25,11,16,Y6099782,,,,0,30.0,0,0
75,15,25,11,17,Y6099783,,,,0,30.0,0,0
75,15,25,11,18,Y6099784,,,,0,30.0,0,0
75,15,25,11,19,Y6099785,,,,0,30.0,0,0
75,15,25,11,20,Y6099786,,,,0,30.0,0,0
75,15,25,11,21,Y6099787,,,,0,30.0,0,0
75,15,25,11,22,Y6099788,,,,0,30.0,0,0
75,15,25,11,23,Y6099789,,,,0,30.0,0,0
75,15,25,11,24,Y6099790,,,,0,30.0,0,0
75,15,25,11,25,Y6099791,,,,0,30.0,0,0
75,15,25,11,26,Y6099792,,,,0,30.0,0,0
75,15,25,11,27,Y6099793,,,,0,30.0,0,0
75,15,25,11,28,Y6099794,,,,0,30.0,0,0
75,15,25,11,29,Y6099795,,,,0,30.0,0,0
75,15,25,11,30,Y6099796,,,,0,30.0,0,0
75,15,25,12,10,Y6099797,,,,0,30.0,0,0
75,15,25,12,11,Y6099798,,,,0,30.0,0,0
75,15,25,12,12,Y6099799,,,,0,30.0,0,0
75,15,25,12,13,Y6099800,,,,0,30.0,0,0
75,15,25,12,14,Y6099801,,,,0,30.0,0,0
75,15,25,12,15,Y6099802,,,,0,30.0,0,0
75,15,25,12,16,Y6099803,,,,0,30.0,0,0
75,15,25,12,17,Y6099804,,,,0,30.0,0,0
75,15,25,12,18,Y6099805,,,,0,30.0,0,0
75,15,25,12,19,Y6099806,,,,0,30.0,0,0
75,15,25,12,20,Y6099807,,,,0,30.0,0,0
75,15,25,12,21,Y6099808,,,,0,30.0,0,0
75,15,25,12,22,Y6099809,,,,0,30.0,0,0
75,15,25,12,23,Y6099810,,,,0,30.0,0,0
75,15,25,12,24,Y6099811,,,,0,30.0,0,0
75,15,25,12,25,Y6099812,,,,0,30.0,0,0
75,15,25,12,26,Y6099813,,,,0,30.0,0,0
75,15,25,12,27,Y6099814,,,,0,30.0,0,0
75,15,25,12,28,Y6099815,,,,0,30.0,0,0
75,15,25,12,29,Y6099816,,,,0,30.0,0,0
75,15,25,12,30,Y6099817,,,,0,30.0,0,0
75,15,26,1,10,Y6099818,,,,0,30.0,0,0
75,15,26,1,11,Y6099819,,,,0,30.0,0,0
75,15,26,1,12,Y6099820,,,,0,30.0,0,0
75,15,26,1,13,Y6099821,,,,0,30.0,0,0
75,15,26,1,14,Y6099822,,,,0,30.0,0,0
75,15,26,1,15,Y6099823,,,,0,30.0,0,0
75,15,26,1,16,Y6099824,,,,0,30.0,0,0
75,15,26,1,17,Y6099825,,,,0,30.0,0,0
75,15,26,1,18,Y6099826,,,,0,30.0,0,0
75,15,26,1,19,Y6099827,,,,0,30.0,0,0
75,15,26,1,20,Y6099828,,,,0,30.0,0,0
75,15,26,1,21,Y6099829,,,,0,30.0,0,0
75,15,26,1,22,Y6099830,,,,0,30.0,0,0
75,15,26,1,23,Y6099831,,,,0,30.0,0,0
75,15,26,1,24,Y6099832,,,,0,30.0,0,0
75,15,26,1,25,Y6099833,,,,0,30.0,0,0
75,15,26,1,26,Y6099834,,,,0,30.0,0,0
75,15,26,1,27,Y6099835,,,,0,30.0,0,0
75,15,26,1,28,Y6099836,,,,0,30.0,0,0
75,15,26,1,29,Y6099837,,,,0,30.0,0,0
75,15,26,1,30,Y6099838,,,,0,30.0,0,0
75,15,26,2,10,Y6099839,,,,0,30.0,0,0
75,15,26,2,11,Y6099840,,,,0,30.0,0,0
75,15,26,2,12,Y6099841,,,,0,30.0,0,0
75,15,26,2,13,Y6099842,,,,0,30.0,0,0
75,15,26,2,14,Y6099843,,,,0,30.0,0,0
75,15,26,2,15,Y6099844,,,,0,30.0,0,0
75,15,26,2,16,Y6099845,,,,0,30.0,0,0
75,15,26,2,17,Y6099846,,,,0,30.0,0,0
75,15,26,2,18,Y6099847,,,,0,30.0,0,0
75,15,26,2,19,Y6099848,,,,0,30.0,0,0
75,15,26,2,20,Y6099849,,,,0,30.0,0,0
75,15,26,2,21,Y6099850,,,,0,30.0,0,0
75,15,26,2,22,Y6099851,,,,0,30.0,0,0
75,15,26,2,23,Y6099852,,,,0,30.0,0,0
75,15,26,2,24,Y6099853,,,,0,30.0,0,0
75,15,26,2,25,Y6099854,,,,0,30.0,0,0
75,15,26,2,26,Y6099855,,,,0,30.0,0,0
75,15,26,2,27,Y6099856,,,,0,30.0,0,0
75,15,26,2,28,Y6099857,,,,0,30.0,0,0
75,15,26,2,29,Y6099858,,,,0,30.0,0,0
75,15,26,2,30,Y6099859,,,,0,30.0,0,0
75,15,26,3,10,Y6099860,,,,0,30.0,0,0
75,15,26,3,11,Y6099861,,,,0,30.0,0,0
75,15,26,3,12,Y6099862,,,,0,30.0,0,0
75,15,26,3,13,Y6099863,,,,0,30.0,0,0
75,15,26,3,14,Y6099864,,,,0,30.0,0,0
75,15,26,3,15,Y6099865,,,,0,30.0,0,0
75,15,26,3,16,Y6099866,,,,0,30.0,0,0
75,15,26,3,17,Y6099867,,,,0,30.0,0,0
75,15,26,3,18,Y6099868,,,,0,30.0,0,0
75,15,26,3,19,Y6099869,,,,0,30.0,0,0
75,15,26,3,20,Y6099870,,,,0,30.0,0,0
75,15,26,3,21,Y6099871,,,,0,30.0,0,0
75,15,26,3,22,Y6099872,,,,0,30.0,0,0
75,15,26,3,23,Y6099873,,,,0,30.0,0,0
75,15,26,3,24,Y6099874,,,,0,30.0,0,0
75,15,26,3,25,Y6099875,,,,0,30.0,0,0
75,15,26,3,26,Y6099876,,,,0,30.0,0,0
75,15,26,3,27,Y6099877,,,,0,30.0,0,0
75,15,26,3,28,Y6099878,,,,0,30.0,0,0
75,15,26,3,29,Y6099879,,,,0,30.0,0,0
75,15,26,3,30,Y6099880,,,,0,30.0,0,0
75,15,26,4,10,Y6099881,,,,0,30.0,0,0
75,15,26,4,11,Y6099882,,,,0,30.0,0,0
75,15,26,4,12,Y6099883,,,,0,30.0,0,0
75,15,26,4,13,Y6099884,,,,0,30.0,0,0
75,15,26,4,14,Y6099885,,,,0,30.0,0,0
75,15,26,4,15,Y6099886,,,,0,30.0,0,0
75,15,26,4,16,Y6099887,,,,0,30.0,0,0
75,15,26,4,17,Y6099888,,,,0,30.0,0,0
75,15,26,4,18,Y6099889,,,,0,30.0,0,0
75,15,26,4,19,Y6099890,,,,0,30.0,0,0
75,15,26,4,20,Y6099891,,,,0,30.0,0,0
75,15,26,4,21,Y6099892,,,,0,30.0,0,0
75,15,26,4,22,Y6099893,,,,0,30.0,0,0
75,15,26,4,23,Y6099894,,,,0,30.0,0,0
75,15,26,4,24,Y6099895,,,,0,30.0,0,0
75,15,26,4,25,Y6099896,,,,0,30.0,0,0
75,15,26,4,26,Y6099897,,,,0,30.0,0,0
75,15,26,4,27,Y6099898,,,,0,30.0,0,0
75,15,26,4,28,Y6099899,,,,0,30.0,0,0
75,15,26,4,29,Y6099900,,,,0,30.0,0,0
75,15,26,4,30,Y6099901,,,,0,30.0,0,0
75,15,26,5,10,Y6099902,,,,0,30.0,0,0
75,15,26,5,11,Y6099903,,,,0,30.0,0,0
75,15,26,5,12,Y6099904,,,,0,30.0,0,0
75,15,26,5,13,Y6099905,,,,0,30.0,0,0
75,15,26,5,14,Y6099906,,,,0,30.0,0,0
75,15,26,5,15,Y6099907,,,,0,30.0,0,0
75,15,26,5,16,Y6099908,,,,0,30.0,0,0
75,15,26,5,17,Y6099909,,,,0,30.0,0,0
75,15,26,5,18,Y6099910,,,,0,30.0,0,0
75,15,26,5,19,Y6099911,,,,0,30.0,0,0
75,15,26,5,20,Y6099912,,,,0,30.0,0,0
75,15,26,5,21,Y6099913,,,,0,30.0,0,0
75,15,26,5,22,Y6099914,,,,0,30.0,0,0
75,15,26,5,23,Y6099915,,,,0,30.0,0,0
75,15,26,5,24,Y6099916,,,,0,30.0,0,0
75,15,26,5,25,Y6099917,,,,0,30.0,0,0
75,15,26,5,26,Y6099918,,,,0,30.0,0,0
75,15,26,5,27,Y6099919,,,,0,30.0,0,0
75,15,26,5,28,Y6099920,,,,0,30.0,0,0
75,15,26,5,29,Y6099921,,,,0,30.0,0,0
75,15,26,5,30,Y6099922,,,,0,30.0,0,0
75,15,26,6,10,Y6099923,,,,0,30.0,0,0
75,15,26,6,11,Y6099924,,,,0,30.0,0,0
75,15,26,6,12,Y6099925,,,,0,30.0,0,0
75,15,26,6,13,Y6099926,,,,0,30.0,0,0
75,15,26,6,14,Y6099927,,,,0,30.0,0,0
75,15,26,6,15,Y6099928,,,,0,30.0,0,0
75,15,26,6,16,Y6099929,,,,0,30.0,0,0
75,15,26,6,17,Y6099930,,,,0,30.0,0,0
75,15,26,6,18,Y6099931,,,,0,30.0,0,0
75,15,26,6,19,Y6099932,,,,0,30.0,0,0
75,15,26,6,20,Y6099933,,,,0,30.0,0,0
75,15,26,6,21,Y6099934,,,,0,30.0,0,0
75,15,26,6,22,Y6099935,,,,0,30.0,0,0
75,15,26,6,23,Y6099936,,,,0,30.0,0,0
75,15,26,6,24,Y6099937,,,,0,30.0,0,0
75,15,26,6,25,Y6099938,,,,0,30.0,0,0
75,15,26,6,26,Y6099939,,,,0,30.0,0,0
75,15,26,6,27,Y6099940,,,,0,30.0,0,0
75,15,26,6,28,Y6099941,,,,0,30.0,0,0
75,15,26,6,29,Y6099942,,,,0,30.0,0,0
75,15,26,6,30,Y6099943,,,,0,30.0,0,0
75,15,26,7,10,Y6099944,,,,0,30.0,0,0
75,15,26,7,11,Y6099945,,,,0,30.0,0,0
75,15,26,7,12,Y6099946,,,,0,30.0,0,0
75,15,26,7,13,Y6099947,,,,0,30.0,0,0
75,15,26,7,14,Y6099948,,,,0,30.0,0,0
75,15,26,7,15,Y6099949,,,,0,30.0,0,0
75,15,26,7,16,Y6099950,,,,0,30.0,0,0
75,15,26,7,17,Y6099951,,,,0,30.0,0,0
75,15,26,7,18,Y6099952,,,,0,30.0,0,0
75,15,26,7,19,Y6099953,,,,0,30.0,0,0
75,15,26,7,20,Y6099954,,,,0,30.0,0,0
75,15,26,7,21,Y6099955,,,,0,30.0,0,0
75,15,26,7,22,Y6099956,,,,0,30.0,0,0
75,15,26,7,23,Y6099957,,,,0,30.0,0,0
75,15,26,7,24,Y6099958,,,,0,30.0,0,0
75,15,26,7,25,Y6099959,,,,0,30.0,0,0
75,15,26,7,26,Y6099960,,,,0,30.0,0,0
75,15,26,7,27,Y6099961,,,,0,30.0,0,0
75,15,26,7,28,Y6099962,,,,0,30.0,0,0
75,15,26,7,29,Y6099963,,,,0,30.0,0,0
75,15,26,7,30,Y6099964,,,,0,30.0,0,0
75,15,26,8,10,Y6099965,,,,0,30.0,0,0
75,15,26,8,11,Y6099966,,,,0,30.0,0,0
75,15,26,8,12,Y6099967,,,,0,30.0,0,0
75,15,26,8,13,Y6099968,,,,0,30.0,0,0
75,15,26,8,14,Y6099969,,,,0,30.0,0,0
75,15,26,8,15,Y6099970,,,,0,30.0,0,0
75,15,26,8,16,Y6099971,,,,0,30.0,0,0
75,15,26,8,17,Y6099972,,,,0,30.0,0,0
75,15,26,8,18,Y6099973,,,,0,30.0,0,0
75,15,26,8,19,Y6099974,,,,0,30.0,0,0
75,15,26,8,20,Y6099975,,,,0,30.0,0,0
75,15,26,8,21,Y6099976,,,,0,30.0,0,0
75,15,26,8,22,Y6099977,,,,0,30.0,0,0
75,15,26,8,23,Y6099978,,,,0,30.0,0,0
75,15,26,8,24,Y6099979,,,,0,30.0,0,0
75,15,26,8,25,Y6099980,,,,0,30.0,0,0
75,15,26,8,26,Y6099981,,,,0,30.0,0,0
75,15,26,8,27,Y6099982,,,,0,30.0,0,0
75,15,26,8,28,Y6099983,,,,0,30.0,0,0
75,15,26,8,29,Y6099984,,,,0,30.0,0,0
75,15,26,8,30,Y6099985,,,,0,30.0,0,0
75,15,26,9,10,Y6099986,,,,0,30.0,0,0
75,15,26,9,11,Y6099987,,,,0,30.0,0,0
75,15,26,9,12,Y6099988,,,,0,30.0,0,0
75,15,26,9,13,Y6099989,,,,0,30.0,0,0
75,15,26,9,14,Y6099990,,,,0,30.0,0,0
75,15,26,9,15,Y6099991,,,,0,30.0,0,0
75,15,26,9,16,Y6099992,,,,0,30.0,0,0
75,15,26,9,17,Y6099993,,,,0,30.0,0,0
75,15,26,9,18,Y6099994,,,,0,30.0,0,0
75,15,26,9,19,Y6099995,,,,0,30.0,0,0
75,15,26,9,20,Y6099996,,,,0,30.0,0,0
75,15,26,9,21,Y6099997,,,,0,30.0,0,0
75,15,26,9,22,Y6099998,,,,0,30.0,0,0
75,15,26,9,23,Y6099999,,,,0,30.0,0,0
75,15,26,9,24,Y6100000,,,,0,30.0,0,0
75,15,26,9,25,Y6100001,,,,0,30.0,0,0
75,15,26,9,26,Y6100002,,,,0,30.0,0,0
75,15,26,9,27,Y6100003,,,,0,30.0,0,0
75,15,26,9,28,Y6100004,,,,0,30.0,0,0
75,15,26,9,29,Y6100005,,,,0,30.0,0,0
75,15,26,9,30,Y6100006,,,,0,30.0,0,0
75,15,26,10,10,Y6100007,,,,0,30.0,0,0
75,15,26,10,11,Y6100008,,,,0,30.0,0,0
75,15,26,10,12,Y6100009,,,,0,30.0,0,0
75,15,26,10,13,Y6100010,,,,0,30.0,0,0
75,15,26,10,14,Y6100011,,,,0,30.0,0,0
75,15,26,10,15,Y6100012,,,,0,30.0,0,0
75,15,26,10,16,Y6100013,,,,0,30.0,0,0
75,15,26,10,17,Y6100014,,,,0,30.0,0,0
75,15,26,10,18,Y6100015,,,,0,30.0,0,0
75,15,26,10,19,Y6100016,,,,0,30.0,0,0
75,15,26,10,20,Y6100017,,,,0,30.0,0,0
75,15,26,10,21,Y6100018,,,,0,30.0,0,0
75,15,26,10,22,Y6100019,,,,0,30.0,0,0
75,15,26,10,23,Y6100020,,,,0,30.0,0,0
75,15,26,10,24,Y6100021,,,,0,30.0,0,0
75,15,26,10,25,Y6100022,,,,0,30.0,0,0
75,15,26,10,26,Y6100023,,,,0,30.0,0,0
75,15,26,10,27,Y6100024,,,,0,30.0,0,0
75,15,26,10,28,Y6100025,,,,0,30.0,0,0
75,15,26,10,29,Y6100026,,,,0,30.0,0,0
75,15,26,10,30,Y6100027,,,,0,30.0,0,0
75,15,26,11,10,Y6100028,,,,0,30.0,0,0
75,15,26,11,11,Y6100029,,,,0,30.0,0,0
75,15,26,11,12,Y6100030,,,,0,30.0,0,0
75,15,26,11,13,Y6100031,,,,0,30.0,0,0
75,15,26,11,14,Y6100032,,,,0,30.0,0,0
75,15,26,11,15,Y6100033,,,,0,30.0,0,0
75,15,26,11,16,Y6100034,,,,0,30.0,0,0
75,15,26,11,17,Y6100035,,,,0,30.0,0,0
75,15,26,11,18,Y6100036,,,,0,30.0,0,0
75,15,26,11,19,Y6100037,,,,0,30.0,0,0
75,15,26,11,20,Y6100038,,,,0,30.0,0,0
75,15,26,11,21,Y6100039,,,,0,30.0,0,0
75,15,26,11,22,Y6100040,,,,0,30.0,0,0
75,15,26,11,23,Y6100041,,,,0,30.0,0,0
75,15,26,11,24,Y6100042,,,,0,30.0,0,0
75,15,26,11,25,Y6100043,,,,0,30.0,0,0
75,15,26,11,26,Y6100044,,,,0,30.0,0,0
75,15,26,11,27,Y6100045,,,,0,30.0,0,0
75,15,26,11,28,Y6100046,,,,0,30.0,0,0
75,15,26,11,29,Y6100047,,,,0,30.0,0,0
75,15,26,11,30,Y6100048,,,,0,30.0,0,0
75,15,26,12,10,Y6100049,,,,0,30.0,0,0
75,15,26,12,11,Y6100050,,,,0,30.0,0,0
75,15,26,12,12,Y6100051,,,,0,30.0,0,0
75,15,26,12,13,Y6100052,,,,0,30.0,0,0
75,15,26,12,14,Y6100053,,,,0,30.0,0,0
75,15,26,12,15,Y6100054,,,,0,30.0,0,0
75,15,26,12,16,Y6100055,,,,0,30.0,0,0
75,15,26,12,17,Y6100056,,,,0,30.0,0,0
75,15,26,12,18,Y6100057,,,,0,30.0,0,0
75,15,26,12,19,Y6100058,,,,0,30.0,0,0
75,15,26,12,20,Y6100059,,,,0,30.0,0,0
75,15,26,12,21,Y6100060,,,,0,30.0,0,0
75,15,26,12,22,Y6100061,,,,0,30.0,0,0
75,15,26,12,23,Y6100062,,,,0,30.0,0,0
75,15,26,12,24,Y6100063,,,,0,30.0,0,0
75,15,26,12,25,Y6100064,,,,0,30.0,0,0
75,15,26,12,26,Y6100065,,,,0,30.0,0,0
75,15,26,12,27,Y6100066,,,,0,30.0,0,0
75,15,26,12,28,Y6100067,,,,0,30.0,0,0
75,15,26,12,29,Y6100068,,,,0,30.0,0,0
75,15,26,12,30,Y6100069,,,,0,30.0,0,0
75,15,27,1,10,Y6100070,,,,0,30.0,0,0
75,15,27,1,11,Y6100071,,,,0,30.0,0,0
75,15,27,1,12,Y6100072,,,,0,30.0,0,0
75,15,27,1,13,Y6100073,,,,0,30.0,0,0
75,15,27,1,14,Y6100074,,,,0,30.0,0,0
75,15,27,1,15,Y6100075,,,,0,30.0,0,0
75,15,27,1,16,Y6100076,,,,0,30.0,0,0
75,15,27,1,17,Y6100077,,,,0,30.0,0,0
75,15,27,1,18,Y6100078,,,,0,30.0,0,0
75,15,27,1,19,Y6100079,,,,0,30.0,0,0
75,15,27,1,20,Y6100080,,,,0,30.0,0,0
75,15,27,1,21,Y6100081,,,,0,30.0,0,0
75,15,27,1,22,Y6100082,,,,0,30.0,0,0
75,15,27,1,23,Y6100083,,,,0,30.0,0,0
75,15,27,1,24,Y6100084,,,,0,30.0,0,0
75,15,27,1,25,Y6100085,,,,0,30.0,0,0
75,15,27,1,26,Y6100086,,,,0,30.0,0,0
75,15,27,1,27,Y6100087,,,,0,30.0,0,0
75,15,27,1,28,Y6100088,,,,0,30.0,0,0
75,15,27,1,29,Y6100089,,,,0,30.0,0,0
75,15,27,1,30,Y6100090,,,,0,30.0,0,0
75,15,27,2,10,Y6100091,,,,0,30.0,0,0
75,15,27,2,11,Y6100092,,,,0,30.0,0,0
75,15,27,2,12,Y6100093,,,,0,30.0,0,0
75,15,27,2,13,Y6100094,,,,0,30.0,0,0
75,15,27,2,14,Y6100095,,,,0,30.0,0,0
75,15,27,2,15,Y6100096,,,,0,30.0,0,0
75,15,27,2,16,Y6100097,,,,0,30.0,0,0
75,15,27,2,17,Y6100098,,,,0,30.0,0,0
75,15,27,2,18,Y6100099,,,,0,30.0,0,0
75,15,27,2,19,Y6100100,,,,0,30.0,0,0
75,15,27,2,20,Y6100101,,,,0,30.0,0,0
75,15,27,2,21,Y6100102,,,,0,30.0,0,0
75,15,27,2,22,Y6100103,,,,0,30.0,0,0
75,15,27,2,23,Y6100104,,,,0,30.0,0,0
75,15,27,2,24,Y6100105,,,,0,30.0,0,0
75,15,27,2,25,Y6100106,,,,0,30.0,0,0
75,15,27,2,26,Y6100107,,,,0,30.0,0,0
75,15,27,2,27,Y6100108,,,,0,30.0,0,0
75,15,27,2,28,Y6100109,,,,0,30.0,0,0
75,15,27,2,29,Y6100110,,,,0,30.0,0,0
75,15,27,2,30,Y6100111,,,,0,30.0,0,0
75,15,27,3,10,Y6100112,,,,0,30.0,0,0
75,15,27,3,11,Y6100113,,,,0,30.0,0,0
75,15,27,3,12,Y6100114,,,,0,30.0,0,0
75,15,27,3,13,Y6100115,,,,0,30.0,0,0
75,15,27,3,14,Y6100116,,,,0,30.0,0,0
75,15,27,3,15,Y6100117,,,,0,30.0,0,0
75,15,27,3,16,Y6100118,,,,0,30.0,0,0
75,15,27,3,17,Y6100119,,,,0,30.0,0,0
75,15,27,3,18,Y6100120,,,,0,30.0,0,0
75,15,27,3,19,Y6100121,,,,0,30.0,0,0
75,15,27,3,20,Y6100122,,,,0,30.0,0,0
75,15,27,3,21,Y6100123,,,,0,30.0,0,0
75,15,27,3,22,Y6100124,,,,0,30.0,0,0
75,15,27,3,23,Y6100125,,,,0,30.0,0,0
75,15,27,3,24,Y6100126,,,,0,30.0,0,0
75,15,27,3,25,Y6100127,,,,0,30.0,0,0
75,15,27,3,26,Y6100128,,,,0,30.0,0,0
75,15,27,3,27,Y6100129,,,,0,30.0,0,0
75,15,27,3,28,Y6100130,,,,0,30.0,0,0
75,15,27,3,29,Y6100131,,,,0,30.0,0,0
75,15,27,3,30,Y6100132,,,,0,30.0,0,0
75,15,27,4,10,Y6100133,,,,0,30.0,0,0
75,15,27,4,11,Y6100134,,,,0,30.0,0,0
75,15,27,4,12,Y6100135,,,,0,30.0,0,0
75,15,27,4,13,Y6100136,,,,0,30.0,0,0
75,15,27,4,14,Y6100137,,,,0,30.0,0,0
75,15,27,4,15,Y6100138,,,,0,30.0,0,0
75,15,27,4,16,Y6100139,,,,0,30.0,0,0
75,15,27,4,17,Y6100140,,,,0,30.0,0,0
75,15,27,4,18,Y6100141,,,,0,30.0,0,0
75,15,27,4,19,Y6100142,,,,0,30.0,0,0
75,15,27,4,20,Y6100143,,,,0,30.0,0,0
75,15,27,4,21,Y6100144,,,,0,30.0,0,0
75,15,27,4,22,Y6100145,,,,0,30.0,0,0
75,15,27,4,23,Y6100146,,,,0,30.0,0,0
75,15,27,4,24,Y6100147,,,,0,30.0,0,0
75,15,27,4,25,Y6100148,,,,0,30.0,0,0
75,15,27,4,26,Y6100149,,,,0,30.0,0,0
75,15,27,4,27,Y6100150,,,,0,30.0,0,0
75,15,27,4,28,Y6100151,,,,0,30.0,0,0
75,15,27,4,29,Y6100152,,,,0,30.0,0,0
75,15,27,4,30,Y6100153,,,,0,30.0,0,0
75,15,27,5,10,Y6100154,,,,0,30.0,0,0
75,15,27,5,11,Y6100155,,,,0,30.0,0,0
75,15,27,5,12,Y6100156,,,,0,30.0,0,0
75,15,27,5,13,Y6100157,,,,0,30.0,0,0
75,15,27,5,14,Y6100158,,,,0,30.0,0,0
75,15,27,5,15,Y6100159,,,,0,30.0,0,0
75,15,27,5,16,Y6100160,,,,0,30.0,0,0
75,15,27,5,17,Y6100161,,,,0,30.0,0,0
75,15,27,5,18,Y6100162,,,,0,30.0,0,0
75,15,27,5,19,Y6100163,,,,0,30.0,0,0
75,15,27,5,20,Y6100164,,,,0,30.0,0,0
75,15,27,5,21,Y6100165,,,,0,30.0,0,0
75,15,27,5,22,Y6100166,,,,0,30.0,0,0
75,15,27,5,23,Y6100167,,,,0,30.0,0,0
75,15,27,5,24,Y6100168,,,,0,30.0,0,0
75,15,27,5,25,Y6100169,,,,0,30.0,0,0
75,15,27,5,26,Y6100170,,,,0,30.0,0,0
75,15,27,5,27,Y6100171,,,,0,30.0,0,0
75,15,27,5,28,Y6100172,,,,0,30.0,0,0
75,15,27,5,29,Y6100173,,,,0,30.0,0,0
75,15,27,5,30,Y6100174,,,,0,30.0,0,0
75,15,27,6,10,Y6100175,,,,0,30.0,0,0
75,15,27,6,11,Y6100176,,,,0,30.0,0,0
75,15,27,6,12,Y6100177,,,,0,30.0,0,0
75,15,27,6,13,Y6100178,,,,0,30.0,0,0
75,15,27,6,14,Y6100179,,,,0,30.0,0,0
75,15,27,6,15,Y6100180,,,,0,30.0,0,0
75,15,27,6,16,Y6100181,,,,0,30.0,0,0
75,15,27,6,17,Y6100182,,,,0,30.0,0,0
75,15,27,6,18,Y6100183,,,,0,30.0,0,0
75,15,27,6,19,Y6100184,,,,0,30.0,0,0
75,15,27,6,20,Y6100185,,,,0,30.0,0,0
75,15,27,6,21,Y6100186,,,,0,30.0,0,0
75,15,27,6,22,Y6100187,,,,0,30.0,0,0
75,15,27,6,23,Y6100188,,,,0,30.0,0,0
75,15,27,6,24,Y6100189,,,,0,30.0,0,0
75,15,27,6,25,Y6100190,,,,0,30.0,0,0
75,15,27,6,26,Y6100191,,,,0,30.0,0,0
75,15,27,6,27,Y6100192,,,,0,30.0,0,0
75,15,27,6,28,Y6100193,,,,0,30.0,0,0
75,15,27,6,29,Y6100194,,,,0,30.0,0,0
75,15,27,6,30,Y6100195,,,,0,30.0,0,0
75,15,27,7,10,Y6100196,,,,0,30.0,0,0
75,15,27,7,11,Y6100197,,,,0,30.0,0,0
75,15,27,7,12,Y6100198,,,,0,30.0,0,0
75,15,27,7,13,Y6100199,,,,0,30.0,0,0
75,15,27,7,14,Y6100200,,,,0,30.0,0,0
75,15,27,7,15,Y6100201,,,,0,30.0,0,0
75,15,27,7,16,Y6100202,,,,0,30.0,0,0
75,15,27,7,17,Y6100203,,,,0,30.0,0,0
75,15,27,7,18,Y6100204,,,,0,30.0,0,0
75,15,27,7,19,Y6100205,,,,0,30.0,0,0
75,15,27,7,20,Y6100206,,,,0,30.0,0,0
75,15,27,7,21,Y6100207,,,,0,30.0,0,0
75,15,27,7,22,Y6100208,,,,0,30.0,0,0
75,15,27,7,23,Y6100209,,,,0,30.0,0,0
75,15,27,7,24,Y6100210,,,,0,30.0,0,0
75,15,27,7,25,Y6100211,,,,0,30.0,0,0
75,15,27,7,26,Y6100212,,,,0,30.0,0,0
75,15,27,7,27,Y6100213,,,,0,30.0,0,0
75,15,27,7,28,Y6100214,,,,0,30.0,0,0
75,15,27,7,29,Y6100215,,,,0,30.0,0,0
75,15,27,7,30,Y6100216,,,,0,30.0,0,0
75,15,27,8,10,Y6100217,,,,0,30.0,0,0
75,15,27,8,11,Y6100218,,,,0,30.0,0,0
75,15,27,8,12,Y6100219,,,,0,30.0,0,0
75,15,27,8,13,Y6100220,,,,0,30.0,0,0
75,15,27,8,14,Y6100221,,,,0,30.0,0,0
75,15,27,8,15,Y6100222,,,,0,30.0,0,0
75,15,27,8,16,Y6100223,,,,0,30.0,0,0
75,15,27,8,17,Y6100224,,,,0,30.0,0,0
75,15,27,8,18,Y6100225,,,,0,30.0,0,0
75,15,27,8,19,Y6100226,,,,0,30.0,0,0
75,15,27,8,20,Y6100227,,,,0,30.0,0,0
75,15,27,8,21,Y6100228,,,,0,30.0,0,0
75,15,27,8,22,Y6100229,,,,0,30.0,0,0
75,15,27,8,23,Y6100230,,,,0,30.0,0,0
75,15,27,8,24,Y6100231,,,,0,30.0,0,0
75,15,27,8,25,Y6100232,,,,0,30.0,0,0
75,15,27,8,26,Y6100233,,,,0,30.0,0,0
75,15,27,8,27,Y6100234,,,,0,30.0,0,0
75,15,27,8,28,Y6100235,,,,0,30.0,0,0
75,15,27,8,29,Y6100236,,,,0,30.0,0,0
75,15,27,8,30,Y6100237,,,,0,30.0,0,0
75,15,27,9,10,Y6100238,,,,0,30.0,0,0
75,15,27,9,11,Y6100239,,,,0,30.0,0,0
75,15,27,9,12,Y6100240,,,,0,30.0,0,0
75,15,27,9,13,Y6100241,,,,0,30.0,0,0
75,15,27,9,14,Y6100242,,,,0,30.0,0,0
75,15,27,9,15,Y6100243,,,,0,30.0,0,0
75,15,27,9,16,Y6100244,,,,0,30.0,0,0
75,15,27,9,17,Y6100245,,,,0,30.0,0,0
75,15,27,9,18,Y6100246,,,,0,30.0,0,0
75,15,27,9,19,Y6100247,,,,0,30.0,0,0
75,15,27,9,20,Y6100248,,,,0,30.0,0,0
75,15,27,9,21,Y6100249,,,,0,30.0,0,0
75,15,27,9,22,Y6100250,,,,0,30.0,0,0
75,15,27,9,23,Y6100251,,,,0,30.0,0,0
75,15,27,9,24,Y6100252,,,,0,30.0,0,0
75,15,27,9,25,Y6100253,,,,0,30.0,0,0
75,15,27,9,26,Y6100254,,,,0,30.0,0,0
75,15,27,9,27,Y6100255,,,,0,30.0,0,0
75,15,27,9,28,Y6100256,,,,0,30.0,0,0
75,15,27,9,29,Y6100257,,,,0,30.0,0,0
75,15,27,9,30,Y6100258,,,,0,30.0,0,0
75,15,27,10,10,Y6100259,,,,0,30.0,0,0
75,15,27,10,11,Y6100260,,,,0,30.0,0,0
75,15,27,10,12,Y6100261,,,,0,30.0,0,0
75,15,27,10,13,Y6100262,,,,0,30.0,0,0
75,15,27,10,14,Y6100263,,,,0,30.0,0,0
75,15,27,10,15,Y6100264,,,,0,30.0,0,0
75,15,27,10,16,Y6100265,,,,0,30.0,0,0
75,15,27,10,17,Y6100266,,,,0,30.0,0,0
75,15,27,10,18,Y6100267,,,,0,30.0,0,0
75,15,27,10,19,Y6100268,,,,0,30.0,0,0
75,15,27,10,20,Y6100269,,,,0,30.0,0,0
75,15,27,10,21,Y6100270,,,,0,30.0,0,0
75,15,27,10,22,Y6100271,,,,0,30.0,0,0
75,15,27,10,23,Y6100272,,,,0,30.0,0,0
75,15,27,10,24,Y6100273,,,,0,30.0,0,0
75,15,27,10,25,Y6100274,,,,0,30.0,0,0
75,15,27,10,26,Y6100275,,,,0,30.0,0,0
75,15,27,10,27,Y6100276,,,,0,30.0,0,0
75,15,27,10,28,Y6100277,,,,0,30.0,0,0
75,15,27,10,29,Y6100278,,,,0,30.0,0,0
75,15,27,10,30,Y6100279,,,,0,30.0,0,0
75,15,27,11,10,Y6100280,,,,0,30.0,0,0
75,15,27,11,11,Y6100281,,,,0,30.0,0,0
75,15,27,11,12,Y6100282,,,,0,30.0,0,0
75,15,27,11,13,Y6100283,,,,0,30.0,0,0
75,15,27,11,14,Y6100284,,,,0,30.0,0,0
75,15,27,11,15,Y6100285,,,,0,30.0,0,0
75,15,27,11,16,Y6100286,,,,0,30.0,0,0
75,15,27,11,17,Y6100287,,,,0,30.0,0,0
75,15,27,11,18,Y6100288,,,,0,30.0,0,0
75,15,27,11,19,Y6100289,,,,0,30.0,0,0
75,15,27,11,20,Y6100290,,,,0,30.0,0,0
75,15,27,11,21,Y6100291,,,,0,30.0,0,0
75,15,27,11,22,Y6100292,,,,0,30.0,0,0
75,15,27,11,23,Y6100293,,,,0,30.0,0,0
75,15,27,11,24,Y6100294,,,,0,30.0,0,0
75,15,27,11,25,Y6100295,,,,0,30.0,0,0
75,15,27,11,26,Y6100296,,,,0,30.0,0,0
75,15,27,11,27,Y6100297,,,,0,30.0,0,0
75,15,27,11,28,Y6100298,,,,0,30.0,0,0
75,15,27,11,29,Y6100299,,,,0,30.0,0,0
75,15,27,11,30,Y6100300,,,,0,30.0,0,0
75,15,27,12,10,Y6100301,,,,0,30.0,0,0
75,15,27,12,11,Y6100302,,,,0,30.0,0,0
75,15,27,12,12,Y6100303,,,,0,30.0,0,0
75,15,27,12,13,Y6100304,,,,0,30.0,0,0
75,15,27,12,14,Y6100305,,,,0,30.0,0,0
75,15,27,12,15,Y6100306,,,,0,30.0,0,0
75,15,27,12,16,Y6100307,,,,0,30.0,0,0
75,15,27,12,17,Y6100308,,,,0,30.0,0,0
75,15,27,12,18,Y6100309,,,,0,30.0,0,0
75,15,27,12,19,Y6100310,,,,0,30.0,0,0
75,15,27,12,20,Y6100311,,,,0,30.0,0,0
75,15,27,12,21,Y6100312,,,,0,30.0,0,0
75,15,27,12,22,Y6100313,,,,0,30.0,0,0
75,15,27,12,23,Y6100314,,,,0,30.0,0,0
75,15,27,12,24,Y6100315,,,,0,30.0,0,0
75,15,27,12,25,Y6100316,,,,0,30.0,0,0
75,15,27,12,26,Y6100317,,,,0,30.0,0,0
75,15,27,12,27,Y6100318,,,,0,30.0,0,0
75,15,27,12,28,Y6100319,,,,0,30.0,0,0
75,15,27,12,29,Y6100320,,,,0,30.0,0,0
75,15,27,12,30,Y6100321,,,,0,30.0,0,0
75,15,28,1,10,Y6100322,,,,0,30.0,0,0
75,15,28,1,11,Y6100323,,,,0,30.0,0,0
75,15,28,1,12,Y6100324,,,,0,30.0,0,0
75,15,28,1,13,Y6100325,,,,0,30.0,0,0
75,15,28,1,14,Y6100326,,,,0,30.0,0,0
75,15,28,1,15,Y6100327,,,,0,30.0,0,0
75,15,28,1,16,Y6100328,,,,0,30.0,0,0
75,15,28,1,17,Y6100329,,,,0,30.0,0,0
75,15,28,1,18,Y6100330,,,,0,30.0,0,0
75,15,28,1,19,Y6100331,,,,0,30.0,0,0
75,15,28,1,20,Y6100332,,,,0,30.0,0,0
75,15,28,1,21,Y6100333,,,,0,30.0,0,0
75,15,28,1,22,Y6100334,,,,0,30.0,0,0
75,15,28,1,23,Y6100335,,,,0,30.0,0,0
75,15,28,1,24,Y6100336,,,,0,30.0,0,0
75,15,28,1,25,Y6100337,,,,0,30.0,0,0
75,15,28,1,26,Y6100338,,,,0,30.0,0,0
75,15,28,1,27,Y6100339,,,,0,30.0,0,0
75,15,28,1,28,Y6100340,,,,0,30.0,0,0
75,15,28,1,29,Y6100341,,,,0,30.0,0,0
75,15,28,1,30,Y6100342,,,,0,30.0,0,0
75,15,28,2,10,Y6100343,,,,0,30.0,0,0
75,15,28,2,11,Y6100344,,,,0,30.0,0,0
75,15,28,2,12,Y6100345,,,,0,30.0,0,0
75,15,28,2,13,Y6100346,,,,0,30.0,0,0
75,15,28,2,14,Y6100347,,,,0,30.0,0,0
75,15,28,2,15,Y6100348,,,,0,30.0,0,0
75,15,28,2,16,Y6100349,,,,0,30.0,0,0
75,15,28,2,17,Y6100350,,,,0,30.0,0,0
75,15,28,2,18,Y6100351,,,,0,30.0,0,0
75,15,28,2,19,Y6100352,,,,0,30.0,0,0
75,15,28,2,20,Y6100353,,,,0,30.0,0,0
75,15,28,2,21,Y6100354,,,,0,30.0,0,0
75,15,28,2,22,Y6100355,,,,0,30.0,0,0
75,15,28,2,23,Y6100356,,,,0,30.0,0,0
75,15,28,2,24,Y6100357,,,,0,30.0,0,0
75,15,28,2,25,Y6100358,,,,0,30.0,0,0
75,15,28,2,26,Y6100359,,,,0,30.0,0,0
75,15,28,2,27,Y6100360,,,,0,30.0,0,0
75,15,28,2,28,Y6100361,,,,0,30.0,0,0
75,15,28,2,29,Y6100362,,,,0,30.0,0,0
75,15,28,2,30,Y6100363,,,,0,30.0,0,0
75,15,28,3,10,Y6100364,,,,0,30.0,0,0
75,15,28,3,11,Y6100365,,,,0,30.0,0,0
75,15,28,3,12,Y6100366,,,,0,30.0,0,0
75,15,28,3,13,Y6100367,,,,0,30.0,0,0
75,15,28,3,14,Y6100368,,,,0,30.0,0,0
75,15,28,3,15,Y6100369,,,,0,30.0,0,0
75,15,28,3,16,Y6100370,,,,0,30.0,0,0
75,15,28,3,17,Y6100371,,,,0,30.0,0,0
75,15,28,3,18,Y6100372,,,,0,30.0,0,0
75,15,28,3,19,Y6100373,,,,0,30.0,0,0
75,15,28,3,20,Y6100374,,,,0,30.0,0,0
75,15,28,3,21,Y6100375,,,,0,30.0,0,0
75,15,28,3,22,Y6100376,,,,0,30.0,0,0
75,15,28,3,23,Y6100377,,,,0,30.0,0,0
75,15,28,3,24,Y6100378,,,,0,30.0,0,0
75,15,28,3,25,Y6100379,,,,0,30.0,0,0
75,15,28,3,26,Y6100380,,,,0,30.0,0,0
75,15,28,3,27,Y6100381,,,,0,30.0,0,0
75,15,28,3,28,Y6100382,,,,0,30.0,0,0
75,15,28,3,29,Y6100383,,,,0,30.0,0,0
75,15,28,3,30,Y6100384,,,,0,30.0,0,0
75,15,28,4,10,Y6100385,,,,0,30.0,0,0
75,15,28,4,11,Y6100386,,,,0,30.0,0,0
75,15,28,4,12,Y6100387,,,,0,30.0,0,0
75,15,28,4,13,Y6100388,,,,0,30.0,0,0
75,15,28,4,14,Y6100389,,,,0,30.0,0,0
75,15,28,4,15,Y6100390,,,,0,30.0,0,0
75,15,28,4,16,Y6100391,,,,0,30.0,0,0
75,15,28,4,17,Y6100392,,,,0,30.0,0,0
75,15,28,4,18,Y6100393,,,,0,30.0,0,0
75,15,28,4,19,Y6100394,,,,0,30.0,0,0
75,15,28,4,20,Y6100395,,,,0,30.0,0,0
75,15,28,4,21,Y6100396,,,,0,30.0,0,0
75,15,28,4,22,Y6100397,,,,0,30.0,0,0
75,15,28,4,23,Y6100398,,,,0,30.0,0,0
75,15,28,4,24,Y6100399,,,,0,30.0,0,0
75,15,28,4,25,Y6100400,,,,0,30.0,0,0
75,15,28,4,26,Y6100401,,,,0,30.0,0,0
75,15,28,4,27,Y6100402,,,,0,30.0,0,0
75,15,28,4,28,Y6100403,,,,0,30.0,0,0
75,15,28,4,29,Y6100404,,,,0,30.0,0,0
75,15,28,4,30,Y6100405,,,,0,30.0,0,0
75,15,28,5,10,Y6100406,,,,0,30.0,0,0
75,15,28,5,11,Y6100407,,,,0,30.0,0,0
75,15,28,5,12,Y6100408,,,,0,30.0,0,0
75,15,28,5,13,Y6100409,,,,0,30.0,0,0
75,15,28,5,14,Y6100410,,,,0,30.0,0,0
75,15,28,5,15,Y6100411,,,,0,30.0,0,0
75,15,28,5,16,Y6100412,,,,0,30.0,0,0
75,15,28,5,17,Y6100413,,,,0,30.0,0,0
75,15,28,5,18,Y6100414,,,,0,30.0,0,0
75,15,28,5,19,Y6100415,,,,0,30.0,0,0
75,15,28,5,20,Y6100416,,,,0,30.0,0,0
75,15,28,5,21,Y6100417,,,,0,30.0,0,0
75,15,28,5,22,Y6100418,,,,0,30.0,0,0
75,15,28,5,23,Y6100419,,,,0,30.0,0,0
75,15,28,5,24,Y6100420,,,,0,30.0,0,0
75,15,28,5,25,Y6100421,,,,0,30.0,0,0
75,15,28,5,26,Y6100422,,,,0,30.0,0,0
75,15,28,5,27,Y6100423,,,,0,30.0,0,0
75,15,28,5,28,Y6100424,,,,0,30.0,0,0
75,15,28,5,29,Y6100425,,,,0,30.0,0,0
75,15,28,5,30,Y6100426,,,,0,30.0,0,0
75,15,28,6,10,Y6100427,,,,0,30.0,0,0
75,15,28,6,11,Y6100428,,,,0,30.0,0,0
75,15,28,6,12,Y6100429,,,,0,30.0,0,0
75,15,28,6,13,Y6100430,,,,0,30.0,0,0
75,15,28,6,14,Y6100431,,,,0,30.0,0,0
75,15,28,6,15,Y6100432,,,,0,30.0,0,0
75,15,28,6,16,Y6100433,,,,0,30.0,0,0
75,15,28,6,17,Y6100434,,,,0,30.0,0,0
75,15,28,6,18,Y6100435,,,,0,30.0,0,0
75,15,28,6,19,Y6100436,,,,0,30.0,0,0
75,15,28,6,20,Y6100437,,,,0,30.0,0,0
75,15,28,6,21,Y6100438,,,,0,30.0,0,0
75,15,28,6,22,Y6100439,,,,0,30.0,0,0
75,15,28,6,23,Y6100440,,,,0,30.0,0,0
75,15,28,6,24,Y6100441,,,,0,30.0,0,0
75,15,28,6,25,Y6100442,,,,0,30.0,0,0
75,15,28,6,26,Y6100443,,,,0,30.0,0,0
75,15,28,6,27,Y6100444,,,,0,30.0,0,0
75,15,28,6,28,Y6100445,,,,0,30.0,0,0
75,15,28,6,29,Y6100446,,,,0,30.0,0,0
75,15,28,6,30,Y6100447,,,,0,30.0,0,0
75,15,28,7,10,Y6100448,,,,0,30.0,0,0
75,15,28,7,11,Y6100449,,,,0,30.0,0,0
75,15,28,7,12,Y6100450,,,,0,30.0,0,0
75,15,28,7,13,Y6100451,,,,0,30.0,0,0
75,15,28,7,14,Y6100452,,,,0,30.0,0,0
75,15,28,7,15,Y6100453,,,,0,30.0,0,0
75,15,28,7,16,Y6100454,,,,0,30.0,0,0
75,15,28,7,17,Y6100455,,,,0,30.0,0,0
75,15,28,7,18,Y6100456,,,,0,30.0,0,0
75,15,28,7,19,Y6100457,,,,0,30.0,0,0
75,15,28,7,20,Y6100458,,,,0,30.0,0,0
75,15,28,7,21,Y6100459,,,,0,30.0,0,0
75,15,28,7,22,Y6100460,,,,0,30.0,0,0
75,15,28,7,23,Y6100461,,,,0,30.0,0,0
75,15,28,7,24,Y6100462,,,,0,30.0,0,0
75,15,28,7,25,Y6100463,,,,0,30.0,0,0
75,15,28,7,26,Y6100464,,,,0,30.0,0,0
75,15,28,7,27,Y6100465,,,,0,30.0,0,0
75,15,28,7,28,Y6100466,,,,0,30.0,0,0
75,15,28,7,29,Y6100467,,,,0,30.0,0,0
75,15,28,7,30,Y6100468,,,,0,30.0,0,0
75,15,28,8,10,Y6100469,,,,0,30.0,0,0
75,15,28,8,11,Y6100470,,,,0,30.0,0,0
75,15,28,8,12,Y6100471,,,,0,30.0,0,0
75,15,28,8,13,Y6100472,,,,0,30.0,0,0
75,15,28,8,14,Y6100473,,,,0,30.0,0,0
75,15,28,8,15,Y6100474,,,,0,30.0,0,0
75,15,28,8,16,Y6100475,,,,0,30.0,0,0
75,15,28,8,17,Y6100476,,,,0,30.0,0,0
75,15,28,8,18,Y6100477,,,,0,30.0,0,0
75,15,28,8,19,Y6100478,,,,0,30.0,0,0
75,15,28,8,20,Y6100479,,,,0,30.0,0,0
75,15,28,8,21,Y6100480,,,,0,30.0,0,0
75,15,28,8,22,Y6100481,,,,0,30.0,0,0
75,15,28,8,23,Y6100482,,,,0,30.0,0,0
75,15,28,8,24,Y6100483,,,,0,30.0,0,0
75,15,28,8,25,Y6100484,,,,0,30.0,0,0
75,15,28,8,26,Y6100485,,,,0,30.0,0,0
75,15,28,8,27,Y6100486,,,,0,30.0,0,0
75,15,28,8,28,Y6100487,,,,0,30.0,0,0
75,15,28,8,29,Y6100488,,,,0,30.0,0,0
75,15,28,8,30,Y6100489,,,,0,30.0,0,0
75,15,28,9,10,Y6100490,,,,0,30.0,0,0
75,15,28,9,11,Y6100491,,,,0,30.0,0,0
75,15,28,9,12,Y6100492,,,,0,30.0,0,0
75,15,28,9,13,Y6100493,,,,0,30.0,0,0
75,15,28,9,14,Y6100494,,,,0,30.0,0,0
75,15,28,9,15,Y6100495,,,,0,30.0,0,0
75,15,28,9,16,Y6100496,,,,0,30.0,0,0
75,15,28,9,17,Y6100497,,,,0,30.0,0,0
75,15,28,9,18,Y6100498,,,,0,30.0,0,0
75,15,28,9,19,Y6100499,,,,0,30.0,0,0
75,15,28,9,20,Y6100500,,,,0,30.0,0,0
75,15,28,9,21,Y6100501,,,,0,30.0,0,0
75,15,28,9,22,Y6100502,,,,0,30.0,0,0
75,15,28,9,23,Y6100503,,,,0,30.0,0,0
75,15,28,9,24,Y6100504,,,,0,30.0,0,0
75,15,28,9,25,Y6100505,,,,0,30.0,0,0
75,15,28,9,26,Y6100506,,,,0,30.0,0,0
75,15,28,9,27,Y6100507,,,,0,30.0,0,0
75,15,28,9,28,Y6100508,,,,0,30.0,0,0
75,15,28,9,29,Y6100509,,,,0,30.0,0,0
75,15,28,9,30,Y6100510,,,,0,30.0,0,0
75,15,28,10,10,Y6100511,,,,0,30.0,0,0
75,15,28,10,11,Y6100512,,,,0,30.0,0,0
75,15,28,10,12,Y6100513,,,,0,30.0,0,0
75,15,28,10,13,Y6100514,,,,0,30.0,0,0
75,15,28,10,14,Y6100515,,,,0,30.0,0,0
75,15,28,10,15,Y6100516,,,,0,30.0,0,0
75,15,28,10,16,Y6100517,,,,0,30.0,0,0
75,15,28,10,17,Y6100518,,,,0,30.0,0,0
75,15,28,10,18,Y6100519,,,,0,30.0,0,0
75,15,28,10,19,Y6100520,,,,0,30.0,0,0
75,15,28,10,20,Y6100521,,,,0,30.0,0,0
75,15,28,10,21,Y6100522,,,,0,30.0,0,0
75,15,28,10,22,Y6100523,,,,0,30.0,0,0
75,15,28,10,23,Y6100524,,,,0,30.0,0,0
75,15,28,10,24,Y6100525,,,,0,30.0,0,0
75,15,28,10,25,Y6100526,,,,0,30.0,0,0
75,15,28,10,26,Y6100527,,,,0,30.0,0,0
75,15,28,10,27,Y6100528,,,,0,30.0,0,0
75,15,28,10,28,Y6100529,,,,0,30.0,0,0
75,15,28,10,29,Y6100530,,,,0,30.0,0,0
75,15,28,10,30,Y6100531,,,,0,30.0,0,0
75,15,28,11,10,Y6100532,,,,0,30.0,0,0
75,15,28,11,11,Y6100533,,,,0,30.0,0,0
75,15,28,11,12,Y6100534,,,,0,30.0,0,0
75,15,28,11,13,Y6100535,,,,0,30.0,0,0
75,15,28,11,14,Y6100536,,,,0,30.0,0,0
75,15,28,11,15,Y6100537,,,,0,30.0,0,0
75,15,28,11,16,Y6100538,,,,0,30.0,0,0
75,15,28,11,17,Y6100539,,,,0,30.0,0,0
75,15,28,11,18,Y6100540,,,,0,30.0,0,0
75,15,28,11,19,Y6100541,,,,0,30.0,0,0
75,15,28,11,20,Y6100542,,,,0,30.0,0,0
75,15,28,11,21,Y6100543,,,,0,30.0,0,0
75,15,28,11,22,Y6100544,,,,0,30.0,0,0
75,15,28,11,23,Y6100545,,,,0,30.0,0,0
75,15,28,11,24,Y6100546,,,,0,30.0,0,0
75,15,28,11,25,Y6100547,,,,0,30.0,0,0
75,15,28,11,26,Y6100548,,,,0,30.0,0,0
75,15,28,11,27,Y6100549,,,,0,30.0,0,0
75,15,28,11,28,Y6100550,,,,0,30.0,0,0
75,15,28,11,29,Y6100551,,,,0,30.0,0,0
75,15,28,11,30,Y6100552,,,,0,30.0,0,0
75,15,28,12,10,Y6100553,,,,0,30.0,0,0
75,15,28,12,11,Y6100554,,,,0,30.0,0,0
75,15,28,12,12,Y6100555,,,,0,30.0,0,0
75,15,28,12,13,Y6100556,,,,0,30.0,0,0
75,15,28,12,14,Y6100557,,,,0,30.0,0,0
75,15,28,12,15,Y6100558,,,,0,30.0,0,0
75,15,28,12,16,Y6100559,,,,0,30.0,0,0
75,15,28,12,17,Y6100560,,,,0,30.0,0,0
75,15,28,12,18,Y6100561,,,,0,30.0,0,0
75,15,28,12,19,Y6100562,,,,0,30.0,0,0
75,15,28,12,20,Y6100563,,,,0,30.0,0,0
75,15,28,12,21,Y6100564,,,,0,30.0,0,0
75,15,28,12,22,Y6100565,,,,0,30.0,0,0
75,15,28,12,23,Y6100566,,,,0,30.0,0,0
75,15,28,12,24,Y6100567,,,,0,30.0,0,0
75,15,28,12,25,Y6100568,,,,0,30.0,0,0
75,15,28,12,26,Y6100569,,,,0,30.0,0,0
75,15,28,12,27,Y6100570,,,,0,30.0,0,0
75,15,28,12,28,Y6100571,,,,0,30.0,0,0
75,15,28,12,29,Y6100572,,,,0,30.0,0,0
75,15,28,12,30,Y6100573,,,,0,30.0,0,0
75,15,29,1,10,Y6100574,,,,0,30.0,0,0
75,15,29,1,11,Y6100575,,,,0,30.0,0,0
75,15,29,1,12,Y6100576,,,,0,30.0,0,0
75,15,29,1,13,Y6100577,,,,0,30.0,0,0
75,15,29,1,14,Y6100578,,,,0,30.0,0,0
75,15,29,1,15,Y6100579,,,,0,30.0,0,0
75,15,29,1,16,Y6100580,,,,0,30.0,0,0
75,15,29,1,17,Y6100581,,,,0,30.0,0,0
75,15,29,1,18,Y6100582,,,,0,30.0,0,0
75,15,29,1,19,Y6100583,,,,0,30.0,0,0
75,15,29,1,20,Y6100584,,,,0,30.0,0,0
75,15,29,1,21,Y6100585,,,,0,30.0,0,0
75,15,29,1,22,Y6100586,,,,0,30.0,0,0
75,15,29,1,23,Y6100587,,,,0,30.0,0,0
75,15,29,1,24,Y6100588,,,,0,30.0,0,0
75,15,29,1,25,Y6100589,,,,0,30.0,0,0
75,15,29,1,26,Y6100590,,,,0,30.0,0,0
75,15,29,1,27,Y6100591,,,,0,30.0,0,0
75,15,29,1,28,Y6100592,,,,0,30.0,0,0
75,15,29,1,29,Y6100593,,,,0,30.0,0,0
75,15,29,1,30,Y6100594,,,,0,30.0,0,0
75,15,29,2,10,Y6100595,,,,0,30.0,0,0
75,15,29,2,11,Y6100596,,,,0,30.0,0,0
75,15,29,2,12,Y6100597,,,,0,30.0,0,0
75,15,29,2,13,Y6100598,,,,0,30.0,0,0
75,15,29,2,14,Y6100599,,,,0,30.0,0,0
75,15,29,2,15,Y6100600,,,,0,30.0,0,0
75,15,29,2,16,Y6100601,,,,0,30.0,0,0
75,15,29,2,17,Y6100602,,,,0,30.0,0,0
75,15,29,2,18,Y6100603,,,,0,30.0,0,0
75,15,29,2,19,Y6100604,,,,0,30.0,0,0
75,15,29,2,20,Y6100605,,,,0,30.0,0,0
75,15,29,2,21,Y6100606,,,,0,30.0,0,0
75,15,29,2,22,Y6100607,,,,0,30.0,0,0
75,15,29,2,23,Y6100608,,,,0,30.0,0,0
75,15,29,2,24,Y6100609,,,,0,30.0,0,0
75,15,29,2,25,Y6100610,,,,0,30.0,0,0
75,15,29,2,26,Y6100611,,,,0,30.0,0,0
75,15,29,2,27,Y6100612,,,,0,30.0,0,0
75,15,29,2,28,Y6100613,,,,0,30.0,0,0
75,15,29,2,29,Y6100614,,,,0,30.0,0,0
75,15,29,2,30,Y6100615,,,,0,30.0,0,0
75,15,29,3,10,Y6100616,,,,0,30.0,0,0
75,15,29,3,11,Y6100617,,,,0,30.0,0,0
75,15,29,3,12,Y6100618,,,,0,30.0,0,0
75,15,29,3,13,Y6100619,,,,0,30.0,0,0
75,15,29,3,14,Y6100620,,,,0,30.0,0,0
75,15,29,3,15,Y6100621,,,,0,30.0,0,0
75,15,29,3,16,Y6100622,,,,0,30.0,0,0
75,15,29,3,17,Y6100623,,,,0,30.0,0,0
75,15,29,3,18,Y6100624,,,,0,30.0,0,0
75,15,29,3,19,Y6100625,,,,0,30.0,0,0
75,15,29,3,20,Y6100626,,,,0,30.0,0,0
75,15,29,3,21,Y6100627,,,,0,30.0,0,0
75,15,29,3,22,Y6100628,,,,0,30.0,0,0
75,15,29,3,23,Y6100629,,,,0,30.0,0,0
75,15,29,3,24,Y6100630,,,,0,30.0,0,0
75,15,29,3,25,Y6100631,,,,0,30.0,0,0
75,15,29,3,26,Y6100632,,,,0,30.0,0,0
75,15,29,3,27,Y6100633,,,,0,30.0,0,0
75,15,29,3,28,Y6100634,,,,0,30.0,0,0
75,15,29,3,29,Y6100635,,,,0,30.0,0,0
75,15,29,3,30,Y6100636,,,,0,30.0,0,0
75,15,29,4,10,Y6100637,,,,0,30.0,0,0
75,15,29,4,11,Y6100638,,,,0,30.0,0,0
75,15,29,4,12,Y6100639,,,,0,30.0,0,0
75,15,29,4,13,Y6100640,,,,0,30.0,0,0
75,15,29,4,14,Y6100641,,,,0,30.0,0,0
75,15,29,4,15,Y6100642,,,,0,30.0,0,0
75,15,29,4,16,Y6100643,,,,0,30.0,0,0
75,15,29,4,17,Y6100644,,,,0,30.0,0,0
75,15,29,4,18,Y6100645,,,,0,30.0,0,0
75,15,29,4,19,Y6100646,,,,0,30.0,0,0
75,15,29,4,20,Y6100647,,,,0,30.0,0,0
75,15,29,4,21,Y6100648,,,,0,30.0,0,0
75,15,29,4,22,Y6100649,,,,0,30.0,0,0
75,15,29,4,23,Y6100650,,,,0,30.0,0,0
75,15,29,4,24,Y6100651,,,,0,30.0,0,0
75,15,29,4,25,Y6100652,,,,0,30.0,0,0
75,15,29,4,26,Y6100653,,,,0,30.0,0,0
75,15,29,4,27,Y6100654,,,,0,30.0,0,0
75,15,29,4,28,Y6100655,,,,0,30.0,0,0
75,15,29,4,29,Y6100656,,,,0,30.0,0,0
75,15,29,4,30,Y6100657,,,,0,30.0,0,0
75,15,29,5,10,Y6100658,,,,0,30.0,0,0
75,15,29,5,11,Y6100659,,,,0,30.0,0,0
75,15,29,5,12,Y6100660,,,,0,30.0,0,0
75,15,29,5,13,Y6100661,,,,0,30.0,0,0
75,15,29,5,14,Y6100662,,,,0,30.0,0,0
75,15,29,5,15,Y6100663,,,,0,30.0,0,0
75,15,29,5,16,Y6100664,,,,0,30.0,0,0
75,15,29,5,17,Y6100665,,,,0,30.0,0,0
75,15,29,5,18,Y6100666,,,,0,30.0,0,0
75,15,29,5,19,Y6100667,,,,0,30.0,0,0
75,15,29,5,20,Y6100668,,,,0,30.0,0,0
75,15,29,5,21,Y6100669,,,,0,30.0,0,0
75,15,29,5,22,Y6100670,,,,0,30.0,0,0
75,15,29,5,23,Y6100671,,,,0,30.0,0,0
75,15,29,5,24,Y6100672,,,,0,30.0,0,0
75,15,29,5,25,Y6100673,,,,0,30.0,0,0
75,15,29,5,26,Y6100674,,,,0,30.0,0,0
75,15,29,5,27,Y6100675,,,,0,30.0,0,0
75,15,29,5,28,Y6100676,,,,0,30.0,0,0
75,15,29,5,29,Y6100677,,,,0,30.0,0,0
75,15,29,5,30,Y6100678,,,,0,30.0,0,0
75,15,29,6,10,Y6100679,,,,0,30.0,0,0
75,15,29,6,11,Y6100680,,,,0,30.0,0,0
75,15,29,6,12,Y6100681,,,,0,30.0,0,0
75,15,29,6,13,Y6100682,,,,0,30.0,0,0
75,15,29,6,14,Y6100683,,,,0,30.0,0,0
75,15,29,6,15,Y6100684,,,,0,30.0,0,0
75,15,29,6,16,Y6100685,,,,0,30.0,0,0
75,15,29,6,17,Y6100686,,,,0,30.0,0,0
75,15,29,6,18,Y6100687,,,,0,30.0,0,0
75,15,29,6,19,Y6100688,,,,0,30.0,0,0
75,15,29,6,20,Y6100689,,,,0,30.0,0,0
75,15,29,6,21,Y6100690,,,,0,30.0,0,0
75,15,29,6,22,Y6100691,,,,0,30.0,0,0
75,15,29,6,23,Y6100692,,,,0,30.0,0,0
75,15,29,6,24,Y6100693,,,,0,30.0,0,0
75,15,29,6,25,Y6100694,,,,0,30.0,0,0
75,15,29,6,26,Y6100695,,,,0,30.0,0,0
75,15,29,6,27,Y6100696,,,,0,30.0,0,0
75,15,29,6,28,Y6100697,,,,0,30.0,0,0
75,15,29,6,29,Y6100698,,,,0,30.0,0,0
75,15,29,6,30,Y6100699,,,,0,30.0,0,0
75,15,29,7,10,Y6100700,,,,0,30.0,0,0
75,15,29,7,11,Y6100701,,,,0,30.0,0,0
75,15,29,7,12,Y6100702,,,,0,30.0,0,0
75,15,29,7,13,Y6100703,,,,0,30.0,0,0
75,15,29,7,14,Y6100704,,,,0,30.0,0,0
75,15,29,7,15,Y6100705,,,,0,30.0,0,0
75,15,29,7,16,Y6100706,,,,0,30.0,0,0
75,15,29,7,17,Y6100707,,,,0,30.0,0,0
75,15,29,7,18,Y6100708,,,,0,30.0,0,0
75,15,29,7,19,Y6100709,,,,0,30.0,0,0
75,15,29,7,20,Y6100710,,,,0,30.0,0,0
75,15,29,7,21,Y6100711,,,,0,30.0,0,0
75,15,29,7,22,Y6100712,,,,0,30.0,0,0
75,15,29,7,23,Y6100713,,,,0,30.0,0,0
75,15,29,7,24,Y6100714,,,,0,30.0,0,0
75,15,29,7,25,Y6100715,,,,0,30.0,0,0
75,15,29,7,26,Y6100716,,,,0,30.0,0,0
75,15,29,7,27,Y6100717,,,,0,30.0,0,0
75,15,29,7,28,Y6100718,,,,0,30.0,0,0
75,15,29,7,29,Y6100719,,,,0,30.0,0,0
75,15,29,7,30,Y6100720,,,,0,30.0,0,0
75,15,29,8,10,Y6100721,,,,0,30.0,0,0
75,15,29,8,11,Y6100722,,,,0,30.0,0,0
75,15,29,8,12,Y6100723,,,,0,30.0,0,0
75,15,29,8,13,Y6100724,,,,0,30.0,0,0
75,15,29,8,14,Y6100725,,,,0,30.0,0,0
75,15,29,8,15,Y6100726,,,,0,30.0,0,0
75,15,29,8,16,Y6100727,,,,0,30.0,0,0
75,15,29,8,17,Y6100728,,,,0,30.0,0,0
75,15,29,8,18,Y6100729,,,,0,30.0,0,0
75,15,29,8,19,Y6100730,,,,0,30.0,0,0
75,15,29,8,20,Y6100731,,,,0,30.0,0,0
75,15,29,8,21,Y6100732,,,,0,30.0,0,0
75,15,29,8,22,Y6100733,,,,0,30.0,0,0
75,15,29,8,23,Y6100734,,,,0,30.0,0,0
75,15,29,8,24,Y6100735,,,,0,30.0,0,0
75,15,29,8,25,Y6100736,,,,0,30.0,0,0
75,15,29,8,26,Y6100737,,,,0,30.0,0,0
75,15,29,8,27,Y6100738,,,,0,30.0,0,0
75,15,29,8,28,Y6100739,,,,0,30.0,0,0
75,15,29,8,29,Y6100740,,,,0,30.0,0,0
75,15,29,8,30,Y6100741,,,,0,30.0,0,0
75,15,29,9,10,Y6100742,,,,0,30.0,0,0
75,15,29,9,11,Y6100743,,,,0,30.0,0,0
75,15,29,9,12,Y6100744,,,,0,30.0,0,0
75,15,29,9,13,Y6100745,,,,0,30.0,0,0
75,15,29,9,14,Y6100746,,,,0,30.0,0,0
75,15,29,9,15,Y6100747,,,,0,30.0,0,0
75,15,29,9,16,Y6100748,,,,0,30.0,0,0
75,15,29,9,17,Y6100749,,,,0,30.0,0,0
75,15,29,9,18,Y6100750,,,,0,30.0,0,0
75,15,29,9,19,Y6100751,,,,0,30.0,0,0
75,15,29,9,20,Y6100752,,,,0,30.0,0,0
75,15,29,9,21,Y6100753,,,,0,30.0,0,0
75,15,29,9,22,Y6100754,,,,0,30.0,0,0
75,15,29,9,23,Y6100755,,,,0,30.0,0,0
75,15,29,9,24,Y6100756,,,,0,30.0,0,0
75,15,29,9,25,Y6100757,,,,0,30.0,0,0
75,15,29,9,26,Y6100758,,,,0,30.0,0,0
75,15,29,9,27,Y6100759,,,,0,30.0,0,0
75,15,29,9,28,Y6100760,,,,0,30.0,0,0
75,15,29,9,29,Y6100761,,,,0,30.0,0,0
75,15,29,9,30,Y6100762,,,,0,30.0,0,0
75,15,29,10,10,Y6100763,,,,0,30.0,0,0
75,15,29,10,11,Y6100764,,,,0,30.0,0,0
75,15,29,10,12,Y6100765,,,,0,30.0,0,0
75,15,29,10,13,Y6100766,,,,0,30.0,0,0
75,15,29,10,14,Y6100767,,,,0,30.0,0,0
75,15,29,10,15,Y6100768,,,,0,30.0,0,0
75,15,29,10,16,Y6100769,,,,0,30.0,0,0
75,15,29,10,17,Y6100770,,,,0,30.0,0,0
75,15,29,10,18,Y6100771,,,,0,30.0,0,0
75,15,29,10,19,Y6100772,,,,0,30.0,0,0
75,15,29,10,20,Y6100773,,,,0,30.0,0,0
75,15,29,10,21,Y6100774,,,,0,30.0,0,0
75,15,29,10,22,Y6100775,,,,0,30.0,0,0
75,15,29,10,23,Y6100776,,,,0,30.0,0,0
75,15,29,10,24,Y6100777,,,,0,30.0,0,0
75,15,29,10,25,Y6100778,,,,0,30.0,0,0
75,15,29,10,26,Y6100779,,,,0,30.0,0,0
75,15,29,10,27,Y6100780,,,,0,30.0,0,0
75,15,29,10,28,Y6100781,,,,0,30.0,0,0
75,15,29,10,29,Y6100782,,,,0,30.0,0,0
75,15,29,10,30,Y6100783,,,,0,30.0,0,0
75,15,29,11,10,Y6100784,,,,0,30.0,0,0
75,15,29,11,11,Y6100785,,,,0,30.0,0,0
75,15,29,11,12,Y6100786,,,,0,30.0,0,0
75,15,29,11,13,Y6100787,,,,0,30.0,0,0
75,15,29,11,14,Y6100788,,,,0,30.0,0,0
75,15,29,11,15,Y6100789,,,,0,30.0,0,0
75,15,29,11,16,Y6100790,,,,0,30.0,0,0
75,15,29,11,17,Y6100791,,,,0,30.0,0,0
75,15,29,11,18,Y6100792,,,,0,30.0,0,0
75,15,29,11,19,Y6100793,,,,0,30.0,0,0
75,15,29,11,20,Y6100794,,,,0,30.0,0,0
75,15,29,11,21,Y6100795,,,,0,30.0,0,0
75,15,29,11,22,Y6100796,,,,0,30.0,0,0
75,15,29,11,23,Y6100797,,,,0,30.0,0,0
75,15,29,11,24,Y6100798,,,,0,30.0,0,0
75,15,29,11,25,Y6100799,,,,0,30.0,0,0
75,15,29,11,26,Y6100800,,,,0,30.0,0,0
75,15,29,11,27,Y6100801,,,,0,30.0,0,0
75,15,29,11,28,Y6100802,,,,0,30.0,0,0
75,15,29,11,29,Y6100803,,,,0,30.0,0,0
75,15,29,11,30,Y6100804,,,,0,30.0,0,0
75,15,29,12,10,Y6100805,,,,0,30.0,0,0
75,15,29,12,11,Y6100806,,,,0,30.0,0,0
75,15,29,12,12,Y6100807,,,,0,30.0,0,0
75,15,29,12,13,Y6100808,,,,0,30.0,0,0
75,15,29,12,14,Y6100809,,,,0,30.0,0,0
75,15,29,12,15,Y6100810,,,,0,30.0,0,0
75,15,29,12,16,Y6100811,,,,0,30.0,0,0
75,15,29,12,17,Y6100812,,,,0,30.0,0,0
75,15,29,12,18,Y6100813,,,,0,30.0,0,0
75,15,29,12,19,Y6100814,,,,0,30.0,0,0
75,15,29,12,20,Y6100815,,,,0,30.0,0,0
75,15,29,12,21,Y6100816,,,,0,30.0,0,0
75,15,29,12,22,Y6100817,,,,0,30.0,0,0
75,15,29,12,23,Y6100818,,,,0,30.0,0,0
75,15,29,12,24,Y6100819,,,,0,30.0,0,0
75,15,29,12,25,Y6100820,,,,0,30.0,0,0
75,15,29,12,26,Y6100821,,,,0,30.0,0,0
75,15,29,12,27,Y6100822,,,,0,30.0,0,0
75,15,29,12,28,Y6100823,,,,0,30.0,0,0
75,15,29,12,29,Y6100824,,,,0,30.0,0,0
75,15,29,12,30,Y6100825,,,,0,30.0,0,0
75,15,30,1,10,Y6100826,,,,0,30.0,0,0
75,15,30,1,11,Y6100827,,,,0,30.0,0,0
75,15,30,1,12,Y6100828,,,,0,30.0,0,0
75,15,30,1,13,Y6100829,,,,0,30.0,0,0
75,15,30,1,14,Y6100830,,,,0,30.0,0,0
75,15,30,1,15,Y6100831,,,,0,30.0,0,0
75,15,30,1,16,Y6100832,,,,0,30.0,0,0
75,15,30,1,17,Y6100833,,,,0,30.0,0,0
75,15,30,1,18,Y6100834,,,,0,30.0,0,0
75,15,30,1,19,Y6100835,,,,0,30.0,0,0
75,15,30,1,20,Y6100836,,,,0,30.0,0,0
75,15,30,1,21,Y6100837,,,,0,30.0,0,0
75,15,30,1,22,Y6100838,,,,0,30.0,0,0
75,15,30,1,23,Y6100839,,,,0,30.0,0,0
75,15,30,1,24,Y6100840,,,,0,30.0,0,0
75,15,30,1,25,Y6100841,,,,0,30.0,0,0
75,15,30,1,26,Y6100842,,,,0,30.0,0,0
75,15,30,1,27,Y6100843,,,,0,30.0,0,0
75,15,30,1,28,Y6100844,,,,0,30.0,0,0
75,15,30,1,29,Y6100845,,,,0,30.0,0,0
75,15,30,1,30,Y6100846,,,,0,30.0,0,0
75,15,30,2,10,Y6100847,,,,0,30.0,0,0
75,15,30,2,11,Y6100848,,,,0,30.0,0,0
75,15,30,2,12,Y6100849,,,,0,30.0,0,0
75,15,30,2,13,Y6100850,,,,0,30.0,0,0
75,15,30,2,14,Y6100851,,,,0,30.0,0,0
75,15,30,2,15,Y6100852,,,,0,30.0,0,0
75,15,30,2,16,Y6100853,,,,0,30.0,0,0
75,15,30,2,17,Y6100854,,,,0,30.0,0,0
75,15,30,2,18,Y6100855,,,,0,30.0,0,0
75,15,30,2,19,Y6100856,,,,0,30.0,0,0
75,15,30,2,20,Y6100857,,,,0,30.0,0,0
75,15,30,2,21,Y6100858,,,,0,30.0,0,0
75,15,30,2,22,Y6100859,,,,0,30.0,0,0
75,15,30,2,23,Y6100860,,,,0,30.0,0,0
75,15,30,2,24,Y6100861,,,,0,30.0,0,0
75,15,30,2,25,Y6100862,,,,0,30.0,0,0
75,15,30,2,26,Y6100863,,,,0,30.0,0,0
75,15,30,2,27,Y6100864,,,,0,30.0,0,0
75,15,30,2,28,Y6100865,,,,0,30.0,0,0
75,15,30,2,29,Y6100866,,,,0,30.0,0,0
75,15,30,2,30,Y6100867,,,,0,30.0,0,0
75,15,30,3,10,Y6100868,,,,0,30.0,0,0
75,15,30,3,11,Y6100869,,,,0,30.0,0,0
75,15,30,3,12,Y6100870,,,,0,30.0,0,0
75,15,30,3,13,Y6100871,,,,0,30.0,0,0
75,15,30,3,14,Y6100872,,,,0,30.0,0,0
75,15,30,3,15,Y6100873,,,,0,30.0,0,0
75,15,30,3,16,Y6100874,,,,0,30.0,0,0
75,15,30,3,17,Y6100875,,,,0,30.0,0,0
75,15,30,3,18,Y6100876,,,,0,30.0,0,0
75,15,30,3,19,Y6100877,,,,0,30.0,0,0
75,15,30,3,20,Y6100878,,,,0,30.0,0,0
75,15,30,3,21,Y6100879,,,,0,30.0,0,0
75,15,30,3,22,Y6100880,,,,0,30.0,0,0
75,15,30,3,23,Y6100881,,,,0,30.0,0,0
75,15,30,3,24,Y6100882,,,,0,30.0,0,0
75,15,30,3,25,Y6100883,,,,0,30.0,0,0
75,15,30,3,26,Y6100884,,,,0,30.0,0,0
75,15,30,3,27,Y6100885,,,,0,30.0,0,0
75,15,30,3,28,Y6100886,,,,0,30.0,0,0
75,15,30,3,29,Y6100887,,,,0,30.0,0,0
75,15,30,3,30,Y6100888,,,,0,30.0,0,0
75,15,30,4,10,Y6100889,,,,0,30.0,0,0
75,15,30,4,11,Y6100890,,,,0,30.0,0,0
75,15,30,4,12,Y6100891,,,,0,30.0,0,0
75,15,30,4,13,Y6100892,,,,0,30.0,0,0
75,15,30,4,14,Y6100893,,,,0,30.0,0,0
75,15,30,4,15,Y6100894,,,,0,30.0,0,0
75,15,30,4,16,Y6100895,,,,0,30.0,0,0
75,15,30,4,17,Y6100896,,,,0,30.0,0,0
75,15,30,4,18,Y6100897,,,,0,30.0,0,0
75,15,30,4,19,Y6100898,,,,0,30.0,0,0
75,15,30,4,20,Y6100899,,,,0,30.0,0,0
75,15,30,4,21,Y6100900,,,,0,30.0,0,0
75,15,30,4,22,Y6100901,,,,0,30.0,0,0
75,15,30,4,23,Y6100902,,,,0,30.0,0,0
75,15,30,4,24,Y6100903,,,,0,30.0,0,0
75,15,30,4,25,Y6100904,,,,0,30.0,0,0
75,15,30,4,26,Y6100905,,,,0,30.0,0,0
75,15,30,4,27,Y6100906,,,,0,30.0,0,0
75,15,30,4,28,Y6100907,,,,0,30.0,0,0
75,15,30,4,29,Y6100908,,,,0,30.0,0,0
75,15,30,4,30,Y6100909,,,,0,30.0,0,0
75,15,30,5,10,Y6100910,,,,0,30.0,0,0
75,15,30,5,11,Y6100911,,,,0,30.0,0,0
75,15,30,5,12,Y6100912,,,,0,30.0,0,0
75,15,30,5,13,Y6100913,,,,0,30.0,0,0
75,15,30,5,14,Y6100914,,,,0,30.0,0,0
75,15,30,5,15,Y6100915,,,,0,30.0,0,0
75,15,30,5,16,Y6100916,,,,0,30.0,0,0
75,15,30,5,17,Y6100917,,,,0,30.0,0,0
75,15,30,5,18,Y6100918,,,,0,30.0,0,0
75,15,30,5,19,Y6100919,,,,0,30.0,0,0
75,15,30,5,20,Y6100920,,,,0,30.0,0,0
75,15,30,5,21,Y6100921,,,,0,30.0,0,0
75,15,30,5,22,Y6100922,,,,0,30.0,0,0
75,15,30,5,23,Y6100923,,,,0,30.0,0,0
75,15,30,5,24,Y6100924,,,,0,30.0,0,0
75,15,30,5,25,Y6100925,,,,0,30.0,0,0
75,15,30,5,26,Y6100926,,,,0,30.0,0,0
75,15,30,5,27,Y6100927,,,,0,30.0,0,0
75,15,30,5,28,Y6100928,,,,0,30.0,0,0
75,15,30,5,29,Y6100929,,,,0,30.0,0,0
75,15,30,5,30,Y6100930,,,,0,30.0,0,0
75,15,30,6,10,Y6100931,,,,0,30.0,0,0
75,15,30,6,11,Y6100932,,,,0,30.0,0,0
75,15,30,6,12,Y6100933,,,,0,30.0,0,0
75,15,30,6,13,Y6100934,,,,0,30.0,0,0
75,15,30,6,14,Y6100935,,,,0,30.0,0,0
75,15,30,6,15,Y6100936,,,,0,30.0,0,0
75,15,30,6,16,Y6100937,,,,0,30.0,0,0
75,15,30,6,17,Y6100938,,,,0,30.0,0,0
75,15,30,6,18,Y6100939,,,,0,30.0,0,0
75,15,30,6,19,Y6100940,,,,0,30.0,0,0
75,15,30,6,20,Y6100941,,,,0,30.0,0,0
75,15,30,6,21,Y6100942,,,,0,30.0,0,0
75,15,30,6,22,Y6100943,,,,0,30.0,0,0
75,15,30,6,23,Y6100944,,,,0,30.0,0,0
75,15,30,6,24,Y6100945,,,,0,30.0,0,0
75,15,30,6,25,Y6100946,,,,0,30.0,0,0
75,15,30,6,26,Y6100947,,,,0,30.0,0,0
75,15,30,6,27,Y6100948,,,,0,30.0,0,0
75,15,30,6,28,Y6100949,,,,0,30.0,0,0
75,15,30,6,29,Y6100950,,,,0,30.0,0,0
75,15,30,6,30,Y6100951,,,,0,30.0,0,0
75,15,30,7,10,Y6100952,,,,0,30.0,0,0
75,15,30,7,11,Y6100953,,,,0,30.0,0,0
75,15,30,7,12,Y6100954,,,,0,30.0,0,0
75,15,30,7,13,Y6100955,,,,0,30.0,0,0
75,15,30,7,14,Y6100956,,,,0,30.0,0,0
75,15,30,7,15,Y6100957,,,,0,30.0,0,0
75,15,30,7,16,Y6100958,,,,0,30.0,0,0
75,15,30,7,17,Y6100959,,,,0,30.0,0,0
75,15,30,7,18,Y6100960,,,,0,30.0,0,0
75,15,30,7,19,Y6100961,,,,0,30.0,0,0
75,15,30,7,20,Y6100962,,,,0,30.0,0,0
75,15,30,7,21,Y6100963,,,,0,30.0,0,0
75,15,30,7,22,Y6100964,,,,0,30.0,0,0
75,15,30,7,23,Y6100965,,,,0,30.0,0,0
75,15,30,7,24,Y6100966,,,,0,30.0,0,0
75,15,30,7,25,Y6100967,,,,0,30.0,0,0
75,15,30,7,26,Y6100968,,,,0,30.0,0,0
75,15,30,7,27,Y6100969,,,,0,30.0,0,0
75,15,30,7,28,Y6100970,,,,0,30.0,0,0
75,15,30,7,29,Y6100971,,,,0,30.0,0,0
75,15,30,7,30,Y6100972,,,,0,30.0,0,0
75,15,30,8,10,Y6100973,,,,0,30.0,0,0
75,15,30,8,11,Y6100974,,,,0,30.0,0,0
75,15,30,8,12,Y6100975,,,,0,30.0,0,0
75,15,30,8,13,Y6100976,,,,0,30.0,0,0
75,15,30,8,14,Y6100977,,,,0,30.0,0,0
75,15,30,8,15,Y6100978,,,,0,30.0,0,0
75,15,30,8,16,Y6100979,,,,0,30.0,0,0
75,15,30,8,17,Y6100980,,,,0,30.0,0,0
75,15,30,8,18,Y6100981,,,,0,30.0,0,0
75,15,30,8,19,Y6100982,,,,0,30.0,0,0
75,15,30,8,20,Y6100983,,,,0,30.0,0,0
75,15,30,8,21,Y6100984,,,,0,30.0,0,0
75,15,30,8,22,Y6100985,,,,0,30.0,0,0
75,15,30,8,23,Y6100986,,,,0,30.0,0,0
75,15,30,8,24,Y6100987,,,,0,30.0,0,0
75,15,30,8,25,Y6100988,,,,0,30.0,0,0
75,15,30,8,26,Y6100989,,,,0,30.0,0,0
75,15,30,8,27,Y6100990,,,,0,30.0,0,0
75,15,30,8,28,Y6100991,,,,0,30.0,0,0
75,15,30,8,29,Y6100992,,,,0,30.0,0,0
75,15,30,8,30,Y6100993,,,,0,30.0,0,0
75,15,30,9,10,Y6100994,,,,0,30.0,0,0
75,15,30,9,11,Y6100995,,,,0,30.0,0,0
75,15,30,9,12,Y6100996,,,,0,30.0,0,0
75,15,30,9,13,Y6100997,,,,0,30.0,0,0
75,15,30,9,14,Y6100998,,,,0,30.0,0,0
75,15,30,9,15,Y6100999,,,,0,30.0,0,0
75,15,30,9,16,Y6101000,,,,0,30.0,0,0
75,15,30,9,17,Y6101001,,,,0,30.0,0,0
75,15,30,9,18,Y6101002,,,,0,30.0,0,0
75,15,30,9,19,Y6101003,,,,0,30.0,0,0
75,15,30,9,20,Y6101004,,,,0,30.0,0,0
75,15,30,9,21,Y6101005,,,,0,30.0,0,0
75,15,30,9,22,Y6101006,,,,0,30.0,0,0
75,15,30,9,23,Y6101007,,,,0,30.0,0,0
75,15,30,9,24,Y6101008,,,,0,30.0,0,0
75,15,30,9,25,Y6101009,,,,0,30.0,0,0
75,15,30,9,26,Y6101010,,,,0,30.0,0,0
75,15,30,9,27,Y6101011,,,,0,30.0,0,0
75,15,30,9,28,Y6101012,,,,0,30.0,0,0
75,15,30,9,29,Y6101013,,,,0,30.0,0,0
75,15,30,9,30,Y6101014,,,,0,30.0,0,0
75,15,30,10,10,Y6101015,,,,0,30.0,0,0
75,15,30,10,11,Y6101016,,,,0,30.0,0,0
75,15,30,10,12,Y6101017,,,,0,30.0,0,0
75,15,30,10,13,Y6101018,,,,0,30.0,0,0
75,15,30,10,14,Y6101019,,,,0,30.0,0,0
75,15,30,10,15,Y6101020,,,,0,30.0,0,0
75,15,30,10,16,Y6101021,,,,0,30.0,0,0
75,15,30,10,17,Y6101022,,,,0,30.0,0,0
75,15,30,10,18,Y6101023,,,,0,30.0,0,0
75,15,30,10,19,Y6101024,,,,0,30.0,0,0
75,15,30,10,20,Y6101025,,,,0,30.0,0,0
75,15,30,10,21,Y6101026,,,,0,30.0,0,0
75,15,30,10,22,Y6101027,,,,0,30.0,0,0
75,15,30,10,23,Y6101028,,,,0,30.0,0,0
75,15,30,10,24,Y6101029,,,,0,30.0,0,0
75,15,30,10,25,Y6101030,,,,0,30.0,0,0
75,15,30,10,26,Y6101031,,,,0,30.0,0,0
75,15,30,10,27,Y6101032,,,,0,30.0,0,0
75,15,30,10,28,Y6101033,,,,0,30.0,0,0
75,15,30,10,29,Y6101034,,,,0,30.0,0,0
75,15,30,10,30,Y6101035,,,,0,30.0,0,0
75,15,30,11,10,Y6101036,,,,0,30.0,0,0
75,15,30,11,11,Y6101037,,,,0,30.0,0,0
75,15,30,11,12,Y6101038,,,,0,30.0,0,0
75,15,30,11,13,Y6101039,,,,0,30.0,0,0
75,15,30,11,14,Y6101040,,,,0,30.0,0,0
75,15,30,11,15,Y6101041,,,,0,30.0,0,0
75,15,30,11,16,Y6101042,,,,0,30.0,0,0
75,15,30,11,17,Y6101043,,,,0,30.0,0,0
75,15,30,11,18,Y6101044,,,,0,30.0,0,0
75,15,30,11,19,Y6101045,,,,0,30.0,0,0
75,15,30,11,20,Y6101046,,,,0,30.0,0,0
75,15,30,11,21,Y6101047,,,,0,30.0,0,0
75,15,30,11,22,Y6101048,,,,0,30.0,0,0
75,15,30,11,23,Y6101049,,,,0,30.0,0,0
75,15,30,11,24,Y6101050,,,,0,30.0,0,0
75,15,30,11,25,Y6101051,,,,0,30.0,0,0
75,15,30,11,26,Y6101052,,,,0,30.0,0,0
75,15,30,11,27,Y6101053,,,,0,30.0,0,0
75,15,30,11,28,Y6101054,,,,0,30.0,0,0
75,15,30,11,29,Y6101055,,,,0,30.0,0,0
75,15,30,11,30,Y6101056,,,,0,30.0,0,0
75,15,30,12,10,Y6101057,,,,0,30.0,0,0
75,15,30,12,11,Y6101058,,,,0,30.0,0,0
75,15,30,12,12,Y6101059,,,,0,30.0,0,0
75,15,30,12,13,Y6101060,,,,0,30.0,0,0
75,15,30,12,14,Y6101061,,,,0,30.0,0,0
75,15,30,12,15,Y6101062,,,,0,30.0,0,0
75,15,30,12,16,Y6101063,,,,0,30.0,0,0
75,15,30,12,17,Y6101064,,,,0,30.0,0,0
75,15,30,12,18,Y6101065,,,,0,30.0,0,0
75,15,30,12,19,Y6101066,,,,0,30.0,0,0
75,15,30,12,20,Y6101067,,,,0,30.0,0,0
75,15,30,12,21,Y6101068,,,,0,30.0,0,0
75,15,30,12,22,Y6101069,,,,0,30.0,0,0
75,15,30,12,23,Y6101070,,,,0,30.0,0,0
75,15,30,12,24,Y6101071,,,,0,30.0,0,0
75,15,30,12,25,Y6101072,,,,0,30.0,0,0
75,15,30,12,26,Y6101073,,,,0,30.0,0,0
75,15,30,12,27,Y6101074,,,,0,30.0,0,0
75,15,30,12,28,Y6101075,,,,0,30.0,0,0
75,15,30,12,29,Y6101076,,,,0,30.0,0,0
75,15,30,12,30,Y6101077,,,,0,30.0,0,0
